1125 14.717824617146108679 14.977075390850430381 15.033177056927090831
7.0868210711853114603 3.1303356851565338204 3.4727250065565433701 0.54182147114846357372 0.012336757801182440114 -0.84040305675873616664 -0.83793461075631703316 -0.070037228248685273746 -0.54125814059090182617 -0.065536871295546042515 0.9974680902495653978 -0.027610277698797005413
3.1853016629123587222 6.596285149103155554 -7.4730193277856953316 -0.99077851004335515395 -0.0056144195820290419829 0.13537511709693547668 -0.072801024059726757165 0.86471947500736867642 -0.4969509436944458125 -0.11427140907554414473 -0.50222376271511404155 -0.85715420854845625342
-0.0096701845551438979365 4.270694166700158334 -4.8651395537958341819 0.7858151540791128431 -0.0085787854090875644009 -0.61840193083499439552 0.50359752631824239444 0.58929955312832160708 0.63175594035112181412 0.35900428285159846631 -0.80786907424639109454 0.46740077425113846221
4.5869850650649190982 2.4230614918724322493 7.4699562427141978915 -0.89173398493184508062 -8.6902328458016023585e-05 0.45255993256757603982 0.4515797662281810787 0.065609064764978825002 0.88981524225758035218 -0.029769360942252923175 0.99784540038456526201 -0.058466589437256015482
-2.6537793668335156738 -1.1234754410079927922 -5.4246369683817929896 -0.76451938675360797681 -0.0026962205039299178 0.64459509591131880502 -0.63637282945782447374 -0.15610792580711640998 -0.75542037133512829339 0.10266318330242044099 -0.98773632407397748967 0.11763173423445651145
0.71038082892100162802 -3.9444066200664527067 -0.499431241190216757 -0.88280700903369824228 0.0026325916340077717276 -0.46972848994103627573 -0.3396786371471317012 -0.69428211167298725659 0.63450041203823381863 -0.3244537074327863424 0.71969814427448330907 0.61381134957006966424
-2.8710762425205111903 3.0855260411684892752 -3.3687316147820429713 0.99855320380865508767 0.0042769982441288201952 -0.05360229891927282414 -0.051200531345644451076 -0.22898697405960616313 -0.97208202910092034177 -0.016431821363758904175 0.97342009070965840323 -0.2284366919949540331
-6.4291111836042569294 -2.9907079736650494795 3.8654247845819282858 -0.88305448262937957793 0.0010631536905039841272 -0.46926927281951258397 -0.42115610640741968362 0.43927919025472633718 0.79351202073121551717 0.2069838514088453707 0.89834996672414213492 -0.38745970441134247597
-2.0799294362691038707 5.2362251247830418066 1.5389800370071169411 0.98990536079944568826 -0.0069294658639815999088 -0.14156044349832888618 0.12739441909883181259 -0.39422249059008768191 0.91014245582517883104 -0.062113111683941728269 -0.91898890657926213255 -0.38936018150438350682
-1.7918909732427379389 -6.966131109617031747 -3.2158908430322052929 -0.97613344254071510164 -0.013925635976110590369 0.21672466176293825324 0.10192451039820001057 -0.91058343730133284311 0.40056110381898590855 0.19176781933804332159 0.41309064426015440485 0.890270309002372362
2.3747641381689712503 6.9058463071070868011 6.1070879554985246784 -0.55442623782245492592 -0.012686737118178220696 0.8321361628455518078 0.12115771675997524803 -0.99046172398396803427 0.065623021816358595437 0.82336647641469351555 0.13720284262391843622 0.55067506343792471668
4.6041638996437335152 -0.75344825879877674879 2.5893997455640955785 0.996692570358891472 0.0010042590718018990295 -0.081258302068613397218 0.07697295385406716095 -0.33231407282694747085 0.9400226174810962787 -0.026059251070154124119 -0.94316825034811324624 -0.33129226819951429484
-3.7979883922507822192 7.011844999877304474 -0.90307246531599139061 -0.96040437294447644767 0.0037939161601465930772 0.27858400282372441925 0.2224774276255825356 -0.59146017910910164694 0.77503461259834816044 0.16771176054847947157 0.80632528344860032732 0.56719688173095728079
0.1559435512493777265 -6.1701821871684252585 6.2598738603876133979 0.95505744466204678389 -0.0031143958448430334764 -0.29640441618544643987 0.27313774020117886909 0.39771530493606804813 0.87590999029438909584 0.11515664233330979993 -0.91750358950705335204 0.38069162187834271194
0.73013466726304365739 -3.1451907483736509796 -5.3069486767139313343 0.9335977482451333076 0.0053469371553936488606 -0.35828292554167695538 -0.26484561768842579399 0.68378943917373780081 -0.67991823160265763004 0.24135460066642219767 0.72965979273733394539 0.63980039356009943408
6.2519435652853037055 5.674740581257399441 5.5021728284223936356 0.92145419109210835451 -0.002115383985526307891 -0.38848127222483075371 -0.38622356740018598531 0.10280053519254885031 -0.91665882745364724027 0.041875168100745686905 0.99469974118551951481 0.093908972850411484568
-5.0500695403475504008 -1.3390680721580514589 -7.2701041119460656503 -0.9615434240690162726 0.0088445474044544346998 0.27451050546533034558 0.26981696267140059531 0.21715156101270557953 0.93810660705730075648 -0.051313256419648040074 0.97609782989772442274 -0.21118706443494073
2.0203435369470836847 0.61205434075319586906 4.3454603552922010934 -0.73686375122603720023 -0.0011120114712773574057 -0.67604036533302236389 -0.20582499833069167749 0.95289404815912892577 0.22277567875606471559 0.64394711133084947541 0.30330132939620901844 -0.70238196260673502191
6.3479479222796300064 -5.189730603974938461 4.4461774607377035906 0.75124323087678324118 -0.012034320011928660576 0.65991573947249992926 -0.61732160660028834176 0.3409865064345116159 0.70897266269870329314 -0.23355436644652283196 -0.93999115824113266271 0.24873475901516378661
-6.0685481737628830246 2.0155145991064844502 -5.7364229265979043149 0.99537703710973213234 -0.01134204494739556035 -0.095372490849976038207 -0.050479519937958516884 -0.90656866986300976841 -0.41902871606787323033 -0.081709069639575665489 0.42190591941710864354 -0.90295017752903039554
4.7094433128836277191 -6.547250425035688437 7.3077170063043910275 -0.98048616098956420384 0.0036897582953566345626 0.19655348837331668155 0.11591703690798035864 0.81837193273089980927 0.5628770916218689413 -0.15877697774698742994 0.57467709663944521736 -0.80283006043342619584
-2.6842158508006539464 -6.0058840950532488279 2.5717299687035310995 -0.98922441565604268821 -0.0049626453652180171905 -0.14632302491616891449 -0.14634245627274755641 0.063225195620829094389 0.98721145664483012094 0.0043521215143637421649 0.99798694720401726066 -0.063270152905050919268
6.4008608756903671022 -0.0014846511500605716338 -7.2336904068029124204 -0.99306970707194164305 -0.011937129637026991369 0.11691903964779441771 -0.07311724046104148278 0.84161494164935046758 -0.53510574575489799898 -0.09201318407425385093 -0.5399461037257360374 -0.83665511354916211051
4.3935986169679086544 5.2295272701439960983 1.7851015552291396027 -0.98520977107953466856 -0.0015216875781732435227 0.1713458240998130544 0.16839912846971977212 0.17625960649368138666 0.96983209095664402177 -0.03167712897588200599 0.98434253976228125449 -0.1733964357022121372
6.4184225973507595953 -2.5061561966802812229 -3.2175072952575556329 0.89158626356700088067 0.00068299044850519225955 -0.45285038163019963875 0.073496794973012508079 -0.98695890801075891741 0.1432142975643132532 -0.44684690414869165931 -0.16097095210679862598 -0.88000920269656246475
1.5648020190220599535 5.6538245398821453946 1.4002415632428879544 -0.99080888971194724935 0.015599371710651382256 -0.13436667618836023452 0.089533499760376999976 -0.66897014105549390539 -0.73787715969310962993 -0.10139771441374709204 -0.74312556810967000942 0.66142489636633294836
5.9548611766573271709 7.2531103046998879336 2.7352239051044748841 0.76323815235157443926 -0.0051529264624064225614 0.64609671887728925554 -0.34437665911863757362 0.84284774950395380255 0.41353644072856260427 -0.54669208833613502918 -0.53812741846614142727 0.64151901144520695475
1.7067007230349728886 -4.4726870082026870534 -3.9318537779901574503 -0.97392899544480515672 -0.0031571183761125039789 -0.22683109230294185021 0.12378495323493031444 0.83052861289799873035 -0.54304650676560228817 0.19010417455812100851 -0.55696701496705813828 -0.80848509389747358345
-5.1142766189890798145 4.2061205621577846259 0.4947198324341358644 0.8835990398198031448 -0.015640244033533680368 -0.46798303344916292179 0.1364007378010652638 -0.94749972741597709991 0.28920426219877720664 -0.44793702186470024662 -0.31937383943142511056 -0.83507650854871029455
0.89072235465615412497 -6.5314812568752458333 -4.0360575323846452633 0.97957669055700036242 0.0025991009245054904134 -0.20105410215074895341 -0.048474292504569187201 -0.96737138185839821602 -0.24868223202996303511 -0.19514033484503148785 0.2533492732091545685 -0.94748846720211121752
-1.1118704898205284959 -6.5964683904908802958 -7.471825111869510927 -0.86054482226195971872 -0.0080975779869589155358 -0.50931035539127533784 -0.50246739203714985145 -0.15060937724369388713 0.85137731672018568396 -0.083601009667750025844 0.9885601877057847986 0.12553735087817563532
-2.3717467941316638935 -5.9300148606273550556 -3.708111000293883297 0.99364146708571587929 0.0085016349972352189823 0.11226912794853588506 0.11171757400725557119 -0.19837937284648446412 -0.9737375457930247391 0.013993517995062959569 0.98008843816845725438 -0.19806775311166907594
-0.53941019347028562603 -7.1436908767011697563 6.0468924450620686883 -0.92497339111330445505 -0.0074375379780845692068 0.37995908827295055143 -0.33954735728986001897 0.46520945054153522991 -0.81748869061550655246 -0.1706804555005595192 -0.88516939065680533272 -0.43283175941061741154
1.1673282145937493581 -1.026774062649650654 -3.5888669204756507014 0.98405897750210014063 -0.0042426759343719118792 -0.17779181223719242588 0.17371718032724570158 -0.19114322078763187895 0.96606760136447789034 -0.03808241138394056341 -0.98155298830367998519 -0.18735917670438118066
-0.34288643119272899096 6.8147269807909749417 -5.8473156462905446773 0.97030279291746823755 0.00035901407410393517544 -0.24189328466388004824 -0.066766017509608963088 -0.9607550540501853531 -0.26924343078886531222 -0.23249685796260671777 0.27739790414846304811 -0.93219934231451484496
6.7807391764588684779 7.2338207915349661548 -3.1235383519970554289 -0.89597045394054342093 0.0052139605337287505543 -0.44408305561112887405 0.062079629791385808335 0.99158424694415092659 -0.11360810172293560327 0.43975341412016677456 -0.1293580141609899925 -0.88875386859456373401
-2.1135878674870856031 7.0662791706142318304 5.5250909961771430545 0.77599973999141003134 -0.012166254291146174488 0.63061587816180020294 -0.54969126398179524173 -0.50332887576520290995 0.66670799989418083609 0.30929584193025738692 -0.86400927372184810338 -0.39727076042323533622
5.0068965759158183815 6.8738775506210423316 -6.903118467691914617 0.9648106043798351239 -0.0023222740154721401018 -0.2629355524069597605 -0.18074141133322649266 -0.73213491189426127548 -0.65674272970084068834 -0.19097916091928693327 0.68115569279650067802 -0.70679125791531749456
-5.1013977105313008664 4.8503640152275195874 -4.6048627849605807683 -0.94727499684955962511 -0.0032342489334480526916 -0.32040539941999429674 0.043685662403081200467 -0.99191551021033586011 -0.11914354159888154716 -0.31742974536744472669 -0.12685882010383225937 0.93975805211641671999
-1.7214748416632514871 3.6453491831361102271 2.5274300223493990636 -0.95611904419496385188 -0.0023181266308158984292 0.29296928101212638129 0.0053935890265678068309 -0.99993850277968499007 0.0096901938066079450901 0.29292880111932362297 0.010845134739621498793 0.95607274855387480716
5.4696111060265941717 -2.7568416098165808847 3.6168188976964916748 0.73905199479448335786 0.0072828568642394697977 -0.67360901789263583073 0.24936615005614892748 0.92595106352430256447 0.28360386309825452722 0.62579443285832603294 -0.37757328818917867963 0.68250988260200395885
2.1557817781697128368 6.5883431920155510753 -1.4045840587003388666 0.99557573385405861988 -0.0058924587706249732799 0.093777593755316759894 0.06320266489323382586 -0.69652136395472508124 -0.71474709702457173144 0.069529715311460224547 0.71751185947296580725 -0.69306734896725652462
4.8728320648302201334 -6.3880867387206690111 -3.4648107078145016224 -0.72869297465558702243 -0.0030123847720447058385 0.68483390265497301463 0.1906801826960906332 0.95955477263359145734 0.20711278628559756654 -0.65775954315737528155 0.28150588600239506709 -0.69864641953673878305
-7.0040088360478423013 2.7075537544796604017 -4.722458909280439876 -0.86141360013052137301 -0.0029846978516518832616 0.50789536431140736017 0.26130472539313237545 -0.86009402022594783066 0.43813025101996277977 0.43553007932573251093 0.51012681555695360558 0.74167660206600494188
-6.8765178947075549232 -3.668173024989476172 -2.0184685379701159391 0.99989487421850287152 -0.010937800071844720404 0.0095186680387469371767 -0.01136938483011640591 -0.99885198023449472959 0.046534489039397580745 0.0089987554821306728337 -0.046637818464806073127 -0.99887133119769255796
2.4948348305651286694 -0.2669482857025209932 3.8233467604993660593 -0.84253030798826533676 0.00096302375099953591367 -0.53864807871799347261 -0.43636595443167591757 -0.58749453525117856234 0.68149462570366992065 -0.31579650715969159736 0.80922755985893957131 0.49540218250478113005
4.3460797247646212327 -3.90560629486630706 1.8818569851788944369 -0.99392285286246540021 -0.0030399701636068935696 0.11003690807699298415 -0.099540482240027344796 0.45162964567538255167 -0.88663541297566994537 -0.047000584604567775815 -0.89220032600782572807 -0.44918762596301975432
-5.3209062203929127222 1.7086524501342346127 -2.8601605850310147794 -0.99984535681180231048 0.015017094108075447825 -0.0091514669014048921625 0.011609933750490511115 0.17280074014456417442 -0.98488837623548786127 -0.013208781177849026472 -0.98484231788140963459 -0.17294836515489994677
-2.5902977943786797965 0.89298037185414391725 1.5643884534449372659 0.90147218157637754032 -0.00038636384136167762141 -0.43283687061849346334 -0.042642750011008430377 -0.9952140325089556816 -0.087923974937424792531 -0.4307313567821017819 0.097718371968986750264 -0.8971742406379646928
5.4606337751239362177 0.80909990528747299798 3.547585032935796967 -0.96988669350132217239 -0.0007703182133848864542 -0.24355534972351586265 -0.053547437749642899651 0.9762018165709386297 0.2101491975576433302 0.23759729308121621538 0.21686267528897124057 -0.94684640063048264302
-1.6559199981427710213 -1.9052436440264512996 -3.3965809108391376014 -0.84999713624622341701 0.0052667106841410129062 0.52676098007688920699 0.38018138312914773191 -0.68604033199741853988 0.6203311847673753654 0.36464638253383524491 0.72754444856068944958 0.58113001219481619231
6.9824946712094346779 7.4457810642615314123 -6.2224077871412557528 -0.87992010766552830603 0.0020174580857021478207 -0.47511738969324368576 -0.15834516147740437808 0.94157670743850241379 0.29725429155196497755 0.44795916550806813561 0.3367925680181525494 -0.82819282305818853196
-2.0791063156048128491 -1.0595729065423347137 -4.0799535544271501308 -0.99550351741342046896 -0.0015868397834152970886 0.094711291602476377349 0.06947826781604304891 -0.69185135344473125407 0.71868941486435944377 0.064385690326251868165 0.72203821690839820047 0.68885070676092097219
-1.2921511725128496106 -3.5692075780124614681 3.752766278044690651 -0.228829547050274279 0.012264171326395794867 0.97338924819328065396 -0.57036861378409575707 -0.81199734439221893378 -0.12385458049747273546 0.78887051079803371945 -0.5835322637197468687 0.19280408292203532472
-4.3947222826434542142 -1.4849191556609069309 -2.5854270852379697132 -0.999997488848156868 0.00092871531891554890466 -0.0020395551448000506095 0.0021685235577622377634 0.17134483802447478262 -0.98520873117732044033 -0.00056551119500682089924 -0.98521067999196254572 -0.17134642169256580901
1.0381592127193868258 -4.0492691205958619705 5.9164787776119220908 -0.97193538954678726505 0.0059043113681701200196 0.23517384559875348371 0.18249507195379435776 -0.61191017604915565187 0.7695852682841786141 0.14844914031081024586 0.79090522539349983333 0.5936596475981010812
-5.0078023328221776822 5.4171448659175664986 5.343784261626453258 0.98601918061710669416 0.0061774569087419840124 -0.16651730985472168456 0.067027567915692254363 0.90019686807212162538 0.43029397375785372049 0.15255648329203025382 -0.43543936172464586809 0.88719731833815884681
-5.7680368229769110044 -7.0715544467229101144 -4.8980003250047596808 -0.99935432607936303118 0.005944946847881773036 0.035434285000944878985 0.014688471053686171647 -0.83243961850486059006 0.55392105065765906424 0.032789933892257330794 0.55408387375064116487 0.83181481177287519557
7.1605893130002815639 1.7933491850868703565 3.5857874420811657323 0.9697707932209362891 0.0060440981235069315969 -0.24394277503846947819 -0.057790113215079978726 0.97694229893544637378 -0.2055335674903811527 0.23707575040525036281 0.21341793136613462778 0.94775939728468960865
6.9016614994087879253 -0.1773797222759576353 1.4445554475489774671 0.86144389171583113374 0.0042246278765911190328 -0.50783518383891534942 -0.24577115136519772642 -0.87160200089886064045 -0.42415385555902224146 -0.44442205456300098998 0.49019598585490548048 -0.74979792802437417176
-1.1847606895490714329 2.9949265645073790409 -5.9747861542059048645 0.9948389238148077629 -0.0065228275649606409087 0.10125694239651782114 -0.099056567150449900683 -0.27865174942869597174 0.95527011836682784729 0.021984361880496787467 -0.96037006162253379937 -0.27785973542746106313
-5.119629089258893373 2.1550251711934382826 -4.9214389760670611551 -0.9770897564378715483 -0.0042044118600273114317 0.21278611511330314254 0.20261753196161641499 0.28757989132167183222 0.93607902542956533676 -0.065128669615463374853 0.95774742444361138372 -0.28013947841347774936
-0.74966540962004590831 -2.1543528826198548032 1.5337682368212295358 0.48120154176920421074 -0.010864058824466813619 -0.87654266777200617877 0.21550654515659545263 -0.96776965342026710637 0.13030282772695062077 -0.84970701138314697065 -0.25160260361293385056 -0.46335097351959625422
-4.4491581071456076657 0.0085582503066582472917 -5.7015530172759625316 -0.98448079075789596271 -0.0065419646288989953195 -0.17537039467256965164 0.13315128627322705968 0.62310793519759966053 -0.77071864909160647805 0.11431669866043492334 -0.78210849873432752855 -0.61256672176573134792
1.061456531762925426 6.313073876735022516 5.2156176803785321283 -0.99935272951077458448 0.00075697193541267304706 -0.03596594240232160733 -0.017978061418937246047 0.85546717360802093655 0.51754488132595666272 0.031159450043630215754 0.51785648771886261255 -0.85489984606410829304
7.1249974630456023306 0.77849008388093665634 -2.0407660657942066074 0.90982928335736279468 -0.0083410209549510967025 0.41489890637953824593 -0.40929618027548481107 0.14691021094728179408 0.90049654454172667339 -0.068463946405863632116 -0.98911466336771503016 0.13024926392751332016
-3.771846259469639584 -4.3575357870472615218 4.4100293037449205258 0.48045050158746510638 -0.0017425199209441851605 -0.87702011330911733289 -0.35621648722400423015 0.9134097692916964828 -0.19695788278757014877 0.80142194239618502749 0.40703753756467053737 0.43822746748593238708
2.9305941324179647367 2.0907714706723359299 -2.6744862609162201039 -0.99329104561555459085 -0.0021456854214330842168 0.11562134203573651292 -0.08857036620643653213 0.65695727479032450802 -0.74870717195053115844 -0.074351791707626471717 -0.75392475429190286551 -0.65273982254468720932
6.4172305430769585044 6.2654516628205971784 -3.8182359900036773048 0.965539586638271774 0.0077216958623971283099 -0.26014165765485919302 -0.19615133511818352852 0.67853691531602722264 -0.70789286497657100128 0.17104958452382143519 0.73452571770250796312 0.65666887368568882533
5.3940165057357800649 -5.7419138059105145899 -7.1558012456442519067 0.96547726335479244764 -0.0017678974559338957173 -0.26048133999079070566 0.1431421191350987776 -0.8318627979774605441 0.53620389691854875025 -0.21763268981088867982 -0.55497852199854480482 -0.80289155708968196201
-3.6932756392501073783 0.53133278680971851582 -6.5805455958131569005 -0.99671495577585544901 -0.0053612618989782893572 0.08081184197564543481 0.078821725300564818295 0.16509860313278801325 0.98312236617031156793 -0.018612698710558064213 0.98626249452887904123 -0.16413366300748849502
-6.197932039300418694 -5.3896158741748303456 -2.3547505366057484011 0.92304154564265661342 -0.0039638693213872415455 0.38467985748879796049 -0.12578759350082177604 0.94187281692151225698 0.31153343009321687873 -0.36355437879204027807 -0.3359462523743783624 0.8688891351472021185
2.1620816176959363197 -6.9229914779287495818 -5.2690916317886440368 0.71743602999781042051 0.0076517841126470193328 0.69658236631482850498 0.17679681550573617121 0.96520083064981698762 -0.19269209257231986743 -0.67381631687573195766 0.26139779400901275164 0.69111704102798676708
-6.6466483148691013483 -6.0969009156656230886 -1.616424447867000902 0.87791636592026345287 -0.0012601427786665033576 0.47881234997596561209 -0.44555313428608772641 -0.36835201323345478919 0.81596519464665173693 0.17534326042695247416 -0.92968554166825245755 -0.32394372140196159293
-0.091126463015024639081 -5.6985244715552569872 5.2132397775945200635 0.75614167102228735384 0.0065868268994005258962 -0.65437480625029120773 0.26986005229730802846 -0.91410752296508768211 0.30262681413396197438 -0.59617558279232640839 -0.4054183643722005792 -0.69297231136037196197
-4.3048755303357877366 1.1771866605338061618 -5.5335404939584051931 -0.94632082158633423763 -0.0026166415317286488042 0.32321827890650506321 -0.32270711966904308543 -0.049145519553771110921 -0.94522210766693970374 0.018358037669818250137 -0.99878820131934265003 0.045663019589490046191
0.84247916488559393411 -1.3685927266757607068 6.7474739087237125545 0.056998707192975256453 -0.0020043393380726384073 -0.99837224020011106074 0.97544158606632636044 0.2132132211348143902 0.055261510166275326639 0.21275539840591123353 -0.97700363610229978839 0.014107993904019424519
-0.1245812213610393987 -5.0779068697329403648 6.4421721441745223302 0.9897523707144415539 0.0031650106426219497963 -0.14275933375045546381 0.14275703082111412812 -0.044806989311135622667 0.98874302215485332379 -0.0032672337534394874786 -0.99899064881340760014 -0.044799651417054393854
7.2569829811026878019 -3.1270298734915367156 4.499674769360328952 0.89701879271105122715 -0.0049487017434394174609 0.44196469980573338532 -0.29120881706658657828 -0.75884008027777227756 0.58254541232998680034 0.33249768478290553375 -0.65125819988315236664 -0.68213491825216021613
-5.8581791310073851875 1.2863819362347450603 -0.69268747003606256918 -0.99422296020389178128 -0.0025484680859591962721 0.10730429028592974872 0.060881557703764521694 0.80994925753914404076 0.58333149764378344759 -0.0883976319531201149 0.58649442070847956909 -0.80511499373871331375
-5.6375595880516842229 -6.5769151898197311112 0.2208828138722030987 -0.66032044684501745024 -0.0012471674410855181341 -0.75098292394146659579 0.73825957361200111873 -0.18438120899969653865 -0.64882691970822015115 -0.13765794364536626526 -0.98285401476572953339 0.12267141561982063125
-0.96573939088575766476 0.28436689496600631166 -2.7421990708231982481 0.17303119809789505035 -0.0055837166780119632664 -0.98490051608924744642 -0.44669434740523705774 -0.89166887906117475726 -0.073421863977623388897 -0.87779517228159731346 0.45265376638423560074 -0.15678074912817802078
2.4058724085000711135 6.2814400148643851907 4.3053961837810090785 -0.99918063204780138697 0.0052514485938616756872 0.040130871264441814183 -0.040219169207872731975 -0.23971008922602451974 -0.97001107805608288714 0.0045258114196333638912 -0.97083031236718542178 0.23972488736063829462
3.126822629187440139 1.1440512522339743029 2.314404471204110969 -0.98623729064486109763 -0.0039020897319221783256 0.16528998831501734434 0.10697235815465040709 -0.7773375856225887004 0.61992192457535810757 0.12606712946794415564 0.62907157913399502913 0.76705673010124175715
1.6292357647153250522 3.8122136831215240882 -1.3069323873912017664 -0.7252121948073870783 -0.010267819129931028688 0.68844886839389063393 -0.51740054087600839683 -0.65157626790556799623 -0.5547477331213885865 0.45427299369842594201 -0.75851363797395188193 0.46721848016083122879
4.6877537667215971595 4.1342655748564300922 1.9837683789819771096 0.98884844044421249531 -0.0095606753089075846574 -0.14861815272244693897 0.068521782591251939598 0.91523987525803940368 0.39703996782214739936 0.13222528934172381176 -0.40279593372494415515 0.90568863779629205091
-1.9865309143590268448 -4.5029913213807901684 4.2131987313803787032 0.93156457645614132446 0.0019952632397047397224 -0.36357043171419695105 0.32214008813048894408 0.45908637068516716662 0.82792841953303897284 0.16856216512466151713 -0.88838939839223096673 0.42702584618816630257
0.03205452290459669118 5.2228933869052882599 5.9960694608091067437 -0.95306528264075041079 0.002843245640943615777 0.30275152019279094606 -0.00011114544562884089672 -0.99995912242898721267 0.0090410794590214341865 0.30276485045577827826 0.0085830894973658641151 0.953026639660876973
6.4963762695576816597 -4.1213041557448422125 4.7666985300990836194 0.84927343861092119415 -0.0020602003333209631571 -0.52794922297945079404 0.46075743428240861777 -0.48531803007358381707 0.74308074691713832394 -0.2577541720776900247 -0.8743352705113419665 -0.41121845960079617122
1.9262290957445706852 -5.8897597888518689047 -3.4610351363642890554 0.87882630230242642089 -0.002184995932644988488 -0.47713683171004434014 0.054762815431959668833 0.99384326967109781759 0.096315052692815483759 0.47398878090884333236 -0.11077355786486488276 0.87353526228229128048
2.8203141489807665998 -3.8351065474123031684 -6.9102792482192718637 0.99046966072980979767 -0.00094846952906354423801 -0.13772781701383673969 0.064403293039957759669 -0.88072890469202069763 0.46922149597579454472 -0.12174591171548733437 -0.47361978088509243401 -0.87227417486415592673
-3.5011162891862865898 5.967474127341293233 -4.3166813242957200458 0.88823681601837201072 -0.0010447240122630427079 0.45938466149968110175 -0.44439371497117002852 0.25143287427604604778 0.85982308402808560466 -0.11640268366135952949 -0.96787417482081350428 0.22286766690438028493
3.6592467431300050862 -3.8990962128692006061 5.7160983169456986985 0.98520954189958853675 -0.0058847512470246842592 -0.17125281969232752921 -0.1354762718222418949 -0.63869303161245749578 -0.75744134501818694005 -0.1049206286818384487 0.76943913409218611665 -0.6300437132489441483
2.8691429210761536517 6.2225151138077032797 -2.2416514016952100441 -0.93000209958369406404 0.0017357688812413658505 -0.36755010798000814498 -0.26060717414143197423 0.70205585984225693519 0.66272277043054284018 0.25919104065486087141 0.71211976293837297991 -0.65246106985521856725
-1.1583806438587826992 2.0532968111683360668 2.8377929044424901051 -0.99661700840781464183 0.0022898543892473604937 0.082154093745762768464 0.082182223642456336821 0.018184155840020858885 0.99645141306214568555 0.00078782579825752651302 0.99983203241512252912 -0.01831082431924595591
0.14873091073725025479 6.7586285101128202868 -2.3939840745718061754 -0.97646178937542082998 0.0025618638739018156567 -0.21567524369598953249 0.11870327960103362053 0.84126397524549767493 -0.52743194382429781086 0.18008860403090612423 -0.54061849839584041888 -0.82176622824887934904
-7.3066378366559998625 6.7749253994057534456 -1.8610755889099885874 -0.96714705763831021468 0.0010125298580329548763 0.25421554571831322944 -0.033700410707150109391 -0.99167707210324229639 -0.12426128513240951301 0.25197390979969502833 -0.12874610459302823773 0.95913168508416435376
3.4692337619053783548 -6.3291537772517116878 -0.08197513046263746328 -0.98771388305022289611 -0.0042787791367041999591 -0.15621452326528290078 0.091382897087407030656 -0.82671351395698344788 -0.55515217009463668774 -0.12676928393672520778 -0.56260684131098026572 0.8169474222740918945
-4.6590914361209865291 -3.131993308674175136 -4.651936188198647848 0.78240930815026987766 -0.00015715162640530107004 -0.6227645219689189604 0.47334921326479018067 0.64998267516666441423 0.59452758076027578671 0.40469271901200121189 -0.75994900966212530768 0.50862688278555967525
-7.3397358675309458675 -4.340177389399650032 5.8487986379328713582 0.50338032438720825557 -0.0050631701950786256461 -0.86405012199947095475 0.76518824956321485065 -0.46188971550960000734 0.44849173173729334207 -0.40136665500529433714 -0.88692291379461374312 -0.22863191648559172409
-6.8711473271513714423 2.9336911092185835592 -6.2369115301015183306 0.69688376096132209625 -0.008268017965150094295 -0.71713643303572194299 0.71174896274817622821 -0.11489847239407816049 0.69297312723394954848 -0.088127394919257417971 -0.99334283151411462143 -0.074186126360083828879
-6.9459010604287945156 -5.2071221387632524724 4.2368087974502159909 0.90245423569434934929 0.0011110600648914382288 0.4307843056829362971 -0.24589968506586387664 0.82240341531100413786 0.51301653713046480032 -0.35370849206899246386 -0.56890367201340075187 0.7424546549169709353
5.8549643374423405717 -2.2474325866244631023 -0.35262060784254234402 -0.7631848011003842247 0.0019413313898592734694 0.646177367757327481 -0.64569936145213024936 -0.040864987193119817199 -0.76249746717088295878 0.024925769590190400421 -0.99916279156812182194 0.032441053561741796385
3.0640270977563863752 2.0560782671893647056 6.4677485861526138322 -0.58524163888742530837 -0.0012356475071108575202 -0.8108580006928396422 0.43182591316168228435 0.84592029746156394143 -0.31296202815135332198 0.68630795189507221021 -0.53330790685850015809 -0.49453419664142878043
3.8303622365985603437 -5.7897853204833342744 4.9586413639078186222 0.85068172239748185426 -0.011071128769168301492 0.52556449393636373024 -0.5207492025131410518 -0.15437676585763546178 0.83963568423763978998 0.07183923204405937013 -0.98795002114038832364 -0.13709077455544235735
3.5241424466569268859 -3.0163157180646136268 7.3785413250761084925 0.97564427880745585586 -0.00031547995360119672481 0.21935847761739576955 0.0042861584195336959596 0.99983546894674590888 -0.017625659763552060239 -0.21931682579371111763 0.018136579294157503806 0.97548510722379722093
-1.5669579550197936246 7.3801179242553205384 7.4301170982334703297 -0.99292716918164791728 0.0010507502932444673718 0.11872039683538272714 -0.11718649147101123376 0.15178803368281307273 -0.98144165340965039412 -0.019051585698797945945 -0.98841250940821701043 -0.15059132886012727148
3.3394394192250618225 -2.6816054534268523035 -3.5003021026509211211 -0.94018875965345549695 0.0010747343900583111037 -0.34065222906526904101 0.15724983523068616909 0.88844692051631091179 -0.43120129724402656013 0.3021879970168571683 -0.45897811970838259255 -0.83547681002389506677
-0.5347593491714480729 -4.2118317617604255076 1.4945799812389048977 0.96587744479602921643 0.0050196957129310963361 -0.25895089165545343013 -0.23452958935877982194 0.44117234473114674831 -0.86623486073904443217 0.10989373662500449835 0.89740836016798763985 0.42729568421779440257
3.2955027523995665817 -0.88083361445861951822 -4.4164621470722673635 -0.74730451282103638189 0.0078705735370920969912 -0.66443511285119349896 -0.60845001799869680159 -0.40999405598377824944 0.67948027907759833699 -0.26706654735233142928 0.91205423530083507 0.3111792588767407497
-6.2365395745519816018 -1.9019748838758077092 -5.946042333749409714 -0.93878793247206937522 -0.0013606401211450826639 0.34449291212333071899 -0.32679839251048142801 0.31990663095847943209 -0.88930453620864224895 -0.10899554347456429093 -0.94744809679861374807 -0.30076913966604307271
-5.9734334945835474429 7.3674917096549048523 6.89959412889822854 0.2566921497661824314 0.016062326138579597484 0.96635973732740532149 -0.81946183010780682121 0.53374594851297418874 0.20880031475613175518 -0.5124367758511343407 -0.84549232055945122699 0.1501708581260735309
2.4604653926102857397 -5.617722776493327963 6.0101688716879158036 -0.94648258547963193266 -0.0075152265852058419693 0.32266737788795196717 -0.16116869571073211276 0.87716858309803336091 -0.45232723591290457943 -0.27963434500543538075 -0.48012373217226400612 -0.83143600769890102509
-6.5148142405858333603 5.5335967859360328802 6.2732466477652648607 0.98394675316330570958 -0.0013541782368285230909 0.17845714651061087008 -0.17722543207342109084 -0.12494059851186219146 0.97620745391033847405 0.020974583805052005731 -0.99216329958584770221 -0.12317489106710403923
6.3547171440186245306 -5.7232233246173631613 -2.3316545093154368296 0.56116800407456002286 0.013238468949478773146 -0.82759604526792118762 0.35918052711534192989 -0.90471702383139951387 0.22907740117867239626 -0.74570759694682919871 -0.4258072917758931597 -0.51245324677117864987
-5.1447713452094729902 -6.4750848432709133817 7.1673974645794888971 -0.099736361391748171168 -0.00069764326435899515905 -0.9950136539314916595 0.37837647965778564707 0.92484764891856996449 -0.038575457631661799751 0.92026295038873484611 -0.38033713936932961319 -0.091976967542410734135
-3.3929104001958489967 4.3976255480635746409 7.335732981409311293 0.99924219607096831375 -0.0089246694337848792022 0.03788646020414482285 0.0017308537962669560961 -0.96220753628707766936 -0.27231169871560523266 0.038884929425708245065 0.27217091576392860031 -0.96146292433754776408
-1.0008560255354532753 -4.0777580443939385191 -6.1286395409289786684 0.86059014414510970337 -0.0053574044996707349819 -0.50926996967932935956 0.034848394241928162818 0.99822053516954889485 0.048387525093281730237 0.50810451013444302149 -0.059389067873828381428 0.85924545119436046559
-6.4310766690590455141 -0.11919754345730346201 1.9468750898650801773 -0.88202249869754079104 -0.0005196516671084597163 0.47120700520417696522 0.01550647897692883706 -0.99948978773779606488 0.027923347177476742775 0.47095207919816911568 0.031935781969472540331 0.88158053797069302338
5.1481049528479987387 0.3928802804393481396 -1.6967118515575771998 0.98874014448517733022 -0.0029288487613560246214 0.14961399843731185144 -0.0020795829358649783533 -0.99998082838407587047 -0.005832512246361509084 0.14962821264138992383 0.005455704283059673379 -0.9887272795228376765
0.77015036919847301711 2.6406078422833969555 -3.0023482366482108219 -0.97932496420832770845 0.0020850832659341446591 0.20228264113944216529 -0.20228417261450637454 -0.00054961635579031317689 -0.97932671332475196291 -0.0019307998937217085884 -0.99999767517208215661 0.00096003236129665533993
-2.1088735123801711779 4.9303104587185604402 -4.651957676357482363 -0.92800144574396770114 4.3609240696829230238e-05 0.37257658916670205462 0.17848112630218088137 -0.87773805053424203138 0.44465762356921084697 0.32704404023131278256 0.47914080680169046644 0.81453439645399794422
2.1184067790483247506 -1.9531829620454503882 6.0225624684949083942 -0.56709949609833709694 -0.0097498886978329771247 0.82359158640395158102 0.81840644357197234182 -0.11931346606164451585 0.56211670490763143704 0.09278499148493948856 0.99280876128626427413 0.075641978215684607667
6.4033146348928244862 1.4511994010216440198 -6.7945589295737178759 0.95615812650874076883 0.0041886982232764609357 -0.29282092124452446802 -0.18264365492119252754 0.79013354740801655662 -0.58508996964365911353 0.22891686794189602949 0.61292041250697515409 0.7562576515342455119
-4.9039597173806575015 5.1139690423027657218 1.5211690313981323097 0.89481183682622822406 -0.0019642944655592952177 -0.44643915399847761138 0.22286515337208376297 -0.86451228378553091058 0.45049931697647793705 -0.38683704590957290748 -0.50260785183989731273 -0.77313805182563610785
5.2387521074710203806 5.7005036831199475955 -1.395459076597881154 -0.8177066302045488122 0.0018816971067350171925 -0.57563211006304315642 -0.56883233663336763009 0.15064282156051389538 0.80853974120786087365 0.088236272132474966035 0.98858646537786254438 -0.12211126382076316343
1.2285347143372398193 5.9683602278552516651 -5.831175362403030249 0.98983957084230100865 -0.006673912811969228559 -0.14203197837979378293 -0.013377093159366240313 -0.99883835397059184125 -0.046292504964887459806 -0.14155803535405703242 0.047722128254031631611 -0.98877900518860362133
-2.3260415237416358636 5.9315429485318666991 -7.0113327909755875922 0.99708409041214729474 -0.010740752993355610553 0.07555099517637206552 0.012218345972982748437 0.99974248598382819964 -0.019122597637313575036 -0.07532614863837473751 0.019989946069230331294 0.99695856151979445059
-4.0387537146087195694 -5.9808836148096515828 -7.325945208949639742 -0.087685040119224400001 0.0056321334082081704955 -0.99613232695895259639 0.89815819306541355704 -0.43205209942804861933 -0.081503641693336320584 -0.43084010255395382982 -0.90183106092717424396 0.032825958906919153191
3.6056496028112956509 -5.1424832981016370681 -2.1802943943781363245 0.67970590969365674017 -0.019208210268032738233 -0.7332331968656499166 0.68932899237455569352 -0.32487936522396942962 0.64751751970399862302 -0.25064998822960049552 -0.94556038554383470274 -0.20758164825086938832
5.8818321444117493968 -0.34094542898168317402 0.53337116185401989288 0.96249360842712261555 8.6557538914599704838e-05 -0.27130434247276119519 -0.26140767608661263921 0.26792552819064924252 -0.92729819272267810515 0.072609094608001772952 0.96343962127966087383 0.2578992352231105345
-2.7886378516428385055 -2.7056749415593244201 -3.9211399107867821456 0.98182420603640108148 -0.0056117590966852752554 0.18970961125049054519 -0.052292411039573674647 -0.96887247690657052335 0.24197443509714594567 0.18244651870796352311 -0.24749673058998450381 -0.95155590280270185843
2.0879439814093938566 -4.7013400492545898146 -0.7790218651806634087 0.99827650839899884083 -0.007300912311116981683 -0.058229798712585385811 0.021410620545431562761 0.96914865640751601816 0.24554524453047363308 0.054640626886451638955 -0.24636878548851889881 0.96763465390109726361
1.7265267607483640866 3.0576633735159233218 0.97272544802075355808 0.68743117211805793154 -0.0009666125687084786873 -0.72624888933520392875 0.10787222805182009044 0.98904243311890038814 0.10079011809412435907 0.71819354356300280084 -0.14762835483209443832 0.68000286972483281467
-6.715400563319508187 -7.0692591921160516932 -1.9780714253211302278 0.99939543936282704273 -0.0033185244551308286376 -0.034608426377316051092 -0.029566571013630346676 -0.60483108958862163984 -0.79580473166820508979 -0.018291354771185937278 0.79634687194867037618 -0.60456354990870420085
2.0457544604392410292 -3.0935077007251789993 5.931317579824827213 0.94191405840577424602 0.0093457880581340746495 -0.33572393841244940749 0.19832981714965927655 -0.82218560081761438152 0.53355048630635781848 -0.27104093824916197786 -0.56914277123920919976 -0.77628172446545085084
-3.85733003111835826 -1.1953592329702287245 5.1951143975687843479 0.99996076019858548545 -0.0028771652277974147163 -0.0083785430374955834759 0.0079498515723567444308 0.70875012023920802573 0.70541481903984215585 0.0039086983967419417635 -0.7054537468759242147 0.70874518206168746204
1.6820110064429614205 -0.49228450718614358284 -5.6582360111436260652 0.93509399790080660608 -0.0040973567803203872137 -0.35437610917959455614 0.27046630024286322236 -0.6379072852743378208 0.72105636106131942853 -0.22901352694280344147 -0.77010227052080926224 -0.59539507674801961379
6.3121723133105529513 4.6539186688524063484 6.3612256244121878623 -0.99976311988704913425 0.0047607786511050199582 -0.021237681142709151361 -0.014738322236509360588 0.56992539619286608499 0.82156425471903649083 0.01601517940386571956 0.82168265027380116283 -0.56972022631081264965
-7.1687826626961825838 5.2151610565497010796 -5.7556427092853565952 0.98890277669531945204 -0.002754321803272449104 -0.14853858743019951461 0.058102304589933234658 -0.91302297779843888392 0.40374888756927229672 -0.13673119777754572102 -0.40789883025509654502 -0.90273092548717637218
0.23541542898608588952 -4.1541748794910340337 -5.7075746048008326738 0.86586563471101785083 0.017471829728387136549 -0.49997143697659951478 0.36787441197005238402 0.65504620361624377178 0.65998703634676714191 0.33903557283008373124 -0.75538679250705931256 0.5607545577718183738
