1125 14.717824617146108679 14.977075390850430381 15.033177056927090831
-1.8433368168106634144 7.25798643906550911 1.208499809305046746 0.86814480104228552992 -0.0060795093182989864283 -0.49627375911850984957 0.47807920477213172727 0.27877473225554633141 0.83290150835520304629 0.13328495184246097471 -0.9603372783674796187 0.24492332144995446197
-2.3452697777390971723 5.7286712861568522825 -2.427873410513998742 -0.99937059211632706113 -0.0050049646264225004441 0.035119367051784450284 -0.035394861028684818094 0.20686244995074440367 -0.97772957949175121062 -0.0023713763494824765046 -0.97835723390258855225 -0.20690939912135636325
2.0854971401488042737 7.3032579723189412491 7.0500248010442172486 0.99671427380416932618 -0.0039165999615007485862 0.080903131210453393951 0.012217512489922503424 -0.98013252689602514689 -0.19796707329485035975 0.080071148258813770737 0.19830504271229504321 -0.97686422866815114663
1.5563042200994530173 1.2219386262173053126 -5.594119765284567336 -0.19835332441867467579 0.010069163882425083423 0.98007885939385508411 0.3882802950502705075 0.91894391907905159655 0.069141059170884727747 -0.89994131540211030895 0.39425966763844633167 -0.18618523922682705951
-2.2750799762016393757 -0.91773464063826448722 -1.3289395317186856182 0.97569192517126035469 0.0026585398166920001795 -0.21913055314512172589 0.20559557730992875091 -0.35726955079200545251 0.91109216145653748598 -0.075866499499065875867 -0.93399753760007531156 -0.34913159984567221361
0.89425603722942037521 4.4142300750993221925 -3.3704668967563313764 0.93720312119832871467 0.0069642848437263520783 -0.34871450837726103433 -0.099175195844032559833 -0.95320963631366284474 -0.28557953317444417785 -0.33438688692212653608 0.3022298595034111357 -0.89266036199617748714
-0.00053577842857132490506 -0.85180557425057534804 0.19922455752122450456 0.98441984780021429824 0.0083667406758972176495 0.17563473718909283772 -0.17519444231557798619 0.13178234769241337077 0.97567429002639760593 -0.014982344234323317564 -0.99124336592344708396 0.13119496512479503214
-4.6283400791708304567 -5.5329722357397708166 -6.0876591674186482095 -0.99362658126873770748 0.0061910648279540243799 -0.11255171128254205792 0.083355452560895618164 -0.63180761388758865937 -0.77063026644565268963 -0.075882050082314841943 -0.77510051590097739371 0.62726478039600264136
-5.2397306402754537658 6.9877595462113299973 1.0917257529712554032 0.9238835258438309328 0.00032823926358774833424 -0.38267365069124453791 0.33620740784313279947 -0.47830151918829300062 0.81129047551022981377 -0.18276709109068642323 -0.87819562114665661312 -0.44200525043610394693
3.634325170919856518 3.5736347437480842082 -1.617197624727956029 -0.63090658069662763907 0.0035862765779792887821 0.77585051720929354424 0.72373622018477479223 0.3630604793232905525 0.58685004212850833127 -0.27957605410040253791 0.93175867421446156857 -0.23165276385099778378
-5.7366502755399562119 7.3031868606877576866 -2.5112970510336682928 -0.99540878986637371106 -0.0042551772407644714719 0.095620262096721558853 -0.092379132390446094814 0.30415277332164059043 -0.94813352771622594339 -0.025048691694099373128 -0.95261376430716848684 -0.30314943360827079077
-5.7523100400753168771 6.4688170615461846324 2.6511523504753977676 0.48864898791361249808 -0.020774518352587392073 -0.87223310301669743083 -0.86673814355787137664 0.10295106887542472551 -0.48802261004915992171 0.099935764933032175672 0.99446945493788274639 0.03230086814042844312
3.6131768000693789133 6.2040505080420498274 1.393733327583637216 0.1450958876933372832 0.017104852085651614524 -0.98926973440493470857 0.90261314606423581619 -0.41182287909506987145 0.12526541743850885813 -0.40526126378752092005 -0.9111033642178512082 -0.075192870568706715595
0.13138290380832221005 4.3324245942068406734 -6.7166574546756985242 0.93675457572227982528 -0.0054361830753953763878 0.34994472817444288726 -0.29288231352168320187 0.53520871293757266152 0.79232037965836943361 -0.1916006662037051389 -0.84470236267542087027 0.49976704893477036373
-4.5620864673021799263 -1.0483549164524885722 7.200346411749364961 0.93494989353873458882 0.0064445299574221182048 -0.35472124915978192616 0.32407324075831123178 -0.42239940584232421594 0.84649588101089423553 -0.14437877682080085817 -0.90638689861317700558 -0.39701077923157568339
6.013192833057857456 2.7965541091476611157 -5.3664777593023140767 0.98499084067299635947 -0.0028102699052244672212 0.1725837366999785627 0.066377395909647751715 0.92914529882279162099 -0.36370737549256232368 -0.15933325171641432583 0.3697040925638520048 0.91538614739288726163
-0.11523692397896767581 -0.44467248685406046693 6.9011029816850868457 0.70889142451580466897 -0.0070634566700301364833 -0.70528225259666710301 0.34874808835524689909 0.87266968902338337699 0.34179289742240043237 0.61306420472619627127 -0.48825989128712143916 0.62109142599442468402
-5.4996322225212681545 -2.6605438017580853582 -5.3961537366103282665 -0.34252957870676875585 -0.00037214621604536200425 0.93950697135152572148 -0.88621393375025259154 0.33213912980494736393 -0.32296820598859626861 -0.31192683651457464578 -0.94323033240020182078 -0.11409727736615811466
-0.34158714739422246787 -3.5517597634590161171 -4.4633057515189147324 -0.86225187709403561254 0.0038925084914045570555 0.5064647557583613624 0.35761536129543181062 -0.70343180588587450597 0.61424339461955468344 0.35865436539003370253 0.71075209661730787136 0.60514337420225172703
6.3967362792044166753 6.9767055487889564347 0.083716794971379349111 0.9913715046985842605 0.0041661543436430914511 0.13101596402546819564 -0.13095168667989695588 0.076065455333543724459 0.98846633845591125311 -0.0058476856300972660657 -0.99709412277032616334 0.075954689847792522528
3.3689400193703811226 -6.1014410003175392205 4.6473877983430753602 -0.95995740846379151723 0.005022086196413455203 -0.28010096855546645633 -0.23987187087762651405 -0.5312320396931187183 0.81256015504402767657 -0.14471786170731451571 0.84721148401902357516 0.51116478932837960958
3.9885225739668848099 6.8155299759869381049 -4.452090050586386738 -0.90301450195465260418 0.0020913932394996765859 -0.42960497591811197537 0.35683396855568938477 0.5605147332473655597 -0.74732372683964043425 0.23923697068850000025 -0.82814181145919163463 -0.50689921283115968453
1.3464194198092664934 -2.7893346757166166405 -6.2441905669172061977 0.82678945723062613471 -0.0076261317252124460539 -0.5624598079217013602 0.039037553603571799321 0.99827521421283582637 0.043848216577598610189 0.5611552929635416076 -0.058210298086312180221 0.82566112805176472556
-2.2088485681651928161 5.9052731382139675986 -4.9517150511091099219 -0.98687058925188730907 0.0021434151254918353165 -0.16149874872988884134 0.076533457836172796851 0.88673211557909459302 -0.4559043595231845325 0.14222893482464443737 -0.4622786616016653638 -0.87525388838123752144
4.5979612827442295497 -4.8994296865983075762 0.61602882802450709132 -0.51118127297897364425 -0.0028117342992959584377 0.85946832420154839483 0.54395993316066437728 -0.77528826815772589054 0.32099173256152846445 0.66543316514239037041 0.63160129465298664453 0.39784231464405644951
3.3410982106365079147 1.5138013321870380512 -6.1930905204351400783 -0.90924204330979163657 -0.015557175408064592009 -0.41597701976313056216 -0.15330202903418335691 0.94158091688768896788 0.29987308123094091883 0.38701084554793130366 0.33642733427332865981 -0.85850990336858767904
-5.4360550053470264587 -6.8042607884863270939 1.630691217561802242 0.99115119910393800762 0.00028669613943312760845 -0.13273740362204886067 -0.088062477188635884806 0.74965487869179237013 -0.65594402426205788981 0.099319185590707570466 0.66182889077083983942 0.7430465791016457322
2.8679986399313368572 -2.7167156329806569914 7.2808807185869888201 -0.94383342221374832981 -0.0076972223666069185255 0.33033199039757998872 0.32722568177904143294 0.1169372189475540863 0.93768280351568911168 -0.04584565733451811953 0.99310948016458122645 -0.10785052670673608843
-4.3550764003397750557 2.6039051103095247619 6.5534106241057159536 0.99079306005353084963 -0.005616352306904103496 0.13526850607837245799 0.12517509689823652641 -0.34264326464133654238 -0.93108903350452243419 0.051578166567110519947 0.93944880104385863895 -0.33878554123643256357
-5.7367594171540901016 5.2703629027044742728 -0.26618841413206895119 -0.84448264633463865358 -0.0067592040627011493875 0.53554026291217049494 0.31396882736462317087 -0.81633587238135030262 0.48478791126275727619 0.43390394730040765525 0.57753792656733349276 0.6915036571801055354
1.8642572195424016446 -5.2406624821780267709 -2.9729503916750634751 0.98209916781296402455 -0.005582332395635297706 -0.18828186887222830848 0.11662766772017531258 -0.76689981633222015223 0.63108054860829965182 -0.14791623204751744303 -0.64174255685170578101 -0.75252061700806227584
-5.9217927705456210319 -5.73980903714386681 0.27205820368898114836 0.92914840395789499716 -0.02760585819171991126 -0.36867487033453150147 -0.36789804239135998065 -0.16756561892141424996 -0.9146435337114495745 -0.036527713140718218177 0.98547434261327326865 -0.16584946856630103373
-5.1305879474033062593 5.5379830008091479598 6.9905811383834688399 0.99236584826900831047 -0.0023455182790642131394 0.12330661674620344015 -0.10987994701729771052 -0.47083368767443417591 0.87535252087050297032 0.056003753738883749191 -0.88221887142305999152 -0.46749699728690868872
4.4604898617904007452 -1.6355142605004346912 -1.9561597812912654426 0.69969578887737515771 -0.0021085428177357503493 -0.71443779090592862691 -0.3066277216056462751 -0.90409868255182979091 -0.29763234459824894351 -0.64529469498070235467 0.42731853020351356909 -0.63324057859122229175
4.2098957968898078619 -1.6681445109804073912 -3.1787505972827161393 0.89352449885029616716 0.0067028941867057741447 -0.4489644096851418964 0.34501714588845422416 -0.65016258197635423688 0.67694297104027645329 -0.28736238271101882669 -0.75976554818405783731 -0.58324880865315764655
-6.735932970541034237 6.5580547049737605292 -3.1042123203383429342 -0.88643376614410995806 -0.01149128942266960246 0.46271279267679704672 -0.3476207732618890045 0.67658694663790031054 -0.64914551653379448659 -0.30560591655957525248 -0.73627308378516387322 -0.60374412614712547054
1.313488792358766144 -6.173033880121263195 -3.5833210718758734536 0.9653093235072934819 -0.0034370234360223835511 0.26108637808166101912 -0.022515665341941080296 -0.9972845587997339889 0.070118140261023850779 0.26013641568245238211 -0.073564228055165520326 -0.96276546966872600386
1.1380614140921199162 -4.5034644656164717347 -4.9598628268217117565 -0.97631576460858060518 0.0096707423419870944259 -0.21613422801404541529 -0.21440448483304280769 0.090440027665451727668 0.97254887706446002671 0.028952455166131714492 0.99585494834257570762 -0.086224574231682296621
-6.8408187836176574947 7.3926037960049795217 -4.1770031044826403388 -0.93727166955518947944 -0.0048984985950574228691 -0.3485653771686731961 0.059139202765750513435 -0.98764178899991472704 -0.14514217621832928296 -0.34354675394399286636 -0.15665152834442538921 0.92597836179999815087
3.3762014166410247995 -2.3107726451290209191 -0.37836828327287663765 0.93766911696695087741 0.0042650118814761680749 -0.34750314640333229699 -0.21229753727596295532 -0.78463655893729733481 -0.58247336938744320722 -0.27514792885481997864 0.61994135210737699726 -0.73482401783984507837
-2.3132829131189960314 -0.67335972460424486918 -6.5139570318136588156 -0.90620261063806450963 0.0066496304656923172979 0.42279145082120106469 0.40043985186809560872 0.33464207131707079945 0.85303142330182346598 -0.13581146309739872136 0.94232184869035739982 -0.30591629569551342938
0.63925395549964325603 -6.9499335650177274104 -4.2189301103887428823 0.94209947557906403848 -0.0015790045889752177266 0.33532981504500436465 -0.33028758496607568684 0.16845426216245043549 0.92872669433830457031 -0.05795420028677294999 -0.98570820647078449817 0.15817914642992861318
5.64857528222076688 -2.8944148461042988885 1.1458775738491973062 -0.95179676148270886404 0.01411126874092805128 0.30640462941286389364 0.15039580131627083848 0.89208938913470892107 0.42609579291468591133 -0.26732756643775557048 0.45163856554517423092 -0.85121006710146207563
2.9126860507178307103 5.8827469203255837726 -0.048717600124880244827 -0.95953731831271427133 0.0056945802165319081567 0.28152390044439673522 0.049419840244627206982 0.98768242022794161539 0.14846250759996909574 -0.27721077568424590254 0.15636818259746859683 -0.94799956609466529134
6.3730169096755107105 -6.5021617600825702965 3.4448002420277394897 0.93377145216183476961 -0.0093753540153253198119 -0.35774708645163783016 0.33334545138498189454 -0.34090444892233801033 0.87901363285550149218 -0.13019863735274722627 -0.94005120043644196937 -0.31520161070257629587
5.2875496958275052251 0.11738171564071286923 -2.7914062926394098696 0.27682809601218999473 -0.0028789031363379460719 0.96091514566848268419 0.87411922195340407971 -0.41457633423161638353 -0.2530653056162607828 0.39910122910093126514 0.91000998621544082479 -0.11224987268736112689
-2.6340426334484878801 -5.5311910650660678357 1.9490164236417628629 -0.67211487569683858734 0.0033969198865433890278 0.74043909594391699169 -0.64542870591471945829 -0.49276777486446698973 -0.58361091973708534297 0.36288204619171293697 -0.87015422827821220508 0.33338902135689979511
0.97508996886262189197 -7.0999019878831797215 -1.8805340930740763739 -0.91764043004059370201 0.0041859230260424939302 -0.39738963147437694756 0.24282465866432001445 0.79748054189087802524 -0.55232324815264632889 0.31459851604779520695 -0.60333014457575917522 -0.73281683273973141635
-2.6453537177956998327 -1.4911960133807835582 2.5415850295021540362 0.89065002712826113473 -0.0040787070357640609758 0.45467119253952453795 -0.43724714782809742664 -0.28198997988854657137 0.85398863163316818259 0.12472955099978005888 -0.9594086800688237382 -0.25293778625580187747
-1.7471627383506256326 -0.099083280036469878471 1.6873386779388874768 0.98578979787684783975 -0.0086205464389590129998 0.16776221440196648071 -0.14857309937683091383 -0.51076268277832037601 0.84678658233506742814 0.078386915639901119657 -0.85967852599683769466 -0.50478542312183449781
3.1638870222433248536 -5.2200286448998989286 3.8687921415781953982 -0.70839808601947495958 0.022267694237613936542 0.70546176474495081443 -0.70110756638553795028 0.0930213566901383071 -0.70696195622996094166 -0.081365423128523850504 -0.99541507774037052414 -0.050284102122285713465
-0.93403847208585522033 -4.5129119562304476077 7.0914795282281080091 -0.89111017111909029964 0.00085082772574609100841 -0.45378622612468305642 0.38420866966560124345 0.53352915576697801381 -0.75347882392308640487 0.24146710144879152127 -0.84578124597252679617 -0.47576015268111487844
-2.7364431424716282315 -6.3827304532483699617 -4.4160093651318694796 -0.97093747044420553038 0.005768449767460670681 0.23926377384545821636 0.12878387366516538814 -0.83004750062239784913 0.54261944361990233077 0.20173037047326780602 0.55766286562565314799 0.80518133729674434829
7.1055512375339837661 -2.8270092538284892214 3.6789562483424189665 -0.99986400255986485064 -0.0083042977878279335135 -0.01424833404542966836 0.015300668599610857401 -0.14474228944115705153 -0.98935107984370851408 0.0061535294931979473559 -0.98943453966677707978 0.14484966616862113287
-0.57002674197552893887 -1.6882215411609049482 -3.5850137120229019772 -0.99908129353337238321 0.023269121731565509809 0.035987732432567830221 0.040383150317552379827 0.23009446762927235342 0.97233005565854535579 0.014344688293126742901 0.97289006775700515028 -0.23082275879455618761
-1.5454824267908542357 -2.7284378996074987178 0.21970083639804810494 0.71728393739300611021 -0.0023715507580762728093 0.69677695778841852725 -0.46714012606024085672 0.74033532757903719457 0.48340842500186875785 -0.51699502491064974752 -0.67223357435148944905 0.52992279223701799218
5.9604115090694023138 6.9456820200829767487 3.2804129845590543901 0.79746000475561173992 0.0029097342363609878316 -0.60336479368773321408 -0.58103287226804944954 0.27328555620848821173 -0.76662624929728939716 0.16266020459551927546 0.96192855151227507626 0.21962495219456362738
7.0008363473696375578 -6.1020692397564282317 -6.4370096204327298395 -0.98995988390872391438 0.0035434813147214743768 0.14130418249883239246 0.13687020447459932737 0.27367829258779119428 0.95203295073930027659 -0.035298376429835118251 0.96181476174279745273 -0.27141552777062855073
-4.4129536673291935855 1.6358276887920482068 7.1579857648771527678 0.95856365367365370389 0.0010017291238023956663 -0.28487667225411383853 -0.28217596508395398347 -0.13407516126222931985 -0.94994767006476144022 -0.039146476019496251331 0.99097065933934558313 -0.12823691256411218209
3.8481263902624536222 0.048875332818716761552 -1.8212247772847789395 0.94531705944949129261 -0.00035868650492429116766 0.32615261528565814286 0.32218544393873665976 0.15652707916223482232 -0.93364651405272536255 -0.050716829826811103688 0.98767360237725076999 0.14808328176867296966
-0.50943378914270054381 -3.1223270069063775445 6.2868508985039159853 0.99865716669979009978 -0.0084693778265709698111 -0.051109030887954126632 0.014265043473853242922 0.99336421889989334755 0.11412290367860336571 0.049803332556808591058 -0.1146987281907360795 0.99215111239045639113
-1.308622236837783559 -0.58258462213323147783 4.8022813097979168973 -0.96765889673550731231 -1.8596047042552859771e-05 -0.25226228260036881457 0.15786196386378520407 0.77995092258245435346 -0.60560396194858190366 0.19676346188669488479 -0.62584068101789536165 -0.75472351364550938069
-1.498013489507864282 -5.7956400753547958615 5.1149364075528689355 0.95177978980341404469 -0.013421962900620015152 0.30648830749919780958 -0.30393980887272425973 0.094421860420087058707 0.94800058273049092605 -0.041663224842235821455 -0.99544179296769641496 0.085789349624734959066
-6.0673745991762588758 3.5754518782741633309 5.8110046288517702706 -0.9327400095954248016 0.0059913497674874780646 0.36049990045489660462 0.22273479911400173581 -0.77667947969703365896 0.58920131965332045443 0.2835229863056566435 0.62986751745541025294 0.72310554325826204014
4.9905757940417228014 1.091690705535409478 -4.7020956915866394255 0.27005661968813815532 -0.00084641820583017390867 0.96284407135261473876 0.91534559830215567189 -0.30998373972499715379 -0.25700684188360733984 0.29868354127983554047 0.95074148151972115439 -0.082938395729428002201
-4.5969926036266279823 -1.7328571760265383261 -6.494858318667955821 0.8591451924800707074 0.0053121058679968784916 -0.51170432846491231693 0.18749693077648654782 0.92714086049867450168 0.32442984718336581595 0.47614539710877956669 -0.37467533455682516808 0.79555260950297612688
5.5749683863942118833 -1.8775008465102203115 4.1293367099636757445 -0.99225768403722025557 0.0087111895069727912633 0.12389028874992036311 -0.11593668665620590619 -0.42267244406863646589 -0.89883629750481008891 0.044535077818999763144 -0.90624065247724849836 0.42040992690615608396
-4.8414472913348527428 4.4010545736556760943 -3.8948318479845287499 0.9265497116933325561 -0.0058368395203165649235 -0.37612705707707616565 0.34376767979543526588 0.41912585645043032301 0.84033165999076564479 0.15273969388840763495 -0.90790938301082602102 0.39034745823658156816
5.1238216157793248229 5.6125638123357601827 -3.9765658093729414624 0.98694764666810375076 -0.0090150304059038056242 -0.16078890497501724388 0.16094812358500859562 0.021233910528711919669 0.98673442351938067674 -0.0054812636083061104519 -0.99973388972776133787 0.022407710253816100904
5.5316247098662012505 -6.7441497635917668774 -5.1023072394744160007 0.78173364338141149155 0.0034710542134715896903 0.62360280835498538288 -0.62311010940917477274 -0.035782465957158324232 0.78131517755778923107 0.025026033599849815264 -0.99935357452336570638 -0.025809508511144399479
2.4128860032199290764 -5.6362235266112215015 -5.1906652604017704533 0.98965446779921062426 -0.0032989528365534471349 0.14343343848349371372 -0.055635137962720196403 -0.93033307297836265182 0.36247083295981669115 0.13224509740963738547 -0.36670081842404511629 -0.92089181991058044474
-1.9807117436934464916 -1.1833186640521184962 7.3184803814015051415 0.96880796032953464536 -0.0043924595888594469145 -0.24777377242323686546 0.24745632059772873501 -0.036455420409424829642 0.96821297849132825775 -0.013285533421525184961 -0.99932562692128223958 -0.034231359601627493749
-1.3448378877515141383 -0.39085380498358412993 -4.2999934158980428478 -0.43092810215374444116 0.00083944632834515985759 0.9023858742821221357 -0.39432600231304754113 0.89929498537910379508 -0.18914421263077021984 -0.81166986803372986881 -0.43734177093181808571 -0.38720046581104727856
-0.16789883180220516179 -3.8126780652233831503 -2.2721789956021556378 0.72030892706004057136 0.010320490591619373155 -0.69357662667618658059 0.63188296780110331241 0.40271032656735245014 0.66222979990247066162 0.2861450062476159073 -0.91526929389656253022 0.28355450102154394765
1.8836974542544040467 7.0953100779950633026 -6.4870186065382711149 0.8613972163704046725 -0.0046760534794684409723 -0.50791039579162711171 -0.35356846204342290418 0.71239995910318443251 -0.60619769128408429459 0.36466995801361734575 0.70175810133823468551 0.61200603667665887109
-5.1307631259685910763 1.4957848802129563026 -2.7516666443523249974 0.97774754856892598376 -0.0028517323792455482115 0.2097655808035196745 -0.072249525191771787891 0.93415956072684824818 0.34946519313355939307 -0.19695110402577539754 -0.35684419951117440917 0.91316618416265105118
5.0688504702319718831 -3.4992056139176308527 -6.77678293188867098 -0.56510680987303529843 0.0086394189762371825098 0.82497251704216367774 -0.75019228942057625265 0.41072776353421536211 -0.51818359020355486688 -0.34331592204426775172 -0.91171709685732538198 -0.22562383067600999542
-4.2403421282281366089 -7.4041319281946815778 -5.3998798131594538674 0.97372339462044132929 0.00054981553358361516526 0.22773328362756090071 0.072652383232077580311 0.94699421210838385932 -0.3129274571586699305 -0.21583415387652876705 0.32125015165138909312 0.92207047349128978819
0.51812580840072264277 0.30088070165988811677 -4.7183106002191141926 0.48824677809406902274 -0.0038765881394533354201 -0.87269700110932735271 0.77205638422298417112 0.46813202401229420113 0.42986201003897839268 0.40687101550902210478 -0.88365003262520980254 0.23155689706866422473
-2.7255140764598722036 3.6342133453918075148 1.2455183198608152928 0.99827315263519311728 -0.0056889834535385156583 -0.058466641728545341861 0.049856091649984508873 0.60841131822622618319 0.79205431504386569763 0.031065782673718733697 -0.79360147638565547989 0.60764431522510864436
6.9699777926131085692 -2.242790628360534555 1.6105400658559274607 -0.99092336768327182739 0.0011305764479782962756 0.13442321665571754785 -0.0012789956931639565735 -0.99999866415728033697 -0.0010177689932628179725 0.1344218864217993914 -0.0011804577934596098554 0.99092348996791224103
6.0271431384879692317 -1.9895367066393798705 6.6896453030698896924 0.99664202146248648262 -0.010900211658903815118 -0.081153351384680480485 0.0062619780425467331392 0.99834364131980191104 -0.057190571489959755869 0.08164232166086962672 0.056490346273855809867 0.99505948168517621699
4.7019450764585615232 -6.7351403956976350074 -4.4209521846331698569 -0.89523281090942818938 0.010542190480221456245 -0.44547399081346367167 0.4304260650300646418 0.27911517971249016901 -0.85838692848673181501 0.11528927449727657817 -0.9601997597760352221 -0.25441070046666591775
1.4638928666063233397 0.74385980502361459532 4.1921970643803350143 -0.80816055108246254157 -0.001311552641256160702 -0.58896078265342688418 0.5478427383560312558 -0.36876896750954257787 -0.75091795998797372658 -0.21620559128893915291 -0.92952016031480100278 0.29874305659510835831
-4.167167556770643877 3.6532132557972762932 -6.5345759646343966054 -0.62980188547533111354 -0.0031980480537715724743 0.77674922435770887841 -0.15355889149533843985 -0.97974313255172518211 -0.12854205949949071286 0.76142580196261899772 -0.20023278129787486224 0.61655298344855047343
4.0898776714540634458 0.35345571457481211874 4.0019853149177810892 0.99440271568437454963 -0.00056257610559273894119 -0.10565473272696591922 0.039680924286103549936 -0.92479383008137250322 0.37839370514224557329 -0.097921720201857492816 -0.38046820544115744767 -0.91959517254130385133
5.7124411781977073588 -3.7008438244588157673 6.5554753050415497384 -0.99929552391757880958 -0.0049622795566559010569 0.037199887903117970223 -0.030872789487464583763 0.67228025756373566146 -0.73965270645037251018 -0.021338386716615469207 -0.74028010311752023842 -0.67195985161363935845
-0.81364389397415248784 5.0399841675073719927 -5.4219144366702440863 0.96463509249950929458 -0.0094692453600960027615 -0.26341881426870911165 -0.04269187305008736999 -0.99177240093455565351 -0.12068516362842400536 -0.26010871245289363118 0.12766298655781455063 -0.95710272153480946411
-0.89492726280902268332 -7.3889784276967862553 -7.1277367678211946966 -0.93641179460230916654 0.005658639751442387511 0.35085742221856103251 -0.23721422821425985905 -0.74700406779216887987 -0.62105904118253096868 0.25857757223386351741 -0.66479538393260484419 0.70084572955788948523
6.2478917206656916505 -2.8120759362571492446 4.8265311420540113474 0.8904101401418519357 -0.0079197340048565607884 0.4550901670503896268 -0.16639421803486420526 0.92497759818995839431 0.34165685570634829471 -0.42365404109633642005 -0.37993910125165514247 0.82229163488567214024
-2.0391654186498651136 -4.7508694764796501886 4.6399398093258605869 0.49796590817648922478 -0.0061586336663424995699 0.86717473759642316189 0.3133530660037483484 -0.93113264697348008259 -0.18655253889009565382 0.8086036175531549075 0.36462866723785591905 -0.46174248744109297471
-5.4074884930591613497 4.2593057443181079336 -4.8978633095301802314 0.9622541381973778174 -0.0062977838928072044089 -0.27207960496884381341 -0.26116324428687615056 -0.30258881071263876716 -0.91664266290912399526 -0.076555426688749414477 0.95310038797055829374 -0.29281208495375304901
1.848333367339873412 -0.59264485501388786126 -0.92680046800609217073 0.69669232410281367596 -0.0070757256617465028037 -0.71733516548575237959 0.50864146184437719622 0.71000994975819287092 0.48700075414446580835 0.50586922107290144268 -0.70415609444977811382 0.49825748947735021277
7.064890641593265741 2.7215207191814632104 -4.1276160693373746824 -0.91099405626307494721 -0.0023148485838535692166 0.41241298588814429005 0.072975731332335355694 0.98330039489613296766 0.16671795354292648361 -0.40591177870274314232 0.18197520400612091085 -0.89561188750323961205
2.9265278743749059132 2.6631358508549412001 4.1845972037335714688 -0.99278826999330782588 -0.0046293034345567763907 -0.11979157112854001144 -0.036856295380649974069 0.96264395372412170371 0.2682503156552243917 0.11407481954638803989 0.27073084033413352678 -0.95587224441213269888
0.96226033886923489913 6.7920152901517774069 -2.8745823704155419875 -0.99685741224927704174 -0.0052319095351708536784 -0.079043828135975088833 0.075239569588713542392 0.24966275691025308081 -0.96540536303680624108 0.024785213573354971522 -0.96831871557593107713 -0.24848452316697253184
1.3372509532055065762 -6.121645994196773799 -2.4627499227700324624 0.99842361628084264069 0.0032770039552844016165 -0.056031631225768506466 0.044157992722412567344 -0.6620856573781848109 0.7481260949684150896 -0.034646127221843375787 -0.7494210055363351719 -0.66118666224404676335
-0.41251716294255352802 -6.7712742673427177564 -3.5721161561585872413 -0.81151014840217405855 -0.014790409738923314051 -0.58415111300087252388 -0.38029155135494907558 0.77236770944730825939 0.50874989667938574911 0.44365483769299207673 0.63500343714263418615 -0.63240890237940905472
-3.9572499313123823406 0.73532256989402244862 0.44325800889462707577 0.99503701340070227488 -0.0032409100423939599285 -0.099452694607495006895 -0.081433899759522934692 -0.60088666665900258845 -0.79517528495377864939 -0.057182706586466805487 0.79932766143394495817 -0.59816839412823108457
4.2593565385428266978 -6.8530319065942970624 -6.566010945101491636 -0.90760860371524854084 -0.0092089470129023479061 0.41971635393074535614 -0.22068258523923989234 -0.8400226226343139313 -0.49564219961041100504 0.35713557514499205681 -0.54247321478337928724 0.76037950538425858049
-4.0141886017062393677 3.040646113827817576 -5.4928795363052342893 0.92537743555266882556 0.0063611036501441493504 -0.37899358586958270534 -0.36990140025895529297 0.233466541625357904 -0.8992587658888760993 0.082762043573087307191 0.97234402877889392069 0.21839765072401348678
5.5135739710441020733 -1.2058346460091431407 3.3532551846511897686 0.99608470832798179373 -0.012939393387048751111 -0.087451849230897479859 0.080761451020693930669 -0.26915512760371917977 0.95970469693215465501 -0.03595611024791467436 -0.96300991136296887341 -0.26705630258887236295
2.9954046284908346642 5.9601168849762551361 -4.7856246772247672538 0.98953202694174369203 -0.0052303232434993320726 0.14421862353853345806 -0.076511741872946154031 0.82831562841188599577 0.55501276839753099779 -0.12236143596801880851 -0.5602373277883765379 0.8192446615880110139
6.980757185042438806 7.3702634244042863898 3.6646113081553397528 0.60943792311386113525 0.011831264936188702272 -0.79274550710846680701 -0.049117503831151050619 0.99853142441963516074 -0.022857499073182539762 0.79131086728794086671 0.052867907245249763648 0.60912403966305794789
-4.893631055503258942 -5.1624841794413658391 5.9444894420392904166 0.92970103370916035157 0.007320265716740046065 -0.36824231374180266263 -0.082311833982047610814 -0.97038603414739155184 -0.22710285493166679216 -0.35899965168037750729 0.24144845918219323688 -0.9015663545474630336
0.84769142361195359836 -0.81959827134041562946 -4.7423482782181132222 0.011667174572222657053 0.0038540884293938983476 -0.99992450867045679086 0.77127675895772807024 -0.63646626732104694124 0.0065461174887801731881 -0.63639299032071150464 -0.7712949089452436624 -0.010398331882720939986
6.9077753559022259111 5.547165433029784154 1.2985764644441988303 -0.23705076651927459164 0.011086313397706428971 0.97143400586338890523 0.94069008831366862644 0.25243594542468933417 0.22666771099113869337 -0.24271195240657619796 0.96755009540224035103 -0.070268919489127973366
1.108068427637173281 -2.6552506595305565007 0.19869258874234266288 0.86154960084239606832 0.011957589780222271578 -0.50753256184677264518 -0.038195799266425745078 0.9984158029986519578 -0.041315435867173982976 0.5062344972505625762 0.054980909133379454734 0.86064146624721349355
-3.5646350484812248105 -2.9785486000297138887 6.1381222496659777477 0.95624184899033271012 -0.008566589882467116196 -0.29245194438968019623 0.15786451498685943884 -0.82647595585581901112 0.54038531558519742326 -0.24633375965848217093 -0.56290683770054794621 -0.78895853561670703513
-2.754769804385214016 4.5410295148116599506 0.24610552185533052238 -0.59808706478513884441 0.0081318924754265539678 0.80138987718932097604 0.78743800284966536385 -0.18008017754208832661 0.58950192648083721281 0.14910819764483992933 0.9836183212919461516 0.1013002636418461333
-6.0360814724575266865 -2.3414197395166111981 6.193492370471304298 -0.87086494444589490627 -0.011109380490687135318 -0.49139681541523033692 -0.2067024367148894981 0.91532198540901210659 0.34562952084988241008 0.44594657885369881622 0.40256955261412941116 -0.79941816599128356913
0.44346009569899530467 -5.4211577772310723944 -7.4637938181496696899 0.89969899142918596802 0.0031234450445668171178 0.43649967802103167847 -0.43630853129023616788 -0.024007494565694915273 0.89947679554728643403 0.013288729987763406651 -0.99970689919385091748 -0.02023673292757017031
-5.6394487680504434834 7.3541081941275194822 6.2122782272626713151 -0.84232461604299591063 -0.010153035625652206617 0.53887489928139664652 0.52932856670118688669 -0.20385636430807987929 0.8235616863387269504 0.10149142664305835226 0.97894815930085965494 0.17708752558917537079
1.7542068805095303308 5.8091676318827394354 1.8888730108298283916 0.95030087356631454121 0.011479678413191488073 -0.31112130541406113338 -0.27044025957490197554 -0.46464697700731433239 -0.84318755491239927302 -0.1542410960155958799 0.88542159660901398333 -0.43844986094017773803
-1.3524694998070367902 -5.4000069716390735053 6.2352011838932392962 0.99679790880893293092 -0.00053244643136916337562 0.079960274481307144767 0.058666219228830772392 0.68435432862195899606 -0.72678568203960303151 -0.054334185516314296993 0.72914941500161212229 0.68219420027374078064
-0.49571475737469905543 -1.0403308555786237033 -0.83387807826432169822 -0.97868983196917724854 0.0086076249227644164447 0.20516364588584568018 0.20425592796121277983 -0.06191644880783846866 0.97695745519426824277 0.021112287717542234378 0.99804421853959979227 0.058838840463731993669
-2.2502377180893331499 -6.6503458818816074682 -2.2295315365036074695 0.93404658880309510138 -0.0081043216562434409328 -0.35705922466151979178 0.28465841221578341846 -0.58689791775852251376 0.75797125439256451962 -0.21570015832205086115 -0.80962037653524598912 -0.54588303472327681654
-2.5562347461570529283 -3.3534484706865241854 -6.3914629786432257674 0.97835582230195961007 0.0019697331831161181762 0.20692028687150884614 0.15145714547462679755 -0.6881698366561095348 -0.70956536626401822687 0.14099864556967042772 0.72554696337858892718 -0.67357329659044362646
-3.744088077098677303 -0.1681841516184305052 -4.4420475542289414861 -0.96056567180858387633 -0.0021123940978472711613 -0.2780451904531637819 -0.023735422213428947202 0.99694411077692635104 0.074424926735420893209 0.27703830037620202908 0.078089549738710989368 -0.95768042808974152003
2.8668037230420080341 3.7080791684164191579 -2.4517307920237700891 -0.84502210539239530629 0.0062834189270959553766 0.53469445484762068155 -0.30055165841493963752 -0.83261966638391127216 -0.46520231273582030029 0.44227405759585819434 -0.55380954289117956257 0.70547051545788364013
5.4334156385742300444 -7.0295735782991801699 -0.32899852961084163905 -0.9469640867050248545 -0.0018379059561784878707 0.32133415721436847656 -0.0040233064638306535038 -0.99983744826826015384 -0.017575268005645114378 0.32131422548040150522 -0.017935973407308382355 0.94680276159387977142
6.8293390207554818261 6.9866688148822806426 -6.0758460225165187296 0.63009824756467158746 -0.0080311198219505820078 0.77647388850504350799 0.73228551480192449752 -0.32651445820182045665 -0.59761712943688305444 0.25832948578724390654 0.94515808714711013749 -0.19985511520429397048
3.6081555838742449538 -3.0042475975463207583 -4.2889201688823339609 -0.95269817422431424259 -0.0011601995502102720875 0.30391584816635880406 -0.15107377690271556192 0.86950212906634405385 -0.47025818598020274752 -0.26370988370180203919 -0.49392783024056741148 -0.82854836657363895025
5.876621383744211613 0.89963147422632006034 3.3774804597352656721 0.97380015709630574072 -0.0071149966465890940662 0.22729415052287055277 -0.15382850380112136901 -0.75673780016593128472 0.63536186005966399648 0.16748147795351980838 -0.65367979823674371431 -0.73800587797100081211
-4.9773364829572743773 3.4054970083544988668 -4.1688587239182117727 -0.96054379408648327132 0.0015661677361694104071 0.27812437282715141151 0.25869373000987194722 0.3722755269753449392 0.89134083608276826194 -0.10214290819954337242 0.92812093992848654356 -0.35799210489989052864
-6.1063728987974599249 7.1273259962850712412 -5.2767536580361893428 -0.69785643808062136628 -0.0062012562992292356162 -0.71621081829993760159 0.66489038632574226639 0.36618494397032214094 -0.65102178226319706855 0.26630277129823315407 -0.9305214297531672063 -0.25142136498134659561
-6.5540415285091144781 7.2965336015618955656 5.5708434282482466315 0.79952704270053676083 -0.002073407423267858464 -0.60062651371066921868 -0.54331749906949755591 -0.4287996782412600294 -0.72175960758756563251 -0.25605195409416670049 0.90339721989935917179 -0.34396345719101073524
0.50117274151256707704 2.4896346201066208437 2.8437996028051513164 0.80794728641016588799 0.0054463396809050802772 0.58922959851533573961 -0.083000668615903855363 0.99103953274688849628 0.10464957497266529074 -0.58337986886058967873 -0.13345779076816580155 0.80115975104318382094
3.2267168543427029448 -4.4416083341093512971 -1.9620773175099552876 -0.78577449790097830817 -0.001766241708106051217 -0.61851056485627753379 0.47920599438595912201 -0.63397789120101699645 -0.60698735440931084195 -0.39104993721143255225 -0.77334915391334702051 0.49901005275279181062
3.3670937634152569018 -5.0836621119678744307 -6.5006091609583238622 0.56981661753023882255 0.0074487362373729815862 -0.82173812051947725532 0.49712798402241015205 -0.79935796341381470942 0.33747683450685495021 -0.65434913455146614947 -0.60080892358161697153 -0.45919042613748950465
-5.8083559761489516049 1.5966680773376595859 1.015689856386376988 0.78061905159098565754 0.0012625807585093041033 0.62500584171889639329 -0.18405286309605647932 -0.95519093695278123324 0.23180771675971140189 0.59729259151534697114 -0.29598763462859045692 -0.74540786168903350184
-6.8205371460501424963 -1.636126046494798203 -5.1347508435063806687 -0.95436690402060053717 -0.0082440998817958459355 -0.29852277522375880725 -0.18032971337059877648 -0.78089034747899577216 0.59807312236032361685 -0.23804412823226442364 0.6246137206556985344 0.74376924713439862558
-3.3522602760651980525 6.6035770942177265397 -5.866354843411585307 -0.9474837814108940659 -0.0081581283498522744885 -0.31969974805292467046 -0.26502628636807584739 -0.53945827719235628361 0.79921576229619073484 -0.17898478007148882485 0.84197280960282561146 0.5089658499273096437
-2.5406011969835646802 3.9314264226653778955 -6.5028426466828515018 -0.90404689658336634395 0.013839316784406807681 0.4272091783763652395 -0.13351135089618867968 0.94032408953551804842 -0.31299413064960146524 -0.40604670662368003153 -0.33999864698282555864 -0.84824936904776948587
-6.2678968014815579224 -5.9427904286973163295 -2.6075742606080165586 -0.37708877111553162909 0.0019174025404548181769 0.92617513584967281481 0.52277160366240849054 -0.82503155212943612984 0.21455253061930751324 0.764535093441013891 0.56508341115126903276 0.31010777052308297064
6.7039918044937270025 -6.1150053197417770789 7.1733363566190471161 0.80524546069309077545 -0.011558963037311959302 0.59282892844960055623 0.14637878642369173132 0.97274002708027451636 -0.17986130935002522802 -0.57458941768739202338 0.23161008201172109122 0.78498647822250022799
-1.6977691090498812088 0.97420232218668478819 3.2408983079751538803 0.99959444741874881046 -0.0043716981180558309866 -0.028139455311895416462 0.015609100097955514244 0.91059173044601471325 0.41301217468444145764 0.023817990759467562445 -0.41328390810555531987 0.91029067589270529215
1.6936364947030324579 0.68551710142950772475 7.171997169259271665 -0.50790832711913569408 -0.0091377437420582588445 -0.86136266048759746461 -0.6730523374634110878 0.62828402502158464671 0.39020473464286087317 0.53761480846233744568 0.7779303860512695179 -0.32526086788910957281
6.5749822947440348386 2.9104893060555871998 5.9272690781469137278 -0.96518669500269393957 0.0025704409685574193881 0.26154930055908842679 -0.25992196467048062081 0.10237447470378803482 -0.96018750211139181072 -0.029244077546798512984 -0.99474260980532414056 -0.098142366825371640804
-5.084571819841094964 3.3602529272326848719 -0.62899125561416013852 0.98270678645201259283 -0.0033808913519655595797 -0.18513762836030239756 -0.090835726117456855322 -0.88006569351492791586 -0.46608287456073704824 -0.1613574997387077492 0.47483991478368103856 -0.86515363526157362806
6.6171493599460236013 -3.035391191325978788 -4.9706580841663852155 0.90093495122821065646 -0.01198718401427742615 -0.43378856724788955601 -0.2373903507080077635 0.82317292764136096306 -0.51578304798552920829 0.36326579118643931299 0.56766419529322775794 0.73877961959975413375
