1125 14.717824617146108679 14.977075390850430381 15.033177056927090831
-4.6883125542900927485 -6.8448845137996379151 1.3942959636836482762 0.99302863764577398165 0.0079503278301921269378 0.11760491955143537179 0.082690902626922177521 -0.75801014234146857351 -0.64697978231957142814 0.084002020440289495995 0.65219430877218853571 -0.75338319875550252558
0.07269992055948207299 5.6793707401616861929 -2.619729374636983632 -0.9931328836780237701 -0.0008541452648423777938 0.11698865668608145196 -0.099203784595757737996 0.53620208437655547673 -0.8382397830168278885 -0.062013583022029680758 -0.84408921041921380901 -0.53260465673398660336
-0.20355442331271969558 -6.7419964528388591773 -7.3090992631085152098 0.99869320599432853669 0.010043673405914929631 0.050109928409131629379 -0.0038118283864799207272 -0.96312911831871061974 0.26901258597125798921 0.050964205723331205966 -0.26885205238401210792 -0.96183222220089925614
0.59603494448764748892 1.6598222119553993625 6.5272990389747427287 0.79760705187609148847 0.0097164884366925923648 0.60309914661687524795 -0.17531833869926061187 -0.95296833059843355507 0.24721416017721506431 0.57713644046556766831 -0.30291409793687829044 -0.75839078208916121948
-2.5359552338332060906 0.12502542763704682649 -0.22285675274985505823 0.99349706961580130926 -0.017791417066743996089 0.11245905096361534514 0.096198138567203383964 0.65952160078242882957 -0.74550464534948512885 -0.060905589243412647238 0.75147503190741304913 0.65694427892989348816
1.7580675445263105328 5.9545075735242427584 -4.8868039411432118158 0.94013743232463820032 -0.0046763818440382926706 -0.34076346605080470864 -0.19836368556039829514 0.80555991750973754417 -0.55832344349188711696 0.27711632321648344002 0.59249586560126488166 0.75640940809355883268
-0.81679482006879799982 -2.1959008637527621666 0.97758050053031220195 0.66694563885371715983 -0.0034314577373903134769 0.74509847665380524173 -0.73058610705157112086 -0.19946633974085345442 0.65303684390215555045 0.14638119755384401688 -0.97989867047990519833 -0.13554018073816995194
-3.5165264320290505751 -4.8418279722592689751 -5.7132601148669941438 -0.7508231302324951395 -0.0085502232456174526165 0.66044796978297237722 0.4414531290992286805 -0.75027286578706398057 0.49214810948759613041 0.49130821478623870613 0.6610730069712957846 0.5670967444249491729
-5.5957707597975572256 7.4677385979320938247 -0.19822054533378249963 0.62767798759122628294 -0.0096379003362172810387 -0.77841342149950265572 -0.77710871096935918434 -0.066932083406362627431 -0.62579720960265949881 -0.046069460915584808935 0.99771098374628774952 -0.049501491724539221917
5.2520617130025257779 4.0781809056865698793 -0.30103480552558953276 -0.94174614502242603997 0.0057250749735751607292 0.33627581217192054064 0.13153932369720042206 0.92648110436055408634 0.35260483488481125791 -0.30953449671508365126 0.37629773687787232417 -0.87326308095784355157
-5.8250652676087488757 -6.8947779200047509818 -2.6659073876676604442 -0.9939160837849373431 -0.0032120132136705978158 0.11009314858227838008 -0.072170511664380918027 0.77407385725823196765 -0.62896826689072460326 -0.083199973796538054249 -0.63308715551694660917 -0.76959626940349867841
7.3202754858051637399 7.2966215088387391674 0.88442743008582991315 0.6259111940979862343 -0.0013055629074247830125 -0.77989324436634277493 0.14154216638640806925 -0.98320145262058311619 0.11524200058713927886 -0.7669426264313269348 -0.18251903755544732211 -0.61521200304630141442
-0.17984032671963995353 4.7907321870018719778 1.5365498575301372863 0.94120045417633624307 -0.0046026586144422565461 -0.33781728877006500511 0.32699571201902427608 -0.23899284272576118426 0.91430641769990272927 -0.084944154474745556249 -0.97101042046913543793 -0.22343512248755845184
-1.2541600640175389891 4.6412531266081211712 -5.8118515446143055314 0.99084339071758709139 0.005272048848297876053 0.13491323349605136017 0.13497090855316101754 -0.012796261275668234514 -0.99076692997990223333 -0.0034969866667920283809 0.99990422601287398674 -0.013390664133821660389
-1.8229261163808332391 -1.1263086602668013203 7.1353930374292451333 0.74036771779363397261 0.0082492015084878883568 -0.67215146590888041889 0.66806994156081700442 0.10167113857482174 0.73711975469645729664 0.074419054226001687957 -0.99478386107501959312 0.069762985262454529911
1.9287741869939767358 4.8465168682975923176 7.3222549414561184378 0.3107821618102831196 0.018735941538433706355 0.95029648657415044521 -0.1711273944909593725 0.9845706019406119669 0.036553312421147773903 -0.93494912308375499599 -0.17398187919693541836 0.3091932129847245192
-1.3784951284880426758 -0.60368271591493982697 -6.826455505803467716 0.41797736369179555593 0.0063561829380360673758 -0.90843520538325617242 -0.6262061831599708972 0.72646736274164913638 -0.28303884370065707232 0.65814948120731664449 0.68717157232360592811 0.30762719414398731477
-2.8430326141409141272 -3.9731823254509452958 -6.5322490272332229821 -0.70981222174434788208 -0.0037795776121780076152 -0.70438080940312441935 -0.40429589232269474985 0.8210539452989926712 0.40300775471464816979 0.57681144346609725115 0.57083809762677406585 -0.58432219278798569473
1.0821145422609963482 -5.1212956217432443751 -3.5843139620766208964 -0.9720709748925194793 -0.0035016401330164826852 0.23466094325166514389 0.23148708349179075716 -0.17886077349035606199 0.95625443992849279429 0.038623178893764979758 0.98386816302943691515 0.17467595091863033496
-3.4203738302777826341 7.3110892462784988766 -1.6685515146568199452 0.9962630079505235825 -0.013236471039733495661 -0.085351126668995344615 0.086049339898308402352 0.23736630337558273229 0.96760154460642322505 0.0074518516031175686953 -0.97133003343689128251 0.2376182569825936175
3.1800513035112900617 -5.0381783558122323896 6.3729623802915211783 -0.99577947164155888871 0.0063149375093726513308 0.091560719861355971405 -0.063605605495618361411 -0.76667869764778928676 -0.63887252368734315233 0.066163213395466810574 -0.64199991911007514567 0.76384457388647697407
7.2490440814975922734 6.8705513074045301281 -4.7050500818735141451 -0.99033492995846938989 0.0052160831720750207297 -0.13859840901023937065 0.087452740642650655944 -0.75212951624209645196 -0.65318696324373104467 -0.10765103184798691105 -0.65899467621052953969 0.74440397101857225248
-1.5757624322234906611 -3.515517807547074991 -4.6198603694367106343 0.98180413732409999028 -0.0062915717205475436488 -0.18979212854768295893 0.17468973743541324484 -0.36196376376237826555 0.91567774318140493506 -0.074458925375748608033 -0.93217093381433013821 -0.35427844781134715246
-4.5837293809892960539 5.6850507323994099451 -5.3589012522114591874 -0.96012117027188170759 -0.0033334407388373571944 -0.27956435139099894416 -0.23373064970180484901 0.55826997511448606115 0.79605566279980166655 0.15341877911718951322 0.82965265205299254525 -0.53678594910419019648
3.014294141477273925 -3.5424612193746405353 0.86462605976776552019 -0.90366263163878601805 -0.0053450555911204334497 -0.42821172165221937922 0.31949293867389055857 -0.67425086682148505091 -0.665815312776744328 -0.28516330464698141922 -0.738483039054495638 0.61100302021489416582
1.9729949296002886605 2.2128528320089690951 4.6096975588306507987 -0.99865788550108958166 -0.010151253917224040482 -0.05078759464932057488 -0.037266145316460122516 -0.54014994586249931441 0.84074328447987467516 -0.035967515060268004379 0.84150756861040876267 0.53904670468498394609
-1.1633715790061402995 -4.8459980585448727552 0.70197347250105301963 0.98539281328015770889 -0.011727198573634450146 -0.16989254353738464376 0.088200033060536447982 -0.81825401879826176188 0.56805027496579973967 -0.14567689488763696515 -0.57473718648975502532 -0.80526729025942422879
2.9139647582939396386 -5.5909023985272723323 -7.2774787782082057674 -0.79906066093564565023 0.0027915125554411361272 -0.60124393352666571921 0.56516243922996800553 -0.33774285989150998333 -0.75267601122653227108 -0.20516695013727223595 -0.94123427904534773258 0.26829937480628784918
7.0203865928796513884 3.8433642180724816306 7.1214152107656483182 0.96575838471421238118 0.00069210206581866214742 0.25944221581900372975 -0.24949239469292941451 0.27677093627650978247 0.92798243185038054026 -0.071163806423729894512 -0.96093567413610581074 0.2674665265559649785
-5.6173073312815038349 -7.4621596784999963958 -1.6954827177095592727 -0.86335456873999583127 0.010634694587244898634 0.50448567066542970849 0.082824940598216184595 0.98920451611386517321 0.12089025814632346767 -0.49775387276311566787 0.14615515239235199463 -0.85491505635269360308
-0.56099134259545291314 -7.3859545469256948635 -2.4444090040698647215 0.64578088874802741515 -0.0017775743812336705814 -0.76352071612826721836 0.65472516090018317847 0.51576224842257789582 0.55256155022431818757 0.39281294201181166104 -0.85672991270956266874 0.33423322584174014471
-2.1954146180237295027 -6.5108937707205480905 -0.030883043124320660316 0.98241890193563330413 -0.008785050739878888168 -0.18648303945204255938 0.17196514390246339654 -0.34624658794634255443 0.92224795452100671866 -0.072671111195297205532 -0.93810240550756052169 -0.33864847021452931797
-6.0544223877846716775 -6.9749888694363573194 6.6835327473638157514 0.97324157076784767462 0.014727965481823902805 -0.22931186616087587127 0.20966758695723367034 0.35141995469298925592 0.9124382271820400403 0.094023124330988777642 -0.93610207908989895298 0.33892853172123382777
5.1637999129821450239 -1.2587987232427382267 -1.5085527851826816548 0.99969140829480740429 0.0068995899964852860226 -0.023863860533250867701 -0.024833589028307970215 0.30144711250164984984 -0.95315944690301479536 0.00061728246603473362064 0.95345793510904508494 0.30152543000557352482
5.1787408673676837978 -1.1582796837155795444 -2.6060511690462946355 0.98942954954395423428 -0.012775883748334455198 0.14445048730892554034 0.018701921136071476826 -0.97655114596754166723 -0.21447167051923674008 0.14380335404701433122 0.21490610997349604561 -0.96598962689098377687
-2.8268529167739089303 6.3768637146873610178 -4.2241606274080183425 -0.99642803323116013736 -0.0027994641519857440745 -0.084399867247019255689 0.079196650079734698391 0.31591263797182883577 -0.94547717888151527887 0.029309814175308677303 -0.94878415257108605907 -0.31456250034429938944
-1.4484983865792961932 -5.5253660015801155936 -4.5553014046607369636 0.96761964181683557396 -0.0029215743088383139964 0.25239590562017188979 0.2336243009553085892 -0.36819884262900265393 -0.89991627293299947254 0.095561052596768988887 0.92974247869511761344 -0.35559388146644521633
3.4518764042204104214 -6.8044421152522005514 -4.6768760598492269409 -0.99896689964101215153 -0.0064210130983630396562 -0.044987820711272490104 0.0063698644389822188863 0.96040883129153487019 -0.27852163579206956623 0.044995091383262700302 -0.27852046130952606839 -0.95937573160016020868
-6.4906123752829296691 -7.3174366393065302105 -3.7621950910903216858 -0.99571641402771904339 -0.0041819303673862077628 0.092365222319914008775 -0.052494524291183251863 0.84792462029528359313 -0.52751129202762514492 -0.076112730572835129994 -0.53010032046361854619 -0.84451199073133065287
6.4082667491501439372 -1.2839312060782286373 -3.3829069073817779056 -0.71673211618826371261 0.011255791710919541351 -0.69725775777499388042 0.64417472393041619316 0.39363626210254132332 -0.65581202962975548854 0.26708425388546885859 -0.91919736744129876271 -0.28938244766321352675
-3.2190045572775285443 -0.15392315151389718286 -7.2479957145774323024 -0.99039837597473456832 -0.0080820231141122168828 -0.13800629612110687505 0.13703651966344165825 -0.18898372456738510294 -0.97237140235973074098 -0.018222215705367052901 -0.98194696025343164436 0.1882767062165941474
5.3627268960719023383 -6.3770166887080241835 -3.1139787149298006064 0.93553010166053973684 0.0019744378562939653154 -0.35324146200885409019 -0.31661387749914893242 -0.43876245764861038223 -0.8409775016806769754 -0.1566495498300388145 0.89860091662169327975 -0.40985035218325405193
4.8118097596547011463 -2.3175888443993386545 -0.77287238563380378231 -0.84145669912946807756 -0.0090908629953637947602 -0.54024807237064298437 -0.37314768151722754741 0.73291240947031188746 0.56885868879947709686 0.39078310002932520328 0.68026227019760610037 -0.62010629127366856395
-0.032347824875823508184 5.5989812407978192255 2.7630627960796503295 -0.71028272344700404961 -0.0050034637957777679945 0.70389872717798296353 -0.57782671786450612306 -0.56695064014532015051 -0.5870973137059535274 0.40201335412475108777 -0.82373657014171020041 0.39980410967934937316
5.5125663898441308319 -5.7669856292762666783 3.4262228014113778052 0.87224158984993327426 -0.0023206150256027541223 -0.48906975339100206002 0.48881987567557305674 -0.028175307125700030375 0.87192963088360853074 -0.015803103510436490586 -0.99960030352848672219 -0.023441311933563899195
-7.1274842573843733007 -1.5364039950190906403 -5.6727408965415380138 0.99678332184447204778 0.0041763188844089454282 0.080034790268789193779 0.047460837944101968988 0.77393814009214434435 -0.63148018509876868709 -0.06457923934536860533 0.63324743479252576517 0.77125041858937459782
0.73955473603537291716 -3.3044347420396493753 -0.93689729203766280996 -0.76899574997309427804 -0.01575683757418952502 0.63905966747473041956 -0.40459947954172004181 0.78597522484172654966 -0.4674849806031851629 -0.49491898092300812273 -0.61805717211650901266 -0.61078681576922522201
-1.103498997264868775 5.7440880162267493603 -1.1681928731778030706 -0.88446764267200472798 -0.0077564641958993586074 0.46653705783079735259 0.39277070812697789659 0.52738693951058390752 0.75338847009427833967 -0.25188918179151859045 0.84958981473224393088 -0.46341017123018990453
-2.7829121211172105355 -2.29575769229188964 0.95539411208651414675 0.99798208234573204667 -0.0030677752734706411133 0.063422015670558787304 -0.037543508717594445412 0.77702109230481664071 0.62835396638093343746 -0.051207892653572971431 -0.62946708481722579709 0.77533795267722072087
-4.0605915065250695051 1.6668106588016773362 2.2803427524898536305 0.9973435957577402311 -0.0051943343261810371453 0.072655150484871935945 -0.069155629969305146276 0.24571443567883152759 0.96687223299803781718 -0.022874676929411124487 -0.96932834219881347515 0.24470250134684778942
3.1003510167704555478 -4.6862509432163381717 -7.0589606348297708749 -0.67055863566696116695 0.0054960018982485210615 -0.74183617470124629811 0.73384983662103020485 -0.14160511651742016537 -0.66438874784826773556 -0.1086992797747653311 -0.98990796791380075703 0.090921293640324293839
-3.152433788591300079 -5.6271311282770684059 -7.5044377923107594697 -0.98599697569615440962 0.0064075158703011166755 0.1666400541844756944 0.11195027102365884275 -0.71519428008212404535 0.68990164411726662141 0.12360056931891058585 0.69889633385666449783 0.70446207405781446909
-5.0919789762966543023 -5.6145189316758177256 -4.8664917746357385653 -0.9980238471332265604 0.0085213094006577460443 0.062255825748115736773 0.04874115643812634846 -0.52030670905668408022 0.85258737275410623191 0.039657284608937866388 0.85393695071516528827 0.51886316498743623171
-3.2651289393645503978 -1.7894336532707169063 3.1891119907904714736 -0.94518892278364508019 0.0048973077153591625804 -0.3264872380722957379 0.078079269064606063311 0.97427001718341377234 -0.21142743757600040988 0.31705130182551249929 -0.22533075687687809108 -0.92125160624883561944
-0.74269725495032323792 -0.76291348451189366919 -2.4607645338238910426 -0.9019107401400137114 -0.0016451272642736981117 0.43191933318211672699 0.055058692804665389231 0.99139687253875852235 0.11874671139504527906 -0.42839882955817226717 0.13087984824552914564 -0.89406090852715425221
-0.026922085065327578529 -1.7712398140729674889 -2.42150983983585677 -0.96747922918031170614 -0.0073461111526433187785 0.252843777371536238 -0.25269319819285512851 0.073140062737448108265 -0.9647780463970643261 -0.011405642973273313195 -0.99729462340559216216 -0.072617803840889783018
-5.3181675947846862584 -6.4163669477806770658 3.3028209087375342001 0.79732048343067862817 -0.0050981500235358764503 -0.60353463493671366535 0.34198052977242238137 0.82777323078888509489 0.44479298066155986691 0.4973221933097579095 -0.56103964855935839484 0.66174402058952053185
-4.7719583326832797354 -6.9694391837426374892 -7.3609836713427334587 -0.99905423326522080352 -0.0018638753407046182442 -0.043441511985841251009 -0.038370663611077202027 -0.43216345476452666663 0.90097860159944864744 -0.020453145698020241267 0.90179336565239764933 0.43168321081126909133
-3.0700224231907058403 2.8791766009365908907 -7.5110700071122389332 0.6865249583945318701 -0.004967508474907945254 -0.72708926918290905927 -0.58181198693199687177 -0.60350608066942590391 -0.54522951356039150994 -0.43609436291200182056 0.79734292149285457274 -0.41721214289833030708
1.2847088544833618062 1.0208043020545651824 -1.3219697816184197148 0.99121353703513515043 -0.0089194135586115261272 -0.1319703302260141764 -0.059850164535098018814 -0.91998855876404550536 -0.38734869245710462637 -0.11795627072482760267 0.39184371349412172592 -0.91243894173349227028
2.5491879497034086732 -2.5356775980110923818 -5.3957379977004320537 0.83191961379312306946 -0.0094448384997619511116 0.55481578132921272051 -0.25783965219138843539 0.87877974807541880953 0.40157797266565664618 -0.49135371164168117897 -0.47713410001605827127 0.72863885475437473183
0.99355044795086222553 -0.32061859046984159116 4.2890961342593936223 -0.70900351197322541985 -0.0025101008651665090987 0.70520048170942295496 -0.671091103904574382 0.30965951913390799 -0.67360798129911148013 -0.216681218082513255 -0.95084419417873611291 -0.22123419294242119282
-1.0467519289315609932 -4.3816911839026504438 5.0845199212172138559 0.84488908354223712927 -0.0030109276956162764338 0.534933052657655006 0.46915643680129798243 -0.4762687040477971423 -0.74368028033065280979 0.2570110392942886457 0.87929463540905405949 -0.40098163277359116785
-1.9197557336577919518 5.055183983515676438 -6.8700058969735406933 -0.99449593431586869041 -0.001276373412914799492 -0.10476739712443708386 -0.062162410860808710311 0.81211434730016707206 0.58017766381102164885 0.084342582989198097709 0.58349692182580004118 -0.80772375903799087382
1.528573469335484214 2.3516242914899567751 -7.1859449783853799332 0.98586092007512515778 -0.0075192654783163923732 -0.16739685455625913368 -0.07777626661262845853 0.86432852516463520853 -0.49687730169384086709 0.14842202875733201406 0.50287141620234399042 0.85152289466940211948
-4.3251981145809059726 -1.5681976282005047896 -6.0541038697122546708 0.99553947559461897221 0.0098013120839771719628 -0.093835424090934871355 -0.093117619166299014921 0.26204442202785344085 -0.9605528771937257293 0.0151743709491105154 0.96500603892705316689 0.26178824133405148578
4.887668999080765353 -2.924424565032474721 5.7268605930551741423 -0.97997021868426104074 0.0035052697133708221426 0.1991132430960741162 0.16564702324394220412 0.56934497318645960195 0.80523745888876885335 -0.11054154957488332434 0.82209124468727667878 -0.55852175537399673111
-2.9994546880259602695 5.7550922123752616955 -3.0070044679637666363 0.87737726236479030018 0.0086003903121487750016 0.47972405898785192013 0.42634121568051752682 -0.4726245447553930612 -0.77127116340940415906 0.22009613194552909987 0.88122192039306279643 -0.41833673006486704615
2.8325071461303132914 5.5423845240073834617 -2.6789158805418855636 0.94389520395224457694 -0.01224448013909579594 -0.33001805505464920643 0.31385030768689292646 0.34421131334360421938 0.88488222726592846712 0.10276102530028835558 -0.93881235849988420306 0.32874234167025706554
5.483854252690787412 -7.3986462472306673277 -5.2138956767940056736 0.99962220830225279045 0.014777910102001239057 0.023174426463520726716 0.012129113878383428887 0.51943804933719994743 -0.85442202540510636677 -0.024664250757335380582 0.85438031711514439426 0.51906256700012509686
-7.2518880306747766085 -3.9472532495632375316 -5.2760718627061065078 0.97910925986612451499 -0.0038974870778431874516 0.20329748360188901191 -0.019101299180073305628 0.99363193050508979987 0.11104380689815883387 -0.20243566290062159352 -0.11260726564162841512 0.97279977698941344499
0.6769785010564868255 -4.1660144701894417096 -6.1048428359500510609 0.3931836319947684677 -0.0090313367270431470918 -0.91941561140122352036 0.70827979150338882253 -0.63464992324947899771 0.30912653051361421719 -0.58629887299853356009 -0.77274698956152254592 -0.24313724857446705752
-1.1005231972144020602 -0.74032477983638766972 -3.7127785741598948732 -0.7721126337745123358 -0.0063241752278939845217 0.63545423562467628908 0.46332864492788861099 0.67877771979148338044 0.5697257005821940723 -0.43493522225149205962 0.73431656111128162934 -0.52116268143710797744
-2.6024147366386132241 -3.9077327621337580865 0.081023855585994231099 0.98445575553072905972 0.0019080821103352463286 0.17562239215160327377 -0.15949304089139426654 0.4284294722965940605 0.88938751800036408568 -0.073544784380748753905 -0.90357321036551430105 0.42207418565940940658
-0.52585797722296678813 7.4468814604388038347 -4.8970981470316479189 0.89649165537839881068 -0.005066658298742849828 0.44303164764001401466 0.22909398110906656343 -0.85058532197367864303 -0.47330810035605591635 0.37923430706699168269 0.5258126463073093948 -0.76138190241619352339
-6.6039391988641842346 1.1395952876698920431 -2.3377521045759128704 0.99337774499575270948 -0.00751113370438099507 0.1146483258383641235 -0.11336763119134231348 -0.22619758406342330148 0.96746185101098669534 0.018666439004682990055 -0.97405248104722164104 -0.22555116541606520797
3.9908049125680156166 -4.8225189201057006017 -3.3227191107189040231 -0.99596721676139043922 0.0054379772339482402091 -0.089552953832855192173 0.069323730019866025565 0.68026697973385741314 -0.72967873529387206055 0.056951941079459639239 -0.73294424391454160439 -0.67790059132574931322
-2.5633545385625420288 -6.4973566072262256554 -6.7146229907466841169 0.99241490617373029348 -0.0063705014358048841355 0.12276836203075931764 0.082053444651265683429 -0.70931751229697204142 -0.7000970639629831016 0.091541718495672455558 0.70486032904414042122 -0.70341455082670445442
1.3742654620296963497 0.025604262390084286949 -6.3640340160964656846 0.97912136612348643627 -0.014350678406877256238 -0.2027693478556938933 0.17011856704562897113 0.60386459496439892636 0.77872153180382175375 0.11127004784267199855 -0.79695772094744843361 0.59369804402178216751
-3.1413813459205304213 3.0328771737759492311 0.57730779106093832453 0.93581979953905514158 -0.0081176940957662507836 -0.35238530876471629849 0.12857004508432992584 0.93871612934192039113 0.31981521542966778737 0.32819361099454397168 -0.3445956058278729639 0.87951283228074628173
6.1549343415152533154 -1.8387850758768082837 3.6914081997050112172 -0.93163111329866155064 0.0049065442708113938056 0.36337225342215784263 0.3588791268823847691 -0.14490129395824430381 0.92206799494255653471 0.057177277147264796153 0.98943394970686393552 0.13323369748478508523
5.9425625389045881874 0.33548689018284522101 -7.4631739262346927788 0.78893981335370455543 -0.0026304899427552945815 0.61446484962780079098 0.082685754064066266378 0.99135026612724230777 -0.10192014484062224267 -0.60888179228829808487 0.13121634948483634764 0.78233319797101741333
2.6374499855297188766 7.468934081125164326 -3.2844202779931030989 -0.66496849551309267223 -0.0086930300857348732219 0.74682081599481198175 -0.35655003938154261611 -0.87493631421911810531 -0.32765609330175415881 0.6562689764053679653 -0.48415997076241334973 0.57870558431658558618
3.0646963550453549807 1.3154392990346286396 5.0490446801270438826 -0.99778742464713898741 -0.01578342134274623651 0.064584354349338637946 -0.038095874687456093843 -0.66039846441285399159 -0.74994837991220897333 0.054488159702862130895 -0.75074946008099097128 0.65833599980583579203
6.4559077593895413116 3.1263617862680490589 -5.6460727181253442808 -0.95996766727985249901 0.0017358812795930638612 -0.28010545245209178544 -0.068791896909943098248 0.9678946385898737903 0.24175947449568885306 0.27153223141413401764 0.25135026418341482879 -0.92902814381384302145
2.9548479342361582134 0.14817670307425293008 3.4104763792178847126 0.71916357472760028546 0.004380104822966055661 0.69482700542415698486 -0.25482004731787877283 0.93197087560039593157 0.25787018152084328904 -0.64642903421026798316 -0.36250669195815704571 0.67135564495708388577
-6.8984029391804870812 -5.4913006819430654204 -6.266806330320931373 -0.91753806110307023491 0.0021693537293007549363 0.39764205050738132829 0.2175531752185666523 -0.83431628437186444724 0.50654412797337489138 0.33285811148235755486 0.55128180773210977428 0.76504499611720877539
-4.5593557729543778834 4.6610029286722038933 -6.8586367231077955964 0.99935875968956422444 0.0089718643995169260197 0.034663743030335647521 -0.035629744424823119042 0.34511323718452741049 0.93788452105377373424 -0.003548343824815391144 -0.93851817199738929443 0.34521160190075672602
1.7532450793662222033 -6.9251704096795450027 -5.9813503241369758712 -0.94878695228172560405 -0.0069817194094409385646 -0.31583947627562031224 0.28029601280362392846 0.442578576076132435 -0.85179712913619487491 0.14573079422806714534 -0.89670254800153537111 -0.4179558302275628856
5.4692316727132324061 -4.1408330242019824041 -7.4864013410317165054 0.99158468090455231803 0.0070083712396112728821 0.12926988561956570534 0.12858634910284211239 -0.16910952008609977937 -0.97717322980138210387 0.015012375558813469134 0.98557234790192860263 -0.16858759038337145508
-0.31414223698932680628 -5.0942276932509420462 -7.2063436057317824535 0.97236403867203724527 -0.0037200617779652271622 0.23344022240795264667 -0.22530423631476784174 0.24717328842184169146 0.9424135857411374273 -0.061206024181796221673 -0.96896415136532609846 0.23950427130373505569
-6.0783864488932008996 4.5941459490237459562 -2.6524721704046414494 0.98928662322768079473 0.00072977651048487172762 -0.14598439823810063776 -0.060895330785767566584 0.91089803988010065172 -0.40811336615105803238 0.13267907065994721805 0.41263086211397148606 0.90118368595974673863
-1.6146177695779670991 -1.7005578280415076797 -0.31718599246759054955 0.98186464743969958935 -0.0028650487766624811031 0.18956161426700768313 0.1569382638739827418 -0.54866638799718425723 -0.82117938114303723474 0.10635880518413491636 0.83603647419095450388 -0.53826649383192237686
-6.7012783589216207147 4.1371970910237152452 -5.6792491121540278343 -0.99220166391608166645 -0.0040874657771908665463 0.1245758834827299516 0.12436643617688156183 0.034068464614816044989 0.99165131435972475593 -0.0082974498885968490242 0.9994111427946646975 -0.033294443726157217645
2.1513954478360006739 1.72921699923164085 0.45215574202664654546 -0.98454846925738492835 0.011126593740493292278 0.17475843497448367847 -0.010922867246750537704 -0.99993808027009989381 0.0021275800346955142661 0.17477128669805608308 0.00018584248091752571946 0.98460904058846865361
-2.1938508133921983401 -6.6010576868403632034 -4.7969291191896870075 -0.96585087733886598738 0.0033629179348187571152 -0.25907677149217589463 -0.17551298301718207262 -0.74404626350294233994 0.64466297439816111492 -0.19059715511060673632 0.6681196364053204606 0.71922797214330091986
2.1830013684200926249 -6.8183913751187095187 -0.45809460225186926507 0.98237804922484428527 0.0030221550512444335032 0.18688026910325616914 -0.10424441087717857546 0.83876602398082611423 0.53441992834860696515 -0.15513372039027739646 -0.54448363023524326554 0.82430037316726523233
0.5209069715884536711 -6.2288610408754570003 -0.13077666748908656214 -0.98515680618575651728 0.0059282344297879596695 -0.17155443236055248346 0.10829706918936002347 -0.75394241179175025547 -0.64795260976923185758 -0.13318337745761726909 -0.65691376583099625464 0.74210948803447718269
7.3386447646997572392 0.40754038551720855876 -1.5006035350355906299 0.93784247370940987398 -0.0085056668307117028194 0.3469569831237946933 -0.021007915659316311885 0.99647525610845355537 0.081214108645922988838 -0.3464248287669899895 -0.083454883591463760451 0.93435813284758484354
6.7434766688798513101 -7.3812489749990328747 6.4587745571316421689 -0.93920807753124047057 0.0077171403833408199618 0.34326175558069721427 -0.34305988377685764368 0.019890728531111574739 -0.93910290972898924355 -0.014074915384162422702 -0.99977237642514538152 -0.016034091621369400693
-1.2713540864470067593 2.6123331936510414408 -6.9709504324701594413 0.99671675462642417287 0.0020213411729028854351 -0.080942110343086029478 0.078627750490401882022 0.21441652045714743036 0.97357240748076301351 0.019323247650301265954 -0.97674022643436930746 0.21355360489894362197
7.0718583363022400334 -0.93275404526219285462 2.2155933275798180837 0.82577164642166578368 0.013925585537185359436 -0.56383265782809488531 -0.48732848899819736221 -0.48563465247987991358 -0.72572028228614193779 -0.28392275670817979094 0.87405094953219641951 -0.39423699197946393546
5.9274815852262232596 5.4369776983889348543 -2.658097493421968327 0.96620100690775601038 0.010394501538169370614 -0.25758021777342832159 -0.21866288414046824995 0.56225673174715973257 -0.79752988075962905068 0.13653628583569782373 0.82689740714484427642 0.54552591204029365901
7.3009214377733080426 6.1801214911067603452 1.2099792216380291787 0.99721311253478084335 0.006788127898984436942 0.074296228089362467695 0.071358672634978886906 0.20381084805705010354 -0.97640620545653533657 -0.021770347458350776393 0.97898675145979996426 0.20275845836277356371
-2.6291671660039406255 -3.8656059937800204551 5.1999546468611006489 0.80523325358589059597 0.0078700530279561340535 0.59290595340643204025 -0.45578875783306199709 0.64780517506256241056 0.61041384600536874316 -0.37928355560510174094 -0.76176539526781472667 0.52522135049911666815
1.1126755114051560813 -1.385664653370706656 -1.8144174545062492498 0.93814381878692509886 -0.0022820194773940103219 -0.34623831050150954969 -0.2570631906499938335 -0.6744999185341952197 -0.69207541201105138295 -0.23195838265664181499 0.73827139473545300152 -0.63336455255311563395
-7.1079303875789499045 4.590943060689230748 1.0537262254569423892 -0.93880785763727125914 0.0070076518758029780407 0.3443700034172937352 -0.055269262621334233621 0.98377314265983994979 -0.17069186386721257875 -0.33997810965961650087 -0.17927993919101706255 -0.92318664870977762416
2.4730863336868860181 -2.6808411460281798 0.078861923431798125472 0.7730473778747595226 0.0086798767191653934672 0.63428890207925170408 -0.50112872532857666297 0.62141877745507401176 0.60225302297019578379 -0.38893155209023488883 -0.78343050921338153181 0.48473589203004235904
-3.0037167289264354864 -3.0040236656781038604 7.0462486725308481894 0.72233710924869409808 -0.0070045097627187639239 0.69150563081234950324 -0.68956330752472616563 -0.082868039257629783068 0.71946878527501589851 0.05226418963053640343 -0.99653591250518702704 -0.064688712845982196398
-1.2952433565202803312 3.9241233310770100573 0.25305085292933704455 -0.92543649302351416175 7.4814153840845748489e-05 0.37890274713074384438 0.30630149804557582627 0.58879388433294344019 0.74799809763612024049 -0.22303965942276479661 0.80828321532427704899 -0.54491426311817414696
-5.0238436575954796837 -1.9613005892190746859 -7.1651097553653508854 -0.98845850702771898 -0.0087132048390470978605 0.15124106567280456992 0.041933110759037911519 -0.97507324572432163556 0.21788478536737382329 0.14557264202621622573 0.22171207800651204778 0.964184816495086916
1.9752712803584471235 -4.139371082164752913 -6.9048119263951965863 0.11383633801264966823 0.0040559651638997808176 0.99349123664708582915 0.98920427688089640483 -0.0933489521916827103 -0.11296402845693541417 0.092283187788407106122 0.99562519166166507656 -0.014638680961844490608
-4.5151954303644119548 -5.9381018510241938557 5.1447404732077837153 -0.9923484239279364294 -0.0058952211914886695071 0.123328228296520237 -0.019226325693727418231 0.99405307914340124142 -0.1071859330591708459 -0.12196292029949049041 -0.10873694042293896578 -0.98656034983134932581
1.5511325912464304366 6.7376717082017458793 1.683199383160034257 0.99928851677999996905 -0.010037528541095633999 -0.036355305697041664925 0.035129485347092398451 0.59850110754230911869 0.80035138753549173174 0.013725140829474131998 -0.80105909413199294367 0.5984278972590415524
-5.1238761083898625159 -4.0568556506141746354 6.0419352795911915877 0.80790510717175456623 0.012499673193520239103 0.5891800200074954752 0.57534816028414315081 -0.23308562240987093506 -0.78399335908121803307 0.12752973090047997617 0.97237587937789438097 -0.19550272872927704215
-1.5764888772498726333 -0.97932399455980034819 1.7991171804488719221 -0.9998676998753571743 0.0086330220724472155058 0.013785995637249630341 -0.004797441247339627457 0.65331929176957914684 -0.75706729394362104468 -0.015542435564998780678 -0.75703327135049991448 -0.65319144112977578498
-2.6155009113598355341 -6.1664803294098700093 1.1593510768652182108 -0.87379160851738046922 0.015227523682467155458 0.48606208184465815592 -0.42375644851331645269 -0.51419604088589832003 -0.7456761387362212945 0.23857639704719463269 -0.85753749425877889845 0.45575294701436080969
-1.2956545010347289004 -3.383566263995098744 -6.3501058114103097196 0.94244177632962544688 0.007355970619263700952 0.33428937752321558063 0.30158647546575229059 -0.45042898344102610952 -0.84033286779253846266 0.1443921606070298902 0.89278195578347152583 -0.42672155251727877934
-1.9634552829944664776 0.27209219051741112549 -2.0258268203695415366 -0.81678734323364543535 -0.01485914378333361846 0.57674746794363762614 0.57636633157024963481 -0.065539455639974056322 0.81455904119142985564 0.025696065177720876782 0.99773933750270704657 0.062096108041771444497
2.9834269904435095633 2.6064625802417089595 -3.6625908884336904059 -0.96215845030730473564 -0.0068430166448644972471 -0.27240464317887952417 -0.25990912054488379823 0.32330584623777591791 0.90990141160789439478 0.081843543177302302549 0.94626978336610911846 -0.31285001442947218964
4.0318076436782703809 6.875193533865517459 0.39321165416747089205 -0.8110842287044170984 0.0032290791896962861736 0.58492046210969672604 0.14800989261504698957 0.96857435633658328644 0.19989194064590989908 -0.56589349319024084828 0.24870321528817243562 -0.78607332041623512175
-5.2745975340189499292 6.5132564956280711854 -6.0698778293478117263 0.99879570172228637759 0.016521608215385074486 0.046197215098689056734 0.044953811924009698386 0.069032063805596344253 -0.9966010881793010423 -0.0196545418263041477 0.99747762412433327306 0.068206219341668997136
5.4311904268902022608 -3.7050678173640974045 -6.3979633816546055414 -0.96161739711414961906 -0.00066814436727430804447 -0.27439303043360396828 -0.27258431600114779725 -0.11232865122693683202 0.95555223027507807387 -0.031460645854957836054 0.99367088499999201012 0.10783505953874528149
5.3143007732618592343 1.9822270155089354304 4.332780413166506861 0.94364128637900823726 -0.010845685236709985688 0.33079222142109027116 0.32923017134750826029 -0.071584779120346248016 -0.94153232216049398406 0.033891251311446407568 0.99737555138980804603 -0.063979626245404014329
5.8374709992118791746 4.4686827226476228958 -2.3545549309412483474 -0.87334660598990110358 -0.011236905109314633891 0.48696964768804368306 -0.2132395561066957046 -0.89002567185376224579 -0.40296798278844481178 0.43794360084059502647 -0.45577191160135199777 0.77490474709985024404
-7.1225782599625819813 5.4717205431355679934 6.4423670474976715283 -0.99986085684369796489 -0.0010745960227193638616 -0.016646687216747634019 -0.013620986866040536017 -0.52349555346558329649 0.85191952332285603156 -0.0096299360693520401344 0.85202772885939392911 0.52340807558359403462
-3.4723946254373028175 7.3555832666779963347 7.142347420475713804 0.71553449924645395885 -0.00078192625503688533567 0.69857695995466451144 0.6290431245159794349 -0.43421108755134635304 -0.64479878950459335041 0.30383404662302071486 0.90081081256770123566 -0.31020114776374230203
-1.8595875784299440436 3.2497614401750221091 3.7276201635829706582 0.78169052433481034381 -0.0058295041020151663891 -0.62363927157221132891 0.089243468854263555134 -0.98862020918279380766 0.12110196225531605352 -0.61724835150211976309 -0.15031998828223497311 -0.77227480451639873849
3.4127449643620533237 -5.8051939837923525189 -2.4434997639969795458 -0.80040668065302311707 -0.0021735551460477092744 0.59945343540943885063 0.21020167338115527955 -0.93751686681923263045 0.27726770626449948054 0.56139504991924227273 0.3479330396605301301 0.75085164835581807985
6.913566289611295268 -6.9337446462478844467 -5.9861756789969406967 0.99990635635761870859 0.0050013152916440397483 -0.012738342160045568532 0.010230072833811661853 -0.89144114200534008141 0.45302101049514331699 -0.0090897813751999647497 -0.45310890212562626722 -0.89140882802949061858
-5.7726397098791322193 1.5196530265731378329 -0.93555614029408906696 0.90751160856843116065 -0.004890582370265324566 0.4199985268037801367 -0.056851115647481381687 -0.99216073682838512582 0.11128801797911162808 0.41616178460174541032 -0.12487255302970794169 -0.90067542130163658065
-7.0587533908134565408 -2.3290027480276092042 -3.0415994816485114605 -0.95857378110996060983 -0.001924800466904362994 0.28483785091120145117 0.24200671206097512655 -0.53290215472157942411 0.81083169943616495434 0.15023001526314222476 0.84617467974192084323 0.51129184804546423671
-3.5619010846292522565 -7.184166224613223406 -6.1336206483114033006 -0.87207729263671396325 -0.0034336102631332605407 -0.48935611367179726594 -0.12443043170769250982 0.96866594303564035329 0.21494966496370801479 0.47328454795443986036 0.24834351435766544025 -0.84517881867922639572
-6.9931793737997880456 3.7941846004460773045 -3.2150490338025918824 -0.57256157444196087436 -0.0089849929431936315094 0.81981248671537776396 -0.33700303261903219454 -0.90897943070066067328 -0.24532702779904103085 0.74739694906934994734 -0.41674412349181833015 0.51741872410737965726
3.6761947995507133768 -6.6227941995867434244 -3.6236463259481999089 -0.99989080712653655159 0.002213465083690035768 -0.014610763027693162569 0.00067667525562692702398 0.99453937430813832421 0.10435983452168402785 0.014761975969583793558 0.10433855242972452093 -0.99443227549308899071
-5.1103201027375826371 -5.8163919330630022841 6.4855687312637613218 0.94762625067977757087 0.0066882000917572485485 0.31931137938090109474 -0.0176400020744041236 -0.99715856811909542312 0.073236741828224621864 0.31889389983095300929 -0.075033712465345667186 -0.94481565537635536778
-2.2861400987109963268 -0.47565278578178449287 5.9537271738202619531 0.99371003809785274363 -0.011573626288385898547 0.11138407138446922151 0.041755864332107324455 0.96120752428981326432 -0.27264728687927131112 -0.10390768969388847198 0.27558328400552428716 0.95564483235103436787
2.9925818833260233731 0.8503649582778889382 -7.4712362725394898533 -0.68405565867029782812 -0.0075749934348128145772 -0.72939048205714707152 -0.67367339741979404 0.38999010277507184519 0.627751442329163023 0.27969985600629021505 0.92078789045675901725 -0.27187800819133711716
-4.8396759986051360869 4.9314016660926753843 4.0854110657206543777 -0.97721989020549926419 0.0046343329778537403763 0.21217871982019564925 -0.028371470873162774051 0.98793516615560095229 -0.15224705945774535953 -0.21032438238867326441 -0.15479867709670558362 -0.96529841175767583383
-4.6134206946968969731 3.357119023229308219 -1.4762712099744645933 0.23955147703100576617 -0.0057116730933467387693 0.97086686350024342662 -0.25978031447386229491 -0.96389855283476266745 0.058427459767567302418 0.93548344617323586636 -0.26620848339881064692 -0.23238710227197276192
4.591491447585687169 -2.4076185207068725447 -5.115598798167171779 0.94585350341321139389 0.0044425225184471887896 0.32456342072819110989 -0.042631726783733517316 0.99294492690113422828 0.1106476751355809085 -0.32178204728130238577 -0.1184931902480050453 0.9393698302119990462
