1125 14.717824617146108679 14.977075390850430381 15.033177056927090831
-5.572603559038322274 4.3680692646632328646 7.1243071844808953941 0.99901427351161020685 -0.0022135757183860214209 -0.044334877946959130868 -0.030821577038846897229 0.68416732712291317142 -0.72867352009413433045 0.031945448954004057596 0.72932171816018132038 0.68342469937145577941
4.5775537313376348791 -4.5801885722324096051 -3.6780324335296015192 -0.99547700781659154146 0.0085881068834315135718 0.094613800941838854808 -0.041527606641345159166 0.85638451850359542661 -0.51466592499791119497 -0.085445800336498192729 -0.51626717975049163378 -0.8521544544961205947
0.59357149547138099432 3.8378451378962235019 -3.2765314274513608339 0.97338727243613432094 -0.0082627112401008444287 0.2290173475137386172 -0.015260988158945745091 -0.99946858532063875824 0.02880363167396375948 0.22865764824230011554 -0.031532119499983697619 -0.97299609728932023867
1.8672238759200445735 4.9911289526189719368 7.0682667349151948599 -0.95018285075472364021 0.0056685568529987045983 0.31164148888556791883 0.19696389702841229918 0.78582823144265423476 0.58624160031081684608 -0.24157353621413818479 0.61841883714109902037 -0.74779701020400191069
4.323266934718751564 -1.2636130833879457569 5.6710575373370071262 0.92310167941418019844 -0.0085150752024776288351 -0.38446167943902626041 -0.38337078787384737399 0.058053666161050218597 -0.92176819800327391974 0.030168335515076305509 0.99827714856121430032 0.050325005640189407474
-3.3426535305801508002 -3.5102363221401788884 1.184857031057489074 -0.98384576160076897544 0.0011288285852099799907 0.17901464500471472863 -0.014317772889522857593 0.99628052109272913217 -0.084971316752519857052 -0.17844472185984450174 -0.086161760875654649916 -0.98017020573119595372
2.2250577193361835704 0.85711111223063041198 -2.8898977913890320224 0.7052856205954898261 0.0007337122915156649855 -0.70892288370983091994 -0.60748538616074299057 -0.51483569712316579192 -0.60490140565940875295 -0.36542263063781321719 0.8572885550583775327 -0.36266049465551447595
-4.8972663432814300677 -6.6598891267128141891 4.3931347129384921146 -0.94712982502264098095 -0.0058774082569988984892 0.32079674347612463503 0.10504703013755296859 -0.95040702446689284688 0.29273129197843167359 0.30316697711322776465 0.31095328253008291952 0.90077624306573156332
6.8875210037236218596 1.7322784360642631274 2.7102175842811009332 0.99771430181606990395 -0.0046218270593552310266 -0.067415210942559408713 0.026038667152515980463 0.946910035939474648 0.32044246230817596821 0.062355110173215932967 -0.32146542979273035057 0.94486603160626791986
3.1458408170012024385 -6.6404905796216713298 -3.2053559820110990586 -0.44842368634648788195 0.010168690683071688816 0.89376327696608348639 -0.60432125581056927999 -0.74020237583514325586 -0.29478172023323712114 0.65856815691241832322 -0.67230725158805804131 0.33806943393803873255
1.1443476684863402859 -3.9107423935352123578 -1.5986694645476575705 -0.99968701105071233748 -0.0015467067500869336599 0.02496973437428481879 0.021935675399703234018 0.42572556081671769634 0.90458640992010974635 -0.012029384076203488568 0.90485101235813947262 -0.42555838536350681922
3.6452942245706063673 -4.5957624665330003566 1.4096247097677272464 0.95350876113432569969 0.011080749250050370147 -0.30116151718986611252 -0.22352081492890488179 0.69628803670393502045 -0.68207141505584689689 0.20213729921404560708 0.71767693772256679896 0.66639352137265561726
-2.4783040523998778326 6.3225183905519628524 1.041461655351358262 -0.84373143138341200054 0.00025372071234411319729 0.53676550496616504127 -0.30911068890740467374 0.81730692045373409815 -0.48627150829735193982 -0.43882553902308224503 -0.57620251075843242905 -0.68950911008976101257
5.4292097151718428094 -5.5405540404329940429 -7.3151373551310214793 0.99769963209100220869 -0.0027333478269778162077 0.067734577102090492984 -0.015669885437508961068 -0.98142482469291392189 0.19120608820584245047 0.065953762712331984175 -0.19182763691979182186 -0.97921001776844096565
5.463982848450092078 -2.9354934627857569573 -6.9573920669418116702 0.65648669877882970258 -0.0031362649820058279351 -0.7543310799433422531 0.67568245534647641826 0.447040396361359893 0.58618094779514340331 0.33537804618579403204 -0.89450827154529188867 0.29559519325172650683
1.6221221668978620389 1.5101539230378731027 -6.0139406623777853511 0.99595304829412356629 0.005682255914485163581 -0.089695248265561716705 0.021428801559520829767 -0.98423044851296770386 0.17558824187171701015 -0.087283057104075828514 -0.17679970641260903119 -0.98036907935471795383
5.2523239805278416625 -4.3003422071554409101 5.9908043180126240301 -0.9654746182227347262 -0.0095735669150628539825 0.26032116391908671771 -0.019389825341650707147 -0.99391118388211874279 -0.10846470959389471755 0.25977451037559362579 -0.10976750598694734462 0.95941039101557801239
5.0508152171068543268 -2.1771663098572271444 1.7158680344882721869 0.89232411721461202259 -0.010460293171995392603 -0.45127403216231493088 -0.45099641199012135973 -0.06267638972321339097 -0.89032236102629025432 -0.018971194197807288162 0.99797908416872649351 -0.060645208818843110432
4.9282205568678447705 -5.6739676805794685421 2.9710811766385418764 -0.95589205020673850832 0.0029695106776392470906 0.29370320113642428561 0.2908873412381117185 0.14806737931379290729 0.9452304512078508747 -0.04068099137064940668 0.98897281721467378279 -0.14240022384680645073
4.4814467815870724365 3.0867177489482386932 4.9227512497573906458 0.99941613131876938514 0.0094580840379865794426 -0.032832013431320292152 -0.031289969379777307634 -0.13260238715642524987 -0.99067529732825010402 -0.013723493572691203291 0.99112418574416072392 -0.13222902161552430034
4.6941882206833787095 3.577582937462946866 3.5143009104226510253 0.98732213434904736449 0.0088808107221119148011 -0.15848070616129722454 0.13924303309418759045 0.43084950249262787825 0.89161655656254601432 0.076199611279788581619 -0.90238009585914669142 0.42415065936294515936
3.9374921278506964661 -4.4273383332124494061 4.6031680385683824142 -0.77867043749151076959 0.0098863304444786852254 -0.62735525043370277132 -0.17993213726800416641 0.95436049272472445182 0.23837045937885584235 0.60107967504700376971 0.29849340092649639944 -0.74135343382799834266
-6.8196027504459362234 -2.6628408388507658344 6.1914953831812207241 -0.338377432337682027 0.00090338607145848534227 0.9410100409550330447 -0.77757775728587807951 -0.56346598289101934576 -0.27906794423376057868 0.5299750415432599171 -0.82613877164689142329 0.19136662541568083551
-7.1734521322245923258 4.0951411053798842943 -3.1097859902881066496 -0.98486905621501252828 0.0065534810541414984658 0.17317619350342272622 -0.13987414204415810071 -0.62002422661736722453 -0.77201371930486717421 0.10231405816249512786 -0.78455529460556727717 0.61155933743891832677
5.1846773952843543398 -1.5367342816717204368 0.6268259891288879837 0.9515106687260505014 -0.0060605428288262909453 -0.30755603899299893689 0.29119016361399596704 -0.30459194241946446757 0.90688038749741484157 -0.099175278748784886917 -0.95246365727714199512 -0.28805771236229793519
-2.5766653715120879653 7.1037041365232767021 6.0938342042481101757 0.95384750857803290991 0.0040583148406182316392 0.30026398462028380809 0.24129114245892405166 -0.60557705037796749625 -0.75832382306394652272 0.17875546131596167787 0.79577632921325103244 -0.57860739617945566859
0.077330152697510506909 2.7115324544217052072 1.1870319691681359142 0.82482702363563076275 0.0011885848108791792488 -0.56538391235227036802 0.53878050191399340374 -0.30479754184695923014 0.78537508824854995737 -0.17139414178401229938 -0.95241642454877151192 -0.2520456355740453569
-4.6391825599205640529 -0.33938776803968534468 -5.0830669569299127275 -0.83103101191070938292 0.0067591873932510270623 0.55618501474629278292 0.42319960723584737483 0.65657384875685420589 0.6243499608103926235 -0.36095643736880977936 0.75423145950990644337 -0.54849371537664903808
-6.493042938845940526 4.7848557242119298394 3.4503377322266324256 0.42864714746309551252 -0.0053471806513074055661 -0.90345615866569450869 0.4382950419506420614 0.87566133472885343547 0.20276755919594585675 0.79003739099694503256 -0.48289609081037437877 0.37769337604311914447
4.9768325728219897641 -3.7360366464729950486 3.6128935095445013914 -0.44900248762450167828 -0.0034249768607602735365 0.89352394239909005424 0.74619144420030569798 0.54864985760934170678 0.37706983749353251145 -0.49152323923617041723 0.83604521604918835553 -0.24378946247135557801
6.4655811841803876305 4.5217847813478977415 3.7273630973069495909 -0.91857791104017394446 0.00064791183684083982625 0.39523942308334381046 0.39351147007623676899 0.094919546476873145613 0.91440636623713722475 -0.036923492080554745631 0.99548473614953969513 -0.087445959459021699312
-0.96160597667065894623 -2.6728571199804411762 -3.2100156806091137973 -0.96740860892597591025 0.0011430057746736610458 -0.25321784477779463174 0.14418566375230529308 0.82453335483561929209 -0.54713365929347101968 0.20816118212672168886 -0.56581219525687065364 -0.79782547086079347309
-1.8862421454367377383 -6.5828231409532724783 0.95344589434857274224 0.79692907556384906531 -0.00053679292866989805448 -0.60407264494797219267 -0.57042562482174985483 0.32841891190701721914 -0.75283173740784881112 0.19879299551969087378 0.94453201647975237876 0.26142037942203777412
0.2047831111669148052 4.0629569930628255392 -7.2744492324566190078 -0.88593917910025277163 0.0069629527939563274491 0.46374916519996423059 0.37784202195907584665 0.59070418777390776288 0.7129543947464758169 -0.26897430616541984083 0.80685815347855205371 -0.52595887936992968825
-2.706220884660919257 -5.3308727006990102026 -3.4620357155109160452 0.12186383917022175494 0.0028420291391986671724 -0.99254275856164120295 -0.81277320592965673907 -0.57368175576341451372 -0.1014345051105564055 -0.56969195222111512766 0.81907335811550308069 -0.0676011360844492315
1.6028083923070071126 2.9688611924457322111 -2.4711407039597741431 -0.98344182062888363394 0.0087519966992847513659 0.18101267356657926855 -0.11206908023610816227 -0.81431657694265580094 -0.56949893219505909325 0.14241736794716200465 -0.58035499056184414179 0.80181380521711109743
6.7870771342247628866 -3.7936370559983823014 1.6210462534080607444 0.99595297762405721187 0.010810289741632495703 -0.089223337740021793629 0.038273629018096506915 0.84721087288014240713 0.52987627442198026451 0.081319097901727893651 -0.53114675421136769984 0.84336844250131026701
-1.2969167126444416382 5.4447578196465107325 -7.0774066110334610258 0.99617349561031942606 0.010710319219513160516 0.086739009134955455393 -0.0086881881500739180368 0.99968238317157565032 -0.023656884052458894419 -0.086964832145916992623 0.022812756050441453104 0.99595014741263987457
3.064289067528696453 5.2734392716034923509 -3.5620249880538303877 -0.97650291035882030855 -0.0010683710760915935637 -0.21550156529363462266 -0.18590964306061205646 -0.50157981732624090654 0.8448995747828161873 -0.10899390202137038131 0.86511071281901597008 0.48959553091077795406
6.4670309810693460406 -6.1942070984132895362 -6.1766908499416892653 -0.31619370156212867062 0.0010864158176487302698 0.94869403012417097276 -0.83591409094772917143 0.47257287391562136092 -0.27914603954582289935 -0.4486303329552004393 -0.88129092729918079296 -0.14851641597056000621
6.3543364141014233581 -4.7743992087109310418 -5.127155254044629018 -0.083935037825511177312 -0.003803009172865003118 0.99646397152461019253 0.055491923081168195719 -0.99845876260792909562 0.00086362262409392896723 0.99492489962701957662 0.05536819025862596555 0.084016710299243013704
-4.9780767794029472384 -4.3262258029616305066 4.3857515741452193225 0.97123632357670286464 0.0058028770557188051257 -0.23804690794687777267 0.13464251663416701432 -0.83792420689420998858 0.52891815644311257483 -0.19639601951067242602 -0.54575576049976193271 -0.81460374011037928188
0.85601118436867273953 6.6857325901285387104 -6.0692152835079431483 0.81635054116298777505 0.0073873166689729010542 0.57750949905210424706 0.028101116576780566653 -0.99924196937595721746 -0.026940933254945297753 0.57687270796085665658 0.038221907199175730874 -0.81593931429982635706
-4.2220995103803939941 -4.2104857189909639104 6.6500336482170308017 -0.99385316502797893534 0.0079711329699478049304 -0.11041896305928652899 -0.071221069757944566181 -0.80963588154400478736 0.58259531283646814881 -0.084755209789409771681 0.58687835226353990414 0.80522689601000463355
1.1805065779060488484 -3.7224846799049693402 -4.3223258210463884055 -0.92593814115583616964 0.00052111674310609690935 0.37767484320539701503 -0.19395810655941331246 0.85739796222166497763 -0.47670639525598629271 -0.32406606063080395375 -0.51465373098375377658 -0.7937964005535359524
4.3946025351537008063 5.0114290835261705581 0.58400735196969133511 -0.9262843376190335043 -0.0087150580276330776031 0.37672453284246470995 0.11920814749032228319 0.94161223973479868388 0.31489015156661898098 -0.3574727170761066164 0.33658644914094670852 -0.87116176385386845382
3.1247679568802944061 6.8126916995219053419 0.77385309998552798127 -0.98639041350042755418 -0.0051805837821850718103 -0.16433841214454494861 0.016826625640712477433 0.9910750102982954779 -0.13223913426737293753 0.16355676942293800868 -0.13320467527046075951 -0.97749971747408970213
3.4605611470760706538 -0.70603452355078610836 -0.063244455894597914614 -0.91613581604049831864 0.005505247187530746579 0.40083021196166657152 -0.17736895704145527741 -0.90226944199253789058 -0.39300140855275311758 0.35949328178134043466 -0.43113750277587342685 0.82757781148011477779
-4.2847403873827527576 6.5339591132768877202 4.8317817316335966993 -0.88104947681695655604 -0.0034937046573536353206 0.47301121913572047317 -0.36325673182337253619 -0.63550047516241603418 -0.68131027649177833272 0.30297915140399606093 -0.77209257223218885624 0.55863824942292950038
-7.2254924243383307214 3.2552191007399673417 3.1675598573004619674 -0.99744995085538157298 -0.006103455337280194043 0.071107969817495481069 -0.043041392982919438048 -0.74331600838021805178 -0.66755430503884971571 0.056930080174762337508 -0.66891259482731069141 0.7411578148090915974
3.6053317114798275611 -0.40720662358220871546 6.7219120893513339965 -0.98817056139227599232 0.0035125352049836058334 -0.153318634528989306 0.14379866144289066288 -0.32623727606926805622 -0.93428645750119176938 -0.053299967772877619721 -0.94528138762981672727 0.32187297437976358783
-6.4160714045678348683 4.1019253873802732357 5.2667240176211729263 -0.96652677037110001912 0.0014013844854313343286 0.25656195797064229591 0.15998725143456449249 0.78504622108184440865 0.59842001148333634486 -0.20057437905831676517 0.61943560350276771764 -0.75899239230613813056
-7.1188612066291518943 -3.6011048563894418884 5.0850528109453421166 -0.99662476345066708383 -0.008853229196231042486 -0.081613119103272541155 -0.038421133761753607783 0.92886471300245898597 0.3684211739564496324 0.072545829359300956218 0.37031333391031867608 -0.92606972597685288662
3.5197412068568993959 -0.00057044973165376936224 -3.3852368802558325811 -0.99399027655694716099 -0.0064303637520586806597 -0.10927936919677151695 0.10798306701270973806 0.10629389830645311066 -0.98845397688586833507 0.017971848779853243083 -0.99431396329570131964 -0.10496073097407021546
-2.199185356156135196 -1.9911986607341927158 2.1273093509202416485 -0.81098269778971632249 -0.0038160439720442322978 0.58505769091089421252 -0.56123975504454037821 0.28756165238266817585 -0.77609163984454987428 -0.16527855651347361787 -0.95775452694694751532 -0.23534924021424255547
1.6198497791241752708 -1.8273869300692144879 -1.8209940621458966525 -0.99343178188601011236 -0.010039374242805727128 0.11398467310776089212 0.086428353314776912297 0.58699307474329776024 0.80496538431579645057 -0.07498956248678995129 0.80952970369728483035 -0.58226988961290138125
-5.7071271548451862898 2.2727117492105022301 -6.6925097673165954149 -0.66908774150462135832 -0.0043609147205517888313 0.74317062414423684658 0.52265007647690442383 0.7081608814194909618 0.47470523863308333734 -0.52835451330224125766 0.70603763954191833818 -0.47154253235871190775
-4.3618636323300927771 3.7739552985807489627 5.1547986740263436189 -0.82773377003152259768 -0.0020178325831302522039 0.56111739796695592197 0.038820160335135356355 0.99739158983787712387 0.060852376061110567684 -0.5597765635510469906 0.072152234008338547722 -0.82549636826970806958
0.13231083356822054276 5.9887389673723401273 5.3406157008442987078 0.77200863705210265309 0.0083135321515521928837 -0.63555766811524549986 0.57875034372449896125 0.40419085399471965658 0.7082921665427459601 0.26277500633769496075 -0.91463688900595008224 0.30722737071109695872
-3.8366039967610694461 0.58640565717967618742 -0.28452943239214845139 0.9782249619944142216 -0.0037939978949779133016 -0.20751272084109137483 -0.14543197741477006946 -0.72585048386753492355 -0.67230247286051225686 -0.1480724946643311446 0.6878420462934107249 -0.710596830611186836
-3.319603891653235106 4.6823312108416939026 6.8322122136366276735 0.71102381251097912518 -0.0022837291125978602564 0.70316422166067238386 -0.051968979219364705435 0.99708921485895962711 0.055788195980829652365 -0.70124486681988940084 -0.0762094626226927363 0.70883549189179151373
-2.8487978453530296008 0.5074139291914719907 2.6991563057937320025 -0.87682464449496144709 -0.0015939880630786587914 0.48080765593762875287 0.40219575673928803505 -0.55040202141352134735 0.73163938390764493569 0.26347128129477725977 0.83489824171926652063 0.48324715199052648007
-2.6499913600818505444 -1.8391265125794302726 -0.87956408998944568545 0.95069918402621877984 0.0013174957908901815951 -0.31011179548149814256 -0.11709596390364297724 0.92748987370524937912 -0.35503671558284327636 0.28715779064721491665 0.37384595541368154104 0.88191813956367837157
3.1807561001237423248 1.3580073315331910866 -5.245069557617089373 0.96286859243037681289 -0.0060010517361232754846 -0.26990379969409739047 0.10465426417059157937 -0.91328161150248499123 0.39365490354162480102 -0.24886052057762264589 -0.40728452643026002988 -0.87874214410607576209
-3.6360923126714328468 2.8740755839440454977 4.9082870192310661395 -0.8724261117721394676 -0.00019707154152344657887 0.48874598787197226502 -0.47928258375916432676 0.19617776360925895385 -0.85545455166852346629 -0.095712509126412090299 -0.98056832817913985867 -0.17124505647938584318
-6.3553061865707212164 -0.70545140011886819931 6.5936215592125204665 0.70719746971360708532 -0.0005947943264674902461 -0.70701583083440955324 0.49517132031835436878 0.71419853800225197027 0.49469769743740898971 0.50465542934254092877 -0.69994292234114496853 0.505373924040208089
0.30702732780245323152 -1.5149950661675701813 5.6670401093287940952 0.99969731198950262385 -0.0076990519459139185321 0.023366835476588309478 -0.011897203661193051991 0.68005560409051690751 0.7330640025877954713 -0.021534645251330346988 -0.73312011290384071494 0.67975816222365104124
-0.8432937435949479088 2.3775905430393393658 3.2594615381271379029 -0.77500671145076260871 0.0060208203408933045481 0.63192432057075509366 -0.026970195392600430223 0.99872843461943239252 -0.042592516281483562557 -0.63137722936991635958 -0.050052608374861327911 -0.77385885704566359511
-0.35136404757927774956 4.6800920501583487265 1.3756174507750735803 0.95823109764639347041 0.0025915094949944574021 -0.28598329948077022555 -0.24553544653334766212 -0.50528702935870317692 -0.8272831211003168761 -0.14664756390420299881 0.86294745033523934108 -0.48354543732788929367
-2.9284902289097298755 -2.6767347664220713099 5.1469904192221846984 0.86661460886255869962 -0.0070114374744822387936 0.49892881200662281271 0.49500100637851024432 -0.11391257480520032563 -0.86139301656408817642 0.062873868896765411352 0.99346603618123752177 -0.095247632853310143508
-0.69797655743364850345 2.736701371227631796 -3.2776752559354083161 -0.99428874368201936029 0.0016442251729378689132 -0.10671078066793364403 -0.051088705334422501725 -0.88520631125081850055 0.46238482967011568237 -0.093700791749242340334 0.46519574701983318343 0.88023467244824138422
5.6321367152691808045 4.4580385851956725318 -0.62528949272858458386 0.9424639291459734336 -0.0094766646323647275169 -0.33417351044950954764 -0.14424524256193568816 0.89023538192329831897 -0.43205818447310290198 0.30158755321963626184 0.45540219323076064351 0.83764777212364116554
5.392685356137953967 6.8244021032603843224 -7.2204157648232429878 -0.98071370181925920928 0.0075496321219246488934 0.19530396339741060152 0.16887661766490627557 -0.47031457075646548871 0.86618987095221866568 0.098393714585745833956 0.88246654757503895095 0.45996898736881464131
2.1172252939933899896 6.777446392895447147 -0.4284416791243970124 0.90515214394460929981 0.00066852801780583389485 -0.42508722561687167785 0.18834154658183893671 0.89585762188246520488 0.40245072138857501676 0.38108668061680145422 -0.44434071880172670843 0.8107615355152436587
3.053139278538953949 -5.1927273925064465487 5.7450436861460394411 0.80757655335121802942 0.0036695676105196629174 -0.58975134145759955384 0.58542279563771504325 0.11610275125767371973 0.80237167291614763798 0.071416110403732566136 -0.9932304291673665908 0.09161361116596972165
-1.4599830261980699664 -3.3596483763287774416 3.0159472415915309362 0.41926417880640581837 0.0039188299193276213833 0.90785582067964021302 -0.43071471911227582341 0.88114561079498132656 0.19510828612963079798 -0.79918857543744947769 -0.47282878016097623641 0.37112068864677177915
-4.1412804533305829224 -3.2939833018309481183 -0.25092428904380531529 -0.83862043233359029326 0.0025279115797432493741 -0.54471036352881985199 -0.36251297717951042054 0.74379266763957752051 0.56156638872194575285 0.40657116455677988487 0.66840562327728259007 -0.62284332774962025692
0.13129918469611034926 -6.3652251407916518033 3.9399774675694816395 0.99942308697073645174 -0.0063645620971777682601 -0.033361438507906855666 0.015151021808748804665 0.96267653701206268302 0.27023014566195480146 0.030396377549968801868 -0.27057970625235922002 0.96221758599413853563
6.7815314987963457583 -5.4267752550881880325 1.0893244104259787175 -0.75143325140321726163 -0.0080474968098810575196 0.65976003704437469199 0.3210260339438704702 0.86913202263720990004 0.37623372091933338091 -0.57644631512043698063 0.49451467624493988806 -0.65051124568481200061
6.9829708808510799756 -1.248801383081539873 2.2575493253854301834 -0.71941171831934658254 0.0096439762416460766969 0.6945169351908874189 0.41368486575506163705 -0.7972645287804924763 0.43958401130340640783 0.55795305482631407656 0.60355303401661408724 0.56957187758814542544
-6.7896029490753893043 -2.8671923462664707927 -2.4033761697981379513 -0.41664429370294042698 -0.010169781161287300489 -0.90901271062389787936 -0.20896831365446438822 0.97423174481860186358 0.084880806287916388264 0.88472581990874754609 0.22531995681423983013 -0.40803325924248484702
-3.950446521786692422 -3.6523689128708847207 -1.775577776127151397 0.99928260177918759588 -0.0064039575618417797498 -0.037326546972881284592 -0.026427318311385845917 0.5880590085347454643 -0.80838616967881826714 0.027127082929131126482 0.80879267541721922008 0.58746789662338272375
3.7701868775236917486 3.0261666401229856405 6.0319390734401023835 0.9832239994171894093 -0.0091150225594385358291 -0.18217432128052152285 0.094964186666406352755 -0.82713474559713628942 0.55392230129933772709 -0.1557317251592046925 -0.56192973670175749845 -0.81239313191905804246
6.4449812049267878322 0.97701572975686690192 1.9339895122184016518 -0.99669250817722687685 -0.016025919330554836556 0.079669404748352448675 0.080285203976167771045 -0.042385236419582694722 0.99587036192271349844 -0.01258293152817633459 0.99897280325504533849 0.043531691799053251479
-4.3316959600013440479 6.3531368643349983572 0.5892870398746761218 0.89463109442990573772 -0.006621057829335881724 -0.44675649572472930782 0.27954915678654740363 0.78830333208614478124 0.5481150659867533026 0.34855053266190866301 -0.61525118302618486688 0.70709158386029602461
-5.8100100597655721657 4.5283305319747864104 -4.2036816851017189123 0.97319703796966927634 0.0041685140553128011143 0.22993509688071953057 -0.13402183844736420548 -0.80222167321529669337 0.58178908020255915012 0.18688411410859612216 -0.59701173398381301993 -0.78016108425097863144
0.46555238070277044082 -2.0163489283386004658 7.5153522240101597873 0.97275967588401801578 -0.0024010665313793778768 -0.23180346816567562462 -0.17854087362293796781 0.63002770173244615481 -0.75576997260793332689 0.14785726028865969761 0.77656894731195746928 0.6124368544189927599
-1.4869287980782635028 3.4296157563019331604 5.4139941327293863438 -0.78910053868717477954 -0.01341227777767912098 -0.61411761955535426605 0.015712398084524074188 -0.99987519486520881618 0.0016477984538498663403 -0.61406307525374059786 -0.0083489818615801701662 0.78921279393577381533
-2.7400124693383669516 7.2247999566401182037 4.7319289481484059223 0.93595091957673115513 0.0023415951050291226865 -0.35212269605331686373 -0.13103255165898863854 -0.92585066981354324778 -0.35444464675246684093 -0.32684299984732223532 0.37788232842794694522 -0.86624396062121022943
1.8832019662006111993 5.0375081613995540408 -4.7517107410639898291 0.90377296298939346908 -0.0060644204025217798501 -0.42796922105988405294 0.19529246433042793396 0.89559086392783482378 0.39972222583259048312 0.38086124080183564322 -0.44483730425184908608 0.810595144323498773
-1.0743755401024153162 0.98491856224798235431 -6.4025781704944861872 0.95826916418796492803 -0.0039370040807838067518 0.28584035573287852605 0.11839488630619898757 -0.90465190623059077435 -0.40937461993887469536 0.26019773224064601802 0.42613311130727826725 -0.86643390491396399256
6.6934940519671251025 -6.9304015253764594817 6.4380158524819357524 0.96611028975244561678 -0.0046365332280141257834 -0.25808799002276938683 -0.11313930784513090422 0.89107565066707894452 -0.43952665653942235569 0.23201380358656137348 0.45383112205754899682 0.86035278089709132932
-3.9836262531268289422 -0.36158235607552502433 1.1258007814830177651 0.37977783545061993831 -0.00369609465542916453 -0.92507034034420509983 -0.16365862566291758395 0.98395012459827946305 -0.071119663591465070995 0.91048594165235974263 0.17840541243900753798 0.37307755073966636372
-0.068068668015973513019 5.6246560760808135271 -2.0345620288433674538 0.80946071143187392494 -0.0015507224466741829222 -0.5871719951665756998 0.2188812607905181451 0.92871716908639267984 0.29929151928994124354 0.54485259504079674997 -0.3707856727328918689 0.7520994844919193234
-3.3114722687372641907 2.6099866654775483177 0.55419701379920704998 -0.9662334500125818737 0.011246460038224631584 0.2574226820104933422 0.19890580269693300397 -0.60252762715593344289 0.77291457494814652662 0.16379683064796532466 0.79801878151488447877 0.57994536175337174644
0.056726238455201527522 -6.4900114716087298206 -3.2485415070039787011 -0.99798054812411651771 -0.002345116800027302606 -0.063476972148417937225 0.055680724884871649061 -0.51322195504274037425 -0.8564478277972225051 -0.030569305556851611438 -0.85825271644735634524 0.51231610580617747974
-2.0070455584924880021 -5.6329009603587802957 -1.4528157319403849357 -0.97815911839173730336 -0.0094493175416194216676 0.20764260041011251001 -0.071538596239149460088 -0.92263165567027427549 -0.37898952123121604219 0.19515882853515567619 -0.38556651612007042385 0.90180457599847885231
3.8498983365359955577 -4.7902631451724033695 6.92030700825877787 -0.99432328540664671745 -0.0046423930301312879565 -0.10629982260141920825 -0.097397915957726510783 -0.36248584262482047569 0.92688600154689970712 -0.042835149879910397464 0.93197771544368901431 0.35997595454583014574
-2.52557755684305274 -2.3880626785851526428 -6.9547829332251760448 0.24753643990993751123 -0.010148076501698320706 -0.96882543704216717018 0.59803379617870411344 0.78832952427773006487 0.14454113525195280698 0.7622868813934915444 -0.61516955198964806684 0.20120917662985898788
-1.5700960520875535398 -4.2286084430064478923 -1.522325505054097361 0.99661191560095496733 0.0070684212543894115247 -0.081943438438094817755 -0.067982848911376764223 0.63155791403323946476 -0.77234249752018568902 0.046292784923578578216 0.77529648434827558301 0.62989867393184384436
1.5683728386971598212 3.9566808272669504731 -4.8745670364730546709 0.85828659098683501849 0.0013027143951697293597 -0.5131690078982452663 0.18931046056106534681 -0.93026847193559236704 0.31426441040118702208 -0.4769755520508882074 -0.36687719070264618315 -0.79868357294236935751
-2.8577826478229924057 6.0029052110047818047 2.722517901287984099 -0.63023269202297604874 -0.0014130094254959060969 0.77640502143516831879 -0.25560597385088346112 0.94463041512881507078 -0.20576434323120856851 -0.73312505074997535992 -0.32813317756359883237 -0.59569814314365698849
-3.65144920954511365 -5.8880182164712193682 4.5769038570115716524 0.99868460680355264358 -0.0045850176403968321767 0.051068911745634437693 -0.00015339373161945765722 0.99572226870933910892 0.092396645321523640515 -0.051274092912629846974 -0.092282941053836636813 0.99441179909862087438
-3.4613186649196872047 2.0776698241309516924 4.2077029753907719822 0.98865818861171039789 0.00041026094797080164822 -0.15018261476268343624 -0.10117496666715102005 0.74084249567064952569 -0.66401507718449381823 0.11098924367206414177 0.67167866446270318992 0.73248150795408195624
-4.9363799838874387049 -6.0736750024436458872 -6.3023794680607965191 0.96080729596125735714 0.0042972034983139555109 0.27718382721526946266 -0.27664343285130515993 -0.049431260012226786726 0.95970045409692483762 0.017825573982843574694 -0.99876828372544235179 -0.046305122140901891492
-0.87315229256343196429 -1.4327918676691067112 -5.3681854015704653094 0.99980872403209164467 -0.0087735122649511068649 -0.017479726306704850003 0.016701404024760786726 0.8480685504699733146 0.5296232593149893253 0.010177349990119384515 -0.52981389108484377992 0.84805286531018320151
-7.205779756782654033 7.1532476257221091487 -6.7693553468566332043 -0.99034363030222105628 0.0059413880997294613723 0.13850701724936528847 -0.05552103433742947014 -0.93245899212783889265 -0.35698409312763268453 0.1270311326642925287 -0.36122697560888372692 0.92378469538450624921
-0.32300267657002817989 -1.2504016193051170625 -0.92788400285253158639 -0.93278055159066231017 0.00092778407966112932947 0.36044359030338207761 -0.29043164277613148228 -0.59417615306454796276 -0.75006943678816928589 0.21347108340114268055 -0.80433440703844683028 0.55450541765205696443
-1.3656021787561691827 -4.4610519460102109335 2.8929941647764700896 0.4668413056343830303 -0.0051900464807245064516 0.8843258781529566015 0.78939866857512352993 0.45320722245372208059 -0.41406878120373030727 -0.39863383876091634805 0.8913900812401496232 0.21567286723493869771
-4.9302609620690756032 1.4422702859730915925 -2.2371921468144453371 0.89804088496606038206 -0.002318147843865570306 -0.43990589348179170992 -0.34160271507735207042 -0.63375230124191739289 -0.69402132944335848119 -0.27718252827551126405 0.77353257647057083179 -0.569927363053886471
-5.5909011521677429712 -5.1254369301511815138 -4.2331765089309598693 0.91439596262616296141 -0.010012508962232347445 -0.40469713761922021522 -0.39968212635762689899 -0.18111072286009746724 -0.89858394373331373917 -0.064297911343720537403 0.98341174272505427201 -0.16960873464378709019
5.1884097953465815323 7.4235110390113820955 4.0792422680118836098 -0.93766887742683724394 0.00018631290990954040183 0.34752991467305044404 -0.24656896825628457637 -0.70507224710639970766 -0.66488861492231188244 0.24490982054263060741 -0.70913545366720354135 0.66117024143103431122
-0.1200504809064417977 -4.152346016495408243 -5.4808764942339216475 0.4361371678173078803 -0.0098269996391025307703 -0.8998265393542976831 -0.54234446945393655071 -0.80080191407158429762 -0.25412353466754655784 -0.71808554316392914085 0.59884866577225059903 -0.35458909769149127289
6.838643548476158962 5.0495470636654724572 6.2586665309165576687 0.99556281246875999447 0.0014973510481831821175 -0.0940874293896570707 0.029589187016913567202 0.94417367744373792426 0.32811666649884158042 0.089326180042615180299 -0.32944472186153744842 0.93993989637465735765
2.545318446853915173 -3.7187941972239575428 -5.5912852440467970538 0.99928236853874430334 0.0029056664430822430958 0.037766453770630932507 -0.030542022397973572767 -0.52792059202553720532 0.8487443863633418184 0.022403856715502899755 -0.84928876456597146571 -0.52745299467003781135
1.7926637970225078877 6.3412383427985394846 -1.57513021670673381 0.99950386875835139922 0.014851228152869773436 0.02777512122952473933 -0.023266104175811989224 0.94254423007753473929 0.33327025481421868047 -0.021229807663822375385 -0.33375112789303496008 0.94242213465984470133
-0.49952389012671821744 -6.8776913484624593309 -7.5030642617059690735 0.68898379738716031273 -0.014398184271590825853 -0.72463371383592001251 -0.66872882883078021976 0.37288883053349219932 -0.64323842667700337206 0.27946928351535321733 0.92776430862203052019 0.24728588155900219081
3.0090393613851422749 -5.0950123049357456395 -6.7246470165892944237 0.95398043190074188757 0.00028135591673164898549 -0.29986873192973723112 -0.03007699200244214402 0.99504653103934126435 -0.094751124630415919925 0.29835668268431669858 0.099409868249999200351 0.94926338178199509699
-6.6075502339452354406 3.9159812570238012874 -1.4103189600075738408 -0.99994850996339024185 -0.0093966231845444784382 -0.0038315655795365371333 -0.010143824282174406307 0.91502928985214782021 0.40325984370080203423 -0.00028328606539859690905 0.40327794656458776368 -0.91507749265485693879
0.56250318627118001125 0.9319595724204738918 -0.1487686150898442361 0.41060032706477017639 0.0060820379021255289997 -0.911795141591224656 0.91181357294080456199 -0.0047549247904365692791 0.41057690983687050723 -0.0018383729952193474805 -0.99997019930861485992 -0.0074980583843445173034
0.65901342836616649823 5.1979964502008950689 0.21261269817135158844 -0.93221445192169682947 0.0031710354132195627333 0.36189247044249495122 0.30094150355151644272 0.5622278893715600967 0.77028177432217082021 -0.20102344905174648892 0.82697626625381559506 -0.52507125991067271631
4.3533951464645097573 5.5339379651609892363 -5.5775325817037355591 -0.94229630224133942296 0.01179684871521280605 0.33457213443811045783 -0.20602119739749108485 0.76729748705698996858 -0.60729715344213741623 -0.26388055063802934308 -0.64118281380308517203 -0.72059118387518117377
-2.3260622194411135766 2.4701718124246747621 -6.2495994081545624965 -0.99514502119860026585 0.0070837248179747231216 -0.098164187086385107373 0.086752017373799089617 -0.40791434025074263525 -0.90888942039135345308 -0.046480902155678488485 -0.91299272278613075038 0.40531939735766181476
-1.5109582123694547118 -3.6535514767319354767 -2.8505094252687901424 0.595069975344261759 0.0064800927955552872425 -0.80364776664976178555 -0.40956669580999444102 -0.85792759660286244117 -0.31018600979201577106 -0.69148163108439031355 0.51372974158094741881 -0.50787292356273072702
-4.4196952371900675161 1.3730800114652768062 -3.8170863719901992894 0.95629788007147187301 0.0011701575443397831122 0.29239185231815545407 0.22336441689209290962 0.6423877060364860947 -0.7331073402984920051 -0.18868678235947353161 0.76637893098938025815 0.61405262990908215937
4.1404035068731293023 6.2256558449718628623 -4.0365639550579537342 0.99974164482942129428 0.0025608110127541077426 -0.022585080050172859356 0.015877689000142969356 -0.78969387075194130698 0.61329559715429016187 -0.016264765166798943186 -0.61349574794266992228 -0.78953050901815768903
-4.8978199425613730966 -7.0892801163741365755 6.3226657727133410702 0.96762487236257499479 -0.0015589651644827024618 -0.25238794743992665204 -0.21368547539755530784 0.52709783634719409307 -0.82250008420802922515 0.13431538999478648266 0.8498031775333819704 0.50969984840575788265
6.8095998744260146651 6.7041912527513254361 -5.2264106922060369342 0.88419791317548401821 -0.001228102624110362362 0.46711084562455335023 0.17918353447706181214 0.92438861135271799263 -0.3367476149486046122 -0.43137838530515726365 0.38145011071607171083 0.81756253689024116493
0.75998151302806538077 -7.4506805904293953446 7.3203867859355824521 0.33316695120530442908 0.00050287944638004785508 -0.94286771592675655551 -0.71067789158789795856 -0.65703788720061429007 -0.25147196502029534049 -0.61962627206469533814 0.75385738830043569347 -0.21854592440032538647
-2.2881810638561388416 7.4297392920710496611 1.0193139686742109795 0.83787788245304251067 0.0045392400065062815662 -0.54583884929180903622 0.33264139027820976979 -0.79708759985317112484 0.50398518195885866344 -0.43279366858798290485 -0.60384663074357081136 -0.66937200940106111879
0.18333588387617633098 0.69911595640041268584 2.6017463341817106404 0.69352376319525310677 -0.012942268662505567595 -0.72031749080888318737 0.10988994757592583651 0.99003927028223015494 0.08801387800065958722 0.71200350371684439921 -0.14019536718747049875 0.68803798566215390586
-0.28209876932441751984 -1.3513264680342049751 2.4757981634593582143 0.99994206130916896136 0.0019734618168420468322 -0.01058203539967512638 0.010304586959866187529 0.10878373798461274391 0.99401202902059337951 0.0031127981510545590059 -0.99406348076903006117 0.10875709948831591145
-0.6522755454383735163 -3.1791202842745276413 -1.3773841383984550824 -0.84979680385136724396 0.0046884658956718987949 -0.52708956587232369539 0.42741312671770559373 -0.57908702754538687874 -0.69424508182500144216 -0.30848567434057116987 -0.81525225103413045957 0.49010239329185684154
-7.2088311521514949476 0.1753888649604742056 7.2485669946604831537 -0.10480588173503664617 0.0028518458978814935356 -0.99448860935097083136 0.85973391361583995085 -0.50237962056444285253 -0.09204517706222083151 -0.49987330888196451761 -0.86464246010507583851 0.050200510464142152067
-0.94166159185869735548 4.0485713220147081515 3.7754989590453540416 0.94822215805693788049 0.010159150759269323233 -0.31744531911150108971 -0.1196572686149514203 0.93726967206096944984 -0.32742586932353767715 0.29420550137200118801 0.34845710423317050042 0.88995548735425533682
5.4148669527245889554 -6.2101262808563237883 1.121642746261327872 0.54248882490140259982 -0.0081132508153320299915 -0.84002383895835530669 -0.80382351970511134454 -0.29554590003432262835 -0.51625610906025554137 -0.24407708623743740173 0.95529408881982047497 -0.16685196984061051451
1.775968125057145075 -4.6779209468517182202 2.3655068805888754824 0.96409273087310787265 -0.010160726955566586061 0.26537137356078605022 0.002665883233337046701 -0.99884715366008014481 -0.047929705735121709564 0.26555244179708675789 0.046916129987523189082 -0.96295419278523908257
-6.1148400948190930748 -2.1076841764487914688 7.0583244631135535485 0.66928302467724942737 -0.0099586696713420911481 -0.74294081714304183173 -0.70315750786989383858 -0.33155531323971704216 -0.62899967677957224765 -0.24006197534195888865 0.94338321967308758076 -0.22890685624064061043
-0.85931455308943438531 1.7830564363920666793 -3.3622368946258083255 -0.87811353375495471152 0.0010707563149028763091 -0.47845112113701027123 0.11561034853750939977 -0.96989017624581519428 -0.21435319762689297729 -0.46427456224455831979 -0.24354034471262445138 0.85154989950668280585
-4.077676507512566495 6.1047275202143520545 -5.2105326254404138453 0.99662425882986638292 -0.0040200404258449737652 0.081999548698776195121 0.070553439310126919715 -0.46878474712102735644 -0.88049024586770208156 0.041979744083772765895 0.88330328887744635757 -0.46691862347201174011
-5.2455172616708489741 7.2303787764148168549 4.375829399565561495 0.99695870499160210709 -0.001098707579187180837 -0.077923894815034255856 -0.058052012056992577382 -0.67756937243357584499 -0.73316417631813080025 -0.05199331147006482079 0.7354580466496799529 -0.67557246626897771158
