1125 14.717824617146108679 14.977075390850430381 15.033177056927090831
0.94504944310718685951 7.1855254522859670629 1.8775435437516745374 0.96275697869759802039 -0.0038028903365176424875 -0.27034152103231839925 -0.10654723193807026649 0.91364786261373154286 -0.39229487698381437788 0.24848880726365721316 0.4064887712674561393 0.87921566836477915707
-0.96788934840711049468 4.9218388481955095415 -1.6958915782649290893 -0.9991587961116721317 -0.0032793166513648691618 0.040877209236432753003 0.041006448716274054855 -0.089956132716681874717 0.9951011834734745376 0.00041390377841132874621 0.99594032967293300018 0.090014934398183962805
1.3655266128439602635 -7.1880262745284690951 -6.4333012590724543145 0.65619607464054185986 0.0036690546382974163764 0.7545815063094872821 0.3972920329050859678 -0.85184480440142229529 -0.34134948338087939268 0.64153390574195090501 0.5237814117094624633 -0.56043490302723963925
0.67626756715171587597 1.1772593232927399676 -5.4964925778352897723 0.86297599331800600719 0.0094643210472861762084 0.5051562744180183584 0.34967213171006755745 -0.73287774843807496072 -0.58362625553485558694 0.36469416675088334179 0.68029451891908776506 -0.63576531225487975529
-3.3024045169726452542 -1.1131006292350229536 -1.1514925670278466363 0.62276720710116995061 -0.0093337982321330340701 -0.78235151049257012357 0.75960375355472398162 0.24686430466277103912 0.60171434474259033465 0.18751838135242854255 -0.96900510591737187838 0.16082898171990489544
4.1585205014915747057 4.1342484075846357428 -1.7101358751023789662 0.99460735735361593957 0.0070984879245107540893 -0.10346891401426459856 -0.027537461707977099745 -0.94376978836249847404 -0.32945451093729682945 -0.099989463948885637379 0.33052715174919744534 -0.93848490081399038587
1.5570082230993482764 -1.691835494287056596 -0.98617681807153123597 0.99986591614603792522 -0.010152614294075171242 -0.012848118634108016481 0.0084662601567844601724 -0.35109877544069484356 0.93630015076529393703 -0.014016853013360745794 -0.9362833835474767552 -0.35096574408990111049
-5.0638094272540739027 -4.9814925340043787472 -4.1359904459865761694 -0.99997461733290415875 0.0019671582904294479532 -0.0068479908223741323137 -0.006690786853931145195 -0.58963968485127515873 0.80763870351773758838 -0.0024490939790668478371 0.80766402194023312333 0.58963788006021877752
-3.6881825648893036274 5.5106501298006769218 0.25535224806548489918 0.99973265644251851914 0.0022012589808677656897 0.023016735244016563872 0.012848907145670319246 -0.88049315708801489944 -0.47388469684763168122 0.019222934936056521038 0.47405374672088507193 -0.8802860466872836076
2.9504817323023537767 4.4169527597824504994 -0.3830063643353556202 -0.95929658864945155372 -0.014099170814996047491 0.28204834406140105729 -0.25599173638810274189 0.46512738083692728441 -0.84742241562093190144 -0.11924045415242284784 -0.88513147779195466835 -0.44980438094288455186
-5.7685195841516287985 7.1373857191758363072 -0.31674618966604733972 -0.99539401293725959796 -0.0030683327315664224617 0.095819331780800404141 -0.094764045082709871815 -0.11978254994642570375 -0.98826712810250771923 0.014509816271575146085 -0.99279540997260085078 0.11894006544971322259
-4.7456347973546648689 6.3777740983978423728 2.5205897865119841761 0.67857648846094287265 0.0033734850479533009041 0.73452200028764846884 0.70776958648860843759 0.26445656984124493727 -0.65507628190118027955 -0.19645905871131080778 0.96439169545690628382 0.17706636039586026721
3.7518544432857061643 5.0267046278446798624 2.0962010543682092489 0.86352372493154894162 -0.008465001955774957218 0.50423716664107587349 -0.1732703543148916836 0.93401095698565006487 0.31241145392973374006 -0.47360760213067654156 -0.35714405493132400649 0.80507388681494518323
-1.6220388170820687623 5.6181474141741043482 -6.7326460182019021161 0.89391592763036265001 0.011536478076513232566 0.44808617921385263116 -0.064652024645547229165 -0.98589687328462305427 0.15436149441137339555 0.44354755104509607788 -0.16695587716894413899 -0.88056306136514683747
-7.3530495073379746884 -0.91734410164951785127 5.4951842438439912897 0.97326859797995901591 0.0045900454955967416593 -0.2296239701520851606 -0.20503267885454248831 0.4678707333855786632 -0.85968516181385623565 0.10348834131329731623 0.88378498987226727923 0.4563050020421141606
2.9860548267503053133 2.9794456682511767376 -6.423658126185071815 0.99142858997555372014 0.0080663875234417356519 -0.1304004768832285055 0.11066755675934371317 0.47864120214227656724 0.87100820403292911198 0.069440930725111274513 -0.87797353775837749801 0.47364588474497781867
-0.32415053022593942611 -1.4592128774324131246 -7.1079267720854595325 0.96919603509205476399 -0.0026273601866428236175 0.24627655702542958216 -0.2396787085281886498 0.22007935565678188317 0.94557876133718532508 -0.056684761974408082175 -0.97547843348389673412 0.21267031661181881597
-5.7217729845654901055 -2.7382329771531805918 -5.0690843296875627289 -0.93158753684683492935 0.003399026179680211552 -0.36350117993294833729 -0.082193920190405694859 0.97209022611487894139 0.21973791610874571223 0.3541028391235782613 0.23458269099208026165 -0.90530776005273416729
-1.3001333501724894326 -3.743483657505307427 -5.1823716960499401907 -0.81603564212931678501 -0.0042247639584906265808 0.57798614355711952495 -0.54345978423531582369 0.3461135705594701184 -0.76475934724169913892 -0.19681792015328192225 -0.93818310986938346918 -0.28473699911051170153
4.9124444547887202717 -6.991411061388299153 -0.37514782784809652671 0.96368672759238938053 -0.0076381512251869343455 0.2669261128252642945 0.17251427648875899967 -0.74518736687907438654 -0.64415418391193435266 0.20383011423656904881 0.66681140278927419907 -0.71680948489869722451
3.1446019873173742809 -7.0328151391367894618 4.2302413254995219205 -0.99957333292691974425 0.0041860127828878337941 -0.028907255116102897885 0.005855968704229049665 0.99830354965397205547 -0.057928666295733392821 0.028615725255567082963 -0.05807323002252479105 -0.99790211956024010842
4.2337334309212639738 7.0890891657545278548 -2.038684616513187553 -0.83917644937108482051 0.0017864824440343952342 0.54385631861835936895 -0.53966033353513009896 -0.12675713655111511824 -0.83228561968963432616 0.067450805995289506156 -0.991932173494651237 0.10733569749499037582
1.8286688654548426403 -1.468663624520505806 -7.2235960741064522139 0.42892240955661431467 0.0030160257977358191118 -0.90333629959648098495 -0.90277315636323829384 0.036892946078494290307 -0.42853184091694401792 0.032034274304386628485 0.99931467222193637312 0.018546998456746326828
-3.7030511617957655446 6.8003297405194134129 -5.437704732741846847 -0.84529901160092735246 -0.0054943532137839224197 -0.53426528342140766625 0.11332151781444137206 0.97535351032498240897 -0.18932449259655362295 0.52213773526417617266 -0.22057955929659769923 -0.82384272979360750888
5.3149648221823992955 -5.1975952673996212994 0.19394560243147346279 -0.93958630426612343989 -0.0033855924418746347407 0.34229536163863033549 0.081329364806789775089 0.96911055137422930095 0.23283099801197879031 -0.33251031751761245259 0.24660348127900352799 -0.91028765330828942393
4.775884122385292585 2.2808684039185713743 -5.2267571392854241807 -0.93560987486225311027 -0.013959945607008325194 -0.35275952429201729021 0.011760538105436701972 0.99743085277623211304 -0.070663878138278485297 0.35283969703473672119 -0.070262464009714906132 -0.9330419788774971801
-7.2628910981498071564 -6.804614889470250283 2.6065297846426562778 0.99430763029458801849 -0.0054586153613622500139 -0.10640742387850507522 -0.105072373867672611 -0.21583345575825399476 -0.97076038012753729234 -0.01766727449085330956 0.9764149337724282729 -0.2151784016072785799
2.5166310235282915997 -0.61554341167328974205 7.0656659439423288305 0.087306653272826592604 -0.0030205439735644479086 0.99617690427367633355 0.80812345485336556372 -0.58452207746319362336 -0.072597676780852660183 0.5825066780820490342 0.81137218172199221389 -0.048591693915934611181
-1.5761297899229838038 4.1878674928440169367 6.0629664000037619687 0.7663922319608653666 0.0049167006528739991972 0.64235408681262073927 0.5048225034132863831 -0.62298170000252206524 -0.59753497095101681946 0.3972369404242852009 0.7822209582443423459 -0.47993039666778186669
-5.4475968627875293038 5.8095006840340932541 -0.66614178793611356078 -0.99415236573054266422 -0.0099524029342912545548 -0.10752684961513268858 0.10795727606006325083 -0.11474476727994448177 -0.9875114505297706291 -0.0025100314775772878534 -0.99334515051804950225 0.11514821615756497264
1.4348077289269804968 -5.6945634632248021134 -2.2065846509304374301 0.99715259640680276032 -0.010559458733497409377 0.074667243891354637131 -0.01810843259215011089 -0.99470537768417566227 0.10115975620384473621 0.07320371676449495546 -0.10222382030336696346 -0.99206426526427760049
-6.781725822985763763 -4.6443290878392256005 0.76635071475739335867 0.8769101547587927481 0.0018869212777091811262 -0.4806506215632932455 0.30805599755975288101 -0.76981674708657710227 0.55900239558751141367 -0.36895810446240845382 -0.63826218392851763461 -0.67564140024009122776
-4.619367398981577999 7.4600952906534390152 -6.9584042548367222025 0.60858533888854959848 0.0012223176320388870475 0.79348748649841249758 0.3898392734604633203 -0.87145110190957808527 -0.29765469565988783573 0.69112171587773196801 0.49048086906646565231 -0.53082887159812619515
5.5443661460812760922 -2.1296270896785665094 -3.0131656043901768882 0.80910149507465289886 -0.0019359112129096770968 -0.58766574080493128029 0.57542316377453672782 -0.20046914496884760126 0.79290623941751459114 -0.11934384466626991872 -0.97969810358258813121 -0.16108591675571953816
4.4815087209756718778 -1.8710021903856242087 -3.5044341354654586773 0.87313890249867864846 0.0009615563638731496228 -0.48747054511307102986 0.074611409220014565657 -0.98847889733669258572 0.13169133279853059704 -0.48172771827832105984 -0.15135569011242441806 -0.86315112263905191536
-6.3107996257337806156 6.6832453169482946009 -4.0132082362978769297 -0.98028570380139279372 -0.019078629777328080103 -0.19666200651934370724 -0.11892952890611205308 -0.73785425012886618479 0.6643996332937421867 -0.15778373197695866326 0.67469038191789332259 0.72103896043889592615
2.0728680052730008576 -5.9976109299554769549 -4.5720866430185473916 0.82518168002555436491 0.0091163049651325246681 0.56479384551710343221 -0.19079369450894770321 -0.93660888611457937536 0.2938733750897910002 0.53166997384262282278 -0.35025802979348624744 -0.77113316066634585155
1.1921547425851990454 -5.0104268648561891553 -4.7211117904232127174 -0.99761359358085655025 -0.0041095012852901012176 0.068921911623243445333 -0.013836692707746556935 0.98987610644307799657 -0.14125806110800395721 -0.067643653342553053398 -0.14187461327623240859 -0.98757072165500303651
6.9269405209706143012 -7.4056128383301835783 -2.3534753504575576244 -0.99994397123450906584 0.0072280696341719997966 0.0077336538002789369239 -0.0030475414881680415458 -0.89622325233386990195 0.44359282508521191701 0.010137400190231599106 0.44354440249606397195 0.89619506589341135783
4.633961011582211853 -2.1036007615625473832 -0.24734779759955002887 0.70089136595141598995 0.0050104031353114340114 -0.71325043918340513827 -0.55559731879159357515 0.63091058547883660523 -0.54153804343028855151 0.44728392826759522105 0.77583937061173446903 0.44498354859747923928
0.97391105897437302286 -0.50008342805283489962 -6.730472729150541511 -0.70361486764261416127 -0.00086008219770440739321 0.71058101458661915295 -0.21166892956227170708 0.95485591888674037353 -0.20843809254737022396 -0.67832321373387360897 -0.29706806362421511736 -0.67203287366336561526
-0.59267439262668020206 -6.9753083390415158149 -5.3800184565666278047 0.82180555343111383326 0.010737272731772801171 0.5696668704813492301 0.53657138658735925585 0.32170714467686495341 -0.78012541309687322144 -0.19164232164502564837 0.94677833944284428558 0.25861940475606831624
5.3660812637672101744 -3.4520984230263667136 2.1452192158241105702 -0.81014412622991582857 0.0010424677943533357596 0.5862298252359406936 0.34345013045538907992 0.81125380316975703732 0.4731905268839396439 -0.47508788936933205038 0.58469323589679222941 -0.65759053921969490286
3.7716937765280280637 6.2425398743334215013 -0.53920351206801053756 -0.040986651107736596367 -0.0024988079252561820262 -0.99915656950748676923 0.2499965448048326877 -0.96821503811158537989 -0.0078337449688205048476 -0.96737884100108839647 -0.25010676906783024798 0.040308585311789255079
1.9466404380662942764 -6.0106659392879064896 3.8941849492881579486 0.99412966417802950403 0.0005983919764690251962 0.10819358912745863366 -0.10434474087468072201 -0.25909917202663873548 0.9601977890553773376 0.028607444014281505767 -0.96585053759995442846 -0.25751573382001152757
2.0745351422936315622 0.45119349101252487211 -4.4104001125162701769 -0.98681481662029590929 -0.007143839078834119706 -0.16169565010215267153 -0.087089657791077926263 0.86551032483760481639 0.49326186666450722029 0.13642547124548212722 0.50084013733201337981 -0.85472056698827014731
-2.8669070160416572079 -4.6435557939048743847 1.8372486003632360063 -0.49564212429077658673 0.0022465467392049059264 0.86852394190153425768 0.049545124695471773335 -0.9982951338082223236 0.030856221961249149371 0.86711254474114629609 0.058324770402965520066 0.49468581535154682038
0.12884795199719817349 7.2586351690745223308 0.30780555130832293331 -0.97969398174130584156 -0.011495169013357970506 0.20016883680840721893 -0.02824419610165983599 -0.9804871819373651709 -0.19454344358779998569 0.19849928847849016011 -0.19624664875043323908 0.96025271951071411447
-1.4538041423577807709 -2.7871866383283490087 2.259978123178644438 0.99585165589857205237 -0.0071897350233534806571 -0.090707150513887571663 0.089571948390141736818 -0.097948960014808253427 0.99115229268446525257 -0.016010793410938736758 -0.99516546812192441251 -0.096898635449778280915
-4.8118591147746458958 -0.011394725132562334019 1.3407691393271794489 0.73448172023356006477 0.0078501499196507191353 0.67858306624098951865 0.031942448705847066581 0.9984248902318386687 -0.046123947535555376298 -0.67787630332782378151 0.055552801115879679728 0.73307407789031275858
3.8002046292136122396 -4.8183454837124015668 4.2117966244263991271 -0.98994503611791417885 0.0060675722151151039244 -0.14132236211116869229 0.12616337174753869399 -0.41391714010178431993 -0.90152948080429717859 -0.063965843186306464707 -0.91029434014353260984 0.40898971283897311846
-2.079303035256947485 -4.4603725816427530759 7.1367701156033458432 -0.95278122753859473271 -0.0013424948142055550399 0.30365462314597202464 0.19814917438037341069 0.75499688226157635196 0.62507328567764242067 -0.23009745140402237951 0.65572700530260374929 -0.71908084202983757471
-1.3356871876925990872 -4.8722685736421516012 -1.653591748896227287 -0.99360541624441811592 -0.0035903831992582131705 0.11285116728822283672 0.022845594060575173667 0.9724275445386946215 0.23208349673019224024 -0.11057285219189796899 0.23317757132923075392 -0.96612725072177862984
6.4393363635384677224 -4.6341886839556574174 3.8714914782939833238 -0.85953862255074553467 0.0080149199325299930186 0.5110079426015898818 -0.50445849938662268297 -0.17362545107086349572 -0.84579892713174376073 0.081944973854896296928 -0.98477914468115812507 0.15328097553502520456
-0.75834902285563576818 -1.8105677023269612924 -3.486954779231952628 -0.83436590819083555903 0.0044223382607173778586 0.55119322761923217335 0.51125256913230232581 -0.36758252424299370231 0.77685513348814116963 0.20604451413375646229 0.92998039269409216168 0.30443739487766663387
-1.2584514794368946156 -2.6668047475703171578 1.1847858527707260112 0.98955234405037351131 0.0016822230068891997658 -0.14416424144027023546 -0.080013623906697320387 0.838215341613859799 -0.53943754140065869329 0.11993322464445030362 0.54533678695726439667 0.82959255687205435414
5.5525390855943781432 6.4690108006857123257 3.6447720229598092878 0.9668112778216801928 0.0023074358236734177074 0.25548117115892643447 0.25178490789066981792 0.16111027554971821263 -0.9542787010463311681 -0.043362578743737868747 0.98693371350473402259 0.15518225385812151051
7.1916343382272742701 -5.5243439710465018777 -4.3866088518753150183 -0.97059255108922037891 -0.0010549961233587087667 0.24072595778887481699 0.036287444024452289448 -0.98920510341286571609 0.14197353552049157832 0.23797756443909603985 0.14653378574647538124 0.9601533879846531061
-3.8287294014095096806 2.0348493261904083695 6.8441312645710974394 0.96948503112288519912 -0.00025866684646068394127 -0.24515037736070735552 -0.12048322831850830084 0.87039334062039930284 -0.47738791804740848823 0.21350074033266699947 0.49235694947379632369 0.84380214990389246221
4.5000377788142067459 -0.63881843701753759923 -2.856530290792808735 0.9971541959668942523 -0.0026444698107418291265 -0.075342658865760192555 0.037894846437025606067 0.88153569146490728947 0.47059409822782777288 0.065172770994173262471 -0.47210997813301269765 0.87912722541626342476
-0.32676591464809701115 -3.6551843187448591621 6.0985025871654992002 0.99993054063470310222 -0.010800289365301193184 -0.004718861677878070926 0.011607775946968445363 0.97181629410616532372 0.23545349869403814358 0.0020429007502104339772 -0.23549191973254049448 0.97187415970235324636
-2.9168568531792109511 -1.0647576162232208485 3.0710196113216912117 -0.7466159837928423304 -0.0036167547984768538827 -0.66524543728589002889 -0.36580612317842542414 0.83746770436670403548 0.40599719751237722809 0.55565317689199433815 0.54647485141356400007 -0.62658980504182870686
-4.2584996481989909611 -6.9603762703484797214 4.4235551963455073121 0.98348343716914676804 -0.011204922635555383467 -0.18065098539104443298 -0.12224838827839852595 -0.7771474879640855038 -0.61733063549007105575 -0.13347531748364810378 0.6292187470665145943 -0.76568146638318312913
-4.237454081050479715 3.4908968882435842396 3.382516062257861833 -0.94255283256024757765 -0.0037017102812269609725 0.33403660753539249351 0.21053372443474926978 -0.78294108076816470998 0.58538774749838784484 0.25936404667648149669 0.62208485063253604608 0.73874266825806744752
5.3236593378278858069 1.3234905949972022299 -4.9665993764782090381 0.98916017056930571894 -0.0068689696283291308554 -0.14667983574975385075 0.12838968119420768321 0.52522653098865657029 0.84122124373346340853 0.071261818122855591362 -0.85093472628744049047 0.5204150698009165632
-5.6316077743392707333 -0.39952842691931939045 7.2688821690902676309 0.99871070636361414241 0.00098717351319175909719 -0.050753822351039756811 -0.050070700009902449623 0.18376416044028412444 -0.98169427946709830746 0.0083576309627377415312 0.98296986669289643235 0.18357666294646332594
-7.1097407947676876105 -1.7516118821176953624 3.2215985524006303109 -0.69206866130260402681 0.0080220549729407304024 0.72178709788753592225 -0.68351797764681443415 -0.32872789474850716562 -0.65172167790227986117 0.23204340601802062038 -0.94439060660735552055 0.23298549284308206486
-7.2197742693427073846 4.7341704287073174129 -2.7552010976949614651 0.73169964798404274475 0.0016805589980939871983 0.68162511754007504283 0.68100897558211459515 -0.04438290428075813282 -0.73092881526471986664 0.029024133349695328821 0.99901317985752735584 -0.033619431200429532314
4.0815820550575923065 6.0565537283756745168 -3.2328202550234874657 0.62897872624390172014 -0.00041985167881025632543 0.77742239847920602269 -0.14169577039381706096 0.98318766169969495916 0.11517087537217036985 -0.76440046479902601373 -0.1825974961658229645 0.61834463190746769001
6.3531906734655869684 -7.4846200772058448791 -5.3110816410109906727 0.9971415212579000098 -0.0036343340632690370601 0.075469054580991956627 -0.070561667609475645091 -0.4019324264440919392 0.91294653492797217531 0.027015507539332236225 -0.91566211900932559242 -0.40103995581948520543
3.1433914261646096477 -5.4587081164619180029 -6.0921509848925214925 0.32495632175968897082 -0.0090584132682528864522 0.94568564232382801293 -0.16476511900448992387 -0.98520380610292068724 0.047179614239717504454 0.93126572175069322057 -0.17114732130367193985 -0.32164071555498341404
-3.7976123565307937646 -0.79594234114195683283 -6.3530935429824495486 0.76140553128263799287 -9.7441747147881084545e-06 0.64827588019083448589 0.43463109550929479585 0.74197000906818744159 -0.51046676332527518571 -0.48099628662656723765 0.6704330731314015468 0.56494430407174156539
-0.87618607449454588565 -0.46236372513389178973 -3.0143921422059727355 -0.17476554714760025866 -0.0022894099531742683092 0.98460741523317973911 -0.4860954830000603355 0.86983430733229127885 -0.084258288580955825742 -0.85625240725914431028 -0.49333866297883172125 -0.15312994048569930627
0.28904426417499196056 -4.1813329243945949187 -0.37883631752527580083 -0.27494906294740700803 0.0016324080383742158203 -0.96145740832773252116 -0.92793035912351062855 0.26132920790523284094 0.2658049918878853668 0.25169080515831782074 0.96524835163782896075 -0.070337459857021375487
2.6836227623795503305 -6.4078274652820716994 -6.5068244328887070438 0.95869587574180348266 0.0047922546295359538804 0.28439277791678874152 -0.0094927825431259348077 -0.99876197319220827442 0.04883040021244745843 0.28427469974529950836 -0.049513182092146758306 -0.95746349271603492515
-5.0194578182032092428 1.5205662033633831065 -1.9922794448583600602 0.981166981624923773 0.0035999283642230983649 0.19312792310989895794 0.17063481158363885681 -0.48473105295076385213 -0.85785754492267207727 0.09052687581480024781 0.87465584478745250774 -0.47621637722179410712
2.2910818452260235389 -3.4044211708908571623 -5.5501488298799932508 -0.82907833782857931482 -0.00072394242943653319688 0.55913199304886296304 -0.42681035323241522939 0.64681120726463681159 -0.63203495514934671107 -0.36119528252327809392 -0.76264981352144300963 -0.53656614673181701747
-2.2453276439149569832 7.4244777683757119391 -5.5955127075869039999 0.90270326147309853937 -0.008751899691263099329 0.43017464590289516968 0.41531429573878958506 -0.24353075147239791609 -0.87647407767837681725 0.11243156799102485555 0.96985368862479826024 -0.21620121456653301761
-0.45322195682391996918 0.50545807706846956897 -3.8140403540984060271 0.74981261828495016086 0.0057715192520181885644 -0.66162506529469677918 0.55416221425456191341 -0.55182472571483209833 0.62321241353352496706 -0.36150418773945042217 -0.83394014272922045716 -0.41696350031092749289
-3.553119959451704446 2.8565189838918727538 2.1581337011522574443 0.86583194191863444011 0.0073404685814741996858 -0.50028108686453276466 -0.32206893283732362931 -0.75701313824388594131 -0.5685092004771519214 -0.38289247949578963937 0.65335842081292372363 -0.65308201866107873368
6.3780355764236684735 -0.98582712226026258939 1.3534587706492753334 -0.98785541666839582486 0.0043396768591091282319 0.15531530176905544716 -0.10561993781237703771 0.71438339849162713069 -0.69173751430445196142 -0.11395659039892012954 -0.69974104293256478293 -0.70524915337793314674
3.7316398412030777898 -2.2046654277987984827 6.5783590548550279209 0.99534031667058009418 -0.00148367309313734725 0.096412928200884290275 0.090717462066831761058 0.35328939599824304985 -0.9311052275394960942 -0.032680209397472945176 0.93551290818952104189 0.35177777434680579383
2.9772677869661303696 7.1042900445719103786 -2.5789823264647915302 -0.97408724483717401554 -0.0030499791106836696662 0.22615202204078393988 -0.096434944680751047419 0.91006376702605418227 -0.40309334079201775136 -0.20458333482990348484 -0.41445703947919604326 -0.88677563201524156611
2.0991693020367883094 0.17678923834941798199 3.4218120987285751688 -0.97150516853664148353 -0.0010613035294593370361 0.23701599342953488803 0.0061679250466420525167 -0.99976452664046833174 0.020804998725625727801 0.23693810205872334329 0.021674060675665716286 0.97128295099145600666
-4.4272035133520839523 4.0272234502360788611 -5.9105890526387492301 -0.61692440661484471143 -0.00094913906323931731407 0.78702183937798053659 -0.42991647018990580831 0.83802346122853055288 -0.33598884965115499712 -0.65922386575599634106 -0.54563337284806490146 -0.51740517706354738348
-0.58848544915979394965 -0.35521021822419113212 3.8793020378191886977 0.99887892822080448507 0.00062675721132666138702 0.047333856084038797296 -0.047251109427343639113 0.073759046548598633519 0.99615607999457866928 -0.002866952087516047229 -0.99727589473917443996 0.073705972336624833718
5.4191857069319411266 -4.0128811506734320957 6.3100398468217884229 -0.9241795414891814664 -0.005027645429785127483 0.38192525168466323615 -0.37981825326648210872 -0.093603625617273228388 -0.92031323784728591431 0.040376596916702679751 -0.99559684815325522056 0.084596964299534657683
-4.3603023221634851225 5.6917678182078805804 -4.0595704318244534292 0.99844779678536488277 0.0060391758837337397581 0.055367187476663873302 -0.054457203995049857648 -0.10260914651952586507 0.99322997134783608253 0.011679470342142669187 -0.99470341881652513116 -0.10212099963940163283
-0.21156122911072555715 -6.1873748991489163629 -6.1704822582663751973 -0.9331575356883909933 -0.011386554345445255854 0.35928729447074470027 -0.32941493157883561249 0.4271584408159163071 -0.84203412596671356471 -0.14388473317512034955 -0.9041050894778653868 -0.40235701900092868399
5.3048320640918182889 -2.1350812790539239749 4.5016923043311871666 0.99811735700946269123 -0.0040339580168558524659 -0.061200235450900752898 -0.037652354305743672425 0.74737351221574122029 -0.66333636524268113632 0.048415305965778768216 0.66439187263315735432 0.74581458669523181815
-2.2447625710330432192 -5.1172111665963857519 5.3072546544008023517 0.9252340093837070345 -0.0021271083654966190316 -0.3793909636375930039 -0.084145697046089887317 0.97392908044812354085 -0.21066952301233912714 0.36994800925063492381 0.22684272451986950414 0.90093332094216982409
5.4451294302874346798 4.1468301717331490508 -4.1157153211675208127 0.82644196426896665564 0.0021908962904243359585 0.56301765484629828773 -0.31354479924937767032 0.83236671979450038705 0.45700689561786916881 -0.46763590383850578425 -0.55422093406154671058 0.68858973103669296467
2.946775004502113493 -0.73855655132189412804 -1.5682220274680283012 0.99386826955695517505 -0.0038828844442908832385 0.1105024252048698169 0.03669591771242044359 -0.93115760369554378961 -0.36276566362226403406 0.10430375060849249313 0.36459627026129431959 -0.9253055102616136729
2.5571642386402015923 4.0360491023790965315 -4.1319642831125209526 -0.95390487728894346464 -0.0011909544536719851061 0.30010675885700066612 -0.0071058969338780274272 0.99980140328373934278 -0.018618813618289209444 -0.3000249844811356259 -0.019893104817387173566 -0.95372389771235588363
-1.5525563339223416026 1.5054828115146772216 5.4195406563658456989 -0.81062405674403981148 -0.012319864659020570569 0.5854373233427007106 0.58548167997606270774 -0.034112516334070641655 0.80996761579811626941 0.0099920488502468936265 0.99934206214098408871 0.034865481434125378257
0.50299273824316470538 6.9917776181807598235 -1.6118798113123624649 -0.99097613722719801732 0.0057216601365104625965 0.13391623520562245808 -0.051065630633885195078 -0.93985745077447913065 -0.3377281060140251423 0.12392980599651053086 -0.34151901093366537898 0.93166848629572962537
-1.2538935676104221439 -6.9548334019218147617 -1.9225971459760462512 0.9848049938273335524 0.0011751087834092456899 0.173659849280576567 -0.13389550456324400551 -0.63167793501068347783 0.76358036923316874311 0.11059438498652829352 -0.77523003395115641645 -0.62192224310562760348
1.3056289917617773799 -6.4754760809830322899 -3.5415998657428153784 -0.99953587794845211167 0.0045955180662163785596 -0.030114944921620440815 -0.024188560477007358535 -0.72066413364834536193 0.69286226626584224153 -0.018518699629828317549 0.69326913077585239353 0.72044081649876001716
6.9621930739519219955 1.1680750293935204809 1.7673106005167953381 0.98228480431004905338 -0.0048007535171204589186 -0.18733263460277388424 -0.048963337733303483046 -0.97151995957599157627 -0.23184382610587947471 -0.18088436853293410334 0.23690909841341842301 -0.95454435429127104662
4.9650481219226572094 -7.0835488405899038611 -6.9532920910562037164 -0.17785296004181103124 -0.0020743099278049616403 -0.98405488761685810939 -0.80861843626086959969 0.57019960627067356462 0.14494355297054356546 0.56080705161700583616 0.82150356435442606351 -0.10308901304008440125
-2.552974079111295147 3.9464621920006726086 -5.519059102915813142 0.94754526711484410306 -0.002005841822744627162 -0.31961530527618386976 0.015069244981978004855 0.99914864472037256959 0.03840447381676854316 0.31926616579888694725 -0.041206338736332615014 0.9467687959708841472
5.1264167601977588262 -1.5554330571426926433 3.627667702486218726 0.94925958195831450226 0.012903054809457348978 -0.31422882941714330718 -0.23383900420745487581 -0.63916883307720417928 -0.73265443623440706933 -0.21029875456487165386 0.76895820042395557348 -0.60371990179975343338
4.6847261454506625711 6.8543412248260073838 -4.2686564568940985609 -0.32862295889924031389 0.0062085510162614224172 0.94444078945087495125 0.21040463747091109337 -0.97436701465493602559 0.079616639487328000335 0.92072625650360118144 0.22487857756306819934 0.31889306348391260881
4.9002948800049583866 -7.4667240537424071078 4.3411438554604382389 0.81447533764299306913 0.0058396703799431202986 -0.5801687880446407819 -0.20346379380764437195 -0.93357322447778134933 -0.29503138671595191544 -0.54335293224636349585 0.35833913097509162426 -0.75918420573088074566
-3.2668215867532102159 -6.2121106340411413882 6.2796039731148498575 0.79911499736960656115 0.011448471655328343669 -0.6010691752832588719 0.062416790288943424514 0.99283533132373624763 0.10189283176557090149 0.59792923098722683406 -0.11894089865116154459 0.79267502632490283165
1.9092907818626863037 -0.58876196288309579074 -5.5191270399674774438 -0.05856171292239910342 -0.013122051880194449472 -0.99819754434381391395 -0.30452983255570459376 0.95248780249219344718 0.0053448280864911955346 0.95070085035375384575 0.30429393332450616061 -0.059775373513489771238
4.3778356523691774882 5.7605801338112945231 0.97313214439920481258 0.9690015575661907743 -0.016510304715098327727 -0.24650231494338056826 0.13808890202284188065 0.86354916723743768703 0.48498895956676740804 0.20485955328554203425 -0.50399429123919936568 0.8390603779383222216
0.90081874314318211017 -2.5488017481936551256 0.22497293702329912435 0.44556886915048088404 0.00064191709276167777457 -0.89524743550942964543 -0.47511919879749542339 -0.84738208828017214103 -0.23707666143233990796 -0.75876882499069175925 0.53098322422121202457 -0.37726209167857516213
-5.1760588557550404332 -2.7395980783844438022 7.2687012644595672128 0.99687517242004086704 0.0087282844676975484405 -0.078509283926960174438 -0.076633376475988973509 -0.1342454178301056289 -0.98798051266280295657 -0.019162886587399414334 0.99090967542043295602 -0.13315704613647688648
-1.3576044550410408807 4.9748065241345749143 0.64367017460325470779 -0.99990264657188510089 0.0024282288108922085723 0.013740490654040548452 0.013577192322786190218 0.39644013468334238226 0.91796017313441657937 -0.0032182646258336125578 0.91805736384883551704 -0.3964345084067792957
-3.0138008165088479018 -1.3336280492960308486 5.3581740643289723636 -0.99985958129357610513 0.0015335258279980004507 -0.016687300376340589297 -0.010267200104269940536 -0.84306877887662656779 0.53770774467678827957 -0.013243953236636789306 0.53780357230310438243 0.84296614126595426075
0.60296609920579269382 -4.3175035803543400093 6.8888992240612134665 0.98361628205023732274 0.003971952901469585559 -0.18023105524833940572 0.17039126365333906454 -0.34696841012921625369 0.92226880010277223487 -0.058871274458952405073 -0.93786840546133531937 -0.34196056363424975899
-6.8511292875657217039 5.5211078926155581215 6.8016381756519104229 -0.81500224652084340971 0.0017050870645776818393 -0.57945528804561186043 -0.089005582049834872094 0.98776023305331783764 0.12809265538013803187 0.57258129949363578692 0.15597055708203269586 -0.80487504669580289818
0.79413542162149675097 5.193437865990198965 2.8394337206251991645 0.77116769963809972399 -0.0096422112798550188573 0.63655903637951338769 0.070955527346465874228 -0.9923537757358477096 -0.10099156856844873631 0.63266554527169227562 0.12304881772921105743 -0.76458701027529640815
0.097032419372108852373 -5.4164834116732309965 6.9121258892188750522 0.89228203582975651464 -0.0022979203749068539964 -0.451472577348441928 -0.36328709973482248285 0.59007239451421766852 -0.720997262407085171 0.26805829907301759185 0.80734706836292768894 0.52567619263564280274
-0.63909016445256627836 -1.3975621823933390697 -0.15535450863154542933 -0.96354931951693945091 -0.0020999719105241300074 0.26752252050297425923 0.24432382003273114823 -0.41428299120068173833 0.87674139526222849561 0.10898889770469823157 0.91014569895146635314 0.39969516741805088955
-0.57034874849798411489 -7.1160463431308054183 -0.69215696003029247851 0.92233858421411629713 0.011644508905559132483 -0.38620712251632693945 0.29556964274197489173 -0.66504146691322285623 0.68582682477083622974 -0.24885763472182353961 -0.74671564380166954855 -0.61683516837357244
-5.104028409862257476 -3.3573714795285942714 -5.8990868815758323862 0.99845560362394114584 -0.006810116554905547466 -0.055136466194288413778 0.053868934500891245409 -0.12400438192339492682 0.99081837445595422054 -0.013584752026677301279 -0.99225830083522992275 -0.12344601628264982585
-5.9457272380447152571 0.31046322483712696094 -3.637609932639428223 -0.98593154587476394823 -0.013055223935102255525 -0.16663897496394522446 0.15215515313793140373 0.34260108963843100005 -0.92707782993239606917 0.069193903073973661577 -0.93939025676577347923 -0.33579480232844888254
2.9427146265503529854 4.4082129164954828582 0.74349411682211985486 -0.97163146882767748025 -0.0036730380631499934783 0.23647155764524088739 -0.020632354995913787521 -0.99475066314985771676 -0.10022686311686201943 0.23559837586693849198 -0.10226253935000598205 0.96645526452837104969
4.6319825625609913899 -6.8451844680481448435 -1.5588529603968690473 -0.99643239522723703328 0.0087165091941495496247 0.083943458406429152796 -0.04752095905223614053 0.76403456916497036744 -0.64342282798453354076 -0.069744105073604137357 -0.64511642328214113817 -0.7608945789129206716
5.1733553386753330372 7.4085319000165155146 6.102152391039243895 0.86433486570189665965 -0.0068596688701984499456 0.50286994827182929235 -0.32306812557366260119 0.75873419791072715945 0.56564070146961720198 -0.38542473476710337188 -0.65136423133585674705 0.65358428069070595434
3.2519193933269874286 -3.5630230481381075514 -4.2600336298453331807 -0.78726959721034817097 -0.0111362431596280613 0.61650836603939163094 -0.59947032083237428157 0.24791610960719484558 -0.76103412343882870239 -0.14436729459734476411 -0.96871749580854560335 -0.20185266301210172402
3.6150663534000031518 1.4415038178592458618 4.1844054258040586092 0.93430390342046287788 -0.0032649358082144650309 -0.35646255939077342578 -0.25396295423672765601 -0.70781669019861270797 -0.65916488904657766223 -0.25015801791796205 0.70638861349160098069 -0.66214506930191596723
6.8325244210824491731 3.1728809826822148565 -3.3131182204425346782 -0.75974362000446793441 0.004133240809080972189 0.65020961864837523159 -0.49116893188541721482 0.65161918284440789595 -0.57805321632150363786 -0.42607829352480713903 -0.75853500701644771542 -0.49303339736514040226
-7.0986375392109986038 -6.9877277295255417755 -6.1220664369155111117 -0.65586075740106886123 0.0080907242111804122259 -0.75483853047067828168 0.74763065934363370779 -0.1313026757396916766 -0.65100537981886019701 -0.10437942379036269092 -0.99130930971387498651 0.080067398882862725329
6.5533134053565360588 6.4601323172604345757 5.9561331640535577492 0.82363075278036612659 0.0011569111890886718541 0.56712524598275348975 0.40788766943924026354 0.69357437574302172045 -0.59378635419820446906 -0.39403049652771121591 0.72038409676313741592 0.57077729539375132717
-1.0989964906875322459 1.4473518688249351616 3.6035038652053463792 0.97532863925609381006 -0.0064727016992688519992 -0.22066297736497286763 0.19328023985772577187 0.50799286433036650035 0.83939621077877812905 0.10666205664345997095 -0.86133695724850634079 0.49671103445621483941
2.2274115791078723525 -3.7307310742698662764 -1.7547071731764591895 -0.57973911709429026828 0.0032855384391645668651 0.81479553346104072187 -0.41752468285462862596 0.85752734107981298806 -0.30053285761741904691 -0.69969685958844130003 -0.51442790023255724474 -0.49577035020696208489
3.8209376353096304868 -3.9663691339642830336 -5.7193920586690971675 0.81186630339111709453 0.0034318556779482740568 -0.58383330479226702714 -0.33538520640608548984 -0.81578854431676295356 -0.47117492960206069919 -0.47790152619754844299 0.57834010178110029088 -0.66116023619826891355
6.2045735597476783241 2.0048514804590094052 1.1541758777917952017 0.94962367732541952403 0.0067165430818667097579 -0.31332053796667502787 0.12346825500784835983 0.91089264416341630959 0.39373872150733635333 0.28804593638517533849 -0.41258875270414413494 0.86417594254525542663
7.324195409330461537 -0.91695415713368177979 -5.2354914937525709462 -0.9939377106382391025 -0.0036436908778856571742 0.10988426132994738582 0.016245837646786304154 -0.99334676617011830047 0.11400997718857437679 0.10873775853118722301 0.11510397758627159692 0.98738400544747551013
-6.0264503085710376951 -7.2007204038618342068 -6.685998689213516144 -0.89491003839907290462 0.0049783692447028949496 -0.44621882413474545093 -0.084769644267333091325 0.97983393625594050746 0.18094077697433164076 0.43812113688261905553 0.19975152865732850871 -0.8764412109295633968
-0.89838443317137772759 4.7275471350256870195 -7.0447779472819513913 -0.93335112762642025164 -0.0042876340676717347722 -0.35893911566264724566 -0.29648970115994266461 -0.55448370982963968157 0.77758708363736883662 -0.2023599013259766155 0.83218353247806164941 0.51625675647655966394
-4.0335909641878533449 -5.1595201225325748595 -2.1135384514945059209 -0.99017508425687261742 -0.0012285730845485211271 -0.13982772659650158364 0.11347384883543518153 -0.59139686475188435466 -0.79835670849071305177 -0.081712839550627400231 -0.80637971140764730382 0.5857258513013561263
6.5651198805653310231 -5.6434973041722846787 -7.5157545480050371722 0.85346363386275558849 -0.00036924239326398180377 0.52115227077493786467 0.50360479130567781247 -0.25672446338706317315 -0.8249089428977661731 0.13409712840990972715 0.9664845645734169155 -0.21891904118539853852
-3.0947849245667069518 1.039026343809196451 2.8179591025782131375 0.98940826141747006961 -0.001773072187769902594 0.14514871151323247012 0.081672826039194471037 0.83343879656886266094 -0.54654306496444760022 -0.12000350713919202827 0.55260892916142001496 0.82475604252735468247
3.3544721447733594211 1.3255488849710699295 -5.4240646862772932124 -0.90560965925767744622 -0.011711581846710115637 0.42395044982848417714 0.15099483861250728722 0.92521637430875558472 0.34810231171788791338 -0.39632272679157637407 0.37925914565316992677 -0.83611649706651403058
5.6132454796563626687 2.2609966878770100251 5.4513042219890941453 -0.84602908788106989668 0.0071321764911989275065 0.53308903057328937969 -0.50316597927456974126 0.31985119266302247665 -0.8028195387835790342 -0.17623501286562046064 -0.94744094623913421849 -0.26701474421781440372
-2.8017096635003166938 3.1003642187675417574 -1.5474428519114475922 0.95847760289049688254 0.0047576205322408630927 0.28512812874952181419 -0.28119058302492488943 0.18217626194210934099 0.94220149946967302057 -0.047460939470743784829 -0.98325437941140581 0.17594966494107397437
-7.3497816889124045758 -2.739794428048528907 -6.2070751136832775785 0.99480183737125171817 0.015618309937004576718 0.10062491121803916749 0.084588769934266741513 0.42340505530765554232 -0.90198275989128073871 -0.056692542401393306029 0.90580584428165278332 0.41988299334629725079
