1125 14.717824617146108679 14.977075390850430381 15.033177056927090831
-5.0595329953770749043 7.0377549936509646855 0.77631296917153969073 0.91125718836572977555 -0.0079212825908311669532 -0.41176156927747264991 -0.28924101530823681516 -0.72404139097503572575 -0.62618184197442328109 -0.29317225604620744672 0.68971103908595454701 -0.66207908201945708804
-0.99765505402303311655 5.0004846747280300434 -2.9941906081130342798 -0.99772925293010361614 0.0028080306503417296754 0.067293779886313034866 -0.065296108072935621358 0.20466770230700104261 -0.97665119152278956349 -0.016515329789375587932 -0.97882748561547394672 -0.20401960024892204504
-0.056954361504556141882 -6.2479227062145827887 6.8450546203013882263 0.9830642209295178402 0.020123657840205071839 0.18215316610818790832 0.12537993230283939194 0.65106828178161979537 -0.74859198835787066351 -0.13365855791474512415 0.7587523514645623246 0.63751883034396317207
0.12553382974876958755 1.7273941495746860664 5.4119143490238892369 -0.88026958384044229344 0.0035364409819095381227 0.47446069737185264659 0.311519359471913726 0.75856273846446631293 0.57230958447981261639 -0.35788426682323298822 0.65159041229789704808 -0.66884137593442749559
-5.9689635552215314362 0.1772955017613459805 0.48936481414781085597 0.99770992413543491129 0.0073722918615687950405 0.067235084549930310138 -0.017313802385301037268 -0.93308682955101129863 0.35923418652108229931 0.065384551146940306232 -0.35957560794807846838 -0.93082234751863313083
2.5259870857307906711 7.2451921287776590574 -2.7599906150111506165 0.98086213046917480884 0.0010139440796788096871 0.19470093201865457111 -0.011339013961145923484 0.99858670456181908293 0.051923214796054890929 -0.19437311484335056955 -0.053137231672089786649 0.97948737962077025987
-3.9701617524814452054 -3.7626035841635609991 -3.2565147803135379156 0.9804450843606415944 -0.012382017282007514933 -0.19640295873815599714 -0.14081590994857215438 -0.74131499002689826838 -0.65621868692292917302 -0.13747114627596482284 0.67104304721052965288 -0.72856222296529116189
-2.6377444602211990166 -2.7456277738715817449 -6.6458865527825716768 -0.9958707986740613638 -0.014266396852966213918 -0.08965390269938101897 0.060884004121248322394 0.62758653408122144768 -0.77616253470656759728 0.06733862480449054333 -0.77841609192041838483 -0.62412650756769316729
-5.6114600539516947819 5.0739100747194179064 0.94621369295400115096 0.82270043630811162672 -0.0064751425143098617632 0.56843826808888775481 -0.15538315009389230825 -0.96441837205243918785 0.21390016436343264883 0.54682727507447970172 -0.26430148727772956319 -0.79443354351220984988
-4.0354473321965791399 5.6243062300299238032 -0.97526418710257400946 -0.95552269640726561484 0.011247427653865930963 -0.29470302343493320896 0.076383618193709840183 0.97461296229839200489 -0.21046405059201117593 0.28485420748542028546 -0.22361366034107227341 -0.93212392490848761106
-5.9585065855366901033 6.320794104430879301 -3.3910789399037692959 -0.89008027945352408139 0.0086300519792063962177 0.45572208453265794503 0.43815552178866062905 -0.25932064638470514462 0.86068143995604307062 0.12560587109716328524 0.96575272433552317164 0.22703488847415836949
6.1743140118126156324 6.3076159878653967894 0.62456594640064433399 0.84952255412741983776 -0.0039271052439857736041 -0.52753768384180843576 -0.21803766113987363418 -0.91318309001433584093 -0.34431994196738635594 -0.48038631157997274679 0.40753063928515420589 -0.77662588785735997554
2.2862524452620158755 3.9405878733147439164 0.28492784300438217526 -0.96691485867741810978 -0.0044478902892882499556 -0.25506052681828322859 -0.061785945372891261373 -0.96599465932028294457 0.25107133472231479843 -0.24750384446147599693 0.25852375990774734138 0.93375977239333851632
-6.1795663577151174195 4.9398716311488666264 6.859143968350201348 0.9973329502924210832 0.0079177897171990117148 0.072555460629309204146 -0.068990789548787720409 -0.2221270049044291317 0.97257383506330163936 0.023817162269514871586 -0.97498559081571178897 -0.22098832657693487369
-1.4084480514483814773 -2.025001363371143448 -5.1851027348244498327 0.85739279566561144019 -0.0012158410005413508755 -0.5146611658861990346 -0.085039740650661679866 -0.98658632879204588573 -0.13934008163709604711 -0.50758825483930236633 0.16323583421305004615 -0.84599540541183981812
0.791739811603747623 6.3618127215990503132 6.1953128123617400291 0.97741305682862744675 0.00044544178554813129711 -0.21133745035498197051 -0.21001696140604075858 -0.10958514211690768836 -0.97153691260236152427 -0.023592207668864169368 0.99397731272332812136 -0.10701639840916198076
-3.2133812457923549566 -0.61808871067298465363 -6.3893148591560349203 -0.98064253963072656184 -0.0037551796349624476205 -0.19577054960474515877 -0.034104642451863551034 -0.98125790730961182096 0.18965703969419611674 -0.19281359607109602172 0.19266244566142592953 0.96213517719807972739
-7.0695587525019005781 -3.3461969782308380594 6.0441866004190254458 -0.9798697247204561922 -0.0030059924430465949363 0.19961534656854196257 -0.022674757981630953851 0.99509205485848506445 -0.096320598566376480765 -0.19834610640678554394 -0.098907868075063395952 -0.97512873801681609898
6.8808231790873861655 -5.9192046562614262228 -5.2627250444691693332 -0.9809597582631764956 0.0042592792841842294638 -0.19416439222497913764 0.19301180133501869007 0.13231516655771363711 -0.97223409796419346662 0.021549877343996801798 -0.99119854481269686897 -0.13061794496804648991
-3.5604169617874221743 4.7482799271349156456 -3.1631535701092534651 0.97200843562905991924 -0.0053442261859387640496 -0.23488516409575074806 0.22337077660354553998 0.33095253873379804066 0.91682927160133531608 0.072836098367013477062 -0.94363226754514728523 0.32288240339565049686
-4.7455591468583664394 -4.1703909248867576665 7.289017430146490284 0.87928332107045537036 -0.0036132390914917367902 0.47628540371358230043 0.46738217425403388861 -0.18604211707715193058 -0.86425819860907937553 0.091731916348176442688 0.9825351266884584378 -0.16189496701991235028
6.8615698048249011975 6.4162541665561336757 -5.996567224719221656 -0.98054646142472257075 -0.0065988697341270172517 -0.19617617568240922066 0.082786838877510787738 0.89228991543763902516 -0.44380744261106885862 0.17797465071139551007 -0.45141462285408689992 -0.87438541958201099202
3.0083688363857552517 -2.1789617464929595947 -2.899069325764728422 0.71757660775929221764 0.0054343759807474771237 -0.69645838321788244851 -0.28153856546929745264 -0.91236584899416139915 -0.29719453854790200964 -0.63703991095554757251 0.40933974293597685801 -0.65316240453875140659
-6.4929064993018146268 5.5949141267843156555 -4.3229503293378632733 -0.99009771327700002441 -0.0058059501614080369358 -0.1402597914816221536 0.0063616536447921034902 -0.99997359051056267099 -0.0035139215021800281752 -0.14023568563901744888 -0.0043714098576675235186 0.99010850074588108161
4.5533016826512451303 -2.7042253275149454872 -1.4299499285671886106 -0.99816146288939922027 0.0098626569602761199329 0.059803193895707304484 -0.037467692344710118446 -0.87597437550553391983 -0.48090026563523791125 0.047643111073933569477 -0.4822568003204527054 0.87473339510503467231
1.0512484316925110317 6.9541600435984243234 4.9792767522791310242 -0.92586707934587952895 0.0021759409062115020114 0.37784311117784735723 -0.3534779102676851581 0.34833417053644316619 -0.86816857383199841358 -0.13350475023834551536 -0.93736789518193386339 -0.32174199406659009792
-4.3890380873074974488 -6.6573004673454398983 4.5035114688702826413 0.99855045014214827148 0.0059475292813560452429 0.053494162452742119451 -0.02691772551027696303 0.91584161259276053446 0.40063646451234702361 -0.046609382901147133893 -0.40149566316344376116 0.91467414847393968547
-5.8868241151207136852 7.4574801348210577601 -5.2505558970721315504 -0.96044534192586383803 0.0064287534704665976956 -0.27839435393269851282 -0.26408362444443400641 -0.33819085365926465636 0.90326451596500123564 -0.088343559318671674441 0.94105558689704704722 0.32651155859614494625
2.6473237792716508565 3.9288830568774257834 6.8970341800731036486 0.32901550975358706541 0.015751105370285702761 0.94419314603599358016 -0.3993922536757132935 -0.90371075337556483476 0.15424883123424093512 0.85570708893023705865 -0.42785368633785858528 -0.29104398471993242481
-4.5159387611378924987 5.508625794901792716 -3.5565050503177482177 -0.933667481667410315 -0.0033098163013332883298 0.35812578627183483393 0.25334500644055391039 0.70069061843452384863 0.66696998804246276915 -0.25314292679914790485 0.71345756871301668767 -0.65337351970960066971
2.7123903667337101453 5.6849529368149109843 -0.31199247057329371202 0.85612016417044456418 0.0016079758264378549854 -0.51677430171632576794 -0.28244258116667669833 0.83888059086168020873 -0.46530156094673319478 0.43276373790395472607 0.54431311640383428507 0.7186367500107588846
-0.84564963897340594823 7.2289399795128721493 -1.2352000565296550327 0.98814334881078003114 0.0021520123543452575852 0.1535190250231311393 -0.12362802501541637901 0.60407669236950933822 0.78727851562630912774 -0.091043031759773518363 -0.79692328274359336415 0.59718041477365968461
5.899274286593909622 -5.784921754034430208 -7.3445319803569120154 0.92048687694480102461 -0.0037818468848401275498 -0.39075517527810410545 -0.016495464752328190677 0.99868583034144031707 -0.048523313137462137368 0.39042516442339231242 0.051110761189536023374 0.91921481769808055518
-6.335799849212954804 -2.2280062232297850322 0.036946934885914890778 0.95612301365080498705 0.0065948621594472695701 -0.2928912606421093523 0.28950215388244948667 -0.17453857372576386808 0.94112952837493468738 -0.044914203375357140968 -0.98462825171480383712 -0.1687895739087087732
5.238656949974388688 0.6425397718364432853 -4.053133299343672391 0.48058846576106589721 0.007500362870267963597 -0.87691417546662064897 -0.79458456708269753488 -0.41936388342139080398 -0.43905500684505088804 -0.37103920592229039377 0.90778724260622578601 -0.19558177274488885988
-1.52565038698927391 6.8768761666599713678 -5.7634486020445585552 -0.87215782791328644308 0.0068520468036920544053 -0.48917662726668148521 0.25378466226248586057 -0.84850616275914358955 -0.4643604601600196391 -0.4182512025203170003 -0.52914113543958452013 0.73829234749922922898
0.46481297900561330261 -3.7601285850451522386 -1.5830658356021147792 0.80370069910056263218 0.0076785800374647031688 -0.59498422304621467749 -0.32517499945693906227 -0.83173365469571702846 -0.44997816321965145026 -0.49832359566190004285 0.55512175876560210241 -0.66596803748490973618
5.9804733759497690215 6.645824445461175678 7.1198082914925793219 -0.30264880280783035271 -0.00072055158972945260176 0.9531018743892606393 -0.56807202990912375462 -0.80282980166586270787 -0.1809930340983118835 0.76530900360176346009 -0.59620784158088602211 0.24256615312839852061
-3.3398271044486200765 6.6114977134911603329 -4.1221004416753350696 -0.8903133475676318076 0.00076400405069468498021 0.45534773463882860511 -0.023799605011224699708 -0.99870982729554735879 -0.044858217359885127484 0.45472598556072568732 -0.050774965890662507317 0.88918287258272032947
-6.4442695259168081279 0.33205326399130385973 -0.60733794248812345007 -0.99592798828277429024 -0.0044023691738428192069 0.090044773867615598983 0.067311760948016052808 -0.70074147949830067894 0.71023271238978469277 0.05997140146174333164 0.71340170875617825441 0.69818438320445996847
1.2609481622122269417 -2.4623034968365562491 6.8278035930986531454 0.97793991707515171008 0.00032873228973012702525 -0.20888611855790303884 0.20681698669703826865 0.13888761740201460704 0.96847145737280027067 0.029330063154602230291 -0.99030809431580035795 0.13575575762328226381
-5.4687868917322450812 -4.6344531058963909231 -1.9336714056677417606 0.87394411736027377557 -6.1250362253994269229e-05 0.48602641489916820206 -0.46915368659108558358 0.26109506262774012653 0.84363747346202089261 -0.12695077033772173003 -0.96531309144747812212 0.22815375822204650436
0.94516338814041866989 -2.066719081783574552 0.61982118683282372285 -0.92855577946526601796 -0.0031791346591382354386 -0.37117927949244389207 0.30514641567691264123 -0.57590375961541562244 -0.75843294012080320066 -0.21135238210445336793 -0.81751131659670683849 0.53572886595292379397
0.0460726323820715572 2.5387662447463164028 3.7799131290462062438 -0.98704036274847672949 0.0064836157167044196348 -0.16034115202474449879 0.13003527447927853977 0.617812344876059516 -0.77549902250734481512 0.094032705461922730383 -0.78629884220056300848 -0.61064881974626206151
2.0176863695683455724 -5.9009102083375850611 2.1621434157753864902 0.99661317337691457396 0.0072965163742889603549 0.081908140623328268282 0.056752227046206409067 0.6597887901127789112 -0.74930496939948021407 -0.059509388980846469885 0.75141567277388887636 0.65714010631896502268
-2.6250180065334087764 -1.4025548545428623282 -1.6463887301799902119 0.99983357453467824882 -0.013654400543196332229 0.012098784200243014458 -0.0064842055112053001431 -0.88585874432625155706 -0.46390973279251906947 0.017052223087008003266 0.46375407539614099672 -0.88579985281175144252
4.2656465124651052889 -2.8546218964213361247 0.29146358896922924808 -0.99887772243398120775 -0.009376066277900158355 0.046426124178216975069 -0.038603690970193102472 -0.40675441727109634682 -0.91272153424465807259 0.027441768684627221297 -0.91348942709350322566 0.40593597514861146092
-1.289749939836374315 3.6580787739027540439 0.45993391418242929314 -0.983956828696684771 -0.0018707708460983128382 0.17839691554956360608 -0.030131668458817768841 -0.98383758285527955767 -0.17650975360373719059 0.17584379948425249429 -0.17905337410338492687 0.96799733853203195899
-3.5158509083809939 -3.0263183620590874412 1.0168107924918892149 0.9410719919625736285 -0.0039277085019115663689 -0.338183499079272476 -0.079038158251342444105 -0.97479773444001727167 -0.20862010083138590733 -0.32884110978377045775 0.22305593477101257061 -0.91766528455620977045
4.3903415658555511314 0.33180133703581282667 1.8090239047579876885 0.8988824604989117395 0.0015320028485301612556 0.43818714629107313741 -0.30636886789062339753 0.71714905225652503251 0.62596753401036242526 -0.31328651262839307678 -0.696918137097083501 0.64510206261505631531
6.5691578465345283888 -3.7443781594635456855 -6.9749333212816173599 -0.83198799440118531567 0.0074186717689492965438 0.55474403149676676517 -0.43427895968510926705 0.61353973063680011801 -0.65952314902890341042 -0.34525028942355628914 -0.78962900291172677392 -0.50723591691993386021
-3.1354933191762537348 -4.8891577955989324877 7.3906566354425518028 -0.93085198585100648039 -0.011861414098787192647 -0.36520389824455307126 -0.35217187240140396254 0.29558196792505941897 0.88803506266755616316 0.097414335324454592868 0.95524374224238650655 -0.27932031823724196018
-2.7798354647551346552 -3.4836446205631443895 -5.7826464297755180155 -0.84646063313996833255 -0.0068395073721799308497 -0.53240737944099691958 0.22864617522616625944 0.89836042997871057292 -0.37505928118496489887 0.48085894303710519093 -0.43920582758816961721 -0.75886291114658710466
-2.9396183898012457902 -2.1990724852055993921 4.8429223662864773203 -0.99451158929986060997 -0.0096548326980423065935 -0.10418005065116514585 -0.045409917823187283259 0.93689062622104424261 0.34666106482071984418 0.094258358310436704541 0.34948925406221864609 -0.93218701084262989287
-3.17929105162077974 -0.48062971329353909589 0.36768490190256886141 -0.99405791509926444416 -0.0013006438939669861393 -0.10884470475881367901 -0.063073464799409867387 0.82183921010169036503 0.56621731762436056101 0.088716399085922478807 0.56971801890490125775 -0.81703780785730528713
-2.3440453627419266525 -1.8893496144768804346 1.2739112156682812493 -0.45990068887967738842 0.003314154390785771509 0.88796417312218378637 0.33410913972284278506 0.927152864386297626 0.16958375162100386424 -0.82271649984767736274 0.37466863017991614004 -0.42750553030047111491
-2.2413961269107391949 -6.7084994001042588252 0.4012878723425968297 0.97816332021019869458 -0.010078356852389419585 -0.20759322175457817217 -0.14984579713868750872 -0.72634359865806297218 -0.67079893691642400455 -0.1440234566838109187 0.68725788712211999254 -0.71199286549324369844
-5.6951522054117331706 -3.3230637044929776103 -5.2089944891724462295 -0.96583073943487107726 -0.009220487808751745562 -0.25900958547382041397 -0.11943590943448284536 0.90275941665858583374 0.41323177415573908444 0.23001314375550982461 0.43004699538407537007 -0.8730140522699273431
-4.98452008205153696 2.1336227212925180652 -6.5666544706452105729 0.6992696539787643939 0.0026934472790530305381 0.71485291939404183026 -0.075487147472244900404 -0.99412368700582165459 0.077587276666112231505 0.71086119713419593236 -0.10821663585470853164 -0.69495720597275112418
3.0769255706825666685 1.4960136349307591175 -1.3228559846898695351 0.99023970181056431006 0.003544840603358780963 -0.13932970631966465347 -0.043102146432221030703 0.95846073875858828206 -0.28194896210329606356 0.13254258912125224668 0.28520246556315709263 0.94925866638426892319
2.269212097145293594 -2.2199396212580499999 -7.3468177546509583209 0.66966839413498013833 0.0058570422891410563876 -0.74263715026396848184 0.60692151366758795294 0.57198283922401182977 0.5517987929314289719 0.42800761458656405578 -0.82024467489204644366 0.37948406444423138373
5.8820487701098462807 2.2129433375054206046 4.1073017827226019349 -0.91300802674873637876 -0.0028282339165386291557 0.40793178864265805528 0.24391535216746482173 -0.80532321736403744694 0.5403330607610845604 0.32698875220612644288 0.5928292474797036693 0.73595641125229360746
-0.64866608969794625761 -1.6432285681350558004 4.5253057504740370476 0.78096291340362289368 -0.0044834177915990536256 0.62456130752161331809 -0.16682266704641207644 -0.96514220324950161789 0.20166984223320630343 0.60188630624707317729 -0.26168765059081955382 -0.75448820261194726733
-2.8540846297840971602 2.852403089285926896 -4.5446126481313315892 -0.95936294020859813614 0.001082290672021034815 0.28217295689216426169 -0.084358923045981082378 0.9531586916719420044 -0.29046872567067416604 -0.26926997800882190859 -0.30246873745410290946 -0.91433382405222873857
2.1140246909722297808 3.5624766713525892747 -5.641126888219190505 -0.98949998993056620389 0.015164147518163580836 0.14373523770283225254 0.11335910681322117211 0.69836579742037674379 0.70670710049916773965 -0.089663163171581239386 0.71558036699129234925 -0.69275194373356896449
-3.8997610680144427775 -1.6563349895584449367 -6.5800659841442978859 0.98291317980168846358 -0.0080099198592815668007 -0.1838954109163590811 -0.09651498689623377869 0.82827582103028318805 -0.55194566906650432969 0.15673716303634030456 0.56026333583472820443 0.81335014369140068435
3.7400575843922716501 -3.4341615444340334307 5.6506048958656220904 0.94694031786913446247 -0.0057359891339755549738 -0.32135826241543680171 -0.2759931091625200672 0.4978916703971142943 -0.82215064814416560779 0.16471744925416431649 0.86722026208902458499 0.46989060315501562926
-5.3732256310695483137 4.8118020947090247574 -0.27417990930212576828 0.92771219255103609669 0.0027100966918228320407 0.37328640903220566827 0.00067615212159619075827 -0.99998420545879151966 0.0055795744754703942986 0.37329563433094964386 -0.0049238408727011358235 -0.92769937220012210766
0.25141816248228010533 -7.348130615491338169 -4.3378494793768913595 0.95278352848058467384 0.00025985084744148748137 0.30365025989385124872 0.2626298948141881362 -0.50263397187428271451 -0.82364108000255153996 0.15241091235850376395 0.86449929022247262722 -0.47896961385730602023
-7.2930585352709256242 -6.7178904109019637048 -5.9202049686062423461 0.99753144862419362848 0.0063015444807547824069 0.069937826265916713808 -0.069659315508293045971 -0.036934286082415612729 0.99688687335855485916 0.0088650306580239368603 -0.99929782800158728495 -0.036404150624500565547
4.9038592236976299432 -3.3769837445886130567 -3.3424996058512825847 0.99927952433171451929 0.0044979856882767042109 0.037685545983247123458 0.00042766116672507663993 0.99155479616852615354 -0.1296877145345881055 -0.037950617349849793958 0.12961039433632770557 0.99083848145027786369
3.297056106841916634 -5.3061977112183518202 -5.8711367759718822157 0.60074822035475050619 -0.0068875092121128593872 -0.79940861764020809677 -0.06392818180509231285 0.99634668435451057 -0.056625719835800107649 0.79687813579729283031 0.085122539862691290469 0.59811319154121000974
-0.44942813856873586875 -1.3236420696605017966 -2.9194517505785024802 0.97693190405409213728 0.003016047090436567088 -0.21352975975505414374 0.03305248021224493904 0.98571560712802119841 0.1651431966990939415 0.21097769643478125889 -0.16839134575187497678 0.96287733709072043098
-1.2605478792957447443 -3.5697948415960731872 1.7602661909665131557 0.90162612230615502007 0.0014682460296109524529 0.4325137914896484137 0.36291974576527968877 0.54142249596037994586 -0.7583870641049113015 -0.23528619532140324089 0.84074938306345214922 0.48762781008625066814
-2.3656486089491015612 7.4464972870302386099 -7.3128925110073863536 0.77456568688401494782 -0.0065987022559340141256 0.63245905308603056483 -0.32930311754417157522 -0.85793546474227644349 0.39434273812670006532 0.54000690132413575739 -0.51371509172514939756 -0.66670034577482795157
4.2549074399465345309 2.0513313919077256209 -2.4862541042892027932 -0.85145263353934153017 0.0088378503251243419048 -0.5243570398501973262 -0.3835759580259363033 -0.69233302860008727464 0.61118283838273634867 -0.35762815502036843229 0.72152399122332622206 0.59287876739327849407
5.7158945199050075203 -1.5268649900145960796 -3.8237859394517466072 -0.98863342684920940684 -0.0064807949369618620544 -0.15020634678129504702 0.13375964099106973926 0.41824928922153614685 -0.89842968033551096063 0.068646236301338342534 -0.90830916067309852568 -0.4126283592761735286
-6.640493714514096979 6.526230756485199791 -6.7985078183813580921 0.97919837895856465249 -0.0082479063044674262584 0.20273753151938977979 0.14992750465103088509 -0.64384276149432584369 -0.75032542394640522332 0.13671970594663360177 0.76511337101953902362 -0.62921320034870609206
6.6424146653165205834 -0.10573006925314600013 -5.4522867798756733393 0.94221149724691766192 -0.0020082990524276974481 -0.33501262840482554095 0.33027287783341502392 -0.16215095321812911244 0.92985315751365726911 -0.056190040251043009423 -0.98676392065442675161 -0.15211720570408482356
0.12991938212142417619 3.3256870963026639032 1.7992897010374262479 0.87878808183715817481 0.010289666688408140652 0.47710127853565892364 -0.3209007584880561037 0.75271349134603526831 0.57484354666939863066 -0.35320562059904592189 -0.65826781989179394827 0.66477760707784006033
5.9126267978787172552 -0.73630825498024476961 1.3319344647910051904 -0.83176488434183704079 0.01729554712810577391 -0.5548585776801447933 -0.44315704502582919933 -0.62265908438641515144 0.64490890680394685752 -0.33433368155130666066 0.78230206997082940568 0.52557060486644724406
1.2154489906738337179 -0.5485162326711887637 -2.9036375874526108021 0.99845355194613938377 -0.0010171199977173303337 -0.055583001655693339838 -0.034789308633353763223 -0.7912900068651818053 -0.61045051317868315177 -0.043361372337097942031 0.61144017736996980616 -0.79010170287548342483
2.4377597085993181203 -6.0324439428276646069 -6.1501013038496434859 -0.68072921797196606075 -0.0097873957249128736013 0.73246975274369019449 -0.52156987916225883151 -0.69563420555047139615 -0.49402217887350502457 0.51436620510104980042 -0.71832949191382200471 0.46843371793332067021
1.7004918239943744851 0.083429460888900519588 4.9565116346738502529 0.9293909828232991277 -0.0013954856773431383032 0.36909409866107900644 0.26725003902513272402 -0.68718252437707816327 -0.67554244487804682162 0.25457772425686769902 0.72648346905521521411 -0.63828829810810472356
7.2974807732017170636 3.3343923744550538757 -3.6864551430240410923 -0.95588573941212662266 0.0092411290482679563085 0.29359334924751784301 0.26760382430096102402 0.43954026768340276332 0.85743369790568235711 -0.12112244386567153076 0.89817534736746929003 -0.42262323525018813397
0.97164409562678610843 -0.49033837584338985094 -1.6623676795234736403 0.92868512486534116057 -0.0068851711822075761099 -0.3708052497896197619 -0.36670885098341166053 0.13229082148227222504 -0.92088205388203614454 0.055394561684188707573 0.99118703228479609901 0.12033166485378209154
-5.2812175172872137807 -5.9286608623383498795 -4.773413632877161028 -0.96901746765576646236 -0.00043344590814558886169 -0.2469918207204060967 0.027545279524636302054 -0.99394998471917861416 -0.10632349435895264989 -0.24545143094721960653 -0.10983278199803449271 0.96316683655766821559
6.7813750568957029685 -7.4346447570564535567 -6.7652148267900518164 0.99887595310467180987 -0.00071222696471026376158 0.047395390513787293008 -0.035642533470212414692 0.64787095830664254148 0.76091578455878094989 -0.031248041811114374289 -0.76174977132630306009 0.64711733539397975346
2.4489626279548817323 -4.2382756459666426352 -6.5277312831409091132 -0.960413702472966202 0.0059958616642573833722 -0.278513141063481795 0.27731556828787334856 -0.074482268833445691714 -0.95788750237929154441 -0.026487651600552077763 -0.99720431270242237964 0.069871045794053801559
0.54475681051824687007 -2.7655619239671080933 -1.9893051964324233172 0.86568470938543462534 -0.0066669043096226673212 -0.50054523903768988191 0.43986572730836370759 0.48747154812613052721 0.75424772568885645185 0.23897306516793187514 -0.87311341883772475292 0.42492920818634027924
0.22101275044492324495 -4.2620688703897542382 -4.2338285743435255526 0.9495292233809984328 0.0055914833000886305509 0.31362874431414622389 -0.30021860976363906603 0.30594463232731350377 0.90347477457969493919 -0.090901266752290654782 -0.95203288665079843778 0.29218203647414336954
-2.6789354971340300082 3.9177957735351012225 -2.5657043135380472876 0.9767890445223003093 -0.00043450000504382992744 -0.21420311321474239108 0.060471708461408715807 -0.95876203416734950835 0.27770224038547486334 -0.20549047417558352624 -0.28420973426169526821 -0.93648197632099206
-1.4130518717076359092 -1.1216985753056105679 -0.16765874533867297647 0.31821680192027540501 -8.6905783163431209876e-05 -0.94801796366043633579 -0.34378857634568132928 -0.93194015088077741815 -0.11531248826823316256 -0.88348598276929979356 0.36261211731515446965 -0.29658889160984308608
5.0414848086592698451 4.8737331233872476233 -3.3513590454724950796 -0.94681487206593473172 0.00043803922782544718606 -0.32177850480761355234 -0.3211992894219529715 0.058702475692069634727 0.94519047594777283461 0.019303225362970351936 0.99827542665794033461 -0.055439679123594418075
5.3712253321232719117 1.3330026247262871664 0.20954551430251325272 -0.9959148574725243952 0.0043865588191178781635 -0.090190657871298304804 0.080831415199838108077 -0.40188952399519761727 -0.91211353066361611219 -0.040247720212707886744 -0.91567765540318235562 0.39989317625219011898
-4.3441220578936112773 -5.6084050729186634143 -5.8619961226286978473 -0.51694847346493832951 -0.0018534152597008681992 -0.85601450959328984069 -0.74344581401064668835 0.4966693639149166728 0.44789269315160373797 0.42432605082940733077 0.86793784789019556847 -0.25813038330902060569
0.16523705801184282449 6.7647405760024010846 -0.20202638939590639167 0.88070676847521311981 0.0017917430937484674774 -0.47365850316306751244 -0.12926947942800259828 -0.96112202677046976174 -0.24399559697851325168 -0.45568079798297767002 0.27611816186768789461 -0.84623505661039877257
-0.72385380927980347288 -4.8116680529880584416 3.0468664349271241676 -0.9816992808743646437 -0.003924565893666112984 0.1903972681353327534 0.16412959781932795478 -0.52448408988550365706 0.83545072540322329324 0.0965815564718211228 0.85141120337922371331 0.5155297912923307857
-3.6697975306448489263 -0.90323678804372209417 -0.74045219044824717169 0.99785677368094372053 -0.0064306807119503140574 -0.0651191643422342481 0.058619254986437836774 0.53010018267295599959 0.84590636554812592696 0.029079927164290229197 -0.84791063366111618649 0.52934101972212088683
3.8890766787274366756 -4.4925744894128145646 5.8408222003295096059 -0.95228692256143210315 -0.011743432934340282056 -0.30497821053543305858 0.13362905356349311092 -0.91443252425217391721 -0.38204245134993913835 -0.27439550499636161662 -0.40456797991517151614 0.87237139823879450429
1.0948683384533353102 1.822373292363774544 7.1110240237770829808 0.82383768668073753538 -0.0032058595682968142604 -0.56681671505780317766 0.065703052707561201973 0.99378346309925547075 0.089875120780878378635 0.56300495101686220956 -0.11128410009926088808 0.81892690406149670768
-6.5313972774382582642 -3.0229028911151059056 -1.2528527624811245378 -0.056688377302928777413 -0.0035797983657563274898 -0.99838550316116780881 0.89715321740349962543 0.43858692396000786839 -0.052512994904605481139 0.43806681269105163246 -0.89868164283849738538 -0.021651153404098830157
7.1376693853077712859 -6.7645640399253217367 -2.9698760735836606806 0.49111338097212375864 -0.0011427594680899298002 -0.87109490937036249125 -0.87060244824063581781 -0.034290143574500803192 -0.49079075293970497729 -0.029309113729573267604 0.99941126677384051202 -0.017835237535557588173
4.6703121921032906272 4.3798963081411992349 1.9685448461315591118 0.65584805258560441299 0.0059053027925580741514 0.75486982938688718114 -0.74896935300869182939 0.13011537525603419918 0.64970369967834185054 -0.094383474048077758978 -0.9914812739133443964 0.089758806284941206055
-3.5413599674796509831 -3.1234831098132178617 4.3386782191440484979 0.95766121364716760844 -0.0027868600028067070686 0.28788406223188228727 0.27618763512894306533 -0.27339388013203075323 -0.92139903218320839962 0.081273550911115419182 0.96189813375314447974 -0.26104901877737557436
-0.86707320803979426316 -2.5154753732068022565 -2.8072950922758317382 0.7039893766494295102 0.002263083995625131753 -0.71020689662627645156 0.026905911853766617536 -0.99936203911320298232 0.023485882715028372908 -0.70970066187942881797 -0.035642576091102017022 -0.70360114930094319607
7.3439702094474652583 6.2976869069736451934 2.4954562779027900099 -0.80236667708593434334 -0.0060132421806094659908 0.59680110289817778213 0.4533665653982376087 -0.65647206296258719949 0.60291225558008954 0.38815779379154347062 0.75432636933100782883 0.52945751071341129457
-1.1082139788242373335 -2.4286471203546016184 1.8776026034185879787 0.92624649335489495083 0.0036101268584329388421 -0.37690104872717827833 -0.25080861367714968324 -0.74053251683518483972 -0.62346341577919328625 -0.28135826423427556797 0.6720108321253472905 -0.68501019602127610764
-3.5300925158990565933 -2.7680076374150384133 6.6224092451928182612 0.77343869966179268349 -0.016491687080953599392 0.63365653324388904188 -0.61904056450971012282 0.19532430521402188717 0.76068205926266108108 -0.13631345258970628542 -0.98060004081672857978 0.14086235335684926806
5.0417363529008474288 2.5739374406727053568 -3.360669511837865997 -0.98990422931235866333 4.0800981044909062634e-05 -0.14173783942486994913 0.097196664147745567841 -0.72764214600436871727 -0.67903587227538364512 -0.10316213097886343941 -0.68595692699572896611 0.72029207203638645485
2.8602540655884101106 -2.830040181063260718 4.3799522344866206325 -0.93385863360525200871 0.0066377638842677957887 0.357580749665639408 -0.05814516989639308131 -0.98934341376599321816 -0.13348688645508330342 0.35288410513734874696 -0.14544947483016035239 0.92429284245481113658
3.1507271428125860346 -3.2302289293214996313 -6.1540909713854707874 0.95537849122657858558 -0.012098130318365107189 0.29513653407287288033 -0.27968287581108047801 0.28437408937087099714 0.91701083214565348722 -0.095023299667718316708 -0.95863705986015157468 0.26830124856766673913
-3.5019126742327064683 -4.3966328437646140515 -6.4018809313286721974 -0.97644035127141981523 0.0032342317781307618196 -0.21576325023890802202 -0.12342723516749884438 -0.82854281147693231713 0.54615247611699746511 -0.17700270627242381538 0.55991637705517249834 0.80942182616823654673
0.6260350002919911061 5.770516717019421371 -0.46886998021083348132 0.94675555465374172659 0.0076465539950775034128 -0.32186247054326949657 -0.11683065988128944757 0.93973243077756218877 -0.32133091270020391894 0.30000752764551058549 0.34182523130552894264 0.89059025067604602466
6.3288586097034356115 -5.3240124145836782432 5.193679348984054478 0.95632611398891809174 0.0027559419528250233417 -0.2922888442739473569 -0.12413536009183688547 -0.90147309085848270627 -0.41465247959333062511 -0.26463328603543223583 0.43282637540011997812 -0.86176014799951883294
0.097187093420629741547 0.38637669283191428127 3.1923301390638911812 -0.99058396882845389797 -0.011851950694320177726 -0.13639256565034704738 -0.080850849928752827056 -0.75332496463819820232 0.65265966454086943305 -0.11048321485976947409 0.65754165565204847343 0.74527339300201933536
-6.1406674165544110622 -6.5115366060964419148 3.5610626342358191465 -0.99641993689256036504 0.0018857086716494823875 -0.08452072802485846581 -0.082269558452454205622 -0.25185522269871890577 0.96426172098209150807 -0.019468670090421309748 0.96776308614356842952 0.25110870152723840931
0.49459049001819216373 -3.7131419987749434419 -6.4751868177463993703 0.96196141621799025057 -0.0046306185814799071671 0.27314609841499909448 0.18652080671383905464 -0.7194021607474961888 -0.66908184833745276698 0.19960015623894125647 0.69457835301959092167 -0.69117341466962756158
-1.1016518410650639748 0.21575218073824750653 -3.2691570937828475785 -0.96181212971989582527 -0.0013359571549591501421 0.273707220113323213 0.11421062531114437033 -0.91073152906732768308 0.39689295159870097152 0.24874356311218073778 0.41299672780926577342 0.87610521207727298787
6.9687372927011361767 0.71234083857954255681 -4.7674237083193116149 0.73132719930989853463 0.00096608750150078102903 -0.68202609497324739873 -0.66758208483664449595 0.20573209768437417111 -0.71554766716656681425 0.13962337753631601234 0.97860787379698099819 0.15110242151611011363
4.9722185034581354302 5.7362814927341974069 -1.585412637095401811 -0.99732039789129256491 -0.0050496200759792128285 0.072983047943563694737 -0.033119190760618984204 -0.85836675929223171799 -0.51196643029150934456 0.065231458311236931169 -0.51301170345238733539 0.8558994385834145513
-7.2667557487056733123 4.7224352587798197334 -6.1103484731027144505 0.92032838256903470864 0.00025293593177619383026 -0.39114652530874144398 -0.029383352625535638647 -0.99712950479158068973 -0.069780866019913664888 -0.39004139117051056518 0.075714507839796774125 -0.91767915225113749766
2.5315629612714349861 -4.474060533185721944 -4.4826592087735965819 -0.91506209773857938305 -0.0060085089273804667687 -0.40326821732284534594 0.2053780252470489287 0.85359445075694029281 -0.47874458783630668979 0.34710405360333601577 -0.52090345694522810494 -0.77985791302944595937
4.7013320774771756305 0.26240645660731298783 4.4988837003259600777 0.85397609498799809113 0.003315639489797255271 0.52030167761003809357 -0.47406662511675856653 0.4170921320737160376 0.77543213004928246423 -0.21444268264385765721 -0.908858162694883287 0.35775854422149411249
6.7303435026472708813 3.9942179857476176608 -1.3095527546355623105 -0.97972890075539065258 0.0052376403380379032287 -0.20025945208219259053 0.19915117786850569659 -0.082728394086889284198 -0.97647059411194458978 -0.021681544644123459942 -0.99655836755073001765 0.080008316357377678996
5.3350074924385388897 7.123977440690929086 4.4336123541165797235 -0.77609943486429588955 0.020759893454297649595 0.63026874746189154308 -0.60717068307256805149 0.24536236643904496546 -0.75573875827081071765 -0.17033328747078813059 -0.96920912911471768236 -0.17782079524109284385
-1.7782328754329723708 6.2503467048972272124 7.4991038117331134671 0.99665909433799215744 0.0063948365035720851693 -0.081423312015068485814 0.080617833926087720253 0.08278387453767482862 0.99330136160660664757 0.013092537052570771966 -0.99654700650936034467 0.081991763555330970936
1.7459331951420333784 5.2530491368285998632 6.519511169918852822 0.96767167212017912714 0.011512452403680470403 0.25195038879865722103 -0.15630121659194495809 0.81137918598952141203 0.56323507191465116417 -0.19794308441572475155 -0.58440677612646640959 0.78694806394676031225
1.1067163236500712209 -5.9578059043702218389 -3.8467149483861335924 -0.95776758720819410442 0.0034515945924856079874 0.28752275629641532717 0.22341481059006926269 -0.62055026012731018259 0.75166694557157542889 0.18101677077692920892 0.78415907898244041618 0.59357178803140275836
6.716908564733234499 -7.4115185849582987387 -1.3720192035229530347 0.9535156565309623744 0.0016970092107166901644 -0.30133870131483209143 0.23241835028267004981 0.63235183262967786799 0.73899449945302009279 0.19180616049086054997 -0.77467946915459717783 0.60256295676715387888
-3.8858515077264930149 0.43588068608785551783 -2.7522235250237083726 0.88561843445275278963 0.007256419828650655969 -0.46435690253127481775 0.42279525415041435688 -0.42630893566804101136 0.7996904803968856168 -0.19215660702954831529 -0.90454852591818846186 -0.38061503206529251342
5.5771622425736957496 -1.5185915895178998536 -1.9230986510143857071 -0.90559167048918531862 0.0014166645307119828112 0.42414822810213326232 0.36384508426361755751 0.51654113117813915679 0.77511419446322593618 -0.21799192874460476821 0.85626120597794974643 -0.4682907922855717997
-6.048985506512291721 -5.8863729830235236307 -6.6245294293324636925 -0.08830994218223567338 0.007856428929822335816 0.99606206163883670435 0.56003678396561185071 0.82734448126222082109 0.043126673074727367441 -0.82374762804953838291 0.5616399076360711895 -0.077462632496349687061
-4.8966965417950882866 4.5873623465713535552 -1.9988591818104930464 -0.980957557056286511 -0.010630034048856706885 0.19393110537095004098 -0.085641816270309714665 0.91986163807825693794 -0.38277937000044892635 -0.1743208265245401456 -0.39209892778242649847 -0.90325560074196697968
-4.4771486102676210095 -6.0818195115475903734 -3.5097985986256934332 -0.61956236745256187959 0.006097311132757843137 0.78492375147755866216 -0.74609200979141721 0.30614282439282791692 -0.5912895094605865598 -0.24390405031911616129 -0.95196606760415192205 -0.18512541794209971813
-4.0500388797570314736 -6.3277359754077222576 5.7736581578920658231 0.97316293804436937442 -0.0091663671975068129055 0.22993449878013291765 0.19003640046974173972 -0.53146677713685541722 -0.82548726900927993366 0.12976926644382102971 0.84702954051918721845 -0.51546182688381025905
-0.7679291978806480623 0.66274450842547982798 1.1777049731637290186 0.98058651201306956668 -0.014874775309346678284 -0.19552195149810705499 -0.086047075607559503352 -0.92862723300703098328 -0.3608979951415658971 -0.17619873222448537153 0.37071579839185875294 -0.91187927029033377657
3.1099268159855926186 0.060586085811710141402 7.1728506367634610186 -0.99548401856233947882 -0.009124360552282596154 -0.094489760458121949127 -0.086969278439456704222 -0.31132399873112753808 0.94631586292410774242 -0.038051457194621871039 0.95026002433987988294 0.3091245262782854053
-6.2441227951777049654 5.6746864815124649084 3.615665829241824003 -0.90531694201810852807 -0.007753962483695037676 0.42466588108857111772 0.23271228823046918865 -0.84546118532689129577 0.48066659444164755444 0.35531144845258411102 0.53398058033171702519 0.76721477724761155681
-3.6050286940935425406 5.0131267494370099769 1.7874817063286083663 0.37098207732718735397 -0.001147621361861764222 0.92863931710179581369 0.84288475219657787996 0.42013287946198779599 -0.33620478597053660152 -0.38976607448125777378 0.90746187058200056264 0.15682908092348127327
-5.3809451683620110884 -3.6140574876797835202 -2.2736748627115042076 0.99255251827753554483 0.0028417648575703099989 -0.12178432917884714215 -0.10005643399236242852 -0.5512317531472615828 -0.82833101133489139833 -0.069485311237545532848 0.83434733696160334748 -0.54684212788292407836
