1125 14.717824617146108679 14.977075390850430381 15.033177056927090831
6.2782492044810132015 3.5154024088123994041 4.5285362390156498336 0.97894310342795920477 -0.00027768739492837167526 0.20413310153061245411 -0.14198307994123876563 -0.71941194709797506857 0.6799170944925001514 0.14666698763254965021 -0.69458359702952121584 -0.70430279104676141166
2.5686638177357901114 -7.0790364171490338663 6.3750145145798162716 -0.78223512187496768711 0.010411483576618436181 -0.62289631168836667729 0.18424381245546894714 -0.9512674531680972434 -0.24727403849762877308 -0.5951154775983907852 -0.30819122887068273187 0.74219656073725581713
0.53020741884285582657 6.3791176048095907802 -7.2918901550981125581 0.99514233490296211126 0.011975306255236239927 -0.097715532664452028899 0.063006498764854840244 0.68518931002334138025 0.72563475009344091671 0.075643336766742855226 -0.72826657308289766135 0.68110636770843768772
1.9377108564073097785 2.0751061877364023189 -4.40275542326961844 -0.58661928526837447961 0.0033200538632083146165 0.8098560312756601931 0.18848904529058713164 0.97309006889139093577 0.13254281432919839956 -0.78762281198338179866 0.23040116116734202234 -0.57145919449781379384
-1.6364564966155936698 0.98708391081370761011 -6.5223296270865036561 -0.26469113780757180798 -0.0055912299369254726128 0.96431703278225333609 -0.46632206130422643175 0.87603343037836434171 -0.12291933940822669102 -0.8440866879101410758 -0.48221796628425650511 -0.23448559931374429732
-1.0602342434495162227 -3.2960061704991963083 0.91480925081926722786 -0.83467255319674882319 -0.0088358396068833593845 0.55067563672135588781 0.030669155289407071252 -0.9990654950812388746 0.030455532368065817844 0.54989192743104520211 0.042309153577289142223 0.83416353532731835063
-1.0749673465293261287 0.91849908773701727238 -0.54149558600792480068 0.82620182780602957617 -0.0021890725927370189956 0.56336999182697655719 -0.54779257094584554721 0.23043736202280851177 0.8042523990641946563 -0.13158206164380401026 -0.97308469834093513917 0.1891886119944487521
-6.5221351105778602175 -5.1412824595094877012 4.2249649223799758957 -0.9834146104649347242 -0.0042790300080853367268 0.18132124482927580722 -0.083377883908740388352 0.8984891761540565458 -0.43100502179084609899 -0.16107089246396336102 -0.43897481731434878638 -0.88394415964159711585
0.77491902451518634987 3.8063217273951943653 1.8850552813257412943 0.87740733448402530303 -0.0060568381401715602752 0.47970791540839097244 -0.45255577353086273718 0.32139893128040963877 0.8318028605479607096 -0.15921570662985842781 -0.94692451741599514836 0.27925672253104261156
-0.021525880884583899894 7.0279876834213821368 -1.7947419354040128336 -0.99992649840924219262 0.0053321685253109067301 -0.010888790468032557776 -0.0042871349882970324896 0.68457981960705638347 0.7289252986832529535 0.011340998749227681336 0.72891840322884005055 -0.6845066421750674035
4.1291150177361277684 6.8367595869793378327 4.7561265203275020497 -0.98625953127137755416 -0.0025508339943585466372 0.16518362576933245944 0.023704081154737488557 -0.99171965358436964255 0.12621507529304307194 0.1634938944210896361 0.12839634706852798285 0.97815342587270159846
2.9601489832068592634 0.29859155840233159163 2.2800548782078706722 0.39942255263232923079 -0.0085546900814207418873 -0.91672702683310824945 0.79743272820888788655 0.49656951351518463511 0.3428115549809867546 0.45228604713153297556 -0.86795480039271633022 0.20516285249826984871
-6.6313654534862447321 7.4815063562328099067 -1.0933324060581868231 -0.99352449575823531536 0.0053257300133851765214 -0.11349322855655685771 0.039976310166978210048 -0.91864252517465261327 -0.39306208869125530692 -0.10635304863425204536 -0.39505385397528119951 0.91248094857128292379
1.2923977432509463625 -5.7150812736150333748 -7.4851961526130352809 0.96137002630041523688 -0.01330630898546063777 0.27493747411444202644 0.15187072911251509044 0.85868429817508007407 -0.48948601380071893319 -0.22957123985832966762 0.51233213661533461014 0.82753418516774057689
1.5214928282587516506 -4.3288118217571138757 -5.1100693330917552615 0.9836084349139534444 0.00016504622659472157481 0.18031755190749670925 0.17863343950259930049 -0.13724798447003369595 -0.97429619985421955786 0.024587416652423602081 0.9905367047811125536 -0.13502775797479096842
3.6603396930667240206 6.2828519560288897949 3.813669030481184663 0.97650101640210917875 -0.00034212011121283300748 -0.21551252381131336122 0.035723121411195601915 0.98642205207973410186 0.16029782833015665533 0.21253146487591575986 -0.16422977234519936518 0.96325435805551717916
-2.8810771080129193855 -1.9713583674452916927 5.5769053518949158743 -0.53834291757658558897 -0.0071150053934108080378 0.84269584061711200196 0.72848647764461682552 -0.50664602916128886889 0.46110438408682524747 0.42366774125970513287 0.86212480409359992795 0.27793248673478521127
3.9756485121860314358 -1.0404112483497505171 4.8541192508534134475 -0.93552442506196020755 -0.0038718786500072902186 0.35324079417343834386 -0.11818467928817834312 0.94575091434100544419 -0.30263441576406263644 -0.33290604033892073899 -0.3248695377825818742 -0.88523067712712588673
5.7657250466582130599 -4.6598681902617755668 2.5065863936845169668 -0.92017963298892879731 -0.0093806788928600080835 -0.39138401333694811113 0.1679400050845779313 -0.91251777745723305912 -0.37297112558050760089 -0.35364614761716139935 -0.40892946664198775997 0.84125566481747815484
-5.4345447983504966416 2.0885266661713699499 -5.7271794065524312956 0.94014558519717927876 -0.012325246526235884501 -0.34055009460014179501 0.20739203319871124531 -0.77226915585230881955 0.6004905457079847686 -0.27039752809496181429 -0.63517591202526424432 -0.72348927952198860414
4.865307641501395608 -7.2348685214960539724 5.3619466011319536491 0.84884886920770685759 -0.0056039876460801125307 0.52860589532021673431 0.50360866643881108118 0.31260097357625937775 -0.80539365679570129597 -0.16072930141235750034 0.94986800485202649291 0.26817319967863550989
6.0376810715014741504 -5.2431419321390642097 1.5317044716183374486 -0.84796600499188268252 0.00023065601912453017469 -0.53005056473472367262 0.34037897747339507237 -0.76633095525247374447 -0.54486605575686841707 -0.40631983224064810445 -0.64244596178952706467 0.64974408816714102066
5.5911338883959480484 -1.2162390555802466974 7.3246422448701444807 -0.85879843715569059714 -0.0021716805903665209118 -0.51230901626109903724 -0.46001081703216895047 -0.4369091788310543456 0.77298151185298358268 -0.22551118054835853077 0.89950300347282918789 0.37421792339638215719
4.2543821096958636119 4.7586099774790380224 2.1339296801149911786 -0.99372876265560461384 0.0047213049172752513671 -0.11171774948933134441 0.032535147186328820801 -0.94367146864804896111 -0.32928046321823467579 -0.10697948620480195181 -0.33085022070346919998 0.93759987254257959322
-7.1886901952852841902 -2.9948238357651137953 -3.8689006128945120366 0.96639432253269208495 0.0027005608474180761019 -0.25705003471627013711 -0.090810882991243499496 -0.93188657201082458759 -0.35119908945810962564 -0.24048991019763316102 0.3627397467565959821 -0.9003246521206587083
-0.83194047445607111069 5.469230717327435265 1.6304319615018112444 -0.86725466894476577195 -0.0050888321862317138083 0.49783877207423182787 0.38392298533998603371 0.629797725572608047 0.67524659657870045315 -0.31697394296854342066 0.77674251116470838241 -0.54424129834882561951
-3.5010420874099485999 6.1424813347973206135 4.6794018579136853475 0.99754061464503906986 0.0026734884538055399272 0.070039807204472837032 0.0094047612833741758842 0.98513043068178540729 -0.1715505319430821185 -0.069456983802583555088 0.17178733074425187044 0.98268247180705059485
3.0290144743944478201 -2.3529373833213851341 -1.1000540409483527959 -0.96210613173260184361 0.0094963346560307439898 0.27250983635555359186 0.24539359650791894851 -0.40557795870719404174 0.88050468607712206737 0.11888555032193685868 0.91401112632128744817 0.38787870125295131896
-2.4933440094189109892 5.3880251789016293529 -1.0475395535295981553 0.97001009947564553748 0.0019848136119886452926 -0.24305651077544709882 -0.010821197741657734639 -0.99862255589151216473 -0.051340944129446390576 -0.24282361622140077873 0.052431396887711610721 -0.96865248671833692473
0.9509172830373229246 -6.2280289709701177614 -4.5034898946084540583 0.95346050804454030025 -0.0059854039858938416427 0.30145851213466234864 0.29685517656600268754 -0.15651491145826518236 -0.94200853851600074851 0.052821053996328054536 0.98765745956298345298 -0.14745398883852159355
-5.1956519095158153476 5.935069213859729409 6.3879088351291635206 -0.92908533581525887257 -0.0013016758409728837464 -0.36986314281496468492 -0.25694401064066663132 -0.71702759167329899181 0.64795926428676819953 -0.26604551146163735176 0.69704356995753113946 0.66584536298740448768
1.091559783197017186 -6.2779745337860388688 -2.1682868873564382639 0.95296968708226714728 -0.0029322770502909069161 0.30305144324658117583 -0.15481344305877320355 -0.86435457614641464374 0.47845999262539207209 0.26054092452212601616 -0.50287430680646838521 -0.82415766586445338149
-4.8353319754833297139 -5.6392250073824046197 4.750508085032250527 -0.92680972967599450918 -0.0087251135794149253799 0.37542988342831240534 0.036532707921858878497 -0.99708296139950380876 0.067014396503031731234 0.37375003174571064246 0.07582506498380624238 0.92442494194520652417
5.5335219106470416861 1.0946897202925574 -3.5255317523049543027 0.93875871558895551683 0.0048117539893948796034 -0.34454160986654891463 0.23156758910947941588 -0.74925439608334809538 0.62047909040019133542 -0.25516372308752927056 -0.66226482389853458255 -0.70448334078726027041
-1.6477150043807708979 -4.6351381650059071404 -7.0334027475998599499 0.99724777837272760017 0.00099468784736104673937 -0.074134196743407473895 -0.049402532416366023993 -0.73667184533043905681 -0.67444346100195984306 -0.055283436231414462281 0.67624966018002474755 -0.73459522104689434219
-4.4130910817165158733 5.5091826192636137449 -4.4696455079692150036 -0.91555922138407397348 0.0064506401167216068787 -0.40213144788797994256 0.048243585574287643769 0.99441320771287378122 -0.093887852127153559323 0.39927918627113373473 -0.1053601517092576656 -0.91075538419613966123
-5.3685552892395991265 6.9817727565285565561 6.1039135235359509579 0.9251658387471347611 -0.013976093295764246624 0.37930573371814912953 0.24309249569574004068 0.78929392301519596398 -0.56384496240327464101 -0.29150336078969230069 0.61385647500642004371 0.733625257703785838
4.4881596507555663322 -7.2681812767080060667 7.4179045921955371057 0.61395288167951922453 0.0030548468173991708691 -0.78933676399131125212 -0.43684044517722098178 -0.83157909029177579097 -0.34299656273335876744 -0.65744375009178335212 0.5553979514730887912 -0.50921589818541501682
0.13204313834727390842 4.697340543271885771 -4.7071209586484181742 -0.19094197045244368227 0.0067765950017765232138 -0.98157793459302000727 -0.035662057077564021657 0.99926812489154559493 0.013835904772001951513 0.98095330245866729779 0.037646943249616718341 -0.1905605574593446927
1.3082741878472199382 4.875105644282598405 1.709257153924977457 -0.95814105870654242558 0.0074560736213301632286 -0.28619943848130696695 0.19895867168042263851 0.73616552067855889341 -0.64689703440897372566 0.20586684673344757268 -0.67676046953866619837 -0.70683386186991048472
7.1692703135266837577 -2.5113827150610994465 4.3813495626533986993 -0.97711528632879995904 0.0029740796624606125401 -0.21268961439813077741 0.12310403345448568679 -0.80752569543690855269 -0.57684282794901708957 -0.17346790530212286008 -0.58982489440436225436 0.78867957991241033344
5.7296848358142344892 7.2351637274670856925 -1.5615231704751277864 0.70265621527861954476 0.0042623349918408364595 0.71151674304311451902 -0.52777939000893547838 0.67378292419122676193 0.5171706551517699646 -0.47720347715848265846 -0.73891704782663703011 0.4756873319936059108
3.3470469889317877588 -5.6326876432065402511 -5.5462405054074235267 0.68169419979194567638 -0.00035759317689702981025 0.73163713007009356648 -0.53768226085545245407 0.67792748234047806033 0.50131039790606246598 -0.49617618275310160225 -0.73512869676991599022 0.4619469610832451778
-3.5891238827646723131 2.602291900831882554 -4.0252110165859633639 -0.95696426383521315806 0.006608849761958739133 0.29013052381169662786 0.11283896272926091653 0.92954674909864654087 0.3510131190288294234 -0.26737009225527619272 0.36864503841091578185 -0.89028875620349046116
5.1762461499144087895 -4.0569311451471339325 -1.1569320878475573 0.90865613855342652894 -0.0098010782760074750819 -0.41743018665865705419 -0.061725163426673383682 -0.99189351236970979553 -0.11107323853559433746 -0.41295765650874460828 0.12669332651518053212 -0.90189510196438449352
2.6650873329146249624 -0.50910970406653133224 1.0988323861231634737 0.87822954230228311712 0.00042170110382655588005 -0.47823915899459068513 0.42234719562617833999 0.46844551085923052947 0.77600364026376966731 0.22435622873982730141 -0.88349228945364599586 0.41122458231681363605
3.8279259338045203975 -3.1433501198222599804 1.952187597797830021 -0.91399974720014209861 -0.0052525468234730296468 0.40568075240260981218 -0.39823902356412943515 0.20268174865335888968 -0.89460929397891952863 -0.077525107086610339779 -0.97923057525518852895 -0.18734283614947641605
-3.8991904288223619979 1.1843363633034358351 -2.6830099685959201139 -0.74285633421440144808 -0.002807148311315653573 0.66944498402478869181 -0.016247476041342585884 0.99977225417018233955 -0.013836882370146902713 -0.66925367854034445436 -0.021155607053385643013 -0.74273276085709460936
-5.4045505951276728851 2.2680505046184253892 0.91802592594487653077 0.99410382668621999347 -0.0043642447135580179907 -0.10834452056191735958 0.10145012938912340017 0.39019118655599932532 0.91512770102372553715 0.038281235803456721556 -0.92072351512383099337 0.38833330488548373216
6.0873110452980521146 1.3627203977617468045 2.4357444180493996733 -0.97806252196276544097 0.00060903764506156123082 0.20831066272523215965 -0.15324298287384061079 -0.67946992026744645887 -0.71752157852691211826 0.14110383174028087727 -0.73370311197705617712 0.66465739456001859953
-4.0832073414672276357 0.14356328649917712847 -2.8129771567824581879 -0.99823108708975105685 -0.0034691134906989218312 0.059352017817159603841 -0.018512342552556543263 -0.93053090881228794906 -0.36574515843440780216 0.056497698542571056501 -0.36619693198686364966 0.9288206592571265352
-7.2436007902319365925 -7.0373689591161987522 7.4959490097148062659 -0.98995260904338033825 0.0089719212675580597982 0.1411146217694813354 -0.056031650425788268044 -0.94117693799789226006 -0.33323629083820094365 0.129824057858794778 -0.3377950207001702565 0.93222327689845285725
-1.8031397572126039996 -0.19512204241545341721 -3.6404291850433998512 -0.59461133798984355803 0.00050414705603772126674 0.80401312338151742498 -0.763232739479576483 -0.31478958058002187714 -0.56425464583366413684 0.25281048657152421777 -0.94916134866211232524 0.18756223523260184827
-5.4824604778234045099 -1.9534993211293090187 2.4419305039698544491 -0.81563747554146881491 -0.0025762221358084612388 0.5785575784411320921 0.47350739029067978603 0.57164338024883643019 0.67008551480986366933 -0.33245489894486085491 0.82049814679704613507 -0.46503390335571020975
-7.1746449629587463193 -1.8787251761247660831 -4.3977777911677673472 -0.96225750953457866999 -0.0082229565852030526985 -0.27201630158739220633 -0.10613996217983499848 0.93172637310009831513 0.34730429611264623802 0.25058889395336636507 0.36306796699072801937 -0.89743348364791564187
-0.70214478052168083355 -3.4900031216097295861 6.1146082916478130542 -0.33216924967124378254 -0.0088820152343091554603 0.94317797863294150496 -0.57490265287169939334 -0.79083610446403040939 -0.20991711601773899165 0.74776368546079063915 -0.61196353296708883018 0.25758514131171961203
-5.4997251868628840299 3.0480766053121741699 4.7650071614126403574 0.99934405322862762677 0.0021195565730372906664 -0.036152050514927348834 -0.019597105944651738857 -0.80783593847059054216 -0.58908153082044389937 -0.030453517286039802348 0.58940360025636617802 -0.80726450392035431491
-7.1093135803775924231 -7.3781824538338849351 -6.2147551633356199474 -0.86526476001950924921 0.00047916732949618810744 -0.50131493640941104939 0.48422562185291295744 -0.25807697793991529744 -0.83601544279914741242 -0.12977843507181557881 -0.96612423831305238586 0.22307288928561513908
-5.1761567281089906345 2.8065863476184431669 3.0089813392469615394 0.98982159539905767431 0.0021186541053220212666 -0.1422979992354979073 -0.0688015099239892014 -0.86815133337870842301 -0.49150749189101200498 -0.12457753213888964061 0.49629504698082393954 -0.85916917125137748368
7.1171860500815915529 -0.53149798055171415534 -1.1843947104897643019 0.99981883467243726216 -0.011262246401507650106 -0.015344694202338381162 -0.01855276563739069462 -0.39646518915880024636 -0.91786227108011797515 0.0042535539700720844877 0.9179806727764816543 -0.3966023092310237419
-0.2650523271616381793 3.0885056571293958427 -6.4598805328082864463 0.86020208971769307471 -0.0057325836657392773704 -0.5099210746083843171 0.26686474358466294454 -0.84702687721656377828 0.4597049900796388866 -0.43455215276969305638 -0.53151914994399540593 -0.72708446535874116101
6.8608136093486349338 0.13094761546466873736 -6.1101580167752507222 -0.93950396148896042625 0.011032612590032511365 0.342360318678849751 -0.33790349439812256138 0.13400632972088732942 -0.9315919343082604831 -0.056156342651451605918 -0.99091906079869518376 -0.12217151929091385476
-1.8052390559950342031 -1.4977402121403240454 0.68292221696240695827 0.99684149652099740546 0.00092906152916557476276 -0.07941138242418904758 -0.067238731919913349855 0.5419774016482808987 -0.83769890117664125295 0.042260900885446303632 0.84039254693702258869 0.54032803305869969712
-5.8130489628491899268 -0.43747555087090983506 -6.6526421838832554556 -0.9092454229565201107 0.0048646901991843214536 0.41623202137992010297 -0.27526934557724558328 -0.75710501696479570732 -0.59246837947031294469 0.31224917648919242597 -0.65327507841335230587 0.68973337146010527121
-0.30339560049433078603 4.5803697877953304385 2.2183754174183585306 -0.98283054390596347183 0.009775587870933681589 -0.18425134964846892616 -0.13074259955720513027 0.6677302627687433656 0.73283195129835521087 0.1301940652508985774 0.74433912571116533918 -0.65498761156905593861
7.3052473007393246007 0.93224472210349118573 -2.5882361750178048965 0.9979891717031862397 -0.0083195871780063577333 0.062836276404987206901 0.019745736724929630057 -0.9012110517923248576 -0.43293041705198259672 0.060230549096323603153 0.43330061688951398979 -0.89923459472979438978
-3.8946423688885594139 -5.3877869306550971729 2.7911452271244518997 0.99956857190322734308 -0.0094452046873575237762 -0.027811115976254446175 -0.014810157648704528471 0.65560959387751138738 -0.75495477986838099849 0.025363936876024350403 0.75504095817652383538 0.65518686050771868246
3.3857136988609002337 4.8020591456897765426 -3.0443663097030815301 -0.99736283110241075178 0.016766037778876013292 -0.07061361846500154027 0.050274742228377251874 -0.54210463766455019297 -0.83880570582019264858 -0.052343418205076465421 -0.84014371496769213454 0.53983210794726188553
-5.5188206244952180413 5.1087321505068548078 -3.8933832745581944401 0.91681716926676382062 0.0074113128962470086608 0.39923846330087836565 -0.28327458747876238521 -0.69259772990421508698 0.66337311719743152771 0.2814281191111205338 -0.72128597447382092334 -0.63288605356786342693
-6.8053399546782298302 -3.8348438678994680728 5.0171762204657515127 0.8801333321772857321 0.0045400126204778413694 -0.47470486186239235771 -0.44451115161188897718 0.35892800945460801021 -0.8207195136717779782 0.16665879419675361239 0.93335420517308975707 0.31792259121130050925
-6.1404226898555274161 0.27579979849720703822 -5.7354751912387103019 -0.83312477264807249799 0.0032101578094427883452 0.55307577065613389156 -0.44020820094232882003 -0.60924808382078543545 -0.65957070294539099642 0.334843027436979912 -0.79297318192197840947 0.50899280911347632994
3.6678555113858744008 -5.7590433019058311359 -2.5318565673624688905 0.97872417818221302266 0.0036056988624860062884 -0.20514868261153068607 0.019457192192529445401 -0.99697079972142388371 0.075303666410510131102 -0.20425572382065310117 -0.077693136367356738226 -0.97582958340481196213
3.1111349955147913349 -6.553100590293210459 -6.3583327145212242826 -0.61527829734486205737 -0.0014432197264426342709 -0.78830865397580074383 -0.76492081879395046329 0.24287699700441772732 0.5965793369718007666 0.19060104352272722039 0.97005601974472699389 -0.15054089399594128285
-4.6770941829111354338 -6.9039044271869727254 -1.82346168955078336 0.99809828342681072844 0.0027999148551459992866 0.061579031311219369071 -0.048528899228376436159 0.65167338505844762953 0.75694566855630607272 -0.038010032361284418201 -0.75849453503841779423 0.65056996376762232792
-0.32290093503610861614 -4.4211224511067843679 5.2149666286348006494 0.83634521714597476194 -0.011049208810401920516 -0.5480917740139845673 0.50056582503259205996 -0.39225456600732505619 0.77173195492735846557 -0.22351852846361738858 -0.91979034047506846861 -0.32252937385970270601
-5.275462659366126239 0.47139439977056929454 -7.4729789579836056745 -0.93184586187833484683 0.0039847079631786059759 0.36283248449208987951 -0.36122361603328428936 -0.10488225308752480158 -0.92656203904905665159 0.034362609331552218528 -0.99447666392409550529 0.099173464143372996871
-0.1733215438957077803 -0.70217429523786689671 6.5016668287758685452 0.71636951352332189913 0.0030931072899607952795 -0.69771423432640689022 0.41258356153143632694 -0.80829953425318445959 0.42003174603864812386 -0.56266288739206704594 -0.58876336130355155785 -0.58031730935596081977
-3.624404577242844816 -4.4583427163957871642 6.3167789387571247062 0.91152326529139093836 -0.0094789901778555250844 -0.4111392532680493983 -0.092457878627603795607 -0.97886440056750934069 -0.18241717567478774042 -0.40072044808352996759 0.2042905627939312907 -0.89313408200627253386
5.704571273138703269 -3.2933588456623437146 6.4281394794180890528 0.9009375373980028634 -0.00027414626977503766397 -0.43394870497691689915 -0.30248659880797973409 0.71661982863483753015 -0.62845674373735027629 0.31114853566889177916 0.69746393888942759265 0.64554677808805127626
-3.8908882020007911073 0.013016998564912434649 0.58170020856655513253 -0.90962916210992628141 0.016814649203760030638 0.41508078130804654249 0.40713569387427356316 -0.16247900616982605126 0.89879981048482826544 0.082554916344870762912 0.98656872042763188446 0.1409497983718634162
5.6213623597975601598 6.2405147593166736542 0.20475717182969957464 -0.84070022536673227886 -0.00073894630065666588696 -0.54150030935043014235 -0.040425437410964146223 0.99729418228253174927 0.06140112373197336576 0.53998973608613143327 0.073510325422829730924 -0.83845531602931500093
-3.0786017208545572998 -2.1888069571022197302 -0.72555838592755539374 0.89858533006499674567 -0.0030731560330310454116 0.43878805852479924043 0.4188492324429726188 -0.29208144984970701996 -0.85979866662817694412 0.13080414777021331929 0.95638851015976800163 -0.26117291697337102763
-7.2136584126774554449 7.0197085126395739607 3.6957294984080522049 0.43716091132847001433 0.0002473879005491453004 0.89938327558717379162 0.8986290921784330088 -0.04106504348026782103 -0.43678303182993777343 0.036825158480155904817 0.99915644470885145445 -0.018174341796066726534
2.9355024303328085544 2.1858030277824584964 5.7981259555827593388 -0.86375013176479187305 0.0028981362629186416605 -0.50391200688460646706 -0.40111582770862846958 -0.60925319012676704133 0.68404432830183836689 -0.30502754406431953349 0.79297046043753816047 0.52740501157607000415
-0.95437104813633821809 4.584180693502939441 -0.80148145732647668726 -0.26572134344551046059 -0.0022227984551682110695 -0.96404731564607148986 -0.32765868315425228374 -0.94025904961307193997 0.092480846526281343389 -0.90665977907431860583 0.3404526087250130395 0.24911857863529673907
4.6832658014812178493 3.8952296902869449902 0.59787921335085170149 0.96455217427284667409 0.0039807362325386614135 0.26386219290479273614 -0.0032409460999551207606 -0.99963211653952099844 0.026928198067041605318 0.26387231642186959046 -0.026828815139821035607 -0.96418443012968635397
-0.16376430202713415651 -2.5567765622214393417 5.4063296816387245158 0.95459496187541492684 -0.0017277630020828002935 -0.29790178515283521898 0.01863960229105912289 0.99837028319192455683 0.053938324647723856486 0.29732309696463576909 -0.057042023757769219627 0.95307144723619785509
-2.4303398683741899156 4.320572738411358138 5.2956040664996439915 -0.94569572835126647359 -0.0026055716758875899219 -0.3250427669927748453 -0.10779200134717747961 -0.94087124762569351866 0.32115756232243852786 -0.30666019276014067074 0.33875434519365571484 0.88949706002259598669
5.1421185683586063675 -4.7052904099390895354 3.4397748101525977837 0.91319595849547063882 0.0082979185512792198037 0.40743623542253615266 0.40724958453030485339 0.017882823113149811517 -0.91314181841449437727 -0.014863286562846661498 0.99980565570778190398 0.0129511979109297546
0.39687732577250334209 5.8366373949463445925 -4.7212088237487748188 0.82140791810600155554 -0.0071004797473990253001 0.57029695357787713039 0.35840873976989712224 -0.77139486465710560559 -0.52582614811074868122 0.44365775923487299481 0.63631717403190424243 -0.63108497581770239826
3.7442277068932696693 -2.2084748062484846898 -6.9218816571667272086 0.89806608748321969937 -0.0066215172874088193411 -0.43981070703371388797 -0.12113332295839793207 -0.9649466306242274749 -0.23281906733812229859 -0.42285224438533525193 0.2623626413115243694 -0.86738793158677274242
-1.7929299343125348898 5.1904791855868701589 -6.5512999929148714173 0.93827533799724416319 0.0060996515788539120567 -0.34583548741657998971 0.17756679936539901399 -0.86653224622087465789 0.46646746727149945855 -0.29683231271073928781 -0.49908382112642662998 -0.81412893181651413421
0.54977650423932189483 -2.7800535433066388968 4.3234070536671618257 0.95825789314448117651 -0.018353524835398926651 -0.28531554172920065016 0.23836980153439796259 -0.49973559735621514433 0.83273295266347902022 -0.157865917609024492 -0.86598353382797943478 -0.4745006545794147601
1.7479245280993915834 6.55157111712629181 -3.6045294086861545679 -0.81455718135222288101 -0.0036715501317878783405 0.58007164904600116984 0.57737889885951776403 -0.10157828448478356531 0.81013298863390159621 0.055948239107202674125 0.99482077372787613978 0.084861196668697874701
1.6536871412502041068 2.1764568362126190948 3.0972387261132587888 -0.77212723192296561781 -0.0066661168294502980841 0.635433002455394913 0.6101784958605687148 -0.28706369951399152152 0.73842849051934578153 0.17748729789008080293 0.95788830001616509513 0.225717220831541443
-0.280429141375824309 5.7366436598055088325 -3.4489122202648396787 -0.99984844016206109174 0.012630124678976832608 -0.011982347689674405222 -0.01317279317482429081 -0.99883856030538942239 0.046346606857412854519 -0.011383067492343789187 0.046497423561070276576 0.99885355051508706303
-5.6507355015442186641 6.9607965545789944883 -2.2303348884147080611 -0.68737978482551520543 -0.011140587560079014823 -0.7262127227762155135 0.56791231351948490147 -0.63154073247718089945 -0.52785595324386491711 -0.45275228941014589168 -0.77526265905883218199 0.44043520965396659728
-5.829613338085769314 6.9476942948009066114 3.7753854342199408833 -0.68461849841364419422 -0.0022504507111535797942 -0.72889810474542915397 0.15690760435590700439 0.97609582033425734693 -0.15038933878847654535 0.71181283728596489446 -0.21732897873403811406 -0.66790014199532077299
-3.5751284171126962441 -2.0627298205104040996 -5.4773413604783325326 0.9997576491546843469 0.00027417244573464270765 -0.02201290044794441958 -0.0040122404420250392179 -0.98090605353983395531 -0.19444077775864540558 -0.021645897608945384449 0.19448197592121718724 -0.98066723008285261454
-1.5775585998873304927 -3.6764301711507760828 3.3904158612406760653 0.99986980374070622002 -0.0095036993735452511556 -0.013040523977175632123 0.0090298259977822058209 0.99931356990776143423 -0.035928418286134689019 0.013373025455494222391 0.0358059868780033555 0.9992692797708708774
-2.9262536824881015818 3.6568837641911429159 -5.5840640295744288224 0.99936048649940478761 0.0014417712880966252267 -0.035728690419363551278 0.024498851317198963584 -0.75543228087760727618 0.65476856620654722008 -0.026046579577101484915 -0.65522514474309212495 -0.75498449347571483514
6.9526094083988212446 -4.4816467847346217468 1.5327337078513367796 -0.68145414586250507849 0.0028657978448165797626 -0.7318552003568762343 -0.5610526023552756536 -0.64415243569098201704 0.51989192817717932993 -0.46993640471567948991 0.76489177456425505586 0.44056821120768757671
-7.210452445836734725 -2.5000324638250694953 -6.5479606587616236979 -0.6441859915355595545 0.0030986620970178757953 0.76486260635654490514 -0.27811063227756027683 -0.93249424956246407259 -0.23045379308467478507 0.71251588369914209409 -0.36117152826068488203 0.6015615036306369845
7.3366771453628274458 2.9647415040955453769 7.3951318302840771679 0.65146265987026785726 0.0009495434392492018566 -0.75868010463039847746 0.7551620417467944657 0.095387190079570582935 0.6485611572346028364 0.072984200341755692265 -0.99543979342599542282 0.061424133404476555231
4.1579750388010037199 -6.1667683017225662923 6.5804025461603563585 0.88369794452763439363 -0.001458295635114472159 0.46805535592648211951 0.29402836077155036776 0.77978708704047572375 -0.55270192866217504601 -0.36417751976163342809 0.62604310734871682076 0.68952502626201495062
6.3735776420030472167 -2.7546782147151609443 7.1408822345346543159 0.96880989564278241488 0.0036860941027078569787 -0.24777772057802896488 0.2180770597239070907 -0.4875394862549956021 0.84542749267129779778 -0.11768509730107556965 -0.87309315771717277421 -0.47313693136432549702
-3.8480020682293534229 6.5747772112409199607 5.5494816302825098475 -0.99671888249774043267 0.0065698117977904153808 -0.080674077902403037998 0.0075147748059057606351 0.99990660504923156715 -0.011415311586458067039 0.080591546902163566091 -0.011984104135867437724 -0.9966751646429889977
-1.8527812380786936597 -1.0988287381493289097 -0.37237053890964177949 -0.93247495236996935652 0.0080505289061787096982 0.36114491853936880883 -0.30150280567175963276 -0.56799596138335894935 -0.76581763235395328149 0.19896361821837951767 -0.82299196644701866354 0.53206926408970334208
1.165368622756721706 -3.1538835770958253413 2.544494608128260893 0.95869737437970492522 -0.0050349713224370241937 0.28438353226078527669 -0.27036155219350388457 0.29440824822903000069 0.91663974083071531052 -0.088340112366176989922 -0.95566648598682168991 0.28088715191100660507
3.019759829234226256 1.4786141454732908418 -5.9185999387834415941 -0.99982004383274580839 -0.010872985980190819078 -0.015545357063838322748 0.018635279303906796683 -0.71629174852949661911 -0.69755204634051282131 -0.003550537372426776795 -0.69771620961845237652 0.71636546854241123228
6.6244827747976877674 -4.652478863110332874 -5.6464024998401924904 -0.99619452553518661464 -0.012830893717384665026 0.086208093935717600154 0.072698792806902015617 0.42326849959885104457 0.9030828659495599986 -0.048076530844424605893 0.90591343152302283848 -0.42072497164804245617
-7.0277004760384365056 -6.2185702215276554838 4.3461815926324396386 -0.98100180762356392616 0.0097670499437584323843 -0.19375256946624289101 0.11236408925251863133 0.84275772884452704314 -0.52643491707825118553 0.15814475927393822907 -0.53820443625834302193 -0.82784432105683680714
0.59818282825205670861 -5.7865158754182894896 3.4777548676196152755 0.84588801912707156649 -0.0048438851385068752708 0.53333853777314110811 -0.38544095492774427258 0.68561835467578291503 0.61754574081280144693 -0.36865801138949427784 -0.72794505871550807541 0.57808932020057413048
-5.4499413957363476158 3.0523637182235674459 -5.2620325933481995051 0.97583050946506899592 0.0060863273563135740149 -0.21844398233068565429 -0.10728682368651144829 -0.85750629042894421783 -0.50316249794503287163 -0.19037950063080424923 0.51443747773105152898 -0.83612781752883691411
5.418367119783688679 -5.4346592787484810927 -6.2674038549631871931 0.98609187210099635834 0.0032782165510084025628 0.16616880896504196419 -0.12912750088200419807 -0.61434677888706501481 0.77839843511343187465 0.10463703117244722851 -0.78902933314760470562 -0.60537905740131259247
-4.8394006809428251614 -6.8676929536828579259 -6.8579644030214481631 0.97489919372634337158 -0.0060337540224897467239 0.22256494756363040532 0.20561786510053309263 -0.35901921955966731304 -0.91039908476348319066 0.085398217915361368524 0.93331066306953558431 -0.34876690006035060421
1.600505139809531574 3.8757453968082971052 -6.7597298408090331634 0.99170820641360768466 -0.0075356330064233097155 -0.12828892223065005429 0.12208608286423738853 0.36692168583621848077 0.92220576057291792083 0.040122583450943473393 -0.93022131275211483725 0.36479924287049736442
-0.9667701463230113923 -2.6509463064785352415 -5.6875192304274406752 0.84804842421358261895 -0.0024215926620726278135 -0.52991320617405857085 0.48266244939595043251 0.41632144361734868543 0.77052801086496724992 0.21874832600925520065 -0.90921427148578326527 0.35422955607174577697
-3.3475040172824988005 0.3179771825557373699 3.4652589695333539943 -0.81408082554711791445 0.007016328208644058255 0.58070920486503185831 -0.20412580546104680534 -0.93958193300446624097 -0.27480619846799247963 0.54369574673835185941 -0.34225219109595400591 0.76632784933630471169
2.8231632043459429227 0.61881411466486468953 -2.9592161769957661122 0.92035529004554950117 -0.0035466609759558539831 0.39106720813835343931 0.31509780477263094056 -0.58556767485047833688 -0.74687607512737397286 0.23164523200930844937 0.81061576555493530805 -0.5378127621405722758
-0.64513276732640989497 3.3908987531975500751 -0.11384029907588547048 -0.49955037496262755248 -0.0001673600561056720528 -0.86628482317624122544 -0.8529983430394184607 0.17456400892781587242 0.49185489075435495643 0.15113983474491413106 0.98464581387297245296 -0.087346273965399470751
1.6409235281278224949 5.8557317541034175079 -5.1912189288507493146 -0.88303665047300050617 0.017547329372333317354 -0.46897586841230587407 -0.41500489050888161868 0.43739861022630682763 0.79778029345541578987 0.21912830664930452174 0.89909651706813920047 -0.37895677619093143251
-4.8916934756759804515 0.1011626213208562941 5.0469551751851051691 -0.52076769659870780771 0.015844365993968673872 -0.85355138231127181125 -0.71384175391551996093 0.54028555151364876519 0.44555748584484450303 0.46822105521442525244 0.84133256141179979526 -0.27005289215658501156
5.1887876563557426834 1.2570074597217550938 -1.4316449616500546149 0.9786071559842477452 -0.0059102033628019318839 0.20565287197764417493 -0.1657207737214990706 0.5697135267544241044 0.80496156590880718618 -0.1219207095353351672 -0.82182210175282532916 0.55654629066870686671
-4.5546228175292373663 4.0232633349548940771 1.1452172517355112547 0.60242420143804542576 -0.0059198587724507232416 -0.79815414350474245264 -0.56861564872468262077 -0.70494368809983110058 -0.42394650680661705167 -0.5601440221470709302 0.70923857190664285621 -0.42804126269862202703
3.564178396013540695 3.9316384968316890891 -3.5212495565227057703 -0.99679424633980950876 -0.012274413014436285144 0.079060541669791636887 0.044849071319206672281 -0.9040335311433667087 0.42510226460256284042 0.066255499890736160862 0.42728528333380588755 0.90168591836660505479
-2.1590252298767578232 6.8754869818602104559 -5.7091271571481483349 0.96185202917924517152 0.01888310951145071373 0.27291775709712662312 0.22496141198313915344 -0.62226762892055553777 -0.74978354284164494548 0.15566964084982973238 0.78257678611933079171 -0.60277735254818609612
-3.2141270591377142374 5.1390953183471541621 7.485840053584635001 0.95939319695242164521 -0.0020244776176583162072 -0.28206487752258102564 0.02652929799874627001 0.99618930693723395375 0.083084662191450858737 0.28082181181162330086 -0.087193842868320756145 0.95579095192247198742
-2.5703834088799237811 -6.6428703433539233458 6.980570285255184082 0.99697483078747328733 0.0045973711294989352827 -0.077588987331196276886 0.032014930296794766318 0.88534398427884786198 0.46383302355412492357 0.070825355731349473598 -0.46491385619263353446 0.8825184843987960992
5.3697615416659516541 5.6124608534079696298 -3.0946672209090650973 0.99721530862296703379 -0.0053187542843455707167 0.074386417448869104896 0.058744440017228748141 0.67050144523725219159 -0.73957886847981046952 -0.045942562130177944102 0.74188915801991162091 0.66894675288641380906
4.9237724449306137231 -0.40712261727492160546 0.44203438628962532508 0.74446114704232591031 0.0057177825994790057451 -0.66764130152830303278 -0.13034652708307772895 -0.9794774169510841455 -0.15373279598117040035 -0.65481858817669269524 0.20147281862565102895 -0.72843758822100423966
-6.2284792185490021055 -2.0262632215981160044 -2.1506961812552307656 0.94204558320883469147 0.0037234459442179491939 -0.33546423819391618659 -0.3172393494530986735 -0.31538287726005942435 -0.89436728243474961086 -0.10912980488982755578 0.94895720487361301387 -0.2959238229734280079
1.912429395903320728 -4.0560853621907702049 2.1210225565763516364 0.99182391118345603065 0.00035964422766728877667 0.12761347836641301345 -0.0090411600810496629832 0.99768121370289986061 0.067457047436447467592 -0.12729330944370112477 -0.068059286511730252012 0.98952733508999080048
2.6943511958086432401 2.931067611709786469 1.502327949397242346 0.39772668749964046331 -0.0021908483214488432521 -0.9175013254673104468 0.81466998890605457628 0.4608400899110310367 0.35205002585804506809 0.4220501051136104631 -0.88748048525836331635 0.18507322080506707906
-4.9733373375755371981 6.0221201915023634399 -1.9785188777950135641 0.94739831565993970486 0.0020784482348697565571 -0.32005017034483845828 0.27010504631656967467 -0.54163708069707539039 0.79603551225321089735 -0.17169652133681351236 -0.8406098695988163394 -0.51370745730807054752
4.7801837461354397263 -2.8233520478908968876 3.9602817125254410335 0.90627168196192287031 0.013912328186646703149 0.42246666803235111143 -0.39861741187078120197 -0.30438003054256190794 0.86513406820015503751 0.14062644640109014937 -0.95244907692290436962 -0.27030530598055235725
2.2647190962652765656 -2.7549241221640343724 4.5260662345244178084 0.82344294446989196867 -0.016571908982421751366 -0.56715702326212924511 -0.50910585114699047349 0.41973007433535552968 -0.75142391299882871358 0.25050538822706053255 0.90749767852661589185 0.3371869124656204364
0.95736084968825441166 -0.3954519185218688393 -4.9746688635390423627 0.95351796247664322159 0.00050327734545914078537 0.30133576280661089619 0.034669371829923870121 0.99317484615141871096 -0.11136318794435318136 -0.29933514643495945373 0.11663392166997149646 0.94699260737583235148
-6.9545984027591680743 1.5109994734214606815 -6.9922594782306095595 -0.9163124514979293922 0.00058586545563065806942 0.40046366625638529779 0.39979400966906775139 0.059163336849954950569 0.91469363691100025182 -0.02315687937853973602 0.99824814366690139966 -0.054446327727451747369
-2.0019787940060256304 4.7014094641246240158 -5.3253147509586833408 0.95106920870634048537 0.007228556005200612207 -0.30889336060984068366 0.022468167946561472259 0.99546159337602957429 0.09247376677956148372 0.30815992873815339914 -0.094889220100930204982 0.94659045749932813063
-1.0881171931693343069 -3.7586237962815385316 -6.0478410599702625561 0.62872369744926426272 -0.0011633643127409675194 -0.77762790513793633718 0.39605671689053462137 -0.86010112607219790792 0.32150447887300009908 -0.66921266371141230334 -0.51012223977491155669 -0.54030520191416575582
0.84723193206570135416 3.6770457378674339388 -5.7070283521886207012 -0.99935822539752916516 -0.0017192690407293164528 -0.035779623311891557702 -0.018852478000633009908 -0.82407599344680515507 0.5661654714817132561 -0.030458519393000697828 0.56647665542262637395 0.82351470992185993314
