1125 14.717824617146108679 14.977075390850430381 15.033177056927090831
-4.3670357848417449276 3.6877129126728487307 5.9281646557027887212 0.89774385935393474778 -0.0020260126959694103529 -0.44051317603995987504 0.36578656002497544897 -0.55379917053195182319 0.74800178557490615283 -0.24547129261345673745 -0.83264780909500279993 -0.49642871644567510003
3.5192588491284495511 -6.1947825897349044766 5.2730909286355354126 -0.97288548268716290579 0.0077778691320122723962 0.23115653209094330633 -0.10758693199994068257 -0.89994168554167930374 -0.42252812295420733024 0.20474103066900115055 -0.43594089894869053614 0.87637699820602310563
0.13824738563632332777 6.7846886581156242713 -7.1009380997073279218 0.98339351898807680907 0.010470278046410980491 -0.181183774355744176 0.073331169418203251409 -0.93613299736971344878 0.34391503431426645454 -0.16601122372879006939 -0.35149023388033984183 -0.92135492025760534762
3.1598675604652726179 2.5381836891994278282 -3.9628094095243828754 -0.75901955949353905329 -0.0088521267345974853635 0.65100764062988936143 -0.035331206457054176173 -0.99787416301121867335 -0.054761853921001794887 0.65010846337861316613 -0.064566203596499990858 0.75709325132152915927
-4.0924494088931488989 0.0092989983250912587598 6.2983762957970412799 -0.71726861546415021653 -0.00358373674656110126 0.6967875501909518432 0.29736122137685849776 0.90278119699891901107 0.31074493457895602244 -0.63016032665612986552 0.43008518595291123088 -0.64647095490239347981
0.57161206698132960291 -3.4757097297723351659 0.77725191300615315004 -0.88887208376279946975 -0.020279480575511939222 0.45770641395413219632 -0.36369262383572054098 -0.57632532786547574499 -0.73183112247849413379 0.27862895412107341331 -0.81696870143741695536 0.50490399760456639022
-0.63124322303275648416 1.7991939564741903368 -2.5535863305746930862 0.92460766075320433011 -0.00405097730665953705 -0.38089928230347674942 0.028512191255067403928 -0.9964023590045467671 0.079808482757016477316 -0.37985224578287424269 -0.084651807736119716319 -0.92116575208852968792
6.9688494372351916795 -7.0860319312333999164 4.2499138471045823096 -0.70333116362784453557 -0.011877015615501952672 -0.71076311860571395052 0.30256538734627619336 0.89976860991807250389 -0.3144370127483967492 0.64325691651928484927 -0.43620566835628432623 -0.62924172957913326876
1.9312454132047032207 4.4183205795499400637 3.9236320864106177808 0.98825568418354226008 0.013274105808083736663 0.15223173385993143958 0.15050143704330021244 0.087938315656439322576 -0.98469090078434839963 -0.026457893470375339062 0.99603747457334113058 0.084907768305429204281
2.1254755065610080322 7.422812856336912013 -1.8702173140606326296 -0.98920395799960647576 0.0095552411318340323143 0.1462334669110958163 -0.13413672471795853869 0.34281895218428387606 -0.92977551328549945531 -0.059015833128706639277 -0.93935289608873828726 -0.33783615562862784332
2.9864802951357085625 -7.1359864223748949996 6.8702988674227114529 -0.97028824289018555938 -0.0030372877441199302301 -0.2419328431450220307 0.20886409566170638374 0.49422853760031559833 -0.84386843889612828118 0.1221331865321448884 -0.86932670930129807285 -0.47890975897646598236
1.44492633901810974 -0.58184868156173463749 0.11279651317306932379 0.80750380731861226558 -0.0013978560990468079199 -0.58986070149168301491 -0.51201955270939503162 -0.49816750076172094941 -0.69976075827954797859 -0.29287126661587176146 0.86707968906151822175 -0.40298788320205247704
-5.2249234735787224437 7.3328048069225699734 -1.2909888657743506801 -0.9722653844058817274 0.0024218539245407476324 -0.23386781931188055372 -0.059857875761448339769 -0.96921921183125969712 0.23881196395211654049 -0.22609081581398587923 0.24618743680556320896 0.94248325659595955095
3.1963638325627856673 -4.5180993949025154421 7.2005642894053618619 0.93450936561808117808 0.00038853509702353478811 -0.35593832978856254634 -0.11128807174329063967 0.95018318256889600093 -0.2911475307314574934 0.33809349396261290099 0.3116917846267514558 0.8879983224851866197
0.29628081600134692497 -3.8648723651040226557 -5.0325063229882252003 0.99189499588305518607 0.005719778438035629485 -0.12693148260707365349 -0.04888020234458004265 0.93928300689856281114 -0.33964416492903454214 0.11728189528202186132 0.34309578412769026201 0.93194969818806294715
4.6056348824329971237 5.3919146001889064479 5.7369976233447719238 0.99530540597362415767 -0.0060368725163386423999 -0.09659557448429986759 -0.0093404929283598479156 0.98740260906589438772 -0.15795202689944548569 0.096332258520040528471 0.15811275653786413531 0.98271076731062301235
-0.97261774488437124919 -2.3034451463315219755 3.629808016149868255 -0.59545317933415964351 0.001945490722566752765 0.80338765629470421104 0.80336270577456714292 0.0096866395388218728968 0.5954112293071672779 -0.0066237596137277291244 0.99995119084903594242 -0.0073308750013686644481
4.7881619870398726135 -2.2689112122157655271 3.2793520314344930533 -0.60256608417075674389 -0.0038494159805311919595 0.79805970716720930902 -0.38159642946385335938 0.87965785480016789322 -0.28387712748466725765 -0.70092672885807538741 -0.47559146384809197761 -0.53152091237062437656
3.4456808644470853231 -4.5586684121180685025 2.015959744875754911 -0.98989471355252944829 -0.0082986435468967029161 -0.14156125386525189591 0.13185766791707664858 -0.42115830689355249206 -0.89735123332288435627 -0.052172899977905237701 -0.90694917886829762299 0.41799662134765319665
-5.5898865216262993982 2.3854906662423394081 -7.5124408076124007394 0.97600592392793439345 -0.0053693739294724063607 -0.21767775789226528893 0.12211899146830314244 0.84117204595293271208 0.52679838745949858492 0.18027586743694445914 -0.54074093513527410337 0.82164460242194536921
-7.166549870937971356 6.903660580817598813 5.2900767028349973131 0.99819543411795264021 -0.0051343556614639393465 0.059829037248113073333 -0.010658174367970642965 0.96536977125493983465 0.26066761990360609591 -0.059095504272637808252 -0.26083489632145595571 0.96357297504427974477
5.2760588265224823701 -5.4130829674239890892 2.2473664097584564736 -0.9973800411129660759 -0.00099204306909897324931 -0.072333045281904082002 -0.046617038539363976624 0.7734163863260641314 0.63218189240140931773 0.055316410829140086336 0.63389755419384530288 -0.77143631330132711454
3.5164983632577619943 -0.48324589769299131081 5.668238851277880741 -0.77782194596314402357 -0.001590009277391772613 -0.62848269049246663354 -0.55494805392226143059 -0.46764569869350375297 0.68799720780053064129 -0.29500114885532241482 0.88391457300127040941 0.36286271482487680862
-7.3027884036957377845 4.0607169019167734803 3.6462142522023430757 -0.96747936294047109929 -0.0025297582842799971187 -0.25293730963906713161 0.25023413451303150312 0.13656438282204580448 -0.95850563236162966696 0.036967015147524637242 -0.99062796733562208384 -0.13149019021823779574
3.6469230239135428384 -3.3623861526898797258 -2.2132286013429363081 0.73198578450388951389 0.0036170854090612847634 -0.68131030226859257137 -0.67027122176531950259 -0.17553493220220345306 -0.72105754059572302328 -0.12220188442649559946 0.98446655822836981464 -0.12606464679947684826
-0.86599293402476229531 6.9711217689674631615 2.7165384419733111798 0.073811120959872217329 0.002443840683875372205 0.99726924451988063769 -0.86984726925492583671 -0.48894294590736020467 0.065578379189266788885 0.48776802538942259924 -0.87231234273627233922 -0.033963658777474751982
-3.4537281826692791675 7.0790998435800283062 3.7408841119248874563 0.83123806778626796454 0.00433841754311514987 0.55589967871578038761 -0.55179057959179267367 -0.11516729431657692084 0.82599252453854843381 0.067604962368099930092 -0.99333663601671862153 -0.093337541269255891452
5.8059855672259681469 -1.3301170258574290806 -3.2148703626848962323 -0.95118149184497491344 0.012944079168427734261 -0.30836053636280791324 -0.21378601300876107216 0.69296870969438539856 0.68854187093180851953 0.22259674349216262979 0.72085145362898284116 -0.65637174801158659765
-4.3458589803519434014 3.9872117030555567219 -0.59439114913578716681 0.85391034697283851873 0.0032783557257456035286 -0.52040981131856800523 0.52035947904546742127 0.0098887512698624582125 0.85389005449520238855 0.0079455585318154286351 -0.99994573101849071328 0.0067381835503624179853
2.167809607242453751 -6.47288276357032899 -2.1448474192814939165 0.98186485568309267435 0.010000643328538984245 -0.18931823025615268641 -0.15244662913191664444 -0.55199195030257897088 -0.8197956526277417888 -0.11270062307112180267 0.83378946619284544095 -0.54045693225759139366
-5.045813965732511619 4.3848417063008415795 3.8488827077037339741 -0.8102124645195868391 -0.0074507051829884977934 -0.58608894318976534343 -0.28407945828101976993 0.87962104986474398682 0.38153069341481649079 0.51269349880774706119 0.47561675288727878197 -0.71479653094645045908
0.22310329087450747609 -5.7620909378908979903 -2.4339405308327077826 0.97316023441657062421 -0.001519670062488894793 0.23012355106199114396 -0.064407821212297988733 0.95821618619424242524 0.27869943143484610104 -0.22093164263441733564 -0.28604096056044525653 0.93240000974077374973
-7.1848039814941850878 -7.2067718580471504808 5.9446241486223883044 -0.98403492986191354319 -0.0074493050896303845271 0.17781947212100138178 0.16975774998226639267 -0.33937965839203193541 0.92520470912692487353 0.053456179555296516603 0.94061998454397066638 0.33522601561331716313
6.0536146339280074713 2.1586100868365694083 -2.9238588154001581287 0.74109582683331409747 -0.0013161590872256753726 0.67139797674375678582 -0.66819962752636119507 0.09606571855070622501 0.73775377701032585076 -0.065469330407091741453 -0.9953741233549456835 0.07031444610784211291
1.0494684106646756661 -4.8555197841812915982 -5.630504047867673556 0.99356158510190595301 0.0041953055863083602364 0.11321561738942444164 0.039161189478016222854 -0.95043313934959128275 -0.30845299295800304717 0.10630982009438161295 0.310900702857257627 -0.94447814962253873183
-5.3218475759158545557 5.0848908234946774698 -3.6666187354629000694 -0.99889069486245185558 -0.010173288172068067209 0.045976993429276628855 -0.045475384859743298027 -0.04500555589322587785 -0.99795114575338828011 0.012221664734996223745 -0.99893493489131168772 0.044492996803935244698
-6.8124115559421909438 6.7373057432470471184 6.292028225294698629 0.95966511274454624481 0.0031633563980350627894 -0.28112784379577765437 0.28026204839250623557 -0.089978695281891091229 0.95569713750017826204 -0.022272305937681521892 -0.99593866657118201857 -0.087235983496266128467
3.5159257611029608448 7.2756796737839968259 -6.2210351370569449969 0.92687423479097430512 -0.00089352724594560922755 0.375370955841876075 0.065620252905060488802 0.98498439459104991656 -0.15968633260491324477 -0.36959184959799062931 0.17264108439526582028 0.91301529050152774314
1.1124358818678490302 4.6382872648442701191 -4.9145440337168162515 -0.9822594041476218063 -0.006096963740610625293 0.18742809286946893188 0.063955487417280160178 0.92865795969644349128 0.36538211439776824285 -0.17628431181688775098 0.37088707300959111723 -0.91179307986047797296
1.0557435018180230113 4.8060029764929552698 2.1100318136309215156 -0.75683488864647274763 0.0019409571519215240709 -0.65360323133609832258 0.009552244395863034726 0.99992163760855123922 -0.0080915554211375972926 0.65353630806141227438 -0.012367349249769808706 -0.75679412175181604017
5.9473228794189125779 -2.3769829833605764513 3.3006089215894349742 -0.68647907232875804429 0.0075004243463335758604 0.72711087661329409926 0.023415741157823015406 -0.99920018595995041544 0.03241437094065383745 0.72677244466242874044 0.039277627373293717838 0.68575438873343141921
6.7076969343033239213 7.3025196708151769442 -3.5845142296717988906 0.91970547601566565721 -0.017337744158138129746 0.39222600629514070558 0.27853881819929499075 0.73287642230938709886 -0.62073204877719356798 -0.27669109877790404317 0.68014083265936375877 0.67885969360881892598
2.70485289387677863 -6.6224439620088180192 -4.5520349708200846806 0.8223812911539766235 -0.0019838450597460316124 0.5689332793208411454 0.56694780223065899261 0.086400718544844823388 -0.81921004960915611015 -0.047531058327619189752 0.99625849065081550915 0.07217907107011410639
-1.778899269882605827 2.4839118344088295665 -3.4938797555910179327 -0.42550136340223143616 -0.003679070378536887162 -0.90495030481461236072 -0.87267266234443463535 -0.26305385842588235867 0.41139408353057821399 -0.23956421715178213838 0.96477413522977428784 0.10871915126624116799
-7.0328170374891945116 -3.3236023934977394489 0.10860700094632555479 0.99905620349148527293 -0.00035644841405483413364 -0.043434723549031890866 -0.0053434904074812147878 -0.99337943406160944537 -0.11475516151201863024 -0.043106256802442920184 0.11487894901996835439 -0.99244379069878130295
2.0796817798324860327 0.37356677520885966937 -0.11325840213632384912 0.9471882021720227085 -0.0084053522090621075186 -0.32056802666601125207 0.31889043202086325701 0.13009826018433545691 0.93882018249644616503 0.033814228245178976073 -0.99146547733710699291 0.12590792356692692699
4.1346237581356062307 -4.5574613866588471467 0.0062206852508047260492 -0.97841364032182243093 0.00096671377885699204258 -0.20665385042787987047 0.20585831599925105695 -0.083224154861164023611 -0.97503645766789959204 -0.01814117322915067762 -0.99653038363716706094 0.081228642249843413525
-4.204914222984354133 -0.62041598930474084472 -2.1550482997839210952 -0.97487626873674482209 0.0049313474342315031726 -0.22269248408161715358 -0.21971462333630409347 -0.18569430843140374843 0.95772809716970896954 -0.036629836829669359943 0.98259518909295662237 0.18211246367332808993
-1.44093426692586557 3.3734484918423808253 2.8887236400539495484 0.97131711294651934541 -0.0058574869859595105059 -0.23771570403184283382 0.034357925511797601792 -0.9857488626837159762 0.16467760221811883481 -0.23529258180333184614 -0.1681215916056174875 -0.95727348829068692471
4.2006371571416565303 0.41610869400281064179 3.5316037349509965537 -0.99186775152898210006 0.0047733352653555943465 -0.12718324868996910837 -0.10590040422929856978 0.52332116503345782466 0.84552945697483872234 0.070593681452029669043 0.85212215878849550954 -0.5185598891551478351
-4.8006763415012150276 0.34931731088732698165 -5.105252149503566983 -0.96560864907752363973 -0.0041918304892925367308 0.25996608506418183993 -0.25539993036450570063 0.20254131088281038253 -0.94538240567279974158 -0.04869098886180230068 -0.97926474762602222501 -0.19664623479904796977
-4.4464199213222084239 5.7907139070849451556 -6.9379430739710459264 -0.9984047164346183667 -0.02016833607383153662 0.052737656577640831812 0.033584062807552307606 -0.96296290593799127588 0.26753420811726269513 0.045388687209782244136 0.26887855996262327585 0.96210404170539709501
0.55907085481947926819 -0.07587813041349250609 -5.2471926398756805199 -0.98835504768486270866 0.0049869133589314704191 -0.15208362966155544727 -0.14204176532901827135 -0.38869988835860330711 0.91034967660364285447 -0.054575054907052063247 0.92135092526420425685 0.38488184667082064871
-3.6986368849182480467 -3.0177709775610837006 1.7755428511046178475 -0.90559123801087892947 -0.0043933566428770694581 0.42412876353194334245 -0.28026397438889272262 -0.74435558696055637018 -0.6061244631431287333 0.3183655356621186705 -0.66776901588665094067 0.67285059792229795494
-4.8874794445467397708 -3.3384843280133376098 -4.0044126548915546238 -0.72450651953401778993 -0.0090755234849498843397 0.68920819642988428999 -0.60096097498398282077 -0.48135453166893643617 -0.638078146772163457 0.33754438182121593304 -0.8764790070019984336 0.34329046095938464678
-0.65833443948248160371 -3.939165682457450135 6.1973597679640555214 -0.81429093216563264157 -0.00059284342904817590933 0.58045665327341755546 0.46842341065389897503 -0.59123487853844358675 0.65652176411065543693 0.34279700428109455279 0.80649920454783396995 0.48171490211499218281
6.5941314822778913651 3.6283796111855939337 5.4130150817694993037 0.94006067086880296113 -0.0017479381865946636444 0.34100275629048787396 0.32213481106317803926 0.33260778531278423209 -0.88634148309239302321 -0.11187090143065890613 0.94306362768449647493 0.31323456953485989684
-5.4643689646778730307 -5.7412851240897460059 -7.287554893543289225 -0.99865513315520626492 6.3820903587672155738e-05 0.051845163224284597503 -0.004894894392906902654 -0.9956483669190149266 -0.093061106056603073999 0.051613612853020539306 -0.093189727859274748556 0.99430966483770089059
-2.7311596314008790287 3.9614389977979245216 4.9490615718938988365 0.51620584592144946878 0.0064161026181522107584 0.85644051647717089892 -0.80424348114339283544 0.34746461154673458083 0.48214185335964365731 -0.29448929976295762367 -0.93767114563164088992 0.18452337243627919827
6.2746824092976778431 0.51836467125651752852 -0.55945469341667586338 0.9078511681847497572 -0.010720295326467541713 -0.41915549822662900858 -0.37923356843606959021 0.40542398781582966727 -0.83175314287030932547 0.17885233293629218543 0.91406589771828739011 0.36399914509736108759
1.4727492905327381756 3.0136673438133643188 -6.9116333841084554024 0.94815148354453870905 -0.0015522638704365443636 -0.3178149693282645849 -0.049945362445050975331 0.98683514858997445351 -0.1538240887426875203 0.31386975805653039018 0.16172192177985006412 0.93559168176792939509
-6.1011895516730039191 -0.098859153631320598188 -6.6993065615612055197 -0.63478622240187065895 0.011169317635540354505 0.77260707878729528719 0.77257406292021746363 -0.0079816523555416227231 0.63487448407426272379 0.013257795881676841948 0.99990576534453912139 -0.0035624821584249663498
-2.4455744253383087106 -0.88142330557453096862 -0.85094634889398412803 0.96380333067543244585 -0.0034436899091359199701 -0.26659197433314224535 -0.074507356807136271293 0.95659902590671430644 -0.28172141809971051885 0.25599178416630069544 0.29138710444059418014 0.92171674705688499962
-5.3582830732187236578 -0.044615471860589756004 -5.8702933546046187629 -0.83553830236497750317 0.011458841669951230768 0.54931269804070959051 -0.0040586635451744434641 -0.99988394067330865767 0.014684428277028972049 0.5494172117174508374 0.010039926851306823011 0.83548783793501502082
-2.2604328289631117066 5.6466144758790006719 3.7734542143146829751 -0.79898117326419670903 -0.00077449109740067171095 0.60135553953788056791 -0.60005305758099114488 0.066820196849683086149 -0.79716459365719227748 -0.039565298647528439335 -0.99776473251788344587 -0.053852815027785348734
-6.741039810105153407 1.0015554122179046725 -3.6820309267097588446 0.83050476429352348973 -0.0074436932309870969954 -0.55696178317450029116 0.2476724838539386131 0.90056173462120070461 0.35727706738316050705 0.49891900868522148782 -0.43466441488510976221 0.74976440913481134931
-5.7418136086360505033 -4.8852480650299110465 1.4364581594982948065 0.93172584846765571509 -0.0077950162557202835878 0.36307875319122318025 -0.22211452286044294779 0.77874401282726957163 0.58670512288548737345 -0.28731878120265430532 -0.62729339244660498043 0.72384453977424456639
2.0316118258247461981 4.95106719780479132 -3.0159941219847929972 -0.89761414566841424278 -0.0038641188921795244227 -0.44076514617344336733 0.1822528516924443176 -0.91373360832447980684 -0.36314568848927514244 -0.40133868932117805484 -0.40629541174314831586 0.82088445889195116312
-3.3787866677602673704 4.8730481187846317326 -3.3977177121133395055 0.76871076540535032695 0.008159748593184221882 -0.63954450795298145582 0.15489154999690790682 0.96777974333478167246 0.19852197896051426707 0.62055810919642073742 -0.25166602252524794547 0.74267883113540134055
3.2940165775007956839 -1.5645728222950803232 5.9063592645832114769 0.63203392916893552655 -0.0092173121914722842829 -0.77488589710688060563 0.15319951631036277107 -0.97870870083953087626 0.13659863507104508251 -0.75964664192073005911 -0.20504711667556152488 -0.61716501793403522047
-6.7317719502746493632 1.5979246651630159004 -4.7017491108063680372 -0.9789100050625579863 -0.01170988309719706022 0.20395607523736780653 -0.1995213326542347454 0.26929257009008977786 -0.94216386552988384828 -0.043891226962403523393 -0.96298722230982802817 -0.26594956263094893245
4.4836082117609610265 -6.2411448462164953455 -1.6682687952019248367 0.99938050455347215983 0.015137709339274441067 0.031771951063806050386 -0.033532285121249075233 0.68367613801293580789 0.72901476265322662229 -0.010686111219303552622 -0.72962852744926176563 0.68376020574420248721
3.1762482850750695107 -6.7038034093598888319 -5.8449549277892893784 -0.89558000543767635193 -0.0075268945216768771631 -0.44483682369945615198 -0.26241053428787530777 0.8163569532063208456 0.51449201786464671127 0.35927310691857439195 0.57749863273482004988 -0.73308810100458243753
-1.3637055594434925876 -6.9511911621415558571 1.9161776553649261245 0.74367673044382731629 -0.00060195073199121348732 0.66853912245406865722 -0.64679718987166867628 0.25230704528430908384 0.71971838247609065675 -0.16911036565053613745 -0.9676470392426450573 0.18724553846310582061
-1.3650139322171370715 -3.7800340463011927739 5.0687880396737821087 0.92565888355828818135 0.0023041087664308103344 -0.37835211426990034145 -0.20182552986203439183 -0.8428259137333928841 -0.49890974598168980059 -0.32003450874182282071 0.53818135439860903535 -0.77970426636780076901
-3.857572772793444571 0.94160777707149256877 4.4809026244081486823 -0.75474158154006221189 -0.0031973579733521172858 0.65601442209483629142 0.58211546351305176739 -0.46437225848046947974 0.66745785836437732108 0.30250079707868604562 0.88563433902234967032 0.35234228430756003858
0.33643309200894833122 -1.1222296591322238335 4.3329709969487471 0.53091363238659949886 -0.0097883896141001385666 -0.84736940136804617119 0.59597557077961371697 -0.70655522825871353021 0.38156628317281693352 -0.6024482002462696606 -0.7075902040369459467 -0.36928616162932970113
-5.8766816425471644081 -4.7050672604974286273 -7.1830129091855683399 0.95105567192547213473 0.0021658393011209178293 -0.30901200306558357367 -0.23632342658005298097 0.6494062470542165677 -0.72278818773986952539 0.19910888214214916836 0.76043858096968497406 0.61813333320976793228
-6.8375951290714169772 -5.1093048299591785621 5.8530616945904991866 0.92614357260070323541 0.0025026482143935928348 -0.37716285565048474071 -0.18857173510359331869 -0.86295512946211483385 -0.468774087653147431 -0.32664779755951417473 0.50527436238831580084 -0.79874841787794848003
-3.6093779351152024404 -1.2231296423044961674 1.753268033084872668 -0.99874660014712046685 0.0081248802650467511627 -0.049388409725417733998 -0.043646243385145007398 -0.62436458153948881655 0.77991273534759564257 -0.024499676179183603464 0.78109081139117086945 0.62393662356637669131
5.9730303568965510408 6.9177424706278767275 -1.6520552486649739965 -0.86447898345052931468 0.0038941258608020728679 -0.5026538798775964656 -0.40447679413961157291 -0.59910907222103171321 0.69098975577427024231 -0.29845369854425463085 0.80065795154127727962 0.51949228527373303432
-3.9173277692845758224 -1.481121686846133878 -1.4555778070747624753 0.99775658989632887153 0.003764452100775161382 0.06684022904521258468 -0.064199180608016423455 0.33687039547203528889 0.93935978297123678971 -0.018980319483465284136 -0.94154350167947797878 0.33635633176344892359
6.3697770601391541234 6.2028814376176599765 5.7455231454298738569 0.99860781679639265551 0.015008781899800236609 0.050568416024673164266 -0.017375746163796515487 0.99875794473096435322 0.046697444063194877562 -0.049804735503884589587 -0.047511096626668386511 0.99762827948026455704
4.0439101775613783829 3.2405806007672248725 5.0041208628097173516 -0.92502734467922798078 -0.0080399373316810893164 -0.37981544334498995585 -0.29676558176363049268 0.63947546099047902768 0.70922586266394949117 0.23718052423456148503 0.7687694675250016374 -0.59391826434714645178
0.47539598964902207712 4.331605128151191586 -0.96719165107843940721 -0.81246066634760838454 0.003682126830613761774 -0.58300438041224866836 -0.57864826734970442601 0.11708144837279711725 0.80712955412373588171 0.071230950653428562469 0.99311548995519904892 -0.092993415251245881148
3.3553213836947257676 3.3913286881374933301 0.89573735096161766212 0.74110699393338108631 0.0094136407130013116662 -0.67132094180912993409 0.20555615133907120806 -0.95506585355801065784 0.21353192738847520671 -0.63914559545520499562 -0.29624415392729491758 -0.7097410154938711413
0.087237466765616736297 -3.8655331442967586497 6.7990749336721698626 -0.83316516022186415391 0.014034001911924342404 0.55284614729863412741 -0.16141147701136110415 -0.96232086197998201182 -0.21882617230853110279 0.52894437409010619522 -0.27155405610763500013 0.80403746413325549725
-1.6231432216093588661 4.9374334913214434906 6.000996380919243478 -0.90579546701240598594 -0.0049423760611648510227 -0.42368637558756966355 -0.12085732017329392507 0.96140680561392011239 0.2471648483903224891 0.40611338330595159185 0.27508639922422167823 -0.87143524880610356842
4.6303355066437656973 -5.350612598942801057 3.5874715039232967229 0.99968252853076955411 -0.0036029703879514015166 0.024937136057050418581 0.019912859439207411527 -0.49342567967361961045 -0.86955999026377472916 0.015437622203595241163 0.8697804994612087226 -0.49319728565528814235
-1.8185591681904158534 7.0660252813796500249 -5.9744402167115850943 0.99555278837640193146 0.0026491624015028431699 -0.094168081081680232725 -0.093234335477425295258 0.17085822051688831502 -0.98087452162327393168 0.013490894859782550513 0.98529206351235576467 0.17034537074875163998
3.8257180494820230976 -0.94065468469222857095 7.4487781348524650937 0.84365969575402377512 -0.0039757941636438531852 -0.5368635867900493075 0.12998658841485410953 0.97173346561013462797 0.19707247054257087671 0.52090479417314994315 -0.23604716663045277603 0.82032915987010268655
-3.7390524364897386178 5.6373272073939011406 -4.398143942487784841 0.99692877911315447292 0.012202295703318105299 0.077357051103369156575 0.050885158154449466883 -0.851784448639806957 -0.52141533707316300994 0.059529068995293900335 0.52375028117899846691 -0.84978934619677926054
0.66639238164295544475 -1.9067676926638625901 2.8966820462606364117 0.42107571623273964967 0.0021766527484000661521 -0.90702287919417934337 0.54490555907253657164 0.79881930714847948494 0.25488359346739136724 0.7251021809999727008 -0.6015671007541636417 0.33517734171531876619
0.75638277312038859623 5.0415884902951919599 -2.2514365911177032231 -0.63355618309826955414 0.00011247089741564823481 -0.77369667842639178179 -0.76637786722329703792 0.13712979306664635493 0.62758297019897868463 0.10616745022885148986 0.99055308146690046467 -0.086793233077843645606
0.038896076797280160209 2.6471063665200271764 4.3610141254644334552 -0.81894011596396476538 0.0038494456352848411759 -0.57386607168686865066 -0.2810875294193659335 0.869123026569443069 0.40695818641685160832 0.50032678048441991958 0.49458098068473638209 -0.71067768100250605645
-1.5918116700917364081 6.7135727924031920466 -4.4197940765415699715 -0.99986664754532117438 -0.00040723885401704369453 -0.016325479565842050678 0.0061753823513442862234 -0.93488563024803550405 -0.35489536910011676429 -0.015117929069569855521 -0.35494885900981409943 0.93476347580990848396
-4.4841780593009730183 5.7168612526260309536 -2.9523281982498934539 -0.84155577792743063714 0.0088463739064346350732 0.5400977821706596238 0.53519802222168855188 -0.1216965325367198314 0.83591448783855148985 0.073122839434188513508 0.99252793191792210159 0.097679858291449622731
7.2737860421657902776 6.8679804732101237263 2.562960084982340625 -0.96535731255334933376 0.0019838289849832191 0.26092398035126757039 0.12411540948419508279 -0.87611117953086736776 0.46585895529607013188 0.2295226006918021644 0.48210503577916064 0.84551411002305998377
-4.672884447495860627 -2.0846639516200768938 -5.2894397800306682811 0.96859482594655310628 -0.0028253482205093322435 -0.24862839853275225943 0.089797175759846817322 -0.92847389168714500318 0.36037855052805806144 -0.23186317166610578844 -0.37138692742555801107 -0.89906129922393196452
-2.4296162107614942549 -4.6046959238488902599 4.4085414972861149963 0.98332000557531717977 -0.0021112376620025016111 0.18187168364195954728 -0.02890683521549353846 0.98540929327973658669 0.16772870832276504105 -0.17957216241121268241 -0.17018832919254733849 0.9689116425626965734
-0.92021128412775066163 2.9586338765866306844 -5.371477336618981191 0.696801326101762597 0.0013814770588679910895 -0.71726285520986576838 0.46250335533229580687 0.76347111233518871742 0.45077988745731895071 0.54823221197701432761 -0.64584050055012987013 0.53134874574050960927
-7.1512570552680596592 -5.8212735810514528723 0.81239910049889840771 -0.957865564999505259 -0.0027661556557627394251 0.28720359985724686069 -0.22424048392504652982 -0.6176301375143897765 -0.75382306850020686095 0.17947079081882305607 -0.7864638336355914694 0.5909863565480866221
6.5343981362421592607 -2.8384074178320348736 -5.2821251213306572581 -0.99052617185272506806 0.0045430777077580773715 -0.1372489100856686961 0.13651386292513523202 0.14098453218317935631 -0.98055460169965003026 0.014895237628871954919 -0.99000137481224148583 -0.14026906204130715206
-4.32989842417896309 2.7105396266796240035 3.7697704688448179233 0.99228869084629245378 0.00046377891607723813194 -0.12394732319677337351 -0.074565799256530576611 -0.79656699250583617999 -0.59993413641116200008 -0.099010583271520041793 0.60455009003334436724 -0.79038983611944557683
3.1402230917889548678 6.8728183015996116012 -7.5118544237835482846 0.99828426644839651782 0.0001564542741768534112 0.058553384903174077181 -0.011512479343740519497 -0.97995294314121728085 0.19889618409662901399 0.057410680024787483222 -0.19922902587451810086 -0.97826980382119710367
5.1882675896486336597 -2.3611501437988771102 -5.8672493722269285499 0.8457569740092187871 -0.0089054745316644312592 -0.53349398631857625208 -0.50225268207404960563 0.32421137062296245812 -0.8016415848172527836 0.18010381524062332725 0.94594274651389043118 0.26973122928887682814
-3.5577872098190783667 7.04672723926647393 6.0708815894886836162 -0.96974245765199051927 0.0056887267495551192137 0.24406393468729725704 -0.2377387042588458288 0.20525674729304338451 -0.94939453136623197516 -0.055496615431911734684 -0.97869162971733714151 -0.1976937520433612594
-2.4495576786518484802 0.32404496529150167428 2.8802838540443893578 -0.59193756115460516298 -0.0038273041172386828603 -0.80597473622773962987 -0.40701478304584454149 -0.86169525690368864446 0.30301856479726002602 -0.69566435159228456886 0.50741170263690904552 0.50851201947511548429
3.5106957241287770621 -4.330882020698079593 1.0287588271870116152 0.98111435046231398882 0.00036676273163251289777 0.19342827301584600286 -0.06053080675194639354 0.95035461695888723277 0.30522470977763149769 -0.18371350726267016151 -0.31116871229274606359 0.93242875317057427598
5.825699904753638414 1.5186666877203320869 -5.483997594176638124 -0.99988862995865357419 -0.00099762935731028453551 0.014890682158943758032 0.0008706379221114831507 -0.99996322028215223199 -0.0085322958549554350771 0.014898646552714504138 -0.0085183812201543706449 0.99985272291085691698
6.5195164232628268763 -5.1861499908711472528 -5.6217024529989449988 -0.98575955445118679243 -0.0048434501504553591211 0.16809117109096177733 0.12104001290693640336 -0.71434365374586539232 0.68924774909202246587 0.11673652420554091191 0.69977831156991721073 0.70475733311038590845
-4.2803698617747398814 -6.2612420127549990312 6.7184556965851953692 -0.99928965115206114245 -0.0081499020485165628302 -0.0367936434328083109 -0.024837873463136633106 -0.59183903333782583722 0.80567340694569622439 -0.028342073711935658609 0.80601497362910534683 0.59121619492653754158
-1.3790017049568117358 -4.7611417276658212216 5.5786389428277329827 0.97617744968788044968 -0.015866443157588051155 0.21639279725151461253 0.1873516307465872277 -0.44140070863974728566 -0.87753335028868950651 0.10943926707263354481 0.89716981134773254869 -0.42791281405070613619
6.6503993544140849181 2.2906472873901053688 -4.8424211484736536804 0.82601165386028985171 -0.0060116456876379157151 -0.56362097885293138688 -0.39495152033758734733 0.70724268963504410834 -0.58636257941741143362 0.4021418210906363977 0.70694528647853105419 0.58181639514192495799
6.3159292345777506839 -5.0129234508064692832 -7.0130299354517919852 0.92907324081375153302 -0.00043189031112094572462 -0.36989556184799199379 0.15260574374334859304 -0.91048039498476152076 0.38436562973933879883 -0.33694866104583504063 -0.41355200860248236827 -0.84583706232366040467
-5.0642635273725771228 -6.8259969060293252952 -7.4007256974994186649 0.98648341654341575868 0.0098591206503554785351 0.16356425839625612917 0.039615993550768079101 0.95422687769342406927 -0.29644837483505043219 -0.15900013188586500923 0.29892116624179093654 0.94093841160463020934
0.83093046103716239337 4.9927735336452983006 -6.8802197730830609856 0.97595422904831863331 0.0072993360635226749861 -0.21785330499157928852 0.1419048969246283487 -0.77991718039732627066 0.60958362178606206871 -0.16545797965498873494 -0.6258401644301604394 -0.76219928204797060545
-0.23744621559232412245 -1.4067727517478507693 -6.3402395746951993871 0.86199977397793881018 -0.0080675223048849928342 -0.50684445813847323059 -0.25677803650493136178 -0.86904675733694913831 -0.42287441815611437335 -0.43705998401883400239 0.494664177645890768 -0.75118967093764876797
-5.1345062346989767121 1.2293137381838716848 2.8387194281059873191 -0.83739602634685039728 0.005578348777173015513 0.54656818155052389052 -0.54631730382604670737 -0.040506625677447165301 -0.83659824098336599274 0.017472795962755055532 -0.99916369794990711473 0.036967635846750133977
5.0656269446106998444 0.25219371397535389479 -4.5056755733733417912 0.77672655394362832837 -0.0095728598595632950763 -0.62976521081511249722 0.21379426423033612292 -0.93651060640830707804 0.27792066613863336544 -0.592442295064437352 -0.35050855116367490849 -0.72536603351692097164
-0.67641374720266778109 4.5697262412711534552 0.46517867532919854323 -0.88610870780590744733 0.0086771414867957055023 0.46339622912398614751 -0.19065992900883688144 -0.91813388702884146664 -0.34738876919031080881 0.42244543957894947761 -0.39617530552118274123 0.81522081540774926633
0.47243332609336358141 5.7394096165723711422 -5.5147965660926896447 -0.95811709857537596946 -0.0029330210873330254256 0.28636169926264010144 -0.23699417957704843607 -0.55322573778419914525 -0.79860819047873876642 0.16076499701096108597 -0.83302621833918988337 0.52935992981681301295
-6.2940460220111029699 -0.95612762832710129768 3.5900592829625193048 -0.89200063660393302811 0.0026949730940742898377 -0.45202610700947049027 -0.4410491174804787029 -0.22430144406252475187 0.86900203576349444035 -0.099048171451100203155 0.97451608468589379086 0.20126564639964947268
3.7435390300234407945 0.47666841998039094497 0.98966890622844005954 0.95629017753326672757 0.011423828111443417449 -0.29219615415796829083 0.29074637240568307339 -0.14388046486783495626 0.94592016511041632221 -0.03123528911951077916 -0.98952913447801715829 -0.14091291187445051381
-4.0884598282934963009 3.8089937029100315868 1.0682375308729905594 0.97005825953444391185 -0.0093190935573176751638 0.24269348488205533254 0.14057061913361587613 0.83642355951094493616 -0.52975044136965177 -0.19805775457000862616 0.54800436457227508225 0.81268957312390177616
4.8577052058457628192 3.0076810477926456677 -2.4032351637755824392 -0.98454756711970226046 0.0028513714272152576416 -0.17509413970710796526 0.13052804126917752492 -0.65460828285782723945 -0.74461428031991694354 -0.11674124601535236512 -0.75596287322517841112 0.64412080837680740775
-4.2762057431561784071 6.7761201636003436377 -4.9225587228570129028 0.97203146033894427536 -0.002418719260499004476 -0.23483822071474158566 -0.23468908126436083261 -0.047092184515445195681 -0.97092912269273956571 -0.0087106398515211288375 0.99888761928201275087 -0.046342731886211879777
-0.7562449735984172472 4.7631807456277392987 -5.73908114662974711 0.99527839080426072638 0.0065842096639987419959 -0.09683786956152443115 0.0041302193299464339676 0.99391988607198156203 0.1100281843838470941 0.096973532916995841546 -0.10990863593738052495 0.98919979056818529983
-4.1562544080961023596 6.9392873312628422511 4.9731930098199361723 0.99715772220025000738 0.0069868024687317949878 -0.075017742219759458999 0.058040343429332834357 -0.70610348594732874616 0.70572599900221022473 -0.048039521137184855448 -0.70807418518423803633 -0.70450206009955373965
4.1468221418368962361 5.1040725657623244871 -3.4552537389674800039 0.97275227850034817756 0.0061064737479367249898 -0.23176651106401099933 -0.17921501711326293105 0.65400448332475069613 -0.73495585815223174464 0.14708834866666978258 0.75646602486124581155 0.63727872310081501439
4.4889468712904392333 0.21640922219161717877 -0.79159640283217003187 0.65397957496966296898 0.0095200316503711822358 -0.75645230154961318192 0.28819515826681718629 -0.92765657213829622041 0.23748017795205286773 -0.69946713023128148645 -0.37331307660718965336 -0.60941207779301631575
-6.0765964237669942705 -2.3261565511628932157 -1.7502367262075273491 0.83203706298190938107 0.0032867341028272327626 -0.55471030565815826474 -0.07902560022714778809 -0.98908083078197961413 -0.12439479365446635961 -0.54906218257420846829 0.14733739361939438006 -0.82269217336032718357
1.4020355966630311251 -4.1636736734167110185 -0.1178545297833173966 0.97214177516918875988 0.015689922118913610105 0.23386790142034935558 0.098766977850025972074 -0.93227389977971375501 -0.34800928130732805554 0.21256870197005436895 0.36141278634486967425 -0.90785205006604552391
0.3732220820292317387 3.5211571328361923605 3.9124342867357655429 0.98908748697471504663 0.00036243453033100862023 0.14732892367528438449 -0.14717989290938787716 0.047465220069320968044 0.98797020805639557128 -0.0066349252664773088195 -0.99887282550130729319 0.047000598312437281978
-3.4724850147226482555 5.1911134984206963594 -1.3051044433385856625 0.85364791857142718889 -0.008215327691211993591 -0.52078569441731104028 0.40988224794200045498 -0.60634670081192021396 0.68142513986239017232 -0.32137481846093618465 -0.79515796342958633414 -0.51423928209904745668
6.613920087930766023 -3.3450348696259402104 2.4709609843071085322 0.80513785415627214803 -0.0097738961030878913211 -0.59300717260383872809 0.1493297513149068334 0.97099290835427265467 0.18674420285010823184 0.57398054076492655007 -0.2389084403717251226 0.78324268010769182435
-0.12999855132017593129 -2.9075824024107590482 6.6588781282065312439 0.93105155429294950142 0.0025424681126515642771 -0.36487880056907778803 0.32780564827994451704 -0.44504841262207500696 0.83335188688719463723 -0.16026996039366248059 -0.89550290132334631199 -0.4151964517152705314
1.6597584288745947934 0.42518284142348272692 -6.2572146869965914462 0.69431473303724133839 0.0083046361638444907149 0.71962357139378307913 -0.70193803332766679937 0.22842381222773702754 0.67461511943888441412 -0.15877672642911555556 -0.97352637099637806539 0.16442735818257706026
5.0502030944922795541 2.3400757451663993791 -6.0858437422225151181 -0.78991394644551571336 -0.003934307715164985994 0.61320508676431251249 0.6130268855994633892 -0.030011151167406945744 0.78949184184373266682 0.0152968867110695253 0.99954182105022626459 0.026118063261605123371
-2.4312313459451964093 3.484125700882972243 -4.0596278663388387642 0.97652021051229587201 -0.011385075542810015395 0.21512475105378553453 0.06960827079897982661 0.96171129594267834584 -0.26507748280952531106 -0.20386997595876121814 0.27382798124210616653 0.9399230125874593611
-1.4834613675354613171 -4.1307746051291145406 -6.9625153444792386992 0.99901737010656921356 -0.0011987071411198087917 -0.044304145703917462151 0.036175481435747128267 -0.55546540025964674658 0.83075238408171936388 -0.025605248841871187937 -0.83153878575551043451 -0.55487621954467336582
