1125 14.717824617146108679 14.977075390850430381 15.033177056927090831
0.62180322793563325146 7.0673032832210171961 0.48674402572285713209 0.97583334524659071096 -0.0063841665901272206737 0.21842281181622469344 -0.023499678204207164606 0.99071010955485139249 0.13394492879596073265 -0.21724881456307590377 -0.13584079373585888906 0.96661793451606481398
0.25457717645416250152 4.7123864517143374542 -1.6003879662154099073 -0.99878206032807259618 -0.022323478939741420862 0.04400066198156141889 0.049339529685178067087 -0.45338178344519247664 0.88994975658767772053 8.2323953366407226669e-05 0.89103682344115842096 0.45393102173648303133
1.4607716225557869638 -6.8113385555855066045 -6.5746625486684937556 0.25543994403000830351 -0.0031021012169686534507 0.96681994805748361355 -0.051687840459866941922 -0.99860859177006966458 0.010452157267408052413 0.96544228317523272942 -0.052642733695970729546 -0.25524486370238891331
2.156812366333332065 0.32679055605097628856 -5.5338397321178085519 0.56518811100495014443 0.012601698039728586459 -0.82486580507689211128 -0.67754250312798591782 -0.56333722657129781108 -0.47285021477628974562 -0.47063633055022802143 0.82613096199416058418 -0.30985331691115597375
-2.8407570809595159567 -1.1352277712620251204 -1.1643076548985060725 0.56202836841274161905 -0.00079618212990970396725 -0.82711757277509512232 0.71406023540300422869 -0.50420456996789808635 0.48569098389792803028 -0.41742315857596212769 -0.86358387995468766096 -0.28280874980614434389
4.5327051031366272227 3.9793984371014077261 -1.2914504405624200878 0.58162377898674966215 -0.0034635540924947225833 -0.8134505415268071804 -0.2071978537282410382 -0.96763885733373744547 -0.14402809166377117389 -0.78662750341418119504 0.25231536927215508781 -0.56351940987111570625
0.42276061515815560599 -2.4650616306164399028 -0.84750071677080374144 0.99992571120554119002 0.0066384966836384893749 -0.010222643095904322685 0.010650667540806565275 -0.068009888564079010176 0.9976277954921592972 0.0059275079940928655786 -0.99766256089891058867 -0.068075540612621526781
-4.3372583476159185523 -5.1526250289802097981 -4.3646512701890900487 -0.96315884109207272612 0.0034568287007864890656 0.2689109465262326526 0.21303809245627261526 -0.60045588194495724821 0.77075774728531509794 0.1641335370632216184 0.799650413726499254 0.57759795518860668206
-3.5722832921869329681 5.7396866079555630691 -0.16705136103285325722 0.84283782856571898279 -0.0025940167567593264142 -0.53816137525438656475 -0.48118938136500982727 -0.45144376471232733339 -0.75143549727435188235 -0.24100036099601840345 0.89229580206310421531 -0.3817420956881094618
3.4545005024405806004 4.1756575408125895521 -1.5737668817416314848 -0.5863338021184018034 0.0019674328707209847583 0.81006715875981116781 -0.77453398456363731217 0.2915714449599927649 -0.56132272289649576269 -0.23729681677038069743 -0.95654703056979417664 -0.16943435029179929052
-6.1586196561415853523 7.0250751252880645481 -0.88273273152015019338 -0.93228242245016690326 -0.0059919244590030742992 0.36168160256187753543 -0.34246008062815441741 0.33661844393039974666 -0.87715968693397772249 -0.11649282367002651573 -0.94162206858550001609 -0.31587545328220340002
-4.6475904203754163646 6.8879550028492451119 2.805998111699489872 0.045504401086974503865 0.0090068852867029539772 0.99892353335932337899 0.47932501102466279486 0.87713331301979347021 -0.029743654736261757737 -0.87645700595511688569 0.48016250083512973523 0.035596200693005848603
3.2994124729935854212 4.4273345013545206683 1.834206734150862772 0.7690787732767663254 0.0049479114381630519975 -0.63913485170774597677 0.36828297970322493304 0.81385099830086893302 0.44945989746110320828 0.52238442487884717558 -0.58105255419559320718 0.62409329583553052601
-0.24716640881916782102 5.3775152045937542056 -6.3889536829926276695 0.94517027975969880593 -0.0031227680844637148265 0.32656299634006308308 -0.32308798385080800264 -0.15473786440890707761 0.93363287646134318631 0.047616141699419980982 -0.98795062712554204687 -0.14726255943727983855
6.7500919938698773493 -0.51370142966213561131 5.0126611521385022741 0.9992538794393478474 -0.017999452065267245587 -0.034171686389473272805 -0.037408358710050299001 -0.23096833545115982855 -0.97224186431025827471 0.0096072433075044521428 0.9727947613675964611 -0.23146933518664603024
3.3768650383845231211 3.4156794012143221195 -6.5560696540380511976 0.99240327853519205714 -0.002139162013703293716 -0.12300876691705497912 0.0028462676754888449615 0.99998042014240984265 0.005572978745226130938 0.12299443691845232673 -0.0058807582550694792456 0.99238993604794278891
-1.9374125129917338928 -1.439017465942006968 -7.3231480564680051515 0.73817342892438864155 0.0013355996770825961841 0.67460966862587845583 -0.28793215167085273176 0.90496230515678777184 0.31327033418364030881 -0.61007791704357594575 -0.42548965019002471522 0.66840368993371324091
-5.7024761865300375163 -2.9841444808298995817 -4.8749404878919673223 -0.74708391284120423403 -0.0036729370282001169712 -0.66471959254066770306 0.04932970978569536924 0.99692106185096152071 -0.06095060434947328909 0.66289682976040009699 -0.078325640576394045533 -0.74460250276377448753
-1.2638667335057871544 -3.5426628942805105105 -4.470208234392504032 -0.95950958221644244706 0.0015453517633597037197 0.28167174782483306306 -0.17519643903510176419 0.77974826910471750629 -0.6010813959670417983 -0.22056194001727136289 -0.62609124631815871176 -0.74790519579669634265
4.6656229358926939454 -7.4412747777331009758 -0.26942128748022747819 0.98855316415177640899 -0.0034746690959240570003 -0.15083291524091207991 0.078670066278726455411 -0.8411947886297236332 0.53497882972483767894 -0.12873873666119065029 -0.54072105031777439876 -0.83129241752006133304
4.2211011271987688431 -6.8889020525200850287 3.9989312874141336174 -0.94243815897205773791 -0.0034607392982712557872 0.33436258731631435248 0.039726012154758426342 0.99170563103484732359 0.12223659571518610822 -0.33201228963942946981 0.12848332443265533809 -0.93448374778328191503
4.4184387240391371776 6.3986849316340821403 -1.8077179334014876755 -0.99901725349775361007 0.0027367528943443679423 0.04423841539995730654 0.013734194529480157551 0.9680801068135488352 0.2502644175518061731 -0.042141418036566027916 0.25062605007366267618 -0.96716631657141749479
3.4540491909740129728 -1.3412813400331775604 -6.6372125648112527685 0.99999062942566085965 -0.0035691646299709973468 0.0024499234360996621426 -0.0020458853594876860379 -0.88836341478342739642 -0.45913642594274989284 0.00381515584142879359 0.45912711130820582639 -0.88836239240958836394
-4.8932183382651803782 6.7443846492298922257 -6.4113660711007920412 -0.91527804329525708216 0.00072671683699205300369 -0.40282201447331161814 0.40188666234293390911 -0.066483594630514133983 -0.9132727096961960056 -0.027444746173402961159 -0.99778725364062537118 0.060558916600570340816
4.5887972629427933313 -5.012288917031589186 -0.51038153958148158029 -0.98179857269527692765 0.0028803062478001207128 -0.18990330826351214943 -0.18973748094659367847 -0.059313602951502369942 0.98004162402877137428 -0.0084410294127424626703 0.99823524298681354239 0.058780512770950296697
4.5193398872072938488 2.6502935153002527002 -4.3961199104502339807 -0.9428323968955334422 -0.0027306436755723693596 -0.33325608013836055532 0.32005612546229966764 -0.28617672237997415774 -0.90314282376704579924 -0.092903971487330469503 -0.95817296306715948884 0.27069064433203948727
7.1466390357126403643 -6.8180907919017661456 2.2034230499020868166 0.99638723632359504911 -0.0037028858545791482754 0.084845529805289046643 0.017113239742894286594 0.98730980371300003373 -0.15788124815125173517 -0.083184207137483104355 0.15876284240536889247 0.98380625509003483131
2.1331662218732314606 -0.49268097454337783647 -6.575560278549730242 -0.86132515761587191694 0.0079498875272077714621 0.50799190165412122511 0.32307048093401674604 -0.76310830821856601158 0.55972419482889701481 0.3921025850551860259 0.6462217183104850271 0.65471600986762545915
-2.1360045804347049803 4.6692551646387387976 5.3637558335532684595 0.9993629638675497473 0.0027833760266189923327 0.03557975924460598377 0.035544479581063125051 -0.16709014570292629598 -0.98530070190790242091 0.0032025648035679931541 0.98593769378542361892 -0.16708263689503219385
-5.0376780201591042641 5.1899082969409047195 -0.28383946749202543236 -0.91817919240757550625 0.008952226369455289906 0.39606417191253256993 -0.15197475570195012606 -0.931216858450005458 -0.33126852577279786161 0.36585604308118752082 -0.36435562323289077957 0.85638445546353059168
-0.11095079275120002527 -6.0373114261869549324 -2.6842891937574346883 0.96214173054575935495 0.0025998342049292355593 -0.27253721067851843785 -0.17584967043163221567 -0.7580553610080732474 -0.62803579759117733605 -0.20823108257750305716 0.65218502781725851136 -0.72889951690168441889
-6.8277150151901153663 -4.1264290199100521761 1.042063028724169893 0.9994833828791329644 -0.0037814030938784744598 0.031916584079434748289 0.026606543051477481859 0.65442039960810993726 -0.75566264459988208291 -0.018029398645131457235 0.75612144630838651338 0.6541829248895972837
-3.7453411952145962971 -7.3605682530716096679 -6.1044084964453588782 0.65915559657849698283 0.0075285279785259496405 0.75196889614250239653 -0.44037788804488403605 -0.80669244479460477937 0.3940997528956411422 0.60957461825468395311 -0.59092353209007575376 -0.52842044245275110459
4.1565331578371038646 -1.8596965790499182525 -2.3099933591169232727 0.78957419461705491415 0.003652063830921532632 -0.61364424027663033723 0.3207540798866384546 -0.85496118571894652582 0.40762506197508391326 -0.52315333453103962658 -0.51867912368237412135 -0.67622670401665152529
5.2414746931543625408 -1.8219695337634549404 -4.6859650871779932046 0.97031779352728297905 -0.0075705834121623707261 0.24171484404400447876 0.15714007892171460989 -0.74000639551880742495 -0.65398587919598971663 0.18382158513327997995 0.67255722496909375874 -0.71685173082100528408
-5.2487738505202177208 6.5014845310891242747 -4.0332549710523926123 -0.9857847897043511276 0.012139385021355914365 -0.16757381573099733307 -0.10525982867722027958 -0.82200833859639921286 0.55966298764948396727 -0.13095310937200146939 0.56934605172004737472 0.81160110678614327817
2.0863560009764707814 -6.0391129213047545221 -4.9038243333046631633 0.7107921263264791456 -0.0081743835160341896812 0.70335462791285530137 -0.69868035105931858286 -0.12387102129318830479 0.70462879385336185667 0.081365350093484958838 -0.99226465700326194064 -0.093757827759902698239
0.95373478227153285491 -4.9403324756333377721 -4.3043292924666340937 -0.98985416799499525986 0.002310205354449606889 0.14206825491325170141 -0.060474705018190716421 -0.91163357017906765378 -0.40653049550497999398 0.12857502150821947806 -0.41099744120097331246 0.90252399811329231394
-7.2777909790532309131 7.4885348057786389475 -2.1131388069075738301 -0.99216672374226932973 0.0085876985195397874395 -0.1246252130696438587 -0.022669073145741923392 -0.99344775136980900676 0.1120164203190538027 -0.12284667444108129941 0.11396410282424196403 0.98586047585149438888
3.7705675654775139272 -1.5584726456825568341 -0.66568099323818075153 0.55428741664600689187 0.0023238662598380676813 -0.83232208873346646971 -0.70214055273037134786 0.53829270433535225671 -0.46608970024103496543 0.44694977789397904999 0.84275474730493193931 0.30000055322554619597
1.7593697649366979441 -0.7228175368166455117 -5.1287105718559828915 -0.56555865107437741646 -0.0031028198511360658568 0.82470224002604464175 -0.28934575615820162797 0.9371729769894244777 -0.19489957566370127995 -0.77228391514272276552 -0.34885123435302334283 -0.53092407244552353163
0.92299318420732134882 -6.6835447287289753149 -4.5370919054250729019 0.95511883026433597177 -0.0029299626425828631526 0.29620843234679999911 0.29444882504629515951 0.11866586416938136594 -0.94827121759007360069 -0.032371430356161245978 0.99292992099133725592 0.11420272543531533038
5.0782084348720797351 -3.6945330223801473579 1.4968893440198201006 -0.78347980593371358005 0.021884867219186671106 0.62103175947848887617 0.08350759915894413743 0.99402275472656320687 0.070322428630167868602 -0.61578070331639722657 0.10695707397142671657 -0.7806243076863160768
3.7820240457096558906 5.8936014862285626137 -1.0042461152573007865 0.99676150241107930317 -0.013598212561064476275 0.07925651977216334465 -0.070625773454891668801 -0.61931352102362713374 0.78196084480057492794 0.038451364542144816916 -0.78502601950029604616 -0.61826825995870549058
3.2090533807700714064 -4.704843274951736376 5.1515287433668586203 0.99793386493358759992 0.00075593843260010704782 -0.064245075887208083487 0.05614874212607046805 -0.49630273466838664698 0.86633187308228065682 -0.031230113293591602736 -0.86814919461904271891 -0.49531975117693549659
2.9482617288986783244 0.81591825812889795522 -4.8833208182425069666 -0.79873358170853903104 -0.0023822091553857569282 0.60168013971767198012 -0.29350224139388308986 0.87449083866401355891 -0.38616344646988431943 -0.52524384789157918529 -0.48503618233311013297 -0.69918438346392142169
-2.6088106705550617725 -5.0147558246101295865 1.3045624903768440195 -0.7825851731249903187 -0.003933243956285600515 0.62253110476250483885 -0.48738309891053982481 -0.61827682569781994282 -0.61659669290498719807 0.38732178056659305465 -0.7859505686727673579 0.48193728004972807843
1.2631680413065953239 -7.2370459716201125389 -0.44012758675207697134 -0.98380255193112575718 -0.0047584333479619555368 0.17919234393772071057 -0.1657807965416653595 -0.35609527644427374504 -0.91962649026221510162 0.068185528610186812992 -0.93443753745560698132 0.34953858482580274503
0.46370172970462797402 -2.6077661693322733427 3.65316238648672309 0.97607909618020693987 -0.0043620510093464459622 0.21737196348888748743 -0.21294122808197446517 -0.22097419638718027168 0.95174914652656816827 0.043882016623783298703 -0.97526989958783671941 -0.21661715438758016861
-4.6945792030217399216 -0.33766430690156173933 1.6845094349193323602 0.43396592636415537436 -0.0088226433829960964478 0.90088608365246181098 0.8621627822330573121 0.29423806621149906082 -0.41243096067622131429 -0.26143624784461472199 0.95569143626788477519 0.13529584974084146731
5.5120429376756607809 -4.4285826375746628614 3.4785473491700247273 -0.99949267767417615538 0.016005142647778775045 -0.027535843627777514819 0.029701961662155981769 0.15631473450148530846 -0.98726060250126834728 -0.011496988687593294454 -0.98757761172808544714 -0.15671081668012906696
-2.0796627566576879609 -4.6110679624030002088 7.4354245407879693275 -0.98615243215037506896 -0.0096410096410172591019 0.1655609600636709644 0.0039104933232349484845 0.99667942600328218727 0.081331604090292969333 -0.16579532142395783656 0.080852784213258283019 -0.98284013892340649221
-1.4186226596060349525 -4.6614996523575937815 -1.6908332660025227057 -0.60082553528845761281 0.008868482789965876148 -0.79933098661218326964 -0.77990053225284516891 0.21289852952434559774 0.58858251411177964219 0.17539622554981165736 0.97703406600766584678 -0.12099833851539128216
4.8463431093058089161 -5.0807855206593570685 4.2098470399741696468 -0.99978172462677961096 0.0073064704290048253926 0.019573415441069809406 -0.020571600695669253756 -0.50787433350048860614 -0.86118550302267327101 0.0036486089096586619973 -0.8614001839223298651 0.50791378283286958695
-0.72137173727658820965 -1.8381059163044775051 -3.3977400309489382835 -0.82352070405368715811 -0.0024796620030247138247 0.56728079578933676697 0.51390745750042576834 -0.42673775231534555319 0.74417337756358703516 0.24023483327876754556 0.90437201528198696288 0.35270169102839754594
-1.1195849070045851281 -3.2891256359761231742 2.0619509346510676018 0.85240544904454984554 -0.0075704294929238372114 -0.52282658600757658807 0.22845397889969376592 0.90480132121984802041 0.35936520232713997647 0.47033363686214929578 -0.42576667050865213415 0.77298707125022891873
5.3293871291507484145 6.2819984354798839021 3.4572465534622724981 0.99992075235922184273 -0.012256352630693407094 -0.0028759036080318080286 -0.00089084292798510822387 0.15898305618738389766 -0.98728090949035396395 0.012557682917181432064 0.98720523178594621339 0.15895953867021417327
7.0671458922880603382 -5.9163734547682000908 -4.811743043350968918 -0.97941089628045041593 0.00086911713634834188505 -0.20187506255748086104 0.0063580846878868359923 -0.99936185185418136001 -0.035149165249557842716 -0.20177678510244845267 -0.035709014184687297433 0.97878036111256272456
-3.5428628754940532097 1.6031098283799545268 5.9901609023436712675 0.52939882901794343972 0.010472178317278365428 -0.84830844232254354331 -0.72775374886721011514 0.51951215983241227914 -0.44775171333677649121 0.4360176152911951486 0.85439888182724732513 0.28265029610510739033
4.0883163317202244613 -1.0315785742546386139 -3.2378009505558176251 0.85945692357382030835 0.010606034946977089053 -0.51109813983584884145 0.21395186047850717204 0.90054845192595533998 0.37846675829115294931 0.46428267027615655049 -0.43462627366085448966 0.7717134211122927967
0.48585934037286521159 -3.2227995876802437714 6.3055666516518069642 0.99782756316512677408 -0.00090221413272602367199 0.065873668468676510601 0.018738085264214127817 0.96249418073940828933 -0.27065445904943868927 -0.063158834287037668442 0.2713008257495352904 0.96042012869320136925
-3.4096697077825890432 -0.85184409252622639297 2.5871711544536726279 -0.47643709537655271058 0.0034915151880875665118 -0.87920162845093663417 0.27553383566548828032 0.9502104619172644373 -0.14553756719970434297 0.83491843886251171369 -0.31158929279523206457 -0.45367754304435392587
-2.7633910252435431865 -6.56568983496230274 4.4621975174250252394 0.99995106222154395148 -0.0093013321078065855363 0.0033702200356966714734 -0.0029747610328733180285 -0.60759003268602895798 -0.79424524107955041252 0.0094352508639717475036 0.79419634688261453448 -0.60758796781984647506
-3.9172320391317043686 3.3554931374246086406 2.9920196847609163981 -0.88626270480253155348 -0.0073080490915875522678 0.46312526436665674145 -0.31205846307409013107 -0.72946813211227301554 -0.60868362870746650639 0.3422834113713530968 -0.68397575735632698546 0.6442198612653770029
4.8552240847396568313 1.3332428219996421692 -4.8439531519056364672 0.99996078442362978933 -0.0086770874110512780791 0.0017713748844260036094 0.0029510834151201623815 0.51506814426483737979 0.8571441523281098096 -0.0083498935081946900477 -0.85710531145108381779 0.51507355237936536252
-6.0030592888751046488 -0.51538859598554320751 6.2959673081556459806 0.9542245027393659873 0.0041233365740837805286 0.29906286373836998838 0.22682177668591887998 0.64178623446949467635 -0.73257239291876952159 -0.19495507172917575511 0.7668724974473311029 0.61147288792396214951
7.2850614214662217094 -1.5869171536978656789 3.0533948987966530453 -0.9919824497665006291 0.0024773648504374150628 0.12635142270166427325 -0.056255511007786418443 -0.90394273335673336334 -0.42393732118408322673 0.11316420298217887142 -0.42764634626627534564 0.89683469250944036766
-6.9224890737301647547 4.6940971593012328356 -3.470119022335691028 0.98807782335785598882 0.015725964980828305989 0.15314995597080130474 0.15150194076418044276 -0.27619997572636528771 -0.94908415609655771839 0.027374749919007838883 0.96097152269677454939 -0.27528958504216988201
3.849819254841615912 5.9698763176455811319 -3.0841420844184672667 0.86631336235271871882 0.0068721937645062434324 0.49945363264469855302 -0.47322112477946998155 -0.3087656407013257831 0.82506093483133613464 0.15988409949580545399 -0.9511133224148416998 -0.26423573311192971591
-7.3392723446779015717 -6.8483966667222038183 -5.15475486388079851 0.91759592503694509258 -0.0075219195659148689603 0.39744325265576396777 -0.13824112890528536535 -0.94345256474579763939 0.30130822815453078833 0.37270243980224304625 -0.33142220625760743236 -0.8667480675287099201
2.2983437220860478689 -5.8691399807941957434 -7.0970603281065338663 0.85351182153554094878 0.0010279925742608881159 0.52107246495117898188 0.36411109991627665927 -0.71652053981028740459 -0.59499699406617734265 0.37274747137547548093 0.69756523656306690384 -0.61193305460799729545
-3.7432199396871266295 -0.3726230574886160718 -5.7742456270851976186 0.90018084895203842599 -0.0071627795061699134696 0.43545738456212745859 0.013673418992891022555 0.99983665376759522925 -0.011819619109689146613 -0.43530159291344477923 0.016593986037076371293 0.90013174748726576535
-3.0162110450533163863 0.24558203021183094839 -0.83129515978681456367 -0.63237001676721660282 -0.0015043784692754681026 0.77466502356770394755 0.20119913821174598145 0.9653622352023953912 0.16611640986905762407 -0.74808226063488658664 0.26090897203883095523 -0.61016345320989318068
0.0068352472562649216337 -4.0022277369751764198 -1.5651353971193151526 0.3835827726176246899 -0.0054664634208789007058 -0.92349032172978384736 -0.81079378575523020078 0.47674805044258022901 -0.33959495487990998264 0.44212859388602426813 0.87902298842339632312 0.17844016445713173358
5.2166537549922376016 -6.5250054044587875168 -6.5071150219225506461 0.59077610665123092559 -0.0021800141258927485666 0.80683259685539487904 0.079542768373208477817 -0.99496752577771563342 -0.060930867771612974571 0.80290506276251139006 0.10017419920456634153 -0.58762963676469270879
-4.4307212619746483284 2.1785437921191332933 -2.1133506485841797584 0.99726405474056656342 -0.011939434432936666189 0.07295104541921465513 0.027394141193219503222 -0.85691325442289989489 -0.51473219777116463458 0.068658329069515314225 0.51532234989326186625 -0.85424171611420940398
3.0061048710623086144 -2.3096727015314257869 -5.5251525089973929639 -0.92789635334770836916 0.0025750066154259405871 0.37282935343799322725 -0.33015300202956704423 0.4589292678955061433 -0.82485327320676926632 -0.17322630485852072435 -0.88846907453769508045 -0.42498864796038321456
-1.1573538165412917689 -7.3369428941756398288 -5.2114082728861541582 0.97487819301697664631 -0.00043776765017034501015 0.2227382255911429243 0.18776496904011599764 0.5395538468105559593 -0.82074719785886107726 -0.11981996987721404979 0.84195098120467093405 0.52608147664331161852
0.191615122311697611 -0.5395840717446431789 -4.747123503721184079 0.67497438984080670998 0.004157714864571325844 -0.73782944266691152801 0.71988429454254032613 -0.22298297179283294023 0.65730145044833632184 -0.16179052979105618126 -0.97481347328474976521 -0.1535008689629727141
-4.2585264402994367217 2.5717563576330957353 2.0761339579848376857 0.79320192810543821427 0.0057135956501561053003 -0.60893189773118827635 0.40689013060982232028 -0.74894537948972972341 0.52299258135588744256 -0.45306856309181753328 -0.66260710331668914996 -0.59638972473726858947
5.335252323010328368 -0.85001393093861010719 1.7467393032209583836 -0.97538195282461814806 0.0081568618545151405641 0.22037130418606862281 -0.057484120443476359463 0.9553619558872687989 -0.28979149252547325988 -0.21289814935975939769 -0.29532524248360325636 -0.93137392015838071924
4.5125251007397997327 -2.3399653068789612043 6.7096669971412108424 0.97550465761900240214 0.00063310366578845072433 0.21997786739442584669 -0.01735546071823756975 -0.99665721572216281476 0.079832213624784556516 0.21929307090496330535 -0.08169451345541627052 -0.97223276818065929028
3.3777580002441598417 6.8682293424178642027 -2.5421111054327201195 -0.99848214284034308985 -0.0099872361430036575569 0.054163322861274440512 -0.031062781846725426999 0.91420473002725044509 -0.40406041030996792118 -0.045480919219965311451 -0.40512956780532344281 -0.91312732916981165232
3.7944290564849363356 0.31776399829090995475 3.1257693824250778469 -0.97509762554593459871 -0.0044131485858314245876 0.22173214646106653714 0.074569670985797947838 -0.94811459052159108296 0.30906000616246337431 0.20886355551827850974 0.31789817136880410553 0.92483337300114154544
-4.1064319154429478331 3.9881755051645253474 -6.0938413420434223156 -0.65619267307200102035 -0.0063531662454345064206 0.75456663926071532167 -0.25925361418336478891 -0.93719666584352778749 -0.23334518007566054654 0.70865981919355947038 -0.34874352583284362606 0.61333450404344580509
1.1481988179290179009 -0.074418236433223608484 3.3547082180496472503 0.97011554332346683349 -0.0098461321507084167276 -0.24244357340177424831 0.037221326531971160589 0.99338909264825525636 0.10859412257905891319 0.23977156931827728337 -0.11437291763870706396 0.96406868544603530058
5.1711361876218537859 -2.9019425612814231386 5.9657315057107069833 -0.8727063871889403357 0.0040169053718317818125 -0.48822886665064757494 0.48241557679310420603 0.16116074680029363053 -0.86098921303243514114 0.075224816563923033175 -0.98691999582640255184 -0.14258383081859576924
-3.0959965928576056449 5.809134105774347745 -4.3141803351161849278 0.99051609279147712073 0.012031504737294420118 0.13686896220420127768 -0.13718151833279243479 0.030863515937071352158 0.99006498494389671983 0.007687714160313392775 -0.99945119254412551069 0.032221309303471161456
-0.16035964837270580419 -6.4799612288586381226 -5.7320548070279331299 -0.99583593319625185458 -0.0045289470999147780211 -0.091050990073334364672 -0.029219378118761289709 0.96193018998898061067 0.27172879407605338153 0.086354050845981689122 0.27325775053210527021 -0.95805698143512896259
4.9850066431731123728 -2.3494298974412166636 3.3999642614841740773 0.96404540644191671905 -0.00012615607363473772817 -0.26573753668416799645 -0.24099876264290873151 -0.42174989898595033333 -0.87409760273653269724 -0.1119645065318408822 0.90671219622880872002 -0.40661645624242798158
-2.3617865892076110867 -5.1127019103621798024 5.5215863363608690406 0.98289548498594936365 -0.0028842818310459827219 0.18414164795793874774 -0.10216232328815801067 0.823385772620893297 0.5582102911502095921 -0.15322964887613776952 -0.56747471341367816677 0.80900749337775168524
6.1115102341448723777 3.6710014640606329905 -3.3005780579859314017 0.55844535572753062347 0.0031135246815096953577 0.82953546677061351655 -0.43856384575112272728 0.84992190415367552259 0.29205223854621453761 -0.70413105162769973333 -0.52689948073984727017 0.47600041946392668279
1.631249594733552355 -0.75435430682208592934 -1.6507926325627455544 0.74890264108542881072 -0.0035303156325683631572 -0.6626706354190665671 -0.073926244583975134206 -0.99418906626946146332 -0.078249670108289454129 -0.65854365423784277933 0.10759013608079154301 -0.7448118004443397
2.5128413042049118076 3.7998370423874598956 -3.5945110960839325998 -0.90708907381696879391 -0.004877554989364603355 0.4209104674619005837 0.27804275033252306981 -0.7576917143730442783 0.59041976165933962584 0.31604056883453590654 0.65259441878367707712 0.68865004423361708685
-0.93121050024341567308 1.4475351030625032145 5.2401956049588109821 -0.97501753149797476539 0.0040635693226913922188 0.22209074874025977464 -0.17019381992430021588 -0.65616433355958192486 -0.73517510228775762027 0.14274059314441650548 -0.75460708634935425021 0.6404633231498750856
0.61607151324352160682 6.6089910051279989744 -2.1304508301485038935 -0.98853940387530414569 0.0075532112300183504999 -0.15077398975311531726 -0.0025387547305332595904 -0.9994380735146893846 -0.033422925273368590815 -0.15094171626945923625 -0.03265710044575544091 0.98800309315311540814
-1.9048831914665982357 -7.3972958211620678526 -2.4496890274418468003 0.94265046895609727606 0.0076067612711308157936 0.33369481650135307538 0.043241165966916232655 0.98853238605583526599 -0.14468560151046264139 -0.33096872200064181291 0.15081730305765583822 0.93151159206725797635
1.549294333378678612 -5.9812911460503483951 -3.6888278155938585279 -0.97248776498041811234 0.0069702644961782281655 -0.23284965616544103795 -0.21484507045277678738 0.35955128239025513359 0.90805532377370523633 0.090050778262235231519 0.93309929307895722594 -0.34816169604079610922
-7.1529926968190666869 1.3075035079948686967 1.7811052441299866089 0.99996588565237354285 0.0015619117364398475006 0.0081109779420794683724 -0.002950114173822317859 -0.84965965517474373314 0.52732320942154564669 0.0077152030311101061494 -0.52732914844528644416 -0.84962606177195720836
5.1109540183407995428 -7.3670268019296267781 7.3880122514160087022 -0.56785256647775428362 0.0053593358358446580372 -0.82311283568170090508 -0.53619010842087810875 0.75630684608934217739 0.37483345927215044879 0.62453473112085733376 0.65419510245622891631 -0.42659716073368458833
-2.4222823998050651007 3.8781110778820595542 -5.9282762372558099884 0.90053770775311925423 0.007055400086492021744 -0.43472066691649841053 -0.38724600776813106195 -0.44156391933486383028 -0.80935890345958683145 -0.19766731237696416601 0.89720205442886491465 -0.39491278422763498313
4.8963574588508311791 -1.4263091910773439963 3.9342605664881000749 0.99820684316080954268 0.0063278199304799892175 -0.059523583240680494333 0.059589457481837165842 -0.19930653324004507509 0.97812371526551800116 -0.0056740482817737390026 -0.97991676406858141402 -0.19932621672358408205
5.9232720249244490418 6.2566715252898079669 -4.4971598926178639744 -0.99764105282970150235 0.018222031818375998558 -0.06618373867691249024 -0.020108272445476946949 -0.99940714723961121546 0.027946581646491244072 -0.065635257964748588977 0.029211497785546707007 0.99741601215796016344
5.8588550354245407803 7.1478632906530679136 3.9281616690976077777 0.89896591831187322441 0.0019858228456911403148 -0.43801407993501501048 0.42906175383173755788 0.19719931304469578981 0.88148649583161753363 0.088126551688661736161 -0.98036140654467351929 0.17642342090872947802
-3.7156570706382563429 -6.7235023882222897385 5.4185587690742496036 0.92298518753747449406 -0.0039497768635501345064 0.38481520610431263485 -0.37433032087099332719 -0.2412591652286592836 0.89536072399323618498 0.08930372031983570269 -0.97045268532576212106 -0.22415715710446432185
0.17533174023016581677 -0.28310807712153657212 -3.3905916875934281052 0.82644579178828503352 -0.014012267008834946788 -0.56284190463102323765 -0.51026744754801844906 0.40384064999011537456 -0.75930222006029013393 0.23793798605578350691 0.91472202651347322977 0.32660240201648754743
3.5274477832595967364 5.2442734789001921314 0.71957428944516821367 0.9503690832805966604 0.00014224578794771037919 -0.31112471022160520517 -0.19634434491686011959 0.77599255523875310114 -0.59940341376506123261 0.24134519627186040713 0.6307420502711500454 0.73750726251088971619
0.12113870383921694629 -2.4071451646243491318 1.6894953161467127778 -0.1478798715575941336 -0.0078517543801779610124 -0.98897416222116274476 -0.76014931577553401798 -0.63880736589647635348 0.11873570230695056071 -0.6326962630788192099 0.76932665313863568546 0.088498245499056882313
-6.0713449787918625233 -2.4899629361313593279 -7.2803713325440062576 0.97199919625775732523 0.0036241927383299133054 -0.23495622507444138827 -0.11413453374469779977 -0.86673373028221700753 -0.4855367637964171923 -0.20540416422537169372 0.4987579633629363185 -0.84205084365548032999
-1.6415884606903154985 5.3892590140788936282 0.48836581191295258542 -0.99707356102476751847 -0.0046848936833062525958 -0.07630442763431970199 -0.074378607141784028323 0.2901172521071911925 0.95409632785662601417 0.017667391009255226098 0.95697964022278203533 -0.2896166975400378818
-1.7604872208318633753 -1.0399482922528364703 5.4484157307713552143 -0.99441255908024783761 -0.010071722151936109493 -0.10508198112067526631 -0.089365745926513265318 -0.44954890470607011821 0.88877418151771159227 -0.056190976129194609989 0.8931989379139212426 0.44613700979768944332
1.5678085104522665461 -4.1067172613069162779 7.1963577006424452875 0.80514923532704152365 -0.0073016114907688061883 -0.59302731414499532114 -0.18501830053509271679 -0.95311369637957099599 -0.2394629621481218773 -0.5634739899227546589 0.3025243266967271305 -0.76874969556889516387
-5.0996533498409259977 5.1056549937483577395 7.0593791159798424673 -0.99899801362741791344 0.0066601943024946781008 -0.044256192564003010714 -0.028600632874099460312 0.66558953994751957062 0.74576978224620549263 0.034423430503147334214 0.74628828620328058197 -0.6647321425266196071
0.34442275912146042005 5.3160826401896299487 3.071389636266647738 0.84788350863491868115 0.0071227303274193666527 0.53013472108278769657 -0.422290193964075522 -0.59551168206017957019 0.68340092816133257703 0.32056909998736177192 -0.80331507096702725601 -0.50191667524674621337
-1.4107047833280077498 -5.8175108111791571375 7.3692964290740539113 0.99089887059664327751 -0.010321049374136241628 -0.13421216111181308306 -0.11977327350541219775 0.38742269343129431824 -0.91408862785193401024 0.061431190809560304311 0.92184441884424217495 0.38266052349501894492
-0.49078504198598232877 -1.7316824605248768432 -0.32542763543487712719 -0.97664977694302612665 0.0036832229585810252054 -0.21480606850278421982 -0.19824936268374415693 -0.40070512577631828277 0.89450130931821703051 -0.082779244937962848105 0.91619967040230376742 0.39207876831358695613
1.225483231771279824 -6.4836638127503363194 -1.2765635239241091003 0.94177743597172136614 0.002785101361344829822 -0.33622537724720846786 -0.16785198484224125859 -0.8625584907457981565 -0.47730342679138931805 -0.29134339237243889187 0.50594969438940473605 -0.81187063899867339956
-4.3122191177016855335 -3.7093447304985778246 -6.025297409258932646 0.85228428521668164741 -0.0028543355726653812064 -0.52307107542002651002 -0.19547516032889816762 0.92579737529271843854 -0.32355630359414877528 0.48518136698251262962 0.37800935526731072045 0.78848460255319507972
-6.4552421687074099665 0.36685666262565580498 -2.5594978306357010212 -0.84390740952378906492 -0.0077740432829658829422 -0.53643251989595397422 0.2394555240946979191 0.88931219782643966543 -0.38959577356240343571 0.4800847176607832556 -0.4572344902215500495 -0.74863561551684454365
2.1302833245859091882 4.5110632235654746225 0.43815634518667473385 -0.87234532891617022621 -0.0029326511330316816853 0.48888140348706388139 0.24138143258359096022 -0.87218129033669555827 0.42548184542999217816 0.42514542349895056983 0.48917399393667759799 0.7615511621250301566
3.7951821453485585778 -6.7329763933891619843 -1.0726992520760063599 -0.99107548216419205644 -0.012579555319607551439 0.13270698339207337435 0.060334995436356522736 0.84539245693446118946 0.53072712582265535453 -0.11886579398106812688 0.53399751735959011256 -0.83708874946147460161
5.087698564297602033 6.7821741835911559804 6.27875132948129977 0.99846470041918322647 -0.0018130022980722068637 0.055362036083698065725 -0.030123138906995413494 0.82097983577878430594 0.57016199956414925776 -0.046484820307905322379 -0.57095430838841654264 0.81966477246107516397
3.2626864483211490686 -3.6395927352208765626 -3.8635585806535406306 -0.8395924453678687005 0.0066817749731488918982 0.54317573543415265114 -0.54261047815119323179 -0.057547862081117721889 -0.83801080695320728786 0.025659202671483898744 -0.99832038817861834534 0.051942351363550326449
3.3150198797714778287 1.9408163035969714372 4.6358549252144678476 0.98565759653301265875 0.003642662137258764754 0.16871820710664559018 0.1508330669162790405 0.42937391666143553959 -0.89044226405511883726 -0.075686777718204645282 0.9031194664624605517 0.42266622880858079059
-6.9969737336353095003 2.8153893758995360841 -3.2451214233699610112 -0.99649595766495469018 0.0081664621768019560882 0.083241307371209868893 0.065825504967350734198 0.69057519823359703182 0.72025891072610181975 -0.051602415187190317503 0.72321449410260674195 -0.6886929550000022715
-6.2064106301383370479 -6.9720048107621552802 -5.8033525904104008575 -0.86052673660957990087 0.0081944499044087244777 -0.50933936287206760252 0.46135561569878635879 0.43645479329499092813 -0.77243654061231625807 0.21597391380290228979 -0.89968887088854243572 -0.37936157443266005362
7.2132935911204043578 6.0634269065135768528 6.8666828591753263922 0.9791419006546752124 0.0065475966440603000293 0.2030720743001957207 0.1379806205789849971 0.71222356692329635841 -0.68825790156277522058 -0.14913915222712695319 0.7019221607110711636 0.69646449556011047477
-0.17947953105128788831 1.1622899774589829924 3.81481813399255687 0.91281627590517167015 0.0010009853289515554739 0.40836925015358421787 -0.38273215794309112248 0.35084003324536455759 0.854650435177110257 -0.1424167887533051291 -0.93643487178809736715 0.32063560186058226442
2.7156253389849678292 -3.7401764640764345593 -2.09772775386115784 -0.77474945198072731056 0.015558354135025565315 0.632076913256866324 0.54184942404734204313 0.53151043918478524386 0.651072848993968889 -0.32582585581133488573 0.84690884435940505526 -0.42021770670756997124
4.2445405073808091245 -3.4972866382763037052 -6.0354399294938376741 0.64238662688793113364 -0.016469353286019058208 -0.76620374705288807338 0.32883981076716578551 -0.89713381220672938632 0.29498356199974007374 -0.6922454770167603133 -0.441451790570275171 -0.57089098447252062396
5.9894787310336994324 2.0259174472534655642 0.8888062624457502281 0.99891962978885395774 -0.0026490451024530764501 0.046395644001298592951 -0.022781114526116825331 -0.89809579792798344133 0.43920947003108479212 0.040504247224163139607 -0.43979190568275888795 -0.89718587018113282738
-7.1211654153825136859 -1.2379281721312360709 -4.3012977953057172087 -0.78039394108751858337 0.0051327553085590586421 -0.62526710415379360697 -0.28003405278382598187 -0.89694848330804222147 0.34214667552512728621 -0.55907622556807268221 0.44210527379167335882 0.70141050811221017369
-5.1070520602818447742 -7.0225553025390317075 -6.3888958922079686076 -0.47627940155219228302 0.0017919171004743359582 -0.8792921702654690197 0.24400796932529264516 0.96099171498298641136 -0.13021149964541220423 0.84475916246157922718 -0.27657135203642541077 -0.45813780096156692112
0.71948369937477096858 5.1773307576601403923 -7.1970541500523808054 -0.91893440347517729716 -0.015869955329198246613 -0.39409098775239481682 -0.3861145837930074487 -0.16765803360146416812 0.90708671688613629058 -0.080467945743324553742 0.98571746879456534352 0.1479391138986453913
-4.7592058419438503236 -5.4779890508442692365 -1.991823429142328461 -0.88626060460520483808 0.0007722941600844281107 0.46318629544345407689 -0.33528403188959804426 -0.69101210537985136018 -0.64038026841742590189 0.31957277525590510603 -0.72284277251716466672 0.61267574420319692585
6.8211574606871661075 -5.5722688601989069923 7.4815712284897166739 0.80135798486462450629 0.0022964779332161075823 0.59818066358154198259 0.28241535662777816906 -0.88298006305326282028 -0.3749503628367090724 0.52732053481209784085 0.46940487262025115678 -0.70823168463846630782
-4.4421347990801489658 0.93472496422764717039 2.9758429419177159225 0.81168244540177636459 -0.0054246011282121069791 -0.584073780895244421 -0.21476948904063158929 0.92713511980635898713 -0.30707415423475004079 0.54318106962953460748 0.37468792791379312845 0.75137426244968230638
2.6377132009180859207 1.416074718765189866 -5.9881605600369347542 -0.81204184506199150739 -0.0045767492165907086576 0.58358126703558099724 0.013230348904401745616 0.99956788309953070737 0.026248903668245435195 -0.58344922635657803234 0.029036191942553753187 -0.81163039606784326274
5.1544469374488759428 1.6702516783539904655 6.216438407753544837 -0.87165406271639489511 -0.014168291417673362434 0.48991678320736248287 -0.48993835478810354722 0.052520132141088554656 -0.87017357132205597203 -0.013401621449728510355 -0.99851935145902459556 -0.052720975942511502654
-2.6497240925971485836 3.0716697252472928703 -1.8227671340640163589 0.97858825185186315565 -0.0083134866425960685099 -0.20565971719663084238 0.14473272853307572738 0.73823077341001852592 0.65883819142624422405 0.14634708958129891143 -0.67449700602027695684 0.72362719561995214601
-6.6865752077265661057 -3.1541072916532999493 -6.4174120896142943238 0.97248476944506268005 -0.0090497742155802776004 0.2327906243476705328 -0.18602500666468793633 0.57136799910010449555 0.79933303853893866719 -0.14024289676458676079 -0.82064408313907499792 0.55396319256434334299
