1125 14.717824617146108679 14.977075390850430381 15.033177056927090831
5.318204106459969438 6.2752893384934909093 2.3094448274539400856 0.97404985248094388961 -0.0077579290618693744208 -0.22620057342652449828 0.090581763420284164279 0.92924535263800578377 0.35818712809985997492 0.20741704128997520695 -0.36938176611381762227 0.90583402555054715055
0.022866265074997196155 2.2727461994438264981 -3.4211378864141832601 -0.99839131109079570781 -0.0084472322527654707114 0.056066337544323496811 -0.045150299432834675728 -0.47968603860618946877 -0.87627778405446332677 0.034296361315644043055 -0.87739953763018874167 0.47853297793039389907
-0.85507569427820340202 6.5250003162259062606 -7.3245000905301784755 0.82838448821934695943 0.0057501655505824804393 -0.56013040916701883898 0.52147368058533682955 -0.37307647780235625445 0.76738461163053295344 -0.20455889160417584094 -0.92778277484911952921 -0.31204932712467658984
3.1897978303080956053 2.2015762468736181923 4.3306578319757091933 -0.91999945438195362968 0.0022278107730908051215 -0.39191330775578531176 -0.39189406080005456667 -0.016653910886020657084 0.91985960470161742819 -0.0044776161653588258255 0.99985883209149384321 0.016194654739110917602
-2.6176708239181789573 -1.3301186196156429276 -0.5610415245118774985 -0.9780209089178891757 -0.0017765337903507885664 -0.20849927013580349389 -0.04607537299940233505 -0.97340204020199960766 0.2244226551255900648 -0.20335230936092824061 0.22909673078925082979 0.95192569364382462194
-5.1518012001815591816 -5.6143671330266364805 -1.3672602977994556817 0.91693331782328346691 0.0087031203101230036195 0.39894554310393681718 0.36226197003867299795 -0.43738808587639521619 -0.82307832397472879826 0.16733067778896712485 0.89923073681355558673 -0.40420851826803289031
-5.1364944196486455041 -0.50378715304539500863 -0.95838007742378716891 0.99938487426648581202 -0.0025977171454702116526 0.034973203356044327283 0.016852407726214463368 -0.83898874463762407316 -0.5438877482765080984 0.030754990508562021767 0.54414257160890455722 -0.83842888328217912708
-2.777519653950959011 -4.2441574484604789319 6.7128633584524859401 -0.83122467127806132225 -0.00048688516986115535842 0.55593642514379482122 0.55568245533031113137 -0.030963749571740667443 0.83081782302174567167 0.016809363369098884178 0.99952038956449451579 0.026008386105973977515
-1.3568271390257391484 3.2665598938819009334 1.1547052046172372464 0.97604723689648065221 -0.0020678011997191645711 0.2175488808175853328 -0.10486156942947344461 0.87166461359149682853 0.47875343619575516652 -0.19061962806483156996 -0.4900984856236627607 0.85056900471728758006
-3.2029584313928292083 6.3913527044370619379 -2.5069046460961903477 -0.99999989328476424078 -0.0001811856729600442922 0.00042497314776648300802 0.0003937720187379171663 0.14679592412027364645 0.98916672083392775949 -0.00024160716398850530344 0.98916678261733814725 -0.1467958371090666847
-2.1814701683976598368 4.1105930985253218424 -5.395781214128854586 -0.99542952965049968928 0.0060590145054123297624 0.095306557188107113299 0.090322501812893626894 0.38384061381128242729 0.91897128837375730015 -0.031014467045008702051 0.92337948403256475682 -0.38263354701553181636
5.0200238726618788832 4.0671993495579865652 -0.0293282333332635127 0.98738386929422727878 -0.00015638338361351027117 0.15834478267939069984 -0.14827358793088774025 -0.35185656308271484605 0.92423584768046296301 0.055570115886508779368 -0.93605391648114044667 -0.34744068221857105083
4.0772834048276811458 4.4539992257986753543 1.0018590449364119799 -0.99185498932860260979 0.0016013225961821709806 0.12736214472883819471 -0.12699185719306207987 -0.08964933126675163344 -0.98784415046619167278 0.0098360739440147351709 -0.99597210461412444271 0.089122491437355677579
-6.1994736361239661804 6.0200118777165920747 -7.0018350386551491127 0.97953433017878599465 0.013803000357607708368 0.20080331965002862216 0.20094619184055265149 -0.0098744724317584922635 -0.97955251149652877718 -0.011537936822429255279 0.99985597561621308849 -0.012446045097079038583
-1.0854249996059599503 -1.9212297486242477795 -2.8222139109576227511 0.88186643622916383034 0.0059562077380987408018 -0.47146167632357438571 0.3997133439043947245 0.52091025998408790887 0.7542424966468092018 0.25008164938113125464 -0.8535906657365974759 0.45699249885541903815
-5.8777802584047869061 4.963692634523659386 5.5527646797605303419 0.9930649915537070882 -0.01876177180236966377 -0.11605997789636732231 -0.096596179362097633891 -0.69292710651385314158 -0.7145076648930409613 -0.067015674906036576397 0.72076349864367073028 -0.68993396665161943471
-0.22601637648162814509 -2.4086787104751685717 7.4311887630110300407 -0.43666486486159872271 0.0040365242126103890313 0.89961519677454526711 0.82425796056152211833 -0.39886565604956353281 0.40187685038468018428 0.36044779129074300261 0.91700048794778710182 0.17084348058158738137
-5.9726052929784660961 -5.2052446280432658199 6.3744642459034199788 -0.85395905098917579412 0.0023992688073819169389 0.52033468339410260395 0.20702237488963975975 -0.91586993869325783457 0.34398254562295882408 0.47738420117210306204 0.40146793011078091284 0.7816187213494900643
2.0567276214077518937 -5.7531449066100499579 5.0860582430688454636 -0.99965948667899340307 0.0015373280349383188631 0.026048940766099180216 0.016419419376560644847 0.81292365528158616605 0.5821387578155311493 -0.020280861911179462465 0.58236824029662448421 -0.8126720859817733178
-4.5968827942462970881 3.586890805379637559 -5.1775058896797627739 0.97462075458388952587 -0.0029187910291952612329 -0.2238433947945046576 0.10438108227210343704 0.89049063260928207342 0.44286682298259383295 0.19803781052589891631 -0.45499221300377606925 0.86819531887032286299
-2.7032853270154859615 -5.2107652510633348797 -3.1995563839423439845 0.94432664846864411423 -0.0088760882009200226667 -0.32888964114159474628 -0.29492009947904268552 0.42027217563627855546 -0.858133691978836044 0.1458400353649848824 0.90735467896748367433 0.39425647824802917407
-6.1013166139712833314 7.0246253448552780085 5.1204624351132519422 -0.97374718658686643113 0.0042540613386066305351 0.22759244182523968858 -0.19789970984469185122 0.47823062691013951131 -0.85564663987450628735 -0.11248164942430728674 -0.87822398649043953434 -0.46483384998893906292
4.5793740680866168447 -2.3153596287311195567 -0.9882848738475410455 0.747591204869611059 -0.0011307643657834825276 -0.66415819785170859824 0.65183664150012388117 0.19298543474940010878 0.73339321974809301707 0.12734356363576337934 -0.98120096990705929496 0.14501128733312210195
2.5243301648814329141 5.4252569401038348573 -5.3283152494113199538 -0.985556594229434757 -0.0025030547084173571104 0.16932788987082367238 0.15536367063425587931 0.38448645372825240862 0.90996279964980275601 -0.067381966563868661568 0.92312724020942715786 -0.37854427609643870323
-2.5483256109347518503 -2.9178957221293879698 -1.7096636669477160986 -0.98447703448097645396 0.0062489134141871897909 -0.17540216549580503469 -0.12928150328646531575 -0.70172856833046681757 0.70061637812489208077 -0.11870661939199943224 0.712416989880314655 0.69164352888065738778
0.050944306907477338031 5.8676770548169683295 3.0897996759664980715 -0.99883479980418021782 -0.014716043802246748032 0.045961731416999759836 0.034671587887435573183 -0.8812869312499358454 0.47130799462924455323 0.033569684142099237567 0.47235239267187145717 0.88077028415114544391
-2.5463521487760196749 -7.1183183649633114953 -7.281081223920438994 0.98333988167752217624 -0.0038437329182468174364 -0.18173580500235389512 -0.10252580345288893338 -0.83730330610050751616 -0.53703969426812991905 -0.1501037532140205577 0.54672515884172778744 -0.82374781575465882977
-1.3388306433015497721 -6.8323150455405432524 -4.6108078506605103541 -0.8222388313326500775 0.0037559078445883586211 0.56913021129163976486 0.20191354038724587672 0.93685905980084871469 0.28552762436819734138 -0.53212237921080662861 0.34968699607696762666 -0.771080267104434669
-6.7833283748818944403 2.6936402186145786963 5.0752726842942843533 0.24633757701733233203 0.0035925944211333861456 0.96917743030608616284 -0.13378499417003419936 0.99054606687834978462 0.030332568745543263267 -0.95990591907965105989 -0.13713344835275520506 0.24448935326253234956
0.099685627113032318491 6.9223115149644440791 -3.3154850020250181686 -0.99932691918554927835 0.0030861316745839639797 -0.036553855916140076676 -0.027631401935927207142 -0.71875067799522074363 0.69471862542208207003 -0.024129115568277431647 0.69526105792906012226 0.71835217484832403212
-7.0841747167874586921 6.5721425599102083481 1.8081318667844623604 0.9505332317311585566 -0.0069262426190460774089 0.31054565290437696756 0.0074509750267939336976 0.99997211435660393608 -0.00050346831131797332472 -0.31053350599531742704 0.0027924312654729653918 0.95055833276118939512
2.2445802296389398833 6.46733273083374538 -1.2410208475756554503 0.96939915333351478477 0.0029126780420774549436 0.24547260096207479396 -0.21784492326565893516 -0.4507832741532641907 0.86564313036673468105 0.11317628251472973411 -0.89262867758678532404 -0.43635441217646747658
4.9175287033669210501 -6.1492875484200668623 -5.3298588043391150748 0.99042678960760899276 -0.0058934854626304525663 -0.13791316563960259733 -0.13054677665940200848 0.2846851558955835193 -0.94969042383112489691 0.044858817766922513826 0.95860295682933471806 0.28119042947216532635
6.6826201544987648973 -1.89527203817743084 -2.0164125301458639683 0.96803132232401833956 0.00095872512981865572364 0.25082751014559745428 0.18872559925461385166 -0.66147830866320600496 -0.72582993555931862861 0.16522108577814140218 0.74996368446359229498 -0.64051265779850952153
5.1601823342363539737 2.9312913825493942532 -3.436934680701365874 0.98057684171549253094 0.0027710980550486952537 -0.19611572733172033534 0.18060772126129501225 0.37716262609053702315 0.90836622818183487826 0.076484694626316379606 -0.92614290176846625346 0.36933645499986356153
0.86736424217139385107 6.8566464058716940499 -4.2709500136844482654 -0.98012084699566626167 -0.02259695815486844131 -0.19711038218836915425 0.066419486889424908527 -0.97353804480328798299 -0.21865984332263951884 -0.18695340875638727374 -0.22740504128686331309 0.95568581142108088855
1.460144200755648658 -4.2980440934556787269 3.4944821329220538964 0.42150074790703317973 9.7306927406752216636e-05 0.90682804877505918117 0.86980465312142396517 0.28277786375203634028 -0.4043223283223567055 -0.25647024178652350068 0.9591854201889724596 0.11910644304484165057
4.2337100621805650036 -7.0755804379772122559 -5.8015541368048246795 -0.80477341954630310372 0.00034123776293925781695 0.59358203034499590345 0.14652820010377448634 -0.96893828343740084907 0.19921869757580196181 0.57521233450445008462 0.24730241900607083383 0.77972577473602178166
-4.8374161309021674882 7.2323536383505580005 -1.9824001549070606742 -0.98103414545813671932 0.0082192726597344559908 -0.19366065424378392512 -0.030132148376192248451 0.98048815265446753742 0.19425508008444702934 0.19147861259005155565 0.19640627805974436582 -0.96164469262777174663
1.8959515016770231988 1.2054756024134660741 -3.0008308278133162261 -0.97513030194577099419 -0.0011766049921444169009 0.22162921699994420077 0.039591917733226421328 0.9829762647683394361 0.17941611675721108599 -0.21806736178883762145 0.18372881783411265655 -0.95848335782099625124
6.9193426402001732001 -1.8840405654152183601 7.4198542471657908948 0.98261055970453359265 -0.0050775315177171058759 0.1856090154893152433 0.093544061692783786466 -0.84996247044314021668 -0.51847208927775356724 0.16039325571620505206 0.52681877103205909663 -0.83470712588842177482
4.958512713857815335 6.9517922434650749608 -1.4459627249489168666 0.9760741839915216822 -0.0038215706315421144393 -0.21740419256115711688 -0.11750595780320585715 0.83199991250468419146 -0.54218861614104585378 0.18295228128120788469 0.55476259894671786643 0.81164457836172798633
2.1129509716687815413 -3.4549019318651579269 -3.2295429519626042136 -0.9590553701726827196 0.0064805345663696061961 0.28314448540404280052 -0.14283811394596257482 -0.87434748715368459937 -0.46380356284993090599 0.24456097429345416416 -0.48525712192578962512 0.83947332028662369208
-1.1288094584389067876 5.0299202498961408381 -3.7383329214907803362 -0.98210256863552192197 -1.8085034175626887865e-05 0.18834687242567707544 0.13816981618534171505 0.67952064720585159119 0.72052813402136539622 -0.1279986194258008747 0.73365638393860765909 -0.66735647425581945402
0.54356251802931621064 -5.0291872323575965709 0.32331928452324659728 0.9602670658425939143 0.0017755778093094488554 -0.27907706745896510014 0.17374604082017069961 0.77875188559109331798 0.60279168374121239182 0.21840209604615481997 -0.62732953701526261714 0.74750128858141018373
-3.7337070854597844694 -0.19446915292696811961 -2.3859305178488057209 0.98224534084823689195 0.0051694912817833640201 -0.18752964230206170537 -0.12257536759545634153 0.77442423845936370075 -0.62067896544468048603 0.14201890592774690791 0.63264553681075108571 0.76130825236074550766
-7.3091513352776100731 -2.5886497868625912844 1.3140559915363194676 -0.7883995309983206079 0.0046322069308419554223 -0.61514609824052468579 0.54660806214298174321 0.46402769979859376237 -0.69706378490057752106 0.28221588531099867092 -0.88580857778558941273 -0.36837122254534254706
-2.6144437207741715312 2.5906505466090927747 2.0287911746174902561 -0.92004095916004968725 0.0020071793334373311257 -0.39181705514050968464 -0.25260125243074871282 0.76140123774855827943 0.59704335054105284186 0.29952836382938574644 0.64827781574416343258 -0.70001330907036452
-2.7762037974879083535 -2.2370066633760252728 2.408577361868386113 0.99183304979343078767 0.001535277406045626198 0.12753369852991669475 -0.047022341234340861438 -0.92508795512142316664 0.37683043230894136544 0.11855842763072582668 -0.37974981002313673573 -0.91746061551715007987
3.7807498884397596761 0.99395345909489163372 2.9899149052371547519 0.9995634320916586546 -0.0012308630943672193431 0.029519996633027581479 -0.025824605697174006502 -0.52179710582359029036 0.85267864409443605567 0.014353918132675853175 -0.85306873423545614976 -0.52160109250661090829
-5.3249189928730418231 -1.8939645099600996847 -4.9001710427953426574 -0.98454355849620744934 -0.0014448455187123501395 0.17513393116367134694 -0.073121170828813933373 0.9120363147664382053 -0.40353817034317807089 -0.15914545485199133035 -0.41010690431731505745 -0.89804512761399823972
-3.7165844765634181712 -5.1645784668847829479 -7.2000765111478823854 -0.88304117435764151178 -0.012886331474627921168 0.46911856374525834346 -0.25267324235384752695 -0.82931049331665851465 -0.49839777113603622727 0.39546746640858865263 -0.55863946167105527074 0.72905928076961490358
-1.8950287203384348356 -2.8394417186773046602 -3.6474885830584815594 -0.98435488370458534835 0.016016990312985451839 -0.17546771483181541895 -0.085493896165561467093 0.82735550472702357183 0.5551339140391702287 0.15406575429152596923 0.5614501979867274617 -0.81304207673114858856
-2.6817545490566936373 -2.2206240586841268225 5.7667338779963737139 -0.96184634782520916918 0.014300410992895194393 0.27321621734556572614 -0.22678610587013539601 -0.60026770393859962827 -0.76697245438982375454 0.15303485014668744002 -0.79967129612980669684 0.58060843327214006759
-5.4986109126119444568 -1.298939472437487197 -1.8326730976540765994 -0.99994035023510607907 -0.0073761167769099255515 0.00805536299694152233 0.01068042406503362865 -0.50599408331138129302 0.8624708204894593333 -0.0022857194732032147522 0.86250540900053640492 0.50604268093833937314
-3.3943772132367699967 -3.308723092240203556 2.4198651418180801009 -0.84978360337466685159 -0.001305444903083929041 -0.52713008190490451277 -0.47968251832509639643 -0.41272242397869746133 0.77431575107211125797 -0.21856923170655323529 0.91085591426894541023 0.35009854954353852863
-5.6693573352490274075 7.0303195632814192706 2.7545445705310513951 0.99927963012760623318 0.0083041533730028108118 -0.037030552908916679333 -0.0034442898582762240811 0.99158401551957564557 0.1294189979614003283 0.037793619558779238676 -0.12919822445654291498 0.99089831018017648923
-4.1361735613528418654 -3.6596021194065078141 -3.6387938578920144828 -0.94363401767183663349 -0.0039192458729094305225 -0.33096749115940016228 -0.015207468040198368966 0.99938729551961469344 0.031524061760501709273 0.33064115534571858479 0.034780354596530491107 -0.9431154506876096022
-0.28933044374742683535 2.3999599265825382055 5.6979255596497182523 0.98562813073395605379 -0.014360283045104411254 0.16831806253861456013 -0.16802984650680699574 0.019356639313127123325 0.98559184817925726829 -0.017411449933211697871 -0.99970950920033774256 0.016665492067590100683
6.3501769518709272333 -0.82894467155962714422 -1.8860281646467627059 0.9912507374424597284 -0.018061124981654498589 0.13075079840696676725 -0.044962483969398260586 -0.97755274822906279564 0.20583731310181727081 0.12409814887808742756 -0.20991526908274935059 -0.96981195561348965128
0.41540623464357873118 -1.4907622611599782303 -6.7683206277857905775 0.83035587893175977214 0.0010748763922139642144 0.55723241018815627967 -0.20360115541817530582 0.93144251643175479671 0.30159809033804446665 -0.51870577771581938276 -0.36388690993754962966 0.77364761548155114301
5.7079558152430971418 2.3546944789432742162 2.6449929002333725236 -0.99224534560973387531 -0.0017598610579097071285 0.12428224734359921699 -0.079262446320570029146 0.77916853169777167132 -0.62178281080710240403 -0.09574256482359110032 -0.62681201496217897606 -0.77326583991537167773
-0.14703268023607518611 -1.7120493113935417728 3.6986481503532191439 0.99978115739498107928 0.0024624940764847234702 0.020774345741681774641 -6.1875103559488539573e-05 0.99339160159292660968 -0.11477422208958409922 -0.020919691430387955117 0.11474781918501761324 0.99317435755400929054
-3.3197870370083628622 4.8129103395283037159 -3.288343687982009822 0.71400726931623514915 -0.00058599001735485517495 0.70013804066006790627 -0.61164767010929721458 0.48610483898784534462 0.62417082049904037966 -0.34070624739428562178 -0.87390030445590838326 0.34672396925830512027
0.14208433783545326712 5.4188401120131484134 -5.6910490888677838228 -0.98394086707474748277 -0.001028959977219812312 0.17849176827400645151 -0.171080470219772518 0.29065103976390477269 -0.94141034931295553001 -0.050910144466465807878 -0.95682857102278773276 -0.28615947103817951369
-4.4386687340908306254 -1.0169208279889871971 -4.3156881458284530595 0.99100342856825940352 0.014044920099309623693 -0.13309750104891598932 -0.13383372757789369079 0.11037768908132462864 -0.9848377019163645496 0.00085902775408390366456 0.99379047387899022148 0.11126435232748527193
-4.1480326511921221666 -1.3480712932331411213 5.7960098513220392746 0.84007553133045154148 0.00083861053302982952601 -0.54246879946438486542 -0.52906909513883315643 0.22216176692218950195 -0.81898109983496381048 0.11982902081248711368 0.97500945946710471102 0.18707634730437489035
-5.5189342444213087546 4.8042548147968515693 -2.960869283722570966 0.98417027734330286837 0.0081756797490255498501 0.17703678559769797651 -0.17581789386543222875 0.17069006341523004777 0.96951171754038489858 -0.022292002844945049689 -0.9852908507196923571 0.16942551784548814942
-0.70144177769133719824 -6.98739601019982004 -3.8474441646084089896 0.85710288564793735144 0.0046545309100424325094 -0.51512423623431857767 0.46123889305969772989 -0.45226490933425983476 0.76335780294300603632 -0.22941954350707116639 -0.89187150819317295714 -0.38978440955224546993
-2.7789779497156734678 -6.7337592139917630263 -5.3071641340295991895 0.94239342460300301596 0.00067149784026132586234 -0.33450587790889579898 0.19977449628455365427 -0.80320457386604060535 0.56120634632456556368 -0.26829980227199828891 -0.59570291388521501297 -0.75706885716516625351
0.57821207697336596265 -2.5013276190462101489 -4.6434276534863814234 0.88860006152754333897 0.0030051737953166526851 0.45867297673135815073 -0.025275911101452976093 0.99877992877996513155 0.042423839811393707078 -0.45798587202133589358 -0.049291204051160268651 0.88759186467203143867
5.2158718931205898528 -7.1154261499457343021 -7.4932688202553485723 0.97783214915452765226 -0.0093554559230106439788 -0.20918117392410995325 -0.20894964284662204124 0.02117874583038096073 -0.97769704278951030663 0.013576996504964654322 0.99973193215461686467 0.018754439377953516926
0.53581800566312431933 -3.0949778976815891518 -6.3892859622573556777 0.92171138390346918356 0.0057955363706026254145 0.3878331297617206852 0.37124018640310674222 -0.30287559410971692797 -0.87775115977822570912 0.1123781508211858654 0.95301247958819312878 -0.28131541900001155732
-0.53408509121257596863 -4.0848572433678462801 5.2042852928220479924 0.76325714628122987016 0.0021600099587705985649 -0.64609121879778241837 -0.63447981664140351565 0.19126741167822136624 -0.74890062057967798914 0.12195856232884413894 0.98153558854828926172 0.14735670153668911642
3.1234628736624463485 -7.1561212152935214093 -3.9888152836022237047 -0.98998703764730588972 -0.0021046672261910833943 -0.1411426075507561384 -0.011934993126159351706 -0.99506041836491254671 0.098551102188925612801 -0.14065283939347361652 0.099248849763767452159 0.98507179666827582309
2.7978791339646837955 0.38396172543004919442 -6.4530584931915981883 -0.8506586773519411171 -0.010703060761357888545 -0.52560941690208384802 0.51411799298115767876 0.19193340205641012952 -0.83596905353472794609 0.10982943111355929211 -0.98134958789681037139 -0.15776717781557089704
5.1317308759392945561 -2.9126432097425540846 -6.6406059818488856195 -0.47020154046192047526 -0.0025262980359842439684 0.88255545387556233461 -0.15401728300877526312 0.98488586851860659976 -0.079237002259853361874 -0.86901621842278009566 -0.17318615363465814094 -0.46348394611611454241
1.768356550300901775 -5.1309737786755693634 -5.2975481276666354091 0.99222489186121032301 9.0742923479989357361e-05 0.12445784722875531669 0.0197415379917521977 0.98722465470873776994 -0.15810677661890679135 -0.12288220232728713777 0.15933446865274217275 0.97954708485627617343
6.3019845182521097016 -0.13146479613422376587 -6.7588073554871810344 0.97624792718963271376 -0.013504535970537672601 -0.21623508541922553672 -0.019234483126620481597 -0.99951682810026731829 -0.024416080833724762567 -0.21580087886025633992 0.027995318405915139981 -0.97603598439321026525
-1.3767068065278333933 2.5782604626932017489 -2.2091334648258675877 0.967007928372726977 0.0010248744411201959805 -0.25474421700327670726 0.25259005063253436862 0.12597520204862006077 0.95933753955020661941 0.033074654732380540101 -0.99203286140188118303 0.12156014607239452874
-2.4902558451577023746 -1.5261863116674601049 3.2571070395382255569 -0.96205863825452464511 0.0037975866631550520697 0.27281633912818453735 0.25159159862694679966 0.39923306338875819144 0.88165448368256837952 -0.10556914350393334368 0.91684161087546900415 -0.38504105820952994055
3.338857866562773058 -0.83428074546887831531 -2.268287378935422538 0.97843136462246738105 -0.01485700171662034802 0.20603721562623977803 -0.18803270282175532646 0.34892805542488147807 0.91809199691911080876 -0.0855322593678059101 -0.93703173993057942148 0.33860855123579558512
3.3728734668897870641 7.1365294205460392263 7.4064215536810245055 -0.99898692865899907378 -0.010588290710489093108 0.043737906539875227863 0.014586183295730355963 -0.99564078572681480317 0.092123118999539566065 0.042571817268253438205 0.092667760829593964766 0.99478657332984932182
2.3298780174034408041 2.1695099826775474661 2.7740679293987193788 -0.98573036530504054564 0.00077134910438602950072 -0.16833018723956844065 0.092608698297710401182 -0.83256865843302474417 -0.54612549656155984223 -0.14056769157647225343 -0.55392132475252309209 0.82061677418226997016
5.7141190820734308886 3.6681429992646492622 -0.89469863727365728234 -0.99961887351590072992 -0.0020128325981495589526 -0.027532820698835964307 -0.021696947349314821274 0.67393745544788319357 0.73846973439678609274 0.017068983168932332778 0.73878566218441932278 -0.67372427235796783496
3.1308941047069298591 0.22661594485757227679 -1.6650338754094864413 0.91160457471057332324 -0.01215278485224672439 -0.41088856054532418849 -0.2877840503032537689 0.69487640374429737733 -0.65903499445057356354 0.29352587578906491617 0.71902649001260177108 0.62995513086458454488
-6.2512027174051425504 -2.0349754227323795241 -5.7026315381190260112 0.99966310782163869675 -0.00060224508776278787292 -0.025948182236583291344 0.021232045142540532934 -0.55604960752943022317 0.83087786962074117181 -0.014928868664261792792 -0.83114888634180206228 -0.5558494918709302457
-0.57761174027122152985 -6.526422774391607895 -7.112253761128687124 0.98719409126817680988 -0.0012715074594345514465 -0.15951868051708698037 0.072147100272948655464 0.8954136682163783556 0.43935083782043821143 0.14227656900327237399 -0.44523336132876795146 0.88403881808019613153
-5.2832511603335223782 -5.4291601258574990752 7.348805559407405319 -0.98509471093692990706 -0.0013049982264324556068 0.17200787035400316727 0.12027907067246890183 0.70963588696025514668 0.69422608212034830899 -0.12296892144876829522 0.7045673884858428826 -0.698901594961683581
1.1506027036164314659 -4.5659471796186732462 -2.3218127400834656093 0.75695329725655169373 -0.0020676082199171481532 0.65346570741605303212 0.29520267668521088522 0.89322355642103845597 -0.33912690535001543957 -0.58298978160035352936 0.44960805514433566099 0.67673887970102031275
-0.44961426236600465778 -4.3140062394773792676 -6.9573972274832911467 0.9988768562130394546 0.0016956195407809987463 -0.047351356858904229685 0.046900655187997998541 -0.17742697387859687752 0.98301576665043077785 -0.0067345872136393980512 -0.98413250826024478712 -0.17730722354269062846
-3.1986002469535761428 2.0285506569525066922 -5.5341880370135765332 0.67738101510787729342 -0.013548738118803872396 -0.73550757444553160891 0.19447894369359383648 0.96755605530625321542 0.1612861441665471296 0.70945958364892203196 -0.25229290821518385313 0.65803904719485650787
0.13785715118752422947 -4.1229482591740902464 2.6776260690868709524 0.42900159553227351639 0.0038478743832965778965 0.90329553574306209462 -0.80467018290280001303 -0.45274789959722200328 0.38409014066697416689 0.41044308713638827379 -0.89163026713601944984 -0.19113330151730692497
-5.8939133606870939275 5.6929989707048882508 0.076112279036451777059 -0.99973782935346000578 -0.01576892265031986512 -0.016601615521391263619 0.022829149448670288391 -0.63069254014894360338 -0.77569694451885295994 0.0017613900544947123927 -0.77587258031124473057 0.63088718216976158448
1.5977736315863659833 3.4279083360608915143 -0.22305419588139732689 -0.98590863644960036183 0.0035887493229917969556 0.16724617021756066348 -0.036866302274774255532 0.97052827433409005753 -0.23815067599030353973 -0.16317180004749884392 -0.24096055610070435393 -0.95671990366718373533
-1.1321785563292772192 -4.7084474525149886404 -4.507483231566033588 -0.63979784997583555306 -0.0029152884229940146353 -0.7685377103693665779 0.73500973976235994822 0.28984342466352858159 -0.61298570263422202942 0.22454263207884531117 -0.9570696371073174058 -0.18329843454420113869
6.5033794827231083957 5.533671847141005351 0.22656792172795686691 -0.82191788771049589801 -0.0044801851098514675759 -0.56958837225043401631 0.55730508181276194879 0.20036773983991926218 -0.80576908268869640306 0.11773712943317246604 -0.97971051682260823501 -0.16218899956538138096
3.1246225648086900506 -2.531300637341534987 2.7860660604307292409 -0.95080762985093025819 -0.00092288276613488630373 0.3097805663767439488 -0.05180115709273221819 -0.9854418892406244801 -0.16192875919311203181 0.30542018784145863464 -0.1700100915162048032 0.936917860669533753
1.9538164860398981038 -1.5890924576468967722 -3.6277505746099207862 0.97115806138609617193 0.0067335743328645336625 -0.23834151711673712271 -0.12465606698292935883 0.86645024454055774576 -0.48345096824792582746 0.20325571275897999501 0.49921802122142522329 0.84229952066859770099
1.6610772901017911707 -3.2819713850208342976 6.4407597114078809497 -0.99346712177612972461 -0.015865806757710345515 0.11301041600561655132 -0.10784832780958930609 -0.19320802464617700678 -0.97521248833313423088 0.03730705212845887575 -0.9810295282957590679 0.19023471942116187972
2.5651109914040075566 2.3393820033246521817 -7.1571421401354076153 0.97820770102045417893 0.0056300960892561729976 0.20755239261986194177 0.20307268780153078791 -0.23420530244136988918 -0.95074147894022154048 0.043257105003537799082 0.97217085860794116847 -0.23024474921338472511
5.1117059353600886595 -3.3551559194915117068 -1.6430882061265172922 -0.78315158806351736764 0.0059912603879580614979 0.62180197403392989397 0.59078256776300808184 0.31919242947136577948 0.7410075239803900482 -0.19403491371638864615 0.94767098603210875307 -0.25351559023448588803
4.6814335771203214875 5.2445271935121331452 -2.2668680735184860708 -0.4969098840277839102 0.0043485334958548900464 -0.86779125220983521771 0.83210527463282824012 -0.28147069120913387197 -0.47788603444603333648 -0.24633590701271618206 -0.95955997219909949791 0.13624713086712769705
5.4429220390325099288 4.7826688251252118533 7.0665976060690276483 0.9938620548435490587 0.015249573601767870551 -0.10957037212267195514 -0.05318964655672928088 0.93432823148677413005 -0.35242249835380234924 0.097000399181144780769 0.35608735775325806028 0.92940449547381165374
-4.0068956964044932789 -5.2180484513309153272 4.8156159824165296612 0.96894568267647551707 -0.0080890555054796940693 -0.2471413182848870016 0.24727363589294509838 0.031235970840366548973 0.96844208041465562609 -0.00011408273098427110237 -0.99947930509181526215 0.032266169255774940217
6.8519679028614870475 -3.7132374878307099486 -0.038464182816624656325 0.99918433295892084001 0.0024829985066047947223 -0.040305129795027178075 0.008015576433429347919 -0.99044239323006733056 0.13769392225953674957 -0.039578015410286035425 -0.1379046787138482888 -0.98965442467818964811
-3.7160813112335970843 6.6042716782237604889 4.8097488907120506951 -0.92990618608254793642 -0.0091548387505785405044 -0.36768284432754827495 -0.34493282889298326754 -0.32526558307269554104 0.88046785518853976082 -0.12765511598533427207 0.94557838881600819736 0.29930867339084027412
-2.8620250619817126925 -2.6995050908571349702 1.1436188241978701985 0.85853992208952667475 -0.0056970225384541306121 -0.51271507303037822112 -0.36055296658607027815 -0.71767618679441191887 -0.59577046686971690814 -0.36456928074691985486 0.69635367080413224095 -0.61820773587291411033
-4.828116500662565258 -6.1179455767053791959 6.2696245827177010668 0.79364969054371259372 0.0036027710808749996776 0.608364355251311828 0.57366391361450941311 0.32851216389743115309 -0.75032624396851144155 -0.20255834447461354419 0.94449286826952150165 0.25865679745886283047
4.458159575635499472 0.087080138420003755373 -4.8670744029652324159 -0.48520766538106280263 0.0010787671683875747243 0.8743982832307919395 0.87427060863229399956 0.01773119335033031263 0.48511494273433886093 -0.014980798952101779392 0.99984220807272550235 -0.0095464453588626103919
3.1008894495914045564 -3.4722350251599154447 3.9030971649994992134 -0.99833267031329020469 -0.0095690026513163915084 -0.056923752277295791568 0.036442552130424021861 -0.86926162596941991545 -0.49300726770620090234 -0.04476404560903858576 -0.49425970886288134176 0.86816099913301336688
-5.1765843873917622986 -2.3419113471493679945 5.5711920266726213669 0.92519545225914767705 -0.0014219898140528570464 -0.37948827790075206901 0.3380279987803329611 -0.4514207708410846176 0.82580649046478304953 -0.17248317935296975101 -0.89231007256345762357 -0.41717177186635745478
-4.4995371277369020646 -3.645970100845147055 -5.7079747869270862637 -0.79605595627900882505 -0.002429144777348618469 -0.60521815383239074837 0.5850094049768972404 -0.25937091714446580681 -0.7684339421369512646 -0.1551093503347124869 -0.96577472869982872172 0.20789483601917396749
-2.7862736988548162387 5.4580759238981881865 -1.8222096609915676702 0.9521839399136021731 0.0047655315360682990594 0.30548819008226568705 -0.061398427662113903847 -0.97649558114741419335 0.20660738873607992216 0.29929246173472068282 -0.21548473196243422834 -0.92951081362193832547
-4.7297158545232669269 -3.4213307359779778771 -7.3554720386977558988 0.98575854236032167677 0.0032270283369120631931 -0.16813590470799233412 0.16440874977396277568 -0.228682492850874719 0.95951762905183157759 -0.035353347247638042261 -0.97349571326825512507 -0.22595627251035182992
-2.7657725468138796288 -2.0361864599929004882 4.5155915685140222138 -0.98527872982568365234 -0.0015439880456033349548 0.17094864917254345982 0.17069381942505737482 -0.064204128942942403913 0.98323011031839346874 0.0094575135777031707485 0.99793559207382043219 0.063522511831112044023
-4.4248206002425716221 4.4873999091204179734 4.1332992645935462406 0.74254730547543401631 -0.0086166879089145491377 -0.66973819647729582183 -0.62808997026847213085 0.3383606860320794163 -0.70072465019862284485 0.23265100124287449446 0.9409770447982542807 0.24583676043940999589
0.22618278238887526421 -3.4341112282090473506 7.3815904460784542707 0.93139017789321665308 -0.0014705927342294137627 0.36401946909604609992 -0.13384899339410266661 -0.93132262432541634833 0.33870727241535081298 0.33852146681023331798 -0.36419226622304767815 -0.86762158210365158961
0.78306780633470518538 -0.63628892898802247302 -2.9389358662719926585 -0.9822089980294574918 -0.0025459019376708764276 0.1877738069414838229 0.10970627346337577523 0.80376093962231764944 0.58475027618651809203 -0.15241396836486378885 0.59494694748414356233 -0.78918192574744061574
6.528761253654368879 1.0768482944411479352 -1.6487347106802314745 0.95185988657885178821 -0.0010486016820768309134 -0.30653165702190837694 -0.19906607209163804106 -0.76254808306504795468 -0.61554294728783476298 -0.23309966809099377794 0.64693069292494953526 -0.72604767287528826358
-4.9779611562892682741 5.8668144270237432281 -2.1395879337774439399 -0.79219090540844727677 -0.0029491248837507548844 -0.61026623046886407931 -0.13798264890953479411 0.97495834469673536837 0.17440474393209096093 0.59446981251206509889 0.22236800302315865019 -0.77276006188419554821
6.3622711352082230718 5.5419167544578771256 5.7839305733437385015 -0.99595156569600828966 -0.0073103767572771840427 -0.089593734039440403594 0.07762561056649357194 -0.57253962441958206053 -0.81619399841799600281 -0.045329277201796434882 -0.81984445894395818755 0.57078920782305431203
5.0595915448108836898 -4.0726523638357754464 -6.5495835881314103943 -0.98203775829931416741 0.0013195287324832766576 -0.1886798879541924101 -0.17977964736071636032 -0.31011730413618782132 0.9335451440986300975 -0.057281058556369057744 0.95069738430232331172 0.3047841265738539529
2.5307571001915381004 0.95832704917954902868 4.7492805057259257495 0.97303452679309809792 -0.0057139527840735383074 0.23058872568299726424 -0.22132007330000535994 0.25846035598618172235 0.94032742677119551811 -0.064971030644592295267 -0.96600496640919664149 0.25022623773271024383
-6.2960038547885153193 3.8183147091988707267 -3.1669619852764570034 -0.86565646963510123335 -0.0012410376801093719878 0.50063693072354742419 -0.49235746310547090498 0.18324011464843520391 -0.85088611982325601524 -0.09068078684688270219 -0.98306740369566536497 -0.15923402490593238645
5.1518220494840702983 6.2731434617348122984 -5.7405934666162208302 -0.97599991048966494578 0.0040756856372723979445 -0.21773278005586566008 -0.049321309849471660358 -0.97798162635208985005 0.20277905935405102222 -0.21211219464946703961 0.20865120968831191162 0.95471099793427982583
-1.8058644980535396574 5.5657612518111294619 -6.1247897294937043711 0.76702480951421458943 -0.010816419382360083559 -0.64152626342297847106 -0.32897675883289906329 -0.86505755518373750323 -0.37874756549356647373 -0.55086044851445925552 0.50155601012374906311 -0.66707895707430531207
-0.10922361344525766125 3.095271056063150894 -7.2494191948001365233 0.97949256895495262487 -0.0029142100856093342692 0.20145921359326415812 0.1510138614577108962 -0.65129170179077788827 -0.74364906563912591686 0.13337586366985668129 0.75882186747484270395 -0.63749529600806709162
4.7759142914940921898 -5.0572758540536897343 -4.8469834167934680025 -0.92490889759592420649 0.0004100915282713585297 -0.38018858869377614162 -0.16119857504350665334 -0.90608648657256996017 0.39118064657458151423 -0.34432332269532534008 0.42309231932930296827 0.83811355959231725876
6.2761513410486955422 7.0010854414737835327 -2.8632828975117923243 0.77154619395031009965 0.0084604122975713343807 -0.63611704270880686796 0.38895615837720393104 -0.7975253693453453474 0.46115766513315048503 -0.50341789545199511213 -0.60322608255464882365 -0.61861839276270669252
-4.7574328645404344584 1.5856977905439020304 -0.38085271248790586451 0.77683675215208292109 -0.0039969283189100618392 -0.6296893560078589136 -0.55376444290441118046 -0.48039716812596799933 -0.68012021189731775017 -0.29978259169009402463 0.87704195191594691572 -0.37540353261388520467
7.0795738324854298185 -2.6676397493236825298 -0.42217666951117044372 0.96969025509593420598 -0.0016526854444109408647 -0.2443319009109548301 0.016491355146492997497 0.99813953488429096872 0.058698416557941709981 0.24378031991405019197 -0.060948646677388203241 0.96791343522592776516
-5.5144175494419958028 -5.7181915451822380447 -4.3568696699950102413 0.99987108482517861319 0.0086576342354525819001 -0.013522540438273658245 -0.012655955924994070905 0.94322780262230454529 -0.3319053165287190188 0.0098813212721736900374 0.33203366957257884895 0.94321577688248425808
-1.1442286743203211596 5.3647580269444699042 -2.7740226253583597504 -0.95221505227914693403 0.0053992477659946325544 0.30538065154277832525 0.11141356857505968492 0.93708928084242670842 0.33083333639108797319 -0.28438268398497712486 0.3490480308694808298 -0.89291206800878308858
-2.1070817742422516261 -6.0553802584697002942 -2.6901481342061472901 0.99112003829413197753 0.0015481923511660631264 -0.13296117024292264386 0.11179060990525233055 -0.55113607737138248233 0.82689290948505456136 -0.071999508532680500661 -0.83441394242916533397 -0.54641508347673506396
-1.1040500533606334432 -5.883134076945349733 7.0945986025295164623 0.97428066813734481855 -0.0007158698789485919145 -0.22533678622060188124 -0.21499176769813574395 -0.30248421517469503694 -0.92859131989929133422 -0.067496070374175279327 0.95315412557487610989 -0.29485842939205553215
3.1378625838871303522 -1.0563420171800743663 1.4853547016956525351 0.89226492503103016496 0.0050620067626515573289 -0.45148386421558112103 0.037781273132715252616 -0.99726734233170899468 0.063485615057552055585 -0.44992874875913801969 -0.073703622748807415266 -0.89001791950153152921
4.981562946608871556 -1.8872231057832249412 -7.4929989187211063495 -0.90128510505404624276 -0.0021394775675653262062 -0.43322116989293130151 -0.01103013014456153025 -0.99955031675025862725 0.027883696194859759754 -0.43308601413188391183 0.029909645939572834794 0.90085621352298828057
3.6547477013831306536 7.3450198655658089919 2.3093717184513136154 -0.88591526594510783266 -0.0017926158758890193071 -0.46384364617153939214 0.40213060656116700331 0.49542934569662944178 -0.76996151766779208359 0.23118199936871464129 -0.86864638947669869928 -0.43818755484035470937
-1.2337955829951088305 6.6062758327833543959 0.46780752412566878329 0.87328461746559049583 -0.0026643671461222036972 0.48720311785304759589 -0.083824483447119707558 -0.98589516342812899552 0.14485918232499644942 0.47994523945223355188 -0.16734284531089102521 -0.86119041985521782578
7.2822657085053643655 -5.1246470104718557792 -2.4709660809170506113 0.99507553293611361589 0.00476629529080318734 -0.099004879582793747783 0.052530092128726287026 -0.87239590578534265131 0.48596910703258217046 -0.084055179334461160856 -0.48877670361657565845 -0.86835019481137976083
