1125 14.717824617146108679 14.977075390850430381 15.033177056927090831
-5.4795987848019436228 3.7681627584379451257 6.20782095930486566 0.96120294361779623493 0.00057315845529702126593 -0.27584157168531525661 0.24202586952692584088 -0.48149797472931782361 0.84236760313495562258 -0.13233434799838766915 -0.87644701598041052648 -0.46295598982927355092
3.4267780079037111207 -5.9821401331935817325 5.7177205229392944474 -0.99936403582939559165 -0.0092137078600401343953 0.034447517736874211369 0.0043988018371418618341 -0.99051698372226504308 -0.13731990205394259408 0.035386076826365776837 -0.13708104371205984129 0.98992757968542943736
0.50386726361639211369 6.6723137682878057575 7.4654872920707102679 0.95544161109420011613 0.0053657855778711481542 -0.29513138791860876742 -0.25119079748058548152 -0.51034044435543168827 -0.82246933931679233609 -0.15503067777276363648 0.85995571932530812109 -0.48625266040310338722
3.6376049465077633371 2.5722770215234564972 -4.6485977878083648562 -0.72274432142680333779 -0.00080783934840965559293 0.69111503618492287071 0.04795789812576063682 -0.99764741031788328751 0.048986576664408518211 0.68944955279749631227 0.068549194608765393055 0.72108274287060025731
-3.7844421043889204803 -0.15459347385894550708 6.6174684829643748429 -0.54579617923928691603 0.01109442620274245922 0.837844522829304994 0.5462871229923836891 0.76290025670626071541 0.34576520584096970268 -0.63535573498666753078 0.64642100215321152135 -0.42244878742247105041
-0.40217732861909882836 -3.1812014566713155972 0.31179662457402657072 -0.92310883602849680418 0.0068078826578841138487 0.38447851640867974909 -0.38026145731928528981 -0.16487501237536958398 -0.91006453308077417397 0.057195287598580737964 -0.9862909728006028498 0.15478635614475919069
-1.4773707732981040675 2.023404691871580674 -2.4342226069016077439 0.59809481836647393482 0.0046439549838355681857 -0.801411892802472825 0.70869672945052364366 -0.46998481714746259685 0.52617793313380900599 -0.37420787526368515241 -0.88266228271802482652 -0.28438663955564635888
6.7839547341583026352 -7.1080381280522626497 3.7945867712098451108 -0.80059901164902902426 -0.0013683801226919201956 -0.59919892363270332858 0.58237098725437130842 0.23356117326033670745 -0.77864832341029488472 0.14101509050829466596 -0.97234114686198935829 -0.18619193958878596518
1.7051915197761471354 4.3428465061544656578 3.3048565752655689742 0.97442301252944019119 -0.0090461156139425846767 0.22453944073466233777 0.22468994252911558829 0.055987954382810678489 -0.97282052748200908976 -0.0037712570017834831648 0.99839046307357315335 0.056588522372478515521
2.4798470685090774346 -7.2708425186773606441 -2.0268732928510964086 -0.97600319481423358781 -0.010397141883141114427 0.2175078461874024871 -0.17642620764523775367 -0.54772805760830822752 -0.81784336407692015403 0.12763838360123441751 -0.83659182063260884021 0.53275000580233633496
3.1692041876582481841 -7.1498349400784899643 6.3632148908458017189 -0.87933079419200610438 -0.005790137808145415059 -0.47617625800728552443 0.448362360267223925 0.32686736368743168901 -0.83194285888620544966 0.16046354190683548291 -0.94505248577007905375 -0.28482845865280670417
2.4645450245745181839 -0.81630456403307061208 -0.26745064740780827295 0.67318210228503039261 -0.0082153274492112095956 -0.73943110940641754159 -0.5013126144440076537 -0.74015226723017757404 -0.44817439006844250748 -0.54360971271895430768 0.67238912075434531523 -0.50237570654709085005
-5.5937589068053092944 7.3920996357456916215 -1.2357111807209093524 -0.9248910820292468582 -0.0062925358981821017529 -0.38018007624648803011 -0.16312242352079492358 -0.89661077215836104681 0.41167972769427774171 -0.34346406118760902659 0.44277480420826370588 0.82824085351478449191
3.3252208786959607245 -4.442347862318700713 7.3152777616844888442 0.99655324621534036034 -0.0022715402453294939768 -0.082924469022603142232 -0.045155720345859885756 0.82369864704310180592 -0.56522694537639639467 0.069588708694814288558 0.5670232613961752044 0.82075698757792658888
1.5060997279330954335 -3.9769185091435756974 -5.1557659420267647477 0.99987618436120129228 0.0055597576298753656476 -0.014720904946215224163 -0.014097764794582304942 0.73209711767227425572 -0.68105437618719988357 0.0069906348162110075461 0.68117758286001350854 0.73208485275534906922
4.4915534450416725321 5.872810223050431766 5.3154545533745807262 0.93585817271969651276 -0.004483311641879152501 0.35234837940669405665 -0.081988273279549744865 0.96970609831701493064 0.23010433705464181098 -0.34270600169597514872 -0.24423345963123077595 0.9071397982659168413
-1.4987241475142689673 -1.9916086644400465833 3.2819182146579097825 -0.80345802008638544933 0.00087697508406737361211 0.59536076531257553501 0.5235590983069734472 -0.47504771876396445496 0.70725917136308824595 0.28344502207457478171 0.87995959896573427983 0.38122175128043178649
4.463801389335009695 -2.4550538973151798672 3.4502650941040964305 -0.59192077689567668131 -0.010449299896072052063 0.80592841246042701275 -0.51477496135528511001 0.77430760406393261963 -0.3680414018158533751 -0.62019072311749745552 -0.63272311987208396111 -0.46370779650388554982
4.4564175155320961963 -4.4460841415280993871 2.1164196578434180118 -0.99498762833704146313 -0.0051263920555766912673 0.099866608836937431626 -0.084502185669502891119 -0.49089962395031661035 -0.86710837836027998549 0.053469618225399105638 -0.87120105561803562466 0.48800586125259687309
-5.4451542740717711055 2.247051731817767628 -7.0033538952422142998 0.93308013658963540049 0.0069885623580148090173 -0.35960063778844325588 0.32334327520579875248 0.42155959084720628915 0.84719338863315762911 0.15751376156020338581 -0.90677377077258181082 0.3910891759666351164
5.56840555866203335 7.3795754158636057696 4.8628978162932448015 0.99933134383955712909 -0.016839389586861881754 -0.032454586396884047006 0.023622540994007193427 0.97486017514017375696 0.22156176223016402216 0.027907718947212580701 -0.22218027339055729241 0.97460611804934527136
5.0039975106352088119 -5.2410485485203679445 2.6873064221208062818 -0.9996806212442161943 -0.0046125580121673930706 0.024847128950334487762 0.023850744114764343973 0.15283247322710100113 0.98796425903598861229 -0.008354490628807791433 0.98824134675482500079 -0.15267364884105255607
3.4540956078854194722 -0.54684120474025166292 5.423996420700401444 -0.74452360567149100667 -0.002328943143867819119 -0.66759207351630212024 -0.66579587390598338192 0.075979194259836194125 0.74225535789871976977 0.048994437313277287849 0.99710668339125962945 -0.058118904402099269557
7.1134358776854300643 3.8407431352425600579 3.1897592675924162364 -0.99648027943658989969 -0.0011029238287438318175 -0.083820261590689601472 0.083822660169341992042 -0.0023458939887837223712 -0.9964779267116493644 0.00090240580238676662561 -0.99999664016459066662 0.0024300871067537517176
3.9179660516932455216 -3.3739559937828031977 -2.3854831761439232451 0.90899771872750489976 0.010142785275628297612 -0.41667765869434625348 -0.35367169963499295315 -0.51020729182320068151 -0.78396737703025132227 -0.22054359257394920424 0.85999165302775104625 -0.46019004823794618098
-0.94356017863842245319 5.7503080405484885418 2.7335530701104984175 -0.024141960492833208773 -0.00043400703757289632589 0.99970844618886334221 -0.9965520423650633397 -0.079392739257497901839 -0.024100203549567846689 0.079380051659738631864 -0.99684331998111719297 0.0014841857748852035903
-3.5971783530603551604 6.4231422612003647998 3.8533059166244112426 0.86350376315782229053 -0.000548868826429006057 0.50434209595811507754 -0.45842871122026790376 -0.41773015500027843583 0.78443905711812977888 0.21024834777306194988 -0.90857097485361026923 -0.36096317805594713146
6.587559131206139007 -1.4957182961404080768 -3.4134420533539113762 -0.87717953261922843033 0.0018766912105931622592 -0.48015887535681445186 -0.25466050094361059042 0.84594580849136657985 0.46853358295323216387 0.40706768087508549137 0.53326556904227984113 -0.74156842978993597892
-4.704184729129529785 4.3835239330939668179 -0.52803062038676096268 0.92527744702615632999 -0.0078780419718316140043 -0.37920915400292276587 0.32230015848062903983 -0.51075138573272627074 0.79702925279780689749 -0.19996063079584902589 -0.85969236266630422172 -0.47004764407982541075
1.5896905835056944767 -6.4519485784051946453 -2.412745166819360243 0.93663555133520515206 -0.0015348757073242482157 -0.35030199561442465495 -0.14440279925434362784 -0.91276740033479619729 -0.38210404925025120981 -0.31915775964621689864 0.4084768255880697474 -0.85515203760217894935
-5.1356229333110947621 3.9181314083063951692 4.4608115054721713122 -0.64633760634037751291 -0.0081462149609295552571 -0.76300808502395378596 -0.75339839757418847199 0.16536443263690386862 0.63643181799097847673 0.12098988868001119001 0.98619888643231179426 -0.11301859686230293633
-0.40405391898245629489 -5.6295050021001857843 -2.2583959495924506022 0.98262909252233832103 -0.002523270892054483433 0.1855631957930326259 -0.13216638998339724775 0.6924181949874465003 0.70928773329950278725 -0.13027705817858098447 -0.72149197941102338749 0.68005677098164540872
-6.5181799779303100095 -7.0629830769160104609 5.4417087994037869336 -0.96227901639709501058 -0.0014501063801713506146 -0.27206063991944579028 -0.21752939050583536273 -0.59648908277069789818 0.77258121799685375297 -0.16340152651692213537 0.80261987972322723639 0.57367348710319465699
6.2885531661475715381 2.2460926254082815845 -2.7365088418030714124 0.77172651973188666208 0.014409500114273419286 0.63579127475066132824 -0.61022589608745769763 0.29826735532414860863 0.73393524271030108341 -0.17906014209430512474 -0.95437359092466234056 0.23897387819335519366
-0.088882374111024009533 -4.7183292919080237482 -6.0719163691206539113 0.93160152303635856974 0.011908445429392969239 0.36328610103311209656 -0.10254042004530444787 -0.95025780897716538576 0.29410127292287119305 0.34871774335891858598 -0.31123670317841778399 -0.88404052512390507435
-5.6979126840998626236 5.1445277130036970448 -3.9604099032852957407 -0.99996581207647905476 -0.0034643230719304434276 -0.0075082050917753108757 0.0058127374525722367432 0.35129416389216461258 -0.93624709478775958171 0.0058810510415658288907 -0.93625872966865497649 -0.35126201667370637871
-7.0260778167381356951 7.3095500721806958566 6.1363866605279406841 0.97793736064155578624 0.0082101011416974168516 0.20873694665927572389 -0.20875466962435493268 0.075461815357838898932 0.975052307485482328 -0.0077463908642572245136 -0.99711489240813466761 0.075510825491634778195
3.3213076574995854529 7.3472629666863760178 -6.4933499450934437647 0.9835178124141561451 -0.008718864922507904916 -0.18060092485496101467 -0.065585528098115492002 0.91360770609390229424 -0.40127234874827233391 0.16849703608107263753 0.40650330965477632361 0.89797762114188295346
1.1204575154124802872 4.7671333602080938618 -5.6857055058287793159 -0.88665623716405017607 -0.0019431681412044633783 0.46242506549239842384 0.39201053672600916222 0.52728049778247709778 0.75385875053233697418 -0.24529259302692335565 0.84968906121927112451 -0.46675479970780209271
1.4061534488502773765 4.3379820410028981925 1.4854667391405673715 -0.63991122803467737068 0.0059048793705732058323 -0.76842615301337813261 0.17895552682561127744 0.97362213480907233709 -0.1415445443254076674 0.74732090808016604644 -0.2280900502199604829 -0.62408844672610219728
5.7118802384055644694 -2.8992700312175241351 3.7304341747082543357 -0.9535607384838762357 0.0080062542437581013521 0.30109436712622311694 0.29882432841145906144 -0.10017917707582540965 0.94903538038879020622 0.03776160446255050207 0.99493720021579146184 0.093134466525637282786
7.3486552078689069134 7.2037964457712861943 -3.4224187845117146622 0.95552655998699909112 0.0020524792147531018688 0.29489791536803794392 -0.047781260027009463121 0.98784065486793593003 0.14794523236764881013 -0.29100849532207534454 -0.15545619292637821718 0.94400605280441574063
2.87736805130454254 -6.3103027165899838735 -4.5679357656976931068 0.99938269313182137576 -0.0038772644030488512962 0.034917037236903411546 0.03478066477276949009 -0.03094554544202851934 -0.99891575149015376933 0.0049535872473747558434 0.99951355170311606546 -0.030791588710856482997
-2.2304360444405100239 2.6179314251163363636 -3.9996365147335799506 -0.82357384021488799775 0.0094286234182939174242 -0.56713069990453357505 -0.5259498031207350266 0.36167413151738819765 0.76978479277551115079 0.21237451426900746942 0.93225689788360077692 -0.29290637076957309892
7.0594996483594636416 -3.5054001897887197003 0.067315207272840918429 0.97365717843943577758 -0.011760375076293847971 0.22771339980663241054 -0.22056144965036372785 -0.3018615282582005066 0.92748706982129813792 0.057830319050999640096 -0.9532792410074037992 -0.29650352925863560083
2.2962012068696342482 0.31787424309724848781 -0.29474788570080068251 0.7005692216745650347 0.0097214542552898006167 -0.7135182260949073374 0.70339218447343987428 -0.17780352331084281481 0.68820443323190172435 -0.12017570663015268717 -0.98401798785666150238 -0.13140167088177878707
2.9840245930813646957 -4.575345077939966032 -0.27081127905667506939 -0.99536855686865488568 0.00096528287298363810165 -0.096127541455040182994 0.07292155160095387112 -0.6439965097789820403 -0.76154510221297266881 -0.062640907634821524352 -0.7650278188545927005 0.64094348664230327284
-4.7385567841635509723 -0.6353875469554437494 -1.7981846886929970797 -0.98558551183855380717 -0.00041479750052947545781 -0.16917750085933627724 -0.1439790236161407333 -0.52302576261782973699 0.84006790939573383614 -0.088832649473755256886 0.85231677185247389783 0.51542689181533074549
-1.7442325378270102654 2.8619550596260152631 2.9216623040403577605 0.9111290253328404587 -0.0014533728987638828457 0.41211865633959982036 -0.16112593297368285605 -0.92165507182120121055 0.35297360001795957674 0.37931824754325432769 -0.38800749515120808164 -0.83998086334577259926
4.1818124639957101607 0.39780384154809445008 3.5547248371645401299 -0.93870895300520096338 0.0024018362504732229668 -0.3447023828327163697 -0.27009893021171493821 0.61618572162702367478 0.73983898542963222322 0.21417765860702633884 0.78759722424950429076 -0.57777032020345719943
-3.7338645682879789689 0.50988392918982006208 -5.7012814059553313939 -0.85702230861289019348 0.0013210469277515071111 0.51527761194779031495 -0.36718781013798601487 0.70000296921693927477 -0.61251037148243459018 -0.36150501327894712933 -0.71413871056153999106 -0.59943308838579101305
-4.0953606235013726433 6.3006475253334484066 -7.3046245711043358284 -0.97236740098572560509 0.014174870465027269301 0.23302512857574450567 0.23268853210384862762 -0.022016052228092934662 0.97230208293090880645 0.018912549479590642226 0.99965712446400933899 0.018109361683773566448
0.19786638684310423053 -0.36045593715879342689 -5.3882212672748197591 -0.98435356871295909276 0.00037654812444585464976 0.17620417127184534456 0.16008125072279641432 -0.41598028055954894278 0.89517283211274423227 0.073634536252424692693 0.90937355602478364691 0.40941139538829079969
-4.0651400362097867003 -3.0241002960027083546 1.5024175233024033016 -0.87590185214338789343 -0.018905034716469124728 0.48211880804834233993 0.092069995034115212351 -0.98741968719326045356 0.1285514580149889341 0.4736233328563763112 0.15698713643384468175 0.86662331930797209534
-4.9620280660107285442 -3.6320392035243695972 -3.7658431114795503092 -0.87373092827393517013 0.0038497063088946750775 0.48639433049622188276 -0.37453182766052217634 0.63270804326676144402 -0.67779528034276681492 -0.31035491787111441075 -0.77438085703804682147 -0.55137474842997102886
-1.0170091457595111795 -4.1234763484255827493 6.321595531194677875 -0.78447355998804713106 -0.00087938652256237923206 0.6201616405090761841 0.25060246657084678246 -0.9151670331066351638 0.3157019247064727363 0.56727386457355233329 0.40307384955377578706 0.7181447168765667799
6.3495680367831814905 3.2206808959387260849 5.4892372930352779647 0.98989933546073494153 0.001247208179755599812 0.14176653387195695122 0.1412052527149911807 0.080650940968127887709 -0.98668966870361907162 -0.012664211780222364018 0.99674162659776033291 0.079660200522427226932
-6.4450336444233329303 -5.963247253034719364 -6.7720374514515873088 -0.99842878350652508601 0.0040307894171990607882 0.055890222780566954641 0.011466287238605920099 -0.96160834410701956365 0.27418591648881018852 0.054849690270310932916 0.27439596440273894551 0.96005123102709200023
-3.4723457879410619675 4.0636659183128269746 4.7914787749846610154 0.73402875598048711314 -0.0026545065326838337277 0.6791132004230028274 -0.67909442165956079851 -0.011270193898122459614 0.73396440594922918166 0.0057054241372452201356 -0.99993296591564462261 -0.010075306985313428956
6.0473073855764480911 0.56512469022731881552 -0.3594774246690318753 0.9312969544175070391 0.0035235847546457557851 -0.36424382910774627531 -0.3608865756427091509 0.14471650315623788008 -0.92131320040200670451 0.049465768097548386273 0.9894668857847758181 0.13604565307941862695
0.72792030813889896379 2.6887016023160921208 -6.5786094560914500917 0.99993568051492420778 -0.0032843700683775609896 -0.010855770187632170914 0.011326911406865669898 0.33809773449882668528 0.94104283802844213014 0.00057957837637160822264 -0.94110527298489676795 0.33811318999546224884
-5.6189354204381718461 0.28085972274241799429 -7.1371985758051916804 -0.62141260163479161704 0.0038244375004796073853 0.78347415541752429835 0.68909243092919603146 0.47851697521132097179 0.54421790311477191704 -0.37282435564952498552 0.87806997335772818403 -0.2999918694266355268
-2.9216267435714891043 -0.95981874428466229521 -0.85203088372131674522 0.91288671468038873336 -0.0084964547282851445031 -0.40812455992893403867 -0.020089375897125526238 0.99763686263436013313 -0.065704697619780094708 0.40771836252024495906 0.068179913246399839744 0.91055874950140702762
-5.2204675295990918826 -0.72570798475765740942 -6.1566220035840597546 -0.94439027995142377225 -0.0018055874976786005781 0.32882174348299070266 0.205538646121192492 -0.78380088871906372638 0.58601197239805002948 0.2566726788812950244 0.62100958663848182528 0.74058505873322055812
-2.9608376121740200837 5.4442490939305621112 3.3187563617252573422 -0.99968847813441497063 -0.0099814459644206113276 -0.022876132141258866126 0.010735553930455441971 0.65547156400784167829 -0.75514354705504693754 0.022532078623472236167 -0.75515389127884102738 -0.65516021393190027045
-6.6837889769204057444 1.2984517245160687171 -3.4808664223994991715 0.72057155712534770586 -0.015027338705792271309 -0.69321772204225395875 -0.097745080847174745098 0.98758003627585833062 -0.1230104512624233537 0.68645650279698311458 0.1563964546944812406 0.71015323608842884084
-4.5916067565760956271 -5.3023663035718131553 1.2175134001467398104 0.97125415302159257003 -0.0021360350430224342433 -0.23803530744974771283 0.097931530614405987167 0.91500393818328251694 0.39137859984997253049 0.21696724533880976105 -0.40343925250686529793 0.88891056017280534185
2.4562544118307352292 4.934789890108813637 -3.2832294494950295949 -0.97935002038465102103 -0.0060243794466501542073 0.20208227142677864796 -0.1314527139506685427 -0.74044899912629735805 -0.65913235672959891165 0.15360247904159687882 -0.6720855500195833665 0.72436682135990881903
-4.0551697465636964424 4.9232844894244944811 -3.2499913216731712851 0.49826533677650858278 0.006951925718329966114 -0.86699672715403119927 -0.55346790665141509802 0.77226918805601585394 -0.31188712298872783846 0.66738664241483625084 0.63525740602380764699 0.38864263484326283526
3.3138033293670763335 -1.9053278910815141245 6.1277572259107371266 0.24629757307241262332 0.0032078250089440365697 -0.96918894719102388624 -0.42982690395192718613 -0.89591342175496846423 -0.11219613789433247053 -0.86866929158206018791 0.44421712098702648142 -0.21928249196924881614
7.1691920831285802507 1.0791519121210422227 -4.2817655466029878042 -0.85377965039006742387 0.00098652438556476231696 0.52063359030071532096 -0.49646056435251106898 0.29963373352278988015 -0.81470640955994089172 -0.15680311419927597805 -0.95405379958612090974 -0.25533141379892476674
3.911436096772354265 -5.9905111668475230502 -1.9476075684101645802 0.81625716067567744005 0.0071163578981291841091 0.57764487801411168455 0.097260333394486225833 0.98395767957636048884 -0.1495583911078647299 -0.56944242482770202063 0.17826004110020166049 0.80247036241435432125
2.0476068028978526847 -6.6209551654647489372 -5.777558407299125065 -0.99517392258858305976 0.0027316391362856365377 0.098088745262612644926 0.047204095231448264802 0.8896790554129349049 0.45413979318369451788 -0.086026956199467194408 0.45657826985874849779 -0.88551433997415418542
-1.1283371822313441601 -7.277048791537908734 1.5191431663275176689 0.9155842463344707749 -0.0015692923487877798172 0.40212314679166311082 -0.33278553661213755577 0.5584088398540242304 0.75989035669275528662 -0.2257416100010675164 -0.82956440671852393898 0.51074809898787054685
-1.1858161444788486438 -3.5696468312902926989 4.4922154805054299587 0.98899142363780379039 0.0038267939656572188926 -0.14792335724591620938 -0.062889837640291545995 -0.89401586580268121995 -0.44359948153124845183 -0.13394339211969863435 0.44801895868488844643 -0.88393335742377521225
-4.6482897938701226437 0.64412387338626064803 4.8010828844121213876 -0.79270493586719936729 -0.0053545720026259187307 0.6095819987585551214 0.40934350140081482428 -0.74566126553935108134 0.52576342106959628175 0.45172644654993293623 0.66630368874310175187 0.59328122493011381522
0.05411638504962458518 -1.2806873821296538285 4.7698524254373291242 0.82565868408598785955 -8.2520784292621288114e-05 -0.56416994831675548738 0.3257939413435989584 -0.8163387482837429765 0.47691650824275882981 -0.4605931449524134913 -0.57757340766424747347 -0.6739902919047839891
-5.343387464011615684 -4.5544122305447674037 -7.1316334654459581088 0.99986589722372554156 -0.0034947957375219647 0.015999186599262409103 0.01634971965987476461 0.26880665289070182489 -0.96305538263829826295 -0.00093500595245044537326 0.96318781645356610355 0.26882774410276311094
-6.7352949170120908207 -4.8350829544554336792 5.1702985077388694535 0.93503156739422721433 0.00090477035112082821247 -0.35456332208367885572 -0.19280829422398895745 -0.83792170634519114181 -0.51059981953972022328 -0.29755827942571433375 0.5457896989007330335 -0.78330879920947094064
-4.1679795392406511212 -1.1777492256237378498 1.4603828731454646661 -0.99965607870364769916 -0.013050374877094206294 0.022746692646959415507 0.024763315735323622457 -0.75524028845487500838 0.6549800644969090424 0.0086314833374188902615 0.65531808643603184361 0.75530371578937094412
5.7787370466777225886 6.9934700979705164414 -2.0464799921911245306 -0.65703537842532333535 0.0053899385764656759096 -0.75384047387993369238 0.40867798129937149554 -0.83773675070338504689 -0.36218702920176348847 -0.63347203497753612478 -0.54604769487928594973 0.54821993380247568961
-4.4587229727490935716 -1.6371313810043344183 -1.2765712783424707499 0.99911314074395229934 0.0046944616574101215994 -0.041843685574949385231 0.02738662409589497776 0.68238955198955331127 0.73047551099001040154 0.031982883131141212618 -0.73097363930941283705 0.68165580304232809006
-6.4646020611877386131 6.8297279509220523153 4.6005248247715249121 0.95275946532301059033 0.002751401871502239839 -0.30371340277533309671 -0.013146206991879235554 0.999395424366914642 -0.032186379047831316369 0.30344122738898560154 0.034658556551380260979 0.95221962066451781848
3.802993705423744597 3.4355902191821652281 4.9621055867626102653 -0.82920681835330178888 -0.0015328815725781071502 -0.55893980236733586953 -0.34290860929909272592 0.79109001158280678467 0.50654741065609643069 0.44139521753748894861 0.61169783704697267002 -0.6565028698239453453
1.1230103071181114505 4.2429141729348813783 -1.0189350902117082498 -0.98388780531334973922 0.0069736684606064259714 -0.17865092919922609394 -0.17428725688904878055 -0.26018265546231683638 0.94969939343064557757 -0.03985898445281509106 0.96553423230086943274 0.2572059634098723957
3.3403353425050728021 3.066050568768148743 0.77129517763489141569 0.72775050712882205506 0.009558661152171087777 -0.6857753505125868676 -0.049493384284027323872 -0.9965639312799765559 -0.066413370521079276299 -0.68405380218660172265 0.082273707032296250485 -0.72477681588566922333
0.15002483242252676043 -3.8468341195128799015 6.8976758311075032637 -0.87672926111135107696 0.012170504202319156611 0.48083020031893408675 0.037369344971495369045 -0.99493451295620127794 0.093321203298598415232 0.47953032726579541967 0.099785739242429366547 0.87183339662811576432
-1.7734575497103686192 5.0514632666497476521 5.683676339147749168 -0.9230960743440237426 -0.00037963288035798299202 -0.38456923097072320816 -0.37114453628221033554 0.26279361119462951724 0.89061285141367518836 0.1007242310390583373 0.96485199579741909304 -0.2427246495258397474
4.9351136982068872783 -5.4878703991279564889 3.8032167406281369715 0.96866798250372843082 0.0044219218387526321168 -0.2483199272700816751 -0.21276319335017673806 -0.5009999842734261799 -0.83888666654883281559 -0.12811777092809420453 0.86543599553361272303 -0.48436182178944930943
-0.97483640691235950992 6.8458525423682416999 -5.9553266156953243993 0.9020537398213012148 0.002792867359848670919 0.43161470128620893494 0.43159912709173003931 -0.016514833697845565652 -0.90191432728468801105 0.0046091179271732698325 0.99985972024075775444 -0.016102666614253424021
4.2517670802259015517 -1.3818628909137615768 6.9832145718169789106 0.81196800617795517052 0.00055963228223223629096 -0.58370167359293112508 0.50667078079606697738 0.49583582159410466428 0.70528828000454335534 0.28981490098155177071 -0.86841610120719292532 0.40231927412588203152
-3.5273656727391387022 5.6709963455403578081 -4.6324902374212868494 0.99551839095975080962 -0.00071177089765117043316 -0.094565462209951184347 -0.057034742670257904118 -0.80215639050001141808 -0.59438385182361619385 -0.075433224704519269421 0.59711357258256569924 -0.79860203483865421781
1.3568632101042976679 -2.21148169946076667 2.7086847169639756139 0.74327567869552224611 -0.0065189959689299810386 -0.66895348728522519011 0.25837989339496092445 0.92515755056909854126 0.27807074156475841686 0.61707462769813758996 -0.37952734989287373324 0.68933148378304565096
0.54261262427536705033 5.0455407163437477891 -2.6113710650112347267 -0.84767965709417336662 0.0020684203521031379464 -0.53050440204180449033 -0.29756455900278822035 0.82602041249457791583 0.47869156183053607201 0.4391976003736657308 0.56363640742898468705 -0.69958521142626295397
-0.026706637051101909247 2.3399074664722667727 4.0726586499130954522 -0.9997986755592090935 -0.009937665698475085102 0.01743132670250472499 -0.0045213332361115788488 0.95797459315987520956 0.28681742695650208619 -0.019549063811705052335 0.28668087076161613558 -0.95782666095882551538
-1.3693361426191581476 6.3900650717752203178 -4.0580532224773868677 -0.98349424347623737308 0.0043465220021135925199 -0.18088720462113669352 0.012895331716482655651 -0.99548555326710341795 -0.094033098728961136969 -0.18047931590370747124 -0.094813611802989194999 0.97899826125879785277
-5.3141584459401762786 5.8613448820877609435 -2.5143403676911852962 -0.9373132285152400156 -0.0038492188282866542787 0.34846677770591616419 0.34794341510844140064 -0.066218931927212010269 0.93517401211590267529 0.019475408416660372479 0.99779769320682309974 0.063407191218138370115
6.6915601275626936939 6.7142900371029980988 2.8984602997738293517 -0.98381468290024076673 -0.0070738968651333127349 -0.17904923818061027618 -0.031576000895477990271 -0.97674019297060010736 0.21208854661000597908 -0.17638487995683407861 0.21430948513510914011 0.96070797784955586085
-3.5749748970989112529 -2.1001314202542857856 -5.1229027409888745481 0.93117495448012377324 -0.0089719152932941047263 -0.36446221873449485829 -0.043766631403538966416 -0.99521828901797093625 -0.087321470324034020094 -0.36193602490562615248 0.097262849741982349006 -0.92711501548377139859
-2.3130707110666661741 -4.4741704317375114996 3.9811712916912349591 0.93229410588971539653 -0.0089321253384849023937 0.36159081467883130712 -0.072051066845382427672 0.97507373917994299983 0.20985672952744732767 -0.35445217433327508294 -0.22170119597890028396 0.9084119306855636955
-0.96003700481297626901 2.95896693271327349 -5.4601306394313287029 0.922779589348754814 0.0048541428988536855851 -0.38529763401545857882 0.29561676291551447493 0.63246068963732171575 0.71596382977552075477 0.24716099806527258576 -0.77457724815556516784 0.58218684945229937089
-7.2366502403938426369 -5.2518685943518645942 1.1100103815143576025 -0.87846385569794005477 -0.0086455569409643502621 -0.4777305815806542344 0.19734823533927872696 -0.9171345084559224814 -0.34629173742356900156 -0.43514931717825733326 -0.39848406209597492245 0.80737570189762952744
6.8594774511177494247 -2.3474721058942158436 -5.6878443601998522894 -0.99557949637601073078 0.013690819369870470962 0.09291946976089379695 -0.092794488766280228131 -0.29625772695828234138 -0.95058957603800908753 0.014513760721130430226 -0.9550099060651559002 0.296218551186867185
-5.1167815151526738759 2.9506927109225906669 4.3172515956819514926 0.99423123250198275347 -0.0014408072592604389672 -0.10724821859596837814 -0.086166277116038511585 -0.60617461921187687501 -0.79065017783547009156 -0.063871973552814723107 0.79533028051105481016 -0.60280188776802245965
1.91956934285570191 -7.3246736136502992309 -7.3578903472901853178 0.99940750964682245616 0.022143170921760362696 0.026349756033739336197 -0.00053426749856458983969 -0.75549780500241592307 0.65515096061499078495 0.034414302546211708589 -0.65477686780927968346 -0.75503834946465764322
5.912494753307272255 -2.7088586218271468731 -6.3940258551351076832 0.95257683789452707313 -0.0043755683838773897637 -0.30426669602199263309 -0.024983723023976243949 0.99539624397698622804 -0.092531784055427834801 0.30327080553641427851 0.095745349119001496585 0.94808208855116471447
-2.4192771070758221086 6.7007434809760182404 5.4515704539765819092 -0.93935130963309498853 0.0093118721163583870193 0.34282999595758195666 -0.17066547261002376623 -0.87976159773761175575 -0.44372607271273156737 0.29747674455224865087 -0.47532391080611890999 0.82799442405533962841
-3.1392816296278875932 0.50775239313520847961 2.3568570145852483222 -0.76327650579246497653 0.0014466837567487646037 -0.64607033890374165885 -0.52503607259552942388 -0.5841272557252042974 0.61897695562303634009 -0.37649183016176834826 0.8116608012125612337 0.44661017184596613072
2.7712585495558319515 -4.573549060358493179 1.4729758368097538579 0.99585428323836289177 -0.0038887885034904565856 -0.090879722048779254528 -0.057748241468796500386 0.74489652367686365331 -0.66467609376397596144 0.070280773778843813604 0.66716867907457644282 0.74158382297542202455
5.272313763287334254 1.5213670052586787396 -5.1126499417701323225 -0.99988583613139769835 0.0059806800299412781266 0.01387610068715866736 -0.00011447722809728669985 -0.92130567783391248415 0.38883908610884204693 0.015109652506455805571 0.38879310623701957006 0.92120118266515182981
5.8706467648369500267 -5.1567218943420929378 -5.6414232195045075358 -0.99249286820832038902 0.0016853782317320278438 0.12229090749409085581 0.096321146866072182569 -0.60540198418722224183 0.79007004386225598846 0.075366724898484255268 0.79591808437954914002 0.60069481414088909954
-4.3524281892998493149 -6.4836048045956120589 5.7701704820948034325 -0.92965201840713229675 0.010697188062381832174 0.36828344361262660422 0.3646501049272209416 -0.11626536673429942181 0.92385749197298316915 0.052701286968289511037 0.99316057848956484921 0.10418560210602084704
-1.5953676463941615093 -4.4698118307212197919 5.3453044550164916515 0.87474766089455935347 0.013519295232522378705 -0.48439008909746972265 -0.20102538203992387222 -0.89941344803532652374 -0.38812916054951829281 -0.44091419293911049415 0.43688977803277356804 -0.78404208835702404734
6.8965870707197636236 2.425698140949767545 -5.6078194441629518607 0.95177145705072063731 -0.003451724411961491594 -0.30678849251912471141 -0.17752406734814990541 0.80935251133753394193 -0.55985151415711620349 0.25023249000832514799 0.58731303236902387965 0.76970585482636455499
6.9799747404257725947 -5.0594490133529266274 -6.7098867853635750791 0.99176625748735613985 0.01048234585692233399 -0.12763154365243450927 0.094798818653704985948 -0.73015763586948700947 0.67667053339371363574 -0.086098051613391096692 -0.68319832201699381979 -0.72513941990598795861
-4.9430958638918962578 -6.41143501815489536 7.4953852683865713757 0.99794959396804372442 0.004151508336645493534 0.063869968509700142389 0.042882412253015450565 0.69744067744111692964 -0.71535837184570472136 -0.047515330349999884696 0.71663049504536813217 0.69583261417734387777
0.98313094933598532688 4.7212524415645695797 -7.1136160136965269629 0.97963765072755526475 0.0010964432005027826764 0.20077069280479128977 -0.19245440760737342334 -0.2797451547980886466 0.94058702380980963031 0.057195928784400211498 -0.96007366705851482358 -0.2738378709222363816
0.44435667171758291838 -1.4379151256836038009 -6.3984306504749897115 0.97642555437698697052 -0.0020954277729405106079 -0.21584426316648253064 -0.098792376594151923297 -0.893413045827645802 -0.4382387430064970113 -0.19191978294673775474 0.44923127532208356749 -0.87255834084960570696
-5.3807970211997346865 1.162493216304889998 2.8269359099897317655 -0.89460940019692036795 -0.0029874931053483306728 0.44683900452430347361 -0.38924570796312130128 -0.48590230319774313505 -0.78255142360065788054 0.21945796843956646982 -0.87400802435211422114 0.43352989914915673886
5.0118964160521892737 0.25359763307236488084 -4.8583286044294666794 0.58833838309362496144 -0.0044794301783821913535 -0.8086024249803436259 0.2864310270533007019 -0.9339916602823586933 0.21358100398721649449 -0.75618464261061724141 -0.35726672561027889019 -0.54822009544681238324
-0.39221689745193699661 4.176971989840728483 0.19482817630873891512 -0.90928471399778976192 -0.0029777677742399491501 0.41616396022385870879 0.10316542533126220327 -0.97037622221910690978 0.21846483096345575836 0.40318507401233744103 0.2415804633052470729 0.88265546836963171273
0.35374651662114503514 5.7389254418153701209 -5.8885429452810962303 -0.9832752727112255009 -0.002086817045066262713 0.1821136548122207488 0.014129977346202644839 -0.99779448979551044197 0.064857535212985373274 0.18157665547823625962 0.06634607244086454525 0.98113613574115676741
-6.1110843095009670378 -0.92318529253565351222 3.9350349961200175031 -0.93904916959865658566 0.0029024821499832390015 -0.34377061054340007917 -0.34095978443232111132 -0.13574980999300617635 0.93022492682505109052 -0.043966833816866911222 0.99073889834015016476 0.12846537603519780912
4.0703229803304807888 0.85555982921475204339 0.84029390040454898791 0.99445274907754366289 0.0012483910780179633543 -0.1051768575869384964 0.095843250195473198016 -0.42270359996864198537 0.90118573999242279626 -0.043333604097973640878 -0.90626712844137058411 -0.42047840689224641464
-4.9132094517232127728 3.6496792037402085995 0.62573930651274933812 0.94811717806986983703 -0.0046401930349163770032 0.31788722097208088613 0.1629567811078532491 0.86564706650279110711 -0.47339227258796051645 -0.27298150878715865542 0.50063322389117204114 0.82149100481777415084
4.6606733076037860641 3.1110099704211933158 -2.9426435593670956514 -0.97548457516356801289 0.010376450873099863845 -0.21982304903112773187 0.15875534393353341045 -0.65857521907735105948 -0.73557829059165646957 -0.152402704669583694 -0.75244336005073730878 0.64078265076780871468
-4.255666654512671343 7.0314131686465817239 -5.1074202609876797609 0.99989232190020738145 -0.0078726135757769717671 0.012384125342020775584 0.011851058604064318783 -0.064488513711403780415 -0.99784807661752017438 0.0086543061514919653043 0.99788739522801794823 -0.064388270905960887092
-1.0947349446124943206 4.7773332469340417106 -6.2903365853972115218 0.99949715609622313828 0.005515229780911613984 0.031225265348224891943 0.0023506888522794085888 0.96915936066928032311 -0.24642363500462530213 -0.031621341172110351003 0.24637312326524998807 0.96865906020393133247
-5.2373427156566148 6.8732959646131437381 5.5199625410745190024 0.99869282915466939254 0.0063302284027927690005 -0.050720421956923160411 0.042026911950393042172 -0.66648259599644421591 0.74433506427265661021 -0.02909246753082522785 -0.74549371388511809222 -0.6658774293296542135
4.8514054937782802313 5.068073549839507308 -3.2148304870449564419 0.79642177850108530901 0.0060461142565701540136 0.60471133215080141721 0.59079162263308737657 0.20575927386322304113 -0.78014638360111721038 -0.12914181877235997309 0.97858395946465337456 0.16029917318099640156
4.1515213118354372668 0.13296088602297037595 -0.78599852228624755845 0.21531313431877655007 0.0040089084981994125428 -0.9765368312779145743 -0.011332019567248911504 -0.99991398629802119569 -0.006603433809926154488 -0.97647930829192564062 0.012487940511093507251 -0.2152491854094349677
-6.3048656243055107851 -2.3073039158758854583 -1.629598721852393739 0.97290785734724782863 0.002938044624589544046 -0.23117454229599693205 0.039175657172610407752 -0.98755428407675283076 0.15232138355042143529 -0.22784988259172783698 -0.15725108551417510405 -0.96091442236423574297
0.90704343785664898192 -4.0707249498588673475 0.20470057598864688231 0.99197254024286773966 0.0060200990156474018869 0.12631008594690043556 0.003414725415542062964 -0.9997771338444736422 0.020833201679349683255 0.12640735364055508128 -0.020234649730501850368 -0.99177202012145482257
1.2268349457188600926 3.5546845085415639254 3.9265765229264744107 0.93531473836349099393 3.4377111744345913158e-05 0.35381681562400280061 -0.35074219097103143117 -0.13145553099645687634 0.92719974053238640721 0.046543051822421091512 -0.99132206784104304198 -0.12294023807687051719
-4.0861561174713019184 5.4869206835721646698 -1.2566855801232517109 0.99994963390328917008 -0.0065933329368744421004 -0.0075668763426030415803 0.0021150958237179306662 -0.59857161167569306048 0.80106650913989640994 -0.0098110155670672154204 -0.80104216721518584077 -0.59852751842899210022
4.5933222423045707572 -3.3879955832275405747 2.6933245373125078714 0.89332492355833181819 -0.0015619258793189471149 0.44940865738996510492 0.28663260310581384349 0.77218119537526697105 -0.56707843579684746871 -0.34613917979089592336 0.63540047363568241678 0.69025640621233375072
-0.060494729356648804797 -3.2075664359521711688 6.2221299185750398308 0.84628340063468565635 -0.0043287484130106884672 -0.53271537217121311958 0.53068469625662861855 0.094453463205899756971 0.8422899123505718233 0.046670750683207709586 -0.99551986681616033703 0.082231598580314563263
1.9276790001221331128 0.17789906487593776241 -5.907822214716095921 0.89848042596550248273 0.0097816531694522659834 0.43890459489284777694 -0.41899681109804326473 0.31754657363722771368 0.85065024884557083329 -0.13105188455912619716 -0.94819222356671450935 0.28940786223069120409
5.6561760812241095309 1.9703749701418917795 -6.4178559537036656835 -0.81741804407522367093 -0.013068613009263844657 0.57589665094894360031 0.45129426150898499515 0.60678414920087198059 0.65432903481934401313 -0.35799613231047827666 0.79475921361915613517 -0.49009852235870460246
-1.4469301418400839498 3.5036254340507118066 -4.1597888656853267975 0.97154695042756089585 0.0064779883675335648424 0.23675843972638296875 -0.028566077030793751712 0.99553354654263959134 0.089982981453780433445 -0.23511806046753405686 -0.094185951048750077286 0.96739263190654312119
-2.1638581962167595663 -4.4280051998459581952 -7.1438484918353379882 0.97924331275200915403 0.0087524440182514106484 -0.20249920778656946285 -0.056910020173983458247 -0.94700529860689497408 -0.31613638514800068702 -0.19453478875069835086 0.32109867507414074916 -0.92685050403586921597
