1125 14.717824617146108679 14.977075390850430381 15.033177056927090831
-6.2078958886892907643 3.8328302023063680615 0.89588118194937504946 0.97588580291577509129 -0.0014917262288960679746 -0.21827660071625232252 -0.12659404634129142742 -0.81849573385410956394 -0.56039154266779966918 -0.1778225157237680043 0.57451066866979583203 -0.79894721007473756824
-0.5516302759172951875 5.636444059359824621 -5.3298658380751495756 -0.99415443818722759595 0.00094330592782160141777 0.10796324933293099946 -0.0010484004177082270615 0.99983034447275254131 -0.018389756063028419447 -0.10796227993684545665 -0.018395446322898717506 -0.99398478542962731552
0.11815233569395801327 4.9330560493479920225 -3.3470825401148118772 0.95636860736169493347 -0.0081987735796736852661 -0.29204771350715930112 -0.20485592337349070591 0.6938948503664253975 -0.69032165495062969285 0.20831019541002893103 0.72002966379642485695 0.66193968436822026025
3.1291869316127765011 2.9391291270862165419 7.4943407482889803362 -0.99451583339226667935 0.0022180814763186115085 0.1045625996552425746 -0.048642086728874593671 -0.89487329799087200755 -0.44366172692894007001 0.092586200541734275937 -0.44631475514211216282 0.89007355584336966814
-3.914358312012893748 -2.2775802634317887652 -3.6368914667539775643 -0.95736109600724117463 -0.0013693701633985103962 -0.28889073484138932946 0.26731586959171943496 0.37501354067667280745 -0.88764129589245421847 0.10955344684796781973 -0.92701832189794364236 -0.35865731994375715797
-3.6005449120361192605 -5.7797467481412416745 -1.0156045914485583026 -0.95367916536244290437 0.0039927526327603549833 -0.30079911482590337979 -0.30066723016353785747 0.019791478459591588246 0.95352373546027724416 0.00976044360685327482 0.99979615687742207086 -0.017674230783800093381
-3.6851109062260327676 2.7661275986809550353 0.45611734917279461721 0.71348070786850370517 0.0078713238155170943411 0.70063066002053664416 -0.3091556686121392783 -0.89380310130064311025 0.32486734011035234282 0.62878299282383121049 -0.44839051993406503493 -0.6352778050340526228
7.2840428196223143686 -4.9139582008865714258 5.2114407940467248892 -0.86707857302487567619 -0.013390921599275743686 -0.49799139693373573046 -0.49061847295160798677 -0.15045612272791020203 0.8582869386937975742 -0.086419107840226133677 0.98852599275498787001 0.123887446691317335
-1.6513411038398404518 4.2066810915448673569 2.9747019127368838909 0.99811149737105442359 0.005650085867828046407 0.061167927425062308677 -0.059196969200646577802 -0.17747372040934361603 0.98234352311277373104 0.01640602490714792791 -0.98410932070258516635 -0.17680409286265680313
2.4909419874575955411 -7.1236658896785698403 -3.3815857062313723347 -0.93869700173952863587 0.0021043464410994490617 -0.3447368716155204682 -0.081086115257945137746 0.97057942406832564686 0.22671705601402930563 0.33507160553762299626 0.24077199442905747317 -0.91090936204499273199
-1.601501662829352135 6.0646405832239915767 -4.1208287627537538711 -0.78108381431619378077 -0.012302092675324729013 -0.62430500040369563131 -0.59303274185806020835 -0.29841183416802680162 0.74783858172259798369 -0.19549997978928540521 0.95435791804974501318 0.22578910991923531459
5.6286489145723299643 -1.3247709948800563406 1.9754351757060424344 0.99050325538237726786 0.0018350134006061866003 -0.13747703009118614204 0.068091321017843764452 0.8621270275688536211 0.50209616642352594695 0.11944401650525791891 -0.506688879946047388 0.85381467887354767221
-1.8455513168228376841 6.4183419708377886792 0.26083689996159414859 -0.96139515645597095617 -0.006488939729130381931 0.27509497778801073054 0.16169606998377442086 -0.82223453163137949495 0.54569657864499299116 0.22265159800645828447 0.56911182438446439313 0.79154153223379453141
-0.77555527589173145486 -7.081353366418579931 7.046787819886150217 0.98082502903369472858 0.0041946676504985604128 0.19484523906031669949 -0.19000037929078558707 -0.20197165096218122615 0.96078473555583654431 0.043383387264431499952 -0.97938238547110489929 -0.19730186197441923479
-4.2972501673329830396 -2.3886315119337413471 -5.7857779251834022816 0.98853873635213118654 -0.0024221908452088419979 -0.15094800337486952158 -0.083094601872621950966 -0.84351422875174109084 -0.5306402105315352058 -0.12604147678838706348 0.53710136742038783186 -0.8340477607692130535
6.0839951378464487419 6.4111966373625737248 6.8738974017288718699 0.77276455394487442163 -0.0024953828554726371555 0.6346878896204133369 0.4714288824898572039 -0.66728807968341041779 -0.57661202507986053512 0.42495853082469697837 0.74479553689367306024 -0.51448017969831172369
-3.6806373081947914017 -0.36376483438067191978 7.4174700333085237247 -0.96858400472460748354 -0.0063994151948391884976 0.24860425031919933248 -0.19648859372254665057 -0.5930752759667523577 -0.78080340007835458138 0.15243771950719561814 -0.80512158368919817253 0.57318581380675492909
-0.68876799537320598787 -1.1490042067099184298 5.1667468023089293538 -0.98673984835113315306 0.00012924386049370062239 0.16230975008304907026 0.15636069260632287636 0.26901450167552287684 0.95035915931614567409 -0.043540848449087843353 0.96313611768243900801 -0.26546753724715499434
5.7389502202608113635 -5.0133825335567161474 2.7066379832279423567 0.97174733194476758946 -0.0028112899550924016698 0.23600682089055413648 -0.088528991750076321821 0.9225830626941333712 0.37550380830248586417 -0.21879154571831438414 -0.38578826975264873811 0.89626874900528530343
6.4954782870988720944 2.4918945329807202782 -7.2533934910762214443 0.99962934064456487882 -0.0037160522817881111446 -0.02696984015221887826 0.0030523903937726805727 0.99969253842079985883 -0.024607144054298299429 0.027052989396326391353 0.024515700705076609589 0.99933333587142469945
5.2241971889698302078 -7.4201327671720180845 -4.5724997760861612051 -0.72003151378408014605 -0.0034564762860511627843 -0.69393275749855809487 -0.53951079852705152717 -0.62613780911281102792 0.56292054703310978603 -0.43644325797348693108 0.77970474974251191558 0.44897414825175391284
-3.6168252409432266603 -5.1836526525884494276 0.86293830314062514031 -0.99964654665224994545 0.0028348930545362147418 0.026433787985495095507 -0.0033843730532492418035 0.97263888298273482036 -0.23229754481947909039 -0.026369068715587733881 -0.23230490027430097943 -0.97228550617784403887
5.1003466465944509167 -0.55106462352639651314 -4.4953538947765867562 -0.99709791258791991009 0.010640321390383131531 0.07538259927594230525 0.07556316675144543471 0.017732635615963159015 0.99698333058511579008 0.0092714908935610327451 0.99978614573059743087 -0.018485190336874006423
-6.5166967316828676715 4.8594549510465698816 0.75747072707455886942 -0.90387165543783054567 0.013563057890163175701 0.42758867379395049113 0.020793272197925469214 0.99970882132936855768 0.012243871429271472456 -0.42729810475532964409 0.019957856020713711509 -0.90389048764528634461
-5.4315990300974883453 -5.3242810232761845768 -4.1761181657899708597 0.91064224926562109541 -0.0060542580376522214802 -0.413151352184641385 -0.04862855105003791728 0.9913735876133944469 -0.12171143662476695269 0.41032421068615571036 0.13092652803036797238 0.90249226389082048971
0.89387562880094428852 5.3450407389554426274 3.3042343974538468387 -0.99992231337202419628 0.0073580139042704797298 0.010061155600454396719 -0.010982623263064990315 -0.13835000696570226575 -0.99032250179361702713 -0.0058948457905070392876 -0.99035606485944593924 0.13842006931485334453
7.0654015339493314585 -6.6136586402153012543 3.5187043074349211302 0.9983456058184053683 0.0030886072125644826666 0.057415257978485442769 0.056928127271673872878 0.087176954322219391003 -0.99456491339705788146 -0.0080771076870564950667 0.99618805410452770932 0.086856900651745949649
5.4035401536690175206 -2.4241778541043634831 -1.0042088798705410824 -0.99460312497208236415 -0.0033408362694059903775 0.10369890360408065555 -0.10374787674949291494 0.022382435383344861934 -0.99435175096956041063 0.0010009323849487876401 -0.99974389990610801338 -0.022608244846280909496
-5.8614810448524465869 3.3674987263722706565 4.5197024463795223426 0.91562557315286452475 -0.011333652050035784159 -0.40187231569232118034 0.085859238798882339672 -0.97102842871810379766 0.2230066854022566547 -0.39275692342917517541 -0.23869507525798472347 -0.88812536285487631016
3.4079089016411714397 -6.2733422632019690823 -2.5600570691757540409 0.98708227677002180478 -0.0014546325727659544305 -0.16020756202646893596 0.065990159393570044233 -0.90750595504143438674 0.41482314355324717559 -0.14599273183821034894 -0.42003669554971223565 -0.89568705284945426826
-1.2929136010205359852 7.2483786019241014387 5.6763926232135482053 0.72480414222915479083 0.0086496815513792020547 0.68890067383944353363 0.55243746874964849702 0.59018375306171655392 -0.58863909209590470351 -0.41166952586858651664 0.80722259670486062877 0.42298922071378602938
-0.15620249622878346063 -7.416471139922661493 -2.6650911465979874038 0.93402475048468402985 -0.00560850186660087624 0.35716426219469327163 0.31037705572097090689 0.50767511655427288719 -0.80369898551238849738 -0.17681586117822145621 0.86153033651664723269 0.47592187436322663796
3.0217598377011940514 6.5357819398899916763 5.7022494401639152173 -0.91323396500325215719 0.0020393183613214172639 -0.40743044356687402319 0.33103595005454472533 0.58668632016341970559 -0.73906316475964373147 0.23752668257682935105 -0.80981170830866144872 -0.53645696206723025856
0.66711170064948621672 -1.2281855190857697835 -4.0462444189726189947 0.97788931795975786443 -0.0026232009825251992319 -0.20910667286575873591 -0.20068987373466026791 -0.29286747723155570622 -0.93485411448011368485 -0.058788233522822058719 0.95614944417526437359 -0.28691842743650625147
-0.33822258067981975094 6.4692486141026597224 -2.2465488189742113256 0.62861207634020566104 -0.0051807705462439644639 0.77770175330639235156 -0.30846339095889319104 0.91629915994375732424 0.25543332970564658346 -0.71393080471248260288 -0.40046099573234994473 0.57439863943057134499
5.621372679478692902 6.8331127107403952792 -1.3363177156720413841 -0.96652739120890873714 0.002358702988106407307 -0.25655260389030831725 0.2214235827418128133 0.51278915647355760576 -0.82946903378536596119 0.12960092225149696943 -0.8585113380283293516 -0.49614703811289195823
-2.6645470464736908944 6.8796808042999550992 3.9814927392666468187 0.81823451092194121603 0.0001112821047668036134 -0.57488457341679843893 -0.42128973566289940056 -0.6803011941580306976 -0.59975431957770841684 -0.39116140372149321713 0.73293265232449067437 -0.55659903287300982466
4.515002492337819362 7.05499114960817586 7.0005106954897158289 0.944665540766592704 0.00067594238311568599978 0.32803438720655153649 0.18578988509653057704 0.82304549477093102983 -0.53672919813733288574 -0.27035002253358381141 0.56797504931040354581 0.77737713413565556753
-5.1982537862069850831 4.8337636894805537935 -3.9168354095326995967 -0.87872714205154889289 -0.0079476491362115118944 -0.47725825785952491476 0.44325588166357776654 0.35737882965656109224 -0.8220733516445456468 0.1770955482008000903 -0.93392569671597824854 -0.31051563538872301029
-0.85243591673077478976 3.4541502898383704689 2.2364909033618145529 -0.99933438879023150925 0.00016489649795704743734 0.036479476291899855245 0.0027555477342125272652 0.99747408804284543038 0.07097781794080663953 -0.036375628353003792992 0.071031095247793260561 -0.99681061248860036716
5.3501604619733349466 -2.9499011934933667689 3.4909262896370876206 0.98162795902111465995 -0.0026982840231037849565 -0.19078592540193736737 0.011511961007612337218 -0.99724091376899115513 0.07333508477411491977 -0.19045740946963041207 -0.074184089725468749243 -0.97888850029488694293
-0.088912738268659141649 -6.9198581513530985632 -1.2974425582105122423 0.48007421275554690299 -0.0042744498486713879831 0.87721746410201195676 -0.42179243112946451788 -0.87793135494766860738 0.22655613220933235041 0.76916831401785445976 -0.47876744362819628753 -0.42327513467340255326
5.729473015318813367 -6.4417784542264664438 -0.38453438987701715757 -0.56381876482005233164 -0.010586509160094821971 -0.82583068861640229752 0.59225959542218598042 0.69172073754280405389 -0.41322027162700092351 0.57561877320600529639 -0.72208749267457406074 -0.38373517020968972435
-3.0760301363423310228 3.7206042800662664227 -3.0098414592684248348 -0.99517247188449742268 0.0013161714629814375704 -0.098132659681116257699 0.02230396971295343575 0.97677885059415214819 -0.21308592155992214789 0.09557344891995352143 -0.21424599115191342302 -0.9720927790786263456
-4.2573349828718809462 -4.073822789127460986 -0.36221029601222476391 0.95093327916520609122 -0.0080818481375945216971 0.30929044975045461019 -0.23118433399928653427 -0.68291980012358022289 0.69294613810338046012 0.20562028666804080257 -0.73044865002938974552 -0.65127956161761624276
4.0108056844420545417 -1.2854643876017457504 4.8432720896497869489 -0.99429654837690750746 -0.00074180200679844349176 0.1066481299211056305 -0.095316065803669650092 -0.44242995476748725459 -0.89172337791726774547 0.047845809488196805459 -0.89680275693949440541 0.43983587127493228852
-6.0335574220361900544 -3.2156820252514934921 1.9726401842985350488 -0.99463948577449523558 -0.0050219003633724286495 0.10328152717207154943 0.04947090728110030422 0.85398117398522133126 0.51794669977863883048 -0.090801556545204137327 0.52027966998098484908 -0.84915495778649041636
-6.5299969279732241745 2.2564225984125902968 1.4360496344682260883 -0.96295541177100041352 -0.0002358594133315614072 -0.26966056313688308022 0.20657037107329218051 -0.64344000230731190904 -0.73709812455695267186 -0.17333654183570523788 -0.76549651063939594398 0.61965275393833030293
-0.71093043721241255817 -0.28089562680230201197 3.9272353403391737636 0.50517963602597992789 0.0042041603418299221956 -0.86300397471875922584 -0.81901612936069478899 -0.31288226683361519687 -0.4809545372986066547 -0.27204064988840653827 0.94978261309460176864 -0.15461847454761346032
5.0958334564458196425 1.076571460118354473 4.2855738988446256954 -0.6314223848274962414 -0.0071510190089771876951 0.77540610963927247834 0.47914136460038536658 0.78262777991451404347 0.39738811108918625781 -0.60969609205546893005 0.62244889029795835711 -0.49074235021959722314
0.54100424960220727666 0.19935706963397720193 7.1423620835705365906 -0.83444098508067687803 -0.0076361609278635979303 0.55104440062814485923 0.075045352352350949698 0.9890152874440382158 0.12734581379976162019 -0.54596376940937452193 0.14761588751990928348 -0.82470183232733274004
6.2055346853243369409 -6.296875876718991627 -4.0055999323244240173 -0.99884314184425460059 -0.0067935391119223909745 0.047604892786549925232 0.0095943819745902964025 -0.99822037614487224566 0.058855997857553382646 0.047120333460291270733 0.059244649341620436722 0.99713075657057559376
-2.4154831056452956695 -1.5290021912235356449 -5.1633043372848952401 -0.99929468987571812288 -0.011919249182493546133 0.03560974986061194586 0.031886809278009492497 -0.77018298544848406983 0.63702543145452095175 0.019833158605630833715 0.63771161227048756004 0.77001983441670418529
-1.3543737085912563867 -3.328177727572557032 3.8830447762299495906 -0.64871330781672331689 -0.0064238606108971505609 -0.76100576757090609981 -0.14027927293949057908 0.98383920430921867339 0.11127508997075151453 0.74799249317415394955 0.17893896747021495464 -0.63913071908322316439
-3.7923962635135266552 -1.4055421208226825946 -1.912900363895211564 -0.96124066002525021535 -0.0016790360572312814161 0.27570559361774288343 0.062442798575730470989 -0.97532365833806100586 0.21176557414311955596 0.2685466261568886237 0.22077350910846679777 0.93762560078939582997
0.22102433712057620308 -4.0796289760717208139 4.555965305953630029 -0.76551159907133536908 0.00090228874744916701817 -0.64342146184453208324 0.64342116086671963249 -0.00063004957868931926734 -0.76551212451952688198 -0.0010961003969402083758 -0.9999993944561118564 -9.8241412884557052787e-05
-5.9351371662579310851 5.8367522652782710679 4.8486844338223313855 0.79658249048186491326 -0.0069212380583436516543 -0.60449022516614625555 -0.32771951933822257574 -0.84519879032533429264 -0.42218351634946960083 -0.50799237445298417448 0.53440724293018593283 -0.67553878215939922036
-5.7579309688267965583 7.3485811864063563803 -3.5074303209759318811 -0.80388477686741033335 -0.0080416435441824311164 0.5947306932469756946 -0.42943525734118609405 0.69967626031689744703 -0.5709978025363808829 -0.41152718655414571858 -0.71441476938686943043 -0.56591245966903291897
5.0568226128138480391 3.9987166282590109745 3.879630808165386302 0.98387973968476305497 0.0040462122640713572147 -0.1787855866789128112 0.17035259327020668696 0.28298001722055432516 0.94387621212741668053 0.054411871902484150454 -0.95911727021278536665 0.27772902292683615544
-6.4086675947965661138 -0.99501426410315130244 1.8192105051820888217 0.95159657276362652478 0.014160578754769037255 0.3070235181769198074 0.27433067614632883346 0.41130114622898783505 -0.86923762414868988024 -0.13858803277875936244 0.911389513391482331 0.38750807998087360984
-1.8986324609703895128 2.0629124242099057263 -6.8504080052429534575 0.99884883590581940993 -0.0027047405481050164171 0.047892456484060562383 0.033782487511794433155 -0.66914836579159020502 -0.74236056474993139531 0.034055051710835726464 0.74312391223597562551 -0.66828669335549484298
-7.3472280818908766165 1.172233020812549098 -3.7331178176704398197 -0.53586480690508830893 0.0047931169112253087933 -0.84429019581586017829 0.72178097010449149273 0.52141311079262619987 -0.45514898559541999701 0.43804239511213455271 -0.85329091986485638976 -0.28286651650669980551
-4.7173002291896981575 -0.51410983554789102534 2.8164670550071102539 0.99677458426160736593 -0.0091533270821759389613 -0.079728569367851429006 -0.040556187062207191274 -0.91473195406945362329 -0.40202070580431525926 -0.069250443038977232968 0.40395750866613777674 -0.91215278727370807665
-2.8551203176578621168 1.9678403961707831016 -4.7430445004905994466 -0.99966247991588053079 0.0020083825662732721594 0.025901595472212546323 0.011373242933702003288 -0.86255935338106537458 0.5058280451299876912 0.023357559669456975926 0.50595190314319549163 0.86224538045266452269
0.12783084855740842189 7.1872652783408543797 5.2546591089443959177 -0.88379456988947246998 -0.0040561376709888387337 -0.46785757018679774433 -0.2108991025244221218 -0.8891583095964268324 0.40610228887562921374 -0.41764665303127113116 0.45758173938965901462 0.7849778499988873115
-6.4379670565868440946 1.9957190617168896196 -1.8157293030008738732 0.93781082231417267625 -0.0093016504687651949124 -0.34702210426577861924 -0.24212956517787093125 -0.73386889099222207822 -0.63467292718446499666 -0.24876522107661755423 0.67922745095636816171 -0.69048239271553257801
-3.6458773661358025997 -3.9848379834265603705 3.8587560549219888095 0.98834571972979390342 -0.012582742168817705533 -0.15170501933481661538 -0.14250229408475523218 0.27399119838263924498 -0.95111614400624722165 0.0535334892608289592 0.96164988317385091676 0.26900495854018291464
1.7477033984004810563 1.4952640524734239769 -0.17343194416598639584 0.97494901917570808703 0.00080938577803446772052 0.22242696532367781104 0.22189029747362204459 -0.073057869049929891059 -0.97233083035405887262 0.015463049360178844627 0.99732737486969680329 -0.071407292624351581534
5.6525609840893320523 6.9560073024532220742 -6.6942567242893753487 0.99372285433749174555 0.0050178778000859649427 -0.11175736964411034369 0.07068662772634927427 0.74613491526557496059 0.66203178842283783023 0.086708070143828044896 -0.66577587003723670556 0.74109662085849214996
4.4533741583791623952 -6.0899423012633731034 -6.1187279864547328145 0.99663619707114947666 -0.0012399866016632467812 0.081943597191527717261 0.078622093422815481079 -0.26769915900091134642 -0.96028939736730012378 0.023126978040125173441 0.96350175023366180227 -0.26670118144339399757
-5.4408969135155169639 0.079096619319354508071 -6.0654494269078611524 -0.79940270369819665941 0.0011299605987568645676 0.60079450772202347419 -0.028101561495329670237 -0.99897405909156855586 -0.035512413374813318889 0.6001380004310734595 -0.045271983071461567583 0.79861431741939659101
4.2723623210149082041 -5.207773962521619282 -5.5373955575527329387 0.99703492674912419513 0.0021809866058335107379 0.076919426283531988631 -0.072907500038533384901 -0.29296665549886757862 0.95333888791131893292 0.024614046406583874743 -0.95612017135052485006 -0.29193897762421167075
1.4321685525076879308 -4.9836134330536436821 -5.4461194163995285678 0.97906871935912376248 -0.0032229785836701699622 0.20350443528684647454 0.12074567092085923548 -0.79571399162452560727 -0.59351472305813712804 0.16384421175690286332 0.60566397939944249806 -0.77866951804460005082
-6.645250655501475201 -6.1386442066632813663 -2.4185189201114720703 0.96077355002446640508 -0.013096517582137135599 -0.27702466821673948916 -0.050435028207824035562 -0.9904789691600283108 -0.12809262110449648464 -0.27270954054278934153 0.13703974926621714792 -0.95228651865806501764
0.7219959007856242561 -5.7588804412350382833 6.1873075507249710725 0.79573826882477260991 0.011170335300349056376 0.60553763808462501839 0.46843150785973342032 0.62240055295836038685 -0.62704822312284425045 -0.38389129968267859949 0.7826191764112395699 0.49003540151858177021
-4.7440228741744983054 2.7395268906883640803 -5.2948336037683603195 -0.88070799974843783087 0.0088516287132993868442 -0.47357688694471300472 0.20747385742588853041 -0.89159754024580184506 -0.40250270149667438657 -0.42580279198690285103 -0.45274217265067995264 0.78340060469694861034
2.2340791910299047096 -1.0752948193853022474 -7.2058802168154718615 0.93133900920618650776 0.00019901680093288728023 -0.36415327861107638086 -0.23163122386799725461 0.77194546876164960025 -0.59198578478534413794 0.28098865824145341508 0.63568872386629027282 0.71898902654274676749
3.1409170008408100472 -5.290355264773352495 6.9314653731362190214 0.96986666259445619698 0.0018287452376841710662 0.24362945732989574332 -0.23706009323413221312 0.23784817846376407613 0.94192927345806343187 -0.056224273972943064615 -0.97130062271802153351 0.23111454156745933619
-4.9213610191727754639 -1.4378749984461280942 5.6281077389579063919 0.99860526481959144274 -0.0033623978955501926391 -0.052689841099512996214 -0.0524971971048116548 0.042968644841143308066 -0.99769621621847937032 0.0056186627267966471333 0.99907076317988507963 0.042732198495464696064
-6.2471169144061500234 1.4110148991480522263 0.73057882367426318915 -0.98749981221510929608 0.0028359360094699363926 -0.15759466470035451979 0.10349904536605314398 0.76575241652838055284 -0.63475285284056048862 0.11887837685381136277 -0.64312922033435271363 -0.75647388419476158106
-5.9911229125655172112 -3.972140374414934616 1.0599266760906400631 -0.95923186762796197602 -0.00868630075983593819 -0.28248676483329621112 -0.21947207168856480708 -0.60684913269474360931 0.76391500829370395653 -0.1780624437538247673 0.79476957561723160506 0.58020262650006038108
0.50096320663740201429 -0.22760456285913574503 -3.8439984943097478265 0.92769781236471948738 -0.0099767862175191464325 -0.37319865041355959612 0.24778907893470911161 -0.73125653428840731163 0.6355033071677562706 -0.27924423233862599725 -0.68202957765567839843 -0.67591294846922511663
4.4514037958115064697 5.8684888034263806844 6.8389949852837048638 -0.93577169937142035128 0.0085362122582455252778 -0.35250313436341690343 0.11391876810388702757 0.95341455321079993102 -0.27932633960941805062 0.33369722943023299999 -0.30154240631490580871 -0.8931507914481487953
2.4770196580009882226 0.81073354254668317243 2.0067886146044719986 -0.95518374339857214927 -0.0025309464236333185927 0.29600272069233768413 -0.20820436010030460294 0.71655120026419727441 -0.66573667604774955375 -0.21041616093422610412 -0.69752990739474329818 -0.68496501188573100105
1.4509635976593944218 2.404934741835814016 -0.63532192368541806626 -0.95887690250653989654 0.0075802915581082899038 0.28372103379768831566 -0.2324933044990673825 -0.59435142070292468208 -0.76986573639263233826 0.1627941927785601095 -0.80416971336169085216 0.5716722163174797755
3.6843761566609023461 3.6588923860716078273 2.0088606937154032117 0.99225169445183047934 -0.00097011561072502319747 -0.12424022590571742741 -0.022272017704287883078 0.98238284584749380191 -0.18554757182995254561 0.12223146928991698856 0.18687697306066983205 0.97474943696064264564
0.61804156700030410398 -4.0888294628766486127 6.5174101834090203411 0.95802847811028901681 0.01180410312819802493 0.28642991861738531512 -0.17917509670774661723 -0.75529471732828479258 0.63041746065272641353 0.22378051713580252025 -0.65527898877145718259 -0.72147884724714361759
1.7056388121449375106 5.836411545661555067 4.2778623262687975881 -0.99854066827587995014 -0.0026954156608124781383 0.053937635594328375843 0.03773687671332457555 -0.7492826480245990961 0.66117428980959036533 0.038632394890996291092 0.66224485509798569627 0.74829091265453406834
4.6838234387539268155 -4.1686036349589388195 4.2958374466803146419 0.99842885857370022862 -0.0015567426404250106139 0.056012417548161823333 -0.024338856007570356527 -0.91244089146833373682 0.40848407516653806315 0.05047211562325742279 -0.40920556707945499042 -0.91104520711969139146
1.709234373594814782 -5.278677435179610633 -0.92647072686026044064 0.75130237781584030543 -0.013793960594325438765 -0.65981396146147774928 0.42349111989993959426 0.77686991326979215611 0.46597039522042932314 0.50616203774498180756 -0.62951001938591621965 0.58950583291319347268
1.3985110413205121827 -3.823938675459946257 -6.7730781144606391209 0.99025940453712324452 -0.00015490798889229891178 0.13923464988771341866 -0.13392365381946272351 -0.2746186500417159837 0.95218120754247670412 0.038088931115313889864 -0.96155320864358229116 -0.27196444670899000418
-3.8958943213861081389 5.5965918282539073303 -4.310021296323456319 0.97791900869201153768 -0.0079733683822667458102 0.20883208047464191237 -0.20877114254254428016 0.0078424340361418001799 0.97793307862553335852 -0.0094351725048262991696 -0.99993745885684859331 0.0060046560912847095348
2.3172650423410883214 -4.3938088386523910245 4.3285424812560018282 0.87161505501790403905 -0.01161307056925117015 -0.49005339755776844424 -0.31129463132308110573 0.75914282873600125168 -0.5716623287293386424 0.3786592774190279953 0.65082048382848423085 0.6580652319138310391
6.1974204771507794831 5.7681564975588006661 -2.73650755844909499 -0.68813606554134976179 -0.0053461865344479296558 0.72556197088229446024 0.54666843235563233883 0.65370058332199065809 0.52328689304270648019 -0.47709787294322508755 0.75673440892685228665 -0.44691235603745282923
-2.3238252667862262513 1.8412569952064623546 1.7520814586188249162 -0.96137306521485732524 0.0091076922658144821021 0.27509794514139085386 -0.13085749037843572018 0.86415626251844290806 -0.48591179360247332975 -0.24215314718439856501 -0.50314113714916808284 -0.82958474516894509243
1.6136409180556015031 7.1473231640660079833 -2.7708857565986431126 -0.69512493396616426011 -0.0019116628875898646241 -0.71888641086308846528 0.43545792664624655144 -0.79678150166706995794 -0.41894585893919317199 -0.57199451072501150684 -0.60426449849900343292 0.55469513748922327778
4.0963536110940381718 4.4256800440581915979 -2.0525460545265130641 -0.99414481239993468531 -0.011196010490333467569 0.10747437521290950646 0.068705790737942626367 -0.83316571204523082184 0.54873892753394426514 0.083400277561773344948 0.55291007010287884782 0.82905660125316804621
4.1635790423163534513 -6.8520853781313082465 1.481159919724270857 -0.94509542260838408367 -0.014284009449061683961 -0.32648217292645764775 -0.24986664958950255411 0.67547594976623936969 0.69375708912437994424 0.21062122302280417152 0.73724365603333430474 -0.64195832578992928497
-3.338581569237010882 -4.5362187357074175154 -5.4169676849803725105 0.98501101420221259808 -0.019385151204358574972 -0.17139871006840376455 -0.16931779176927796993 0.081071783629845767249 -0.98222138608836506712 0.03293610922257583784 0.99651973478291677733 0.076574348821358884098
5.3693000469882363745 -3.7853696466620680994 -6.7383647057794799906 -0.63740380038247157479 -0.0012242316636620570545 -0.77052897188535063311 0.19303358577099255511 -0.96836376660808598515 -0.15814439694426773997 -0.74595873211747054654 -0.24953981000491867737 0.61747506281656772131
6.1869318906112464873 3.7424400664451953347 -7.0168764240427021761 0.95840725278613292382 0.0026187083426043771331 0.28539215156245922866 -0.22452672061145254045 0.62423085904453534667 0.74828041959416669027 -0.17619105975695034672 -0.78123554513554283041 0.59885535271764711585
-4.9399595227807173714 -6.5943222698785675107 3.5440548209878577346 0.97787967278187493125 0.0027221183414341851119 0.2091505095180198337 0.17449703968208848948 -0.561967585377804002 -0.80854388633324658642 0.11533485467153303805 0.82715477575623441719 -0.55001168009550671645
-4.3881602124689536026 -3.1796803041256502809 -2.4746744031650433904 -0.95836325303609648518 -0.0059371212648760586517 0.28549015012985701212 -0.26763209922135339225 0.36727143281084095872 -0.89077761203764738163 -0.09956372178885734836 -0.93009485819040216281 -0.3535684093232850933
4.5086792194179619031 3.7205178038470241297 7.1379348068128178895 -0.53476768595439905241 -0.0074755329113263650764 0.84496605758257459229 -0.50120823176519091469 -0.80225691367880547222 -0.32430564729177763228 0.68030421905924254311 -0.59693212416671248555 0.42527427463695838261
6.0769906833818740921 -3.9960405440373976127 3.4759649332227016139 0.8925598355289339203 0.0051706079866329201361 0.45089932891230072309 0.00015201757327322484858 0.9999307496236071735 -0.011767448652077072691 -0.45092894882816747515 0.010571696655285251626 0.89249723940118041998
3.9641198867356717273 -3.9882955499638992336 5.2114131307529252268 0.98384574983075256949 -0.00035568082101826133459 0.17901791539133840581 0.0012616841448993083765 0.99998696690262856013 -0.004947138370307396088 -0.17901382263116780158 0.0050930851248555918109 0.98383337603021647766
-2.190810604913203008 6.990540350548118731 6.4365203288998911191 -0.90483859820018941456 0.00082214066047904890699 -0.42575396098198714512 -0.35722845236967293303 -0.54552322785712548114 0.75815053959351619284 -0.23163536868249684497 0.83809530004236376666 0.4939041648157447284
-6.3175794103289897308 -3.5021746615320070717 -0.88362985241254066171 0.89130451439865920893 0.002748914231624352382 0.4533968527492792111 0.0081089705736467621033 0.99972503647042287866 -0.022002182854625264991 -0.45333266726392384971 0.02328722664201166026 0.89103714729886240864
-3.4032342423010426558 -5.8049515978019652351 1.6756358191057278972 0.94561239150881326587 -0.010491830659221957137 -0.32512632393317819623 -0.087766420637586703424 -0.97064276225256340691 -0.22394125009728596543 -0.31323195946990567418 0.24029679476856649623 -0.91877265413733211208
3.5869369704386615538 -1.0195226555123957368 -3.6260253501235735207 -0.97439773736021007 0.0017912619553451429935 -0.22482402186598587912 0.16527336013645788082 -0.67223058860173945384 -0.72165833479382390792 -0.15242626367062309112 -0.74033967010330625769 0.65472391663561879671
5.6771060253305645205 -1.8282348406373742922 -6.9137190125518479533 -0.93938860859244566193 0.011208556373412148152 0.34267099426521163696 -0.19552092838261836416 -0.83852868162302285349 -0.50856780930361800142 0.28163914609142171042 -0.54474215768523359671 0.78989579884275584742
-7.3427340343778517706 -6.4722935300114077251 4.7953168857549091086 0.86362975494397242748 0.0034310213225607123257 -0.5041149417227734908 0.26844552478397926132 -0.84954265095445025135 0.45410822986670174028 -0.42670908895752679424 -0.52750877936004314517 -0.73461135377773134625
-1.9702392312643388639 -5.7043774094471091374 -6.9598185493172683991 -0.9829097716806808327 -0.00038918204426028317087 -0.18408755871026954987 0.16273737379114369683 0.46561181413786995043 -0.86989780187486875906 0.08605189077611263837 -0.88498897567849499346 -0.45759106746234040619
6.6440429022743003884 3.3158573962416451053 6.4206539499475745458 0.86008863426861836832 0.00040116934836006284959 -0.51014446999364315705 0.49867734979635014447 0.21017446378775408999 0.84092068328220492823 0.10755669203778427112 -0.97766381432214943814 0.18056861344992783391
6.8169418431111887813 -5.3154757714351195119 -4.0809743871469219556 0.73153668241100322511 0.0020739660665433619705 -0.68179893000218227961 -0.11234358364168389732 -0.98596004007506243827 -0.12353832842359997735 -0.67248271464909126216 0.16696855404510377308 -0.72103293992601225071
-4.8741575500976166424 -5.9642666999536606554 6.8381941231782166213 0.97424732747020126311 0.0077219307659850003681 -0.22534976525904493183 0.17858084704515936325 -0.63659271673960526883 0.75023902461993086099 -0.1376627254768896802 -0.77116151666129639786 -0.62157774190767578482
-1.2509270732067963028 5.0303854328643540228 7.3484825103315074557 0.99603735941383664265 -0.003764200421123383225 0.088856116543176530409 -0.081939799653596115392 -0.42725891687601968982 0.90040862233908114387 0.034575249596709337063 -0.90412147897559813625 -0.42587428117962389251
-0.57221481507524485366 -4.5610743309334189632 -6.4153884516300427876 0.99844969019654616904 0.012237354544155339478 0.05429975414355279334 -0.055472672212419547877 0.13845412912865703858 0.98881405570758496015 0.0045824430060841109258 -0.99029324004613061838 0.1389183210923027878
-6.7123440017982938244 -1.2125806618948937743 3.0154254267802227396 -0.84576233232154562902 -0.0048753021321780156891 -0.53353754193601532485 -0.29492098892382917485 -0.82904597247301792251 0.47508355667024637636 -0.44464332618190754998 0.55915919643275846518 0.69973802635439463771
6.7075979762463511236 0.29269195533675884668 -4.4819963659517707555 0.84936339189620690959 -0.0047882936486429968428 -0.52778679478606160824 0.15385295060992018601 0.95877942072807464946 0.23889598568615386109 0.50488721324191354611 -0.28411106038357458736 0.81508883397618037137
1.0242516636842788902 4.2815999990618509585 0.946210001545864543 -0.93098351181269889398 -0.011748346777671284796 0.36487213798959172717 0.11064355944383799657 0.9433902334482995311 0.31268653662715634178 -0.34789036130172240613 0.3314767620546638649 -0.87698087364037902169
-3.1249936351696985248 5.4657695307286839892 -6.1532346702055775722 -0.68119845966070224907 0.013995863640542135706 -0.73196500897009697528 -0.72879043580397240287 0.081979842579104691969 0.67981159602592478031 0.069520926608060085172 0.99653570995308482505 -0.045644490926048601753
0.33590807167522929166 -2.8048122213273196657 -7.0801115656885045269 -0.85882602625729531631 0.0093860941193795212334 0.51218137203560532011 -0.49069774445725244938 0.27200110037338526281 -0.82778688379328402291 -0.14708358238648280847 -0.96225116400704790998 -0.22899588895756564644
0.16740510052523960294 1.9195593331179221508 6.5367454169536554076 0.99026902397354599206 -0.0066978101844008212234 -0.13900503407144940149 0.097737003797574398267 -0.67758092753354171034 0.72892493765244970039 -0.099069360789072621887 -0.73541772210193812054 -0.6703327798723431874
-4.8548934801595118316 4.2670853533954975489 2.1338201437904205093 0.93015864821824900677 -0.00051842983293332554895 -0.36715748715676721492 -0.25870074897875577902 -0.71052583475864306006 -0.65439052607619851987 -0.2605356244788495923 0.70367092406244791114 -0.66103586816934978287
6.5221799182924016236 4.7198687343968392938 -1.4741780125109673616 -0.93721287793393159848 -0.010767995204026223691 0.34859155427833882213 -0.26929148695530630286 -0.61280053538568113325 -0.74293848930068118186 0.22161704918237465356 -0.79016425767699738358 0.57142482392831350779
0.95614291929932637704 5.7689521553518918751 -4.3948686870547728489 0.9896882582603808709 -0.00046672456917303158097 -0.14323733322595000317 0.13967427946856764143 -0.21853348200984945571 0.96578165901801737991 -0.031752907212355178934 -0.9758293392847879888 -0.21621483176397787718
-2.5335376907683140324 5.8858300291155911665 6.6535840882347754288 0.9988333365184624002 -0.012458309565469128863 0.046655721859044194111 0.033605736134962621575 0.87314634339241203875 -0.48629838321666601919 -0.034678817140255308038 0.48729893652992245512 0.87254634610358572377
-4.9990988905665609821 -7.1707552230370374957 -6.2438020606333868301 0.97015049843175094058 0.0034887633279170032069 -0.24247853291203258497 -0.062941274387195267348 0.96925283950353080531 -0.23788091367919195207 0.23419309633555768224 0.24604219484630407422 0.94054071256052473871
0.80047385223173572744 -6.3228138172096857161 -3.7987328553808534792 0.95667457858480442479 0.0043110776008488654182 -0.29112740389647895345 0.28265338137998197166 -0.25367209191289025183 0.92507163818758753049 -0.069862841941057782225 -0.96728066474745810766 -0.24390018229077817247
-6.6789065053594702803 0.029109802949250605797 1.1537878695545582541 0.96053001062110765496 0.0037910318144475526302 -0.27815054695942276197 -0.27817277477067209324 0.018181198401057193509 -0.96035897007371917589 0.0014163588707625822047 0.99982752117673134862 0.018518148532388666039
0.16357135470687189649 -2.2735322802777617746 -4.4791392378688064113 0.99529709237735930483 -0.0029329564266165480957 0.096825077700702616434 0.00054398912627484294346 -0.99935654458493161645 -0.035863642746966871433 0.096867961581662428983 0.035747651137599673055 -0.99465506757730393073
4.5453255103190022268 -4.1238923887185450212 -3.5192131885561575011 0.87168335466308100035 -0.0066712104307672529316 -0.49002410568732657214 0.44659285735170217713 0.42255202945014563864 0.78867268379864696737 0.20179927890303778204 -0.90631411627477875825 0.37131088547902513231
-0.65314556767842069096 1.7636627128560413702 -0.46238826464877419431 0.89683004464253768262 -0.0054199047606173968855 0.44234205730287379232 0.43982386603791939761 -0.096313559830758413427 -0.89290462259764136199 0.047442996216501394369 0.99533628629983883496 -0.083993090697323677385
5.4809559425997331772 -6.2434516840198064358 -2.1910172689584985761 0.98410150051790679093 0.0050169006307853297039 -0.17753610164288100015 0.16952148298702032769 -0.32470329023402222379 0.93049999468944266656 -0.052978330328444955821 -0.94580262424002348176 -0.32039146757728576009
0.38262760923440003458 -2.8495897907654610393 6.6872393353737393795 0.94034574761150124811 0.006035183769433471318 -0.34016679953496137268 0.13287791426058243038 0.91391586189455698008 0.38353781727419267167 0.31319855499460685921 -0.40585881034482351737 0.85859495177566125257
7.1905008325354859977 -3.1793647330950287611 3.3066547420725815876 0.41667391152828719969 0.0047844096855276189301 0.90904343178737834208 0.71275625839303857756 -0.62239337878740763621 -0.32342695954926126145 0.56423520589677267356 0.78268997148658092655 -0.26274520159470682312
-0.19218071208633516478 -1.85228502248344995 -7.4950781599884841455 0.49629679446222246808 -0.0055487235039754466415 -0.86813518732622141361 0.35255090600068256235 -0.91252490437751665464 0.20737926021901575968 -0.79334566897695990573 -0.40898350890754031628 -0.45092697741101117614
7.3330713219695979888 5.2358833444685286551 4.9939933233609821173 -0.25564719466173946305 -0.0058793534835347455864 0.96675226664547520006 -0.88291649490595980332 -0.40594054031257981174 -0.23594647857878156549 0.39383115022125869675 -0.91388057804796962724 0.098586582160386182494
-6.4301764333161166576 5.94738484977366344 -5.0371835492021315162 0.99122082963578772574 -0.0011855492813287343314 -0.13221142677202787907 -0.1193935731034243275 0.42156780781642133604 -0.89890252981870488735 0.05680177460081159424 0.90679610601600979525 0.41772524524677456803
2.5476802279640593518 -4.5199232291389321858 -3.0456946322949387529 0.82512183121998106117 0.0010189830166896368668 -0.56495391433092634337 0.01572817062150150616 -0.99965220659006337467 0.02116814844626676434 -0.56473585709883566963 -0.026351992967373678856 -0.82485088602345912889
