1125 14.717824617146108679 14.977075390850430381 15.033177056927090831
-4.9202488180102452731 -7.3117137000331196006 0.9491164065778399106 0.66321663281768028497 0.011386000730562367833 -0.74834086948480893486 -0.51334802690060188368 -0.72068903373593384831 -0.46591964965011933852 -0.54462601960543410851 0.693164970003597114 -0.47212797325366018253
-1.8010080022185215309 5.0060714206555205763 -3.3060039858166692106 -0.85405100743691342302 -0.0053506343751653145588 -0.52016175119644736391 0.36658706315324879332 0.70325862092129209913 -0.60913154345226805386 0.36906747597785105608 -0.71091397708279346901 -0.59865726034498167873
1.4814576194763229289 -6.7340119743912101313 -7.4676321081017933423 0.74007198557463660382 -0.0071250395875390726275 0.67248991812396075041 0.55104337749157927817 0.57966910606785848614 -0.60027903810903671111 -0.38554461776847648302 0.81482081544431017583 0.43292307218308123673
-0.53081011737860628319 2.2323250932402278757 5.6320370454374293345 -0.032114333850591460229 0.002491059037138856555 0.99948109746319335756 -0.45536305959310691138 -0.89021930611135946521 -0.012412533366558302708 0.8897264487016497414 -0.45552539078686471452 0.029723136261484747744
-6.1901227739673219119 0.3402027171008960571 0.24724041029413490467 0.99822347931650168285 0.00044912626147934620047 -0.059579221436137780321 -0.012301773638432976846 -0.97687113235050271332 -0.21347472249814833378 -0.058297098612945130736 0.21382841033383251372 -0.97513017552913106023
2.2055331837243339344 5.7643692876417862436 -4.7032787998692162645 0.95295805072446426731 -0.015577750845601012405 0.30270164723385023509 -0.032033302330698266991 0.9879094221563448075 0.15168665451039736736 -0.3014047463151004469 -0.15424755198499495723 0.94093723042795207601
-3.974008108065983258 -3.6061904287141159919 -0.97692119064805471584 0.96280614208230597129 0.00095336814333243338933 -0.27019145778094616484 0.041614809997633693539 0.9875385367387558011 0.15177564377995514389 0.26696917492003735539 -0.15737448822840333085 0.95076849448090139383
-1.0048396310853338065 -4.1574900798788245737 -5.7129128124085033491 -0.65661496742712921471 -0.006378305664320491758 0.75419898022181930397 0.32759292421208768831 -0.9031270772408274139 0.27756865522007012625 0.67936710293983926245 0.42932598287467083065 0.5950962442090506066
-5.3979508611967235154 7.0187665565021370995 -0.53552601327701798706 0.49997010555043147617 0.0042378690180597793774 -0.8660322938679025917 -0.82183400339316126093 0.31773461652522988485 -0.47289912701164982245 0.27316435423154661333 0.94817021358390030095 0.16234063462208481177
7.1054741258725089281 3.6821343978947811415 -1.4320454669651925261 -0.9981885199698045108 -0.0048918816992391022172 0.059964556980483293969 0.0042210193801584059564 0.98853865742385405024 0.15090893205528116416 -0.060015511293523386704 0.15088867509561304514 -0.98672729065944164706
-5.0035347732643629115 -7.2351636487434509704 -4.530913694885394527 -0.90563873694606089604 -0.0058175309661507336456 -0.42401018204311696769 -0.42115447190264021504 0.12899193431514990871 0.89776945352251491528 0.049471091954733030505 0.99162857825658146105 -0.11927017165120867848
7.3375403706279742622 7.3989645651601110288 0.74614043143979036365 0.66816680199694378217 0.0093993222231053587257 -0.74395213384387415267 0.73157379470138972355 0.17376984702000836114 0.65924488862087671226 0.13547290362029196231 -0.98474143459498975073 0.10923094514049155879
0.97149352955527312758 3.6338928561156960129 0.32655484511861376795 0.98676541314431676089 0.0025950263451502472017 -0.16213354144164640602 0.16211456055714268398 -0.037924834338010610102 0.98604288760479330556 -0.0035900804290410004774 -0.99927722518769057647 -0.037843606379558573927
-2.4324595128449026937 3.9406117189441922655 -6.6829640816363946598 0.92222551745421876834 -0.0064511700048775384719 0.38659859979312782841 -0.32827989293000187088 0.51520541664430896667 0.79170429489698512793 -0.20428511168047197577 -0.85704244997904432957 0.47301779256144599328
-3.5842069515061063534 -2.744808074335582937 7.083909535154798931 0.86494345884065182428 0.0038639576571885846969 -0.50185444387784383657 0.42065314154038846439 -0.55097046960570106311 0.72075132752886927889 -0.27372202600622591584 -0.83451579461004299354 -0.47818368962707707981
0.78192775538101866317 4.9411160008248504738 6.4062605859663559471 0.9648701129745527183 0.0057390260104359797078 0.26266466962439360966 0.26090532056690496354 -0.13846981136137925805 -0.95538187393384954582 0.030888165829755887676 0.99035002646630232448 -0.13510272495278718985
-1.2599708700064808919 -0.61760636309815564182 -5.3978982446564014452 -0.99647968595579328177 0.0089272753261696573962 -0.083357898442184774623 -0.038399952782179225252 0.83527101536446235475 0.54849592023854953915 0.074523010565707495378 0.54976598171158241879 -0.83198779212737217215
-2.9808726957218074638 -4.1302026686936184063 7.1895571062913425919 -0.53940759456484310697 -0.0016413332843412849205 -0.8420432013565581908 -0.39036713857629601332 0.8865333575007711131 0.2483386863908707276 0.74609177990758168697 0.46266176853462215313 -0.47884354844866566792
4.7268855628067880659 -5.3832860184492448141 -2.8160102770560477836 -0.95990383140377433246 -0.0050102313084844371863 -0.28028473386623464769 -0.13141832970685632387 -0.87512079095964834252 0.46571753654684794332 -0.24761635057745576272 0.48387859925032816744 0.83937336395333839167
-3.1836767267322549912 6.7967142843166250543 -2.6054797951673367429 0.99175939096558207719 0.0014710633600384197522 -0.1281059967529439847 0.10448328786945872138 -0.58794064470848172999 0.80212782077148414572 -0.07413874147482821253 -0.8089027347415882474 -0.58324935725673177078
4.1098842423866051021 -4.0058723361946668717 6.8896645909178308997 -0.92695834812553856707 0.0020269753539266383013 -0.37515878266584185008 0.36518828531006053417 0.23394557025140313988 -0.9010588140804374202 0.085940311337008440384 -0.97224758242468189984 -0.21759802700539646048
5.0577706642882578336 6.6496834533977953186 -4.2830822785088962235 -0.7358166312905786155 0.010134203907311697609 0.6771050014783749349 -0.6727940873669727706 -0.12456721621555207069 -0.72926752611671119553 0.07695453930713692936 -0.99215941589819234281 0.098476861873959098403
1.7169580896535741044 -2.5947863158826138807 -5.0880924517094729964 0.82277623292486412598 0.012828619945091511434 -0.56822064116360226915 -0.32233573817549343588 0.83395219909806594938 -0.44791003730038553288 0.46812278563312115232 0.55168755299522975744 0.69029117149303775847
-6.1724568169484284041 5.8544870480890072173 -4.6285392679976142816 -0.99247524537838582859 -0.0056165458020296221003 -0.1223165635735744966 0.11918892656524890383 -0.27316665112147658911 -0.95455433606437256611 -0.028051507899046920075 -0.96195032882597175661 0.27178056916611031957
4.4600000265486006157 -2.9896386576264530888 -0.22013557958710192053 -0.47891564437471378923 2.7744876339335202212e-05 0.87786092566153961503 0.55802041147918302055 0.77197939195579079463 0.30440275749107076342 -0.6776820979971768244 0.6356475577124077736 -0.36972849014983888427
0.73623392016722577491 3.5090108950866798487 3.7287964369597754732 -0.98262027334347701313 -0.0077727841585666472557 0.18546423439758147333 -0.038520053470252418881 0.98591246244522334763 -0.16276615703477223529 -0.18158635382348747855 -0.16708141794237821309 -0.96907698140210185578
-3.8370943277971170104 -5.8239828516891307686 2.7114955175021608902 0.9785766099964656739 0.012592051514556251712 0.2054975878365782882 0.14570345034196960365 -0.74754672874170746688 -0.6480311666163366402 0.14545900771845202137 0.66408984978413720945 -0.73336644897845182367
-0.10956277590941909672 -6.4923473835016061173 -7.049793905972432384 -0.99505304414014938974 0.0088052560116042150051 -0.098954064160414953455 0.091173188720909487115 0.47655241705129020025 -0.874405651549086671 0.039457432832817961044 -0.87910196295380549358 -0.47499773654736182626
5.3024457427406321841 4.7015902373588271956 6.827588233035996268 0.95709423906340262977 -0.018414621427203969189 -0.28919114659596312222 0.24666335716084070162 0.57552297759655346443 0.77969897427948420265 0.15207828834491921022 -0.81757825556709573522 0.55537193864829825785
-6.1792010075826038218 6.8355549682832981162 -1.3424863253070875579 -0.67212422677971084273 0.0021662840215900536212 0.74043523078608819432 0.16331329923739404397 0.97580227982863265712 0.14539146114298276413 -0.72220342706747397976 0.21864404381243893183 -0.65621413581038845475
-0.32575394794643297569 6.6471482431872486174 -0.63780734950998430044 0.90163991150188071977 0.00033630361187942693635 -0.43248740662203999374 0.43182374586736721467 -0.05608313521946797775 0.90021271622268450585 -0.023952504918345992463 -0.99842604575587989846 -0.050712016961492391298
-2.658464792805586896 -6.8354554431630871747 0.21037844166799749002 0.97329372452895090984 0.0078030329717597279177 -0.22943068336469860102 -0.21907949123717240791 -0.26700538893165348675 -0.93846273170583516254 -0.068582084482861571662 0.96366344485924249064 -0.25816518496900903168
6.4816279411520589804 7.0207914903626633674 6.862554168288190759 0.88192485268017462019 0.00064072348391465763773 -0.47138958802519276281 0.38590454268109980474 -0.57527025020222899432 0.72120858506424068146 -0.27071431096878156852 -0.81796315852597079044 -0.5075923887638876808
7.1983928218816259914 -2.1889967400592604818 -0.10802275083491498509 0.99186030152732695964 0.007841789516409528038 -0.12708913640206553897 -0.1096820608842587752 0.55959062370945833464 -0.82147926290120354409 0.064676021634206978805 0.82873206779619668083 0.55589582839945128612
2.630623606850749141 -1.118040407674904646 -1.7884360801164864707 0.90937955820585081312 -0.0047998613342555293895 -0.41593963558259910984 0.39236968437605174165 -0.32210524267044221558 0.86156499663511187936 -0.13811172976983815408 -0.94669169953869880541 -0.29103260319867313433
-3.408775191075756883 5.8207060316834393632 -6.3102079746787707037 -0.96651317191545260687 -0.00095814069937441223579 -0.25661521872271836342 0.19164510499843159796 0.66233360220321890743 -0.72428333759833030125 0.17065884754045515526 -0.74920843652406643454 -0.63997052775672613745
1.0345382666097742153 -4.1242693606840834519 -5.5534374051736525857 0.99659757871975473975 -0.001830766806063544418 0.082400936783708314537 0.074869068829144416743 0.43817102515252370765 -0.89576825979114826914 -0.03446576014807658378 0.89888976020952904289 0.4368172505382216797
0.20627312029039487906 -7.3706497649809614714 -6.3725143208352452717 -0.97839967819041195884 0.00039261831515344323279 -0.20672183137658764474 0.074483619312207441365 0.93350133234552412631 -0.35075269487677007696 0.19283739308285496872 -0.35857371398367121618 -0.91336664679030488134
-3.0466440177596134653 6.9449657199992556045 -4.8320310612483501345 -0.84514220690461050456 -0.0046730666198789910445 -0.5345211058104107904 0.18974830456442148829 -0.93746316637610715983 -0.29181910938647392939 -0.49973015820873539772 -0.34805311970512070596 0.79317639579103904612
-7.1888272773004802119 0.14739620252163546099 -2.3704965326676910031 -0.97804179376974664795 0.0048255837901442204946 0.20835297785465844989 -0.20835089529235764627 -0.046215271178867790847 -0.97696164363843729372 0.0049146791012938768548 -0.99891984786121634787 0.046205881426344824758
-2.3442146460432402577 -0.80892813437064547966 6.3980927163631156063 -0.37002133432597117402 0.012405322443038008934 -0.92894042872445625747 -0.47276265958354518615 0.85824554373843131572 0.19977500933918809767 0.79973725675815254821 0.5130893631991181314 -0.31170438804227984519
6.7162159931699720872 -6.002128081267776416 -2.2627684863058901144 0.9365462739194255759 -0.0032151551242105267693 0.35052922786146778478 0.21568639428026176175 0.79355254357474624971 -0.56899362027039501744 -0.2763339576129539843 0.6084932401954523673 0.74389214306003847987
5.8272993255159173387 -2.1695563196661962202 -0.97037955711670553782 -0.99971014953073777942 0.0092129105368666582704 0.022242733751404824422 0.0095970011315311288397 0.99980560376437987991 0.017223595749908043179 -0.022079730400895808407 0.017432067023550872065 -0.99960422595387288247
3.7195901104793884784 4.1247310210505041539 1.9628353403871112715 -0.60117918904073652797 0.00023049681372653207587 -0.79911421557596329368 -0.78032354741912279827 -0.2157520067446450085 0.58698060694446951846 -0.17227519846905195444 0.9764481647567473388 0.12988547854001547543
4.0297333600932612185 -5.5526502439125025035 1.3481521962019753502 0.99228741649250440382 0.0017709563860880211082 0.12394574129057780998 0.025359835878802750031 -0.9816495042627608747 -0.18900034260501380468 0.12133656412964120841 0.19068590533680043753 -0.97412336164937274319
-4.7721173411628070582 -1.8022154973248170062 -5.3505180806391585691 0.99989810263089273779 -0.00033175930631340199047 -0.014271450207057634688 -0.013619538743243040507 0.27735541774450722663 -0.96067084915292444425 0.0042769755285879231324 0.96076732988979818284 0.27732263754838104575
1.931779763227609914 -3.4107046903774755897 -0.40337997054709318068 -0.58292826521394713879 -0.0050905654999535698835 0.81250767612218843805 -0.48413765717820061996 -0.80090803736242821564 -0.35235925500865084015 0.65253763609210901908 -0.59876573201141269909 0.46440739836074296232
1.4598572588298699415 5.692960729462095415 -1.5165478525931905818 -0.98223939650781022515 0.011630963775440128147 0.18727116336914412242 0.17955198061886923355 0.34800304576492835373 0.92013855825853274606 -0.05446883699687397884 0.93742125046317803516 -0.34391066423744054426
-3.9873421399846398216 -1.5232710661839325983 1.0628373816612970426 0.99980172720006454945 -0.005932334952450066777 0.019008253200833626767 0.01870806182801529674 0.60679993775199680961 -0.79463440900005066769 -0.0068201693801185590826 0.79483246218700132069 0.60679060831837550172
7.2194977583836417168 0.49220924401232390988 3.1583351196248745651 0.99772444116117742219 0.0074964747255154701167 0.067005539893032733945 0.065320852910592308582 0.13878394086024431475 -0.98816608114950565955 -0.01670705493774636563 0.99029431010478119468 0.13797845371408415382
2.5457212926421215471 -3.7593233960045298048 7.0535037967728841934 -0.38647223650069617573 -0.0018467081528816906705 -0.9222991922814148813 -0.33318913337749211934 0.9327433722461808685 0.13774905781894986045 0.86001407652046291119 0.36053625504217434727 -0.36109472024225564013
-2.7498624616226936546 -3.6847643875460303065 -5.9873695432105238368 -0.7765242411723276561 -0.0070468803180894386273 -0.63004796987985456358 -0.13132936747058188143 -0.9761658916256104046 0.1727794816137256384 -0.61624889461296772364 0.21691125721063916898 0.75709101591796823527
-4.8569450317262008454 -5.1996082144186184237 -4.3422568697209662503 -0.94450854277831419736 0.0028519283881945044212 -0.328474472559648345 -0.094525833986565499512 -0.96002575304657433719 0.26346806295367886097 -0.31459256082752895534 0.27989715967094919158 0.9070221059489904647
-4.9920826999817773384 -1.3457799143234043804 2.2014802951680794152 -0.98144477179596434357 0.010027315906843066104 -0.19148266984225903453 0.1905674183576649694 0.16151732778871696894 -0.96829551888082521227 0.021218364091707686558 -0.98681893261109809856 -0.16043121661822640212
-3.6048104185105795949 -1.6651490103961958944 -0.95457389512534662757 -0.92723440991361139041 -0.0030127824915004461186 0.3744693207913193933 -0.061963043053970004448 0.98741830734640934075 -0.14548425211263649182 -0.36931955048131415165 -0.15810126330597695787 -0.91575491272137510279
1.2194598567158052571 -1.5778748730722556015 -2.9341722247576842442 -0.9265823598716237397 -0.003510085627198799435 0.37607553719103459233 -0.11762952303489837558 0.95249294632229075663 -0.28092789558312075693 -0.35722321549030611187 -0.30454041850806667924 -0.88297605166262116416
-1.6140772198050430397 -6.4104531638763440071 2.6115740860988148064 0.95246085732083929365 -0.00726046860850297366 -0.30457445865864729573 0.23810531942658411109 -0.60593585841846708817 0.75904386720618810536 -0.1900636002300139793 -0.79548037127148396586 -0.57540143099352802913
-6.1899606391657320259 -6.6821219722900808691 7.4364874142326042872 -0.84427886758195569428 -0.0012625086225273637192 0.53590260292944846832 0.52467559808708974511 -0.20557841160258172319 0.82610715615771557196 0.10912703847612878483 0.97863983301053825148 0.1742279160137182592
-4.6191912356135400586 2.5004540346146399976 -6.6432724001688834292 0.86576267970282294595 0.012184375378325626796 -0.50030642953136361673 -0.37177468254024181871 -0.65357460677761303192 -0.65926005399813236707 -0.33502024991912798813 0.75676401498241407939 -0.56131066066130930192
0.95085057292369745685 1.0161059641482312887 -1.1089919259384450889 0.98498527846732908397 -0.0004697961704019041479 0.17263771457620255556 0.13234023075700215855 -0.64009777595145866957 -0.75680968581607610535 0.11086056343771692745 0.76829331411474266478 -0.63042471315832948608
1.5207955849821088723 -3.9374925421056321539 -6.6840335102800354505 0.99983302748880464872 -7.0664498731290437128e-05 0.018273263228775170341 -0.0060926132533188868956 0.94148423308843198765 0.3370019568334175486 -0.017227803291330348601 -0.3370570186961309167 0.94132660057037886858
4.0080664287832927783 0.47137141186691577932 5.7072526019141935905 -0.92820823761461290768 0.0081825453956827602642 0.37197111927558196287 -0.076794706089048758724 -0.98244374862620709177 -0.17002015734008577019 0.36404950314620065921 -0.18637952338200139413 0.91254075663660916273
0.96258954398779750239 -3.9570101710261402772 4.8436149234983734146 0.51702406091645347619 -0.0083109868897593454362 0.85593051583082979672 0.57571751585438191157 0.74335678021663587067 -0.34054374057461028746 -0.63343149777383511712 0.66884349798958175892 0.38911812194384010066
-3.6353403631659699791 3.3826798165053886258 -6.2517720271695207401 -0.94338033284582456517 -0.00040768844692793022866 -0.33171279955697924313 -0.15755556712704224531 0.88054907368794121947 0.44700063992638933152 0.2919071613836358714 0.47395481073356759971 -0.83075691180717514683
0.078579987304487175503 3.1792934226798519326 6.9701874953073676977 -0.92130969222824521392 -0.0015912145091522237206 -0.38882633532557098199 0.0038087541465392535205 0.9999067187799905998 -0.013116673758727154589 0.38881093657228033011 -0.01356546258071632434 -0.92121769079122517443
7.0080818675517138061 -3.1427563610556914497 -6.986230547662620971 0.964688994735686145 -0.0045404880449668979028 0.26335247749789209015 -0.19938876416670309188 0.64072315013842551235 0.74142967677388837977 -0.17210248156276211629 -0.7677585745826780439 0.61719324931084973418
4.7497451721747543374 -2.5775038125467681915 7.2652573756408020955 0.63941688697986220902 0.0085310755585334026307 0.76881289361904503465 0.76622505503147708694 -0.089787796500818653489 -0.63626827411198438877 0.063601962917518059526 0.99592438083886758449 -0.063948557166659453221
-2.3911823521279700344 5.9346058998829063214 -3.0587398356302673008 0.66460742846030884667 -0.001839375131208147076 0.74719045947774309635 -0.21908167017254048803 -0.95652598351627127204 0.19251302463132791143 0.71435298545595127262 -0.2916413200446947851 -0.63611724753597864712
1.9264893449804110226 5.6956785489454455629 -3.2927325412850154684 0.89671776496640620557 0.0092997110488840083881 -0.44250510208136317747 0.12575799773457035924 0.95321982105160496523 0.27487615167586465503 0.42436090300520323826 -0.30213488399832977294 0.85359963441395703132
4.6203685181374627433 6.4884981736411164732 -5.8313560454766166785 0.97826956623446292838 0.0021875817635189347826 0.20732551764174325659 0.20540520747434679039 0.12595830952225667287 -0.97053758557037561605 -0.028237502045993578131 0.99203312381607278159 0.12277184013394377982
6.1021853440250071188 -3.9415049592313393667 -5.0049409889535612095 0.91592449002636555644 0.0044639712237981394802 -0.40132580471584811121 0.095847343940526213979 -0.97343859522054188016 0.20791966716663873305 -0.389737880157240979 -0.22890472755283003403 -0.89202410868454384829
-1.8008591464790308923 -4.8041726898338135143 -7.146529736623881135 0.51862627335934508022 -0.0026281392025950356221 0.85499700669984068924 -0.13336966856107118629 -0.98800299904062838241 0.077862734312774725676 0.84453497268580290935 -0.15441232713444288938 -0.51275482751467305054
-1.0894715263773082636 -1.6360171559853753376 -3.2149124474223711445 -0.53153243944452033265 0.0047809658663679746246 0.84702444367527851554 0.2107170950203991755 0.96929366567608699068 0.12675999189927747435 -0.8204093927328252045 0.24585957790073262319 -0.51621845789375297997
-2.6494268101871512044 -2.5717111014584066453 0.95960278810765742286 0.98032486904752991208 -0.0031979226559452327699 0.19736495235376683155 -0.19205386730673870699 -0.24638639359495742576 0.94995213411191137265 0.04559016538071625213 -0.96916640384500851724 -0.24215288244948263152
-1.82682348024519281 6.6237955521040152718 -5.5553744819838195568 0.82512881765384460397 -0.0070232081999027076366 0.56490097258172566885 0.17108331757660355521 -0.9498639339246109925 -0.26170404176541922636 0.53841706206644057708 0.31258467904860320896 -0.78255855097237503326
-6.8069636831501494356 1.852982883427771732 -3.4947132205446278519 -0.12382665666979206232 -0.0088694016205340380637 0.9922642253012956548 0.50385889859088495157 -0.86202217076945319985 0.055172342821174585881 0.8548644158044160779 0.50679296642370119663 0.1112102503132761655
3.8067799728227322831 -3.4016210740341805696 -2.9234174468563329796 -0.5736720646414346092 -0.023772064680561335454 -0.81874003883460666486 -0.016063790509793986205 0.99971303049446846867 -0.017771080275840681756 0.81892754068015705116 0.0029572961530465679235 -0.573889307719685271
-3.1327280785224234094 7.2454596139480411665 6.929632793234590693 0.97814653552368902023 0.0090120954767065695329 0.20772129688165502648 0.19507947079280868463 0.3058318899965365989 -0.93188564488151004461 -0.07192603922283369311 0.95204287571326373651 0.29739032883640642568
2.6081180068830849272 0.71603810580470261815 -6.0391104122534651211 0.89828636260178773565 0.00075469156879784046743 -0.43940987836456485427 -0.43349729966265543313 -0.1619808110426835257 -0.88647747181707092778 -0.071844985551519580103 0.98679361940304022305 -0.14517799680566079168
-3.3726929962592286927 2.8345165771579527991 1.4032672262192182888 0.93204431578193447372 0.0038478951748198361726 -0.3623238704822906997 -0.35166812253827306467 0.25054948635976126425 -0.90197255306093937488 0.087309363810466139588 0.96809614635509766423 0.23487640665556408504
5.6125876210059599813 -1.8478161995393420636 3.781739960087934449 -0.9973384805416314336 -0.0059260645989415916199 -0.072669367612234372911 -0.016134899538575241118 -0.95404108807474541365 0.29924115238726373134 -0.071102884946188646409 0.29961722918344130262 0.95140627269780020381
3.0488071700872985126 -0.31601721491669731989 -6.7762890757099301098 0.99902257702583618926 -0.0055177956831594272835 0.043857092054610635756 0.043518932858661714402 -0.051078652253049534882 -0.9977459966178183759 0.0077455197069678013294 0.99867939060277333141 -0.050788598224945004367
2.9165880527813001777 -7.4288864883536511741 -3.6695060836230415369 -0.95657206160023056096 -0.0018975518709555940292 0.2914897772872653281 0.22990401908084653892 -0.61967138657648923594 0.75043421741611526787 0.17920388661114527995 0.78485907776831453919 0.593196590573615401
0.5014787665940450001 1.8257124529127202184 5.3957799909717483189 0.0057854288080769512848 0.016545449137616918128 -0.99984637666308540105 0.90569663672565503543 0.42374930080631506568 0.012252848240464662283 0.4238869319020798776 -0.90562838856732308379 -0.012533586224768416759
5.5530617111327380542 3.8888273462481199871 -5.7967757783527860127 -0.99000286391008052167 -0.014513303770402490034 0.14029858681913642826 0.12854582477281556452 0.31657065470492778969 0.93981859500282705078 -0.058054288241876257637 0.94845789816593972787 -0.31154023018447390969
3.3648405038765920594 0.93496372907770985972 1.3735944749974924317 0.99551420833736248284 -0.017422504662104081746 -0.0929941790095710763 0.094587915393279181631 0.20552398145748196345 0.97407033591392433447 0.002141788953702199183 -0.97849698485859937236 0.20625000209192478895
-7.044385144920716435 -5.7416599948551780841 -6.5355570852154682981 -0.99579651209561892422 0.0090267790739180318177 0.091147264127042673665 -0.00094250976917872614919 -0.99608898214310082064 0.088350729077442402559 0.091588308061816822714 0.0878934406695678766 0.99191044198232802831
-6.5405037286425962151 4.8676982371601393851 -5.8738245635076058448 0.93463973904082031652 0.0081841769215406732357 0.35550186701867231287 -0.042268650570846867665 0.99520412892885679046 0.088216228336370605678 -0.35307494867885524936 -0.097476976825786321168 0.93050326146898598711
0.82474540504844251476 -6.308494882533558723 -5.624338482327582156 -0.99287956203471605665 0.012411116880542123406 0.11847421437398494848 0.0015063914639979860202 0.99578626321614038819 -0.091692141291677839443 -0.11911299710159653498 -0.090860784542424313792 -0.98871452490282996095
4.0681157925282356302 -3.5482314032418633687 -6.7221931260898788452 0.86611673864224980601 -0.0051218590426759542239 -0.49981552757369679396 -0.24407419742770719573 -0.87696210078031056057 -0.41396287266469194988 -0.43619901558103385542 0.48053224694582802323 -0.76080166827593620482
1.6355437094455340663 -4.8195246338080046655 -7.2825579258435730878 0.98164046254434245142 -0.001470025503886928514 0.19073500287266781372 -0.13065213989811549911 0.72336502935342383847 0.67799192668398555739 -0.13896769637530528851 -0.69046424479014745224 0.70989232002502378194
-3.3296628503323688619 3.9994307207080304067 -3.5864321196068802422 0.99346996601106829505 -0.0041068230923063629711 0.11402000104358073207 -0.081842861591749319072 0.67063163837413553026 0.7372617931360275767 -0.07949322386439415522 -0.74177917173223673064 0.66591627682762999374
-0.85586761084041607095 -0.81697885671340997327 -0.51151096951022578807 0.95427338706365694154 -0.0044102374466567454553 -0.29890274764144664221 -0.018545544904845518569 -0.99883853673067446444 -0.044470667928673830727 -0.29835945687399245685 0.047980489237856305262 -0.9532468238322707732
-6.8784654387486581228 4.7769797876925013114 -4.3707756632473717673 -0.99713231382042633033 -0.0085085547541593302412 -0.07519809326668422389 -0.060639958895285797635 0.68431449255722953673 0.7266611800978832747 0.045276308596520313532 0.72913735315922079128 -0.68286805175499787346
4.0828393943111942477 1.0820600681967129653 -0.64060928562629637639 -0.96046806843071153015 0.016411023887269171606 -0.27790604135210911219 0.26032976691697279348 0.40664652643253712538 -0.87570943525649447281 0.098638237930118485841 -0.91343816475740435834 -0.39484328180017302934
-3.5182419761927228308 -6.8848635925937458069 -4.9818769844544794623 -0.92914658569673536093 -0.0093256602564922280035 -0.36959390464261981935 -0.025046097207576691751 0.99897295653099105195 0.037758775596937549368 0.36886219012371235237 0.044340322288963084085 -0.92842588315732366144
2.1890811124976909952 -6.7980978480029357058 -0.54275376544624909236 0.95874537356121580789 -0.0048648383831524878371 -0.28422463303262934797 -0.14057368050765123302 0.86092849267871573993 -0.48891836828078877319 0.24707559374317572543 0.50870272639464297892 0.8247273410861867271
-0.45422168124080936069 -5.3259823684268186028 -0.011210749225328971515 -0.99905478748128850874 0.014963849845557623472 0.040811944435917638097 0.040274767467841018909 -0.03459551298648468054 0.99858955211174960098 0.016354654268833861142 0.99928936433801929251 0.033960147301532385422
-5.8422727058409327228 0.58377335322594159361 -0.88153648329429357133 0.98530558978895377287 -0.0072213471640591875983 -0.17064802042729704246 -0.14769090782052080035 -0.53786617779791312532 -0.82999239184953299553 -0.085792135290926677116 0.84299930422634183902 -0.53102907886107497681
5.8949073362854411684 -7.0500820036537916735 6.29527543134239842 -0.99461465380647506862 -0.0022138336885905007118 -0.10361847988561137535 0.079802684494681683236 0.62156017170261812499 -0.77929101399952194207 0.066130340849254315438 -0.78336329496180046039 -0.61803618512650904115
-2.1642111064491005301 2.9949328946340796342 -7.3500102621853287133 0.85426703972204087734 0.0022414258967707232327 -0.51982958828297487486 -0.14378047293189924472 0.961998176033227681 -0.23213505748214025015 0.49955480224701692693 0.27304667241831337421 0.82212560733343553743
-6.766964223814617263 -1.2255765838001504431 1.2161193802822596322 0.98523991444153347086 -0.0028190852579972353747 -0.17115596323096074483 -0.15650037514389505966 -0.4199322356482859675 -0.89396003828092862609 -0.069353756718940132164 0.90755108408380658069 -0.41417518782178330827
-6.4363049260354063819 6.1859557056838987421 -2.525909220934634547 0.99807373571586399663 0.0012853575830374568481 0.062025526439500655584 0.022656185794023647739 0.92318006261360718856 -0.38369945170420877156 -0.057753920381926844574 0.38436560700553623615 0.92137265253092348605
-6.9389009186806518414 5.2534698048684767002 0.85320614635615221744 0.87598767616901296318 -0.0086762241952832754033 0.48225544510530798936 0.4521511736910389101 -0.33336130456430218549 -0.82730257871530787916 0.16794316696378508436 0.94275922894068375779 -0.28809742955683592669
-5.9448934607349350756 -3.2700039610249849176 3.3872445519702192307 0.98492469706581198263 0.0058549771107445202495 -0.17288452895737668746 0.14474537568852310909 0.51936499136064295801 0.84220471499847038288 0.094721261217182259329 -0.85453245988203585526 0.5106879259209879951
2.9224497356999901143 -2.3792708910990567617 -2.9240242639485338749 0.75207033885984986288 -0.0020576678750347911565 -0.65907963965677351936 -0.49937947474752641952 0.65083420263652502769 -0.57186972369537047989 0.43012828970919958493 0.75921710115184781742 0.48844554221585800846
-6.8402533802572200727 4.6749909459477594353 2.3398478254823773526 -0.97029464452376379402 -0.013523071463257603508 0.24154798559838383532 -0.14648592221637049549 -0.76176186908531973163 -0.63107901993336801283 0.19253617166877820543 -0.64771597274262271426 0.73715252238139372665
0.24061655338034526608 -2.265442880484582755 0.10583753806156402655 0.96409388137951790299 -0.0071145979634612936671 -0.26546632626794397503 -0.26462574855726150869 -0.10958865363336076082 -0.95810413849188635904 -0.022275571528156287021 0.99395156294987363488 -0.1075364562482312436
-2.4453849524495714363 -4.4585018943347192177 5.2527331576600406748 0.99754079301388109968 0.0037010749822670194024 0.069990487333478249021 0.070035101008864383831 -0.091527399570112105698 -0.99333671016154956313 0.0027296336533321760923 0.99579568043441457625 -0.091561519909975880305
0.11692993107279077425 3.3108011745670093973 -1.3995847738081361733 -0.99999219877238798571 0.0028190410715704856438 0.0027668396862875060949 0.0021918778646215601735 -0.18670232365826994192 0.98241408683513309352 0.0032860410587188817154 0.98241248737383879419 0.18669468815716275256
6.7162162850360971333 -2.5590646631575513226 6.963615224763483269 -0.99881884205865967274 -5.926675021400429344e-05 -0.048589270790326398453 0.039409250805230278125 0.58396277479385694242 -0.81082327828319844532 0.028422380256651037789 -0.81178043468820226813 -0.58327068686683414267
1.3414282976550528925 -3.1827904936144060244 -7.4915858601111411375 0.95321437099079975308 0.0061150697935833829219 0.30223330203359621837 -0.1686241963582791048 -0.81904080148480551404 0.54839588428944052723 0.25089488503991563828 -0.57370268556500281232 -0.77969031367353880402
-4.4433279721296958797 -5.5319315052493944762 4.8383134343050775428 -0.99802146061109164865 0.0035474101919602003125 0.062774039542999829355 -0.041294055528294008883 0.71590506742153292574 -0.69697541952218322603 -0.047412710718148870503 -0.69818862087617072909 -0.71434213409350855173
-0.027955155609356706348 7.2257049649103022304 1.7136766992565690693 0.99905483334712452681 0.0027388047544236703013 0.043381319875939718111 -0.035753691233538636984 -0.51580745721869936116 0.85595814187428254094 0.024720710524597920565 -0.85670016109858615483 -0.51522201083130692023
-5.865124426119211698 -4.5181564368675655174 5.0482832493387128636 0.97486039393164192202 0.0085507555757948720127 -0.22265241279341421721 0.066145773568818566623 0.94311105440517506437 0.32583166773309579778 0.21277205874507940098 -0.33236790404286442602 0.91883601767650402437
-1.2942819876666513679 -0.077351087704927462552 1.9503344719049182654 -0.84972632486174137778 0.00091231096538554141626 -0.52722323594993836249 0.52432632263994916055 -0.1032375710185635953 -0.84523600924061748074 -0.055200364343589207461 -0.9946563082889555707 0.087245333155701265682
-5.078137502444934448 -6.4777359204017663785 2.0183566848703891061 -0.99980838141396710661 0.00044742439374292636983 0.019570392582766354961 -0.017973776749945494929 -0.41704942092784202945 -0.90870607120949942193 0.0077552436309087993682 -0.90888370010415941991 0.41697754841371631462
-1.400950040887186443 -3.5383722515063524838 -6.930161289231280719 0.9837598410355175016 -0.00032364441889918410533 -0.17948947161324299571 0.090457152508692489912 0.86461470635642900806 0.49422556905953229922 0.15502928344584335218 -0.50243537376112179516 0.85060250203481713172
-1.546540971699191136 -0.59001744547882351011 -3.3109489150872102314 -0.89167000257016593157 0.010912971115958533183 0.45255443161898017967 -0.15633095426724510912 0.93078128042313834634 -0.33046458320335853065 -0.42483554377473020658 -0.36541362190713777558 -0.82824371151866338359
3.4386587901919249965 1.9718568164406178322 -3.7250483518151611406 -0.97957793746110310984 0.002578286741586162216 -0.20104829488680078797 -0.18273168349913682107 0.40573877394135154928 0.89553625229027311594 0.083882037916332752303 0.91398544832951944539 -0.39698161664865133647
5.6651294804062706234 6.438684521487279433 -1.898258404096313523 -0.83154126570933417639 0.0030866546902314313458 0.55545440495636433376 0.53556171736941515782 -0.26081943579742872252 0.80321035152601183427 0.14735253751068846939 0.96538266737759692582 0.21522902967770329852
7.159470390186338129 6.5330151477940185956 -6.7873347274137296736 0.92261209419283818356 -0.0013298473999738573068 0.38572678822558326139 -0.29330033147373135716 0.64705701566221629495 0.70376994397290359995 -0.25052313108045731749 -0.7624404566837913455 0.5965925835991230386
6.274325379343223652 -3.0811944722901536409 -6.008150092517425378 -0.93389157935272593125 -0.0095128107688641997536 -0.3574297475663639756 -0.34821085859041128741 0.25125272906712958765 0.90311752507412190738 0.081214013407770152542 0.96787477111842556976 -0.23795527197072144365
2.3297026663750424191 2.0096378596283055451 4.793426200114462965 0.97244324388420766425 -0.0049122066945562255919 0.23308798263605068346 0.095766812885969318514 0.91995293788185383832 -0.38015169292319361816 -0.21256259072010180722 0.39199803865332938368 0.89507244551398457144
-6.297321981929759005 4.1633244020715194367 -3.0819861876191310124 -0.98560999429741069644 0.0074159978113343232031 0.16887256176608500535 -0.1170192809166438197 -0.75087179888650945614 -0.64999848425255901674 0.12198125689925763682 -0.66040634810194076554 0.74093456414976588409
6.8035251164059866724 6.0605259746820623334 6.0940575750793035681 -0.94751523952862626299 -0.0056871564628062599642 -0.31966001800741161709 -0.15461702281252701074 0.88329328578787347226 0.44259072238211766281 0.27983646495358438511 0.46878633462749208505 -0.83781318045786778992
-3.1657968296597838176 6.1234248543862817016 6.8639231695071787342 0.9999068608486666454 -0.0089075590073318076934 -0.010340455519211668584 0.011598726016777726952 0.95391591488686555689 0.29984979052897675622 0.0071929953844972610577 -0.29994179888440808401 0.95393038430460996846
-0.69631341143063829602 3.9193653982668790192 2.8442846047781782381 0.99979637721487490953 0.0021403371222765230769 0.020065469469715897094 0.020127330261316273008 -0.034453718327758620088 -0.99920359880747133818 -0.0014473025220158542911 0.99940400251874605964 -0.034489782037846201945
3.1999754361607517517 -6.2948359399458864161 -3.5120425842655453863 -0.95524269423659913247 -0.0081471284164955515977 -0.2957110403862443504 -0.12471382635736533162 0.91753715591637396987 0.37758711448903370389 0.26824961625887283612 0.39756658789620535899 -0.87748672443828346079
3.8560635289476312693 -7.3536653940518750261 -6.5627813687624998451 0.97163577734252470908 -0.0079005587859736041423 0.23635036991478786117 0.23645231892505413906 0.016521495122666977895 -0.97150262020948896513 0.0037705520778736683826 0.99983229662261807746 0.017920981202183106085
-5.9813112078420411777 1.0011589791788961801 -1.9989556895693665339 0.99994873254608429569 -0.0078322057448277880576 0.0064178526305086677772 -0.001235461602882521881 0.53470590914465498944 0.84503731536562753934 -0.010050169841597521997 -0.84500192146462960174 0.53466881974469226968
-6.1662506344320204832 -1.7330148727311736057 -2.2903439890360424158 -0.74926424301547844831 0.0014545406444466182916 0.6622695663020686796 -0.52464585929271789766 0.60896694462579414875 -0.59489997703825081565 -0.40416558050562834126 -0.79319426666151982008 -0.45551403806017837228
-3.3242823602461197829 -5.8940953742288400008 -5.718222958912336118 -0.89135834102012667657 -0.0065395216977923199819 -0.45325218427470997939 -0.25764657706528176773 0.82998901902289812238 0.49470846933123702183 0.37295917902685787881 0.5577413943373832339 -0.74150252044222819681
-4.0654552617707615525 4.997338536633062489 -3.505844307975601204 -0.92570660226646139801 -0.004400652760366719797 -0.3782167642710582145 0.36456963238372080971 0.25603964821699232157 -0.89528357612801501286 0.10077831941434159391 -0.96665626403403570599 -0.23541324843736038952
6.4383031063609843514 -7.121894003306024068 -5.0858332939943879936 -0.78781154163338129592 0.0021780414968281085197 -0.61591251895423559937 0.312599541938882175 0.86303929315618754803 -0.39679302520087761375 0.53069247332977576015 -0.50513209619233179204 -0.68059317080579362358
-4.0055840245949392298 -6.7058690652301740087 6.4281915545425780678 0.94079819025073319061 0.011706752901799989675 0.33876498809272925783 0.19829882078209962182 -0.82955111978043305498 -0.52203689270738606876 0.27491151830613097529 0.55830806156421264319 -0.78276162750545541513
-0.8030148651417846617 -0.2258933361690624031 4.560906574373764677 0.47557758174597308809 -0.0023406642592617458651 -0.87967066850700215142 -0.24786463715629492022 0.95912237134169264774 -0.13655547751509697352 0.84403144810374097773 0.28298197483727755008 0.45555693006378311649
1.5051806765275146383 0.2343637743150707442 6.1388886738749928185 -0.9818186345099916279 -0.0046628218887530027692 0.18976413523351798318 -0.12520824317508660872 0.76728885292503945514 -0.62896002418117369359 -0.14267117708170770629 -0.64128470609313326101 -0.75392231759047811934
-5.6415748683124995466 6.3010722810007262495 3.3114314129957360677 -0.84610523781533619747 0.0084973685555229747784 0.53294814125674860872 0.12610958632850127747 0.97467593478758285386 0.18467050219763916918 -0.51788251445423105768 0.22346054880785015673 -0.82575001322979457719
-5.7169838301861366503 4.0280499831754159601 -0.99723967575787964002 0.88808444017274057458 -0.0032692686852680155965 -0.45966872746077330758 -0.12431989050247051198 0.96100189779875588858 -0.24702209871312302836 0.44255010106043246587 0.27652244811124443435 0.85304439728655889752
7.0662762725279586462 -3.369724874562078476 -3.4033926859476939519 0.9957262215503089875 0.00053923660241101290403 -0.092352590332770392867 0.088906982868425049604 0.2650609794209980441 0.96012406780882708635 0.024996802085900413776 -0.9642315004253335653 0.26388022561989105119
