1125 14.717824617146108679 14.977075390850430381 15.033177056927090831
6.3295677868986022219 3.0739478034066554102 4.0032235853774897905 0.96124660837203035335 0.0061754767035812063725 0.27562079272201533975 -0.26061765344156084812 -0.30568226513782820186 0.9157711458081903011 0.089907711615091673307 -0.95211355219200299871 -0.2922266023557674175
2.7649359867673037883 -7.4617792376531149046 6.2667564238744057903 -0.78945175592903182871 -0.011432784470916649081 -0.61370613203698332061 0.58268248450307058572 -0.3283238959845618532 -0.7434275631013533836 -0.19299494116131873933 -0.94449600886660078913 0.2658575594587953006
0.66916728382321100099 6.2039414461838156001 -7.3744290608255944619 0.98929046234346718069 0.0032951005050443032789 -0.14592300513912398463 -0.004802648050214777288 0.99993866493685223951 -0.0099800268564876528504 0.14588116975087203619 0.010573962219162413162 0.98924560935857064337
1.7482274872289809142 2.0044432908798524018 -3.9263395412233923487 -0.31104775722971800267 0.017789082212764172064 0.95022778388993822674 0.82102740358794834563 0.5086375714228206224 0.25923314505409222885 -0.47871003256654287572 0.86079693859304939885 -0.17281589981517689325
-1.2926741009518347703 0.93054609843393742974 -6.6241881949313325961 -0.62022201383591846202 -0.0022733018758081709187 0.78442302723208623405 0.14428335963241126216 0.98260369392347046702 0.11692858000160795406 -0.77104277811705634882 0.1857008691056549754 -0.60910444221570203549
-0.70170366511105897178 -3.579641644822659341 0.79858958114693168184 -0.8362860809144910812 0.0082786264080636114138 0.54823084117321196906 -0.056019951144548059407 -0.99594352066093905229 -0.070414975162678791754 0.54542401482004421176 -0.08959892855498363673 0.8333574719527075958
-1.1723313121291287775 1.5943880728470718466 -0.12100479414402649792 0.90055370099902243286 -0.0020472982854487799774 0.43473996847157447831 -0.016892308291268386122 0.99906897017556062224 0.039696885935123500666 -0.43441648396156867795 -0.04309293912104252694 0.8996806750511384676
-6.1854734384553626825 -4.8465717872785045728 3.9230818895138126479 -0.99706260196446550026 0.0027092126250760741393 0.07654298093847830553 -0.03305597040375390927 0.88628312455683100346 -0.46196268891164171677 -0.069090307458136268615 -0.46313592312916673777 -0.88359020259531761976
0.35620756366168315754 3.5541878091705756404 1.7651292997202128188 0.93667999337818241834 0.0040005416796745595087 0.35016365555465955861 -0.34248074358685159924 -0.19814831128229001833 0.91839217494937919195 0.073058403194756510457 -0.98016388548150124027 -0.1842314504105768691
-0.22656910452213632756 7.2478048251036391036 -1.5075430949436336991 -0.91478320890770714602 0.0023759934723065951646 -0.4039381578355059621 0.0032061365447127341752 0.99999390981193092554 -0.0013787775770209634296 0.40393242180957583676 -0.0025563634659273894167 -0.9147852554654419821
4.6477793567283889331 6.8019358375513645498 4.791272839233247538 -0.99643779455549963409 -0.0015470090519309601974 -0.084316833102133573186 -0.021318140179287591029 -0.96273724539739413686 0.26959698296541506624 -0.081592024614413657946 0.27043410119237093481 0.95927479818434469028
3.3411248343827972818 0.20711849170837506873 2.7422176341881905337 0.94123616051194658461 -0.0098537141382373637927 -0.33760538275091489524 0.26791110326149752963 0.6304514735494883837 0.72852905243946486369 0.20566509400938318142 -0.7761661186993524808 0.59604364377883178872
-7.3587377688256543351 7.0864440551423388825 -1.2657691225737501828 -0.97277244437172727398 -0.018394813584369541781 0.23103117171556686316 -0.049714345667339759904 -0.95707982676565794833 -0.28552878844915868806 0.22636752263950982167 -0.28924010100878416729 0.93010639642061399002
1.104134838647291561 -6.0327095966749366696 7.2956606251122648743 0.98994526955175010663 0.00048372269480167519318 0.14145009474925582249 0.1103633252402311804 -0.62813856422551073155 -0.77023495154059729018 0.088477679298927455753 0.77810134953311849149 -0.62187618552311085818
1.7306076560389855867 -4.4716860784334233614 -4.9372354846768606862 0.98505527071666476591 -0.0051348592977879759999 0.17216197853576670207 0.169569757914561553 0.20418862287900990671 -0.96413334320910071273 -0.030202828247736717565 0.97891809642417104698 0.20200779603539370521
3.8324298161831444887 6.6595205679686264588 3.718445507530910632 0.99793094273693372376 0.0050238672747203866331 -0.064098317340070376513 0.0042459446214622581506 0.98961686494702361117 0.14366778541694116833 0.064154543739993880047 -0.14364268644781655326 0.98754795992264265969
-3.8831499827048010509 -1.9560609612406143487 6.528363361920903607 -0.77402001303479539551 0.0058085058698001193478 0.63313448862084220625 0.42491571714495740553 -0.73656850285798025624 0.52622568724910501192 0.46940350738443836764 0.67633800858533432709 0.5676506367459903668
3.7653550670147266644 -1.27079790014467231 4.4645538548784475807 -0.72945367839421837441 0.01504858647934261863 0.68386465848308819471 -0.45946224268844321204 0.72986574059281927873 -0.50615259384177280211 -0.50674626650915166604 -0.68342486108869049399 -0.52548899191619202753
5.1769682178155767005 -4.8075550016522194952 3.5056696737390407037 -0.87060994071775543723 -0.0066030315049827592588 0.49192959973784561312 -0.18731742898735487257 -0.920147115493206047 -0.34386256941863563297 0.45491813760378763121 -0.39151715904230377507 0.79985236278615901018
-5.3967525913177674113 1.9796872212853044992 -5.8361540060072636393 0.97653038170036510213 0.011367629360387578041 -0.21507949836911935404 0.16861112727857027749 -0.66168559414969230215 0.7305768010636705112 -0.13401007937412012794 -0.74969523907882795744 -0.64807279462180567009
5.1264320790245312409 -7.077837220534499707 5.1844808212740307596 0.95984586014010286892 0.0031024463302966849912 0.28051078339113399984 0.21733308748112806219 0.62403101335646160575 -0.75056753423998512353 -0.17737602390924511742 0.7813934151219716906 0.5982993205295510375
6.3036426549566595412 -4.9696482567466970792 1.7869606514132705399 -0.90468772976224187676 0.0065800358909670576477 -0.42602442975140425441 0.19673978041464784683 -0.88045360531325811415 -0.43138718999679032118 -0.37793328831923544975 -0.47408665032736341249 0.79524101853556894426
6.1281884109572768438 -1.4998962387458687484 7.4494458770492713029 -0.80969378070896580457 0.00030627426114297360768 -0.58685252634487028445 -0.3012182605568545779 -0.85843946127639458865 0.41514967280554282425 -0.50365021690486200256 0.51291480532303712625 0.69516534831086596036
4.715849512938333099 5.0224337000228391759 1.5844004238899231929 -0.97461549672885694484 -0.00030174927290789834745 -0.22388511000837563181 -0.055041178981394635328 -0.9689852312586150207 0.24091095910947049608 -0.21701405980356436309 0.24711845449112473938 0.94437141385025669127
-7.2792571962448961997 -2.808236273069228961 -4.3825955493066670599 0.99973304097722059947 -0.0041569288056932307204 -0.022728104216777338109 -0.018812421085132341458 -0.71754551686589151949 -0.69625751273398595043 -0.013414156376712792901 0.6964992111759058524 -0.71743216351104055484
0.002070442132360177101 5.4660573373487748583 1.9267929774910868002 -0.84851668314975214891 -0.004475947826888977514 0.52914969933610234154 0.50245282866131235622 0.30689975482499681769 0.80830297256568262032 -0.16601383492550583765 0.95173132047826425328 -0.25816060937702334233
-3.5886075944622533029 6.3004086368826275333 4.536044207579692511 0.98681889533183264618 0.0087067978179229729013 0.16159411959588995678 -0.043014948507489630947 0.97674284670303446187 0.21005505378206232314 -0.1560069935006161701 -0.21423725886560285314 0.96424281946647372177
3.3320201959158857186 -2.3902821924266270948 -1.7714099267169811647 -0.98795743360617627182 -0.0015216958111916693841 0.15471843401500776083 0.15092691236878350014 -0.22970198511892564452 0.96148742329539049756 0.034076040043211831831 0.97325982269607924646 0.22716544856271828068
-3.4322522782870992231 5.244551273445342332 -0.48202245082665257092 0.99925110025044128204 0.0031706754296617510255 0.038564043690554536403 -0.028938104722021053272 -0.60037993966886860076 0.7991911624500507294 0.025687054006706167703 -0.79970861872341481025 -0.59983856194479590052
0.66011118847982130919 -6.4072934464861255321 -4.319127167468893802 0.97193136408279012795 -0.0098150831516325004467 0.2350597533708432274 0.18296563878437288597 -0.59655181792359679438 -0.78144065901138626273 0.14789522824037845683 0.80251454359080898193 -0.5780115991820921062
-4.9452315606303560713 5.7575486812059981645 5.6297414175896758337 -0.92580366749066822507 0.0094388652401748950049 -0.37788685751653289246 -0.36687368978480111581 -0.26324857954657548964 0.89224653605960457803 -0.091056383655715500414 0.96468186112809661825 0.24717937172391374334
0.98952199756062830804 -6.1815843257382514508 -2.3287594007936323059 0.97519561730241222097 0.003655257648467962351 0.2213145885067385743 -0.12557362715566935951 -0.81424788199553055357 0.56677301526168011314 0.18227663634533769477 -0.58050583610964168191 -0.79359196195863179746
-4.3894434478768156183 -6.3158029943819142815 4.4494994953523478998 -0.9993106408013348041 -0.0047656685196196925738 0.036817544524983307486 0.0055205241132662528913 -0.99977608064205703009 0.020428225314300357818 0.036711946213836568753 0.020617395071613982271 0.99911318479227728684
5.0822951695818296969 1.2215515900469415822 -3.8023554938260386571 0.49911840115033601073 -0.0096578375894985617894 -0.86647997542143917471 0.79622965667351175423 -0.38943043796759391206 0.46299272976797206658 -0.34190518490770538396 -0.92100524437023911783 -0.18668204084958475719
-0.65344930784361543452 -4.497648685894725773 -6.9641706700889818293 0.98275937891474274277 -0.01943442659731216271 0.18386491296053289468 0.17335510119013466945 -0.24888829267316223137 -0.95289171822489826535 0.064280728422302660374 0.9683371937673169727 -0.24122824693725725131
-4.4033367359971791188 5.2943717659148950005 -4.5350490829551208805 -0.98027178060296737971 0.006188914602541678231 -0.1975574182088260522 0.10445130128374362222 0.86476583994855726889 -0.49119239379099088882 0.1678009589168570348 -0.50213717189031237265 -0.84835198991478499853
-5.1149553706944503872 6.8400415090448873912 5.9428779932168875888 0.91062178302506036065 -0.0015825325037736870382 0.41323778127259314097 -0.19023843171570381516 0.88612180302656196051 0.42260796170818887285 -0.36684779865574002056 -0.46344972304634690641 0.80662075774780550574
3.7773462241305471032 -7.4566394170426599786 -7.0911689457103985745 0.96892775065275260626 -0.0015108836407335419355 -0.24733930388346403451 -0.094883740852471504246 -0.92574817508304951819 -0.36604288280510177689 -0.22842086099298331003 0.37813758549116949226 -0.89712645524594869517
-0.22613634318929254352 4.805923052195494094 -4.9740448934803422887 -0.67359678898710217965 0.0037166089925377296735 -0.73908967837727956862 -0.48655370636588884947 0.75051062426890524648 0.44721280581087996531 0.55635677104524361436 0.66084793233921468314 -0.50373321672777326974
1.8526428292210233018 4.1999676667543139885 1.644800704395841473 -0.70338626885910260356 0.011444949648970435818 -0.7107156744494679268 0.64974609154260087873 0.41579938668619692566 -0.63634965746545057996 0.28823215175547484135 -0.90938434292600978104 -0.29990389049750776351
6.9256520100061580436 -2.6814678913584195641 4.4013698094017321694 -0.98371239721434278191 -0.0028240467527755525913 0.17972741673663794604 -0.081866574690050417096 -0.8831135732870687427 -0.46196134104978114898 0.16002432163701024725 -0.4691507662105101617 0.86849857515631045946
4.8876896137843486301 6.9276948069525028373 -1.6934206235539717156 0.97833533390188442969 0.0021271367893756008664 0.20701557846718227074 -0.1833003465156578804 0.47371394708075709179 0.86139194290892140415 -0.096233868291109705972 -0.88067620135347379762 0.46384099750185792121
3.743855356679169244 -5.8229561419054158833 -5.0570431450168706888 0.40588638709131663607 0.0014572865627517335788 0.9139223802325303625 -0.6451116712328724967 0.70879684074348459077 0.28537338732097933258 -0.64736942499094662917 -0.70541116724073138489 0.28863110144105696975
-3.6995551830710819985 1.6796930885673533318 -3.5677083025001263827 -0.96339677668027912105 0.0028413912759386460334 0.26806450189789299277 0.19239110397134442931 0.70367834865928746702 0.68397547086196996968 -0.18668774409379079726 0.7105129894124062595 -0.67846811132237705433
5.4924279146368633064 -4.3386099439523597709 -1.2751721834292779612 0.95809387768688158982 0.0060596605640619236044 -0.28639029671559068646 0.22492789973333129905 -0.63500072863110679222 0.73904094241081608185 -0.17737970983335110686 -0.7724877702279373537 -0.60975329715199189096
1.8069452598632387286 -0.7390957672846213411 1.4812153021304435008 0.77439800271635206297 -0.0046424865104404879762 -0.63268173729615329037 0.60967405993929579822 0.27278492311327734443 0.74423512840990202477 0.16913093751931587705 -0.96206384041866987999 0.21407450322904347795
4.3255764124324151965 -3.1372390918437034202 1.7762296116293936343 -0.92011569101031820406 -0.012673908658177513581 0.39144155016545501002 -0.15488946148989199414 0.92976808806957389475 -0.33397688112619161593 -0.35971706920295914989 -0.36792753966877633776 -0.85745726172051506264
-4.5209730665131457883 1.40504902214271854 -2.4364084594417922958 -0.97138122937320525718 0.0095132084957512928758 0.23733521880574071083 -0.023702213053595693609 0.99032810245859270726 -0.13670572254696322645 -0.23634024692756705477 -0.13841874275127730165 -0.96176064555447082771
-5.6055835073643844879 2.4776887568882504098 0.94911410647712901589 0.98847624089313201878 -0.0029181810408987311767 -0.15134796136418895984 0.14841085407651946615 0.21560602647275214916 0.96513639437176312885 0.029815089836536044776 -0.97647607526653412702 0.21355452430237850669
7.1554207711863302421 1.3224968558290983722 2.6124755419479708252 -0.99583530163251832157 0.016697484638539469848 -0.089628377365966710455 0.066885905486516725182 -0.53424626343415959617 -0.84267858976834075779 -0.061954238513337672734 -0.8451639627985094716 0.53090446251361222973
-4.4782771069327722557 0.32767111655512332069 -2.6559973941174366274 -0.95544730578866055026 -0.0082883838018418063559 0.29504533305055258285 0.27880172934490526915 -0.35351532204220853517 0.89291461674434424722 0.096902226884612752134 0.935392013957450974 0.34007607773770692772
-6.8641252647070434278 -6.8105464263217054821 -7.3744323852276547626 -0.94420093550180284048 0.0036630512361091899926 0.32934962494791203413 -0.29499194253957200518 -0.45418756380864372391 -0.84065058777022483305 0.14650715762166030554 -0.8908985570407613741 0.42992489324108235094
-2.1466465227734459198 0.2305785161764015434 -3.4340365774168684077 -0.72337098174201996947 -0.0022208447418586990674 0.69045600194527179116 -0.67258698890612889087 -0.22378561281136738481 -0.70536993262610125921 0.15608063662053173193 -0.974635863975540917 0.16038630716131879739
-5.7487763596254399801 -2.3523017801749990241 2.0977287926471182011 -0.82030731114050148278 -0.00055042959654332066638 0.57192273282019789882 0.34738295038336847176 0.79392037010012161957 0.49901456063249560735 -0.45433578009262837183 0.60802149877087985352 -0.65106747419918764574
-6.9164061700087753337 -1.722680808971084998 -4.3693202470094343326 -0.99870570826545723708 -0.0052511710369991231734 0.050589855511831066659 0.046176987231435095982 0.32334647637400565356 0.94515329024811733927 -0.021321213103258046528 0.94626607326862210989 -0.32268548844435612777
-0.50574193344539108974 -3.447002249883925451 6.1182845535132592829 -0.11975243790947262545 -0.010389295896501244548 0.99274942263665688635 0.51075135936814297644 -0.85811603045310824722 0.052630097690974694813 0.85134740412970077994 0.51335069962953627787 0.10806783365799449426
-6.2489649296530691558 3.7907765645836102308 4.9305431674053146196 0.99521216740197704365 -0.0025940834218192319535 0.09770369791456383346 0.011504311592581042967 -0.98958963877107752882 -0.14345730253818786415 0.097058707336171570756 0.14389446677324574386 -0.9848218060960590714
7.007814408046510124 -7.2398684178157290958 -5.3317479746063378698 -0.97835095494945278904 -0.010739812989526012835 0.20667381393530676048 -0.20585084021960539657 0.15341487284311128292 -0.96648295813817330924 -0.021326990656918419498 -0.98810350328666918251 -0.15230438687716510437
-5.556710309410962445 2.7343952722147233381 3.3106017988071818614 0.9741421618484447098 -0.020017579546070377039 -0.22504742837528440846 -0.15169397848341492629 -0.79612548264388938168 -0.58580982645987655921 -0.16743949773299107719 0.60480039053751688538 -0.77857594504639482391
-6.719927229477077546 -0.68210032154585065189 -0.96093908555625728862 0.98196769199869149425 -0.0038764022909399415556 -0.18900906162394787158 -0.18429452332111229129 -0.24243704507842583906 -0.95250186763457678207 -0.042130517971305507519 0.97015939550098118094 -0.23877974532309703681
-0.57106662456990242571 2.6824916193262775543 -6.4382711734516488988 0.65193218566406907488 -0.0094935818946771024368 -0.758217842838069922 0.75213938326504747867 0.13506455457765922934 0.64501466203357304963 0.096284855698480401043 -0.99079131909777440335 0.095193427102834030085
7.2978024033506576629 -0.051346862671899605457 -6.1701614206593387024 -0.61776630594870429736 -0.0081443111815312427271 0.78631956698899807545 -0.23229428552708195066 0.95721127985995480003 -0.17258600934104276203 -0.75126836493087900681 -0.28927536345870241696 -0.59322475331861457271
-1.9050345733905460488 -1.4028716537969603273 0.56414308805200197305 0.98142457399794369444 -0.0070769762385617471928 -0.19171781857809458427 0.10464803651782977889 0.85730606618977134303 0.50405862489134678484 0.16079363795244874802 -0.51475841448363113262 0.84212183246389771263
-5.2886491348814690383 -0.43783788084130509377 -6.4084323378306864427 -0.9837604106093602585 0.012786379580021066393 0.17903062032811040138 0.02238676055198280529 -0.98092923299017353855 0.19307167792629445491 0.17808505684034470207 0.19394418878250116456 0.96471309940703897645
-0.0043296136735441956289 4.4792636845768472043 2.2016249654700801308 -0.99711587665158918359 -0.0051808970404526068221 -0.075717150205139777119 -0.073896900816742161489 0.29365060737932296986 0.95305223825107576729 0.017296721626301688607 0.95589878077730827677 -0.29318653504108738161
-6.5672448476238418635 0.8465867356524212628 -2.8004863104590187461 0.97192484249332133928 -0.0023933762710574972045 -0.23527934948570652929 -0.037019838730789823844 -0.98904951460281909092 -0.14286563339206070911 -0.23236099518797043162 0.14756466180699193136 -0.9613703961019299804
-3.8097027773321219257 -5.485402408807767749 2.8033061823842011506 0.99599745588979415878 0.0015332943262243315524 -0.089368433295276994421 -0.070318454839349758823 0.63065847675191244459 -0.77286816509019984345 0.05517592563924648974 0.77605897630876674587 0.62824205726803650229
4.3483303506019082008 4.9553602073985265619 -3.1934209854567652265 -0.98580294228083698016 0.0087967830834122795469 0.16767580504642326522 -0.16342857033776547748 0.17881866878466026738 -0.9702138867752257978 -0.038518325352278899587 -0.98384272132356764828 -0.17484232413973185838
-5.8968992208221253648 5.2499981723829973745 -3.7863023376281086385 0.97730217738771740787 0.0025260114753146087341 0.21183501443167959688 -0.21185001137439396501 0.012424968042854839245 0.97722320523500716405 -0.00016356625428763128804 -0.99991961648671434659 0.0126780838821332828
-6.5968634254244422621 -4.1010032362253552307 5.0512026191052292745 0.68382115191965753276 0.012598068991091091601 -0.72954089730792182067 -0.71517614632393122776 -0.18658725405053730451 -0.67357870835942013077 -0.14460882378509642976 0.98235761578128233396 -0.1185824725662013579
-6.5196946067802237224 0.046416365915024473954 -5.3553002680964212345 -0.91340640189054056464 -0.0079424837445142976167 0.40697132815135955708 -0.27764451677347917746 -0.71897095232263119602 -0.6371768137824652678 0.29766132985480520112 -0.69499473859031246636 0.65450748356356247548
3.3327378969464054315 -5.4706939626507793406 -2.2263242853951101807 0.93549516481990513395 -0.0027904993534977424671 -0.35332847282934903843 -0.11854050050259914983 -0.94449436227188965365 -0.30639606619091475093 -0.33286175259279787708 0.32851577245245738856 -0.8839006962950755053
2.3297717676896962935 -6.7812332976029257026 -6.2394503226122370876 -0.97866073039304024572 0.00092365381456015194228 -0.20548070870546300548 -0.16648784582768866303 0.58254501588264018253 0.79556464329553255865 0.12043658903392397141 0.81279791543407298171 -0.56996015359665841427
-4.8032806056057433253 -6.9254726060458207115 -1.9924874965650378744 0.98138685189083063598 0.0050363691739194003244 -0.19197521173662579486 0.14043458244027207105 0.66302933634026728349 0.7353028132728868238 0.1309884536537683497 -0.74857647180338848791 0.64998099270028120156
-0.46525036241391753977 -4.3911185307732178984 5.2165059335743633184 0.88632765885470288225 -0.014132023525608739326 -0.46284291834302915269 0.45155829134601815911 -0.19500103622612854903 0.87067198495619291254 -0.10255920566123877258 -0.98070121942513510671 -0.16645337951600375215
-5.2800822119356549678 0.47785646518773672309 -7.1628842185732795045 -0.73974382404821004133 -0.0049243279267836177759 0.67287058620290030042 -0.64812024163083192807 0.2740251193836916177 -0.71052824457214436293 -0.18088456863648544326 -0.96170992765026352966 -0.20589994630399441333
-0.42054249240361402107 -0.97725125510982358001 6.5692190393745910626 0.49974274199453766476 0.007036679829510944853 -0.86614529783448335198 0.86582800372557522373 0.024198102987345593284 0.49975626036754405845 0.024475697916021204453 -0.99968241804523239047 0.006000271888258193291
-3.5175547206300863401 -4.4980270860210547212 6.2517470328482644959 0.99970495866378272787 0.013367417588584798449 -0.020280724102721039981 -0.014328870901540016747 -0.3496418616439884719 -0.93677385320293871107 -0.019613237412572974427 0.93678806607105824522 -0.34934716284114480933
6.0420696112912768427 -2.9609263330942563464 5.5871231717992539956 0.93249813426479200018 -0.010539946804959132026 -0.36102096769319125258 -0.27710916344235642095 -0.66196090952506536631 -0.69643252781372899651 -0.23164140633534127667 0.74946425117015913475 -0.62019802893015485434
-3.7366423361902576517 0.085481415178133693389 1.0152043267183392672 -0.90158216210354236164 0.0030552543022934570624 0.43259712250290960345 0.21539346019894434203 -0.86404523024404811249 0.45500713993961122705 0.37517364283785942236 0.50340491208733351147 0.77834968504272261658
5.6415991417706701228 6.1685527401706305994 0.44249915387908611564 -0.93408126606637120748 0.001727991905545013876 -0.35705630148163586268 -0.082184855385925736915 0.97209839631102090696 0.21970516023693811847 0.34747350680153082925 0.2345670947372654469 -0.90787688600246230219
-2.5615775151993500636 -2.0672451847175050688 -1.3055989195469128727 0.99969979547425713573 0.0073394846523155247986 -0.023376289135598825319 -0.015460761292131856848 -0.55118049064143614935 -0.83424278935841222893 -0.01900746666389213288 0.83435376112370585044 -0.55090154974336302818
-7.1131370585748685542 7.0503708443625416891 3.6169326943369779492 0.53845672214173878611 -0.0019596054836137936569 0.84265088757263384434 0.55651525856555716931 -0.75005669242549699582 -0.35735937812159790372 0.63273622099905058036 0.66137063594788747523 -0.40278251767147438267
2.8932824495606705995 1.8119246498929362232 5.4712610471689320235 -0.89900481044574753753 -0.0016132669907026487427 -0.43793578086859824561 -0.35578245014731235685 -0.58040292094551770852 0.73249661946320354655 -0.25536091901965429773 0.81432784965730942162 0.52121104584413291416
-2.1471335143883334418 4.4737340513750103455 0.44936739787990936934 -0.028559956579124967657 -0.0060586418158003006035 -0.99957372001238598003 0.12986604535002352345 -0.99152888175135522886 0.0022993298866352375812 -0.99112014364827716317 -0.12974501729207979506 0.029104833662599326194
4.5042768628745566417 3.9923268217315825979 0.9664212426959236657 0.90729292437432440543 -0.0020532238846712562441 0.42049415412336194064 0.28524349439854218557 -0.73172963196869111879 -0.61903787816442734648 0.3089590559986092333 0.68159190867465280217 -0.6633074488846385508
0.1745606056685566343 -2.4683462449752262557 5.6221019184835867577 0.990590289308474925 -0.0010800625875252137156 -0.13685653872837935663 0.11724882576383025001 0.52249397538754571713 0.84454292877320513711 0.07059455775701926894 -0.85264229261074631072 0.51770409431112274223
-0.65699271126801717102 4.4116634963650289691 5.4387847280067012079 -0.98350287723448182042 -0.010432010424017488029 0.18059142734337343961 0.13228427233938058749 -0.72241234870930781664 0.6786908498896919717 0.12338136716312769758 0.69138380917614306043 0.71187461441334798362
5.4221597012303393015 -4.4630471528386275182 4.4950490322373779506 0.93347742790674848035 0.0067389655183184050957 -0.35857283490579316965 -0.24873751857095963147 -0.70810126355032720902 -0.6608496405488359926 -0.25835932041203008014 0.70607873987404601301 -0.65932031263579282676
-0.39870607165850241449 5.8812325481170741881 -4.3857249243256219984 0.92061267381446565405 -0.0044419637304577491363 0.3904517560089615924 0.344422817343876142 -0.46187558363875391709 -0.81733950603837457471 0.1839707251306694491 0.88693360190976611168 -0.42367860236073751068
3.3583804117232478603 -2.3440922581237257916 -7.0886864565259877224 0.9186903178201674125 0.015749231073804565578 -0.39466449253026342214 -0.013204661658359104562 -0.99742155131589538275 -0.070539959464638438136 -0.39475782051029861819 0.070015788872053591474 -0.91611355871127675421
-2.0429640699392712655 5.3420886625481323051 -6.6747795242624041734 0.99086931667822530923 -0.0074000711089112361854 -0.13462256947889428282 0.12202919842979662035 -0.37536040430919004329 0.91881088457177706452 -0.057331247990196891606 -0.92684939759623463651 -0.37103008258017150522
0.78623661515293064017 -3.2393667261894112386 3.8582133719036986186 0.86446572751960482073 0.0072198719702020637545 -0.50263991026632937054 0.50268341510984682063 -0.018177141812954336619 0.864279454626320498 -0.0028965699208864451042 -0.99980871418700789643 -0.019342826020205670934
1.5498851010967671371 6.5588498443149720885 -3.6494339493958407594 -0.82127823932489940617 -0.014638717934188884978 0.57034004028160500965 0.37080758789996504099 0.746041435311196377 0.55310388676505750638 -0.43359403405375390728 0.66573860090575576187 -0.60727944876869233148
2.3390397820372461624 1.8698035940233110885 2.7157998505527927158 -0.76018685781416805991 0.0062650197726017726324 0.64967429588521241612 0.64124715551936917191 0.16805346637810181232 0.74870562838582987997 -0.10448936187461957403 0.98575797332085424163 -0.1317694626591922602
-0.25086688385989125427 5.5189344879639889996 -2.8405241658296080942 -0.99602968683515580306 0.012749616612676624786 0.088103973913543284779 -0.033964478743266246497 -0.96925264411354394856 -0.24371238389290914017 0.082287770214236610755 -0.24573717495582883541 0.9658374416628546788
-6.4234663186678284674 7.4184550595577221088 -2.7314409905687959679 -0.86994276880953913533 0.010555871552314903539 -0.49303970689160442342 0.41614704712749761573 -0.52074238993832222544 -0.74541867328920563551 -0.26461521906917423452 -0.85364860270317433066 0.44862328176312854522
-5.7693887628646649546 6.9364934930641117816 3.9157165345190834138 -0.48929742809199666675 0.0038744226636106531697 -0.87210837383413486457 0.54518801262857230494 0.78187041237829291163 -0.30240484310516591027 0.68070408971048756985 -0.62342894310136731661 -0.38467947067002700168
-3.1308670781353638013 -2.302374493132179456 -5.6328630387908074084 0.98055359331637514941 0.0014215870717976079873 -0.19624634958262493489 0.028723170138659763484 -0.99024515443708316376 0.13634336658197146464 -0.19413817278290568247 -0.13932879531497016634 -0.97102927693478191529
-2.9050939278873597615 -3.5879678363310989475 3.2650430262922403024 0.99673624554821871335 0.0026737726200010722248 -0.080682759932247660739 -0.013370786947599404282 0.9911148967104828067 -0.13233474061957439805 0.079612052270468372517 0.13298162451412556817 0.98791589149825764782
-2.8242287129921748168 3.334271746235890177 -5.3059712957912053 0.97079699960771115297 -0.0042804730715115561421 0.23986425974455599652 -0.11517665591695000482 -0.88539130035267976648 0.45035162172635107014 0.21044601085394315509 -0.46482676645181791875 -0.86002822843535819963
-7.3315059197973821981 -4.0966512114891244778 2.3924546714191903263 -0.23768313714101532708 0.0017532988734183276025 -0.97134116162229844349 -0.86559448369264169187 0.45336133856770266526 0.21262569574963585683 0.44074132563181006583 0.8913250936864063334 -0.10623869937613425463
-6.8821975133994452989 -2.1759986743582389046 -5.6828944824048646112 -0.73429160360467327084 -0.0029050601472861764182 0.67882796163769776321 0.57406847366940816357 -0.53636153864243041323 0.61867736939701145626 0.36229991500766872692 0.843983329509965019 0.39551347776629791619
-6.8360233903835077029 3.0956173512953744087 6.9599748605058708861 0.92769009063205176702 0.009800997561859399812 -0.37322250225552233704 0.36274668120578784647 0.21290077425421219393 0.90724203253381663359 0.088351236648162523313 -0.97702466743105031988 0.19395065922544865722
3.6890448037787981761 -6.5008014598138696982 6.2196973530080859049 0.9735471420256354147 -0.005738065509979326656 0.22841417832067731353 -0.052196251169580563933 0.96766482662678920956 0.24677993166614617393 -0.22244440567833598243 -0.25217426100520212717 0.9417678208927604544
5.7476845266496745523 -3.0569586041283240974 6.7539115037531001207 0.98442235424722501769 -0.016556192374713511045 -0.17503862702946007546 0.15110009660690493227 0.58869276855020169492 0.7941093029691586036 0.089896547562677328602 -0.80818730301271501926 0.58202396341172923933
-3.640481003595376297 6.7527646974384687439 5.4933596541140081726 -0.8849470640142756972 0.0046255694363570177413 -0.46566865687944819507 0.38274322904397301004 0.57685497758046400119 -0.72162729678256198884 0.26528534545574128378 -0.81683348299888736133 -0.5122565241541418013
-0.89485234835485039095 -1.1364257961289454535 -0.49671475988485508379 -0.99784779399027223601 0.006634006042653123672 0.065236262863724511774 -0.039571711208393804682 -0.85421076033088760848 -0.51841880425668340759 0.052286324221905197684 -0.51988457074490257437 0.85263484177025716804
1.6865290241196262411 -3.7501060842728630718 1.6094167052553607355 0.99743377905649266424 -0.0027587188069430482532 0.071541916856567785987 -0.05990014225932584202 0.5151733591801072043 0.85499028237072072223 -0.039215167400898413852 -0.85708155939881902619 0.51368606286734630473
3.0223877853381404535 1.1355923380217636254 -6.1424606472735687746 -0.96199313410863951379 0.0095343604272992155124 0.27290713786772891059 -0.17458863307054808822 -0.7899244022187451586 -0.58782501476368853588 0.20997147218248776723 -0.61313011241540094076 0.7615664423534937999
6.9191393153292297669 -4.6962108582031998338 -5.7552682845622866736 -0.94694777076177250041 0.0035303232238307023783 0.32136810088609663039 0.31556168622626451503 -0.17931547102888326095 0.93180834082746910596 0.060915857009858645488 0.98378529093889099943 0.1686883508044817459
-6.6515569316145990442 -6.9820141889593170248 4.4569540597731611697 -0.95994888546249268479 -0.022144958451797498028 -0.27929865397914604985 -0.022177487613021882457 0.99974941548803153424 -0.0030438913316457056474 0.27929607290933461394 0.0032721623476779926332 -0.96019945668128026117
0.3738952930239805017 -6.2284838586871797972 3.7261624635638033176 0.96330524086229951664 -0.0028496497604691868599 0.26839316761687176394 -0.13909355462957398442 0.84990145359773860978 0.50825240012510120025 -0.22955608462355042709 -0.52693396044342266649 0.8183181565526077561
-5.340816564373028541 2.8967526280138811146 -5.046162973594553236 0.99984972413752382092 -0.011372966116201786019 0.013083760310807619059 -0.01182295527472540346 -0.9993227631857984905 0.034845842040467256417 0.01267859892586693793 -0.034995294264544361817 -0.99930705116539508825
5.1309753575581042995 -5.5296209074408206874 -5.9364601565040695519 0.99045638137273939172 -0.0071593808094664061412 0.13764047320720676493 -0.13735014268655484915 -0.13423215759873161068 0.98138507537579511286 0.01144966821618831343 -0.99092404912427523023 -0.1339344390548040109
-4.9671944035582527022 -6.2748696419780598532 -6.5715348747276394192 0.99817814109710867321 0.017633722418912537583 0.057701390533071342248 0.057904110264380165285 -0.54873138164188339783 -0.83399099804242449174 0.016956197990478996673 0.83581273179770931847 -0.54875273549630609882
1.5272349850077497901 3.9626995119772834286 -6.7643724278001942096 0.96298078187176539 0.00048274733394381829504 -0.26956962124961286742 0.21664163239525238702 0.59370706294421671245 0.77496988749445716582 0.16041950273821103945 -0.80468111097821748423 0.5716239085062994052
-1.0865338744814996286 -2.4663506768377145839 -5.5849036124187243502 0.67949124243042025029 -0.0014585642475116516667 -0.73368216827896848287 0.25138825350702415085 0.93992831714164026824 0.23095173659019707646 0.68927178780144282566 -0.34136876135008770161 0.63903972592897118066
-3.1043730558348121562 0.3303768675824682588 4.0183944042359076576 -0.13591104181169361143 -0.0013818565315057828452 0.99072008114611920249 -0.39895788471566812072 -0.91525722664718767163 -0.056007278931053873505 0.90684110787760818795 -0.40286759554789036697 0.12384226064044609461
3.0109943163851071724 0.80992898368039012436 -2.7877099412637287301 0.97977796623361546047 0.0017771720511931300701 0.20007993038448568246 0.20008619588750362062 -0.0046696743923914244348 -0.97976717048303851865 -0.00080690670479085071023 0.99998751782244876818 -0.0049308316743278705549
-1.088487854021353396 4.2843594535290128178 -1.0001668913824737217 -0.13587434568367706689 0.0095218744795297020206 -0.99068031982654114476 -0.90431416872723602296 -0.40962643857375319323 0.12009190255996919638 -0.40466535115337448625 0.91220365858055418862 0.064268490320658372417
0.96626700412322863443 5.7963747921497947857 -5.1560230606108659046 -0.97204504746390940628 -0.00072131772443877889556 -0.23479332486547607739 -0.23326291793285178211 0.11699707527631419968 0.96534972703898636048 0.026773808435309298659 0.99313199730831858147 -0.11389468426726491457
-4.8762207644469937051 -0.011097811119596952961 4.963926515210290269 -0.93556877142703076533 0.010878929453298413418 -0.35297694375755739316 0.037265632961328426509 0.99698601283090049208 -0.068045299760617655727 0.35117281576234105067 -0.07681496672840390505 -0.93315438934618533118
4.6740145250836313551 1.0129606317103778679 -1.7183208569030707924 0.99817065493040890711 0.00046242954633163302347 -0.06045766944509723545 -0.0080206754883128950073 0.99214515322965712851 -0.1248345452500283087 0.059925056533358771194 0.12509109113751371023 0.99033388638258246228
-3.6222776290627085594 4.2613869146050546988 1.1203306709544424979 0.66417812172264034665 -0.011514912956099245325 -0.74748567170517687952 -0.74648073968071027018 0.043848900402089864559 -0.66396067595843621945 0.040421874160482533511 0.99897181177100879967 0.020527819567796989214
3.9940024287610391696 3.8619800789806442154 -3.5425421216117696233 -0.89121194588297203421 0.00092300783327531679689 -0.45358617215711444226 -0.24031282208905463404 -0.84907840814484902836 0.47044192453667088571 -0.38469600343020610156 0.52826603608296474057 0.75693063094715773431
-1.1674011557051653387 6.9785744630428006019 -5.5149577847108792739 0.96067200564636412441 -0.008649258306485541753 0.2775508744322732757 -0.19003903777056618818 -0.749261478047496432 0.63442288864553686434 0.20247089097109538525 -0.6622178099726326872 -0.72143822359547749024
-3.8875119067865697708 5.0998408840330338165 -7.3763437274443264258 0.93439996845700734607 0.0092414684452636584877 -0.35610573459094996274 0.1075891207602576588 0.94565772526242675156 0.30684857461846931637 0.33958987034605009336 -0.32503240132691224584 0.88262826719190801139
-2.7464392999758362457 -6.5341202918009830825 7.0258142174399571545 0.85704449348192868197 -0.0021377900552144234007 -0.51523797030699736155 0.37191163451516212612 0.69464293256442499747 0.61575395439296076727 0.35659006198241727237 -0.71935153165326148894 0.59613496928414810849
5.5793735340511929621 5.7653602988554570885 -3.0026632656278984257 0.99855707258816450711 0.0059189981630519347688 0.053373572532755195197 0.050718874971601865531 0.22263852996409383422 -0.97358085473015210098 -0.017645637018383980577 0.97488309577918064175 0.22201707379853435897
4.8061523241124533001 -0.64257029999199244408 -0.015961005265063318848 0.95449176824102222039 -0.0079852217813927012235 -0.2981303416176598331 0.16223301095458730892 -0.82489999746267217429 0.5414983327238092059 -0.25025170232506593893 -0.56522228407866725863 -0.78606479062747824926
-7.2874961822407104961 -2.1690352526552483248 -2.1700398729800856046 0.98729077368526052538 -0.0071386945333126927346 0.15876387257912319417 0.04449501114590440759 -0.9466215888309654769 -0.31926127473002785528 0.15256841802645207395 0.32226791121599468459 -0.93427312453127453473
1.0709629637353674791 -4.7313197386732737115 1.3699453379334767256 0.85435207831321213767 0.004139907319890914067 0.51967815756414970085 0.36203513104470913531 0.71266622681194757849 -0.60086388895589348813 -0.37284459251993273821 0.70149106218754520015 0.60736908013130164186
3.8060889538577642455 2.7492164167127040031 1.0342220780254811618 0.72686523322560647742 0.0092753507043663498827 -0.68671748237341334598 0.55203058622228007302 0.58696116996925218334 0.59223206331932043422 0.40856965697787656078 -0.80956195119190188514 0.42152139041730030122
-5.024602937649722989 6.6265655302837691565 -2.2285398953498725128 0.84452508641113310794 0.0027372194568230263922 -0.53550899717186783988 0.49816970898451023997 -0.37090898155479595788 0.78374324140768647506 -0.19647981950487186653 -0.92866518995366564848 -0.31460553951841913056
4.3955658771601617829 -3.2636842794707408011 3.8973889129364573947 0.97633009444957574718 -0.014259081693907146859 0.2158152572487614107 -0.21626457684071465071 -0.078337913594064459422 0.97318693173399861696 0.0030297650115511283453 -0.99682488426147752847 -0.079567396846944679623
1.5820991181057568742 -2.7803435997959695669 4.4551257416578149417 0.92062083757672164008 0.010742639573970825737 -0.39030996543086821093 -0.28918578136085065777 0.6904152737695877784 -0.66309752948153510843 0.26235254387633405448 0.72333349531231971863 0.63871730623254685533
0.25814676958380983196 -0.40096910965020005069 -5.0266788019499166751 0.85769429175963973755 -0.0065170684859336266634 0.51411869223090667091 0.22481581042396003856 0.9040218842176165337 -0.36359632044225692615 -0.46240496674048564563 0.42743649899607172316 0.7768395497524241966
-6.9951122089513004809 1.8593519205082600365 -7.2521503864924596883 -0.92640196843970079588 -0.0010887456262617791012 0.37653447053887328932 0.25721791636961305327 0.72847669256571268015 0.63494933017285437593 -0.27498788404125834584 0.68506972128492982232 -0.67458219707391220421
-3.0230446676037185938 4.6575620118005272019 -5.5656323228347606147 0.96955555760777634156 -0.0018913427195094692154 -0.24486413280563679162 0.19808166004950833461 0.59395749283285681486 0.77972953814752654633 0.14396415062078996017 -0.80449420105461522112 0.57624942846443139022
-1.5107560568248110666 -3.6871595358205881965 -6.1829915517358440269 0.72659421580212057989 -0.0029822118899762856126 -0.68706036996406683048 0.59971563893504520326 -0.48520685612246083895 0.63632967806684370693 -0.33526407200848090673 -0.87439431218654251055 -0.35076001601710954381
1.1639678175752166123 3.6523810745828981794 -5.5762874308122887257 -0.99920431670791087786 -0.0066167063232014204643 0.039331319197085802541 0.023020957916736289189 -0.90096871219314944579 0.43327291069928497436 0.032569448397901171188 0.43383360732733472487 0.90040414935989099288
