1125 14.717824617146108679 14.977075390850430381 15.033177056927090831
-1.8525146072303788625 3.9422858270674390191 7.4764145890006625805 0.52279756634602114751 0.0014544294335485227418 -0.85245562304301802925 -0.12609609414940700645 0.98912971352202905262 -0.075645124549588466101 0.84307916571510821413 0.14703841152196839293 0.51729800490061550455
7.1354472820053898019 -5.3164461735136931964 -5.1097536069754481147 -0.99293397376858816283 -0.0017027748474224887326 -0.11865590711763096543 -0.037408971869500179386 -0.9444227521476150633 0.3265979700634036309 -0.11261746116724406785 0.32872901573134299946 0.93768573715119241108
2.4955683226586913293 4.8236200658258647778 -2.5268966281362912341 0.9643529637010903599 -0.0038035072146068863233 0.26459194003920688543 0.17731105925477860796 0.75151715413246811259 -0.63543902564340593031 -0.1964284848661640992 0.65970258478922638723 0.72540219875301203967
-0.91367887904004874144 5.742540017505707084 -5.7040690703926122396 -0.78773448758345820941 -0.0019391157868934969129 -0.61601186425391041279 0.11400285020092276733 -0.98318029687766106406 -0.142687960170110123 -0.60537403910117737471 -0.18262733547156087544 0.77470609208968332915
6.5215209513646748007 -0.17392968228157743016 6.7079798899957197023 0.73710434531050961215 0.0058831000128403629357 0.67575333758601885403 -0.63510222260709769948 0.34772171673682777948 0.68973529310098768974 -0.23091632892438909708 -0.93757932829375301154 0.26004355825953090475
-3.0748012277329261899 -3.5876460536842356142 -0.58993809941334207636 -0.85271563614491219241 -0.0020223369762726256874 0.52237147129901795317 0.38696138665228313469 -0.67419626799937504291 0.62906301548876297769 0.35090871906249343493 0.73854945830919904726 0.57568026587428011709
-1.6816633732428445391 0.32348376138716000705 -1.5342207537209535673 0.91834453059542053843 -0.0078273668675361944558 -0.39570450522244177138 0.28247712828399446083 -0.68733238729449686044 0.669164300730699102 -0.27721831671423780019 -0.7263008479300796516 -0.62899688645835238887
6.1277759596014815813 -7.4058005799724133666 6.1201482070203567787 -0.99752798219822380599 0.0062792686833590335982 0.069989252863929096726 0.0012952100153859067225 0.99747327988272227461 -0.071030826766105614745 -0.070258431256757833405 -0.070764586516578631414 -0.99501564114957408158
4.6153845603519867424 3.3400743813772697521 3.3102811913208500805 0.86273653230169478068 -0.0060174576227911818344 -0.50561790517733240513 0.49007192819238870607 -0.23636655315060489668 0.83902345482683848843 -0.12455994954193802537 -0.97164532765581945739 -0.20097307335722866539
2.7222689501590506822 -6.7101961903174727198 -1.8064993302165288647 -0.91975751771450464656 -0.0013996650533299381455 0.39248458510539580013 -0.39212640935032427869 -0.039583371079231217948 -0.91905932116711963609 0.016822238188840231421 -0.99921529095177985536 0.035858257494995486592
5.2928242739746584888 -5.6344156503535636205 -4.438532557049003735 -0.98625333046131047343 0.0057367059632138228675 -0.16514072289619061151 -0.037412065625070108077 0.96569261205384426816 0.25697882475091599064 0.16094938800643410204 0.25962447733098459324 -0.95220293281998413804
2.5453713130932422715 -3.6955956990637330861 3.1531265058372071053 0.91095055480842090923 0.0060700239612256571414 -0.41247089776535145189 0.033586433338188594055 0.99548072781022722832 0.0888260775552902615 0.4111460059271221934 -0.094769590942197973193 0.90662985084470804065
-4.4665532188179701834 7.2141355842876233595 2.0521272903548815059 -0.9987330875740276781 -0.0071417523130972524609 0.0498117973862020752 0.047673409086578397154 -0.45114802739348669469 0.89117490059200954455 0.016107943724074692132 0.89242055823076338328 0.45091693403119947892
4.8945309627847839451 -5.7173253788773061856 7.300129644109495608 0.94923891134671090075 -0.00016553712593835642058 -0.31455597559555492637 -0.21412796945590198416 0.73219351764775530977 -0.64656157124546853598 0.23042287621265664099 0.68109663434210032662 0.69499113145848501194
-1.4229678251033257563 -2.0321219293415122564 -6.6178893676810854885 0.88647914041799358298 -0.006507196250974654067 -0.46272280038998758744 0.41943705063866826288 -0.4111565591137687492 0.80933481603676238336 -0.19551801491258774535 -0.91154151868940980208 -0.36175235389691667853
3.1191505927634408657 2.604790636399934467 5.9145094489160108253 0.86624117842789005728 0.0043365164968124890466 -0.49960726117683890157 -0.33816742101413738153 0.74119037519701136407 -0.57989621750785269594 0.3677893638490631889 0.6712808818518913867 0.64351609264997655657
-6.8020280892788447247 -1.0135436942656701476 6.2692798936971723123 -0.92178640592906413431 0.0090923829544021974453 0.38759147361182511027 -0.36083730446686834714 -0.38575919554267490419 -0.84910911122149490549 0.14179654985039077952 -0.92255469844698168025 0.3588684533698457968
4.6948754374544785506 -0.97259534037178652088 4.1062009779900314754 0.74860492427301561502 0.00086279151090362269858 -0.66301577880553652644 -0.61265167297860378959 0.38320273844192442869 -0.69124061573900752453 0.25347306553328730061 0.92366385489611191328 0.28739604765514803475
2.9576966375264341913 -5.0316674229227320581 4.6446594415731246031 0.99425487618663754841 0.0010028943093900641835 -0.10703380485627199403 -0.10642167841797378625 -0.097934456784291107345 -0.98948636601881811981 -0.011474647781857237952 0.99519236149472456443 -0.097265081508795134257
6.6561988686331554632 4.7900098210437285218 4.7044109573338914743 0.99679807353405736059 -0.0073136205069357146033 0.079624817448286894228 0.024201656219227776767 0.97669513710961675113 -0.21326248845606685101 -0.076209451086135943099 0.21450669010847825402 0.97374483283051205262
4.0434237653125908452 5.1614593582820944562 4.4247481158763051212 0.9956245593762171886 -0.0076836101477491380168 0.093127326290531775577 0.078331796418872334797 -0.47477001327390794261 -0.87661711377634210507 0.050949646090205739923 0.88007635840929787641 -0.47209081428500804245
1.1805380116483104036 -2.2301820981035889169 3.8125685863256189023 -0.9554505983935231983 0.0052794759265963565539 0.29510384809936668349 -0.11716596041399822414 -0.92446937925599836916 -0.36280642846893884634 0.27089904346337578822 -0.38121974496616051198 0.88390339647409199575
-5.9750124582556001229 -2.0212379709907115632 6.3975119496623147342 -0.94564423025037291914 -0.018741545073630547918 -0.32466250827965281722 0.12587007243829706482 -0.94161933426583399598 -0.31226551875142793957 -0.29985615661273234966 -0.33615737954857760617 0.89279589017674010343
-4.2400352157075706927 2.9715747847611120314 -0.46068868409378321838 -0.71525800615682177952 0.010007724639226837221 -0.69878883081817988465 0.30228250281635998808 -0.89709382064241460775 -0.32225450416749473748 -0.63010417640237315062 -0.44172675084573170823 0.6386283774368463062
2.1179075055195943911 -1.5193117458807836595 0.36585574572662488135 0.31822093463789075107 -0.0053771269337337997823 -0.94800133083453852478 -0.61945396780932882042 0.755803126817119586 -0.21222256067314498873 0.71764351771860390716 0.65477684748264841641 0.23718149480349842717
-2.3830618142724655506 6.0104785035640304613 4.6483162815943712687 0.96260472959156251349 -0.006860886764010470408 0.27082293625294140416 -0.17892547972726507988 0.7345182554104305872 0.6545751333293344798 -0.2034153565299687827 -0.67855424300608135901 0.70582315917388005477
5.8993824043132150337 3.9029272016953493463 4.5063880815005425973 0.70607018143275301902 -0.003059619769481423425 -0.70813525376058228389 -0.57757506145835979527 -0.5810699516624170391 -0.57338011794660903586 -0.40972179252876017586 0.81384786662002273072 -0.41204332627177653325
5.2837553309959748304 -1.9702788278894729501 -2.8189386811838810232 -0.99994947983914561629 0.0037372483456920269594 0.0093311705653326762477 -0.0083046881379111626986 0.21583609486851193515 -0.976394291414456994 -0.0056630313656846715739 -0.97642245627945301045 -0.21579415411232022448
-3.9844411379668502882 6.5354733097370427686 1.2958520642127024924 0.90740063216972621785 -0.013290475459495765601 0.42005649143915541055 -0.12492814082271563869 -0.9628492858423473022 0.23940386877279154487 0.40126930155281220758 -0.2697120983842748454 -0.87535040504730909916
3.74462875548801577 -5.6806674527137053232 2.3800758902541656603 -0.92054600392148044907 -0.00022654870648171777231 -0.39063410416883931342 0.099947657202026751744 -0.96685028102048486964 -0.23497021068705259417 -0.37763146119460572203 -0.25534385202348314214 0.89005280559631261283
5.2267126925000368942 4.2295555455437048309 3.7009527280140130934 -0.82064922990262711977 0.0088914804779399812112 0.57136309211835445421 -0.57142892405115919274 -0.0093465295296140532555 -0.82059833484076427634 -0.0019560720618769181917 -0.99991678851817344942 0.012751071383546259963
-0.95331408170837095284 -3.1868332988613246037 -1.8929190672667153272 0.99431007577261909525 0.012726675992501615409 0.10576154752766889211 -0.042762864161128608109 0.95701425427738340268 0.28687114626374388138 -0.097564392408270264601 -0.28976153786888769748 0.9521131448026084465
-3.7142049699511288097 -7.1406747697835273314 3.9178086774658305025 0.89219167576886282411 0.00292038606171556199 -0.45164752300229626947 -0.16664635536391581017 0.93155172242342820788 -0.3231723699418900253 0.41978923989632255243 0.36359711191815258235 0.83160936398782303591
0.53448210036395193967 4.6491315075518286903 7.3235888084683260502 -0.94835335746357118936 0.0082537855139711915897 -0.31710847420459514767 0.27399439553944576753 0.52506787571245727708 -0.80574859423262590319 0.15985299684600667858 -0.85102032932213389493 -0.50021137380097036029
-1.3396624283071760786 -3.681760521714423362 -4.6170404109312590535 0.67677465756357102489 -0.0014119154016410543143 -0.7361888815886231674 -0.73271204765284703164 -0.098383535020238041535 -0.6733897350430072537 -0.071478095275029698841 0.99514757022858435498 -0.06761801064825467833
3.231310236614097775 2.2094989108935538802 -0.94295437404045789886 -0.8243923967685953258 -0.012409208439980435462 0.56588266248033480821 -0.21586160003800322627 0.93109372847258309314 -0.29405482214707995281 -0.52324081050602366805 -0.36456889656796415133 -0.77026526202081868622
5.4477371234709375258 -6.4285490361713275576 5.1282021850986803102 0.83319952474705705203 -0.0037514477353617859887 -0.55295974410542081401 -0.51050314120910245119 0.37909712811018747569 -0.77179784287993236092 0.21252081022076108052 0.92534928221639223267 0.31394842112144011326
-0.32633325471896795777 -7.3100704975859338575 -5.7431923258489065987 0.99962997262867481219 -0.0050034530345553444169 0.026737301286485014307 -0.012049782546247247289 -0.96268518334777353207 0.27035539666018615357 0.024386893261383536108 -0.27057753642977872 -0.96238925400106489771
2.8134078280466066069 4.5876307631676445098 -5.6602974506008569833 -0.99897759575975730861 -0.0090332464542536954066 -0.044296316195882957933 0.034658620939827695928 0.47608814647465336201 -0.87871432034592289462 0.029026594091924182856 -0.87935116833084170374 -0.47528831207013066962
-6.6898184928513630965 -6.7534996791585450993 7.4852930104811710166 -0.9469742493394430749 0.0015494618774906060259 0.32130572708250632052 -0.24475315452949830686 0.64440082180402236123 -0.72446081619787439099 -0.2081721989988174204 -0.76468632786668344625 -0.60985174881924419932
-4.803848850701318618 -3.8994966839583904417 -6.2414373562164158216 -0.94241806289266050189 0.0026726242401284416167 0.33442645202413257 -0.32880280930400784811 0.17537526645068157727 -0.92797210545952646399 -0.06113024887512134159 -0.98449803097663546314 -0.16439805252932152002
-3.0319044289655381341 -6.667441039524230284 0.24088989265335611356 0.99832185093289138589 -0.00088477146581223157715 -0.057902496745404957723 0.032252584432321124153 -0.82195366444310713483 0.56864043499035910045 -0.048096286211519748144 -0.56955367674001899925 -0.82054576750156460463
1.2840461337629780481 6.3033067570581717831 -7.0423121303216671407 0.94527520623370930863 -0.005752089874537462573 0.32622338656505961429 -0.0053466904948164407224 -0.9999834179394697653 -0.0021393332349707826212 0.3262302827461509569 0.00027804318476656614961 -0.94529028626738398344
-1.4348114502318731756 -2.2907520550435722662 7.2836950301065224167 -0.99053843775894767631 0.010715805741998051664 0.13681657366495061923 0.11787738040130200934 -0.44407525398457714516 0.88820160548620497032 0.070274650563666662961 0.89592541001232528508 0.43861045721953956233
-4.0738217897262130052 -3.4413270227298418114 -5.2138171539589119874 0.78068177583665454566 -0.0098494682610941117207 -0.62485114455488244278 0.27732537661449252475 0.90148910942412208147 0.3322770245973519776 0.56002374981973190859 -0.43268969662413697685 0.70650762633757502318
2.2005689967539039387 4.059337043434346981 -0.57870580582961683724 -0.68223208754206643434 0.01729080455252664586 -0.73093119156734021047 0.73055033589248508097 0.05611695677714712005 -0.68054911203347856485 0.029250392399649410846 -0.99827446889123816476 -0.050916591642333378087
4.9102711528986766609 -7.1183423021935237074 0.030568875662408206972 -0.99587664077790638562 0.0018249750720292139215 0.09069942568141750594 -0.087292224926769107496 -0.2914271582006904282 -0.95260184701184058564 0.02469380125243989324 -0.95659128206825605467 0.29038480547480749472
3.1709903374650783014 -0.10011772072609836925 1.2009071664019927983 -0.95043136106775694127 0.0093142908367379838308 0.31079490324829861514 0.29110878382556248933 -0.32455199505243670366 0.89995648699645747204 0.10925156236172102464 0.94582199514160381071 0.30575292251722718806
-4.5095521602984334208 2.4384209994622461082 4.5570282757723710176 -0.75451742130981014345 -0.00078516223691968249632 0.65627954749496497655 0.17830832077411640224 0.96213732520952044425 0.20615021266386032717 -0.63159290977861692884 0.27256403093388387182 -0.72580937260301991998
-4.7477639947326633063 2.80563144775556772 2.8478481427715500729 -0.94577250954881986189 0.0069502294909365314873 0.32475537638622686831 -0.2129197313719717044 -0.76830322855769683787 -0.60363510250846275085 0.24531520167776546537 -0.64004831325285016508 0.72811991356362337768
-4.0538407035295698222 -0.029823984170312199671 6.1013906184302282298 -0.94385876861028172868 -0.0025399411492449956891 0.33033948237559751515 0.14984124662143427642 0.88789534811581538598 0.43495913785691675546 -0.29441166031277321569 0.46003847610092796216 -0.83766722197937681926
-6.20940173958797903 5.2794284206593884434 5.81241201035152244 -0.61950565528742962407 0.0052383506118789391337 -0.784974714720134914 0.75283693085910385889 0.28723761843992567933 -0.59222555338972693306 0.22237198250179232573 -0.95784503456239333818 -0.1818889528322605309
-5.402934467667049212 -2.3805695556626318421 5.2704766913950678031 -0.99983318296862477847 -0.010996743366739327938 -0.014583479358683995586 0.016914817336466513031 -0.25620705392624909535 -0.96647391815457417419 0.0068916753661060030367 -0.96655937073405362447 0.25635032213141134561
2.8569962181971133575 -0.8027712908837030259 -1.6070089193805354721 -0.50855422846255171621 0.0059523719350159072852 0.86100938785879610471 -0.42164843118196476679 0.87014718371340027403 -0.25506171636994801055 -0.75072311619846798791 -0.49275597200241205709 -0.4400072213739703586
-6.4047555496873718184 -2.1231034069846734802 -1.8570419850608754775 -0.98508675772779141777 0.010028079110023310414 0.17176587955293781684 0.084720920184457204627 -0.84062115115875946092 0.53495648973326836995 0.14975461739907167114 0.54153071736884472731 0.82723517618243558314
2.0799716642859027438 -3.0743738032569414287 -2.6963758223353972987 -0.84216518810275242668 0.015987972160483310269 0.53898254210496165939 -0.50756360652567134029 -0.36094694956325851232 -0.78236595333104919092 0.18203565935948845533 -0.9324492931774768234 0.31209186848487707744
-1.671004182527055848 3.1073219418716906404 6.5060286224582757342 0.82739134006930992182 -0.0052238897524057607488 -0.56160153254248035282 -0.49518720492334211691 0.464998876727997279 -0.73387034053825650481 0.26497773955256470613 0.88529585767557916753 0.38214924038140940521
5.8388062499945876382 -6.4611843893701150776 5.9608069649331856255 -0.83288555979847223032 0.0033405593847962138793 0.5534351677859937757 -0.062217186272933142077 -0.9942080611082840802 -0.087631917471204939796 0.5499369654892395376 -0.10742053756333648507 0.82826937773769027107
-3.4641677044697849475 6.3782511759973177234 5.434090361014878745 0.98787488507595111464 0.0094027760496131415624 0.15496709082482562625 -0.13354159143505761609 -0.45762498660590833488 0.8790597334601236712 0.079182414671088066638 -0.88909558509571651186 -0.45082056937372511074
-1.4535311211677865995 1.124339059016715936 -0.55602213483667117799 0.98916032325448910445 -0.0016645911033334945262 0.14683011964653114312 -0.12773845059731037122 -0.50291835596442779899 0.85484268463437496077 0.072420598851135151164 -0.86433231824939482646 -0.49767951584482728045
-5.1757221615864503761 4.1678545668607771546 6.9392677370727584574 0.98614439051625046861 -0.0037266734978541413842 -0.16584737850787609204 -0.15418875662611677968 -0.38940047693140433793 -0.9080710852657074561 -0.061196963841189035149 0.92106100800663404105 -0.38457970714324857253
-2.2561190822448478066 0.60728326196395920888 5.5131378546915073002 -0.9960725899268018102 0.0031625744257729108792 -0.088483861350164547122 -0.088491503525472095526 -0.0023639597809416985734 0.99607412650760962514 0.0029409862691896293888 0.99999220487820106307 0.0026345365074697387961
0.77295628029484941823 -5.041182152658006288 -1.3528507381268959353 0.99934899543677890854 0.0048371340851127500593 -0.035751747557727656113 -0.026696422493741010784 -0.5674133256491856736 -0.82300025449688818391 -0.024266980562596227045 0.82341892133330851777 -0.56691480280966877192
5.472471768297451078 1.9744408575193352906 -5.770662889399991613 0.9991688718810828318 0.0044426838810123188764 0.04051947709349165011 0.040716390199625113189 -0.061609336748502593895 -0.99726950479523179816 -0.0019341750449163273851 0.99809045290755094015 -0.061739021546815965602
-5.2044829031508328399 4.6977271647722842474 5.4810913275399402167 -0.89349100836716821572 -0.00385990261340054229 -0.44906449327331243726 0.40293803338678096937 -0.44839697611504031327 -0.79786032177397181453 -0.19827949772318270716 -0.89382618722131712552 0.40219396790600392411
-3.9014199428034372907 2.22134229143970785 -7.4460389069976029575 0.70950316617463982105 0.0057577740482255938825 0.70467872482873417095 0.63048402511169920892 0.44150334589658812856 -0.63840793356701974748 -0.31479382342611655909 0.89724112901730335157 0.30961783723275504432
2.4219600786805517423 -0.97677850716982383972 2.7889722673744916648 0.29433590066991 -0.0031073201103324578007 -0.95569698238440525806 -0.55263793070646627381 -0.81640630537439229375 -0.16754719361825379242 -0.77971641968170535275 0.57746955686564704902 -0.24201490816076021151
-0.51381072473652023014 3.7081667013171006886 0.2186594496846391289 -0.97459413821111984255 -0.0060843470240223400392 -0.22389561515569722516 0.013744396987203432586 0.99612244257196624897 -0.086897473818302539694 0.22355616143622458747 -0.087767078827064609614 -0.97073146779015007102
-3.9770544798102389628 4.615787506049090716 -2.1378000982620886106 0.84020025702265987988 -0.010207055178136397594 0.54218017680810270953 -0.52671689130402554735 0.22242470575018066792 0.82042462584134778769 -0.12896838571559796072 -0.97489643875452702826 0.18150506656678119799
-0.62409088569438908589 -4.2189812551056551371 5.043459227748000373 0.44528381889165002949 -0.0027110931059115325054 -0.89538537547096241909 0.88978968575475636538 -0.11032412742626836188 0.4428350731728690759 -0.09998317737302271635 -0.99389196439136473504 -0.046713246093518699664
-2.5839911967985256247 5.2610393936125712244 -3.3329091812604634271 -0.94625735810394706604 0.0035968225402746210016 -0.3233946120480354347 -0.088174599239758483238 0.95918849151142526743 0.26866834164269370877 0.31116274244031966179 0.28274458548259095991 -0.9073220195152114087
-6.6704164218955463994 6.4297769055141920092 0.38807475305150995748 0.99995622808106399138 0.0019067471196767341035 0.009160034788091448929 0.0044013729610324035801 0.76806532521596471152 -0.64035637274650125672 -0.0082565027677657717303 0.64036865984869062451 0.76802331321761352356
5.1523992175076047673 6.1275244184256276725 -7.4185367953286549536 -0.79373999223631030997 -0.00024646924355980624928 0.6082571528371429892 -0.13046995062977928548 0.97679333725602579541 -0.16985984891931676932 -0.59409966900121524702 -0.21418383586333006319 -0.775352092760181133
0.54050222043503926006 7.083208434960441835 2.1803367084185980573 0.99378565228626392081 0.0013671794876732126268 -0.11130232760434045913 0.00043781872151685968797 -0.99996484252178341467 -0.0083738900831436102051 -0.11130986310592876076 0.0082731215755996265898 -0.99375131186558540719
1.6841236338224918612 -4.7036354497117107698 5.9592963065322237526 0.88744442459928396527 -0.0072942913314261231469 -0.46085701314150678831 -0.43933090267413443808 0.28900492105440556134 -0.85056717169309214999 0.1393942294476015753 0.95729982185332718192 0.2532711982763901637
-2.7541126279733880722 -1.140442622495348779 5.0150300860155097027 -0.77371116529060335321 -0.0082592597849599595772 -0.63348466227092281589 -0.63166289098935257673 0.086941718483349320068 0.77035260091323409792 0.048713702913755138613 0.99617916170479714477 -0.07248484623328925458
-2.6625389762878399758 -1.501541439492684038 1.7102744755828376277 0.9324326437014404112 -0.006093682325313484055 -0.36129244663526322023 0.1413797940072954451 -0.91399645120222428041 0.38029230998842100675 -0.33253739459854220195 -0.40567641566344936344 -0.85137860377626839448
-2.7036140584155861077 -5.6691324321291505228 3.9059073311614915802 0.98516446579301364395 0.0025595157168413185632 -0.17159377674664322289 -0.16538705864814956525 -0.2527189218774628654 -0.95329967342734589497 -0.045804979757287353492 0.96753635353119371576 -0.24854639089134528129
-0.31922832696088920823 -5.4744329271201088716 1.7708880050274709017 -0.99989058106316952568 -0.0084893529819243408047 -0.012114321574474494828 -0.010310474384367154452 0.9871907020324024451 0.15921121800525889212 0.010607545391380361621 0.15931870168531780951 -0.98717021393172432742
-6.2946929988183457638 -1.2165361469730222588 0.54899104554650335341 -0.80190533656233631277 0.0049643988280562538484 0.59743048628022399349 -0.59742382742170596632 0.0028936087066311205751 -0.80192044334673129313 -0.0057097829657846979265 -0.99998349075016090826 0.00064544988492656017731
7.3177237429778454469 -3.6553507189884042461 -1.8859658135758010644 -0.70916087158350094022 -0.0043184586933601980946 0.70503348085698380743 0.50918027045646330198 0.68854096082818505575 0.51637854083963030671 -0.48767438972416060627 0.7251845945524726389 -0.48608743393650000186
-1.1459853155590100648 -1.0647430507334822991 -1.6283994606328096033 0.81746208338913406433 -0.0034958462734887732308 -0.57597180597656916223 -0.41589566965558766309 -0.69539691926296887114 -0.58604941484598105372 -0.39848028079540109836 0.71861735557835904054 -0.56991452172997869585
2.230955812328121457 3.3257159290501898674 4.2682879442712264861 0.80758026113340242169 -0.0081004920443330710039 -0.58970204667830083967 -0.41289855031388195128 -0.72172808629769824584 -0.55553879846305065371 -0.42110439201764049422 0.6921292881230605154 -0.58619803782146984172
1.6133223563537251177 1.0608703686139622224 3.8435044490890044599 -0.96544358136373220614 -0.0033668323029222295591 0.26059039821866536446 -0.071840658173951535415 0.96461282385319679911 -0.25369473761002581114 -0.25051469225705863542 -0.2636489417732261753 -0.93152113473886855033
-1.5030688895802681859 6.2418667519444062108 1.1434107950367531359 0.9999881070051296339 0.004430882774136419601 -0.0020379219886683423366 -0.0034761221525038800764 0.3544384481905482609 -0.93507288647406772153 -0.0034208804380681341259 0.9350688497229131535 0.35444963514578614605
6.2657321821991205368 3.7697469025619567695 -2.5421128815981028914 0.96101637000059236815 -0.0043994366801376021126 0.27645647315215454709 -0.065162857859131423366 -0.97531208680597913929 0.21099795090448983381 0.26870306761637891002 -0.22078717872005612644 -0.9375775611471004467
-1.1536487069868193167 -5.0678662155831704084 4.6678531828774776358 -0.12720342848236881883 -0.0069010773135126622646 -0.99185264173381793018 0.11276678879182301662 0.99339156742782785958 -0.021373935270916445683 0.98544555360902019725 -0.11456687520963700078 -0.1255846008744145037
-0.89025233952120896852 4.9779381843634116223 6.0210842122541103905 -0.99290505351179725313 -0.012074278734683514466 0.11829525139947753842 -0.059615800798823288809 -0.81022382956990979253 -0.58308087114245377158 0.10288591257181792238 -0.58599620970632471106 0.80375551705988157458
6.9776904539923201298 -5.7793025078028179564 3.5061112200404211947 0.95188306056597604687 -0.019039952618540564866 -0.30586944798694959413 0.19683294160392764138 -0.72700896380357671323 0.65781058037152850826 -0.23489451272237141244 -0.68636393171082987763 -0.68827982764238482272
0.76038471126319062687 6.6585208905207071695 -4.8746098180248287335 0.95040738372493382968 -0.00061565065851137447395 0.31100711557043853039 -0.29211501369275061357 0.34145717415639254 0.89335089242257259556 -0.10674560289046883255 -0.93989713223917359386 0.32434357874354158291
0.41060092879747783767 0.12182894002254306132 -5.3890590456089189075 0.82440465485664371492 0.01130614377503852061 -0.56588791837584961897 0.32730615894704356839 -0.82519962782712941163 0.4603436244258185539 -0.46176578843185306367 -0.56472802776824782001 -0.68399898485809951243
-5.8726389560481564445 6.3286532325169613244 -6.8825600343224841993 0.9686918722407764637 0.0013629107395563494834 -0.24826235946856736736 0.22657008161785990863 0.40397236725251395306 0.88626876544999366736 0.10149903827279538326 -0.91477017275969918497 0.39101595396986382758
-3.0834660834768028437 -1.5445251744854400222 -0.15206783466992465637 0.87162250969406052103 0.001576205492431440253 -0.49017518926469588747 0.4789718807288536051 0.20986061527803201443 0.85237577372095252315 0.10421198618927296486 -0.97773004338181457307 0.18216427806545162915
0.74931147728688685117 6.9360034915081261175 0.94245259476705633972 0.94093265003979698058 -0.018023502687583341231 -0.33811374038886954363 -0.009685091602859831339 -0.99960632108904701187 0.026332524365048258497 -0.33845523646346037383 -0.021502469385179610178 -0.9407367839733453696
-2.9428068757599983307 1.8187660643778007508 1.8794482965705787691 -0.85470470202429316142 0.0039522655972649145539 0.51909946246774119061 -0.5093369453056788565 0.18678162998077801893 -0.84005267623426149726 -0.10027835501408276231 -0.98239350684867288166 -0.15763010250994990979
-4.8066342123293379629 -6.9433391794914278705 -5.612833353032200101 -0.91547539128943533626 0.0032994813101995018774 0.40236043712893432289 -0.37391715612680864744 0.36239339410631304927 -0.8537312154667482389 -0.14862963465455727996 -0.93201938892448921159 -0.33052850160192526197
-0.63669138638789180007 -5.9610454306782569844 -0.8969200023280745615 -0.8209546715985532872 -0.0054085685233213574852 -0.57096775265069188432 -0.22217113790222342562 0.92418166507607302229 0.31068993453322912845 0.52599754054909497736 0.3819149084856242049 -0.75991288317325633717
3.6124045908152315754 -5.9347350751183958195 6.5437062432636352582 -0.91317404303944471611 0.009015477308883138724 0.40747010723227361506 0.29574101910913974667 0.70258392730340579746 0.64723494552686855474 -0.28044681623317035957 0.71154377677253399792 -0.64424765191733335268
-5.5424216631204235028 -2.8437673821724152035 -5.3638367153770873941 0.64353581419383287798 -0.0066190857390205186384 -0.76538738136564721248 -0.017814847871090465359 -0.9998212512099143856 -0.006332205314502604987 -0.76520865588745778929 0.017710260664170092426 -0.64353870095120480066
-4.9421865483241074202 -5.1245311923728236181 -0.95943050837279986176 0.99681256177001309471 0.0040550047673987045516 -0.079676054330850495933 0.0015541963957195412127 0.99753086402389279375 0.070212248170511720735 0.079764034319762699976 -0.070112283202990330344 0.99434499373858120652
6.539424936152755663 5.548183338929256081 -3.5941587263051624213 0.99418026021362226885 0.0068949998448335821782 0.10750846096268290575 0.078600589013489305379 0.63603393640966998657 -0.76764756180290960597 -0.073671959442908468985 0.77163028110125708725 0.63179043335549045501
-2.1035963041448275668 -6.4728599182007071633 4.7199718731560018625 -0.93477773748546899579 0.006609915827672079372 -0.35517163528946693596 0.06518758666510146571 -0.97965645962004932468 -0.18979936688389548172 -0.34920074462439765206 -0.20057300450830381489 0.91533016437578273994
-6.3917705477644544132 -4.696746806429943355 5.2501029961305603067 0.99982772204688874496 0.00052689304161803937609 -0.018553937863391763846 0.018380836238768592794 0.11098972170987453367 0.9936515619340181571 0.0025828444938301459849 -0.99382141457034012255 0.11096091589309210745
-4.3251897890730619523 4.1473649238550169827 3.9331110415656378443 -0.60551733069137492205 -0.0057909015534419270438 0.79581105024471110454 -0.7454291494321610978 0.35434080047132587854 -0.56460426875655833623 -0.27871875683060692852 -0.93509842400710319055 -0.21887620247590014455
-4.1190738990152233612 6.3460222351132635765 -6.4135348756624077637 0.95900262292338855907 0.00073044990128023120496 -0.28339625203768775696 -0.27309598032847226534 0.26954545616737485281 -0.9234521279351616263 0.075713636515840537777 0.96298739010573564112 0.25869428239351083265
5.3803654060825412131 -1.2419718517122753099 7.0764858506840759844 0.93361183312851359073 -0.012596307358320008377 -0.35806462836092534108 0.34604313176350132153 -0.22731835376817874361 0.91026398204011604864 -0.092860626756648662061 -0.97373903027510033681 -0.20786823931841577617
-1.4216661437477473573 -7.0890789488848175992 -3.851058816086982528 -0.99699727215675715275 0.0067426627767368588207 -0.077142568084672430428 -0.01358284714698188532 0.96552971036341994626 0.2599382324111244591 0.076236117263433128555 0.2602055243540152274 -0.96253890286077448124
-2.0063018684480149467 0.37406316630671143653 3.5154455753637052773 -0.86878333044055577883 -0.005516577920271300943 -0.49516168280323946682 -0.15575210430549274454 0.95223329767836906168 0.26266524093787424476 0.47006042883110743524 0.30532165688093021449 -0.82814363433309545748
-4.8751398068700035893 -4.128758878281808542 -1.3307324970398304309 0.99925821592578090158 -0.002456296231896961009 0.038431556220748938624 0.0014839441770885483142 0.9996785751829555533 0.025308975281035855226 -0.038481369705433407513 -0.025233171202064356986 0.99894067454308765885
-6.1479615435588552685 0.38493703300349702001 -2.6709725871505547445 0.98940976363178456676 -0.0026814264677433789601 -0.14512453129041394395 0.13481034985046369545 -0.35361673060416642933 0.92562485781767611659 -0.053800457278381536019 -0.93538656062015812509 -0.34951036180316580326
-7.1986969280499515378 -4.2997615904779777907 -5.7721453215677884785 0.94293290314981093037 0.0055826212892379854097 -0.33293599159135395249 0.32403738817274302386 -0.2455846737617034814 0.91361257602962175906 -0.07666362386146860497 -0.96935906781388703202 -0.23337884742096678958
6.5255080147702138049 5.8910428801850347469 4.68993477686421123 -0.99658103395310082551 -0.0034596702771170933545 -0.082548612626695203054 -0.065020334038920629682 -0.58360886346671736469 0.80942760679661429624 -0.050976454628514897283 0.81202753965899265864 0.58138857566078461225
5.5369352567346501459 -4.0516343626612698614 -6.9559256429092641838 0.99971249065145650903 0.0018406040205869228163 -0.023907074523295442081 0.018952563333501124682 0.55009978609432297336 0.83488383963399126486 0.014687967133369481815 -0.83509690306914186042 0.54990674309900222649
-7.2294166625339393306 5.1171829243140489751 -6.0006747706310390456 0.89816264469958262406 0.0016244547629284092523 0.43966035165000055818 -0.43409624917110312126 -0.15535427231321091712 0.88736998852216220079 0.069744606399906428074 -0.98785748527861649837 -0.13882823436660479688
2.888772719516715437 -4.5220587915555920944 -5.7177652844878865679 0.67813987302931499901 -0.0056689033188393068291 -0.73491099879046917209 -0.73364407092297745372 0.053972539264976707174 -0.67738714351901729849 0.043505054964522837935 0.99852632841628585769 0.032441973615740977988
-1.8769614801675336135 6.9910504574371321596 -1.9652635833979668067 0.83061573599087068498 -0.0061415118605200194959 0.5568121594903163718 0.082048290976686200082 0.99037486662187512731 -0.1114706307122323159 -0.55076816998817323956 0.13827474605159334464 0.82312484929829166092
-2.4583357275211019655 5.6629693612423679383 -5.7124335903890850474 0.71399678403188715503 -0.012635418418097751556 0.70003495526548242811 0.65366978606185488498 -0.34618884997203264176 -0.67295548957179840421 0.25084737029105741435 0.93807975479508576289 -0.23891833429347722473
-1.3269056434171857539 -3.3616884992613416117 -6.8942720801475632086 0.78933615052412953172 0.0048779316761029291316 -0.61394189241179075722 -0.51496026203800493448 0.5497589413562562477 -0.65770892872199504531 0.33431178560951974044 0.83530911175529787283 0.43645654746057560569
-6.5373131830921522578 2.4687991183994846267 -1.5515965112439424889 -0.99909520500168091939 -0.0012960537036202251539 0.042509899876147512476 -0.041982759085862020321 0.18983341035710571409 -0.9809183066146197616 -0.0067984764631329411971 -0.98181545952220827811 -0.189716061947267145
1.3760377537890291499 -1.4139898627639091444 -0.48017806080535807567 0.51604807036425071054 0.0017156776312138397479 -0.85655790552868416032 -0.53036842167744380205 -0.78460396958244249532 -0.32110114948854878714 -0.67260963891461167385 0.61999489301590826607 -0.40398342326571834437
-2.1886886294281988619 5.1924911007393337314 0.99123394096721095803 -0.80101205713368472949 -0.0026817606672708709827 -0.59864220740469387128 0.52204260661936985333 0.48630826893789735887 -0.70069664223300665018 0.29300375629095298802 -0.87378319720759189959 -0.38813879357388647584
-4.9050954059358433668 5.3367723402418478784 -6.3662888491901865606 -0.98174849325597479677 0.0051243711279762545543 -0.19011479902931918695 -0.16133089115577350925 -0.5517804695401418158 0.81823630877207176315 -0.10070868655838043082 0.83397365321373495561 0.54253636393990500864
2.5887898731281682174 0.54462394332034658184 7.4150552668338924889 -0.9978602386097846777 0.0058386571815296980925 0.065121841834509600067 -0.010569471335030014569 0.96850004769190867204 -0.24878895453059710063 -0.06452310033861588523 -0.24894490897204091251 -0.9663659771637387319
-4.6908538211162325027 -2.0751700294119328483 1.9109724135983181537 0.95029701911782449297 -0.0026261727013672671836 -0.31133370950272326594 -0.11333153096999623588 -0.9342810310704473542 -0.33804573517514080461 -0.28998541263968169446 0.35652778040299965001 -0.8881421070173595167
-2.0135517009611065831 2.6163842326109052472 -2.3114887822241705351 0.97598988697041988427 -0.0013115207386494298625 0.21781189233995970622 0.11601526141256780777 0.84946292176480175939 -0.51473605242498987611 -0.18434803945453948071 0.52764668525451308145 0.82921937742013296369
6.318636931589079353 4.938957453030543121 -2.6818842113788345927 0.94461168928818517454 -0.0096922164604883211114 -0.32804697438070529181 0.096181644442809577367 -0.94749936885567309641 0.30494923723531891513 -0.31377993519747493512 -0.31961071158233600453 -0.89408676609678527925
-2.3658231568881480378 -5.4110709051314564988 -6.560553516006748076 0.99198400156013377682 0.014132076366485561009 0.12557079702818921274 -0.095600724381776649996 0.73376197295979339597 0.67264691223246975138 -0.082633178242176627548 -0.67925963479055129213 0.72923117486704014389
-4.0404159312754597266 5.4800076027124333677 -2.9808216323296083949 0.68185837302952956307 0.0033931517390694892686 0.73147634661061156081 -0.72408993382592656829 -0.13869492635457966734 0.67561637423564846472 0.10374452689842024455 -0.99032934114108572832 -0.092113349813352451978
0.68851037156437633335 -6.8595480126907428797 -6.9039464088540256625 0.99954498237402600314 0.0065290292245313696212 -0.029448259513844395052 -0.025100918765533511423 -0.36133522515089067095 -0.93209806294310848518 -0.016726388974819372812 0.93241312026507794375 -0.36100692662238603736
-2.4143758390875307285 6.0990439538680583098 -2.7322367520555945752 -0.8969353988724869664 -0.010094025767971970264 -0.44204637866779494804 -0.15643750101591211155 -0.92783229365326291838 0.33860676769679709519 -0.41356281085871887671 0.37286102705698015436 0.83062654422822246314
2.5987748018058383082 1.1872592594183917214 0.45507175541685257469 0.92694740249820950506 0.00018268151202671927685 0.37519125739961589616 0.053724871524902448328 0.98962999860350364667 -0.13321450387861222264 -0.371324859363517501 0.14363994044641470449 0.91732514209911109049
5.0661337739396445912 -1.3552784264151782612 -1.0228282476303272031 0.94442322941550649329 0.010098552851167513431 -0.32857690571720837847 -0.10648023266989839475 0.95503818698383935448 -0.27670204454096780644 0.311009202100154869 0.29631078386195863761 0.9030355450236842163
-0.28686762610015470454 -2.6653308964146207316 -0.014465954961718339999 0.88710114466261247301 0.005185691611451284655 -0.46154595409419896246 -0.17796104121489739192 -0.91878546273258920873 -0.35236790614514651443 -0.42588898429978777616 0.39472317144284579937 -0.81413278461080262893
5.1591985501948709469 0.045554990862329065859 4.1409327158134692226 0.99975363588742283127 0.0027290296758622077829 0.022027708164523353285 -0.020451956962507303328 0.49888010551665101788 0.86642966118211728332 -0.008624673115985834887 -0.86666671374683079687 0.49881301335963834642
-0.6018648926602953031 3.915806500152766656 3.3770191289743101137 0.98204755319194680929 0.004693776260341864584 0.18857510899971616225 0.14991326160103199405 -0.62619174209518979612 -0.76512085066862456362 0.11449286993518527356 0.77965496894214703083 -0.61565372746202517984
-5.298420966764084028 -6.268316221945726241 2.4027741882651691974 0.99556410086588242869 0.0056749165024514505729 0.093914409915741653423 -0.085640196548531055676 -0.35867739443965307444 0.92952476215180124264 0.038959951261050423943 -0.93344433258798531483 -0.35660033673153446188
4.2827045319117118538 -5.3630261941142354232 5.4410800980524616222 0.99985335659023666377 0.0033178143359503062954 -0.016800518546199946779 0.0012339759921143624542 -0.99246082259072154752 -0.12255608073808575698 -0.017080474777912274531 0.12251737725999396755 -0.99231937885479759576
2.843108368182061696 -0.042120224665369424 -5.6381798415382711198 0.99362971654354326212 0.0059019680988723188103 -0.1125395627060763043 0.046631082018733810424 0.88759321827144066486 0.45826173860404018079 0.10259399880729161425 -0.46059032301076735516 0.88166378271843359737
3.7867336490934202509 0.75643251724801718883 -3.0118993775710034555 -0.99106100586687961851 0.0070816764956395140962 0.13322136655993374599 0.10014014999835474384 0.69928825208034439687 0.70779085248446271805 -0.088147790717568952346 0.7148047218369213418 -0.69374647864418736987
-4.9913940228162214652 5.8237740945073586118 -5.019869006564663394 0.8284074100771270377 0.0060480707143636125434 0.56009337058205388438 -0.36338591453953400512 0.76675397679975865195 0.5291871277497155468 -0.42625325810316982977 -0.64191257964181802631 0.63738245979478169723
-5.6585942750053161987 -4.9050269038884657391 6.6218991570479479591 0.9647224193100794043 0.0086152290682619744877 0.26312816555557799747 -0.1976687921130920178 0.6838518639762772855 0.70233444793836607989 -0.17388991432829384309 -0.72957001443621305459 0.6614301865885845455
