1125 14.717824617146108679 14.977075390850430381 15.033177056927090831
0.14552452677373198253 -7.075343744455622641 2.1815330116648876668 0.98808678457634480097 -0.011054803005828004944 -0.15350015464480204486 -0.099791384184788584077 -0.8053335138963003681 -0.58436256813553588696 -0.11715880584901537664 0.59271892388035207766 -0.79684257635124611241
0.51523023023598801817 5.4451725685563365786 -2.4063343838705191224 -0.96229452052075759028 0.00083552255271720078482 -0.27200837795509835715 -0.0504910460658817839 -0.98316521319881600149 0.17560415092715475627 -0.26728245367564573698 0.18271689975952676299 0.94613668383561888575
1.329358561230678859 7.3088639380353210839 -5.5973888697752869348 0.9647886209954535941 0.0083991845367455686411 0.26289231730254147834 -0.25840280583875890885 0.21684865952883636275 0.94138443199106669468 -0.049100985043110979833 -0.97616910039177973157 0.21138349204260831193
2.0587914874258528286 -0.79035092110557381151 6.4519330054553503118 -0.4328174514024139552 -0.0031766657258673778805 -0.90147599111476250933 -0.82982504199008644274 -0.38930682053515203167 0.39978819288582911895 -0.3522207453397064314 0.92110265892549558764 0.1658627091082865157
-2.818920021781916585 -2.7397544297032734306 0.98566840442016068202 0.99947682585879593642 0.0099379729613517566594 0.030778422063157638566 0.022597611975562696685 0.4662488352309306916 -0.88436495383911151169 -0.023139198436436435313 0.88459779580287678513 0.46578033144010022593
3.2440448586443006995 5.0724120050186227715 -1.7118399592970996448 0.97401794660457841069 0.0053742336040125907731 0.22640706107678107428 0.22634689226199122825 -0.056171579100116261762 -0.9724257493838636135 0.0074915990003659067853 0.99840666630117269609 -0.055928567207190048316
1.744364239386067883 -1.8227603661563753779 -0.78933666562294646507 -0.11195048037441483746 -0.0028516848697292167605 -0.9937096949498430698 0.92278969942510136182 -0.37131087082852487491 -0.10289513030065861043 -0.36868178769635484571 -0.92850422998390846896 0.044199935781287280623
-5.9475329009765864896 -5.4491950585363424509 -5.9294060239634038822 0.7494248648599500795 0.0016552816935770189345 0.66208732956634308575 -0.00084347113259377595393 0.99999845021384714538 -0.0015453563948193741427 -0.66208886147263990019 0.0005996769576268904875 0.74942509959389713714
-4.9070936023897244738 4.2202183055311444093 1.5099521577051058241 0.94391520803959605423 0.0072323046520633704759 -0.33010873027080089859 -0.29278789982159836303 -0.44384150456151871822 -0.84692382452418057959 -0.15264116662829857463 0.89607611986818180849 -0.4168312148248372595
0.41406389836467361043 4.7372724463065472023 1.4053318520289765914 -0.99292215549139739572 0.013017550866894163353 -0.11805141466168386777 -0.070271569145610168761 -0.86571086118543372212 0.49558713804477394493 -0.095747061072503192314 0.50037510748939484362 0.86049825804645396765
-2.6793694075457392678 6.9902061193079498835 0.36361629184578475593 -0.99229896302328868263 -0.014749808080421223169 -0.12298459718397000695 -0.056351701393828168563 -0.83042864183625664243 0.55426776612761863294 -0.11030527518179533697 0.5569297208622161488 0.82320230337839550572
-4.5639657686483650068 -6.5936587167261793141 3.3714155273931223356 -0.95754388954381119969 6.9465482992990545963e-05 0.28828752101296217791 -0.078261476989381059677 0.96238417795230557505 -0.26017654630354047907 -0.27746142221336317357 -0.27169226930766721129 -0.92151965252055800804
2.8990194799104314072 4.7271582938860516876 0.80975519286933861363 0.99860859420503456096 -0.0017436369267776782692 -0.052705173466126825632 0.024746609344141294595 -0.86707588525862999695 0.49756106613067224709 -0.046566950789086555829 -0.49817303111806476856 -0.8658262817453149518
2.6933732349626158253 4.8880905510794034896 -4.0188993351314552527 0.9991976041049404067 -0.0033205854802857009966 0.039913928184971754487 0.018995099622852971988 0.91664051895507714374 -0.39926099884680743557 -0.03526094356940348562 0.399698802502411632 0.91596808521740369358
-4.0901438603904045621 0.73866735067338307186 3.5332403907708145319 0.9971876272618430681 0.0058747483990574788509 0.074714947413990664971 -0.016475492689602765084 -0.95535229720943792842 0.29500940045568596615 0.073112202650816415783 -0.29541068963025285399 -0.95256870107917746004
3.7842766876769422524 5.0473061623478896465 -7.3758106649947867695 0.98216982261944063559 0.0035741760899887539508 -0.18796187060391558732 -0.15767971065501681927 0.56009490178053833453 -0.81328396630401111889 0.10236966534762582948 0.82842074229496787119 0.55067188538352063176
-2.5714411879237735192 -0.86497086227707220552 6.1319162612849842375 0.90117347093374555733 -0.013288945734422236492 -0.43325486633909127132 0.11839786242575046915 0.96906668819254104807 0.21654491452950841435 0.41697520484829075915 -0.24644098229969391145 0.87487057373361365453
6.9940798415477454242 -3.3677712748306851687 -2.3972332409961532029 0.70531350898314826292 -5.5680237531472148022e-05 0.70889551482962420703 0.22184142740378881564 -0.94975571387105028887 -0.22079507480218596438 0.67328985966920040784 0.31299214186493284906 -0.66986318304381464728
1.2038491916388622816 -3.5614375872476231599 -4.2472738542878669676 -0.46902119260648239552 -0.0034488908241652963677 0.88318017756175715149 -0.80617415084778343282 0.41007270551288516058 -0.42652504580417127666 -0.36069704655133949522 -0.91204631535109281781 -0.19511319602658058758
1.8681997562592891349 -7.1903058283464957867 -0.98698040526034080955 0.96261923775124402791 0.0019298285503996509549 -0.27085139629114102222 -0.2701424423306588718 -0.065812069488975985521 -0.96056849436210567372 -0.019679023418964075587 0.99783016955369618906 -0.06283063556835358221
3.9324611760102019531 7.2599398529766290267 5.2485679932808437798 -0.79540235517343094163 0.0045759396562876555187 0.60606448020059588977 0.13355449351752463061 0.97671475353055148272 0.16790320871565472816 -0.59118380445154827818 0.21449324234576214177 -0.77749235259401416887
7.0534547281805179963 6.8403801218997832834 -4.1564140302228933521 -0.88534964333802979031 -0.001290653716708795723 0.46492401879653200147 -0.21627954681604774634 0.88634997885251010086 -0.40939818345622053242 -0.4115570029412939923 -0.46301409179543617789 -0.78500877965078985632
4.3299625242311918782 -1.2417666154254403121 -7.226476807385067147 0.80891103486649751364 -0.00013670453941230786832 0.5879310495144879356 0.047828272655310880013 0.99670085884799641818 -0.065573274331277853211 -0.58598241783019733298 0.081162671737590508236 0.806248861524953786
-2.7942436561036716469 7.1759626053923541988 -5.8197711796495061876 -0.99780542802172700334 0.00077219409017183042454 -0.066209754015295024798 0.013111162095553779289 0.98243725590164343586 -0.18613203820113519149 0.064903198988805504976 -0.18659164486305826469 -0.98029135099130593201
2.8455139858981466361 -4.599504978346104167 -1.8337197030328447056 -0.85971311558312668577 -0.0044089594683749105258 -0.51075818150154694841 -0.04023682155073961958 -0.99627063951169547718 0.076327000717019102827 -0.50918990277292086599 0.086170609394266073355 0.85632953294326386029
3.7505687333239419168 3.029419647442819219 6.9420257501710072034 -0.99998993839525573968 0.0027969908096766825378 0.003507128526874625507 0.0042833073515979522283 0.36306070832367481893 0.93175564143699129982 0.001332811398806648881 0.93176128858943885191 -0.3630690357216214692
7.0907757309417940306 -6.7044926627871870295 1.8972875719080048995 0.12542920043063821023 0.0075222052816738211103 0.99207405575752727334 -0.5094229491433125423 -0.85758970443996285216 0.070909503769443327226 0.85132589210331910401 -0.51427941361320317348 -0.10373480692677579384
1.2248419336059372942 0.35642714405228786978 -7.2301384787943021593 -0.92890580645356035649 -0.0012086103225391643667 0.37031411260958968512 0.37004873872703752946 0.034961867155604134383 0.9283542420927054506 -0.014068891330884049362 0.99938791622981115736 -0.032029036679844566371
-0.3651603902293290016 3.882433539991394511 3.5951810700299833279 0.98142786949942606434 0.014850606401993246553 -0.19125584032765638454 0.10978882222089765552 -0.86105328766632416304 0.49652155070474091048 -0.15730782397988035681 -0.50829784112111575656 -0.84669212422600104162
-3.871695745140694811 4.8180233401408738558 -2.5396376127007496137 -0.82025294669101256329 0.0071084631264931143549 0.57195679312047764675 0.36926174445175435901 0.77022997792768144176 0.51999187030745019911 -0.43684192510468372594 0.63772662705384142168 -0.63440829251940122901
-3.0828987977316542057 -5.4970773432030144434 -1.2747027049227837026 0.97204867458220678422 0.00085198846742089607165 0.23477787024876201061 -0.13291885573034073476 -0.8223041815585880876 0.55330679625555656553 0.19353023545236264225 -0.56904754380180155859 -0.79920644445524791077
-4.7724234785571857387 -3.8334603725483895609 1.2374749419597188549 0.99753199907337497532 -0.0039308379689784733735 -0.070103204903313384722 -0.04352397426576293249 0.74884642180459348726 -0.66131286106853637285 0.055096047852570259606 0.66273191040074796998 0.74682718245102774901
-4.1972363989714214227 -6.9853585915069027479 -5.365356756104816327 0.99997265899405385348 0.0072098158565153305094 0.0016431128177280540648 0.0070802357219284153128 -0.86940807380371953883 -0.4940439975012342888 -0.002133430697156379896 0.49404212346744608153 -0.86943535050821829646
3.8526734002443814298 -0.45037537067721467032 -0.79778145930977717448 0.95921685275915102853 -0.0027463278089859665537 -0.28265789758373899287 -0.27497794457320756667 0.22263881512683481034 -0.93531764016149943064 0.065499308249729715214 0.97489713082078022222 0.21280372397191804623
3.189621361554319634 -1.8669258543025377683 -4.8193216885846439368 0.62308348572288718703 -0.0043220287748707729089 -0.78214339470889016059 0.76060064036611729765 -0.22979353407560629274 0.60719156579426847298 -0.18235579424323933306 -0.97322980419036686506 -0.13989321835461154819
7.2334867030667560073 5.2058922865946213321 -4.9551809957433778919 -0.97637941213931889184 0.0070780495937895213446 0.21594708788083694095 0.064017649323872119482 0.96406192981523919361 0.25784944455218861137 -0.20636129512410658626 0.26558331403680246474 -0.94174334039579810085
2.5609322564667920119 -5.3293364153897293534 -3.2493379151000105765 0.49911550603928650505 -0.0052318142125504230044 0.86651967072376157031 0.86652916943880087253 0.006825168945163495593 -0.49907976875487009005 -0.0033030505196499082565 0.99996302191070751686 0.0079400672761554200174
-1.3408671919961487884 -3.9574788938978948671 -2.177008475311589919 -0.93328456530838233007 0.0039629779042873354566 0.35911587957542034921 0.032260237543750583389 -0.99497166878158138648 0.094819066624908854291 0.35768589185306542966 0.10007833495885713748 0.92846385478441928463
7.0158165862739227947 -7.4210887258681195178 -3.2254594977496795494 -0.86010486088119653125 -0.0017144494288878764365 0.51011438810494713625 0.3141667235758838217 -0.78962242710155616798 0.52706327173873990244 0.40189413790956968198 0.61359064797428941596 0.6796967107705668143
3.4530275157517582585 -0.76557199200474135292 0.93385355304209793914 -0.99878966901893684316 0.005082358676134549752 0.048922047090060531704 0.025320360949868288281 -0.79959440957782956794 0.60000638287707064311 0.042167243004015420027 0.60051890045375710958 0.7984979485354759543
2.0115997700703887041 -0.19732142297590576918 -2.9711551876399955319 -0.70044225819123595578 0.00066715323185538013759 0.71370876262422144887 -0.59208788046352334167 0.55782550114726792145 -0.58160351793802667064 -0.3985129668507196854 -0.82995799000689629565 -0.39032954035723665953
3.8850109853865815168 7.4431155602073442168 -5.8136312084972665559 0.99195807782154676868 0.0053663983283907864402 -0.12645304904793805423 -0.097843507388857137164 0.66627894660583997233 -0.7392557158193654443 0.08028586367709508731 0.7456832887216580108 0.66144585040263881304
7.1083333410844025124 -2.7335536215892659584 1.9510597906869568963 -0.86078473774278918551 0.0048741993267806850432 0.50894584923160191003 -0.33226870624847487656 -0.76285401730958046773 -0.55466319070453340423 0.3855478467286990174 -0.6465523880208977614 0.65827263913019340436
-5.5499789360844280495 4.6364187557912384108 -1.7164130610837207147 0.0037739070518429721456 0.0043803363111126654428 -0.99998328500000832619 -0.4281365733030013665 0.90371100782041802191 0.0023428496699261589648 0.90370616476038290177 0.42812057530328029298 0.0052859035233887800148
3.7275284992632227166 -5.2524233238258766221 3.6108047737437258817 0.710679381120321918 -0.0097885319547775309634 -0.70344793829576568456 0.40334045858041250865 -0.81358247950934692305 0.4188078598922009288 -0.57641243196395552939 -0.58136712469616425025 -0.57424818206061289949
4.3970546395271634665 -0.25667353090897399026 -6.6680774285729693673 -0.91026089943381671699 -0.0047676219178886241473 0.41400768681664879001 0.40441559601143467484 -0.22453088394420958607 0.88658553330062550568 0.08873060725992942821 0.9744553103844916242 0.20630978502923216777
-4.3577145938441956829 -6.3148483927971383878 2.0072133084824668181 -0.8905636227070186095 -0.0029502959905433577548 -0.45484912846397707042 0.19492144144483761203 0.90103231362743430033 -0.3874872920035279944 0.4109769647753614974 -0.43374193427974921944 -0.80185152545303295391
2.467410648939885931 -6.1941836796713394264 -0.42077728555675908417 -0.99759016279533174743 -0.0097465111510595010824 -0.068694050793262337318 0.03617385258069578946 0.77180418949192330924 -0.63483048561966715084 0.059205738602582255736 -0.63578557596336038316 -0.76959169818381123473
1.7675329361662952543 -3.4448421811632194967 3.0784362706626504647 -0.99872217578550448458 0.00035602250126734544949 0.050536015298385916772 0.015964471888138303396 0.95099316174912318367 0.30879951739570771219 -0.047949465394224351222 0.3092117066905681888 -0.94978364337039811183
-4.7903844466280292025 -1.2036432304387423287 3.1384817467384160672 0.97361710306910764778 0.0015790797018099128612 -0.22818247767665567061 0.22655094285333343684 0.11287528221649791027 0.96743673744430780381 0.027283821279504072432 -0.99360790917333641215 0.10953956328438260726
4.1218426420795495346 -5.0413564396856456185 1.6894833097384402976 -0.58305834036751891247 -0.012228479336972457314 0.81233825222056910142 -0.22126576080330112584 -0.95969896451536618187 -0.17326096099325233313 0.78171889757379853236 -0.28076388977439881156 0.55685474171882365368
-1.0022314905473970192 -3.9952586811922894405 -6.9476820839911290761 -0.96456485584147377832 0.0037372844482059007845 0.26381939197237463945 -0.088918058527847829153 0.93680303270720843845 -0.33836911321569967948 -0.24841138811125534902 -0.34983726304622830838 -0.90327497011765900403
7.1868351912522818736 -4.3150542547811427951 -1.4380723409976674532 -0.93424954743529364798 0.0044976710803241778253 0.35659157880110725625 0.089331879658252108523 0.97099214917853193807 0.22179734333493048015 -0.34525005198223662761 0.2390690636376505418 -0.90755076134493339879
-6.3647678170929475883 -4.8846727104011948839 2.6780622214749696397 -0.9912796270274014665 0.0032401909846584177333 0.13173534910061662773 -0.12531038620249609905 0.28610125957779025674 -0.94997019762619105965 -0.040767734178733708306 -0.95819391066231629495 -0.28320032030275349433
-3.6733363084191097414 -1.1140638854584232753 -2.8668465014274029379 -0.97567954573312065669 0.007424322119457733328 0.21907602214568744348 -0.013651075466974499362 0.9954283275330404468 -0.094530909672308580105 -0.21877630625069180437 -0.095222498318133855233 -0.97111770843566735945
1.3206148195417488633 -0.79571433094133048325 2.1141734593836605249 0.99992588196302834014 -0.012151607748973010381 -0.00075432715504899529313 -0.0048939131739737240512 -0.34443087792008070247 -0.93879892413070464841 0.011148102716942113327 0.93873303380903561077 -0.34446481829283270848
4.404425429784288859 -7.4075741578002647358 3.6043068810252298917 0.61286817567708407051 -0.011897560285888493167 -0.7900955937742411006 -0.78793863277088393993 -0.08454558051164262622 -0.60992192598970174089 -0.059542507751169926333 0.99634858000360904118 -0.061189843074707706005
2.3127399366619729726 -7.4812146390135358942 -4.334796528111454883 -0.92518366925548412016 0.0090076016746155618264 -0.37941275842424593279 0.24947317798620066709 -0.73894830734116023763 -0.62587421463352554962 -0.28600404124504802406 -0.67370190899960558095 0.68141575136017318304
-2.9768319153564442026 1.4593060446190704305 5.0322297214343514327 0.98291844446375442601 -0.014989573061186315522 -0.18343021624687666504 -0.15310135873047678312 0.48650862856028970205 -0.86015657196309525112 0.10213376272230915986 0.87354717504890844193 0.47590338040028812294
3.6219330820174846508 0.25474177594144786774 -1.7330670402648513662 0.89330254038694256735 0.0038174344944483908429 -0.44943964948815762206 0.020766675763804379184 0.99854543104406778831 0.049757083099804734483 0.44897585293184266719 -0.053781496211600908486 0.89192389481909195581
1.5558659312838603039 -5.2604481431787561974 -7.1286777110298569227 0.99958679166462827137 -0.0080655482622531537301 0.027589723825421269554 -0.018856113359373410238 0.54045610644521679955 0.84116089067133403834 -0.021695458476637223544 -0.84133355093994655061 0.54008070058484292097
-1.6741645921845376144 -0.95860378229348475188 1.7568685549157232462 -0.98539959250284470116 0.0090833697919398340148 -0.17001510370663283633 -0.079492330451571807659 -0.90759909573922081805 0.41224367892388624757 -0.1505609926060947068 0.41973965002908231181 0.89506983733055600627
-3.7270921643305388038 -6.2280077578763686219 4.7081340101385160679 0.88669793792262729948 -0.0012886699461525461669 -0.46234738694362037537 -0.39578923883870098521 0.51479249684784078589 -0.76048639935818385105 0.23899298170308708178 0.85731384248647790614 0.45595540371590614903
-4.0545229182037392235 4.9688070820823053708 3.7048449796091267316 -0.95154362365354616671 -0.00026855373725347651825 -0.30751367475815977182 -0.20887871072168312514 0.73447123509078804382 0.64569473362533391647 0.22568654477308086603 0.67863976652062407702 -0.6989375156658755861
4.6131211241481375751 1.3124319219803497472 -5.5962643062108057279 0.99994848331513108697 -0.0096765193228251396296 0.0030652389142378673459 -0.0076559126511769257095 -0.91727549653571949229 -0.39817967107407226113 0.0066646618281136407042 0.3981356909760742635 -0.91730232412966250521
-7.1419747243716447116 -0.72788052550911297445 -5.3765374518766737566 0.76150014921052011641 0.0014778476936091432259 -0.64816304948571956679 0.056271273754465327144 -0.99637248192758898213 0.063839024175735809008 -0.64571748195515332736 -0.085086386830396848469 -0.75882095402919147453
-7.246034961932227958 -1.27089110530352567 4.0777128542832645763 -0.99681944467470218196 -0.0046072333013456173711 0.079559839867832049531 -0.048877897319029847689 -0.75316361183144997504 -0.65601488166549493108 0.062943989960588142552 -0.65781710772391910336 0.7505429414187931858
7.2971300496167188498 5.8505700922829646515 -4.0160157805450600321 0.99624181594311078669 -0.0068319955243665861713 0.086345631062349256779 0.083652054394745628541 0.33442371597048753395 -0.93870288802798784733 -0.022462812867954887186 0.94239805922637065461 0.33373840055408698912
2.7714834960621073101 5.8002165079469483189 -4.7672295033431240086 0.99623112091085408437 0.00082888329889414412086 -0.086734460747584424256 0.04819210675017909784 -0.83669930886681409543 0.54553807143845867156 -0.072118475966086961759 -0.54766192079993802899 -0.83358583597003088617
5.6825952994649524541 -5.1899528183471286269 -3.3701989634062541334 0.23926160710519694952 0.0051734829892347818439 -0.97094135684867433067 -0.062815645011746579218 0.99797341420252416722 -0.010161657679052315401 0.96892108972152879431 0.0634216021461657814 0.2391016986012901302
4.2799201675999762884 -3.3570157652719805341 -5.6595389275755509928 0.70137646166015743532 -0.01659209536692680606 0.71259789601173173512 -0.70782979859377881393 -0.13396090992061354674 0.6935643090845714509 0.083952577397836944395 -0.99084770625182727599 -0.10570140852273872401
-3.2335004149208548263 -1.2555441683616122006 5.0725875890189895401 -0.99310934564373276601 -0.011136696357666096141 -0.11666105429516426817 0.017330038640679796408 0.97057375626546493752 -0.24017962738220735575 0.11590296525856928767 -0.24054637316535393277 -0.96369286860560077201
-5.4269727414776678387 -0.59812459107826942972 -0.40048783351883238124 -0.95988924690844279475 0.0027150743367833534217 0.28036629975943966331 -0.26959708171044044489 0.26570151022187810108 -0.9255917680051596319 -0.077006799717037180408 -0.96405152136030525245 -0.25431204643152255374
-4.5554102410329555539 -5.4172999478260788209 -0.83180134114796344669 -0.9125548418449493937 0.0030128651653429667362 -0.40894325189291536038 -0.14616342934413587007 -0.9363259794592418972 0.31926464275273896964 -0.38194228955118830759 0.35111904367772744928 0.85488917680547082956
6.5572514590512014365 -5.8695202284724006248 -6.1578663232200296918 0.06667589158603220989 -0.0034635967386332441875 0.9977686750839829255 -0.87463130289097568149 0.48104679242857134591 0.060117114846894720293 -0.48018164217782571823 -0.87668807850448748908 0.029044853651607555056
-6.841939949232977547 1.740472262540207149 -2.7283891809999314404 0.80361796617587966107 0.0063375254884009829537 -0.59511175438734409404 -0.54474641418101243939 0.41054555878740828234 -0.73123435942013892408 0.23968627135508513426 0.91181806295472467294 0.33337413125992054752
5.262661607054551105 -2.7799349350775792722 -3.5223751980034299081 -0.47769516513995075035 -0.0083860960429624539086 0.87848563027240300638 -0.79695094044742509354 -0.416660590907702022 -0.43733642714112902494 0.36969788709427103823 -0.90902344599995266172 0.19235344265285272969
-1.0140601797161850062 6.7120205447522529596 -6.4415872828996221244 0.46703232057482302331 0.0074139220620348398119 0.88420916377190550417 -0.84129827232301146456 0.3115605188641733525 0.44175475104550154803 -0.27220953055449848002 -0.95019738835925526832 0.15174615194664911599
-1.3789539727202908548 -1.4904425897904116649 -5.1190073353865139794 0.6375017311203193815 -0.0051801539077959545682 -0.77043150819791150763 0.016649662567603355778 -0.99965124340598898733 0.020498299766200434036 -0.77026899947675864233 -0.025895126228905412935 -0.63719315037326662576
-2.3172683668983977689 2.4935291041817473356 1.6253273698399108849 0.78152058411882008304 -0.0066822006022346190635 -0.6238436701559582076 0.33375547687197559821 -0.84034589778213608646 0.42711363094461890499 -0.52709852803485379713 -0.54200933596743650078 -0.6545173958480076104
3.7344421102128517731 -1.7723559778586530644 4.5247393197725145342 -0.99880623908950338929 -0.0040152128991422959825 -0.048682387176360239489 -0.00050803738023027784736 -0.99570818301282504326 0.092547048463859665768 -0.048845047382854431262 0.092461301887495878082 0.9945175056274448977
-6.6046795985809856333 -2.2067561925168721615 6.8592125080893726619 0.81337720064744734039 -0.0069490021634842150111 -0.58169514424298351951 -0.14020282281705687133 -0.97279567041806780381 -0.18442275372098565489 -0.56458896370808042686 0.23156056439912081624 -0.79222408892564233351
7.1752661319501713777 -7.0179514424063471623 -1.5723568036021107197 -0.98253952059375793127 -0.0090905003614042759197 0.18583178757890941868 -0.07309813223601206722 0.93734966989007140192 -0.3406350824866538618 -0.17109282140169668196 -0.34827138722590683662 -0.92164759387987638117
2.3646474761078311033 -0.093519036483092121692 2.7854666915416159689 -0.95559003838555722776 0.012257908445130971664 0.29444425995224532411 0.14704503420174883099 0.88570398252705451192 0.44034783211946659787 -0.2553927102618131495 0.46408856807325021832 -0.84817236722784306036
-1.5554111171283322435 4.7207052871914667591 -5.9597622428845955511 -0.88605019422051201072 -0.0045766689560652346752 0.46356672380898850117 -0.26659892524231021405 0.82309073499395912776 -0.50144456824922645222 -0.37926252963000761653 -0.56789144743369379675 -0.73051984062741426307
3.5108834507900876787 -0.68400996808783265379 4.0982681295462981552 0.99602240666230468236 0.0035931314659247287624 0.089030639854054002824 -0.074804894438782257304 0.57658863068105292715 0.81360296136223186902 -0.048410672320906254773 -0.81702670725979054112 0.57456397940513170841
5.992845018881496344 -3.3264683627045421588 6.0435660681582668019 -0.96437225195952447354 0.0038529349020615961258 -0.26452091513384901056 0.036153614147863208372 0.99243220629798845067 -0.11735089299460567391 0.26206693006680187308 -0.12273333204646713623 -0.95721337922644911256
-1.9303170523661024038 6.195384296051585693 -5.8842128771170560952 0.75169252205687897561 0.004219746936634414039 0.65950022442721834004 -0.63666009705623993753 0.26560438494513211038 0.72396010353767792367 -0.17211122305101278496 -0.9640728729892984461 0.20233937448301320128
1.5773559691558547424 -5.3612992750588199797 -5.2100307214315391136 -0.96472682399773024287 0.0038158218918410173257 0.26322536838715926422 0.26165497096369583208 -0.09610777082433570595 0.96036449984215233044 0.028962583262712743998 0.99536361993515531932 0.091719315742616588927
3.9070282373379932039 -3.4209295426736390233 6.197849572550059527 0.6210594584588484679 0.0034574871142191458337 -0.78375582603367766055 0.14071075745302413784 -0.98423440058699851463 0.10715935534510719063 -0.77102894355266815563 -0.17683520713886932696 -0.61175458945590455162
-1.7551598675105473113 -4.9511399299115872452 -7.1128238079040801978 0.52414952477303444756 0.0065460251002678795235 -0.85160109513533699399 0.71098623220096901498 -0.55381399100474204555 0.43334586762560406425 -0.46879190831427153263 -0.8326146845466936286 -0.29493547391973501393
5.9413121006233255983 4.5037277198747398543 -0.93872274506778519143 -0.8874019212092826292 -0.0032597455175713331045 0.46098503695148579373 0.33827179303007415268 0.67476169221743964588 0.65594881870170684834 -0.31319326984185991147 0.7380284769405007772 -0.59768214207114456205
1.3779943204953635227 -0.17052670458864185865 -1.0673307433072780626 0.64756303341879684066 0.0056431079412167448051 -0.76199099278280180148 -0.13661540386310369599 -0.9829108966831264782 -0.12337909307887148791 -0.7496654915205487324 0.18399544699370659617 -0.63572582636606589368
4.6337896415409316475 4.0020390808456758336 -4.2801213018478696526 -0.8343305797735338647 -0.012417601299241591908 0.55112456562244993563 -0.41743909735270195993 -0.63874037101120284543 -0.64633995578312009034 0.36005150139380331931 -0.76932213124172432739 0.52773703179288755649
4.4921651106087434613 1.7719987509849852714 5.2632457460079766776 -0.94874263790781065975 0.001351171385749281445 0.31604680247025818129 -0.21222869367012031638 0.73827032410968917997 -0.64024675721318757837 -0.2341930583917484765 -0.67450359737726461873 -0.70014177744676253656
0.14784881800122220974 -6.6166813306402900707 -1.2242066044853689988 -0.9428602360887303746 0.0067314559744026114529 0.3331204927698896423 -0.26387969961135498975 -0.62550452640205844723 -0.73424218864330526024 0.20342585709744009925 -0.78019149889692895883 0.59153964001842640474
-3.2313218175507909535 -5.6623747570570683862 -4.2713281007169268122 0.99985765296788098322 -0.0087286043450092772739 0.014439018935163106319 0.0023139569369060742493 0.9186371107325962404 0.3950955636147135408 -0.016712851489695753487 -0.39500591166583731706 0.91852654308089254354
1.386478756146168223 -5.6159230980827503643 -3.3158642053624882706 -0.62367080477194014598 -0.0077937751121705629506 -0.78164824847545422148 0.63922671083742721443 -0.5806261944633386296 -0.50424441935939301462 -0.44991548031518840967 -0.81413296172836746578 0.36710159520253099474
-5.0196820985736483323 2.6873537728273775294 1.2910497678853480874 0.73324269168272337982 0.0037069762673929114796 -0.6799569202683426461 0.23366424051734402401 -0.94046097853441246173 0.24684847691952396809 -0.63855788915121969307 -0.33988145901330496512 -0.69045232711730064601
5.8639051815052836147 6.8696700504943937204 -5.9501879952258969197 -0.896963446136947673 -0.0046440965723909197194 -0.44208031924199236995 0.35076829203093390364 -0.6161355156098061725 -0.70522239875790382335 -0.26910626451231067779 -0.78762647160388166157 0.55428003719148988271
-2.0575385318692833714 3.2152951831331155752 -7.1898275753385334497 0.98926569315822787676 0.01411537232217960347 0.14544464446761126708 0.097255759348531325981 -0.80646090422662242148 -0.5832341958660769432 0.10906285166663869102 0.59111891038796593456 -0.7991769066784938369
7.0012038664998463844 -0.49729175326292474058 6.0883907149116929247 0.99991566117331498464 -0.0021993702392804959957 0.012799738702733957571 -0.0056597776355847241245 -0.96084138507440730592 0.27704115153779240721 0.011689202599996211668 -0.27709022988695874989 -0.96077279678583527023
7.1023264322975876439 6.2835414151940396366 -5.0083035867324774415 -0.95796978153184786375 -0.0038652008598037985304 0.28684308932607083253 0.28682071694919630822 0.0054641825311304778601 0.95796869418479102531 -0.0052701044182728393889 0.99997760121497569763 -0.0041259020638083516996
4.4858653324965667153 6.0310411791238234258 6.1611209817939132094 0.98498565260769521679 -0.0095783957531249616646 -0.17237029469079961919 0.096517684352444677032 -0.79728184890400555229 0.59584057432791426301 -0.1431349040739128553 -0.60353119864922433191 -0.78438669767706525882
-3.3700178804931795185 -5.2144788421418164504 4.5301032320351337646 0.80683451761278590642 -0.0040930863157461385565 -0.59076332641161699577 -0.43416664297193335864 0.67404327867196167645 -0.59763281754562602721 0.40064621216100326784 0.73868051627312625307 0.54206430205242406295
1.5407447790169981339 0.17172538533561867991 -5.1342065181620890613 0.63377165518293754332 0.0037890288959518537808 -0.77351091288144657732 0.73292200208233349024 0.31676587359377089692 0.60206703961445062756 0.24730310946356551249 -0.94849619112919014707 0.19798016936860243775
-0.24207334904175062396 7.1472101808283978741 -0.75584808517649049175 0.77321974978494389941 -0.0065078244122407776992 -0.63410477585637969877 0.63401650286448851812 -0.011653283276227527354 0.77323170853527245505 -0.012421458768975802978 -0.99991092063760844688 -0.0048844807038420055834
-0.63802365393373849933 -3.1631411993500857527 2.7635779787525520668 -0.99917660256885565406 -0.007378482512138185602 -0.039895800212296855802 -0.0092632747864465521392 -0.91586514787911044166 0.40137915072977936592 -0.039500742005611794161 0.40141822192843690242 0.91504267795805971364
-4.4789611552461199295 -3.5733543909338076894 7.4357809552921327878 0.9783316011122323852 -0.00345960161821248606 -0.20701523958836237638 0.046831328177837368287 0.97764481632609767647 0.20498155968713649422 0.2016782213484595021 -0.21023473611008478001 0.95662283621416910329
-1.9371589515222995548 4.7185575494845410915 -0.41112644692162447768 -0.72915151702148839341 0.0033647976911262821725 -0.6843440241295252191 0.24203609497742287204 0.93662622111776094869 -0.25327820799042072286 0.64012232733545881835 -0.35031414480616823726 -0.68375683250361929399
-0.6649685424218212404 -0.30820274350494419879 1.1626728457468922251 -0.97749167550690507777 0.0043667752121058162409 -0.21092879269751299565 -0.20820901225977750393 -0.18130103813514897304 0.96113419499299579396 -0.034044552110436443471 0.98341795023554978705 0.17812945749156866571
2.9322148343977629814 -3.6649029713723733082 5.5208634336720567859 0.42211657715493144938 -0.0045451130546373952335 -0.90653016344655046321 -0.67770563417343832047 0.66258961557241491391 -0.31888881251177775278 0.60210685820757492426 0.74896885334633644948 0.27660981185876604149
-6.362901255962289504 3.738133573047307312 -6.8742509031905729699 -0.72072578438402457035 -0.0064429945263559393678 -0.69319032851410533613 -0.46810447972104979319 -0.73302385465652064589 0.49351213214011396824 -0.51130474258416236388 0.68017241661645533313 0.52529319801891660724
-1.8611045465578501812 5.6730060797212393808 3.408570017440779587 0.84630881286318404566 0.0083714088279950808064 -0.53262680441773146978 -0.39989220660675883767 -0.6505776376141657602 -0.64562757107457624528 -0.35191990049617732916 0.7593936113444272884 -0.54724192701604656985
-0.18707387227687211073 -7.3378788158344354642 -7.2704121812165132255 0.21836958905138698084 0.0021168177007403407575 -0.97586384381251722875 -0.81100014831993960662 -0.55579265595519400378 -0.18268355977286934722 -0.54276466539611201156 0.83131825594600927687 -0.11965147440942489054
0.24620070826088952254 -1.7099741050301242584 1.8829032524663575909 -0.97971958126640090736 -0.017628481698617731038 0.19959653983977804215 -0.17363009679183827316 -0.42249600601033499014 -0.88957839137047678424 0.10001065728758251616 -0.90619333562897019796 0.41086677511162428278
2.472740407638757798 -6.4948641279446270858 -2.2086610363768284238 0.70433409552201453607 0.0088779001477212113325 0.70981311961263549026 -0.36411776735230227953 -0.85384092298344749228 0.37198646445416078121 0.60936994788358611608 -0.52045831833842093328 -0.59815667302862507437
-6.7272376357014671555 -2.4285058929755312107 -3.9877517773390604994 0.7262332002789788632 -0.0045771116162895402607 -0.68743318865306235477 0.46770582415511641194 0.73616045291383658267 0.48920246280766171987 0.50382199323164666982 -0.67679157619975982563 0.53676490339927418471
-6.1416702735552588521 2.8268696878901753422 -2.068947003575795307 -0.9896156795148499663 -0.012941515700706276645 0.14315489523511054637 0.10034099440623868438 0.65091348721257713539 0.75249140659967184153 -0.10291983142211807989 0.75904159921316971538 -0.6428556283986686104
1.9904925445747414514 3.7568745051936218715 1.8276288605363371076 -0.76893074279658712999 0.006446843295828732015 0.63929957844019935642 -0.58406221069026142967 0.39962102746877226078 -0.70652273031262358138 -0.26003239572385056233 -0.91665777289911021253 -0.30351553594141195136
4.7208547316268258953 -7.1133322805479108908 -1.9612009954224687291 -0.99903038504809094089 0.0044098948057989060395 0.043804595404241988832 -0.043892361161682207082 -0.17723358814400835826 -0.98318956252861977596 0.0034278830757927085393 -0.98415893435020695978 0.17725530050247703673
5.708080637800732049 7.1049037493128075482 -7.1861780513079871469 0.97717491625058761073 -0.0018534232131477131143 0.21242821816528853485 -0.1707500127630772746 -0.6017694875678590849 0.78020376631600940609 0.12638677221877064882 -0.79866767097128565922 -0.58835052065366644225
-6.8725689759136603385 -3.7383746543371101367 -3.6725792339522720376 -0.98582563788272659089 5.2230960627620750397e-06 0.16777309577479229685 -0.16708041753167510168 -0.090806536398872872429 -0.98175267100457386249 0.015229765939718319795 -0.99586855202880919524 0.0895202843465081749
3.6173821260825835822 2.7625843008126316214 5.273050448824520231 0.9756935311886514306 -9.3088099900454079894e-05 -0.21913950928845449262 -0.21895333112264744879 -0.041628585479168964123 -0.97484691088469888065 -0.0090317211476842185203 0.9991331503887183052 -0.04063712351408564627
-5.3579977521862049983 2.2570698600197447448 -4.3055927206069375401 -0.91935303173639137952 0.012051553659037862049 0.39324898358603166404 -0.22905178778262030859 0.79627846422504533486 -0.55988917289488060458 -0.31988323111825323064 -0.60481019127132407132 -0.72930059028054694537
-6.4910081902811453958 -5.0376273573832772712 7.1458248776579535999 -0.9342048397913254032 -0.00086030520249065489669 -0.35673600489089879462 -0.23392297562358210783 0.75647108701345333603 0.61076307680488584051 0.26933503074417625145 0.65402657009303932778 -0.70690019580308482983
-7.0238782008341793528 5.6800278429043817852 -7.2812506667739675947 0.99977626408445896544 -0.011670559889920844102 -0.01764142299305208883 -0.020836489346046691007 -0.39978629697046125235 -0.91637151716227527309 0.0036417695007842157406 0.91653407726420910162 -0.399940023914168441
2.4343906960860803856 0.34498642956079705879 4.1698415004773714543 0.97471966139108745519 0.0026940115409734947949 0.22341513825049899578 -0.17929470243037476385 -0.58723178451450197546 0.78931124465330715356 0.13332288392492772089 -0.8094143398518308663 -0.57190334416250254712
3.0025311792540470002 -2.5528681416982572649 -3.0980898555587232934 -0.777048358492829494 0.0068859182555105410972 0.62940323536945075311 0.19420019588247705578 0.953781018579084372 0.22932085059455120657 -0.59873377429610719069 0.30042362212048423498 -0.74247122152247368998
5.4734986995426551104 -4.1655659838715592969 -7.0815679780567837298 0.99946382263097366394 0.00132429134899276265 -0.032715646169594103654 -0.028315840415036014344 -0.46673723566997610268 -0.88394262597793071823 -0.016440207828949240931 0.88439504696235027303 -0.46644948330434010675
4.8268427599752588009 2.5020175453748172423 0.95100529742892681018 0.99669580917919664564 1.2278107530244372625e-05 -0.081224773398414051861 0.080812766757753423663 -0.10074385743702221618 0.99162491493387039387 -0.0081707217143102105206 -0.99491239565999112227 -0.10041197273589044792
4.1850970385048693601 -0.2400078859780822027 -4.4693086060635103252 -0.99216649994596406437 0.0038113540158167188987 0.12486436627619768025 0.10755316281790501531 0.53449950766418630188 0.83829743735421935469 -0.063544893995153797772 0.84516019184966295619 -0.53072242892106602508
-6.6621017553359038743 -6.5310819822911021504 -5.9343842533491102387 0.8489232579097623077 -0.0088608979589845891789 0.52844184795225701556 -0.50902565615246420094 -0.28273414479858732795 0.81299094997648491123 0.14220472410723697387 -0.95915738429745089899 -0.24453001572241531147
1.2625001510595605936 5.7005282846823561727 -7.4182808223148546389 -0.99440814611774031029 -0.0026675322811990104938 -0.10557141282711363095 -0.091895414173030098848 0.51443480076368552911 0.8525913843203173359 0.05203529368370864161 0.85752534658446943894 -0.51180329050963346837
-0.8816602780342480683 -5.1148492983420261737 -2.4583648066323884329 -0.92912940224891349406 0.010351364215552615738 0.36960979848418751281 0.36705891662258877117 0.14630822307783680758 0.91861942913683836132 -0.044567988561881183296 0.98918489329280578914 -0.13973883238688658559
-7.3566680973704761115 -5.1003950701894149589 -6.1325500780400084011 0.086060779462981726318 -0.0054826433470202577333 0.99627480288330938496 -0.8667656695112636589 0.49264380008622427054 0.077584537076703929959 -0.49123397316860240025 -0.87021378227337453648 0.037645142401620222683
-6.7519773695911506906 1.1986296029391525497 4.7902224227690481939 0.43130946439533790482 -0.00027595516556106793049 -0.90220400673674783221 0.35369189618341251302 0.9200037100724404171 0.16880526066222917292 0.82998445075630211676 -0.39190955245032654819 0.39690391053880652583
5.5733944999976969825 -0.63100177290311099121 7.0224936566803055626 -0.98389378015448047954 -0.0046640517898884088083 0.17869324551918958077 0.1738784828818990269 0.20691324174013189796 0.96278407941931742897 -0.04146447351633300582 0.97834817780448957159 -0.20276967333041504005
4.6171550400836425254 1.2567243701351411556 6.8495083154865543662 -0.56675766616558509448 -0.0047186824439813587068 0.82387103473691436495 -0.13310889254374028146 0.98737072314077090063 -0.085913199278316060292 -0.81306074223778912469 -0.15835652534849972706 -0.56022802528189774574
-1.932730077943596525 2.5211053816102246827 -3.4935097264448637944 0.99850412140174671372 0.0013299843460086689662 -0.054660320941447605725 0.021572099915224286076 0.90902392625413852567 0.4161852303995918767 0.05024105939397916637 -0.41674180572529062605 0.90763544626234193835
6.6475955839296227978 -1.5692535400235030352 -6.422796479901290212 0.96651696118817942427 -0.0041150436242369890089 -0.25656973740426086694 -0.21851182494277104906 0.51099594862327724076 -0.83134573003710898753 0.13452712029885546818 0.85957327023745888628 0.49298706575075967873
