1125 14.717824617146108679 14.977075390850430381 15.033177056927090831
-5.5202589472964129769 -7.1333941488940517672 -0.15290292770991231741 0.99550437431373439701 -0.0071460747854767796283 -0.094445615765538906694 0.039331556071160823917 -0.87592052208898119048 0.48084952706691530544 -0.086163039751345898987 -0.48240250061399619907 -0.87170164504958103091
-0.90607429996087085478 5.064918618735386957 -3.6604393946354094602 -0.99946788174293266227 -0.0071929177144272040886 0.031815331194823326388 0.00055271494950259259307 -0.97897756518636314116 -0.20396720659936121156 0.032613614802220435018 -0.20384108711576445772 0.97846060898387121618
-0.8508825705288083352 -6.2292239899145904758 6.5960120523674286019 0.94639469795337993752 0.012131223809617775605 0.32278461718998269214 -0.0048523273910050686297 0.99971568161642943018 -0.023345467419210591542 -0.32297605267957107955 0.020527769947377375731 0.94618448521232589865
0.271022619123922337 1.4407192031330644522 5.0675187420492067147 -0.95833628174575835601 -0.0023444597638007055353 -0.28563276177314028681 -0.023244384667458931754 0.9972899949295166433 0.069802325139452961467 0.28469504679773016687 0.073533458519732725067 -0.95579368108759388267
-6.3400840459133478433 1.36788991273368854 0.61711990054654031201 0.95334261151214771957 0.0028828415914659410307 -0.30187672036715063051 0.015216640690474505723 -0.99914221748267695311 0.038513414415684767145 -0.30150674772113661426 -0.041310028663984039998 -0.9525687180515760577
2.822309055762173724 5.939637560192461585 -3.6283991094676824041 0.99963199810535241507 -0.0034603710662826046851 -0.026905281935944387606 -0.0082685310796268771116 0.90576479309696489306 -0.42370009556267768103 0.025836016677419883919 0.42376664028461707989 0.90540285775127604673
-0.91501619441456072401 -3.7682338805168775764 -2.6777940936328450405 0.85142462211403602268 0.00112278314606393116 0.52447578801693206518 -0.337828517150728036 -0.76374480671974620538 0.55005978148599843358 0.4011832572001893249 -0.64551731933905864835 -0.64989182528763711488
-2.1987445011819448659 -2.6386244257864119866 -5.8789321023669804944 -0.97946685266191357844 -0.002230396867129587693 0.20159293109255863041 -0.17449691197299452283 0.5101925323408008639 -0.84217243344555980933 -0.10097282925895800787 -0.86005732673664381238 -0.50010587126920169609
-4.7893476254451083918 5.3392433835797463715 0.80814235842593129533 0.87217134532080620168 0.0016681688577003424279 0.48919767130884145301 -0.052948784870672081782 0.99444142174000094148 0.091009257268225215998 -0.486326608959469886 -0.1052780886056282339 0.86741164015563532175
-4.0941339990501610657 5.0857031280890847569 -1.3305943759087086598 -0.99857812041957771942 0.012644318068645028774 0.051786664690934236521 0.04731071364367552684 0.65787036018323330477 0.75164372249550948091 -0.02456488945142344324 0.75302503969855438815 -0.657533159462930894
-5.1806357527325550549 6.7080175305821461151 -3.6225570302387595234 -0.80777012950672333336 0.0025848298024224369493 0.58949193084519180275 0.50476645201040970523 -0.51349818295846749727 0.6939239475787221112 0.30449671065800953951 0.85808678742494459701 0.41348375838140022376
-6.9295571309989982822 6.2683807672663469646 0.66731309480526412869 0.99991549613363495119 0.0019168301657422079452 0.012857929611211436211 0.012556866408398023593 0.11363457754846570391 -0.99344325851620030043 -0.0033653674054316337627 0.99352076402423306067 0.11360090560700666917
0.50017319593472731043 3.919798890236891431 -1.0253831474957639802 -0.84164045630131345543 0.003799512082813568184 -0.54002491241132333233 -0.5165592374305078005 0.28598442427934894772 0.80708082822911586529 0.15750522703113803424 0.9582267334914256196 -0.23873338828141998924
-6.469117791000031481 5.3188642916615576084 6.0334569040960408515 0.78687815715940878647 -0.0019728484616161321742 -0.61710523709857290076 -0.041994729170195026213 -0.99784794595324144417 -0.050357913766621520413 -0.61567784474306697096 0.06554070968459678459 -0.78526760207376655742
-1.1498699372619449743 -2.045087163671017283 -5.3493999303116517297 0.9512729201333319784 -0.008786054647476618934 -0.3082249773537238946 -0.30694697364937495454 0.068271768928759829498 -0.94927473417065033612 0.029383444121799287552 0.99762807238521489239 0.062248232107205050956
-0.52733536998683860908 6.2983472564047398023 6.4396782117882098717 0.95274694526794034832 0.017705048884020798544 -0.3032487255152506167 -0.036735585497838438296 -0.98425735669803060546 -0.1728813250292667858 -0.30153566130846831683 0.17585217379880491162 -0.937097784614461915
-4.4164062439199307519 -0.26849173716681684621 -5.5793058176953156391 -0.9859414512479932613 0.0053561582181484330978 0.16700528818026927347 0.082858472796500021174 -0.85226794800266236773 0.51650151819055234448 0.14509971811434194122 0.52307805954414554606 0.83984249441591951602
-5.7505704416436635995 -4.1810685023413611816 5.6847137594269216976 -0.8767785507474248341 -0.0093336986943211575074 0.48080375936334662779 0.17639813894454939303 0.92387737512362055892 0.33960902860757147259 -0.44737352349708708887 0.38257480027246554277 -0.80838941895008031846
5.4954264419814258247 -6.1911976348459676345 -5.4897894331623060538 -0.74065612373231060062 0.0094707658928017864064 0.67181754291705031434 0.49579006608107045739 0.68253609478698840096 0.53696991506814639727 -0.45345420579492795587 0.73079051985255483181 -0.51022004992019431846
-2.9015952402358697881 5.6958082325394769896 -2.9763161753893219164 0.97125454920522036328 -0.0084482847649564318804 -0.23789331039892439024 0.1343404275109981727 -0.80556008460369143975 0.57708370244645590397 -0.19651272270321626379 -0.59245386029442559384 -0.7812689506426602204
-6.687511460563730914 -3.8841351534482528862 7.1571357025009865183 0.97211362921766886203 -0.009339757983898884855 0.23432426423676666616 0.2174925560373516531 -0.33778672187987468511 -0.91574948462447225417 0.08770450363371784519 0.94117633812291001671 -0.32633574827150180209
3.9086451081042645761 7.1560776416385500909 -5.1125367681672990727 -0.8837469997919932263 0.0084719651680879130839 0.46788830522306418258 -0.340536838172116052 0.67414348469500640082 -0.65541225491367816058 -0.32097648232552666858 -0.7385518179853149956 -0.59288726579719475129
3.7374683208884373897 -1.9947366905287269301 -2.1561542831938833586 0.94099058157463955077 -0.0027783972479200405581 -0.33842134373685023307 0.26265199902791525055 -0.62461381168535856645 0.73543967370449803145 -0.21342598903258708232 -0.78092884871839884919 -0.58702596232602866078
-5.4603574741861189423 5.1768070101704788399 -4.7742196744838567568 -0.96759828341390796691 0.010357772744025344272 0.25228214062502291037 -0.081061009843248640894 -0.9590112095996523589 -0.27152644907155304432 0.2391289915877160277 -0.28317877110760797388 0.9287772117016425133
4.8993040548825499414 -1.8124689987069315666 -1.5369350193251296588 -0.89773477140575408395 -0.0094034558711096997985 0.44043598311979398341 -0.16903702816961441169 -0.91589153615919660645 -0.36410050411873678966 0.40681539218251810963 -0.40131567251923949691 0.82063814661146949891
-0.17927318272121919862 6.953363040394835437 5.381684210837811122 -0.96898662446217065369 0.0030377674893716614946 0.2470945033422291548 -0.081229191736571101923 0.94044312109007544009 -0.33010385396747998765 -0.23338110468307637912 -0.33993750596694316535 -0.91103005000594694529
-5.5282208613835202016 -5.9834871038932915255 3.6193977694996730676 0.91983332829390151986 -0.0080867919232167732868 0.39222602151861341024 -0.28398120367955492771 0.67606405601638530634 0.67992063369153254992 -0.27066829167196687633 -0.73679847716940383151 0.61956975388105950397
7.228264882578049999 6.7079668496086792828 -5.8022807215253848767 -0.78639240686819911197 0.0043436153572038683698 0.61771200038978479885 0.56410141242290146035 -0.40247789697512736939 0.72097235657751457261 0.25174705345335324225 0.91541939866501165213 0.31405532255552587317
3.3992159532026158253 3.6461815907921337754 6.5616714074076929464 -0.91425881377824314011 -0.0064227797819313078853 0.40507970737722626131 -0.29665075138464008786 0.69157987935581988204 -0.65857087862511032306 -0.27591511943321361811 -0.72227142984482528565 -0.63418832258099000487
-5.1458617810483646693 5.265220609236416216 -3.3717109731127932193 -0.99476148159316113428 0.00037135202562530150033 0.10222258476572698704 -0.066414096702040237297 -0.76253648124915929252 -0.64352721972211923696 0.077709474954812868264 -0.64694511116616615354 0.75856658286565792348
4.140744649334712868 5.8163443150841089846 -0.54210259002137772821 0.9999493129782913714 -0.0028638433667217142245 -0.0096524543664083702066 0.0093671644087651197152 0.61612464791933663211 0.78759296242235854457 0.0036915721669899884128 -0.78764345780777145212 0.61612024448757640727
0.055308663392779053303 -6.9802289384529991878 -0.16802259118135140503 0.98597783175158970614 -0.0022598596927862254352 -0.16686104497095413657 -0.07227316647635018132 0.89548327204005184754 -0.43918822719192079918 0.15041377829882132677 0.44508943205906625895 0.88276332771999810323
5.0265588084886854148 -5.2734018884618709677 -7.2223555210267651461 0.82255430593234046821 0.00038144462144605714628 -0.56868644110110144752 0.048038216853776606607 0.99637900508330268234 0.070151321803070015859 0.56665398923301846246 -0.085021954395355897605 0.81955751705247326111
6.6047523298212018616 -2.5285765879821111568 0.35574350770488205598 0.98130541822476280434 0.0077888167066037751127 0.19229927326215415229 -0.015832229195044910525 0.99906111794441865293 0.040326456953107867043 -0.19180463154351307109 -0.042617096874211113366 0.98050740250777601581
3.8573650166648305593 0.12858277647214805262 -4.5780396056687147066 0.88032133643849219684 0.0024584007232636194765 -0.47437147983104388516 -0.47413120669568525889 -0.027682462841082881855 -0.88001890893794110227 -0.015295209985479459036 0.99961374416171833168 -0.023203858182728326343
-4.0267505010797410847 6.7244177436380505597 -6.4620693155300523713 -0.9997371713947554861 0.0064266104024263597319 0.022006517447218681971 -0.010729364989995689508 0.71713453678839211847 -0.69685216285246642798 -0.020260031054552367358 -0.69690512612834820683 -0.71687709986970982179
1.9617772380841862478 -3.6131654413379106217 -3.4203024255090053174 0.53895585177041105407 -0.0049365547098625126368 -0.84231954760057858866 -0.41464242984879817744 0.86888173496773424276 -0.27040004809242312867 0.7332109145474299261 0.49499511216463787378 0.46624199051731757271
4.9761265366111242514 6.7530356979696177788 7.2378160645795928119 -0.88614295817046240256 -0.011604757334362085161 0.46326664815422563537 -0.31798329156252608252 -0.71197833044113933987 -0.62607785719457409446 0.33710129630708074444 -0.70210553807062714426 0.62722446495543315859
-2.5858083567542693437 6.7894634968432763245 -4.8078307712663237439 -0.87716257802731389948 0.0080438476477205315268 0.48012613782576185617 -0.30269674125129458764 -0.78545302151944029756 -0.53985019572277714861 0.37277405293868631775 -0.61886900673802980322 0.69140484374539201706
-4.5670645429883265365 0.8331913355733017168 -0.55501092340349933441 -0.90351390140220211311 -0.0037656861207593260096 0.42854223780298472679 -0.014286813371036105255 -0.99914092476586569003 -0.03890114936170283727 0.42832057729788580724 -0.041270232201903497837 0.9026839153310036723
-0.074831179140659259685 -1.3611619156799430463 5.9585350589133181387 0.99853564866946453726 0.011600639563207483518 -0.05283922310202007061 -0.052692580527589495676 0.42972889525634533348 -0.90141919689950034122 0.012249501771270496567 0.90288343751748367794 0.42971088881118019165
-5.8738347300684488062 -4.2765998212788565169 -2.8440074459515654048 0.98219111810518533456 -0.0043627200456735687126 0.18783390053199164327 -0.170931114603961265 -0.43575677168003795758 0.8836846666063680189 0.077994625298802897073 -0.90005388872490343921 -0.42874215539848981038
2.922080296284156109 -2.0329499779857860275 1.2587852209638537015 -0.90957376728717909131 0.012361120148650928119 -0.41535859756569337708 0.2832351284247111578 0.74984026617036803053 -0.5979276187430208056 0.30406154621938308313 -0.66150342246903104382 -0.68553613921699974032
3.9547970391930498124 3.6934569838490229898 3.9595434333969183882 -0.70062837260301780162 -0.0024722115945174610689 0.71352208912794645723 0.68370248880624839849 0.28376430784498768434 0.67233081469868016811 -0.20413424578893440975 0.95889087270816875108 -0.19712306798822976095
2.3838621224560023748 -6.9365506176075664158 2.1888416855724099896 0.87343311230698061909 -0.0096373264063539920005 -0.48684876529107340426 -0.47960581733407237071 0.15589448605651734514 -0.86352485152218905196 0.084219108906427128658 0.98772669861499928778 0.13154128833988498748
-4.1847762231083986961 -1.3987172984304749868 -2.9013018448086649315 0.97672509385293060369 0.008222636282745172942 -0.21433730261121444749 -0.18313220330081567133 0.55221387438028934902 -0.81334029351564596233 0.11167223089153756332 0.83366193699516888405 0.54086697778032821748
4.9537591742435624909 -4.0692362265929542531 -1.0159135109480492698 -0.96673701271596601536 0.006545690792088363491 0.25568868214496481839 0.091216493494582162604 0.94276244924062679864 0.32074680920682624441 -0.23895417878647171039 0.33340083718231644516 -0.91200042884125287479
-1.0606383122023532728 3.3208031483672093565 -0.32269311467123518167 -0.99789738238465364173 -0.0031403630301664194578 -0.064737565214389114487 -0.046284296033704368234 -0.66468072368870034783 0.74569249660782777056 -0.045371556844727094215 0.74712092306175248435 0.66313780479837347581
-5.3873048871186766107 -3.0701208168965128387 1.2378493893717716912 0.99988281389420807788 0.006973941777298357618 -0.013628008477704367865 0.0070467893717523245878 -0.9999611004705022399 0.005304743671177857868 -0.013590483381087148373 -0.0054001557342583036969 -0.99989306282198020526
3.9100483861249117901 0.27077151482220002121 1.5496596175021355446 0.99333902933060880258 -0.00018386811326659641477 0.11522820401742193963 0.054022971596206025013 0.88402828556323986842 -0.46430109720316170563 -0.1017796214792965892 0.4674333712055651624 0.87814973218402114785
4.2856094078996944674 -3.0040980980951426105 -6.1129114424022290564 -0.88271248650955658199 0.0047713814496846097477 0.46988924235290713272 -0.16627340758156902711 0.93208697979073029671 -0.32181829661450866986 -0.43951316259151052002 -0.3622031143208474524 -0.82197146172182189439
-5.630998456907589933 -5.3004940563832203537 7.3059762957440295139 -0.84535183488627418935 0.0031792170591121325304 -0.53420049404086389355 -0.50681359019076799299 -0.32089660846708145669 0.80010333799604049787 -0.16887942459794644257 0.94710889513999452216 0.27288180718813048742
-3.6978772461957034601 -3.4537856718941086775 -5.6376680444291444871 -0.90365631385747813287 0.006837212564001988839 0.42820382874272799878 -0.0965003514097793752 0.97090698103136163777 -0.21915135491807033463 -0.41724447102792983078 -0.23935932551077515607 -0.87670643016217120191
-3.1443001808456743085 -2.2126518518174393968 3.8173536958338369907 -0.60870097553204105534 0.0027337012534069931452 -0.79339501464505968187 -0.70030635928764550791 -0.47185063775203356373 0.5356565866247464669 -0.37289961856744024971 0.88167426101165868868 0.28913037187721657428
-4.3573113739821787149 -0.89784185232842306235 0.78374705089452956219 -0.92747780562460147014 -0.0020435284576732614531 -0.37387263080532440185 -0.17590799993803840628 0.88477435456283692883 0.43154457135482515717 0.32991104199715959311 0.46601519878584990453 -0.82096804984658222626
-2.2915250479974300646 -1.6535303252307420596 0.68446453328089928991 -0.35460688818578883774 -0.0051276069192453315945 0.93500142379483275334 0.93491287315590809737 0.012869928204766175467 0.3546438841363027672 -0.013851875629741990797 0.99990403169268915473 0.00023010052543444813045
-3.4643736492706596053 -6.5363536135787949632 2.0418984685651984101 0.33566996068472870762 0.0082644260069451771361 -0.9419434042216265901 -0.53110333831451750353 -0.82420811170133478907 -0.19649486669319884968 -0.77798131180962992737 0.56622671066317231681 -0.27227264020929586863
-5.708132015024449224 -4.295065545582144928 -4.7697759342339676181 -0.97965991048388134654 0.0017627180312919884554 0.20065730142687171478 0.133796393450658746 0.75097740893454256739 0.64663085015304533343 -0.14954927245018215243 0.66032554402742416055 -0.73593830652740921394
-3.1261144596742007629 2.1322445280520128108 -5.7185492367564600968 0.93298131860354549527 0.00059325947102344036427 0.35992430757034399313 -0.15420143694023527581 0.90423409779875041359 0.39822432525356193933 -0.3252195811791770419 -0.42703670149221917285 0.84372500235355540887
3.8257524956020367846 0.73157995206264814225 -1.5133581306995473881 0.80092319436881431738 0.0013821171961939208994 0.59876550207406642468 0.59295781443595496629 -0.14079093269481524064 -0.79282970653861595256 0.083204969931460329158 0.99003838462096283024 -0.11358226074405911032
0.92644159310892426618 -1.8707691109050446077 -6.372330467938215115 0.29430969327242817446 -0.0019665464050432198903 -0.95570808155054043365 0.42723339445634084255 0.89478658628996754487 0.12972506179130013915 0.85489966142651308001 -0.44648975093574300166 0.26418454005130576068
4.7595497422866648307 1.7291380679729313474 5.0784179191216267668 -0.99741226594038223663 0.0021964285158526629382 0.071860611278760422316 0.06946355642957098564 -0.22826250070491355126 0.97111845060223112025 0.018536075089857655118 0.97359714793837415225 0.22751924632115905212
-2.0215632901194040549 -2.3522808008649063183 3.3137352490838360985 0.45208990378749142058 -0.0037634207437253442904 0.89196443626290256024 -0.87466756958897606822 -0.19789124085107209772 0.44248807837486064942 0.17484668027408972746 -0.98021675840540667402 -0.09275637411200142457
-2.4494122062936796169 3.1143157339974973929 -5.2379427760678547443 -0.86926207844191560881 -0.0028695947766078679086 0.49434320507994827798 0.055160633726829895462 0.99317548356195661796 0.1027607091174772419 -0.49126443334492087001 0.11659427206044872816 -0.86317149643215107524
1.6077710570430001624 3.8292165723010098688 -7.2174161166023687031 -0.91900840314813481147 0.0016432021476546531183 -0.39423451755250227269 -0.33511920901709546516 -0.52996476208737353097 0.77899452289054138543 -0.2076503568282325185 0.84801807223220138088 0.48759273833463623316
-5.0739348868595586239 -1.6194039207570678496 7.4458618729493295518 0.95119701505875808856 -0.010820850046954186979 0.30839446776440448961 0.27035221770519135553 0.51104604772599648843 -0.81592990843930324196 -0.14877471870350122973 0.859485221692650736 0.48903091596215209069
4.098590055071851701 -2.9019303748488756156 5.9600879657154077762 0.95162899528334388144 0.0019204886829923949881 -0.30724349799356659441 -0.13960053354342805143 -0.88810038092164278467 -0.43793767186793741697 -0.27370412194647197879 0.45964554292404979918 -0.84487397196238234187
-6.3009663223117833297 5.0004557069336623698 -1.1323000381013998972 0.69862820475696763012 -0.0050650719667421854192 0.71546696399212983408 -0.71483957322719049454 -0.047402578437078631002 0.69767999835594685099 0.03038117947836092847 -0.99886302394446202513 -0.036737492157409915028
1.8230941598347656374 6.403268199431516372 -2.7889418278169739729 0.90260813101984604945 0.0028175403677080448905 0.4304539734781369642 0.42546140401556759025 0.1461577994034139738 -0.89309601464044496844 -0.065430539581451188647 0.98925727651586281564 0.13072446347271299283
5.6417324208920556217 -7.3416821437982724419 -6.2396285934978248378 0.99359428481969513935 -0.010502506473022458003 0.11251708550856617808 -0.032957971954958267813 0.92545462154033497626 0.37742219801480730856 -0.10809333586387548376 -0.37871287386022139954 0.91918028150863984038
6.5073949423707535544 -3.3528861416802593354 -3.8058116731805955446 0.97444355178616148816 0.0021321914679220911257 -0.22462239011694112856 0.2227953162851629143 -0.13680191470650351904 0.96521887837635700347 -0.028670741596812703011 -0.99059612854690193284 -0.13378078593024358978
0.070989049809268262026 -5.4360003326377857036 -5.3075633475044909915 0.95168992794616380504 0.0040760035709756572975 -0.30703365815606964428 0.29825234395879895999 0.2255093639412941442 0.92746485976446924049 0.073019315039727750172 -0.97423247378116428763 0.21339931270140483077
-1.8806540288362751934 -1.0772699484916632429 -2.7869102486189460954 0.7445519747381217357 0.0046837071826892635179 0.66754806553570089633 -0.38994309447864128337 0.81469300118966814228 0.42920822089159360591 -0.54183645132262969746 -0.57987358682695200329 0.60840766211358632276
-2.5927695692082770584 -3.5320713274346071664 1.2668778744252429114 0.98725584116845910287 0.0026734106400059208519 -0.15911868826225605833 -0.018694027359693124457 0.99488470487515912044 -0.099272137815736599675 0.15803935402239566166 0.10098156703569524661 0.98225571298879443827
-3.9715236827706523748 -7.1546990894743140998 -6.7273459202280738722 0.83265024479370608468 -0.0081565138560146886043 -0.55373914538051527412 -0.14648414791163791304 -0.96752276687581895143 -0.2060147809932391938 -0.53407486765026657149 0.25265226470145890625 -0.80680286866478534424
4.7885256286129314063 2.3847653158641159976 -3.0852298101497699356 -0.99823251528787193543 -0.0098033827710557325252 0.058615178138407095232 0.018122959376237059853 -0.98953664465982116294 0.14313904854543599288 0.056598619818892866029 0.14394833295767670012 0.98796532007615955884
4.6267226321211349926 -2.2768257986296100981 -4.0052976439083352034 -0.98584309591355900881 0.011779189372003924866 -0.16725621344910859833 0.14744190617282687539 0.53589186202210981058 -0.83131269479225355923 0.079839054000660658605 -0.84420445563634183284 -0.53004203846486519502
7.0980672654269767463 6.9618379551500773061 6.994500235888783557 0.79964774898343293774 -0.013278635552742650699 -0.60032254279149954712 0.0037692655359732453284 -0.99962476285952750477 0.027131644167252683825 -0.60045755069202355614 -0.023958533255644672705 -0.79929764074545184283
3.3940158381487663952 0.22803135235944696491 -6.8966603831310155925 0.94745629970731060077 0.0082847092098453905401 -0.31977792878547173228 0.31946971305677185349 0.026429753539770256543 0.94722783456109060918 0.016299159010096916922 -0.99961634226390616575 0.022394322816908895923
-1.3723955060498751468 3.1672751596240731331 2.0970814015645156125 0.96596447607301227922 -0.0040157327459598279179 0.25864358653457841797 0.018384547088043531882 0.99841676808614610028 -0.053159812196746654422 -0.25802061815547500112 0.056105535332442564578 0.96450895771461553352
7.2390428598116534076 -1.3074893535885547813 1.6272978689514447925 -0.88058965541487110862 -0.00028174066110690191168 -0.47387949881630886395 -0.43267873826726060971 0.40831149130199745345 0.80378531681177611823 0.19326398585260304297 0.91284261879739558854 -0.35967677862137270584
1.5674632584086274356 -0.69608866844654626593 -3.2496284220658178121 0.99365897104246592164 -0.0089274322331890226812 0.11208099848129489395 -0.11239217052161185051 -0.051041670147908398125 0.9923521289914979393 -0.0031383550286459959561 -0.99865662209898320434 -0.051721386925371398702
2.7588214450875905293 -5.7840201939145581278 -6.2253276874507212924 -0.95105546549443109594 0.0016004077599094963108 0.30901608412570452655 -0.30290305966151764849 -0.2028123966761709307 -0.93119110187020404101 0.061182007167603226494 -0.97921630421961070034 0.19337060673606365491
3.2250153853818734895 0.82856263675921526524 5.7686355109732607716 0.90234062343023113684 6.2865988446513714274e-05 -0.43102365985566931661 -0.17055359494395222475 0.918434364093671185 -0.35691706334042733184 0.39584450300489998353 0.39557340014178232757 0.82875135869639637853
5.4277124430567438296 2.8523839708514300284 -4.3760226654958955805 -0.81839813889689372317 0.00055008733184586490819 0.57465135835039959922 0.16320415266979093616 -0.95859975298197397375 0.23334720511321341285 0.55098901150693491147 0.2847564064016261387 0.78442647725064429398
2.4275412500345323608 -0.25160199998964627444 -1.8391170399161493876 0.91181181329804672497 0.00064580728540156347173 0.41060784218398677092 -0.018519832491303837851 -0.99891640531281533644 0.042696967122425606711 0.41019048372013527937 -0.046535987471091500023 -0.91081181861883553363
-5.5298834918396586602 -6.0451051619729838649 -5.0329721303820251777 -0.96296076839861988184 0.0043625618594856216056 -0.26960624358366791498 -0.08978343252433282351 -0.94800050933536705866 0.30534238085154358222 -0.25425478121249461827 0.31823890766838547339 0.91327898469009760607
6.1275274175962950451 6.5988699091980818068 -6.2218760379107678204 0.7487995277925509896 0.012612015507362722005 -0.66267654571628065163 0.55290115704005848851 0.53948463740619034823 0.63502491017795381634 0.36551275999808269246 -0.84190098174764749217 0.39699264377447585073
1.4906008698032799931 -4.5197434235672444558 -6.9185737373253379801 -0.67358093483326897388 -0.0010776226744940596482 0.73911268623836012814 0.51489881176435470245 -0.71810058682107991146 0.46819948830676166862 0.53025271132993334611 0.69593849292623743974 0.4842537312099928215
1.25656034748171197 -2.544519761307701966 -2.7155291845903142267 0.98892373918401288435 0.0096377065867098345858 -0.14811128481713406457 -0.14265535169201831733 -0.21379316933441747106 -0.96640671116222154335 -0.040979125320897695495 0.97683140580030614064 -0.2100502700075661533
-1.0848169864789023453 -3.7463327347201960116 -3.9303547596338419545 0.99835026241326119134 -0.0068213297484942224391 0.057010727060062195426 -0.054491486630532284807 -0.4254804167247301927 0.90332557412522318518 0.018095066295981995785 -0.90494192324381050874 -0.42515019008762722219
-1.2499851633250791405 3.9738523260143598925 -3.3601648706992226501 0.99445202342282257302 -0.0019324234544551739667 -0.10517337519435848714 -0.011548868686513827017 -0.9957928470911965313 -0.090902306429120560693 -0.1045552329739594527 0.091612616061673105006 -0.99029052900458547359
-3.3881134700663690928 -0.56745386677995501845 -0.16528324677705152901 0.99303859341230404922 -0.0005700180136082552999 -0.11778805997655859839 -0.11058086662998152516 -0.34896692490705660816 -0.93058796320195880103 -0.04057368517852037032 0.93713486777537491346 -0.34660065734304645879
6.2120812141771750703 5.003528098202757235 -3.149028642586158 -0.9803754657946064377 0.0081608487402775164304 0.19697042066176029262 0.10982489849937358828 0.85234756207671913408 0.51131411587341046854 -0.16371450069382464942 0.52291207097334324594 -0.83651690257445632248
2.1633422383076519324 0.2645498976936727642 0.054476290769641944056 -0.99801472556018011595 0.012271043714519858786 -0.061774015987711893005 0.013839858446618450577 -0.91413123078979185987 -0.4051821210429659148 -0.061441564785360877621 -0.40523266697153603744 0.91214659991468816091
-3.7364203949955334672 -5.7334800244498289601 -4.9231462429934333969 -0.62997805036714149551 -0.0042868687088243855737 -0.77660110662577952478 -0.48027906814400239677 0.78798016512206880968 0.38525222397426350796 0.61029474252893944897 0.6156857007686359351 -0.49846910146023404309
-0.7163483300623691985 7.0698470249544227428 0.43642796306516684623 0.96274406851946703334 0.00069141296025390479307 0.27041335114737025114 0.13102782215216537964 -0.87595632489433861156 -0.46425448484589493248 0.23654929370572960745 0.48238992405068237268 -0.84341235040855966343
-0.28578178094407274967 -4.9439723316757557825 3.6996708465644547736 -0.99034551450375973847 0.006280489921097176173 0.13847858083015307518 0.0694010536810956008 -0.84229476815197157347 0.53453065140540989564 0.11999689850295462701 0.53898059240598927833 0.833726972911060904
-4.6783947296092378565 -1.1488661467839957897 -0.77923470881690437562 0.95681213317615310121 0.0030902775164934823127 -0.29069054334766664116 0.10191106271001985906 0.93292067623456376158 0.34535944630379888931 0.27225847480693238234 -0.36006869072277802868 0.89231488884637388814
3.9315611959340692749 -3.925291643664114094 6.2023862461475376406 -0.9079590450139523039 -0.00053402362610671433221 0.41905857275100832915 0.40107221486436156477 0.28872167907207785253 0.86935658420324957163 -0.12145555170974040027 0.95741292390091714548 -0.26193327796661763918
0.59393413134331507486 1.9844946530515141792 -7.2137139815299882173 0.98207606877592124039 0.0059296353385108208772 -0.18839170513148464914 0.18848398973746741114 -0.034167525162642022052 0.98148171956329810506 -0.00061704963704688284981 -0.99939852894086500523 -0.034672750117838407879
-6.4400766655716878972 -3.0949633459638685729 -0.635785260662243501 0.64268883502862461654 -0.0061923179915330797338 -0.76610228855381534707 -0.66705253882024628798 0.48730912848225227396 -0.56353413716590927685 0.37681822113984131395 0.87320757468983145611 0.30905753464562124577
6.5190040883670743455 -5.3584823671058554595 -2.3259135848781160583 0.91679407991707306813 -0.011756895940209604462 -0.39918716215191735186 -0.32911730646436948566 -0.58842496894150009279 -0.73853764596797621955 -0.22620878323952911537 0.80846634520189586404 -0.54333392592516693842
5.9092696081695263999 5.4443377476193894893 1.0771899490320473447 0.97964121964029915457 0.00080460234294350146955 -0.20075465971358108508 -0.066997571032734723473 0.94397287443601518575 -0.32315095204055871436 0.18924694517309628705 0.33002206735921224556 0.92480864442246535351
-4.1125877004890520894 -3.5557023951543418328 3.1856783930419854123 0.95227545082521214415 -0.011729791466861334143 0.30501455333763372035 0.11381459575120288219 -0.91355373216009227999 -0.39046871353576151353 0.28322730014882641081 0.40654887830181574149 -0.86861977067186801893
0.50988383000451786842 -1.5771670206077474941 -3.5122275404049885239 0.98305724871482047522 -0.0025254582900464039516 -0.18328138969791016311 0.060085433223280540482 -0.94021743800419288473 0.3352326207087524268 -0.17317097465669228917 -0.34056539949511627219 -0.92413582454273934808
6.7190686182261520898 6.2715392422382301163 3.7577106325209737037 -0.71620056570902812521 -0.0038425256058049975932 0.69788393352689759297 0.67915173275148532639 0.22635705778063769378 0.69822303477725244925 -0.16065389375515504167 0.97403681521282092781 -0.15950739491139270809
-2.0594349614828511008 -3.17819976934212578 2.2708103922393911844 0.99998084817551557979 -0.0043915799314959303584 -0.0043608838210844290406 -0.0048009565701278011929 -0.99509656762144749198 -0.098791557959059028704 -0.0039056494987941073327 0.09881060233439400986 -0.99509859349118956473
-3.4555979160087799684 -3.0683841712179500405 4.5269266213933674337 0.75587795530675450095 -0.0015612388947098799173 0.65471068359570694373 -0.58814409232132691674 -0.44095122570838579668 0.67797385142329169572 0.28763699926941183049 -0.897529709301816081 -0.3342235443110265769
3.0337399373881503983 3.2290960798246786112 -4.4434727625915177995 -0.99954561383136397712 -0.00075245132901218089901 -0.030133033161700149838 0.029440936575642201456 -0.23878836701610733906 -0.97062523510952480876 -0.0064650695337726479806 -0.97107134114582605022 0.23870201775679728007
3.165604925604875497 -3.3246242617233292549 5.2983593209859005668 -0.87332909969570060582 -0.0075429800630756873789 0.48707226063116276782 0.21609235354865896639 -0.90211509066732309403 0.3734868912398303098 0.4365780323864624779 0.43142956162277457111 0.78947334026913285054
2.5072393973585160865 -2.6368853440356203599 -7.2715602564160368715 0.99995741744572474996 -0.0088795071592333539579 -0.0025134931871510857518 0.0091459831418386761115 0.98987924816173122888 0.14161717781072097333 0.0012305640020864030623 -0.14163413575590169668 0.98991830839769490158
-4.6453299088051345223 -3.3581764125717232794 -7.0496007416272252755 -0.9649780425680178908 -0.0028286568011493102258 -0.26231541331422619789 -0.26198124847299714135 0.061984413457550582849 0.96308034864011649034 0.013535243256883627838 0.99807310914026647897 -0.060554653008249567647
0.83070826236341133164 5.9308354505633982257 -0.61638251109079200685 0.78206138200763319901 -0.0014207853947791459354 -0.62319978830316302698 0.54251290686878750336 0.49367360449324759752 0.67968089432288891771 0.30669160512336074431 -0.8696461082507723761 0.38685385580527237304
6.2900537014381292522 -5.5263370688847315293 4.4561673463607540668 0.99863434643279835878 0.0057063448361488414845 -0.051931490961930372452 -0.04908699820334156555 -0.23782202577945193989 -0.97006760107814637983 -0.0178859926284428844 0.97129198580181796974 -0.23721713594284540849
-1.6684506849863258715 0.26430962395694757028 2.4692427183870502283 -0.81486379781726636651 -0.0060501968445731317894 -0.57962089862671473117 -0.2321742935465701263 -0.91282244632265530093 0.33593195576725470852 -0.53112342108301535681 0.40831186194825169755 0.74242126516523665458
-6.9349438886506353796 -6.820212881199819499 3.0155995526530987583 -0.94420464415939397984 0.00059050444018113323885 -0.32935883357268980198 0.32915743109994149984 0.036703668806927242096 -0.94356145864894480635 0.011531500315092316905 -0.99932601887498062609 -0.034850143469736326318
-0.77171403921830206141 -4.0747744160571430783 -6.0133280586346797847 0.9990968863128952826 -0.0022228304712009279605 -0.042431954757015548363 -0.042446344983557975084 -0.097540486004173546086 -0.99432598346197276218 -0.0019286153947868517073 0.99522907544688699044 -0.097546746885275703587
-2.3525378321943155591 0.12972852413915739178 -2.4753262797365227499 -0.9850829861971449608 -0.0008435147847663834568 0.1720778858184168203 0.11809108908028874418 -0.73066408596023790789 0.67244664336119319703 0.12516391246989974628 0.68273661244337602305 0.71986437128423130805
5.1001669358584651448 0.71181507599368853967 -4.4775641156363841233 0.64452329207641045894 0.013084970676715403787 -0.76447270030613090341 -0.61751470420025578179 -0.58067103267764319519 -0.53056266538979879321 -0.45084954925949194404 0.81403312914865733063 -0.36617584379788559179
5.6468413038929501369 5.6155149414558573895 -1.7308013972986531215 -0.91598513679362536521 -0.0016407703360446991743 0.40120884467563772136 -0.39529539054600654202 0.1747950293647423381 -0.90176951152851514415 -0.068649715121962731623 -0.98460347632031319787 -0.1607582378342523044
-7.2462045440048177269 5.1299736707912293454 -6.293308385422959006 0.78602812768671692645 -0.01121918446093910296 0.61808891948098376723 -0.36755694730391424985 -0.81239391024292328947 0.45267872170972461854 0.49705298809461861964 -0.58300108447598797401 -0.64268815340416007853
1.2008204450786483797 -4.4150373251025420984 -4.4015093370583322496 -0.99984326620122632168 -0.0048150803475251703276 -0.017036960800176408071 -0.01633326372280752628 0.62218426980670704651 0.78270042730360289696 0.0068313635696528249297 0.78285602086606898009 -0.62216539847980589784
3.9327254325540752511 -0.1006858183686628605 4.6462971110590380874 0.85143725802837255667 -0.0057791114988323963667 0.52442463472972389305 -0.48708077002210653506 -0.3794368127830788362 0.78662572331436175777 0.19444001418387482638 -0.92519960385603938757 -0.32588153354999710443
-6.9577596479879160185 4.1019907848874499479 -2.8589140217773123531 -0.96494405770662539101 -0.014714861083994319399 -0.2620428177986970919 0.038733220753357236465 -0.99547857133049055811 -0.086730338589309619035 -0.25958178500557393953 -0.093839687153315573531 0.9611510859423562092
4.6213183521285081667 6.5055182199318579706 5.2606821434331019205 -0.94530634547433856074 0.0082340452659130404511 0.32607991919866902153 0.30946678514740855181 0.33856823769641458677 0.88859544074553564741 -0.10308356850912685221 0.94090581299180375829 -0.32259886698770773306
-2.080437627182646132 6.955698736276946903 7.2395294883932219676 0.91438924392022113974 0.001722472541271798498 0.40483248843367058978 -0.34335306496235551421 -0.52648619565825260924 0.77776664788495730729 0.21447839840882373941 -0.8501819328060167269 -0.48082189815602133232
3.1698795688497440892 5.6154656331124233049 5.2562900268601167042 0.93584992691326651659 0.0068411780762475940185 -0.35233238934133764841 -0.3262144397062081147 0.39501296872785723879 -0.85880666850217635133 0.13330061374040710898 0.91865007092985029313 0.37190454898684421892
0.98088601408395081904 -6.4307186097539901226 -3.4790268302828528668 -0.7437613535244939067 0.0033620127565872543786 0.66843679272894540588 0.64765620639925214341 -0.24382729841166070339 0.7218654215723080414 0.16541005808591954795 0.96981284040755888487 0.17917189306509126445
5.3522440281736010093 -7.1097679699405267328 -2.6457965911037679696 0.9525461917766364639 -0.0032053113000302464915 0.30437719775195382077 -0.16265140211938586279 0.83986000289813789177 0.51786069258109634905 -0.25729413891583352569 -0.54279360857647596106 0.7994840990088289967
-3.5404993581296673177 0.9034158391251003728 -3.1667976001015305521 0.99388161011337461392 -0.017701679441144813065 -0.1090229132941236273 -0.099795933798630123701 -0.56689826511135765763 -0.81772069107423805967 -0.047329870858074794826 0.82359760050565034017 -0.56519631612903586948
6.8894375928776669937 -1.1525928730639269926 -1.98092476508204407 -0.85288956300584772841 -0.004750613967267840361 0.52206975107029351957 -0.42428364147464819878 0.58901842362390866015 -0.68777953459563168082 -0.30424132673374004732 -0.80810564179356991765 -0.50438327372023528117
-6.2366657466587334113 -6.2622259157584414524 7.164085037334467998 -0.56524319626434993413 0.0022167922232677102906 0.82492133861906902226 -0.029204390205790509843 0.99931575128675376174 -0.022696537687133616634 -0.82440720076279327966 -0.036920388168537543461 -0.56479168926950107377
-5.3228487227124068326 5.0172920592547622931 -2.3361482033932832181 -0.99993916117254666442 0.005665477352547474213 -0.0094644767436512199088 0.0017338382995932492131 0.92808234121801980177 0.37237100011152862722 0.010893473202534019809 0.37233193562424193868 -0.92803570079817443439
-5.1423501503346908947 -5.8649289166558080666 -3.1842660732889020991 -0.81694844933173038637 0.0031139164124017199714 -0.57670229291995789289 -0.41363213222765782273 -0.69999380659118792813 0.58216589553386088873 -0.40187521735408904267 0.71414212469122018145 0.57314687072175285465
-5.1265989337494168865 -7.1120384000864627083 6.1533931313054015533 0.98448933334687249719 -0.0021959511124485988492 -0.1754306994940265374 -0.073228661821599122517 -0.91379974233513783233 -0.39950919137884011167 -0.15943122534207640473 0.40615909285283285923 -0.89978690570534369808
-1.0160275356079466746 0.26154197297207337769 1.565520134904429872 0.72360173784550307907 0.0011359279676847622992 0.69021680264588702869 0.037439452786027872799 -0.99859101097942826186 -0.037606916468555406929 0.68920157600090692362 0.053053769506448592019 -0.7226247194630769366
2.820338007413516479 0.43978345320820749764 7.0487322737212823043 -0.99559308210550023777 -0.0059563160011569301483 -0.093589193624593933207 -0.088596949414979975224 0.38688082177848398535 0.9178637209816998821 0.030740777770911689032 0.92211048797829009427 -0.3857035811893858579
-6.8735600239735221706 6.2504638512465033884 4.1504198587010980859 -0.85772545414359147031 0.0022099561326522614707 0.51410325948003998686 0.44225899766455845086 -0.50670393739343744244 0.74003925491467037467 0.26213360009515757065 0.86211729823953175966 0.43363549183304128665
-3.9616757948696204039 4.5684818386314240968 0.15929213914060427748 0.78968137649220104812 -0.0032803831456573373168 0.61350840475732271173 -0.43734556758270815013 0.69829688571949755094 0.56666596325366247466 -0.43026988987981951151 -0.7158007393687864095 0.54999738488644311918
-4.8503785192433888085 -3.4566752800531030942 -2.4615732554555447287 0.2223005492996318333 0.013375716901540709441 -0.97488643234922045533 0.92805522708096621631 -0.30936743649665798817 0.20737715574129114704 -0.29882429832422535698 -0.95084850498544637443 -0.081185955055075031961
