1125 14.717824617146108679 14.977075390850430381 15.033177056927090831
-5.3329423870549890196 -7.2564778404138827739 1.1512905633275907213 0.97143985507312380356 -0.0049078206882428310198 -0.23723516027676103124 0.047263515093447901194 -0.97575042468669004325 0.21372241076883005673 -0.23253121965977208152 -0.21883103532163813987 -0.9476508902879660079
-2.6908046683358302076 5.0374515841480524969 -3.9979264773908012032 -0.77502744322222250073 0.0028977125028861227055 0.63192093296128803992 -0.30151678887719823852 -0.88051473496822141307 -0.36576143526758381208 0.5553558213232560048 -0.47400992053555901506 0.68329679273090004887
-0.32104342714463351971 -5.6228493806546211431 6.625434769508848909 0.99851374801313119711 0.0011030462663645193046 0.054489249559747487961 -0.053795730835634138212 0.18020388583926696957 0.98215710498485775393 -0.0087358097794460638774 -0.98362866103900015169 0.17999539663593791539
-0.58197963025424881423 1.5437400385193222885 4.7132029342031955821 -0.92882057828227160279 0.0022781368794373476477 -0.3705227974791217016 0.36956676062445981135 0.077746025916385436139 -0.92594598378939152461 0.026697243321420177642 -0.99697059412330024664 -0.073054032417683906209
-5.7981925688401387831 0.95995191339291863208 0.58660429881168540955 0.95244024933049287185 0.0099709192848928505926 -0.30456223046194763615 -0.30268185341014680612 -0.08459989340836979177 -0.9493295284839486925 -0.035231620336616489841 0.99636511320094656163 -0.077558327241875765767
1.4833737882378226214 6.34111051071342402 -4.0835954136618504151 0.98376462368519856927 0.010226932918449754828 0.17917191473182186856 -0.038951287244422649891 0.98674340388959469461 0.15754444484782587077 -0.17518550855473283279 -0.16196562821627394357 0.97112160560300908596
-1.2784479216274864388 -4.186711387292586295 -2.2693769827942338324 0.93732917853272390563 -0.0094147152393715387991 0.34831792116992882358 0.19262369495817013854 -0.81900320044488517102 -0.54049039751115468544 0.29036205539267173625 0.57371170529989490294 -0.76586209985227970964
-2.7377836778910689119 -3.4809358622955355322 -4.9330554852788131015 -0.94321720459399183145 -0.0063864222944135309867 0.33211521881460803751 -0.015674697089452956783 0.99955712045171862812 -0.025295589051776683903 -0.33180658346259384039 -0.029065040247656711431 -0.94289957821931047466
-5.7980806998141920516 5.890835718896387796 1.3983557638125598821 0.97667328158281641048 -0.00518692959562213219 -0.21466810849229647773 0.18809853430310866096 -0.46155184246878139254 0.86694223458473163024 -0.10357722932813846761 -0.88709807376357152631 -0.44980969875007809078
-4.6707795594589684995 4.2536556624667243298 -1.1156423764209333349 -0.99915108969956911711 -0.0081966180558740876078 0.040372210795856774967 -7.8348144663962886181e-05 -0.97962634083216260095 -0.20082884805071707368 0.041195798495282112683 -0.20066152546080959218 0.97879408375110188434
-3.7975665424612223831 6.667148461260719472 -3.2771843405168197272 -0.62248244603728675184 -0.0061514316903409152482 0.78260958610510744649 0.71471420631587623262 -0.41192975365406253596 0.56524108249917959235 0.31890313210402659871 0.91119484082312673934 0.26081555626836983031
-7.220446798981312142 6.5150253740924970458 0.49952126623353310109 0.98812041093487790189 -0.0047897528435757712878 0.15360700427234763588 -0.14261525851754305871 0.3438417923357767747 0.92813453221028352491 -0.057262042679240753029 -0.93901537799486733959 0.33907400129936737798
1.3573250241148979711 3.9438084813697913411 -1.0017803595420273766 -0.39825231829027785135 0.0039102637728007528378 -0.91726757318333629332 -0.59474185506149557234 0.76021058205949376685 0.26146127201355373604 0.69833889825394346307 0.64966497578530801871 -0.30043002916395711299
-5.9980734048952335513 4.4235473030637901815 6.626454465182898268 0.98343928288401338822 0.0066112822939154072127 -0.18111727644575784102 0.18047697647804170074 0.055754092602392529843 0.98199773020081337904 0.016590293609165529531 -0.99842264202322617006 0.053637580607633218721
-1.7065242741597994591 -2.5466621610681663412 -5.6231063689123512717 0.96733453212875297744 0.0036220421754425136118 -0.25347738313642231844 -0.049624884059874495301 0.98325804612674261307 -0.1753310742823412649 0.24859861993426335403 0.18218258845847548621 0.9513192054349141058
0.062149766322413459163 5.6577268035533698765 5.5910150172530732604 0.9493712583807343286 -0.0031462343981308511266 0.31414059745549477443 -0.3135643242895999605 -0.070850109284310486268 0.94692010040295715445 0.019277663068178976791 -0.99748201147856940807 -0.068249604270797417649
-3.2797183697878709019 -1.047060577527818781 -5.6939420248714647244 -0.99352904644316109017 0.0067498949442334546522 0.11337756741091477297 0.03041774469457426619 -0.9459550165462377036 0.3228681890163362378 0.10942940501286746446 0.3242276138598250701 0.93962846898621221747
-4.4541062241378961417 -3.7622131984591966614 4.677932736761943211 -0.69834167020762716316 -0.012272992274772541454 -0.71565933607566334373 -0.39262716767300326337 0.84256823886296816628 0.36867691826942500244 0.59846705745330319726 0.53844975301333852791 -0.59321922138719884732
4.5670362631975933709 -5.6800370943940912127 -5.0485276094901285759 -0.90771886835179382835 -0.010419768804545089663 0.41944950167578060052 0.35673813518691060986 0.50708470354462997776 0.78460372566949576623 -0.22087181563387589533 0.86183323900227704062 -0.45657322436767211471
-3.2098911176525861677 5.6575957706502038036 -2.7078865026269243188 0.98746726235480386524 -0.0099599992384051833777 -0.15750937810985249365 -0.044321044046895761992 -0.97534597622494312308 -0.21618480917089244464 -0.15147293762254421257 0.22045640175981665032 -0.96356365855681158639
6.7819273771785448801 -4.3019562611371773286 6.7921314582369332058 0.69293421831905954722 0.005140457209681934328 0.72098248576666046361 0.05312708103253946379 0.99689217368812288456 -0.058167923293965376197 -0.71904080714765050697 0.078610239403327702989 0.69050760163622504351
3.9000131713583754411 7.1259511723907928982 -5.4694695400392445706 -0.99713501357142231285 -0.019929777385426370589 0.07296964220115483013 -0.075021934365941941869 0.13726565485938660438 -0.9876891461183715526 0.0096681990865579194028 -0.99033375382712951485 -0.1383675610720989102
2.8980151936885176767 -2.6920313196979011039 -2.3416699277802957013 0.87750634554648065944 -0.011041256299109694639 0.47943790441004136005 -0.44503558184371555528 0.35373680105555532771 0.82268682162295347915 -0.17867832666223679161 -0.93527983311858176041 0.30549253565817130474
-6.3131069536748913862 5.3280266572777117418 -4.3343524910007085182 -0.68257549070608425357 0.012034528910839094318 0.73071599790981522915 -0.6715091388781296855 -0.40488247980171171436 -0.62060104250054504149 0.28838546407641668656 -0.91428953163840043228 0.28444415347464585553
4.8249267159038655706 -2.3843956158928594213 -1.35457103837218229 -0.94165202106158607531 0.0059119858060847092079 0.33653605996152152757 0.026992095403449344049 -0.99529919671029043471 0.09301040701756532747 0.33550394634984326281 0.096667251185118846513 0.93706592325838566904
0.87632102436683423363 5.5812116641339093448 4.4387190275920955784 -0.99587762252421552223 0.0021690781362183877631 -0.090681067789337099772 0.033199166141059090196 -0.92163080266462882317 -0.38664515896012424667 -0.084413128853947749786 -0.38806179750112357318 0.91775948101734972084
-4.8500355709179787667 -7.0388002367599593612 3.8326801305992779234 0.95046200460464458359 -0.0031964519752320998298 -0.31082432417342586994 0.30230780611894908505 -0.2231812016116221653 0.92671470345886319819 -0.072332345203493755847 -0.97477173427525320992 -0.21115893988985140473
5.9521202998084383751 7.4303294759036582207 -6.2325697358075009546 -0.97142894646962507643 0.0052456915771562752718 0.23727259572202832882 0.222211637196610301 -0.33102288016837294604 0.91708551460558951351 0.083353405780438608041 0.94360814723327968156 0.32039955402573838672
3.2627775640858422967 4.279027624909099714 -6.6533084847350520974 -0.98576724742691357317 -0.0032234403400922782834 -0.16808492892845217082 0.12734082403148980212 0.63844615330114307117 -0.75905917020340674117 0.10975995825200417222 -0.7696597422026099089 -0.62894883162079651129
-6.2386994566382334426 5.7993751546726564072 -1.6717098672305041873 -0.98236572895101670344 0.0003697101665677930693 0.18696908272992121547 -0.12438486008078067369 -0.74789514300042259087 -0.6520592470465630397 0.13959219593207089494 -0.66381678073904237802 0.73475254367994224936
4.9041292653640686794 5.956213100559440754 -1.4413305313999316137 0.98196450752809394391 0.0017018704386917967233 -0.18905768852920848411 0.18780045118735116949 0.10669591231997779812 0.97639488570355092989 0.021833380151233847816 -0.99429024229905205168 0.10445198696028420993
-0.66404928651888373015 -7.03765636714720344 -0.57593397397090706491 0.98368449149708803159 -0.012041233370892917218 0.17949882976557204883 0.057833152632090850664 -0.92363078169262080586 -0.37889511156331445729 0.17035300891073978935 0.38309422836798040501 -0.90786489333285236292
6.38282435411235749 -5.8863083648132104031 7.0554128123717676502 0.83332765863377677995 0.0010744233978865289775 -0.55277830906284719514 -0.16356932400561022267 0.95569532615352903449 -0.24472743984410022522 0.52802470548288604757 0.29435571878712257776 0.79658309121970727329
5.9352952184411797987 -2.9625329498209751478 0.88123103314595796487 0.99404818091920543743 -0.0027883935402698706296 0.10890564206140690429 -0.10807700973885213391 0.10043452913341707755 0.98905624982792583744 -0.013695764938355968476 -0.99493976210586887454 0.099535399750755773618
4.8042003026806794352 -0.32875370584422269893 -4.4085268359239595526 0.95164033010588999772 0.005893141967859972033 0.30715786331099076412 0.18558857725593472243 -0.80778876578832392585 -0.55949458429754750366 0.24482149029068786539 0.58944260173823681548 -0.76981806756400839031
-3.0339836386580656402 6.6760463159295593272 -5.9897689071800943594 -0.99990958597305368283 -0.0041650090278691374521 -0.012785639553525298198 0.0067446799878545576554 0.66722528691755700336 -0.74482543309798310283 0.011633106672595573683 -0.74484432547849466211 -0.66713686873949928913
0.40770615370535218114 -4.324593196503855097 -3.0969764738958969197 0.94750194000918774861 0.010656172614085218653 -0.31957240128656427824 -0.30706865973230190736 0.30900217353500225581 -0.90012582173865185453 0.089156670468538146146 0.9510016313002511712 0.29605233553398857538
3.681812727020082221 6.9545548192116974917 -7.4223560306932263586 -0.9630951674758032599 0.012547699858499929831 0.26886846898241739678 -0.21662476100014055325 -0.62901519123827820401 -0.74660136760733597505 0.15975422156024893239 -0.77729173700722231644 0.60851963343342518886
-1.0985590191866902998 6.7468499572700926237 -5.4816358734428778376 -0.71069189979119740119 0.0091025871726548440721 0.7034445013488537235 0.57856213680861756643 -0.56129765189040992102 0.59178610986897739465 0.40022853149487130908 0.82756394851943426705 0.39364328228514855468
-5.3044936479853657119 0.24601730201819899113 -0.37454381461924307617 -0.83093623127619076207 -0.0092214531866758493728 0.5562912405870039656 -0.12536325717176435846 -0.9710467171617930271 -0.20335271535078855432 0.54205999050280784246 -0.23871162076945828812 0.80572186814422441792
0.34480625915540352722 -1.2918623074314325994 7.0066868211139752276 0.98551847246256740753 0.0149059344068432683 0.16891167382558303078 0.16611654274322282254 -0.28482958176200623424 -0.94407489299321889487 0.034038722980380242689 0.95846226971783399229 -0.2831809366202578393
-5.0083982607149666322 -4.6429679021085137336 -1.8743994166971780224 0.59656479838334308674 0.0095629616241231039236 0.80250793833756173257 -0.49859385583269777431 0.78797247663357861125 0.3612527411575011671 -0.62889952158969975038 -0.61563619600618102456 0.47484467556386977805
3.5775817008930954621 -2.0302136042342713296 1.1298097525568535637 -0.81141427203050930927 -0.0057423227635528695939 -0.58444324350149190472 0.55158000519103944637 0.32319341428594672294 -0.76896392297399085436 0.19330384636287803457 -0.94631550906215811114 -0.25907639855813752172
3.1619957641842688645 3.1034803862715665268 4.7520625351023531024 -0.95189987045251522879 0.0078275134323380363838 0.30630926637302918758 0.2931391008217172911 0.31427314614371321122 0.90294067201692351787 -0.08919699659719072804 0.94930033163711835531 -0.30145111735011781429
2.3996235276433068861 -6.2809788636689267705 2.191469876587744281 0.9582078811156343745 -0.00061542734661401525542 -0.28607215491381132733 -0.23036743128336098496 0.59123944788820215201 -0.77289505229668054032 0.16961280367866979346 0.80649583787515233269 0.56638852417603968714
-3.0103779805655386248 -2.0774792098386880568 -3.7792779648541476867 -0.48042186124968822014 -0.0040383761455110439575 0.87702823600589063791 0.32261825107472991148 0.92906155354549579961 0.18100302151379549231 -0.81554417373124188373 0.36990312413085790766 -0.44503862692052736927
3.2417920008114582409 -4.1996016177672625957 -0.39261008189203777663 -0.98961399912601433204 0.010713362045324777497 -0.14335046776153287373 -0.14211052253747868956 0.077278853381986284399 0.9868295588418918296 0.021650222121295185917 0.99695195606090758478 -0.074953753664820793601
-0.60042083105729737724 3.8952317847149018348 -0.15036584148872139677 -0.97435263685989159654 0.006545002745000152132 -0.22493132726065534488 -0.22427086784590385959 0.053604624869922186392 0.97305144880838123633 0.018425983822818983032 0.99854078891730080336 -0.050761954144229619323
-2.7667464971818813702 -2.2084864444218426094 1.878238454199296692 0.99464049160061607235 0.0067616047794548470723 -0.10317254077164450532 0.030759265802300719828 -0.97203028097490384862 0.23283255879536005062 -0.09871251205279998886 -0.23475820234597288838 -0.96702865851820563048
4.1172123533597844158 0.62241838885611067145 2.4992462092384144512 0.93341143497796053019 -0.0075215876715994962193 -0.35872903251804072466 -0.0085440538606585195169 0.99903083440109285984 -0.043178594922782496945 0.35870613626764180637 0.043368394422369727081 0.93244253987530245631
3.2379339885303073387 -3.950694579095587855 -7.1480612097381204251 -0.94233093412049151461 -0.0042947352927960600125 -0.33465499525358716193 0.31806051777716787266 0.29971176137534866202 -0.89945003592454364494 0.10416293789393536728 -0.95402013361463644525 -0.28106167833278050683
-4.5629997942167799252 -4.25458793879692454 7.1286204723744370781 -0.52350609439577500126 -0.010521313167535783009 -0.85195696552109589916 -0.81774245402235290481 -0.27457202686386095181 0.50587298895424526179 -0.23924599896369372343 0.96150897241428767703 0.13513640496465700869
-4.7437704265203333165 -3.7996665308690911189 -3.132850956902588635 -0.5817123093934505329 0.0052040721509521107452 0.81337796056522670973 0.77714871885610681268 -0.29162748752269734842 0.55766771226384004301 0.2401055140568614521 0.95651781277416547677 0.16559896124451228827
-2.7090299062858687051 -1.4055484299164473505 4.52134349421052395 -0.30620236234417258503 -0.00022873213349008242323 -0.95196641798767678289 0.15633970138938060868 -0.986434433368401975 -0.050050039308960035667 -0.93904100606117957284 -0.16415558579284275642 0.30208431370840055363
-4.0946510438738155102 -1.0693498866227382216 0.58933887890009939436 -0.98248733438749680236 0.0038266468462821931484 0.18629008170633593044 -0.0088318002778046550416 0.99770898982481803774 -0.067072877727924473668 -0.18611995344959955667 -0.067543529643991628841 -0.98020264972663828651
-0.19291814992013930907 -1.807424147566813355 -0.33520194505825673392 -0.9880878684952516533 0.0067531696700603074252 0.15374250821362681063 0.14840130611176935438 -0.22263840835372608606 0.96353992728374282528 0.040735935937816929175 0.97487770198375245378 0.21898413115602541335
-2.9940780496894330298 -6.8740149610268375113 1.9601679588045117786 0.97562866540105530611 0.0014347882846664464403 -0.21942344594479543107 -0.20040445740586143586 -0.40144490310494124197 -0.89368900811345519664 -0.089368678515249475036 0.91588205089610108534 -0.3913736170806695891
-4.5121847933535521591 -4.0293657792108401594 -4.7913630287547350761 -0.85422149513187994874 0.0078378093803055833011 0.5198501764920520074 0.50388420765547836666 -0.23385586662388135881 0.83151195957790702273 0.12808724577472579975 0.97223968361183954467 0.19581535966343990851
-3.1179377417082321244 1.7190705127908811889 -6.3643795664715598903 0.31880907323098328643 -0.010101071057079476223 0.94776513081516977621 -0.90627035975620207076 -0.29606375553926950195 0.3016956872137238066 0.27755145442421369495 -0.95511476850672549777 -0.10354211282159216101
1.4297782824297178284 1.0837604955892019554 -0.84012224619038711193 0.99997304105654760686 -0.0072009528183880665633 -0.0014364673790922067101 0.003815666267146914075 0.67673242014715218051 -0.73621917403214665043 0.0062735835821297412235 0.73619384526100950517 0.67674165258890195407
0.50275800164544159898 -2.9479884159808555921 -5.8642788042178795038 0.73207729955724987203 -0.00052228529175205734569 -0.68122136981376235632 0.68119391476753554659 0.0095718829534376936863 0.73204045621830260426 0.0061382372540030542135 -0.99995405208177223777 0.007363135786778753078
4.9546874096503321638 1.1392391739371348081 5.4079542321757072543 -0.98293766494391454636 0.0023105050728482508932 0.18392446384542407434 -0.00036554128737572612329 -0.99994366677666335352 0.010607999471179931777 0.18393861262413480073 0.010359770244638485601 0.98288313748197286834
-0.70646652639591889233 -2.2438603075819938404 3.6070045658046021586 0.96997641671274714703 0.009271892690752257804 0.24302218628574631665 -0.23203303493001115054 -0.26402918197512059706 0.93618868918976949622 0.072845190111293006696 -0.96447012554643762883 -0.25395069443924317421
-3.9750464751619665194 3.8778003403436636098 -6.6570648104843650472 -0.95509922483382503344 0.0052241168807718165942 -0.29624007042381422794 -0.051306247435226187692 0.98182365984148123328 0.18272922576751041146 0.29181010896814069122 0.18972350823848321832 -0.93747098660471606113
0.4473516462916323766 3.4268263888377155091 6.4229152633374750891 -0.99538161294892790742 -0.00028063139608817608273 -0.095996697074699627317 -0.026288495336587378026 0.96256607953186368309 0.26976926724078498232 0.092327458625175967688 0.2710469770734968975 -0.95812795419146190579
-6.1042932130039062599 -2.2204288375979990278 7.0412407127191878331 0.98766038365500141705 0.0030213079244077005459 -0.15658173027848465431 0.085398647940496702491 0.82770034415796289728 0.5546343040337201602 0.13127847305826270685 -0.56116219756808849439 0.81722882385058015497
4.3735177437449070936 -2.5464032320060332459 6.7654662460783425715 0.99481061188913855187 0.0071715408436396153175 0.10149096252757612568 0.10133693713189390051 0.019303346149704699031 -0.99466487120036450875 -0.0090923949302972213726 0.99978795243256068925 0.018476431611082779621
-6.1905287081318780551 4.6597663035464549353 -1.7718766829552818898 0.8946634088550589059 0.0069691843788641082841 -0.44668648437692459741 -0.19880204437847442955 0.90162981211850523611 -0.38411121963586980499 0.40006890907300080018 0.43245243942922634295 0.80804068933738804059
-0.16577224167334472793 5.5833593946829251919 -3.6245257398323715847 0.88561226570430962024 0.0029413468745607754262 -0.46441604549436860117 -0.42638807518899801696 -0.39119562600985791079 -0.81557292226223820908 -0.18407640851205281374 0.92030284725683553226 -0.34519348945192324107
4.065429248958007058 7.4211252560939193756 -6.5184214109235751877 0.94677131097811728644 0.00081368483046612540346 -0.32190592201092071978 -0.23651313388978045804 -0.6766044282882632821 -0.69732917988452325364 -0.2183703785003281439 0.73634624025501171918 -0.64039721443481478769
6.0012975574129594492 -3.9871983281147604927 -3.3331915035426575855 0.9952186695827682783 0.0068870852941839474232 0.097428783067357749292 -0.069331983604272451327 -0.65279028026461427547 0.75435928180252809216 0.068795899320602565963 -0.7575073716130874546 -0.649191578956812676
-0.78972007372929564628 -4.9782157395804267352 -4.8630245361434329965 0.82643101921841566337 0.0054842772210074112321 -0.56301127269083039995 0.38195668989970588125 -0.74013237963079159254 0.55345564200120722642 -0.4136675688453518851 -0.67243883240443735883 -0.61376311322871823783
-1.0309920333182103214 -0.84159251085614994459 -2.8560352769777623827 0.70801392660310313865 -0.0022156713878856929695 0.70619499469780189216 0.29221524506185053704 0.9112887380640962709 -0.29010874931813335209 -0.64290475989016537817 0.41176197818374160597 0.64585257066358525702
-3.2355536704703662387 -3.248924351851730119 1.4667839558609516715 0.89174962360704868036 -0.00014685608236981182242 -0.45252910097580273385 -0.44644899528179010639 0.1630890501099458989 -0.87982115020387818838 0.073931748312526995859 0.986611342002233771 0.1453690352995431756
-5.0574469238647861147 -7.452844521451624793 -6.4628721249958704931 0.99953751245504240952 -0.0020994477113404803881 0.030337328731033438856 0.026421599965886406053 -0.43393975984206617502 -0.90055437586165931751 0.015055239967172940468 0.90093944144299753507 -0.43368359734035427655
7.1357945832724043456 2.7160174944749990722 -2.7626064936525165372 -0.99987556042701830616 -0.0067819742593224719915 -0.014243190857758158963 0.013203415822774764582 -0.85387916559459409171 -0.52030379623232425601 -0.0086332769719094336336 -0.52042710862172325559 0.85386245446222130973
4.8460282551037856535 -1.919737485873436178 -2.4021556599356577166 -0.95563087826229808908 -0.006620729823763384439 0.29449242850752532785 0.13841576023118148941 0.8724059771727135093 0.4687738135957582597 -0.26002057963034602706 0.48873712456699935913 -0.83278167681490355978
6.2307603248206424595 6.9649645390775534182 7.2162081202182948303 0.60541915563126103006 -0.010386590117747328613 -0.79583903192827076811 -0.79085780523425974753 0.10459949014623441677 -0.6029949241586253228 0.089507418098472457668 0.99446018794467982982 0.055112219139324500339
1.6087453259868784716 0.52033665811751361741 -5.3941569546719989603 0.61106171555406141316 -0.0025143871760155162703 -0.79157896488053702821 0.74424307317275328888 -0.33880752362233640396 0.57559682936175593504 -0.26964018212897289395 -0.94085234749878299265 -0.20516099138828280957
-0.62844697865323584374 3.361223252942927342 2.1006664995391366446 0.96126189813612339385 -0.010872769884979618243 -0.27542212341556165933 -0.020420839660403439925 0.99366649853309174656 -0.11049832125681700867 0.2748791598125783775 0.11184217705338242443 0.95495171340371731716
7.1827040341097321274 -1.6180921627124988937 1.8456107594013189122 -0.98960307089373134026 -0.0057371140710839501134 0.14371098635707188484 -0.10632531860302835147 0.70205950241720493921 -0.7041359113762766242 -0.096853955528625315652 -0.71209517663573962398 -0.69537024002365377395
3.3092595075851716224 -0.86177979238803892326 -3.9259461583015995423 0.96481350076595495668 -0.0059160877452667679985 0.26286861479748480086 0.092918128199681981894 0.94291154177565050798 -0.31981877030304289855 -0.24596977495537158953 0.33299072703610521629 0.91028349733272118094
3.238534963028619984 -5.9633986857517413682 -5.5170225776453731825 -0.94336930332107249431 -0.0083894604582105368473 0.33163831881276151226 -0.26816745750738157916 -0.56922145361400411367 -0.77722143014695366237 0.195296114364153367 -0.82214144385187204467 0.53473626585025446634
3.0390421984457711702 1.4804366515033458018 6.1095925486054820652 0.22562707595896785984 -0.0032622165246097493789 -0.97420828396063519072 0.29015962110270165919 0.95483554283247840111 0.064003753212914196724 0.92999990154611611448 -0.29711688623697302125 0.21638331506173180685
4.7280454561751250608 2.8476153594912192446 -4.1187173953706315288 0.46519411150336631433 -0.0058006760663616195942 0.88518969197551022887 -0.019935781061295131805 0.99965625299962568295 0.017027638477816350177 -0.88498418248918830908 -0.025568105049667055884 0.46491856141492682308
3.5329320751934876199 -0.40192041660524541191 -1.0853561422008468629 0.98189564151839492379 0.0027316255998930186188 0.18940297618750281949 -0.064426571239948271508 -0.93546799296774796328 0.34748935386741558462 0.17812963281094387757 -0.35340086637490136789 -0.91835595580380802172
-4.5609168849878205521 -5.7227277856402878342 -5.5015004284175654803 -0.97807988583801408478 0.0033431058496471606489 -0.20820317135552995902 0.12664844023277557761 -0.78411991379729639728 -0.60754928472773239712 -0.16528735434333119425 -0.62060034195107693922 0.76650851662871499759
5.7008885509704088079 5.9643606895881315921 -4.9365892993864459726 0.99104621059345610057 -0.0055065639038005785577 0.13340572035073755552 0.10765755401643928302 -0.55803837321865668031 -0.82280193550982905215 0.078976322600657830608 0.82979687380078581693 -0.55244899194319296853
1.3314464875791143239 -5.2982006170749862406 -5.1789882131405979848 -0.90210631405670604899 0.0019093790919845147341 0.43150962029888817462 0.42509085259024698145 0.17582594898653403082 0.88790934374345109603 -0.07417523294937831968 0.98441941769475205248 -0.1594253583418340503
1.4137432828337892499 -2.4363592337686243994 -3.789923108263407947 0.89720957831537506699 -0.00075090956198775756208 -0.44160435767108313643 0.21375977315651048527 -0.87429949824788555368 0.43578337134794437047 -0.38642170223648009131 -0.48538626216468722108 -0.78426936988676443363
-0.54304625399012718123 -3.8660810214336351898 -5.0261741086155371505 0.94754729717236796382 -0.0095943376793699592514 -0.31947154537754790526 0.16641021498463159922 -0.83857146730751608299 0.5187538284838075775 -0.27287682197313001264 -0.54470711662531201558 -0.79298953153719797804
-3.8607893230941923157 3.9379860511086923758 -4.2052519790725311211 0.88971530531307041478 -0.0066413079428799389956 0.45646748900705830243 0.35105041215052029679 -0.62925490799772454409 -0.69339878056554382635 0.29183948262807990481 0.77717060790386327529 -0.55752628869840525905
-1.6120265602429104668 -1.1186355170840547313 -0.39975874220784629598 0.53466794286427188343 0.0049241790669212106429 -0.84504789410641301117 -0.27870666525806392366 -0.94300515906305004687 -0.18183471814071297534 -0.7977799105104121935 0.33274167523935682667 -0.50282222697974587877
6.0829985394656320707 5.3804422909171059075 -3.5839464310175808137 -0.82305427229188565796 -0.0059046240024013402214 0.56793203843179806967 0.30903065190802042617 -0.84362827648939076042 0.43908016043629188863 0.47653092349109738013 0.5368952100017253537 0.69617656699557683986
4.1398536745781262525 0.55196106223697449789 -0.35084732707340648972 -0.97841929464945553985 -0.003114574521749755541 -0.20660586459067120657 0.16503327834099004723 0.58989210953048476505 -0.79043742077007694835 0.12433704555650618162 -0.80747606685230222112 -0.57664781328214942402
-3.8337305944107167299 -5.4369889160972126874 -4.1536684731282562666 -0.93923629281671650038 0.00048181428128500240282 -0.34327096310496146847 -0.13716697254066650968 0.91616731016155161793 0.37659352282741231921 0.31467508306194402756 0.40079574304935566831 -0.86043149898959414568
1.9498291545240133971 7.485186917228636716 0.32140146013693182692 0.99873010208586188163 -0.0090887488096643796048 0.049553787269028939932 0.021328712178320073656 -0.81482324233427505522 -0.57931698558608202276 0.045642844175645749805 0.57963823062048214219 -0.81359464869103592655
-0.39199620327461032199 -5.894933978679294917 3.6249666867825882655 -0.63776190077805205991 -0.0082184748058759318767 0.77018972635833671259 0.76726280648329292511 -0.094518045582194648579 0.6343296657470995914 0.067583605286249293087 0.99548922431699748969 0.066585738452907106133
-3.5404668092092328457 -0.41296115383366793772 -0.76973312232056934068 0.89121690898025140992 -0.0099967384534054015699 -0.45346718334181451704 -0.078053497454468462324 0.98146284842701669859 -0.17503807783607885917 0.44681100331436707229 0.19139159432359026392 0.87391600565466887041
5.1126136662803425281 -4.2872401916449724979 5.2532828855428741477 -0.99476400908446815929 -0.011559659284636401161 0.10154280135689028319 0.034525039080487894549 0.89715855503611963151 0.44035729675110346637 -0.096190373253645267138 0.44155735913088700606 -0.89206194330362598155
0.34588834497559317604 2.3758537435381388292 6.7851135862273883603 0.49228581083906552962 0.0013791910504481208217 -0.87043252367919110579 0.53618075663347419813 0.787270381684568199 0.30449226975113968807 0.68568569816103230874 -0.61660639305342002103 0.38682254249619191233
-6.1722057152835745342 -2.5824379494817613079 -0.37476817473345613863 0.9928473191789535246 -0.002963416000380146402 0.11935417447546634029 0.0075850988181591309095 0.99923800401984286257 -0.038286780986991862663 -0.11914976741490460044 0.038918241070676679039 0.99211325131602590144
6.258879488169006855 -5.2129876434163415766 -2.5178369104624245267 0.92460453785043683617 -0.013159605017905761509 -0.380701028869366076 -0.31403779256287600585 0.53933557200692483491 -0.78134333401539513009 0.21560777682787288234 0.84198810298236081984 0.49453950399092383439
5.680160654943121834 5.6205855092028960129 0.43556185043493600428 0.97994333780932796341 -0.003436134499270719362 -0.19924670050669490706 0.17170199982730746657 0.52202453522688452292 0.83546921420029296446 0.10114088163748215232 -0.85292354733634656583 0.51214445663376428897
-5.0487734851963388394 -2.6838079036511657272 3.2941462285581391001 0.77558114787333165552 0.0009126098322951459868 0.63124721797942706658 -0.042945350644516329386 -0.99760578189831972118 0.054207017820345815284 0.62978534432097188489 -0.069151074223397807073 -0.77368504510062741097
0.73354141649302961881 -1.7477800584485549962 -2.7580296238138402032 0.99683942642873235584 -0.0012241531227927347075 0.079433364314373311466 0.028044306589153189524 -0.93008502652095392804 -0.36627224889350518122 0.074328156072261120091 0.3673422721260968804 -0.92711109384164125391
6.3180078528144703043 5.5633480644350274957 2.8301176961165293022 -0.62384515671744933396 -0.002282184436281805423 0.78154463217036806988 0.34520255022226070674 -0.89796813170532352455 0.27292569274750855257 0.70117930642617953829 0.44005457170198014616 0.56098088573847415539
-2.2046558220562566532 -3.083554834831476299 2.1325070140377393457 0.97434293261340576553 0.0060975851323046004193 -0.22498593094165014739 -0.21106624042272348341 -0.32233025087551342436 -0.92279697199562482623 -0.078146604660416438271 0.94660764249290829664 -0.31277320753847226431
-2.609340057070474117 -3.4050118787130148057 4.9380658139188504663 0.9509058008323411082 0.010411398636529418243 0.30930528725161565706 -0.1440721935984683455 0.89942380764284146633 0.41264999367129240326 -0.27390027560245550076 -0.43695356392132644885 0.85676730913433629677
1.5157581698947613091 3.4199717062749526164 -2.9300729340015547741 -0.82505378886920943682 -0.0042273988067929721066 -0.56503838327315869527 0.46861905608617288044 -0.56385561452530008619 -0.68004634124542495677 -0.31572523773930827318 -0.82586256427301418803 0.46719225077782694511
1.678929282452155558 -3.0958567663186498109 6.0915276947272172237 -0.93177816680645852987 0.010686325047754503467 -0.36287084523238111178 -0.069929962718321539428 -0.98612983211788296511 0.1505249298995875451 -0.35622920736083701909 0.16563138791921702686 0.91960154151631123831
2.6125791554198829481 -3.0206564330734435586 7.4652629032306183632 0.99997598216910965618 -0.006294414109249702946 0.0029009371008256856078 -0.0013386546198672980013 0.23526942812117090931 0.97192926913190902383 -0.0068002271175724134447 -0.97190980885193223315 0.23525535141327968969
-3.8879157091593188333 -3.4819969849506651194 -6.5627319995532138464 -0.78475573799015685417 -0.0051093912119519573067 -0.61978409612773854853 0.18046643200233131177 -0.95852352445267752223 -0.22060036262681911867 -0.59295050266596494026 -0.28496762481410603529 0.7531289094145038332
0.70928662350731053188 6.388159077227931526 -0.39469935623360685728 0.50721017286288405668 0.015256200258889903582 -0.86168734985376371771 0.8336143077842380622 0.24502756560404845287 0.49502391654514943387 0.21868933765029360816 -0.96939606995699090231 0.11156268708796811262
-5.7582112765020134759 -4.786689584740813963 4.9432349897248890613 0.91194531782000853859 -0.0078532842173419138698 -0.41023659421527264302 0.31097307290288206394 -0.63902885765142547481 0.70351820660024810827 -0.26767795059669835522 -0.76914266883052251345 -0.5803172147616163512
-1.408549792891031105 0.53480508250778857615 2.7884023136956801459 -0.99676635883200270793 0.002852865989248831724 -0.080303717574697272563 -0.064673256595223369003 -0.62158616733868232718 0.78067150995442191608 -0.047688528830775400724 0.78334060135354321996 0.61976068485276314401
-5.1615026907900336539 -7.4528478378120208703 2.5976419569849218405 -0.95550853828977289073 0.0047242237223925100109 0.29492560920611282649 -0.21244268089803319821 -0.70466454589339933001 -0.67699038774093656112 0.20462536643390741298 -0.709524882911741539 0.6743166169840159041
-1.1557413558216469429 -3.4265075844733914323 -6.3456268574748317945 0.98892555302849127763 0.013241181413682861709 -0.14782057259390452009 -0.13893423578434821453 -0.26763959150076843674 -0.95344969829999015598 -0.052187438088488052879 0.96342810846277104897 -0.26283597761667221171
-0.96724916309411645976 0.20161333065740152937 -2.9001507403454880318 -0.9935131878546498152 0.0029308846853225512322 -0.11367917783777081731 0.013561041921622149498 -0.98948050609913018594 -0.14402925463887419899 -0.11290546355643341081 -0.14463657201684787523 0.98302218608442248904
3.8625419728073957515 1.9850431707423132899 -4.0435892655595955247 0.11530219355599420628 -0.0080409564300642725337 -0.99329791461617200632 -0.74511352877090386571 -0.66198421616988989413 -0.081134005105674047997 -0.65689514643038648956 0.74947464304117583644 -0.082319657644070953761
6.6950430004659331473 5.3129571391107131006 -2.175476605399610186 -0.98730743866900028127 0.0022005589663689224117 0.15880547562727032052 0.134852229080342223 0.53982144475252413773 0.8309077470437308266 -0.083898139794721215967 0.84177667188241034335 -0.53326647823907324941
6.9126522196567812273 5.7567092663958021603 -6.0099053170870675444 0.80459703307946506268 -0.0084673786103252116075 0.59376082546680342134 -0.5771859714808822428 -0.24616575403540341682 0.77862621062082837398 0.13957065839646076721 -0.96919075781790986479 -0.20295148749181404768
3.0940558156655137978 -3.1090575474979522674 -4.8622802158423841234 -0.99727149584173679919 0.0073301655872762064292 -0.073456328890357941441 0.05504893399968899953 0.73682541695168268792 -0.67383820001500560615 0.04918514457720958577 -0.67604332228529095961 -0.73521850353918538623
2.9445216611026014952 0.45380385173749587802 5.3294398932169055882 0.71713939475746435459 0.006088526872208717064 0.69690316280486508393 -0.69335823149791131481 -0.09487229091502892564 0.71432038416300269734 0.070465958455567231922 -0.99547083244922529577 -0.063815127061580906309
-6.7821829203159147426 3.5805534333561648275 -1.7054963419686479664 -0.63506731438458075001 -0.0042879887426578158424 -0.77244489729224052876 -0.10601573227651074627 -0.99003805567346991889 0.09265696319280981863 -0.7651471562452278885 0.14073472020353336442 0.62828621488852964827
4.1542778361126933007 6.2473480014414182193 4.9590502565893928022 -0.99960926549876816249 -0.0065374126595670861012 0.027176801961360543686 0.027900673961999956224 -0.29227229538208898685 0.95592806096726212761 0.0016937300829676180808 0.956312797983973506 0.29234049273164947058
-2.3041222511740904189 5.9317076721697636899 6.5492704094805977988 0.90217530125384171047 -0.0086875545005858870878 -0.43128210281019108141 -0.41510835644350768669 -0.2894080608118198561 -0.86251262410926732294 -0.11732339160776150688 0.95716639135212311373 -0.26470308091850391907
3.4260108941011360173 5.1031317725690659159 4.049397573111130022 0.96866890878355360606 0.0028242748718692867183 -0.2483396235551993958 -0.23006065077449860956 0.38687966486879726835 -0.89297044848979334475 0.093555556335685199909 0.92212588532289951893 0.3754080573140035626
1.7565824508761045397 -6.2916395071426318708 -4.1034132090399282333 -0.99813561641218173648 -0.0022019040629786485255 0.060995433174135707532 0.060755328817815937303 -0.1314297889725599966 0.98946197531326385288 0.0058379165667573826304 0.9913230362445024646 0.1313185308364406001
5.773914589615557702 7.310166451931592313 -3.9155777889452414442 0.93279341597754983351 0.00207524655712735661 0.36040551669014891933 -0.29395598945590367679 -0.57420876444600410515 0.76411659522381325527 0.20853373677164296907 -0.81870628932784883514 -0.53500812371678385659
-3.0501235620615072541 0.85804595345943279749 -3.3894389525247139439 0.95425394157495257996 0.0066974362924448029369 -0.29892232993791745255 -0.160320110958519918 0.85534508694702415799 -0.49262789634548403983 0.25238240233950010039 0.51801537292112576072 0.817290154355638232
7.3005571039313963411 -1.3779567332132272028 -1.8940765268656496456 -0.96797471725501493811 -0.0096471249981489905212 -0.25086227244108721957 0.060628760029522048292 0.96070020095436925445 -0.27088609662269363954 0.24361670758037112794 -0.27742036130301761521 -0.92934861215921082955
-4.2824599857372041001 -6.5769339408728164642 -6.8974607825338871692 -0.9415467625341875646 0.0026499269377186791125 -0.33687189233980435743 0.33548932186687668855 0.098217779147781403282 -0.9369099117698966861 0.030604066309493957454 -0.99516141693017434733 -0.093365654171207693168
-5.3174198483812258331 5.0555314099298351849 -2.9946327540303969705 -0.99965218005804146184 0.014613702204521166611 0.021953555821330208303 0.017465169781729163179 0.99057044475155620056 0.13588657707523915663 -0.019760737582836033349 0.13622273559363257123 -0.99048113538705462311
-6.0289047285190191516 -6.7268377762139763831 -3.3146494955805008154 -0.76273661134242731752 0.0028853904866765239974 -0.64670281910602922526 -0.64004132248265721561 0.13986051413895767004 0.75550389946009044451 0.092628112539391599389 0.99016701172406329512 -0.10482996547194346759
-5.7814512950407026537 -6.9927693052889434711 6.4919509405964328508 0.8951997826710569317 -0.0011224647758050511608 -0.44566365027736648541 0.39198718077838479168 -0.47381158746371060397 0.78857379470196897753 -0.21204574792046548826 -0.8806255274848190373 -0.42371603832149407065
-0.10096133390360484405 0.60854649411974182094 1.984588424573904053 0.9972214522258691094 0.012569374082642113116 0.073426058424629486732 0.073820703943674875758 -0.034505878357603256279 -0.99667439418705494614 -0.0099939426588415529451 0.99932545008821049848 -0.035337882168995742027
1.9203774476924506676 0.38597823275467857407 6.6502987076776429731 -0.81639445111691144596 -0.0018974531185812788109 -0.57749155825615061666 -0.56562988270236236321 -0.19903585426831699179 0.80027967893092866181 -0.11646001880275673457 0.97999037157881652149 0.16141851081306224369
7.1956081040105379643 5.6076789487661935496 3.6700131058057610112 -0.76084219093066329798 -0.003422712932779274457 0.64892792013902311776 0.52796883383862669437 -0.58469531995424028903 0.61593854670626635439 0.37731693706333874205 0.81124575059579762115 0.44666795401658671016
-5.5920954557780424565 4.5540886389780306232 0.046952143337151280855 0.97706014394021878378 0.0060378928727636248242 -0.21287794383927266528 0.16716726335734602427 0.59755660951580091833 0.78420737339404689159 0.13194158247187864896 -0.8018039924281153974 0.58283940887792184959
-4.640143154567136996 -2.9089987544938145092 -1.5825570771765968825 0.95062650482296040533 0.0036523644834743768106 -0.31031582067612034637 -0.27468983260350887665 -0.45540287008600222052 -0.84684929106768713769 -0.14441171764252186405 0.89027798251520884332 -0.43191477128758698489
