1125 14.717824617146108679 14.977075390850430381 15.033177056927090831
-6.5585196159436218721 2.5914947834896207013 1.4466862954769978966 0.8075309583339903563 0.0043330792629000924182 -0.58980927065979316115 -0.25019404846730836089 0.90806830884285261174 -0.33587927085018121076 0.53413171544450555039 0.41879967872415435615 0.73437738231565485858
0.85554806527469129396 6.2657109544907889642 -7.0412364635847790595 -0.99002146813024449745 0.012521622501132919497 -0.14035918784014878025 0.035832993052259877464 0.98567349763837353027 -0.16481429750548262647 0.13628458918795863242 -0.16819918258791186072 -0.97628661044121400892
-1.1681610036156968579 4.7064652181926813768 -4.4967202330812945377 0.99277341359409598809 -0.0019952477422984864729 -0.11998736703125738312 -0.11967360958279851801 -0.090599180267661977295 -0.98867083283784684689 -0.0088981138483942463779 0.9958854389543742025 -0.09018323596249774865
3.6754919246883344108 2.5400957815724760636 -6.550848567116278609 -0.50570324994655224682 -0.0014750725361090042103 0.86270623456337303114 0.31836738814264903263 -0.92973408977085125748 0.18503169589329734879 0.80181446055854177501 0.36822866058858511051 0.47063916577388387186
-4.9414968739240627826 -0.54601687166586687638 -4.4170530952181312756 -0.99583796788372258568 -0.0019505705930958940064 0.091120453223222208639 -0.064589894206728074022 -0.69026629732825495189 -0.72066676372589699717 0.064303089254022810506 -0.72355278594387950619 0.68726739968167482875
-0.32542789384819226228 -4.8892557632679451984 -0.82480019093535872354 -0.794467863437116395 -0.0010641161637683152486 -0.60730526230429582313 0.10345324340153844167 -0.98561963002435970527 -0.13360902417234343798 -0.5984298124220133186 -0.16897577509036432186 0.78315320789562703485
-3.8353714582191411608 4.0714149532577357249 -1.2252570067850163671 0.983837341587087022 -0.0022010112385497321644 0.17905094484069100647 0.034843239767263264883 -0.97845845433285250081 -0.20348219034380674031 0.17564177732347083238 0.20643209220989419683 -0.96256727420197774059
7.3355930951940662155 -4.2730525187970034295 3.1355435940092881708 -0.98115466651527938335 -0.0019751124849566609881 0.19321392109812171589 -0.17357899447387251102 0.44830725057853226811 -0.87686426643819981308 -0.084887296180721591443 -0.89387734505872873392 -0.44020158897681488375
-1.0327317160385498518 3.6038269966166849301 2.4854580738975817766 0.84803438653145435389 -0.0058961832228279715054 -0.52990840178630749246 0.52147407817017998877 0.18731759375859077799 0.83245234390031974669 0.094352875191151222567 -0.98228170811221093839 0.16192646742044472519
1.0575384224318602477 7.0477485001128696851 -2.9598096174866541652 -0.96618548831469952543 0.0014712620779558129025 -0.25784382396707350438 0.19843736225942781859 -0.63428473798310869292 -0.74719842372781175577 -0.16464572703111091112 -0.77309812220034523911 0.61254475593283697066
-0.36487710213507856816 7.3017629308351637007 -6.5892619833124816964 -0.99968836682982742392 -0.0068229468727340741169 0.024012842836029571481 0.021425574357002336728 -0.72815098001434686026 0.68508181633123277354 0.012810698207683332908 0.68538281106263965192 0.72807024957162880252
5.2222387004327899263 -0.35302271298770887542 1.6346057936053710602 0.84674151951078335809 -0.0015711828329490267701 -0.53200219033482054609 0.26936284404265559145 -0.86107761627090606549 0.43126441657797170981 -0.4587727731522237562 -0.50847111042966075534 -0.72868695094153657088
-3.138753559125969872 6.6839089529792135025 -1.4078958577143201314 -0.97549554616509270843 -0.010510754141322683347 0.21976797641932158123 0.079491067945827470487 -0.9482249730915568442 0.30749076493851784653 0.20515752369561462976 0.31742546283026490395 0.92582474908490619558
0.35277464141484959903 -6.8146102703618218754 6.6896267201369878919 0.70636203828415000672 -0.0065523750915080780644 -0.70782041313586996356 0.48169309745486416086 0.73716532948622104371 0.47387660510720253093 0.51867565080256328169 -0.67568065192391146834 0.52386183854180423669
0.070836886621444911105 -2.4121328447865981737 -7.0450758590268707238 0.98078701140073842879 0.0021887783314821778087 -0.19506934027944308752 -0.18884284131493830894 0.26151091123210057354 -0.94654657814110532144 0.048940980289879532084 0.96519803799839287706 0.2568998401951724242
5.654209538370699839 5.9224048102867277166 6.8830621599478920558 0.97624685386709020296 -0.002461247090400796398 -0.21664723071713565261 -0.15962272833592316967 0.66796330340619569643 -0.72687386106613127712 0.14650141607921296494 0.74419014207746514433 0.65170420247328075813
-4.021219317387020098 -1.2198458726294747478 -7.3304414779206341635 -0.78763172079720455976 0.0034018428573231659917 0.61613691648787272115 0.56272574000650499304 -0.40331217045938116961 0.72158092733490097892 0.25095022201251426797 0.91505612976722372487 0.31574715429814653733
1.2686710018443347892 0.98622821738482457921 3.7650527225714096602 -0.80716411625653083917 -0.0018176597249741680527 -0.59032430539573377271 0.35143542712889158652 0.80200294933829685551 -0.4829952482287426796 0.4743197550034723986 -0.59731730710401353956 -0.64670921181592655458
6.2696582828709015445 -5.3942788881051333405 3.6080677389813256006 0.98187724968536149728 0.0049596669311357637067 0.18945307665516658568 0.16670738833882281504 0.45287635185595614962 -0.87584910606961730029 -0.090142738051524257115 0.8915595390290224076 0.44384217368676209814
5.5838044948100682419 2.1774057391146874885 -7.4367586259267941529 0.84547900994197133784 -0.0059580280065810488355 0.53397541670911818912 0.53167245099627646887 -0.084039692306711585856 -0.8427702741367015804 0.049896378615923310529 0.99644459555940245732 -0.067886076493935576526
-7.1734223373569170334 -6.114432176097601257 -6.1258036005062068696 -0.98376057513485126726 0.002759519200973045705 -0.1794645253641519167 0.035362867031479859603 0.98326289326397653401 -0.17872758702955110488 0.17596760623965140846 -0.18217153395598045806 -0.96739285389667384329
-2.7326893983447755332 -6.0411240243747679202 2.6786909076653646622 -0.97966534653687831202 -0.0036852408657707435083 0.20060465546496192291 -0.041586621919125078828 0.9818481022806475611 -0.18505365958359276668 -0.1962813329682779051 -0.18963312750586985844 -0.96203581808601923431
6.1565649135179461027 -0.14617254196682916145 -6.3762774208739640969 -0.99700131620743681626 -0.0011204940117676412056 -0.077376482046451894314 0.064282044680880112697 -0.56867959210675000925 -0.82004349900047268651 -0.043083572418789545244 -0.82255836632695944477 0.56704632947686983702
5.5428314558041433813 5.7987237691374593496 2.3500069996852568366 -0.93905295407997813051 -0.0083014992217836057475 0.34367227782361314814 -0.063307185607229921054 -0.97843475524175371749 -0.19661543679357018632 0.33789310393123722642 -0.20638923141897588809 0.91827650273218697219
-5.4344871208955680686 -5.542321729054362045 -2.9926914345366446568 0.91529856223511840696 0.0088992150716267134913 -0.40267771969823645817 -0.19180462197366618393 0.88874919351001813173 -0.416336231938534862 0.35417443295621653387 0.45830740230364264143 0.81517776959011456483
0.13130402808066524156 5.4288413482196240523 2.753918659012753789 -0.98972695160124091185 0.00092450510697045479129 -0.14296750177686290417 -0.12978815319611977652 0.41359163299318807416 0.90116424496752745021 0.059963293471535901447 0.9104620290864597898 -0.40922279631968361269
5.3146852728685720635 -7.3282992153311932171 2.3654367506907814089 0.9662305900348810983 0.0026796828814597880436 -0.25766502708105132324 0.085588475871515329318 -0.94651251698353011665 0.31110877196173575276 -0.24304950047057766183 -0.32265596925081396762 -0.91477869773393871711
6.1511643689734807339 -2.8063113951100646659 -3.27317278955104074 -0.9981938853751209928 -0.0075427228158886786349 0.059599282983514280387 -0.046208335093351607381 -0.5375726430847247439 -0.84195038047069969966 0.038389542424036408874 -0.84318370521464724998 0.53625318860879944705
7.3263936833194911458 4.0668501004341743865 2.8670753489803262326 0.97489636232578269492 -0.0012787287699937144314 0.22265544587295413304 0.069517410025996845269 -0.94824792819658831888 -0.30982768819801392857 0.21152875082935118645 0.31752831609735621132 -0.92435456186954012558
2.0549241595661520421 -7.365540126254565223 -3.7864004432878264339 0.99166800722555359382 0.0038559519798775383076 0.12876216478260812948 0.10971431160214965839 -0.54909594662674698906 -0.82852665088553445472 0.067508023781215203973 0.83575042508656227636 -0.54494393628411852415
-1.7253424501455119078 -6.8470297809050455484 6.8913089490167731554 -0.62058215518681403289 -0.0073105862415754722938 -0.78410735488988225761 -0.73712406711033062745 0.34648906069372120697 0.58016673509115168628 0.26744326192743189674 0.9380255253180768138 -0.22041373709736974962
-0.39587146050551286214 -6.90778335607264804 -3.6146317975281094803 0.9998779466615584921 0.0070055793381589891514 0.013964728362229995168 -0.0097123959527477040504 -0.42141284419339303247 0.90681689668518494774 0.012237693612472056587 -0.90684184762671171676 -0.42129336838845560242
0.1262060483169956393 -7.4345599367036552252 5.0763982537576293197 -0.94291355051687253397 0.012668665402052217001 -0.33279654620899079553 0.29164808080407711444 0.51387819918357569016 -0.80676551324848122526 0.16079624751521898185 -0.85776960853182970812 -0.48823750927627751484
0.70434344079686772577 -2.4591762231739013878 -4.2789378886751787689 0.93340916565167442176 -0.0051758249207652165524 0.35877644894000204623 -0.11618042481038315383 0.94167083323956735086 0.31584513723784002348 -0.33948407675242736614 -0.33649554627410599439 0.87836285723457152574
-1.8591695971452084635 5.9528775639567328426 -4.6965868092745246543 0.84920119462629828355 -0.0009735136606361539241 0.52806854035860162355 0.4934376798398551478 -0.35471440521849006977 -0.79416430720901853846 0.18808664800976615528 0.93497419376243695588 -0.30074352834066625517
-7.1518169345846480667 6.7027887656534188565 -1.4836349741750478604 -0.95225970670204551638 0.0032947827896490471111 -0.3052713471616445573 -0.17646010121010960447 0.81004204342669294814 0.55919023646870880118 0.2491250362217233838 0.58636254338707394229 -0.77078900098534453011
-2.9318670952903027604 7.3452234877981901207 6.4167118431472927043 0.61520816012713330778 0.0055642235682034166949 -0.78834507617481142105 -0.77892912844767137059 0.15853886270617653653 -0.60674116546304779352 0.12160728830414241353 0.98733705917881187109 0.10186853784860851191
3.6614325351726848545 7.2553083985318336246 -7.1952372113735805215 0.98963414818481587609 -0.007874438699913353934 -0.14339541820295467756 -0.046093654663738985178 -0.96308403438384770912 -0.26522540925544491053 -0.1360133366482167705 0.26908574085255276831 -0.95346380965597432589
-5.0617346913933749519 5.2100889241360439641 -4.5979345514545961748 -0.82051609211706511005 -0.0048383989483282586336 -0.57160295002085081961 0.53234059566820135512 -0.37076288023472919742 -0.76101798720123647879 -0.20824704747147218531 -0.92871495978879148314 0.30679258577049850487
-2.5409830976418286141 2.6432280374822911817 3.4204323153541209557 -0.64830302949856732919 0.014402629538282616523 0.76124617976414055143 -0.11080798131595014089 0.98739125817827755327 -0.11304908026900754858 -0.75327602724356301778 -0.15764221368457001504 -0.63853281767257452639
5.3645691449936565576 -2.819842823061740944 4.0147619144228263721 0.87798824684208820468 -0.0015108082265614768136 -0.47867980515762720284 -0.37852352552457091406 -0.6143123839386138707 -0.6923440153305077116 -0.29301293321563604 0.78906147567729645331 -0.53993092944394183164
0.41214495744268891952 -7.4881209270373281228 -1.0049303280615640155 0.89970120711068990449 0.00046617330602275949825 0.43650603730756892817 0.28970018790365520411 -0.74865450317803949876 -0.59631387372744715236 0.32651422488477327422 0.66296019303858100269 -0.67370041071257413812
5.1551752699901260968 -6.7299328086268825899 -1.8493976008690415913 -0.99548256628910947175 -0.011800380216194394922 -0.094208339552575681708 0.049425033454328796967 0.78279263584491909356 -0.62031673791289843045 0.08106556779884026287 -0.62217074850374431971 -0.77867318781620697976
-6.7106093981530943182 3.8052599007303595791 -4.2175094632319165555 -0.9922566295658933333 0.0031447516435443205809 0.12416477608298356894 -0.028348835293279087827 0.96755790100858884983 -0.25105388213172408207 -0.12092611223447682911 -0.25262980570981324879 -0.95997659171815719059
-5.6598971501437382869 -4.2613184661185181668 -0.28964689597474641003 0.77405318630990238571 0.0098867313032284590002 0.6330433771138455068 0.21710447606926649988 0.93510813493705824406 -0.28006860310495490518 -0.59473297473258457391 0.35422454533611852368 0.72167697777273998039
2.3964287886183290865 -1.2473492912351484829 4.2771047696304025365 -0.99896026696461903693 -0.0036427323010361088891 0.045443542197921876769 0.0024176782869783702487 0.99116695820685407625 0.13259794791287995985 -0.045525156318450117621 0.1325699493112889038 -0.99012760222196360971
5.4508773848338565315 -3.2627741785081036952 1.9199627264064231813 -0.90163531394231688498 0.0059144154591776769078 -0.432456680306750052 0.28224477953504661931 0.76568382637811915892 -0.57798456938586473264 0.3277066448477120586 -0.64318993906364696489 -0.69203689006431601261
-6.0607520990790613169 2.2562517333685354615 -1.6395585907008698445 -0.92876269132052069466 0.0028587996344140919822 -0.37066385105068638817 0.34606005473031814512 0.36500776168162080149 -0.86429842787788779823 0.13282432657871179327 -0.93100008656112143157 -0.33999490745022631355
-3.6815939199579417185 -0.18448101152112211798 2.7286861239355002517 0.6876647477545336784 0.0014944580155686823519 -0.7260268323490706166 0.33015384204196041029 -0.89126624052163849754 0.31087445873117330875 -0.64661861655890251477 -0.45347795437234195148 -0.61338577552601314391
5.654824457906078905 0.75382444629622991084 3.4486017094092114021 -0.88027519467021897448 -0.011689411149206272583 0.47431944859483410326 -0.029029451330798067277 0.9991504675187360407 -0.029251225830567835484 -0.47357456921138929573 -0.039518361860644918293 -0.87986670949184853097
-1.5245582990388153455 -2.0054566209004298649 -4.7635680254829289026 -0.94667348546836616041 0.0061052226945728892138 0.32213667622109443123 0.3157202275128174751 -0.18184794218258085174 0.93126369190644464613 0.064265463898847227653 0.98330770981409643117 0.17022308295307972403
6.3657670648529487423 -6.3549756343916703472 -4.1426151636422279267 -0.97140116164328060844 -0.0018411729285497495379 0.23743713534427804412 0.032714226382991977438 0.98939579293190260678 0.14151234688503283587 -0.23517985149755729624 0.14523283034839704064 -0.96103999003091189479
-2.657266821788882627 -1.4049700554929163143 -5.1294861417055610531 -0.88329220093852744977 -0.0038162780289242815776 0.46880734186143802056 0.41775475361680375341 -0.46025460618707220162 0.78335602590026021108 0.21278123411557620104 0.88777876382893228246 0.40813357237878100658
0.97747025346224114539 -2.4599260035929972901 3.2185047670083384297 -0.94826964040349770446 0.013981277454930853693 0.31715802523283531666 0.30318815062200638044 0.33611993783411309167 0.89168398702288498292 -0.094136254500237964704 0.94171540885303850477 -0.32297129023717363605
-3.447134221886709593 -0.64187924886420522075 -1.9557594572692202917 -0.82643629703191556768 0.00062215078703809281735 0.56302989252484114679 0.092862225001893977661 -0.98615356382265084711 0.13739634539415618297 0.55531941629649017589 0.16583353547573581599 0.81493532528399370563
0.33207997515676679345 -4.0690059582211741684 4.792791891460600695 -0.86543427138262229992 -0.0024464983637630527413 -0.5010165032831566112 0.19829821701918992627 -0.92000392722541191048 -0.33803933353500092984 -0.4601101379489157539 -0.39190150361484499264 0.79668806469101483003
-4.992159367203776732 5.7450652940311215389 4.401243364188563767 0.99447333652685254712 -0.0034128239069368300485 -0.10493395813588136944 -0.10003921025481038454 -0.33408325353346718378 -0.93721957732431682153 -0.031858112760626305926 0.94253739042090944888 -0.33257830402761484612
-5.5297051234459519975 -7.3089996545702726749 -3.6784660702180960179 -0.77224718398429958999 -0.0023292389758118947976 0.63531792157487532169 -0.21973787200745817372 0.93925596149503864929 -0.26365414163589545593 -0.59611203178092364574 -0.3432095765591471892 -0.72584959332085163819
4.1815126745779949147 2.6610538591262447028 4.0150431239507220482 0.8990236170891380274 0.0047425865015484009249 -0.43787446122057788189 -0.42283123360638741328 -0.25065874030260454353 -0.87085242366133808201 -0.1138871538095040381 0.9680638944736272844 -0.22334281366091982002
-6.9441329327168599406 -0.4269636704559742757 1.285220249686981564 0.97569318013288441893 0.011619078679579619706 -0.21883284774621042379 -0.21691225502533689751 0.19326672999889815685 -0.95686835285487925606 0.031175180222477016229 0.98107745264381929218 0.19108935096420881505
-2.7510531427375117808 3.2818632874154252121 -6.036036034527050731 0.44577868587251862076 -0.0084617308280132280673 0.89510321322912189679 -0.53032503053774604496 -0.80806985710653644883 0.25647313313647057686 0.72113571899247630448 -0.58902589514141734384 -0.36470778665395564566
-7.2393425136286060351 1.8067639133598962786 -5.1398604960867695368 -0.98468228462010554125 0.0010058321865988716776 -0.17435534593715906748 -0.17435506376415405017 -0.011722990111793195334 0.98461306270158555076 -0.0010536104865397823843 0.99993077750636494283 0.011718792620927787063
-2.1967681349016596748 -0.97844626191249695069 0.43826447879736646351 0.99764849751306527992 -0.00086807196387883155814 -0.068532633548064353368 0.040247760892552102152 -0.80193387220146583605 0.59605551952754587397 -0.055476059278775219363 -0.59741217853933170634 -0.80001318475374205708
-4.7170511870651630204 0.65808451858929728484 -6.4254000149835119871 -0.93078935465885281886 0.0083141014402201632305 0.36546142473742343482 0.35612043676118521063 0.24630083749323419817 0.90139565783909114671 -0.082519160047177242401 0.96915776484910254318 -0.23221501901835306381
0.62444194621410498147 6.2567888596799807743 5.5120032102687686049 -0.98887659526666971122 0.0032102009408122109818 -0.14870364468879709863 -0.14873346078845953167 -0.029399621444682198096 0.98844019540930738721 -0.0011987392159641639677 0.99956258276748211067 0.029550061852055782563
-5.5663411937873039648 0.97689554868562133993 -1.691587172784724924 0.98534038917882105224 0.0059274108577015574909 -0.17049687168252544711 -0.15651753509561600053 -0.36619250680134340925 -0.91728147761219824829 -0.067871781033164269026 0.93052023823412310932 -0.35989652342895894765
-4.5111105324038591746 -4.3798913349395878214 4.1726421259893049509 0.3509792382591497284 0.0004967548405937541843 -0.93638310938724134136 0.28282104961630283313 -0.95335275844231659459 0.10550247326125641867 -0.89265101142881764229 -0.3018580315395724134 -0.33474751767574856265
0.59109083898133918389 1.8694155936986183164 -1.4995730814155867616 -0.88785581569701366167 -0.00070107307674774702044 -0.46012124383650365722 -0.15419738283275297164 0.94262665268301315535 0.29610498269904528268 0.43351495667462097705 0.33384802253151996121 -0.83702465924913072026
5.0985957102611392244 7.1314245038560892809 -6.4952054152280664923 0.83019716826152478717 -0.0011145635718557221194 -0.55746876106074816359 0.51672775652611413477 -0.37372955595697310294 0.77027179919797728047 -0.20920106941882649076 -0.92753704872210740451 -0.30969329311704602015
2.9846239410616219878 -5.2022709104558488846 -6.5516493954612329276 0.9890665822858919487 0.0055242009584196517455 -0.14736613928904385151 0.11375679940301751392 -0.66449479472647565714 0.73858381946195716949 -0.093843947033168909067 -0.7472724743928119695 -0.65785801098715601665
-4.0682450917318613293 -0.35277174460636179232 -6.493951264028837933 -0.74052551848037129201 -0.0065498851269537323311 0.67199632103464423949 0.48559045416304108533 -0.69647542192471589839 0.52832177456600770693 0.46456847429094910717 0.71755075476205043561 0.51893838462312535942
6.7309684393250863721 -5.3736748108398790791 -3.2381023603563137137 0.98308358061205847189 0.0084334197556830275966 0.18296325030505530829 -0.17311586100822676237 -0.28343449930036090922 0.94323686488271540895 0.059812809651221231222 -0.95895451510366247483 -0.27717984371894555107
0.20962826368393275289 -6.8043427676001559945 -4.5792315489140618112 0.99397861548831711875 -0.0060793735807427341789 0.1094054531030473898 0.10935498468504366298 0.11816789380106605678 -0.98695381664954695555 -0.0069281510051996692684 0.99297501987287328795 0.1181211692803644242
-5.3883076024103502277 -5.8657724305092466821 -1.8113197959530273895 0.99630460860840419635 0.0066758150918305725341 -0.085630370538133868119 -0.071570193851598074009 -0.48665863515986063081 -0.87065554622734342427 -0.047485094689637907805 0.87356671543568498173 -0.48438245164861454262
3.1886603157379407314 -5.7115673536449627079 5.2261579511598652559 0.998438100163757003 -0.0020520990351132663981 -0.055831434076421798673 0.014696585024852177465 -0.9544831608384690691 0.29790251100746989454 -0.053901489126778050209 -0.29825774854233039202 -0.95296219489784783629
-6.7177599948311437217 1.7595895453108869599 -6.2777893848661570075 -0.99635833098206105785 -0.00097921076674770818338 -0.085259119329920945995 0.022942836734657374304 -0.96613390061944326437 -0.25701928393815715035 -0.082120049471452113976 -0.25803939082978072372 0.96263802659921893223
1.7430679332155263328 -0.42403489611260425374 -7.2715057040837685065 0.95641684504238899667 0.0052878857796031797367 -0.29195694337211181013 -0.25915929531334674918 0.47607058938958907168 -0.84035305293137341209 0.13454842314914097767 0.87939117131242650061 0.45669233587374252759
0.58083347334698010034 -5.0769580810070680243 5.7533056141398395411 0.90996559379122243794 0.0081005531001560639182 -0.41460462992563174023 -0.3882805193907954977 0.36770007461692388873 -0.84500585405560901808 0.14560513856946163957 0.92990915479220170869 0.33773970370087408321
-6.7788374074221788845 -2.7331847536396982612 4.6745518209246421648 0.89069261128929921867 0.0051515030020115367554 -0.45457687381955863559 -0.10315833123033908703 -0.97156100139329226728 -0.21313746566346961075 -0.44274714103248785646 0.23673335757449615047 -0.86483078490476450462
-7.0803435873100228903 1.7550914049675072626 -0.9227121472407218139 -0.98195628570663051615 -0.0072162828781804997519 -0.18897031042630119124 -0.16833922762965533582 0.48864298253889731916 0.85608991353509877875 0.086161229112804854635 0.87245398782794691961 -0.48104083165659039523
-6.0283899764448323211 -4.1787328262157261705 1.1570259347145934736 -0.97667578513362662829 0.0076562884391862887079 -0.21458283244672318735 0.17492894140100376243 0.60790496649344860636 -0.77450075350055935797 0.12451616840339878312 -0.79397287923453929714 -0.59506536686830135974
0.18131192581140423425 -0.34408335763761666026 -3.7540943507086419473 0.77231911272806197388 -0.012126776465336896321 -0.63511898838526115174 -0.20523320868786321114 -0.95096180049601619633 -0.23141085551246268204 -0.60116762900754072696 0.30907053448996113509 -0.73693479124238836508
3.9787011776145457809 5.9455676706182671865 5.9265943859444956132 -0.95257045748552404696 0.0015574203593303982338 -0.30431414355541908101 0.24938956717025267951 0.57706271515935403382 -0.77769111256307721369 0.17439715396948832216 -0.81669835142161550934 -0.55008129896644120116
2.5592321665088038074 0.71625150045558105827 0.62394140835542810652 -0.99999425382550932717 0.0022384766689479427063 0.0025458865149166204356 0.00048777312294282122729 -0.64816941205050193631 0.76149601138774003495 0.0033547568205440220224 0.7614928775138364303 0.64816459568724915652
1.2456167865421310381 3.9463649148158581603 -0.088793150081015431718 -0.98106424180065054941 0.003367074767075198781 0.19365334045013624098 0.089672983682716686515 0.89412632548029324919 0.43874465248070543266 -0.17167326366510998747 0.44780216266839578676 -0.87749730122210090055
2.1009269635980860613 4.4507197869173227289 2.6622629246730999952 0.93064528667268853201 -0.0092734034605914256177 -0.36580507703160286548 0.29379616468798941398 -0.57699754146386905695 0.7620745703402787008 -0.21813565506012935757 -0.81669323563565043855 -0.5342555520147821424
-1.5781489843226466085 -4.3788634188150057369 3.0238972462427069487 0.67475162013751044388 -0.00902962047061524678 -0.73798964564288438428 -0.060058733824244203703 -0.99728069771797445142 -0.042710168000830793511 -0.73559717210799901999 0.073141478747624305567 -0.67345907408934368998
-0.49584889708835677702 5.811369572692115959 4.1718754175726315836 -0.99686444108546190535 -0.0032870609618424061378 -0.079059985640904842374 0.070663839986645271551 -0.48659200383853007388 -0.87076681351484352955 -0.035607693236918341873 -0.87362315504496801388 0.48529854229302232804
5.8567634624900293261 -4.1654516967959720475 5.4731164212958161031 0.99663300401107079995 -0.0047325050534537688868 -0.081855108037363843998 0.073289376796913760503 0.49901355013080778145 0.86348951587990685486 0.036760339560625222843 -0.8665812599991807863 0.49768021585520338945
1.5099493908837955392 -6.1638311042054763078 -1.9205183332475741498 0.86809731374338794385 -0.00044159448669755770392 -0.4963938545811224512 -0.22691070134352644971 0.88905264223009250468 -0.39761405025385571088 0.44149585217456671637 0.4578047666176309205 0.77168400798182801292
1.7122691211807710143 -3.3714703722414149922 -6.7049378869777847001 0.97644705948689525243 0.012467734790360313069 0.21539660073607938551 -0.21453555860018944101 0.16218957223608507223 0.96315576972477479067 -0.022926711835712289961 -0.98668084923500154471 0.16104430333704880529
-3.069041562888668917 6.0430143832611760146 -4.0048769118455744831 0.97901589443547454295 -0.012592509855598479213 0.20339446191608212544 0.20159043208664628732 -0.086201615999640754384 -0.97566929801562829461 0.029819056553625253314 0.99619812793170248177 -0.081854222686822020183
2.9189703572950413957 -3.6580963638667460813 5.6648857991984549187 0.90086708976180840391 0.0031958423698616022363 -0.43408325604132846909 0.26348990584573994678 0.79066475760872501066 0.55265026064687983176 0.34498051553862602026 -0.61224098822863504132 0.71144178695910709198
4.3537901173951549794 5.9782086736223387646 -1.5137496801522944967 -0.9878187780224009229 0.01020271732963074808 0.15527384308126837564 0.1511153262757996274 0.30095950367587259722 0.94158777355682388155 -0.037124384852906262833 0.95358234133505181962 -0.29883523611351431315
-2.5556081216804988898 2.4204889179387003573 1.8875331500293304199 -0.45030363319802269029 -0.00092058899043898946568 0.89287501389870982393 0.38388720573003087821 0.90265506394636374488 0.19453649736941761028 -0.80613724092462257786 0.43036378570680372535 -0.40611545248445685141
0.90515761190425358951 6.7843867275001619177 -1.8376674618050135024 -0.91875311484705146636 -0.0059572971714833677231 -0.39478756891437311038 -0.29070165333901165639 -0.66640915038741066478 0.6865794877696673737 -0.26718020642415202248 0.74556244197949539387 0.61053368654374284841
5.3734008586881349956 5.0557350318203297945 -2.5317520976651906039 -0.89987922408136356012 0.0041684545325540688088 0.43611925668736428729 0.1749850236811096027 -0.91249190926028611592 0.36978203988524466217 0.39949671282008447637 0.40907351359041221883 0.82040309417063683739
4.4357485865382857426 -5.9304759319154962682 0.5611247618928207892 -0.97306994037512017925 -0.0050305656704566119666 0.230455168194221377 -0.217889662386946098 -0.30619587024791183882 -0.92669746091592508641 0.075226233212102186498 -0.9519552418323674603 0.29685388894977732255
-5.3539145569833115346 -4.2123733326916585895 -5.6327616093096493088 0.94091627496027285815 0.00091763239328894810609 -0.33863803901167921495 -0.33777338568125037099 0.074009220675380488208 -0.93831326068660214634 0.024201310715227304649 0.99725713494852652463 0.069946432030864882923
5.9147852555638280592 -4.1384204721388968551 -7.372610371948278285 0.60120317111117027586 -0.012039255492206699452 -0.79900550897534439176 0.77452940622079691213 0.25480284266641450852 0.57894707035121162342 0.1966187832966184712 -0.96691807703457910428 0.16251303442687325962
-6.5758545900105316306 3.0525640450984590224 -6.3568389148110560072 0.9999639294808426726 0.002578132631809992685 -0.0080927726540261386151 0.0036039554926363594894 0.73399558563808697809 0.67914467661067912108 0.0076909844561804541901 -0.67914934550214756115 0.73395981856104863805
6.5680178338736583399 -6.2764936037902181454 2.9340677515795969832 0.80925576129173759643 -0.0077450472584526790926 0.58740541967110437849 -0.5146208336255234661 -0.49158791678049290619 0.70250033286398938515 0.2833205082845872691 -0.87079350842684044576 -0.40180611651263803408
-7.1119325004202762486 -1.8695133479936922871 -1.7422589796213554525 -0.96849324960898119929 -0.0088840898719516545046 -0.24888129381089005299 0.021423045425446693435 -0.99863108026255165139 -0.047718116668284321635 -0.24811666325849865422 -0.05154646914013892578 0.96735778434492125655
2.7435189591161903699 2.0665563809225644398 -7.2706014198271216031 -0.92272788659440285741 -0.008725800198806560326 0.38535322460295212688 0.076442411323255882172 0.97574377620809205069 0.20513566472518124373 -0.37779598337209319148 0.21874172807681765973 -0.8996789712702283337
4.7606622665021873786 -4.5055766610451106757 3.769046212944378027 0.98771357929890257754 -0.0054611240117472944697 -0.15617958058925812681 0.12585466959216687344 -0.56465259265624423435 0.81567643814712009753 -0.092641715281955014372 -0.82531062378429320692 -0.55702772539486122838
4.4893700482262701712 -1.949220718727985302 5.4147783881780879867 0.91881590457577277942 0.0027489958708622735245 -0.39467680007856204005 -0.39435483475589688807 -0.034584152274913911029 -0.91830724744833780449 -0.016173985384658369491 0.99939800851976656748 -0.030692389343985725797
-1.960358190546316326 7.0849542965346161694 -7.4555213039588563717 -0.99856720779964769363 0.0068880508800475831466 -0.053066809422674700303 -0.021204199009296320622 -0.96143633168066722217 0.27420897517921816178 -0.04913159321251515943 0.27494132988604053081 0.96020484880520917681
5.2458964776786869422 -3.6599978587707782118 -2.4139605073911503119 0.82924370006204428662 0.0031188130183369151133 0.55887848313618282425 0.51481700526615004065 -0.39347246461166079934 -0.76167110400824600269 0.21752778442312276086 0.91933111151405078054 -0.32789018040513429053
-2.2742322994021653138 -4.9569730872533286359 2.2813567265278864582 0.96726519532621935138 -0.0016720284669262015786 -0.25376218439953901473 -0.24921383423139170654 -0.19484936003882383226 -0.94864439687382873245 -0.047859238795759775909 0.98083175479446838008 -0.18888769692242146636
4.3849417983519591857 -1.5390490832707210966 -4.7067179791297881764 -0.99967323216648129591 -0.004838833194057769703 0.025100091299058199801 -0.018831766822843175324 -0.52458227137194135548 -0.85115145839070249778 0.017285642835373135617 -0.85134600853911690521 0.5243197309812334117
-5.9462316695444359382 -1.8497588339125106138 -6.2426645217518048625 -0.99901384230642054085 -0.0027445494675684641885 -0.044314899619826562949 0.014776065813290575196 -0.96174690437256460385 -0.27354078271583426307 -0.041868971317373021579 -0.27392582824178229872 0.96083902390721231956
-6.8449143832507193252 -7.327965366236441902 5.893471328566800338 0.24743478024639664614 -0.0062161366148092180028 0.96888461086450550219 0.77706935101533369803 -0.59602764241164363224 -0.20227276928384166355 0.57873936554982141622 0.80293985399081868604 -0.14264759947584218502
1.7592634929477741768 -5.8861869762778473714 6.2025949889139075921 -0.984428344296174207 0.013730956365218774384 0.17524923903829633942 -0.034791976879702604664 0.96200357194696928254 -0.27081108896423927712 -0.17230888918165848667 -0.27269137939886456401 -0.94654585642242228261
7.1300637995323228324 5.0552858014507409123 7.0237453685081030486 0.98280448540600440221 -0.01096989150272984978 -0.18432309932903609417 0.14529221850560686269 -0.57010488785543667056 0.8086226487585295164 -0.11395400259565696688 -0.82149867822416533514 -0.55870780106299111623
5.3358131495488319018 -4.6585520489320986215 -2.5972938640890292916 -0.04130118451134534574 -0.0023729484949835785886 -0.99914392420394759764 -0.99447724660361347393 -0.096468782719786622115 0.041337391647554636021 -0.096484289631114522612 0.99533318194263664669 0.0016244317090615429527
-3.1928529702128503054 -5.2864795214932405187 6.7009394284772865191 0.82687894501908376643 -0.0018287037966072438103 -0.56237697865972335887 0.48494530027767807079 -0.50406119612791944196 0.71466801124480849872 -0.28477932864358490583 -0.86366600396249737503 -0.41591076876761701175
-2.7570675274353946271 4.3853876770002910845 -6.4774200203488865313 0.56740736864919227855 -0.0098160202459881776976 -0.82337872437242909385 0.7199480815078694862 0.49122831899932606348 0.49027492139220285594 0.39965439811877462306 -0.8709755360281948855 0.28579359283344807352
-1.0804054875018869186 -4.5001785937040965635 -6.7709925818069223169 0.92088279998250899272 -0.0030641035417970545821 -0.38982750026866930249 0.17225052960867717755 0.90025946019164371226 0.39982828737476061587 0.34972077968829062833 -0.4353429861672415413 0.82956124586994151038
-6.1816828161533905472 -0.73846386569655297905 2.5052356628717795672 -0.986980513566386497 -0.0095453691649221485832 -0.16055638189663776205 0.097373193540837690851 -0.82997622514744795463 -0.54923394548192672193 -0.12801533900229894458 -0.55771708922841123357 0.82009982402296299764
4.4682658092436762232 -0.41461877591155188449 -2.2554264807199433385 0.90500165964225631754 -0.0025440210544460284577 -0.42540042783437731488 0.18674930016701143942 -0.89610069661791780238 0.40265151236274171476 -0.38222597364909066675 -0.44384351913457797956 -0.81049752349426995579
0.17000735228601732141 3.0255560034316926199 -1.2832017875033290277 -0.98607860411087777663 -0.0088755902326814514053 -0.16604279693195778123 0.16617041213219801987 -0.0888219997558845481 -0.98208861437811156847 -0.0060316371551292786296 -0.99600796997680018929 0.089060334020553355572
-1.7289384819643989211 5.2050788593813521743 -5.5598342747044897649 -0.98848387392161085607 0.0045057767633963907716 -0.15125914508699564442 -0.15127389494452345153 -0.0031336201244194831182 0.9884869190501152092 0.0039799126897765470245 0.99998493908695207377 0.0037791393607388640632
2.5087776197392122057 -3.1974114327938307767 7.1275631410299098434 -0.96306740486197572881 0.0025139515118501919513 -0.26924868382258881905 0.011817790669629341452 -0.9985981901641227676 -0.05159451932712542932 -0.2690009544892016935 -0.052870924416876519114 0.96168765814853540697
3.7361274094641205856 1.5133918173618241543 6.7056238390954483464 0.98458100495697109533 0.0016507546226678904925 0.17492146719910953157 0.1350624911012069107 0.62830173933098953931 -0.76615602056718845603 -0.11116819768020200221 0.77796799379081849057 0.61839100289522519471
-3.9930449492637785092 3.898515504013558175 1.8718654411833677287 0.99739843555244322992 0.0071938006741809950792 0.071725936657194955259 -0.057661351015975650935 -0.51752050627597245835 0.85372577223766132892 0.04326117608784452867 -0.85564056403122035199 -0.51575933906013038399
5.4863109130623533005 4.2373228807400939999 -1.7993941122682142186 -0.9354911615327909935 0.010467721005740773452 0.35319500776636442163 -0.30620535854454744573 -0.52283854465509993492 -0.79553638170828044895 0.17633651094638053136 -0.85236745775505551315 0.49231610969728734073
-0.048576536363319641754 6.0438815109936578907 -5.9488182645159177753 0.99530875046600442158 0.0097434255718946809199 -0.096257762824120726708 -0.09611711546901942349 -0.014000069978929356382 -0.99527157005236333021 -0.011044969882154392904 0.99985452126740104184 -0.012997882196442682098
-3.3751820706850770293 6.1372472666127073637 -7.3718575414645970412 0.99010777667596738816 -0.011446563187257584315 -0.1398412198065544787 0.022218005212572035367 -0.97130106565028451193 0.23681342890730516793 -0.13853862569753527811 -0.23757781053309745545 -0.96143841879357849756
-3.6186673784658891506 -6.34027261353944116 -7.4514821127227852671 0.53177953904310248934 0.002994143261997603625 -0.8468775336265199627 -0.099981987245164480327 -0.99277843520979247582 -0.066291634531686169374 -0.84096023929884600179 0.11992503361888379176 -0.52763989825431434344
2.3986505070850925314 -4.9396016518778065318 -2.7706672753840173584 0.79269424808802979587 -0.0020176611154268256701 0.60961607433840958592 -0.070182486774500965621 0.99304352169591070254 0.094546192773732745662 -0.60556605552016862237 -0.11773059526518168949 0.78703828327476610394
-7.2663830174378691851 0.6133810746556501714 0.72170031861722527822 0.99973980783543481277 -0.0051343100886174324049 -0.022225109424257760704 -0.014301722521827271717 0.61795567229891823491 -0.78608285047218395825 0.017770125545810838696 0.7861961752218239452 0.61772145559677837934
-0.7716958865202355744 -3.3523319438994940711 -4.568673569758891162 0.90675469269615671664 0.0096041744449068509881 0.4215491514719334476 -0.24601823235083147834 -0.79988548419167271319 0.54741048723093821415 0.34244847294811303628 -0.6000758052218351235 -0.72293711439026442367
3.7587257711342618727 -4.311326192584775896 -2.2754130504903891108 0.56519251139632731284 -0.00014625738394186300895 -0.82495903151020211208 0.1922681579632199711 -0.9724380577442902629 0.1318983672533647622 -0.80224084943045481655 -0.23316132282055690439 -0.54958658739601784493
-0.43229770673479173126 1.9257975686371837654 1.0854412019466204153 0.99790525815439734547 -0.006103040908788180674 -0.064403793673778964024 -0.058559314406967537259 0.33787901931947783574 -0.93936604952486224551 0.027493680075530897017 0.94116976215527603511 0.33681386010751934723
7.3564774516392894554 -6.2550285545304227242 -2.4776066060210477637 0.99643178884012129082 0.0040479326442401262695 -0.084304830408889419591 0.084356257736165049521 -0.08062790080055988462 0.99316824526018587793 -0.0027770433419940527414 -0.99673605124617525863 -0.080681671874517635334
3.8656448026283576347 -3.5471758175486147735 4.164081105349445977 0.8418231526219674965 0.0096055808286721403033 -0.53966796507349024115 0.53373974525229517241 -0.16364977632065683122 0.82966296473229828035 -0.080347147103428731563 -0.98647173478362804033 -0.14289105089258385961
-7.2545230528533188874 -2.3998665295789010088 3.131949681238582528 0.99960184931910012196 -0.010361685570451499225 -0.026244586300646917387 0.0055747653155259081076 -0.83927047889332673236 0.54368555733066536995 -0.027659805307147615483 -0.54361539596520258577 -0.83887855881530848379
-0.66728736928894494262 -0.88296050709933915357 -6.5052309177887881475 0.97816280678054590147 -0.010103404958971310204 -0.20759442343039119505 -0.033547210396139511002 -0.99339587993274958144 -0.1097233357466200071 -0.20511486563824926632 0.11429149986311822051 -0.97204184321103714872
6.5946485129639063061 4.2930648439857215237 6.3710633904477127487 -0.99741072666726171558 0.014424475978940533641 0.070454075977090843685 -0.056008973789820247491 -0.77031216987302397747 -0.63520245260903374085 0.04510916962290304616 -0.63750380033236164756 0.76912552121074306832
7.1061572462327040611 4.703190274981248642 -5.3464434693985127822 0.89010280447271394877 -0.0049650897477312690501 0.45573275650720768137 -0.42661239718294097223 0.34277855998762724044 0.8369616009009308577 -0.16037100747856977701 -0.93940311192623782155 0.30298998871858179305
1.4530960016339735663 -4.4867667487613038801 -4.0821455245988644833 0.99913055199427835973 0.0050964603587400989643 0.041378329635600466507 0.039423893888449378087 0.20733525510201331055 -0.9774752419281997895 -0.013560850352804491512 0.9782566729053098209 0.20695406556560042022
