1125 14.717824617146108679 14.977075390850430381 15.033177056927090831
-3.1733610270162619926 7.155193393247468947 0.93627785917635852897 0.92868892612375864015 -0.010957736923235482027 0.37069772928430899661 0.29065679226943019753 -0.59931478469980004053 -0.74588230837575497656 0.23033781192560762174 0.80043845287549175715 -0.55339206314834066269
0.26448505203222277826 5.2433208156643109632 -2.2180189039350435287 -0.59880741711730589572 -0.0076835337372231195599 -0.80085619215598036202 -0.75443054395968123238 0.34104646252930481687 0.56082248950708279978 0.2688200728107610904 0.94001503908482719751 -0.21001784388106642387
0.87406637720301161298 7.3889538946167903077 6.7034860959299260585 0.94799397232808757519 0.0036691573312807954782 -0.31826712949026997324 0.092520722407225045036 -0.95993274648241433411 0.26451661224946865225 -0.30454448665957001285 -0.28020645873205218823 -0.91034993059269886384
1.8275162676739584722 1.1147978809731786676 -6.7971744121977373254 0.48230170303188296677 0.0013050574470965629892 0.87600420323055883109 -0.49031746113809404619 0.82908317049279922628 0.26871896789891180912 -0.7259296484892310275 -0.55912377272885294133 0.40050811753789145042
-2.0325989879473680411 0.09508153599808293055 -0.79947206088111433253 0.91682195306825464698 0.0017497852252123073657 -0.39929242996058028625 -0.35773215268923541643 -0.44063876418696917847 -0.82332568672924166808 -0.1773843660092604968 0.89768280464063288093 -0.40336133794412637465
0.30336246377407100061 5.1055491966460531117 -3.9199817193485011479 0.97810917825135568204 -0.0081852209121169531431 0.20793132899868713159 0.03372624134909260607 -0.97977950188496321093 -0.19721731245142962163 0.20534112122273606715 0.19991280560465077287 -0.95805526672020924206
-1.5998953863259974817 -2.1897672626291777576 2.1103163035644310064 0.91863183713622542648 0.0042090754904292740704 0.3950921809948320651 -0.26039528992952049036 -0.74561817378001349343 0.61339044002295894931 0.29716971713530437871 -0.66636012981909986674 -0.68385256934904892212
-4.1064537906897964348 -5.831931792212699861 -7.0319414120809771163 -0.9877279865457918584 0.0042087300803416759568 0.15612722755957461618 0.15052197785294774146 0.29236861593212326582 0.9443853697517956558 -0.041672038317786042061 0.95629643887707527217 -0.28941417071968411623
-4.8469410000007258077 -7.0286757770661187905 0.2129766361441753908 0.95901068831320757102 0.0098436781191519676093 0.28319887305944607681 -0.11584562925891757346 0.92568609292730996696 0.36011810221458284698 -0.25860837164070282768 -0.3781644607338298103 0.88888320422609112814
5.4870159621258265403 3.5570988791612925262 -1.6319286735715052838 -0.96625872450660921231 0.0076903867600949405575 0.25745860884086291254 0.19589156128516335698 0.67095774754761983161 0.7151518700409830176 -0.16724405380184267922 0.74145570262648541338 -0.64982525921253508905
-4.6767782259518435595 6.7490324569567849977 -2.0777493953345778088 -0.93226859238487747028 -0.00013388362030339329145 -0.3617668499571716767 0.30877481073896811958 0.52076761632852663908 -0.79590150523584179965 0.18850301829381349572 -0.85369846659036641157 -0.48545395274469321789
-6.4618633811842078885 7.2290595689793182288 1.8254054201681304548 0.41408415650252694551 -0.011900094088627664185 -0.91016080946951560815 0.63183269558183197123 0.72353662448263467155 0.27799675866098078059 0.65522649223550388786 -0.69018341098063362704 0.30712392137330984943
2.8705116689228922233 5.051758061693012003 1.1571822361668657742 0.99260217575142994928 -0.0019004781802271566993 -0.12139731824148840278 0.10956172765638338973 -0.41683672176637776019 0.9023543512502157915 -0.052317764922405397832 -0.90897939226907442656 -0.41354481728559389087
-0.68418446880334282678 4.4426104319613424209 -5.9531722266130575605 0.94800786881194043509 -0.0041200192853016832581 0.31822021637833997065 -0.30680572968601599326 -0.27753237541892877838 0.91040981147297328491 0.084565506577008980882 -0.96070745080669472937 -0.26436692127039657096
-3.5298432936583865605 -1.629812642235654474 7.3238934044393779743 0.99333673586700266256 0.0073820300503708241938 0.11501145512235788626 -0.077969461738924966676 -0.69185200891664233591 0.71781721962773437085 0.084869854560733967719 -0.7220015951438529811 -0.68666644333076243267
4.0910118326642734843 3.6954636866952923491 -5.8863588299027433948 0.99750628440551647458 -0.0019615921013468838596 0.070550441018421838901 -0.0040059492578709632662 0.99642859618064905103 0.084344561673615564557 -0.07046392652989927341 -0.08441685181172348118 0.99393592861309543185
-0.32923435434866055171 -0.34538362236268072003 7.1145203827371963357 -0.35479289701994326522 -0.0033928895708650545077 -0.93493876191147295973 -0.90930540033000939459 -0.23132970838890840048 0.34590497965103261802 -0.21745272855245698085 0.97286949500799380086 0.078988964596581764943
-2.5772355789409484572 -4.4778342637180257313 -6.4645790269334506561 -0.97586792905582908642 -0.0095942831665980620598 0.21815071572374128417 -0.16408498213572858537 -0.62694806393732804839 -0.76158534896814922277 0.144076034363080141 -0.77900197358920331148 0.61024423099812596938
0.48029315035169273251 -4.2736447589012538373 -4.7841277190298177047 -0.96975032417805651086 -0.00356861832656347501 -0.24407288608057609025 -0.2384093116395757106 0.22847330952955485772 0.94390727667299823 0.05239569524317810173 0.97354363630808149477 -0.22241285782108491387
-3.9004041665342397138 -7.0680464750440590294 -0.80177847507711519359 0.99599030335150395832 0.012090514527649719179 -0.08864048221953366169 0.016266548616450153542 0.9498335766786872858 0.31233247671306785254 0.087969966612228736591 -0.31252199294155447173 0.94582836122752078634
4.1440985959151399598 -5.5774789056571369983 4.9519817192480024559 -0.98164226183233616041 -0.0065149999117389157527 -0.19062010534269568929 0.082251320464574825819 -0.91616990491356586901 -0.39225938562706313961 -0.17208483392367834863 -0.40073714590343278985 0.89988696502761378326
4.760797179530985801 -7.427922741965319986 -3.8817408879202064398 -0.71943586446436247339 0.016431748657218199494 -0.69436448250048332653 -0.53752680529624119465 -0.6462892250893764734 0.5416411829998221128 -0.43986017154343198809 0.76291561471070112876 0.47379615270740327304
-0.25129433092770336877 -2.2158722974645064241 -4.8998805577058188732 0.99687445359747162144 -0.0094056379262615931458 -0.078440153875659390792 0.051526960758820301856 0.83004379078539347603 0.55531277465375006308 0.059885691778491581538 -0.55761890153927029523 0.82793409433743703207
-5.6434842775995894826 6.2636002813976849879 -5.2936115711083875368 -0.45177181375733765911 -0.0012328442141749940131 -0.89213267420806419139 0.79179441268530137421 0.46019724917051807456 -0.40159693711010413519 0.41105210902603556145 -0.88781584348955522312 -0.20692798678340612595
4.1794452123306928826 -3.9734647404592995379 0.67644449149878038696 -0.96538728340105195436 0.0030330783014157636918 -0.26080297828731113796 -0.23253144087088911673 0.44290681976454177038 0.86588837503027438203 0.11813772494010679748 0.89656251842361345261 -0.42687132546467737582
3.8387095440086684839 2.0403624297961613365 5.5520313298076668929 -0.9942393560580838896 0.0083746762776606073486 -0.10685489068028065918 -0.10711466672426134261 -0.11311613864213627967 0.98779106462412102907 -0.003814582232583926466 0.99354647801493412018 0.11336156750176185071
-5.4981215716656040016 -4.9973230283766447712 1.2709288277082197993 0.99040974511529600299 -0.01017441120543862744 -0.13778613187638952264 -0.12458198849613336123 -0.49692543287698631715 -0.858804076784961401 -0.059731607404982942078 0.86773359708882480401 -0.49342733969666924265
3.3847594228599153787 -3.774450910041315943 7.3159228920332939339 -0.99162795276397419642 -0.011887718058945621197 0.12857949080769506822 0.066541199072869788855 -0.90040624982845685054 0.42993122019200996631 0.11066287599264451602 0.43488764920291156368 0.89365902918726058957
-5.2875561959810735146 3.8663609453906340185 5.6332907352234498077 0.81801295583894151342 0.0057527691260144840288 0.57517102650182949652 -0.26412225050774001955 0.892053697633313325 0.36671465381872819789 -0.51097381622392878953 -0.45189280386625074737 0.7312309162962631337
-5.8643497466229739246 6.4372583237511191712 -1.4016707108548318583 -0.98818079669890035444 0.012182041381542036904 -0.15280808520250310778 0.072467038830987651199 0.91554110863637672146 -0.39564252385175741056 0.13508235013701266891 -0.40203989387186778171 -0.90560293860885365813
-0.54490000569464636104 -6.1716644412063192959 -3.6208391012327170166 0.81561794100115780903 -0.0092166580713588901197 -0.57851743926257936934 0.53902335852925808979 -0.35129915891049195986 0.76553427089099601588 -0.21028835744469273616 -0.93621789886898743038 -0.28155790267801128479
-5.2508743457523774367 -5.999379260909458722 0.59171761271300471474 0.83803536973824144241 0.00047716494392092620447 0.5456156993539456046 -0.14165477626141115275 -0.96551923524376181973 0.21841824726129735468 0.52690667430791060521 -0.26033128641785607815 -0.80907167660341994253
6.8338584499377867942 6.9722301227406093815 7.2657491313112050335 0.99086411451253009197 -0.003200008314029589504 -0.13482606023375107163 0.13355352279958460082 0.1623118552393158498 0.97765961264469047887 0.018755349082333526434 -0.98673432168727814862 0.16125636509993995782
4.4183342487197787563 -1.0444590998182134989 -2.9107566832837430404 0.82767891960797479456 0.0046108201682696307172 -0.56118298831490576184 -0.46248936525166434164 0.57202188998401715114 -0.67741755543261461536 0.31788550307586316279 0.82022539445970765737 0.47558291518692424882
6.1416653734884789628 -1.3334978462440787439 -3.0036253025678600892 0.88651190371067922769 0.0075520412815979053728 -0.4626441518617054327 0.42947870095571805127 0.35862787684868635552 0.82881487159220779137 0.17217633404373824946 -0.93345005898525401644 0.31468444094963932134
-3.7599307016486043231 6.8714648488490492895 -4.1408705908595733192 -0.69814471850007064901 -0.0032357867940425756592 -0.71594935694787220637 0.43087817201979256021 0.79672349573948841872 -0.4237636985555188196 0.57178488341959909924 -0.60433533821909835027 -0.55483407075660629015
-0.8609977297458051293 -6.2965025791792337273 -4.5955084561705294988 0.86226086690316006145 -0.0056369885166501747936 -0.5064330377926470339 -0.23708054601219405444 -0.88810845575321628598 -0.39377174291971051012 -0.44754777634341741388 0.45959938553045392995 -0.76711758727721646167
2.3302837345742588582 -5.9173012837320326796 -5.4532302734191491211 0.12260264165638040668 -0.01017391547828625821 0.99240368988766380909 0.39343126048925619598 -0.91752195996042307247 -0.058011173580814971718 0.91114237939450248849 0.3975549577533415424 -0.10848787967815404221
-4.5374554493513103992 -7.0349176164309934478 -4.3377742377570784882 -0.81382384655304385035 0.0024505919302269482153 0.58110648024334077277 -0.50151449369768252851 -0.50811678209451338617 -0.70021464449494008608 0.29355401443828788022 -0.86128469761918591274 0.41474656147348504254
5.2290056962461655132 -3.6277098199167907566 -2.5378207164552546438 -0.95402660642576386785 -0.0028509825375759886672 0.29970836846920101415 0.0014818373560611590271 0.99989767161654252714 0.014228508489648157911 -0.29971826502563586603 0.014018494725182134228 -0.95392475773290530405
-1.6462525109989116778 0.07829625183441216163 -7.206087957529643262 -0.99926726483389338718 -0.00088673547259652315405 -0.038264175565265456935 -0.019059003091855385853 -0.85544124741447380433 0.51754905721386834649 -0.033191683184701448184 0.5178991078598679243 0.854797535235833017
4.65181378891250219 -6.4629095767848445675 -2.9131135818718147945 0.98123302773450538083 -0.010160802123842495315 -0.19255779231996603129 0.015613056273438851579 0.99951838054865982386 0.026818639397764694465 0.19219255385349884313 -0.029321750383394819955 0.980919087997455863
4.9901501175458680137 -3.2939013203600353563 -0.34147728123882176154 -0.98370508748608065375 0.0019301649319818786621 0.17977924050736840411 0.1655599645335154857 0.39961012724783745442 0.90161058353622880457 -0.070101348044998956777 0.91668316263819593637 -0.39341807322240052169
1.7085581710005268707 5.951786432409161165 0.37084814422566714232 -0.99166847611970776466 -0.0023527332158479984103 0.12879479072095187386 0.083644230239638461821 0.74861949046481934822 0.65770244126337740198 -0.097965688983734353079 0.66299571879658458773 -0.74218555674393671406
-6.8351109200933661825 -6.7606229033155669228 2.8037204849761083736 0.86514428958159239613 -0.010481845421901978682 -0.50141349116360378613 0.40582168741204405205 0.6020656726120129365 0.68762321360481337695 0.29467629058059552349 -0.79837776570919727348 0.52512743880969448007
6.2517557209301877208 -0.38733020935910689175 -5.2368087182262224033 0.99974977623953587003 -0.0040344666099820566257 0.022002454141944228355 0.019507045073973681981 0.63863856758094250665 -0.76925954995089718125 -0.010948063827708938781 0.76949626579819407901 0.63855746555896431005
-1.3477357961148206389 -4.675107023415021601 -0.038418683632931452387 -0.69047643844291306525 0.0026489927344727440955 0.72335003338122361161 -0.16478265193876159844 0.97312461449282527948 -0.16085758386910986584 -0.70433583294846013878 -0.23026390838703242325 -0.67148310992844317813
-0.20206136911478647655 6.2560166334959008694 -1.7648062807647351136 -0.88204578826660495761 -0.00057104486339874110934 -0.47116334885995447834 -0.3548016709945572833 -0.65717759333569703006 0.66500630453919706842 -0.31001774410605620336 0.75373555357646582209 0.57945812067320368044
-2.8905277110726315115 -2.9340775662556506376 -0.13637330102720537917 0.34507635261871238974 0.0039372144608934497856 -0.93856635844549052283 -0.69015316630621437177 0.67877797404641082579 -0.25089653044037696361 0.63609033784586277438 0.734333003678726004 0.23694750854845797461
-5.3826318696058228497 0.88455751354087830407 2.0963452367894701567 0.99639494791641047833 0.012762192708379796122 0.083870341623020205901 -0.083676378460992503761 -0.015041638209822606742 0.99637945222071400142 0.013977533915164973635 -0.99980541884767415439 -0.013919518253646640665
3.132532796251274565 -4.9001978873486455868 5.5113497256610815 -0.56065106749401083519 -0.0074900373356997299035 -0.82801828473670324726 0.58791075160473094119 0.70057993408793450829 -0.40441155287765923054 0.58312205297454555719 -0.71353462094987285536 -0.38837741443171952538
-0.46889998467965005036 -5.1626641050744481731 -7.4129169681271349646 -0.94665272496466312813 0.0042727070564880856307 -0.32222719049080283948 -0.0041037465686774767665 -0.99999085521727471004 -0.001203638684561428307 -0.32222938658862759764 0.00018291088667641425269 0.94666160213796068934
-3.3703996519309544766 -6.1954430230804167223 -4.196058448793508866 -0.94486957810961225146 -0.00016616370540268590381 0.32744687012195289322 -0.31892826103046229003 -0.22614702925820423518 -0.92040332760906629073 0.074204074545337686541 -0.97409316471649198821 0.21362645382428072094
-6.1765469687938567844 -2.6067452062677767266 3.4775720093362534335 -0.62912195379557911412 -0.0013075501624215651181 0.77730551108612178091 0.74750653841210701334 -0.27525341351323734385 0.60454076238134879517 0.21316552789708231863 0.96137081745903341101 0.17414536759418322576
-2.2949624071240846135 -1.5113029645083779773 -2.3763377496030098079 -0.55250777099474290832 0.0067746267110883962373 0.83348021417635242969 0.56351257956100142543 0.7398458064375018628 0.36753469955022177729 -0.61415693081410915877 0.67274236311518398335 -0.41258814476808075566
-2.3022146072426279417 -1.9866858265700706454 -0.9131097556909871793 -0.73539922422571135652 0.0029804782812961751019 0.67762755091372961491 0.60778222420137184567 0.44509375955365948485 0.65764147766935177053 -0.2996477080722784736 0.89547901257126882868 -0.3291330872024700871
-5.1414800532601505623 -7.4074584239103318239 3.0472791776345089509 0.82989706121545347983 0.014103346693823902089 -0.55773825706866131391 0.082232803613321123204 -0.99185408918991779803 0.097279143535552461963 -0.55182300948388873785 -0.12659605589887595878 -0.82429655151227232412
-6.3261465579928577441 -6.5994969217826691121 -5.6245074875679224036 -0.97933269547973689217 0.00078439526866914575584 -0.20225443453362521029 -0.12836913515765299709 0.77035328050008167189 0.62456159693154600365 0.15629727030028447987 0.63761681905893197175 -0.7543314625214772029
-2.39449280481925042 2.188911567156228255 -7.3280486364925723208 0.97112593378253364573 -0.0041488568903116675168 -0.23853135584548917913 -0.23543583538708362513 0.14480500003124530117 -0.96104187181494282743 0.038527758182431919021 0.98945151419998544906 0.139647101283899705
5.3009093383657663878 0.15827607351273684233 -2.6456489237889688759 0.91524683119919392205 -0.0020631243834593128612 -0.40288829903276796029 -0.11356031739596891827 0.95812140951915036879 -0.26288289966029554368 0.38655826506837692724 0.28635486400387205608 0.87668329490675078741
1.2104239656220401322 -3.2732102748953413318 -7.2672224464432053637 0.99693083601622167755 -0.0015580834569831542632 0.07827183769321154061 -0.042641635582668931115 0.82767011665889500538 0.55959259189578758331 -0.065655152994750248796 -0.56121274964645928574 0.82506342211945271625
0.025796897966025647553 -1.6203121722383946324 4.6966880706335043527 -0.99717826793592112544 0.011344375613934185032 -0.07420786412618733674 -0.075069317593546014411 -0.15484349151399523503 0.98508278367443091739 -0.00031545567026891249696 0.98787387771803891745 0.1552581792049563536
-0.59288656994876454132 -5.3307053657095950783 5.3496583153239694042 0.98851887922929893016 0.0015269321634652629691 -0.15108968821688095741 0.088631219821789564151 0.80398778865770159641 0.5880035225764662643 0.12237210580931885684 -0.59464384648930390664 0.79462177389763788415
-5.2950779279918984699 3.691732817624773233 -7.2125455197205523561 -0.87895566121993073949 -2.9458892428992251855e-05 0.4769034962565421587 0.30548185921808385102 -0.76794892600035458141 0.56297005314988401992 0.366220943281791389 0.64051108201731288272 0.6750020551929737378
2.8986867061657601852 2.0028842512101197038 -5.9529239646857137203 0.99136295505679139506 0.0086675000583324099401 -0.13086010004522832806 -0.12725712408588379931 0.30478840198056866839 -0.94388010593906090939 0.031703559902464567566 0.95238065103234503805 0.30325893198497771985
-5.4192766710803637054 -1.5017414075719994759 -6.1951505296173365878 0.92745862864268813208 -0.0038546286783622835809 -0.37390591596560229792 0.25242745843855196597 -0.73125690019543021503 0.63367477789721493586 -0.27586386204535495725 -0.68209126057626079387 -0.67723750772019408739
6.7204357488181205582 -2.873018672734069856 5.7544934582593105787 -0.99526724008480649264 -0.006645081303402636079 -0.096948252735758272403 -0.047735386724090951571 -0.83556020642891870587 0.54732118019192066427 -0.084643095810256599454 0.54935870278612974893 0.83128849505135882225
-2.8915219423497289242 5.1342026054539822155 -2.290294371643815996 0.9340054057620343908 -0.0008732859936049107083 -0.35725780520360528314 -0.034211939115662989841 -0.99561988838056802997 -0.087009086210033600994 -0.35561699232355192812 0.093489439150791747712 -0.92994423463883468806
4.0523946634101459807 5.4427622693300348189 -4.3174613817742351074 0.81162629680861697601 -0.0026076508078375446736 0.58417116882467079453 0.47284801326367936758 0.5901486141334431057 -0.65432359699843956058 -0.34304155824220716742 0.80729041453093519642 0.48021315675954917568
6.5276930829112087551 6.7021827889472191941 -4.914572527162766491 0.99793056069099861372 -0.010634992528097277076 0.06341524243309991371 0.043896550049887704537 0.83333538047508803892 -0.55102199279358299311 -0.046986050404739521102 0.55266539658494329146 0.83207768296291095833
5.6411549076844114126 -6.1196163171327624397 -5.5170975942719877594 0.99815912167361997565 0.0055420172881225152062 0.060395809987957668752 -0.043758269062343084499 -0.62371701511578703236 0.78042443512731141109 0.041995020042734879095 -0.78163058480295666275 -0.62232631889722034302
-0.87104239232719948838 -2.651186271788615656 -7.167166339733596736 0.96361569095141386132 -0.0055791953815102404007 0.26723336754806825688 -0.12311520384555943441 -0.89667747829553867689 0.42522011535164527807 0.23724975602578587952 -0.44264926578101260191 -0.86473937158505054246
-1.876394242739971574 -0.54789638816450858538 -4.0964879694509939156 -0.93745414064740206772 0.0024485300910913740044 -0.34810018512390422663 -0.26804821391603100844 0.63293534225727632325 0.72632155932341779803 0.22210333000508605816 0.77420078611558795778 -0.59269153324357226609
-1.1398519988754025611 -3.8870030318895882893 -1.2016590681840102484 0.75656776170986861363 -0.0061702112411491242053 -0.6538861907354496239 -0.37224264477743723711 -0.82619023040604455677 -0.42290083541024536817 -0.53762499509452854607 0.56335746349436788272 -0.62736570911607969503
1.8459918942962461053 7.0416414668362747875 -5.0490745577867475191 0.55424284741319951308 -0.0025463366325601472298 0.83235111717418430732 0.82699561831915724408 -0.11161182520145881969 -0.55101819185598766015 0.094303305203483678287 0.99374861843683182094 -0.059754246566757901471
-6.8497171741585454185 1.3883333637828467744 -2.7501590612828601401 0.961871203749479875 -0.005445079531045641727 0.2734486030433601611 0.25731764396684686513 -0.32081572617502962519 -0.91151790983053004869 0.092689899669882697131 0.9471259794491868611 -0.30718229368167088156
2.877441334998073863 -4.8236016330491171544 -4.9411066213224792421 -0.88562729707973120163 0.0010225134552417705636 0.46439556967470474458 0.17962012071862740181 0.92292330827666113624 0.34051311174878157173 -0.42825331627474111373 0.38498249506439363721 -0.81754973891112314721
-2.7027639073103784106 -6.6823418191278456391 -6.5619459019335328875 0.91171429935227832342 -0.00059485302855170505906 0.4108243937578639482 0.22778638622059566021 -0.8314768138873730452 -0.50671458457414164656 0.34189237869433414252 0.55555913647194632432 -0.75793380137935528751
2.2505475865619510856 -0.034399940312321651559 -6.1392649961962506566 -0.3764306150610652324 -0.0087766818761552296835 -0.92640323936181379061 -0.92582533501552255473 -0.032997947277234498942 0.37650841228179454667 -0.033873899808217533547 0.99941688265242223377 0.0042957631509686483584
-3.6550584706766255927 3.5042856422611761147 1.1995366798398579 0.94854616327363749928 0.0057351931445762116546 0.31658692913387237455 0.25423720683613215687 0.58218768099233031421 -0.77228294475595227198 -0.18874220195538832234 0.8130342007937820803 0.55077379162471851171
6.6477793955463635456 -2.0979239241570204477 2.7145809789088923836 -0.063842926065091759602 0.005743567889877438 0.99794343137235852481 0.87692477100139565316 -0.4770116027997485797 0.058846213120322982126 0.47636858292250389146 0.87887822946204008367 0.025417139533170311771
5.7965434573814089703 -0.96592153956011816973 7.3048436469073241284 0.83355019225463033994 2.9797890891338808805e-05 0.55244373116578548988 -0.45364928303076168525 0.57072301039027650837 0.68445421571991804655 -0.31527195403004842911 -0.82114264566098615905 0.47573979282676120972
3.5641190260357218378 -6.6240153028360726495 -3.9367950856389866132 -0.99557821857407668986 -0.0072428247932734409961 -0.093656565120005030867 -0.067989206038445521019 0.74353535000016945933 0.665231276446377362 0.064818813343985204334 0.66865740464694956025 -0.74074003310708791403
4.4437052149346589758 1.0694348586852995275 5.2530098917678094139 -0.68620811349419930103 -0.010617883174316854189 -0.72732777035639895047 0.65924453743196920197 0.41352041322064653217 -0.62801075445881326953 0.30743302496769997489 -0.91043293460131025086 -0.27676128116574072457
7.2204587504775563644 2.7441526869161334545 -4.7234775147831431497 -0.9998144269538772333 0.0047386819506815437003 0.018672347152633543554 0.018331598571019527832 0.53196868017474896462 0.84656557679063648703 -0.0059214988517475690422 0.84675077101024476267 -0.53195682874168370713
3.447601133876621482 0.35077291475768845874 3.8682403696348486299 0.97820523253193369939 0.00051110804810739721583 0.2076397404536494129 -0.1342182217688616952 -0.7614420638594272539 0.63418566077351312682 0.15842976990546195348 -0.64823276849766608976 -0.74477801112395214389
5.0439778978792997322 -5.5644773843497761234 -7.3070634894263895021 -0.32522629827929294688 0.01293880746153939186 -0.94554769428576390666 -0.91961617951546548166 0.22861996319437535852 0.31943543135106305941 0.22030419260879280374 0.97342976104618794686 -0.06245448765719927714
-2.5344230612747700171 5.0304357681706655114 -5.3298698813009339759 0.99202438531084513595 -0.001530501901748622471 -0.12603680618184634477 0.12604413666420555273 0.0064664674484998917875 0.99200355866868794585 -0.00070325042858667341159 -0.9999779209376475908 0.0066078041865796598164
1.5707000819657546131 6.9844017722710507456 -6.760076636289849894 -0.93289793821647326588 -0.0026628441765482943615 -0.36013101245568840403 0.13885146193812636373 -0.92532211513460460584 -0.35284451924374526932 -0.33229762019782649318 -0.37917264208226114652 0.86360083320201375123
3.8743489084979989556 -2.7643949211319287507 6.9176375275398687137 0.94229366626788624295 0.0065529706640366416209 0.33472332617699934731 0.2296669699000861431 -0.74010709079255054821 -0.63205583384327246321 0.24358926382004858491 0.67245710103620881526 -0.69890322493010303972
-2.4502753191460957538 -4.527074351522974105 5.8044119802745841596 0.63369451671907839341 -0.0043978478446949076375 0.77357088777603399965 -0.32287884612084671865 -0.91022064584859763148 0.25932147346250578046 0.70297973669797786389 -0.41410027143843330943 -0.57822180431617964391
-4.5043926919483041615 4.0152761826121654565 -3.8784965132358313333 0.75652581768602766843 -0.0077904636780259843912 -0.65391742280666176335 -0.60456516806607207837 0.37291394041845971064 -0.70387225446304668708 0.24933841407949361435 0.92783322947464819119 0.27740918071877246343
-1.3284736577510867228 -1.675107979993464058 -0.41575714633082616611 0.73109996196036852734 0.0020954890016910473344 -0.68226714309520619661 0.043497440582305466061 -0.99810409677061961986 0.043545202635863020091 -0.68088238212210516753 -0.061512770508662745206 -0.72980501558979626875
6.1158485080345075247 3.6750151456583357579 -4.5325723776482718108 -0.96150238700750845222 0.0055739440222373820219 -0.27474004245235467137 -0.2489826660522940216 -0.44072938741536854534 0.86241825066141486467 -0.11627893955552098815 0.89762271485091293943 0.42515017346736266868
1.7680771254159488581 1.5596067741683090624 2.2072656699332284802 -0.99878310309711149095 0.0058549116775979612171 0.048969714896137661597 0.033173464098026080038 0.81449511275146924127 0.57922122939654885343 -0.036494304315871653466 0.58014087195541730324 -0.81369818387370951296
-2.0880404220207267052 -7.172782555180494235 -3.9806907426556792373 -0.98944782474031878206 -0.0017053199498989028704 -0.14487958448523310939 0.0018576032712498517785 0.99969924332918602694 -0.024453470046359525314 0.14487771197403950807 -0.024464561534809078219 -0.98914707389855283104
2.0556883002951717998 -6.9294933401327281075 -1.2454715928103547995 0.9610876216671795369 -0.010434719526912704726 0.27604655423783730495 -0.27602326032482882301 0.0036387450905548228419 0.96114406791785278461 -0.011033731817687695079 -0.99993893621688012541 0.00061692756052301512583
-0.53863210142183093332 -6.38031456846345435 -2.333878297893252185 -0.93076653064973791096 0.0080156350297779527941 0.36552621659389727959 -0.11777902625155740879 0.93989084175534109988 -0.32052036840083458769 -0.34612391769080252946 -0.34138095315885713665 -0.87387486428138694272
-6.8364108482789145427 0.41589552676626745376 -0.90048014638371098872 0.96935152080462083646 0.00045052919351595529032 0.2456774839849734382 -0.24567758983167248266 0.0033591393678979314386 0.96934577836658930572 -0.00038854633648034882232 -0.99999425658655383131 0.0033668717813044521381
6.120215755930527024 -6.774839852982348809 -6.5998800849198895335 -0.66693188139084536026 -0.0087140943329179383625 -0.74506773527269498647 0.58344735490257271238 -0.62805373357744009866 -0.51491522777693876645 -0.4634555530378470789 -0.77812118098618221484 0.42395327343827177158
-2.2629010742095667652 2.7402653383853365909 -6.2962019861008302613 0.83270347905874808614 0.0051752349222781261762 -0.55369498183287690907 -0.54048001876573581459 0.22495165783291121153 -0.81072689665092434463 0.12035890194913234641 0.97435618157933479022 0.19011513916541072922
5.6297672545125019283 -0.2112304205172559346 3.4952034319333784573 0.6776839085034399579 0.0011654624606965719585 0.73535240657301925715 -0.70211510893945139333 -0.29622419407888284093 0.64752266419118376106 0.21858383735863370911 -0.95511772496352131956 -0.19992808083409149833
5.2985868362057715331 5.92478247572599237 -4.5009099905482337078 0.91614884541713204058 -0.01547720886021938802 0.40053932272221215438 0.40071629709125250463 0.010717580706178434294 -0.91613949959019280733 0.0098864698629700219906 0.99982277903124738838 0.016020869013381993512
-6.1174237489276723778 6.7537283668970031769 3.0805757154271953269 0.75221098317965850999 -0.007401525241776938692 -0.65888075871737283862 -0.050490838724048053843 0.99634952379475971718 -0.068835322610564422807 0.65698501656337715549 0.085046127825154041457 0.74909134566692880952
-4.4887228321707857148 -4.3156641698250606254 6.0072799227595812255 0.99552517885387337149 -0.0035979773361909991175 -0.094428135780802516241 0.076754009813079920876 0.61368756796206047621 0.7858093858604130455 0.055122048633575101984 -0.78954076746418921928 0.61121758504365097942
0.28246163223747466908 -1.7509258112985581768 -1.9262322407932412904 0.99897360849743677136 -0.005067385467110230475 0.045011677708230370121 0.037261570382058351036 0.65695183617694841161 -0.75301119534604732397 -0.025754706331959191512 0.75391551685073321387 0.65646636513501244181
7.0937912473666928648 5.2479043484020611032 1.8735889089446613465 -0.98271965254114568289 -0.0031625373363992834164 0.18507318246288481656 -0.15775793105217150725 -0.50869295126296254494 -0.8463710276973706037 0.09682210336224980618 -0.86094220461833537161 0.49940364496817718498
2.0916042286053775356 -1.8915621073404997876 1.6441166531471858026 0.99783867478034737886 -0.0050660540388142473456 0.065515755424707972088 -0.065295216201008726697 0.035584142968752369152 0.99723131895783456713 -0.0073833497587489950453 -0.99935384317341469096 0.035176444969290676656
-2.1091717662645645959 -3.1040081084160502378 5.7657953682115170579 0.89301717698767524301 0.00072205162353822325422 0.45002199973598600025 0.04026558328240396889 -0.99611602531225951207 -0.078304194772628524235 0.4482175860091288655 0.088047389271342896278 -0.88957779470635789387
-1.909504927580129463 4.7081533256656227238 -0.077340079259931179823 -0.97167790105722939842 -0.0024044103820672502875 0.23629700676855747155 0.14595714464003459176 -0.79251645479951171591 0.59212682830676199863 0.18584555019046830604 0.60984579008370765063 0.77042166622672636489
-4.8951000648289744177 -2.5327344770689848019 6.4265809873606762892 -0.95579972705308580139 0.0038404321191975229061 -0.29399342313436688245 0.24663934703428463946 0.55477884739698579697 -0.79460019064636921993 0.16004972433474543014 -0.83198899125052427905 -0.53120467258716630443
0.088504844146013061934 -4.7452325278141813669 6.4446400681353521733 0.90894878488214458923 -0.0078494332915973203529 0.41683389120652541981 -0.0015114700536919024876 0.99975412794785922799 0.022122366723577778502 -0.41690505144415568317 -0.020738130296055569401 0.90871343559573447557
-5.496091248769542581 -6.3337683245249820629 6.0584423976863739369 -0.94311156332698919957 -0.0026130471329075229472 -0.33246616535148854066 0.32090093115225493126 0.25440965818049682268 -0.91230385191011476032 0.086966496448205851677 -0.96709301404209790931 -0.23909816119405338797
2.6288217843952050856 5.0704359274820651748 2.2700038853422985774 0.97900159856425439386 0.00076392928058660602986 -0.20385113789378933591 0.063180012900209442384 0.94961566303669220357 0.30698270062891258592 0.19381474654549923908 -0.31341587216912603076 0.92962698707287183542
-4.027836675206800443 -3.0755402549644448307 5.6566603062821956271 0.72837129502902309142 -0.0034541427950490902546 0.68517393811752824728 0.12389181855449288294 0.98416841978909552768 -0.12674122764550130316 -0.6738887696594604293 0.17720211733322782655 0.71726796648082846719
-1.1267824763657683373 -1.4116402698262680016 1.4916956235919238694 -0.91284762806662866907 0.0021996032112544553969 -0.40829446442327754774 -0.38186205251197136157 0.34938922925264559449 0.85563341410531357223 0.14453574223832588164 0.93697509477468821082 -0.31809918419839605663
-2.2077251065383052264 -7.1284344671616377553 -1.6608463126968171508 0.99974565452892272255 -0.011321966689776754092 0.019504853777793897812 -0.015538225504893199425 -0.9726271927243371751 0.23185104597836952989 0.016345941354898699954 -0.23209514653122337302 -0.97255573267437622764
-2.7680716029436589487 -3.0739857439384015159 -6.289457061183846065 0.96679929418430066157 -0.00034971625653601706284 -0.2555366949446185032 -0.11218904607211527269 0.89788939668577838482 -0.42568562256748671002 0.22959255803726819067 0.44022097748498933978 0.86803960063821072879
-3.1440651997273034723 -0.50082876431782419324 -2.7807089859756293215 -0.7605908297610599611 -0.00031164367334716655544 -0.64923146300965195454 -0.51158882831253682522 -0.61539855982004898483 0.59963445808029158801 -0.39972297961109026776 0.78821603348928559463 0.46790706782557900389
4.3780376910646117139 3.3040160316908315785 -3.2513629829834256313 -0.85720353801155646511 0.0096040143348058680528 -0.51488819886371839374 -0.096505788117191501629 0.97911743688066821267 0.1789292532150039694 0.50585445266442974344 0.20306848033325805569 -0.83837608805045116256
3.195782292009190062 -6.887105554388852191 0.51695290946236760465 -0.98643491235869673606 -0.00071436020699211684459 -0.16415131242073768836 0.16027079717597489394 -0.22038111498731577376 -0.9621566586213911032 -0.035488522828086885297 -0.97541358092163821247 0.21750611692789501017
6.7611167988144975638 6.3318152836406795814 -5.978602599803287454 0.99944515727838700858 -0.0035232494460539307696 -0.033120451475280275611 0.0094836524001269458667 -0.92312678851703600102 0.38437870994540906944 -0.031928638081545897276 -0.38447954306502485355 -0.92258118506436948003
3.7217862197134183866 -3.6003699076597546203 -4.6880808301325513909 -0.97456749535824260811 0.0089108040234468482294 0.22391693674852772289 -0.088883051131373472242 -0.93262188030376913517 -0.34973737518341124764 0.20571339337233360278 -0.36074509830377476938 0.90969498945363524989
5.8103534753893599785 1.4074310876432098993 2.1156839712287256461 0.94647468068677842457 -0.0068837346948000385435 0.32270465291887939774 -0.31794113177939981041 0.15254875560860023387 0.93575761492239839523 -0.055669700391679351192 -0.98827197236338448771 0.14219491235404449481
-5.4837239783177222918 2.9487688211567757435 -3.3611567416368046679 -0.81437273809717536377 0.0038657827151378737311 0.58032930235171864553 0.58029390121537394176 -0.0074737586257224456962 0.8143728452890295344 0.0074854295981990051287 0.99996459870130227632 0.0038431351429364887275
7.114395614188016026 6.4414626853468268664 -6.9734341799720800381 -0.99614510457091487439 0.009118262896924174063 0.087245561040447699996 0.084052557152749354796 0.3838209861288516267 0.91957415048665469559 -0.025101758416574877081 0.92336250080285053876 -0.38310780967713442546
-5.5000785316420044424 -7.411101914413319669 5.8566409492885398436 0.90373790592519909204 0.0056926867058608087921 -0.42804835090448400958 0.10596289760411120584 -0.97177007756931088611 0.21079558978356585652 -0.41476458591027459688 -0.23586120846583508159 -0.87882866852182994766
-2.6658230480728537515 2.6781858693293805196 2.9020833903963318967 0.88406679179282166015 -0.016919544595311020868 -0.46705421169266747583 0.24913437103135077644 -0.82845763585060372414 0.50158749064492658132 -0.39542125994942883827 -0.55979610092557563483 -0.72819664416188689682
3.1180957146674508351 -5.3372089336170382978 -1.7288272717262944678 -0.88327234399983978186 -0.01201997319505784291 0.46870618362632876508 0.2811263171486551582 -0.81361777646211819182 0.50891463688052074321 0.37523054264219496412 0.58127586744087722526 0.72202521133213082294
4.5083625987969444537 -6.3557067110855296477 -6.4680158607690376726 0.98020737695350423913 0.0034478214712180734608 0.19794345327148271663 -0.19504791303885116172 0.18807236661368303965 0.96259290280759535197 -0.033908845234113513256 -0.9821491217953206565 0.18502241153824869335
-4.6389996099382688755 1.2331752251479208837 0.16658535620658371235 0.9111440131034446166 0.0067966081241001754382 0.4120320297058051584 0.28649338291648585031 -0.7291432433345874653 -0.62150758019875884663 0.29620622702865201381 0.68432736085698497863 -0.66630168411307733045
6.6757889029069588105 -2.2541243442763119198 -4.6692655189046607944 -0.96667886175354611478 -0.007597798690983195366 -0.25587936941835115467 -0.25426388185573700618 -0.087455583414811632892 0.96317256985092569721 -0.029696070826726671255 0.99613944525086772774 0.082609618040644261505
-3.2826354556497383541 7.2664606100546587086 -6.9785814603574598536 -0.9893177025984490891 -0.0021752544780245779837 -0.14575922472782476547 0.11644833809753804554 0.5897106199363271184 -0.79917530573004846861 0.087694172438189249563 -0.80761169692017376054 -0.58315785094436800584
-6.5468564797238624209 3.2915886386384309858 -5.7711459492058052589 -0.87862329730198340805 0.0052728659111748871213 0.47748643784233962828 -0.38143617524101386396 -0.60931892845472346298 -0.69515242044053515702 0.28727607915691977247 -0.7929077123549341799 0.53737306783307758895
6.7795917919997732426 -6.8361968709793430321 -3.7220613416695393916 -0.98866628772540188219 -0.0059210353784369239988 -0.15001304228433703924 0.088230926584008023683 0.78553554508574985338 -0.61249425385140043865 0.12146717708694393378 -0.61878820992876015783 -0.77611009279850473597
7.3423869071708107725 -6.9143547948337324982 7.1065699026856128384 0.97699013871214224203 -0.0021906071476391268497 -0.21327322874559376253 -0.010541183593902105423 -0.99922118513512492299 -0.038025078904914966227 -0.21302383037514066588 0.039398279373712624674 -0.97625233586131354713
-1.8783679540088957793 -0.44440833015468428346 4.4145709782429314316 0.96582008178653511177 -0.011550417249728496885 0.25895589871499519186 0.033406200860649881701 0.99622215900133137545 -0.080158815228822510868 -0.25705173674182474342 0.086069726246713620932 0.96255722264281440292
2.290111495876501202 1.3097829248429981863 7.0106658708026587945 -0.64492323139900764595 -0.013128578789645992814 -0.7641345863267466898 0.76315532919297091041 -0.064494273730755738439 -0.64298867189111141851 -0.040840777737915605339 -0.99783171380485768953 0.051613000289231082685
-5.5903634700937132607 4.6949867929148316748 4.6448657478575752222 -0.99212155979099525549 0.0061140728071684066758 0.12512964761209208198 -0.11914884282165885687 -0.35466194212807289343 -0.92737180249354989048 0.038708705120151683243 -0.93497461191178554696 0.35259624392252653102
-6.7348340918340232619 3.9365992138736429773 -1.2356287549863036457 0.9939121257845002777 0.021111034718022590045 0.1081342241463063153 -0.07773729009225108233 -0.56113013508259756978 0.82406910221855667054 0.0780743232292591266 -0.8274583347307061798 -0.55607293077167219142
5.7389021164412268305 -2.8927095422173025874 -3.3801058106582830831 0.85099221055653051504 -0.0087212144638782063827 -0.5251058921689452097 -0.51222563765506234912 -0.23447540099916058809 -0.82622405100269979972 -0.11591873748929668042 0.97208293203037432484 -0.20400396945727089504
