1125 14.717824617146108679 14.977075390850430381 15.033177056927090831
-4.7695680906472244232 -7.4606231756876590921 0.28303880890382959734 0.88273866225941943764 0.00080372859750634049331 -0.46986360592488329857 -0.099891065294210282244 -0.97681783620428752624 -0.18933750275010713393 -0.45912332681622736175 0.21407071003192340575 -0.86219458469629084441
-2.5323452443174838677 4.8860283391492682625 -3.5780626842064866544 -0.7944896887873738045 -0.0022401776469713639492 0.60727351005510255 -0.56874872345883664693 -0.34777426572188302467 -0.7453710147742039771 0.21286386253775074762 -0.93757561919336329659 0.27502896996458592316
-0.079077650237327407057 -6.2082874247767119158 6.4568363594363482605 0.99263683003549185724 0.009763311334880606096 0.12073442511871146365 -0.1172245815586836909 0.32844662588077594423 0.93721993759515798139 -0.030504444517849262086 -0.94447207036488189935 0.32717271763602084889
0.085454126960643986277 1.4909432709935606098 4.6393455118166402329 -0.99067443871291482882 0.0016884232318358678715 -0.13623988295594680054 0.1207671491505094008 0.47383846012572689022 -0.87229147043387278426 0.063082899163954528343 -0.88061016513130840888 -0.46962355658600668518
-5.5212864435648878469 1.1244276712770495674 0.37883032347911382853 0.82156897514594917631 0.0081936231469143978867 -0.57005024657255953802 -0.51867459389450842888 -0.40430282977400511246 -0.75333650348643643735 -0.2366454832150709231 0.91458847924980357647 -0.32791283734778287062
2.2282398749567353669 6.2296364563844157658 -4.1281020501229352959 0.96981930615818268127 0.00088373248977801277179 0.24382315808760857134 -0.059739349657881350708 0.97037556852922546291 0.23409926549236373394 -0.23639315452307504972 -0.24159982412763328363 0.94114175418805179341
-0.99766227717024436039 -4.1548671994651700246 -2.7025279690700156898 0.89962696768110517187 -0.0029245740089830852063 0.43664947714131785439 0.30281905914534645863 -0.71627108038490350239 -0.62869416795659993635 0.31459805536472507104 0.69781601176186458524 -0.64349116333452116567
-2.7268066432450339676 -2.9842686286759385617 -5.9013627119076819127 -0.94623958613567715759 0.012983582655159238081 0.32320592849037482752 0.0071274631101117067594 0.99978841146358454761 -0.019295895231641345402 -0.32338807167159211442 -0.015954901585788501539 -0.94613191269282936879
-6.2533165604271365723 5.6014271327653171184 0.90110500095097156859 0.99997201871148844177 0.0063165327519927047875 -0.00400789322486621441 -0.0035003691280801286709 0.86857362769834867144 0.49554777840584496307 0.006611294130250091293 -0.49551988323473178388 0.86857143408526016337
-4.3569834366860984431 4.2304582543784050586 -0.87192838231086455814 -0.98804846348883612617 0.0083138603118195677361 0.15391917854512163211 0.10219675477513816275 -0.71220017853435291233 0.69449746508470866502 0.1153952213512869085 0.70192719381884693952 0.70283864255387240583
-3.9524505740396702613 6.5247066569989273788 -3.6755268320329790299 -0.80039139874212394954 -0.0059789124082597717644 0.59944796390182941703 0.56653624599939866879 -0.33445475501784921457 0.75311134556248149341 0.1959854351439644371 0.94239284242421028637 0.27108197977561576675
6.2370306537675030967 6.6086735700025229789 -0.17000387554295626202 0.95234395931280735326 0.0011111031250959470598 0.30502417709124546308 -0.21922938418120244131 0.69778506628811809431 0.68193436515307026546 -0.21208361622688978732 -0.71630633580542635297 0.66477497923201833707
0.82763731357193903726 4.3123034196281446739 -0.99028903370081911017 -0.70407390179718898349 0.010336265586277888079 -0.71005147871249985059 -0.021798108912508745716 0.99910829837898651462 0.036158685792691575012 0.70979207043752712281 0.040936166456369750544 -0.70322076691461177234
-5.7824758221212499976 4.6307462395265801547 6.6512994201684474405 0.99788497815066035113 0.0027206845470369878798 -0.064947426869583615994 0.050246743219517241152 -0.66616453330921843179 0.74411026021474668823 -0.041241183023967405152 -0.74579984743667160352 -0.66489228630383490071
-1.3314371285212984741 -2.0652990611600241522 -5.668155763383802892 0.99330154702497763797 -0.0014553418901133742536 -0.11554184807996147055 -0.11538958587522744892 0.040343126243835847333 -0.99250071820445007198 0.0061057472346398890262 0.99918482481712178611 0.039904958411844181076
-0.12351147774129953016 5.8826530531497995824 5.9925030642464092168 0.98802356619537390348 -0.0026022773118205329984 0.15428110965172422975 -0.095055007161779392355 0.77734748692678801163 0.62184839806982872279 -0.12154825484574531547 -0.62906606387669727898 0.76779027671784294551
-3.23786547983017714 -1.2074547379733213681 -5.7923732755984502774 -0.98915155938265297841 0.0096500735263431967892 0.14658126978518895567 0.081008427798098386896 -0.7965671543971566404 0.59909799128463447904 0.12254316462609983474 0.60447303051216527692 0.78714390564047687082
-3.9851774788015328355 -4.2581111165985081612 5.0915827453380604339 -0.99456838865248031745 0.00080343225879787524835 -0.10408205796305394775 -0.091294403335752685735 0.47353685744279966352 0.87602978063703296208 0.049990521229426237992 0.88077363671940844814 -0.47089144040579711259
4.206147982173464861 -5.5702614214223800104 -4.7619199382595294168 -0.97208497521723302714 -0.010510067880333175822 0.23439355671589082175 0.17420833236670005273 0.6368607081585024865 0.75103921025329622996 -0.15716951959842934139 0.77090724271927735245 -0.61725178430865124124
-3.4665832763450006304 5.9305813302622345518 -2.9594276850716245697 0.80353778548338761212 -0.014144345520430787883 -0.59508567852883020866 0.40813555707254672855 -0.71463461761349078571 0.56808690388121874104 -0.43330404377704612173 -0.69935491761923251897 -0.56846310772866737171
7.125053183807236401 -4.0965515706759472181 6.7480387429153951828 0.83306295544670572184 0.0094546341929302949586 0.55309738939423980231 0.42523568663210176144 0.62855437719409590347 -0.65122500391544324572 -0.35380887930767923599 0.77770817457606500334 0.51960491926136664897
3.6767731310175362225 7.2908391673229893115 -5.3769509164513920041 -0.99123098687860955458 0.0059114330087638887121 -0.13200827857039076907 0.12922510222112240652 -0.16532744861669260161 -0.97773601124733722223 -0.027604412823052620896 -0.98622101462788003268 0.16311378451560212821
2.9863818575901999175 -2.442810437496378384 -2.2953042150962765788 0.99657315191592543702 0.003665772030326179369 0.082634829193721379137 -0.075548388826768675397 0.44712355028552025482 0.89127603565102730965 -0.033680763443566699711 -0.89446469628235847349 0.44586826897454528984
-5.4158609163456503666 5.5072978758620356743 -4.2716414776302968903 -0.9452777458655917675 -0.0096751302406888894936 0.32612325128114660888 -0.31315904138517830502 -0.25356999352577908047 -0.91522329143332348256 0.09154997525989028162 -0.96726865463438627124 0.23666421738772164263
5.2244006113688783444 -2.5422559705243075179 -1.3832025547664683618 -0.98902386702778044558 -0.0052334198093681311148 0.14766313611215309276 -0.095887900317159324715 -0.7376100814584753973 -0.66838378070056303493 0.11241575077426256557 -0.6752066195231486434 0.72901215348584957887
0.83647776908973658916 5.4668364232696582405 4.7943618604859512544 -0.91962342502844207637 -0.0023208270276634905549 0.39279430991388381011 -0.36953491859259313124 -0.333932329964310326 -0.86714078611571276944 0.13317920287947757063 -0.94259419304729774591 0.30623436638277029553
-5.2733879056402299668 -6.551506965181702391 3.9201061361274889272 0.99982923415793456545 -0.0078705645957451719763 0.01671995024754150197 -0.018404245191144624066 -0.50581258606303780567 0.86244704854227183244 0.0016692160675887152826 -0.86260749010960413585 -0.50587106235141920951
5.9518476849953199093 7.3728768502523598372 -6.0049453644603696389 -0.57327669031962347201 0.0035647384982127132934 0.81935409254820590341 0.64047566291086432955 -0.6217289662857408139 0.45082592838047141903 0.51102324952493427546 0.78322435171589221969 0.35413959581542070465
2.32717688559546243 4.0315402880907527106 -7.2693474253185366152 -0.99996152766828250158 0.008168190659587078184 -0.0031974747543872562849 -0.00070416773493639809797 -0.43809479787485766655 -0.89892850228631704379 -0.0087434164522499947803 -0.89889166685219024089 0.43808369512281875036
-6.1565489019850012653 5.8175237277840832206 -2.0197271423150433556 -0.97925412880431139673 -0.014377247294504281322 0.20212532246078690479 -0.13707754062073765344 -0.68761181146372007955 -0.71302155969705471872 0.14923504640998630499 -0.7259361483600343945 0.67137590769049237949
3.8949713180938574375 5.9903685787767626536 -1.3714004575270397623 0.97854281772782736315 -0.0012938052478089732966 -0.20603951063122985521 0.20034549958893776989 0.23951790511806869688 0.94999623889904294405 0.048121041838692008019 -0.97089108513557187408 0.23463773382922623045
-0.79200228392742666461 -7.4881113995869519329 -0.90312843712572676846 0.99979085403377343511 0.0050399930144805205057 0.019820359760145064149 0.018097562760682014971 0.23334765130501761154 -0.97222494920291635534 -0.0095250413504894895778 0.97238031248113454552 0.23320763599511457054
5.0320223415329277117 -5.7598356923130875629 7.3276509650761720849 0.99175516254639550784 -0.017871951278504313865 -0.1268948025734112639 -0.006118397478168412229 0.98249397011139294467 -0.18619388794225161243 0.12800102646043795551 0.185435142441396833 0.97428411932707259524
6.1988920813252113007 -2.7004292661730415759 0.8522352811279260143 0.97265511388086045574 0.0057842077514638013183 0.23218219652294364019 -0.22478306314216131567 0.27496397944326439466 0.93480874222119780814 -0.058434612738897641349 -0.96143712896344624141 0.26874531267475865182
5.230992764583962007 -0.27618574396353345879 -4.5512861619543452107 0.90251496296621558368 0.014101824266141871345 -0.43042755508276880905 -0.41960203352260666554 -0.19622451845824273597 -0.88624492766927265297 -0.096958109953995688657 0.98045758547133177174 -0.17117840987097446281
-3.6045396335819264166 6.4359717176067627875 -6.2385766551226060628 -0.96974132896083475863 -0.0079337860585149567322 0.24400575801372223483 -0.22956997655731178898 0.36968673522723805025 -0.90034956747946215394 -0.083062511210459044619 -0.92912258224398003303 -0.36032186499795076928
1.3984018439324916727 -4.2606635223126732015 -2.6486679671543917891 0.99495637488244337288 -0.0038218585006741709852 -0.10023574950286696927 -0.094861889653460082505 0.28895256809754671368 -0.95263195163769454066 0.032604201756439611659 0.95733578580732026087 0.28713265094798690047
3.8266038138102356214 7.0044942575486501823 -7.3231956004128822002 -0.98881711871849820028 0.0044609544307739976837 0.14906644697835985669 -0.10559657078123378671 -0.72677063955298237818 -0.67871481619531193186 0.10530940113982555084 -0.68686573460123989676 0.71911431126230018762
-1.5545243516553757246 6.8443469446234939113 -5.1604807316360439273 -0.55757478698784490589 0.011412899424274945692 0.83004825320109454356 0.68986206693862073269 -0.54980118082427964499 0.47096601805598059531 0.46173659754728996196 0.83521758080811370206 0.2986819498971088338
-4.3522772368044648772 0.19840986911771993362 -0.44163261539215781237 -0.96924673299881380917 -0.014321818815054072893 0.24567388155262917526 -0.16063759741680169735 -0.71946301659521705307 -0.67569854968603948464 0.18643050412265407823 -0.69438307385588948772 0.69503655578331102749
-0.0031403165981150824027 -0.89675548218482825646 7.0051255487732024818 0.98456952911408368578 0.003105520074171268588 0.17496627699412020673 0.15725330619203387039 0.42295339542740501004 -0.89240227643587910489 -0.07677395412364122762 0.90614611462026162236 0.41593867207407325681
-5.3776825807930457302 -4.2641013343691493986 -1.7740654273108968919 0.9381508170429363469 0.0012001005175635570676 0.34622478859897426462 -0.34409096791973087237 0.11413692548218780376 0.9319732657311128321 -0.038398571297877728825 -0.99346430333469637475 0.10749059364453947274
3.3525002225149109769 -1.7953052312879214103 1.4984903330503214214 -0.96143344387713058907 0.00083137122778194696981 -0.27503643725241161411 0.27372625355419111237 0.10043009164113758658 -0.9565499123454305197 0.026826686522884161945 -0.99494377002669898147 -0.096784417006907139114
3.2155135055383516907 3.046287323437240957 4.5948780761858136756 -0.99472838950286646131 -0.0064287184673105955343 0.10234306374118698479 0.093040945083053078202 0.36303161802947353509 0.92711996356941772657 -0.043113961255253539784 0.93175464361049198381 -0.36051972269919030367
2.2388378778477329156 -6.3849651401991041055 2.1735778793652671403 0.99964951493884468547 0.0049913092797841370277 -0.025998732933902056474 -0.010099594503953885499 -0.83588933081051564056 -0.548805088194287638 -0.024471319403569245787 0.54887531686971868794 -0.83554595388751762286
-2.8253034681435180708 -2.1809094686127923346 -3.8459144794685338198 0.19482497477406113262 -0.011386979530566280344 0.98077192348760022789 0.93557648389228420527 0.30240730428609624569 -0.18233613219046415632 -0.29451633569639440458 0.9531107800311829914 0.069569885700449612953
3.7060790026239769368 -4.2663250124757956527 -0.54074179373737174537 -0.99954375218203839193 -0.0059627154896807511852 0.029609685878040727103 0.029063626215651450213 0.076968109417679897444 0.9966098613619366331 -0.0082215025999838424464 0.99701572513009062426 -0.076759694751479645713
-0.23894395297310180859 3.5984002312370670928 -0.096089924230222834023 -0.99662351597269105419 -0.011765733350038923635 -0.081259675909777506764 -0.0049279044113039079111 -0.97932416262449228928 0.20223723756478614866 -0.081959033476082229774 0.20195482667782047037 0.97595950982259493944
-3.8457039775029926432 -2.2391167922135499779 1.6640852346495567105 0.98546865185674781262 0.0088590008119235064132 0.16962621941269764858 -0.14006099420297907221 -0.52259410018314211843 0.84099840924741853243 0.096096067091780659752 -0.85253558550856978204 -0.51375930291437332809
3.9708692033201047344 0.8843506923140798115 2.3953864140893186274 0.95421251634416348608 0.0055203602497688733161 -0.29907858377841373132 -0.16136767756208436619 0.85136912227061356528 -0.49913033396339218095 0.25187089210631535829 0.52453802842771335424 0.81327788021233970994
3.1057321060057123674 -3.5413712111518087511 -6.8452255841006488524 -0.98951380333739624717 0.00062510660674340405574 0.1444369836513540728 -0.13686207611998427169 0.31555637853534057591 -0.93898506062974340658 -0.046164977252592491463 -0.9489066240718466716 -0.31216183890389498368
-5.529979604683214589 -4.4665390136897711315 -7.283451208435891111 -0.78113032267048754242 0.0029915985400895267476 -0.62436084866291452489 -0.61193071109631047566 0.19493183018984674981 0.76651313517521002527 0.1240009025048564445 0.98081223071345757791 -0.15043651239296368383
-4.1989530095334446358 -3.8081600516325120331 -3.5102359396770621558 -0.032899072416881919301 0.0037193326372674520228 0.99945175851508660791 0.88236478441831589503 0.46977364462774418019 0.027296703677471154115 -0.46941456970631179058 0.88277907166967850561 -0.018736925294803453979
-2.7183776515983879563 -1.8075509817673489632 4.4199885910166258896 -0.63192241716638464233 0.0064718557387886755175 -0.77500462822213134206 -0.11774823337683931745 -0.98915894947986315877 0.087749223362483017019 -0.76603486357952843555 0.14670612716361899897 0.62583376389693423647
-3.7892390152965038652 -0.76026793937930381428 0.2828408009833865977 -0.9803759347127843915 -0.0046730926538691239941 0.19708168063309183804 0.16985060602138885022 0.48744553604690243898 0.85647394649353714158 -0.10006896756878579102 0.87314088874189033085 -0.47708614540427601858
-0.63811399265101420575 -1.6638411774948302924 -0.1159758626473733345 -0.99355343994707689959 -0.0012757129366671336387 -0.11335755169256389596 -0.11301332296469485117 -0.06752541860577671029 0.99129627593092028981 -0.0089191256134521397503 0.99771673855790576901 0.066945939381544583568
-2.5429667378530043109 -6.9479057274070612493 1.8794156920872386873 0.99666694337656935865 -0.0060052351028515573925 0.081356875134922679305 0.053507756970761058413 -0.70467076941006656643 -0.70751397631627588325 0.061578599564452128623 0.70950901607403726867 -0.70200073517436323289
-4.4147129005449441408 -4.5204435696989984095 -4.8215250553868740369 -0.72239530897831860656 0.0011717733595659031789 0.69147931604159795782 0.68079824235893571238 0.17629806988389690181 0.71093793242187164338 -0.12107341065324656038 0.98433613034488054438 -0.12815463990968475883
-3.3219000807243461715 1.8100226527624230233 -6.334047933071937031 0.34539517468089986352 -0.0081639939986296941599 0.93842182546503849494 -0.88114980653209196149 -0.34690461697920782491 0.32129768932717689411 0.32291979152050820367 -0.93786488148382363139 -0.12701288251158018849
2.4540055614876314927 0.29200229884099554445 -1.1414399497111378246 0.99601579963833819509 0.0042911758924131611012 0.089073636280082427175 0.088313314538526033193 0.091209862839720212691 -0.99190801962471975006 -0.01238084592902840772 0.99582244739216974061 0.090467496504868946672
0.62397908869357876505 -2.9885850388061436789 -5.413844797775733575 0.65454437049439384566 0.0044718194778262752159 -0.75601036360923001833 0.75591886288008769412 0.012772743340195803416 0.65454070138497588704 0.012583314194411792178 -0.99990842573611637967 0.0049799945544434752465
5.0051202216061048134 1.1190932666431663289 5.2598886106708064858 -0.98776662524914848884 -0.0025914143139377297624 -0.15591785855273976313 -0.1097125007821835585 -0.69899034526083514418 0.70666517135361606172 -0.1108163400223164119 0.71512640966754881244 0.69015502387512683846
-0.66979818074339680933 -2.3217401673036985876 3.681582388728579236 0.95111447824974837406 0.0021115969945343857073 0.30883133005236734769 -0.30160277134251495257 -0.20883978792304536132 0.93028044766022832679 0.066460646869482720156 -0.97794758762342171021 -0.19799368242270720675
-3.758215425620601291 3.408043034343627653 -6.3138368841207581639 -0.99065833924132395971 -0.00084774239707972182112 -0.13636471766740998479 0.11621950182802212592 0.51787090029718918505 -0.84752743791586226951 0.071337804049021499853 -0.85545836366131955408 -0.51293460183078032344
0.5866607028043804295 3.2734385274066548632 6.1688571592146956846 -0.97845255670928010794 0.0077069295914268844128 -0.20632788833647397464 -0.012750169784180757221 0.99514056980876230973 0.097635441778072318275 0.20607772184206327171 0.098162363240639177731 -0.97359957015365572452
-6.4308842569629236507 -2.1906597903863307408 7.0285124008041837129 0.99483720040612444446 -0.0024116684887231835087 0.10145505676568623843 -0.056885519141576773583 0.81464265617469933112 0.57716668342244925594 -0.084041551629092242637 -0.57995821107728307009 0.81029963038617403015
4.2751070163995308349 -2.5091043611792835932 6.4769698429040802878 0.99324306863353284403 0.0091465623335377846392 0.11569160301859290896 0.06883856249306052888 0.75614125989674074724 -0.65077772503024899908 -0.093431573493232084049 0.65434450825169743204 0.75040242909745180633
-7.046266849383806985 4.477135474623239908 -2.0210920528546134634 0.80964786991014470185 -0.0047389569377855097349 0.58689681293834228271 0.2182675631793888904 0.93067813604717197773 -0.29359407001430537498 -0.54482070226243539679 0.36580835060309607742 0.75455593100531326289
0.7804465600087340249 5.9576726401251125509 -3.4630316446781823636 0.96841134549692597933 0.0033637326990679505823 0.24933541909473738718 0.15303107811568883445 -0.79748447952582279807 -0.5836094533557252273 0.19687802072238924644 0.60333008396530962703 -0.77280777347189244519
3.880647827703798125 -7.2173485550818341494 -6.366785444562124141 0.96684277115494454691 -0.010473970205335830785 0.25515750393333919144 0.25082768921853981769 -0.1487121527493436568 -0.95654072884849816738 0.047963800794215735723 0.98882505610079185487 -0.14115410812505910232
6.6063173301429509721 -3.8238628726827168514 -3.3367461335338499673 0.96339748619522791451 -0.0036930971231653657132 -0.26805157083346120572 0.2393869509494783443 -0.43820540487191422807 0.86641209066831248453 -0.12066139112316426329 -0.89886727839799884787 -0.42128190623089228906
-1.4316735870616679183 -5.6679312661278631325 -4.6795015917014364248 0.89115553806846481422 0.0023700272954821030059 -0.45369173448554250827 0.40995619605635330585 -0.43260217542984275019 0.80298896326688129488 -0.19436492555205561739 -0.90158179927504067397 -0.38648743178943750776
-0.72109583120666320699 -1.3314282867240965214 -2.3063174581414540576 0.79148914001200842971 0.003432330357665891625 0.61117359264879955738 0.30708314779442436038 0.86236491045369156883 -0.40252540486136356712 -0.52843626066313431622 0.50627559720615677996 0.68149845054107383024
-2.5829456172785580925 -3.2785879068427803418 1.3926705094566553811 0.35742422671278234469 -0.00073990023668439163645 -0.93394184760422571667 -0.90686622209732081767 -0.23931781693096465524 -0.34687265345986634246 -0.22325227295074293044 0.97094100492611912223 -0.086208976187494748555
-4.5753730100673370984 7.467058493082426196 -6.3530295164461767499 0.99861195289674609121 -0.0049346673920952661974 0.052438693629055468937 0.029937035129223937835 -0.76596605857389188365 -0.64218359605378960708 0.043335221927034164868 0.64286207398677930325 -0.76475513229406455462
6.18923878405015504 2.7248655349166028827 -3.3813370008118237564 -0.99247986095564111331 -0.0017459826224251735576 0.12239557648078128183 0.10247641486470959737 -0.55873735553353898187 0.82298915662816429784 0.066950055966011848274 0.82934282361149369578 0.55471449497029612363
6.6272825032155431302 -2.1599478900875768161 -2.3519521208459801542 -0.99959244204936148481 0.004391689260137807832 0.028207496579299058681 0.022621825380314868059 0.72455601076082076784 0.68884456903353086243 -0.017412719899344474006 0.68920193001460328119 -0.72436006022545140759
6.2596703570416494244 7.1732069417472752448 7.3492381540718918487 0.6483873875831356326 0.010496646577608351875 -0.76123821241041711438 -0.5504068640457029371 -0.68434762601963827766 -0.4782474367652492786 -0.52597155781891480331 0.72908034342713046172 -0.43794494310792081437
1.7151935418359467445 0.43340526682701868699 -5.4646075961386548769 0.53480579949340900647 -0.005540508910259452427 -0.84495683889138017975 0.79854228770962998318 -0.32360935671440538286 0.5075501935635450268 -0.27624802545488713612 -0.94617455419591689481 -0.16864383008094516181
-0.64565952225747946791 3.6283151790128447267 2.2305558358347528092 0.99975322540892508361 0.004338859542390714405 0.021786752449497882866 0.011948172996557522227 0.72177738328149132485 -0.69202214570445153008 -0.018727772063651570295 0.69211168410973678 0.72154742551846684506
7.1826140699600617978 -1.2948716444310390816 1.6899210405704534477 -0.99251659549627391232 0.004531210652812709197 -0.12202571775817386279 0.037289851860313444343 0.96282198329449675267 -0.2675505474356505986 0.11627671569414901875 -0.27009867940239234985 -0.95578576510243429265
2.6511964496319686546 -0.38379000422626369238 -4.1443816009082761198 0.88388973367957823779 0.0010829690544228868024 0.46769409433292125078 -0.18945063645804374741 0.91511106592227031697 0.35592161127454541303 -0.42760658909966059449 -0.4032004020393230026 0.80906244552185513363
2.0760462551621521321 -5.7678388204852586441 -5.1388655300752432709 -0.98650456217116688773 0.001032401314573936843 0.16373051933962079474 -0.13264550061172492024 -0.59127904036247880271 -0.79548366896849975749 0.095989165967584208494 -0.80646638527319325362 0.58343641422290770659
2.6546234008058919862 1.0492047632466072749 5.9536167497725633879 0.4195418071195243237 0.0018850898234315542276 -0.90773405715287358575 0.69077873768382580533 0.64809827407797115928 0.32061404008728322523 0.58890526202681037216 -0.76155437991882246607 0.27060214112907948758
5.1998441107203952072 2.2944832973121624953 -4.3831401423790614658 -0.61601069129309371508 -0.0027882693885947517666 0.78773285685335736606 -0.21858287722406141707 0.96132991247946197877 -0.16753007239475600776 -0.75680403936357032446 -0.27538523004327231103 -0.59279897189267538593
3.4521423360097602817 -0.82379380847678773669 -1.1842245945251028694 0.99996554164091744354 -0.0080388468950649983463 0.0020718280113522780095 -0.0080304368275862115373 -0.99995961019316947915 -0.0040360954793274769759 0.0021041898841940107762 0.0040193187181438647104 -0.99998970867814118701
-5.1144501166137841253 -6.1849968137228819032 -5.7203707923141848823 -0.99313114066931251767 -0.0090805676527742559823 -0.11665367857081948566 -0.10970465273642113213 -0.27441892956682456539 0.95533195291659256387 -0.040686934032747083811 0.9615673634158352634 0.27153780402089988666
5.9303256158263568665 6.4559303278005053528 -5.2477501742418848352 0.99931404978487425872 -0.017428960949258449908 0.032675085657925789784 -0.025140062842598044635 -0.96714160159994821964 0.25299229176993559554 0.0271920419019098282 -0.25364020535980985604 -0.96691635578387491456
0.73948587359369033489 -4.9382260624147225059 -5.2847755125978892465 -0.93773836026504731045 0.010395536039427916153 0.34718683805388822483 0.34312441664988574397 -0.12757609205024250665 0.93058582378827980897 0.053966678479143305458 0.99177430576095293446 0.11606603312900731773
1.4824022179519467102 -2.4380238856138150005 -3.3166098823683674013 0.69186529316999090256 -0.0017897827945340984146 -0.72202438517301303911 0.62101581223251511865 -0.50864710294407233793 0.596336721679620263 -0.3683229249775036851 -0.86097324078288905991 -0.35080379358261326583
-0.36244157760836426263 -3.9465883040725535658 -4.9670660507238304504 0.9940140052900016121 -0.0089160541426558694023 -0.10888829719458255341 0.071977694359208588271 -0.69634873944281305835 0.71408518020699396356 -0.082191050620669170446 -0.71764819867045892554 -0.69153864255218744361
-2.7190219892128797419 3.618375498438746618 -3.5205319540840736003 0.9661904398762868329 -0.0074600303743324160657 0.25772151993656594593 -0.10416469574097003692 -0.9256675594241596805 0.3637159407985497972 0.23585111840481026713 -0.37826434854028806454 -0.89514821821343759645
-1.2675041236147575052 -0.93939076779290331398 -0.885602445139666683 0.90979371910129702705 -0.0045491103111071819892 -0.41503577469788927035 -0.35333649391541965823 -0.53315461216324400162 -0.76869986444432558681 -0.21778133701343546647 0.84600559402669250897 -0.4866680841437506233
6.1391523069446041205 5.2638139664764125314 -3.653815625753845886 -0.99636635197648903972 -0.005473011238614729386 0.084994933948299739024 0.075529848391655121653 -0.5179709504009107901 0.85205712046941195492 0.039361588520241679034 0.85538069927289073213 0.51650220198988272546
4.0238105975021172256 0.38365207178648208508 0.38117427433357131683 -0.99675293800711783909 0.0075448980343247318281 0.080166421199186377322 -0.063377322219018511484 -0.68763189194519613867 -0.72328811424505812244 0.049667852808231743866 -0.72602028600688750526 0.68587728399762681875
-4.4606614231347192501 -5.544617789232036742 -4.5241892888898735947 -0.84020186503849025872 -0.011069672094085190178 -0.54216075876594960192 0.068993143031862769199 0.9894844781212263074 -0.12712361610625952379 0.53786687219097817358 -0.14421487411872277451 -0.83060297247386472019
1.7434024471642795007 7.0200104214887533161 0.37170837203373274793 0.90238551807227096457 0.0021994728373437525543 0.43092405258089822029 0.26860860608139452976 -0.78482475351430136534 -0.55847965317466519153 0.33697150252281504734 0.61971386025355845728 -0.70880528912891671567
-0.56227223172375850879 -5.9182645182210897872 3.7609861099796768613 -0.35959748318062723094 0.0049095963245246385109 0.93309460718310022198 0.74851415314114466693 -0.59556496414923099092 0.29159721539383642863 0.55715008089169504313 0.80329214445428986924 0.21048875984352866109
-3.7164943931355423068 -0.86873738916121179265 -1.1100390852571393463 0.9990926141342834077 0.0071127008938170269148 0.041992354879188106831 -0.0072255040561896083026 0.99997068221642915198 0.0025351131417483303843 -0.041973092254898709819 -0.0028362287464092396372 0.99911471580243982338
5.5654203726396875851 -4.4017322708693669142 5.229301477740704307 -0.94894258248533391864 -0.013920118870689571211 -0.31514156412108274008 -0.17340934829586640564 0.8575531584229439952 0.48428481124476974173 0.26350934152256544341 0.51420697269618542702 -0.8161825875139285813
-0.52262269373799730143 1.960694177603222732 -7.2349509772692828236 0.70222019220881148893 0.0061484700247420821448 -0.71193328196575356159 0.69082936150632234806 0.23592832206891153901 0.68344174596415341316 0.17216734572795475144 -0.9717510088300633786 0.16142608804928187949
-6.6090081320111533358 -2.4021664152307140583 -0.35125200051416122227 0.78138739228273257353 -0.0046365176283700371487 -0.62402904250188628854 -0.10240143983821110851 0.98546505073682322262 -0.1355454864439226137 0.61558727106772370696 0.16981500664115725674 0.76955518010001822127
6.2508668528849558044 -4.9548821434116057105 -2.728309145386961454 0.98836409568492544775 -0.0013501663721460534229 -0.15210059635559958213 -0.14385834150445531154 0.31651738986818417354 -0.93761480336581193296 0.049408419733377402505 0.948585746762985349 0.31264019111054924815
6.5267604705594273184 5.5997514021970991038 0.092482632260165578697 0.98841242285751329533 -0.012116694298246404038 0.15130785855401820972 -0.10984532639856110781 0.63086286436828264979 0.76807945593501925075 -0.10476109301315783551 -0.77579973709733973664 0.62222173002098102312
-5.8787017538294659147 -2.6556043716408872513 3.3191922309485528686 0.99543040957421147219 0.010052388905457714657 0.094959197407043116623 0.019626435923994083738 -0.99475012246630789559 -0.10043404236660327666 0.093451071196700402632 0.10183881053150152518 -0.99040181439747876357
0.78671876325169509681 -1.445897482757339203 -2.8589139791647077971 0.98901650866445256494 0.014421544821196091712 0.14709984579896756562 0.038688871864709067916 -0.98578834565808026724 -0.16347632476478382579 0.14265173249192966698 0.16737191105368370847 -0.97551890120458306654
6.1975242787982445236 5.5252919014547963172 3.1953433727120148511 -0.79095671995783944919 0.0028246397218825080797 0.61186558047001993188 0.52081374136098745886 -0.52175914860393257655 0.67566296158489991264 0.32115496876607041443 0.85308816206680282423 0.411217793606248605
-1.8921346358495314544 -2.6995517846451950739 2.2336876374783902754 0.81718648285939343712 -0.0066864339601607420197 -0.57633457629454021287 -0.47700674517089930449 -0.56912586057829006592 -0.66974645940268529021 -0.32352869624375651947 0.82222323393459650909 -0.46827143441041496619
-2.5943252567633003913 -3.4777676466452236426 4.9686185403903655455 0.88950651594384855247 -0.004946105682450646461 0.45689571472271145458 -0.41930428126184005055 0.38848295969629864643 0.82052721450359900057 -0.18155461384633911348 -0.92144263308360752074 0.34348420069487117789
1.7101141841747384831 3.1555142471580599484 -3.1790361061913952057 -0.9751336954123662748 -0.0064460284712477902702 -0.22152364385867739927 0.17952109038121660811 -0.60908874919064492914 -0.77251736143455118633 -0.12994789024767497421 -0.79307587551652525271 0.59510016089215767021
1.44496102642533919 -3.0218990206814928534 6.0300956899873439099 -0.97552741580145208022 -0.0025585348599907664288 -0.21986294576167680903 -0.16671134640036078256 -0.64337141899253280641 0.74718173438917367957 -0.14336522591276529282 0.76554991419434426092 0.62719992097908039419
2.9533763993715789198 -2.8030607788271679759 7.377837024157809509 0.97002980106925196235 0.004501451895552082208 0.2429442774969216845 -0.22863400738986203176 0.35543810611930221066 0.90630582221627498107 -0.082271961824686434817 -0.9346889801689095556 0.34581474035725806582
-3.9234952828143150327 -3.8828902699496228301 -6.2270203440331828304 -0.63479131455524306915 -0.0041237172625463386702 -0.77267262273299153197 -0.54118008983570431436 -0.71137714867166312871 0.44840457481286416508 -0.55151074090227059088 0.70279836888227564806 0.4493443616712431421
0.40114050252709593236 6.3786604766700962799 -0.80349753389117506419 0.38295456154868195986 -0.012263487941326155911 -0.92368577484581282366 0.91497208330704327128 0.14268658775226103486 0.3774475121715959447 0.12716874835411057232 -0.98969194426315587609 0.06586322876181888164
-6.4971472682449151748 -4.6992280351405479877 5.1703537401079753266 0.99955139444772334034 0.006155019151597695623 -0.029310844358873069243 0.013951650656724889216 -0.96167625511234200442 0.27383230597762664438 -0.026502099949605707752 -0.27411839794570280748 -0.96133071448175932971
-0.80328957651481835978 0.55735812129799222614 2.4510753707198196238 -0.97423842601338250802 -0.014050653845228588262 -0.2250823591607307439 0.078106971686266180033 -0.95730849367619297308 -0.27831591565944296951 -0.21156273361071872841 -0.2887265610606080668 0.93374417411055909977
-4.9972068742207023107 -7.407768532503336445 3.228771814929667805 -0.88768499850440885091 -0.0049802036150719680707 0.46042430539906659126 -0.45367951071969309096 0.18032168563619629942 -0.87273076675592065055 -0.078678109937880991165 -0.9835950829793692618 -0.16232827158356452624
-1.1189600400583186168 -3.6930223513716198269 -6.2384061018744585425 0.84994811014616455935 -0.012864561651924278501 -0.52670932506686996 -0.44590254506392962286 0.51493690584790918763 -0.73212765505839993985 0.28064057148673821063 0.85713154535893543162 0.43193330918824135445
-1.3962875484740784326 0.51546444194157248209 -2.8511830434759564135 -0.99458851044377083461 -0.0038135281999587215124 -0.10382269451293935081 0.025838297038039755027 -0.9770069317701648437 -0.21163609729731988618 -0.10062841198895058903 -0.21317343238716141007 0.97181840403684827123
4.2422506344601842443 1.8066122504148145467 -4.5143480901573553865 0.62620340623556824955 0.00314963539430331875 -0.77965336773199023224 -0.54802944452336621595 -0.70949633301012016151 -0.44303349916297235511 -0.5545565994147528821 0.70470208829131297801 -0.44256292750697429073
7.2390833324253813785 5.5780182163723486255 -2.7177850138146175674 -0.89361035995019411082 0.0037939800410497406119 0.4488275061816507927 0.0055974909164409145795 0.99998071147701461658 0.0026916109090381326249 -0.44880863704387158331 0.0049175592821208875816 -0.89361436029501650768
7.333294366617270299 5.4939435211419720417 -5.9437945901418354211 0.72097840240272592638 -0.0037257463147680504323 0.69294751755312489205 -0.58622813416381713836 -0.53648646321389692471 0.6070575339314687735 0.36949522051505567788 -0.84390070126918093063 -0.38897929046920987073
2.4833457461514796272 -3.1427553181298404361 -4.8373527624916174972 -0.99991273393905255595 -0.0054754765939779605211 0.01202263126779170091 -0.012670345225859604849 0.13984669596114210344 -0.99009209873657588741 0.0037399008529338875761 -0.99015802818785414452 -0.13990386826948031374
3.5639932277992310006 0.23025554260633163128 5.1487709503746517115 0.34576248688039901147 0.0012268629372995127486 0.93832126559809425626 0.16454365408054136277 -0.98458290985332153067 -0.05934542549132592465 0.9237822733567409017 0.17491423164588804084 -0.34063370796161651644
-6.892758382716930754 3.5020456980360390453 -2.5393997910070518209 -0.27105756467414399147 -0.0076228701276604710763 -0.96253295449239506532 -0.3830236614078127988 -0.91653693174261674503 0.11512136010977533362 -0.8830745559886834517 0.39987741196864767801 0.24551452902531950562
3.7024937687194738878 6.0182836240499808511 5.2072541431000054502 -0.98742554653281233712 0.0003663360051149259361 0.15808433145768735484 0.15763252396922008969 -0.073303871716430130112 0.98477333929110533184 0.011948951484585461358 0.99730958492808530202 0.072324369123419843253
-1.5108078307585810496 6.1305349529347470394 6.755326832011862237 0.9727364542133895009 0.0093051902173813989816 0.23172657180268316224 0.20327499709982141396 -0.51520091644937859865 -0.83261473157981580329 0.11163810370330097543 0.85701891993397127933 -0.50304622518897723626
3.5299124449035503837 5.2499223694561392151 4.374345948421216157 0.88937628023119930099 0.0024073072901680198435 -0.45716959329524220479 -0.4411503618466031118 0.26696159290762749849 -0.85680678461055159723 0.11998412563616513149 0.96370416248137547033 0.23849129294691306935
1.1662432194170695432 -5.9882315390623794826 -3.7296440398342478595 -0.89774455184193258095 -0.0028246937225100583746 0.44050736741129120633 0.42224218422474457668 0.27951402888130905122 0.86231284666274998774 -0.1255637587018175183 0.96013745305754683024 -0.24973949174437234944
5.6468939493154577391 7.3506441457264166672 -3.7317564065547248475 0.99790920467482191469 0.0093899786674281893184 0.063945660727895994868 -0.052753730045359818746 -0.45326795977925904424 0.88981189057232246142 0.037339833845351250163 -0.8913248481547091373 -0.45182491284817505317
-4.2039166815440607294 0.95933203626941210285 -2.7453720863714203837 0.81304233102269196642 -0.0049517462322237965414 -0.5821835176077838625 -0.52057511539031908754 -0.4539450691809585603 -0.72314274068304262855 -0.26069851783499303766 0.89101591140422475856 -0.37165431306937535272
-6.9421226982249919502 -1.0902049205267170251 -1.7727605300442066394 -0.67565778285937250214 -0.0074031239298675156207 0.73717823775366719818 -0.54953759099740173699 0.67161539296482708483 -0.49693178607675730918 -0.49142140423706659469 -0.74086298172390441241 -0.45785046223508862884
-4.7621555217019784223 -6.3346610169541719415 -7.4943616637548275961 -0.65176778820062919451 -0.0016416559933227900178 -0.75841680837757963207 0.7339684548432896527 0.25050172021204553108 -0.63129960832068932053 0.19102109192186539355 -0.96811476237912219567 -0.16206402841024586392
-5.1466760710315213601 4.8400149837084160964 -2.6265422683352399602 -0.94192188660543230139 -0.0069608828783387201658 0.33575989284507667954 0.14309899682582630231 0.89616135457055823288 0.42002083719944921514 -0.3038187562366956862 0.44367372322897197234 -0.84311789844302864605
-6.2935406020134667671 -6.4486266449799565237 -3.9451499400524561167 -0.51371983160144729652 -0.00094961137172098163128 -0.85795747730158256061 -0.38746531936678618724 0.8924699754587898104 0.23101508433984532798 0.76548191416086741601 0.4511057981702875086 -0.45884746697543993266
-5.1399873893372438616 -6.9910753031644237154 6.1280591549217513503 0.99977189259990661974 -0.0056027601666624503654 0.020609993831692631494 -0.021353453697560361574 -0.28204892521576091502 0.95916236050001280056 0.00043906994213568396879 -0.95938366301656852198 -0.28210422604849944017
0.18640197972774047441 0.67595614420733740602 1.5670867378339117248 0.99151345422301695454 0.006391084291161157685 0.12984692578728179724 0.12507604019336490686 -0.31928778953682379615 -0.93936749551085796384 0.035454961068590570838 0.94763624956749303863 -0.3173775106105377608
1.4578111106300941646 0.21804461847253922557 6.4114819482110121385 -0.90576543594272007631 -0.0058251258991022340783 -0.42373935734091583427 -0.19088371571518425451 -0.88711845979975523235 0.4202192824672323912 -0.37835483626638266585 0.46150504459945307367 0.80240931679718674463
6.9379144593014130393 6.1896096360454535557 3.9341423336771446095 -0.56459488569121485391 -0.0107341243204282389 0.82529836642655363121 0.7601453633438491897 -0.39634570496584642374 0.51486804983598333241 0.32157680519296116817 0.91803859435764090247 0.2319342528211327803
-4.9049619480979371744 4.782023777652858243 0.17969716482811151637 0.99856232336422845464 -0.00024681681011862362241 0.053602476052569215936 -0.049872806758384916059 0.36223869162147792622 0.93075014554841273284 -0.019646615574883848077 -0.93208533374034530095 0.36170560007085716947
-4.9075426700840969474 -3.0708573417132236649 -1.9492031533169158486 0.95445102585738539336 0.0054941682427968674754 -0.29831703497326211849 -0.29688359693794358352 -0.082108956907231703259 -0.9513770278207025477 -0.029721526022466072253 0.99660821455131165525 -0.076737849722050083257
