1125 14.717824617146108679 14.977075390850430381 15.033177056927090831
1.6331882663706842607 4.6966217839618433771 7.4047380362080286176 0.99838889746524661639 0.011748148470020590081 -0.055512074592936277995 0.043311506974092535416 -0.78981835443482251158 0.61180967658379048491 -0.036656824490336178957 -0.61322830006897766086 -0.78905470609631733758
6.1267819453113965267 -5.6805003049380049518 -6.7981153865856223106 -0.98025127361052433184 0.0038618041166397229849 0.1977183022733797757 0.15342460188355244721 -0.6159731980862783729 0.77268228320324383596 0.12477312259369065239 0.78775764401775527634 0.6032160161749791083
1.8477957612857769387 7.1169814767923504917 -5.4020726835882149075 0.99773918400311734089 0.0020076041606453733784 -0.06717507149432352942 -0.065372762626771677152 -0.20282051568305456413 -0.97703134050275508571 -0.015585974825783574169 0.97921387242199076084 -0.20223073318647732943
2.0175780825097415772 3.574722492808092067 -5.6694058829905333852 -0.99696141564114082456 -0.011778506068624464836 0.077001315038063594676 -0.071260810183413861307 0.53714815867009468864 -0.84047233896734407921 -0.031461606042833149821 -0.84340566895887980614 -0.53635533456208406289
-5.5462580443315294687 -1.2831491814493063419 -6.7224117903204572144 -0.4855215772963830112 0.0048437423282272967437 0.8742112651641682497 0.7357409438047511907 0.54236866637443315042 0.40561249160317086604 -0.47218011562209738496 0.84012663801090192717 -0.26689542992636189345
-2.7321793630345396764 -3.077379175735602157 -0.48537897509896377191 -0.9729837488688609648 -0.00031714377185790634806 -0.23087339356644420718 -0.15471580890515007622 0.74313685823507169559 0.65100739504805826829 0.17136406540422483014 0.66913937961558178635 -0.72310915340343151492
-2.9281849533311410383 1.4410628024864995389 -1.2204797574804056026 0.34410143831498213318 -0.0031240931311033075593 -0.93892728163134242525 -0.058664467183211457812 0.99796915911778272257 -0.024820107570339138003 0.93709801005006343466 0.063622303414708994418 0.34321934978747720146
7.2068469263026324612 -7.253381385621207933 4.4079912638924287904 -0.95964203353476629221 -0.0042143104237343286325 0.28119282896444319775 -0.0084901994002856643468 -0.99899777760825825279 -0.043947205234804595508 0.28109621837992843085 -0.044560968587536900487 0.95864447846468647807
3.4146111437886630391 4.6109013541132606306 5.024369920699776948 0.98380356049031270071 0.0028197098320141070205 0.17922779807592958967 -0.1506263500802819677 -0.52902760937465986846 0.83512962537614465752 0.097171276765259731456 -0.84859992797297978395 -0.52003452310014952609
2.1927851281090013913 -6.8816527765638433323 -2.7558199491668640135 -0.87939431758456532151 -0.0070740115477054138493 -0.4760415870074766187 -0.46536208160198988537 -0.19833427031801781348 0.86261326805504290327 -0.10051749701962747752 0.98010891005957045952 0.17112205356078472041
0.00221015496083454277 -6.4945480162750710562 -6.6620921417038507784 -0.83850462687273696893 0.0061394281940045283136 0.54485988853506794882 0.37961373723347208164 -0.71076056960931144335 0.59221011743497165014 0.39090075622420550339 0.70340722210544814885 0.59364541493491407298
1.7972026032397372397 -0.89129465148190956114 2.0228363271768077247 0.98621700666368572463 -0.013151271579645495632 0.16493350121536548558 0.1623637038232292884 -0.11492877603472509418 -0.98001500198711810619 0.03184404886502791715 0.9932866758871241597 -0.11120942431684224805
-6.4788630745990838378 -6.3582388208474380775 0.72450422479815268506 -0.97686122120641727395 -0.0052818048556954027423 -0.21380892647563667919 -0.1858723995054772371 -0.47356589267211735006 0.86092206174536467511 -0.1057998374537538061 0.88074255479975149807 0.46162641449511665481
6.6389449392929416049 -5.133122177324673352 6.3376414538070120486 0.88061963721347913392 0.014196380431880843351 -0.47361114570577750316 -0.36773004007234660895 0.65081561064696824559 -0.66423915765838070779 0.29880373522183051316 0.7591030916291432451 0.57834144248595020787
-2.3005045120764520128 -1.7322731541285234513 -3.0689246708990536305 0.87262102818899756063 0.0002483604845845309092 -0.48839787006034524053 0.1134102265060522724 -0.97276891259803965895 0.20213550704086077903 -0.47504806250136577539 -0.23177700705608964005 -0.84888677532033396389
5.3521270374022096306 3.7994053332478183727 5.0861822264181917319 0.99881976898341684468 -0.0012703263521297207886 -0.048553633838532422873 0.043350391563866823297 0.47415031008136504509 0.87937604413637671108 0.021904625977751994437 -0.88044299629252797956 0.47364577232360433046
-3.6560704922541282791 -0.10823287950238197341 2.5339322997713638053 -0.5368354366208329953 0.0033059200438493741708 0.84368049928914490287 0.60483222222045851524 -0.69567113946455216844 0.38758179611534837594 0.58820548871293243387 0.71835279397301776694 0.37146139293238789048
-6.5058385370433455819 -0.11631140392881814116 4.4748846534851107748 -0.9033330046336653929 -0.0034468237112185492327 0.428926103362711586 -0.036456695467538900723 0.99696636979666286571 -0.068767483959900843615 -0.42738787078628409644 -0.077757166235024766099 -0.90071828614947491154
4.4255632571429623923 -4.7547497059137757702 3.5059320253762038533 -0.94964487554194909613 0.010335307195022227708 0.31315777458332022531 0.032416519126688192465 -0.9908517079186097698 0.13100405414546950622 0.31164688293727743629 0.13455881368392369479 0.940622212163580107
-5.0749649199692346002 3.5425323843789877643 7.3498277053272902393 0.99855368836698310542 0.0043454991164228471204 0.053587760598386095789 0.051608263803967421857 -0.35686556575292471827 -0.93272908986843861001 0.015070453067422778445 0.93414564422124446441 -0.35657369059854643334
-7.1585892615649333592 6.7160081480658906372 5.2733565658235752593 0.8508241476190347985 0.0034748387685910159771 0.52543905005614710557 0.52433497411346585704 -0.070740929140589173252 -0.8485685333935215624 0.034221407770054036723 0.9974886698302920518 -0.062010070233585470878
3.9426810892390395935 -3.0488062952319299193 3.2599535035644646719 -0.97158613811333716104 -0.0059547640553649465456 0.23661132054645223066 -0.073823526904831446305 -0.94218847475851574824 -0.3268500648732158842 0.22487877423409011191 -0.33503047446068440207 0.91497765988111079416
-6.7069967559996461759 -1.986744130429362043 5.2527274490738626866 -0.97441748444991393985 0.0035092238523030676485 0.22471815980528231371 0.19613271498003176374 0.50149675618419420342 0.84263453623219597421 -0.10973843498469554314 0.86515240789393554888 -0.48935548122244582059
-5.2538350729440050912 1.7519603278559234827 2.8828880884311338662 -0.96539594222469016227 -0.012899301688802898569 -0.26046935088832406935 -0.21073627140425449378 -0.54977454846652606957 0.80829336863112322131 -0.1536258397890167271 0.835213478024874445 0.52803176748636926341
6.1500682525072214446 -3.5354514847857121396 -0.72530848240490330969 0.8340124314341282874 -0.0050775348348348027169 -0.55172228779821008704 -0.30721335992809484239 0.82633620037230703925 -0.47200469853159893185 0.45830471925896815177 0.56315424405234926208 0.68761477711786289646
0.92998773604860918152 7.2619992796906913668 4.3920106624634920323 0.92374064852340564968 0.0028152204350436671118 -0.38300820983284583621 0.3184686614859943421 0.54990844282454465208 0.7721259069358640259 0.21279315288985575783 -0.83522019793831059342 0.50707622211953673474
-6.1783748609537783025 5.5436052719352773011 4.6778339052177502211 -0.24579101683374018905 0.0094823857994967356011 0.96927646231792030651 0.88258120199790845994 0.41564959505528470407 0.21974038320332889285 -0.40079570596978303376 0.9094753974077288694 -0.11053191207188664547
5.0270940356756383949 -1.6493470903918425741 -4.7053528550299645872 -0.57737358052614207171 -0.0031475644114212011915 0.81647402980658512206 -0.815295083176301838 0.0560796738712720233 -0.57632369162389041062 -0.043973581374704348579 -0.99842133541750044401 -0.03494511588642544575
-3.7762581909052581608 6.5642189071401233491 1.7557379873253591285 0.9848510845257164581 0.0023422626685539399763 0.17338643290143290754 -0.0027266800797382377032 0.99999432445447467011 0.0019789579439580713693 -0.17338081359951090787 -0.0024217482100759215452 0.98485188155946434829
5.3998521555644094505 -6.1650654992879276861 -0.084817604234505211691 0.99978992991706361337 -0.012324145050032349683 0.016377163525687604695 0.018385052660469594632 0.89244264011162499628 -0.45078611774227567155 -0.0090601255527712545867 0.45099251607905005423 0.89248174466803997795
-6.8096719486744445859 2.5107489198550880793 3.6610437397833051065 -0.95287955606215390958 -0.012334578295777602619 0.3030980201469243851 -0.043604050800903876306 0.99436608211849197847 -0.096616672919543039599 -0.30019866487463003901 -0.10528035386795936423 -0.94804894847091325527
1.9680984943809365362 -5.8122336843616153601 -1.2391543409705316758 0.99931616843685000529 0.001554900591863217843 -0.036942898980023120004 0.027471047242181571846 0.63753298476447872734 0.76993313664288354214 0.024749486142481461753 -0.77042149218563282798 0.63705430483924896379
-4.6878622058601155942 6.6839923613207021802 5.1255133392883216459 -0.99839599352489483142 0.00078231743686403999033 0.056611201126304494524 0.041606299460954079827 0.68827267400502167849 0.72425799413130198534 -0.038397343120184126986 0.72545166220600276752 -0.6872012295128657744
-1.5429538556970088248 4.8484810930938948559 -4.5927273544579216846 0.95141799306327312635 0.0053957401869367226099 -0.30785497959817559321 -0.061109368710838565808 0.98326551116649496542 -0.17162336556046159375 0.30177714878919409403 0.18209838148202206476 0.93582622955884953164
2.1007194546469838414 -4.5174830451796772479 -4.6356963919913747318 0.96600169446791528394 0.0031075672081710818163 -0.25851705806619612593 -0.23772504602278066166 -0.38237201718740315703 -0.89290449823342221691 -0.10162444970883488526 0.9240032378179897643 -0.36863326996254480727
3.8567782153058023376 3.0481028169537438544 -1.3742145749616181405 0.40194528667206458339 0.00098161644356576120349 0.91566316020198690317 0.0024216313012273902976 0.99999478864604740558 -0.0021350368787150428816 -0.91566048414449663362 0.0030755665804072583429 0.40194081487979860245
7.0802442769419471347 -6.9139758995690083765 6.6988318366143273508 0.98909254488921516391 0.010778009695588805159 -0.14690055191029585679 0.13176597049642427284 0.38098679205008534332 0.91514304526800405171 0.065830590637442731872 -0.9245176573707819534 0.37541102081041038963
3.6789482117971825659 6.8110557443520800547 6.9483774315471835692 0.99472740959740946209 0.0073255638241349549378 -0.1022923101226302367 0.032850754279301827565 -0.96764822562475505396 0.25015543045986526893 -0.097150442813427564936 -0.25219684288253724214 -0.96278686317444794884
2.8107014904060725335 5.0771672816637591907 -5.478576052074366487 -0.99141329634842056961 -0.00024861051850257553063 -0.13076549245254440179 -0.088613910539952961409 0.73665691010195999411 0.67043580726120510782 0.096162626224391242746 0.6762666153166068117 -0.73035348587223014594
-4.7307489233746533586 5.6960685225574199109 1.3229214745976412004 -0.97344673517644242366 0.00090643421416104156402 -0.22891184362436231559 -0.044828447753361477801 -0.98138476525835183217 0.18674676112524196681 -0.22448132226656680732 0.19204978754418186582 0.95536642973145335933
6.4860498646341202544 -4.0023061386773770565 7.20923621538044479 -0.9639710098451876874 0.0032276690521788834604 0.26598773342136933229 -0.2217584860829426574 0.54249308210270386077 -0.81026195129769817971 -0.14691176272964842631 -0.8400540685116949513 -0.52223184118593191094
-5.2375040396511316487 -6.2664672048014420369 -2.4736955989551714374 0.83829822432523282139 -0.0012636686930222965769 0.54521050084764133281 -0.31265933474416579552 -0.82034291290363070548 0.47883363044604132508 0.44665448334304680422 -0.57187053464073256404 -0.6880871050378883913
4.8175414236127753753 6.7331383101693482729 -4.73571647715164179 0.96556295522745150262 -0.0030802168508584871695 0.26015128628679529132 -0.25847517562179161965 -0.12528998355552017907 0.95785855093945093675 0.029643938331442652723 -0.99211538254628217626 -0.12177152637377396116
-4.1060543725651355018 0.38984151658650040284 -4.3491058413072778421 -0.98787607851752246013 0.0011962369598091039842 0.15523988698152246801 0.14146796593182334179 -0.40488462877285397168 0.90335776522848953984 0.063934873957949153733 0.91436699765496110004 0.39980661011467255594
-5.239549449846444773 -4.4887432934955988628 -1.8581165502984788862 0.97688051766590366931 0.0075212592095243654966 -0.21365365633366528719 0.17981667171824750051 -0.569442633937099707 0.80212284048447723972 -0.11563052701180026594 -0.8219966650264406427 -0.55762986281976456571
2.4490639160535612184 2.8198942289852593213 -1.8323210145955399764 -0.30765490207319823313 -0.007867459971760184731 0.95146548245539730448 -0.94584092036204658882 -0.10635080635835808538 -0.30671560011796888956 0.10360219398786971179 -0.99429754553684512874 0.025277981335045159733
4.7224581790899193834 -6.1390044299253991866 -2.7031715630714820975 -0.90538988486594051963 -0.0032367776038806743422 0.42456881615729985535 0.28862496034375434428 -0.73807985376537177391 0.60986372390250753739 0.31139169649979631105 0.67470560449456806751 0.66918424863002579084
5.5547086669023340022 -0.027643553822721343705 0.049157368131737592953 -0.64447728991164754397 -0.0042702638311197804732 0.76461152727055170519 -0.38526018910599529876 -0.86196062203050993755 -0.32954282386166428021 0.66047226245940238165 -0.5069572476210632006 0.55386888304561887608
-5.6396132808862526886 3.057974614458225826 2.8058567592413212743 -0.92442902517495451065 0.0034310806157170567476 -0.38133870128774188801 -0.37305303828358299389 -0.21563925989213467149 0.90240298105700500475 -0.079135377938042705814 0.97646706922399995054 0.20062316585987446937
5.9225006530533734761 1.1837737390349476474 5.6110617244011509186 -0.91729877080649335763 -0.0091484487934663377695 0.39809455027868645427 -0.27987743663613029454 0.72595572820794440627 -0.62821724040664972399 -0.28325180588811554871 -0.68768058469525894516 -0.66847874154249309342
-3.351084254311611943 -0.57634913452683189661 -4.1759057884633108415 -0.84566847180008219986 -0.0010681162901598588444 0.53370749941393114124 0.5324679291838989581 0.066456212418691373855 0.84383735175777885296 -0.03636949537212422201 0.99778877071181704128 -0.055631185928615718705
-1.5565185664455190029 6.0369857283232697398 3.6699132027919327825 -0.99983868867112146717 0.0058769313881771615901 0.016972280756161087917 0.013495273432206793263 -0.37774903385355801388 0.92580966997423863596 0.01185218256685857327 0.92588937195551834769 0.37760878785889140374
-0.23450657294313462242 -0.038540989749103464479 -7.0222678518721597385 -0.63067896124639155619 -0.0079977658513515851452 0.77600263116989398604 -0.51634275609084412384 0.75081420715051616632 -0.41190798071121381696 -0.57933945668647546245 -0.66046503471598838608 -0.47765231271695024473
1.8314022002720673488 -2.6651721645763051249 -0.42359107311499122339 -0.72491842719461341282 0.0033175667778691676074 0.68882673268691918533 0.25134119939909005392 0.93231814116907596457 0.26002016293321666973 -0.64134302475220938966 0.36162394472420861247 -0.67668844175427533827
6.9304021005979699055 -3.4785956430713262932 -3.1887315726139244809 -0.91851894278705570329 0.005903304846016301996 0.39533290115187053049 -0.013838589376563221675 0.99879586225558769641 -0.047067175242563027981 -0.39513471776763681165 -0.048702941729929692671 -0.91733122604733563499
0.51449542973670947532 -3.0438966898378629899 -5.4100130489271807122 -0.99460830215579631997 -0.0048318339252075709345 -0.10359043712413965044 0.071149622694734376838 0.69493205747995723254 -0.71554676065023026243 0.075445718719111168338 -0.71905916923961854526 -0.69084141064314796843
-2.132162660483275296 4.460845545131108203 -7.1375126503092358732 0.95096339018833342394 0.0033936373251615874549 0.30928484241411025035 -0.26330165585093606717 -0.51580956513402043129 0.81523783679500294586 0.16229870162005044509 -0.85669654822575913578 -0.48962246242440593536
-3.8233574165029540204 -6.2652602846952714089 4.2250276841009295481 -0.98333292753568013467 0.010432929656477758079 0.1815144831770005851 -0.024061909214520182249 0.98210306266164237865 -0.18680096047846650453 -0.18021481112598397578 -0.18805512034906812779 -0.96548324354242975875
-2.6699307075073863693 5.8599284156666717749 4.9084937931952676848 0.96086654256717463074 -0.009077804000678982993 0.27686292790746208636 -0.12385714794846147679 0.8799152562666915367 0.45870311606882224753 -0.24777993114260302154 -0.4750439298252237541 0.84435677912802498124
2.2827484124437251722 0.81271911637896365743 -0.2399648401338633219 0.99979636691207640631 -0.0047357564459214428199 0.019616251430950422396 -0.019976106917695465176 -0.3700317938130806561 0.92880429947311438088 0.0028600457566841232075 -0.92900702052151229449 -0.37005104507338310027
-0.95988237783786845014 4.6326605722116989128 7.2851288736494286269 0.8814970529446508607 -0.0094317942383635531428 0.47209531548969652093 -0.44897335732053894608 0.29290058961808734805 0.84417543734558719848 -0.14623908528903142856 -0.95609637895914079131 0.2539563822293515738
-4.0152092677299595636 0.10938185290867016852 -7.1869536023122906343 -0.58408809068579969903 0.0032807448071484166148 0.8116836446747273115 -0.73287898447889676667 -0.4319688075318636189 -0.52563422969652207062 0.34889754431372943522 -0.90188257884996636538 0.25471222494968015493
-0.20179993504349405531 -2.5986717688697655859 0.052721941321546617054 0.77059455931155684816 -0.0060800782809680318716 -0.63729667958308766629 0.63726540456973712612 0.021103285122179932243 0.77035540855880746403 0.0087652323484241016077 -0.99975881291700829934 0.020136700244256181686
-5.6232212467678204249 0.61830258818845007518 -5.6933816290372680768 0.94479963544547473919 -0.0039259814886243669246 -0.32762514484018667726 0.24031962226459532839 0.68797929601368035257 0.6847853440393770752 0.22271086191908442964 -0.72571969445906381324 0.65094607845609631092
-2.782034497325878597 4.3729341576738667285 5.2768642049223091206 -0.95535804167997095959 0.0015559679062223403384 0.2954464268886546896 0.16208888873072080372 0.83882310916940105994 0.51971432890905955304 -0.24701863157947018257 0.5444018465133743101 -0.80162860800084700941
-4.404727579168959295 1.8628135257553948279 6.4648504293324844383 0.25843309803820929682 -0.001155302179185387643 -0.96602846703155043073 -0.36974414458934756755 -0.92397109802634025399 -0.097809393997406665622 -0.89246938400171715866 0.38246055389957928083 -0.23921187957668876845
5.881704466254434216 -2.3119641486250888107 2.9525852114542243676 0.95782418720202178175 0.0031155161142235425487 -0.28733798908297292218 -0.28712330117048351363 -0.029760232829963394197 -0.9574312186610504094 -0.011534137846008769845 0.99955221079301048714 -0.027610533549744759735
2.0751142276137684028 4.8434767341932012386 -1.8873419841055658619 -0.19788927026754768446 -0.0026957405792335156075 -0.9802206739790040313 0.4868297275989982853 -0.86821716047235375502 -0.095894622306327004235 -0.8507859031735643951 -0.49617708053080067376 0.17312322697146464989
-4.2984965637846164199 4.8916687296075078706 -1.8876268904838944263 0.42067467256802643094 -0.0075938908662022391177 0.90717977969159446783 -0.68946807167145129913 0.64724055960783466457 0.32513602713961436974 -0.58963259577927140676 -0.76224798512019686925 0.26704196519380773989
0.015531379883355126564 -1.2319760329383901976 5.5835811718340018217 0.99773994205237337418 0.0048632997079342760519 0.067017582388086152645 0.045401476052068005795 -0.7840553944403624298 -0.61902814509621639782 0.04953497759649359844 0.62067180277898081897 -0.78250418480002770227
-0.29338332629152291675 2.0131742013808451297 -3.016404488036138698 -0.95389016364057810371 -0.0050747001894302550332 -0.30011298393722207756 0.29195122269107220969 -0.2478647425567324647 -0.92375730198280603389 -0.069699636146173721274 -0.96878135655840480478 0.23791730476323458277
-6.6188512907460248513 7.4454646593730551274 -1.7729189884020926105 0.5710710751961329823 -0.010772935642560960146 0.82082992814101518597 -0.80061908787011792921 -0.22820297549049833874 0.55401487174569563621 0.18134746541512303253 -0.97355397684721056706 -0.13894513648410752871
0.76576911129355385022 6.0440044025263297556 5.5326465026577622552 -0.98457633201308580873 0.006682085694599060495 -0.17482790443850032558 -0.17045884108942571666 -0.26173625677374695586 0.94996732332459699055 -0.039411038225811732827 0.96511630471194675973 0.25883834423273749392
-3.2705538140254484247 6.8045045832234416494 2.838433199305552268 0.98632399859127606323 -0.0092656604650601936957 0.16455733754234413979 -0.013273417863199767769 0.99071006569574360245 0.13534172345332107223 -0.16428264114355989323 -0.1356750281562933147 0.9770381264584975245
1.0166658571551805412 -4.0411384728223085361 7.2288520401902527368 0.6039817847838109266 0.0066942410024047119266 -0.79697000620276958749 0.75216331493668409092 0.32587364368372556678 0.5727623556204546329 0.26354572907362167067 -0.94538963157512212465 0.19178658242274998491
-2.087206636729669551 2.2451243392379369723 6.1420693304271134494 -0.97281721061315518106 0.0072746822847345633811 -0.23146004781068205136 0.22707672519103744291 -0.16606566041949696877 -0.95961365002045884154 -0.045418450120354503241 -0.98608786394872827152 0.15989962151793746248
-2.696019319674656245 -3.3327143946211754688 4.5957513206157152297 0.92104536155773264472 -0.0093920249267278425875 -0.38934204990059773088 -0.1249206805617623095 0.93976133779762083265 -0.31818776146946281536 0.36887703306258495806 0.341702235650718944 0.86438956300397895571
-3.2278485777416574543 -6.8028556471369654446 -7.4620412578883517085 0.99849447404307356546 0.0034681934240811469923 -0.054742642792623086301 0.0086012540266066240396 -0.9955527430786337284 0.093812334890698470535 -0.054173828872575213733 -0.094141953362302438491 -0.99408374339514227191
-4.1923070442919874168 -5.1932580291028607178 2.6669090873939600428 0.91318604244533707615 -0.0041857857859164526032 -0.40752144861404171472 0.35122593495860066071 0.51528191747877460926 0.78174477173296585963 0.20671621730185155141 -0.85701051610624989774 0.47201841149222778515
-6.8027086454915295377 -1.3267740990911434107 1.933377675058632672 -0.86380247434039347798 0.011938564008026893853 0.5036891462129794439 -0.062611569565252905845 0.98942608391153363812 -0.13082742767497818059 -0.4999250710655235852 -0.14454582375464580801 -0.85392120722884701234
-6.6945324284803637838 -5.6636105096536253356 -0.75610508779160678916 -0.91955963009471430869 0.013796789294426837352 0.39270820631244102161 -0.28697167147566132739 -0.70628434188605970778 -0.64715507274302652707 0.26843499486920308073 -0.70779380967315674855 0.65342985585133939175
-2.8408001475554418569 -2.3031068562713610248 -1.3960628022203989129 0.91784343601121265444 -0.0047511362215870885095 -0.39691416411575675127 0.39666997416905142027 0.048031837571440472168 0.91670380940203877174 0.014709131987293080912 -0.99883450545324836689 0.045970339916719706042
-1.2848541761344995926 3.5328261473864741582 4.8100717146434570637 0.97879698949143201236 0.0082572571493255836339 0.20466624310596351344 -0.16253237104623988185 -0.57678188053094192611 0.80056598144891377711 0.12465825975367009204 -0.81685646229649933048 -0.56321029667402688901
2.6986912509298881524 2.0602704501993498454 2.9702575863982656479 -0.96851632415202459914 -0.007805568758991526454 -0.24882765711903798156 -0.17946642467494094975 0.71459656884607580807 0.67612391335295618511 0.1725338583160343775 0.69949325721532451539 -0.69349927962822022209
-3.214555728036508242 4.2498060487886366587 -1.4824567126635477265 0.14649491593803293243 -0.010382211208151564258 -0.98915693865767073678 0.83455267762353746441 0.53815403055559374312 0.11794942843445413438 0.53109421751279928259 -0.8427825633502636915 0.0875013316314044165
5.0699238587264803257 3.8685763319113606329 -0.08894922459817902749 0.99596919828009322639 0.008146500777389726472 0.089325195786750632987 0.043254311179225506112 0.82880085589989027639 -0.55786934476102389979 -0.078577481772315063702 0.55948438386141463585 0.82510775270486436117
0.97546017836285414671 -5.6134696329682745031 -7.2337210139009560095 -0.95058529815445158562 -0.0026448921263018941065 0.31045224347455124825 -0.29022576356575807699 -0.34755341170005044082 -0.89161406010584309811 0.11025695939678176183 -0.93765645657734908447 0.32961154764855682409
-1.1208032514063912544 4.214604625714231112 5.8778042816177054064 -0.98062429705940890035 0.0061571579750688207322 0.19580111700984298428 0.17635644396496383268 0.46291192326013635983 0.86868346132274365523 -0.085290050349862145396 0.88638289734703445966 -0.45502853383285002398
4.8404771923631804142 -6.3473921798788808246 4.3987559637588198314 0.95035062081458598904 0.0018143335451446683439 -0.31117584371402867705 -0.042943431893269649879 -0.98965053410620484886 -0.13692217497716910324 -0.30820376242763136698 0.14348703264417619896 -0.94043708576835383095
0.96747383288851918071 -7.4775903554851081978 -4.3969188803990109093 0.9929025255622779822 0.0052577019523618951161 0.11881469312445613884 -0.09904235397906131777 -0.51652128311769374136 0.85052711667796165873 0.065842135827741288256 -0.85625820910318684032 -0.51233455133643290846
2.7554458714311174106 -0.035919361248728923219 -7.0068769236989183469 0.66375388364049492385 -0.0058751264310502012214 -0.74792798105276614429 -0.57405531930644981831 -0.64502613365135363921 -0.50438257035998512734 -0.47946978249754323986 0.7641379258984279943 -0.43151124883998198678
-6.373348564266840377 5.0838950925355712585 -6.0842565841795925863 0.94753803707635131381 0.0010492639767446364923 0.31964131043797866516 0.12088260211093201923 0.92455080339675743684 -0.36137682333744525209 -0.29590381004696364453 0.38105735917793698286 0.87592021566813604849
-0.39672964358766904525 -0.0068385278294305212876 -0.23047133777800121734 0.999769749192715107 0.0015412832324110652821 0.021402641073797454285 0.018444362554893067863 0.44799969351285751085 -0.89384343153736844911 -0.010966042534852430204 0.8940323814372789224 0.44786811323503333826
1.0674519389723484686 5.1809601847119504114 -0.047004392550245688298 0.018677821607657425079 0.0036478262988082288745 0.99981889977290139271 -0.91557324356816183197 -0.40172229497668021647 0.018569689839556088179 0.40171728198078365812 -0.91575427439991863299 -0.0041634452050644532584
-1.2482568147016792626 1.608091589858558601 2.154945140629587641 -0.94972553751295463176 0.01072266955929303614 0.31290002836904728944 -0.26726276242863988841 -0.54831381123407296752 -0.79241566127188656221 0.16307059580081936789 -0.83620391578102459818 0.52361339938710638187
-1.4591944309366668975 -7.2019798910319590135 -5.3535061534999233146 -0.99967321537832298795 -0.001219085402238889726 0.025533826309466649274 -0.020207376253737148464 0.64945662478051391364 -0.76013009049360857894 -0.015656449155520165556 -0.76039766330488534063 -0.649269026860383347
-3.7419717907130611856 -7.0081476291872117912 -1.0579659585137004552 -0.98805595891879582915 0.0010301946559479087384 -0.15409205282548876781 0.15314253056203711023 0.11760397923702829714 -0.98118126225509305627 0.017111030888206323758 -0.99306003985990898286 -0.11635707909430421936
6.547140756978108378 7.2596282793177886461 2.8533730767453726607 -0.99867728717156012408 -0.010774594329726426903 -0.050275085327482996189 0.051157163972681128639 -0.30634009936921241524 -0.95054652074093115566 -0.0051595214825645926982 -0.95186115144777294628 0.30648609707887264353
-5.9859827982428424065 -2.8504375274343418667 -4.3176029658618180207 0.99902892602390935828 0.011488990373122022134 -0.042534786559509984993 0.014546768178047569595 0.82525499324373818855 0.56457292501646849647 0.041588417895221711784 -0.56464342662099220593 0.82428648191666475942
-0.78256917253159485881 -5.2801550606507570151 3.7803400823539656805 0.98977843813171206833 0.0036359174992150332557 -0.14256725961232610822 -0.14210194043497265115 0.10974965291223287567 -0.98374897825111995431 0.012069877134281533498 0.99395261144053614899 0.10914451097691971193
2.5270379501710746872 4.1985066945941058592 -4.0590172572051779198 0.8310118510943153014 0.003165816086995305173 0.55624570196014988532 0.39574257648658317521 0.69936935048570370022 -0.59520611955603230925 -0.39090550839870047417 0.71475344644831018126 0.5799313703309334489
-3.4643466708397010478 -6.4754936902681299316 2.1610323022947008909 -0.99360530905884680841 0.0075238646650286795936 -0.11265824989976797044 -0.096788477086186791576 0.45704221644764614352 0.88416310887076710046 0.058141899808249956905 0.88941317948693809914 -0.4533913493236795822
-5.1990076693540654418 -4.5327439865908081273 6.8270299753349119598 0.65810331917622788556 0.0021148992136108737266 -0.75292466322370232845 -0.070399416356711097542 -0.99544242598376020403 -0.064329610042196117003 -0.7496292039841582211 0.095340986741622751888 -0.65495507691848819931
-6.3266727038801384708 4.091988067976051191 3.5355240954453179825 0.9675684548613492364 -0.0035570884843129733227 -0.25258391136162733348 -0.22355883663361111879 -0.4776034127797836315 -0.84965665222141506518 -0.1176126341863552166 0.87856833952894797246 -0.46290921470318874276
0.59848204486478751019 -7.4122708141332616094 -6.2709184532237420839 0.99996461505827261007 0.0037501703535230308806 0.0075302625251242524818 0.0030708147416940350174 -0.99609059188271842356 0.088284216367209039644 0.0078319045064965883696 -0.088257968394206368079 -0.99606686135367450419
-7.0363885572886513131 -1.1317924643014214414 6.4994681290904141591 0.83292430890245061637 0.0042703777999541728955 -0.55337045413788088499 0.46052292644158526747 -0.55982337074955146328 0.68885152811355543356 -0.30684805663561914857 -0.82860096393625426447 -0.46825710107053442055
-0.80820674371545797587 6.7454787431234439765 -6.4676729024983341532 -0.96375962532797943005 0.0011749176172655625972 0.26676957127128986258 0.17752197173891687276 -0.74361586820542280307 0.64460948651344196492 0.19913144939368621067 0.66860605749705126488 0.71645837683760293935
-5.5299640569112211708 3.5732073912104524993 2.0054010605382694976 -0.92408481258635521982 0.002953854525029784954 -0.38217605091177525578 -0.36747185730095349721 -0.28167653928220920401 0.88635363219751717168 -0.10503186773011639887 0.95950487333904066478 0.26137847042099859873
3.7490100724670494259 -5.4571482169747591584 0.1949922083810531892 0.50014305101647527074 0.0045625888929719648351 0.86593077743108692879 0.37613033116595867567 0.89958254781216318019 -0.22198471489880139407 -0.77998903998503410495 0.43672694267057499129 0.44820383203267405436
6.2805331748265347258 1.4843073675641003106 -3.9881777518736964971 -0.98462932116022450213 -0.0035160440669291742957 0.17462169780910977157 -0.15193693440118441473 -0.47585741317212304491 -0.86629953843568863192 0.086140976755512257967 -0.87951541189631043949 0.46800894474403437195
-6.0114091242765024248 -3.6936280406488442019 -5.4730547224955428121 -0.65445342349827750894 0.0082712954147144968076 0.75605707598266091995 -0.40128409734615677618 0.84369232105126512611 -0.35658707297958663895 -0.64082898630479911972 -0.53676331196466919859 -0.54883818857693211779
-4.5529986310097214641 7.1648944161913465933 6.5462129445655277138 -0.97560534244523922087 -0.0072979955938219966127 -0.21941047161123414244 -0.1511963888618178542 -0.70228781192942169032 0.69565183907646677142 -0.15916616407865488703 0.71185572167095945151 0.68405231067281957458
3.9128335316749542905 -5.2178032799394777896 6.4802864729192704019 0.91063970108637337653 0.0010693685851649393018 -0.41319994101656587482 -0.17852394412350819364 -0.9008280390827112516 -0.39577524603861202745 -0.37264532222994872779 0.43417473493180813726 -0.82013886834300819828
6.2222689619054287746 3.3499373784183918978 -5.2283191835638769263 0.69201242460790601818 0.0044296969977049441627 0.72187199832992776649 -0.21313422884268809487 -0.95414937960014190033 0.21017317122920295414 0.68970472282281070076 -0.29929807749708869924 -0.65933910556156694049
-7.0853068922563569032 -4.0945619565762640946 -5.9256596507481154035 0.86717113930642963915 -0.0005882703366206325224 -0.49800990862857891228 -0.29237630871107711528 -0.81012325706862597929 -0.50814998028239521943 -0.40315047967062483947 0.58625929612634464227 -0.70268750412030500652
-3.0450879761141744773 6.7744083042097287262 -5.8546154050933312263 0.94670086023974475697 0.0012487663369414080464 0.32211166045928618651 0.043446719962491074651 0.99035947617786157515 -0.13153132885022231213 -0.319170587219052726 0.13851551727957148175 0.93751991324297201391
0.026948151461008061636 3.8275700378007866398 -6.7993056965554679039 0.9938038691541561942 -0.0029904138838389962736 -0.11110772735984912607 -0.060840339746646363017 -0.85121618316617320144 -0.52127676197528616253 -0.093017862337136325568 0.52480669483229924754 -0.84612387411380340918
-0.06315703103738160018 -2.0309228033265451785 -7.1786721772247412687 0.89184430448623908116 0.012160976212071388652 -0.45217899908430236877 -0.43568564601060566499 -0.24567905136347928385 -0.86592137147751147008 -0.12162135674158655596 0.96927494261369651074 -0.21380909991299906769
-5.8992052917130139988 2.37378996055422542 1.5536651553751881227 -0.78938616574773201595 0.0021588918434051994344 0.6138931670186080769 -0.37932467487441540177 -0.78797002587550035724 -0.48499075182228551517 0.48268237212222026011 -0.61570981599097585057 0.62283155839650716779
4.0980342881580558156 -1.8654191047749548726 -2.3196609308748152856 0.24039716942651567777 0.0092970758263297356705 -0.97063008675440032302 0.9684250615947294083 -0.070335604089823061669 0.23917734606890433957 -0.066046203577313097877 -0.99748005853678067822 -0.025912001362790027664
-0.46455858399584559759 5.3330580691321669562 2.8208150595102940983 -0.70956196995881637424 -0.0017729659009364812788 -0.70464080734814316109 0.45027045240392327141 0.76805926984033257021 -0.4553476448870865112 0.5420132198389410183 -0.64037630702909908997 -0.54418733439463096158
5.8533893169609187979 4.9242422235735352487 -5.5272733583235451604 -0.98744483524254011986 -0.012039530273549599315 0.15750475251056397785 0.058839688232089563946 -0.9533711952490562247 0.29600887682315374372 0.14659668632471573035 0.3015599671378005886 0.94210986502560500888
6.6230911021081393386 0.13975926133253349648 5.9072754131185885029 -0.94316906097575403667 0.0034741091718897779833 0.33229512934066840479 0.063694973790307446437 0.98329542622452659195 0.17050822584182717678 -0.32615191664614884282 0.18198361280978644916 -0.92763510710664043302
-6.1164941029867412325 -0.92468994063922749227 -0.43067534768410398183 0.82655908664662225416 0.013314700361804076775 -0.56269245155429692407 -0.42073860159494436139 0.67867554690315745614 -0.60197884610988705578 0.37387043933678265617 0.73431752041611286774 0.56656744858859309222
-4.7888671729386897979 4.2437494180532073784 -0.80590957071306135173 0.84777869971278285721 -0.0070511964895238806589 0.5303032688389466287 -0.46261135714581314016 -0.49880369814126962469 0.73292946656564372798 0.25934920195153726707 -0.86668630504270738335 -0.42613711419962785332
-4.0143309903848312103 5.6621644133686306333 -0.59244438754896711075 0.90094246844516723272 0.0048247713086213110667 0.43391173080923223226 0.42556611890851864244 -0.20530057857332559279 -0.88133146481593582777 0.084830106620020592767 0.97868707665903720283 -0.18701726923342332221
-1.122867668430893584 -6.7550650332631461126 -4.0510334611326506149 0.99628781196610649573 -0.0072817708022063836956 0.085776287759250446907 0.069973861379214324918 0.64889062373465611344 -0.75765732171803734651 -0.050142341902362205786 0.76084685334393886702 0.64699135334667146058
0.059753837638223568363 5.3228179672774764697 -3.1082372165574492229 0.99435726483513520169 0.011698192230272795242 -0.10543615209281140266 -0.017353098707579381332 0.9984502609849540411 -0.052876708522568531545 0.10465419167352443819 0.054407983214655966653 0.99301927047154558981
-1.4815875783031096091 6.9155174116583202348 7.4128292117853549215 0.98617412176956753544 -0.01371693653867316065 0.1651437168169079539 0.094268130491112808733 0.86604506934687597308 -0.49099842915603192361 -0.13628690738956314443 0.49977773410987197389 0.85536430563950016648
-2.2369537389596754196 5.6878268077828098015 -3.9560912312591280937 0.98428244478785276161 -0.012904078840641474216 0.17612936618227464924 0.032082021011317629622 0.99379745875239289266 -0.10647701585402029323 -0.17366292871632407757 0.11045404350500645507 0.97859138125314237833
5.3594800664525310552 0.51971127124158356114 2.0631571047665313579 0.77887804271676375212 -0.0064910438242475054782 -0.62714181882856678829 -0.40111238008164024071 0.76354970151376500009 -0.50606394048917890949 0.48213883178893390813 0.64571643905681608278 0.59210845899455222252
7.0367886163199804272 -2.5209193578655577639 -0.97691440378743754636 0.82921159602230809504 0.012197063991984948353 -0.5588017185479121629 0.55151581416350392573 -0.18020690810850206742 0.81446655977854409691 -0.090765829196294361969 -0.98355310070173607162 -0.15615653156491549058
-0.87124376401906500345 -4.049191648849656211 -0.67879896897262381739 0.97073458923797228959 0.0071234596876335381718 0.24004918991537338435 0.062154905956194446415 -0.97295494768038004452 -0.22247570080790959879 0.23197225032863499905 0.2308850928632458499 -0.94492377945045358256
2.7076479760620566495 1.5316712216202374996 4.3763032195226818644 0.88866047345027787685 0.0010836772311889749862 -0.45856448681823508418 0.41465356725362084722 0.42512418683186459223 0.80456935371318238914 0.19581874805810922657 -0.90513438306927274102 0.37734171051549098008
-2.2356265101427892361 3.7738873401901740223 1.9016796763132572945 0.94968183493514124471 0.0022582308854495964159 0.31320809821526707228 -0.13634028782716842154 -0.8972858400379211119 0.41986836887602402291 0.2819853512321782163 -0.44144424524591358017 -0.85182817517957110098
6.6051912685759468502 -3.456453704303569463 1.4694796148273263636 0.83792777335086321422 -0.00088143116299885596043 -0.54578042263018189395 0.28728025856874073174 -0.84954511261065757122 0.44242870010459811603 -0.46405506104770366527 -0.52751523648001275024 -0.71160422679841939253
4.5268574812976956068 -3.9040595096212147297 6.0901407377441714175 0.51326778767301184381 -0.015197619677114138081 -0.85809394036641917225 -0.76012890574222646833 0.45614421423477469197 -0.46274885464510068234 0.39844726726696882979 0.88977608878658076552 0.222571981685047382
3.7942675616375249881 1.7894825077931881818 -5.2166902295184396365 0.98558987466144343248 -0.0084221355321478629657 -0.16894279090228264684 0.079257795114894738497 -0.85934363287855541902 0.50521947957763524428 -0.14943493861307874382 -0.51132923666084018066 -0.84629286352737409516
3.9537358848065884409 0.93448895235453222075 -3.7389595691126289445 -0.91257515820201506873 0.010794227912262224084 0.40876651682386405673 -0.19096065314481258657 0.87269903083370925501 -0.44936669940301710024 -0.36158070963898492067 -0.48813920783488651267 -0.79434218331353156906
-4.1880280880228815121 3.2643697144955154954 -3.4232481151005638154 0.76014351564812299156 0.0055142523846796864112 0.64973181285726444578 0.063042769844609186647 0.99462014287562305892 -0.082197205283421226341 -0.64668960467014036109 0.10344256573923277243 0.75570641839598062806
-3.4389868008380797271 -5.111363725721084883 5.9255532974250080258 0.8483707067182959527 0.0032983082041245872541 -0.52939235463439016094 -0.51501971853499284304 -0.22636654577505388453 -0.82674837554975977305 -0.1225635896280992676 0.97403660512172207664 -0.19034405265362119852
