1125 14.717824617146108679 14.977075390850430381 15.033177056927090831
-0.83795218804962656733 -7.3408633828892613238 1.7674655398404792717 0.9997530113608904534 0.013939559435242608251 -0.017309100423881194908 -0.017578299415178078036 0.9725359331804187546 -0.23208804808221000782 0.013598516992792485103 0.23233498952097392243 0.97254076160325986233
-2.5815026630676856101 5.3269220239873815714 -1.9180669794148443863 -0.99857803808010159319 0.01216014125592816339 -0.051904073334502268122 -0.051095915242774098131 -0.49597429633152101403 0.86683257023714543887 -0.015202279749493029237 0.86825205346323264255 0.49589037331589652657
1.3958444423750744345 7.2832472603973048564 -6.579725972972595649 0.65608632715773007593 0.0025447745177197764188 0.75468155896327115961 -0.10648018608830817078 -0.98967871291607223405 0.095906283273446676918 0.74713633380214383717 -0.14328143398003503894 -0.64904370375911457636
0.1944437558410399558 1.3408968556736595712 -5.3334893383348509488 0.82136905309768848404 0.0034903609568171173674 0.57038644443374963977 0.33382861001644553722 -0.81377461192103439647 -0.47574083294081748186 0.46250550023528214094 0.58117011138999863373 -0.66957446477525606188
-3.3226045851265126885 -1.0763431515525896387 -1.8108305928370478366 0.56461524071631841171 0.0024483321148884877247 -0.82535061375196039357 0.12197175308074661992 -0.98926325847512119882 0.080505259962709796451 -0.81629193393130294876 -0.14612395799841990107 -0.55885174017587768702
1.7991976941767051645 4.115672477952385222 -1.8344309620577377018 0.85282408977459300825 0.0011663706151068069759 -0.52219700447223460493 0.2212856667322840587 -0.90658041978900771873 0.35936693803699104599 -0.47299442449041123604 -0.42203149412671681073 -0.77341172241324318559
1.0774672485007623646 -1.1617197658167879304 -0.21607083244690533652 0.99571167205300636915 0.01381671828221271367 0.09147329901841419475 -0.079814522040924817947 -0.37164365070269861357 0.92493818115799042445 0.046775081066543350294 -0.92827264054712754771 -0.36894714608322604077
-5.1366510011360571042 -5.1353253804776803904 -4.6325899445122251663 -0.95821384334528147964 -0.00180729906752398993 0.28604713613612120504 0.26416278209413107669 0.37805907855763010161 0.88729327602349095105 -0.10974632102201913042 0.92577970748455173933 -0.3617840215264535586
-3.5246200770761713095 6.408202932355354875 0.32331392762201666136 0.9494581311483857311 0.0010618958859493574792 -0.31389190746713818703 -0.30225361504635328558 -0.26670300655596829165 -0.91515695838771460302 -0.084687716864152676188 0.96377817918395192187 -0.2529023763059461416
3.2429064696236609144 4.1609445116699257383 -0.88271680126544227463 -0.96313091050189969522 0.0012578625220804771564 0.26903023439303624942 -0.1852825451953628022 0.72193933867063475596 -0.66668881025990933686 -0.19506211236848527979 -0.69195520740994409525 -0.69508903261141030683
-7.0757472498418456652 7.3091734826135743575 -0.49177012683007526039 -0.99928034807034760156 0.0087157898459011198117 0.036916405130913966526 -0.037701495199454884699 -0.33519794591158075248 -0.9413930817232875059 0.0041693189076592584996 -0.94210741004627807094 0.33528531837200908905
-4.6917131848069688616 6.7182481888646368162 1.4696039511405722955 0.97063630947632872914 -0.0062000471301385832665 0.24047185727580644432 0.18735254544265234067 0.64649278118040476304 -0.73955804883573150743 -0.15087802504764777356 0.76289490973334828094 0.62867096183973003587
2.8858394802520779265 5.4122390542583715956 2.5809142384578529494 0.99538599968338425938 -0.0088545808426946561592 0.095542179336680285728 0.071749549834903086909 0.72981381819721602433 -0.6798704235860270062 -0.063708035072395391429 0.68358860959396927637 0.72708176919841005503
-1.4642344612219939659 5.4161841665361940557 -6.9357537658905679123 0.94802908492636384086 -0.0079952556412253173584 0.31808321241627207643 -0.28446325242191539129 -0.46917862185015879462 0.83603353929157708802 0.14255354136386380604 -0.88306709636701341548 -0.44706933596329923031
7.2541740516469310762 -0.64683522513710978163 6.7279756698725314834 0.95710158982676740713 0.0040376999014010541214 -0.28972442722441849039 -0.28961313729274595907 -0.01768448885271245441 -0.95698040186903710058 -0.0089876280779324618092 0.99983546438075510121 -0.015756481460275362227
2.6856163336175216116 2.9024087664402840048 -5.4730392056967120951 0.99134687833171508675 0.0047395853729865090181 -0.13118270904517351227 0.13126804732746288895 -0.033829304423407396962 0.99076953824439706331 0.00025801701206151859275 -0.99941638694415602107 -0.034158731453346503903
-0.80176237997179478079 -0.70504514086422576113 7.2079424739964670366 0.98693824369485605441 0.0018986124435728527534 0.16108785926725119331 0.059886136632582166739 0.9239506480784208664 -0.37779472012549891735 -0.14955451772429398383 0.38250698710780306477 0.91176852931104312994
-5.6980740498881417011 -3.0332623400906664202 -5.4986216682539641454 -0.97464662952460423551 0.0042893657356141900658 0.22370862499663710099 -0.18342573802820469342 0.55725516429382238037 -0.80982817961394570894 -0.12813643582180750391 -0.83033022539810175111 -0.5423400875883884753
-0.59747682864420514903 -3.6136450943337243835 -4.6199869360973835342 -0.84172767231097223029 -0.0012523319840180729447 0.53990087731962022044 -0.53184105889950594737 -0.17023614085513832928 -0.82955695670368467809 0.092949522508680187949 -0.9854025005100472967 0.14262642901672953344
4.3921152650907897552 -6.9871391492733385675 0.0098546469268818853715 0.95793174240495615468 0.0039228245320514264563 0.28696931602623426683 0.26127879593090630461 -0.42562978902682940818 -0.86635597388701635069 0.11874412696952639512 0.90488888496924491101 -0.40874923629235532241
3.6943323334399709168 -6.9805622208384701111 4.4297839388458477572 -0.93939344878643316061 0.010365260391211567753 -0.34268427123833516967 0.25033576298405801897 0.70368002319148503787 -0.66495596149851043943 0.23424763424274441803 -0.71044140246626175106 -0.66362719919651513845
3.9792386062731996965 6.5713736478883237879 -2.095046514451069708 -0.98933487301388201018 -0.018360400428561934882 0.1444970751759623584 -0.14518700504197412648 0.20408887016642257572 -0.96812626585646299748 -0.011715058908480579375 -0.97878017387473403854 -0.20457792799929980232
0.992303728295236942 -1.5111567234932841153 -7.1099982980097946594 0.84227418774960371994 -0.0013776434786192488444 -0.53904758115524320505 -0.32298582610523329794 0.79932438717238751824 -0.50671558117614190486 0.43157195087952748835 0.60089818286460128238 0.6728053396369992889
-2.4136643725209978584 6.8648332328561245674 -5.1835301262713358028 -0.91299255047546501451 0.0017404578850439011723 -0.40797251571981052454 0.17744233779851414923 0.90214862712972621051 -0.39324556109957614636 0.36736741762570751524 -0.43142186473832766502 -0.82396380690706760852
5.1493402335732874064 -5.0151652055613755721 0.049643415668764213911 -0.7378368694538971484 0.015370247485680077829 0.67480405271951826585 0.34426946311264444711 0.86849446200559088371 0.35664535078106385235 -0.58058185541978901689 0.49546051806154567387 -0.64609874183410020976
4.4059099533978578478 2.1487194116674017685 -5.0150438625244726509 -0.75561190971352643064 0.00074186359184021024443 -0.65501915356525086676 -0.50892199658703685117 0.6288884368384926038 0.58779055402472901726 0.41237003199659622021 0.77749519847341208578 -0.4748180420559335313
-6.7867245732727408125 -6.6288276215502435207 2.8068478883220362441 0.99991694230575522973 -0.00021795892995041558568 -0.012886465146780252608 -0.012231283645790548553 0.29911787960997360258 -0.95413777296473645251 0.0040625349783992500963 0.95421614249159369958 0.29909036965107915762
3.1080815464412419047 -0.72709814301476449749 7.4538532478704899731 -0.78924694449378685057 0.0036037219162010202672 0.61406536606086215002 0.44557524836344114538 -0.68474109915521663705 0.57670818025546088936 0.42255408961814061586 0.72877749712524120262 0.53882409098978101269
-0.58832214154217121749 3.8102559599630043685 5.7801132145911120475 0.95060248171642980353 -0.0016783780350076325447 0.31040635431942553701 0.28228192565303988903 0.42063107991599946178 -0.86219859026690670589 -0.12911946485444897315 0.90723022307232303874 0.40032672423894283265
-6.8197840049816207397 5.4807135682663510323 -0.22471969853778156478 -0.69253872043592623609 -0.0095645154620172291582 0.72131729546774492334 -0.28225934677425651431 -0.91659951294120101117 -0.28315189216101638303 0.66386729235250541148 -0.39969219772197922547 0.63208097995806289404
1.8354777528496939443 -5.9024585315800663921 -2.4660242154869265185 0.98983859901042237084 0.0021309534698499155853 -0.14217948848655562188 0.018562119168252191881 -0.99326817409860368446 0.1143406404337239668 -0.14097870633880493774 -0.11581793194541750713 -0.98321473290366534492
-6.4491336913411734244 -5.1332806622588398326 0.81354562954669340513 0.95140074271298558095 0.0025163445345089421011 -0.30794527886548156426 -0.06912064168384923768 -0.97270818322242835752 -0.22149746541530604405 -0.30009825667360889856 0.23201822838385524617 -0.92526135661182939973
-3.9126789380460498258 6.6382405191129612021 -7.2792457643027841385 0.950228191207833639 0.0095917018483127995665 0.31140710314570368977 0.30350914672919016013 -0.25418243044620303372 -0.91829923766937771035 0.070346161840476789662 0.96710872775930289968 -0.24444248036340385233
5.3495278545409856719 -2.5232521145545590002 -2.8072454233535562018 0.77677443352741715188 0.0012396010054205423845 -0.62977769316448906078 0.29905174103582699008 -0.88079000973365861871 0.36711989177500442549 -0.55424681830537270155 -0.47350546157654455071 -0.68454586570632935949
4.2077357295846473662 -1.7162510375679085328 -3.5904983251118691712 0.99999231636698693304 0.0035736167428971205018 -0.0016113567083426369193 0.0037397116940609317209 -0.99291421020673409359 0.11877451631557245371 -0.0011754843732395474191 -0.11877962970529856723 -0.99291994531465510576
-6.3351086450138618389 6.7508235808659016186 -3.5632479389326570107 -0.98289037847880367238 -0.01316509587068161527 0.1837203966474512673 0.18206232683047662846 -0.22066155072792104086 0.95820759190237148051 0.027925132813191790027 0.97526158556613151696 0.21928298309785443365
0.52169776112017041125 -6.3250464221356406114 -5.7453444941965310377 0.98144856843244920874 0.0080130359262090139483 0.19155808199383630996 -0.1655708161614315721 -0.46834431506728774197 0.86789394938530095569 0.096669604103588047117 -0.88350970215344359904 -0.45832913265806324299
1.1321223811390932479 -5.3043683161416588234 -5.3312659671740485479 -0.97815564476281025019 0.0018074263799388971818 0.20786598526083702176 -0.19722983616142125696 0.30780861355786520717 -0.93078152600237873404 -0.065665259813029508429 -0.95144657791674225322 -0.30072825444941991835
-7.3555576035777141541 -7.1835219630385909184 -2.7972049857107874615 -0.99961101219582593203 -0.0048571212472863717693 0.027463296779720276081 0.011464828052659446073 -0.96923234230459265337 0.24588050827298058021 0.025424044024170682626 0.24609972572937169333 0.96891100880384928296
1.5668314750777585509 -1.7229067213087063681 0.66325712251339641323 0.85863838162584815716 -0.00031448374481836665478 -0.51258173075038016009 -0.14283102508456410606 0.96024569093886469329 -0.23984893434535728418 0.4922798267981545739 0.27915607486366966761 0.82445888799527100588
0.80911042715563263883 -0.5557663931619403197 -6.7982521716587447358 -0.94101480234586409868 0.012224337682311646469 0.33814450658597328125 0.13136817683050400207 0.93415417748527040942 0.33181075148780991846 -0.31182293674819477891 0.35666025606298845663 -0.88065879764114507466
-0.66786154144356324469 -6.9043744940023970003 -5.3415557281856962391 0.97776822350301784148 -0.0063312133481182170103 0.20959297899796086595 0.093017627180665168884 0.90891280473396274253 -0.40647907009378542176 -0.18792823667932775922 0.41693815983687571025 0.88929497284672753832
4.6122628418719768817 -3.1173229973936464887 1.6598546929299204944 -0.95067620075087522213 -0.0029310705016298210443 0.31017119490966277295 0.057659593478944372313 0.98085722874167957652 0.18599588195696925563 -0.30477882571759662422 0.19470620342150915527 -0.93230861936566156167
3.5441308170681669054 6.0224658438101270619 0.76926625980968477148 -0.96163070443123155329 0.00014577026275069786265 -0.2743471651870487138 0.26850694872855179751 0.20573765541121311062 -0.94105049579200705789 0.056306365356265875022 -0.97860717139050068525 -0.1978827868295864878
2.6638600298760919394 -6.1762939094514948124 3.6633066025025713408 0.99973127328581634643 0.0070112322855639614208 0.022095787746064236845 -0.01210305754117085332 -0.6550730320635428372 0.75546862189051700032 0.019771120667143416566 -0.75553303388059867007 -0.6548121390923968832
2.249265853316128716 0.68286994217278107477 -3.8806901506933209056 -0.87282499985022243827 0.0032329486699660611726 -0.48802260980352646369 -0.45743288717965330248 0.34310061562846722039 0.82038839660362106176 0.17009313143977930483 0.93929309355403456383 -0.29798793774034892934
-3.3246355723536704652 -4.8256956665869887857 1.4980949959223330836 -0.89906426783670145841 0.0096283716361579892856 0.43771079122955797169 -0.0954681039197353698 -0.9800118487093256725 -0.1745354334319877132 0.42728126969618235309 -0.1987059909740112873 0.88201283761513138426
0.21446310186787065355 -7.4050023080651250496 -0.1604342055092381758 -0.97827104412942278433 0.0010268802577230763673 0.20732754215219953431 -0.079381550298157549372 -0.92564386876629434209 -0.36997567175090967373 0.19153154750646669835 -0.37839446842178425801 0.90561210933685187818
-1.3245984785691449215 -3.1119061738084732305 2.2972512449862025896 0.83378341740638517443 -0.022841526387697694278 -0.55161896045222580387 0.31896904236322920489 0.83544725817381060295 0.44753394153270859013 0.45062618973159063174 -0.54909575074127980887 0.70386780978097163164
-4.7464045581505729388 -0.67254476252920625257 1.5184658862220226094 0.85584356031305908186 -0.002656965373713969774 0.51722793892605944954 0.27191212069452141975 0.85296783320988156518 -0.44554424486092852886 -0.43999499871028435738 0.52195671855453273924 0.73072948829622563771
4.1609395554741741563 -4.5994680191088255228 3.5049518725306696432 -0.98289536194335491714 -0.010372592020788433398 -0.18387255587712114657 0.043195140649518029563 0.95757772015977427049 -0.28491944419061354665 0.17902761601018427062 -0.28798840113518325845 -0.94075065427418269604
-1.552003401829515683 -4.067562181382243125 6.6112248842039909036 -0.99428064040116304056 0.004887050874245683213 0.10668704165641831882 -0.046080355818766620402 0.8815522682621488304 -0.46983209674269238443 -0.096346296925528679411 -0.47206113487104944815 -0.8762851567914861084
0.59521100707493590498 -5.0881813463143794607 -2.9153330703548898661 -0.99353200606475744472 0.0025649130276482056019 0.11352345196555604923 0.038338850498112531096 0.94861535149570419545 0.31410037798325168845 -0.1068844491378343059 0.31642113729636955899 -0.94257804897241559416
6.9049479190702864884 -3.9147705759691304728 3.4456777856052740461 -0.86188724391579085715 0.0030129932418917738067 -0.50709101810900292229 0.50709914878794060122 0.0069197813271794951506 -0.86185994797594422945 0.00091218075956531717574 -0.99997151884346402451 -0.0074919575649750724117
-0.40154163494712380444 -1.4496198977584779932 -4.5273189577683492502 0.059096345285642906675 0.0040339851159433689695 0.99824413293446812023 0.82335122075342370707 -0.56562754965703754273 -0.046456887034431744443 0.56444697648032393644 0.824650957698523146 -0.03674790754732297493
-2.0861076317473443709 -2.8453844410363759998 1.1791754201744417685 0.99595249569794674915 0.006194633669357524873 0.089667456898385747288 0.025684109865638158482 0.93640897204094186712 -0.34996937520525372989 -0.086133343214637544949 0.35085590146793105282 0.93245974904646877768
6.0615360183896482837 6.9311113622951658897 4.2434442258303013418 0.72249388041881268396 -0.0017436243664115881787 -0.6913751170901590859 -0.031975965873627096303 0.99884246372662288671 -0.035934249162338741113 0.69063748114610490347 0.048069662267180429671 0.72160181347175023081
6.9564739129970769582 -5.5139483961248831889 -5.1399139009020675672 -0.97894693124899778702 0.0086162035026297358054 -0.20393299594582556256 -0.027303295881337869 -0.99565748750710647563 0.088998301136173990633 -0.20228058688921143893 0.092692656711900633937 0.9749310927236817248
-4.0787078409935775269 1.8440379815564684751 6.6872044578064375742 0.98403403560563007524 0.0050073443153253295937 0.17790993022479220653 0.16779446471425582543 -0.35941397784913303726 -0.91796874137300721319 0.059346730162195923675 0.93316478664261282017 -0.35451579173496988728
3.6129488133749965151 -0.36437165785505198912 -1.9066463960280650713 0.99924765959762018586 -0.00027189155722629962386 -0.038781965700375377326 -0.021429724615631553369 0.82958462736506821678 -0.55796963442675029388 0.03232462979683378701 0.55838093817253864337 0.82895467077154338931
-0.81246470055427433277 -3.6641774417719945589 5.602544269382948805 0.98594273906506579852 0.0093433393725602525981 -0.16682211272538646774 0.011756719115755917549 0.99208101104510870716 0.12504817903227111175 0.16666941783189354043 -0.12525162487177987636 0.97802522238769729057
-2.6406822964904219653 -1.0640388741331261446 3.4499218974746983513 -0.74900445955405170473 0.00039907902077599040347 -0.66256483479279493221 0.22170897479589837809 0.94250314148192804176 -0.25006590889527330335 0.62436964216964718766 -0.33419705120273301979 -0.70602753551426655765
-4.4703543642500864763 -6.6863625471627328167 4.8443547938049658086 0.9996397123336683288 -0.0062828268206294602544 0.026095432793197058385 -0.0091325185318580810734 -0.99382718025242000603 0.11056280069227229779 0.025239703460775482491 -0.11076128330237235142 -0.99352649460920017255
-5.0313638544323699975 3.414021262550550162 3.888906155081360172 -0.98850624364620731654 0.0063969355603719305764 -0.1510446473332011097 0.0063596667208835645779 -0.99646044975917824615 -0.083821994159983120865 -0.15104622111050602928 -0.083819158199091775563 0.98496669375517009737
4.6287611640642829514 0.96732717347315433365 -4.3466636914802485592 0.77837761513798919832 -0.0022449344556988654401 -0.62779236099319857267 0.16528569774301896111 0.96544633633951570939 0.20147955174211382157 0.60564752651491704505 -0.26059227140863844285 0.75185287238155218414
-6.0399159428817723594 -0.43848789098963897315 7.4389219220204827465 0.98187497121175348891 -0.0065443488524735485279 -0.18941676907316792877 -0.055818878041940474255 0.94509276432099786902 -0.32199987528331081021 0.18112369740640540949 0.32673664980593825069 0.9275976325495650654
6.1525897605136021795 -2.1186175963800746302 3.9006730746204190119 -0.99751062719274929957 -0.0078934231138803271494 0.070073122587418934515 0.022188416125756459801 -0.97837427121048892165 0.20564887459726069463 0.066934466662833341788 0.20669174948418897464 0.97611387546111316738
-6.504581969577667877 3.9958248851719995187 -2.2850483984349825306 0.99652333607760112955 -0.0043995938252957798864 -0.083197861913519327581 -0.064197455500096048397 -0.67704263377446849415 -0.73313843082949370356 -0.053102988240951408405 0.73593064593474410984 -0.67497122680447119158
5.2815295249887448392 5.7111155840357179514 -2.5130377528929752629 0.97350528764230426226 -0.010121285263884644001 -0.22844039598345203257 0.22524650578004923318 0.21453220668462341658 0.95038936438120058536 0.03938866037760206662 -0.97666447251827015474 0.21112802171677649832
6.3605393985782416877 7.2876167203440909148 -4.8475262490654040803 0.93104427845589754487 -0.0067308422752246459264 -0.36484414112981350398 0.36431747185753488028 -0.039627122863235865469 0.93043133590446625014 -0.020720310176393821888 -0.99919186690835171127 -0.034442442572298621883
3.3008936045885937105 -5.4396030925485634455 -6.7108660044336767569 -0.361927793728613445 0.0063464020928377159331 0.93218452857101985476 -0.39903628791546519317 -0.90478606142113060518 -0.14876902898366817229 0.84248342004659049209 -0.42581910036838027667 0.32999966773929284569
-3.6785991463331537688 -0.81939116325568295274 -6.5012854857332138536 0.66130915377226284768 -0.0023729206590234297285 0.75010970689926870225 0.41614759479441781886 0.83315383141130194833 -0.36424699388125919564 -0.62409244706518485213 0.55303622164576993203 0.55195974043768103456
-1.0790079367785769815 -0.66899698193026302384 -3.5644079390918981254 -0.086371955094315749912 -0.00058546808589494264696 0.99626278792303890608 -0.56389889929004344271 0.82442413529963876062 -0.048403269670736083496 -0.82131474889508471193 -0.5659721745479080468 -0.071537269202014697189
0.89267913513502761269 -4.2497647446198758558 -0.76174296287186493704 -0.9738346284043033485 0.011676112980200444025 -0.22695767205861311355 -0.11639265850162500149 -0.88338036875102898815 0.45397342780409311036 -0.19518930700093825581 0.46851125118928116375 0.86162540697305045612
2.9180364396019209394 -6.4563762147112973011 -6.7344886074047787261 0.678665835110014104 -0.0033405387383120760739 0.73443959932412028468 -0.23600980942823193698 -0.94794484620057650748 0.21377543922427488798 0.69549410788890386748 -0.31841703686024219744 -0.64412618059594550779
-5.2802486866983926461 1.5321426827572794949 -2.3488882428999020568 0.74740397785325896063 -0.0016718523216318666863 0.66436774364720518893 0.48849564224433539295 0.67914785856564108268 -0.54784139466974501875 -0.450288020490604457 0.73399958522830843766 0.50841450361610751596
2.8010031139550397583 -3.3822496811233353498 -5.3300639022331317562 -0.69540502580642571395 0.0082489642319545329607 0.71857066783462242299 -0.47792466118706716793 0.74143117533014191167 -0.47102848159951393736 -0.53665619190729219046 -0.67097821636603971474 -0.51165258217837406018
-2.6983197423041946905 -6.8341896318014532241 -5.1930380211782134481 0.9283652167196462246 0.00027824643643022724943 0.37166913641580046068 0.37050261210658513855 -0.079863036928732686337 -0.92539165208823936926 0.029425139037427147648 0.99680580752296754632 -0.074245156617795668441
-0.3430839225307762419 0.56549302369619969255 -3.7479177398144454258 0.28095179267767433906 -0.0046065587147728738818 -0.95971082613880975831 0.95876991513672582546 -0.043181541366391594516 0.28088361346648377248 -0.042735699596133366884 -0.99905662207002521313 -0.0077153015494766065061
-2.9004699902627031349 3.195952437402103552 2.0308934154729536559 0.80570170973659527291 -0.0054536740794358540968 -0.59229638895278924338 -0.45160530566188894497 -0.65269601378809505299 -0.60830959344988011495 -0.3832719697885265675 0.7576002712672286199 -0.52834120239696069632
6.9246449005390431353 -1.4548094672146447692 1.5017356297575294999 -0.9867390642112349175 0.0061284604699183963666 0.16219883209120838918 -0.13365678813994885665 0.53631629740752051472 -0.83336708125485570164 -0.092097134285367809881 -0.84399482883924337173 -0.52838513108246032424
3.3125574882112682751 -1.8821910537473294234 -7.3703157915275143708 0.85760121728269100849 0.0010775864830807613259 -0.51431409753439760735 -0.39543037012743287306 -0.63804836886427440668 -0.66070348975205450692 -0.32886923616551622107 0.76999553102403206495 -0.54676494740135295203
1.8440180283193781108 7.1006281275155673782 -2.5245496159084543919 -0.98065167170558242837 -0.010349436600576099321 -0.19548705313469766365 -0.11434429494035704133 0.84082780682604174594 0.5290878769002431703 0.15889518871198776706 0.5412037402219558313 -0.8257425934115082411
1.018191971152949904 0.32660087643712809591 3.2262974412881324504 -0.98469477535545613112 0.0038439151188790973701 -0.1742452975095847012 -0.13321391889952377552 -0.66126367676934472151 0.73823058836444166442 -0.11238439037113105712 0.75014370230113802673 0.65165495064404088676
-3.4900293081721081023 4.1367499587278180329 -6.8731194714650465372 -0.98250816515877370527 0.002864316737232347216 0.18619747873132908023 0.16361118895888579483 0.49079208671876695114 0.85577713597735260986 -0.088933032354411203912 0.87127201453036728918 -0.48267586686350649749
-0.593368743285712541 -0.48555245890612730442 3.1927572707493068194 0.72893919943574403408 0.0060690795913267104808 0.68455153918373756738 -0.64028950436592080298 -0.34778490411409296312 0.68489051027828207197 0.24223334643440450065 -0.93755470600036339146 -0.24962808161733038292
6.7516556071245323878 -3.0766988683417246797 5.5480746809187113655 -0.99120166913727036917 0.010451250725868263536 0.13194704414221103406 -0.0501885847151092232 0.8927562227197374245 -0.44773589621509213288 -0.12247594483774593144 -0.45041880306388737409 -0.8843769246099564274
-4.9525655166701261223 5.7754441266257456888 -3.9964835879480511416 0.99973645101861441375 -0.0090390421592162692455 -0.021102706497611797842 0.017658560411195844964 -0.28461191903676136272 0.95848016713255923538 -0.014669824432631468555 -0.95860020407839841017 -0.28437729338340894669
0.463400499086108697 -6.6368900086742597111 -6.7258776783983975633 -0.97860254938921853451 -0.0048488771812895056779 -0.20570254913104280003 0.15395685212262186226 0.64599273467100182256 -0.74765678919987677009 0.1365076481865038216 -0.76332815691697419869 -0.63142361916885370032
4.3950438727581850884 -2.115823804992040813 5.4201849929291379127 0.99947630355467076413 0.0039543946382486813013 0.032116684072607093459 -0.028349361082195087547 0.58555027528511183199 0.81014022788625372762 -0.015602319026615584646 -0.81062644780231130071 0.58535572924891254853
-0.91889185248228777425 -5.2906044515613945833 4.9758184868704322668 0.99547384294495089296 -0.0058296566649633074081 -0.094856961345445828249 -0.046348056198371144487 0.84159265877442757109 -0.53812048314830684959 0.082967979963146504252 0.54008130110219088049 0.8375132849696195203
6.1769015886209057697 4.0728868764711556594 -3.2836271413993878276 0.98093616978646680504 0.0046902930526896719626 0.19427360076874977679 -0.1717079650148067016 0.48904700671499684583 0.85518968654542071306 -0.090997832694153638067 -0.8722448202048888044 0.4805292582879821528
1.9836307576951364151 -1.2846090340892311055 -1.6713547322513211402 0.97240538656918051874 0.0026254350653783196934 -0.23328281390162861064 0.044147384414881016279 -0.98394098985494660159 0.17294836493206428019 -0.22908245812473915226 -0.17847474772094903961 -0.95690542469222938937
3.5996756389969597478 4.0440388838794820714 -4.2960540011177918984 -0.97043886173583138177 -0.0068709587790159124682 0.24124926022295176131 0.026814836335719502425 0.99033630448334653007 0.13606971953555918597 -0.23985283026250761584 0.13851640317183194773 -0.96087659242341438848
-0.97666738197080260608 1.9479251560550803202 5.4508928293693719169 -0.80855456175803319674 0.0048287742853246390026 0.58840139666661195328 0.38867133866273179121 0.75515496877643928375 0.52789730406045287658 -0.44178514140069907734 0.65552853185130077751 -0.61246080100402422453
0.97576597753215021935 7.0954495096449079483 -1.6067903097213391828 -0.98551226949463155425 -0.0020684220242376057282 -0.16959153370958865437 0.1588237851247635557 -0.36206170996811803953 -0.91852399176818355642 -0.059502705436630533298 -0.93215183302148330036 0.35714477210289413689
-0.92184376993939831646 -6.9749965424643622924 -2.0630682856714637197 0.9616891345365935484 -0.0083260660803831862409 0.2740158483335334294 -0.24448195675028200347 -0.47825558782748156528 0.84350469206472966643 0.12402653481354225518 -0.87818122807047482858 -0.46196877527250063133
0.89605393627753726626 -6.2457670655338661803 -4.5227313020423505208 -0.99675695189845903155 0.015694816506565512082 0.078925607866106819999 0.058791468842464618405 -0.52767088004840545512 0.84741194559694310584 0.054946719952629598238 0.84930390031123736971 0.52503689668693831472
7.154090820023124131 0.90749202220433500266 1.7304382453693263333 0.98072974771729548582 0.01064648534385236045 -0.19507899500505407331 -0.052329799128665512031 -0.94771379724862092608 -0.3148017640161659414 -0.1882305874864847739 0.31894389922735183474 -0.9288939848443982239
5.0636857460147792764 -7.2087291110343576506 -6.1317153147691394466 -0.45877812411341101217 0.0085947316077826726999 -0.88850929281775692381 -0.63111065507558961052 -0.70704875683129675412 0.31903196785481802156 -0.6254773967818586522 0.70711256957565327141 0.329802729010958251
-3.156974342844112158 3.9452511189027972272 -5.8267973512150357251 0.84750355476286931555 -0.01280293577405167485 -0.53063528859266217985 0.32825241720350228913 0.79825893915506374032 0.50500793722387260498 0.41711877836461697111 -0.60217833811477483597 0.68072988317031246641
6.8933631149412537553 -1.1341651846550029337 3.7395853246033667894 0.95367003114673887243 -0.0079828543644534614987 -0.30074864210622453964 0.21770613259418888918 -0.67163841504460453091 0.70817079808985350375 -0.2076475656573362194 -0.74083609082743973051 -0.63878351184418902253
5.8398571257125775347 6.9618944644898874685 -3.5987231130617036712 -0.83081234835760997548 0.0092185916149524552154 0.55647628825059813895 -0.20634858423096094637 -0.93370268278761792136 -0.29260820552606353617 0.51688596769735017933 -0.35793060462043962966 0.77763396188290034861
6.0807142243321141706 7.4821052918768335971 5.174774759519938705 0.79000887230937222316 -0.0076990089401437833763 -0.6130470674702023226 0.61194068850485217048 -0.051439051592321052842 0.78922912878546991333 -0.037610841850477728932 -0.99864645857908940219 -0.035925970309464781705
-3.2274916169125678067 -5.6652764950028320357 6.1604532647360459308 0.59427946973283896082 0.0016214349879896737365 -0.80425697560083131421 0.31570324720895320825 0.91926298840191889017 0.23513191586001183642 0.73970492194913828321 -0.39364060906225201153 0.54578722900176968036
1.8448490407828175286 -0.33518700613288510137 -5.4222206079518029398 -0.023943427212967511447 -0.00010521838192731618362 -0.99971330951546688581 -0.21502196341728627149 0.97659617165754319945 0.0050470538035925363932 0.97631565978510448378 0.21508116243173425186 -0.023405683615607790482
5.5042611400494960705 5.3638666965408532405 0.9471226890076428484 0.99406184800625108089 -0.0092024278522981391853 -0.10842673867616314798 0.0028913239032695419589 0.99829957928335300021 -0.058220187639420432901 0.10877813467975377959 0.057560970494892352289 0.99239813184595482287
1.0587004599147860073 -2.1778947877785497234 -0.82665436541713976926 0.77944860324790699035 0.0035315159312101860462 -0.62645622615624640961 -0.4287638674693732832 -0.72607228830650494267 -0.53756913797762073681 -0.45675093962397572689 0.68760930807293252354 -0.56442184454881094702
-4.3164071623318589488 -2.4779801985916281026 7.1682016905610952406 0.99929164835425765556 0.0023110630754129691915 -0.037561423253882147977 -0.018070448384958175819 -0.84604512671482490216 -0.53280493846924359413 -0.033010004916128966868 0.53310627697433554673 -0.84540406731100037341
-2.1249839509979087104 5.010001261593104438 1.0375612691130478016 -0.85614612020047353713 -0.0022078607282272908266 0.51672908396635952588 0.39448336428939390075 0.64310741595178666508 0.65635030802676141981 -0.33376143600577951043 0.76577279717864465969 -0.54972295471132637257
-5.0288018743167279823 -1.4088345213455071292 7.3569839088723396614 -0.15817365392232368704 -0.011108500830460233885 0.98734882205532270572 -0.1118970436186820655 -0.99329359408005801768 -0.029101333110593159692 0.98105053225324889699 -0.11508447840050932409 0.1558698687913233627
1.1885346191041474828 -4.1940493380444250349 6.7603279773174289602 0.9390280253992696613 -0.0023681676318864702466 -0.34383245817830532243 0.34381559929094818173 0.01852878400097269021 0.93885436455695525648 0.0041474328328774297259 -0.99982552275162950295 0.018213260427043069523
-6.2348938411136938242 5.6877573091037447739 6.5137055497775815383 -0.91525862139327307521 -0.0023008384012430105336 -0.40286022651519648452 -0.38746229888229133387 0.27890661377786407638 0.87868314410584213991 0.1103386736826008907 0.96031547260966421131 -0.25616317096007285015
1.5058855379086395487 4.9104480574735278609 3.1863368079007492462 0.88847993340228237358 -0.006273651448161246709 0.45887258497198973872 0.034076718869916117205 -0.99624420147742553944 -0.07960067998322299665 0.45764853891663215268 0.086360478925442851761 -0.88492919632445221634
0.95643762318376068787 -5.4012191712762414042 6.5211749285218774119 0.83059523705558013784 -0.0024345228640662869984 -0.55687128250539408292 -0.49137185595670207494 0.46734555091998375431 -0.73494342313470317762 0.26204055288139727065 0.88407138237460347607 0.38697873263515703002
-0.92522171542097952912 -0.77295212445329308792 -0.34503888761807854912 -0.85701803203428261746 0.0011947647734208666995 0.5152850330691441938 0.4697372422866697983 -0.40925659187556445717 0.78221222517628730131 0.21181835609038326962 0.91241855227937829209 0.35017905345645272686
-0.97011888814030133865 -7.101747911047768369 -0.97329658240561656157 0.99932031978119251203 0.0016633468083733138256 -0.036825694153660715191 0.032773312173898047628 -0.4974298636377480487 0.86688490629981196367 -0.016876269779039016622 -0.86750260174746018915 -0.49714628378342223813
-3.5505421307799092112 -3.5922742541757122225 -6.1397650368724594472 0.9690239804135741819 -0.00065639419063065907595 -0.24696577602988295519 0.23905978682986067652 0.25350370176976638747 0.93732933993868550182 0.061991480900564235879 -0.96733419371784734597 0.2458080835938796227
-6.3713089086435745756 -0.18235323942460912594 -3.8573429293276388918 -0.99771358987953095987 0.0016381271864984617119 0.067564111102397156339 -0.015652283670183987641 0.96692515086899455401 -0.25457957230088834599 -0.065746472039453093816 -0.25505503162319781429 -0.96468872298681396238
3.1448796426583216501 4.1276958546200761546 0.29899456631377957505 -0.96191775881689289829 0.015357167176392219968 0.2729072785563196879 -0.169140952204438616 -0.81775350562366322382 -0.55015501663402732735 0.21472206118633876959 -0.57536367756103057314 0.78920914527354235624
5.1058563336791111809 -6.5119403595759139947 -1.579928433046084324 -0.84484700840891646667 -0.0052085942395735159577 0.53498261927711887598 -0.44230152393317556658 -0.5557878491879322258 -0.70389575124545522566 0.30100314667616828723 -0.8313078474554504993 0.4672519325267264767
5.0016557510116372853 -7.3356838352391555702 6.7933412582609618013 0.56799638898251947339 0.0024724233509636150095 0.82302733200388344947 -0.73456093587261583888 -0.44950871303073047791 0.50829336843929207035 0.37121467319147904984 -0.89327252506289100964 -0.25350318020714496248
3.3138981461884751134 -2.9651195937451837459 -4.2427974967628623304 -0.59136322603365076844 -0.00267034921956368302 0.80640089541748949387 -0.26512624240877075144 0.94504678341222203564 -0.19129728892059161272 -0.76157574178886255911 -0.32692422118478620119 -0.55957389424585968207
3.3112506465398303668 0.83103279414278863335 4.6795430490839917681 0.94550519820173728469 -0.01242461723336121468 -0.32536986501529419069 0.035963674881292040375 -0.98917275767772649964 0.14228095289753583952 -0.32361479302179008144 -0.14622887661126496295 -0.93482114940909233347
7.2061121569986577029 2.9392209611469919395 -4.0353287462171225641 -0.97158741766259570927 0.0064843667534657846441 0.23659214447541146442 0.0070484855895241796397 0.99997397543373323092 0.001538605233607669414 -0.23657601038689152206 0.0031625058066934927381 -0.97160783748707402196
-7.163177281858058798 -6.9722254530700693564 -5.7846395163513424365 -0.44368575961370104732 -0.011191279683487967769 -0.89611254983688315434 -0.060651764469005317593 -0.99725444709149946299 0.042484482144871209275 -0.89412768114117435747 0.073200567042708927779 0.44178882602641927901
5.7626163305158488726 6.5123524678564077561 5.9423316659330938094 0.98038302904710317165 0.01223714699579334618 0.19672155090349568995 0.17889978609227397133 0.36366788102137870275 -0.91418845915350088749 -0.082728368124825757413 0.93144829408129303783 0.35434459578293714399
-0.62252209010110870491 2.1130537254410310943 3.3914045521349245327 0.97727062803613506947 -0.0033868897956234019289 -0.2119685084048537338 0.1433717856901303711 0.74709489674152773642 0.64907144932633664691 0.15616225743085537792 -0.66470876648360699424 0.73059948337925240125
2.8982622247448297514 -4.088780337861686931 -1.8175096211872348029 -0.94089789578753357802 0.0040015578011908803369 0.33866670523969610862 -0.0055335132695014874193 0.99961511723787510597 -0.027184510669941680527 -0.33864513865346346222 -0.027451865594708690921 -0.94051361773324437809
3.7741257306606157407 -4.5175877699090651873 -5.9953985838115260165 0.43132875924520530653 0.001907039457071209353 -0.9021928090206181583 -0.037824214830110468311 -0.99908031858394408253 -0.020195192267421543941 -0.90140159208889059084 0.042835501850061061258 -0.43085994193094517835
6.5091334863312422243 1.6313132397314307198 0.9140781366689820775 0.96597490483808201578 -0.00043547748458143235861 -0.25863544533217269761 -0.039381745442272131363 0.98809031078042197649 -0.14875017938711515564 0.25561995491105105049 0.15387445564853929891 0.95445329406424961327
6.6513720521004495723 -1.2194624091666104171 -4.3415945324317188891 -0.81256295604372030805 0.00076449911262305072362 0.58287293470071943613 0.40955795759817104074 -0.7107828920129111161 0.57188281998132772799 0.41473331411099090271 0.70341104338995896761 0.57724274114417228887
-5.6211492676775032251 7.4554947031370311095 -6.2547776817918707692 -0.96702482765833508438 0.0078262924283022932553 0.25456184285781435772 0.19973153977452801078 0.64347108375506156808 0.73895350083105981742 -0.15801991871797654854 0.7654304106304583577 -0.62381567130876169891
-0.99913898592078131955 4.3623959857582379485 -7.1862805870932886521 -0.96520499544078719456 0.00018839149507377190088 0.26149432361885427412 0.25963913011374928352 0.11959939597151493518 0.95827110287070904615 -0.031094033029029851528 0.99282221419140292973 -0.11548684824728529252
-4.9915603679193063513 -5.5770313844940142545 -2.0930876841778496278 -0.99946273502423876867 -0.0053192151980185359977 0.032341107705545185658 -0.028319771356123263351 -0.35657953489827060034 -0.93383565247964173128 0.016499449938853959219 -0.93424982806605672003 0.35623731824482374186
6.4773011651817933299 -5.826304288967664391 -6.7496247870904504396 0.66919440648581851594 -0.00093663145436156231526 0.74308678433252484119 0.11819607343448866599 -0.98713383799710241462 -0.10768692634625676163 0.73362697234544105296 0.15989342889170199413 -0.6604737366803459242
-2.8912002266619016844 1.4096742343977541889 3.3675809726832484081 0.99369745360868633188 0.00058725174292686499813 -0.11209382599892371568 -0.020089436546214308604 0.98472897701516759472 -0.17293136316478707748 0.11028048436120475861 0.17409335703052469801 0.97853447451120478817
2.8949489439203897057 1.3601004193213825921 -5.5535860078679357699 -0.9962221891326997758 0.0037544522212089354203 0.086759748547972276311 0.086820101263209631393 0.02117143327075488024 0.99599901627958742356 0.0019026024920256318085 0.9997688105265337688 -0.021417413522118927682
4.7957954984182853408 2.6906549199117026916 5.4727050912313224273 -0.82066075273957994618 -0.016022701359328532511 0.5711910380546927346 -0.5586000064830272116 -0.18802319780633608426 -0.80784485505807734906 0.12034102239064468909 -0.98203388440917760427 0.14535297796106630419
-4.063324799512024299 2.531372144291445192 -1.5987365633693255695 0.99958407793885117876 -0.002533930792044326169 0.028727170517140764028 -0.017623023949557919954 0.734828841810933997 0.67802360008311557404 -0.022827618317595402275 -0.678247854723903143 0.73447855476140433417
-7.3447866852552810002 -2.9161060051360085943 -5.9544860116900206748 0.96508437696251725413 -0.012222177276261526543 -0.26165390065056326474 -0.26149043455035442252 -0.10340152310358209642 -0.95965143550077414147 -0.01532638188512539662 0.99456459991428691758 -0.10298717694850134663
