1125 14.717824617146108679 14.977075390850430381 15.033177056927090831
4.9418087753059483092 6.1702123799103345547 1.5152288214851443726 0.92087238381918401497 -0.004243079678495603746 0.38984105606511554321 -0.31806814652176063074 -0.58641507657057989622 0.74494967087652286253 0.2254477919327592117 -0.80999960138610616056 -0.54136303795788442983
-0.1965265012233559927 3.2907177110312022528 -3.1571280899837734779 -0.98629191275900041092 -0.011747022840067700492 0.16459122176034796103 -0.11188681535577807424 0.78074985960831289056 -0.61474466022171625479 -0.12128315371772917242 -0.62473327442675430365 -0.77136160939497666611
-0.17291423509543649151 -6.4666785918925953069 7.0791994357046803543 0.97412298657991436279 0.0033427081860676402525 -0.22599387894029865365 -0.19688228729641227277 0.50362131535887910694 -0.8411913787391426256 0.11100347726726310371 0.86391804994347654034 0.49124721985618252651
-0.5584612637313209893 0.86180922446330598952 5.2539771495848404115 -0.91995000855327735412 -0.001765911855421266807 0.39203171213330473277 0.31419146148051879663 -0.60139571685741166629 0.73457941522905112475 0.23446899005117555204 0.7989493559048538307 0.55380882929366015421
-5.0318957029085957799 -0.054141919505549744585 0.29331324890474869127 0.96278588729569014593 0.00061060108816899348605 0.2702646154986041438 -0.16672721860720018938 -0.78569605526845587296 0.59572119595592276653 0.21270959028635039179 -0.61861242785929670962 -0.75635526989519941132
1.4530727538503660501 7.4864907895361545442 -5.330921281831166425 0.77412131246661053385 -0.0011528484775870165291 0.63303622686652505358 0.3045133583489765261 0.87737785642561705313 -0.37078256652787489056 -0.5549845116505572884 0.47979867443997220589 0.67954795550693536388
3.3246466372096086239 -2.8127827860053415954 -1.7863760472725034312 0.76028757101823019049 -0.013974575445295192577 -0.64943630988444378538 -0.22455045123411546126 -0.94378854083341434666 -0.24257016519386206954 -0.60954073219579885112 0.33025429812914741667 -0.72068869448714034665
-3.7588424154094055574 -2.30980450369227297 -4.6188122370276465389 -0.98156922543218749766 0.0087385934787367874205 0.19090702624208089055 -0.058526616937641606775 -0.96470076456592535052 -0.25676267243468636758 0.18192440956180150335 -0.26320347989718606563 0.9474320225617695046
-5.0801137510388576501 5.5549356280667625541 0.088174893674931670295 0.93582907888938327012 0.0042729239850530179728 0.35242825826783569232 0.28706812896444899863 -0.58938458326727727332 -0.75512760665982725516 0.20448917926853429905 0.8078412932794862833 -0.55278985196417584902
-5.1191533009851450942 5.8210422919874753589 -2.5589394504433262689 -0.96891698585880514649 -0.0029646898185116724554 0.24736831876477755054 0.06801475394328852786 0.95820175514278038698 0.27789096726479117772 -0.23785261772849358719 0.28607797373376625538 -0.92821631378906810372
-3.7219163407353046402 4.6773048716289284954 -4.5233533575322786291 -0.85441334778165412001 0.0056770554971760324101 0.51956289530091159801 0.51548991494197049512 -0.11616839255704436429 0.84898471845136180836 0.065176519742300834115 0.99321330821312425741 0.096329360335729460885
6.8956066650747649405 4.8372727304681752969 0.22331510904447388066 0.87948287044457540418 -0.00019594956917130638974 0.47593050143722498424 -0.22373683275043099172 -0.88278119994347181709 0.41308495820722784808 0.42006155532883165948 -0.46978432778244777479 -0.77643478483677785817
3.094085721652803489 4.4783525957746146418 0.20266037802410352686 -0.99852485617352504388 -0.0097614129366619013795 -0.053411856559550947854 -0.028585418877457587084 -0.74183337721096309636 0.66997471167465749708 -0.046162597752433642828 0.67051320290759364173 0.74046003220662892641
-6.4155705543222216747 5.4005391989856113 6.3786481335002616078 0.96478114566740302838 -0.00088177332576106512516 0.26305239675890190743 -0.23989823524987197167 0.40729686586649915814 0.881225339955366338 -0.10791745775732343449 -0.9132953988339685969 0.39274080101258806996
-0.87662576335569197816 -2.3498560686908760431 -5.3177885710419623422 0.91170567506786737155 -0.0036977200262047977067 0.41082732250377118621 0.046542552875203598017 -0.99259268852357074309 -0.11222096712000095842 0.40819915828039532446 0.12143344496512922803 -0.90478028582802694224
-1.5031204312412962398 5.6908268425358041753 5.4982866551327393978 0.9759011454905758276 -0.00089945052796067993806 0.21821123990058310937 0.15514409707705123509 0.70607105117666391081 -0.69093703029463104937 -0.15345117585849968322 0.70814042511277519587 0.68919509208103257869
-0.85458581819881707098 -1.3138491494919024571 -6.2934285984566145089 -0.92480917720676569793 -0.0049449545600090804437 0.3803991761013346129 0.14457548523933425044 -0.92946415272857585421 0.33940288428408521559 0.35188906607337089305 0.36887929762585103255 0.86029189753314050382
-5.1941383192671750635 -2.9729852365895674815 6.8821225153594021151 -0.99707798889544141385 0.0039369665659990489212 -0.076288821949600724159 0.05726667010663523405 0.69946791849809542008 -0.71236588877278606002 0.050557022806888660127 -0.71465315453472977314 -0.69764952243846500846
6.5443079167663160689 -6.3633113001790304608 -5.1757350076637989034 -0.99425537533504748655 0.007025513714065160023 0.10680304665258417984 0.10645287818480730913 0.16873395294597284821 0.97989623830762351275 -0.011137025787767946411 0.98563659392309110885 -0.16851252587366477576
-1.5612781837052387424 4.4245687335029897369 -4.4445753752242946888 0.98103160224205143702 0.0043859702255117129222 -0.19379824216805768833 -0.18856422201461159327 0.25341671816959820962 -0.94880108617560343642 0.044950301203333160871 0.96734726454233577186 0.24943684612434946501
-5.027773572172216987 -3.3266857618652951878 -4.6726989195971064817 0.86877808905498798975 -0.0036460357805427547236 0.49518818483588999957 -0.23368036271356038003 -0.88465236198178953675 0.40346460380321841344 0.4365983509588857725 -0.46623696213742366057 -0.76941859548418978232
-5.6324503950988971113 6.8364334347279136495 -6.9531815354854460409 -0.87931883749389860849 0.00026684056599459452181 0.4762334625204141525 -0.41477522795384491605 -0.49180206642646645543 -0.76556661221249422411 0.23400831674087863021 -0.8707069864511020052 0.43256150018382372169
2.9754484728813648253 -3.1616838750950453374 -2.8285923825015277799 0.82748029059497618665 0.0012064513270798752145 -0.56149346670476485421 0.44156645516263731688 0.61630215873498594981 0.65206649569944474809 0.34683632213477694206 -0.78750885303836881679 0.50944516096848535547
5.8234709339061003774 5.4803931964827476975 -4.2507888786197307596 -0.98824647882029892365 -0.0042178883283857486475 -0.15281068849208695459 0.15221785915506824693 -0.11930794416608422881 -0.98111943096296050371 -0.014093276893979930081 -0.99284833880958878183 0.11854769364889335137
7.1778134691817072621 -2.5532894269018906463 -1.1080148605878348267 -0.97226427446348018258 -0.010015648541763292473 -0.23367042471445478857 -0.20093565733272159002 0.54707160722577363732 0.81261154199263363473 0.11969562320408165534 0.83702589168536500885 -0.53391068020241772007
-1.9633156670791014342 6.7639125018547936463 5.2296275844402693167 -0.92902452602813878624 -0.0056298445248757454651 0.36997531659381438507 0.12709270696997826411 0.93419729210605217951 0.33335096108571893314 -0.34750665299116628715 0.35671238312170056028 -0.86717668433513206416
-1.3675678312761658795 -6.875956236635093255 4.8669253130141703068 0.89263890704266724008 0.0041802595265205844816 -0.45075304443137292898 0.20149142588528512476 0.89079959487629101211 0.40728035437896714654 0.40323316695002187071 -0.45437716403737365978 0.79432009031173023139
-3.1050030097817140629 -6.8495922626809697675 -2.8094187432864772269 0.19747982603986333205 0.0014077559605224724409 0.98030594027084128061 0.93351835189205434329 0.30498203110425159412 -0.18849256585932941399 -0.29924104830052311588 0.9523570648274638506 0.058913632423642059432
4.0037315270682087842 3.946228853995409569 6.146272377390424424 0.99045157381938320196 -0.0086201360211966022301 0.13759132666644280363 -0.089640980181707491381 0.71798451568506582721 0.69026279771436926946 -0.10473860124573530772 -0.6960056957320475135 0.71035617609592871524
-0.99119595717815789371 6.2765260517368925974 -2.7077930629090336545 -0.7492409664457385654 -0.0018085868481851037973 0.6622950273201598792 0.24985726027568164187 0.92533273210993483016 0.28518535090947522148 -0.61335904956804265797 0.37915176895208285712 -0.6928453019351112907
-2.2018352209416698351 5.6421853914988027157 0.68749555998207023677 0.99622337642290570425 0.011921394857199573564 0.086005026673389425862 0.058214726811805492246 -0.8266214310525943354 -0.5597392744008599097 0.064420725319297100775 0.56263210899237436902 -0.824193593811549996
1.1900522955455035135 -7.1678050202452441297 -0.4576813833580298807 0.99487651566590673546 0.0028196589080541753156 0.10105824113004011067 -0.10067469874061932278 -0.063700896920144287061 0.99287803921988482259 0.0092370780090917752048 -0.99796505212120334427 -0.06309065806159608325
4.3407196566388082104 -6.9739106703997624237 -6.3531414206006209255 0.9891603118022934682 -0.015587853045348031358 -0.14600991881619759805 -0.14159667694551769657 0.16207944459457354625 -0.97656573497020648933 0.03888776971277593808 0.9866545862040503323 0.1581153657599670137
-5.2922447388252233935 -2.5143575935116992959 1.3988089277739490512 0.96087194986872337399 0.00026466542847701068214 -0.27699282645550277193 0.21434812824189730662 -0.63409174264584178271 0.74295527579227904624 -0.17544222945111950795 -0.773257778402930529 -0.60933769969095841201
7.1013031843283132005 1.2042246142861372515 -4.1467064633480790192 0.44084226470892373673 -0.0083259304681153126215 -0.89754597460419938137 -0.75305889967912253979 -0.54756382891629173937 -0.36479603462285492554 -0.48842644406336871432 0.83672249410686216908 -0.2476591944493065911
-1.6592797449113592112 7.3018468002146166285 -4.7491480406274737547 -0.058271009882133129043 -0.014137820224320052712 -0.99820068695951547078 0.90332020468366758248 -0.42641809618020659611 -0.046692773105281214219 -0.42499070250714365837 -0.90441568390274396094 0.037618791755269775923
-0.23117848212745928382 -4.4132772013331580396 -0.71237034978359381476 0.99911368345408835268 0.002312735289683124501 -0.042029736976506699986 -0.038106096913275169791 -0.37448637775436466324 -0.92644906943355986861 -0.017882195415252773174 0.92722953152487253003 -0.37406633496643604264
6.5210062733526372725 7.3099727715529123628 -6.7021796525036014813 -0.9946606324997283588 -0.0034465170246105198554 -0.10314236605578504247 -0.082451302137898516142 -0.57452606033347863868 0.81432277923039220191 -0.062064554545646376249 0.81847903303513525053 0.57117428474232045943
-3.3497219007144991565 6.6207873267011168039 -4.1971792754563077565 -0.81445668465743636943 0.0044457179133535126847 0.58020732881362557798 -0.39029214451669602681 -0.74413011456752653494 -0.54216456406002078161 0.42933943534854074331 -0.66801991600989596432 0.60779687484272582054
5.8784219367190333472 -0.8936704501434060699 -0.19751079248432892865 -0.80034868284466198496 -0.011587494716608524523 -0.59942281891432980245 -0.51108797262885830026 -0.50948491652975314015 0.69225299137146312223 -0.31341836274070106194 0.86040156310581994425 0.40184335269119003664
0.039565149150654656263 -2.042142808510100771 -7.1585710294212416827 0.72337849509521001679 -0.00095441745384651933276 0.69045104237823018423 0.68581417820224044313 0.11670045484744301367 -0.7183591837061934493 -0.079890336152366542288 0.99316669946471514141 0.085073152426266146486
5.9905395032495976082 -6.7328421212341709179 -0.72912000322333991864 0.90493848608981786175 -0.010047471759773163313 0.42542377073299364465 -0.11111437227001699779 0.95946026154392982654 0.25901660717615521135 -0.41077966438045665498 -0.28166479160389162884 0.86713609802745761357
1.8483846102216903162 -1.5420681639906874683 -0.2753701525170680342 -0.99409842514276836045 0.001162524164602060997 -0.10847566393566317189 0.053668751113995487312 -0.86372909835915778753 -0.50109052056634406647 -0.094276117243840246163 -0.50395505075869373446 0.8585693452088413169
0.95019007816245015796 3.7397685341781135016 2.438932037839864897 -0.99049048811711704055 0.0041693312114817410521 0.13751803382394248154 -0.10826423310850485926 0.59316239811415294447 -0.79777015818650176548 -0.08489669474705999197 -0.80507203785789860362 -0.58707032379458501392
1.6735426940556847875 -4.9458466727305081534 2.426142027281068092 0.99659802915890149944 -0.0042598742912447655831 0.082305660483324147303 0.04406260781316917452 0.87149187082740919852 -0.48842645881891444404 -0.069648078719248870949 0.49039144828664182896 0.86871478206489260998
-0.99419390453601941271 -2.1482941064764697892 -1.5716838676279396569 0.97323906379375846321 0.0010914848638861891338 0.22979237012300818277 -0.053555369027095831025 -0.97137470399599767923 0.23143683130622930144 0.22346710530715860332 -0.23754998020943596249 -0.94532135263528871416
4.5869322166911574712 -2.0329065871101694718 1.5784747969518544419 -0.97691502407346497705 -0.016877702555150905783 0.2129605101795977451 -0.057482515437521378154 -0.9393403856071704805 -0.33813518063983083461 0.20574935275350039743 -0.3425708439488379109 0.91668556262094180731
-0.11166803116541509922 5.0054905045185256185 0.52180182063860547359 -0.98970112795913034454 -0.01260717036143105263 -0.14259290505457516973 0.084881280678172923992 0.75042123771301316726 -0.65548694432429199797 0.11526857987696971508 -0.66083963655691657646 -0.741622632643072488
-6.3508724891579326766 -3.6081524187498321687 1.1631430599889878152 0.58519413776126416593 -0.0031842724849229907952 0.81088697211052551683 -0.81084024303188551031 0.0091331542803612004999 0.58519627969847698434 -0.0092693802319764855707 -0.99995322185673374271 0.0027627320686012899614
4.6740467746389882109 0.80029263382690196682 2.459854379674551339 0.99443908113809098559 0.0077783346413584563903 0.10502576548378625421 -0.087405754958877757144 0.6172605515437876722 0.78188851219848065632 -0.058746471428691278416 -0.78672034994532002994 0.61450788691157320898
-7.2758139192257216266 -3.6181723833368195642 -6.1854776510131905809 -0.86517455228646977794 0.0023841499597989966944 -0.50146516320145084755 -0.20343736537715767509 -0.91567293671486238438 0.34663570407046151445 -0.45835164714894655047 0.40191714170585762789 0.79270194824969331115
-4.2142386872551442778 -5.3427134138161429533 -7.1825204710556507237 -0.99052235917575148783 0.0031103247135011750577 -0.13731635683088447286 -0.00079377763392922406904 -0.99985650298074035813 -0.016921683258745618544 -0.13734928427261355877 -0.016652306969871737141 0.99038269107576459849
-2.5324710463728923315 -3.1996959878208190986 -4.8844988212160673768 -0.99672489872018421586 -0.013310486020337394808 -0.07976407232062077135 0.054294641199941262588 -0.84113121517503730562 -0.53809884853549960759 -0.059929693877365387833 -0.54066728199529445753 0.8390991133183421935
-2.7592616117160142508 -1.8161267440906865289 6.2002155610130360586 -0.9035880370185940258 -0.0095236467531312953699 0.42829657891378170032 -0.12270590146820162247 0.96361892325086717648 -0.23744858916809302718 -0.41045331171976023876 -0.26711022239050891125 -0.8718831389543141297
-2.2182803604315251 -1.3477860287017855434 0.64190054123717321666 -0.36640815602814275076 -0.0044191868746199774315 -0.93044372961694099544 0.037472374723604220947 0.99910734999266304079 -0.019501905633090579895 0.92969935158019134658 -0.042011593377506886715 -0.36591548435837190079
-4.0128606461095355229 -3.1797368051365952901 2.05510604293993282 -0.99687435370457277983 0.0011084189846775754917 -0.078995533628977682161 0.027162529763674891914 0.94375360597206670032 -0.3295319835637672834 0.074187060211386768316 -0.33064770167352680597 -0.94083387347352853691
-3.7304870158877805331 -6.5331018855436573389 0.63526434668556652774 0.82191895857691776861 0.0002015905422897475846 -0.56960441087920199443 0.43451757391607503944 -0.64680808639892406475 0.62676453100580886701 -0.36829838920351903875 -0.76265277730442415649 -0.53171142340553700922
-3.5091946282177275407 -4.0716657078334579367 -4.2708160856517869419 -0.99930705359505167529 -0.0024339531370297260923 0.037141466144446806663 0.013737629702634084061 -0.95152597480898060134 0.30726144696989471372 0.034593209816182662886 0.30755876696332812292 0.95090005505233432537
-3.6817711219251605392 2.9608571507791792143 -5.5031623034338368328 0.94458707078486248143 -0.00085295222298467903571 -0.3282598637948080933 -0.031148097557308178363 -0.99571746815192430091 -0.087043205568825679497 -0.32677983677799193885 0.092444556841666719604 -0.94056841441009830795
4.7105544438953712572 0.022503022029463762288 -1.9782349737471414119 0.91029004351546316531 -0.012609697016734713881 -0.41377896541225078764 -0.36054070109791680476 -0.51532425327523800895 -0.77746467240510985786 -0.2034267424118383627 0.85690250876475437813 -0.47364084594160416053
-0.043296149205779746461 -2.9638650553552996492 7.2433536690216104859 0.97619569786599291739 -0.013650759380297345855 0.21646158143222923864 0.15169523558818107101 -0.67033630992167370088 -0.72638680267495514542 0.15501778919743433582 0.74193186234911945309 -0.65230866670883902447
-7.3089790299126216055 3.3707243977564416149 4.2315597837161877948 -0.99932635779762124528 -0.0019899170164435703648 -0.036645202156914205571 -0.032861748395121223587 0.49305679560917564652 0.86937627170058962012 0.016338179313198256809 0.86999484856743647399 -0.49279004389583425105
-3.2160229820983299298 -2.1772714438222084965 2.9183673659837179315 0.76522038391045155148 0.0055965051099960737638 0.64374408205324240573 -0.49771958655258780047 -0.62907495274523017592 0.59710963565383601281 0.40830500512481848752 -0.77732450299680844186 -0.47859548663863760165
-4.9468055854130943416 2.4485453230877061159 -4.4485899627296712211 -0.99939450935205897952 -0.00031905523013204661192 0.034792425623455421058 -0.0039940543744983406788 0.99439979021865099185 -0.10560826076942340934 -0.03456388587320534389 -0.10568327879486658083 -0.99379896476923934578
1.0999157945948878634 4.4111385185213283222 -4.8275860743339480408 -0.96498039374971467108 -0.0042845846884880314787 -0.26228702219652683114 0.10307537258773671884 0.91325062527521883027 -0.39414307427679334817 0.24122252640372437993 -0.40737567154720388807 -0.88082731280702264431
-3.5635033968253067016 -0.77616742687809980872 -5.9016497578253623857 0.79602270393758245426 -0.0051426755612904205897 -0.60524491547147540871 0.29273391780081498004 0.87850405873307213511 0.37754135158781237935 0.52976854208700507876 -0.47770720287414147887 0.70081461181780069225
5.9391409491223594586 -2.6903172603213523217 5.6082233090176139001 0.98972546534036842658 -0.0010995205728105555965 -0.1429765516138769843 -0.12567383045206895198 0.4701988425123206361 -0.87356690461548303084 0.068187913858581028492 0.88255982208262284683 0.46522958724595847579
-6.9007958657240759948 3.7040652399724396382 -0.9368492416613164453 0.90195037770079844464 0.0042019378868333101193 -0.431819244457052831 0.35602811815210727575 -0.57315068309340078123 0.73806657799599018066 -0.24439618501631896197 -0.81943922177765504689 -0.51844948313397609674
-0.40198632069069734074 7.298344631844988939 -3.259091709459002395 0.36923972463094567598 -0.010769451845000421394 0.92927178191387860284 -0.10003298357998888224 0.99366266742484865571 0.051263101371664634986 -0.92393475308070971419 -0.1118862023356533425 0.36582242929640523821
-6.9892200411261367066 -6.5596512030079381361 -6.250365084296379159 0.99053640181785873597 0.0038946451407162437433 -0.13719500141362861445 0.070752158268092904536 -0.87103552117450278036 0.48609798698694817176 -0.11760854039592948117 -0.49120459341456595981 -0.86306794554908594641
-1.3044928225442364855 -2.3525033473210896773 -3.9607626915843145987 0.87006624367685181376 -0.00059150374216507522335 0.49293445988012513093 -0.0041367284388076214219 0.99995530459631898346 0.0085015461884406628296 -0.49291745667182479407 -0.0094360443562917541149 0.87002490882447713894
5.3446169852048948101 -6.2937613710713549153 6.5507624338750680693 0.90782953270272470636 0.01286436994622568164 -0.41914203742717059953 0.014915755625084729796 -0.99988744532398654563 0.0016176889868092961082 -0.41907405048133650194 -0.0077204060393915776433 -0.9079192340422245211
1.4401947387025897385 -2.4145957239570168262 -1.193309739188443297 0.83506503026662315392 0.0042188166652943337454 -0.55013507142483075718 0.48321208295355538853 -0.48367282686107493372 0.72977166253826519782 -0.26300661229972410737 -0.87523870923430391322 -0.40593684699036169938
-2.1074256872519798733 -5.4204694106552322452 3.9163605385285342741 0.98785182179243136158 0.0060952926927111536134 -0.1552791859469781488 -0.1067428290546055536 0.75281145991176590115 -0.6495235748384412533 0.11293691436716461751 0.65820798630256671657 0.74431680092596064213
-1.7201203056536324976 -6.6621773891213571517 -5.4735062943029086924 0.04260674857157437101 0.0042251948000216216911 0.99908298589512600785 -0.014173790121284817606 -0.99988786635356552424 0.0048330521024362166349 0.99899137566342632866 -0.014366713191650896247 -0.042542083897144242211
4.2273376998193699094 0.82430672439931973461 -3.0554423849749721143 -0.95987024518401986573 -0.0054557023688673947359 0.28039141877374645917 -0.19535316186401990857 0.73034679273843516878 -0.65454618208805304125 -0.20121196425662338236 -0.68305475450221819766 -0.70210394372327178392
4.0293525646191952205 -1.6496509927306433063 -4.9036089830500859676 -0.038635743017229218221 0.0068463377387418707098 0.99922990698891378525 0.010910511103485145273 -0.99991402924544836583 0.007272885655500743729 0.99919379507126637741 0.011183102336341668379 0.038557724429350952178
-6.0007537001440844904 -7.1158615458563030387 -7.448212669501984351 0.98422762210663250482 0.0037403754316278608333 -0.17686717466507728691 -0.11999078399102393322 0.74876178448368924112 -0.65188802861680994472 0.12999307535245779865 0.66282863523574786502 0.73740084124716032132
-7.0506978184784472319 -1.0410665773102145693 -6.9365684319318354767 0.99919513566465578691 0.020280318123632012917 0.03460909650612145616 -0.021697508774393768627 0.99892038508846003886 0.041076542792101974899 -0.033738686654151403554 -0.041794412922917627273 0.99855642207699069068
-1.1957965446197043047 2.2285856640310304222 0.75564195952035306814 0.98166500010922030928 0.0012671378029521567984 -0.1906101306916874738 0.15408789785095663993 0.58337938617741946778 0.79744931595626955545 0.11220849921628937851 -0.81219879718271581481 0.57248787459524863586
0.23464687914978404892 -1.2464780589081196904 2.677496463231049173 -0.99840492960433513403 0.013181638858324379315 0.054898460257647274663 0.011223193829777614039 -0.9066205671530339627 0.42179756653564604019 0.055332056368006025948 0.42174090578477835267 0.90502650343838253466
0.28231172647158614408 0.23379412861774009902 -2.7660028200226594031 0.98482546406029380925 -0.011540424987819708491 -0.17316357564314824313 -0.17340610700652286935 -0.10573237687791298134 -0.97915830514404911256 -0.0070090934696578864604 0.99432765377955067976 -0.10612911729530449811
-1.1648874733429601669 -5.885718311410167658 -6.7761446606485336019 -0.99855784948805881296 -0.008761939610839434428 -0.052966495449825151676 0.05246316565897514439 0.050140905234389285261 -0.9973632767810333144 0.011394624830148303296 -0.99870371884587705313 -0.049608915412940789158
0.78626620078673703507 -0.065606620530367185107 4.5935963505993102629 0.99639678740682413594 -0.0076952567533804579897 -0.084464341996062411444 0.038484321498050387544 0.92847479483409467438 0.36939614556273370205 0.075580414421770436562 -0.37131568561169192577 0.92542544949586003078
5.641942792776418969 4.0469364230447544273 -0.16256501712526222336 -0.78835495221400120336 -0.0014430365793024286982 -0.61521897480897980159 0.5798391625228366264 0.33249139225268309339 -0.74379837300346729467 0.20562834173436289609 -0.94310518592748493472 -0.261284506529291638
-0.74306226130450903078 -0.64889859222318957421 -0.33360000955418384061 0.97396173021853238438 -0.009461223849422044363 -0.22651497370571666012 0.11863976342924008323 0.87267317541409916704 0.4736730258798173554 0.19319201485332174184 -0.48821308273745167572 0.8510727532009930707
-6.1937382431626497592 -4.9578803574239440621 -1.267490413279434236 -0.99921947175745395864 0.0030504376137835981925 -0.039384541272640828657 -0.019311110851497219343 0.83203765562713571935 0.55438291876303047445 0.034460531896260103435 0.55471076648002792808 -0.83132931939907439567
-4.3119102076120734424 -6.4981430076787178862 -6.9066563259815172415 0.99972598852079042064 -0.0080925082659987716133 -0.021964953586485432002 0.00548752483832939085 -0.831171262236840791 0.55598940628648985118 -0.022755987063624825983 -0.55595759203524930392 -0.83089910392973087561
-3.9005432984730186163 -3.659947909824340595 6.1628682029105057438 -0.95144586727423152706 -0.0030173420832864238789 -0.30780132763442330512 0.30781589400156722514 -0.008123860122779345827 -0.95141125613300059349 0.00037019829031162496819 -0.99996244856666538503 0.0086581989909312526144
0.86104904742350651947 -2.9755562896867822076 -2.1225643372023292876 0.64022209064096924358 -0.0047572425518032195046 -0.76817513842789353351 -0.33053162074388570124 0.90097540791575425612 -0.28105544296329187937 0.69344395760852750588 0.43384407679973696625 0.57525194018110148431
-1.7377842189855223776 -3.4834271141747419342 -3.6320927292621396631 0.99863144524302460692 0.0087769544125214232766 0.051557750563176914238 -0.018162768953127576138 0.98266202604401120535 0.1845141089324841277 -0.049044371704068001616 -0.18519802278222424752 0.98147661304877908961
-4.5245941026805569507 2.878870785708008917 -3.505005353329537332 0.94918506570026217606 0.0068868876061777498793 -0.31464310230900227605 0.044788766733868806691 -0.99254053987691137628 0.11338978382281361679 -0.31151513193744767571 -0.12172036592133730903 -0.94241311275579331408
0.57465962229395506355 -1.8432006815870209948 1.5596800264987196183 0.99853085171045508073 0.011693249878946460063 0.052909413997196480528 0.039484682161136333556 0.5116938614767359006 -0.85826007247323465865 -0.037109271845251000366 0.85908827255079434071 0.51048040306048958481
6.9469763643191413394 5.2863390934498069029 -1.9736807080973777229 -0.9501889162089232066 0.0056634295980924308223 -0.31162308816698824909 0.28654609105278588954 0.40918885352976858139 -0.86628853152358520351 0.1226065300705936334 -0.91243213868868899841 -0.39042954687353031984
1.711345011203417199 2.8390936958776356036 2.2519952590806262549 -0.98281458160977075433 -0.0033454766183920276942 -0.18456518079383890663 -0.13717136996851189701 -0.65584395408234907876 0.74232925521936610203 -0.12352940312427039549 0.75488907508313063399 0.64411409772180350242
-2.715664389917961774 -6.1352381011934262744 -5.1044451526098120198 -0.27709371032839524851 -0.0058168725645524827286 -0.96082529092967872142 -0.89480359444424217852 0.36588683148322853622 0.25583853094677189155 0.3500651411755557052 0.93064117174168736746 -0.10658989817515020226
0.38568529372801052535 6.4242857898043173037 -2.2856805260392647483 0.27499874865787599099 -0.0069681983719917933717 -0.96141933226251186095 -0.3993271977007297191 -0.91046978692428104374 -0.10762228521269547044 -0.87459332115736221347 0.41351688152891524775 -0.25316064322388170948
1.3592763040205357861 -3.5517619622952412151 4.1379687468778909576 -0.95680308822857718098 0.016978847920736415966 -0.29024053658924092725 -0.25761980913289778128 -0.51222825390486670383 0.81930107399173746074 -0.13475861493295648863 0.85868150942301124662 0.49447566277466870055
-0.91273429256370208762 -1.9914868275118251528 -0.44746648575061725994 0.97128584800942197042 -0.0013424222265984286223 0.23791174699700662343 0.21830738560170925844 -0.39250787434260753228 -0.89346485883369053393 0.094581641180119233048 0.91974766456975998175 -0.38094428289458281967
2.4607074251717024893 -4.6647323604491734983 6.7964391953671521307 -0.99349731026730858652 0.0012876549824911518588 0.11384830449452512657 -0.10260614020598125828 -0.44351096497059672163 -0.8903763271464693041 0.049346473872663519644 -0.89626802123886972762 0.44075907208004710958
1.9638055452539699974 1.2683252998252514399 7.1957243887399009452 0.96539515493205096952 0.0044598364325436120476 -0.26075334071236455635 0.12649528057818806848 0.86635422559853214608 0.48314521603660071092 0.2280595072018419267 -0.49941011768549764538 0.8358100235869159178
4.9645223058637064639 -3.4220872245013382873 -2.252932948035967442 -0.89659212995957249248 0.0060143481747295685774 0.4428164180679688422 -0.10513987456316754854 -0.97421016306029339926 -0.19965010635334787259 0.43019548959901993124 -0.22556237675217047367 0.87410151293914428727
5.2271555860706602203 -6.8543745716564883352 -3.4052024461117618159 0.7027881754368486833 -0.0013836854770770093577 -0.71139782532747819488 -0.62622591874414101909 -0.47566878205028728654 -0.61772186983779964198 -0.33753500434659122753 0.87962338258901073829 -0.33516089515851821279
5.639637256146083466 5.0513332838598277164 3.6236874489268395827 0.96485404952933950806 -0.0013798314291214354172 -0.2627827223621101993 -0.23606574638687263801 -0.44389054273041406162 -0.86442706427859239415 -0.1154540016180237022 0.89607995298392817407 -0.42861531863737145631
-4.4827637437754086491 -2.7615138613663976486 5.4311577245746551768 0.80352578350421477449 -0.00083381735483133503917 -0.59526936759127724308 0.5392377655211676446 0.42457293700135140258 0.72729667495574656932 0.25212883111545236758 -0.90539335424706590683 0.34160492766603284265
-2.559828824388203028 -3.0013502977127397564 -1.4606385047512198128 0.88331016464342593242 0.013224777593132321096 -0.46860245229315561355 0.40594333705760621278 -0.52152627286882946578 0.75048008221815287744 -0.23446355822626654963 -0.85313272822298369391 -0.46603796830172322663
-4.8763791481600717859 5.5199635268692155421 2.4588477511450146373 -0.99195832969288699754 -0.0074932262874628872279 0.12634288152736009025 0.0066529193025841116063 -0.99995286400780825087 -0.0070716636905691007686 0.12638991580660144387 -0.0061742467074558885637 0.99196142458265623709
-1.9460491731924425274 -3.8270756077217269464 0.18358979572112629763 0.98603637072787231332 -0.00066230029604805694399 -0.16652878718091915222 0.1383005383406754607 0.56029527544697477204 0.81666527133610111733 0.092764415032425537322 -0.82829268116414356271 0.5525631164251325611
-4.9083428112786631203 -4.5946527039197713194 5.5216657140625802214 0.94696708467904233686 -0.0010243570227751941024 -0.32132894551707147368 0.20934035930160421746 0.76062886959331832415 0.61450820719386078927 0.2437825967986980702 -0.64918616238619564207 0.72050494242876939044
2.1657646310743490226 2.112325819931583748 -4.5043015161647383948 -0.98917027380966360273 0.0041070598792768003849 0.14671503491642418071 0.14454146201967321694 0.20088687346825326308 0.96889226946314821465 -0.025493826087879454395 0.97960583712392212963 -0.19930496407296099948
3.504760838417059432 -4.0666448989177741424 2.4795489054389538985 -0.99232358887599769748 -0.0027646989785552753341 0.12363758085513852636 0.1235512129201022935 0.02136575969266639452 0.99210816048384442567 -0.0053844912594304900413 0.99976790344182364656 -0.020860165425152638746
2.9162347653511999646 -3.5361549505460070364 -7.2751504114916638599 0.99712837816716615169 0.0052665088609147991255 0.075546418434488449289 0.035803381945460781288 0.84626385104146573113 -0.5315596036774085098 -0.066731666359653635245 0.5327379827878278018 0.8436451424621889128
-6.1345934703966147339 -4.8461265032212841319 -6.3456586301080752932 -0.99927795295784127561 -0.0077307698991228379973 -0.03719956893689262134 -0.0071144495830567401617 0.999835702840419005 -0.016671890494667263721 0.037322343702545335287 -0.016395198147706759734 -0.99916877460123842969
-0.62587069774793202548 5.5524594186679241403 -1.668805405510780604 0.99994941762469258251 -0.0046163038604020139449 -0.0089359907491253671996 0.010049869280901641694 0.49416796781428118379 0.86930835709424558733 0.00040288886420741104599 -0.8693541909516525612 0.494189364875088466
6.525167721747106242 -4.6878920409598219265 6.1967053118227974906 0.87259048388874316249 -0.0041246600431142860579 -0.48843508740316493588 0.31151430554363263026 0.77490894293430512274 0.54997724280380988482 0.37622424811357219054 -0.63205942548149374183 0.6774630600936516478
2.3535011108831818127 -0.36963793630322544503 2.3914302907059359349 -0.98429349487982742417 -0.0077632392116324510506 0.1763690677360656156 -0.17647376808975279161 0.070598125910258324733 -0.98177029584017661001 -0.0048296079931983929706 -0.99747462961973132334 -0.070859284160426888599
-5.4727390504698778528 6.7528674205429997102 3.9372863292305555483 -0.53573613810752818143 -0.0055563407300439583356 0.84436716978060999406 0.42029847637407841132 -0.86905270788488064859 0.26095321740781413089 0.73234963035635147754 0.49468830387993495412 0.46791826307722184097
-0.61098207099240131601 -2.8966453668077147832 -6.7728887829613855232 0.9163233935472324676 0.003339217590012003023 0.40042513415602304372 0.12319346065134323398 0.94911705542030133653 -0.28982785643041097945 -0.38101812252276517912 0.31490580295734016403 0.86928679132556840869
-2.0820300591018967573 0.64542060206533535816 -1.9738638342746146481 -0.99895065832060836453 -0.0011500252871803453084 0.045784928553754281055 0.010960508844632435924 -0.97663858788634350105 0.21460879734351862025 0.044468522425488231364 0.2148854255020671844 0.97562636517263501279
6.1462921439566375881 1.1402382298458164644 -4.7414036700428061621 0.65994748423071281085 -0.0049841732605898220188 -0.75129519902262364983 0.2047482325813482773 -0.9609355445558355191 0.18622846308757562417 -0.72287445612118850224 -0.27672736985356438666 -0.6331464944715098353
7.328111564933740496 6.6439854426146762734 -2.5305372486416555233 -0.92906893996189010565 0.0078892156800269546552 -0.36982247778379323533 0.35162491706599241503 -0.29158117284077894604 -0.88957312085237882915 -0.11485130602863002913 -0.95651355448872110721 0.26812496635486759988
4.6223235089523537766 4.9585835995033740176 6.6260157161926871439 -0.31892038773445813282 0.0070139456635423926348 0.94775555437747582843 0.67075157450114564206 0.70815702333124319612 0.22046758403622590539 -0.66961340457869789056 0.70602013772470140207 -0.23055032755503460096
1.1269859563940605174 -4.4253583765997266397 -5.736960333616516472 -0.99987906979937413166 0.0091370265575765399757 -0.012584137747248876071 -0.012103024354024761317 0.050927337509700965068 0.99862902175714340913 0.009765376523269166803 0.99866056347481602096 -0.050810593201704813693
4.7632522281189881852 1.4953193295099254101 4.6479875656275435603 0.88523797367334389197 0.006114445241993038925 -0.46509820847438154701 -0.46415750128992994128 0.076515940852952712969 -0.88244157018571700579 0.030191786350274821271 0.99704960977618561913 0.070572882059735331239
-6.6707786629371730314 2.7193886735875389959 -1.214519356948454698 -0.98035638541279557234 -0.014238157897895020038 -0.19671967984922231198 -0.063320622630506764872 0.96731431339477802478 0.24554738412618412613 0.18679361961795984404 0.25318035856129628147 -0.94921433286096223991
2.4976143415340641418 -7.3491665945902502344 5.9708988388469093067 -0.89356492895803296683 -0.0042342579339199205163 -0.44891401046979245715 -0.013004519557518245954 0.99978002707617619205 0.016455392147342054465 0.4487455851675640206 0.0205418723438587289 -0.89342343335807605786
-3.8005093475743456644 5.8193516748420250906 -5.0649200373315874657 0.8214951159987624596 0.0020091519304356328726 -0.57021201118419750919 0.53445507608081921358 0.34584598288208906469 0.77119927889988382219 0.1987549899791729302 -0.93828914489774140062 0.28303698437763896711
1.576659074491429724 3.8675865921001282288 7.1859825223729867361 0.86343357488944050271 -0.004145572735606395387 -0.50444551339101895149 0.4963460945076955122 -0.17167359226198680711 0.85098104102655813819 -0.090127777186468319148 -0.98514516288039710723 -0.1461711046440531403
1.5141734030237115061 -5.8023604976001035283 -3.721763407266991841 -0.89351120039878717538 0.013658197833880392214 0.44883314092654214011 -0.41778959302447460367 0.34107935031524649894 -0.84209069152256055268 -0.16458915736606949398 -0.9399352799104481182 -0.29905196681693979599
4.2164911935986610914 7.2749268187619104964 -3.2880156363392654129 0.98645600255154564096 0.0062402351590237162965 -0.16390733508672705732 -0.01041181322421686796 -0.99487864209266008153 -0.10053895589923317333 -0.16369529368756416399 0.10088382909612853 -0.98133903613956219303
-6.8005476963627051745 -0.76951834348271375141 -0.76480060541696182064 0.99951367313597050401 -0.0086757449773475475013 -0.029952440018761919416 -0.021423100074912729274 0.5069288114442408455 -0.86172166672936234555 0.022659832240539551362 0.86194426245363220396 0.50649641699229452918
-7.3379793031594431341 -1.6877851602874360815 0.83732814663721832904 0.96178224527771571939 0.008484810151870331163 0.27368397955529777388 -0.18085702161463068638 0.77014450259126288056 0.6116928827942408331 -0.20558611432001375197 -0.63781302364031666752 0.74224584638357982147
-6.574738531134663333 -6.0760841594591843418 7.4981216861035324683 0.99926337743249782353 0.011141597004497329204 0.03672284491098980197 -0.024147000578405443394 -0.56119881274114691294 0.82732872241999910745 0.029826580179993324171 -0.82760603996956894068 -0.56051638488148003425
-3.2245007015926026028 4.6722074102909711968 -3.3436350840045285793 -0.97167318446384298714 0.01140258021155066484 0.23605339175390702144 0.1229180691002943332 0.87748558928304609683 0.46358406884757819011 -0.20184739503560017448 0.47946743556279947107 -0.85403080000210962464
-3.6871588637446555126 -5.5389941902789132655 -3.32072724016691323 0.41034302828092250603 -0.0094971194867406703854 -0.91188179270274383192 -0.71449378349353731554 -0.62471231256164161394 -0.31501295192885209184 -0.56667206785788037937 0.78079724080920664964 -0.26313197497531648494
-4.697661954625752756 -5.3178926943460052001 6.509203149557713175 0.78713128436961765644 -0.011113302055048608283 -0.61668536198299073181 0.406618366532709552 -0.74244821549945616557 0.53238346264704516919 -0.46377348475838431341 -0.66981127328457734649 -0.57988534471553221383
4.2486555376988555111 0.23371041042106879826 1.153451037152239067 0.67901038678674630056 -0.00014949752453114796297 -0.73412864832148050365 0.66650831192798343228 -0.41908222540370554388 0.6165523160946748682 -0.30775244071616431052 -0.90794827275635003883 -0.28446154262409428792
3.9895252585899911857 0.2391666478176684707 7.1101269915292144574 -0.98451714002841650419 -0.0066129349252315927296 0.17516355237861908067 -0.15674965446235844535 0.48048505438988986516 -0.8628810221194491703 -0.078457292944268841595 -0.87697798239152990885 -0.47408234683881156357
5.4764478563545635481 6.6976833681929885955 5.3696017659988823922 -0.49335879798135384711 -0.0028683980571414594007 0.86982117055572527597 0.75644370183605191826 0.49225204081227591502 0.43067488232847395135 -0.42940659334351899412 0.87044798845692006317 -0.24068709351434483534
-3.3917167982639937485 6.5713402705289496453 0.27944924570257145824 0.99597501761812623489 -0.00561568156413802793 0.089455175374097861685 0.0080470210398194581825 0.99960729919031066082 -0.026841998022523010092 -0.089269310140847185631 0.027453807131714774714 0.99562908692994755988
-4.6881127328106551033 -4.6612539807659452151 -2.9426857470956480078 0.9876376907421652307 0.0050883857135865968868 0.15667131248708868196 0.15515734166593525556 -0.17401957496729436592 -0.97244197094505069323 0.022315715376333720987 0.98472904692572182928 -0.17265779156528440752
