1125 14.717824617146108679 14.977075390850430381 15.033177056927090831
5.3913239302768145578 7.2949185744435451895 1.2633116943639199903 0.88836832786722463862 0.0080899264348109588274 -0.45906019990044577561 0.42985746735910002059 0.33665030400196183091 0.83778823730768769984 0.16132040105947548225 -0.9415949903783548125 0.29559195235386387379
-0.16316177435375756044 1.6702472335817366567 -2.789248547327302763 -0.99049471135291899948 0.00029885833845751325413 -0.1375504906045523501 -0.05578017312725520177 -0.91495489937115881407 0.39968250449898434784 -0.12573304684034708467 0.40355599710618988984 0.90627465932352546663
-0.35735198766587583652 6.9333624891771155063 6.542059615835573716 0.86489652010466278043 -0.012344916194655549541 -0.50179837839003738065 0.43862084669289758132 0.50466588069398155003 0.7435886643230392723 0.2440609808167066852 -0.86322647776092742422 0.44189850162144039825
3.5476982923016975313 1.5470830850898549258 4.3775322010110739868 -0.80349259046965759712 0.0021436081425415184909 -0.59531089525097180548 -0.5219829369455005752 0.47828172553048881044 0.70624387045927172757 0.28624023231902223641 0.87820384647745397544 -0.38317689574682428644
-3.8807966008653647094 -1.4398340890078062948 -0.24159577785128347194 -0.99374422660043015831 -0.00048959410882221273114 0.11167888070699506786 -0.089998865178907261342 -0.58858412725970277179 -0.8034108098628595096 0.066125761733765331396 -0.80843582641766031927 0.58485801541872539655
-1.5248377598146936052 -6.5084237634655091043 -2.1618347629617411521 0.85463698724114800509 -0.0060720540493886671074 -0.51919047583620492325 -0.46907056783148171064 0.41973308096202971429 -0.77704372022451140278 0.22263966949683342 0.90762727532051612478 0.35587119391797666923
-4.8003463124549368146 -0.19894110128546224625 -0.96857111454681266149 0.88958615430989018691 -0.0076502945544665058863 -0.45670334688216096541 -0.45514284777166630347 -0.09910023647151157411 -0.88488650755544850934 -0.038489767243253425466 0.99504804714378669583 -0.091640175103674614832
-3.3740277906037525746 -3.9868645593736866672 -6.4634614520695938822 -0.98909052041038958425 0.0092297333771351984522 0.14701957167752746636 0.13193101001054682864 -0.38846901777228975972 0.91196821810229700134 0.065529772104381517339 0.9214155600231017651 0.38301333490509698043
-5.3592018824574338964 4.3735477811541123572 0.44739994807593086446 0.97128159591801932482 -0.007624395724575220093 -0.23781070207378782189 0.054260791083053046269 -0.96605134696183758702 0.25258773047070665063 -0.23166317787256818228 -0.25823761078343004938 -0.93789418827222104103
-4.1604682891562880798 6.1501424546119958237 -3.3977100715339103587 -0.87687913418592833281 0.0019095631198026222219 -0.48070712247478225576 -0.41739182631133497914 -0.49909443418599830355 0.75940029568938849369 -0.23846812650297086189 0.86654549755529486355 0.43844253136406152738
-1.3257749748404223933 3.4206758718991396861 -4.9946289714795426562 -0.97022685017156551357 7.9274249149116323213e-05 0.24219796225774053999 -0.1402787884763090076 -0.81537604874093405627 -0.56167941091278916765 0.19743789076524395631 -0.578931682373073353 0.79111085597083263821
-7.0970474498993532109 3.5735053911620031641 -1.2827223224990818018 0.9858904363601741494 -0.0093978348109731019155 -0.16712787976395382383 0.084195449411744296975 -0.83509205751049364608 0.54362890079643400032 -0.1446760995876242295 -0.55002994117012871111 -0.82251801805451119076
3.477953247152113736 4.0123569441078084097 0.24820613000948854587 -0.99739826184172297729 -0.00063858811042351217718 -0.072085362455640608625 0.071836435118535962863 0.07469349142419379195 -0.99461570917038089057 0.0060194571687256104991 -0.99720633499000854716 -0.074453284624004842374
-3.9682362475176278238 4.7173671922105597787 7.2549829009175308414 0.89667802458554346501 -0.0084163151577797169767 0.4426033053024688857 0.44094688256173864005 -0.071488562607309458219 -0.89468163733005601213 0.039170996726911926078 0.99740591087863583741 -0.060391075167643956667
-0.25174265205659496214 -1.361842649885657508 -4.3762970446336684205 0.84880179361105834168 0.002816900395763711519 -0.52870367904411552651 0.51387868684718784884 0.23080559682696813462 0.82623088279093581665 0.12435517828706968424 -0.97299580756828629724 0.19446065948587182293
-5.4942292079461747534 5.3177143118463012783 5.2342696157972037341 0.99879703718220047559 0.0045463852834026373048 0.048824265452156734302 -0.048648021237108041159 -0.033049169049392201902 0.99826906315621111165 0.0061521171802304298881 -0.99944338649361452731 -0.032788239480066795617
-2.0080064575620988343 -2.9392914204257141186 6.3505518965455465263 -0.96123064826611337441 -0.0047100611391966053926 -0.27570537926923821548 -0.18343888679960640431 0.75743725088963331782 0.62660911721301670863 0.20587815727672986732 0.65289097580598332016 -0.72893590806568464568
-5.6293490221511337523 -5.4801143969299328518 5.4283133487833907793 -0.99999273674129651734 0.0034623888765495432901 -0.0015932130734660171316 -0.0031607766812642061963 -0.9869537739467739712 -0.16097284734756051039 -0.0021297782516535193435 -0.1609666423693313364 0.98695754928421541852
3.4644134695088095732 -6.2573343050717857849 6.1056358466190250311 -0.99160482633432178723 -0.0053313483552962755499 -0.1291953757494963273 -0.12147613058962915267 -0.30398048611839217914 0.94490180111810728736 -0.044310473787891338504 0.95266334073688530015 0.30078088557745324971
-3.4953289895103596407 3.3051288433964218783 -5.2772872681834508413 0.84032128289821161893 -0.012449749359117473144 -0.54194570322963397935 -0.50804556299668868213 -0.36678725386609090098 -0.77933100561995860556 -0.18907630054444052314 0.9302215403561491236 -0.31454417564178599465
-1.4167262673162783759 -4.3901964696359190299 -3.0845524383459994588 0.95155630801938939634 5.7592152123554611609e-05 -0.30747453447671313498 -0.27179791954786247654 -0.4673882106971548045 -0.84123370797346030958 -0.14375842096370228251 0.88405218012538566708 -0.44473054675563522542
-4.3257478236391175841 7.0410239125119460368 5.682413445066574198 -0.86692650517373015528 -0.00035638492936337180447 0.49843586108617993213 -0.079750699024718388341 0.98721563450313609689 -0.13800404703364199666 -0.49201449229880805936 -0.15938997453529538118 -0.85587182182001420028
5.5589156891173727715 -2.7515764056324023556 -1.616515258916440656 0.97902217777442179791 -0.00072150008689736509077 -0.20375243523333685935 -0.043402158876801918974 0.9763048085889528549 -0.21200276727195227489 0.1990774422949919964 0.21639870647431125317 0.95579274521495427575
2.84106307254769197 7.0850608315008472005 -3.8330713796985609321 -0.77955907776037003387 0.0080931539797839489175 -0.62627641272856637844 -0.14915028223721507605 0.96875241841421122491 0.19817402737281636371 0.6083106423448797484 0.24789766573181137854 -0.75399264567682222626
-6.7496368953180843064 -2.8591057847724634655 -0.95272020212364805225 -0.99392043669397700523 -0.017626979177566955148 -0.1086805186179595345 0.089887971753898981975 -0.69992807202883511319 -0.70853429452634009156 -0.063579226607200847732 -0.71399578681602071661 0.69725726841181445703
-1.7714253440004184004 6.4667407798016620646 3.2632446661258502907 -0.90999281276006660502 -0.0038982359751816965734 -0.41460569759854920546 -0.41354595222049633785 0.080595954034022462831 0.9069090569596285345 0.029880196233813969414 0.99673923166973588117 -0.074953838616814719154
-5.2517553394711766757 -7.1284462655552180976 6.531975274637640716 0.94278925574807703747 0.0088715368945029328407 -0.33327123350100884558 -0.017949146656114967069 -0.99684537773949222217 -0.077311842649289544416 -0.33290576351342082706 0.078870708838227443493 -0.93965587525802440894
-6.2098465055048324146 -6.0767286551510721893 -5.1298963155078052267 -0.95410364413360482239 0.011856464370659583474 0.29924180941756284291 -0.29142355765532812484 -0.26691980853141794583 -0.91860009027707179019 0.068982217233084619501 -0.96364580633462382231 0.25812441503943067689
-6.7101802784938975321 2.9744059146792207748 5.3750023079010915694 -0.28218402531385422538 -0.0060365275317401240196 0.95934130328740974125 0.73897812417523001116 0.63632289864879920671 0.22136960190048074471 -0.6117871425979249933 0.77139920209348955549 -0.17509929514816258145
-0.41246210712144165678 5.9251514170269583559 -3.8048565973312227229 -0.9499167505649728227 0.0081050187337060007609 -0.31239794440320894919 -0.31250173838656480907 -0.027551960772711502762 0.94951753694328755451 -0.00091131848482087392249 0.99958751399212997235 0.028704901492866148616
-5.9394999211278918239 4.9332761061782886003 2.7683100103235305234 0.91624732601264158305 0.0089656792476217241766 0.40051273908604567708 -0.37686753127024563703 0.35836992298456110673 0.85413222757037432498 -0.13587384387309656142 -0.93353661679420096853 0.33173435706215731456
3.1371497693994414568 6.729363472302603455 -1.2992537143964826285 0.64764601151842537963 -0.0012725953939370475421 -0.76194030229764153628 0.46280886503320944891 -0.79373230806660532988 0.39471125848903382272 -0.60527894248108893294 -0.60826589879120041005 -0.51346859510272890859
3.6468971026063123908 -6.8438854264312620757 -6.2260938518366462091 0.93849654161244966399 -0.0017288143876768007762 -0.34528430688688854788 -0.33325101832632031407 -0.26627513755108955795 -0.90445636152697905796 -0.090376989139800523176 0.96389551421461827641 -0.25047442486426513275
6.5380400396099025428 -1.1519665616088787807 -2.4309647123535547131 0.87408337113470335744 -0.0045773789149635684542 0.48575436993214898829 -0.42959128016941844352 -0.47410566216435640063 0.76855393636758773113 0.2267809346225894418 -0.88045605722603770271 -0.41637427752654548874
6.097664284350604369 2.7233264169455217996 -3.4146829598461074795 0.99064532041808361917 0.0083802553205428783473 -0.13620433346462101909 0.097967314005449362968 -0.73849745837813640659 0.66710112378527774979 -0.094996076341727880843 -0.67420417922897890595 -0.73241004238740903265
0.80044841464183957847 -7.377051819297801849 -3.8472282402765829445 -0.93972539320234749205 -0.0054187171329661077204 -0.34188714932726221862 -0.25370491292749880463 0.68138876648044155449 0.68654436569727084194 0.22923787323870309374 0.73190162345687104217 -0.64169308166294414253
1.910111205325813577 -5.1579497405289069789 1.5313315783150718286 0.92294729505278394477 -0.0030416942666188955327 0.38491432637764350089 0.33069874404063354101 -0.50548892408006884658 -0.79694371716085077306 0.19699398783896357457 0.86282773235929610678 -0.46553375068509750268
5.0866039408644745379 6.9111615036358609032 -6.0675786818130852396 -0.9523957005830366862 0.0045004318442046619547 -0.30483138884328719875 -0.10185697286806784378 0.93773564394074071515 0.33207983853475409042 0.28734576139046386078 0.34732061297352118112 -0.89263699520837780366
-3.8166940496877628242 7.4263016431205697288 -3.5236484852775640242 -0.86666395818976260657 -0.00033524943945819002736 -0.49889224405940563178 -0.44411333534648578247 0.45609077541337761375 0.77119682957748547647 0.22728160713593917319 0.88993319535258996744 -0.39542632546035444419
2.7106829900393036858 0.16993108885462332447 -0.82741593587027661982 -0.9405567166134372048 0.0041032158760350417176 0.33961187619548005578 0.14712157184671983967 -0.89632265143100398053 0.41828333415162166631 0.30611812414629974155 0.44338343242747624284 0.84243861848687640048
2.6393328709579937374 -1.6299968467460990151 6.5779021671930379966 0.99398580277698067587 0.00093727836528182013887 0.10950500165358714733 -0.049399315860864975725 -0.88860395304756634172 0.45600737079630582205 0.097733983190934056728 -0.45867432469819735541 -0.88321341271075559654
3.8113388169369524228 -7.4630561249379052668 0.57497885755189925838 0.98715348569213123842 0.00072829947458758577047 0.1597731681657517111 0.10667567336518375687 -0.74746059077428295137 -0.65568511188787037547 0.11894661154454183594 0.66430575401638236599 -0.73793601943724140835
1.5496152450869518091 -2.6193883534949615743 -3.8025122613206243649 -0.98566374232086284568 0.0082379585099232773004 0.16852039376195507292 -0.1137592092422620299 0.70518123896639073322 -0.69984159816510471686 -0.12460268611333212563 -0.70897923541484952903 -0.69413443536826857638
-1.1987437275426886529 2.9115471028808763698 -2.3749925094703727702 0.29972645693463029204 0.0083426076555770077581 -0.95398870638545585354 0.9522979627731140706 -0.062760732149949371994 0.298646414005290739 -0.057381539815731498477 -0.99799373314537598301 -0.02675570015654112413
-0.29599608357485429622 -5.0246942456129612964 1.0231736453713531354 0.74075908879868290757 0.0029987903242240697768 0.67176408032787104929 0.010461856615871118273 0.99981726445484597754 -0.015999601686493766795 -0.67168930460320763753 0.018879749854454223879 0.74059235286836633261
-4.5618983062017299801 -1.1214652610876492123 -1.7045049361997228754 0.80766420991221687942 -0.0029743784589538148008 -0.58963520680143965969 0.15902951088151104364 0.96402960122098901863 0.21297075535973844507 0.567792337651562673 -0.26577825539815452816 0.77908522015357439816
6.3490585932457852536 -2.7778979716332443672 1.814839178543183662 -0.91278095169981121604 0.0098030489847882925497 0.4083317700651708515 -0.38303288662206291804 0.3266044905417028188 -0.86406904499812042797 -0.14183350090846985614 -0.94511026181528823287 -0.29436346755576930923
-0.79706577181860860382 3.5135467065860579439 0.98070467251442472456 -0.74744178591057031102 -0.0081305924465659342587 -0.66427755504854690827 0.39183271273585329464 0.80207961456066301231 -0.45070546605979705523 0.53646798777264959046 -0.59716177487563237847 -0.59632198745519993111
-3.501373380430959692 -3.2311370924148326012 1.4950178829093536681 0.91260073817637665794 0.0069415145682302382274 0.40879298924442725172 -0.26572931508152691782 -0.74980547544589382092 0.60595352965199267281 0.31072145691309283055 -0.66162191950306570298 -0.68242846646874755212
6.2853784714129510292 1.2070328188077603659 2.4415806102186761173 0.93472333160061027435 0.0057986762075351297105 0.35532895845359357967 -0.34639513081871914357 -0.20849968472755231463 0.91462467428645299883 0.079389588149783418825 -0.97800524376031017226 -0.19288088674275916112
6.847332388884168175 -1.8350657049689187428 -6.1218055895143850265 -0.87969353641564507207 0.0017007495824123610578 0.47553799999493140405 -0.18791000566970220143 0.91736755562260396957 -0.35089399775468788079 -0.43683991548115946868 -0.39803753006710196338 -0.80668272133503859944
-3.7708974136726891579 -4.8350268457822673795 -6.8760476901077680623 -0.9626599376471020042 -0.0061370167636274914474 0.27064401244943503411 0.27030043090539901396 -0.077002553135732940137 0.95969176502824760089 0.014950635499607990708 0.99701200786946064802 0.07578611127602588593
-3.1720934109041691862 -2.683605600609557662 -3.3096909518894226387 -0.99391049289735633465 -0.0095786520818345877171 0.10977331885701789582 -0.064478663961377039038 0.85840745743197244266 -0.50889993016216839017 -0.089355660158435212814 -0.51287901736136010111 -0.85379779781172726594
-2.921323071717097708 -1.9518987136643142222 3.7247767923911330179 -0.66092509657500986275 0.0052825527737759211955 0.75043328241315132576 0.08342746544273575704 0.99429402389053267441 0.066477455318146597141 -0.74580015736602456311 0.10654336531189960435 -0.65759458375270718467
-6.6933488158907223919 -1.7876951030560539468 -0.48278355734295508306 -0.99626149988737378038 -0.0045485477198371881274 -0.086268966354196105484 -0.086195659654587530873 0.11907562422311442074 0.98913664575359827591 0.0057733957850881660948 0.99287476875457891801 -0.11902252505973909269
-2.1139389614898953518 -4.0516901075494802242 2.8070603662438826653 -0.79870164248444830424 0.0018817169535889325012 -0.60172431015693672585 -0.36768690635029283031 -0.79311246897272869028 0.48557074711976949688 -0.47632134656252800298 0.60907230334436956998 0.63415211432876328335
6.6589524556233072872 7.3334356158696847316 3.0252467699906784304 0.9767985089718767 -0.012861976534455570736 -0.2137738113752429836 -0.19018673236350264188 -0.51099984371425311025 -0.83827690327049508845 -0.098456486343727694921 0.85948457187061777507 -0.50159006271380524034
-5.9148069949423307534 -2.4955208554889147798 -3.8199479785015935107 -0.99015793356987602536 0.0058901799452942150276 -0.13983051301086893425 0.13980769821490529603 -0.0041237675897767781669 -0.99017008743992362962 -0.0064089085290823261803 -0.99997414982637888858 0.003259688695001423768
0.33817867842908583276 2.066271504147501048 7.032179679109869852 0.99636862671731674101 0.0099893710308699597278 -0.084556325368716572788 0.0034100744090910760364 -0.99697880686082507307 -0.077599162772007623801 -0.085076031207239596887 0.077029027884344306032 -0.99339246915680345928
5.36730303211686266 -0.328859019835837596 -3.5785149064482020265 0.89136346410481315239 -0.0034191821241630559157 -0.45327638814805054635 -0.39404494205487494707 -0.50011341331157821433 -0.77111293431420657729 -0.22405302608955837695 0.86595316444905179321 -0.44713013595674699907
0.78615109607596322938 -2.3784942957633026239 -6.7512644042918443787 0.99545320911609336267 -0.0018357636226090838852 -0.095234124305730166737 0.095251680072550387601 0.017495705659328092407 0.99529946133147750853 -0.00016094633715431740442 -0.99984525315438887993 0.017591015913634478612
6.9084630707748582168 2.5256196697055290912 2.7595285637154414182 -0.99830623367184645467 -0.0029042809626961315489 0.058105326467672177571 -0.054673989761624686157 0.38820754455405326322 -0.91994872530745819272 -0.019885136543950014676 -0.92156739715734270479 -0.38770880031439608482
0.23250426335732479743 -1.8019914764753786063 3.521539539392746665 0.88939505058733436815 0.0076776932840075650527 0.45707493588764902537 0.44703349049661839087 -0.22368306796818615556 -0.86609869153515461893 0.095590283843424897481 0.97463169357982504248 -0.20237479957876924885
-4.0240010737950893116 3.870585160817292536 -2.7478432286065608281 -0.71886978723539507463 -0.0079436839642727657962 0.6950993647567716982 -0.64558292270702266613 0.37842964233129089413 -0.66333528152364229502 -0.25777687815084554535 -0.92559597216599787117 -0.27716994317700627271
-1.0657385371903913551 5.9059394198566215195 -6.0739308193776020417 -0.99946408223407157134 0.0074768594498333127221 0.031869184125032971877 -0.019338254303583473498 -0.92038095342953507583 -0.39054440526608241724 0.026411744443006958394 -0.39095139996791938852 0.92003229433458721953
-5.0778780032681902767 -1.7248737128848665723 -5.7424060780454464492 0.99774784383680037436 0.0065113532008860258021 0.066759586567143383573 -0.028488860519606876154 -0.85991125854030237008 0.50964792971439287772 0.06072581778305256861 -0.51040202753840557826 -0.85778910306638578298
-4.5935729979366772824 -2.5634669387077622105 5.3055449304068122984 0.99680128631255204841 -0.0068980801366895078131 -0.079621681068382965663 -0.078394129566236522844 0.10935109186377389712 -0.99090700833007061554 0.015542073712305981559 0.99397925290147748356 0.1084605400415102755
-4.9422291772617299443 4.7831807171609312945 -2.4127549134340116055 0.99699184290010056664 -8.2720424072165940621e-05 0.077506505198588010463 -0.053329238494027937645 0.7249202429576674378 0.68676534105320630186 -0.05624284409959082881 -0.68883280591705819962 0.72273515756465611659
-1.4768577063324253018 -5.5310362404977855277 -2.9594506408890182136 0.87524288168601249716 0.0047951452295852854679 -0.4836599059671863321 0.086673678322202615809 0.98221036278416529175 0.16658474337562953482 0.47585456974167184008 -0.18772269394405488585 0.85925701546982236056
-5.0678345212652340379 -6.6064273088413676405 -6.0047336467724941045 0.96403986027785482094 -0.0030356813776441838627 0.26574034777191291035 -0.0099181487154118876115 -0.99964912986561038633 0.024561096983535202209 0.2655725477556341585 -0.026313528793189166349 -0.96373171582185646056
-2.0429598614307300508 -1.8069787778120851574 -5.1209393321108240826 0.95443733921277362775 0.007398150742615752784 0.29831968235760708552 0.29821627926554244992 0.012499079451451580725 -0.95441648340437190701 -0.010789638427189419956 0.99989451462561051986 0.0097233391463633737917
2.8295005027262942754 -7.3961903025932773659 6.8553422932646457255 0.99697507663732753969 -0.0059821068076763937033 -0.077491360564258288113 -0.061662969694242258933 -0.66780186921239181874 -0.74178052120890569654 -0.047311465126856695751 0.74431503939841303641 -0.6661506942073798232
-0.59590470160447817083 -2.6363346070180408987 -5.1287383253518612491 0.9938044285381629761 -0.0048969301466809077306 -0.11103503002621840923 0.06470347969260739629 -0.78679039718019028182 0.6138194609334624019 -0.090367126398118641228 -0.61720085140911129518 -0.78159893262873347819
0.91228317839039152481 -5.0869194448801300368 5.2841581512312520985 0.95543264383907999804 0.0034936412651331572032 0.2951885118993831103 0.25473138187191812776 0.49560939529658248892 -0.83035128131615987268 -0.1491991493819309067 0.86853849757189338643 0.47263145479241225333
-0.32509280136669477246 -6.4708806594134822276 -3.4996838782534189782 -0.98281366764379551881 -0.010816863664279979459 -0.1842831792461386009 0.028253336633534482242 0.97770616742072702365 -0.20806825600427505951 0.18242544685888498202 -0.20969894050289655807 -0.96059737179030912912
3.5708810896876284069 0.4630012142343124526 -6.1454931670790360343 -0.93257163382927044104 0.0058282187717721822134 -0.36093791660466423288 0.11058697512777287963 0.95640813284077619283 -0.27028504281179177582 0.34362867853114886785 -0.29197519638087715554 -0.89256362013536860722
3.6677401931331790053 -2.7846810517472184721 -5.337783451017772407 -0.6827856130010641067 0.0068169295601975890553 0.73058698055067983201 -0.45981590509446146342 0.77307771323996143931 -0.43694414141170723198 -0.5677791296806861121 -0.63427468715310275638 -0.52471180769622871587
-0.37804894843867054011 -5.4561545117777674463 -5.2001168888190472117 0.90127928449434802083 -0.0067384679398386050989 0.43318615443163738243 0.16784132863130354907 0.92722646118500884338 -0.33478407680398819535 -0.39940573323964551067 0.37444049290658154572 0.83682099491305839134
-7.0788640859815030737 -0.61607801968283459892 -7.4274598308182513406 0.80436601740615842893 -0.011060449628359515437 -0.59403112418143844131 -0.16934694249604453908 0.95408393440785088657 -0.24707379296907913679 0.56948829936135425545 0.29933511748353575088 0.76555964126353692745
0.42769279513280084037 1.2061904262147937761 -1.4526184310046583725 0.8422073307064591452 0.0089017938189301665936 -0.53908030029955522622 -0.34498950457188437557 0.77727430210985337666 -0.52614342247610546011 0.41432964393044047213 0.62909889313717903825 0.65769714064609308135
-0.99891599459080882006 -0.72645991438492707459 2.9270447389741081068 -0.72276079471183352076 -0.0027196368173379890584 -0.69109292949864864486 -0.49917433426119778295 -0.68952914049405256147 0.52476142048023621811 -0.47795587415817702981 0.72425283429556364112 0.49700705666270639238
0.6477446775484710928 -1.0068499674063420279 -2.6622333536826094935 0.87736569832707567151 -0.012750152893226429293 -0.47965285884714747855 0.46093471299617394532 0.30010720517323591361 0.83514960082502620597 0.1332989938227606419 -0.95382026556590937538 0.26918075570423810605
2.5408091089281832353 -6.7616115955734397147 -7.1174617139367999386 -0.99720800354112992814 -0.0066309036375597017049 -0.074378953949691198333 0.066468347046484951846 0.37511717225768326234 -0.92459129669187789524 0.034031698673557132795 -0.92695368718959603171 -0.37362910123683229502
3.3175551186493912326 2.0222617054402420855 2.1154280193458090409 -0.2016048887720377214 0.0097306904725247209131 0.97941859410882270431 0.34177336266978353141 -0.93640063237599679979 0.079654405121093715958 0.91790328324536563098 0.3507979038545443462 0.18545725453232109192
4.3579819147543723545 2.6985389365784997473 -1.6724843157446214192 -0.9851314452353309159 -0.0039360457278207194864 0.17175722154389269636 -0.12742862521844458557 -0.65379709349248105177 -0.74586279302270452884 0.11523012229176435306 -0.75665967785043686256 0.64357451070709636998
0.50697960677587450284 -0.88454771271981713632 -1.353461628734041744 0.98523267034367989492 0.0033520553031250090864 -0.17118805160587277636 0.011611316987930248024 0.99619867833814068625 0.086332905633733442174 0.17082670343120667789 -0.087045717887804491264 0.98144856227538390669
-7.212959685523065545 -3.186876549969598571 -4.2427001554238694681 -0.80895851348425795724 0.00018034261778527693049 -0.58786570825149964126 0.57650093017064640843 -0.19543720706113223984 -0.79337946507870715784 -0.11503391227731160629 -0.98071620032130013556 0.15799662481677242964
-2.4462235034396315747 -6.4773801639770338667 -6.8418722710730763836 0.90176679185242269998 0.0089822582344298105422 -0.43212957796143086631 0.23850415471901739717 -0.84413188328766175506 0.48016365105973002336 -0.36046140056029785104 -0.53606033490108873085 -0.76335240620039401804
-4.5117018309294785183 -4.6120954967264875535 5.6912067243379809156 -0.98764274454217604315 -0.0083864022872582322243 0.15649753164143101469 0.1513190966927376313 -0.31096509570053681992 0.93829805511464248191 0.04079632494819786237 0.95038433147469392193 0.30839144339320057053
1.2056558000342632031 -3.9516360465091091569 -2.5803697388024167125 0.95027492897731025145 0.01691104957562260605 0.31095269054874635772 0.31088105249459480062 0.0067785904219362187392 -0.95042465346369497947 -0.018180499362498252908 0.99983401978241159824 0.0011841996409161200179
-1.8779430083061281476 -3.5713976595361911492 -5.3776668578384336783 0.96148672647963773219 0.0044884528828472254267 0.27481471684437347447 -0.10782399277361981449 -0.91355527557576310382 0.39216163128249631464 0.25281863338353360859 -0.40668982315575247233 -0.87788730846025941901
-4.4616195248667178674 2.1977805011451168049 -4.6959763653823873852 0.77245065484360508901 -0.00031300945263788588352 -0.63507471045280439181 -0.63155497281651273855 0.10475941952360345866 -0.76822117930443289957 0.066770518512012669299 0.99449754451493976859 0.080723799535688714468
0.050260989642981639125 -3.5818785914783326518 3.0035506814332588732 0.34486884729915195935 0.0060757248768068547809 0.93863121817337102915 0.58932833459609901272 -0.77972269410944472501 -0.21148199529275005237 0.73058715578958721704 0.62609552454717753989 -0.27248266355363298663
-6.7035429901603587055 4.4276570945068121077 -0.55410127230310468605 -0.99888543431469245526 0.0044870116777376081729 -0.046986762391026115626 -0.045256594173855177465 0.19169702087347548214 0.98041016563067517886 0.013406334233054933644 0.98144389493964179216 -0.19128029508547250703
1.045428993487674596 3.1316826346636084111 0.53774759648709191673 -0.99282680113437205005 0.014386624593431334221 0.11869274612270101776 -0.035811966015070265112 0.91137224748301426391 -0.41002210868177502157 -0.11407210894641890697 -0.41133155914729774283 -0.90431957980020127863
-1.9392933868887709536 -5.8520630079258166845 -4.7947712754489257847 -0.82643459768710458846 -0.0057253015964448565264 -0.56300362047457852555 0.56261591946460032254 0.03007183253228310621 -0.82617129704034997228 0.021660630435867300747 -0.99953134308522950668 -0.021631256998620014553
2.084982036134571004 5.9677446505261793064 -1.9605145019719985022 -0.94074908648740396266 0.004600220184647200658 -0.33907225520142647568 -0.069861586433228151094 0.97582883345011584009 0.20706870006902231007 0.33182904486220399232 0.2184878160939440761 -0.9176887049562826304
0.74605355945913010007 -2.4696144284733039242 4.5546848447656840264 -0.98814503929205088628 0.00065381334513445014955 -0.15352183509415259777 -0.06894189949175376364 -0.8953807891075385994 0.43993210497954643445 -0.13717286837070036265 0.44530081408571531298 0.88481116016787120238
1.1071259661123264983 -1.9515162993887702481 -2.0769537012503436202 0.57233057096196038316 -0.0057144407228529002507 -0.82000308701223179053 0.17302135115819802791 0.97830477589199305033 0.11394462475348482444 0.8015618064664232767 -0.20709203421195276906 0.56090245121605952772
1.2626265772482601069 -4.0666179827324118179 4.550531091311288634 -0.032694576234472610965 0.0053454271968669270915 0.999451094898054615 -0.99718832908364796186 0.067288387101294089288 -0.032980438150527119356 -0.067427746693337814454 -0.99771924877160500511 0.0031304323129371092183
4.0991078353361665165 0.56855709249346697565 6.943488820440197884 0.99997673397169661857 0.00334594648403614605 0.0059444223740209318346 0.0040012969120153934338 0.41805442848798513023 -0.90841316835713936673 -0.0055245939449294172163 0.90841581858959630225 0.4180313138965351949
5.7075854967257049211 -4.3648868765873283238 -1.2690782433460503498 -0.9184519268618268617 -0.0016794101010099730595 -0.39552906040574875579 -0.39523965619018491813 -0.03458458141692195148 0.91792675138210344521 -0.015220782450623110416 0.99940036337289128721 0.031100505971142330258
2.3297290521412463704 5.8082239182109258735 -2.9816515667816712032 -0.86634515659872557425 -0.00054035150294783236558 -0.49944547015481821628 0.32581670558330899645 -0.75852324507831303535 -0.56434560425219859603 -0.37853605376603988164 -0.6516457585960270249 0.65731899508768076856
2.8153840199028175029 6.707684899875911988 6.2816336922090574291 0.97964561507105751836 -0.0055240747541232277512 -0.20065879863626526203 -0.172417425313014544 -0.5350529008682989307 -0.82703725715401743557 -0.10279445666212588817 0.84480049589859296244 -0.52511467491297014742
-5.8110213546726363631 -4.6453147320911307716 4.794488420251833638 0.8540093128916460552 -0.0025772438668688509023 -0.52025133474921614329 0.38585515702725198262 0.67390368980785531061 0.63005524730673578837 0.34897548809303308159 -0.73881470929959458527 0.57651446992500299249
5.8482117869871759197 -4.1470126679849359519 0.047716008962440631391 0.93811806377729833883 -0.0086370366469639553442 -0.34620788554367915024 -0.34330301948137237344 0.10838013919008850083 -0.93295057867188080358 0.045579987161760954217 0.99407200293901054611 0.098708245568720431873
-4.1963537396863008766 6.1786014132849764735 4.6285084171881578641 -0.48875542498005647429 -0.0018651750646647010604 -0.87241885334654090123 -0.69973117575523702261 0.59808432847256909337 0.39073190004368879569 0.52105126065364748555 0.80143100586240467731 -0.29362208127745664799
-1.4278550892250105875 -2.8928633463261688163 1.0403819985000211101 0.72063360696537448469 0.0056271876245879270256 0.69329325632906457777 0.69133276911187868663 0.069750288455600314985 -0.71916194255009080472 -0.05240426379649404387 0.99754861135666716976 0.046374142753892642899
-3.8098567190256598103 -5.4966059091681414017 6.3066405610116298419 0.99737203936862961484 0.0074681830453115815097 0.072064147310457862816 -0.064985792290046293096 0.53194715186018348696 0.8442802108472250433 -0.032029078756899351244 -0.8467446213999203497 0.53103454147940065688
2.1277445778858816716 1.3857426513077484298 -4.3807626490320048518 -0.86420403198121664712 0.0032037550296509327216 0.50313132188447495796 0.21053783033731010566 0.91052565176481548015 0.35583262845780949668 -0.45697397420896962439 0.41344016910791120401 -0.78755445111031463501
4.9699290090112997476 -3.6580286616923984866 2.5027580395055526452 -0.90591030834465513522 0.0090550568354233890167 -0.42337278984426773842 -0.21043063886644605698 -0.87722366808739815625 0.43150617883579139855 -0.3674853187014334166 0.47999650216744454978 0.79659142503925672862
-7.3126350090728653441 -3.1234305189608915221 6.1962275684731711323 0.8175412231597734003 -0.0066087913799777204399 -0.57583215637113671637 0.45216080211960241186 0.62659547745581412048 0.63476666315933072404 0.35661878450395667617 -0.77931664393135868796 0.51525586947701462748
-5.0753594756903970264 -3.59988404179937449 -6.0273731367209570919 -0.57076764877557972788 0.0071462346262974743918 -0.82108052128995789865 -0.81775238255196203152 0.08541221402875037727 0.56919750045587724774 0.074197924106180895842 0.99632007157604418612 -0.042906678185981941831
-2.476926051334568335 5.4847239753936101181 -2.2814331268835159605 0.98637341562155955721 -0.0064510114584929115905 0.16439546650132044747 -0.12709140385761127923 -0.66441698988772923684 0.73647663819987341238 0.10447612177209646134 -0.74733422777225455569 -0.6561831238151324408
-5.2583118545509881514 -4.2322026502700005324 7.2710521885651999696 0.70116451174543270586 -0.00073022396264278265771 -0.71299915444688199972 -0.1059203882536779856 0.98879679322511393469 -0.10517496403559432883 0.70508807876826395944 0.14926609956939856927 0.69323187513146322658
-2.17095328974244417 -1.6847035197308912746 1.985230860663085517 -0.91782385045640935139 0.0055349900807601434133 -0.39694929577729276549 -0.2340565754261671183 0.80008592338789064069 0.55234050611581486656 0.32065074307276686394 0.59985988287378733119 -0.73304244207662605515
-4.6114680388679385459 5.1288767494877767206 4.2737784408795596036 -0.91442418932987090674 -0.0086586388760605224879 -0.40466458943331051756 0.069897793644531303059 0.98137261407742826247 -0.17894717316120062334 0.3986761849069723751 -0.19191878571832302058 -0.89678563730489757599
-0.95872132462017312093 -3.2575622392550340756 -7.1219975180061387832 0.99554237057477779071 -0.0009461484117673963929 0.094310620788192134345 -0.084428785619948459873 0.4367516857417232945 0.89561138065598822067 -0.042037703897981060219 -0.89958160819628341098 0.43472492641446236483
-2.0852642682784074957 -0.010857734814419126718 -3.8420950159771165566 -0.90637808092151139761 -0.0027860949122965397717 0.42245829628518916099 0.40995002694250870512 -0.24741641383043261326 0.87791007146352906254 0.10207717587629078215 0.96890523573892717302 0.22539497404041403117
-7.2627123459187981069 1.4132016958956257202 -3.3542641273804090218 0.72302535552795077489 0.0098100903145501919256 -0.69075183488115876607 -0.59905157664157726582 0.5068858963141172902 -0.61984183195477216 0.34405165860210562556 0.86195733667389229371 0.37236810546462956184
-4.5753812802825146733 5.8835739387234466946 -2.0131979104870674213 -0.65249365089979027843 0.0071772300193370542482 -0.7577602014521598317 -0.68209418559413104166 0.43009134658705699961 0.59141267789040963265 0.33015081025825293581 0.90275684487021956581 -0.2757363260901244395
7.0701739512604575566 5.9638352471561280055 5.7008492234341732185 -0.96460496075311852326 0.0026353351887119930153 0.26368603432625892236 -0.14456319518375249089 -0.84158208604198292413 -0.52042393781548201837 0.2205419513121341657 -0.54012280775909760067 0.81217522755245341592
3.9464907761528933428 -4.2439451986280980478 -6.5595807555290939206 -0.63683808090619520303 0.0098463881234699540679 -0.77093469720117169253 0.38881415660367457665 0.86755953307135280639 -0.31010322184970123827 0.66577834925163648094 -0.49723586477444853271 -0.55632336320683151154
1.7315401857427841215 -0.38140078411246147727 5.9212358335777093288 0.99353457642932196947 -0.0041621597216139633729 -0.11345361107445942062 0.018552439992014228137 0.99184654127777427401 0.12608031379170034358 0.1120038053358763247 -0.12736999247050564965 0.98551105148976025916
-6.5021821236638741581 3.0294119722848362741 -2.5132852829570677677 -0.77749942832206153653 -0.0019197840094260306028 0.62888071475293394474 0.045352137340145121103 0.99722049138907431498 0.059114086242888892742 -0.62724622166855381611 0.07448225280572631779 -0.77525129565797501474
2.7875916785562289135 5.8915653299251316 -7.3332986373186690443 -0.9953914723803041209 0.010511411169658840814 0.095316981424598365424 0.0063779862511124663094 -0.98451646978202866922 0.17517603152080693518 0.095682485356773150365 0.17497665833831846371 0.97991225680303151169
-3.4954476696390570645 6.2610759473722064072 -5.5579602009390809414 0.99798113185623826826 0.0046040576108033739663 0.063344006129068888833 0.03831544282782669425 -0.839070952817180582 -0.54267104490594375577 0.050651626823535217392 0.54400251726617265824 -0.83755338570644122242
1.2226290949481435355 4.1465957273791449467 -6.696362591409108056 0.81526599377511987932 0.0057720580403385910243 -0.57905789239059535234 -0.57349719497474116459 0.14664551354953214712 -0.80597522338575666723 0.080264106236065821398 0.98917226846584416222 0.12286535943196867648
4.0102077040401571395 -6.0873622665639066653 -5.2373781282923106417 -0.99837277540114488517 0.00041258488629093920466 -0.057023075256022848212 -0.056589165255529802478 -0.13050362981574420429 0.98983153565673620555 -0.0070333287725951121674 0.99144774566212401368 0.13031461893341239611
4.8965382681886779892 6.5575359281464127292 -1.0199009817265811684 0.99909178670286358237 -0.0069825013095287926865 -0.042033872274336733788 -0.029465683883800098536 0.5993729724303115125 -0.7999273800748079033 0.030779460946688815687 0.80043943218419844055 0.59862286975050493787
-3.7091179919118260067 0.60445480420493846729 -0.95862515905638079339 0.81563323140963506219 0.00080574998313555357132 -0.57856873626821769818 -0.53497091767609195045 0.38188132914796424355 -0.75363968027759142831 0.22033735284990074721 0.9242110155235477853 0.31190615531593518517
-7.2132526240634975423 -2.4316107116881675587 0.46210490992907116148 0.99227512822961638772 0.0069623259009680121129 -0.12386119616290615364 0.099806950959307624838 -0.63778329607423822623 0.76372183403965832049 -0.073679321638166705988 -0.77018438913466591433 -0.63355139041460373228
-4.8975444971842554409 -6.0636375367626147437 -6.9068651542422134781 0.98084659135543117436 0.002775779242614063308 0.19476205810159880061 -0.11179139589543286848 0.82684255876201018243 0.55121145382126812695 -0.15950751715864050495 -0.56242659793928129197 0.8113160135855040922
-1.8695218860148810069 5.836980567839705536 -3.2150283910469505955 -0.95911659310659147515 -0.010092190413668962815 -0.28283123681865346422 0.27784961755866377509 -0.22357266031441969112 -0.93424560774052967105 -0.053804747469112401692 -0.97463501540457442296 0.21723635951928876864
-3.6642309864374347228 -4.8222957539887998379 -2.7003327703761095258 0.96130102346884782616 -0.0019620500702576919305 0.27549318074563378111 -0.1943507757309153039 -0.71357427803999118332 0.67308210917573862986 0.19526422675590310307 -0.70057683381572755099 -0.68634100975401157729
-2.9808687427064821662 -6.7667291713411543697 7.0906101978789690676 0.99420958341903009625 0.0012402031080413281061 -0.10745122676854582111 -0.09842234016662883278 -0.3908446194400377327 -0.91517950502129785662 -0.043131742301280584506 0.92045583563307742381 -0.38845940258280281521
6.4836510455699336575 -0.3771298059058502683 2.3799755193679414944 0.99593565856158994265 -0.0053456560253468867611 -0.089908775807948482228 0.013844760174633301969 0.99545944253652574041 0.094174417336674004497 0.088997115803443965776 -0.095036425788509307222 0.99148756479952693255
1.3640844784563239678 -0.84560902623824629742 7.0244561801853206973 -0.99974761253869071087 0.0012623566354957190504 0.022430284859095643568 -0.017933334630407273685 -0.646215653383226174 -0.76294411645385862286 0.013531693617877590258 -0.76315380872937488288 0.64607519491893727892
5.3543608555767265855 7.1907592978162560016 2.4888661699410081773 -0.8408743012574015907 -0.0075691902843431184411 0.54117752802872587381 -0.53592716594923084372 -0.12798836465880386593 -0.83450647170020320065 0.075580965080310022475 -0.99174678515757686004 0.10356559200393083975
-0.17588510692801936908 6.3629084122730565909 0.062473211099287717651 0.9637340272230530136 0.0060986490155775872207 0.26679492358862894053 0.17163146153443131769 -0.77971280155600108941 -0.60215495389580375729 0.20435108559541850792 0.62610762139580888874 -0.75248247836483062034
-4.7484552870134040248 -6.4782593738020155527 -2.7895770451830954606 0.90352850759087599553 -0.01694561800904034049 0.42819280937564241363 0.37211900563313099477 0.5265622904275035765 -0.76436875913821133999 -0.21251748543901957667 0.8499676466373181638 0.48206982694697697589
