1125 14.717824617146108679 14.977075390850430381 15.033177056927090831
-1.8795302317449666951 3.8835253186666567338 -7.3198266519000352304 0.89696167240064783588 0.0018973271446213755068 -0.44210423928515479863 -0.36357126171391856984 0.57213085228484150679 -0.73517496252225900122 0.25154660780848847601 0.82016015997704982965 0.5138692597211976798
7.2017713518411348161 -5.2127630170086458605 -5.4676960226327482317 -0.74366824721626789696 -0.0087296983524504153523 -0.66849183274660950449 -0.2010659590910523209 -0.95070129641419531819 0.2360921961673134728 -0.63759706569050333957 0.30998522120093480181 0.70525112155890135046
2.4264059743399979396 4.7051455179406040941 -2.7368961224254193532 0.59119210408538258594 -0.0060462712041045828248 0.80650811444866465916 0.68318546238040167573 0.53522563353678120901 -0.49678078183166496373 -0.42866014517241113335 0.84468749476346260963 0.32055189303933501188
-0.51242120623703002469 5.7993925499305998272 -5.5973784885847965853 -0.88038076176521273819 0.0066143210623432107179 -0.47422143042103381827 -0.12494089794772503255 -0.96781659550822896065 0.21845093151268568654 -0.4575144657097708345 0.25156964883624155505 0.8528735108154631428
6.0955561253115613241 -0.099195155620953656683 6.5001228514184870022 0.96113993092259397688 0.005648787746306471215 0.27600384849337050719 -0.27551297957408860118 0.082630612983980944453 0.95773941126179562566 -0.0173963005364850265 -0.99656423425429296881 0.080975895998518079844
-2.6846849261070326875 -4.0088126538149175815 -0.86787988362361856431 -0.9912332763719414741 0.0086834889834330377528 0.13183773675238688594 0.13202523085927819757 0.10355570823164504668 0.98582227288145407584 -0.0050921733548996601926 0.99458574909944241771 -0.1037943035951456594
-1.1924854184692699199 0.22908351748494046318 -1.7964720160472662513 0.78887341324193027692 0.0041730028277168710465 -0.61454155589949188698 0.61392888097845987883 -0.050504865478891616815 0.78774398611695495287 -0.027750080730329640399 -0.99871509681714354389 -0.0424038725720565432
6.6475661855808105827 -7.262014429012889849 6.3052787628413797805 -0.86572348398356568921 0.00505092031358037475 0.50049709038460243882 0.25997522943829498576 0.85902079504873274374 0.44101718079050045151 -0.42770986586457687695 0.51191577615640138088 -0.74498758967120148888
5.3942629479685937355 3.4777745664990975527 2.979257466100300622 0.43603918996770985039 0.0011115707515281948031 -0.89992699105142903715 0.87523657470697968641 -0.23316230184953562476 0.4237880122083308998 -0.20935797837084813011 -0.97243719869543110423 -0.10264078860658236436
1.8133528203742985685 -7.1866533926969244916 -1.3823747400187911261 -0.93290898884818795889 0.0017220402606400652887 0.36010811307655843372 -0.36005619204492333996 -0.02210118700610409076 -0.93266879228543653202 0.0063527235393219510379 -0.99975425586009114554 0.021238427281047418671
4.6475147752651047028 -5.1850693721927445523 -4.5880854260489849494 -0.96290812300709738292 -0.0068186504049237775527 0.26974330882084518457 -0.1050217054784943066 0.93032346963242940063 -0.35138110824224327855 -0.24855258603634389214 -0.36667662573144799154 -0.89653213222776195757
2.2368646217172454271 -3.6355773465013738743 3.1613138809673220209 0.99355397768129383174 -0.0040977550355914809516 -0.11328592956480297571 -0.0097478104067090527024 0.99255653889499617648 -0.12139397550486447086 0.11294013292874005572 0.12171575699254276459 0.98611855315354557394
-5.8065774764954793952 -7.47406056443254041 1.9752706819537027005 -0.97574347850963361051 -0.0011467356038182374527 -0.21891402226323197766 -0.072852059619105680177 -0.94128926964260206667 0.3296469145390275024 -0.20643943798420674729 0.33759916447361454361 0.91837332419419936969
5.1345969018885373458 -6.0479012391461575149 6.7967203859910156893 0.663892326632545271 0.0026800225899137053442 -0.74782337227278428138 -0.052989745018191980463 0.9976485815175688554 -0.043467168288290475298 0.74594843358067175476 0.068484489302342341221 0.6624732516590645659
-1.2213737665471138261 -1.9827788546381654999 -6.2572263810487740443 0.9266609772066697337 -0.00029997370616128421483 -0.37589804912792917913 -0.082942267428870702917 -0.97551570938630205454 -0.20369015934573422855 -0.36663335035999788936 0.21992955862345980877 -0.90399722103964885722
3.3238133107366274466 2.4674037940308157779 5.8919885157794293917 0.99805218613786272908 -0.016018688206314843359 -0.060292913129738827382 -0.059645026972383885511 0.038239375236944164738 -0.997486952766254098 0.018283995815453781691 0.99914020628212474318 0.037209456961690333399
-6.4937377387352794855 -1.2015490920091436156 6.0251216612473896816 -0.94015086422648286302 -0.0019935004850444313154 0.34075266462642400667 -0.092731755090361314697 -0.9607463300156438013 -0.26147143430848451828 0.32789811541401281403 -0.27742118757820893871 0.90306163166794661823
4.907792800230222241 -1.4060542384289136386 4.0745247595570139865 0.8762389285275321571 0.0039338795184175167491 -0.48186083543380592298 -0.46618020238010116074 0.26006610318188988495 -0.84560134867722747121 0.12198917592097913154 0.9655828015079098714 0.22971394034851333465
3.8699566040777555465 -5.4650192105204853377 4.288946750526302587 0.99462115381160254302 0.0023722141725675298038 0.10355256148597798138 0.081451764708066587417 -0.63550931700703838789 -0.76778481231608908253 0.063987267611025425151 0.77208955477796759048 -0.63228423117021959055
6.4958026532808155196 4.9256301659601398057 5.8251043108608344667 0.93537365311341613694 0.0090569494769246645938 -0.35354504766327665699 0.11689739302786827935 0.93556648805604425423 0.33324217309574705181 0.33378305613729492007 -0.35303444320996874017 0.87404550988111362475
3.8313274569421151838 5.1912496223960555852 4.7216507461890602215 0.96490761993868912061 -0.0023238120832802678511 0.26257929256068129886 0.26256077696573071334 -0.0062710375842910705269 -0.9648950784860744756 0.0038888794549641631654 0.99997763674243778098 -0.005440830043862915702
1.676125613756542565 -2.5604832117200819752 3.4360728275735619164 -0.95765642002531947696 -0.010998546773382860894 0.28770334226911575826 -0.17015611303370092866 -0.78446405163739407751 -0.59637492308613626601 0.23225218703209515869 -0.62007675626293967674 0.74937556536166272103
-5.2680955586472357766 -2.0457089875622140873 5.3970133994748232809 -0.99587927068450110557 0.0017570956606421366669 0.090671885586176378946 -0.065463711740841687425 -0.70584871028238294066 -0.70533119925164189379 0.062761299110374965671 -0.70836043848276553092 0.70305512481347398612
-3.8850885040805542836 2.769526353845155775 -0.19300840407203823101 -0.65837327636258391461 0.001368891179061960256 -0.75269034476912599629 0.53298765767956679529 -0.70525415357095644353 -0.46748340679871303038 -0.53147792591308828936 -0.70895324599572662194 0.46359088565167883011
2.2091991293016937092 -1.7346212016433242287 0.39521246426322620415 0.67138870117630200518 0.0092379371244627715709 -0.74104782062321561398 -0.7248915747761215389 -0.19982960743827526962 -0.65924224137231091092 -0.1541733334636680719 0.97978711387160066781 -0.12746683780469258984
-2.9481438621932900546 6.2210094948668155368 4.3128270193611184524 0.98891949984364746484 -0.011488783942870811616 -0.14800753586355355762 0.073650182308887729432 0.90362001711752681921 0.42195558452320230947 0.12889481554648093975 -0.42818088760237393853 0.89445360640854099099
5.7363645562429104174 3.8010912986636440358 4.9836555901891275155 0.94749836764734973737 -0.017160885613948580197 -0.31929977655915775525 -0.24205317756900782133 -0.69098621523723546822 -0.6811375115062481278 -0.20894282120833720939 0.72266420580870183166 -0.6588621578967996939
5.2501920989197294887 -1.8793647850380916786 -2.59002068709144595 -0.959184651535816446 -0.0049927937268501084572 -0.28273640775253205959 0.26255834342847250706 0.35557968436163839288 -0.89700958989593604365 0.10501390647958561142 -0.93463263375517924292 -0.33975567598768874333
-4.2296847161013078065 6.705789619077862973 1.0551813110934100681 0.73611081508648079641 0.0029814292964709769584 0.67685447401358234121 -0.14662407982014138974 -0.97554334495369399161 0.16375762984780911635 0.66078910942123658678 -0.21978692680824754579 -0.71767085747889514113
4.2307288851497677484 -5.4906654956351310659 1.4986141426676127253 -0.98975093060122931732 -0.0063298160416482042445 -0.14266404173021401958 -0.0071769887538728031895 -0.99554986207689288857 0.093962561432668401107 -0.1426239327965617143 0.094023430842737842905 0.98530097343209332994
5.2559288373641708247 4.3864638294441347099 4.1251367801663372248 -0.61366937427417900253 0.012101630057090376202 0.78947036019588023859 -0.77969316651967468523 -0.16689180175339710099 -0.60351113708860604223 0.12445266232760841818 -0.98590094687919416216 0.11185194581283926241
-1.7812134510400852161 -3.2695589430596521119 -1.5735192522884158262 0.99332000280215182464 0.008774395061063316667 -0.1150581680049706651 -0.080076531348613241845 0.7703532570251008238 -0.63256905434744314931 0.083085023683755490631 0.6375569538340307707 0.76590992254794165728
-2.9000625741225696252 -6.684476438809724641 3.3997260414910694948 0.87246326874875634871 0.0015104322633300096279 -0.48867736112769405432 -0.42282316958685539632 0.50369597902756935159 -0.75333321178079670766 0.24500696305366914673 0.86387966714466712936 0.44009488607506019875
-0.27760990850984129663 4.5834373779316477382 7.0001830268825440129 -0.99665897994244911917 0.003963674991198261853 -0.081579206791592598358 0.078325614790725084369 -0.23673533314294392671 -0.96841183393710472682 -0.023151150464730950451 -0.97156609210198596749 0.23563393836604440423
-1.0703977173035006398 -3.4809355441632403583 -5.1606516280522463092 0.41499834013560676915 -0.0013891679491979426475 -0.90982110763446111257 -0.83828722425844603983 0.38809099456219137148 -0.38296202107362115052 0.35362537710099523069 0.92162001397112569556 0.15989259682071341184
3.0946794452109780416 2.2009004340310225345 -1.1284121509148878904 -0.94427132216315978752 0.012084096773808509356 0.3289462642213852317 -0.14994015913000338647 0.87383897011153566226 -0.46251854340596432191 -0.29303518358745861416 -0.48606525170951075943 -0.82332918827175038956
5.3072756255027773165 -7.1781972225068271243 5.0588799573339420235 0.89107627331139971361 -0.0030609913078836438124 -0.45384326091025117833 -0.45008980927355124457 0.12255588808407009982 -0.88453333339331452478 0.058328712736889082313 0.99245689308304574361 0.10782892303240124154
-0.16059342237851628732 -7.146203250864863854 -6.1632268098281457469 0.97076663797304718617 0.0037890307234830426612 0.23999537046502467108 0.0094374453310213709395 -0.99970475380439027813 -0.022390619611012241297 0.23983967399932085152 0.024001009710424271726 -0.97051578158670881447
3.6804600931439370726 4.7006967762462013027 -5.3769897619167315028 -0.98162832217057505169 -0.006914128278859441902 -0.19067782236719821309 0.18922105350376219879 -0.16370126905584903021 -0.96819279455103646193 -0.024519992322125729739 -0.98648572688077429405 0.16200210071753437524
-6.4584126031565212145 -6.5967920703600357868 7.48522111099250953 -0.87926841100337682633 0.0075931450823443430789 0.47626610792653523152 -0.39422337842868526714 0.54959866359063513919 -0.73656584015252590802 -0.26734806771698910177 -0.83539430996817976016 -0.48025134831763832688
-5.3910869576024946781 -3.871350759536520858 -6.6165571670178229269 -0.91430907430559049676 0.010502427249131942449 -0.40488098950735890158 0.39875058160480464364 0.19851276150235619422 -0.89531595383438833391 0.070971052636734074937 -0.98004203100807629756 -0.18568986818089705526
-2.8971045655502769556 -6.7971115156435981675 0.23440728496331122988 0.93976756549432260979 0.0042002066767194675204 -0.34178835718718503234 0.14032113513838506691 -0.91652390495355162692 0.37455828742961716493 -0.31168397757723403929 -0.39995786017106838006 -0.8619088166442896437
1.1280826580005725024 6.1791717721009975506 -6.7388488195102169698 0.83105287429602880955 0.0077075638373378845339 0.55614001257245460064 0.15294280578351834854 -0.96452406378402710807 -0.21517859684562790079 0.53475192218768474728 0.26388240532689127837 -0.8027493119745351402
-1.1025105683885758623 -2.4544169587855546588 -7.4787075183117597277 -0.92527169502451533933 0.002308728125074355729 -0.37929798333362668705 -0.26175424062869423469 -0.72759754231373996447 0.6341029363848722511 -0.2745123091946882754 0.68600035436826689583 0.67382973064947360164
-4.3884448395845927493 -3.3189577101368756828 -4.6376126587115784616 0.68088705499693757961 -0.0017564126139206076571 -0.7323863279392757164 0.11453812090533153911 0.98794793414546422383 0.10411483216679313923 0.72337669107946189762 -0.1547765952345510343 0.67288213557094944672
3.5448974896718619121 4.4229777390861926278 0.50636748127725184077 -0.98898066227727021715 -0.00093558588776567180173 -0.14804179923517038486 0.11725524224622053959 -0.61542577736321091297 -0.77942435214892524797 -0.090379520952157968439 -0.78819428901511512375 0.60875389522902001449
3.9381941780954012877 -7.2685263057793116914 0.5790739697261798602 -0.9004593493939587745 0.0030349763644853065131 0.43492959086214699749 -0.29713418414269254786 0.72595745226668151329 -0.62023951350449058051 -0.31762278996143861187 -0.6877329179389893854 -0.6527933799297960249
2.5265078948585824037 0.022436338686319712982 1.5479798796427222118 -0.8428917402432433148 0.0068745129894195325729 0.53803926929258105716 0.46558578108260062489 0.51058770490331184533 0.72286241848306920232 -0.26974690857047728398 0.85979819531832446522 -0.43357083463254725286
-5.1014626494298127568 2.1682464791252020753 4.4783155372743985723 -0.77197927434277668901 -0.00047841057184297647656 0.63564752112193678713 -0.13075316044461871012 0.97873419506271130963 -0.15806007227843715812 -0.62205434731932096604 -0.20513202221550694282 -0.75562506737326218254
-5.0709182850182576985 2.4495223204347995605 3.2606650857294372514 -0.78649472486426674767 0.0046910458464209398716 0.61757917860753674955 -0.1677844666284269981 -0.96398479690095906225 -0.20635329922763107069 0.59436892627295445646 -0.26591597438428438149 0.75895604223717305636
-4.0555735085821709163 -0.15783976503415922399 6.5919719738252302577 -0.89316098764954132694 0.010183471673497946144 -0.44962178221846160753 -0.34973115878583088678 0.61282831806633752958 0.70861101399167092385 0.28275708075151495535 0.790150460026876722 -0.54379286847496621782
-5.4699753931994399281 5.0913263202547280883 6.2516945010796423077 -0.68950145702464615827 -0.003658010465420804061 -0.72427505805496494862 0.53466086266367318647 0.67201144593817019324 -0.51238499047492380711 0.48859543867788185478 -0.74053172483530826931 -0.46139707608050095633
-3.1458261265617153413 -1.5827140318421650811 4.9076576795762285599 -0.96729823811801973754 0.0038242980156019783233 -0.2536128807424934406 0.25035101258396341706 -0.14614582712179471913 -0.95706100522026138488 -0.040724550727927313898 -0.98925566561916422614 0.14040918420256312538
2.6871985839345411406 -0.98966836446731831778 -1.1781349955259727835 -0.4797717499647972117 0.010040194240956165292 0.87733588917534777174 -0.73768596132866470771 0.53674114930242666777 -0.40954653106121546857 -0.47501420020293216862 -0.84368722471370038996 -0.25010673013832518397
7.2700679530806109341 -1.8069218685505890054 -0.99180997478854127092 -0.92683443131404463777 0.00095618690777784370871 0.37546907014726360607 0.25388488088585708935 -0.73513958782807409253 0.62857955237636142787 0.27662321700872827268 0.67791509211307199312 0.68110992042181039974
2.0890834771394444225 -2.7802020794105342105 -2.7238246431924886259 -0.88357090672517624164 -3.3005009548419360355e-05 0.4682973966395651555 -0.40832052519104716781 -0.4895839508879126778 -0.77044266739366074059 0.2292963181049382515 -0.87195616515031970639 0.43256865878132205738
-2.2193767411516827082 2.5780094788373375536 6.7130697603345259594 0.90431071478927693708 -0.0077732230311667515829 -0.42680406291517564155 -0.39885197202779804071 0.34090246908600640996 -0.85129466753904858844 0.15211586217979250479 0.94006653146188090542 0.30518139015762524302
6.1002340703273887357 -6.9368165873554881173 5.6236685001414548069 -0.8553057534275099183 0.0068137633732826136113 0.51807879785089205882 -0.42765799597851961167 -0.57378705732421275698 -0.69848196205983104079 0.2925076180708947593 -0.81897618126284721374 0.49367733176084860336
-3.5905351641777674132 6.6057154466565517481 5.5150512787966361472 0.86337446426678465805 -0.0087459777506878541575 0.50448790106919738641 -0.49587819629622442719 -0.1994272309237938301 0.84518258027726078652 0.093216677102491249385 -0.97987360789007071915 -0.17651731833094386204
-1.3080495313280662284 1.4492533551082624754 -0.7411052434574165737 0.9437923576008103721 0.00873009633678496072 0.33042362378035194936 -0.32544191688187190659 0.19941845359279955496 0.9242942383801684425 -0.057823390340190600201 -0.97987553586385300886 0.19105075175189120684
-4.6236337978395418702 4.2364597494057010252 6.8203619864955582486 0.9216817106162272788 0.0050639479550608169564 -0.38791388315786629049 -0.28602511425744175932 -0.66666074941336417314 -0.68829723172883683358 -0.26209246141298847554 0.74534408270454166612 -0.61300060362757236021
-2.8781024471495024741 0.99103560156736136832 4.8201271274239942954 -0.73300989343776790097 -0.0044204270967153642263 -0.68020361359416448011 -0.65003184292944349298 0.29913876711765718941 0.69855178847744126003 0.20038737310529547431 0.95419938054456765464 -0.22214509418020905729
-0.014013933737023108461 -4.5857052394194264267 -1.5706371789484341317 0.99999866581791296838 6.5062011772391500908e-05 0.0016322161054692727739 0.0014976297183855024481 0.36247750819544366507 -0.93199131603133844592 -0.00065227885673843502903 0.93199251704045460443 0.36247692714564500038
5.6617560532797233108 2.2657282131678511128 -5.5012456115372785348 0.99637530110498773173 0.0018380926687525380933 0.085046344797412271044 0.082336727147781355041 -0.27206368904820665833 -0.95875023466181119591 0.021375750528087406055 0.96227749143200513871 -0.27122888262969463424
-4.4072014945718631651 4.8326125075602801573 5.6829163967355968978 -0.92350060042619663836 -0.0012125494296062553495 -0.38359506088623895881 0.35672680525189970346 -0.3703936185581752083 -0.85764477130461280741 -0.14104122598438190161 -0.92887410183251395424 0.34249127801681722438
-4.497997216153017952 1.8020658206968782622 6.9745618539632951993 0.80983146629445801334 -0.010416818156196192696 0.58657010331157366512 0.54627949528811814428 -0.35115173887999945324 -0.76044143055829815925 0.21389649185339440485 0.93626061872818533427 -0.27868323342407230747
2.6711561419040377174 -1.0743893782771658518 1.6976484849845345781 0.50034495563135106266 0.0052513375272834686425 -0.86581022679830732525 -0.59852125877754680516 -0.72048371532893396019 -0.35025065130145471848 -0.62564145336253162988 0.69345197339103659129 -0.3573473554322434409
-0.14719439158892724806 3.6138567558214576003 0.318097078195339944 -0.80842553900826663593 0.0042198217735106725162 -0.58858333393286255131 -0.13509985764665288777 0.9719467294098766974 0.19252943581017664676 0.57288408630639342523 0.23516323754727894157 -0.7851764612895106854
-3.1984741930352971195 4.5001031757872897998 -2.1982944972692770591 0.95503878055294466609 -0.0093877235681817661206 0.2963322430755287451 -0.12485349539410328656 0.89381629254737338108 0.43070179923549090084 -0.26890989629950656781 -0.44833503746963604408 0.85245713197148487161
-0.69884065645036186343 -3.8280787488916714345 5.6479386449857802432 0.92395984240161943557 -0.0098769547120190204215 -0.38236194292140451845 0.099562530736850327062 -0.95899486205050743504 0.26536042853812763509 -0.36930409164032290681 -0.28325130242644169787 -0.88508936699712281726
-1.9739410206575584983 4.7628977392277800362 -2.8857871709796119042 -0.96529523695634777969 0.0084785119384705662227 -0.26102340957209729799 -0.055175368698031496129 0.97029186506972830983 0.23556182897201419224 0.25526610467972371543 0.24178877437734563882 -0.93615031078700372547
7.1551237136621050894 6.4734153582949129913 0.10834596051908833292 0.99033825205394088176 -0.0025192755559253657109 0.13864991802891218908 0.042544736117299232492 0.95713690633269543628 -0.28649413251353855747 -0.13198519594048011006 0.28962492259237648806 0.94799647270758669038
5.1360770661056678321 5.9771741676060248238 7.4723770606934296623 -0.85044001640084709859 -0.0030971731649481544675 0.52606291070787891684 -0.27920878098260026867 0.85017578413863170717 -0.44636710529166900852 -0.44586347139713911059 -0.52648983236395707763 -0.72388826575040721156
0.49660932951409109126 6.4542593144185875786 1.6839199157802213769 0.98281480113309360735 0.0077841421470472675626 -0.18443013258326351744 -0.13681591901815262635 -0.64000215964493145648 -0.75609433270790138426 -0.12392122891926950212 0.76833367932212492946 -0.62793860069460871731
1.3958165649076523795 -4.6988055298838578011 6.1115621008501017641 0.84519209526509253561 0.0016938228536934390664 -0.53445996395018080527 -0.38370294277547001283 0.69804221028366619795 -0.60457350617427219053 0.37205157412239714398 0.7160546093885532537 0.59062968310652430581
-2.0475699080464861979 -0.54728487317292218162 5.3051739233198809131 -0.99674055882514789317 -0.0047866245328446353421 -0.08053164979407259616 -0.080669024771605035706 0.048300615554934346607 0.99556996689287202695 -0.000875691370934747167 0.99882137480257338069 -0.048529314872831512406
-2.8818870963787359685 -1.5214191134840449049 1.7103919550379662606 0.91088080214715727578 8.5011445400425380073e-05 -0.41266954946160422368 0.38176878524063356801 -0.37984887924287608074 0.84259564653157315028 -0.15668043558679323191 -0.92504855100202643126 -0.34602950653570291317
-3.4013408026941602813 -5.6452192198853294869 3.7230186680543511102 0.99866179228849705218 -0.001637998537060755995 -0.051690826884769440486 -0.034521089206720048659 -0.7653469246538973092 -0.64269151178670302915 -0.03850868763297081443 0.64361588069553121727 -0.76437927699108565438
0.69274500210480349782 -5.2673335636737643739 1.2212555156253628308 -0.83928913845855224185 -0.0051420358872807225142 0.54366101711686309894 0.20673803567868803688 0.92182273509780010556 0.32787532639785155197 -0.50284503245961109652 0.38757761096805493084 -0.77261275475293478276
-6.7417767608676575364 -0.83339137733476365 1.0300978512865719416 -0.90122535405876358361 0.0022566314424936201322 0.43334486130112415125 -0.43264603860206196639 0.052319770365214957053 -0.90004446940739912808 -0.024703572281461780996 -0.99862783320084591576 -0.046175580917480259224
-6.1502430302991921707 -2.7494957294374025025 -2.2621874099949708103 -0.57885548661404018222 0.0081284825927056443551 0.81538963286727927926 0.60288099661596350476 -0.6690314904995046108 0.43466236165481952902 0.54905448685544144816 0.74318960736198280692 0.38237204130674151692
-2.0872895816785113077 -0.77193002628043805302 -1.2964376093862772787 0.93066301875130041932 0.0069838552577476432914 -0.36581084086510595732 -0.13779842563704033931 -0.91950671011306794878 -0.36812905882178154071 -0.33893648287050237577 0.39301225912537285367 -0.85478852633646595915
1.3719265639464837125 3.1286651850284723508 4.6741591815618086514 0.87148294145978355552 -0.0092330807860601590842 -0.49033889603419666958 -0.14947100501207019607 -0.95725513920291716019 -0.24763080812025209387 -0.46709303292327492008 0.28909747264342317008 -0.83561160230441056118
1.0397506837644137079 0.987307242021744913 4.0168677228823463921 -0.91204989121071000646 -0.0011238974438418578017 0.41007771555769451099 -0.022039503787867724405 0.99868531169287155791 -0.046280757141828672563 -0.4094865763553853788 -0.051248268881727461477 -0.91087560002524303737
-2.0091987625595661981 6.3154233108657100715 1.2206493032874392579 0.92560098058112982855 0.0022771181137920259996 -0.3784939094361218781 -0.36325455592426608709 0.2862991271277133265 -0.8866109278629815682 0.10634355809101260493 0.9581375812163051009 0.26582592633825297135
6.8721356402386089002 4.0152675167614031437 -2.4008299789606599717 0.99581599273511933745 -0.005716701645013262667 -0.091202126813010236939 0.03525338459902382926 -0.89674872853400067196 0.44113367219819399345 -0.084307220848737970953 -0.44250314936174484082 -0.89279519225735692878
-0.34988843596593155461 -5.2129013269353912108 4.8327565459138295267 0.037442588326498937867 -0.0043051013393375324456 -0.99928950694079987649 0.21106692631441140162 0.97746461909996873452 0.0036974347922160664959 0.97675421944083296033 -0.21105540625702054469 0.037507469843846237556
-1.5750602221325695762 4.8059061519558667896 5.8160368214206430437 -0.9907584895818730697 -0.0024199341075552519183 -0.13561622041724177845 0.022801746502468200201 -0.98858326607645596873 -0.14894027793079442357 -0.13370750045452511889 -0.15065613148020062795 0.97950244224797022863
5.5167918401894677771 -6.2598965410750651017 3.7410284650655687422 0.96700230642979712048 0.005865875300979796203 -0.25470008022459045272 0.0048440052787040790983 -0.9999775069301080066 -0.0046390997660505396694 -0.2547215636185843346 0.0032522516404142509834 -0.96700896991032669892
0.94345249992015878249 6.6160023519122175273 -4.3880010726461060599 0.87729298833064450758 -0.0063558189304233408609 0.47991313400620777552 -0.44641536139872867173 0.35642092104082495618 0.82077856462717080355 -0.17626780118088025695 -0.93430387487698662863 0.30984823971864483561
0.53267197197322935232 0.077484138582994493971 -5.1877345996167374409 0.76837084811372091675 -0.0093111730355861337116 -0.63993713896430670651 0.63905326153669295142 0.065668325490111228993 0.76635409566781542701 0.034887944743424201266 -0.99779806227715595046 0.056407962448111123588
-6.1229325295327114986 6.1639158387953036922 -6.9555065560368616318 0.88951125200581482311 -0.0076341184631210784461 -0.45684948592535540302 0.43332658314476568684 0.33119208171337022328 0.83817651920739622007 0.14490619343267813202 -0.94353247174951504483 0.29790714972820214745
-3.3505136597656468567 -1.1136036861814215815 0.014448882628095472899 0.90382551708276059887 0.01209475342876803125 -0.42773023228359702275 0.01961047965943491303 0.99737935464916949169 0.069640878852364307416 0.42745159229724177807 -0.071331198358762087919 0.90121972702736519167
1.5836161974892759563 7.4129421078064003936 1.3632128783053170107 0.93728160536847893169 -0.014317255341833871191 0.34827892333180271445 0.057033953652980341753 -0.97939166168243274591 -0.19375009976153556579 0.34387544310165274464 0.20146212851641656649 -0.91714921926859094281
-3.5050303492107395265 1.47288059839802421 2.3309275053468114791 -0.7270702784086664483 0.013341198487061001199 0.68643340731476887306 -0.6704366148609371967 0.20162872991221153507 -0.71404523717180301556 -0.1479309153240723762 -0.97937115931447416006 -0.13765382884056212576
-4.8412196642832050486 -6.7791823319126010006 -5.6986479248613122195 -0.93212700331645337304 0.015266926131754843254 0.36180957789260370649 -0.33761994937911377068 0.32469362543823210299 -0.88350824522536453021 -0.13096571868081735568 -0.94569602440014732814 -0.29750127724786523675
-1.0125190166774509226 -5.9427977545488150923 -1.2117449622504374851 -0.99429076822342243869 0.0040006555285533127592 0.10662955960219425156 0.090028968381798385456 0.56785641536755471215 0.81818938906455696003 -0.057276985585155121283 0.82311790545533014551 -0.56497456636655329909
4.0969438517872998062 -6.3774223709124759907 6.0306237276786713863 -0.8790784494182385389 0.010413383347624181191 0.47656336537303312095 0.35992684146284581459 0.66998286130722095599 0.64928856015574487603 -0.31252799644679341018 0.74230352754230477519 -0.59271555103205897375
-5.1830250561503934392 -2.8590268252490105283 -5.5201460148762802049 0.70130115072112764185 0.0055175911989777072161 -0.71284377824631406373 -0.32707425177921911619 -0.88601395915668967884 -0.32863611792121888433 -0.63340281797620368032 0.46362573307207788353 -0.61955794709859290936
-5.8608496411070305498 -5.5853998076294288921 -1.9459001471307482145 0.90755578458939978326 -0.00013171269553719638923 0.41993151883369572719 -0.41720240346493808747 0.11354059184637847746 0.90169323416896618451 -0.047798037629707565421 -0.99353334954335226215 0.1029894700627253662
5.795774096458790936 5.9261922927772801017 -3.7723376557115160246 0.99643852544051980669 -0.00019017686483948498255 0.084322172947154536149 0.077680852600896688198 0.39107253312474388185 -0.91707576512226451904 -0.032801679179139994758 0.92035984140347049109 0.38969451134817278959
-2.1000072563037890383 -6.5612418257080582507 4.5663778722723566972 -0.98051093896657337545 0.0064940442329268453781 -0.1963571387963480297 0.19581904434907915213 -0.048645001830524212116 -0.97943277751316959456 -0.015912273156545506808 -0.9987950196042867379 0.046425298885239454916
-6.4884482703707737627 -4.6896159129137720001 4.9335014139626087726 0.83764126728503740527 -0.00093632228684274732 0.54621994712906229985 -0.50176889272511049356 -0.39646231321020380944 0.768794909255660186 0.21583578395278912865 -0.91805052012657106797 -0.3325630118652945777
-4.0611249930742125969 4.1460885903438455813 4.3661396977966360211 -0.28170280811302855772 0.0099587930371125201606 0.95945002493224085249 -0.91223175281014057258 -0.31276819411913298064 -0.26459267924933094207 0.29745042791386355763 -0.94977727872840100876 0.097192405799898060059
-4.6345944678500083924 6.3159123984311662525 -6.1603771868246948173 0.99714207862559467443 -0.00087403795999638732306 0.075544100311492404232 0.047476734849083622458 -0.77057121459831456889 -0.63558316755604904458 0.058767632947843928548 0.63735330805622880668 -0.76832748618521606865
4.9515711327452276436 -0.99812077616433858562 7.026888941567888125 0.97842964517352104536 0.0046024432709218781462 -0.20652904629000087833 0.14312741219010211013 -0.73601395332475272326 0.66166305956364890317 -0.14896299314021624327 -0.67695072053082594454 -0.72079660698949765685
-1.0231491121975513359 -6.7233350241724636476 -4.317459551531576345 -0.97949371235275883851 -0.0076028280861380539979 -0.20133123072819833488 -0.16814763200334889581 0.58133595677831095827 0.79609979224241933515 0.11098847378491501214 0.81362811060210293856 -0.57069331196810857421
-3.268465208935196209 0.086535380102717482376 3.629236175975692813 -0.96282932578590341155 -0.0049623652132393209976 0.27006492615300176086 0.17620235536038886259 0.74626448049364069171 0.64190502032541119082 -0.20472522895823963562 0.66563105402681010947 -0.71765094617298841317
-4.8779212862948657659 -4.8175120797502968273 -0.92954607710832226619 0.92718603719410863651 0.0027550388430834229711 0.37459105994824748453 0.26273298076981704829 0.70799821512611615937 -0.65552262218321466491 -0.2670157921321733574 0.70620884810318507174 0.65572221985587508808
-6.8028045343726750716 -0.03310804007757312678 -2.1180172153162146742 0.86495636877740766923 -0.0073805669166243873663 -0.50179279323587056005 0.40311040087723637448 -0.5853549529522409367 0.7034639889566859372 -0.29891885992034672448 -0.81074355149216847938 -0.50333131126300456604
-7.1879161150065025154 -4.1214073694654631552 -6.0082288882714856015 0.99488803877567744127 -0.0064733850182189349443 -0.1007764138447268254 0.097839131927618144813 -0.18532360594777169682 0.97779479715434391984 -0.025005890599011385 -0.98265622491542270467 -0.18374288848942077479
6.7199283500632152055 5.9455025123671170206 4.9867679097102710628 -0.96711941304128978825 0.0041874496357507309113 0.25428823445898501854 0.25396502466635834105 0.068911773703005940739 0.9647553750517620097 -0.013483588724507144727 0.99761396978523686485 -0.067709379885317194647
4.5560295695186088238 -4.4499791979452867352 -7.2886860879680961389 0.91040752605684149845 -0.010025943362184590313 -0.41359112292059979632 0.39177856831470353471 -0.30029796616400461495 0.86967274588029253035 -0.13291986273033579158 -0.9537927510614895299 -0.26946557871876425372
-7.2171672464107441414 4.9194801693783514196 -5.8389944640457249747 0.89131177876409384275 -0.0068125582758634967845 0.45333972039316405844 -0.45213533373698377993 -0.087717298453523981361 0.88762566182979329987 0.033718734006212336407 -0.99612211329836042317 -0.081263659622578643393
3.3873942019200793396 -4.5749998155616165008 -5.5987534323495280475 0.94611149298783525641 -0.0056017340317345903564 -0.32379262408589154498 -0.26331621694883311502 -0.59533941261931067057 -0.75910180718652231491 -0.18851422420687755088 0.80345479297717248279 -0.56473248792126662376
-0.77456892681991085237 6.7343552444112662059 -1.7834776727082379821 0.91372028620495415741 0.0020369827425560267653 0.40633863867308350759 0.040997909955548285377 0.99442247252139925884 -0.097175704389373562808 -0.40427021898321274795 0.10545044734656688901 0.90854047416598948672
-2.8702241516788475906 5.5688192491292189956 -5.6224502271146539201 0.94218163716863789769 -0.013861801694922149322 0.3348157897053469223 0.31585509476646711491 -0.29700891698521730833 -0.90112222386380846917 0.11193445266004450889 0.95477408515575046266 -0.275458026970740677
-1.5300268120791686854 -3.3267763070097400302 -6.5085778829556399927 0.69066914753950692241 -0.003876282656954653863 -0.72316049606548171713 -0.64950248428027401726 0.4363958988144956419 -0.62265973244757133465 0.31799787978973725888 0.89974640534468108832 0.29888752820854525005
-6.6150163244396349427 2.3735340296861391352 -1.4981813024619956565 -0.9998391750920182508 0.016319952090927097865 -0.0074352616024230882771 0.012483043328068686023 0.33564566669820145028 -0.94190560039525916824 -0.01287624093494640562 -0.94184693320640378023 -0.3357954091837517252
0.91060898182826555125 -1.5521934803130357228 0.42720754103533548074 0.66686433458226956894 -0.0020009893342571275117 -0.74517645917186270399 -0.60612506700873824972 -0.58316606494068212729 -0.54086018881525810276 -0.43347936791259933376 0.81235050116522444785 -0.39010549964188523386
-2.0120549980260342693 5.2799332001517056412 0.6219742070716499649 -0.74874166081938930972 0.003628716275771108786 -0.66285198783120569122 0.22360726458112756276 0.9427528551047087424 -0.24742038197851229375 0.62400778567262948915 -0.3334724675442820585 -0.70668974579357890509
-5.381609049313120785 5.1616908229023383825 -6.2233092083275183271 -0.98814843531104035179 -0.00026589699511181744129 -0.15350113709977650234 -0.12708325045798929409 -0.55946290885863469988 0.81905500490776905753 -0.086095976939568691355 0.82885534498504853662 0.55279860694890436967
2.4104797006080889155 0.77271605547033672678 7.4798508786954327476 -0.99656193550241356505 -0.00044285844651395902052 -0.082849940157262727536 0.060491120627683879485 0.67942178240504402797 -0.73125020746575897235 0.056613894344635234956 -0.73374780781276793817 -0.67705909749232484618
-4.4819053728617737065 -1.9345781845119489617 1.5479242235442662867 0.70448956148124419752 0.0056197890714606065637 -0.70969209924780773946 -0.0088913869777783541976 -0.99982028451880311515 -0.016743413705604594244 -0.70965865104406500308 0.018105707268713210067 -0.70431298608129611072
-2.1704652674878182061 3.0191586901525853115 -2.5578609907746661101 0.95316288630008172422 -0.015659888642397406383 0.3020517837518953419 -0.051997911832307744384 0.97530572070444698785 0.21465080555670448814 -0.29795424035423917486 -0.22030324339134421674 0.92881093426274163871
6.9842324180785677612 5.2564900328384460693 -3.1235157976470904195 0.99997785511226688904 -0.00087510427485173666873 -0.0065972325792423743007 0.0061172345355381199661 -0.26952560747667458907 0.96297379318234432866 -0.0026208256015675425454 -0.96299282505473104976 -0.2695142856443377144
-1.6819649358535027073 -5.1849274644983180949 -6.6275346565675263832 0.99646619397329661005 0.0066514990610126306647 -0.083731008763721456734 0.029838921610829138159 0.90380436400827524057 0.42690433396340282668 0.078516004899992261623 -0.42789417986211797373 0.90041202114078366936
-3.6014561157398712332 5.5107935330440822597 -3.005566853526490334 0.56587372093178056609 0.0031057953708221279487 0.82448607386295458266 -0.75288943796721730095 0.40955468576691150817 0.51519166682277917069 -0.33607205500633041684 -0.91228028226063151429 0.23409455449120741832
0.85882621804390946174 -6.7593667699750801248 -7.1785991730823797141 0.99991470921224734347 -0.0028059973190770865457 0.012755417677832742857 0.011711624430354394821 -0.23960510148637054195 -0.97079979047943920634 0.0057803247566474494357 0.97086637686175591977 -0.2395518025917790228
-1.4593706779596955503 5.6959454977329428971 -2.5814121420321205491 -0.87597567529737885295 -0.0073238252673762521683 -0.48229967641583576521 -0.13630019208022398081 -0.95537714741244017524 0.26206251895494808712 -0.46269738914997443624 0.29529793054741965141 0.83588890307748231479
3.1133647851224592884 0.97461355326431642343 0.62720410015896976841 0.91347691029392097395 -0.00067887058378472784487 0.40689000171351291657 -0.03115973362940988034 0.99694532814881464677 0.071617621311768409065 -0.40569570537523419462 -0.078099627508370031426 0.91066538466282098696
4.5948128010812414601 -1.2173064156973818495 -0.6071889025042528365 0.96798272593322531865 0.0067417126888336328938 -0.25092626726771205536 0.17257567820761585131 0.70804273467299894129 0.68475770982729655678 0.18228296021867632093 -0.70613740531632152031 0.68420968074643506718
0.063399301334093105531 -2.9201635979950921751 0.030710679128204850658 0.76284493168624989412 0.0098311053562993057364 -0.64650673590304330585 0.042705384609104259097 -0.99846718455916150248 0.035206980615183375294 -0.64516963685988704125 -0.054466785531363401396 -0.76209547233132779454
5.1930806609160145015 -0.39853668444838152851 4.2116427178082469496 0.99977780827793416574 0.0068316368734821523653 -0.019941484715963467972 0.013200250770865992744 0.5346558456484528099 0.84496679230226967583 0.016434337669466305559 -0.84504228027453076599 0.53444687022547021638
-0.92551861434524762551 3.5978599800304440492 2.8978371078759477264 0.9999030288390575727 -0.0002784212500756893735 -0.013923196479702887318 -0.0077305260559367670881 -0.8427043948097651116 -0.53832103984068679914 -0.011583258846374504258 0.53837647185761783319 -0.84262482912901504051
-6.1853004371351083535 -6.2712019120174096187 1.9364346494849176139 0.99979351115385772797 0.0086812247404643334836 -0.018373116003370989352 0.017213609983243397666 0.11869655247443985924 0.99278135561778413365 0.010799383594038002021 -0.99289262499408481588 0.11852260774337125548
3.1554264113530279268 -5.5702864777866105683 5.2466938563702383291 0.98179313951958824269 -0.0002755777729826890815 0.18995303432512591901 -0.11468738940076392274 -0.79802039895145771009 0.59161663733357117145 0.15142335983881996531 -0.60263037337518154946 -0.78352255818253035979
3.2116068522990843803 0.3539424088148488412 -6.1930086193393023564 0.78269919712748936558 0.0031299548303171560726 -0.62239229606307255871 0.082954886783292852703 0.99054098196392592612 0.10930256085196532467 0.61684718818732553469 -0.13718150907753443035 0.77503598625638570052
4.4534501952580676232 1.1112921373535820102 -3.2500373150934720456 -0.94542760062564557 -0.01204065329204697006 -0.32560969678971435348 -0.20578542406233346629 0.79685546746116442396 0.56804376875439466232 0.25262424907100355931 0.60404998687648792099 -0.75584694359094994898
-4.9335598010754369014 5.961395919548470701 -5.068659450288151902 0.92372903613924306487 -0.01016919838728461839 0.38291155009669330944 -0.38196225501966546423 -0.099616987869966033831 0.91879338889000683466 0.028801102992754960136 -0.99497389067849473232 -0.095903354135981513928
-5.6755709808916980919 -4.7253672811896798578 6.6325427811470207828 0.97552749346686518095 -0.0020045913872383780939 -0.21986834948136746437 0.21458621944625475009 -0.20937114723062749677 0.95400025006876287836 -0.04794646925531208248 -0.97783419060741882944 -0.20381715277487003068
