1125 14.717824617146108679 14.977075390850430381 15.033177056927090831
0.16558222011022571962 7.4207294888687975742 2.1003155135223146033 0.9933882572814366485 0.014866799485254999363 -0.11383649927996752904 -0.038932775173599831753 -0.88919364453787619329 -0.45587158447392789329 -0.10800004311359379106 0.45728944967764112439 -0.88273571917132831466
1.9048052343765071726 6.0114996190093741291 -2.5823590616115046359 -0.97586303009204011794 -0.00046900622055302126912 0.21838298132576022814 0.12064260931524238563 0.83239648630659845985 0.54088949925284390829 -0.18203490686450046754 0.55418035838308343788 -0.81224837523094239877
1.8623487763515949034 7.4732365605268089581 -5.4605511236574484357 0.37658185244382369472 0.0040818480710059692335 0.92637435571490045483 0.24110932520638669874 0.96509477344763039408 -0.10226617995471448674 -0.89445648396581012296 0.26186908328462493722 0.36245300593486640128
2.4092542739241826766 -0.74707762650101128266 -6.8469897068439369292 0.73738835809338743044 0.0041893345017572939867 -0.67545603766990847117 -0.63692899530999458335 0.33725937014056417418 -0.69323702453471569562 0.22489967603737004431 0.94140244674044493145 0.25135944181472635872
-2.6636063160594307675 -3.126281777704351672 0.31938318232751833348 0.96560648971779305949 -0.013605790757241095768 -0.25965166949743934133 -0.15954996376250674128 0.75750184646122808996 -0.6330361456277769916 0.20529957642019061592 0.6526912249033332003 0.72927789549383481571
3.2833455695362130378 5.0373307144741117369 -1.7436267865661791987 0.99076990442029777562 0.0085905525037088276835 0.13528192378408482321 -0.0042786461192687004831 0.99947447451823323572 -0.032132039678802432059 -0.13548686165981069229 0.031256634403192450067 0.99028598552307700587
2.2395034581131629814 -0.84889602904020833307 -1.1554092048916757562 0.99106479957302962003 0.0036821587691432886014 0.13333043446282591415 -0.10825955837973387508 -0.56170809255082632117 0.82022185217319465433 0.077912971106718312275 -0.827327299482948475 -0.55629048928022162279
-5.4026858380971169993 -5.5764671301898269817 -6.1343044097560728289 -0.70796018233207635983 -0.0093678751785706490529 0.7061902173969183405 -0.27023568735052416745 0.92741213481934448026 -0.25861052854060079254 -0.65250674595330138139 -0.37392375573699399016 -0.65910239825150784831
-5.3190675108718385999 3.5357756878977935067 1.3626235775859363297 0.69069668282946772297 0.01604196194435501821 -0.72296662978685632961 -0.72235521475192376872 0.062005508157836376759 -0.68873671361328803187 0.033779225111654653801 0.99794687855369967888 0.054414993667113435716
0.90794601037387090425 4.8922520556169208916 0.40364238713731864783 -0.97944585440140696786 -0.0039823572759563547266 0.2016679427333627761 0.034050494517330512356 0.98219186073817321692 0.18476934952212983876 -0.19881242948802327342 0.18783846658827088594 -0.96186814499226480635
-3.6004539653754785711 -7.4254328394334905283 0.20302666090235221841 -0.99342927940533676257 0.0036211550254906972601 0.11439035823216060772 -0.10296373181783888273 0.40809873289478160174 -0.90711294453332091958 -0.049967356847693392141 -0.91293061699454669533 -0.40504438251098173751
-3.8148165049986939579 -7.0150124816291228314 2.9417822471413379581 -0.92995263260792593307 -0.0052912612795425872231 0.3676412703432391238 0.051055787558596736619 0.98835118721763270955 0.14337097782393198875 -0.36411729931745917543 0.15209843286332611068 -0.91884963898240390456
3.807425197886313839 4.8138338787895316173 0.30208191525071398376 0.97899546588051733487 0.011242427886612874413 0.20357181926923578752 -0.02468341370622054512 0.99766968416611157 0.06360762834642844088 -0.2023823284607328965 -0.067296427180522450096 0.97699159874362206946
1.7313026487156051303 4.430275472152239935 -5.1543965275919463309 0.95505015445881391578 -0.010094075936432068269 -0.29627236134901890896 -0.26916383944040989107 0.38925512197542883053 -0.88092637464981093931 0.12421767187497857743 0.92107467647685103973 0.36904120413190477645
-4.8895673339112839528 0.13867108757491272697 3.7470944387622959759 0.95979519542507607532 -0.0051177164437505740652 0.28065457740303445533 -0.2778071751985038973 0.12588449783078992095 0.95235301575311492872 -0.04020393322931996305 -0.9920317042233279814 0.11940159784774870277
2.5989093645611314187 4.6081309345219265694 7.5021991837206281062 0.90912774913321736658 0.010403944601186845137 -0.41638743219826512831 -0.41612644597392278722 -0.02061574327506525417 -0.90907302901929254446 -0.018042081837519464982 0.99973333897881222487 -0.014412987789335710009
-2.7643636841437762008 -0.88937147105857272678 6.1123058023006242578 0.017016287397923157698 0.0085270094849788750924 0.999818851628857308 -0.98993481914531877841 -0.14036888615762102561 0.018045211072072075975 0.14049733024848365393 -0.99006255656307384783 0.0060526262837788669113
-7.0328059754689746796 -3.9796819216845800149 -1.8808199600212320846 -0.62572549432919688517 -0.0015258349785507341508 0.78004184347640492803 0.75341328976141697105 -0.26024325400946424214 0.60385583010650112357 0.20207924326222492795 0.96554187924210554961 0.16399042311169836905
1.4650040333726301878 -3.4166171132287734835 -4.7695488702874078157 -0.32808862578399594634 0.0024526523983647119213 0.9446437625514284564 -0.53793520560693675048 -0.82250388448473077396 -0.18469725113330337507 0.77652016599690854015 -0.56875420394383180422 0.27117353723477971572
2.6344226025772550237 7.0690684596836641518 -1.1051848510981203688 0.94161474311476733856 0.0040085481034333961953 -0.33666839336488668666 -0.32921553133927050627 -0.19859378221444023982 -0.92313468334292048123 -0.070560679374554111098 0.98007369172327551965 -0.1856791569302230771
3.9063694076666801713 -6.8025155025181325286 4.9116517391382519264 -0.89131894219377594268 0.0044727631550743364441 0.45335475918570594667 -0.032383099882888538579 -0.99802539962156622266 -0.053820410181962541341 0.45221883875902524341 -0.062652183520915574744 0.88970378540921013499
6.3462265079302788706 7.4201912469964712571 -3.2152863984173634115 -0.97697990245691934685 -0.0075498808440119724236 0.21319772394238567514 -0.026263969125603189164 0.99602766261460418118 -0.085082896238437816239 -0.21170846492464900912 -0.088723698107028597937 -0.97329729850310742201
3.8903752786376504247 -1.2429570242024241544 -6.236510075245923268 0.99855103422307878169 0.010782657593831443399 -0.052721592799931278617 0.04648269782058223748 -0.6664734927015143473 0.74407825013880057874 -0.027114403099917788048 -0.74545074808566380575 -0.66600900243393768019
-2.4635932407008866996 -7.1635960529614655101 -6.2692977955776134635 -0.79253095343350166146 0.0051166728012564683531 0.60981022253593231142 -0.54948115289925436588 -0.43971767017900775798 -0.71043566432211502359 0.26450926346416336887 -0.89812147852715673579 0.35130137965838803549
2.5521704760243255627 -4.0379033875307479562 -0.66309204697762780256 -0.84622650824867196029 0.0052212743665931973455 0.53279774308010063866 0.46492231028863673092 0.49571247593174688761 0.73356416665585255643 -0.26028434861353372254 0.86847100095491580607 -0.42191252454424915674
3.54887643268350228 2.525974997989337556 7.1438233676803397643 -0.98397080500726852303 0.00026759380220943516232 0.17832942350253294661 0.020731818430675671289 -0.99304655822770404594 0.11588237526338833472 0.17712042964532007105 0.1177219673029595709 0.97712327360291195699
6.3560429808245784145 -6.8442148550368662185 1.9142054336463878439 0.86748948514831647483 0.005156947767990600201 0.49742878791540801053 -0.21895857675756466576 -0.89391421640330359644 0.39111956659887159304 0.44667564834178918876 -0.44820841090039553745 -0.77433202541065848656
1.3374676431263043952 -0.98718527656600496556 6.6524925146162745548 -0.041586563191711285736 0.0036681310669835357277 0.99912817124543640279 0.83037655928785181203 -0.55599903283744589455 0.036603896911171523998 0.55564856478459057065 0.83117484339840552732 0.020076158859220157027
-0.24858400757099496925 5.0375431640404064737 4.2337012221168368598 0.99999189123298048987 -0.00032247598129279703844 -0.0040141596452665066763 -0.0017206171629978389906 -0.93543846453298817867 -0.35348538661254763626 -0.0036410087880246778946 0.35348942711392228322 -0.93543143413811757902
-4.0960056954800725393 5.2950881672754794849 -1.2783893236210046584 -0.88248226162904841452 -0.004750248477193663374 0.47032169102589671539 -0.137669980539729786 0.95876440560054454476 -0.2486318382900724322 -0.44974663352635335656 -0.28416236501814684523 -0.84674654763926959777
-1.1286910498417452864 -5.8616248121261227411 -0.19687792822161329087 0.87910325489429419488 0.0013763235557992243956 0.47662938743603061598 -0.36933298457893393163 -0.63013646483685159527 0.68302355902627776008 0.3012816186497802029 -0.77648318810925265332 -0.5534466955790476872
-4.7786700039712766142 -3.7981215659118943151 1.3829959972187009232 0.77961336301969175189 0.0097000147661041556668 -0.62618600584398231845 -0.32263515881663501483 0.86320205038859976199 -0.38831530294384769553 0.53675837999670361622 0.50476542068425511722 0.6760934192734721071
-4.3057089663547749581 -6.6773470735006483778 -5.6642927531757445436 0.78236399087924723972 -0.0015061622218736706036 -0.62281965066213962334 -0.38731099955386966149 -0.78429856982422252454 -0.48462969677501149812 -0.48774663033192527939 0.62038172510726585784 -0.61419031232419984967
5.5723077945742485184 -1.5989015693891335257 -1.7328644329196603024 0.94987782154998456896 0.0038214051515865488096 -0.3125980182121993467 0.081404492292889762961 0.96240706799100039781 0.25912534440993018059 0.30183676509347023842 -0.27158430062080141099 0.91385804964136352346
3.5863254216561490928 -1.4593168487125596222 -4.6571800912866025968 0.65140486464488500662 0.011205359260702542692 -0.75864757446450659106 -0.70715122526454510243 -0.3534030660107100319 -0.61240788494359332805 -0.27497062920219250692 0.93540403722571485723 -0.22228459284910448424
-6.9957012115714487521 5.4901515388316148858 -5.7735386518390372501 -0.89754257085396593752 -0.001455170418455942194 0.44092540863925921979 0.24091745016890570019 -0.83914639693865977765 0.48763932030640544379 0.36929136966461445502 0.54390367436140441004 0.75352019037800410661
2.0395638839624399274 -5.4116270023989923033 -5.1727478364142429612 0.84466983242910531615 0.0067487735577728621972 0.53524511043042266589 0.52807307690327875971 -0.17412120598391223059 -0.83115620137038692672 0.08758823913094368474 0.98470110169637670161 -0.1506387754987276173
-0.81339979258027539366 -4.2635265117226417431 -2.1165846556524732236 -0.71892577332018592351 0.011288796738721617111 0.69499517661931486945 0.69318582968413577916 -0.062254313576980344069 0.71806532151759805416 0.051372541119451768654 0.99799647469781116449 0.036930996597352029609
-6.924394069031651 -6.6286207883627712434 -3.0182989870685723588 -0.98999904601473476262 -0.0028577488487917176996 -0.14104510683258619785 0.043864599045783055076 -0.95647236868288298961 -0.28850737407701254611 -0.1340812658071524055 -0.29180891216294119195 0.94703208654286830104
3.273828843355817142 -0.1348631828134040922 0.96554437081260280351 -0.98968513753471265559 -0.00093707188102442467992 -0.1432565895145485324 0.058060650294145130235 0.91154824168838244347 -0.40707341347994308034 0.13096674933149571318 -0.41119207795275136696 -0.9020913399421105483
1.5339366366070219527 -0.35588348619693938035 -4.1286278432645735492 -0.34561135557642458371 -0.0035483460273845182295 0.93837103543169853026 -0.17873010104284292598 0.98193547610822429217 -0.062114988056005314421 -0.92119940397169464141 -0.1891827952020333492 -0.34000224723033212193
3.5136024546908606325 -6.8850058651134542487 -5.0765362885817051364 0.99315552778676052803 0.017879332681476508421 -0.11542281875530341351 0.082418748202056663077 0.59293719663640220841 0.80101974431952516209 0.082760181073726249434 -0.80505019117309561949 0.58740526225155142992
5.2374502895627754739 -2.8778200076398894325 2.9739262924542728683 -0.9927046102551120299 -0.0052957436227751867805 0.12045543523563508048 -0.013415010089493539097 -0.98798094161641714095 -0.15399252094488397047 0.11982317923771275414 -0.15448499636578352789 0.98070219313271955741
-7.3134173792104197886 5.55961544196303592 -1.3611139535227456676 0.94802375111637249283 -0.011596765759035553359 -0.31798817956523306449 -0.24303203449434271355 -0.6714457349486705473 -0.70006860751556931888 -0.20539327527654493988 0.74096298156059081652 -0.63936488989308692954
3.2594211658524288033 -5.3045106246233144631 3.5513713642291881989 0.9977248940261511656 -0.013445560260956737619 -0.066062491246828364266 -0.051672124873051859806 0.47687866688880181654 -0.87744898915970115372 0.043301586016777054988 0.87886628901988028684 0.47509895671625401725
4.0136118514282035363 0.41573520826318161037 -5.7155523441694047193 -0.86665557770104517665 -0.005279214291132978791 0.49887898285678894394 0.49802607247695790393 -0.068547784600717157066 0.86444851342316220144 0.029633440112619438556 0.99763386626700889526 0.062036506222474474548
-4.0421424126897349538 -6.5370281881471123953 2.0282296299639410719 -0.98695049444518356818 0.0020420269915500032995 0.16101102956036303371 -0.15798400933839842897 -0.20565897687650852577 -0.96578747042164769798 0.031141199522532653915 -0.97862158945934829557 0.20329783652666971738
2.4340771761609736323 -6.9528557334518561461 -0.62063367968888683013 -0.95273312076269600635 -0.0070320101888143816612 0.30372710026353699764 0.078337735887079248953 -0.97161167953799310038 0.22323517491954864012 0.29353500598377335606 0.23647683822733059356 0.92623749937264687748
0.69816887885823453175 -3.7021150657512600368 3.578641318380400449 -0.62546553768160551012 -0.0060364793457793053388 -0.78022844224608700614 -0.075516273718090179412 0.99574391054058875028 0.052833294664922487993 0.77658879310508677207 0.09196534966242944642 -0.62325935282599420617
-3.4539942187053234157 -0.69770098940832769863 2.3026460842453246869 0.96142481490971332114 0.00022136647733271347036 0.27506776669168891969 0.23401405185068374637 0.52491173190395934434 -0.81835511683259232196 -0.14456745419449051893 0.85115663934813357017 0.5046113618234012721
6.7443294350229159306 -5.907990443397214797 1.6487983386718090273 -0.98594226029754017393 0.015495530524651423415 0.16636630636313126663 -0.1292866466204656839 -0.7014855733240562552 -0.70085872572430074623 0.10584338602305731758 -0.71251517805022912544 0.69362763690845674613
0.25331264863605246207 -3.7939590684302002543 -7.1143442051571916807 -0.65784424608298230908 0.0097511498155334799115 0.75309087298479093775 0.75229195542853044554 0.056334874146567126552 0.65641693743578610754 -0.036024459652132183318 0.99836431077651544008 -0.04439528437350147988
-5.3111466720013185139 -4.5173793236439818699 -2.8368320494222780681 -0.80166505364694529145 -0.018523516974948917024 0.59748641915962963367 -0.53313468777111772123 -0.42992432517409567838 -0.72865113690904381727 0.27037112726121337314 -0.90267488828624498076 0.33477977776592021675
7.0695764141141914649 -5.4402311245429064712 3.256844385787773799 -0.99618842574375465748 -6.9148143357219212131e-05 -0.087227378916074474469 0.0099345495851265227388 0.99340282177875693925 -0.11424595575645109247 0.086659824247247635443 -0.1146770635335442462 -0.98961570620153427313
-2.7985803147053567308 -1.7703353704964255311 -2.5807104327648522357 -0.82994721698103390839 0.0055592823827265453601 0.55781422660678647851 0.55683594051730866958 -0.051769766893049309897 0.82900761551637724978 0.033486599913140298324 0.99864357286031557592 0.039870565722435372114
1.4237339314101651322 -1.8129861056499907424 0.88738955148020770558 0.54149907033182431704 -0.0074432969145686207757 -0.84066839726535425026 -0.10957045171358087421 -0.99205636813979358735 -0.061793839049570351007 -0.8335304871095210455 0.12557372242727221634 -0.53801316646969188362
4.5862218244918997456 -7.0874214102971659912 2.8188773608324204645 0.3548793480503673603 -0.0030024347109381403949 -0.93490728615897811249 -0.34127458018198142398 0.93057341797123160898 -0.13253216472556889061 0.8703977879389246386 0.36609301980650327257 0.32921663323714583926
3.0455975681033411462 7.4837032185610183888 -3.3889575475195354848 -0.94362386694719568858 0.0022231996476526315332 -0.33101216761775725805 -0.32356134566258926144 -0.21727023239305787161 0.92092437350138278696 -0.069871691840551516939 0.97610896087432297286 0.2057407183329145739
-3.5820628592299046389 1.8837268533104865043 6.026157811419479593 0.96190966596200822014 0.0075143426619048905163 0.2732642113105916426 -0.18514725871602885632 0.75335234764077263492 0.63101563601396715164 -0.20112256740300873958 -0.65757415928443585518 0.72604816501576174836
6.0210104363624381563 -0.74740388263229495802 -2.8376446538697717159 0.73485163998844649225 0.0039301771446923015191 -0.67821650003064681833 0.35055735572553470281 0.85384701029296894426 0.38477892790581563753 0.58060538023078622771 -0.52050920906476461081 0.62607312330568576364
0.81480243162468268814 -4.6382991920798293251 -6.9081873118999226335 0.59632418763823735741 0.012662776016823938663 -0.80264382969101955023 0.73763102388496581963 -0.40311460964238621241 0.54166325710280560646 -0.31669849358653262561 -0.91506189167530260775 -0.24972744855859765889
-2.63774988987690584 -1.599852158179666306 1.837245260152670312 -0.97640504511183812131 0.0048342151173433548644 -0.21589307132065402306 -0.12749357655939477785 0.79400936220706186397 0.59438583484433060722 0.17429450885259167858 0.60788630770213447629 -0.77465841574987759355
-3.8318954282285191404 -6.1054196200130421701 4.5980323061126222584 0.95356140691330515402 0.0085561489932468454134 0.30107712560070215568 0.20539173967490087502 0.71266516264651191825 -0.67076269963636525606 -0.22030632428255633726 0.70145217817357052859 0.67781263282462833608
-2.9431800332946038701 4.9180211669388480544 4.1777906317494304389 -0.97046607814764984656 0.0059561147670631952797 0.24116408493327615159 -0.24121668092749237733 -0.010786022459995478484 -0.97041134296845932283 -0.003178680093340620523 -0.99992409032703233329 0.011904183150832751276
5.1514510318999606753 1.1787955165984396189 -4.7978403489182923636 0.83723476319612089025 0.0039285429711625984017 -0.5468295144248304096 0.03652107932009761998 0.9973399314295413598 0.063081470666375691336 0.54562272868823302741 -0.072784804226348698286 0.83486418668696660284
-6.0639393442106062082 -1.6116280873545265617 -6.6531287397917084903 0.94191826800227029803 0.0056840683613219181516 -0.3357940853715948859 0.23436248044037197302 -0.72728057068900142657 0.64508697030736017464 -0.24054979560480571621 -0.68631673654756908398 -0.68637098785518813049
6.9095475382967270761 -1.6893187817620953783 3.9160065653805107289 -0.81862782306461767678 -0.0080656685898632882181 0.57426773572502820553 -0.48296347627753732912 0.55076676600496032865 -0.68073654966240682018 -0.31079698821967105538 -0.83462022169044347564 -0.45476842201165279533
-7.0819242944739215773 5.9096996013208178411 -4.5173054601434685651 0.7366456939911329993 0.0089590238275160938297 -0.67621953344783469753 0.072097896453418547358 -0.99525406871184785018 0.065354663487553546486 -0.67242472801891095546 -0.096897237342645797797 -0.73379555091594261818
4.753994510017078845 5.9119646605092572855 -4.4464050372170129677 0.99983799644482784785 -0.00080029806867111920668 0.017981668114654583701 -0.014502388174536669577 -0.62753973026411391523 0.77844946379151269689 0.01066121955595417635 -0.77858412934183551801 -0.62744967282993613367
5.6841648986430275414 -4.8436252218511750556 -2.2046495053316736978 0.92571554695604063578 -0.0070407204513452947836 -0.37815493435806885048 -0.032124100635573353546 -0.99767749582674669639 -0.06006377010557510665 -0.37685377573032002863 0.067749852962684320445 -0.92379174554728105129
3.2028998554993584058 -4.0652243318118372883 -3.9045008661525746341 0.71410393575304553782 -0.00019549556475972895697 0.70003966367872327847 -0.03133721570424945202 -0.99900643704504088483 0.031687815552883594195 0.69933793537448618594 -0.044565687743927030751 -0.71340055482316688806
-1.7660041591518820248 -0.63036505039179713261 6.4089160894517318567 -0.064724045037038352435 -0.0072286114304521663365 -0.99787701906135495289 0.1780364964957771301 -0.98401395991809070818 -0.0044195703225433004974 -0.9818929696813256669 -0.1779445808758973735 0.064976320512388829886
-5.6497754863261260283 -0.51083199075467244921 0.35464693797220681049 -0.84752579107609127274 0.0075789164188826800561 0.53070009750015090244 0.29174087581691815485 0.8419474907843228495 0.45388510015140626219 -0.44338165821143998846 0.5395062398043392049 -0.71578329288537523301
-3.1348856098850443885 -4.7182374261060093801 -0.63577581285825746082 -0.96000836298122826928 0.0097278249781691493447 -0.27980227380636985002 0.20149605846360577055 -0.66985680822152515734 -0.71462661222689538576 -0.19437922067352675359 -0.74242657946789869516 0.64110801950206020017
6.4823868813532827815 -5.7509645206389441441 -5.3432510656907927782 -0.0063753528462245877273 0.0041236614696116384582 0.99997117473064200954 -0.0019121643842023652859 0.99998961880714687389 -0.0041359286030270125262 -0.99997784900646136119 -0.0019384772696843938222 -0.0063674015438345311912
-5.9599379215292280776 1.6128483484241222801 -2.9046647489725896385 0.9159331702871824632 -0.0021061857843042985916 -0.40132529393132188034 0.37897217062551996625 -0.32457465013192809966 0.86662067271836373816 -0.13208528100816413486 -0.94585773796753780385 -0.29649050249178898753
4.0864864444368604879 -3.0648100706623746525 -3.365741278184674723 -0.71855582208320190052 -0.005699147529102554198 0.69544593626521777896 -0.68300096595382731035 0.194282252880837919 -0.70410516737334427617 -0.13110000402956767385 -0.98092911361269630177 -0.14349516720242036505
-1.6878484586873381268 6.8217632668311720678 -5.6724138198080868989 0.99884216803600311962 -0.0059715435446021777541 0.047735353993474158307 -0.0035797193357137921388 0.98028925062408112101 0.19753523918587623243 -0.047974044676878400961 -0.19747740574156441573 0.9791328639459437877
-0.7654648281286903222 -1.7153803544500527689 -4.9896995139630178073 0.97154263293420217718 0.0078663131099477989067 -0.23673409874659095964 -0.23606706616355643824 0.11411153287267686296 -0.9650134187349094228 0.0194229931841679547 0.99343680180645721478 0.1127211965526640769
-2.8563074336724891822 2.9509886667186098208 0.49193646943600982668 0.94649877563170525807 0.0054153604011844738014 -0.32266196181044604074 -0.033790136810738127804 -0.99269983786517257407 -0.11578108030574844889 -0.32093347345200790022 0.12048944258390095752 -0.93940619534037450578
3.7598470769518326229 -1.3087981388651115378 3.5673269104927256556 -0.91794392386710599308 0.0016143998613268580131 0.39670687711267715869 -0.32644663744237067959 -0.57127791437903263638 -0.75304325071364097699 0.22541416445724854478 -0.82075510248540395342 0.52492810574994142048
-7.0357011639856743557 -1.9508968630201410921 -7.3835333565905143516 0.97872594311956639945 0.0014478914154340046666 -0.20516683912165872838 -0.11086866715379223303 -0.83767462758287858371 -0.53479842646315489674 -0.17263738560417699053 0.54616766831656649028 -0.81969336411689119881
-7.1598829795399252518 -7.4355798251862363912 -2.1666568058227850813 -0.97346781205941557147 -0.0073178559588659907939 -0.22870694757401244246 0.027924611888545385063 0.98821890299714432171 -0.15047795788784912308 0.22711370486018472858 -0.15287200117546287381 -0.96179494504874207816
4.4477002977196082867 -0.23046189564309982334 3.3546145567024732159 -0.97270900708008056768 -0.0016464880071033159703 0.23202257782920979179 0.13615321885279282887 0.80566452433632895769 0.57651277108311804742 -0.18788158116559972033 0.5923697859472459859 -0.78345296486488391619
-2.9237587014367476534 3.8214289095330413737 -5.0406037353101460496 -0.94533267743066851097 0.0029767435252211985747 0.3260939557546089218 -0.061119112240123930901 -0.98385619100929000425 -0.16820062286321163514 0.32032886710485986015 -0.17893611823935884342 0.93025334317525021355
2.1445803224899360195 -0.47194457024257591149 4.3231602104574360368 0.99620032684661541378 0.0061499811271322401759 0.086873969189602426311 0.050367996957056425378 0.77307871162328911652 -0.63230718050442191736 -0.071049093401395521652 0.63428028770182176554 0.76983150296667635093
5.4539512923943682665 -3.1890935146341403694 5.9212987186864358691 0.17738133350758980566 -0.00016067081073467114755 -0.98414218317683155313 -0.069419651952663377625 -0.9975111059029894145 -0.012349312654898443944 -0.98169077333232623861 0.070509345374714232912 -0.17695100386546078197
-0.76846088859990269171 6.3650121821457172899 -4.7088508809062359362 0.99999140624631521757 -0.0039646442317610242415 0.0012120353218510562018 0.0040832978094971546928 0.89132765441409533835 -0.45334130537123362714 0.00071701639087853202316 0.45334235856890708893 0.89133618338694220462
0.73416266550243813871 -6.105792321481910534 -3.4376939530900481046 -0.96179090214187412666 -0.00034747256675681697027 0.27378484220266857685 0.011099341722834331 -0.99922658307586620374 0.037723206223142333182 0.27355998459280039814 0.039320668067129284362 0.96105089349747685468
4.4861661678959121602 -3.1942021580100492528 5.6965253232168278075 0.37711698880944449774 -0.0035950935831666765673 -0.92615865382422901675 -0.66406730421309811963 -0.69811023814761952178 -0.26768771146326791888 -0.64559847601002962048 0.71598126420709717888 -0.2656566149714377767
-1.3617755932128066121 -4.9511846857660124499 6.9934932409179833002 0.87565273313017233381 0.0015043817002446742588 -0.48293894831280437252 0.077194266300075684017 0.98670183403854505588 0.14304032982167036447 0.47673193328344076747 -0.16253377353892645152 0.86389202811868892606
5.4487052153060604454 3.8048292847864324528 0.40299356694577387339 -0.069650052319552804847 0.004367642445773553192 0.99756192485042149976 0.28402269921063527658 -0.95851645702973753416 0.024027233222950465652 0.95628446423910995478 0.28500372857685790651 0.065520211784669046828
0.044076468008716548908 -0.46084368317749518917 -0.7860066489537148593 0.44989521494531742318 -0.00087348236036472034702 -0.89308092164023833437 -0.091115824152205315833 -0.99482634404903991232 -0.044927183031676996838 -0.8884211851134301563 0.10158632887680681123 -0.44764719995433649435
3.4218199817450125622 3.38935047561859637 -4.2645744699314862558 -0.99987521908827192707 -0.0058306335437561772339 0.014681619987437033101 0.012615837126597573975 0.26460824219926776246 0.9642734668203347681 -0.0095072028784655600309 0.96433836482456725125 -0.26450166581841128011
2.714563943805894386 1.4170061795308708241 3.6072171891346700434 -0.99202427177219654197 0.00036259869010235069864 -0.12604647054596596067 0.11154700405641608529 0.46818368122766612638 -0.87656220915465610233 0.058695060277103791591 -0.88363109336099554536 -0.46449002222306590149
0.20417500150627304611 -7.3472751497370616391 -1.0893221979244407382 -0.99990163604289716837 -0.0011060352046238309046 -0.01398194996932578156 -0.00679090916125211011 -0.83406671186737135759 0.55162179408328859687 -0.012271992160288479334 0.55166248453288690978 0.83397715878039047066
-3.1403153376485914983 -6.1176048733417269787 -3.7492846116884126495 0.85815492592198805433 -0.0035222613963045677765 -0.51337872646861770765 0.00035438847305605501725 0.99998029048641101646 -0.0062684166571177471136 0.51339068702564283342 0.0051973371290442386267 0.85813926035470000642
2.1778947555323098229 -5.3283380735177399146 -2.5886303441567024564 -0.92815491156968010777 0.0057858567647025953284 -0.37214914213350708261 -0.16682721340316541969 0.88734487934989636493 0.42986945222911582265 0.33271179870468242656 0.46107004777268584261 -0.82262826966357316394
-5.8114355398932904251 2.0499631305555059413 2.5399995189358977044 0.89731932817121085044 0.0093874591063814703806 -0.44128210806907058883 -0.021315814082601389906 -0.99768560871662870237 -0.064568275721674214807 -0.44086694065254378172 0.067344649165297171267 -0.89504247880670062543
4.4290467839354317192 7.165800793810934266 -6.333659231782670318 -0.96764172803738113249 -0.0052969972749014240104 -0.25227252720151333021 0.16149998598919243498 0.75517137982862403423 -0.6353219196699664284 0.19387429093678065772 -0.65550600981802409351 -0.72987987395609521535
-1.1734330579402183492 3.169095266475681516 7.3942802804905349845 0.96954643950317020984 -0.0024290152243681044711 -0.24489549103994781576 -0.23485848941593839845 -0.29272188875326438096 -0.92690635222443507057 -0.06943480104322513613 0.9561945386425695359 -0.28437793985175768841
6.4685976488817242824 -0.51801410619477039621 5.106449658140295611 0.9926640709413990793 0.0019113069774885568797 -0.12088998787183645456 -0.11839401130536511553 -0.18735624448872054137 -0.97513101465294249603 -0.024513268836205592133 0.98229017329739654052 -0.18575552507054585161
-5.8405846825001539457 6.3784252432331038918 -6.6072858198943134056 -0.72585194173367983961 -0.0092922827646248051109 0.68778820298290632707 -0.42720255719129601735 0.78977475968753596547 -0.44017474267592254789 -0.5391075345519511508 -0.61332657079371266651 -0.57722922981066437931
4.3634414566596966267 6.424004365610780809 5.9818720022937093006 0.94751381219775965281 -0.0038749818617355574757 0.31969135147832716815 0.22962559362026901955 -0.68751694162474541461 -0.68890677288982515858 0.22246272148161105875 0.726157998988155029 -0.65054200329913802747
-1.5908711688475176693 -5.4429612184710505218 4.6555603883794676179 0.96502345328364280697 0.0078642113677695590218 -0.26204558533209520998 -0.017839167202804564333 -0.99526340630679732691 -0.095564199258883500421 -0.26155591892750673644 0.096896368590622020123 -0.96031223829961598337
1.2120120161937562031 0.49314440945124637938 -4.6785542704935831892 0.56672714151839598262 0.001404562234962430196 -0.82390434776816956486 0.43298906680255311308 -0.85128007955774687154 0.29638268198010525589 -0.70095707079391056382 -0.52470968482881452655 -0.48305168621072303026
-1.7142418732254891545 6.8503992825658714949 0.070652387390241100373 0.89026533624432080405 -0.0047065752945964186085 -0.45541791711648910157 0.30746057058082232327 0.74391467739443528639 0.5933455572389910726 0.33599944735050241151 -0.66825803467379307765 0.66372853673328546797
-0.058025427071335650142 -4.0130210875511016511 1.6817602802266062856 -0.98420591747256469528 -0.0067523171609481270894 0.17689861001359941106 0.17696252846049190244 -0.01046980155794924143 0.98416190069325715228 -0.0047932799485232461742 0.99992239172254515633 0.011499347765790741624
-3.1803062976785247962 -2.8930248498166966087 7.3231860175738017205 0.97198349619445822967 -0.0036518635657222077787 -0.23502073742137902235 -0.23316347231341957857 0.11141759461808098397 -0.96603359920254827653 0.029713268153010001515 0.99376696639706685321 0.10744458196497730373
-1.1966725340783552767 4.5537245738788669769 0.01279824411124286937 -0.99278974026044997103 -0.0049624475341878970802 0.11976604588986614064 0.059538228448135423199 0.84676672268634878282 0.5286220925239202284 -0.1040371615668190669 0.53194124813321019829 -0.84036585934199981018
-3.2353386140234414725 0.28361624573998656107 1.7687235685508662097 -0.84745012206365832874 -0.0069059327502195653331 -0.53083010342954684013 -0.44869603708012195664 0.54372113476602079718 0.70925256003573600161 0.28372549572221489322 0.83923753234805298362 -0.46387520668349341291
3.2155386456034693587 -3.285168072692089769 6.0751598482575026594 0.22531325706784727236 -0.0076698936824550444091 -0.97425618238760980372 0.14846020295226849961 -0.9880213210368696819 0.042112199134182522198 -0.96290887644103551057 -0.15412670731394764734 -0.22147562792256189623
-5.068406799554576736 3.6365666957189195507 -6.5783302784293926635 -0.84040418899424385035 -0.0033313796927466263198 -0.54194990638453210963 -0.48835094328165418176 0.43829386139024850699 0.7545938293303523503 0.23501947858999966412 0.89882556315275818903 -0.36997087953820911865
0.5137230830511423374 5.7636294231193376802 3.2169710993187834447 0.99901589377813282411 0.0094273242318524356348 0.043340160779586633932 0.0092593261235753947236 -0.99994882674905094522 0.0040753850176761044488 0.043376362898638290422 -0.0036700737230611832351 -0.99905206155673142998
-1.1570377736058650164 -6.2803079725285124724 -6.8996140269769989928 0.93256695485712870486 -0.002335999432342906329 -0.36098949820644715691 0.36099089293343944451 0.011877879985651661893 0.93249369498465672912 0.0021094851936157305722 -0.99992672685237848906 0.011920192889338274492
-1.0641097641238292937 -1.3789723650882674821 0.6184588051047593682 -0.89171852733706180594 0.0036103820180261462017 0.45257599709366463925 -0.38852742531729911324 0.50677001252633624429 -0.76956519813481782943 -0.23213036806934364553 -0.86207373208200421821 -0.45049347683877294379
2.2312070000538857251 -6.0479692873927470842 -1.5480973798118504714 0.9931066282862083261 0.0010331045318501940605 0.11720988673783480638 -0.11516248803374394549 0.19488660747401462259 0.97404148349908825644 -0.021836350517870067173 -0.98082523566754054034 0.19366215653489488036
-5.238007956954255917 -2.524241721335902966 -5.0637537414869289165 0.63219709182623784471 -0.0055387301627407153903 -0.77478781582736622191 0.27021106897985913697 0.93876940485085091925 0.21377086498572495099 0.72616307761219622829 -0.34450156310843094154 0.59498391384030480111
-4.8677808721149924409 2.3202950982196255403 -1.6058720894931235446 -0.98630680733169129315 0.0064665631959608688845 0.16479400890702697313 0.11353706571795119107 0.75136541429600955944 0.65004565140301562298 -0.11961695749079574724 0.65985467927430052626 -0.74181101752424005724
0.93968303578595802072 4.0272763873199437512 1.5285961378011019285 -0.60420404455443210701 -0.0065018479301111207699 0.79680311151348426346 0.78594603148089381417 -0.16957131213148241011 0.59458759295955287971 0.13124903101928100946 0.98549647187371713919 0.10756577420815637003
2.9379047237489110955 -7.0544038802269932731 -1.9157081875741943655 -0.95723372479169244187 0.0022437940049786072802 0.28930703674461544228 0.0022433739967777375016 -0.99988229816260376648 0.01517751936753515031 0.28930704000178630864 0.015177457280621536526 0.95711602295429221154
6.4179418454060073174 7.0415530812491358148 -6.8981354515982520326 0.99842299863307082397 0.0080277109350191215575 0.05556142238567111924 0.040913809633055187032 0.57363290229156393973 -0.81809006447322918376 -0.038439250534996659281 0.81907316478180314245 0.57239983818361939161
-7.2566398427234561908 -3.2023392275994915224 -4.7789169176925341276 -0.99991444726218148276 -0.0011351068523076388375 -0.013031104666128473513 -0.0073530923285645075071 -0.77514161142623738687 0.63174473822002008561 -0.010818049250843175813 0.63178650964390670186 0.77506694939365894381
5.0639751449453367371 2.0498150197613163037 4.9313198376144002921 0.85906470894944697569 -0.0081475164209863174675 -0.511802152998342752 -0.46222600841569505548 0.41719677207348088155 -0.78249215364482438417 0.21989757384225572245 0.90877966050506608919 0.35463302958221210037
-6.8933074674366752177 1.9602708172483747084 -3.7020990717926141045 -0.94933337631411474078 -0.0051847131728114462246 0.31422803720434533403 0.053434193498399285005 0.98264257304510171931 0.17764672978810691628 -0.30969489434146868501 0.18543649152355581866 -0.93257835061196214799
-5.058676166364224791 -4.4705213824353542407 -6.1895014151648863887 -0.90675781634426988465 0.0015269011757015301441 0.42164906150907083271 0.32798151703228878295 0.63100103813739327752 0.7030404073414399102 -0.26498752231735833718 0.77578048341161598422 -0.57266591881639150596
-6.3604147324319226797 4.8860551374720104789 -7.2028217704376809039 0.95257792245634143047 -0.003610824676147714532 -0.30427333697509517663 -0.23385454461978091856 -0.64847574789189987854 -0.7244247761890949544 -0.19469810890063338205 0.7612267509364007978 -0.61856808845061583835
1.9184245504820354178 0.38226445645001905227 3.5391349875081776766 0.99651100511361268008 -0.0021056035387085158921 0.083434903495044038246 -0.078067938734860398142 -0.37705537162605895496 0.92289470887499513996 0.029516328179053197278 -0.92618832488957003601 -0.3759042074906269737
2.395870768771489967 -3.164334984037463272 -2.9990075557072692902 -0.6574487053999342745 0.0073286744432956964571 0.75346366222865657214 0.039062357842456478518 -0.99827660330444878412 0.043794468768116011359 0.75248610084690203959 0.058224683990504566555 0.65602938516987530093
5.2026432078464495135 -4.0917529500949116894 -6.9752765230383015904 0.92165039248754221379 0.007766969245952048094 0.38794358896143354976 0.25364417189636945249 -0.76867369513041283735 -0.58720131511908180144 0.29364125747338215566 0.63959395291333298594 -0.71041845929425018191
4.3350764345141170608 2.0340527077375711862 1.2772220604698962809 0.97241073861913063237 -0.0074464310477838704938 -0.2331563983308134469 0.11707092537455120185 0.88008750583642769705 0.4601525622035555485 0.20177153875084855028 -0.47475312819950582499 0.85667830217348928112
4.9283076771058409449 -0.64161680146270849701 -4.1929521534824782947 -0.95044382931533410996 0.015804806035533497388 0.31049434040350104569 -0.19616411387348203776 0.7443234618010159398 -0.63835900921098720495 -0.24119736264039443041 -0.66763222834044821941 -0.70433730551247974994
-6.8856228553484646326 -5.6274902444429031334 -5.8986271608232083707 -0.43972444097322782586 -0.013517592663049053311 0.89803100764915044785 -0.036068833931065143183 0.99934587709920696952 -0.0026186148593180628985 -0.89740818763235818967 -0.033542400234986335938 -0.43992437095123870794
1.8230369158277250907 5.660086706826877645 -7.1314431107792852771 -0.99869711253378734561 0.0029753903368186758807 -0.050943345680412858989 -0.0079680812969923145439 -0.99514619280339999818 0.098084477005172296393 -0.050404236897451687449 0.098362604689361046728 0.99387333745379635719
-1.4232098128449139907 -5.6668120021751775539 -2.3964292189841858161 -0.95059782782000246115 0.0025402659423687176665 0.3104147496381304272 0.23757465218923634609 0.649581480380951648 0.72222031609702685984 -0.19980504093012901867 0.7602877398689933397 -0.61809424703989079841
7.1550420855323597635 -5.0639672684979091244 7.1438139188838611915 0.57147468170616733119 0.011839424461906288694 0.82053428703331610095 0.31360239718147664423 0.92085200992588700508 -0.2317004797094754931 -0.75833384775499346198 0.38973247727636717297 0.52253073737831212675
-6.258017679573885772 1.6675285654961600201 4.0598830707891844227 0.87726125653354913858 -0.019315946957525378935 -0.47962441762111907018 0.17977449580152524145 0.93968892845490803456 0.29097396515613394019 0.44507731737817934903 -0.34148442414335344886 0.82782520475216925249
2.9178193566839221162 -0.070054867975258547363 -6.1056059447995583156 -0.86687559846451411882 -0.0008627169360383925463 0.49852377326083763265 0.45477555044087619729 -0.41101718574233786496 0.79009117938733364195 0.20422021326982978118 0.91162718736545667042 0.35669311143901799577
4.3300849058908958966 1.0575984505274635961 5.3979915083338907422 -0.92965004041395982171 -0.001139329746035144808 0.36844199582294989703 -0.35738740604026714154 -0.24034818880990455048 -0.90250041004954262291 0.089582611940544648599 -0.97068607183965482932 0.22303252133799222889
-1.1565952738808664702 2.6337243119570739047 -3.9238824999907238045 0.98071429265570608802 -0.010211760911559135748 -0.19517990706002061319 0.18825759543305042865 0.31771621097368607511 0.92930914503532890958 0.052521937727280809671 -0.9481308608117600123 0.31351127066463657656
6.1396631863689083985 -0.92337188681465609541 -6.0242417061587474336 0.74791051677085074179 0.0047150357838382575548 -0.6637828163949914817 -0.53289537934457154034 0.60050410289533395769 -0.59616888301825454732 0.395793347059969991 0.79960777312603603662 0.45163595470207956728
