1125 14.717824617146108679 14.977075390850430381 15.033177056927090831
-2.7633356861645310687 3.9505955497709854818 -6.8448651336441628246 0.93420322439674829962 0.0085503524820666719497 -0.35663879065395948098 0.033411631607282742118 0.99322134412136209303 0.11133294415911103303 0.35517319493456139812 -0.11592347930513141607 0.92758490099058465983
-7.0608701121084154195 -5.1292325239311837848 -4.3579882905469000676 -0.99997751820212799068 -0.0034163067872468896695 -0.0057699166555015904412 0.0063439028207063034859 -0.76073564849582098191 -0.64903083748354262195 -0.0021720928334373664631 -0.64905284989411893282 0.76074021850910178433
2.4112703213355839438 4.7132915927409211321 -3.080880187079059862 0.99259710751263507955 -0.0036593327486292856823 0.12139848203869607612 0.11235455854038456369 0.40726090823026078747 -0.90637464980145110438 -0.046124129614286892009 0.91330452857270238987 0.40465714222787652066
-2.2688690727277447401 5.9266671584099839265 -6.5380798645184423634 -0.91784699930494229037 -0.016090891911172328088 -0.39660807992828744917 0.39235927149109423029 -0.18804540247972589828 -0.90038498914691811326 -0.060092328477983694701 -0.98202851781592936931 0.17891031902694376488
5.9874503090742683398 -1.6344419034314363603 6.84645016885475588 0.97250028756104234251 0.01091224262104682069 0.23264589756691517186 0.18932123739383846517 0.54475194463322729188 -0.81694723690699300178 -0.13564903156824650865 0.83852623201621279136 0.52770550352943390582
-2.488801304406251802 -3.425635543395894711 -0.23712577705531914796 -0.90844476017269570889 -0.0043786720879697930281 0.41798199117365530952 0.30098977527148090827 0.6870186860256535244 0.66137015372148211245 -0.29005736139046456312 0.72662655627380201562 -0.62280058993296727454
1.2283968720297799848 0.36722195701836435333 -2.8698573753633169758 0.68969046014031121228 -0.0021762980610837922256 -0.72410105159303084221 0.55772843413792483336 -0.63616414179626090686 0.53313617251750133885 -0.46180738727907066909 -0.77155067780371044961 -0.43754255637050626371
7.1904798809247134628 -6.7522512013244346818 7.2045737235322580005 -0.99806754843543388223 0.0032880172982577412708 0.062051250611500297083 -0.051578129912591350048 0.51306515389135642913 -0.85679860199303548018 -0.034653503068586721803 -0.85834336765922325529 -0.51190409054853380777
5.2447304236254375098 3.146182833018150049 3.5457527070189267526 0.54473279780545014184 0.0011351362327169153138 -0.83860890196854842582 0.54904652919068785977 -0.75636181090215959255 0.35561878436398991488 -0.63388807196436525171 -0.6541525223329284211 -0.41263832801461408639
2.3887258384233294173 -6.8088804382547998273 -2.1810824758084303987 -0.87807751100158326629 0.0041949253931887840047 -0.47850003894897563672 0.26916852866244211917 0.83109275481170763467 -0.48665504834258732636 0.39563643392754405115 -0.55611800501385011408 -0.73089299945245989054
4.6446202995444201278 -4.9507159796349720082 -4.8050875722336945373 -0.99620752720704452976 -0.0053765278428649721301 0.086842706569877428646 -0.027307785959956108746 -0.92833794018323367858 -0.37073299508188917173 0.082612635607329149012 -0.37169848232777513708 0.92467042273084443238
3.9332721368755954039 -2.7141140176556324271 3.9512180488448587212 0.62968651870940584026 0.018713972982186473371 -0.77662389569910461606 0.55732187680156042298 0.68556350266125531956 0.46839620990889868635 0.54119055220309431053 -0.72777226591421462221 0.42126038880016991595
-5.665871012644394078 6.9862375039058992598 1.4356511407614329645 -0.84505624538979429161 0.0010590118904274664624 -0.53467636998619394451 -0.14982738713742763115 -0.96040290173984754762 0.23490002212307933838 -0.51325597530988342765 0.27861289421642176922 0.81175313919015956721
4.4631984256304519931 -5.1732844126308030752 7.0425595907372562365 0.83679858483859814733 0.002132629017302585181 -0.547506694302164032 -0.53608756037569738062 0.20639611965786727743 -0.81854185561932069071 0.11125761107751329371 0.97846619445120230907 0.17385525673303484084
-0.97090528580514423584 -2.401100312555866978 -7.4171686608583122791 0.88928087754701390377 -0.0030911574979741703387 -0.45735103101945301374 0.18388321676152100115 -0.91317932835403992087 0.36371757843180535508 -0.41876781564812659564 -0.40754626610012401056 -0.81150450249215411169
2.1092126347620827609 2.3915292054011390022 7.3297802393492075268 0.99595188314025340226 -0.0019326603451398402089 -0.089867186967536316633 0.070825557580036266336 -0.59874803972339341041 0.79779980278313922248 -0.055349678074535668681 -0.80093510957581426357 -0.5961873559424553104
-5.380471394800607321 -1.9603169055811431321 6.2962197501403327493 -0.98409360248160848705 -0.0032624709691722788424 -0.17762076972570597921 -0.0077712896907279789549 0.99966483223343427511 0.024694741388428836926 0.17748067109213791492 0.025682279471925067299 -0.9837891196338449662
6.6399734962950720529 -1.8409056569087594024 3.7026009521567231353 0.46036090396428375193 -0.0070690771970717894424 -0.88770370408648924254 -0.15198127147735376874 -0.98583235659802470607 -0.070966596400136958134 -0.87462536621197806141 0.16758458411232737828 -0.45491304218129707815
3.5126133372538457245 -4.8538090862025109473 4.3753058219339493462 0.94946819712797903001 0.001939609550644734795 0.31385726143779085762 0.017974334198913862609 -0.99867579633377956405 -0.048203497043792065124 0.31334815453829595322 0.051409062741269627439 -0.94824577105071794492
4.8877272263912789896 4.8364606512893226764 4.7625379182354361518 0.99969188397406294477 0.0050477844418120847853 -0.024303435732664673691 -0.0027582360376415555187 0.99563100487156497298 0.093334314548238983544 0.024668385641157888205 -0.093238522137996451833 0.99533815798433111777
2.0051337582306159035 4.4587138977088320857 4.5936735901569605289 0.99523042804090466884 -0.00011044923707383027915 -0.097551949762709200265 -0.043680976193832175836 -0.89465217844638433853 -0.44462281983697077292 -0.087225956115677877323 0.44676332369839766301 -0.89038989503343235477
3.3891247027130848579 -2.8794615745853522348 3.0464981500651266977 -0.84223042508586565269 -0.00058041598052261961921 0.53911740296211851931 0.15171357906107046931 -0.95984198689297062224 0.23597955446589322093 0.51733055292329532815 0.28054059120685198581 0.80849618162193914728
-6.5902075928231713675 -2.9494922496784856669 5.8846062157344523058 -0.9386364077986035781 -0.0018349646340152445112 0.34490335872492150493 0.16187967492459667818 -0.88534810093329219249 0.43583679401821578958 0.30455978854942900025 0.46492512631453097871 0.83131700458979607138
-4.9112707762352991736 3.2740218404272520836 -1.9021491422682241801 -0.93828877278427968989 0.0049797953156049696438 -0.34581697544467498995 0.24993548308565038951 -0.68136433189589507009 -0.68794978124480821169 -0.23905320153012907247 -0.73192748879837687959 0.63807187524569719539
3.1101131760721298924 -1.0794263228230547291 0.20011341991924219696 0.92897215330180515913 0.0045395519806659661438 -0.37012177841565446768 -0.3644958572748057124 0.1853185107738853088 -0.91257866487989691695 0.064447718495345210354 0.98266802229053706874 0.17381038389121628018
-1.6404084399623539703 6.6228442285930038125 4.0258873374787862431 0.8454804265859422463 0.012018170815204100299 -0.53387115658201045321 0.36526720422608655037 -0.74230073650285743891 0.56175571746454278088 -0.38954167655957205874 -0.66995908842072637857 -0.63199058700710519787
6.0955452347515040046 2.7795031610998082172 4.8971888717933795832 -0.12118343722636407134 -0.0027004286690363583749 -0.99262645654203196521 0.075857542490133350599 0.99704677448452738719 -0.011973417950308082314 0.98972734012423924099 -0.076749183546535482137 -0.12062070732500689008
-6.7775293736116033472 -1.5855499936080101886 -3.6025114566676945671 -0.34337521854380931297 -0.0048516958014777674529 0.93918577519984158819 0.57834314564776068135 0.78681233993797938808 0.21551229107286157261 -0.74000855749931804262 0.61717323562284187588 -0.2673659141676773543
-4.6685773381179176411 6.7192906926469939677 0.71683752690989832601 0.97337891306875345965 0.0011244028501055844914 0.22919909971779048319 0.14370397506818477495 0.7760356152585521361 -0.61409925207558557769 -0.17855715931547214148 0.6306880842131300513 0.75521512252389089159
5.0359296648022819909 -5.792084950228930218 2.2290652677443456575 -0.98665721665012107167 0.0080135357689513509599 -0.16261402177127512458 -0.10458208117490661038 0.73428692092279479464 0.67073489998561897085 0.1247803074578082011 0.67879194235505635469 -0.72365141737207105965
5.5061559499007746155 4.2882464246659983687 3.4486803788546067651 -0.72049978259974811756 -0.0039359018891481946378 0.69344399337650908244 -0.070978655017395433924 -0.9943133334352629582 -0.079391595806655362866 0.68981308613671610264 -0.10642134949865164617 0.71612317555379667589
-1.9053910644733058621 -3.4246268520811713465 -1.9686525339934366485 0.77279421242048618179 0.010971357896856367975 -0.6345618445474919822 -0.54234122819603902688 0.53071968776573907878 -0.65130837950749498333 0.32962872667351938993 0.84747639632248561448 0.41608732283969074306
-3.4916400149710478118 -6.8850822153531359149 3.3443259548040562557 0.98661373844785105192 0.012791046936519442218 -0.16257220003534944563 0.14118553699740854501 0.43189643189239884657 0.8908041963649184769 0.081608671407069968695 -0.90183250176350715499 0.42430904246119294232
0.45289021152994868302 3.6382660288296873041 -6.8397621868284188551 -0.99935049840408662902 -0.01086902072297062094 0.034357615285902025348 0.00083033519695883614697 0.94623070639471895671 0.32349151583818808176 -0.036026266571395029747 0.32330993591962720046 -0.9456071031102832869
-3.4198858571442687371 -3.5946868669978657707 -3.331678527746307239 0.69547741190939638134 -0.0051007331174049361233 -0.71852985466546481774 -0.31128041430036490489 0.89913274338321458323 -0.30767647529373237658 0.64762309501507742127 0.43764630959009487299 0.62373875501310649394
3.7380825292973858254 2.1524485897798850687 -2.3226518433893530435 -0.50766687385216491268 0.0061043951464611299895 0.86153182271629957789 0.67414638545920047008 -0.61984837787519564412 0.4016399375282095896 0.53647087168386675682 0.78469785574142592033 0.31056123233485277702
6.6397924516926858374 -5.984656051807498045 4.7808183535315800228 0.98005253497294186893 -0.014689888752205490507 -0.19819494408670454422 -0.18802843937893312654 0.25442419068181176822 -0.94863777975605867443 0.064360971697250399237 0.96698114685047464878 0.24658695617945960987
0.36043757313760893535 -7.0607193500067291225 -6.8633121204124254433 0.89549580602312872646 -0.015396128272788854249 -0.44480357533314796026 -0.36142053665354090253 -0.60838936109563268584 -0.70656746386366642287 -0.25973535970294980846 0.79348934746469601542 -0.55037459823296186467
3.0192814296679686414 5.0031158885300284211 -6.0894316479468342251 -0.96621629908508510631 -0.0052088931968407936948 0.25767989990286682689 -0.18485546939286001678 -0.68268038226000771207 -0.70694833694760539355 0.17959543094925833895 -0.73069854461938632539 0.6586540200083217389
7.1897901022875538857 -5.9368142637902598935 -7.2382077973589664666 -0.99796517271662332771 0.0045547752093099674181 0.06359849107963772008 0.043743640536566368027 0.77460179518958227618 0.63093466603256387337 -0.046389739786170967883 0.63243285249257430447 -0.77322485677247043689
-3.5241376474103356387 -3.111005046676311725 7.1104878286875887738 -0.81238311521871009457 -0.0054808665030147522834 0.58309830578560906122 0.042965660955086595885 -0.9978003580804566397 0.050481654024281813475 0.58153901510236150063 0.066063647467530475788 0.81083165231562503994
-2.8976084091296763212 -6.4121016921296067892 0.9620138299834101181 0.80086014831648077994 -0.0029470290793177141703 -0.59884416825923481031 -0.5937190160851365528 -0.13454793731483188912 -0.79334392447618251598 -0.078235239996999245138 0.99090270338922314952 -0.10950378823896170233
1.9665538810345006837 6.0384267218597020843 7.1986729582477337885 0.99912477108835606732 -0.0070472223257501565713 0.041231401324848218626 -0.029492464819291880351 -0.81768690230768836802 0.5749072310496461391 0.029662877753199281411 -0.57562007127259573469 -0.81717907904671815977
-3.037469337494664412 -1.7811465215236061965 -6.8383471333244472135 -0.89330329516500706077 -0.0060072480261487686687 0.44941421408155995953 0.099717453492546195837 -0.97763962281677851962 0.18514102021878614535 0.43825295471488923127 0.21020152442316897279 0.8739277240217208087
-3.6549155667673582926 -4.4687979271069462328 -3.9907972579105361888 0.61147675600757189773 -0.0037727798744697262079 -0.79125339998922661344 -0.78153703470112922957 0.15342210623239743716 -0.60469952927856485125 0.12367716140411763592 0.9881535424473348872 0.090865484623221415283
3.0491477356925202891 4.0903560494228017319 -0.60280922909796685882 -0.59492002542544919486 0.0008807938767940561367 -0.80378441609056994199 0.79102585421693605294 0.17811099784150946634 -0.58528161632531372494 0.14264733193545287016 -0.98401000840952879134 -0.10665853009326022038
3.4344948114163385 -6.761299109286426301 -0.706562416014663075 -0.99252573605504079701 -9.4768384590343361651e-05 0.12203546323666010498 -0.089484353005939223924 -0.67937766190076254169 -0.72831211927121453087 0.082977188645753485741 -0.73378878672895531121 0.67429133364978499632
3.1259682138852711297 0.30685437158175687955 0.98409828254753839438 -0.99988957795158328601 -0.00067279610251109837893 0.014845175958393113519 -0.0021119468465840562921 -0.98240094141423917051 -0.18677240157173347068 0.014709574580887480044 -0.18678313000310223235 0.98229104178031134698
-4.015991404910676188 3.0443142436160228748 4.2570162044992230221 -0.90471401250264016358 -0.0039718858065541564478 0.42600091514508708901 -0.058619862064167471694 0.99160559566886308236 -0.11524779568277482289 -0.42196714013399844179 -0.12923841054921286764 -0.89735230867579529601
-5.660954002248120176 2.656825971232071204 3.6594015777588762006 -0.99470253332075608821 0.0063155705843521842136 -0.10260109050820732934 -0.032189916722468875365 -0.96704817997157155318 0.25255024623859134714 -0.097625198932843187949 0.25451509028342439445 0.96212857215200409122
-2.6981438472069600998 0.70291265153893955908 6.154325724311776824 -0.97106574416084967538 -0.00065565247558924686158 -0.23881141228362862128 -0.23485698950374545024 -0.17862487612528765712 0.95547650317025845101 -0.043284119471109029631 0.98391703092744797754 0.17330251369369648051
-5.8012377094141793776 5.8000664140257081058 4.8848566492204623657 -0.91116968560179201209 0.00033105110196103289082 -0.41203118139976685486 0.005203639482998212093 0.99992917103410750013 -0.01070397362332849156 0.41199845409491353543 -0.011897198004752517278 -0.91110687106565668714
-5.5563822785028271767 -1.9183959027538741715 5.0389050333790432745 -0.99992818321077947541 -0.0010577343060247290565 -0.011937739274369295675 0.0060564366113471761188 -0.90414253520865117686 -0.42718800966576747635 -0.01034156643924647942 -0.42722963055568841106 0.90408400869547356216
2.6369353170493496918 -0.63349146131290978712 -1.5740240888306225031 -0.31543776638863452177 0.0033065810182287352047 0.94894050501466997716 0.9196855271842245827 -0.24534584759620758909 0.30656801228330354814 0.23383230449146039098 0.96942997766175109664 0.074350331451675771843
-4.9749787918527736963 -3.2934210268588635095 -0.87280915469346331825 -0.99680635991585786471 -0.0046670921929147044654 -0.079720129714152460076 0.015823662136340552187 -0.9900397698031679905 -0.13989591103674228756 -0.078273191756630319804 -0.14071059824563861285 0.98695178959943263841
3.0580495412331005767 -2.8894851416823819079 -2.5636850542681774989 -0.95941256214560377558 0.0037266569524463033156 0.28198164412782217303 -0.2783487099249846719 -0.17303454176545035592 -0.94476507293563294354 0.045271749250454247637 -0.98490870611644409927 0.16704882320994066114
-5.0679023410375370062 3.7629242688855870647 -7.1672358694755384789 0.99532067453269601476 -0.0041754430203079940381 0.096536627884248216169 0.032261866768066541078 0.95609496586732301004 -0.29127579404343434399 -0.091081978460689091981 0.29302727162945074735 0.95175579393093223679
6.4251527952772944374 -6.419889995845045938 5.812190553757786482 -0.90929552777430322497 0.0075540297441402193615 -0.41608241948487911799 0.30811357211712203652 -0.65984739409575898783 -0.6853228751343011238 -0.27972784960921626141 -0.75136166600355402956 0.59766878537635925728
-4.0770454343699400468 7.175690575851561448 5.9058154657095629503 0.94198192779691614085 0.0086512857905485084781 -0.33555208680346232386 0.24688768198905192142 0.65941943289707583009 0.71007920966594750833 0.22741266496417808507 -0.75172545970727222553 0.61902529273211648331
-2.6501610732791776037 0.56314273940822956455 0.28135000104284907385 0.92740175611915465215 -0.009841986751059484187 -0.37393731833528065511 0.28702558732575311762 -0.62233024933912028942 0.72823167534631183528 -0.23987975105724151925 -0.78269291299602050671 -0.57432526409553663616
-4.4486175863597487989 5.0027950981581215117 5.5149593115850432667 0.99102257122414660895 -0.010618327760259374873 0.13327233186161424605 0.046889342692886089303 0.96112709621085268274 -0.27209574504407790796 -0.12520244752438144942 0.27590207691287682579 0.95299653256926020184
-0.99838276646232437805 1.4126988032113445559 4.5514393109613058286 -0.97386967283679137797 -0.0027086407715103625465 0.22709144324224189715 0.18530209936520908309 -0.58759774169755585316 0.78764968477282382153 0.13130495915816997599 0.8091486620004126884 0.57274553728808874631
1.0876766157944444124 -4.2837477652833619857 -1.0913877780295089259 0.93286988564276340785 -0.0055087674645028020248 0.36017138967713441255 0.10885327835993592605 -0.948824733538536913 -0.29644997692020885749 0.34337259682627091495 0.31575509260617501406 -0.88453037327279881996
5.0378486242272870754 1.873425504152856913 -5.7287209540802788155 0.98060724584172809237 -0.0088808263136980307439 0.19578192032666702493 -0.02488002320302794626 -0.99653131276312145737 0.079412386490005440476 0.19439756646675290797 -0.082743420322170441183 -0.97742678116831560597
-6.7808060819689375265 4.8838945154791799652 4.7345769061058646798 -0.98071054560094828023 -0.0071684679253860876177 0.19533417216321649623 -0.030244258615407935975 0.9928573521031377469 -0.11541041198935696188 -0.19311165311253367105 -0.11909194532949127221 -0.97392248048277552108
-3.6422776496650501876 1.2277156547365075667 -6.9110887938126666086 0.95039409411330855182 -0.0015849978228329635391 0.31104429532871158415 0.094338285793652207345 -0.95141667811410546296 -0.29309826413693729208 0.29639729031849870733 0.30790224485786427122 -0.90407126594285125432
1.935839320392412688 -0.96584470089106178037 3.2037087846907166266 0.8823319170548812318 -0.0013721517023696904597 -0.47062565308962195365 -0.15144206948621222186 -0.94763571187984663169 -0.28116162106452796676 -0.44559587939751166275 0.31935039497330530711 -0.83633703582602936244
0.10470176198601677253 4.2914079748069182685 0.27130044456532254049 -0.14421198044107205738 0.0029894062712606675816 -0.98954230235374218694 -0.93083755144332158693 -0.33972951885334490285 0.13463025975894657438 -0.3357742657207912762 0.94051843015956215766 0.051775718341922308263
-3.5948811421089503781 5.0754522800123380577 -1.4066452764545565035 0.99967109788610453158 -0.010399809375527332631 0.023442269859232804652 -0.018046095688654454486 0.36422058063965112584 0.93113785610341393006 -0.018221813345420577457 -0.93125464433911642192 0.36391311176568413854
-1.8881239782571275221 -3.4787640876628422859 5.5070396562397982976 0.95900467040788650586 0.0032941039160070718916 -0.28337111887961141665 0.20637422708091976431 0.6771651109991784212 0.7062981600161188922 0.19421565470487284211 -0.73582372979185617368 0.64872468593594079245
-2.3126380646398256857 5.4977864951445782893 -3.3978001125963608331 -0.98418649657158707722 0.0055987751536001771277 0.17704686860507382051 0.17486818432276285407 -0.12869306926513163214 0.97614507735011435408 0.028249921729929454439 0.99166866827573441068 0.12567893332754059843
-6.7576152668937252699 5.8420849344675334081 0.086165007868469506436 0.99940137709576759573 -0.00076516877189726018385 0.034587598584463426221 0.0064426557163019260166 0.98638308147937070469 -0.16433778859006681339 -0.033990875928802344319 0.16446224821550267658 0.98579753969342809317
6.4266861109176236511 6.1860298274694986986 6.9445007617781797649 -0.89743852935686008188 0.0070553289973974584945 0.44108310822165280873 -0.40286311860232182358 0.39427816565941720128 -0.82598186163756781575 -0.17973701259274593722 -0.91896406372448691258 -0.35099808530431220177
0.96649089126481768641 7.0174817427519702306 2.575379544506506857 0.76373821208911041314 0.008161651736712811217 0.64547450053103427869 -0.12445636247590380341 -0.97929825888969479486 0.15964189291927299852 0.63341499606030970959 -0.20225802227980108072 -0.74691173185941039936
0.68049497921736079586 -4.1606377021610319034 6.4287337659941714563 0.73816190624655009245 0.0025437084304829968989 -0.67461880326149881171 -0.28017737539066395192 -0.90851792936200614914 -0.30999324242167514143 -0.61369181067189704226 0.41783812843643564072 -0.6699206370452069903
-1.7546711503827636669 -1.2862052618820054573 4.0846840356722147192 -0.96700377558186001448 0.00059567369470573967166 0.25476134554385976294 0.24474273281753544662 -0.27551315787466590379 0.92962008076987101557 0.070743853043428978067 0.96129711588596056249 0.26627647707939777755
-1.6713891541031171695 -1.1561557496124612587 1.6109764486380269144 0.95540028989962033634 0.0073921700968011070515 -0.29522134387782378306 0.16854826353700524955 -0.83452102338467637477 0.52456281262379567121 -0.2424907604804701633 -0.55092650812091914503 -0.79854756510257240976
-3.4256144560472465699 -5.0394668255059995587 3.4305777884939172573 0.94471654538694183056 -0.01406386354300963315 -0.32758641091249279809 -0.2112772200396494382 -0.79013060327237782943 -0.57537428345785168737 -0.25074406306942620404 0.61277715159309853465 -0.74942082792047270967
2.6263026947706440417 -5.0868899904849058657 2.8757709049408282098 -0.68579539579878523448 -0.0039506605921595400882 0.72778366798257965176 0.66757849704479166331 0.39486267320139578629 0.63120711307433963189 -0.28986828971904454733 0.91873165918731669599 -0.26815762719381991408
-5.0651594582589254401 -1.1829945045021972305 -0.90385479774901977823 -0.95641996659368710976 0.020573217772840563661 0.29126893107797025007 0.014736841733865442897 -0.99284255447995217736 0.11851787843778424647 0.2916224836952459043 0.11764524947554945433 0.94927125853425753377
5.9929769849678100613 -3.8765476635078619516 -2.3684411252262718151 -0.95812376038945823442 0.00012026429045240705218 0.28635440508840498408 0.27404741811737931556 -0.28963102599951368044 0.91706699940715330488 0.083047410557186840396 0.95713836738219071343 0.27746940963776456357
-0.55014089384030118168 -0.22528894398738072424 -2.6013569420539877086 0.49919422613927405541 -0.0092605997500050784427 -0.86644063032701812421 0.089470186752680216924 -0.99404713668594535392 0.062172145925010337264 -0.86185857904390417161 -0.10855658127786077527 -0.4953940435548369603
3.3863762793115559369 3.7639615820332754659 4.1187246389367473398 0.99139355821143437808 0.011189996262451821357 0.1304361787264080863 -0.0085996212724770201147 0.99975479662107125112 -0.020405713590734255586 -0.13063253519344444897 0.019108391267272723663 0.99124669489090033725
3.6886958030532026598 1.5486478011438655766 3.8840545513551618662 -0.81779016652933300691 -0.0098733409499841672669 0.57543180366258828151 0.51802297710758649085 0.4229890377333295759 0.74345979659021499408 -0.25074177696673605187 0.90608100691708881591 -0.34080165813515478357
-3.1963744931767807955 5.9869617525351648268 1.4143047056633115677 0.70563339061779162265 -0.0044496319059476509977 0.70856313679235760628 0.54667543163583809385 -0.63278407591660601472 -0.5483888088865517263 0.45080759808462556038 0.77431551323884539872 -0.44408106857522650079
4.9219129671693462313 4.0719289562748208766 -2.7200577792400930655 0.99945343259798447022 -0.0085066100381989816909 -0.031944853321010810432 0.014117013128448310452 0.98361093768647733793 0.17975047483654824076 0.029892239935681470808 -0.18010319500023147521 0.98319341593732734186
-2.4675196457025618813 -3.4121277484134706626 4.7041620295680859343 0.98603757791544788258 0.012874988784043278622 -0.16602448494892002584 0.054651019301657180471 0.91676425792491100797 0.39567229051422209141 0.15729959004405538736 -0.39922115431835181187 0.90326037714303508697
-1.7765263499034780192 4.9061925045563059555 5.5577120777705992793 -0.94607137254317885677 0.002687799868185819941 -0.32394711572418660728 -0.23676794633502715182 0.6767678031649468906 0.69708412705184863434 0.22111060047506109205 0.73619163016923783172 -0.63963425957841102409
7.195747371496927336 -5.3298476317792022883 3.9839031476937738496 0.95969934658183697618 0.0097018036346408816767 0.28086124541601953375 0.11836633235301792511 -0.92038658581632049049 -0.37266331187090540045 0.25488541648303031373 0.39088925241753286199 -0.88444277192410003519
1.9643195855829571617 6.7660569366694618409 -5.4450030544048679815 0.88842711941446594892 0.0018980948086459214011 0.45901378053939378976 -0.32940796060683802393 0.69904811331753946568 0.63468270084809919052 -0.31966802933326410319 -0.715072116994670548 0.6216785491867865554
1.7401650273466173768 -0.13511162166142276497 -6.3366064960141370577 0.94919989844209129437 0.0018006618527665468887 0.31466857233371020586 0.2881738388409887941 -0.4066338127815227188 -0.86695142938379921027 0.12639379496348662757 0.91358945917722611529 -0.38649567743380697227
-6.5781646214343938439 6.578098428370198647 7.3013755223799785554 0.97703759329507666731 -0.00052031102002302552761 -0.21306635249267275034 0.10211345993454964964 -0.87652951428843195458 0.47039223195292889645 -0.18700369672359976048 -0.48134783666064473451 -0.85634915633396690993
-2.8054907149793399945 -0.57995484819134135446 -0.2533182373589594194 0.9399616494965360447 -0.00080720962636173063283 0.34127913192600883852 0.094497723685280837769 -0.96028276378963495219 -0.26253988989682530697 0.32793639275607450179 0.27902752907435363072 -0.90255269116257685891
2.3857845695197350544 6.59624098617436605 -0.00040193912497443751164 0.99981815389477024514 0.0025413242507006366527 0.018899756964025772599 0.018078230404520521934 0.18911805708994749997 -0.98178792927390556855 -0.0060693267902507527442 0.98195106912375496044 0.1890377240624995514
-4.0433820906455038013 2.4276703883419448182 1.3588408934286606566 -0.99920119375780103166 -0.0012063081087452173779 0.039943950903974775879 -0.026917834074707325254 0.7590914535790921347 -0.65042724059793466385 -0.029536496098962673751 -0.65098287990078929077 -0.75851755778909435435
-5.9861056047508327538 -7.1818708608158789986 -4.8756207025982236658 -0.96159852503071119312 0.0051063049739555887996 0.27441246747973557785 -0.23295410537398014705 -0.54385145613214802562 -0.80619971375122256863 0.14512291841135888104 -0.83916596648842178841 0.52415629275937947185
-0.80302710931821308371 -6.1428541638347793352 -1.3158027914314545104 -0.91456122642414450219 0.001600199689226328853 -0.40444431320325802126 0.24868118408151751453 0.79084995531580604133 -0.55920838411151674308 0.31895992194210454063 -0.61200799630217872505 -0.72367864460466413412
4.0740321030281609893 -5.4356063290983449576 5.7539159425266612757 -0.98017944415817093162 -0.0018052609561799552469 0.19810350396358267222 0.043265023137880553872 0.97387115817768754589 0.22294193199684395057 -0.1933297572094720973 0.227094051666809571 -0.95449038584729606338
-3.5157015030988372217 -2.8001533518580465909 -6.5447717661246471721 0.86664915169571177245 0.00096829553278337827243 -0.4989171376779635847 0.42760962733753682397 -0.51663421910607121301 0.74178102581334748322 -0.25703940256931290254 -0.85620566807996534298 -0.44815466021719491119
-4.1447094022833050886 -4.2325635239475518645 -1.1275837219027842195 0.71981098796959430697 -0.0020794654579157538857 0.69416699534156423024 -0.67257566946436564415 0.24539472493914454843 0.69815714407032791744 -0.17179671254893338905 -0.96942101524329626905 0.17523922152849341627
4.5719479531320947885 5.4929825801880713954 -3.841810611936006481 0.77868652077154587587 -0.015276363372086113057 -0.62722717980861397713 0.48106037910408228075 0.65630903206314894494 0.58123950836859539226 0.40277563732793247864 -0.75433751540971039073 0.51840784988332488936
-3.2410541188170878257 -5.9629938846972185829 5.1822858349046372339 -0.93760795487781301016 -0.0016857605415920486752 0.34769020860695110109 0.27689460906080126668 0.60117746440580199785 0.74960991973406243538 -0.21028718083333725053 0.79911376818445434278 -0.56320199491402178626
5.3564089806651251635 -3.8244344803528265153 4.9035296516321285054 0.95453633049625619122 0.0036201863658247949995 0.2980726220460582776 -0.12485048988680050308 0.91285360976889906581 0.38872952332811161469 -0.27068939568772215631 -0.4082709656374923779 0.87180391699036796638
-6.0320429156595176678 3.1711157401032652459 5.0291305801581627222 -0.48717525398958694272 0.014583677017128798131 0.87318244844066594812 0.42789911726428631056 -0.86762748498174024903 0.25322893347452923862 0.76129010064800584079 0.49700086888142658292 0.41644629784222375601
-5.0423173471377902288 6.9370297364147486263 -5.9170812921418445285 0.99813299918627507168 -0.0062729399538957453242 -0.06075496818979069652 -0.061057597438292109115 -0.076801190877496719467 -0.99517513377037292166 0.0015766199489521256702 0.99702669337602101152 -0.077040813634103519347
5.8407371551985756142 -1.5518205670941609409 -7.110678419215387791 0.9938672262971768312 0.0048384329131230165849 0.11047409677932934491 -0.10929903971419928366 -0.10864075039227558128 0.98805410138911198281 0.016782622257121886794 -0.99406930187045061675 -0.10744564518418200927
-3.1448805558884349587 7.4328048700907762836 -3.4081345654579981996 -0.99833245456814267982 -0.015509827617459989724 0.055603555670983843828 -0.057699913407500955098 0.29715550286581204897 -0.9530841133443803681 -0.0017407322436056200943 -0.95470312263235868055 -0.29755489827500891664
-2.1847661200794803449 0.76620958729058619152 3.2538912000255653112 -0.84253255611205157827 -0.00034824751455663188315 0.53864531058463427371 0.53783051368665180103 0.054442315467493861136 0.84129327397408992795 -0.029618076215691079706 0.9985168566479099006 -0.045682125071917698
-2.97014564756263999 -3.6177646549763444739 -2.3999428690367849981 0.62126717098782646698 0.0054619638648141649595 -0.78357977845489024116 0.28639895874216730887 0.92920919257631429122 0.23355066444563998829 0.72938517854707207722 -0.36951379322329092059 0.57572286556424390191
-4.9539379227282687168 0.55589475451017733576 -2.3359620038277286724 0.9533109889754268762 0.0035626216875574759878 0.30196931305261009992 -0.0052889500373644671508 -0.99958008206711523869 0.028490113060209557028 0.30194401021749717184 -0.028757038466901967133 -0.95289183406740074478
-5.0378985979944674867 -4.7488345868042101117 -5.7289848849060174274 0.75846141046451598378 0.0012723074039129528626 -0.65171670998215047721 0.5686362807329183866 0.48728735708343462463 0.66272453693885491344 0.31841650250943692724 -0.87324075309194248984 0.36886517600498952563
-6.339032011341219075 6.532930261388606219 3.9071691634122740489 -0.90491921979330580683 0.0015730469192750226766 0.42558046380455122337 0.3841233809946726363 0.43353647898410679895 0.81516584175444051219 -0.18322236168616209961 0.90113464416447774941 -0.39291973641533683992
3.3634436058845853523 -3.5177385543067911655 -5.4776915024379073671 0.67682761072919905843 0.0068269558161596268636 -0.73610989534772663934 0.68596317494426750638 0.35701514816296048282 0.63403052497689871281 0.2671308817319777984 -0.93407364627011102431 0.23695466943846507646
7.2810825193545651857 4.5792076071424077099 -6.5317474748395429884 0.97225601830711272378 0.0023592799514257994063 0.23390739334988791542 -0.23374498462716850056 -0.028796701224452523477 0.97187140721416998002 0.0090286780469188976372 -0.99958250474731746849 -0.027446296216819484476
2.5957591331627622999 -3.9122827399196520304 -6.2166367970228524342 0.86274712151003418725 0.0043732199293482010641 -0.50561673159999431792 -0.36925240463289887849 0.68857834996538824779 -0.624109379541568976 0.34542736718328037604 0.72514876467273969851 0.59568381134162862178
-1.6439590398609744692 -7.4279563775115491353 -1.7753066888311106464 0.99572035540719072699 -0.0092662650179040281784 -0.09195167296066986129 -0.041571667054013335119 0.84370710600511722443 -0.53519166265433526508 0.082539507667485162434 0.53672381688256631804 0.83971112536700220907
-3.9618761986943686892 5.8227681952219940698 -6.0293477912520883066 0.82663314023443479339 -0.01273379859620385815 0.56259710436464094307 -0.52766467765326297013 0.32990279791340909599 0.78277335920809310021 -0.1955700371304229801 -0.94392901973727971754 0.2659894100796783567
-1.9631508668075907664 -4.1005035226967301298 -5.5393579316378769306 0.35841391221841994996 0.0034052050539819626873 -0.93355657145493098348 -0.53117885444934842543 -0.82160182123211533689 -0.2069286638771626885 -0.76771641386267575058 0.57005162215951721283 -0.29266475011383596971
-7.1601224196776760422 2.6133295344128559812 -1.6749372078644571005 -0.99803397119069203747 -0.0024764774615912039935 0.062626347560451198215 -0.0034162799511708061111 0.99988309487964488476 -0.014903878863065000288 -0.06258211709959363156 -0.015088526543459407359 -0.99792575624937707168
1.7571311278584749171 0.19737979306607700281 -0.54619266916266862033 0.46512843834230460649 -0.017554448357585440699 -0.88506913695384226148 -0.84447807259396612256 -0.30870434089429005242 -0.43767386810390229712 -0.26554156125414968281 0.95099604166158502316 -0.15841151470405023804
-1.0977051078449564514 5.6441329687161330142 0.47781278991448905558 -0.9805009659995846949 -0.0026827912925103470157 0.1964959498436717189 -0.13801420003688941174 0.72120448031559014623 -0.67883442617537048669 -0.1398925883034459472 -0.69271704194684824429 -0.70751195292665525205
-5.7872085496828820084 5.338558140264338725 -6.3949200217207380348 -0.76622479120616682202 0.0034719579588839699635 -0.64256323801536896489 0.28165967396012098201 -0.89698564696536153829 -0.3407118683034322526 -0.57755293905027704771 -0.44204603227051764147 0.68631472951437821894
2.3984051103154619966 1.2574264950394031803 7.3273744238689744179 -0.99687360742869368657 0.010719023983764701044 -0.078282267065509586468 -0.058145274754707779175 0.57131203144683251338 0.81867068455377933756 0.053498951725956957193 0.82066294253417360061 -0.56890262516128742298
-4.0378989300144354502 -2.0186965978973216984 0.96613059161866965407 0.9851577057615839017 -0.00082873571989263046522 0.17164966640131448794 0.1706560932387308771 -0.10281667737797904605 -0.97995164609974672043 0.018460569305266107121 0.99469997690267963897 -0.10114921319936452659
-1.8017100198545648038 2.5873159495952515741 -2.0096519138032706842 0.89214604173256928377 0.0054343848359299810544 0.45171440942510732164 0.4069664291096131703 0.42438448823126273535 -0.80887337187371066705 -0.19609631765684215621 0.9054657771611432926 0.37640132915710322603
4.7857922413528068972 5.1068923914252257745 -2.7967256816764649585 0.92958512201549514664 0.0066820108410131431875 -0.36854694634291990107 0.29736422902747966512 0.57723812890799575115 0.76050684272379676099 0.21782106468945944266 -0.81654852474674288754 0.53460498549076496122
-2.7702789801127307712 -5.5563775065228853123 -6.6919397134721689824 0.85697040685281777872 -0.0093327400545825910105 -0.51528110943597349447 0.50154342809172058892 -0.2149053150347580432 0.83801545051856718427 -0.11855762951618860346 -0.97659029563734744972 -0.17948672081970282188
-4.4560394368283375854 5.1507135072434042655 -3.0848012046708803702 0.73073826116988505053 -0.0093954306537153055995 0.68259308489409942222 -0.61525120181281178766 -0.44230453437586930709 0.65255854721112394046 0.29578294800445770196 -0.89681571393097114786 -0.32898939635863611031
1.1644613942319097522 -7.0253096420183647197 6.7358153168093881646 0.99473746039738419888 -0.0016576849926555120227 -0.10244333537492272823 0.097711994465550108813 -0.28540237315577093868 0.95341378820249012005 -0.030818030758481770176 -0.95840635300350840442 -0.28373845615746218218
-2.6702534637137893547 6.5159256563595819856 -2.4390720877684120005 -0.50277154214722219461 0.0074626259953886513523 -0.86438711560284986479 -0.22434144486957724451 -0.96682594079109818175 0.12214137844035173608 -0.83480039082443768805 0.25532706363945451011 0.48776674553775190013
2.060098933335668292 1.9418253871788007103 1.051675289161489335 0.9489168774079990154 0.00066433875354435754923 -0.31552546398681663442 0.26724242295966366134 0.52994110267308047746 0.80482539414971854264 0.16774458900571856401 -0.84803418937660257626 0.50269251686056759532
4.5173689034724979763 -2.4243904353358862735 -0.53943452323138352256 0.74256661560722336812 0.0058338451924381685282 -0.66974680860448898567 -0.42530412897727598587 0.7765914419517585543 -0.46478180919882317035 0.51740817471369626723 0.62997753812141932261 0.57915203720784291797
1.3028328896301093476 -3.0536081611099894495 -0.073854239560254636432 0.75492811669512982498 0.00087612865752521927425 -0.65580696170569152681 0.12562851431637539479 -0.9816726283204204595 0.14330501455735672467 -0.64366219013838521512 -0.19057303903014341517 -0.74120233525065271074
5.8725999804251776126 0.52193374016597937626 4.844285580874699626 0.66861160585313295091 0.0062993429084159894421 -0.74358512545471422417 -0.64295559396996693202 0.50727335994032662914 -0.57383084831477115806 0.37358616770607033786 0.86176218098371681897 0.34321905355747739375
0.034772590510492022708 4.184517687116763085 3.3362690696954069303 0.72255137329233021237 -0.0030410226087924092757 0.69131054175021366959 -0.13004113462688349223 -0.98273705080611639673 0.13159480338443538261 0.67897630021850352566 -0.18498281313233089218 -0.71047346367567243419
-5.678195142649482996 -6.0203831145893440535 2.0587957347591370194 0.98806111112238159677 0.0076960048439426468822 0.15387011469766023741 -0.12320513656415096881 -0.56016664933541904237 0.81916653941478356771 0.092497216238328835991 -0.8283441896227557999 -0.55253069462820370017
2.670865062418729341 -5.8841801816437433459 4.4885018913246330641 0.80721355685943863012 -0.00063430333058448525735 0.59025915603384060404 -0.20629602552834272466 -0.93723878636053448155 0.28111458018525581348 0.55303546312484652692 -0.34868761807782788775 -0.75668270862071074223
4.8402577758931526475 -0.61719524290453742221 -7.0145601082579442931 0.97670474967017750778 -0.0036442326608869314054 -0.21455663946831812772 -0.13130526511478365914 0.78067479420689100955 -0.6109875555551398385 0.16972554116797297641 0.62492686392751461977 0.76201027251393504969
3.9131513954986476556 1.11349998447415377 -3.5823729027056518959 -0.99991960027959114754 0.011003221112613785146 0.0063025472476184382642 0.012680065699306748705 0.87133956055430428211 0.49051665226256019325 -9.4395564830231787345e-05 0.4905571315740199223 -0.87140902666389241649
-5.6688701887836909776 5.8128869967125513796 -4.9431740823018186504 0.7098935686067942008 -0.0032965733681524648016 0.7043012522030390743 -0.42146956086266407215 0.79918861956827114135 0.42855683359241714125 -0.56428231455267852112 -0.60107127943082194754 0.56594945580545763519
-5.5925567032942709034 -4.8518432563934732471 6.6001701917592088265 0.99235533158913913354 -0.0045912757587580057747 -0.12332808298820395476 0.076291352047389668356 0.80831690919767817949 0.58378369616499115047 0.097007862925761648154 -0.58872972958072322669 0.80248786909120617405
