1125 14.717824617146108679 14.977075390850430381 15.033177056927090831
6.4501792310634478156 3.7139231520477418158 4.3253311720968072862 0.73459400634897908944 0.0068604561514467579317 0.67847223965134750845 -0.57144166400569551545 -0.53287494650804612117 0.62409832239998297432 0.36582245758637627064 -0.84616619261553205344 -0.38752639135925392999
2.6469485130204182255 -7.2107159687357968991 6.231141072060538022 -0.86379140056804848413 -0.0033775067994162317336 -0.50383827638686751182 0.10269568902288118972 -0.98016614328604700912 -0.16949314738905174593 -0.49327275594828606797 -0.19814874211957383965 0.84700594108648796787
0.70009747320788129343 6.1704196233716510633 -7.4469873953505203446 0.99969951019344560628 0.0090470897423898279099 -0.022782438107112352316 0.01095736809064818372 0.66645331537744734174 0.74546623968290715023 0.0219277313792107173 -0.74549187023714713618 0.666153920657214349
2.1881697442539245202 2.1019035032471431457 -4.4425928542502406415 -0.58365157554768010151 -0.0042855410973147460216 0.81199290175359628563 -0.11768096830453977919 0.98987506157955607033 -0.079363418283830880484 -0.80343140843484850411 -0.14187669505687552918 -0.57824646591233030968
-1.3805037513836500018 0.829790020978625531 -6.996673355284737994 -0.83168630156728717839 0.0009533606890873457711 0.55524497916574389045 -0.49408502165219447821 0.45498339312884450436 -0.74085768090502268635 -0.25333354922774281581 -0.89049941217291816997 -0.37793241426916085457
-2.2578946870958533921 -3.0136524224507885705 1.1112257539339100987 -0.99154977283837897328 -0.0017956333127613142812 0.12971439274488999471 0.12614897884345610546 0.21986739370130942151 0.96733901209640971164 -0.030256951613262157014 0.97552811588802357257 -0.21778294697029226823
-1.2491646399180287297 0.74112765506126654369 -0.69099089190213991429 0.77215505529859529421 0.0057267811599658281427 0.63540835260038819321 -0.10827441560344835958 0.98652169432408076677 0.12268495243377616766 -0.62614153472081290897 -0.16353027427824493034 0.76236777731751137477
-7.0455340981295035974 -5.3835588626722836736 4.0875341858083711344 -0.99560087425682886053 0.0012783913260925082803 -0.093687058310176193898 0.092800432151466522024 0.15135619334466704489 -0.98411350083653659215 0.012922034348137935791 -0.98847846129879013422 -0.15080899368563213669
1.1738682621170255516 4.1582352923012191326 2.0230870856505260846 0.70582618356310888874 0.0043707687226470798986 0.70837157973594366833 -0.17208191999399716221 -0.96896958196995308654 0.17744227801804307587 0.68716607265489215717 -0.24714134740632404119 -0.68317197175687471855
0.42751683563347159245 7.05047886324919304 -2.0615433599099457496 -0.99996740367995973209 0.0042033138098773832267 -0.0068937457585924628856 -0.0015167126610215724697 0.74081829646407659773 0.67170376745026405541 0.0079303947109493743567 0.67169232821074764672 -0.74078777329452105693
3.1879535169025343677 6.9366674691535088471 5.4006198222956074417 -0.99973171322848175535 -0.0023981039098331363019 -0.023038026453767498913 0.009517743192431586674 -0.94930761593208257132 -0.3142044921671015012 -0.021116678947470168132 -0.31433946527776440716 0.94907575379372854929
2.3601562659536057254 0.24056816988885779129 2.3793772427882413645 0.58191833094674205729 -0.012388795017749136551 -0.81315286008606557644 0.76938081954453296785 0.33233998268112324714 0.54553028369500233818 0.26348474457741782873 -0.94307828607670374232 0.20292642929262275087
-5.8216445831364449504 7.4670086727937388105 -1.1725163542810554951 -0.94314372034219584595 -0.0018494440529367031992 -0.33238005706691781116 0.029028932377622794492 -0.99662187716191397158 -0.07682548436185152041 -0.33111515197000412902 -0.08210611133840538256 0.94001135238721222898
1.6348384120766559224 -5.4094449200174548054 6.7800582629428882697 0.98036886846561266395 0.00083659235746834804265 0.19717043859764399327 0.19332934168186083346 -0.20054562960647431824 -0.96041929181515206526 0.038738190308806569329 0.9796840054625549632 -0.19677042982269432603
1.7309071269885245581 -4.1250514667100564026 -5.380910119806510572 0.99961769126726129908 0.0089395851251492068623 0.026164004344632087878 0.025234505350013168579 0.091768904280565680165 -0.99546054062773980942 -0.01130004625204380185 0.99574020307753374759 0.091508234218408868177
3.3275058881732011429 6.4877414112487139519 4.2211000818126951373 0.89019746308572733628 -0.00055305587496431410539 -0.45557455026041226986 -0.22089928280321211029 0.87405588750493756756 -0.432700603622067137 0.39843692546338949079 0.48582507103589434028 0.7779601640058831924
-3.0070498009085291358 -2.0069073272472111036 5.3298216702452867466 -0.81620907008098486646 0.0039498876202064608573 0.57774315426954925279 0.57761698560611973718 -0.016407895261490352407 0.81614300150919971699 0.012703222301269308236 0.99985757953870169068 0.011110750752729960794
3.7613951756206716048 -1.1010257441984900861 4.017976726085161765 -0.98702107626050483713 0.0075778512924099556552 0.16041187982010343682 0.047723979004340430499 0.96759962095759544098 0.2479382894005260074 -0.15333563462427837742 0.252375810434799841 -0.9554028644827821104
5.5117262050505901883 -4.4740746546382421656 2.3548648199796620162 -0.99681778053065306366 0.0027304251614348341165 -0.07966716510732928247 0.025022055194595139993 -0.93818186309661777411 -0.34523714821913237261 -0.075684933584181657285 -0.34613196404705559583 0.93512804165704266346
-5.1348194191138096798 2.0543169671554228906 -5.7025488513478128638 0.80374099952370026134 -0.0014298136962144557087 -0.5949776141312238531 0.49623933897237704205 -0.55008437514446961725 0.67167975902060728099 -0.32824826601342971255 -0.83510785881509763673 -0.441415835697667569
4.7671173824830272991 -7.4247031498185505072 4.9869509528575814983 0.89937590567804870378 0.017536766769845443109 0.43682426912556238108 0.40414829910966243443 0.3476401278584069221 -0.84605584557357305098 -0.16669472880857552632 0.93746402774387838086 0.30557170038078795837
5.2378519226008846132 -4.8146570819558807131 0.86469488714510900351 -0.9519076475072327792 -0.0072004636600821068579 -0.30630047982336872092 0.27361458942488220414 -0.46982850083887184311 -0.83928316809847081092 -0.13786546728920714977 -0.88272834616463624613 0.44920349487339272798
5.0577411861088625855 -1.2457647592637324241 7.0533257563328586315 -0.67355119893526449459 -0.0054160866530516731457 -0.73912072655168703506 -0.6015015638641327822 -0.57713392205914859634 0.55236971737920614878 -0.42956332604380859097 0.81663155830156042292 0.38547146055733072512
3.7112759000783879237 4.4951494226955688305 2.5007044002028808727 -0.90107555023103846903 -0.00017804331434756633101 -0.43366210472732397152 -0.054664776939593325011 -0.99197668561018381705 0.11399130391392929551 -0.43020299271168149779 0.1264208191178601004 0.89383620510445005447
7.2241235788996451817 -3.2660775795089707074 -4.3454936725075015147 0.81495069976869183304 0.0029999569092712041404 -0.57952252519208558024 -0.18258703476233595353 -0.94772979277783830909 -0.26166813833157531732 -0.55001575584992423718 0.31905993189340192684 -0.77180530457953311352
-0.84319762935746611632 5.899310762883071213 2.006949784159160366 -0.77610706683671171202 -0.010029832672933636575 0.63052139001191875867 -0.054641783655950237897 0.99718239187295865111 -0.051396038926500478561 -0.62822933414869652768 -0.074341642401753921243 -0.77446834920478846431
-4.0121275147464352528 6.098031162423433571 4.933968881616598523 0.99959224490080289538 -0.014928636188363892529 0.024340907047188824197 0.027622646267012038179 0.72151977599970573696 -0.69184261378912792484 -0.0072341791194382477903 0.6922328717006294152 0.72163794106849477039
3.5538151458356743717 -2.8112624497096985188 -1.473412113508740795 -0.73739198765591817963 -0.0049968176112029768707 0.67544658438289184588 0.40931497183737286516 -0.79876744111954678385 0.440944246857877864 0.53732142184228437465 0.60161915430038692687 0.59104998334185565589
-1.9090724178518285736 5.4396378210654345864 -1.1122218969826112023 0.73113850174588324027 0.004386452796967917761 -0.68221495900984230332 -0.19462154934898545644 -0.95708543787662181401 -0.21473219864165279946 -0.65387991542321710625 0.2897727103030319773 -0.69890831485239168774
2.5556213127589968437 -6.1427310086992621407 -4.3083892209130549844 0.75902782575798599662 0.0032014984677294893584 0.65105031305770777461 0.63615293912138370924 -0.21639689584512575293 -0.74059558567121863693 0.13851425115201515537 0.9763002273257017638 -0.16628790801395690324
-5.2596270586410396319 5.7122363324476950197 5.8272566262665641545 -0.8908169882218807123 0.0016853336051285468938 -0.4543591675600370805 -0.24261496500422780054 -0.84726317527948480368 0.47252840186733652272 -0.38416542302925821284 0.53117066133770918235 0.75516531718734791756
1.9659943091469327392 -6.4196958266514956293 -3.030313803158726671 0.99737854801473879718 -0.0056584160443804432106 0.072138854219399611845 -0.065298353847874537892 -0.49995209053031641755 0.86358788328645297305 0.031179431440977081746 -0.86603457754427093374 -0.49901097538311994795
-5.2507027908993952892 -5.9285496761074885086 4.7196123020499625156 -0.9666987692488546724 0.0013086371306098637177 0.25591361238055948535 0.14137429420393543555 -0.83082258896787086755 0.53828164988139570735 0.21332322534397565872 0.55653581477709679337 0.80297016656869502071
5.8350050451599786427 1.4712156164808869452 -3.3384993531176596626 0.98747411582100297345 0.00021720217437485190431 -0.15778093486494065845 0.15677070010440480319 -0.11433909715538703722 0.98099414802052509188 -0.017827455578755386362 -0.99344175656398514551 -0.11294094980422986207
-0.58174387243350023091 -4.6220081671943136215 -7.1364639925399790954 0.96606372709187893211 -0.0095013841465916761692 -0.25812903536155817896 -0.25056276413644790191 -0.27728679112306398036 -0.92753993806034207292 -0.062762858648248168181 0.96074021419323407667 -0.27025740398058140102
-4.4692533428881233704 5.4308347327975798891 -4.6913735984061100126 -0.79498523992607816879 0.0027275316904643172843 -0.60662264124442311086 0.50601012129452893618 0.55453673294699057372 -0.66063815281884419317 0.33459262610964052298 -0.83215477669913351377 -0.44222867633122209252
-5.6500790270011069794 7.4220841581519696462 6.154840196563520216 0.68878429568267018901 0.0093478233445082742348 0.72490607130828621507 0.57578953201013116647 0.60051381873313336435 -0.55484193094786515843 -0.44050267745885424153 0.79955973617305675649 0.40824210885501427404
4.0493501686108670512 -7.3675915486546701416 -7.1014055193501954832 0.86694244322589131269 -0.0009484757692519644838 -0.49840736403786539688 -0.46084277714773552725 -0.38239359062815048151 -0.80087394551034252199 -0.1898281719983790361 0.92399904883083439078 -0.3319503319406235109
-0.21818507849820834021 4.8781648822214398464 -4.5245371526144637642 -0.26750732897272544442 -0.0019623591216505254821 -0.96355382729379801532 -0.37642533745998757455 0.92074481322155588003 0.10263018193426204361 0.88698579146676903573 0.39016040044103222906 -0.24704466734495258984
0.12164941278632655786 4.9930384448450046975 0.97626594554837231588 -0.91393017848389523916 -0.0013611180310309379388 -0.40586916144769558112 0.32119844669787989133 0.60889588983088982488 -0.72531190062331873936 0.24811929932059731407 -0.79324897901274438183 -0.55605114027397606336
-7.2570177411656562327 -2.3817613630617757714 4.5834338793261597544 -0.99953394394048711291 -0.0010055770038911186672 -0.030510387177861995889 0.02263723262064291572 -0.6949503075401850527 -0.71870134670037211233 -0.020480493405546151137 -0.71905706231460686517 0.69464918521883767255
6.5619236279346511154 -7.379008751852691006 -1.8634461040473919713 0.21057301686912496819 0.0002041316380900944083 0.97757811089285384654 -0.9742657476894317492 0.082294866452223211506 0.20984234042430818801 -0.080406824621868433489 -0.9966080038239969463 0.017527956764659530925
2.6996967216917999721 -5.3483242840891156433 -5.7903099424839714615 0.9368632142370149074 0.0010443473250614518713 0.3496944768626095712 -0.23669661362369739943 0.73799871726754795453 0.63192769080836419526 -0.25741412336668556549 -0.67480130605246180231 0.69165104383740039218
-3.7527217731012987301 2.6294262541260016164 -3.8645957492379974241 -0.9994858684367412538 -0.004965512716300211904 0.031675581743980170402 0.021914760444417469981 0.61534095249190223775 0.78795637916134209089 -0.023403890061677881662 0.788245428702134876 -0.61491576826432570169
5.6640958819029458837 -3.8932798181825769568 -0.71199757611039704575 0.99659375405775874057 -0.0084877238860733665582 0.082029555139479792825 0.064401233607293689731 -0.54120221386308620115 -0.83842271249025179802 0.051510877327105984713 0.84084964307122089799 -0.53881212612933604422
1.3555174484743321983 -0.15072748178796921414 2.1123641185202659543 0.49140934007837194786 0.0021746609801128590628 -0.87092601943765279859 0.75664599321035497237 -0.49626166184837749995 0.42568909304596036502 -0.43128146429272262719 -0.8681702792823443593 -0.24551306427232552632
4.6714959241986919736 -3.0906389015848905188 1.3873517107270436632 -0.98192842004039782022 -0.001794769392139314388 0.18924417222151318496 -0.18591756918026022816 0.19604738380635192141 -0.96280843409929905974 -0.035372805756586980785 -0.98059278097762836435 -0.19283817699666203072
-3.6211902358404093327 1.0110732040990872971 -2.9551721550265632743 -0.71023795916583276622 -0.0021808372827625596008 0.70395829798983955428 -0.0097565050241007547638 0.99992964997445243913 -0.0067457921436355769776 -0.70389406303052315383 -0.011659290316151607603 -0.7102092712572035671
-5.4500605466209748329 2.1997856191684475036 1.0811732045216622122 0.97899035353324381781 -0.012954955419350619103 0.20349461127714421615 -0.1639767299237056275 0.54317174053727357297 0.82345375846203350267 -0.12120032892816343106 -0.83952166702931196873 0.52963558307191693775
6.6261304046638098697 1.1949500938580448484 2.6172446182936690562 -0.96045206648577841069 0.013336693883890146997 0.27812579991702979232 -0.27776188338859908455 -0.11583324806025807607 -0.95364091500957648417 0.019497797815106462233 -0.9931791335101445295 0.11495670767866070228
-4.9821810488865851951 0.22414938175355547667 -2.7711576174660206284 -0.95275053837704726245 -0.0042374020742610308404 0.30372430927681021151 -0.2370417453090340465 -0.61487975344181322601 -0.7521529763207760455 0.18994110298448987906 -0.78860949349537845521 0.58482257494562950306
-6.613565026749721909 -7.0704118905478656743 7.2060726623241269095 -0.97812697967521811115 -0.01513843277273875694 0.20745707865674495318 -0.16147727534322237064 -0.57342946481427559124 -0.80318350233970325913 0.13112094104036631226 -0.81911505708057430475 0.55844231759835472051
-0.80158982991399496676 0.33390955454642468059 -4.3050104677544132059 -0.84698551206711181205 -0.00021869927236171688052 0.53161592763861986732 -0.51067151437584268336 0.27826140957150102828 -0.81350180844819608428 -0.14775028512180998774 -0.96050535662950209392 -0.23579506596305757626
-5.388560782133578364 -2.1156615099440378991 2.0613257094324484164 -0.73769822838961807143 0.0016337935377791663882 0.67512862074520008093 0.67319243151446139795 0.077498825571595514328 0.73539505178297037702 -0.051120191534229190988 0.99699110465128037983 -0.0582706037705992691
6.454130168078970442 -2.2941194237619271235 -4.5702094796167660462 -0.86476988965970758017 -0.00859814577118911752 0.50209472196708593295 -0.052219726732276136594 0.99597242103379624023 -0.072883720268625371008 -0.49944583097457190268 -0.089246895909581236417 -0.86173595346405784667
-0.76491627259682903883 -3.6582763640891613477 6.199104603375621636 0.16184628132352288366 -0.0014141856027245474497 0.98681496811748903308 -0.37122386014467184667 -0.92663149422618040774 0.059556020412773295891 0.91432960516492411962 -0.37596818214741645203 -0.15049684093617271552
-4.642435147300838949 3.1354911531938522984 5.0570744021405138469 0.99890934707096290524 0.0074649868988303676176 0.046091108738884577212 0.021372491362823941435 -0.95075369207011939388 -0.30920969200172776503 0.04151304550535324378 0.30985753336892379872 -0.94987629513922955393
-7.0082248295967426444 -6.6982116390975336984 -6.8455236900035600911 -0.96048048910008965162 -0.0068408235866067833297 -0.27826324441224631334 0.02399250184208641043 -0.99801194037132845427 -0.058279728308447860397 -0.27731135914981591695 -0.062652773354441096409 0.9587351250879356801
-6.036337456295781223 3.0767585894098479216 3.2066716154942551675 0.99188195176041671353 -0.00099962482315359840745 -0.12715814768287253544 -0.044399140714599688584 -0.93975885211254539531 -0.33894249686334620986 -0.11915917956970692448 0.34183665781543531859 -0.93217422690082041292
6.82528875313692307 -0.086212835730825373992 -1.350535268090844454 0.9562433429261748552 -0.00071253838645545788597 0.29257163464412783149 0.025192956978149064207 -0.99608228293366485318 -0.084766741970104225734 0.29148582131555877961 0.088428377315051473473 -0.95247910111316247406
-1.016507086883940314 3.0742163405476992111 -6.2859074410305550984 0.78645590516691166183 -0.0065262918773593935062 -0.61761194672898556135 0.2642191136979338828 -0.90027576217315974372 0.34596504447717663089 -0.5582789349283647784 -0.4352711333844448971 -0.70630281838418362828
7.1265874613405015836 0.53506685967668576875 -6.0225114272351358835 -0.91780566044824385408 0.0019857138517210253664 0.39702496973056572438 -0.25492142019733210478 0.76368824483367392375 -0.59312337184380525823 -0.30438107558394877916 -0.64558215715993794159 -0.70041119293103959453
-1.1430229912628186995 -1.3414548658206069121 0.28381730800936050274 0.82133154939513641768 -0.016421276047828503586 -0.57021472066338185769 -0.33164379334701060698 0.79955584697718096177 -0.50072232015277784445 0.46414101338136126707 0.60036721201082865473 0.65125442834555846705
-5.4437105685729774152 -0.83022998223253685612 -6.4034607237870746488 -0.90051535436809770907 0.0072761638118962398969 0.43476333100620667693 -0.33173461486876482107 -0.6579026529959671743 -0.67610372316583922103 0.28111250745075300195 -0.75306783002662791571 0.59486519610212740261
-0.71969754032293720147 4.8503474904876533458 2.207920271571254478 -0.96103679116850715403 -0.00094667871612383130107 0.27641886661358838762 0.26101361905300124455 -0.33229818524355014819 0.90633868214517254724 0.090995476202853711745 0.94317390755005314773 0.31959787769529213186
-6.8027933927326005303 1.3917535803376759329 -2.9093740042573847937 0.98087303846068119029 -0.0039007023997768472921 -0.19460952428329569841 -0.19394594152208613491 0.065290736120006367948 -0.97883711185480681838 0.016524351367638221572 0.99785865947929974773 0.063285397321901915024
-4.018652914594992076 -5.0695397790037253216 2.8403812856080681293 0.95806558026662536065 -0.001925220569715948302 -0.2865425578063837686 -0.13527672170193386081 0.87849205648569983484 -0.45820510173614931171 0.25260750676499843514 0.47775307452409498943 0.84139256432932485463
3.6122566385429610847 5.1266715229818089483 -2.9646025591258862164 -0.9689628057241902459 -0.010726111780229629147 -0.24697374688277692889 0.063595106438951123917 -0.97624917322875548464 -0.20710677006617780882 -0.23888646583732495166 -0.21638507872839732316 0.94663126619785464833
-5.1649506553793704811 5.1635189142159356734 -3.2495310793508429548 0.98218323835313303682 0.0053043768583738567721 0.18785087139619488505 -0.1538545557499002292 -0.55129781127465926627 0.8199996944869831772 0.10791136165007725323 -0.83429166774566476672 -0.54065936702952188675
-6.6390019497698062878 -3.7643740629846442758 4.3445133735210861303 0.81969627880655238084 0.011366468247348764098 -0.57268561524640659854 -0.53598252383196087756 0.36787789342226939748 -0.75986090153259133739 0.20204144292041886777 0.92980463481889752408 0.30764036863169391678
-6.1783731158289683094 0.20195911000525268442 -5.904832587353198825 -0.75790198719147705564 -0.013742297069689818692 0.65222367871950515106 0.095190668026528077461 -0.99140713220542242556 0.089725330497823677089 0.64538617472934289854 0.13008861396573626057 0.75269757405252635252
3.9670146071406113819 -5.6417838682900063318 -2.8344346505775539491 0.96066573873216887236 -4.8018511394867791076e-05 0.27770728496094720938 -0.13862085272840099504 -0.86659173710818526715 0.47937774287583229116 0.24063581947635384606 -0.49901779414177105387 -0.83251164767524099553
2.7152606274250126184 -6.0636982062426598716 -6.5897682206931991189 -0.8203334829575038567 -0.0023120990094759614336 -0.57188078384999896375 -0.54353412458267502672 0.31410408170702436292 0.77840174798695405123 0.17783034654660512253 0.94938573828197136972 -0.25892680006893764588
-3.9729429288264768161 -6.8481148472636004243 -1.2060012019896746427 0.96898193223383732864 9.2019248382474785886e-05 0.24713155714478304836 -0.11873829343461056451 0.87718670159418110632 0.46523618541398831239 -0.21673770478756795854 -0.48014943723669051279 0.84998899124904359059
-0.44996491318732495523 -4.664750472240585033 5.4952333244105835419 0.96426997813866088816 0.0092673110428085556101 -0.26475937416186279272 0.10721786946113816275 -0.92753458681952083431 0.35802781836320013431 -0.24225552156501334311 -0.37362241260365580686 -0.89538737710088434074
-5.198739615589353491 0.67024525604034268511 7.4149581263823636235 -0.97393251295519855937 -0.0018679732989789971445 -0.22683026888966265067 0.2216792622011719005 -0.21988332816952638193 -0.95000506667210105061 -0.048101610354562070182 -0.97552438855658540895 0.21456561330386378361
-0.19344622719725895754 -0.6022173752398045643 6.5159156342145898577 0.84541130527854924104 0.0039695524549897501926 -0.53410108365416020249 0.34017023446260435948 -0.77493933600067799183 0.53268493230485947088 -0.41178141834333964466 -0.63202315477535897514 -0.65649279914932801017
-3.8293202559215662184 -4.185130051387187855 7.1111767105304695136 0.5736794256514129442 -0.00040724118004008443006 -0.81907981951636643636 -0.56171124502176084103 -0.72800140295106663402 -0.39305780047882593609 -0.59613118841442569451 0.68557551841921482438 -0.41786817866874809146
5.5211581611805877756 -3.6612148660135330758 6.7146838357636173811 0.80998446218872788283 0.0052108732993319459292 -0.58642818640681848574 -0.54258755123320301372 0.3861120974832184527 -0.74600013232161421772 0.22253970490602204002 0.92243714960776412859 0.31557215460772342075
-4.6252654236084156381 -0.48089375355563507286 1.0687309270124030203 -0.88928125778687183711 0.0019690238995735106012 0.45735649934579580833 0.43857792243161752843 -0.27996158932771453287 0.85397360290389001669 0.12972374687996743314 0.96000918300086068857 0.24810102387824750636
6.0349877759528176568 6.3508141313248627213 -0.64529041061613046093 -0.58047236904438803684 0.0013412266716222335725 -0.81427884037774733716 -0.21728593430701037548 0.9634832217404684096 0.15648291976100703327 0.78475387958790110421 0.26776534976649440933 -0.5589839585677904843
-3.3440772830084521949 -1.8989178993139548268 -1.0176108346219923106 0.949497302878676952 0.0050779284742729982605 -0.3137341015390400778 -0.31079488158033746759 -0.12226194878377591446 -0.94258079625198321061 -0.043144100518620234763 0.99248487672201268772 -0.11450919643600722397
7.200515045976876749 -6.9390176828274263698 3.3688839918503155069 0.66455648490872643031 0.0074067051417429641269 0.74720132433296226893 0.63672431445452049026 -0.52896017037302278663 -0.56105551021390942523 0.39108416708975257681 0.84861432870175534937 -0.35623994073352444056
3.391617654016112926 2.0711847540687959857 5.4646257370302793177 -0.97275463710629850311 0.0063773770365063483373 -0.23174931510209184626 -0.21370537282447560345 -0.41220555494581129219 0.8856729611418084902 -0.089880084635704404761 0.91106855369610950657 0.40233774475177180863
-0.83430468482763842086 4.7739518717075943854 -0.37064970565723609486 -0.97932945744656907383 -0.0090608355513317872382 -0.20206858993019674586 -0.14988220998467205458 -0.63832976992015200146 0.75503008414477701393 -0.13582759994697166106 0.76970968948870721604 0.62377708919122265563
4.7177148684069116769 4.0769794561881180783 0.66738908121656992378 0.99836187008863030989 -0.015739509692874398966 0.055007673898439982119 0.027072633958899663259 -0.71702667197630320928 -0.69651979452500800694 0.05040484940571292316 0.69686800723618491649 -0.71542597915312844403
-0.36656663868590244615 -2.5305241413483265944 6.5632266118761899421 0.81754744985504923527 0.0029542734752685340452 -0.5758536615355525079 -0.26251429636518691657 0.89194980057908046511 -0.36811927068672661845 0.51254503357215330794 0.45212478975966841066 0.72998682388466840099
-2.0949642102055316961 4.4575634728669930595 5.4277381719040445063 -0.94864921041376759625 -0.0030942900359621065311 -0.31631487627111876115 -0.2730012646377390495 -0.4971255449906247792 0.82361186369796135498 -0.15979669923830561173 0.86767310543029974035 0.47075301063890756526
5.928929927401136446 -5.0237390186992874064 3.2375591027734631488 0.99991677117259691876 -0.01089758523418986845 -0.0069060382177404712467 -0.0039442967761782275066 0.25144427989695594672 -0.96786373866881714179 0.012283861393886404481 0.96781042396908778525 0.25138036917404193993
-0.31854029427117364071 5.9897903674214312275 -4.8556248711899101522 0.93147713535571241561 0.0078535048814553053143 0.36371509285521247401 0.29577338538392777822 -0.59846049514327137597 -0.7445556663213214188 0.21182174300120565347 0.80111382350697213361 -0.55977512536558660106
4.2476863594736817831 -2.1785325945547922011 -7.186590663223769937 0.8920679521443496407 0.0043777269588744869427 -0.45188007730343704438 -0.18478438427782248321 -0.90900078199163480974 -0.37359377626754314283 -0.41239483518120867434 0.41677141678078027942 -0.81008153050816500418
-1.3676841699252029194 5.2171216653963368159 -6.34031743267233594 0.85205565823375228884 0.00054707312456327757827 -0.52345091076693694987 -0.023475093564643199212 -0.99895339569020702442 -0.039255995991563090441 -0.52292454068813809531 0.045736352610963239285 -0.85115105051689132765
0.79975270694545896877 -2.7001050814670306544 3.646221596623419714 0.98771264058707197719 0.001854475199815680455 -0.15626996047244678945 0.12368882659740811081 -0.62046493927102519539 0.77441870671524959402 -0.095523891248547890265 -0.78423199377302099666 -0.6130704414205229158
1.8464064885644115854 6.3167805302305382043 -3.4311007335990768574 -0.70862172083572738668 0.0034767779077774872004 0.70558002294211086269 0.47740212064021975147 -0.73397816705008678273 0.48307687328417137085 0.51955988294702570851 0.67916416447650285182 0.51845305064468449885
1.6790143396556429511 2.4586033994559794991 2.9065736530437074059 -0.97415024777104841647 0.0055928424987538331511 0.22583182875863899719 0.1942697594473659084 0.53091700020455234732 0.82485538093538934845 -0.11528467084547379395 0.84740536876198369054 -0.51827944746199616777
-0.72596546686472129828 5.8619016106207686434 -3.325747418980620651 -0.95505664453697192151 -0.0022179943113050304068 0.2964150573555372481 -0.25732565035267174203 -0.49016864120547770645 -0.83277740894522300774 0.14714046145244477626 -0.87162479524161873279 0.46756807089825708212
-5.2671927656007087037 7.2377681895408425561 -2.0601735509656844414 -0.80864471567059548196 -0.001653949627727959934 -0.58829498405872382438 0.45154187201163931142 -0.64274315758491418205 -0.61886280482660649405 -0.37709900773963522802 -0.76607995524512184637 0.52049768542563912277
-6.7439180265801290659 7.1423254160172282567 3.5138602629125950116 -0.7736115369002614095 0.0043210496857622945899 -0.63364542017161551435 0.30004988360982964846 0.88326132955911096367 -0.36030471971811195431 0.55811760169385227215 -0.46886112254602385629 -0.68459768510011231868
-3.5564776094183074839 -2.127034417334125127 -5.389960700296964724 0.98571596534850147719 0.0098373667057578446926 0.16812870627389681077 0.094956460994140207132 -0.85695043513216551112 -0.50657597874563953244 0.1390945943323838585 0.51530493685092770839 -0.84564384695004102266
-2.551718123375847469 -3.4341583231727916825 3.4986376255750335496 0.99022821137355332421 0.0044388471100779147704 -0.13938574545530260651 0.0038496049501534224807 0.99824237779482216659 0.059138276235924859547 0.13940326374062012027 -0.059096969556543969826 0.98847067647332664819
-2.9764532533825587279 3.4714917489972365594 -5.3987482866786766778 0.92710338891517651838 0.0021548617086790556457 0.37479949684179764136 -0.20401761567913609396 -0.83595657814755486292 0.50946384753426010583 0.31441392900840287039 -0.54879135928222921859 -0.77457854683867788381
-7.1429497940498807296 -4.3933356102611647032 1.3154176530744849938 -0.86444340894403837172 -0.00094139754739903372047 -0.50272925765640630313 -0.41181885241346183335 -0.5722311528925457802 0.70919443064378984154 -0.2883449765991755176 0.82009183719257039424 0.49427376325275196312
7.3087452452057322105 -2.4459817130410321795 -6.533783521812312145 -0.65437213206160549372 0.00084366856366213140161 0.75617220327414769176 -0.2204875381097599063 -0.95675764028600462918 -0.189736826400810632 0.72331345785868772502 -0.29088503910946844622 0.62626155534478711306
6.5740806659165977877 3.2610817370940621274 7.1869574331257686239 0.83568233075957398803 0.0023343574867230121664 -0.54920815073280748742 0.4300176923651418126 -0.62483423176649233177 0.65166476586177635166 -0.34164283441803794394 -0.78075395201553177138 -0.52316674216061076486
4.1716240152083390313 -6.3830158180634786191 6.6027236160318842906 0.86354151715570381942 0.0094942776245616200548 0.50418836444408898778 0.39579726783009738789 0.60677777718209824354 -0.68932231350518824442 -0.31247491247579201046 0.79481481353234462173 0.52021999314038913642
5.9173252217297864775 -2.9521350487197834944 7.4680418153687408989 0.83281955019435760512 -0.001007579328063330391 -0.5535436582582468068 0.36661205933827167858 -0.74823433609586087467 0.55293849227108982092 -0.41473750103149920054 -0.66343376690601973955 -0.62277479249500422576
-3.5914458843257035525 6.6015045720373191074 6.223928125819132795 -0.97486652571417542479 0.0040250103346394115397 -0.22275335313701530304 0.13860469759418655999 0.79374148417281520373 -0.59225264381684261661 0.17442475411140642705 -0.6082419383723799422 -0.7743498883310662162
-2.7264515968894356135 -1.2603636399135882407 0.26842179857497672213 -0.74189613629283623908 -0.0017744358308541740774 0.67051247142099845711 -0.15506827342836865258 -0.97243274265228896169 -0.17415048548209829948 0.65233730042790605275 -0.23317678356806226247 0.72116893587780483976
2.0543034301381006834 -3.3250333410892847219 2.2981956589056653506 0.95068519796360695384 0.0038826495298871915862 -0.31013316398831308751 0.26100064558617519506 0.53018423446643481167 0.80671143572333725569 0.16755989190850972825 -0.84787357698877641177 0.50302492986710090062
2.9991107782374308854 1.2960573532789840812 -6.0817554864886700372 -0.99883203200150449952 0.0067835548536962515104 0.047838846467838862242 -0.025739163579916641417 -0.91261852751071115275 -0.4080011258592305956 0.040890919603687722605 -0.40875592549549122356 0.91172722130374561633
-7.2800924381811009667 -4.8424104358969142226 -5.2860782099745504681 -0.99965760230664668651 0.00070467083438685920727 -0.026156865053694463435 -0.019493895365660103558 0.64676795618533411414 0.76243766885905639441 0.017454689739300279644 0.76268651115047414457 -0.64653276754957877959
6.9231474230827068084 -6.3344846525272471283 4.3265661601774603184 -0.93105514458367644171 -0.0068672483024240487531 -0.36481386849336716605 0.36236548329343515329 0.099739542316562443403 -0.92668402393475690637 0.042750137564525815537 -0.99498988165672319628 -0.090374560242251739117
0.38560437112082884825 -6.2918914063919340052 3.9206086321111150994 0.99237871305856373283 -0.0075217567623453059078 0.122995581397798176 -0.11070563088944614105 0.38393880416456976912 0.91669801894954605626 -0.054117955962448019425 -0.92332790374372741837 0.38017999554237780213
-5.8556485298450322574 3.2294884162086892054 -5.6477116217364899953 0.96347534537292611745 0.00049785030949096777814 -0.26779658512315113184 0.011015791528425317863 -0.99922555622304443101 0.037774861058496325694 -0.26757038549801348548 -0.039345138658556134958 -0.96273467210267549277
4.7935536564323211195 -5.5279552305139052493 -6.3803403310412294402 0.99985202673811368612 0.0013678393398960462385 -0.017147992404082438439 0.015475986006728790004 -0.50677749326344034841 0.86193797118976567262 -0.0075112239394805125139 -0.86207580950702389355 -0.50672367240714022429
-4.850447139867119617 -6.8148191795529164949 -6.9115968727302323771 0.97141442956358847738 0.0063518645603682505341 0.23730499331480020553 0.22896166592047539901 0.23893392793521134321 -0.94365625818954368409 -0.06269419091496596097 0.97101505235405050076 0.23064953181720548869
1.4471626146373681721 4.1060333313345287465 -6.5257720858831120836 0.99691310834744750746 -0.0075175024690682093129 0.078152041314715675613 -0.069262257826289350127 0.38454518206652726908 0.92050406983898080959 -0.036972882573982832066 -0.9230755603448814739 0.38283745355971415814
-1.0555704272080168593 -2.3624116805529520313 -5.4838097219845947095 0.73357650914201699699 0.0040229922431241097944 -0.67959496817461273466 0.67196138248907255619 0.14528047111853009676 0.72619658850410828688 0.10165336038871614077 -0.989382332693006461 0.10387104542020181297
-4.6309722807888000773 0.66310800659172386418 3.4517247548469534024 -0.98489462284759887734 0.0047298980014889736162 -0.17309017866642875672 0.16870676484211047375 -0.198906748522856891 -0.9653880737240014831 -0.038994991760295596994 -0.98000700684062758139 0.19510422127841250961
3.4082977553095159529 0.32650794957513534778 -3.0826365183697306271 0.97246449299046167081 0.0013153783739982913975 0.23304737641211822896 0.23226209800144567708 -0.087685064944216878358 -0.96869275171113489176 0.019160576839046546127 0.99614737823556587237 -0.085576124764646016585
-1.1028992873893912474 3.3069053098467198204 0.1849208659819782663 -0.36014843414792202525 0.001395598976116043527 -0.93289396915430866652 -0.54981129134420014815 0.80755186620125751773 0.21346551783651268597 0.7536581780165687583 0.58979490986124327723 -0.29007122403030199953
1.5221872499851512028 5.7371915395674877303 -5.1786140132138740455 -0.97169272588089128373 -0.0060184272449120930146 -0.23617160075550688858 -0.23623574872188207729 0.014459157917410389235 0.97158818631050292147 -0.0024325903403577073952 0.9998773481212078762 -0.015471626237027809314
-5.5316689523694790864 0.52307626158383124793 4.4290722704722176317 -0.87150155017198371876 -9.3665621205261430371e-06 -0.49039274868216692349 -0.44972685210841334413 -0.39869984080552273165 0.79923976091926141052 -0.19552699696062370016 0.91708147776190984679 0.3474633169207604344
4.928317998197965899 1.5279167370630331035 -1.4172872173086288328 0.9967390908934767868 0.0059524391600986239353 0.080472064425526582121 -0.061077879627849523958 0.70737357782044918419 0.7041960764033237119 -0.052732127825734650961 -0.70681482006939899687 0.70543045924127778523
-4.8853745087686366588 3.8143170280034581765 0.96876632102021054127 0.15705517438492397342 0.0037181058877961171982 -0.98758283089950027467 -0.96728983001767376848 -0.20113129358034609329 -0.15458521108758302431 -0.19920857648012374463 0.97955723591385157611 -0.027992224375342086851
3.4340285448712775107 4.271794073251634849 -3.4625813833738612324 -0.95324972809781816085 0.005208469537364446636 -0.30213875575079690572 0.032229113293547793917 -0.99239612368103935491 -0.11879064760801538725 -0.30046004749029364689 -0.12297481672228821603 0.94583347070946266477
-2.1056242135335665466 6.9738675411282962102 -5.2809260702243348007 0.98465612190829043815 -0.0050589605867529217897 0.17443259014956952191 0.11642097629459044472 -0.72556975275365054312 -0.67822908384088775868 0.12999414551098381621 0.68813003190302690637 -0.71384772978989385894
-3.1096244967812110005 5.056710524060331835 -7.2842263115291627784 0.99829043947385043278 -0.0080833154646466898186 -0.057886600057756108784 -0.030855309083080741106 0.76825599784163423056 -0.63939867976216824275 0.049640188925238123985 0.6400916979554419628 0.76669320451674927153
-2.7194424032202517694 -6.4065267621778350104 7.1699555442976272701 0.9721056987985726705 0.0077615243465512795407 -0.23441473738494425505 0.21297594857387350253 0.38943068460027363553 0.8960942959425840515 0.098243349354974793264 -0.92102307280083250962 0.37691476977688076477
6.0076941825727505631 5.9413230164137962319 -3.1814032789792396905 0.93424711353278278025 0.00042588786368055568665 0.35662606393139922867 0.3513666821680490604 0.17001204018539103902 -0.92067223312874701957 -0.061022827842825685951 0.9854418931684226779 0.15868361500342231807
4.9273305312376125542 -0.075839025916593597043 0.057873236374960279615 0.7974709463213235372 -0.0062078210289135049224 -0.60332541197208877648 0.27679475354403781928 -0.8847503252546126129 0.37496870052356390257 -0.53612009306104291273 -0.46602395316106126621 -0.70384438684716910117
-6.3618964188146405192 -2.2610718326550944823 -1.9036595706462544619 0.99135430562024706713 0.002722004667898924625 -0.13118396021915101901 -0.13106278162151410727 0.068241240635175698381 -0.98902258839228718301 0.006260032094568740435 0.9976651360888550979 0.068008001227972403324
1.9020223016367054925 -4.285456724744130419 2.0548555235217800252 0.97334257870811535795 0.0079004963239023978661 0.22921999614270985313 0.067033009511564128902 0.94597035674693652485 -0.31724857728924210631 -0.2193417427432567679 0.32415685449180731137 0.92022363237217708054
2.7673229714641629506 3.5025572682213255149 1.5503540966026698733 0.18851471198358471515 0.0049458354762445507283 -0.98205791177366807965 0.42638925119204434955 -0.90122988467442666227 0.077310422568041659019 -0.88467757394071178112 -0.43331308967212256444 -0.17200394322562775895
-4.8589985283467695965 6.2418432289879204333 -1.6567307178170820325 0.94730257424617270168 0.0058479565764540542699 -0.32028679996304859623 0.27596331992163708469 0.49282679748684227183 0.82520663699260599078 0.16267169048285715083 -0.87010778015295620058 0.46524227240521770499
3.8813340032969270155 -3.2316974373192444148 4.0254187779841696937 0.91080821167990233533 0.00014665957785235227834 -0.41282972280038382484 0.28913713946698066382 0.71354483554866121597 0.63816414991981906812 0.29466610954994298943 -0.70060955328405005726 0.6498600908886117411
1.887076567556155382 -3.0469887428636091009 4.7169388353528516333 0.48027668051720817655 -0.0039714092023156316591 -0.87710805381118805979 0.39500438042388236193 0.89382530347237187929 0.21224482636473590569 0.78313846131920672455 -0.44839776402386755105 0.43085217374531153967
1.6038796461642248481 0.087887021055236061451 -5.156283786878812947 0.87705635922314739705 0.0043409987706120572309 0.48036787827232518833 0.21061017791818278933 0.89526018092046910635 -0.39262267053193322663 -0.43175860814051819636 0.44552257427425739911 0.78427937631206134927
7.0240540291185187272 1.7864933847894075569 -6.6719462250795045222 -0.93169545484844928929 -0.005608128665870974229 0.36319709292282031932 0.36261625263307933897 0.04422949470406617456 0.93088839563319070169 -0.021284565794235620062 0.99900565598552215629 -0.039174820584958532088
-2.445849707936095907 4.5521018845512877249 -4.926392813687079375 0.99836200228920868316 -0.0050641978920075306561 -0.056988299543436940486 0.0078652331858324649877 0.99876610987575120681 0.04903463949710284292 0.056669661125489226294 -0.049402547134669044793 0.99716996437145977161
-0.59024082587409898437 -3.402112948114738078 -6.3729009706869712559 0.56636449501308805399 -0.000792964915309511513 -0.82415449400899509769 -0.021875100759938696793 -0.99966168784259479274 -0.014070885779185429709 -0.82386451480533495761 0.025997712716940908628 -0.5661902332063466492
