1125 14.717824617146108679 14.977075390850430381 15.033177056927090831
-4.6187742547780130664 7.4811661934609636759 0.92249211814619302974 0.94325089967851249995 -0.0083926941586730287315 -0.33197485287350836369 0.086863204713580347005 -0.95863998756867641049 0.27104272338748264248 -0.32051914751308380191 -0.28449769229151466998 -0.9035090144311073157
-0.094535404491254207415 4.9154536378180022638 -3.221326612454635363 -0.9996512624344051634 -0.010512280532610537853 -0.024224893627984835087 0.025222411303589813147 -0.10836081234504614523 -0.99379161010542882426 0.0078219870438860066714 -0.99405604786954993024 0.10858816792243940197
-0.77932188757750586738 -6.2717970654414578746 6.7428538974797831429 0.96731911482969223925 0.0034422490860542042171 0.25353871697672186736 0.0029843272611121784803 0.99968403241710368512 -0.024958548054944598021 -0.25354452050036041522 0.024899523116747271367 0.96700320054940636094
0.083471942313596364516 1.478483404687569891 5.8400002436229687675 -0.99774687551181029388 -0.0037141103061066327307 -0.066987892869375093019 -0.044459113314623682767 0.78436462984900456874 0.61870470717869352484 0.050244996265477320785 0.6202889107718561057 -0.78276248474472864824
-6.3061205318957380683 0.35664784262802201598 0.74374680098249457139 0.99846002460112293075 0.0030303321635617034083 -0.055393107518618381335 0.036049383948526456112 -0.79439440370220371079 0.60633157041639673679 -0.042166588556876653804 -0.60739472211543221736 -0.79328029747108463887
1.8561545846877540722 7.2760981872188850161 -2.8555729985118438741 0.99402090797957887158 -0.00024671443682453692015 0.10918962236173304636 0.088762048938633167361 0.58420742192258112713 -0.80673600814565771255 -0.063590354360703968406 0.81160435392041496705 0.58073629086681688438
-2.6826529763096700343 -3.9979790814262869958 -3.5673799519721050011 0.99761449575710792192 -0.0057916735566437066093 -0.068787894085551123946 -0.043635144264451551643 -0.82505599752404956693 -0.56336362603090173184 -0.053491046356668868478 0.56502128939283013942 -0.8233405434525113975
-2.6391012292314806054 -2.8280911519805695953 -6.6677069228027399106 -0.99946795674582789015 0.0072886495982645684369 -0.031791178422090851652 0.031776884021806506286 -0.0020687052922072528618 -0.99949284644779445852 -0.0073507197127644832019 -0.99997129761073955123 0.0018359940785225336082
-6.3068273967949650682 5.5252935635351798638 0.44231490209435819771 0.73469037602734055259 0.0011084979252504907621 0.67840166760200859564 -0.60539450009173467748 -0.45020818121167349712 0.65636125177285797871 0.30614955598785953406 -0.89292293329403416013 -0.33009253939763955055
-4.2565056336797946202 5.5508783943705362063 -0.96197590157356471785 -0.95245817285942235841 0.0091272724940473833749 -0.30453262854748741617 0.10378035243989647274 0.94949396331329516396 -0.2961264123293667061 0.28644906597973390783 -0.31365252514277219831 -0.9053005169947602182
-5.0038945661311515778 6.3720494398187588203 -3.2264722384094102203 -0.89840422357500759887 -0.011902018664792460984 0.43900819242277255849 0.40210393728072590935 -0.4242337683339083565 0.81138038762877962018 0.17658503528317312514 0.90547448984327705279 0.38591925782102354248
5.8318338002938920894 6.1470958244914113422 1.0082438033693210677 0.64744107270700357315 -0.0030341550000450444487 -0.76210947460020395106 -0.48274088110510710026 -0.77543296975775988233 -0.40701959550177524427 -0.58972985262895272207 0.63142260279148587632 -0.50351186441043238595
1.7939794823321335571 3.8223330951406739864 -0.6748892488829387748 -0.96325609404265077895 -0.0036300668637351692601 -0.26856008620841725909 -0.25469393330931178188 -0.30505480310538418687 0.91764512064193126673 -0.085256657365354343581 0.95232787931311513319 0.29292134210052761523
-5.1684836256773936114 4.8767437944929916682 6.2644267000132636269 0.97571599731236402508 -0.00070607268455786164826 -0.21903833922449811311 0.13766761948845929187 -0.77582393129863636005 0.6157473947722588159 -0.17036994785832859645 -0.63094907012035494898 -0.75688661752016994644
-1.4754410581271595326 -1.5720400346585794438 -5.2486404986381289817 0.67493276786476708029 -0.0014424315690065221164 -0.73787782068141116731 -0.38644091405752484247 -0.85258081703763266557 -0.35180871274282321526 -0.62859301523705690684 0.52259340773738083286 -0.57599214524557473815
0.93434783976473623213 6.136894381437011603 6.3527057625123743989 0.93906362727486158981 0.0064222059307823368968 -0.34368337056129361073 -0.13337679164180402114 -0.91468560755733696599 -0.38152440390981734453 -0.3168124608987381019 0.40411507593554663043 -0.85809141122652887734
-4.090483073811642889 -0.52660615744915317826 -6.0795213153010214668 -0.89361274390249179067 0.0030137011537298835639 0.44882867727056913187 0.043337635350425646186 -0.99472587198192041757 0.092963912202629242487 0.44674166281793947775 0.10252491021765314239 0.88876910921094132156
-7.1586725795078498535 -3.6675876431895866325 6.3922661893684988854 -0.9995059944775158689 -0.01443560167256380429 0.027917385405041020979 -0.017132612960261230095 0.99494830412235468753 -0.098915851598176424142 -0.0263484454315121297 -0.099345284380290388437 -0.99470411374181955111
6.660499881856097204 -5.931243574782315342 -5.316379830345597135 -0.99570957744090748953 -0.00086184915585557457518 0.092529425635030956854 -0.062668717419381667066 0.74199746100212915501 -0.66746715254268318418 -0.068081342887195139824 -0.67040213684210081535 -0.73886798933791042465
-3.0488502898851215228 5.0036655900873610037 -2.4261549625988192425 0.92229256808309045823 -0.0090811508410141104225 -0.38638575485900489292 0.37479626156518286439 0.26509685199569610337 0.88839823355215241651 0.094361968903270462827 -0.96417902474678229829 0.24790043780381337823
-5.3181743327987121006 -4.2176498612719699466 -7.5127021346734395024 0.83371356940774921096 -0.0061268025655263902429 0.55216315204452903753 0.41254483188394175386 -0.65776322399199604885 -0.63020179533978537556 0.367053737034873373 0.75319984297260067496 -0.54585854456514160127
6.3169095044098950709 6.4812635893779031449 -5.983286484920802728 -0.99999477242028267376 -0.00097437897466568358477 0.0030831343475072464644 -0.0022726969418533291001 0.89005596379301388232 -0.45584560562225334701 -0.0022999957393537578954 -0.45585022968303701152 -0.89005352542275351091
2.881291407939179372 -2.096137893906477867 -3.1209018140174746847 0.95882378937938117502 0.0091821818338006094828 -0.28385318116420071854 0.082028746497595159126 -0.96583313596827802261 0.24584067648329818723 -0.27189745432477552267 -0.25900200964954844807 -0.92681699020312813264
-6.5548057938593737859 5.5657845590057224427 -4.2195094800174288707 -0.73002230006834833986 0.0041824747023086845596 -0.68341052692241666122 0.50403420950086508245 -0.67202433665450855838 -0.54252447557406946466 -0.46153760091218754003 -0.74051725020386527376 0.48848464161606930389
5.2738753496405346155 -2.4321494416545226258 -1.5605026587017420958 -0.93642342123042976443 -0.0091760209044622186719 0.35075201611880701957 -0.28521733285031813931 -0.56232310911859095803 -0.7761725284966902727 0.20435813958050552674 -0.82686668912924443653 0.52395536946933018996
1.4764964782501355245 7.1908445547793204966 5.5856584600338266 -0.90534174001176059843 -0.0019350733910777941083 0.42467939587799496959 -0.40555263846913797154 0.30069665983237253704 -0.86319671929195074256 -0.12602932683738662933 -0.9537178693180593525 -0.27301801134778275193
-3.6103474180070738164 -6.05468496630923525 4.4393809979497893536 0.99882876145330024009 -0.002490916099576534655 0.048320809500798395097 -0.046616573905017368029 0.21798588876096747224 0.97483795952894236603 -0.012961494172548600895 -0.97594874232107997614 0.21761445731090686695
-6.7487918135402571451 7.2116575595076177763 -5.5585426845819609909 -0.82728130744311312306 0.0052508007527931662567 -0.56176335537889277028 -0.47237472952240994184 -0.5477589543704285413 0.69052316602386942801 -0.30408510858602294524 0.83661972066080525501 0.45563108952066394552
2.7439012137614455789 4.0482672343966497053 6.8965056454734563474 0.057898071800193934289 0.0109394544916961 0.99826256146236014288 -0.99823303869298984914 -0.012751917665644766503 0.058036101329586115005 0.013364645281874785315 -0.99985884850376982591 0.01018181345429491208
-5.0474914982164573729 4.5463959659436792293 -2.9456119340477933122 -0.97169274666395688556 -0.0054710838634895713611 -0.23618482872942711537 -0.21595902282958603924 0.4259067439129867183 0.87861547103827486449 0.095785732439944343275 0.90475052513432152601 -0.41503202374051600954
2.8987567356042278632 5.6444978915701522482 -0.35027247265767963436 0.73996552949437799374 -0.0010259621256970222897 -0.67264400879046548631 -0.33703154860024403527 0.86484934260790158334 -0.37208245032358711057 0.58211747131327806759 0.50203043930857349508 0.63961292013166703985
-0.42009126026908255591 7.4136051600358596758 -1.1236355749791995251 0.99614721202523870414 -0.0098420796403915558614 0.087142787670014862367 -0.04859533083017363031 0.76522259263998249068 0.64192902842519816708 -0.073001546531912653304 -0.64369054458006713659 0.76179607312078090331
4.7608410623884971358 -5.7425316554168075456 -6.8688130828357776281 0.97021577724574314949 -0.01538901465299777338 -0.24175302234206158536 -0.010487431336790134159 0.99437602047806639138 -0.10538663901162145797 0.24201520482695190739 0.10478314810228162024 0.96459791234817682248
-5.9419497004261154771 -2.5268361768692568781 0.14006279837194621218 0.9957967414148566343 -0.001261523726360968406 0.091581976095533895732 -0.089869064888861066587 -0.20641623357751021084 0.97432843009516323374 0.017674868137427430376 -0.97846346230896008578 -0.20566198472922048168
4.047120048363219702 0.28283591718898459799 -3.7552536559090570201 0.90505097125074240871 -0.0060395861633948449629 -0.42526022955024200822 -0.29658589139474300644 -0.72561932819025998231 -0.62089725364368830718 -0.30482707961026439536 0.68806984671304372014 -0.65851373378286703897
-3.0672527818173374037 6.6452470857463161735 -6.3036382321501518433 -0.99139118303887852068 0.0020650794653636244183 0.13091698758907846512 -0.12830860593195933528 -0.2145211169229137016 -0.96825492099854548744 0.026084935047227069543 -0.97671716778239414669 0.21293931136037810847
0.18797258107705958063 -3.7769862242526937024 -1.548964018389961339 0.78345876224093047302 -0.00021463628425936196256 -0.62144373985036471808 -0.36980740218793523022 -0.80382906654925490031 -0.46594132362069745623 -0.4994345334023958527 0.59486030772083209328 -0.62984629961866445136
5.5911273396486675935 6.6094821499403577647 7.5156406025625193124 -0.83697423514815971757 -0.0020637035494346102869 0.54723840401212830997 -0.37763087842235937286 -0.72156747136565446699 -0.58028898311872978422 0.39606697585138045392 -0.69234104702423637789 0.60315406426990536559
-3.4024482727861928844 7.1733494237989487985 -4.450476918182320496 -0.90603185750361781015 -0.001221279777992363702 0.42320772873877299247 0.304736757065768471 -0.69579027935504478286 0.65039326260975882654 0.29366951166492000214 0.71824396665115319838 0.63078032807589823339
-6.3191526905785817547 0.61453760174474936218 -0.4742951965587156038 -0.99680756443629814356 0.0028423388950513145575 0.079790980645499581803 0.042189311533453024983 -0.8296981882882416004 0.55661564687266806839 0.06778452238595511492 0.55820501382629905684 0.82692951396367042616
1.4434144751534474516 -2.5070657223620380627 7.0517830418053426556 0.98317451498511576613 -0.012908545025289860919 -0.18221208123824070291 0.18266859206406849125 0.068155939564315606849 0.98080933589321361854 -0.00024198587681983560471 -0.9975911674465441914 0.069367168569849702031
-5.8484162444481579968 -4.9028283695129371011 -1.7216309250455565927 0.91697858834879442114 0.0090568683273519138416 0.39883360145044283174 -0.37445192897542634025 0.36438887287960564088 0.85264676285557117197 -0.13760821703814637984 -0.93120283636687317674 0.33752815607878561277
2.7533469041649567544 -2.2197374343862854573 1.4347031031128367751 -0.98588508541573993682 -0.0063256316617488206333 -0.16730386946790645752 0.15891422266321686418 -0.34987795428440887635 -0.92321811450004720445 -0.052695997857483085902 -0.93677393403633624214 0.34594468968319619373
0.70443921442365708963 2.9334896620041264192 4.1600866749997980065 -0.99997173646552528492 -0.0062742358517706223187 -0.004142491355466999467 -0.006682803283183005004 0.99419633875222002128 0.10737308858351120311 0.0034447656570212449416 0.10739773729534546343 -0.99421016873362688671
1.8435438340201635299 -6.0189522022368588949 1.8504136725397088981 0.98568075966315127356 0.010073767757515917146 0.16832100057038151819 0.15565139009805420423 0.32956979997215224421 -0.93121232364418649041 -0.064854335170462143467 0.94407746829878624872 0.32328261484366832557
-2.796615281791375196 -1.3137782079298347959 -1.4382136155343125949 0.89393672101006038666 -0.0039252972158952742152 0.44817600434612669957 0.11289166972486776308 -0.96574889566477395419 -0.23363334828107540364 0.43374256159232071894 0.2594487667422055166 -0.86287526775273026836
4.6048203894457939711 -3.0760983052626018619 0.56117134124178202903 -0.91899994099607607012 0.0059524257099014656405 0.39421273073980450663 -0.38130145141981719448 -0.26764312570227860588 -0.88485951450467315027 0.10024126692305855568 -0.96349972801890004792 0.24823368529104941627
-1.6943332397075929752 3.5203211157711384871 0.18216933279092487052 -0.79432139458129258358 9.5771777253103596017e-05 0.60749774727005567687 0.34013197574602871409 -0.82849676183348364145 0.4448632988980090186 0.50335252178319001004 0.55999384501895999033 0.65806012822184312139
-4.18451076440884151 -3.445495144206899063 1.8188930485317571506 0.96202616042442024025 -0.00079399405367735044828 -0.27295610678728421394 -0.11391187384313446185 -0.90992133014036946648 -0.39883236823656376124 -0.24805191322903394346 0.41478011346863374875 -0.87545856887370188115
4.784557723846214472 0.55864530186758887265 2.0044603878664757346 0.65160387158014643205 -0.00069722436829475729902 0.75855910014973260136 -0.10980802831994622426 0.98937987996079412856 0.09523471029660959819 -0.75056951140997174576 -0.14535118508971803242 0.6446071994127419158
6.2027045889759691022 -3.9620572426308608982 -6.5144996622894808525 -0.9065076318494692531 0.0094910942556947191368 0.42208273185278283313 -0.33144636685567080425 0.60325741963910473054 -0.7254128421448046149 -0.26150950135080197612 -0.79749006563107438517 -0.54371166616417443418
-3.4241877537451195224 -4.8604411472843001008 -7.3227007166940936145 -0.98581879701624630652 -0.0014548927471343476095 -0.16780698059597348726 -0.1502568369983828811 0.45293665109753961096 0.878789663701114665 0.074727387113930052176 0.89154151523064884 -0.44673207209183213307
-2.444641084494075578 -3.5891294973115352995 -5.4835779416961729638 -0.90414718532904625459 0.006448775315198228969 -0.42717242485738782243 0.39310041160454528564 0.4041182230896506189 -0.82593009883601165022 0.16730192365281162936 -0.9146840301786257621 -0.36791737017745551608
-2.5064282677540261624 -2.0502505172456819693 4.5381433600242688797 -0.71057913362322355777 0.011471568568805169328 -0.70352377214539563166 -0.44765314287365376433 0.76403716337874472142 0.46460077125604470893 0.54284800684394762804 0.64507024120709866022 -0.53777358188611845691
-3.9601573743440310338 -0.6087025808712197561 0.62751907694877673283 -0.99958751287106661909 -0.00086153162924992908803 -0.028706477937154216418 0.0028568856149168847525 0.99160929700667066466 -0.12923946879581599267 0.028576954296932757793 -0.12926817030226922522 -0.9911978096373024183
-1.6972697036429067463 -1.9369602722096217473 0.87856946825931592215 -0.69294562025002925942 0.0048375726940661552961 0.72097362314208202072 0.17398531073516357304 0.97154708803180056531 0.16070272986239672597 -0.69968241297365196818 0.23679707267464908393 -0.67407096610674788195
-2.8420734904365896334 -6.4114031184865432067 0.60141007290895276416 0.9796448298631943441 -0.0022393225714481337918 -0.20072616360769476862 -0.1578108089538390324 -0.62658787339412658213 -0.76320599152040236035 -0.12406351558604448992 0.77934756197078958184 -0.61418695993208005657
-6.1726549552896283757 -3.5485979251261055012 -5.5867644572540529069 -0.97948130426428126061 -0.01918569250218214034 0.20061974927711809236 0.048714406896875284136 0.94340113507180234365 0.32805670989329005494 -0.19555889434512552238 0.33109848617671339133 -0.92310915459327969046
-4.6886178429005864743 2.0953846764682930726 -6.7324477385781005268 0.76683885707241639107 0.0031795276370898965974 0.64183179875095153211 0.080574568348511010907 -0.99255365974707676635 -0.091350815311867700208 0.63676204835043181962 0.12176667494313983542 -0.76138490309046991111
3.479773973168942991 1.4995729815186829015 -1.5096196890954662884 0.92127552455854888613 0.00056154824234471573119 -0.38891013423777809344 -0.21574950449923113727 0.83275180203111220933 -0.50987899301904637817 0.32357929346236941059 0.55364620551159782202 0.7673150069983722954
2.3935427265386564066 -2.3551605202931766847 -6.9713915405722621799 0.6228716132015551521 0.0017987469846620649308 -0.78232200402191465205 0.50462231633563214839 0.76323165634427936332 0.40352664919423192336 0.59781876126775390645 -0.64612243674332170418 0.47448764516381941592
5.358863610718600512 1.9708781280206275621 4.3531327575866409774 -0.98542121982069197372 0.0054333352962224086558 0.17004557740373082986 0.16928756948150541772 -0.068165601842829173784 0.98320657521419752012 0.016933350113032812068 0.99765922518312255551 0.066252034391296732441
-0.83789966398224013933 -1.8794134369133281837 4.2074362516065102469 0.83957717587513680524 0.0047986906439858156154 0.54321923596068100171 -0.37025394785382415019 -0.72667379929355457868 0.57866847462003223601 0.39752003704000105078 -0.68696591035399046099 -0.60832200203783781678
-2.1950513254411987418 2.9149541640971583512 -4.6839986835395253095 -0.9037759941492774507 -0.0050568481013894264406 0.42797591133942569641 -0.12114868271956924506 0.96205953320307879828 -0.24446768957959336133 -0.41050206951343792827 -0.27279274708157141838 -0.87009894153756783819
1.8348965322617791784 3.3787563112122005471 -5.8473473790871279832 -0.99495701038416350936 0.0069322852601709523263 0.10006243505190536014 0.10028202646253850383 0.048704273080971596799 0.99376627481126211805 0.0020156031370715662629 0.99878918556654916472 -0.049153841551537576227
-4.7073856077498250627 -1.5493610297633439998 -6.7728245294599132009 0.9534055465897454118 0.016487806276907802927 0.30124079401070341655 0.137060643840942048 0.86584226711369915996 -0.48117725256869781081 -0.26876056935853614993 0.50004531867001056344 0.82323899059413163659
3.7249456411683183887 -3.4511808147662983437 5.9181810495967468455 0.88102706541404607332 -6.5163919540698602914e-05 -0.47306585774254322763 -0.46447487315234264882 -0.18983126107456393949 -0.86500126273251554121 -0.089746321473908124977 0.98181672835231070806 -0.16727674587162247311
-5.0837593041269171223 5.1062156795071071969 0.17066727277416826603 0.37935275143567415146 0.0026965645117956972207 0.92524819292885218669 0.44793061434483499861 -0.87553459465153593566 -0.1811003542268710409 0.80959845275968089773 0.48314790914197464078 -0.33334433125651974361
0.23487112197695139693 7.4716382447757236918 -4.2143536522418925117 0.86203201160983766727 0.013765083022633005719 0.50666688607925980392 0.47560244349728586499 0.32361228971337940852 -0.81797151642699128526 -0.17522307695974559394 0.94608964080347190961 0.27241744596271322276
-6.7983590558965021344 -6.9149039914988792432 -6.3348561049148104374 0.98571245675828311761 0.0042910553953806537808 -0.16838212326453294576 0.15793483348128989352 -0.37101292770293037293 0.91509889949154343824 -0.058545204455248571473 -0.9286177869935900997 -0.36638977157443480825
5.0408754406244646873 -3.5176306810182866869 -3.0468117981274014383 0.99091153390071928797 0.010973822961516150817 0.13406680123004829919 -0.010388919551532311072 0.99993322314531807304 -0.005061580865024280923 -0.13411339356306911652 0.0036227696463917834907 0.99095937010910251086
2.4062115362025893184 -5.0070107020911098772 -6.1630929461864862873 0.99936217346447686616 -0.0043708503618213167402 -0.035442092424839845288 0.010776652902183606747 0.98312314484004414972 0.18262734141443920377 0.034045704583158920009 -0.18289280397819784874 0.98254318594781564489
-1.4339214379857052606 -1.3603905068775825615 -2.8841999451390996079 0.80336127554770975223 0.00061739983528793108275 -0.59549162862937765617 -0.27690501494318248144 0.88569640177769404232 -0.37264661084907729771 0.52719472080966478522 0.46426447494443467967 0.71170515219082475245
-1.1478071080192371323 -3.3771025377612722274 1.5253196255695367078 0.99034021993985366095 0.0058689456388093504471 0.13853448757099534605 0.13694331123343544965 -0.19807134568015694054 -0.97057419681796464062 0.021743465176721051002 0.98017003499262511657 -0.19696173289391660788
-1.2019822950392102801 7.3180210088735826446 -6.8897263196723335099 0.8438377788485392772 -0.0043754141576440785597 0.5365805240026505496 -0.051369528866271267631 -0.99603276827037279251 0.072662893115013532652 0.53413385447107464277 -0.088879583047779181504 -0.8407148418014690483
4.2569737493146355689 2.3177769657897040467 -2.8126702282054782955 -0.96776249794221647083 0.0045101409228125097228 -0.25182415731102458789 -0.23233145133753699274 -0.40204983335429961278 0.88565118879773163663 -0.097251448811521520876 0.91560667872645207233 0.39013659861061550371
4.992314383011621004 -1.5323961818591589346 -3.7822060224738729417 -0.82958823704881057282 -0.0019603362738431304862 -0.55837220026783906945 0.5558523109582585997 -0.097860271444709906463 -0.82550080295253780438 -0.053024195917305234904 -0.99519823369739657259 0.082273387512999812676
-6.847933502689924623 6.2225008645716641809 -7.3091156222336381987 0.9965159063794255534 -0.0030462428315389208401 0.083347277924778320757 0.0041139476512085347559 -0.99632096386556623369 -0.08560147426644476587 0.083301403155004533074 0.085646117054237497213 -0.99283715626784518893
5.6637412211566786624 -0.53103320357002825602 -5.3618175964704999359 0.96170319184340469221 -0.00033510605224577178201 0.27409279177354400892 -0.24198935233700569203 -0.47064922029013350757 0.84848716242253230391 0.12871722555201450811 -0.88232034950133919615 -0.45270594948813602798
-0.22835600348814880101 3.1413773257542580986 1.7596836686114982751 0.79551661832533315799 -0.0070435672115092447243 0.60589083020715961414 -0.5162175235498071002 0.51572580034658410675 0.68377362279995890226 -0.31728973880091465576 -0.85672474402097598123 0.40663243185195901974
6.3305603357217181681 -0.90438330297391000823 1.6302361501861395432 -0.81521227972800203165 -0.0040676206862218372562 -0.57914798924153243487 -0.55555746007536921383 0.28806703516584586389 0.77998287917452324702 0.16366076968886325571 0.9576016069914840001 -0.23709558146906875575
1.3705376679993261924 -0.426467568344715664 -3.1126512191925468365 0.98954286787546974491 -0.0033538031651248337642 -0.14420008544076767798 0.021008144097335774286 -0.98571783902288923063 0.16708979536054466286 -0.14270098289207611142 -0.16837189146753728242 -0.97533960016252274627
1.416869057779039931 -5.8837833710387474895 -5.2094683806659096703 -0.86987448499018482639 0.0023127439928435204221 0.49326770782049961239 -0.42887226372536846331 -0.4975759868130169572 -0.75398058247823462885 0.24369440241888537524 -0.86741730935135252789 0.43382052702403806066
2.6253723219404534461 -0.020789251589395041364 5.4314354937339901497 0.89504526835663733575 -0.0009248988429564255348 0.44597434024223142623 0.43253145864185432723 -0.24188120187074671485 -0.86856779900403491279 0.1086761467736272746 0.97030543064734853242 -0.21609457739319490321
6.7187244915559674041 2.6808142738861211463 -3.3814961022877088048 -0.98446831842118642797 0.0029268792376233171426 -0.17553792582463748073 -0.17214302789298155383 0.18028043407948729504 0.96843468702636847922 0.03448054484352674337 0.98361089789917988124 -0.17697653392828241459
1.0217285607413029158 -0.18990338226559416723 -1.640698939823538538 0.99989659357782667559 -0.0025975613648822623927 0.014144073894040650602 0.011345232698458707771 -0.46189321612814221441 -0.88686297847517059356 0.008836732788873378 0.88693173895736476808 -0.46181598346516367082
-5.5710469209468431728 -5.6825017501306263057 -4.9648174571073528938 -0.985939277728154706 0.0028481903589851580161 0.16707970686082895817 -0.12029894746031556674 -0.70606988993729946635 -0.69784917694579340353 0.11598234293616659085 -0.70813642635836493433 0.69648467161267169079
7.1611699080070421175 7.2355529074987403604 -6.9200327148174753944 0.99991635538613643508 -0.0011442497069141870873 -0.01288304792687634294 0.012633434397740271951 0.29981553832714630259 0.95391353869885542327 0.002771022662421681465 -0.95399650611012354329 0.29980491617582599728
2.219220725775805203 -4.0303241637749076531 -6.6194178817506088564 -0.99197833107552668697 0.0081166073887156131583 -0.1261471813441626677 0.052217895595789272367 -0.88249936402956707937 -0.46740578073746091858 -0.11511855652385738491 -0.47024354665622780658 0.87499641414808992934
0.51115650264776624212 -2.5987014204148839447 -1.8099845125226248221 0.88988243755562979054 -0.0023866389545077349582 -0.4561836815194840189 0.43939861324017714939 -0.26432548386175436228 0.85852250830346743538 -0.122629955609166022 -0.96443057942801557747 -0.23416992004006395578
0.10468398730092556836 -3.8831464503092822937 -4.1970251089267209821 0.998889739104729113 0.012410124764566064781 -0.045445328854573703581 0.045833786063072153028 -0.033052519386429057846 0.99840212089992508293 0.010888212272625369739 -0.99937656554751219673 -0.033584625470188020357
-2.0565424820338664702 3.8804544083650482911 -2.3336899333796967682 0.97223717342591875479 -0.013305963983152310076 -0.23361898452649773605 0.0066077478468692090602 -0.99642264419589399171 0.084251123447258088883 -0.23390428871037219349 -0.083455769460322570819 -0.96867121267577893651
-1.6180316696154395384 -1.0463088993053122344 -0.22050961089663737025 0.81152348495561488217 0.013065470379609709153 -0.58417371290491393321 -0.27062979236787898518 -0.87765218648797405088 -0.39558330985506628963 -0.51786981843738122411 0.47911995683410613101 -0.7086994554216062836
5.5248120632784631923 4.8490017154318909576 -3.2995289479205447414 -0.87003296268891971987 0.0074284038464338588564 -0.49293758494444184226 -0.48993688225388809521 0.098143613713927740916 0.86621572514843880874 0.054813276146430514602 0.9951445371921106009 -0.081748729987845242251
4.6300251636583569237 1.1303029216914393107 -0.036588455738646559479 -0.99921057421292158729 0.0021520620929747756069 -0.039668589713809251918 0.014601416556482409506 -0.90874563799935348385 -0.4170949101243486834 -0.036946272013289489788 -0.41734486224925887443 0.90799682760377820046
-4.0777646890878367358 -5.5391107267486985322 -5.672502936490770864 -0.65364094728827204506 -0.0099885318718188273457 -0.75673888578507153557 -0.68214352278518419759 0.44083640552195896278 0.58338964499629075711 0.32777084426542879569 0.8975318895713689793 -0.29496233802297949778
0.1283578656025382847 6.7600415540567109218 -0.20098676176988211628 0.99890511463898612465 0.0080355683085560920126 -0.046086891738078464287 0.0093619869059641327991 -0.99954601852591795641 0.028637563618845011254 -0.045835850044398440684 -0.029037673646642583186 -0.99852685910790284218
-0.1742638431050543002 -4.5952560183616366629 3.2235420565418357874 -0.96612544176354209213 0.00061863078898130845901 0.25807217609274729631 0.12370841855530938236 -0.87650869204074055574 0.4652190236390838507 0.22649030433073039092 0.48138563550767549115 0.84674081747081042515
-3.8114295882616633371 -0.84588582658948430204 -0.48059824088638875006 0.99884308036472668757 -0.0041895065919422703332 0.047905624325439058464 -0.020188546228906926322 0.86762317592137505606 0.49681228568260527023 -0.043645428267552958956 -0.49720465870557378762 0.86653482558564975946
3.9196230371630815803 -4.6767178837917606771 6.0815718026633334148 -0.95150061545630493232 0.001178511739350411331 -0.30764458372666392272 0.20276126142204287106 -0.74967250195418488889 -0.62998334158947366657 -0.23137512755871766923 -0.66180794111566132454 0.71307489047321914732
1.2657019552572739141 1.9167961161076083609 7.1140722317722628887 0.7510009126622811948 0.0055584882302250537486 -0.66027776911613367261 0.58233813336635453783 0.4657917422527504403 0.66627348084443205334 0.31125540574880194988 -0.88487691576731131171 0.3465731038820381027
-6.4244151380912546401 -3.3202655772222793296 -0.90582635785276000018 0.31345054128207450184 0.0055424139952696726066 -0.94958835282296660818 0.51073833472644969422 0.84204656810947020595 0.17350484309066829813 0.80055924928188626488 -0.53937636097826124892 0.26110922926429780411
6.5931004372238142253 -6.2829814522575393454 -2.5611099805888546399 0.79765822816334597256 0.0023912645799344625815 -0.60310499326158395483 -0.60157771231743228935 0.074385730916739015162 -0.7953433340884854541 0.042960529399583821664 0.99722667678404586233 0.060772921799217130556
4.5874513230167712763 4.7416093001278403207 1.5055678042150464346 0.81379532985216251895 0.0050971710109163608643 0.58112922827757174105 -0.42480839525191843586 -0.67715847951167418284 0.60082794621166946136 0.39657910741019225531 -0.73581955157025702441 -0.54890308715892321967
-4.3615675960129296485 -3.4650468616620879736 3.7384411350222683801 0.99561933388189871597 -0.0019843196759905517429 0.093478363678232714862 0.083188079731534456118 -0.43760896772641749708 -0.89530896050241459694 0.04268354942035005456 0.8991631964448500991 -0.43552687720515043113
-0.13597765625404961698 -2.454094617439340098 -3.0492317775772077582 0.99930288452403337462 -0.0047167827403229991776 -0.037033727093937394981 0.026683009151158253169 -0.60355489240772608461 0.79687483890095034411 -0.026110572657964299659 -0.79730749639728382139 -0.60300828699469943839
7.2837074766678329141 6.2403373845774705586 2.8903258512844480776 -0.62648334714031106429 0.0043592299946722135734 0.77942261506172372254 0.59076104132731865892 0.65497535196119982537 0.47117797101857272768 -0.50844862848243899123 0.75563766809050769702 -0.41290641404212252707
-2.2493825405580158971 -2.2357482442687381941 2.365448180303693082 0.94570670663084366314 0.0068426679949572244421 -0.32494923130848685222 -0.1561626715966700496 -0.86725116876277108524 -0.47274584110212358734 -0.28504744347747773547 0.4978238525566186512 -0.81909667731744206787
-3.2557828953646943404 -2.6844805634412063355 5.1823833304993822679 0.31879856810603718342 -0.0029850927089380202215 0.9478177895539982023 -0.94307935516800589504 -0.10091570508059347078 0.31688696774072749873 0.094703763543718566531 -0.99489050135658507745 -0.034986961586128961788
4.896088017086488442 3.1671932316273783137 -4.3225812742958362733 -0.83661576436775764165 0.0012401906499918506632 0.54778875922982583901 -0.22900466330863344933 -0.90921268952979117373 -0.34769116954704365474 0.49762528773597830556 -0.41633009394612091603 0.76094567866602391693
3.2518438753452323375 -3.1903198329731092819 4.9221624920261906055 -0.94147382917231414723 -0.00069911660768099065724 0.3370853604348360566 -0.1591152174585183654 -0.88065814253134733214 -0.4462326563198557583 0.29716893605604444151 -0.47375177807492674376 0.82900535354985394054
2.8279144892759524588 -3.132878600990364415 -5.9789921802176593246 0.98503515735518765162 0.005063415557491539841 0.17227913569918432146 -0.11702387250357094983 0.75349228022768555135 0.64695811062346386677 -0.12653518103128158501 -0.65743725591129409391 0.74280892731660241868
-3.3619304873407287459 -4.5097987579067320141 -6.1389083002383335597 -0.97505230996793956777 -0.0015309023021369654038 -0.221969928513375242 -0.1935457058306714051 -0.48376461982337548573 0.85352905771365750187 -0.10868786767893019729 0.87519680583578152167 0.47139951047294692543
-0.35540320992079066365 5.7439566950515876798 -0.055082298165223808617 0.83171636813076588179 0.0028393038340187070137 -0.55519349900465930769 0.37321276441364154008 0.73748959243614409242 0.56286884220682109614 0.41104758296595628186 -0.67535252972227644008 0.61232250092237772154
6.8167599834267855741 -5.5282834208541968835 5.3665472372322007288 0.95754835797423032417 -0.0070303660057431539149 0.28818694643386449927 0.1996199878755524626 -0.70506180119194972189 -0.6804702175264591979 0.20797356221786983399 0.70911101419582112104 -0.67372736842483804676
-0.57931364526472550747 0.50876732466852392367 2.9000123819663490288 -0.95812053298863963935 -0.005985937235623265025 -0.28630265947220123746 -0.28543181052489896565 -0.060694881385506882499 0.95647520245640194059 -0.023102506486336701896 0.99813841721934359885 0.056444435199909187562
-5.7683202933486930064 -6.5245574288393690665 4.1758431058272424963 -0.98392080688917460396 0.0034012739667319755177 0.17857289017646948981 0.17429990618633744992 -0.19991767506180135872 0.96418487122607798856 0.038979333934690357788 0.97980679449227237043 0.19611031842484977217
-0.12216653483556540183 -3.4028123882939516065 -6.5465463046577410111 0.99629263143931434676 -0.014646796578318988305 0.084773013923200968289 0.035197307889109172296 -0.82975448471876778189 -0.55701763401750570281 0.078499312461877746028 0.55793634622517318533 -0.82616275122036997303
-1.9243700939191730193 -0.29382198467344450288 -2.7580585925404483838 -0.83027567608653485287 -0.007519527050028004117 0.55730221461250306625 0.42327678552190711736 -0.65902374399993490783 0.62171091970670733229 0.36260041993537961424 0.75208454415524172987 0.55035422584491877629
6.5302361592867770312 0.44178293863400719399 -4.8660804766107972341 0.91850100328697537044 0.002664602245996412766 -0.39540966965372831288 -0.33014461093547287085 0.55552016185435870721 -0.76315259656476608363 0.2176245455619342517 0.83149879715382379874 0.51112553008124572695
4.8288488198215926417 5.9493190932563404516 -1.7287586820420692835 -0.96928176527090770254 -0.0067602535637427164927 -0.24586003840631642792 0.21933911204360767577 -0.47603166914942302013 -0.85163619221746011956 -0.11127988785623305068 -0.87940215427212764521 0.46289160461190276274
-7.2890562034568082694 5.1011946959369032228 -5.6879726122791227638 0.99852142633569895835 0.0051747862886337703259 0.054112685529464625567 0.049218722636629741451 -0.50863505037292955357 -0.85957425675392129527 0.023075495452144205444 0.86096667015570094161 -0.50813769235381645029
2.4136499394978097044 -4.485468925518416583 -4.6405940577565250038 -0.68028656739885629001 -0.0017542079950042797389 -0.73294413768785560137 -0.29582135998920605635 0.91558749564594155146 0.27237705628576869277 0.67059668146422357626 0.40211498426571001819 -0.62338080676112728185
3.8216423620431219099 0.062776054127779506997 4.0135546743216092835 0.8350861240650936379 -0.0055682351635455958408 0.55009104714682710568 -0.48181324665153185682 -0.48999045694903742287 0.72647460206819203243 0.26549418213037090375 -0.87171001305256468061 -0.41186708098476793039
7.2875035942288084456 4.0509877860890632917 -1.6447612276637606499 -0.97494589213088433954 -0.0039202770362015571665 -0.22240759619448122186 0.22053139518404116237 -0.14780407221232721993 -0.96411610295419114536 -0.029093146189868065998 -0.98900889160072824602 0.1449655172078683496
5.3985785945278825793 6.4699619040707450068 4.937377706159079338 -0.97290007866206873466 0.0082994231036901695148 0.23107694933848396679 -0.23057247420585488817 0.040257921379328556744 -0.97222200854788864977 -0.017371559458712538399 -0.99915485253410996069 -0.037253316357169379003
-1.394654695952708634 6.287166701301331706 -7.3379067022863013747 0.99316009810319039186 -0.011744424708118806483 -0.11616836068386665604 0.11498592708458342526 -0.074424000000968382196 0.99057523934141278321 -0.020279450391797588377 -0.99715752853412542578 -0.072564503579017156087
2.4251451039139548804 5.1768181302031806013 6.2058669542568374311 0.99710102543196699187 -0.0055431371428431817916 -0.075886881034498337995 0.027068248558160104555 0.95794108365895624946 0.28568547418120104897 0.071111567290591967683 -0.28691140421523692039 0.95531407983385652205
0.43429831688572756443 -5.8759004707214588237 -3.752293930004203748 -0.96640452462619552687 -0.010908503040065516826 0.25679427435900459287 0.22407503273143766775 -0.5251786309625424698 0.82096150048993699055 0.12590740442299677704 0.85092209404951990592 0.50997932837492188085
6.4594528762060816618 -7.1885386586317965296 -1.8350805919736290495 0.78557672680641321694 -0.0037950426025477592903 -0.61875261934945380293 0.50877875000504291236 0.57307785961599255753 0.64243750696958779045 0.35215534902005335427 -0.81949213813775845239 0.45212746619380561608
-3.520177052377130078 0.29061558859905523011 -3.0404271732480832036 0.90316598542057935362 -0.001009135147412075148 -0.42929032649856679882 0.01618016027037207441 -0.99920668489289654612 0.036389603994891869809 -0.42898648602570443877 -0.039811838836353106996 -0.90243316223181924141
6.1379686898067378209 -1.143856277412890865 -1.7502105856036822562 -0.88143248694620313088 -0.0014943993154359867803 0.4723076727372529926 0.013941014916625450726 0.9994769669318531724 0.029179456399335394062 -0.47210424596581335166 0.032304169132635840445 -0.88095063516507488011
-5.8311602889404392513 -6.0077966901573773839 -6.6232717438286146105 -0.46725192146008298621 -0.0063346723075374967299 0.88410152913485540171 0.19122216190207114161 0.97558129182145902902 0.10805196826325315362 -0.86319738570580639703 0.2195472955306142504 -0.45463090341045853116
-5.0048812779025526609 4.3880928147059892197 -1.5776264751898765315 -0.87557472917892542608 -0.0033482458900766856602 0.48307109505002543415 -0.015705213635978012426 0.99964468303577358466 -0.021537268698378349979 -0.48282733962360258051 -0.026444222956942566721 -0.87531620754116901129
-4.9112667013389961213 -5.9417421060892925411 -3.3290714330209274507 -0.55619749068978285855 0.0074972333857221823417 0.83101633127275342794 -0.68768750816225931999 0.55730228831696249081 -0.46529565929011018621 -0.46661573319817040151 -0.8302758282210711549 -0.30481438057245030526
-3.5373199545725464432 -6.5378525749038782777 6.2464362985413179885 0.94741127365147748129 0.00022798507505013688827 0.32001847849914749622 0.26069855201257235988 -0.58052264729798619403 -0.7713816960187851457 0.18560211080869337685 0.8142440690584911156 -0.55005313603899330666
-0.57302921833479891767 0.61726715455054370629 1.7388301197992706015 0.96574500798127693724 -0.015465225308316061029 0.25903167058391585176 0.18100082972316602903 -0.67514758130375229772 -0.71513246542114472515 0.18594429057881489697 0.73752055582604159056 -0.6492211876820204175
3.0029904643973259759 -0.20643590183652946179 6.72785122342309716 -0.99966041817988038343 0.0072720433262379920863 -0.025023303343754514649 -0.024271741032966469287 0.089618880564847722137 0.99568033968415192714 0.0094831910029771100679 0.99594958388063359322 -0.089411942469871844019
-6.0722265811274631631 5.8409261744031617525 3.7813496712378711351 -0.98388432760562460899 0.0093074163181915779003 0.17856371942099416583 0.15358443273104283033 -0.4673852964440957658 0.87061059417543018579 0.09156119218676969651 0.88400472661027440502 0.45842359386925513043
-3.6661697715569183664 5.29438712240627396 1.2227348471885863823 0.27886683213195556652 -0.007439710108722375273 0.96030096357874061841 0.3986202000139016377 0.91065126989403388791 -0.10870234947442238005 -0.87369057799520122298 0.41310884201850001096 0.25691605354388136195
-4.8310155029200014809 -3.7452750169220592191 -2.3600761100399898496 0.64664209783791215536 -0.0052061051129047705363 -0.76277578210995700125 -0.75357556337593845086 0.15062984522367733886 -0.63987070569817572352 0.11822803215215602068 0.98857652521069638851 0.093480405518991185887
