1125 14.717824617146108679 14.977075390850430381 15.033177056927090831
-3.2273714728830720233 4.1008988369074792502 -6.8436258324670617981 0.96166782966317487791 -0.0048030932659291307452 -0.27417497275638713639 -0.15564691729621757399 0.81361395154646876104 -0.56018423307441345127 0.22576320011700840018 0.58138564494155997586 0.781678776306972245
-6.9714521895660066519 -5.0645537230798902684 -4.5554394866970273625 -0.9652236004639717093 0.0048663429969773991379 0.26138041206863249499 0.16105705832276281941 -0.77648422733949307162 0.60920675362093079652 0.2059223763260495943 0.6301178964280046424 0.74869714272836207503
1.5972663635204609189 4.6184335246630761063 -3.1204999722707751353 0.97476011788127381319 0.00076595600447865955923 0.22325350142697458766 0.095392448717672814751 0.90268481285175694584 -0.41959553068935256936 -0.20184893687028121478 0.43030168714316280321 0.8798280881662051689
-1.8828051885681762467 5.6169473400877336644 -6.0086066483951805495 -0.94227441311223592013 0.00026333642824370772154 -0.33484154617954603461 0.32276262816748657603 -0.26545536235616390419 -0.90849201232297971398 -0.089124723014573414837 -0.96412311519344295885 0.25004680061390627266
5.7363756359243369687 -1.4716067307326714531 6.7259118156796402488 0.99907074979153642769 -0.0072744192983686915832 -0.042481993066476951559 -0.043093156459923995238 -0.15063389466908713721 -0.98764994286595442219 0.00078535173548823964361 0.98856285212456007638 -0.15080739578008175994
-1.7368999196195538115 -3.110746289282098509 0.51414695971666313223 -0.99644434018541305775 -0.00041382290315113753193 -0.084252630006645706784 -0.076027053167912250764 0.43539586372610000753 0.89702303707139152689 0.036312037935500016128 0.9002390074867905323 -0.43387920588586198489
0.96617371652108552382 0.13118999547572851583 -3.2488941273970222134 0.74582324326092208633 -0.0075455513241082378117 -0.66610115933461633286 0.63231606516130234308 0.32261671288548660064 0.70434001043942950915 0.20958073277536218293 -0.94649961501435164735 0.24538621645714231434
6.6600952617904560782 -6.570780102890440233 6.8682766037309077589 -0.99598439357686774365 0.0083574075529723960282 -0.08913608410981008201 0.035284183079393897919 0.95169012582773238051 -0.30502611499095083625 0.082280703544987870979 -0.30694634407503113005 -0.94816339714362396496
4.8187374434654479671 2.8089983388512806961 4.3329451510996710439 0.33346836320742728743 -0.0036448863445664031468 -0.94275424451094957945 0.93746295686342084874 -0.10458716067769575908 0.33200109989325571336 -0.099810095925624120472 -0.99450904501911840949 -0.031459563353692848731
2.2986442696741309355 -6.8527973461130473609 -1.8941159691215927463 -0.99948116410170040336 -0.0010342347684360231243 -0.032192125812223533476 0.019681624874992784818 0.77156102069027132639 -0.63585078830949237627 0.025495808442623439649 -0.63615447943874015024 -0.77114035171424932802
4.086793644125799041 -4.9356290453330950996 -4.7038756214818899792 -0.8779048870459609244 0.0037599422785066340461 0.47882029210851106971 -0.3254443620654687841 -0.73819123164739008924 -0.59089734533062987509 0.35123920125835333961 -0.67458103171748229343 0.64928534185392716704
4.5763303561941492958 -3.0140046804519231571 4.4141745834324082054 0.5994060039487035807 -0.0072656712312624428113 -0.80041217660140784318 0.4826773710050656363 0.80098075762483111895 0.35419257676326149076 0.6385413048110162304 -0.59864600218840613444 0.48361965025622571934
-5.7040558745963911846 -7.3955807281389729368 0.77066050584861978123 -0.82367507709440046515 0.0044462034070502903099 -0.56704461786430937487 0.029370707752633607585 -0.99829256306211411331 -0.050490791845182264597 -0.56630091726896192306 -0.058242508619637450851 0.82213811570201023038
5.704136528481384083 -5.7372032643139947439 6.421751196943177753 0.86298586018070011505 -0.0083176480008880851469 -0.50515960038387763831 -0.38603643196985870656 0.63417423794746863308 -0.66992455479393109297 0.32593140124921982093 0.77314542788247686556 0.54407248508296046641
-0.46989097689759695697 -2.6485765523339623861 7.3378805632116650415 0.85107378904630970329 -0.010411718967469393154 -0.52494285565814047256 0.16264992154102581035 -0.94539243408076301112 0.28245025863954043022 -0.49921779677923094898 -0.32576792612374322333 -0.80290525573557958161
2.1136954067177962102 2.2275350731783687408 -7.506754724577950455 0.99209717392444973783 0.0052334600992823016724 0.12536270731996984606 -0.11260565232303967886 -0.40358048716461225602 0.90798830248237372142 0.055345863044050952473 -0.91492917828386444157 -0.3998017435786798135
-5.8287520823523690794 -2.1270508335380760023 6.0889527287196560934 -0.99406600695468305684 0.0094900063881243439112 -0.10836380205552675893 -0.050523465038521148118 0.84193675125731104458 0.537205627635065186 0.096333552294494431689 0.53949276794140266222 -0.8364612364248390497
6.6592126939446565359 -1.7694943627885362236 3.3473061153317535954 0.30456801402617417196 -0.0046335291674405726381 -0.9524793201113173069 -0.2881378422461516875 -0.95358316522289865436 -0.08749703348870332964 -0.90786282482432467678 0.30109413380385730008 -0.29176602593703127031
3.5266600176620146456 -5.1567904623524674079 4.2034323932875450325 0.94470002359601246145 -0.0089102458668554179733 0.32781469298397214462 -0.17010588893127945309 -0.86794482252186488935 0.46662165788618037432 0.28036735182347483075 -0.4965807009702914443 -0.82146317961027026655
5.3769001859194993642 4.9613149595570531503 4.570972215638478886 0.99945419816139502434 0.0022448333064662684931 0.032958557322517928467 0.0046366553807630338929 0.97827998762561596546 -0.20723601819640455335 -0.032707907365646909925 0.20727572586878681427 0.97773563209161395982
3.0775163941554941616 4.7477170180543462052 4.5535656414000582615 0.86227200643256329826 -0.00013523868281463576058 -0.50644542512820178715 -0.22184626279372149371 -0.89905352176845243495 -0.37747450335100635188 -0.45527049389041884808 0.43783872225532494138 -0.77525868630191996367
2.8775370094347820782 -3.2350465794748548554 3.1958294144678305315 -0.76937156761699398988 0.012440089259041414715 0.63868038573408958403 -0.14142167968723765026 -0.97831832504842064502 -0.15130486901941433975 0.62295047913676537821 -0.20673291719941436217 0.75444960168944608103
-6.5665213508220006133 -3.0618859490383814048 5.6590328232660249697 -0.97233302522772591114 0.0012261609840337184523 -0.23359577175272400185 -0.019354835510962165729 -0.9969707607727519294 0.075330554932918791788 -0.23279578689022109583 0.077767594108350698856 0.96941132802993712492
-4.3241496842001811984 3.1689921530952429585 -1.4302693509482216072 -0.70127662082560748846 -0.0050487190794336039151 -0.71287138497711943774 0.45718903026995966199 -0.7704406775571958077 -0.44429646967537483881 -0.54698198478952275714 -0.63749170410357647309 0.54260025388392585377
2.9680519308903123843 -1.1775449887725457643 0.017774795180523775967 0.8607365753977591627 -0.0015840648733296096295 -0.50904816914606043632 -0.50894211505400910323 -0.023325093610086944373 -0.86048466780782695285 -0.010510532661015856148 0.9997266780208622361 -0.020882958521737562951
-1.7640421866622315594 6.6710817346633790592 4.2455578218853142758 0.99991054512986043967 -0.0076165511804223732725 -0.010994993684591423261 -0.00097258276070717676783 -0.86125697922519406369 0.50816874148120583232 -0.01334000827517680017 -0.50811258977116136037 -0.86118734332038238133
5.5468499415605521108 3.0352203115692257818 5.5516931091933159337 0.10573428621787868409 0.010414944760546338345 -0.99433987632188147732 0.56219434655485445163 0.82417050544740610984 0.068414140734070774674 0.82021812795122317485 -0.56624597735989357083 0.081287857051214107429
-6.1635703045335130668 -1.4423636276551088375 -3.7267601575670386005 -0.62905347461275495924 0.0078708553650891858317 0.77732218269732078486 0.50109650870517719046 0.7685767882649803262 0.39773359111805539623 -0.59430128305517948561 0.63970912935185553216 -0.48741995730885501192
-5.3953394430881536081 6.6098330162633702756 1.1124175475410194025 0.85153339117909088163 0.011369163559077842887 0.52417709395501788094 -0.32903939730563747101 0.78995885067751880904 0.51739548631285625646 -0.40819598078353902526 -0.61305444811714071562 0.67641724173469697234
5.3035976839734049193 -4.8897847335626494214 1.8721273224843832939 -0.69935090348515882575 0.013216021848346774445 -0.71465631639335269742 -0.64445963330623168286 0.420793424870766819 0.63843924896907788824 0.30916030604391236958 0.90706021318986151947 -0.28576506926987987889
5.297297763477319954 4.0094336909992112084 2.8289978659444141584 -0.7783243422416795676 0.0097822087394168026619 0.62778621095574038691 -0.20941074413389826336 -0.9466697007540043618 -0.24487469839809922201 0.59191076904817430115 -0.32205711615552257143 0.73886457177091402482
-1.188340328680052016 -3.3988622798921261925 -2.2974963339111464933 0.930031202048982375 -0.009020026492218927508 -0.3673698440776341223 -0.36212291963060966316 0.14758928299280327234 -0.92037187844039802798 0.062521630606866204771 0.98900760495953388141 0.1339962799428460194
-3.5169788806065542808 -6.9610034874261641491 2.6690729599314115816 0.83045005282951755987 -0.0044730653899839496745 -0.55707513087695359477 -0.092320274023403064989 0.98503642087061871191 -0.14553424532608214004 0.54939027727087241804 0.17228825045374754343 0.81761059312853956449
0.18493554145842144854 3.6004508749898516129 -6.7197299446217408914 -0.92650156921034321211 0.0027397889272204167116 0.37628092671235191524 0.13435799012550875275 0.93646581802467321332 0.32400571316087217744 -0.35148651857549412236 0.35074815071228415686 -0.86800516244527003984
-4.1568250205403582953 -3.7206862895506316313 -2.9744748695192058108 0.93724546726862423274 -0.013670847281629502565 -0.34840212688661886808 0.052092302503421561433 0.99350635652883567683 0.10115093453199602846 0.34475690871164238471 -0.11295232388673837054 0.93187147527124336577
3.8527303013685845201 2.7987919415848905302 -3.1412162107671965927 -0.67278439248589638755 -0.0041550399181431753315 0.73982693710790470298 0.50548171813594178214 -0.73277102176842423553 0.45555994368104518744 0.54023087088529464506 0.68046261124294038503 0.49509720342851265551
6.4046284985007009283 -5.8990357492959324404 5.0650042982567065053 0.9777249721185145015 0.0077337376178662452231 -0.20974762977989405699 -0.19429699884961809664 -0.34463269702142873552 -0.91841002846313168906 -0.079388633530645957848 0.93870575445457793418 -0.33545335207734600091
-0.07413074221160495525 -7.3199398275126990043 -6.5359543013610910123 0.98336915234482613624 0.0039933304270637591527 0.18157412681513215857 0.18019556493430061161 0.10342950013884603944 -0.97817784521990325253 -0.022686308527033627325 0.99462877085532630517 0.1009897994467587462
2.3349057972264390948 4.8367621701225163022 -5.7687023225474653998 -0.84199874679226804908 0.0067630072265405126106 0.53943708820720404074 -0.39238980023681335751 -0.69389143530100494406 -0.60377555489281975465 0.37022743694974269424 -0.72004787184537943912 0.58690945398794136523
-6.9804310885489133653 -6.0717912606504107487 -6.9300646531578316001 -0.93486591160486043339 -0.015215930603195867293 -0.35467478452129097555 -0.10571824748313718434 0.96568462134124566365 0.23722745257252181306 0.33889434853415384419 0.25927145535297679846 -0.90439423537022434196
-4.7215012940332821145 -3.4220021753160940747 7.4994460378024925262 -0.67571225544338398006 0.01630157322845639592 0.73698521461018662304 -0.48937765287879242404 -0.75759026518837857544 -0.43193344736714578413 0.55129162945432175214 -0.6525268184541344052 0.5198906524371676996
-3.2527389574831957475 -5.9074077397862758687 0.44732799238377352058 0.97271493442778289573 0.0059997368104960759408 -0.2319259784917102607 -0.1965334570723815677 -0.50992449218532498456 -0.83746737997414955057 -0.12328932067423309382 0.86019824193488003683 -0.49483201996229780883
0.93243373442946841934 5.873216093343491373 7.3830082087375652478 0.99079166226695769559 0.004153113997088057896 -0.13533156921608879841 0.079523494527760169026 -0.82680741662352508214 0.55683526256359416884 -0.10958054480818198162 -0.5624697747082777477 -0.81952416482936463193
-2.0183652258761553 -2.0182801853427028149 -7.4257527946237331662 -0.85911447504462401525 -0.0029930696264601173995 0.51177471635776117243 0.28771171016030910872 -0.82982894504738669017 0.4781274869720430476 0.42325440411822307096 0.55800982383441843915 0.71377919968205028045
-2.9033248127739645916 -4.4201577407996239799 -4.6760957013498449797 0.55944255804847420332 -0.012097441121471552011 -0.82878083723172613073 -0.5078294716945711551 0.78524623767828660714 -0.35425636746633432095 0.6550826298434564432 0.61906542314224877188 0.43315672677115302225
1.7401975524962642883 4.017445275941291527 -0.94776145734283523403 -0.91223474033545082218 0.006020517298113352983 -0.40962364665226980165 0.3791407422951405537 -0.36634049148956238096 -0.84973345340005490556 -0.15517756299536034081 -0.93046138967006497555 0.33190589973086237485
4.0154015207886182282 -7.0942107726058294404 -0.26921503310795769082 -0.93287292982411695874 -0.012610717648541765884 -0.35998481440442886559 0.35505259865170574196 -0.20063276901788984485 -0.91306305597524661799 -0.060710369724092251575 -0.9795853519711896773 0.19164234712442157482
3.3093374351767383956 -0.027723799680388995503 0.26164103051268366995 -0.95191476064880697905 -0.0041244977947093499487 0.30633523626395287032 -0.17570690826479157254 -0.8117636954645439662 -0.55692619359634820686 0.25096886429799991625 -0.58397148153280664662 0.77200514111585372135
-3.1979796482058788776 2.8576491177095411089 3.6737840544997886205 -0.998760074526746644 0.0077316977109850451924 -0.049178596785346827269 0.0047667499507413335635 0.99817957200719220623 0.060123374176823465853 0.049553926445641188758 0.059814403599891624586 -0.99697875879867270399
-6.0696672573590566557 2.1440817412609258774 3.2383129893479982719 -0.98639511866654805416 0.0035731023103614972282 -0.1643529823602145612 0.0561253037380294445 -0.93237205501801678764 -0.35711664943250431836 -0.15451414223668510917 -0.3614824808499107478 0.9194867023983369636
-2.0212758715206562421 0.609910334795155884 5.7931196786500134266 -0.9997403151335251259 -0.0086429867293240942444 -0.021085565604176126353 -0.016151018474480485776 -0.38401668655491105753 0.92318488346030813663 -0.016076283733877892723 0.92328569967687001974 0.38377737019465618662
6.9786454585401092032 5.7335243646958691244 4.8133951436648549915 -0.9937551076465305222 -0.00076033282950903856301 0.11158049973276484845 -0.017131084037653003527 0.98916103103617503134 -0.14583202885275087235 -0.1102602012800748682 -0.14683281844867518418 -0.98299685220254318097
-5.1622550808343801165 -1.7371184072326650849 4.9395128020188634466 -0.96430952169368944205 -0.0098179088226217625657 0.26459545543584106486 -0.0046375599559416239015 -0.99853274205647923889 -0.053952350078350905238 0.26473692490584177506 -0.05325384218695571048 0.96284909974708687841
2.6619862027271157245 -0.36313627776819468185 -0.9002149304122556428 -0.60083269103084213647 0.0014522908890375746394 0.7993734848239533175 0.78596229977139608902 -0.18134342505090209063 0.59108191101489571118 0.14581954850689962666 0.98341875772326869942 0.10781561218713424377
-4.3136146185636805583 -2.8119869833414710136 -0.49054525166829310301 -0.99997350385272176787 0.0022390101239250469189 0.0069266460898014491077 -0.0055178633708721841131 -0.85377446059421990832 -0.52061379507364557995 0.0047481339712491452132 -0.52063822110052659919 0.85376419341233356075
2.6751583938406238161 -2.9561268831126126244 -2.2893688928463911125 -0.85987299892234581034 0.0022818203476668817709 0.5105029079447638285 -0.43778832039629328454 0.51109246104768013552 -0.73967958115982579415 -0.26260200351254514572 -0.85952271032015936658 -0.43847565291026002754
-5.660097107149010931 3.7494275341404366131 -7.2480744333198563467 0.62355187956919611025 0.014460067778822895124 0.78164823285506868089 -0.64068993698104637069 0.58239718936572770769 0.50032980969551033024 -0.44799493092756809132 -0.81277575028950777014 0.37241928199886503714
6.1310828640851546822 -6.5834998746077566523 5.7396389494171380363 -0.98150000867018705186 -0.0037856993165342484736 0.19142466262532656374 -0.13374180198843099721 -0.70188576550257186781 -0.6996209706589995303 0.13700680049328364807 -0.71227946809208453338 0.68839457867776510103
-3.1322506364481315089 7.02959918949229845 5.1722782031824596771 0.99779713406552172916 0.0061536069747741136901 -0.066053102666043639335 0.061342858297847011051 0.29350431695700623935 0.95398756263564432611 0.025257335300216350593 -0.95593794204912163615 0.29248028645487378352
-3.1618213518749764823 0.85697427465869668861 0.28740842296750751528 0.96922780402134467437 0.0058451569809481462858 -0.24609611547465296 0.12740738084001815289 -0.86731225264906375294 0.48118272590792010579 -0.21062958771103568179 -0.49773013827230538908 -0.84136786617745529249
-4.9882535299917236671 5.1786615354617540063 5.3547689025321520973 0.94565365615140073441 -0.010873652323078684609 0.32499373269744791237 0.22171345265717615214 0.75266522564406601603 -0.61995016172024874912 -0.23787035863747710285 0.65831361963071199916 0.71417145748787325132
-0.85215786336400500822 2.0418376135442364294 4.8042895516100418973 -0.74423411443319842373 0.017533313475581003421 0.66768867433281253732 0.101071451842331822 -0.98518739543134248304 0.13852926588139014008 0.66022734306925245917 0.17058246920979802663 0.73143795134105782374
1.6664814837962991234 -3.9707724622920865798 -1.1895023832180655621 0.99815922037415727441 -0.0019218303831799420089 -0.060617467368006792972 -0.02061464777026945222 -0.95073804115229765266 -0.30930925204941994711 -0.057036892266693013653 0.30998948961868949548 -0.94902755979295072564
5.0635145019137750566 1.9267454528234511102 -4.9333780214320013258 0.94320323394296534669 0.0018727596379793983589 0.33221100561387584271 0.23999203149165584947 -0.69530858663581818213 -0.67745833390033438626 0.22972044815402523077 0.71870888551744749329 -0.65626675489319297174
-6.9027414478866013781 4.6473620344328772092 4.3363772761778518472 -0.9863558188590748621 -0.00024661656913429683136 -0.16462726925730145067 0.0069431236051725360447 0.99904681091514790925 -0.043095970053807233779 0.16448097652153625958 -0.043650988311234789618 -0.98541392296938778994
-4.7525074917088057092 1.0322495331480772141 -6.853642672524732582 0.97173714285856893635 -0.0077055884180767019245 -0.23593971496185531245 0.054377771401420110786 -0.9652826843504406229 0.25548463216182748514 -0.22971718082581427112 -0.26109378238582059417 -0.937582025015986531
3.0457903135703046082 -0.79018601257321419151 2.5996200743895441221 0.99293767323509496414 -0.0093474543469872703461 -0.11826834812312991829 -0.11557116948992443572 -0.30138378492862749614 -0.94647298903071952481 -0.026797049338995907602 0.95345709881422713305 -0.30033561038843842317
0.23982772073612304564 4.2213193499888586047 0.79116692307861113953 -0.97126216545834997973 0.007802036135652517905 -0.2378842873782053835 -0.22997067217667052641 0.22684107871370234877 0.946391364577413019 0.061345707982794928093 0.97390053559904654623 -0.21852791783190200769
-4.0180841974685526097 5.181620925308194181 -1.2267305369291154893 0.99466172280452203047 -0.010791415227863728268 0.10262359643340274173 -0.035450865057027575178 0.89824790677927268678 0.43805699872654979554 -0.096908685649156861563 -0.43935662430861505134 0.89307024545756863443
-2.1368472178190187627 -3.2713781651269462358 5.6918983861494121257 0.99826496396500663533 -0.0066622384585942780177 -0.058503643463430843319 0.050931465869551363623 0.59628533762680480113 0.80115527952800447142 0.029547377280421994322 -0.80274492256877094665 0.59559007864959290224
-2.8372849696847755041 5.3916766876360169292 -3.5318156071614210667 -0.93349717711717972168 0.0046529240289507473038 0.35855455737192215571 0.14901859534131045582 -0.90444887337111268266 0.3997070098213389433 0.32615407180761163408 0.42655666183492924048 0.8436070979356570243
-7.0930890827352586214 5.6755180677384577947 0.01748540324791208328 0.99416970747402544362 -0.0043024054361389578796 -0.10774080957780693413 0.03034010075598239306 0.96999455113958066299 0.24122613673839898851 0.10347014558383942073 -0.2430885848144456185 0.96446973457225959603
6.4083758808283199926 5.7492746049387450924 7.1958585075671797071 -0.91908384609189974768 -0.0095175179324994384211 0.39394707855912203254 -0.39124911065702511204 -0.097196670879010210742 -0.91513766209250024808 0.047000183648122743907 -0.99521968631178758802 0.085608169672020340002
0.58367951447291488432 7.2439394816072955052 2.4844293083542909883 0.71708865133648747037 0.003001619389966829303 0.69697550631667382071 -0.20609361981782764461 -0.95436058247071076099 0.2161511010763468299 0.66581475351232455306 -0.2986417065769671475 -0.68374252836719384696
0.5541261164358981528 -4.2862864308647807832 6.4703520309476560968 0.91115165936070330321 -0.0037128496245212565946 -0.41205444833419391237 -0.29649064534336899701 -0.70035755317778247697 -0.64930162092114906969 -0.28617468593188899462 0.71378253863100571408 -0.63923277190498328793
-1.3240884565906001491 -1.077459041439454035 3.5594570002827303767 -0.95026645323164093959 0.0080285278051226705021 0.31133456377968293793 0.31117031076704632087 0.065919499693259817064 0.94806521782891195471 -0.012911450719119095532 0.99779264494251473927 -0.065139328664452544881
-1.4274833792293417645 -1.09725227457449237 1.2846664588877769742 0.89089141246423042553 -0.019183168361984238165 -0.45381108101183886827 0.35635785897074273576 -0.58998628078005710407 0.72451726331485089005 -0.28164084850620857425 -0.80718535327575535732 -0.51877763821289402113
-3.227293956549588394 -4.9921769102113096039 3.4296537946957008636 0.88807407244843428185 0.0016776105434403425914 -0.45969732158001214151 -0.41591766110798511491 -0.4229906511436276606 -0.8050412462870718544 -0.19579821506682076881 0.90613249288829644801 -0.37494928231537133501
2.7868356330312575864 -5.6397695922893529286 1.9658254813339679501 -0.75779636018427898314 -0.0060434104471971282144 0.65246314354278589498 0.65021104671453500146 0.076528528112674021333 0.75588952838048584226 -0.054500194695871542749 0.99704907681368037942 -0.054063547821417298755
-5.1978865733239922875 -0.95531568121145715722 -0.57323879934341326337 -0.99964595416406720751 0.0079849328920431339451 0.025381236574000022588 -0.0088303754597731133613 -0.99940391937364103647 -0.033374097887441972476 0.025099617378704607018 -0.033586407775603586978 0.99912059453308177392
6.4171405020301817146 -4.2041430159994357396 -2.2960303291056498587 -0.99321501543979140436 0.01295424194537224058 -0.11556868399536242287 -0.11626577409503391358 -0.089329439274866501153 0.98919286342598089501 0.0024905579444147746965 0.99591788762653976619 0.090229475376123899344
-0.41448430416383658104 -0.47537987226572597788 -2.8387284369860288358 0.63213997567754487417 6.1685818577711165264e-05 -0.77485421038105395386 0.61898614924364803169 -0.60158100012268633794 0.50493212151328559223 -0.46610642367906807149 -0.79881180292115394614 -0.38032158145297129126
2.9420772133473267473 3.7932208239911338055 4.0351371304247471983 0.96325980138134559283 -0.013817191606548949456 -0.26821565998111529527 0.19200658447907326121 0.73371103057118725044 0.65176805317141728313 0.1877871842263599822 -0.67932113822131390268 0.70940733334668837351
2.8710625450629692068 1.4411755174883424946 4.3860509986813820404 -0.91461832757321614995 0.00041920853944148270959 0.4043181162541957252 0.31480064023292397835 0.62826351001898927962 0.71146715938791194045 -0.2537200657733754694 0.77800050529725128801 -0.57475328792550017809
-3.9013167297378394949 6.2190344907941730312 1.25135676287773423 0.81359236497296305579 -0.00098662865319361532646 0.58143485466686783969 0.57094829912509315051 -0.18771756682690859952 -0.79923723313582983874 0.10993408654128775104 0.98222255200569374978 -0.15216226519025061181
3.0619416417405589392 3.8155684555081648135 -2.1697145068998140438 0.97399907345852632101 0.0016364624690540828869 -0.2265460811677339481 0.10097333621272613913 0.89202527578032497768 0.44056247314452079422 0.20280579448314950408 -0.45198255426481015462 0.86866655303659856546
-0.39873164943949762629 -2.8979745263460556792 4.9147629535805910095 0.9775188764047131329 -0.0095143739226377626456 0.21063314782208178433 0.060957723953022957541 0.96907400666979748305 -0.23912282510774934829 -0.20184400452588116548 0.24658679260227833741 0.9478681087318872045
-1.7851311329028920483 4.9386188809774527186 5.8625930860608876927 -0.95476971126599641249 -0.020018911901655805918 -0.29667160567739980781 -0.12772772302949747525 0.92860202786758516691 0.34840192681723097801 0.26851522716342668406 0.3705367957525103062 -0.88915806006296982389
7.1035542313347157517 -5.5297346286992175024 4.0757449113192780743 0.99939944634517652311 0.0025591433647516627359 0.034557161778734302171 0.0033040816643877465864 -0.99976302652259507742 -0.021516826965324118565 0.034493908003033466048 0.02161808464083980405 -0.99917107080178435563
2.7099356710690916117 6.4876758526583166997 -5.4711279876210801021 0.99774618808308701556 -0.010972474871934156243 0.066197801783063600634 -0.055109894809087442424 0.42882344429613433734 0.90170580186441007253 -0.038281113618335090021 -0.90332168047556604673 0.42725226497114904278
1.832264390076731253 -0.43118997993162405669 -6.3669632590065150524 0.96899336192567486759 -0.0020300148797394571877 0.24707841585961168307 0.22426621293842416427 -0.4125061175477988118 -0.88291753223056335109 0.10371369378413096418 0.91095256848274863692 -0.39926042590816063216
7.1263232720358935524 6.6088205053408932699 -7.2884775683305864646 0.99999750288368327578 0.00076203657542789002277 0.0021008394936467694736 0.0011277525620679764579 -0.98366510588382150004 -0.18000468783035061815 0.0019293523471146708376 0.18000660756482367297 -0.9836635089463205972
-2.8683239951969277115 -0.2931905945959438764 0.27999828233251378151 0.99863202344341839289 -0.0098970362182639413234 -0.051343260776803241463 -0.010391432680988117385 -0.99990209416744479931 -0.0093712435989577250184 -0.051245486434792666963 0.0098919539953887351824 -0.99863709592936023007
1.6787331023528337948 6.617702098284712342 -0.086098079936495500175 0.97746498675906146048 -0.011938972324718629542 -0.21075972243227716896 -0.21042655441994095877 0.024438156805823080947 -0.97730417050520190791 0.016818586589613999938 0.99963005028433449262 0.021375165809026347441
-2.843095253409507972 2.9186681262284510652 1.2776320125914577552 -0.9737932823477178923 -0.0034838485576124253104 0.22740823655659711533 0.02435696504845670865 0.99253474567149257979 0.11950530067070846973 -0.22612691460373005037 0.12191243346761394817 -0.96643881185405067225
-5.9628362697617802723 -7.0835351355545723706 -5.0633167533223568668 -0.87977197342962520921 -0.0074675588579090120683 0.47533725956681577296 -0.28059407663713981096 -0.79897702995806663129 -0.53188595559173390548 0.38375544155615820552 -0.60131517622970598325 0.7008222455885676494
-0.25160434862753805474 -6.1131554451097036562 -0.67693054043391442942 -0.91594234040719313406 -0.001989157334891323084 -0.40130496172166540969 -0.073220587768721034916 0.98403065984067994432 0.16224181341481602736 0.39457366178718256133 0.17798793146286476241 -0.90146099287622671881
4.0090590392162690492 -5.3188120094420412443 5.8723741113869598607 -0.71253561061296366574 -0.00069153574932626603322 0.7016356072682635725 0.3413575732883691316 0.87332920867271435217 0.34752136687938545156 -0.61299919312115147552 0.48712997758020060157 -0.62204210000254278601
-3.9691967439382658256 -2.862785514425008504 -5.7400219751771421883 0.77831664341283635089 -0.0017564036577783262959 -0.62786950685048958931 0.34480590030854096906 -0.83451438190758941982 0.42976114005526833139 -0.52472096746636209819 -0.55098335858300573342 -0.64891081426155794443
-3.0431496329259632994 -3.8557013021067669811 -0.56801154430265776707 0.74008953534160903942 -0.0024592237098785604127 0.67250385270009704897 -0.20821951209441569297 -0.95169317174613388133 0.22566510947592888225 0.63946236360001107446 -0.3070408101056688599 -0.70485021562642613535
3.5943462239478685127 4.9991586863836090515 -4.0987417695795169692 0.99883891153706594324 -0.0054430218193391496223 -0.047866505123746738715 0.028963049157103619435 0.86182583090529152337 0.50637671645517623453 0.038496371034399769206 -0.50717512823273902534 0.86098282138457848944
-3.2753677291378688885 -5.9900011796321370738 4.9709083756455667569 -0.98077460434772123499 -0.00068317942455225144031 0.19514279062355543992 0.19477913326762472113 0.057693869727229597777 0.97914886847682158777 -0.011927477100974401281 0.99833408769894849133 -0.056451613158844164697
6.504262483521455529 -3.7031881327220945721 3.9095044178649267508 0.9974042663767884731 -0.0017249383858583518594 -0.071984401094540337307 -0.0058845211512418543059 0.99441632741754693026 -0.1053638466277844743 0.071764209911291773625 0.10551394387923143658 0.99182493708464847249
-6.1594678478246898123 3.2516659911114156323 3.4196981068238647694 0.29070669225529477409 0.0030526061364609742739 0.9568073477319010145 -0.20021870189173640586 -0.97766183722857225025 0.063951571048606714598 0.93562924841562722378 -0.21016187480743153682 -0.28360165000696474502
-5.4166902740501177149 6.9840803993942195405 -5.8716382230526429353 0.9817819233783022792 0.0031393587105995541045 -0.18998526088748166063 -0.14201022416472311449 -0.65218497172538048012 -0.74463941534696331814 -0.12624322223507464247 0.75805336690931934829 -0.63985759490478244516
4.9448477289655761169 -1.6799963766216987615 -7.1526713788248450498 0.99300176765467240703 -0.0065451640486913331002 -0.11791798108084085295 0.10870057805413337049 -0.3396880342032386757 0.93423563609505133609 -0.046170052688964242915 -0.94051539075484313912 -0.33659935529950074651
-3.5899404854467156234 7.0525854472628584091 -4.0072549001844164351 -0.99199677282235909637 -0.014001644595457262213 0.12548448772131995388 -0.10332191432176093815 0.66125598507804417281 -0.74301083721535632343 -0.072573994866894864231 -0.75002965017869505093 -0.65741047993019485762
-1.7176117126847127992 0.81538546719047044764 3.8507440542478361678 -0.96473170949625575155 0.0038656279930221228158 0.26320673549989043183 0.12618611296441095693 -0.87072888511327317662 0.47529808912332505155 0.23101903295442924313 0.49174817289913236307 0.83953197727245520987
-3.011804090205290052 -3.5802164031310148573 -2.4333155698815094325 0.90204215591572134425 0.0037919216715461812571 -0.431631289737950119 0.15416621067763119912 0.93117802021118556421 0.33036385117140593115 0.40317828368618030543 -0.36454508089599618748 0.83937724269741464944
-6.0113172991625889452 0.63984295625881570935 -2.1603968152566310756 0.99038413134879355049 0.0021413673846909057896 -0.13832818555259210336 -0.0020043617578004331581 -0.99955315620289963974 -0.029823991328185375793 -0.13833023858325541045 0.029814467470165299801 -0.98993729226800530885
-4.9417633272359289265 -4.6332776635981991475 -6.022160397006715904 0.87765667337988362284 -0.0021414813846829024863 -0.47928506937849535419 0.43227293849825698668 0.43547111516064090919 0.78962333710623033856 0.20702383996477596861 -0.90020015658647134504 0.38311983473588145932
-6.7819333475876906192 6.4865092596784430512 3.7208846671705999576 -0.80246693386558676231 -0.012460674075145431253 0.59656646876437458005 0.23166092376418523369 0.91485172910924661416 0.33072576274988896294 -0.54989093141555289712 0.40359762802495796619 -0.7312516107329632975
3.1527208562971766881 -3.7704578397642420917 -6.0771812342022739628 0.94776224130117114886 0.0044686364810674174611 -0.31894633600612720681 0.30483639994687927732 -0.30710957287387224968 0.90153118610316140824 -0.093922857873454557165 -0.95166367038844823512 -0.29242906016947928238
6.6239128437873544542 4.4906006817569235068 -6.4161060981048674279 0.84943126098521204437 -0.013962184747895541384 0.52751454032867428623 -0.52630797987696875673 0.05012724832123648111 0.84881515614047975404 -0.038294166382960875827 -0.99864524049985925469 0.035231242501967831304
2.4518364852782004171 -4.5977770631667338463 -6.4164880575054530354 0.77886605593181112983 0.001519731321736495595 -0.62718845440122006352 -0.49893352670347418387 0.60744549683905879611 -0.61812240236152249384 0.38004342231990173584 0.79435990507242937309 0.47387692322454655347
-0.28035003396227831107 7.3576311207220017607 -2.2403685946307234644 0.99456161915408847207 -0.0041492151831334835727 -0.10406714043744436093 0.020038957872206265148 0.98816005555063579635 0.15211227689259071427 0.10220384470681923017 -0.15337042944269718703 0.98286921078025801801
-3.5467921111654381328 6.1709138255827857833 -5.8597947605168529961 0.85759379180878436699 -0.0012833930146572542202 0.51432600668584538273 -0.51361570797330224902 -0.054732995876382875555 0.85627285586162205089 0.027051668601278527904 -0.99850020133431249825 -0.047597848282555893507
-1.2484478288075033792 -4.4972266522609682937 -5.2203542998373810846 0.26353706362237794281 0.0052391699150566434229 -0.9646350435246268118 0.56448306437498929622 -0.81173680434646977577 0.14980731124762958206 -0.78224490163325022252 -0.58399992428765590269 -0.21688015654011427724
7.145236446848159062 2.6181274434645072091 -1.3956322212267493477 -0.98753635902455438877 0.0015151651282972015966 -0.15738374718885420056 0.074064185414985911349 0.88679310601678251746 -0.45619347163225992814 0.13887561356623132069 -0.462164139019569431 -0.875852654594778679
1.315255529746112817 0.065060776706422185356 0.21347650174208798735 0.083533231140601627018 0.0032629865828772246228 -0.99649964988146222389 -0.87634438763853850229 0.47628846071298203135 -0.071901435633244054069 0.47438667092329694919 0.87928303469947599602 0.042645414057253777651
-2.2896958083160647845 5.6040656219758195888 0.82678823123074285384 -0.99078423660634129533 -0.0073984519499772916085 0.13524740071936960928 0.033984690835411002219 0.95298879110606082854 0.30109368112762507907 -0.13111688404398713637 0.30291521410267785441 -0.94395483778814903708
-6.2727404774175310465 5.0090653269336016251 -6.2879115735116810626 -0.93018259743866860134 -0.0092104950519820757288 -0.36698161016997099537 0.29763785513319895859 -0.60407858035250294737 -0.73925690794947240825 -0.21487680799414063393 -0.79687153013537526114 0.56464477492142561843
1.9286539683341963336 1.0087827623653455866 7.2874639773003790921 -0.91687142963921075545 0.00017537223291291294258 -0.39918260327311522184 -0.32377305608738204956 0.58459457791379410008 0.74392216503179431353 0.23349044876216970557 0.81132555039163323229 -0.53594128560746467915
-2.7325293948372291197 -2.1940333494931070213 0.42053218835633154882 0.93051514482972597087 0.0056077358645199616716 0.36621048393102018093 0.35712227402908020002 0.20798482161382891853 -0.91060748699465599021 -0.08127266843688417397 0.97811597843856179502 0.19153037902233546741
-2.2711928529324070247 2.8618450076480734801 -2.1918257836027863483 0.84939169025992744544 0.0014835750526008585626 0.52776088858720293651 0.41132418795288805402 0.6246969116858849258 -0.66375159580591536201 -0.33067532251767173257 0.78086590880579065388 0.53000213541323071276
5.0497156303694383794 5.3761109507446551703 -3.3623275471152012095 0.99967424746522726142 0.0092862531298311332129 -0.023773187791681207881 0.017978603313109180195 0.40491625672325753937 0.91417700412128422016 0.018115429276727240682 -0.91430661735776153076 0.40461740036488119676
-2.8665882703692564526 -5.4092907507549101709 -6.7625569369973206335 0.97447717319492177523 0.002953726361816452501 -0.22446717894293272133 0.20528047161446111302 0.39295216769681284852 0.89635290029995773331 0.090852445733552375517 -0.91955416882479845686 0.3823165752374836357
-5.0074776092389905457 5.1939950375217129874 -3.4121205942160948155 0.56760260408218865535 0.0029297489946930183047 0.82329745560759970413 -0.69112822201165979852 -0.54172517213713067274 0.47840946751903695722 0.44740257551561873894 -0.84055056626234059269 -0.3054597861882854537
0.17627914301176078604 -7.2175307042068901353 7.0583251810627727352 0.97889661885174983347 -0.0056599885546372800255 0.20427768877261640035 -0.16547022334822997225 -0.60855112803981081804 0.77607031237289592074 0.1199208688502990533 -0.79349447955927365772 -0.59664520120678554704
-2.5698085077915973073 7.1617285266672885413 -2.1784516688522170824 -0.84343019714940470344 0.00011286046405750401259 -0.53723876423717886741 0.36068611204819672755 -0.74100317418118133439 -0.56640959069302243556 -0.39815955484212667281 -0.67150151385968726014 0.62494374608594871479
1.4343533046994536573 2.0575186738927708774 1.4520020164248479411 0.99136071825390559287 -0.0020746043746840006974 -0.13114733058514466135 0.086368636545319496522 0.76282962204940008011 0.64080529519131956828 0.098713651154264600573 -0.64659621383103993431 0.75641850277151456705
3.9189923430660362769 -2.2994563317567235927 -0.56517664597223715717 0.62710181016857302616 -0.002018697841380917915 -0.77893468567160295546 -0.77570179987078768935 0.08943190582044789616 -0.6247308635712695013 0.070922756295057343134 0.99599089307102428581 0.054517002477876344568
1.3185895203017423682 -2.9188105030875002299 -0.15815431100778118423 0.4767664986405631411 0.006914770383935044118 -0.87900278254649710785 0.12339041981416444538 -0.99059477605094603536 0.05913369562954859382 -0.87032666859751506294 -0.13665348737317858929 -0.47313561937001613611
6.2405249554285209257 0.5612666137917664555 5.1955610520712092182 0.426422109255377213 0.0033445195212684422637 -0.90451810315076119906 -0.88534585852722091914 0.20637351928120323263 -0.41662054837496931281 0.1852751886437591089 0.9784675695845451715 0.090963287893242469884
-0.27456120960363911143 4.3958795007723674431 3.6934716119722117433 0.3910364660877473364 0.0018523268028221621072 0.92037332157941909028 -0.43277306302728124621 -0.88218072561503857454 0.1856465546980363146 0.81227948275676498113 -0.47090735419904866665 -0.34416319625102048674
-6.5771753763670108839 -5.7252748062942195872 2.1338516705434309451 0.94654602191996783933 0.010719725827661343368 0.32239062620629194145 -0.21385576559178615108 -0.72737146527913298932 0.65207090336947803877 0.24148776348017719773 -0.68616021378096292427 -0.68619809174417900621
2.9113100674275051993 -6.1789361960935176299 4.2962334440497107479 0.96683643074104541615 -0.0023177821036916889177 0.2553858729025507146 0.17251149160640638636 -0.73143436084782442741 -0.65972991521907087265 0.18832711290681647398 0.68190791435308140134 -0.70677754271545012443
4.5965543016056420456 -0.65860308107885645601 -6.5996459759336252304 0.93840336734588425394 0.0016052268962623295057 -0.34553804913558233691 -0.061236566074571355256 0.98493338895760806917 -0.16172910156169290063 0.34007234984513223797 0.17292669708043609256 0.924363107392038863
4.187652391666349061 1.8366056892332001116 -4.131459553669770024 -0.9924365896527951314 0.0070631669432036324474 -0.12255499659751738217 -0.031920455754759290146 0.94915372895774163808 0.31319049045269464759 0.11853564874204830515 0.31473371360295643306 -0.94174943031517821534
-5.2455728659763591892 5.9577917340707244875 -4.9648009284837177901 0.90697490851109707766 0.00064510551166832921788 0.42118416300971278643 -0.36523119035321643944 0.49924731338303796058 0.78572151407031920467 -0.209768188542673234 -0.86645929155312118031 0.45304039903392429034
-5.8439771300334797388 -4.7989708653213769551 6.4708897465560983875 0.99989849568477995323 -0.0042580510316584394351 0.013596592542128534131 0.0077302941134632261952 0.96375733938347984964 -0.26666839583565299376 -0.011968328215059588493 0.26674643350202187353 0.9636924298415135981
4.0126723070282670491 -2.1894346783505400644 -6.2013619131275952157 -0.91750355150394724557 0.0040457122893185525417 -0.39770700922897483931 -0.16313782358679543294 -0.91578787661338001413 0.36704034596147577796 -0.36273031785775128322 0.40164187687567132201 0.84089863791466123999
