1125 14.717824617146108679 14.977075390850430381 15.033177056927090831
-1.1989741212605955489 7.156319626602472006 3.2729806387244511079 0.86065380137590064002 -0.0087648170746675718723 -0.50911512662536384521 -0.46433539765009845812 -0.42384153863009360608 -0.77765737225389952592 -0.20896811399420886501 0.90569394836955285921 -0.36885064622474261764
0.90778840482569589376 5.910639909814907611 -2.6521566663928601848 -0.99886138464860052544 0.0036291494685120016805 -0.047568514082252752462 -0.026065782726026921756 -0.87663020158937898785 0.48045818198069334404 -0.039956341533445002834 0.48115103547166870879 0.8757266536059499229
1.5245278002633428915 -7.2589776341231058154 -5.7047406077846591899 0.97668041564314944658 -0.013731994769369860326 0.21425871748581956644 -0.2115787897172523857 -0.231060985433260202 0.94965532523770501694 0.036466168441144024281 -0.97284235790300566116 -0.22857813812560906497
3.0903130012561188522 -0.78251836914602657114 -7.4334558036291875638 0.7504896987953064702 0.0036572418354166480632 -0.66087202738824324388 -0.51716916892300757169 -0.61933611476770811244 -0.59072737168670086394 -0.41146234665841985301 0.78511744441612119072 -0.46291396150458274938
-2.2359738482288182837 -2.8271067258278130829 0.37083711090375331976 0.66746967623893327382 -0.010865289953460772338 -0.74455770547068866883 -0.40558992938003557427 -0.84385857970122979399 -0.35128265919366707948 -0.62448461989636239178 0.53645562998149698419 -0.56765686516952729157
2.8724380564538063432 5.0062405461379793081 -2.1680898232898071498 0.77243219801256823853 -0.0047069312677445697066 0.63507979362562139158 0.60432629137449445089 -0.30204057281889867825 -0.73726604826535258042 0.19529012526762645763 0.95328345059028307684 -0.23046134123467720833
1.0522266496968721849 -1.0932431599620813234 0.11170050393067226802 0.51596847932082146038 0.001557298859698298156 -0.85660615405657347665 0.83162937109363299637 -0.24063638961811981143 0.50048648046281685176 -0.20535120521153923945 -0.97061408541802252081 -0.12545588749182917665
-5.6210306082765288949 -6.0683078104368961547 -5.9950078448144630272 -0.78569853997303851223 0.0088761985321982594943 0.61854588947303434932 -0.61860867709714595364 -0.012975782125027207278 -0.78559209116334594025 0.0010530453296296671609 -0.99987641345207056709 0.015685946502269697278
-5.0544867232573951199 3.8518622539036688757 1.6000855760850305476 0.74726249129264832316 -0.0068866852181178606074 -0.66449329768916820527 -0.66358907587203541656 0.04543160026121943057 -0.7467164844042479821 0.035331395252174914445 0.99894371376190194134 0.029379401714886163588
1.4141104787209737292 4.9983963073133113042 1.173498777355050704 -0.95346209864077391405 -0.0019309803926906669858 -0.30150671264523770665 -0.27789497350994690761 -0.38234213774504510752 0.88124280048263703424 -0.11698038362624724185 0.92401880988392326444 0.36401212730812526619
-3.4933842805737298498 7.3928885738114633597 -0.033880964796235549241 -0.94927915509856253262 -0.010842362200025214627 0.31424755985893043642 -0.26367687992614291526 0.57191172643109422502 -0.77678277540320750383 -0.17129970428400237425 -0.8202435128378732232 -0.54576276069340889929
-4.0329417390313153646 -7.0552700017638114716 3.6028440094718243714 -0.96951223377266726455 0.0066693047778218599031 0.24495213601610152376 0.24132405905591969297 -0.14750695825088550039 0.95916859612284954828 0.042529132201691667581 0.98903853192945956341 0.14140033689072206702
4.0456069287662366207 4.7717275336973257183 0.46857128043269724582 0.88825184786751865129 -0.00096774209420311813057 -0.45935576434302083371 0.4143656919162691521 -0.4299293512198818501 0.80216072349783185125 -0.19826681044155289313 -0.90286201406138177905 -0.38148454155107369701
2.1923368700343903726 4.5395369580246258678 -4.1871938259334529064 0.95084833436917626237 0.0013440563072664641654 -0.30965406268955375513 -0.30548579443103351938 0.16765248658369175105 -0.93732122196353162558 0.050654461090335299589 0.98584524001236206736 0.15982267772979397158
-4.567007718928420168 0.62286800564932609525 2.9119482022601497206 0.98715222141656722155 -0.0096126292938805944777 -0.15949322590733286398 -0.0062661879181831331431 -0.99974982560333691683 0.021471401794151349918 -0.15965972141170031717 -0.020196127452785418016 -0.98696549574673375638
3.5519279137276926761 4.4935457388199164797 -7.4657483300219462663 0.97652294256541383177 -0.002003920420087746887 -0.21540410150759289887 -0.21536476121172537512 -0.030335581470719224367 -0.97606238126722011383 -0.0045784573333246085525 0.99953776156759432947 -0.030054965124950188543
-3.4464254069863100582 -1.1502191599911200104 5.5389213985156287023 0.68295490490870014444 -0.0010679069295418085195 0.73045975757460601674 -0.63329910427235736048 -0.4991975045554772894 0.59138320569107782898 0.36401214593606145975 -0.86648757118638231045 -0.34160568875626456942
6.8420681459317602702 -3.6332287827699469851 -2.4354070622429335735 -0.27536005696116772068 -0.0031015311899000534007 0.96133616364650920083 0.90223500395497535642 -0.34606505588644970173 0.25731493297676011345 0.33188678290769690893 0.93820539201114405703 0.098090803506531654143
1.187117499323158798 -3.3646481501371896528 -4.2888970924431264464 -0.30394009832972557206 0.0056689186346476905243 0.95267427801362003503 -0.55580757325650653744 0.81110976434023274173 -0.18215073895731312414 -0.77375600685103329557 -0.58486649207619767488 -0.24337795362048997294
2.7207496375715436443 6.8823695665518158648 -1.7364177475214630508 0.99544084370249152904 -0.0049283641685185074904 -0.095253545421553800776 -0.047382127116474215267 0.84117343889020323999 -0.53868560379447794073 0.082779591196542434695 0.54074296752907746733 0.83710488133171612191
4.1705973087672969513 -7.1398822416456271256 4.3493822974511981982 -0.98353488642378161799 0.0069332145275385718974 0.18058531979004646684 -0.089959543845447242916 -0.88544297823875250941 -0.45595834542070684536 0.15673674635669573862 -0.46469631247082726633 0.87148776785306325543
6.1739911027846972047 6.5935977907728320346 -4.208353399279644691 -0.98919825819653250942 -0.0053654407597472260349 0.14648555569100882301 0.077913315483337547418 0.82722793034958130853 0.55643819649625125834 -0.12416247924015495763 0.56184087008250727102 -0.81787438855477923028
3.7522208922151061294 -0.9210584223564564077 -6.1857170951990445573 0.9913702238167841907 -0.001318365675240775782 -0.13108524417922409744 -0.02062959256503912181 0.98592122287402517156 -0.16593300514735739859 0.1294584846202584405 0.16720527563021489459 0.97738574603952377284
-3.885366755394873195 -7.4068714378234217222 -5.7730480443057627937 -0.99967538234130914887 0.013709179570612359603 0.02147529595503778338 -0.01137635365193733275 0.51401877211227131603 -0.85770349217764885186 -0.022797116450172547758 -0.85766937703973877838 -0.51369595206685714217
3.5221673383495168963 -4.4687907598242411211 -1.0753998556252788443 -0.97232103204765030213 -0.0021437822833735983505 -0.23363906958237357081 0.0038637565595387134143 0.99967364629562749379 -0.02525217391156758806 0.23361695576956681419 -0.025455944286871423632 -0.97199542842419239808
4.3037411182684293109 2.7700507015131443644 7.1276033727292746889 -0.7486835515071024183 -0.013690748163911595214 0.66278616696281500431 0.30113463002874457652 0.88366090870978053484 0.35841502900362731676 -0.59058519647889773374 0.46792730400449694672 -0.65745962907767907524
7.116542988064373354 -6.2825690464861727591 1.9738374071748938654 0.95713514225944262837 0.0039081809056817533657 0.289615340709304947 0.11866838664810534787 -0.91742517547758628549 -0.37980108137072537966 0.26421607343703423787 0.3978891472785407446 -0.87856365336579900216
1.3726101763584568349 -0.41375289080376120854 -6.4495180770202740206 -0.43762617312309348705 0.0084143695376510778405 0.89911764023558304881 0.83655738931238032841 0.37039162710322098837 0.40371001592564348393 -0.32962868046406751388 0.92883757512127573808 -0.1691321733391595028
-0.97056748339551190963 4.6289561961650882438 3.9274639127955670581 0.89876934729008384206 -0.0042971651980530031767 -0.43840072393090667724 0.12022091280525090684 -0.95920720779994927963 0.25586806097825853801 -0.42161664162616407925 -0.28267130536323048506 -0.86158942694773887894
-3.5638693201735449634 5.1095602639003852019 -1.4031526142836543425 -0.97537503855474039227 0.0034581269802981063136 0.22052567996063762723 -0.12994450083718062094 0.79889468070597846605 -0.58726630742937846463 -0.17820763414203230623 -0.6014609966551170972 -0.77877256541056172345
-2.496517072023997752 -5.6711951864697986991 -0.22220133444248807431 0.98755929008472465025 -0.0024428348548629604323 0.15722811811231912626 -0.15677195394823964514 -0.092965467817457306254 0.98324970188082183586 0.012214868911613371849 -0.99566633685751060323 -0.092191879393585418612
-4.5104912073370497794 -3.7609097414629570899 1.697402357131261974 0.91489657175911220932 -0.0053668163717337860619 -0.40365264803495620738 -0.036205043594347903479 0.99479125347074248698 -0.095286708603698686004 0.40206150997322603891 0.10179174475480387563 0.9099368015955598965
-3.8149337210029581335 -6.4325847926363159957 -6.7019828636085847506 0.70373726659890400992 -0.007602289300357313595 -0.71041963992935330818 0.64387094862410820806 -0.41584426208113373091 0.64226454924124598556 -0.30030661184511436845 -0.90940406579896260197 -0.28775021110424620074
3.9034560041001413744 -0.85964352236505547911 -1.0049701346715507189 0.81223566721007578462 0.010685879164859756613 -0.58323154312703429092 -0.365260306623233999 0.78887677229527197742 -0.49422499586580753705 0.45481658865678925574 0.61445850154388748088 0.64465697899203477927
4.1525059993637203348 -1.5199644507140050997 -5.4060151468979800171 0.95974883522874476771 -0.0021815120184681376439 -0.28085123158434560642 -0.047429221879030793174 -0.98686720393251647909 -0.15441369989210873559 -0.27682601429246905811 0.16151892399263081956 -0.9472481169172751736
-7.3185976639487950735 5.3461863891673457871 -5.4258792327646920839 -0.88310254182115166532 0.0095237014765877127387 0.46908336118327015329 0.46165237449060125829 0.19601422341695620699 0.86513323213557657976 -0.083707740119808915491 0.98055480383726179028 -0.17749729833325386674
2.785352749840405373 -5.743933782585244785 -3.9229781077088987651 -0.080481655655752215583 -0.010490224818203079324 0.99670088707003579032 0.97565178675125874275 0.20384880186714160466 0.080927479796729109851 -0.2040252291062170098 0.97894617888853174836 -0.0061712824903959071984
-1.4386264684920337942 -3.9361416161986353401 -1.6493857944762850831 -0.84326537344168162047 -0.0022023613559559659936 0.53749293907797057734 0.032019342574612752461 -0.99842151408919788125 0.046143709267113516836 0.5365428889243781807 0.056121562774936586959 0.84200480909338359936
6.8405093250126274285 -7.436487059834163027 -3.4801235351621264691 -0.99982310844833810481 -0.0088396275477357066919 -0.016601590210154181654 0.010436192071590348618 -0.99506385149812859314 -0.098686459744285859319 -0.015647290747369944908 -0.098842260327335618175 0.99498008516028024761
3.4065797514706086524 -0.18987492373746037155 0.98370482330268449456 -0.9998837268779654508 0.011311596622106435961 0.010226461100606504956 0.015248984965222166232 0.74019119753316442445 0.67222351904104260534 3.4384798649768864853e-05 0.67230130066534821154 -0.74027762355853543585
2.2695985423936302361 -0.16436094295297654089 -2.7822544786754881407 -0.71901025442459165493 -0.002885109872205166015 0.69499347491424046108 -0.44720987322732208558 0.76738708014544543268 -0.45947839831021164425 -0.53200336777156786994 -0.64117762388184462718 -0.55304942935770251555
4.1898939647842423639 -7.3143837215463447521 -6.3003437382140408118 0.87767316429470376704 0.0017059944434738233757 -0.47925661837875210836 -0.47667361595771229332 -0.10063538559585172294 -0.873301083828319058 -0.049720021386427955268 0.99492191087991410647 -0.087511774775723583097
6.9801121665057515031 -3.1052451213296028421 1.749714804829526571 -0.97599965846286629301 0.0017105137129300364979 0.21776533430113106937 -0.10915250657931807599 -0.86913349957213459351 -0.48238230712669760702 0.18844202553546998691 -0.49457459908922790648 0.84846070560038688857
-5.5922236303612384845 5.6922725767871273916 -2.2690875254516900128 0.97406652915018743233 -0.0034255648783324049375 -0.22623585545756605408 -0.16929966890260875201 -0.67437893475153487532 -0.71871459876146992496 -0.15010669171900381524 0.73837749008799025141 -0.65746989530511779076
4.1507952908817724591 -5.1808771408513694112 3.5147292527048952238 0.94622355233001131936 0.0030549265187601315485 -0.32349908259514081887 -0.14934805066594231127 -0.88290090267623277942 -0.44517542139665627898 -0.28697761023854656548 0.46954942602184357447 -0.83496538116519680717
4.2417861465227639783 0.14163912591341745739 -6.0211015844508803951 -0.85254908375836113699 -0.0012655076723827023838 0.52264563355413007351 0.21533710902544278554 0.91032504830260441153 0.35346603218616939879 -0.47622472558601691706 0.41389214165433191317 -0.77582427508900086988
-4.2194409851802117117 -6.2832832431767444703 1.9887616738414062301 -0.93212235976722535025 -0.0053171796566077369345 -0.36210445181245770607 0.33655534613616611139 0.35646002268029025606 -0.87158863646671347336 0.13371015447248590924 -0.93429544568691813566 -0.33047483226366469733
3.1627732888893635987 -6.2318382551221418453 -0.58488785675599552771 -0.99997415249991494779 0.0011057324673576524737 -0.0071043428834952522533 -0.0012150702298977982332 0.94790168253574313972 0.31856070669522484895 0.0070864614888386818353 0.31856110497285805572 -0.94787583810434572484
0.64488795745483507016 -3.4794902836592296325 3.5203446234371451595 -0.87145614405202909136 -0.0049404609831014776461 0.49044855065463410781 -0.18656642208640508707 0.92812224374203977639 -0.32215224789096202906 -0.45360462866227635459 -0.37224278705779395571 -0.80973955586943746621
-4.591145271632808722 -1.3292635735622648774 2.696073399086231337 0.85705118023801574179 -0.0020597800444830446226 -0.5152271651988460377 -0.43299056636197985615 0.53911241604824189366 -0.72241052892675494679 0.27925336863546340593 0.84223129849746902753 0.4611550671270597257
5.8919202390470006847 -5.3801870544871563951 2.0561791208924677932 -0.94932825093464090482 -0.0032880692344311986466 0.31426908944066783702 -0.026718944679331654846 -0.99548081313630154554 -0.09112655306080036377 0.3131484791156107228 -0.09490594964607061701 0.94495020543377583611
-0.42973972337589344539 -3.2986991448426716822 -6.9705009862556464029 -0.94786773228355170051 0.00094236593948122688441 0.3186626335833535606 -0.12207910476346273132 0.92263039882947173176 -0.36585494302535787048 -0.29435260195213847068 -0.38568414421952967874 -0.8744165406839896626
-5.8515388863456063717 -4.5149292555900482071 -2.6123476779013468096 -0.83942105666647803819 0.0023334316665422644849 0.54347662757625370133 -0.47895694796721399733 0.46942273511505722139 -0.74178334960490943661 -0.2568511857456500791 -0.8829704699783561539 -0.39292571502427708907
-5.315880354146314879 -4.9728913188242565013 3.2805210363757155712 -0.98845432493909113347 -0.0043017725961450262867 0.15145805446259397176 -0.15150353090170443071 0.013715972204030028869 -0.9883615493487074577 0.0021743121629004087333 -0.99989667809180260427 -0.014209345783345359027
-3.3707430260596225047 -1.3397851058097491883 -2.9541639618604342843 -0.99942802751276160755 0.0057593899850626167208 -0.033323373914606053969 -0.030562365818328898759 -0.57564236548487568434 0.81713022759819076146 -0.0144761741368090429 0.81768129273330780737 0.57548913447286886846
1.5950834233280459795 -2.0316161241528027936 1.6226989546765473449 0.58809159364784091562 -0.0033900223006364375335 -0.80878723112412553853 -0.42883480091251630073 -0.84916280547455913474 -0.30825840349424205034 -0.68574703135123793452 0.52812028700601232334 -0.50083926707644499388
5.4851287097836349815 -7.0377429825953576881 2.853165508822679719 0.81621824137200471583 0.0099786230411960663567 -0.57765751923936925483 -0.55713397507283890508 0.27826818412962028848 -0.78241200880394667916 0.15293631442883071081 0.96045158377890149648 0.23268699780077928274
1.7678446649623755782 -7.1804885445379653675 -4.5835952941557200901 -0.99705664418802120164 -0.0029189456037411872988 0.076612845118493894114 0.037314243766681257086 -0.89141299567558707206 0.45165309514364010424 0.066975334957817572734 0.4531824697594237783 0.88889816830163137507
-2.5850138313274371171 1.4975791947577823393 5.462091360878905455 0.8999018738766543235 0.0090363593867251405106 -0.43599880917532735092 -0.30559301215784917538 0.72631794233924118487 -0.61569079703729623354 0.31111015462949964672 0.68729949137561541228 0.65637632562532022273
4.742663638078549404 -0.061171622981255752149 -2.3582412850708585061 0.72839948776233276462 -0.013915552177181590016 -0.68501134562509313763 0.62960896124357479398 0.40792840406923380758 0.66120115931173639723 0.27023460575817487284 -0.91290786750964691976 0.30589619691917108169
2.4684221170247457877 -4.7871188162880713435 -7.0271968676568681289 0.99941001728014522421 -0.0013136539652497704334 0.034320426472874886181 -0.015427384581243947653 -0.90995706194156600333 0.41441542107840295683 0.030685715976659925369 -0.41470039755936272119 -0.90944046924417065725
-3.1463571823281029083 -1.1744263336012177312 1.3167377038954295454 -0.99075100257574089113 -0.0027914719447855399631 -0.13566377032747409248 0.017449375894076590149 -0.99410831866889093344 -0.1069774276854181666 -0.13456585813641669391 -0.10835524185598144342 0.98496252283341090283
-4.237737074788372027 -6.7041909660076219879 4.9475378486690031465 0.99225578566926764257 -0.0019268245932728038719 -0.12419638945199333591 -0.030156220386927640176 0.96622728478358221871 -0.25592076217424358786 0.12049505457860205937 0.25768415063178923274 0.95868650785085418597
-3.2055594285992445869 4.9425496039930303382 3.7934918662246550625 -0.93383326811099820475 -0.0027099794334963286241 0.35769831336016538748 -0.35372438651362320128 -0.14183578971686003345 -0.92453321581270775376 0.053239888756257139346 -0.98988649084976121362 0.13149239323374350974
4.8762121421819992761 1.5155942020771162593 -4.720273348772018096 0.71570684466302458837 0.0040501740114079233523 -0.69838908109520536627 -0.35461698895767179707 0.8635940826402201953 -0.35840208086925817721 0.60167308702073762916 0.5041714554784294533 0.61951645646878905627
-6.8049994121185530815 -0.56661367624691638678 -6.20984340084867803 0.95228309421327861362 -0.0059301273070515650443 -0.3051585523392475463 0.11565167612502058603 -0.91824507070177163737 0.37874883490458377544 -0.28245636527636591717 -0.39596821049448799323 -0.87374342801121618329
6.244465369712876246 -1.748560032007524967 4.1045221284586421717 -0.96525321752633785888 0.0017567552545456445803 0.26131042816178334798 -0.20946361805181035187 -0.60308746168706561797 -0.76968208129617998736 0.15624089979181501886 -0.79767313316094445863 0.58250008915487860861
-7.1806471130926432522 5.7697750928389206493 -4.4411163522720267238 0.84506642470900095176 -0.022218630827302122271 -0.53419946674789231533 -0.31506832512112442624 -0.82792125885880751834 -0.46398096904407593044 -0.43196607312949986124 0.56040406991191393793 -0.70664884496559909888
3.2434883905044200603 5.8295568650796880661 -4.6505085955910479001 0.98865272106376567152 0.0061001557768986403724 -0.1500952538646701806 0.085016862718574476299 -0.84647963432079542656 0.5255895373137117188 -0.12384639755229628899 -0.53238615382036091894 -0.83739300990244913692
5.2003570402032144315 -5.0296126924233721667 -2.5217626891358824182 0.60163476106767810325 -0.0033381444964296833056 -0.79876434013187280758 0.6713543904260114159 0.54394508668320529221 0.50339549573767727875 0.43280353132883803147 -0.83911417546393340938 0.32949735022414272656
2.942801480268990133 -3.9236450138926630693 -4.3021634997788984478 0.69901136562177301759 0.011698699734898548169 0.71501486079383380634 0.20265383752815016583 -0.9621176039681030856 -0.18237636433985449091 0.68579481834338007484 0.27238365692388921691 -0.67490192663384929173
-2.0307493137804328853 -0.94227815254430025149 5.8080925853678389004 -0.40828581300108490737 0.0026366730365054756938 -0.91285033979140706162 0.39275467866857100008 0.90321382329888133533 -0.17305649882557616603 0.82404275209843513839 -0.42918275519545256991 -0.36980495583064776355
-3.5318385070912490242 -1.013728622995448525 -0.6338695890630624552 -0.99269000060392331708 0.013760120394805808522 0.11990505321967045993 -0.030084762786882018881 0.9339082707056489685 -0.35624464761668073187 -0.11688229014244636006 -0.3572478145408370942 -0.92666743185288580342
-4.2771890459560264475 -4.6878504509812080059 -0.37617224767603235636 -0.99531095809020420084 0.0043684749333360774898 -0.096628221199786049067 0.041503842750696913477 -0.88305578794357986183 -0.46742903890991954752 -0.08737006204873695725 -0.46924768705456626483 0.87873379384853700369
6.8429963336690855513 -5.6523789854778350161 -4.7009975670597521358 0.14289598960668831173 -0.00073536680492787120239 0.98973743760150767468 0.60241076636739754324 0.79349787808375427112 -0.086385103121591810815 -0.78529103185954440836 0.60857257308591317102 0.11383065742012819788
-6.330319156231198896 1.8081871364155754911 -2.6208688760501450687 0.99008188099600646925 -0.014609063339387384772 -0.13972989727222992484 -0.13194763453637745054 -0.43824092751667920176 -0.88912018939471204604 -0.048246146619239642372 0.89873881896663054825 -0.43582203319562717869
4.0762954821668193617 -3.019007216758654355 -3.5986557317396359323 -0.90443143897604150183 0.00086323016890770334908 0.42661812786780961559 -0.281774084193539609 -0.75204923375780996508 -0.59584000829194372351 0.32032348909912267132 -0.65910636837922542686 0.68042020655864665635
-0.65303094257493887742 6.9749076787753008233 -6.4395946177404157496 0.93785882279798882255 0.0054785428164687427488 0.3469737944984129796 0.087094012654695796005 0.96415575791034657804 -0.25063580639624172264 -0.33590990080629545833 0.26528034238678521728 0.90376483583038436098
-0.93861285647934711296 -1.6578317007227074686 -5.0871527581668649631 0.80257842823096436913 0.0046478217640134079913 -0.59652851087872138525 0.59576332439518153716 0.04498217105007350225 0.80189941114411877887 0.030560233048272312378 -0.99897697773292837287 0.033332718394427335307
-3.0892164971139544072 3.0185477559039410878 0.96904180943801154768 0.96944281705841561791 -0.0039284102770580069802 -0.24528593935751968891 0.24102658050246653088 -0.17093782444588045966 0.95534624491070840868 -0.045681636847606579832 -0.98527398614112926545 -0.16476759477675889665
2.1185101862822639518 -1.5287003422140030828 4.5523521337629047068 -0.97827553855675863925 -0.0034901858506938866766 0.20727949552271407452 -0.065097780973836630314 -0.94411218378844674604 -0.32313226910128661773 0.19682288884605689261 -0.32960582978000785292 0.92337465169958476974
6.765716272400934983 -1.9799182642649981734 -7.0943943814008925131 0.9845880813853484792 -0.0052082276091707539398 0.17481185417211919653 -0.059058959631532813306 -0.95074033439293215153 0.30431045963899777673 0.16461576255384413603 -0.30994465784005875708 -0.93639519423964101552
7.097703748398681789 7.2809010180839797144 -2.2197915395261080818 -0.857281918692796574 0.011629665981330776156 0.51471590489488727727 -0.34690124751731404862 0.72568238836338649911 -0.5941755596540871931 -0.38043033048573532406 -0.68793155334557054559 -0.61808004462050525341
3.5673491331696998152 -0.20781977701698178818 2.8682991409355933499 -0.99995689289366596064 -0.0061479132774197864375 -0.0069581259521636663889 -0.0085699549257499656879 0.89950333741124910425 0.43682983169489503217 0.0035732655938432045933 0.43687063205069370797 -0.89951724976493308006
-1.749978772023041973 4.1152565851424727228 -5.6500562019327338348 -0.89561576328387237922 0.0013204751538845212189 0.44482655148130517686 0.03817226076065899365 -0.9960786873114994 0.079813076573466590347 0.44318763866540172858 0.088461884611827260039 0.89205336830544901261
2.2276437433006819333 -0.60494751433394244877 3.9177089347656623985 0.99389378540436579268 -0.0022982918139083027831 -0.11031709382160119481 0.038172363950679091826 0.94521155219254504587 0.32421904976762072614 0.1035278414964679039 -0.3264503629291334863 0.9395276188482785118
5.9468349909649100837 -3.3138772671115739321 6.2378211080163596947 -0.88513340207482282818 -0.0056165553491266430319 -0.46530346531866706439 0.45390491198559218544 -0.23070604578050465938 -0.86066547003801519011 -0.10251434732210071288 -0.97300728401503577825 0.20675500924232603772
-1.6673112233588207598 6.5492288197945756067 -5.4966811335954961493 0.98959538272041969176 0.0012741122005312313648 0.14387270462640444624 -0.051747621226606477229 0.93619778861366553802 0.34764332913533813052 -0.13425037130601713553 -0.3514713035697728527 0.92652294120075140427
0.62425273020209337549 -5.3655561423056825632 -4.3327351505253508535 -0.92391257468274790021 -0.00094288784747841719591 0.38260248993650075588 0.35734043809446752737 -0.35947616327286957549 0.86202360718310644394 0.1367236835575419418 0.93315379171979973005 0.33246147950307730623
4.6102039370466894042 -2.7275518471657882458 5.5246274462299700403 0.65518575418514513053 -0.00041322973676876728968 -0.75546770728741818868 -0.5773864588806943976 -0.64516225289953010869 -0.50039039212862834738 -0.48719247183645375543 0.76404548076329059647 -0.42293971049220591141
-1.2155630226494267276 -4.6603436433387859239 7.0051054261458824968 0.70690032898238408521 0.0034892316456853547657 -0.70730456675129316224 0.60003199956702957252 0.52650989732754405193 0.60228641650950132114 0.3745043716437468917 -0.85016183946276469019 0.37009636899192016601
5.4522739699007187752 3.8584888764060369937 -0.19448667426849569617 -0.76635048978409803233 -0.013674704476364105479 0.64227714365769528193 0.62054484965533318608 -0.2744468199793883012 0.7345767710522397298 0.16622579936294373804 0.96150504182806340037 0.21880822234428615181
1.3908197706273914829 -0.15537940335680772153 -1.1158632821914753475 0.83686624496135564311 -0.0088714595300587485716 -0.54733553260316714084 -0.31518010941223506549 -0.82531406117634975583 -0.46852769294414609025 -0.44756718677218065849 0.56460428410566243507 -0.69347358687576787784
3.7078914073748818758 3.4275407028568993795 -4.4935726990620992183 -0.99474975931911202576 0.0118159558439827235 -0.10165283823809691255 0.093089592523368985821 0.51710542682045590457 -0.85084446599631957664 0.042511693664360743206 -0.85584014905830207987 -0.51549044138709321228
2.8995149856169946112 1.2947979713631858623 3.9457050290516089142 -0.93810844823123018532 0.019344011760400316863 -0.34580102453039290866 0.34325002631103740391 0.18503653201242578619 -0.920837065532352117 0.046173139320345869818 -0.98254124138882392714 -0.18022416645799169133
1.4587364015973531828 -7.2875070118257614382 -1.0243914555476274497 -0.99524544413891913308 -0.0071142211725061018507 0.097138528802503884552 -0.017336459595967093628 -0.96846360500421968531 -0.24855118778846746475 0.095843377911495331034 -0.24905347546153547289 0.96373565528677906933
-3.4430320522157535912 -6.1675569526672093801 -4.3589768775808650503 0.98777094730585435212 -0.0065654549579446212781 0.15577371556123642549 -0.12861558315068313818 0.53042932149439714351 0.83791572766577604447 -0.088128244220373297413 -0.84770373934539988703 0.52309825355325756391
1.4176181505498486324 -5.6118262754833079242 -2.845468401292695404 -0.89536854219980832603 0.00819124986668483962 -0.44525057783762717056 0.15849832534724916933 -0.92849843863490211238 -0.33581085496864609974 -0.41616517694453081244 -0.37124594661526510997 0.83004999404888946124
-5.9954099618619380863 2.1252787076257160237 1.6008081631485990837 0.99659239720720083078 -0.0012915912845925191753 -0.082473787476638790728 -0.069389050683893005456 -0.55371793517618794755 -0.82980817536906970044 -0.044595442300514397116 0.83270329653250596547 -0.55192070668700710101
5.4708524553729249718 6.8660047021049468441 -6.0467940068131769138 -0.64747297690273353243 0.0064976154580796054855 -0.76206070963802663432 0.49852412204167939613 0.75994402199565647127 -0.41708366447937922361 0.57641343142155554435 -0.64995604807276763371 -0.4952824362426048177
-2.0599489658485605759 3.1867880183222112578 7.3452174381107475654 0.9516163818644821637 0.0047008349528470348699 0.30725260603912618596 0.19018883498900740481 -0.7943676011884629462 -0.57689541619572792808 0.24135962548166800534 0.60741914386435391648 -0.7568272688365316192
6.8443596101061752179 -0.71544895727345070302 5.8767195282312743032 0.94327162444526557739 -0.001654109760259009354 0.33201793089719772167 -0.099805340927076782731 0.95232632384275872628 0.28829406313439304155 -0.31666628560483800481 -0.30507677203781263797 0.89813730950457870694
-7.2351027397659084528 6.4186753725160219375 -5.3507766915497319005 -0.99790155731404728279 -0.0016439638625466712618 -0.064728504486095225778 -0.010094382754204904093 -0.98350460396109329331 0.18060121102652212932 -0.063957684034033832066 0.18087562403552681634 0.9814241811178484598
3.9391048332954157196 5.6774885133693704375 6.3458934938229498712 0.99937209241154845163 0.010521957646319104324 0.033833553113026534898 0.0330111156421980384 -0.62339836347651822468 -0.78120723669127956068 0.012871952183770140471 0.78183359407359775961 -0.62335426847410380091
-2.0141543144517242148 -5.8519321641107167054 4.2733048332529444124 0.55667412638941060621 0.005977903379325508193 -0.83070944479988817477 0.81294586560087600535 0.2018890630442328471 0.54622323808627204489 0.17097642121344838739 -0.979390152541052883 0.10752670596056995711
1.2101006998880126098 -0.1941579950586033998 -4.4699597523965834966 0.42131349164888248771 -0.0021049843511434431637 -0.90691262577796738498 0.44567073582542693355 0.87140432137053591699 0.20501732591585605792 0.78985602294564871695 -0.49056098269002978984 0.36807252719922983752
-0.72469242297188496416 6.9456036260698210683 -0.58354340239460189554 0.99995200549657126121 0.006112422426909406431 -0.0076566961152010962199 0.0060350311553519202928 0.23134756445270099334 0.97285244658209424351 0.0077178431105331558176 -0.97285196341164115186 0.23129957238151815924
-0.72219860757940801399 -3.8895910507281357127 2.9569515699602906267 -0.99996923875724696984 0.0074339132323238297714 0.0025016940475061119446 0.0069018804202781213267 0.68243168195499481765 0.7309167965717373594 0.0037263367691610996268 0.73091157905586501276 -0.68246199748863767276
-3.9324987260747654716 -2.9633417676624373982 -7.1950816361761438245 0.89316171683949785454 0.0011928419543009646797 -0.44973405997365845099 0.41247863641438708981 -0.40069510614334574727 0.81811050990343403555 -0.17923036035793696308 -0.91621067939688261017 -0.35837755075486565914
-1.074039614942906784 4.9570826792683959638 0.18875363625574281823 -0.99795552521871200291 0.00092316310512890499551 0.06390553540471681504 0.022038654491725956364 0.94353890434538101317 0.33052781077393394993 -0.059992227777239268138 0.33126044701512280533 -0.94163020812295861184
-2.8691690059508538901 -0.083610811566386319948 1.1688398469600060903 -0.96989514212127059256 0.002988066999901305143 -0.24350458875562874805 -0.23818189439987530465 0.19663197530244685973 0.95110738167078356931 0.050722760862789345593 0.98047281336321534528 -0.19000069417295675778
3.1349796082655263518 -3.3299050711809790037 5.7567620786779265529 0.65939179469225261965 -0.0086112960695607643213 -0.7517501624027984608 -0.19297861219152118162 0.96449193699545154868 -0.18031793784142255421 0.72660974142191592229 0.26397187170367397702 0.63431627333697282456
-4.7008734478947076241 3.840879272627899077 -6.6726524569318703684 -0.94838027803524826975 -0.0085861163783557646612 -0.31701912692966799368 -0.29675163079041511072 0.37662609329485724485 0.87754843482999933535 0.11186294228611880219 0.92632557152163763625 -0.35973270311172339531
-0.50566142801087776704 5.7694237691295429116 3.5509981607487302036 0.97429274328843518127 -0.0086184809558891677106 -0.22512079460016357069 0.10341640045964303751 -0.87065270205193734387 0.48090427376530436865 -0.2001466924317401308 -0.49182272639217783361 -0.84737931725585613485
-1.3766181590297819071 -6.8865488091780271418 7.1896689176465216065 0.94121479041093736306 0.009420413605705927132 -0.33767732248314236143 0.23713885699605843915 -0.73033380570431327694 0.64060728589989879289 -0.24058237843714402882 -0.68302546662106855546 -0.68963492598084719098
-0.56984087556427565069 -1.5100263638967672541 1.1572596806552719606 -0.67111443300849327187 -0.0021208012322056161297 0.7413507402098167276 -0.70998270012918662797 -0.2859817038302898129 -0.64353634752941868413 0.21337756049991413176 -0.9582327312696631294 0.1904207168316174037
2.4505576276055256457 -6.3448012324853513277 -1.6548407612854667548 0.99985150281965107233 -0.0027625431263979868118 -0.017010016602893807125 0.0088486306609042442162 -0.76470686322274439295 0.64431755763398013137 -0.014787631479765792064 -0.64437239364782017415 -0.7645688616859658282
-6.9456578188920365946 -2.0095611690448031972 -4.47794245119222456 0.85869354766621308617 0.0036523956857481415517 -0.51247639087286422921 0.036844162145363033856 0.99694709207890341851 0.068840419168047284337 0.51116328008978983988 -0.077994586999197243471 0.85593746587397756542
-5.4606840745898486134 2.7993052547588739287 -2.237135135193976776 -0.99997414661136496683 0.0062395633590802829227 -0.0035740674316842718783 -0.0031044142600964927392 -0.82294405032062090122 -0.56811394337229648155 -0.0064860404731319591665 -0.56808816031578046601 0.82294214461765269331
2.2197454293334537567 4.1226219659211960078 1.7645295871059416548 -0.82007467996190019921 -0.0013056338675658477749 0.57225502584564702513 0.40537543422693572692 0.70450337878829394356 0.58253390167543395162 -0.4039161752278209172 0.70969943257417511528 -0.57721611099592617933
4.3207310106889487145 -7.0775019284065487923 -2.3258760887534939421 -0.97840098303621925169 0.0011498108558875706937 0.20671283058587516801 -0.19615960090329925825 -0.32063788346764310333 -0.92666755563082814362 0.065214472069411458244 -0.94720115372623880923 0.31393796682200147963
5.7789756032599592928 6.663224972315650696 -7.3391104938616917863 0.50533433852611864268 -0.017218445657847736979 0.86275183652967446513 0.8077516821429426841 0.36119850596775371354 -0.46591078468078295227 -0.30360241484809075141 0.93232996541771373522 0.19643423653383443317
-6.606878916809828084 -3.2769809435791987795 -4.8423313901184972252 -0.96839732507014975038 0.0052481631205565674667 0.24935732910998306688 -0.13066461503349488527 -0.86227300103298998302 -0.48929748626745517281 0.21244617947883193132 -0.50641655627882031787 0.83570861689440933961
4.2412086565263464877 2.5375927257737616038 5.2368935494960417998 0.88943114351820873331 -0.012569627115462609843 -0.45689631801321489712 -0.20277056990793318469 0.88501888074300072429 -0.4190771727352479159 0.40962951177750245302 0.46538541576063208183 0.78461460468073351837
-5.9480959141297091719 1.8592578635597294401 -4.2199033357497972574 -0.97731866900198871573 -0.010294487905083622367 0.21152362217701445313 0.040286542829095925433 -0.98961588199297523261 0.13797608696462781985 0.20790674276456796998 0.1433681611305208381 0.96758480594051343715
-5.6281344358468770039 -4.6070872222566885412 -7.1084415156395337476 -0.93625276826380499084 0.0063808652757978579634 0.35126918236132553819 0.087582825044950324278 0.97250783426888975924 0.2157724751743374525 -0.34023521668930101214 0.2327827245394778477 -0.91107200619953099263
7.2477478666916255179 5.1006289385934300284 -7.0182116412075554734 0.95687805055009012012 -0.011136926499499176513 -0.29027636011849672348 -0.28942576988086665679 -0.12200519706633422556 -0.94939320390319903442 -0.024841902188968586346 0.99246697716198906125 -0.11996740865208810334
1.0884844520291032666 0.46671798284919585598 3.7804187395556922979 0.98208888332275356969 -0.0099890628688410389863 0.18815324572513364432 -0.18259459651943607539 0.1958959441293710857 0.96347495680760075754 -0.046482669628439290954 -0.98057381042771274426 0.19056328011339268569
2.0244760727165225234 -3.1164116108263284488 -3.1870984965603872396 -0.52855414304171322026 0.0015311497934787179388 0.84889821147997801543 0.02205934249790961893 -0.99963591227375381276 0.015537963223761616996 0.84861292900944707007 0.0269387912292190293 0.5283279268078142632
5.7246819834896562895 -3.9272856375385876149 -6.9626526103515882227 0.80999760738192572163 -0.00078152354661958651355 0.58643266046195374752 0.51684829709715351953 0.47342949011334140019 -0.71325476211436100726 -0.27707709003700642381 0.88083137268822708776 0.38388068337007857922
4.7659559730850347137 2.1639664658321851043 0.50930764137295203575 0.89413894444749897339 0.0072279051228710550908 -0.44773128705687054163 0.42241515307556920522 0.31818698903351294582 0.84871813840748711044 0.14859672430517423258 -0.94800042056809374902 0.2814502018625014701
5.7762171425038877359 -0.32769172177895727893 -4.3840441738735220767 -0.79796087977745688846 0.00557039278529985072 0.6026835032328508035 -0.58299129758129641932 0.2465496659765549492 -0.77416691297896067514 -0.15290383019832151645 -0.96911414855587163508 -0.19348949785351213237
-7.3532588312518507578 -6.0763251903093395967 -6.2533611008923530861 0.18907169147056324121 0.0079592765411332089265 0.98193102884131744368 -0.7825354420388699328 0.60530071553111919336 0.14577148462800815221 -0.59320331880185073192 -0.79595709287277327526 0.12067364612022113413
1.5923274116629344554 5.9357760384099051976 -6.9781041584541938505 -0.99321930882181241884 0.0051165529230980943964 0.1161431249355923262 0.075417072745494778685 -0.7319352999434446394 0.67718755292403365331 0.088474118939500051573 0.68135492776006167936 0.72658639726807838777
-1.632258577077670525 -5.6634021011099351384 -2.299243354708298881 -0.9489672443326923057 -0.0015259168031889419961 0.31537095738446824233 0.11572609219884336107 0.92854572783470556985 0.35271844707122879115 -0.2933745741676506702 0.37121490123363043434 -0.88098289219147862816
7.3501700126836144733 -4.9288940593140715407 -6.4114517801739046021 0.10503537485877102731 0.004873063487044652399 0.99445654670304972633 -0.8860676173094299557 0.45446394764997666282 0.091360264021643322607 -0.45149944361424731998 -0.89075180243356932852 0.052052654854141074126
-6.5828719391258596616 1.2783785590118974529 4.3911871907927588765 0.70530984092751136671 0.010781650904494136101 -0.70881717268606836413 0.60948444079675700991 0.50141343120259040944 0.61409550351425157277 0.36203141399270716283 -0.86514064001959134487 0.34708057892798760413
3.2790635020494023344 0.065518128962589419761 -6.6807611947555329834 -0.95499314561903692056 0.008904800073649660197 0.29649417592298532576 -0.15568012772411876643 -0.86586794239604025769 -0.47543285978429372651 0.25249116747401112448 -0.50019337347316472631 0.82828425041227093928
4.5230332372203108093 1.3918649562711848944 5.0590753792427944902 -0.38618528149705994013 -0.0060515688372861971972 0.92240138056574316749 -0.79714425937772437347 -0.50097079176302661274 -0.33703011073411165421 0.46413571086069249638 -0.86544303354692564412 0.1886435728799307765
-2.0712683984449586916 2.4490116745865035952 -4.0244980580294722472 0.87754954540078988767 -0.00078267714359910988547 -0.47948533114518793186 0.3101783833893199116 0.76350240206229913476 0.56643927523000059399 0.36564486300902349081 -0.64580451334875710323 0.67025395537328169571
6.3170274365887415513 -1.1719975488403768793 -6.3815253150200597076 0.94372140277732352587 0.00027845008712808639456 -0.33074134365952201353 0.027370191786835647296 0.99650389949446571691 0.078935739016227302045 0.32960701834415601086 -0.083545800361467498218 0.94041443667162349929
