1125 14.717824617146108679 14.977075390850430381 15.033177056927090831
-6.4626311266798257549 3.5093396086814037105 2.3445743556344758041 0.95950537740665953201 0.0012216657170915200953 -0.28168766082406521134 -0.2798232561132044105 0.11907671557390991923 -0.95263827402973721981 0.03237863594845254156 0.99288430511361924768 0.11459659939584482258
3.6379993229588567516 6.1844980944928815703 6.8942519112046349861 -0.99661418761989339909 -0.0040728449846222560676 0.08211926064244000345 0.017202857488025646154 0.96633692760396905364 0.25670411769804107882 -0.080400390104619870457 0.25724765165622448526 -0.96299502749939003277
0.71267802998675611192 4.0183862942917158989 -5.9216703766361318273 0.97513212375482927197 -0.0069850191644728895982 0.22151422240704463085 -0.16023630609968689265 0.66827508981357286455 0.72645215296138354599 -0.15310671908455800172 -0.74388145147059858697 0.65053725391344752182
1.5956243578465110211 2.6289678020704254635 -6.8620348373498236683 -0.98182115516860157811 0.00024473775335951894472 0.18980821733221939218 0.1704713683467194707 0.44087986146789170938 0.88122894886969826977 -0.083466950569725334441 0.89756609107939366865 -0.43290689565657919369
-4.0134611990190887099 -0.37508416892914442364 -4.8959274226979454525 -0.9903085481799865919 0.012847243158649365724 0.13828929005863824231 0.12005999254750765459 0.5797402282077371849 0.80590747979354615538 -0.069818175220970848938 0.81470007741553485126 -0.57566414363575568736
0.12321253754971514538 -4.1592924142790588249 -0.98154581082528269409 -0.85294929699728871952 0.0040784852516741586931 0.52197783737424907624 0.24778727953472001744 -0.87696054721513194696 0.41175437183937774188 0.45943330403075360868 0.48054507029632353987 0.74699228547644347387
-2.028373963093136112 2.8259811038793918314 -3.4214734979419185734 0.84481264791814880688 0.0042013935724930645543 0.53504573468959337745 0.35815629640389451405 -0.74734380864139060563 -0.55964390377420092371 0.39751183286006741557 0.66442424698196889121 -0.63287025744523051074
-7.1308925814345460736 -3.2204291076422895124 3.9960196991161418545 -0.91024797404524049327 -0.003749606358794222577 -0.41404657491500446165 -0.19737160134003167711 0.88297548849224960499 0.42590930690275186077 0.3639959844986274673 0.4694041192554970765 -0.80446671534294411643
-2.1691610162959054087 4.6035033201149984095 2.4300048440510657599 0.58969822928507709126 0.0055426338634632608959 -0.80760465426344518747 -0.11894137244772827466 -0.98847652972251820458 -0.09363279397758365874 -0.79881721832863317179 0.15127269878484495003 -0.58224361078847741702
-2.0684119984377544732 -7.3733969128588876529 -3.4590006013846834598 -0.93325886476874642117 -0.0091148504731218132902 0.35908886202636974838 0.35916686900179489728 -0.03815391283955675561 0.93249313088439256259 0.0052011096881335351638 0.99923030300125492698 0.038881229688992401117
3.9424967094102183474 -7.0544206153136501669 5.4027126594831891282 -0.82481376717684173894 0.0016992819685520735816 -0.56540194721661851673 -0.49004101611305422859 -0.50096082088653837161 0.71337091226351723172 -0.28203200528039185091 0.86546829426471483249 0.41403209974596527632
4.6646263152327813728 -0.37179305532667372702 2.2848120094248853817 0.96604970234866704981 0.0094711570778936767651 -0.2581826287255218344 0.22910390339583461272 -0.49329551319960268652 0.83914893678404622879 -0.11941262094438437336 -0.86981022863645351961 -0.47871786275261951626
-3.446151116037005302 6.1728814679858325931 -1.3540180816893621074 -0.99946702193104708378 -0.0037531676411258971249 0.032428163761330737469 -0.0087354232414458971023 0.98789191611375992697 -0.15489756117514474898 -0.031454164319917363168 -0.15509827790747185428 -0.98739817689578790461
2.2216755658041047461 -5.9253750175733461703 7.1320328707485849407 0.83851757223739653568 0.001462338199817623044 0.54487259301254342692 -0.52737323283854065092 -0.24923323791177412478 0.81225628123491300236 0.13698815399398098225 -0.96844238583776931506 -0.2082152515507562085
3.0074317439226412318 -3.6529997954213593303 -5.9402297396627954384 0.96910008319063090099 0.0023490024829596759318 -0.24665666613188139134 0.15836377264083228988 0.76073472110261108892 0.62944705863470573615 0.18911886282148940297 -0.64905867708265374549 0.73685608461138596414
5.4394928465740921553 6.1159578158082759103 5.7550361037512844931 0.99490987417730947229 0.0010783853054274700548 0.10076298601005893862 0.048472732209204255627 0.87153269889131557147 -0.487935599229337158 -0.088344419725940370736 0.49033620287330609289 0.86704421551319410533
-4.0386773462614167229 -2.1997495288068287245 -6.5408082815466297433 -0.99834692054401530381 -0.0021354482150984441247 0.057435756295208917344 -0.043225873617912385916 -0.63072534160920656898 -0.77480130827326276766 0.037880735080659103109 -0.77600321089088541981 0.62959039588995591163
3.141337303577604434 0.23924643674885581746 3.9546664633292740731 -0.92890901794226377053 0.012115192374451102392 -0.37010979249313336048 -0.047628329227420496128 -0.99507210377446497773 0.086965801008299023489 -0.36723232243446662926 0.098411027856403043845 0.92490847706990919619
6.8555738150530354247 -5.012368287476111739 4.8373305468066369883 -0.96884786055357474677 -0.00086100724907088501542 -0.24765516705118365004 0.23962557721157590196 0.24933594663209632247 -0.93830227989873737915 0.06255722057985950435 -0.96841666878657028938 -0.24136227909458293772
-5.1446831178188556777 1.3358141147018434136 6.8894077501108510475 0.31249931705249273106 -0.00071000669662068778901 -0.94991771892731990956 -0.81536957430791645596 -0.51325178033591134508 -0.26785269697128860633 -0.48735678320360936722 0.85823779098379116004 -0.16096974868888749843
6.1147867297204845372 -7.186764234732947898 6.4237383797681957276 -0.95143528820227329934 0.015275321223974819285 0.30746960325374050882 0.080579431800034601041 0.97630400733868349938 0.20084182937109379408 -0.29711588233260299852 0.21586372973672415809 -0.93012096130010513129
-4.2766309901972920926 -7.0014781546086677366 0.50644399518667837512 -0.99101401810808287252 -0.015173919474844803357 -0.13289457506130980535 -0.12487054983024217791 -0.25116557684448997945 0.95985582187822260369 -0.04794331755340803386 0.96782519350140128189 0.2470138318512657416
6.0712641416018620077 -1.6141703148757302611 -7.3568686574482002882 -0.98771901337107215202 -0.0022023654103985853062 -0.15622515870354597434 0.14419768070514760172 0.37210336727897896925 -0.91692208662398100305 0.060151305094920497207 -0.92818868429124168351 -0.36721599481659034092
3.4575962050999713426 5.3536675588801889702 2.2061177511381173666 -0.91712276481696863861 -0.0010724545696706149628 -0.39860341706489488267 -0.036783114552351864335 -0.99550182305641388147 0.087310496363328493619 -0.39690406490540719453 0.094736318973109703845 0.91295793612249065418
7.2546428681743337918 -2.5501447501568081933 -3.8858506571058017975 0.9471819290033017813 -0.0096072487661428979111 -0.32055279462307606497 0.13953028064614536596 -0.88763976275442935115 0.43889287116561920277 -0.28875195956448351797 -0.46043821773209181458 -0.83941584062933127797
1.2403128497766717775 6.8237620058864125738 1.7849175218021124945 -0.98335512044469386428 -0.0080704230232006776702 0.18151466984055389386 -0.090260326628858383868 0.88872317546350632078 -0.44947101222528390574 -0.15768887256859392965 -0.45837319475094034926 -0.8746589242680430365
6.5190661330813624019 7.1706122390519100307 2.9454411988507946951 0.81250751469583282205 0.0031166674933028118422 0.58294238561516531494 0.10633392050862050526 0.98241681077403630873 -0.15346109362922313868 -0.57317068654299241359 0.18667484108026521916 0.79788963384385935829
2.229188546305095997 -4.3191866519295283311 -3.5844355204207078991 -0.94138318548791410922 -0.0037834065551336139993 0.33731792705899216189 -0.068999098812676545878 0.98095632658634701606 -0.18155938337974977803 -0.33020724165832365804 -0.19419158366170793939 -0.92371684318924651702
-4.9702868245563518457 3.755386717861159962 -0.54101302098863024437 0.99908848766216784565 -0.012807495621472479719 -0.04072053384971750789 0.040188722143206977166 0.60377753153400437469 0.79613915807926405321 0.014389594629346635912 -0.7970499736344602848 0.60374189774753217463
0.65803563332036785205 -6.6454920770810446129 -4.2536614487482502511 0.98429266510533908185 -0.0029129674117811792805 -0.17652043519250659731 0.030328112698853101209 -0.98220998592501895796 0.18532066568289032316 -0.17391996722575919776 -0.18776330357634130053 -0.96669373993543528112
-0.4122338343263730609 7.4603232822032712335 6.5227821526515858963 -0.66792157696719378634 -0.010777661823722674284 0.74415361923945222422 -0.23007918882224576151 0.95390385054618975769 -0.1926940860120973098 -0.70777421109594984561 -0.29991879887522771009 -0.63961267982163139134
-2.3229457783465341514 -6.4426743428820199 -4.0745259157651361193 0.97182198317445567248 -0.0072737564191118903034 0.2356037467584585765 0.22912750560458208793 0.2638166163509292339 -0.93696391558725600213 -0.055340935973887880883 0.96454542941467680262 0.2580494049612233054
-1.5450180556158699119 -7.3930149085602563375 6.0079650094582124353 -0.88659125530871818466 -0.0062595376774408472559 0.46251136656108898793 0.092812090912962108558 0.97716559382147383239 0.19113690913016231909 -0.45314662283906415041 0.21238695920309383358 -0.86576550969077525899
1.3790193391474787621 -1.2896102213787217217 -2.7042069351106272634 0.94093194266009760884 -0.0076397033274987410922 -0.33850954818896461518 0.083777133262438491235 0.97391320542250781056 0.21088968738661162394 0.32806778449637913342 -0.22679220276889824892 0.91702607680419456759
-1.3551676971024200213 -6.9620786553426849963 -5.9061021894483607397 0.99657116523180955259 0.0051163988526180372365 0.082581687384845434141 -0.026700651686547900721 -0.9248013926804762308 0.37951213326556393346 0.07831339494663264178 -0.38041583373860016204 -0.92149379032793976574
-6.4927318738745292137 6.6809322453458914737 -3.3515959875592713502 -0.94534272362986249139 0.00022842431098176949056 -0.32607833829035759443 -0.2475207143205796767 0.65049054052257426761 0.71804982603772071759 0.21227489456398881962 0.75951432146658415245 -0.61487995952446616865
-3.315178034911244076 7.2610179317523213527 5.4178933120878705054 0.98355064309891027108 0.0051960249140725681127 0.18055784055199744498 0.099019496894168182455 -0.85152255703381241059 -0.51488297126366266987 0.15107372933282220417 0.52429222403887509873 -0.83803006635669219371
5.3678783582915743366 7.3416802658177546803 -7.3594119810739799803 0.99330520395132215761 0.0042861879935814934522 -0.11544002943359893409 -0.016524960643641145586 -0.98376201838683863254 -0.17871546339148214333 -0.11433152443167615697 0.17942664175648648239 -0.9771051032254167712
-2.1774407708034031472 5.0150006198393253243 -4.9136451108692069667 -0.94794420563379311329 -0.0022979306568336327343 -0.31842817482126356543 -0.21855179965815982324 -0.72257848078632092026 0.65583187629975936428 -0.23159640297614531024 0.6912850776772749839 0.68446186709637057977
0.89583183390204823571 3.6448322643093127304 1.650081670371665421 -0.75842474657349501221 -0.0045325748862341547901 0.65174485770887857772 0.27727552572692493182 -0.90721545414049487022 0.31635170712576227148 0.58983911926711685147 0.42064186136600850707 0.6893114229786199143
5.0419406694353501308 -2.320888229706049799 3.3645821936467159574 -0.21078067666867086882 0.0038051493788081687183 0.97752597263775486969 -0.88756207251633079114 -0.41979671818392150229 -0.1897479455287742478 0.40964017597580409946 -0.90761017856790426883 0.091862342591009851778
4.6464265925065797447 7.1405684686750214851 -1.02818689584033085 0.88431075032060568741 0.0097822887496434272891 0.46679631928087295112 -0.40618985476123437017 -0.47687057905492380439 0.77948973868863447034 0.23022662477740904463 -0.87891908481883906923 -0.41772831312348812638
4.4256238470633588733 -5.7048180456492394441 -5.489569612142571664 -0.2146129224095695287 0.0020124829006033435365 0.97669710936782305755 0.79307425533542175167 0.58402307291159405445 0.17306147991667919506 -0.5700653638478209162 0.81173456266164489836 -0.12693494681000813684
-7.0460197155062793684 3.199493591910182122 -5.1312063969421313203 -0.96253160933766046536 -0.010935028873978748162 -0.27094893646123302533 -0.25591036095885993928 -0.29382216539777061826 0.92096602666703886175 -0.089681593316809679606 0.95579755192426252286 0.28001473453316194639
6.2081618914012484112 -4.1432511596785399632 -0.14982569370192078129 0.98675442220483511324 0.00026362851555573581577 -0.1622209627615270322 0.1475277891009869613 -0.41732852705522116565 0.89670087094238692949 -0.06746303952726577513 -0.90875564977935219257 -0.41183966211608069585
3.744467198807524877 -0.5722370917911620003 3.6084618111673654184 -0.79841217984646828398 -0.0079632990091198924132 -0.6020586158687781797 -0.58557003165368626263 0.24303529432792850273 0.7733314837377931461 0.14016322307207010334 0.9699847584265669509 -0.1987054083768298729
3.153499864102674799 -3.4432162591450778955 1.3047188999109506913 -0.99559651152184858169 0.0058522816146912987056 -0.093559270227154336941 0.035833141479443358923 -0.89849674463793105517 -0.43751524070223546392 -0.086623162129085218286 -0.43894116994754767136 0.89433051894016601935
-6.8569979172425092884 1.7302786815495767581 -2.5660141025883973498 -0.99963463370035587907 -0.00010896712300361745263 0.02702937722085536898 -0.026802337588398238849 0.13339706679661084143 -0.99070018535873416443 -0.0034976858895808208422 -0.99106266739102599761 -0.13335124857754501737
-4.2499196013442501751 1.241762884503755604 0.48317600091116741368 0.93746918515681676443 -0.0015750653848775734468 -0.34806471531936100661 0.05700532502786133382 -0.98579263571555542089 0.15799769709550845476 -0.3433684898178525069 -0.16795951458033925308 -0.92406043182363040156
-7.1829000090399128808 1.5422201165101838694 2.9111620306338932274 -0.94282300521324835518 0.0099244758555639897568 0.33314604247940077242 0.24275264131492996222 0.70535539881570941123 0.66599167899924727188 -0.22837674131871224525 0.70878435799646610782 -0.66743448958238282831
-2.1370702972328214919 -0.67676242114545293038 -3.0772158031432681469 -0.99696202546243040121 0.0081614789752815202623 0.077460377268307262222 0.071270822800540561959 -0.30557927188784539396 0.94949553890992288707 0.031419573563797695281 0.95213166046165242928 0.30406925451883398681
6.7383327744467491627 7.2806870121658331385 -6.1657874002693988658 -0.93697698978635779454 -0.0066376279935721031744 -0.34932801563242227294 -0.25392291537012162683 0.69970574551069864011 0.66778366463202687431 0.23999432005978119098 0.71440031606521392504 -0.65729362901599441837
-0.35679551537591491783 -0.72100100896343088941 -4.0933577619320136165 -0.96529083105860913339 -0.0081484469210895936475 0.26105021411017165223 0.044877472083037189821 -0.98982223733844243441 0.13504795803661423514 0.2572928758703497687 0.14207582934191084756 0.95583201177991905517
-2.1265043265736007783 -2.8550595957475759512 3.1732273995312447745 -0.94502653774923528474 -0.0061115873985515007522 0.32693652510692722268 0.32554744053479428567 -0.1115144467899367442 0.93892672350859540664 0.030719813001096770572 0.99374401968345493774 0.10737372319422598677
-4.2583392176741634572 -1.4002378729073194918 -2.4834001047903417891 -0.88841670423831442527 0.0053786638657714238437 0.45900635028865410803 -0.4179621483249064684 0.40396315988780062689 -0.81370842936593579253 -0.18979831979741504377 -0.91475944128963171398 -0.35663954123673369256
0.65436025022955213171 -4.8472151789397646127 5.3991022395495429365 -0.87417380225092644608 -0.0055780406841004223986 0.48558114555672149404 0.16233669193871058667 -0.94576403082766125063 0.28138442821693154805 0.45767560772721588291 0.32480653234607942403 0.82766765953303600423
-5.2361125926132796593 5.5538414786184731042 4.4806438412223688061 0.75300092738777668622 -0.009565041737277346634 -0.65794993223621867084 -0.31639104058174571943 -0.88198786064849443722 -0.34927657108396459318 -0.57696300816662704491 0.47117504565198431443 -0.66716397052163578518
6.6530434091513690475 -6.0255998146110290037 -4.9016721518551049641 -0.91387985977556962514 -0.0071105161941997238953 0.40592245867423898398 0.39817591677421432239 -0.2108566285402976026 0.89274600055207498084 0.079243556190589467536 0.97749113692144740106 0.19552886242747760659
-5.1167113004407358545 1.7516135582766645395 2.9203003303773398258 0.72218295720717529118 -0.018879191999617239706 -0.69144439576071770048 0.28090170247827345174 0.92149197969964335986 0.26822894119398887902 0.6320965194212078142 -0.38793827789836354825 0.67078900011635489431
-7.2586343766656318266 -0.5925194657587953273 1.5315172214771188841 0.98487072122117180761 -0.0025437731564120357082 -0.17327201649237156111 -0.16015801646666205649 -0.39519062772996099708 -0.90452958907694802626 -0.066174558877757472253 0.9185956112307576138 -0.38961908421537305713
-1.1086395841702132437 4.0077690686875273585 -4.7751950715123783198 0.97688223757836067929 -0.0025954245693147913118 -0.21376238601569702569 -0.099521003618423767301 -0.89048601088944723259 -0.4439935069895179498 -0.1892000627447141814 0.45500321777035518389 -0.8701582661079532155
-5.9754371343657446403 1.5650933430311377847 -6.1543837677652772911 -0.99858158529980933782 0.016745969447960914328 0.050540973548960657635 -0.026171198705872419227 -0.98103909130195976473 -0.19203481375958930677 0.046366861639844533793 -0.19308514661840431303 0.9800858331274118207
-0.081653396541654515994 -1.8734967821059747006 1.7642680956670944159 0.986203237675621458 -0.002437421729339159758 -0.16552109525220545794 0.024547856462834839741 -0.98668332041949424749 0.16079001196963252363 -0.16370881693194652695 -0.16263481847812635839 -0.97301045167940691805
-5.1205660996794559736 -0.54819116041859927702 -6.0415689045491909326 -0.95601482620060851403 0.0048929732521355677466 -0.29327753220709490423 -0.23128997111768995198 0.6023369963231791635 0.76399940583797409932 0.18039013649611002066 0.79822691114314270333 -0.57471140321181068966
1.5117419678908960989 6.1655788882179578536 4.2730901382441297542 -0.74929930475932726708 -0.00087074809069491443392 0.66223092172215103357 -0.64062434039149285248 -0.25240616005736210559 -0.7251838283242618699 0.1677826164571456502 -0.96762098580115529778 0.18856993782668554638
-6.8026221433610292166 0.92851366106273491852 -1.7244719387698030921 0.99616428106398779985 0.0013553716109325774936 -0.087492217368915867204 -0.059906341850936864479 0.73937399484335231126 -0.67062457899758387558 0.063780524757792014801 0.6732935902838573794 0.73661915936557209594
-4.4177937932494328876 -4.6610623476865891135 4.0855735116517166716 0.59917194368099635504 -0.0045198111812861973061 -0.80060761501030153209 -0.37457411008703239697 0.88220869778020460927 -0.28531044427668422747 0.70759255080730865117 0.47083689837113357202 0.52690169593025126815
3.2258295134240659863 2.2373718721914750418 -3.4289552979335420346 -0.78673683278952188935 0.0036704726573277271159 -0.61727763896232401564 0.59769662508144039137 0.25446518176580268378 -0.7602672001574174443 0.15428512662804114153 -0.9670749706715056071 -0.20239096027735237193
7.2649449940184185337 5.8254217978972659964 -3.9583452479393628209 0.99623640026791482338 0.0052370842017285899189 -0.086519406668780551861 -0.044836262803717608083 0.88539175836667416419 -0.46267822917676243444 0.074180484758833070691 0.46481610037244536215 0.88229430946554643356
5.672240048935488943 -6.208460668887238576 6.2843372198102276371 0.97312434440760198218 0.012787315034282344811 -0.22992497666710665083 -0.17726551846834204262 -0.59572587674793453516 -0.78338216455002074312 -0.14698961284161021768 0.8030860254960563438 -0.57744860322761581983
-3.9430773015973317186 0.32054829308032301016 -5.6880502314761018923 -0.95261524770821381924 0.0070087277715760254795 0.3040971350880369295 0.30408551931390737089 -0.002693162563158211717 0.95264093121126225405 0.0074957839706874494767 0.99997181190786788019 0.00043429509807139531248
-6.2387541314870214038 -5.307636641922774956 -1.9042245495444563019 0.99476613443734285269 -0.0016623732901684187824 -0.10216444729754496634 -0.086901199227927952706 0.51215935761717379382 -0.85448286932972694618 0.053744947198160884783 0.85888883385471148646 0.50933432216028629025
1.5250867067791442633 -6.9615257823534930637 -6.3914793201511335141 -0.56743347878747418811 0.0056841961257614419256 0.82339962173020320169 0.60678928328338510578 0.67885680066939380062 0.41347334844863448122 -0.55662016927482371731 0.73424868682167809819 -0.38865518529560311167
-5.7297130664629198904 -7.0413287851015731178 -1.606882881388688622 0.95079247475981309989 0.0018841042419542198411 0.30982272365224006183 -0.104071948783182891 0.94382172534888764126 0.31363925174625378878 -0.29182648854509918301 -0.33044969497736736974 0.89757467637667032179
-0.81476418941372275029 -5.433925355362205778 5.3725443765317368872 0.7933739061084756905 -0.0082575391219915587199 -0.60867861647499732491 0.19858829098773905786 -0.94169203607871077022 0.27162253196051594495 -0.57543073934992916563 -0.33637467537519710747 -0.7454740384329709979
-6.4995756051005351139 0.32222931193668674643 -5.7034852794832699985 -0.98904222036295597054 0.010914797713947255869 0.14722891540186539006 0.13877618416163825521 -0.27148295651679221763 0.95238551807031701646 0.050365236513547496922 0.96238135451160800038 0.26699339212644551678
-0.2511802914142701737 -1.0424141854678825592 7.4908274315880669647 0.79479898148249827905 -0.0037607268441457071539 -0.60686113400680674612 0.60403400908498949828 0.1015106777240285113 0.79046726572126724264 0.058630153531822271074 -0.99482734142241491249 0.082952190177342025046
-1.9231031584449398419 -4.7113889034250613363 6.7118729187521273261 0.99159784437841891336 -0.0070733853310241193157 -0.12916532911008157813 0.1116464027478777099 0.55111680051449341011 0.82692524023882063577 0.0653360220524343005 -0.83439813003780305412 0.54727594941846968712
6.8294040643218876241 -3.2396147543370967803 4.8695277664311413801 0.80483822864084286763 0.011752220063575064338 0.59337788216443143607 -0.27952195081921565878 0.88947874519625591549 0.36151769092855351451 -0.52354837859407510336 -0.45682540118479919578 0.71917150117601746917
-6.6467492830215899602 0.44004658795726625531 0.87878755175537204281 -0.85516541978632842902 0.0014346366588149357495 0.51835320643288640419 -0.23874526410023058642 0.88652345222603678998 -0.39632924131702190751 -0.46010086249786763535 -0.46268143519152005183 -0.75778168746534868561
-6.7469837626275230846 -7.4074892671705869773 -0.3109778793391232421 -0.96818539650549007014 0.005177867545852518627 0.25018039028087685205 -0.080054279863743582624 -0.95365164310502426037 -0.29006870889256836099 0.23708300291016218275 -0.30086829891288802141 0.92372610466540494567
-0.58089951230306990926 -0.49943987988386584487 -2.4108064308446128798 0.80919667515281146208 -0.0018314803394844031761 -0.58753500883044362801 0.16520617826998718058 -0.95893997680798581662 0.23052340345585023429 -0.56383300682292536443 -0.2836031850300275714 -0.77566846903669928182
4.0651607765227391056 6.8083954826321493314 4.1928446524568894205 -0.98047915128291829312 0.0092821404912963138834 -0.19640385884101038694 -0.081034641586675906777 -0.92918441473666635311 0.36062405670370401012 -0.17914804147031879178 0.3694998853564284147 0.91179812127410009293
4.480627698513171886 1.7469276948422889362 3.8354480267750501454 -0.99232055119101225671 -0.0028305806765835279937 -0.12366046861049286021 -0.10180676806291258374 -0.54911402444026358172 0.82952345966798146648 -0.070251730658558692033 0.83574264937003650555 0.54460895912889262238
0.63994905257351475392 4.135297621773506016 -0.20088403794298961835 -0.84303292678500374446 0.0096915033380007460651 0.53777463599470320954 -0.5364601664872397091 -0.087289209794995048508 -0.83939923970999830161 0.038806882490235568295 -0.99613586855228986039 0.078786783504465787709
5.0482490450835291185 4.1539548006239934708 2.0629901101480423442 0.95557646898666215307 -0.0052872691304302697063 -0.29469587154226806192 0.21803519263126946992 0.68545835422112011415 0.69469957492628464646 0.19832868348565652061 -0.7280926379340206811 0.65616068450743947338
-3.5064631980180616111 -3.7302713662636937109 3.5047405243484699433 0.99988831025165214594 -0.0089067066817476135687 -0.012001566494970045823 0.01059749457972414613 0.98876201348603887098 0.14912200976299611055 0.010538507051781919807 -0.14923254089912987852 0.98874596768120726065
-0.86630114659377510655 4.165166263289131976 5.5345915031207759682 -0.99904052719578317898 -0.0045219329461822707628 0.043561188490528195139 -0.014762000801973502312 -0.90167870687806683794 -0.43215459374518150337 0.041232370203481596982 -0.43238300346473229618 0.9007468179029785027
-6.9591652951000986249 -4.1877009496652632947 4.3813322790245115002 0.99075327902559218174 -0.0092993832569539854743 0.13535679359050498127 0.055104991614826646928 -0.88407592248943878133 -0.46408318561817424319 0.12398136956497558814 0.46725077286764027384 -0.87538867667763797797
1.291852409958567538 -6.5400449008394190287 -3.24813958437646777 0.98118945892989417601 -0.0077129849444664971836 -0.19289311949416373948 0.071560535121893781296 -0.91348351134534366835 0.40053334981376104151 -0.17929399180681906967 -0.406802635639489929 -0.89574844690841071149
3.0010089709780034539 -3.1529201419746515356 7.4606317922738965009 0.73207173806372405345 -0.010875437153195666173 -0.68114073082965875816 0.18877701899648127726 -0.9574762239417322629 0.21818001211212403878 -0.65454885793741057753 -0.28830713736073443343 -0.6988882508096103674
-1.3514336979770962266 5.9912978807006629367 -5.4611359180683889392 0.98379464893253232294 -0.0057801415747580674534 -0.1792056882327690559 0.07305130180778759974 0.92568445488902928453 0.37117623480114753098 0.16374246863844515998 -0.37825240242505131505 0.91110566018651106823
0.44410971723698899893 -3.8309369869669485098 5.197205343384792009 0.87583603484030347897 -0.0082408330897372379653 -0.48253842204015778838 -0.46687978507926325422 0.23871636628666292879 -0.85149149305871962845 0.12220681797476194708 0.97105436775544373695 0.20522891731820017136
3.2362899514048897309 6.6674715622137092907 -2.4693378266911589769 -0.99989848250011359454 0.0011596501939572895993 -0.014201405042893473774 -0.0074031494729898256191 0.80931333839457564316 0.58733049782425539309 0.012174484450918791195 0.58737600862476790908 -0.8092225938641148808
-0.4512842961743839254 1.4570719710740929198 2.1537541088978033876 -0.9971504343647380475 -0.0013605324650794040423 0.075426521845302435532 -0.070476322385100514945 0.37344352569553956878 -0.92497190287010377929 -0.02690909194576752983 -0.9276519185920899524 -0.37247525918261220612
0.3303949540692505682 6.3503068935587085875 -3.1316603516930094919 -0.98567271500273712093 -0.0051709898266740035241 -0.16858991596009162417 0.13639381071756401242 0.56358192987192756718 -0.81472212239507779685 0.099227150000216549075 -0.82604398744018947554 -0.55480203993559384923
-6.7617104936880050303 6.1169844925508733979 -2.3754761638236212562 -0.80091672766078469969 0.017011148367809952875 -0.59853405599377074164 -0.24388540569100500277 -0.92219060937065788774 0.30014061517784651478 -0.54685674929003391664 0.3863613604122886902 0.74274665595767774828
5.0967336272141690046 -6.1481992832629055457 -0.16322691876717501658 -0.92523845362422507677 0.0026799217906603449608 -0.37937662283580597666 -0.2531828409412367753 -0.74908836817161295052 0.61218058260851371255 -0.28254601923941602415 0.66246466674780069006 0.69376387360738567267
-3.2915716179514982187 -3.5219382658792022234 -4.6668706535482114006 0.98975157991478068809 -0.0093945544004823428735 -0.14249053443578305056 0.11254801947575444887 -0.56282756101576691954 0.81887610776783348321 -0.087890576106014750568 -0.82652094886250337957 -0.55600212924331815501
-5.3113467304327413032 -3.9655699560471679987 5.495368412447088069 0.95839049407355303423 -0.0021096259243798768518 -0.28545264116451357639 -0.16847521806728321669 -0.81142421185374313808 -0.5596488625152140628 -0.23044253462955324729 0.58445384582182369204 -0.77801667098946036827
-6.2691174396175783912 3.3860841112602866332 -6.0342083607600729422 0.99790399395608464506 0.0076204524677929447868 -0.064261555774513312578 -0.064616631762406923079 0.063499719180358751847 -0.99588778311800985055 -0.0035085247686624260882 0.99795276159157775275 0.063859031356158557635
7.3051477375531801428 -5.111420813821887954 3.9174647374054583082 0.94045534943457120836 0.0038078550707974301651 0.33989591930402940356 0.33975541971114076034 -0.041381807415591956301 -0.93960300169377219959 0.010487635419455031832 0.99913615000894584472 -0.040211481551034773674
7.1140688095966897464 -2.3371668173828488158 -1.0595718327757333022 -0.99627230876888306366 -0.00089752333788924675267 0.086259383444193454826 0.038264133093644778216 0.89159343076404662387 0.45121725403289725254 -0.077313277636543345506 0.45283589596040751957 -0.88823550279803797913
5.39274265162575972 0.89636647598497731781 6.5059293755252438629 -0.23534193164423511391 0.0034560463432323686866 -0.97190649290640451774 0.30932715333273647085 0.94826166211410767293 -0.071529940413991868753 0.92137445559392128214 -0.31747106310380024397 -0.22423478024323978408
4.4793753824219670889 -6.3293382087376510725 4.8539065688937501619 0.78637595441148055997 -0.0079837058790607536712 0.61769662356519194901 -0.36309681741602622962 0.80298346741434190044 0.47262908526830121891 -0.499773508207312811 -0.59594782615570340845 0.62854803236875866901
4.1941544725301014296 -3.0062734786994140812 4.7555797470353109446 0.99793319673240843404 0.0022727687046426134528 -0.06421969621383903648 -0.03717823974074169896 0.83554962403588983744 -0.54815563872255113065 0.052412912046222177864 0.54941028411916470464 0.83390720488257930043
-2.3005877705022115265 6.8427103867834127016 7.2799554378804218757 -0.70810791057152566719 0.0024829171459565756684 0.70609986695119419942 -0.57353560208011888921 -0.58532353385316449046 -0.57310843115792153846 0.41187388862690083036 -0.81079602603877198863 0.41589626594529066628
3.5321613126782489545 -2.0210525451593572832 -1.703301118109977752 -0.92558555831957300963 0.0039010593596160679508 0.37851836939039351648 -0.37112466755974149457 0.18758204375623543925 -0.90943908976294252078 -0.07455102520262238408 -0.98224119166116508062 -0.17217545134279055308
-0.75346410877704361742 -4.4025235170083476532 1.556671435653223412 0.99321113284461381987 -0.0087657163380283568271 -0.11599486113833400169 0.0020287143399032887131 0.99831038103140923301 -0.058071227324852800478 0.1163079099268448241 0.05744166903893200421 0.99155076760922233881
3.1286681070244743985 -1.178941473605074064 -5.439083034707698161 -0.95726652960869629272 0.004128970593810050646 0.28917770123717917441 0.28008799305750964326 0.26234711389674875148 0.92343094380418322409 -0.07205211611047129816 0.96496473688513728639 -0.25229258635987261705
-6.678433425808250945 -3.0156454167112669573 -5.9718568424825546614 -0.73190120033914141118 -0.0058106296676072866081 0.68138599158252521892 -0.3283032960864668004 0.87925667859434009088 -0.34514437403195463716 -0.59710767766027672554 -0.47631284858804545657 -0.64543666734171833976
-6.1667974607135871423 6.2255707263734212376 5.6195290806415068019 0.96099022231804975824 -0.011089274240979562353 0.27635994754301357323 -0.25873033021719277214 0.31711870060255792358 0.91241128114122438397 -0.097756886380593266406 -0.94832102039603605181 0.3018788390070253902
2.4702798902555729299 -6.1566624818861974688 6.0505283395202607011 -0.79850839947243779093 0.0040219553639107563647 -0.60197023169500885054 0.061283288925723884699 0.99532556430476637477 -0.074641674282997033663 0.59885615507426337434 -0.096492719499240736658 -0.79502230195966649973
-6.5965986149543809347 3.6163119705873012499 -7.3552024070018440227 0.983768440307725478 -0.0039115192151446768337 0.17939998849485963572 0.04779764609993535085 0.96935465026050582349 -0.24097084272970989427 -0.17295965102252247592 0.24563440727230334559 0.95380747380297514759
5.797697503476280545 -5.5368217011288889395 -3.8267535177770497512 0.97764565684633564224 0.0058678329809128100883 -0.21017739694327405853 0.20234612056483472498 -0.29791231951171298631 0.93290101156311788788 -0.057140328508710543087 -0.95457520312404475771 -0.29244001853142720382
-5.1042041958720778538 -6.5063999868380664182 -6.9295667844024233517 -0.46975042345854323145 0.0023629071682075841743 -0.8827961012205016722 -0.091080437211448664336 0.99453021292317100865 0.051127385424036185524 0.87808820378023610953 0.10442256582096826056 -0.46696577404505146269
-1.2938833031170469123 3.8682955244581362919 7.4894377116817727469 0.98218812429715696144 -0.0069859855015105987858 -0.18777029716180734797 -0.17276089938173314065 -0.42655895979611441193 -0.88780691902144648342 -0.073892896373460539849 0.90443277794659615587 -0.42016804976256016957
0.059202354452140705521 -4.8861851473556283665 7.3191540544513795652 0.49452318410274775928 0.0080800918826933517541 -0.86912687940248456453 0.24991489429483002005 -0.95905072536052682342 0.13328260124683552479 -0.83245982845691679497 -0.2831190885487558373 -0.47629215373012201429
-5.010431970867346152 -0.21696935485695134638 2.1659159087011801148 -0.98292044056246485884 -0.0072105183638479656075 0.18388968418431278495 -0.015336953819006940783 -0.99254652397570319877 -0.12089737627959498689 0.18339079958396820036 -0.12165280994968087624 0.97548367923767831389
3.891539651174566572 0.98918598905839250079 -1.4571630450299459802 0.53061866473879371053 -0.0034215559606271539472 -0.84760375505637708393 0.82094399685477292827 -0.24678515997619149269 0.51492527500952001152 -0.21093787393204285752 -0.96906417629094254718 -0.12813990623807186564
-1.8888623114285016946 2.1882553239666733269 -2.4013091966018267343 -0.99897999936277892541 -0.012998078554819299593 -0.04324362180985376336 0.04458480186754737451 -0.13223966880976334437 -0.99021455525328605507 0.0071523643490790005453 -0.99113254408625206526 0.13268430102038605845
-0.26168744666484616834 4.3094764224151562715 -3.990964326070105983 -0.93556672128981555048 -0.001631377610210482448 0.35314621422559883124 0.31524431420211312949 0.44685974594123850645 0.83722003668124822529 -0.15917264959160387638 0.89460254083278656356 -0.41755282487079220521
0.83699855835552561256 -2.0568349794273022013 6.1172942375436116791 -0.64844424850703097363 0.0011110513065635393634 0.76126133629859604746 0.30339801139873556757 -0.91677016984916448461 0.25977317481604617067 0.6981903059033253145 0.39941359671371567952 0.59413725308453113616
-6.0291091144925434975 0.93319855117924721544 6.6383096485507655515 0.44247200928795143993 -0.0018773590191318921365 -0.89678035020834578894 -0.76040367101413641748 0.52933046921319704126 -0.37629179033154402934 0.47539959834338496591 0.84841365493829001831 0.23278636560017998414
-4.8926483258204518378 4.7015796748594844701 1.7289239717910906968 0.97256660860192967188 0.0026814698675154411203 -0.23260911751657351032 -0.023742248778637967122 -0.99356769277726475487 -0.11072283184651497689 -0.23140980414713682722 0.11320799259999139719 -0.96624709725616242384
4.32486656301267125 4.8016554508386422029 -2.1428542067527662773 -0.8351341505481445493 0.0016997560725088320215 -0.55004369046253065445 -0.28121885934808227292 0.85810019685964777914 0.42962775200906549999 0.47272286144770087057 0.51347946694939805568 -0.71615077552572214969
0.86463227998218183945 6.2533839265959576537 -6.7805880663847215573 0.94044805029413636177 0.0078254413626488127098 -0.3398473586264904589 0.17141297548967507347 0.85241305259907151903 0.49397325797305602357 0.29355588314958575014 -0.52281043431269591526 0.80030881117365937349
-3.572228487014618814 5.7071594637994991217 7.4929575351177772902 0.99988935608295892443 0.0021611098076374599813 0.014717513255667875535 -0.0058720584616078364687 0.96638368590284817738 0.25703713846463471793 -0.013667279226474695827 -0.25709512096704933981 0.96628945158975343421
-3.2896454472526288626 -5.6899915239146210411 6.6626473993119272876 0.85516261110566060832 -0.003417571891785676011 -0.51834855914665189935 -0.48103865288705999204 -0.3778007555276938767 -0.79111845102443856259 -0.19312877309101311729 0.92588061288967282714 -0.3247250647537293089
2.5740199650181483371 -7.0839988897649428523 -2.5784358803207845234 0.92748910804847073397 -0.011597321126066078428 -0.3736702511495270107 -0.051299515580939127057 -0.99401201547036155404 -0.096480427039739316553 -0.37031380497168192578 0.10865364809024888326 -0.92253025457376036655
6.2869135869567225328 -0.25649692542608482082 0.52837181596476312517 0.98871512849622122943 -0.010039266654847823351 -0.14947109355183071933 -0.14967029486550545436 -0.10894595675952715996 -0.98271541218228797288 -0.0064185292262086551807 0.99399697767686368 -0.1092190956370773236
-1.6931954169660548004 -1.5259753274987939431 -4.2487218974960736517 0.59901567157438773137 -0.0038881864201751699037 -0.8007278608957186794 0.69467013144604794483 0.49988822272691252335 0.51724769043045148997 0.39826327182527837545 -0.86608120103450847438 0.3021418864204395982
2.9185982991014602916 -5.5787836897698648286 -0.68202069255708919204 0.66914537147302233233 -0.00088395660091050536067 -0.74313100490892269878 0.46121420296563375718 0.78459223413887069221 0.4143627458060201163 0.58268853671496934066 -0.62001148759501367724 0.52541395530678258741
3.1985500521490797254 2.3111381593378634847 -0.05328504756405777476 0.95873295697153315675 -0.018130623832825910891 -0.28372944453499493456 -0.20502922848300550451 0.64727656256194721074 -0.7341635151828974637 0.19696226208177336492 0.76203958692279194498 0.61684806498698285804
6.3233603547843149073 7.044065912155449638 -3.3709027507211444252 0.73848174519634290913 -0.0074831374695582915033 0.67423194426360621989 -0.026422454525031655037 -0.99949153599875029119 0.017847222856938359942 0.67375556836935102112 -0.030994711168976743498 -0.73830397667279257234
1.6248231612263448476 -3.1216695109068837155 5.1553126099809629679 0.44248693646294900983 -0.0090776397933749301827 -0.89672900450216364021 0.64005875766449937814 0.7035778706333430943 0.30871178580061636731 0.6281163091312114144 -0.71056018493219230692 0.31713423938833767979
-1.0731743466101604234 -1.7078857546284536006 5.9470589662910846585 0.94071133813104479415 -0.00099335401071581203025 -0.33920670919017475997 -0.00040553093864465015322 -0.99999829090404634968 0.001803810904851162189 -0.33920792127612159339 -0.0015593065548475115722 -0.94071013320081009468
1.8862263829237413404 -0.30203587890774136193 -5.9048709508109826771 0.54568466426297135285 0.012699279191401704331 -0.8378943701303858127 -0.40930902892814646776 0.87653586259607219056 -0.25328047777313761335 0.7312279849855719549 0.48116900346036006741 0.48351010752905965173
7.159482045741282441 4.1521317751287796227 6.549588804304967482 -0.97666483089812050622 -0.0042284894201489488241 -0.21472756684677077321 -0.21338745043809398405 -0.094124069429513526619 0.97242298180861097556 -0.024322912700786278317 0.99555149511776641624 0.091025361776215063525
-5.1453514915338525171 4.9588855328696217484 -5.2261324684379175665 0.98596501841381956055 -0.01073343115724730186 0.16660665028711130198 -0.14679035267777101881 -0.53113290768332788172 0.83447613910561557748 0.079533482414955614104 -0.84722053081325177093 -0.52525403124921299369
1.834094555781362601 -4.5709194676243489752 -5.9792447281209000209 0.98764646245457954343 -0.0040700310814596575917 -0.15664577890249437031 -0.080354324350321706949 0.84506667614846575631 -0.52858820968853437172 0.13452749815257156185 0.53464544112010337074 0.83430006863867733902
