1125 14.717824617146108679 14.977075390850430381 15.033177056927090831
-5.394598545721775551 3.170492204593144514 1.6157471999939543306 0.99992663164339457005 0.01084508876006479855 0.0053958669402821533845 0.0081156455615479100585 -0.26909954433065108592 -0.96307817519565808162 -0.0089926429579589954588 0.96305130667620408857 -0.26916781583584498128
0.71196344579515513651 6.2933721142646446012 -6.4927965749237541715 -0.91914236818041383792 -0.0030135716854813193212 0.39391398223642631882 0.39380300959734310107 0.017906794681600664981 0.91902042215409696091 -0.0098232707246744856155 0.99983511895216792276 -0.015272140070754298274
-1.0838499241778760673 4.9523146443190002586 -3.4718715420656809378 0.90048785155242916378 0.0029676798650576374783 -0.43487104074957710909 -0.068084509424485586959 0.98860768906508444953 -0.13423612292466005624 0.42951848479764376254 0.15048597940552072005 0.89043126698221852777
3.0561250490582136941 3.0844567545341221582 -6.5364988716366054788 -0.69893403553815136586 0.0031345351491409122191 0.71517927029225347724 -0.71477366583771928532 0.03089603951294987022 -0.69867305756503861325 -0.024286222250566071035 -0.99951768840365784463 -0.019353810399762721994
-4.4838699945065192409 -1.9365888420913837109 -4.349334207112811157 -0.57993978213920061027 0.0035762528043633921154 0.81465149573804795935 -0.59951191501683920304 0.67520472647967122448 -0.42974881162420519587 -0.55159343074878797175 -0.73762171046911173544 -0.38943407580666067336
-2.2082549197054688328 -5.4729346623807044736 -0.70124149205532437801 -0.8834131635055393339 0.0024133390090285622084 -0.46858868780626600214 -0.45214212879669862799 -0.26704399154928021298 0.85103172793061365731 -0.12307996551974431654 0.96368131784957411501 0.23700134960676008666
-4.7792683566436355846 3.8189600881998271298 -0.53654275451657151841 0.98143801111671424842 -0.0099519730634089267896 -0.19152124834437725398 -0.021485015264099495413 -0.99807162270498939183 -0.058235986040945889042 -0.19057236015315953681 0.061269847259601425971 -0.97975924663284452709
6.664003868522359042 -4.594914658048291578 4.4116956226207300062 -0.99806485963168711795 0.0027105306191249488486 0.062122371109712928861 -0.03312368699478317885 -0.86867914319820715985 -0.49426649444642051234 0.052624683641819977598 -0.49536774137625527725 0.86708790988873296612
-1.0558469867734603387 4.2441610027722278531 3.2348701699956676769 0.87947106249280460055 -0.0028643651917910645938 -0.47594374210605699949 0.39383622151943165068 -0.55712036139854292927 0.73110186262554877068 -0.26725209233442304146 -0.83042681696052933482 -0.48884314541130191589
1.8947289135643397007 -7.0482362050843123669 -3.9217856012322158676 -0.9972077929598158752 0.0003607071679738163214 -0.074675883326078801305 -0.011157903395763212398 0.98804318389711653925 0.15377310540649108406 0.073838464583138557762 0.15417696535112523915 -0.98528033802732772894
-0.84354116186170990943 6.5635231994134208833 -5.1220229382270305862 -0.98797760845399329455 -0.0064506075564571465492 0.15446240596233140607 -0.026287686920648027644 -0.97756928468938608656 -0.20896710542170357505 0.15234566849727906868 -0.2105152804290572055 0.96564699243355911484
5.8199082916366764451 -0.91288604890414970505 1.8344957649192916715 0.93924627300468710445 0.010592255390256953562 -0.34308051937194106173 0.33531731171042183925 -0.24188025543593907885 0.91052525637535730585 -0.073339887606005571552 -0.97024829098319798071 -0.23073689503403868595
-3.5192356983071126919 6.7002129784165855853 -0.018344341792214315101 -0.97647128817284734037 -0.0019011697394595993178 0.21563907096737616742 0.21213895753890688045 -0.18811258460145149907 0.95896335603034421613 0.038741270867011012857 0.98214563129315746171 0.18408984997393737504
0.35004425129970617725 -6.6918851450816418946 6.5037846819904618911 0.93028532871260394277 -0.0068523148314092383049 -0.36677275384581714546 0.35993581608854358089 0.21007145200491311732 0.90901935807184497396 0.0708195981268231467 -0.97766202280450686946 0.19789278331242865505
-2.9377330769009879496 -2.3095482758584213734 -6.3267123003631118294 0.88552378995523506333 0.019340635061810017292 -0.46419129382050927646 -0.23575720473687336587 -0.84222922240423447882 -0.48483860958362617888 -0.40033255905314951706 0.53877256496944181396 -0.74125431897438731621
5.696504541402943822 6.1990494648080831652 6.6798559972374507154 0.37481385816276818757 0.00054516241339877882788 0.92709992693728271451 0.89762753813850726381 0.24992547071425025296 -0.36304553690076735162 -0.23190380442004979167 0.9682649233995874738 0.093186177136505593532
-4.4016359433312288729 0.10018894940029812735 7.4948194179341554033 -0.99445727343288459199 0.0057171416848572119765 0.10498593052094726263 -0.013527062296341336306 -0.99717912437350519905 -0.073829618036043528906 0.10426768388155212286 -0.074840551873140342964 0.9917293692804375338
0.0036155479707748530704 -0.013867160287005231983 3.9233248501564625954 -0.32326195181703609727 -0.008706554634770125381 0.94626946818221313595 0.55974820156227511614 0.80450687819118582578 0.19862183613848694019 -0.76300960764293312977 0.59387951543183314929 -0.25519298539568469053
5.8428165249786845337 -4.8694331604834815153 3.0804683210806387272 0.97008625625322197905 0.0077342999144424853103 0.24263725194887580949 -0.19539906982538485236 0.61797978698545541487 0.76152490858069832314 -0.14405505523883960217 -0.78615594094447205364 0.60100497300596900097
-7.2877146615756469572 2.3583072773835001001 -6.7821329321920647004 0.98596269076237119666 -0.015403446710395195252 -0.16625374057124858718 0.0089112704652681944129 -0.98946148252714316573 0.14452184559340522374 -0.16672780716850857385 -0.14397467980327804948 -0.97543484143871816983
5.1677137856237447266 -6.6164841034006416365 -5.7079927748593872749 -0.62039294073690676168 7.6472572271202819694e-05 -0.78429114060775972916 -0.52636410993314663997 0.74129585448595003427 0.416438806904661174 0.58142361738933812099 0.67117840420697993942 -0.45985446270316276962
-2.847609139945176171 -5.2412414098273174545 0.80642093856385321793 -0.95312753939837835393 0.0029991079445862438464 0.30255396046259180887 -0.053678299206528098941 0.98241286625661750076 -0.17883959407187105528 -0.29776926274274834183 -0.18669752426050845173 -0.93620377087497852475
5.3379553621470829938 -0.7389811582786788291 -5.7646216146380488965 -0.98326654254048784232 -0.0052051066857443616109 0.18209836129118464609 0.057887786106883970527 -0.95671032289116597624 0.28522686110024692008 0.17273074578719660455 0.29099530054255651201 0.94100256350446143117
7.3053913704235728943 5.7318190001908764231 1.360921600471884485 -0.91294904357706507803 -0.0010131499268533359151 0.4080723187856208356 -0.39991394983010059017 -0.19675329525444462675 -0.89518544086565421392 0.08119653048711282517 -0.98045250488425539359 0.17922055993413663066
-5.1623819829577577423 -5.3957266030525312672 -3.5506779619853370278 0.8516692462454685808 -0.0028795219925075274565 0.52407175401152694683 -0.48649926072461746607 -0.37618891748317162538 0.78854319328568711622 0.19487935835808359308 -0.92653850795093628534 -0.32178941711945630022
-0.20898378449745236285 5.2824862177480493841 3.2788738963935735171 -0.82547288356583448099 0.0071145269180313969182 0.56439693656515721454 -0.056021900465482797615 -0.99601598128510415719 -0.069380917353552895577 0.56165475620315929994 -0.088890654915566955085 0.82258275346797082861
6.4066145333213597723 -7.2826609961400512461 2.4767787063738806452 0.56687884292042522993 0.0069748976075246875428 -0.82377164812388203874 -0.56476798912683023879 -0.72469633745676298453 -0.39478137865714452159 -0.5997378559894928074 0.6890330683502476905 -0.40687582234994440489
5.1363599949247475962 -2.06691832042498147 -2.2356560827539122549 -0.93741683951336685077 -0.0060253169122123223511 -0.34815709751889190038 0.34803507866309157937 0.01540578761223353188 -0.93735491982917695797 0.011011494751265518688 -0.99986316927081675399 -0.01234462308816032354
-4.8633097019888822388 2.7616711015754584757 4.0490002989005784428 0.9984472421519450247 0.0037348522536959829349 0.05558017198623146915 -0.0001615006315937583814 -0.99755158991448977801 0.069934250382706467097 0.055705283025243218509 -0.069834635659401234076 -0.99600203067336112728
4.9083202755860089184 -5.8710936097736592387 -3.3945880373965455767 0.99653605019494206907 -0.0010623642977242485699 -0.083155108344844033685 -0.078771443158816331631 -0.33265785212658849357 -0.93975199556109101362 -0.026663840766508937336 0.94304698970975142647 -0.33158922599353940486
-0.47514624430392610188 -7.3091279923069087943 5.6480656957882766633 0.99865664433894552054 -0.0036902262635446492212 0.051684513616004248981 0.049524523508720247333 0.36132855832232579907 -0.93112243798115779114 -0.01523903831719316572 0.93243126029252454412 0.36102592225535967696
0.56172536936288863796 -7.0172405840783298459 -3.0359195320738003865 0.98640010627357666007 -0.0012556080058995547875 0.16435709230893755239 0.11699284237472777626 -0.69699770152096673925 -0.70746510790825067883 0.11544481442141821259 0.71707226101914134375 -0.68737170970310834672
3.0174105064798895093 6.9997279839089356912 5.1623804138389965956 -0.9952666369932708923 -0.0034834199034524601646 -0.097119447454781931972 -0.018178392770225645231 -0.97504496970172549464 0.22126195582520236105 -0.095466577001722605078 0.22198011813016704785 0.97036640493714632072
-0.20897669109252975383 -1.2573494150732187347 -4.0425125579159937317 0.92034649704602022879 -0.0049517745743535655084 -0.39107263430705968554 0.30752778656806645241 0.62694896321025916919 0.71579442441118656948 0.24163812998746098115 -0.77904459272764059463 0.57853309039157274629
-1.2199663978151729093 6.015967735982441944 -3.8253509126808769025 0.67995537083077373097 0.010658978602931261717 0.7331760224213368371 0.66628100913512955383 0.4085027285439798983 -0.62385506140289959109 -0.30615406341295808845 0.91269485971342201314 0.2706617492526278701
6.2503376376914667745 6.928890600495186014 -1.3017254877903681187 -0.87518456638178987461 -0.0031595549170244123169 0.48377886681792398038 0.25274046904881375397 0.84968498821092097728 0.46277173218974831936 -0.41252179345079453832 0.52728117548573905093 -0.74283264057682574233
-1.955911497711833924 -7.0385748876596023749 4.7317943323727611471 0.90388230656528711915 -0.00061747933595215995922 -0.42778077866763830617 -0.035907122810046133987 0.99636042211489661558 -0.077308393945310610595 0.42627157354171313353 0.085238066391499611729 0.90057038460526872559
4.2414024678697304083 6.9007646304372673995 -7.5033431535164156756 0.9676913843396260928 -0.013589658276649312085 0.25177113786671223572 0.23313582263461565813 -0.33206987008902155711 -0.91398976448513280513 0.096026417611269551666 0.94315689180912787304 -0.31817291612222753372
-5.8335217788806001948 4.9618199422001927346 -4.5369061380913393577 -0.7589289548172740707 -0.0086147349700394868638 -0.65111644725144257606 -0.27305173348738814854 0.91196797217721325968 0.30619792383795602086 0.59115953208881011349 0.4101709449295957155 -0.69447116826829946579
-2.6666180427153589605 4.064411948814872666 2.4393169069463311871 -0.99812560221769264235 -0.016294636665254543656 0.058989550037691157458 -0.061165694572462091239 0.29727325030349877055 -0.95283124028408627826 -0.0020099764099859489599 -0.95465339232100587807 -0.29771271475184274413
4.9498080551775522906 -2.9373239755604969581 3.565448406846491558 0.99834054907937164192 7.7661688070822243457e-05 0.057585953431879659259 0.054386810521595906065 -0.3299410240683410267 -0.9424335496351410324 0.018926777466932463712 0.94400154375152323105 -0.32939772690367968844
0.751614080913790783 -6.9855675138795634282 -1.0199453528818063219 0.86075821893513670968 0.0011664642640803507719 0.50901269915067637317 -0.47422659458837751467 -0.36149980524318658937 0.80276212404064672956 0.18494438493951317892 -0.9323714550383764843 -0.31061076013090976877
5.1282487404675825005 -5.9261198816304387904 -1.4712011639986042333 -0.57216831190108718985 0.00091417089347282237677 -0.82013571264022300245 0.68023277308026053323 0.55916249261777051238 -0.47394164332429511433 0.45815586570928334975 -0.82905758011196617474 -0.32055690848142065486
-4.9610409382261817512 4.3412952464856466861 -5.0099203958695701644 -0.40866380089893017402 0.0036561267903415721296 -0.9126776706876532641 -0.83482385845479345488 -0.40565027564782230041 0.37217869259474095633 -0.36886721620323675852 0.91402105369825681347 0.16882680535605296135
-6.0671649456444649573 -4.2982180276403667563 -0.35644078249928040636 0.98901637754403159963 -0.0013262784846336534827 0.14780002007825041033 -0.1433297649810341412 -0.25283258317635737278 0.95683450154913352037 0.036099631857141996349 -0.96750913477329070211 -0.25024566072175413733
3.7716283154425895852 -1.4717373120472003745 4.1031306250777612732 -0.90519361114499430343 -0.012705670458011079221 0.42480947762571091841 -0.1280238900558350601 0.96127612203869883256 -0.24404528426758478887 -0.40525844829864149377 -0.27529399400726972669 -0.87176763357338515892
5.8070082640426496923 -3.2594784868348187779 1.8831023137208466878 -0.999956342971240697 0.0046015573111541935997 -0.0081325163332456804066 0.0041885391242298579753 0.99873576561804078278 0.050093179329437707847 0.0083527415620791977541 0.050056929047223294726 -0.99871143758479896668
-6.2066136244582423842 2.5226873175545749817 0.221368536471366395 -0.67916533981380355911 -0.0024457942537079533502 -0.73398123905593337657 0.6172799779739174264 0.53913237343352882203 -0.57297618860508747751 0.39711442933755036755 -0.84221749091692033051 -0.3646502817845043154
-0.79175054366825781127 -0.89715355362520032845 3.0963259050551594775 0.96125470082937358729 -0.0013512415999156878604 -0.27565843770773734711 0.1570340124906395296 -0.81918504034594896712 0.55161235355504734112 -0.22656062997448150886 -0.57352771844052641281 -0.78723327999133241306
6.0567227050699807833 1.4199445971611168726 4.1238092405681525676 -0.99719590279463021787 0.0048358261675859933598 0.074678954430932781294 0.052557158350756714993 0.75564481387993831518 0.65286955845905469964 -0.05327360092691901805 0.65496376238809572712 -0.7537800696507094278
-0.954293850041854963 -0.48137697755028402424 -6.038937555098026877 -0.8799060736658338433 0.011173543465431375055 0.47501626651321215977 -0.38714700071193935971 0.562732082955476276 -0.73037648007884214962 -0.27546778643899888506 -0.82656382375413850472 -0.49082557379926156083
7.1017112733259706303 -6.2369375376110944842 -4.6455185329528774218 -0.97859433193114886418 -0.0006920568515004282481 0.2057976058406035258 -0.020020180909170182115 -0.99493125888015765401 -0.098544317236511164149 0.20482266932339507348 -0.1005550155913108451 0.97362023549775666975
-2.3353148605547451311 -1.391980476278179335 -5.5169238055542644261 -0.97760332465730104268 -0.007968941373517592075 0.21030510120391970874 -0.071208599852957382703 -0.92781926023731586817 -0.36617039153890884595 0.19804311380604144865 -0.37294492395818173991 0.90647173633151356675
-0.63471046958100685309 -3.0168063750922389232 3.3280974697365355297 -0.99738298207717601684 0.013698910098571027982 -0.070989625472984291266 -0.028291228520573141747 0.82964121415013258876 0.55757964648337154934 0.066534152519325540087 0.55812883427202952813 -0.82708246922705130899
-4.256137502704627984 -0.7123091889040272795 -2.5213368362225754282 -0.93141752400553434743 -0.0093699436964686955848 0.36383182946313724626 0.18002610459729068149 -0.88067003734197168985 0.43819046885080997766 0.31630997081805856119 0.47363750852662150903 0.82195834011083179771
2.3788184345340699366 -4.4528739698659549617 4.4648126666128051809 -0.94563716923475971132 0.01368377631457013896 -0.32493552964756172718 0.31969535003903676307 0.22254411709380569895 -0.92101520026018801612 0.059709524575142974845 -0.97482658468711702593 -0.21482062857723857596
-4.8081470477714187695 6.8025483859410913468 4.5688567278658522852 0.99061422418921107891 -0.0032313253644699327025 -0.13664924943206313568 -0.11385039526105066032 -0.57273696424040887454 -0.81179459057785574583 -0.075640903834164358033 0.81973283960631282419 -0.56772927116553417726
-5.714970525807578916 -7.1690206598617143285 -4.0607341161207815006 -0.90485304679115807769 0.0048595033124121059936 -0.42569631069627034137 0.16288029792719793676 0.92780725270127606397 -0.33562435904171045165 0.39333315682763136945 -0.37302826576889552834 -0.84032073678886887169
4.7730898043131082531 3.3692095653906370956 3.1451971723848477502 0.90478450922086972597 -0.0062490231509565001555 -0.42582383867460948945 0.28758276134009269631 -0.72851354695957393215 0.62174284658241618651 -0.31410372053504898027 -0.68500289167720418426 -0.6573506607132656443
-6.2101080877858185758 -0.36565724967660850897 1.3888297050946569744 0.98830778456642887075 0.0093818100488020847449 -0.15218312851785895101 -0.10262189859263451397 -0.69726233969233175625 -0.70943215008615356787 -0.11276732192665192556 0.71675463813417206183 -0.68814701904356767592
-2.8074218981153036268 2.5809496383980197187 -6.7450487234404707948 0.41503258863713887727 -0.0044549478549471520361 0.90979563848629718681 0.81869724058104698106 0.43800523956275722037 -0.37133036285822001998 -0.39684099918486925862 0.8989613804581041423 0.18543370192812608233
-6.6677795654207594467 1.9694708510985428074 -4.8466933370448597174 -0.96947885589501259229 0.002462797333176502089 -0.24516256362201491181 0.24408593620307711403 -0.084447263113935439049 -0.96606972600345930591 -0.023082541460718121462 -0.99642490654434123787 0.081268701834396273043
-3.4321277960226024284 -0.48363041006925194809 2.1199328742223286781 0.99702897696869918764 -0.0065598268350265760349 -0.076747558636470175619 -0.045452280693990640414 -0.85451537516134956629 -0.51743363225897986979 -0.062187693834716520347 0.51938467659808529309 -0.85227474939168723633
-3.2062366701552535986 1.4237749535458108507 -5.3965548654519528426 -0.99530658988101972096 -0.0075095569203685015938 -0.096480042985037151038 -0.029443707269553323624 -0.92621696419441346126 0.37583933181710965643 -0.09218383937409582729 0.37691609383694141266 0.92164873892652010579
1.0063552887079465492 6.5723797362524551957 5.5855276838214855673 -0.99443856285734177902 -0.0022716627937976485198 -0.1052937996769015977 -0.07539646286281223575 0.71340478461370304686 0.69668428048726815938 0.073534468720739903924 0.70074849471002331747 -0.70960850408628228791
-5.5534223872576085057 1.9045878504739106596 -2.8391026348383152644 0.82797150634769678401 -0.0069825033899092543363 -0.56072669752992920778 -0.53809847984290404277 -0.29133955824109442068 -0.7909306466403529523 -0.15783919243095190232 0.95659422246347314278 -0.24497812735507737414
-3.679375803004916623 -4.3269938393545421818 3.5003588920078541058 0.87134100760284372011 -0.0033844130169705536129 0.49066627581102700839 -0.077816294446213365998 0.98636802108952115198 0.14499224562193172017 -0.48446823713052938887 -0.16451952078814707781 0.85919954288348932003
2.0342061568551610407 2.5227856829754204959 -1.02458374869660096 -0.28580959616948736768 -0.0063707799117971326136 -0.95826524923992795202 -0.73039422467068904066 0.64878989156733857246 0.21353208931635034307 0.62035244120189469985 0.76094092396410994983 -0.19008355776192181752
6.2461570064682678805 -7.2847573194007901876 -6.1883569662862525362 0.98792480942765092955 -0.0032637906303762346388 0.15489970493218904735 0.019029390645469823617 0.99476452496658329672 -0.10040628545911597924 -0.15376102630055582532 0.10214150742363556357 0.98281466169976094971
3.4146905739642496869 -5.6247983851651985887 -6.3669386980323103842 0.99522608512614163523 0.0086530772892075228514 -0.097211952648966815094 -0.08235773435913293361 -0.4599873080520625046 -0.88409777741055461941 -0.05236643080864317179 0.8878833260537968286 -0.45707871995960003275
-4.9386439658576852807 0.78678857531374313261 -6.4738122265994233473 -0.77697815904954126154 -0.0084141414324254929641 0.62947131990571580928 0.62009757477112292801 -0.18265098329700288349 0.76296632695269495095 0.10855384895485480079 0.98314181099396080743 0.14713341344670916033
5.7097832027401462796 -4.4502514309367935397 -4.9991791559200979833 0.67206518927485203729 0.0032441610765196809626 -0.74048487951062424983 0.42464175068971460325 -0.82091491956308859645 0.3818089553820671056 -0.60663643554942514591 -0.57104130346035930632 -0.5530859470338321815
2.7855609578788853575 -6.1948401607144853998 -4.6041931863455998197 0.92998928883020037794 -0.00080076707240076764466 0.36758574704833524294 -0.25036734404122623632 -0.73355818203250255927 0.63182955503115278972 0.26913958404280552417 -0.67962618574130140292 -0.68240173794915226502
-6.6259484457541688585 -5.5849106503544803104 -2.9122166257766441966 0.98900096541559601171 -0.0046456302214789042121 0.14783608668672204578 0.12922057239228154635 -0.45917867407125978474 -0.87889532308962980967 0.071966200939126478975 0.88833178677670288081 -0.45352784095841119916
2.0541095941490414845 -5.958127289667085158 5.9028778555359062707 0.89464330381656986813 0.017580184444112516295 0.44643509724389562887 0.39139948785517103547 0.45102016302003050674 -0.80211423965432171457 -0.21545254661512247552 0.89234060182448782239 0.39662129354424108252
-3.9000281611736462573 2.4831194575378363609 -5.3151918001848184048 -0.95851608829373258214 -0.0091679467344571909798 -0.28489095674443937201 0.19141941613069646255 -0.7612738029746889401 -0.61953273039630618602 -0.21120017900137288969 -0.64836574991039408467 0.73144811075889781815
0.77273129009468777273 -0.89286856486344445827 -7.1791249974977509041 0.99417975514155998429 -0.0091947774477310340036 -0.10734090801923895642 -0.045998422233570653017 0.86474178517035082958 -0.50010577894338092975 0.097420529760116239548 0.50213255326476069484 0.85928583098585287203
0.25813402728902079541 -4.6025538246539170473 6.8053261989789666231 0.99482517909667855793 0.0024950000677019324238 0.10157085216752828605 0.0032606563027408222259 0.99839948214857821007 -0.056460979143630248001 -0.10154915635220441994 0.056499991327915298489 0.99322480830083981207
-5.1803662167577080311 -1.3497360643218649923 5.2682790385933566668 0.98381418511284723927 -0.0019428703588147203107 -0.17918112184494910943 -0.17636591964765269136 -0.18737816608872509549 -0.96632524817479403811 -0.031697185327325752557 0.98228592992464736078 -0.18468795389609193869
-6.8809551215494817455 1.5274042316227527394 0.34624667367129474682 -0.76541250644903713329 -0.0017737232983673462908 -0.64353752717071888156 0.40344981792986833735 0.77775592972892471089 -0.48199995662223110715 0.50137006231301384229 -0.62856389307463700344 -0.59458850723763523316
-5.0606089430091927284 -3.6464729534983750803 1.545279795029367742 -0.70775199832576607406 0.00012565064972048069561 -0.7064609635908459806 -0.70280686566136807425 -0.10170315552160534567 0.7040731337980434823 -0.071760842003266739342 0.99481478294647029958 0.07206891969568605949
-0.52457395688297758785 -0.27209736183872673676 -3.306883312647075801 0.97862288222406113025 -0.019041632798266337756 -0.20477956589427553924 -0.0074669217157128271734 -0.99833781119587872155 0.057147701761862047809 -0.20552736914469177387 -0.05439697562312063861 -0.97713840860721612458
3.4018657659083748612 5.6857916273449253808 5.9550316930744973121 -0.95854328308173875062 -0.0075403020852700623072 -0.28484718412434578694 0.035276955267157301954 -0.99509971770243843547 -0.092369303643838704398 -0.28275486005756012009 -0.098588516943060477971 0.95411214929946008834
2.745194169683038421 0.57565702673291629932 1.6032927373663428128 -0.58071430596382778155 0.0068227262702929749455 0.81407883233454125804 -0.81144943965488236515 -0.085589264623200142501 -0.57812134077977195279 0.065732044945687087556 -0.99630714550661902962 0.055239207812535322251
0.50778705184850325693 4.1357082440593719852 -0.73797601378071453482 -0.98690983542763910386 -0.0061551093587425267581 0.16115548816236544005 0.010930399981582156199 0.99442082140456788952 0.10491785507322101689 -0.16090215378392755396 0.10530595702856136719 -0.98133641139110860951
1.8115093433885367524 4.0801416977123805552 2.4824821600714801484 0.93239260501368159684 -0.0010871358950947499801 -0.36144549831374650495 0.0024359893431447061755 0.99999166616492318749 0.003276210714695489308 0.36143892440029501412 -0.003935192024872817898 0.93238748285906314361
0.07858875645912100083 -3.6258075665112432517 4.3413809644530143572 0.94563725784552976616 0.0067596114627206140002 0.32515301663586615444 0.023872925635072251432 -0.99852953737616179097 -0.048670796264764580596 0.32434589560548476861 0.053787272103146120672 -0.94440810530381380516
0.66505503239611973854 5.466851106994691456 4.0475053160328284818 -0.92325718700660608373 -0.0018109858743215025492 0.38417819689663301741 -0.17459249229429454897 -0.88878350053055577007 -0.42377039870566929336 0.34221868487131562597 -0.45832369512699633329 0.82025957002048732747
4.3116933333366711523 -3.5090717257543193597 4.5994030412404196539 0.99998509123591583503 0.0007691188024920667804 0.0054060856615924957752 -0.005460037965759135907 0.12764763189676447963 0.99180455234713815749 7.2741497134302176165e-05 -0.99181928320005696698 0.12764992824623799805
2.6758873714037529901 -5.4898468247513712015 -2.330102650903382866 0.95106171588729759847 -0.0075698021905556177671 -0.30890825607030697464 0.13552665674515662619 0.90863330526734009673 0.39499119214259253985 0.27769432454598180771 -0.41752630414575764295 0.86519226040308938597
1.6268340361506428149 -4.041145384632831572 -6.6977806609630876622 0.75493139104565054609 0.00017743831439494088531 0.65580375367146559462 -0.35259788561007404661 -0.84305342050377840568 0.40612271697151541838 0.55294965944227369992 -0.53782980457816842446 -0.6363849270921615453
-4.30317993481773442 6.0911616844764902012 -3.9308739673135315584 0.93578831787849425794 7.896791222073551832e-05 0.35256236027986537218 -0.23369694474542795914 -0.74861080396008439219 0.62045757486797203928 0.26398098821449500484 -0.66300969673031295848 -0.70052279042365217521
2.8994449373355712929 -5.001036883544950129 5.9971007512887890556 0.69592293643323832608 -0.0044335879517818791232 -0.71810278501328117517 0.2822027267813487228 0.9212195394547639804 0.26779876983294403914 0.66034300749171459533 -0.38901787031540535633 0.64234897760648879128
4.0869284620215804438 6.3463165754677151043 -1.7029057164975811567 -0.97860289209356488005 1.4268821880077456332e-05 0.20575806030944560066 0.20370650968909498335 0.14092874154108711582 0.96883576921885516953 -0.028983400356285101557 0.99001974202730758101 -0.13791618070314129452
-0.9156107978867961128 2.4549080126294398063 1.873035135394253814 -0.99503635271632706605 -0.014385691202233107794 0.098466789638248633509 0.050385173237242467104 0.78045437183703358919 0.62317919397095067335 -0.085813699902096057803 0.62504721851160638391 -0.77585564607091672684
2.3189663486389004987 7.1826133185941589687 -2.5191284366787130011 -0.6423168730183211883 -0.010466422232933859232 -0.76636772416489451487 0.069304873854464543736 -0.99660360118252977468 -0.044475797578017235712 -0.76329933125607352107 -0.081680573674651285598 0.64086068282286712261
5.8054027810961175149 4.8114568538274511411 -2.4338070931131352559 -0.95995680881584077859 -0.006695344199228155449 -0.28006802311967082808 -0.017767938771549626753 -0.99624657723085241479 0.08471751712297717618 -0.27958402236163992782 0.086301388874842413501 0.9562347226065223138
4.2210638157715791863 -6.3484326618876911752 0.31023512721119855806 -0.96156437376225800673 0.0067363015402260558243 0.2744969532668661838 -0.27438556254008478197 -0.061149730755636816371 -0.95967352443322395672 0.010320764544727353135 -0.99810587247550408563 0.060647746447424169536
-3.9526757407886550233 -3.9707848566665719936 -5.7529149966227537405 0.95390664272519665179 -0.00043820950374015479184 -0.3001031904814921436 -0.28927113375729324174 -0.26759043303875751363 -0.9190851817545486746 -0.079901990835872030439 0.96353265026074241817 -0.25538305296538671429
5.0181386849481643964 -4.2625417910977239089 -7.3344000642800439849 -0.86210377996855580562 -0.00089319929729923591352 -0.50673096881759815968 -0.11752082901254841396 -0.9723811150862494701 0.20165272567385469915 -0.49291574058052450846 0.2333970205862274383 0.83818846536405167136
6.8750458081678749167 3.4055407242113364674 -6.765745623324622926 0.99997844893403975419 -0.0038142872775499990154 -0.0053434894889788815686 0.0036003667065499693825 0.99921359622886429808 -0.039487041811011848458 0.0054899022699656744445 0.039466952301492934374 0.99920579494374706098
-7.2102895816931891204 -6.7811441879802467625 3.8612064488415041019 0.93164990867284236398 0.019848802906707714577 0.36281465336029405933 0.33822265810729229552 0.31754255765963007585 -0.885873669107427264 -0.13279262484277998269 0.94803625937940072532 0.28912517996398301445
-5.2806411317661305915 -1.6443796684128586527 -2.5233248055405845811 -0.98605064195344360733 0.0054303316707130580565 -0.16635697460928444702 0.041745301979606803944 -0.95945400358925281292 -0.27875678423893174296 -0.16112560710773626838 -0.28181292818915759657 0.94584354532854808539
3.7499062237095839301 3.1922928198823363743 6.7209824431755089691 -0.79986498837096808856 -0.0065543681124198673385 0.60014418320678275531 0.51251104137904579527 -0.5278177382740063539 0.67730411753351726922 0.31232744490812547333 0.84933237040747444624 0.42554211511338663199
5.0370363986510531262 -3.991608184418711236 3.6782401880356041524 0.97134651677692207539 -0.0028122361618481998488 0.23765107967997309291 -0.2094336356810651556 -0.48283214414633862654 0.850300342716854618 0.11235433498829214272 -0.8757084057532771304 -0.46958629824832043287
6.4277487108752504597 -2.87014930754181119 5.1748979467816083044 0.9998985375176708823 0.0069666728843941119059 0.012424980438342503319 0.0097995636284354155354 0.29663412680441814118 -0.95494092140180431016 -0.010338434246197875099 0.95496579011185622754 0.29653575921547103977
-1.8828144630752172706 -7.3711362884182678457 6.392241271737072239 -0.9171069203868255082 -0.0029048461527245942465 -0.39863072943192690012 -0.37386548323114515702 -0.34076602658121418754 0.86261411742239824108 -0.13834557104197725552 0.94014364700132369013 0.31143285949984006455
-6.8702083578040573641 -4.0732526635889847455 -1.4088308302752812207 0.99937971527670388383 -0.0015334158279046352508 0.035182855614507013708 0.024102739708030028465 0.75817882232276101462 -0.6516010522702959662 -0.025675720668715890788 0.65204487730291138536 0.75774549510437505528
-2.5262910783975209839 -5.7386231026502194652 1.615042631728886402 0.89549785649855062619 -0.0016140385138866232898 -0.44506289879754723504 -0.26273047781957675761 -0.8090823666961366456 -0.52569803112245638843 -0.35924404661889697277 0.58769304809647371357 -0.72495558221722788961
3.5281071103201155914 -1.4949395846373143559 -4.5698922857977848366 -0.95685891703023717714 0.009754313495388421823 0.2903891634824407042 -0.20577755121937890692 -0.72833700520456645666 -0.65359070240008099173 0.20512584506580885946 -0.68514966264152155073 0.69892297677797265987
7.1442050634265399367 -2.4371732617068753157 -6.5149629160722568599 -0.87972739795117127493 -0.0046475113283890754842 -0.47545568240630159407 0.040303968469007904474 -0.99708224270660428257 -0.064827397022670124604 -0.4737671320592662938 -0.076193188130829939131 0.87734788006975317209
-5.1149531152952310009 -5.4169223542885784894 4.9564472696543484531 0.97024726959312423968 -0.0042736050456658285224 -0.2420784421361329708 0.05006707034821151342 -0.97469158842119940633 0.21787518428595414877 -0.23688293377511987492 -0.22351296105776150003 -0.94547788547661226755
0.2631989842285239467 -6.0147685115265838718 7.3962306423753103601 -0.84698357204669783016 0.013619679266901491346 0.53144457191658578399 -0.38514769729187076086 0.67334838493193316378 -0.63108098036642801265 -0.36644246472497693512 -0.73919987611341586575 -0.56506943219406824408
6.7249352092548644322 4.1744674530440830651 7.2468631705347306138 0.68191803615134105598 -0.0010203555875309714904 -0.73142788492508070686 0.70888271421987814058 0.24729288495993728692 0.66055395429036867228 0.18020291188519799164 -0.96894023960351183256 0.16935679090446739692
6.956429680799367965 -5.3112144149945281768 -4.1543187083068984222 0.99522334797844780319 -0.0087264479891799931477 0.09723341372348218159 -0.019157170000250956649 -0.99408902471176341376 0.10686446455754625151 0.095726122225920987074 -0.10821672723327578625 -0.9895077814098158786
-4.0017304642215743016 -5.8416218204613796772 6.7328619671105354172 0.80986946604558596174 -0.0071086331298411504706 -0.58656705950977805486 0.099076216646723128112 0.98721904081892308813 0.12482975902990123274 0.57818280090464713172 -0.15921065535802325641 0.80022285393422298849
-2.0886281658917487114 5.210408723492641947 7.3854601720664865283 0.99990810573410082718 -0.0066142147490809762717 -0.011833522321009974643 0.0059930983287312944441 0.99864080749914430069 -0.051774707819427466526 0.01215988732235213747 0.051699030557758623994 0.99858867777460469384
-1.1781496889395117744 -4.6275287147718433545 -6.4650700917010484048 0.86113108637522650657 0.0039015836603419618012 0.50836800619534161516 0.057602980823807693744 0.99278203572346257477 -0.10519375525684554473 -0.50510904632402298109 0.11986912525651684247 0.85469073010765783671
6.9894398990955686202 -0.80517535790191696599 2.616206310457242612 -0.9895714354965282622 0.010571200531932162595 0.14365452923123683826 -0.058712795437194945092 -0.94029732828854917237 -0.3352517592278362879 0.13153395645724708096 -0.34018992362015665343 0.93111204168230643496
4.9940545638267224149 -0.27675882109948318766 -2.9778152668342094955 0.52183867713418119472 -0.0033990660234875513801 -0.85303742086560441216 -0.15334601112448811855 0.98332830292771356007 -0.097726401414880204044 0.83914801788425152917 0.1818073018650948891 0.5126175075722424479
1.4872758544255990643 3.4092715117126619617 0.5540539369487280652 -0.9164574404049962153 -0.004854070783758605151 -0.40010273421130443383 -0.358396462352104761 -0.43467779201898165686 0.8262004556395150523 -0.17792620858090191227 0.90057295935548986598 0.39662401487762710683
-0.94708865234035632952 5.5262447851531542042 -5.4692371197320373 -0.9575939156317774259 -0.0032730606428942802914 0.2881027244209852789 0.018540072170242276328 0.99716312044792121405 0.072951881006876453939 -0.28752418762373310734 0.075199722689296186195 -0.95481665425296102789
0.78748653442529881197 -2.9787449361036641982 -7.219752846715010719 -0.98473081080759650163 -0.0058839689060200886517 -0.17398450837967344151 0.11873415165129824755 -0.75358780198797248318 -0.6465350925715895869 -0.12730841086848659893 -0.65732092892646898363 0.74277975532280460236
1.0877851468315733463 1.9005694167277948914 6.3454880155314183909 0.94688064343702649239 0.00088671344966871580226 -0.32158398720013997574 -0.20073146442921299681 -0.77963696925647962832 -0.5931889036022568451 -0.25124475372115928629 0.62623111541032672189 -0.73804516380752482885
-5.1290651822830595208 3.9531158335399325665 2.6334298757135319313 0.69770483638290314854 -0.00046521280137469186999 -0.71638519308044623646 0.20966294303632343476 -0.95608136758877582118 0.20481667135963210757 -0.68501781845815579164 -0.29310101010840367008 -0.66696505625720303723
6.1852147059254836137 4.9077068668287955333 -1.1920319248877118135 -0.94540278004427646952 -0.0038874840150061422406 0.32588106872398303615 -0.20859143220633930005 0.77550551354045438313 -0.59588657719269289004 -0.25040606601030829248 -0.63132882552316449409 -0.73397596429911737825
0.5083621181487620877 5.7404192384581236297 -4.8544278341972750823 0.90950790601604791785 0.010602233851748901414 -0.41555139457309292483 -0.10744107798900680295 0.97170168458834715874 -0.21036218987433902283 0.40156168100915512476 0.23597336461038645461 0.88490947985638612749
-3.3727110380053919592 6.1429991228651328328 7.3871530891924868101 0.98424876376545289425 0.00325200629765620133 -0.17675914539631723543 -0.047439287237193317193 -0.95830343591367284084 -0.28178722246107040794 -0.17030527018452090715 0.28573405322246786531 -0.94305469924952134431
-4.799147479753233192 -6.9027986396562406313 -7.2490315259518638413 0.99459713558182982762 0.0064075640006446728247 0.10361216635179421042 -0.055613514880486776548 -0.80989513408378388526 0.58393236658882452517 0.087656573371154969387 -0.5865396959379409747 -0.80516303332539118642
0.30574940715085002774 -5.4671610205735934329 -4.0001745978243992141 0.97026802237110687521 0.0020307407079566018246 0.24202446334252891713 -0.23430937685960961936 -0.24271817956521540838 0.94137505874347304768 0.060655425805970747399 -0.97009471774695743562 -0.23502586649044446276
-6.0191110818120501236 0.34367997815336698286 0.41117893088417512004 0.98898080388879128222 0.011319483497008125603 -0.14761042928156867249 -0.14627828885834573414 0.22824290261104548949 -0.96255277237995329198 0.022795432612897719576 0.97353841562671294962 0.2273836439829374223
-1.1889369506436986423 -2.9383578145405233606 -4.7792949191445561752 0.97874505875179784731 -0.0045721816417802849802 -0.20502976643393447387 -0.174167440582647437 -0.54637063725708856499 -0.81923429456056728881 -0.1082765561412328964 0.83753102742429830219 -0.53555388663685254969
4.8651780401057180825 -4.6034056155564844204 -3.060973951923672054 0.78845396332422013064 0.0076685940353444469186 -0.61504596607392958418 0.46789441037963730441 -0.65654482541561842712 0.5916280190758617108 -0.39926829132032554126 -0.75424802610647623258 -0.52124346198352544679
-1.4714333506212837754 2.2055055806918084649 0.35302599979599391666 0.99780903679652754867 -0.012103107456082166926 -0.065043376889493381698 -0.052339679545155469442 0.45694608368778855123 -0.88795317137085083559 0.04046830898855795916 0.8894120481488518859 0.45531145886667839795
6.9550935239579114722 -5.8254929883405628388 -2.149534719288073159 0.99224058866910980203 -0.0026255207023732178573 0.12430495098229653317 -0.12224787773790743439 0.16171616614444500604 0.97923609921003840206 -0.022673124756611592184 -0.98683381997608643488 0.16014037955869353524
1.3348530146892898518 -3.3796635770310397007 6.545696459426507019 0.94259453840219653564 -0.00053034817042437300359 -0.33393899877849470004 -0.11020565504747346919 0.9434797990437749915 -0.31257092377896761315 0.31523047087789024534 0.33142961172361734556 0.88926045830381295065
-6.1754513531018018213 -2.8961349411277992338 3.4398675448807471966 0.95367327131082224589 -0.00479076694965863744 0.30080615043487679561 0.097649566329950601706 -0.9408072027999698772 -0.3245710544016349175 0.28455553725588855762 0.33890832936333853409 -0.89675486645194324442
-2.9782809670316425787 -1.2780411601571273206 -7.2276180887174819034 0.64577300998040265689 0.0066687066790772804581 -0.76350032608507445442 0.12683256412402862945 -0.98700593996517560491 0.098654828322120594053 -0.75292145689869527381 -0.16054532950156108484 -0.63822760588730054199
-7.2928307493575532661 5.3412051194785181707 5.7470005545721321027 -0.98129427011992897967 -0.022675742323396738676 0.19117365440833317125 -0.11274921692653547267 -0.73721435443943872379 -0.66618511668372437651 0.15604220426608320094 -0.67527831767241430772 0.72086754967141175587
6.8511493411950237231 5.306759135910259495 -4.024428562860581593 0.99498178603758014038 0.010599388733106335572 -0.099493207868682181916 -0.041982215423134058851 0.94683339538891542198 -0.31897337657626922969 0.090822569010627837716 0.32154964521014556267 0.9425269686452564244
3.1490078082979846563 -3.840341890516949519 -2.8900592095988857366 0.95773565572210150876 -0.0064555240399633666282 -0.28757736344842976806 -0.10715890523078702712 -0.93579254936398292841 -0.33587091803955115843 -0.26694453129502571098 0.35249202936291712529 -0.8969336577737987426
