1125 14.717824617146108679 14.977075390850430381 15.033177056927090831
4.6694569553902427472 4.8685474104553296826 0.52385783666642216083 0.93244526359743651334 0.010647692142263097403 0.36115433964817678092 0.28044510092578295302 -0.65155761338459916576 -0.70485688037172733456 0.22780776053812365478 0.75852442484903670472 -0.61052790365880016399
-0.15972328682387368359 2.0123513559677927987 -2.9901186915677371303 -0.94075939694668808677 -0.0062963427659355215155 0.3390163906424774054 -0.15017482476551796688 -0.88868150445022897621 -0.43323516207103174303 0.30400539314811436675 -0.45848177686348567939 0.83508992403277593208
-1.3427139070277516186 6.8763792716119755966 7.4359358709282696864 0.98101549658613251825 -0.0056221142017628426488 0.19384784571837598843 0.060990216804264120454 0.95780379959243366894 -0.28087733076992077441 -0.18408907874157920403 0.28736783626245171464 0.93996326405340147048
1.226452327374675022 3.0461980587799963871 3.9737594264158482282 -0.738635808987863407 0.008000995543709124927 0.6740572125206869547 0.62764794834100545717 -0.35661698835369409766 0.69201327773449228253 0.24591704825861637751 0.93421641373280273069 0.2583882692538170267
-1.4375169812448664874 -1.3344975542348691544 -1.8903940391944107358 -0.86902521119103126601 -0.0059394776545825924211 0.49473215472578502272 -0.43807207558555394389 0.47401530954699366838 -0.76380779186081682042 -0.22997399615302221987 -0.88049656951077781564 -0.4145331737909220271
-3.9411049075389517071 -7.3527994008386201585 -0.62804458005353347438 0.53822391218370890797 0.010258621457437243352 0.84273945026888019694 0.48909955504350405286 0.81052230406074432523 -0.32223472791782226121 -0.68636480504895880372 0.58561792604551010655 0.43122499821356102823
-7.3572939775142227603 0.1306112454943046397 -2.6027060663688224018 0.92886935024206818134 -0.0050742587175777627284 -0.37037276098453908446 0.078402124527974251245 -0.97455730673914220397 0.20997895787650097676 -0.36201496799216226208 -0.22408102949570229967 -0.90483857962064373481
-2.6237522359080274192 -4.3947997973301440311 5.6014692467889783956 -0.97751074989150066319 -0.0017357279069291770002 -0.21087845099802279836 0.1351617624538598017 -0.77273444834882987209 -0.62017156521839700289 -0.16187659440774643249 -0.63472707487836532714 0.75559083411537164565
-0.080804850059827584841 2.6996090435492479109 0.50826247040702066116 0.88674553605591843741 -0.0076466963926891118319 0.46219463683522021835 -0.033832897795712586764 0.9961079124315684874 0.081390182565606775111 -0.46101810085036820652 -0.087809764978579799011 0.88303553488105746005
-3.6445630985297414739 5.9794058719916938216 -1.4867394354045979643 -0.9336131465566896992 -0.005277946255497326794 0.35824382180273922627 -0.084696701382952571668 -0.96830006825359593581 -0.2349924394422550078 0.34812779456880499351 -0.24973410080223515384 0.90357064889541593988
-1.2640404818837407408 4.0076688437810537025 -6.7599086344168979323 -0.98295273712228303786 -0.012259466969350575616 0.18344923563064360894 -0.17445075410834356977 -0.25288992586256392459 -0.95163733627277502514 0.058059030089007056252 -0.96741738193340531815 0.24644017155945077691
-6.9667211361329099972 2.5313645016731980419 1.4848508804311739695 0.61651640055246292871 0.015164414635856628827 0.78719601649053083658 -0.48451322045662492677 0.79539286636493133908 0.36413888468335353643 -0.62060814291507560014 -0.6059044715666225267 0.49772010636792829441
2.4828258206905249317 4.9206068436133314492 1.2626851128739633445 -0.99997554881475103628 0.005190827789402672858 -0.0046858381898611826608 -0.0018484794049529913729 -0.84245133892431056655 -0.53876926848950201787 -0.0067442491479637375201 -0.53874743326688168121 0.84244033512877891656
-3.2233509604876995347 5.8256617823557217406 -7.0628424954102211331 0.9943520496284562471 0.00012552984303298837213 0.10613192564962754816 0.094149172514547685431 0.4605431571648075928 -0.88263012281683883575 -0.048989128535465421843 0.88763730466391999041 0.45793021373836217958
-0.43505349621525818415 -2.4333783174882737121 -2.4985332927425676353 0.96217062376934392454 0.0026963388958292219474 0.27243424988767489525 -0.27110562902787505024 0.10860134069401657098 0.95640341211688606471 -0.027007937068623144583 -0.9940817262961849643 0.10522401237014790409
-3.6253245140681573666 4.7951499049635897265 6.3914376663822718427 0.99850075094425494449 0.0065344708045357944443 0.054346582736225459986 0.05158468563057352213 0.21978608928892098828 -0.97418329649166857109 -0.018310395195021297865 0.97552620448975591039 0.21911949657988258333
0.59798467637795749141 -2.5829025185587806135 7.1904395913219545378 -0.57927559633068859135 -0.0060166538166299323581 0.81510955298817777681 0.39847970749466471441 -0.87443255538976261132 0.27673385913093490052 0.71109331751235393959 0.4851097875237931345 0.50893495442734337786
-4.9615579300061547485 -3.5193820388790086895 5.306987866050763003 -0.85400040723754799821 0.0059489373440866338133 0.5202383247921720244 -0.48675993937677869416 0.3439377684911145705 -0.80297669506870861245 -0.18370646656028222221 -0.93897360002827379155 -0.29082728997476209321
1.8196122355236421519 -5.5865603136227965919 7.2444040463738232916 -0.88108473773846218702 -0.0097366403581961909891 -0.47285820576438086782 -0.45726631353923624657 0.27293614691343021095 0.84641206171127703062 0.12081888687800099169 0.96198287798827875061 -0.2449321110654209821
-5.1050191496020902449 4.5024838778770099879 -4.988694305908726534 0.97213180778482077837 -0.0023153503705200650237 -0.23442352152791770536 -0.20894716547391009587 0.44487419969601321723 -0.87087773452140160302 0.10630536361493288233 0.8955900767637307025 0.4319925740905092848
-4.3755729280711648244 -4.9084860291958394285 -2.9394167048628445649 0.58083015990705233467 0.0014801704257106894098 -0.8140234237648690252 -0.6909488536102114109 -0.52780759740886251663 -0.49397249094678674641 -0.43037891100408953715 0.84936267236850759854 -0.30554384914434040699
-5.1332623268031261077 -6.4149391209222983434 6.1829962606436170702 -0.98337112576480023574 0.0030809456194243849125 -0.18158121264559023977 0.13190819331032038741 -0.6751221909236593266 -0.72581695754511821317 -0.12482570868772183137 -0.73769948833961163093 0.6634892669470846549
3.4524465299317119715 -2.2532748070188128864 -0.69852196219861184545 0.45261219521337281435 -0.0021345128967948188287 -0.89170490892385723125 0.83515711957984795077 0.35146235016925092554 0.42306831839388076011 0.31249765816597235846 -0.93619958356549959344 0.16085879948756579005
2.045839355070135035 5.6209832599353024563 -4.7739491436159813276 -0.99925854895990762206 0.0071663553345504733827 0.037828503563711243785 0.033217428759344198863 -0.3363080455397736146 0.94116603260627362815 0.019466760317666795266 0.94172476969466722974 0.33582064169184855373
-3.3452441289327365936 -2.9825488821787282667 -3.1200645623253504546 -0.93392769642970885347 -0.010069756023514857615 -0.35732010558468818573 -0.35063579505656333746 -0.16860996347925080729 0.92120856457185418265 -0.069524075445055774636 0.98563141195341807954 0.15393869787788194703
1.2866317480447886368 5.0418346135238563122 3.1478063606061050805 -0.98205522849902271432 -0.010564769300550868811 0.18829740791429422364 -0.18547675136440519572 0.23487241456655164051 -0.95416629765412308561 -0.0341453200443916291 -0.97196879297908367334 -0.23261720184408823942
-3.7430355439142428686 6.7942616705002993882 6.7396939171949341585 0.63469427043810644484 0.005152717587298976179 0.77274616309281285442 0.3990891119160180911 -0.85848746990570579118 -0.32206698800881972122 0.66173337819940636351 0.51280865195163483072 -0.54693347187784802088
-5.6930389820697699932 -5.6003118747695426194 -2.5870622351996437338 -0.96851362970984256062 0.0026870951153564115108 0.24894603548961888317 0.035047426644425672126 0.99145552216183407968 0.12564881798245766675 -0.24648129128146628597 0.13041751069018447939 -0.96033236223390472386
-6.7524408254990522238 3.1937465031622775946 6.7330838292636983056 0.55907014129856069662 0.0094240576830413418097 0.82906680324649750791 0.39679237360950164737 -0.88103363580119209431 -0.25755687688784684175 0.72800850912181602759 0.47295974429514053838 -0.49629899347320383107
3.1969637874088769891 -7.4671561928963026133 -3.0976165649321876217 -0.97925272639497706884 0.0070873271920376887389 0.20251880811718395159 -0.01986384758403465442 -0.99793241598585613605 -0.061125450375862089292 0.20166686740037131909 -0.063880066670058396894 0.97736882069934249984
6.3775782966112073424 5.4352473652802286708 2.1073208188037262367 0.84086567322111516187 0.0050306194844706893232 -0.5412204841521819354 0.49518336850463351428 -0.41081617006979875839 0.76552172141983709786 -0.21849107797513456219 -0.91170432009321111799 -0.34793229451787893725
0.66953449858409275208 6.7232556848293159035 0.06214588856648689541 0.62309703841027952453 0.0048689364861971839993 0.7821293845534992295 0.78089514958340067174 0.052626063425236790927 -0.62244137298670265679 -0.044191018109692524474 0.99860241883641165384 0.02898901537780112711
3.5107630514461636295 -7.2876111207467433317 -6.5155896675770961224 0.80779025467676157657 -0.0052171224429266990427 0.5894469323719672138 0.49796177759209564462 0.54116100254892751664 -0.67762735878765822939 -0.31545042797040717675 0.84090281897122542976 0.43974251163567368295
5.6370606287456439532 -1.7342355379025722328 -1.3646383288315881988 0.99997349045028038894 0.0042027955345647800833 0.0059459991999891853576 0.003921692653047830282 0.37717683762164722072 -0.92613295670138851001 -0.0061350406295640957585 0.92613172371507468394 0.37715035676114655461
1.8716374426325512736 1.5134673581886395333 -4.0328326374137732913 0.98461958310368524749 -0.0051155856888414801345 -0.17463707324564062273 -0.048985746257968774964 0.95139423673967438155 -0.30405493411896455935 0.16770412407662907417 0.30793316983007590348 0.9365108059633644455
3.7138476233720201236 -6.6055355670224207287 -4.1322545536392718546 -0.95497268644024146944 -0.0060331147130768918163 0.29663238137424990937 -0.28607837488812265514 -0.24632017800042355082 -0.92600514757269680732 0.078653236261013823039 -0.96916973303781228655 0.23350309845689071198
1.9274222140583814333 -4.4749865021748380656 3.703313941773729745 0.60763865139073058863 -5.7712238090360272122e-05 0.79421361484512043027 -0.33227808226470384456 -0.90829345925200044576 0.25415402402162062812 0.72136436381521906736 -0.41833358525124841876 -0.55193338915872081074
-5.3765328659281994561 7.4349015823377397894 -5.6839587224456273873 -0.98231526983964845279 0.0027771833210002913606 -0.18721377591568014176 0.032734792092071189618 -0.98194236295679637738 -0.1863266733926379759 -0.18435060083032281386 -0.18915994048333817368 0.96448606671628822617
-3.7118770015563220532 5.9732175734073402751 -2.8377706103833975071 -0.78704989615474429954 -0.0086792929935369557415 0.61682828310309589792 0.28866264432644078708 -0.88885825708195065342 0.35581579024527754118 0.54518468314248291762 0.45810006405864683865 0.70208118659891505242
0.95443093712867921319 2.1430470281391778009 -2.0088737932068250203 -0.99383450581450272221 0.0070227260426057895246 0.11065105680259645915 0.10957632861644660272 0.21443709574997130152 0.97057187274986556069 -0.016911630895497294785 0.97671255407375900948 -0.21388450961960650543
5.556140880620572986 -1.7320903783910233109 -6.0683236052058768806 0.91733138837869176996 -0.0088797747413012998591 -0.39802546840102748238 0.39447008599093530412 -0.11487510953764221155 0.91170009348845604258 -0.05381891074312029899 -0.99334025329145603234 -0.10187573821655505901
3.1452552652147796053 6.3618122811696125041 -1.193804637660319079 0.98808103704358740682 0.011188463278605370599 0.15352746504876135791 0.06599937444882005011 0.8702425091081520403 -0.48818240229808224084 -0.13906813728246977813 0.4924964909830856219 0.85913168930162142622
3.3842703382077927721 -3.8178378390283338462 -3.2489556370155732168 -0.9816643356584373592 -0.00054531454251065258898 -0.19061698436489710184 0.050146373266592852991 0.96403320957030336213 -0.26100826058513032502 0.1839034348361759108 -0.2657812511776252995 -0.94632967467898232439
0.084619807593873608287 5.35977686576433765 -2.5107567808283568489 -0.73290237561438187353 -0.0039929000020198874774 0.68032210354247235617 0.010756237784014065564 -0.99992579622761934566 0.0057188624190271852496 0.68024878623012463574 0.011509074168130481106 0.73289094007511412787
-1.0973814560596315548 -4.9819886858224320392 -0.1111191159747151741 0.59021451785954948122 0.0043815383725923640057 -0.80723455391188447816 -0.80206849076533914822 0.11626332755507498562 -0.58580626045405026492 0.091285042746185804385 0.99320875992275869937 0.072134597687469367844
-5.8675218632336960667 -0.54149788217927719014 0.54677628579689596666 -0.63590636111450615786 -0.0088124862321602472071 -0.77171590626384478639 -0.26147869890617747579 0.94325519087409637198 0.20469131615049457329 0.72612119505797789731 0.3319517811000757268 -0.6021262534652571663
6.5819632586436362942 -1.7169676616839448791 1.6927395284084933991 -0.97326098184105114264 0.0012162222828966430532 -0.22969889427057246789 -0.20112532053432977119 0.47853262214059177904 0.85472518097175531615 0.11095794998896622852 0.87806893257338647363 -0.46549251657102180824
-5.0264644894494594496 2.1188006818428468669 2.3278681383732582333 -0.87522505872524147819 -0.0022835859315327592181 0.48371053514956741104 0.15816623108128838315 0.94366911095304251145 0.29064076172922909125 -0.45712639381780767467 0.3308827500313359371 -0.82556166687097187751
-0.091946216419866888536 -2.7304356629133192946 1.0764035945398884309 0.99904166151917450645 -0.015623349293340325905 -0.040886055151047887013 0.028997713623289025908 -0.46345290039603298515 0.88564696223674388431 -0.03278553268712842278 -0.8859838147908776218 -0.46255571423884572768
3.4867362876837786345 2.459991053181035614 3.7861370377232979045 0.85649756557441070193 0.0016702268490536003459 0.51614836094616189932 -0.50617442811300183969 0.19838046605080439377 0.8393048546350427852 -0.100991922893061567 -0.98012366619303947779 0.17075781235012271742
-2.9448480376924472957 -2.6117735369038883597 -5.0462366303305881132 -0.9844270453442637292 -0.0094152798368943978885 -0.1755412911543293708 0.14567987746360397394 0.51519928965765016127 -0.84459875990821775549 0.098390882182780345366 -0.85701869550314357937 -0.50580449766825308355
-2.1131203965413734025 -4.5280376084795523894 -6.6135095748825589723 -0.96639846999687961659 -0.013845442131044681522 -0.25667547783160626906 -0.072356629641879069426 0.97282364534475129769 0.21995152467103423755 0.246654647908240654 0.23113298940319471075 -0.94113709196633410503
-2.6027959506905111731 -2.2498641136065984369 -3.7603998320088685148 -0.99950779572858305944 -0.0077733064025752333578 -0.030393123982728368487 -0.020799927544294573994 -0.56105110584013051511 0.82751980015575965499 -0.023484660781266614854 0.82774466615206410136 0.56061326987939408273
-2.2129514773993119725 -2.6335463325323384964 5.0613804217146993736 -0.43724772913333942448 -0.00074630630677441356369 0.89934079546882961242 0.51208584565636683372 0.8218529331846474717 0.24965144280458978487 -0.73931218713491819727 0.56969921822217273188 -0.35897115582021216218
-4.0949266487523345859 -1.1808415066383137759 -1.9683185597607069095 -0.97937020520424111769 -0.0011291995302896388077 0.20207109161541758624 -0.078671286594225953159 -0.91895807793411532494 -0.38642836291522730807 0.18613121668286505828 -0.39435361784585581946 0.89991132578050314628
-0.88007745528635084042 -4.2806796270113878222 3.3894648876401753945 -0.58608255220586780165 -0.002689901649622087644 -0.81024687992540711523 -0.4896468983847518941 0.79791705063687923261 0.35153135735674878593 0.64556421593979973483 0.60276126678150876437 -0.46896236348559411367
-4.2387624801741790037 6.5015145632798683195 3.5999957873227663718 0.92365875033641109404 0.0093436781162178888377 0.38310208640283482939 -0.34956140690626258394 -0.38912819703467704802 0.85228285743298359822 0.15703928084598875459 -0.92113622334146361137 -0.35615547492576959954
-2.5067516661684048351 -3.6842982699397168744 -1.6914496048558362862 -0.38016512471171809429 -0.010120663740134042824 -0.92486326022738651886 0.53905452792750929714 0.81013329981068848973 -0.23044359930094654443 0.75159476706119010547 -0.58615834780658748748 -0.3025288373408596132
-1.6000610036259270696 3.1128183673769096451 4.797412164412009794 0.97740463888407813631 0.01400973461338408943 0.21091206514550328577 0.0013571669032740665828 0.99736466526044742498 -0.072538835032902232447 -0.2113724910812051494 0.07118603673468275328 0.97480983693659184475
7.2999481806006638607 -1.9201883245555220192 -2.6719649501380522416 0.89813196630583369551 0.0023908312774922075433 -0.43971951858576102667 0.41122583667461998225 -0.35871711874834444345 0.83798289956778171383 -0.15573144303818270417 -0.93344325625214141784 -0.32315848280147618787
0.38692614982114897915 -1.182372998393080854 6.8016611354289029379 0.97140087610212233482 0.0030563195257933984533 -0.23742577117675497944 -0.014521203367722217148 0.99881020103744189154 -0.046554451518581396741 0.23700099696133739013 0.048670742899636215695 0.97028948578498641631
3.5092172866823663213 1.503942325946540981 1.2079789707618142636 -0.99993199580074043631 -0.011639393254496687227 0.00072684148479593624001 -0.009058302909650784232 0.73591513275014852624 -0.6770131937692955848 0.0073451291530006613401 -0.67697373797951199137 -0.73597052058065437485
0.16757788761877767669 -0.9155447332880493061 1.4606775113293613 0.93297570637637439184 0.016924183582157824313 0.35954124008474780405 0.2541745122747210428 0.67629201380217129902 -0.69139310770173789678 -0.25485613318400096583 0.73643919238289523577 0.62666232318609760288
-0.65170671983145345152 4.7968622242713774284 -3.6787177640246873089 -0.042008005975239133545 0.01330877397174055031 -0.99902863020506038616 -0.49626571116113127324 -0.86812084791333199441 0.0093025450260161082761 -0.86715377607415000671 0.49617443500598984452 0.043072713946154361775
4.4341667251354497381 5.859876591050226402 -5.5956754560772932194 -0.98853845963354880499 5.8642342291317060832e-05 0.15096923655645069773 0.082400570262719602388 0.83811829756781541789 0.53922895443624396794 -0.1264984578788081182 0.54548851119253305431 -0.82851700303083208876
-5.2985594414061418789 0.22431726410789049053 -2.8662409500628345249 0.85700066502165717086 -0.00083084177652901613359 -0.51531463190411852526 -0.49997061247318552724 0.24087361829956147052 -0.83187095553978862572 0.1248168530920052699 0.97055613423921216487 0.20601345459703851448
-5.8060360336677030446 -1.6344743782863744297 4.725777394879694171 0.99818939347884028113 -0.0067204475902699900569 0.059772655375348614226 0.056566460019160200168 -0.23296168870559871844 -0.97083937250001728358 0.020449213856100923598 0.97246269192169143558 -0.23215973482290036545
-5.1663529588512346891 4.155750778564791581 -1.8349821500064966706 0.92595414941566778211 -0.0037368365245303812594 -0.37761746415230013074 0.26022731116408737151 0.7309488014154983393 0.63086892159436458449 0.2736615787872612171 -0.68242207303257651496 0.67779750260204429946
-1.6298747269474354038 -6.378094821819844995 -3.8132429020163911559 0.86170868531733280093 -0.0022399071051600882853 0.50739838831517392048 0.50439548695163816117 -0.10494054320199858177 -0.85707215281756454761 0.055166424494413723867 0.99447597517907682096 -0.089298378484101700869
-0.97274453016093265223 -6.9549406435922875858 -4.4602026425439866841 0.90846684399582156022 0.0021087429629339810716 0.41795160792046293086 -0.33621613934780125721 -0.5903558469954239829 0.7337838111871981539 0.2482875369451102987 -0.80714033917367900006 -0.53560971973651316791
-2.7631424850860955011 -2.7345295466308701116 -6.3583371432337560947 0.90176865930751515243 0.0044429960083717419395 -0.43219618794834796516 -0.2672243763913795811 0.79166206819988027554 -0.54941996909083568035 0.33971225728970416702 0.61094306572702195002 0.71508331870286112597
5.4677211331881965251 -7.3840814338823426155 6.8722018470174246474 0.98506365960586872443 0.00048598577652970292862 0.17218986712840039788 -0.11879603938865086754 0.72581006460833707994 0.67755977680117773776 -0.1246478541710407395 -0.68789498757525480155 0.71502685160733336911
0.24218764097270964464 -3.7182533979759804232 6.6963932251189035583 0.82315412789906805546 0.0094139371871712340667 -0.56773995764717910539 -0.25456784092294992838 -0.88762863276710113336 -0.38381066251442502724 -0.50755541184234898022 0.46046366640441116491 -0.72825868743939670136
0.042502129937909610691 -5.217169190662122702 3.3952983602428226106 0.80266992362314393272 -0.0035254654179969480143 -0.59641308235516687919 -0.13235920862571065593 0.97399457004917000535 -0.18389023195024598034 0.58155140237361613309 0.22654392202913664622 0.7813295193379465875
1.8234769025406578624 -5.8529386868802530941 -3.3260601724608451768 -0.9472214660665222441 0.00021668007054679357809 0.32057986099035695737 -0.31309646326142170913 -0.21543249968912081549 -0.92496456298120766082 0.068862899416339828917 -0.97651871007555790527 0.2041301299575960515
4.5430902266665063038 0.68184912893514437737 -5.541186021570262632 -0.70649228761927318487 0.0013176701436700471656 0.70771951455352533067 -0.67519053369126902364 0.29843897540802005741 -0.67457536359608039067 -0.21209995461586422794 -0.95442780853380992934 -0.20995515604328882087
6.1074478346706762011 -2.7459031567796339246 -6.8656263339672536361 0.76410224104950053015 0.0027967954845560362778 -0.64508909706968597941 0.63849802744681039002 -0.14592613044496341446 0.75566251289848451744 -0.092021922223659111117 -0.98929153558914406652 -0.11328823170075709437
2.1862091833550194586 -5.1975479458567841462 -5.382479101614086936 0.90501011207698900396 -0.0044917815749698627656 -0.42536633733378786948 0.30292403829084174616 0.70883494110772260477 0.63701652513124307209 0.29865318358275250166 -0.70536008546203776692 0.64286345810986278426
5.1329562295482800138 -1.331888260323935258 6.1668001874002760232 0.98107055955926392166 -0.0024805488843135268737 0.1936347180735346063 -0.11663769737096242596 0.79062759428262319172 0.60108539718655673578 -0.15458397303136650613 -0.61229229460783696215 0.77537213081567690764
-2.8366485606108264861 2.5934572032941725084 -3.8230429522967104283 0.90130544188597538913 0.0064980946454948028401 -0.43313540053043469991 0.37082931472027724773 0.50525300823230423486 0.77923360875688119087 0.22390649783055566191 -0.86294679583285738289 0.45297760186467700416
-2.3270304589956669616 -1.6337427904212824537 4.0062602568537863945 -0.99873587198556457167 -0.0062979359539707315679 -0.04986977052153449691 -0.018933084855397699919 -0.87191939810700636038 0.48928325283272861013 -0.046563894886576272236 0.48960892476289696873 0.87069794101370467931
2.4233888507849896676 -0.3523981778314774771 -3.4841173530533615654 0.99943492202826700321 0.0031165632593094030889 0.033468248591755629662 -0.0024033532976849908067 -0.98651819829486242508 0.16363394612960721619 0.033527011845361338882 -0.16362191621680341469 -0.98595324838968589898
6.1284635980935719957 6.2572463852410997731 -6.7906021074448261743 -0.98382103993183644963 0.0047538451446033896247 0.1790909331707989105 -0.16095544526268390495 -0.4624376327920404206 -0.87192016860377141718 0.078673413729991370502 -0.8866390679042214229 0.4557210300589880636
-0.95287878816058935172 1.5928204350421988345 2.647230465573943814 -0.99468016492686761598 -0.0048646364011037546843 0.10289657338173764656 -0.092106704882083278996 -0.40528749238800815258 -0.90953746675415625411 0.046127263270169527321 -0.91417634175610140712 0.40268336414197286599
4.2317197135103743477 1.7866398526042304162 -1.5385064471127876118 -0.96964580685741041943 -0.0037673396420588793447 0.24448479788272572955 -0.24412676961046064772 0.071153482879877522072 -0.96712941338453273232 -0.013752439902485747575 -0.99745826430285977615 -0.069913384774597034377
0.11441321268537242573 -0.02035205711886852592 -2.6155806990250867194 0.99869977931248288261 -0.0054171905071718328556 -0.050689297175278077989 -0.006421137129286059661 0.97305064382928929678 -0.23050209010202571402 0.050571926986002137261 0.2305278694441378895 0.97175067872919296263
-7.1548805671970372444 -0.39384852265924008563 -6.7483543297952195417 0.22333291581216682675 -0.00037506225562834781626 -0.97474215464567259826 0.32804184618388554373 0.94169725328108355722 0.074798598350559727943 0.91788395555599378017 -0.33646120503149373748 0.21043502950232151338
-0.56127416383776351783 -6.9984063213134071191 -7.3176803610445064763 0.98010191092031329063 0.0083425886865090836952 0.19831955381235011338 -0.022838079410428049898 -0.98774172858334097214 0.15441729094921097243 0.19717673883899014542 -0.15587391965706545727 -0.96789702697739121717
-3.9654572888565038369 -5.1310984575856934953 4.8864385974379400679 -0.13245105557455585932 -0.00073076029005120202685 -0.99118927751797236692 -0.73502084171804937807 -0.67082028984573738306 0.098714238948859125977 -0.66498201488256303282 0.74161958221220058984 0.088313731447371479621
0.031381901047065965948 -4.6320702463994933851 -2.3086272597341053192 0.96146524244528663861 -0.0092932313817443799181 -0.2747694004437306603 -0.23629366646014995923 0.48294521094286763097 -0.84316619145812521374 0.14053430456840293461 0.87560125575392699915 0.46213910261058960272
2.4157326375492527148 -3.6701874043540509973 -7.4427805444857622064 0.94113049998343500935 0.0036413920477452871305 0.33802384866300616562 0.25904680830116583179 -0.65019990890344780965 -0.7142372361974950179 0.21718225781579275635 0.75975444633511801662 -0.61286625634310964994
-1.3914932954186571834 2.7089929372112115935 -5.6326904364564622796 0.99873082514609479166 -0.0033316642824444357013 0.050255735155549458026 0.0089848867556958332548 0.99358989466444591621 -0.11268714669722737498 -0.049558154857721956055 0.11299566909347875943 0.99235878998136306528
-0.40241984071129899281 -3.6515110295702073451 2.0030936346310364016 -0.16918676497410345405 -0.0057832606165251270944 0.98556704107537396187 -0.44812622287985065528 0.89109046809742520345 -0.071698438152104027044 -0.8778147452196596312 -0.45378886231666049067 -0.15335234433267805332
-7.1716165625524057603 5.6978066042407737868 -0.23495496676136806702 -0.96899933484499478631 0.00030990235837439919584 -0.24706313571700216913 -0.17600024566166022622 -0.7026704575649208584 0.68940419319328738457 -0.17339031863630852137 0.71151537722378610518 0.68094174888686997971
1.0841440016260022183 4.0743405701977080113 1.4251001979166904032 -0.79439465282464960527 -0.00027187205351699556509 0.60740189467044480853 -0.25269250929786984949 -0.90920658349174010571 -0.33089255700301029028 0.55234376189867762097 -0.4163451868592245031 0.72220014820742806094
0.17460847593497383357 -5.15845833326750558 -4.5750950216482761945 -0.30538523225383379378 -0.0063923450849280053984 -0.95220743425247389435 0.28756416914530807949 0.95267032453903099931 -0.098620998609054918993 0.90777018487337601815 -0.30393813625009485913 -0.28909323891738514245
6.5153791496866553246 6.2283809753260346298 0.65902445317587887708 -0.90722723612941724713 0.0067531899853396420638 -0.42058665747976969884 -0.19622498013467237765 0.8776177132564093597 0.4373590133398581048 0.37206786907246480745 0.47931361737751027041 -0.79487354780516883412
3.8213340195573199942 -2.1468645196938060948 2.7939528770387740408 -0.98760300243148080312 -0.0004427882704820104362 -0.15697169657908185969 0.090828787686370066057 0.81397543900880364731 -0.57375440392029075642 0.12802515735503353089 -0.58089912087132822283 -0.80384436954870996939
0.47026084760521769113 -2.1800227770805578054 -3.8497786100970183831 0.94045373312823332679 -0.0072678313058082968587 -0.33984401491463844813 0.15046054669808289761 -0.8875975656348875642 0.43535294344502190045 -0.30480879208526567847 -0.46056241716738138825 -0.83365092224528181131
-1.2753422166145789163 -3.7033409191920534376 4.8630156998417746195 -0.99447672093382644132 0.0048654081947625688054 0.10484454837416355699 -0.10159753913783400869 -0.29534889564271382678 -0.94997208900244667351 0.02634371958980656972 -0.95537707615667277761 0.29421191476971786383
6.9896390511189459005 1.2083502353646820016 -6.5709819883197191359 0.99908663112675399898 -0.017653934859273072433 0.038913263647773449483 0.029923591831460955026 0.93914561319420741814 -0.34221352379765507257 -0.030503805592734099805 0.34306538123524710215 0.93881609596469539625
4.8849684386430114458 -4.1603402498650741137 -1.6550667215507335328 -0.68678180086788687131 -0.012107448814463394118 0.7267628001485747502 0.093081749047144890508 0.99016392352816084976 0.10445665386980093614 -0.72087900925947479003 0.13938728143755990674 -0.6788995800429166172
4.8563588003847542041 4.0433280582863764252 -2.0668964805490506187 -0.52651567002403931728 -0.0059600185061967252478 0.8501445332403997357 0.025360612402008979316 0.99942031171669409861 0.022712988944067792618 -0.84978708424978721681 0.033518930585347023188 -0.52605930533990874487
4.949349398189909266 4.1447304421597515045 -7.3133893642752427766 0.90835619068634176898 0.0017207146450749178854 -0.41819381868088084664 0.050223001479172850459 0.99230526501608662393 0.11317204223540064389 0.4151706648646902309 -0.12380347395138069366 0.90128021107384304056
7.1155570940054726492 -4.2172617829280607538 4.3917362425148525062 0.97940394191893986875 -0.00033470744072342092576 -0.20191039231434687595 -0.1595031416670370239 -0.61442868237203951409 -0.77268113868324139748 -0.12380091418057978525 0.7889722949822332021 -0.6018272604316328156
-6.0770486516117490083 -3.485318494692833724 1.2276632018814679359 0.98132630990578051389 -0.012333025932067252436 -0.19195460389888510666 -0.04437942888264556629 -0.98553468969368707153 -0.16355990248985738389 -0.18716073246990286294 0.16902447125143382767 -0.96767845296854937409
-3.568945259359983524 5.6917409213604122087 5.598990198873954327 -0.94675477603124424952 0.0054053551387256756205 -0.32191019896517364396 -0.29204733131320309569 -0.4352649051344458786 0.85161776556808632677 -0.13551291574902646353 0.90028620143494386685 0.41366774731797856246
-4.3942256615421229071 -1.6966408767102929556 1.7354594698311258671 0.98477451416638239756 -0.0093776848889684134847 -0.17358345334258609705 0.1107349601881645329 0.80357665865150762485 0.58480964617774389147 0.13400345085235701448 -0.59512739198979469624 0.79238025118179133965
-1.7443033200390394288 -6.016498216685280731 -6.987449107171853413 0.64462146820138899184 0.0022018119678881495349 0.76449873430757053772 -0.09374035995576512903 -0.99222239805040823857 0.081899070339166477051 0.75873309381440268151 -0.12445828550617597796 -0.63940146036713740862
3.0939272887636164455 0.0063757730320644356858 -5.8584176865714914229 -0.98708772962455337829 -0.0090231646301348385902 0.15992622213008900189 -0.15913783632140199309 0.16897790689516994922 -0.97268783072078945917 -0.018247275842829861758 -0.9855785354203849824 -0.16823194536979146907
3.7906178162539774235 -2.7810518441765914588 3.6519533773817691724 -0.99532165716432863256 0.00013178559587715516725 -0.09661667253714809056 0.054802405946596001451 0.82433955873891173738 -0.56343676504156559037 0.079570692356298169945 -0.56609564079815866133 -0.82049023783797014886
-4.0463317002783760756 -2.7351440844029428767 3.9275607183562275537 0.9958493578305727123 0.019477615096340356038 -0.088908261813398545281 0.033457071974558397209 -0.98678092925452876027 0.15856866649626727428 -0.084644437758308349595 -0.160885114816949365 -0.9833368186877395889
-4.7174088635367432687 -2.0892967484505868825 -5.6354745714838179182 -0.8066078364698683334 0.0021283213730375226055 0.59108313154197300587 -0.094484678734780142006 -0.98759933031421076599 -0.12538025461464732957 0.58348645539522792092 -0.15698099570009374504 0.79680645288505658197
-0.91283654426194105191 4.8840227817880776939 0.49452019882269870887 0.65141233941479215197 -0.0025059268311495679071 -0.75871976670494811756 0.67014991557042258297 -0.46698204404697890579 0.57691148471738518122 -0.35575420548344982574 -0.88426324749403895087 -0.30251851912304822401
-1.1645138544817892345 -4.291901071250631361 6.4867021385419842971 0.96011302707686452251 -0.00094784857597434964485 -0.27961058066639205011 -0.065409818138446998437 -0.97300909937186963461 -0.22130261686345625849 -0.27185387789877574205 0.2307648026077724901 -0.93426071037416158482
-4.9504861771436221574 -1.2488598613614663169 6.569127188020063457 -0.066846978689740030322 -0.0054914807742468844595 -0.99774812707359594732 -0.95168460006929378459 0.30073129569514034376 0.06210563404750620714 0.29971303513695335408 0.95369310127972839464 -0.02532913619908713429
-5.1629236497267703143 4.9148778011749190142 3.7657111682784845108 0.99991802513306138334 -0.0058134647980434784806 0.011408183074027737625 -0.0042330582189840457868 0.69079077554489698443 0.72304231248257566644 -0.012084048664319526484 -0.72303133268837516123 0.69070953932799206143
-1.3693775294311554269 -3.3754384655194766829 5.9384201527921325336 0.98684301331272528124 -0.002805786263989265561 -0.1616570278063974575 -0.1596883837504032011 0.13959120073096684123 -0.97724813469953464296 0.025307848010928994664 0.99020524349348493232 0.13730654968765193535
-0.60760590955039839312 0.12210852582532411015 -3.7265781331258187592 -0.96428761174489308061 -0.0015348549096155846699 0.26485287624594705536 -0.11700624947978922885 0.89958150095234379329 -0.42078814233173467141 -0.23761089919862085629 -0.43675023453309236299 -0.8676348847396418984
4.7975899040233045412 0.65584843155475802678 -0.97055701773842006919 0.77415991117402227495 0.0092796598486580665621 -0.63292204878968638671 0.011087651830182244581 -0.999937926357671647 -0.0010988213662977011978 -0.63289295770142128816 -0.006166955861308995486 -0.77421474588608207856
-6.5090725044829564894 6.0450097163765974528 -1.4383635783390922303 -0.96914252226280561686 0.0080687250972913265867 0.24636896561365204117 0.025672716562716520888 -0.99072490298905957484 0.13343567072384193706 0.24516052530235959983 0.13564314310921674056 0.95994648525885495349
5.8855610651704459713 5.8502853150871176879 5.3515070720222208678 -0.99931246337297208182 0.0060815522001120428733 -0.036573423001836607993 0.017813452938181310869 0.94389270287590620878 -0.32977150627659496118 0.032515864461136440022 -0.33019627523698263927 -0.94335207551476052412
-4.9532925010840109792 -2.9743004323773742925 -6.7653069377550689723 -0.95665343793355939184 -0.002128315612141884472 0.29122099849184990283 -0.24152254518023458241 0.56455350623416933331 -0.78926940823038904682 -0.16273002138386172266 -0.82539372960511403488 -0.54059608883987941841
-2.1103899803948666936 2.0457050420038305205 4.8329711791911975638 0.93481018887810818363 0.0038018043852335627053 0.35512738144655131567 -0.10418196266285957574 -0.95301533765806967224 0.28444311354704310268 0.33952323841730541742 -0.30289818829434106418 -0.89049236835738021512
-4.9587982555803984397 2.7470725173602552616 -3.4065003554058508328 -0.74633918865462778314 -0.00055694163200660940644 0.66556555296550778955 0.55252455597078442562 -0.55804692664962307624 0.61911246369791150812 0.37107200181036187336 0.8298092054639703008 0.41680001439486163983
6.5872878971562229822 6.4183089309784771004 -4.3439008749861827141 -0.81199644756663835743 0.013223606158922412285 0.58351255803059753902 0.10741876372500168413 -0.9792801633354211166 0.17167286010775892335 0.57369240742665439381 0.20207795015283047668 0.79375155037524303125
-1.4396368909781522838 5.915058459163089033 -4.6404003344983548729 0.99553041160150690381 0.00775374169941504994 0.094122680934056637825 -0.064411032466031914456 0.78460851589089453118 0.61663659937447057313 -0.069068216085376832325 -0.61994302664126210711 0.78160106527933759235
0.2453429967805416112 3.4704550988607754114 7.4963226385872365753 0.72602514854536404076 -0.017751451679137383172 0.687438993397200937 -0.12728536985492733269 -0.98586177670318153599 0.1089724362229555904 0.67578540846974177736 -0.16661765572343867348 -0.71801994296866811229
6.2877564072747169632 -5.1060020105587957673 -4.8763200707658675981 -0.97890908955353794774 0.0063860562041339989647 0.20419650505271672025 -0.042607625432216383876 0.97115031030904230835 -0.23463091237446842552 -0.19980386543961309309 -0.23838266101539523634 -0.95039577139342912293
4.9010669262024117998 -6.9235161313989808107 -1.7773012760031903223 0.93135785053379616105 0.0098552798834342092427 -0.36397174025950379539 -0.3624680025447041265 0.11978417464365245793 -0.92426657336302386891 0.034489148733196993424 0.99275103876207393405 0.11513415503800787654
-6.1154224430958654679 0.66125459579095813289 1.0184856708089831123 0.89611726338941444236 -0.0043484455373386547358 -0.4437960582031529877 0.0078482313478639188775 0.99995090375678852279 0.0060494082885244344211 0.44374796396147758726 -0.0089039933367172970774 0.89610739500499525523
-4.9767929649104516443 -2.8225207855905494192 -0.85297687998699933676 0.91948134371400391807 0.0022841627464273961921 -0.39312700385802668013 0.3913910318613421091 -0.099367940751833513935 0.91484374213810715215 -0.036974568832702246757 -0.99504813700209260308 -0.092260968498912493407
4.5368494223869042514 -5.7556953153827512537 -3.8664108905496643587 0.94694603125502074814 -0.00057616122393434410567 -0.32139209997843765088 -0.32120892907081044498 0.032107831251470479728 -0.94646389844388623125 0.010864519109807718039 0.99948424460344498232 0.030219315246076218495
-2.5444423928345449859 4.0033504152098204898 -2.1208829753502587145 0.86912697940299155075 0.00051535571973899789444 -0.49458874641708350239 0.019920774640170710312 -0.99922446866722203218 0.033965040181057122581 -0.49418767326964080366 -0.039372523734821023023 -0.86846321048342112192
-5.4497927226282358859 -6.2552156252900799061 -0.59928431508573365427 -0.095075518116198493024 0.0019884905940521792854 -0.99546807671577064447 -0.80707447946441723818 0.58524140565294391347 0.078251400668477411049 0.58274473867391174409 0.81085667230071123424 -0.054037269854390210244
0.96595814608796215506 -4.6864664891815506209 -7.463959702284642006 0.92049670649895598551 -0.0092996344696401785079 0.39063964228349556951 0.19873364036310584013 -0.84962009223275136716 -0.48851882160525789134 0.33643833537905615261 0.52731320453145602567 -0.78022434646327842866
5.3497672019022193268 -2.6432510366343762165 1.710045224647450457 0.88716146175338506108 -0.003987248797764150407 -0.46144191685058028041 0.020339128519963292629 -0.99865303704772334648 0.047732917850740769206 -0.46101069470323402522 -0.051732131625531169172 -0.88588539096590734889
4.2366283864040958917 -1.5451759059881404745 -6.8718311548952293322 0.88521800015916851656 0.0007750776847604782388 -0.46517576403843419186 -0.43288910376164457805 -0.36468687822936435294 -0.82438492507555105604 -0.17028245957420001799 0.9311298943229028291 -0.32249186634616744396
5.7645159784291362115 -6.8920031461869823985 3.9201164661540031098 -0.99143442614688714887 0.011657976345658033895 0.13008408910499469346 -0.13057540801667141817 -0.067121076960435635539 -0.98916369921711455593 -0.0028002628512985329456 -0.99767672751005875842 0.06806839143661727598
-0.33500730833419334331 6.78405604641056037 0.94399762226039907187 0.88461300272549836521 -0.00057644049759199116056 0.46632553342635546523 0.37337872849493036753 0.59996472556703983603 -0.70755257980082453262 -0.27937100872586523304 0.80002624693919377474 0.53095182803330343013
-5.2847185586523668377 -5.2035608309838767838 -4.3288931540685542387 0.98933980105880825473 0.00027863457066733526152 0.14562513657939968326 8.835639357680281393e-05 0.99999683691556839893 -0.0025136332556802811269 -0.14562537633989927621 0.0024997043369594136586 0.989336647074324671
