1125 14.717824617146108679 14.977075390850430381 15.033177056927090831
-0.21521548667809958788 -7.4363986254643466012 1.9011145022725230991 0.97535906368883029671 -0.0028074089275405529967 -0.22060556505912826131 0.11707292593821304327 -0.84093893558481913608 0.52831395649724988139 -0.1869990023829201653 -0.54112274492268042092 -0.81988874125400368342
1.3080140505281003804 5.1510387955021306183 -1.675546236015299062 -0.99968756672000191887 -0.0019130397991888974107 0.02492206299939320191 -0.012584081137444275145 0.90000673290935462312 -0.43569429835574058352 -0.021596523964398178785 -0.4358717942199353268 -0.89974961470190362167
2.7774652727741147018 7.2817953441900646894 -6.1919509717898328915 0.98963033738525751914 -0.0045550123613147860263 0.14356548049242445764 -0.013983384302656619996 0.99169429262880492981 0.12785497616767252382 -0.14295544861969908257 -0.12853669448755250526 0.98134706290902817827
1.4126224147662032049 -0.55529714769246329986 -7.166256779852914427 0.94561121857258911838 0.0046116020028755880245 -0.32526628542870605898 0.3093933597053541984 -0.32158785025976432959 0.89490614230515364014 -0.10047473453472868798 -0.94686851658101633955 -0.30552387799950309066
0.54907320976707552074 -2.7540551175702381315 0.56818980026978060938 0.99923866867808497361 0.0043627578226426953767 0.038769180577914112706 -0.031469850243173835835 0.67748023770949472588 0.73486745474188441829 -0.023059304936972759015 -0.73552803743790706736 0.67710174611989504267
3.9439220440100104526 4.9267464653133128394 -2.2075057579622723303 0.94009981829037370105 0.0059638437485128193566 0.34084712734333383333 -0.23862680623325577267 -0.70252888423281323327 0.67045537820614431457 0.24345344318245104587 -0.71163024063511282069 -0.65902414342440751582
2.343974172526673172 -1.242693957621416212 -0.68128049458198358668 0.67407037802349811795 -0.006477637293105900293 -0.738638724740537711 0.72209695185492350777 0.21639299442885748248 0.65707690880446978365 0.15557993955878568482 -0.97628485196549352754 0.15054158970084566271
-7.0889221414309826486 -6.6922171130593870458 7.3923831670393926885 0.95873246513323495677 -0.0071229486568395554424 0.28422055503096055329 0.008646033386709075369 0.99995419815120634155 -0.0041045957766988640236 -0.2841783003790724349 0.006392589635381946446 0.95875013866561253906
-6.3404693739231152705 3.91514509375698605 1.7262772118705713709 0.95163459851424236913 0.0011068271044087972608 -0.30723015126190394986 -0.30493926733882725788 -0.11854042282215632165 -0.94496571969148412951 -0.037465105705558721105 0.99294861049851268486 -0.11246965263377957378
1.2907748732076216314 5.0260737628123850484 1.1986347962491215036 -0.93603528376951961043 0.0070126318263346257981 0.35183628370772457306 0.35163901132582658926 0.057589129756081033906 0.93436261582308066664 -0.013709604378328951735 0.99831573919719440724 -0.056371372335459329905
-1.4804449024239074717 6.9343155693233997638 0.25889869563317591261 -0.96984515704970908345 -0.0077335056510715403238 0.24359918767839411347 0.033330438238206389068 -0.99431447350042923006 0.10113263407280410899 0.24143208824447812133 0.10620226305497400265 0.96458883784128224281
-5.2924251299378477498 -6.1950652554442831033 2.9832514455342540316 -0.99937338389101804115 -0.0008868203714344324428 0.035384362644881622861 -0.034642801346988646993 -0.18055621511792302458 -0.98295438830957948539 0.0072605705693142607096 -0.98356426670133700885 0.18041235374301237138
3.1287131153262683902 4.935305666212919995 1.3936414880018630491 0.89567308156079517012 0.0040080794676971625776 -0.4446950261317980102 -0.31189484086835361776 -0.70713694678256588944 -0.63456989113484840725 -0.31700368957969798922 0.7070652542687528852 -0.63211342890243660264
1.9173851307047795611 4.8586405103008845074 -4.3919909822770248908 0.99909599532484394402 -0.00039166720517880412519 -0.042509278079014098384 0.042075371429799980627 0.15191090148585184583 0.98749822335478976143 0.006070852085220935189 -0.98839411400851528988 0.15179005286376837103
-3.1094851974559829522 0.28458393665145731433 3.6204421056980859994 0.98887717921693973899 -0.0015535865918363421165 -0.14872629489293931471 -0.14406058048989919818 -0.25870877504504496969 -0.95515251078743401703 -0.036992885434877165185 0.96595411696588939776 -0.2560550142914511107
2.6170391416478913094 5.0746259872389423151 6.8932111619646443401 0.99598942993359973475 -0.0030985683905880058442 0.089417304446179401989 0.042787352299732933636 0.89420549937666859996 -0.44560718953769701267 -0.078576701023106682031 0.44764598038894004572 0.89075180510494622599
-2.0347620861588699981 -2.1134159582139120381 7.3304129665624806478 0.99878164211307618459 -0.010064665683238030805 -0.048310805029499692687 -0.047655918127194142608 -0.45088521881047338713 -0.89130883139668537485 -0.012811902488110833015 0.89252519402142393989 -0.45081552013184728045
5.1994330128551258241 -3.6895902821466570742 -3.3857905469762323847 0.9985756849581119976 0.0079391731416086630535 -0.052759557809302554121 0.021664960899608093348 0.84333310389305360388 0.53695428608726913922 0.048756854693713588822 -0.53733252777786399967 0.84195992999214963604
1.7040601474057641695 -3.8729058042407049633 -4.8062135986721754577 -0.93321409087645812441 -0.0067813662991087816229 0.35925683523167517563 0.24322008768786887445 -0.74787615682187402744 0.6176772968164738753 0.26449092524072764787 0.66380363597117164609 0.69957793228262710183
-0.93375791151874276697 -7.1889406476801944734 -0.41909286383603472359 0.99956083873372358894 -0.0048296252375512431498 0.029237037980777844798 0.02102252663595869514 0.81093006251920374261 -0.58476532649972068345 -0.020884995658775690197 0.58512315662823499718 0.81067546437150284078
5.1857329701896199836 7.1993852053149067771 4.2884794745166301411 -0.8491468968509164883 0.0065563925721204441982 0.52811604906961640005 -0.49056567996006400501 -0.38027866122197762078 -0.78404939478614332771 0.1956907284819027204 -0.92484871927015410709 0.32612878629547803477
6.9528139270615243461 6.8831786737575626489 -4.3680803421945473275 -0.99948196551396362164 0.0053878640979847201853 -0.031729663290384534091 -0.025495282670789112811 0.46913118132686176809 0.88276040082711904056 0.019641567493260941174 0.88311205723133612278 -0.4687507900783135506
3.4070898514272860425 -1.3697388758777935269 -7.0624280930282150592 0.97368734687939639816 -0.003127810972969336141 0.22786655596117938449 -0.056888725318317012736 0.96491277509699213688 0.25633378510513887827 -0.22067311449009749391 -0.26255200104586168264 0.93934542277484123218
-2.3731362445256722893 -7.4215397830238245547 -6.4553339698597840268 -0.9979322026237792409 0.0087655364238589730808 -0.063674832844364509521 -0.041485158087241534586 -0.84452247471471353357 0.53391082716140103592 -0.049094812608202732795 0.53544836826059771795 0.8431398130215825848
1.6144752209463317794 -4.9651519091414906271 -2.1637055170789865066 -0.72538263795625990138 -0.0010539648494910080351 0.68834505715499660905 0.058412694529856513947 -0.99648600932500419614 0.060029912021368155017 0.68586294962580141021 0.083752745493136243615 0.72289521505752396546
2.9577513500605059349 3.2792115010886888626 7.040504476817068813 -0.95735487034346844482 0.0054761444468774886363 0.28886270799720836777 -0.11689690207539538136 0.9069843788832999687 -0.40461642421788640567 -0.26420970178000569017 -0.42112866003592891451 -0.86766576812823736908
6.5165194674869271196 -5.702327720016593382 1.1958395125320584462 -0.76642688796526270423 0.0059074062446378815955 0.64230438886520324626 -0.24985075315499760684 -0.92395121828828685739 -0.28963554231411531292 0.59174692779249538077 -0.38246470265259013832 0.70961702676372928611
0.087023780717853743694 0.2148879441800998491 -7.4892147841912448669 -0.90021761579176318158 0.0034497774304086529541 0.43542662212334998229 0.39112023089704572865 0.44594287234817581167 0.80508379662299534019 -0.19139803865540575001 0.89505477689222634474 -0.40279490706978099412
-0.23484561864749514681 4.3549505323052422057 3.303429619531107253 0.98857447267590459195 -0.00069167700242731954691 -0.15073166076378394229 0.11507550251820615472 -0.64241101522515264843 0.75767124548675468532 -0.097355742993728094925 -0.76635997357653828921 -0.63499153553879472689
-4.2265710329875387785 5.2380222706705028557 -1.9520412017686785688 -0.89028667107357983834 -0.012000194029443907867 0.45524239549052031295 -0.023361621974397058649 -0.99713308252648480412 -0.071971177215794004955 0.45480092120331438998 -0.074710180526907060683 0.88745394866340587825
-1.4445135700879727647 -6.2785120513498924311 -2.1520236273740280808 0.97837419064899455723 -0.0086603633769806783599 0.20666141676186394749 -0.19535009702879591043 0.28971500460052340697 0.93696507709740606273 -0.067987371347087169338 -0.95707377678809424371 0.2817578803189005332
-4.994188443277941758 -3.7549582445807736519 0.35262458663117535185 0.99669726766668542695 -0.0077396775588919079422 -0.080837206886614831891 -0.064053219861608445829 -0.6868229655409534562 -0.72399682252822850081 -0.049917348199848193824 0.72678353819890839649 -0.68505032439369761832
-4.9119151832649841083 -6.4910568492765241544 -6.3989031929213817662 0.99856882916963973784 0.0057237349576915712984 0.053174545310333672099 -0.053478928964991290229 0.11700468138072692148 0.9916904298679725116 -0.00054549755101490670153 -0.99311486918343905295 0.11714332690893947131
5.1597552326224640495 0.25882415761260862963 -0.59642962389491060993 0.85931088747662165428 0.0048114911220661455912 -0.51143098089320260247 -0.50638942776182316319 0.14837243656001869452 -0.84944415209027068769 0.071795167770956458408 0.98891984994868153969 0.12993453837340349089
4.5049607521106844743 -2.2823244562231326249 -4.5618287266790140677 0.97959229919351620275 -0.0029296400845012756167 -0.20097349220679297521 0.14577601428045705578 -0.67803325750528442573 0.72043060413704929079 -0.1383773139691135412 -0.73502538658593408183 -0.66376908639450415972
6.9341826916449598173 4.5314492558936239064 -5.2023004779358981153 -0.76511880666374243454 -0.0032502834645271195396 0.6438809263727554022 0.27104042325168004046 -0.90870145821578107714 0.31748818686679741718 0.58406361010837337666 0.41743394147316448262 0.69614553352962826871
0.78325558479287771263 -5.141339796819764274 -5.3968309242041154761 0.7451506813963545417 -0.0024654280045300442856 0.66689158315226171325 -0.49316517658395758739 0.67112230071360257089 0.55351871340510239161 -0.44893047414872105927 -0.74134255182711195076 0.49887137643981599444
-1.7936824321420075101 -4.3955287511141110102 -2.0230861651537428436 -0.98367733341226593069 0.0010716061693799750106 -0.17993819881033559782 0.1660558326933074258 -0.37978766316193879327 -0.91004768629920296252 -0.069313520754825205805 -0.92507306877359019026 0.37341056930728361296
6.0586195390686921058 -7.2543793600097767893 -3.0410404397915580255 -0.76042852162293617102 0.0030174834271088973522 0.6494146274115751849 -0.45455777127095470247 0.71171845640621411722 -0.5355689230977095372 -0.46381644653843295822 -0.70245835008533641375 -0.53983939307517203599
3.1264505125009569575 -0.16601831795354962673 1.4028539799703856339 -0.98305796218985141977 -0.0081901340592132332308 0.18311189114686740598 -0.17044701572878656615 -0.32658402993017204841 -0.92967235423223115731 0.067415560551133499323 -0.94513268544621076295 0.31965504703809188847
2.4367922411722604537 0.19469009693300898256 -2.2991836007451440516 -0.95254564555260434755 0.0015923903822028660955 0.30439161853065993535 0.13635608985054489817 0.89627528382048593514 0.42201615179167234482 -0.27214666982992125055 0.44349529862814329739 -0.85396025094565108926
4.321886618129449964 -7.412191591048457262 -4.9430319266855509142 0.95952744880696316798 0.0031789705443861426479 -0.28159717529165906313 -0.094676408841809500672 -0.93809245001500030092 -0.33319503722837084947 -0.26522340129558996669 0.34637039332352231868 -0.89982448179303176072
-6.9668291846643919385 -2.161825800670885922 1.6069692636441610389 -0.85495955313009452947 -0.00865337250970833749 0.51862248471877303579 0.503743385659536691 0.22448161433880775562 0.83417660374050850436 -0.12363965349311328845 0.97443990269698721463 -0.18756362151566624563
-6.3199371040616876272 4.1481201422992590722 -3.2730459120678405682 0.97476983335976430389 0.00066237647381727805806 -0.22321140927207022697 -0.066911505180189664865 0.95487563586153567652 -0.28937064556127950476 0.21294746405238701437 0.29700518732075587014 0.93082828505487613668
2.7092725204475507361 -5.4760982444351240517 3.7942994797006992513 0.78987807088735229044 0.012149032987250974261 -0.61314356730599017808 0.2372215480849209357 0.91592222592055516639 0.32374745279129868436 0.56552503945927090623 -0.40117187970020362631 0.72058486848005065539
4.5564790005173678722 -0.55120025609436062997 -5.3490444045406997375 -0.99945685410993845288 -0.01197634882322251744 -0.030701202608608698513 -0.0028064614651382348981 -0.8973077169210416093 0.44139662994635142645 -0.032834746029160789826 0.44124304892295729275 0.89678673676099440737
-3.9449777363595623925 -5.9548144120596617768 0.96936240010014440571 -0.88815964095114696697 -0.00052622179710546702902 0.45953473783390036411 -0.44251127245716687097 0.27064359266665283243 -0.85494784606828422291 -0.12392024021050147831 -0.96267947357319338941 -0.24060757516561448455
1.3027598181477297867 -6.3114414068018991344 -0.31317014230662953977 -0.9980285901821329686 -0.0050972778197720999133 -0.062553584532904465965 0.058673916627431481341 0.27801300557943636749 -0.95878367749779647156 0.022277896819075607843 -0.9605637857464225382 -0.27716585075690020057
1.8384585024298809586 -3.7752179062931796594 4.0701565789378735261 -0.94521992338614524432 -0.0022125294484967158656 0.32642671635042158629 0.071059931385735117249 0.97460197265405801303 0.21237109278420390757 -0.31860599897887859067 0.22393324811729406476 -0.92105597973323061201
-5.247644127212755194 -0.73598925312855467684 3.2196058788609915879 0.89661984489440227364 -0.0041677601033225488217 0.44278153023505228969 0.4423359459819741768 0.054254729017745403907 -0.89520686730582810231 -0.020291984471189100647 0.99851842955194380913 0.050489416824660383887
5.5593321144554908031 -4.3663057728936598423 -0.38880381553874593381 -0.88769071245144193227 -0.016897920311830731677 0.46013004609172708514 -0.42384058632261567556 -0.36046368703510467402 -0.8309182196310281876 0.17990096279088430009 -0.93262017489337978304 0.3128182427045149705
0.76095618955954813512 -3.8171991177080459856 -6.8662227358213208106 -0.99694428120360190082 -0.0039811866270354073771 -0.078014423850208944322 0.01332063958034603382 0.97540878489684823549 -0.22000059751599654323 0.076971817808897807778 -0.22036753957708338225 -0.97237517798637751465
-7.3451973815068596352 -4.6908975149997367282 -2.0282685073449679969 -0.70609507119662917596 -0.0082393491350484376889 0.70806910930906064028 0.44061336469074224853 0.77766743449791297937 0.4484341915793130795 -0.5543370935520909315 0.62862188511646233113 -0.54547677518381998407
-6.7247369568563026831 -4.5970568818666563971 2.708418278761766107 -0.97877447280906482163 -0.0053940864385162842418 0.20486931251089640638 -0.18953878494356629636 0.40402901230612481287 -0.8948941871624872535 -0.077946009386819975484 -0.91473026682535751863 -0.3964756721089939262
-5.8793489156037397336 -0.76421253277350087441 -1.2401543525591041117 -0.90664206307868588919 0.0083276535911293095293 0.42181846764003017025 0.06877188927113619954 0.98935012286017121053 0.12828391030347302548 -0.41625784881797467385 0.14531684204637415614 -0.89755914496766475708
-0.066703871297615929814 -0.68058371323687028021 1.4312916017640624489 0.61157785930077168679 -0.00058890456116360637151 0.79118403371427437065 -0.39305074915765181309 0.86764560841934468272 0.30447037093477813396 -0.68664665629395182922 -0.49718281484981496909 0.53040137444993140647
5.2934381394583844838 -6.8584257282040574921 3.818399898080203414 0.99434047947037407233 -0.002098463290960639327 -0.10621961842535625198 0.046656279008359863303 0.90685982887511307204 0.41884178683792133713 0.095447380874019896457 -0.42142715530010671499 0.9018253435449473665
2.4543549619802376149 7.112327302824166253 -5.1358174392825741705 -0.99097347447636496831 0.0082096657116462468107 0.13380648068461109546 -0.030505544851156533165 -0.98574721291486633312 -0.16544438329523500353 0.13054112232407097394 -0.16803283494457346703 0.97709978086315207868
-3.6528191793525399689 1.4213649662483083258 4.926645421908342648 0.69597593901710197439 0.002234207697517968938 -0.71806162731704814561 -0.41779079120144313464 0.81456745179991074668 -0.40240616453467237257 0.58401057104868292491 0.58006454363648440875 0.56785277856092009063
4.0856783556188798201 -0.040717434678310855667 -1.9633625622052361948 0.94587003962520399547 0.0014167742766703281254 -0.32454254095570966854 0.31073170694911372847 -0.29259590188784972975 0.90434144242912484213 -0.093678569778944315027 -0.9562351337139777252 -0.27719793400218106783
-0.75494649563500437761 -5.7378799264709634542 -7.0422999630784293146 0.90716725149141408391 0.0040863212622838339383 0.42075037706456919206 -0.38990163530150900861 0.38410097018274153013 0.83692482308378368661 -0.15819068433579214217 -0.92328205153308207098 0.35003708475842704173
-1.5396444309995152011 -1.5474471203563875399 3.0419344467396371989 -0.81985480179292902214 -0.0069820753775647467418 -0.57252891158475882616 -0.22621504372454426246 0.922525661335320879 0.31268699712412428848 0.52598940860985077261 0.38587258881818103928 -0.75791654370981831335
-2.5332907345280597511 -6.7198438719317215018 4.0017571484014968775 0.97072801438584188638 -0.0026573700858728089083 0.2401667347298814259 -0.22556385134330647624 -0.35360174254737430921 0.90779224310123196595 0.082511035951397040944 -0.93539229527063860736 -0.34385052405740523795
-4.3463616831737432733 4.555797257456796423 2.4041048395972199891 -0.95565648177982531752 -0.0078947936265998334276 -0.29437792217811442619 -0.27444015065830795752 -0.33861502446954416801 0.90001248264130551124 -0.10678620013344139461 0.94089188403185652909 0.32143299461008972839
3.3941366358034330553 1.3866793139584032701 -6.1337070246708478294 0.99917808837043931014 -0.0004035149365679635905 0.040533750087179118426 0.034962003366861206521 -0.49745698901624679777 -0.86678382679852084003 0.020513557492738705712 0.86748854819795617743 -0.49703401564113380839
-7.0741535885446173992 -0.46467804959113279129 -6.1130886544253373316 0.99068595152180249919 -0.0041962422164257334387 -0.13610193609455384367 -0.043358990346472087163 -0.95721901085923311037 -0.28609747151278885902 -0.12907882635647199843 0.28933398832687856617 -0.94848537141351130231
-6.9526611281748715854 -1.0981465815779090089 3.5575131365442604903 -0.94487824578482526583 -0.001761510338307924195 -0.32741716162105610755 0.036876427339282098761 0.99305047401495916137 -0.11176262866127358031 0.32533863857425854293 -0.11767605168392060444 -0.93824683165504418891
-6.9960059282443181061 5.9356592144165363223 -3.9190779395558461573 0.86181779256925139521 0.00050227554983300892744 0.50721774429761357084 0.42664604492986579753 0.5400848991740684335 -0.7254525856524979277 -0.27430502138458129346 0.84161039050347441481 0.46524048172935766887
2.3971079319788306528 5.9606274448162315238 -4.5551069546636639984 0.97816507926432405551 0.015284136837464816494 -0.20726667090718681186 -0.14531667864695674286 -0.66268083573252367646 -0.73466806985187904644 -0.14858041800598034698 0.74874595498995899501 -0.64599021221001973192
6.3295160982737854738 -4.8013752063212438159 -4.4994227922434255618 0.57770720286447740932 -0.010900132614648196799 -0.81617129015141720583 -0.21114344989567215838 0.96388216442092022884 -0.16232565009098265385 0.78846232080208533688 0.26610591917558179542 0.55454017749398787362
4.8171334821280717975 -3.0858072930139059942 -6.0328888707259986646 0.68322355226492337277 -0.0011314112832717273908 0.73020839322684816253 0.48383007540595474039 0.74968196384332619342 -0.45153672189613069943 -0.54691318850723225076 0.66179730506891065733 0.51274778521248987051
-2.9625595310058301379 -1.2907897284470055688 4.7002116707257659556 -0.93911883624917580349 -0.0068132881614767536529 -0.34352494888488543934 0.049366098331452175352 0.98675456822091289766 -0.15452640690408450674 0.34002764554879344461 -0.16207714582754395582 -0.92634345631788550524
-4.4704149108590494066 -0.18015457539758319983 -1.1182923383495149139 -0.85949494284110605768 0.0072791566536995304382 0.51109241542883687703 -0.19973877841516840537 0.91561289490753128284 -0.34893759768210735883 -0.47050277749199587163 -0.40199507528993805305 -0.78551072291530577019
-6.9780730523833698342 -5.0106708131066710621 -0.9044445456915753967 -0.96415415218995925706 0.0056604882515271289639 0.26528235841748259993 0.097689410885483371483 -0.92197723377304285908 0.37471957435533098657 0.24670539073081410031 0.387202710833665531 0.88837520840426509317
6.6159595131444453031 -4.8811138573239771787 -6.1528459746611572356 0.9787021148646811719 -0.0027037472177311137889 -0.2052677766002079518 -0.19953646616863396357 0.22245387199723740124 -0.9543057547256369455 0.048242813230200271013 0.97493946713863643971 0.21717657881823912436
-5.3953199215114109322 1.4359770747493336707 -3.8833634071232849827 0.73855320802313051409 0.0037832668315685592103 -0.67418457844330892392 0.67372726248757852652 0.033108856808459721788 0.73823802352733680632 0.025114432098346295419 -0.99944459100684146513 0.021903762404202539726
5.3394686805763376114 -2.6463473318600354567 -3.5005070398199045201 -0.770470538357733159 0.0010900650924748536003 0.63747467501137689005 -0.51653717460645764969 0.58496708060464208678 -0.6253022164190853438 -0.3735833197191495425 -0.81105630283417029514 -0.45013684237194162563
-0.61570160406332996583 6.7752608365991067174 -6.8175918252538245667 0.99273318225018392091 -0.0022824794844813825478 0.12031466721427748479 -0.09849017971351085865 -0.58987476325795507037 0.80146581222859603066 0.069141256565609446327 -0.80749151943462749159 -0.58581305267274097481
-2.6663271451821817237 -1.8722420201394296413 -4.3147710145059834375 0.97320813044697951355 0.0055670569599324650281 -0.22985852759626076991 0.074080221658168632359 -0.95398895257049698415 0.29054638034673962999 -0.21766500773201585828 -0.29979007029970533571 -0.92884221381172638043
-2.1957190321666764099 1.4711484579588811616 1.240215849569900497 0.98024136637170178332 0.00070422167706035970064 -0.19780386175586436859 -0.070356339755896418753 0.93584120285403649131 -0.34532771174184850871 0.18486981665447621559 0.35242126370658710677 0.91739980585218250386
3.1782659406098607846 -2.1488516879292118844 3.9289083569474936297 -0.98556251928472338175 0.011465312513986684884 0.1689232582862483234 0.10502644857429316305 0.82395296528821060367 0.55684015308945955525 -0.13280047319557869434 0.56654219401711980453 -0.81326132129673012194
6.3020516728870648038 -1.9019428785118985825 7.0811742110261377547 0.99993994115350537388 0.0042893540153026675499 0.010085411646062072619 -0.010736814590560155372 0.19876955899906367797 0.97998744034186835439 0.0021988402370251929584 -0.98003686862144856473 0.19880367512735749869
6.700222732380581192 -7.0141069493349972319 -1.5381197639606778438 -0.9886689447962103694 0.002714283262716513101 -0.15008780850596767364 -0.11726044392808167294 -0.63820428949355723081 0.76088453339644190887 -0.093721427035325474697 0.76986227179830857281 0.63129103951824205865
1.3237690693107941886 0.15403843883356227451 2.4684237711902974333 -0.91707844482706268874 -0.00399389113558050457 -0.39868681300885844276 -0.24555661859203339881 0.79345615322136076042 0.55689252103148156881 0.31411633688687556898 0.60861431280309397085 -0.72864226143700117078
-0.68495506248843962549 4.6694114580469801012 -5.9806228703894568355 -0.9706525727978746465 0.0030620130879508624527 0.24046664424958211215 0.17043778451580221533 -0.69667176956716747593 0.6968496301910489521 0.16966008525921799643 0.71738348849411537334 0.67570436279917445166
4.491063140132835585 -0.81713643299752469762 3.8252006669165359298 0.99456593395363934729 0.0046365778230638091811 -0.10400531315726078974 -0.102168110218573846 0.23545203188876209777 -0.96650091460580633829 0.02000700560343977516 0.97187491110004864403 0.23464628039083809674
-6.7496944960713358697 -2.661286346237691447 6.5260378260900369085 -0.92529499890863997624 -0.0045731860436579842635 0.37922058351856707814 0.1025161753389030872 0.95968605909433368772 0.26171186785077321657 -0.36512956438588645147 0.28103692630942483932 -0.88752388545993976532
-2.955867904786167788 6.5369720761485936578 -6.8196513804148537474 0.8378166305931469271 0.0072202881324349406714 0.54590398509337201283 -0.38348346644179909237 0.71949049515819796241 0.57902837438489918043 -0.38859197684375956783 -0.69446475419302811094 0.605569963519004828
1.6167021937885821536 -4.7587105584901658872 -6.4438052238786402981 -0.98708071485738912987 0.0038499552782283678193 -0.16017752714096517019 -0.13403605367053095243 0.52788279300782880998 0.83867400887507415064 0.08778381783138435035 0.84930850383744427301 -0.520546891870756534
4.1442708652066029273 -3.4808796486313213769 5.1814468611610617899 0.87513221713818578618 -0.01171430337102779759 -0.4837420569098898615 0.41686017095267885457 -0.4893775505236692136 0.7659877354870562316 -0.24570551560788805867 -0.8719933417980064716 -0.42338683430163032151
-2.0094984094701668909 -4.8253403102315042261 -6.6964352754413942748 0.98666426819444474905 0.0096978332460235516788 0.16247945685153772355 0.16257281232864101428 -0.0097671512485161399164 -0.98664820652964502212 -0.0079813883495291337855 0.99990527290679009909 -0.011213503163228999426
5.5099423920113617115 4.6001262365012163258 -0.89344950181301741043 -0.6347083700190240263 -0.0049075712522458460677 0.77273617798840354975 0.73963274041638249479 0.28575689713340146625 0.60933275395708785815 -0.22380503643108973222 0.95828957600779152148 -0.17774249402713221402
0.76091958470948417581 -0.19256469766877085115 -2.5189129990558276617 0.17679484467215139665 -0.00037951245095751984238 -0.9842476511872207956 -0.44369169399918684249 0.8925978702619625782 -0.080042005722086501107 0.87856773419782763224 0.45085352163883996024 0.15763831530541483339
4.4212850729033750241 4.0908954621779169969 -4.5612709155201667244 -0.94352285851961725793 0.0022423911809888209812 0.33129984475180296322 0.21683803558509978648 0.76023130592667809147 0.61239662622561008565 -0.25049128083501936981 0.64964862284983848628 -0.71778185060277899243
7.0523087035164984115 1.7980505258863010987 4.5167593178914051677 -0.90804112568372752357 -0.0032688163666943614166 0.41886827154446787391 -0.35051624396915015414 0.55343397872225164047 -0.75554562662315660759 -0.2293461941713088037 -0.83288663456394929074 -0.50368658626565043779
-1.2776686364416292019 -7.3347368349534036724 -1.7533618481909192255 -0.9317106093256959376 -0.00517845448846944445 -0.36316459640105192008 0.36262839694413578906 0.0428865473315797191 -0.93094650210839569038 0.020395739745076121863 -0.9990665281486920124 -0.038079996496349757806
-1.7734601402164544837 -5.6309027180829573922 -5.3051572611878663466 0.99988246228681143535 0.013805487865715573848 0.0066685917639781044919 0.011190875370407585981 -0.95448486918660147005 0.2980493227674670953 0.010479786246327636723 -0.2979396633523198612 -0.95452717671198272775
0.37070243239332750784 -5.6179969499032136326 -3.2311236103019442822 -0.83542671608053409305 0.0028145393194125775671 -0.5495946510178566502 0.53937820970479322114 0.19618002149939045564 -0.81889226767644018867 0.10551468596684195067 -0.98056385693794545499 -0.16541213230109047538
-6.0837396183853886811 2.7316447019119802775 1.2982004060836176418 0.58788463123504153263 0.00037746297643293392349 -0.8089446939558504468 0.59866768547645021759 0.67233775551197438869 0.43538367548557771469 0.54404840108568230939 -0.74024441911759342183 0.3950310585781025563
6.2991891828234525263 7.2858525808816585467 -5.5287525275979820805 -0.97270148505993114796 0.0036356703689251201883 -0.23203146955341935609 0.029940839057605025259 0.99348622297734656694 -0.10994849207993215301 0.23012033182373345386 -0.11389427841247518058 -0.96647437949807668556
-1.0555163038706576462 3.9038742507449324393 -6.6472041363441416451 0.93975287443955102251 0.0051910922992859610467 -0.34181513650403871907 -0.19463751904291992645 -0.81387025518145039715 -0.54747734556941507478 -0.28103517780402881288 0.58102345932991283917 -0.76382653040142878265
-7.1260094199021555283 -1.846996761562920808 6.1033815455271440698 0.99686447276389178462 -0.0090166437783367660991 -0.078612486769674139175 0.024791959281863187869 0.97905404284251751346 0.20208547683756469815 0.07514374023234965394 -0.20340078989196958004 0.97620773249095149637
6.5158612769223482886 6.2517824165872983855 -5.2067685479295011675 -0.95038728011922357641 -0.0090782431317244401126 0.31093665478553078607 0.24526562472268245707 -0.63669268751056296018 0.73107263319048676475 0.19133423926991355302 0.77106420431263111848 0.60733121252806310242
3.4645063012010788306 6.2727685709800420355 4.9037650592432191488 0.99996665484490954157 0.0018019528990366809329 0.0079650589474959676561 0.0066730581227355152685 0.38192812557802657825 -0.92416793776223737922 -0.00470738712860628572 0.92419027254032493079 0.38190336558901144537
-4.185099661319455322 -5.9752814731979597695 5.6904976327925540502 0.50964715185965581146 0.014407202899631448359 -0.86026287442032423058 -0.70740773454658278929 -0.56210146503143076924 -0.42850465588261710259 -0.48972857554460685892 0.82694278853749525471 -0.27628164394501802947
2.8195052018467996469 0.2036629882557556559 -5.5949068280653122542 0.93248311689829166404 -0.0061596223489136184975 -0.36116103853010517177 0.34650444618344178327 -0.26716676347341117292 0.89919774758968085138 -0.10202894429895977002 -0.96363062401927213063 -0.24699415980466205012
-1.1767853261131724363 6.6033783278274729156 -0.93257652991110262519 0.94406503853937606685 0.0064391097146471723209 0.3296964374597859404 0.13603167128894572135 0.90317118471575841276 -0.40715745787776003173 -0.30039405355956705357 0.42923227856870438401 0.85177641645024171346
-0.46254851840814203978 -3.2656125671026727808 2.5498709404995283379 -0.80108468682877065348 0.0065293819102438281285 -0.59851540640164191398 0.37852186857745578896 -0.76907200701718581026 -0.51502373055145700409 -0.46366423146169594149 -0.63912879390170884708 0.61362029404886886397
-3.7989225082507065423 -3.4306501304296230792 6.9389154353660078556 0.97766269618653467433 0.010875872829369918199 -0.20989847039814743535 -0.20218959242688558375 -0.2240777528448936462 -0.95336694372848551637 -0.057402275212151555872 0.97451058284152702882 -0.21687347170719048495
-0.72777588725202346787 4.1252620940555582152 -0.0010881614783424184423 -0.951610808847794587 -0.011866645553857853995 0.30707662106936317592 -0.30643557105927649031 0.11179097241018003117 -0.94530419404404364414 -0.023110804262462793235 -0.99366088843776179118 -0.11001785998394066068
-1.2302350906084080773 -0.23536707824344144102 1.580045826845216661 -0.76582732404445419405 -0.0099047992260784430141 -0.64296998740149824414 0.10409811129876796187 -0.98860249613944584102 -0.10875977128884602163 -0.63456449078947130271 -0.15022316592013137959 0.75812987505450724068
2.177001303486187922 -3.9874042025989271387 6.5117943792629562338 0.99730058312594593861 0.002348189951620398893 0.073389596678980054123 0.028521154219156522741 0.9086194629268474765 -0.41664999142269049104 -0.067661589242090244833 0.41761843541020043924 0.90609974712878027514
-4.6640998162189815091 3.6949483650208501118 -6.3642205254350798782 -0.97483612593416268943 0.0041179210198543595572 0.2228846569418190815 -0.13263070721646227912 -0.81432994326959406983 -0.56504498847233397552 0.17917483940785122742 -0.58038761721882226041 0.79438440990624226146
-4.1567199594086998715 6.1002258522722963008 3.7783162233404739005 0.85662824646353941116 -0.0044031620200728673747 -0.51591536081505162681 -0.48979256662366271735 -0.3212052177800565067 -0.8105124611942662316 -0.16214588814074826217 0.94699937710394710422 -0.27731009848902016257
-1.7135476095727404378 7.3459097602551395312 7.2841805275980702206 0.87880203054577532562 0.0074979546724759527782 -0.47712762630615501713 0.47718634107951812817 -0.014714564202589666686 0.87867893879815328617 -0.00043243023536084120029 -0.99986362183853838559 -0.016509110455580428001
1.1904151557778483994 -1.8389603523857720457 1.530017993965368639 -0.96902948446509795666 0.00045228134239936289285 -0.24694463686971426797 0.13500535184303852354 0.8382961268145429079 -0.52823589308318796842 0.20677382138672714684 -0.54521500273681022808 -0.81239472399807621805
1.0880847774992352672 -7.1142053508574063514 -2.1801878847086277879 0.98054944470680827084 0.0058420611188205479741 -0.19618526144212450335 -0.025221257664870530557 -0.98751946020058389841 -0.15546447789416903418 -0.1946449964602374183 0.15738864649968933862 -0.96816431420805681984
-6.6324274789990109724 -2.1725788435262511911 -3.9442417873599828759 0.67975858389160181972 0.010251263956240864311 -0.73336428820395505035 0.67330798021879889603 0.38777600114376087337 0.62951261838873673327 0.29083437107628568041 -0.92169663367309251356 0.25669180757563564432
-5.8494809336660056331 2.3089202007076674583 -2.483611433177554062 -0.71044303940896813554 -0.00013263393882543758617 0.70375469459438044773 0.49407401811736567643 -0.71221740490159846093 0.49863537056311407758 0.50116020629809687748 0.70195893794681463174 0.50605542884126575309
2.0714136164274776775 3.9536171314158354839 2.3230693467450946876 -0.81596996640045571514 0.018715039049968618806 0.57779127827080190016 0.17690842477129142818 0.95960986986326524129 0.21875170149268441389 -0.55036026671385007702 0.28071096340251333601 -0.78632368134778451996
4.0499107092520594264 -7.1170947700390678747 -1.6111477653157979528 -0.97796438743386360226 -0.0209654968617373344 -0.20771640487096168504 0.16441347871877401432 -0.69050754134990899313 -0.70439161221188861806 -0.12866182389021418864 -0.7230212882620926651 0.67873879496681344126
6.5752078035240275611 6.9874099508279696735 -7.0289675846912587076 0.92816375248486682192 0.003268312376283439083 -0.37215771751671700152 0.29711090610710366722 0.59570863386250583194 0.7462280703738256582 0.22413647192118196783 -0.8031939626739517113 0.55194410974197372077
-7.1912694586487422299 -4.131983891875658621 -4.4596386151718201418 -0.83951401828471905464 -0.00062819237498236250861 0.54333766524861293323 -0.28725190920480858647 0.84933384345395412929 -0.44285252965503407729 -0.46119687093652972365 -0.52785568836388963021 -0.7132081172422657378
3.553689619023871149 3.1498917662860534961 5.9074106576508427224 0.99360314063554588948 -0.0041867206301664438781 -0.11285065480315735476 -0.064208150210613421094 0.80112163180433582088 -0.59504743046401564754 0.092898398079104507752 0.59848692753110066533 0.79572814780476042174
-4.4475065359437300216 2.4592019656085817303 -4.4966481796313164665 -0.82576289174647288238 -0.0002547599448388861848 0.56401735940644248668 0.099061799990062621157 -0.98452057489226096898 0.14458906388958492339 0.55524985943007276745 0.17526885836077266134 0.81300579388566107664
-6.6712132437842042165 -5.8889958487502473972 6.8802826754781953866 -0.99983496743562594311 0.0097303640356949105961 0.015341378974265192092 0.017588779023637687859 0.30712801811643913874 0.95150565701965605925 0.0045467291052717923733 0.95161846372569414143 -0.30724847721489556562
6.7188053075389575497 5.7878247339044799347 -7.3928866298926791956 0.93751348306278248224 0.010490050468412628892 -0.34779078181673661607 -0.11289590185502253183 -0.93629837240164837109 -0.33256559230063920118 -0.32912457279862472603 0.35104888075466406105 -0.87660806458823847809
4.4366277224134238466 0.58022395145450011977 3.875749794441559537 0.99927525448635290406 0.0035983218834007525341 -0.037894826175723622663 -0.025207734051265865555 0.80850558233385960705 -0.58794837654238207847 0.028522550995033538884 0.58847750629448591919 0.8080103270814337213
3.4491691954616827687 -3.0049741109391852056 -2.7767212169459236648 -0.53462743343356522452 0.0027037352972319695851 0.84508354453026468533 0.75461434208750011177 -0.44864233959827160003 0.47882903612415955719 0.3804348855403530405 0.89370730160111300222 0.23781622511654507135
4.4657709567793038019 -4.0379139848249838707 7.2763112428298910572 -0.036479461306865343384 2.6733679504606366883e-05 0.99933440258406958101 0.99799904954471196916 -0.051677841642657554311 0.03643209836157991488 0.051644418968771449441 0.99866380727868453437 0.0018584996378774409735
4.9380239375077099595 2.4897961209092063228 1.3044442093366723778 0.98394871918723192383 -0.008427323900418453792 0.17825234422422187031 0.15288841442425629702 0.55496564398437409071 -0.81770304312249730838 -0.092032878605420101459 0.83183058023183309437 0.54734617478039293559
4.4649344812448106268 -0.46680064941426618885 -4.2288674004515645066 -0.97864715982260586102 0.0054258306866616229369 0.20547578186375878295 0.11844817963990122989 -0.80209695056125063228 0.58532940353307261194 0.16798739628657172185 0.59716919065018203572 0.78432722280127231684
-6.4541387188052850021 -5.9447682161494848074 -5.4513313018877411764 0.9823673622904101066 -0.0097810889758973423858 -0.18670483605141952044 -0.17204349800891050037 -0.43817911864263492383 -0.88226985371740063169 -0.073180600567366305143 0.89883446211412765248 -0.43213563775341867768
1.2414652905805216854 5.9315349434075459456 5.8617003125792335183 -0.96040445877880586956 -0.0094281133050086486647 0.27844997079799421735 0.25727877048468861254 -0.41353843043614979536 0.87338055898350330786 0.10691543301030338731 0.91043784918684100838 0.39958980586635750587
-0.56933786282951326374 -5.3859943970583588069 -2.4583032520366439044 -0.97923181833256423001 0.012679308302306589729 -0.20234693253454988371 0.039000052307376312233 0.9911834418913035849 -0.12662693410396450022 0.1989573871088513024 -0.13188866388553174835 -0.97109285779132092919
-6.1603218524755121166 -5.1933024110519818706 -7.1728501055923468144 0.94183104990682320334 0.0053148503842554827709 0.33604467827481943054 0.0043528829145796626293 0.99959818346107576215 -0.028009356146786314884 -0.33605851550255688709 0.027842844445554643801 0.94142947169258339724
-5.5423556769028472502 0.85238742347438944957 4.4246956035540172536 0.81109159637254346631 0.0021757329744284646666 -0.58491511220000991234 0.53779550394831987514 0.3904638996706282783 0.7472040812168367907 0.23001395224399545647 -0.92061566858277288361 0.31553188829821909867
4.4699348291317893 -0.49155677079501769455 -6.793045397915532746 -0.77453698547930138751 -0.003792035864065984585 0.63251725556588256349 0.11687404331867248808 0.98190564463989915556 0.14900256045673071492 -0.6216372866253369045 0.18933284313164158719 -0.76007904746062349144
3.3053211154432506902 1.5422545440581167941 -7.2922366082567400269 -0.99834888599102244999 0.0087547977367332836807 0.056770197789150655954 0.044150487495073054145 0.7491867871050683636 0.66088568790761514915 -0.036745561560223516384 0.66230092219757008554 -0.74833632289355445089
-0.66657989453173971395 2.6340244791253049073 -3.5438889274075036084 0.74192608770415680031 0.012629077381632150198 0.67036272777396443967 -0.16147123260848958437 0.97376097864868027543 0.16036395324717325761 -0.65074781707198459113 -0.22722249638992017551 0.7244979059392993026
7.3138336752121846374 -1.4873905987737696677 -6.5411810760519637498 0.91342596006244469731 -0.0049159122320352188762 -0.40697524407645047084 -0.2496824792587902242 -0.79643392454732475638 -0.55077369525194741495 -0.32142133568779424069 0.60470557930057478035 -0.7287108393098040704
