1125 14.717824617146108679 14.977075390850430381 15.033177056927090831
-2.3996570085896666846 -6.901825811678048872 2.3772120475561901998 0.99453827915770010026 -0.0026813770421731577404 -0.10433801563716109395 -0.012177053883254414235 0.98986211139966095995 -0.1415087268481257099 0.10365968670928071838 0.14200637532387228035 0.98442310960210266391
-1.8569759207811511459 5.3652528000769894589 -1.8258195749704577704 -0.90802232521709269619 -0.00460546544856614299 -0.41889646285845905105 -0.33126319863569270163 -0.60420612437526100003 0.72470659752555199873 -0.25643741953348531126 0.79681475196901940805 0.54710702874998828893
1.412415067878151298 7.1075239470263360531 -6.787899535726084288 0.30723102397661311569 -0.0026391726675441956607 0.95163130080604685368 0.23212983510647630658 -0.96958193048577234752 -0.077631306370991304266 0.92288939616823462142 0.24475276268732154561 -0.29727301861619814805
0.12394734983739458256 1.6320849245571078523 -5.1592768179425423369 -0.24574704178834982926 -0.0028060690884292812698 0.96932993218435314908 0.3043761473869242562 -0.94964058842858067866 0.074417160056510028854 0.92030622748856660831 0.31332870724720962574 0.23422546586692902237
-3.7436777321565593013 -1.1671309345025049353 -1.0028034078859500156 0.3889924870212780883 0.00073563498981874322902 -0.92124063299563196949 -0.047621548413655574727 -0.99864665678795683235 -0.020905573730280600092 -0.92000925710980763217 0.052003016522720157955 -0.38843101460211626463
1.8672415439330058984 3.9983176176893566733 -1.4411286625113308713 0.98885568701926607194 0.0070353342042751634833 -0.14871090855196245073 -0.10033989830547999922 -0.70643208756539110915 -0.70063229333659571285 -0.10998333991001985055 0.70774586521624605062 -0.69785346256331826087
2.0678963748875096584 -1.1904975579915686446 -0.56302653620727560746 0.99438771846983142755 -0.0088963543742644791978 0.10542257934242388329 -0.10438345574324146836 0.079860806138822792999 0.99132554986243570649 -0.017238315563358929533 -0.99676632493367556265 0.078483972598406670507
-4.9686321688599486279 -5.2386646977776081258 -5.26941975857063305 -0.97418910156510474252 -0.001295767460003613078 0.22572973968573406545 0.21083081340947074089 -0.36253909382873295009 0.90780822510208125653 0.080659546917852278924 0.93196766383411988599 0.35345482180679971274
-3.7595196727619586419 6.8497997279693807471 0.71170511080790010983 0.93227956323514871162 -0.00259896773741834404 -0.36172926525345239224 -0.23976651309441027182 -0.75320167624581180199 -0.61253510438103442315 -0.27086312996170774925 0.65778452419255606376 -0.70281767519045268422
4.084073884292100054 3.5343743107138880788 -1.2673695277379941615 -0.95508226764754222682 -0.011846017829198494942 0.29610392413263103562 -0.23067610802342769505 0.65696720114273365887 -0.71776223765944113797 -0.18602794202040784377 -0.7538260863649760557 -0.63019031752588905437
-6.9468075426930990801 7.1827721699046405135 -1.0913784085742410657 -0.99998539106466965976 -0.003968873095654112601 -0.0036695644981295238996 0.0016595032548936822225 0.42067156390746840433 -0.90721148657227390633 0.0051442886974335695627 -0.90720432283255059147 -0.42065883198597753267
-5.8330761075472903343 6.9902592437593105146 1.4644188719512245545 0.87913073145415809861 -0.0070864244272661192081 0.47652800505492820538 0.28789320285335562311 0.80473162257494124106 -0.51915750921918435434 -0.37979818425536926441 0.59359649444434281484 0.7095044334037210465
3.6562656788924727813 5.3518216824366726669 2.3035842809028812539 0.98631035215251983139 -0.0045911377153674088822 0.16483570818013129622 0.11968510273035901093 0.7075642897126863673 -0.69643969739523658991 -0.11343441021657971191 0.70663406185802735138 0.69842747454616405101
0.081282155865104344095 5.4439034794714249443 -6.4261132429746670169 0.99518847682623978734 -0.0032595054278882714706 0.097924824313216807248 -0.075221027267590959142 -0.66584142746734753526 0.74229171524753156941 0.062782900930265284067 -0.74608616733768862161 -0.66288289935572308753
7.3362138759523505271 -0.63856084095814935608 6.7892783471268298712 0.77213121339181789438 0.005038079984750165087 -0.63544315800555972729 -0.39663444012624526902 -0.77744634692394098963 -0.48811709513221490653 -0.49648213483649339395 0.62892908614935283396 -0.59829231516332759266
2.3532873385914112596 3.0360103649569643025 -6.0855947483353691752 0.98773200329146271237 0.0032584379806860682555 0.15612454085036817086 -0.15202487934292890914 0.24857809874339437117 0.95660721557274575044 -0.035692096247966834111 -0.96860637588592313207 0.24602390708701682431
-1.2842336485687129155 -0.61079564539701758363 6.2324876092128622673 0.99698625578321786733 0.0065620076458510973386 -0.077300361157123520517 -0.0065698025754721660341 0.99997840683782390769 0.0001534673343121378819 0.077299699051709067077 0.00035484328881114912679 0.99700783879206167359
-6.0745521210579287441 -3.2893896594353728702 -5.5375325268889410424 -0.97140932685138936531 -0.0044887596684847416717 0.23736842827708959369 -0.19335182180112994721 -0.56521603697235822672 -0.80196378007713720049 0.13776426500474298065 -0.82493071380935123482 0.54818822014145074384
-1.0497405404752722102 -3.4343045259144133752 -4.4364717287200248208 -0.73985494039768073815 -0.0090613023630497536998 0.67270540355237939956 -0.62941779399271136075 0.36244112031833469745 -0.68736429563065015724 -0.23758768439142530227 -0.93196262108627303533 -0.2738571984148625571
4.9597019497969334623 -6.9790939094678901 -0.19136969870058972987 0.93873388747206998328 0.0091862882779891255614 0.34452039216731117355 0.11180089031062592775 -0.95370204055174245816 -0.27920060668457269415 0.32600498376128506095 0.30061275747219512455 -0.8962994592255372206
3.8349464039531491188 -6.796126332438262807 4.4730252144169009298 -0.99993654714646518222 -0.0043692383440452255833 0.010383228645032962362 -0.0087270731377061087908 0.88328209366091758881 -0.46876068650477131783 -0.0071231927708675993327 -0.46882155749737369765 -0.8832641775541721918
3.23877032839393042 6.7250828942550517908 -2.147720410462328644 -0.85229768764546964821 0.00045381930330728320611 0.5230568283484342551 -0.49440024623795497671 0.32575547167695012574 -0.8058857047946850205 -0.1707543503216190639 -0.94545394743505239976 -0.27741626687288845066
0.78097087322617353422 -1.531140357982295308 -7.214019518586719748 0.87785675374829108542 -0.012429999211584705221 -0.47876196070515203429 -0.46062774588778770957 0.25175228552045636476 -0.8511420953363986186 0.13110911340171499395 0.96771187956686322007 0.21527684159746998671
-2.1670512670220003493 7.113101430467848374 -5.2042681629033351598 -0.96846328258871350325 0.001076646727683562392 -0.24915399075553290587 0.086889146183029009052 0.93867260478476821639 -0.3336825097336349466 0.23351476731282289068 -0.34480803624392547535 -0.90916350102086185281
5.8604599841345148548 -4.7165988071827786854 0.7087542601688910926 -0.10723757689561785877 -0.0085919161430513275174 0.99419629906700557331 0.90215170835437197283 0.41944556636966517926 0.10093419621774477046 -0.41787844789474393181 0.90773982827121801886 -0.037229114350583528137
4.2206647448957248514 2.1393710696689138828 -5.2589811638015655504 -0.7363249189507580228 -0.008029620297617513433 -0.67658047483642558273 -0.61423086692847550516 0.42734488276427595732 0.6633979147445958624 0.28380637033794847701 0.90405302741211102102 -0.31959672680193318417
-6.8994254261160667951 -6.4855521125004864658 2.6575226839190859707 0.99745080084342696569 0.00011537803150875604557 -0.07135745640702294279 -0.053158328090479219086 0.66831272084324389038 -0.74197863804413366484 0.047603487809154694521 0.74388042980510937774 0.66661519192212914664
3.7898639919762180384 -1.4196937101440540996 7.4174080233899273296 -0.99676895452883007565 0.0095048676020010949839 0.079757813280378009324 0.07870696116273269427 0.31371234021260863134 0.9462503801124007019 -0.016027025673124275368 0.94947049721952470058 -0.31344682062176937309
-1.3480642961765527676 3.1210545285611872579 5.1003096137647876418 0.93891591247574923695 -0.0035075376539310978811 -0.34412876438853701178 -0.34394067196099747941 -0.044154027967023563861 -0.93795268323366798313 -0.011904766732993895401 0.99901857790230386147 -0.04266330431572108034
-6.0028191863208339996 5.392979479035747481 -0.60352675560089452667 -0.99869787712455559969 0.001939909435240848648 -0.050978299091341237881 0.023663898665351498773 -0.86765206856797316703 -0.49660840489213819993 -0.045194801988998785369 -0.49716810503190123072 0.86647637314134640096
2.100801621340099512 -5.7776319383498035975 -2.6201948586582082257 0.98776252492023985941 0.006480807203440742438 -0.15583065648675550885 -0.04224283436668610503 -0.95067408395352281936 -0.3073016905970293311 -0.15013572961743995582 0.31012382242762315254 -0.93876646587691092716
-6.0090675306862335603 -4.9930151113792780038 0.57193987024495784866 0.90496376969066583129 -0.0012876052085096204199 -0.42548668324668159624 -0.34154557116770456471 -0.59856009551551736525 -0.72461882039610792106 -0.25374632679732639362 0.80107687154814966046 -0.54211497628047122799
-4.3980704467013573833 5.9917619604157916768 -7.372074430711962556 0.94106264791297222772 0.0099696275950736674282 0.33808534311428006802 0.23000884298342205714 -0.75172676779674652003 -0.61806374972754263286 0.24798593680390962346 0.65939932749700591597 -0.70971508511803638175
5.522319256695515044 -2.6446407708438939288 -2.4246138560491901082 0.95223540376586857104 0.0066970547831739874953 -0.30529147592451233439 -0.21158280030790882487 -0.70640454421697196352 -0.67544454881474125241 -0.22018277505013852946 0.70777663804825996507 -0.6712464347796542885
4.0618005312530547357 -1.605584282572954713 -3.7469168729869033463 0.97378497319970358514 -0.0055602515586340257522 0.22740252763138152359 -0.048566696380272333933 -0.98173161304418776751 0.18396824713081288971 0.22222534052908451963 -0.19018970411744942628 -0.95626553554677073965
-6.5328167615494585618 6.3452234388667445586 -2.5668917789996292811 -0.97484520196826951466 0.001265123538887037366 0.22287941058262678018 0.20619856473540226771 0.38473277279711082244 0.89970153130736851832 -0.084610780047594244535 0.92302713556978499554 -0.37531576425919449536
-0.049236067079113501888 -6.3386075318336772 -6.0271431788176474953 0.81183933570820798753 0.00026896849594184191884 0.5838808274406822596 -0.46213948678661775915 -0.61087806066890848466 0.64284919673732188183 0.35685289371031825301 -0.79172465077777676168 -0.49581053800951041532
1.1610329197268702828 -5.2020535990407124061 -5.5349447512510350222 -0.99493302408253869729 0.0090243872161914883562 -0.10013410021205335076 0.0889155652947815206 0.54386145976444266736 -0.83445115784639689593 0.046928667552118434603 -0.83912649405098094224 -0.54190813533612747221
-7.0276499284156770386 7.3872655145106760344 -3.1134398246895340634 -0.99944311065368907077 -0.0051213514935618889568 0.03297332748974254879 -0.014043342169153328822 -0.83182501167560118915 -0.5548602837577257807 0.030269673067064670202 -0.55501434369728874785 0.83128985629718421535
2.1195667983208972274 -1.8517926827164252757 0.54501379823652051915 0.99230004760033962974 -0.011100120370069669132 -0.12335883778742194605 0.017596058586763999726 0.9985078993970611938 0.051694811769116000288 0.12260095535809324707 -0.053467393516097493078 0.99101475446936970748
-0.87364973698949988101 -0.79380405844715495878 -7.4990939820648252478 -0.88928212308030063493 -0.0027095761265286955055 0.45735102904342422869 -0.062694923773310373694 0.99126475445699269162 -0.11603246573368455885 -0.45304155670634949082 -0.13185918537741098122 -0.88168390204688518175
-0.88945501597699860863 -6.749793498213645826 -5.3248423913191711421 0.92714764672561711389 -0.0063918679249510036711 0.37464167573233358999 0.18354706291918279626 0.87942425059056950065 -0.43923053533075828714 -0.32666147135052342465 0.47599593642973803131 0.81652933299270957779
4.8929808924877500331 -2.9614983236724903293 1.5700609125655815568 -0.93279116365211023343 0.00230279795047154184 0.36040996397746161151 0.30318971524594123812 0.5456978281673056097 0.78121052022005232907 -0.19487596460749126437 0.83797886456348991135 -0.50972029679354768916
3.885923935212777014 6.1654358615744344618 0.44338085779333291647 -0.51784722652258174946 -0.011591020363018121261 -0.85539458627574649352 0.77375118197813708143 -0.43284075693882889668 -0.46255592907242448764 -0.3648881450120374792 -0.90139587717027480629 0.23311395121291333954
2.7344145053687829439 -6.0119305841127621548 3.5578038993447123062 0.96085203161642029901 -0.01042588941489182644 0.27686580534342669635 -0.26504369559824086933 0.25653644093823063654 0.92948420852336155473 -0.080716867891274357572 -0.96647832634813635178 0.24373024419866509693
3.3668507353500150003 0.68393698023683802134 -3.6634009507820608498 -0.98071409745970727911 0.0013345755801228219133 -0.19544328576827749155 -0.19466813766558943577 -0.095901948965355199306 0.97616962274108087794 -0.017440619876881318512 0.995389890993831572 0.094312192666930583229
-3.1466625757270278996 -5.042163585660276226 1.6594286386443675152 -0.98109679278411321413 0.0099346460782118607008 0.19326247953481023867 -0.18994463285295340449 -0.24045974483375842645 -0.95189292862424124131 0.037015127164658941095 -0.97060827006667904637 0.23780131715194055553
0.13743481031121390634 -7.0281904872643057303 -0.30247164972484613665 -0.97071907915495458941 -0.00015070152110277165725 0.24021749864156807797 -0.19850361581403264122 -0.56265447641035815085 -0.802506233423798232 0.13528038983290618935 -0.82669215398742224021 0.54614952042665543264
-1.3737654429131151979 -3.2270620027033101174 1.84336883750003655 0.94465182782328482869 0.0016475008365874456787 -0.32807043440563221637 0.2651712220960827926 0.58497711411710140439 0.76647635249324908013 0.19317646637770721774 -0.81104812539096082791 0.5521628302753055495
-4.0296119620422858887 0.02951311368989455175 1.7196884239634835367 0.96749049484812543742 0.0053355809719819544817 0.25285109047471510113 0.11293541525232722589 0.88544572071632610122 -0.45081200920891356665 -0.22629126001753605002 0.46471217677270015844 0.85605774244428045616
3.6092867858799948522 -4.8499788868527851093 3.9617432971078501147 -0.92535340667563004136 -0.0071574816517795125659 -0.37903804981820277131 0.064299551501404955678 0.98237269245815916907 -0.17552623960319604923 0.37361295538342365052 -0.18679578038310071242 -0.90858169473126104698
-1.294805495281034613 -4.5189617484556237059 6.4363720486631335049 -0.97449637023170632144 -0.0022717052312916513612 0.22439176402168961588 -0.19327728184798204092 0.51657693321789155405 -0.83414157334879879269 -0.11402068552186273021 -0.85623776570683585163 -0.50384141537846660608
-0.01577671123075920917 -4.9298584307990971354 -2.7367962813183828175 -0.99564379982365203148 -0.0012890040551825510812 0.093229621587477704003 0.093073299114935628684 0.045761833942525378949 0.99460706590398650917 -0.0055484110028751545962 0.99895154688445042535 -0.045442514373396671046
6.4743670326697406736 -3.6827126408081207742 3.5681586282072585981 -0.87703177324953396354 -0.012239768134973658814 -0.48027643788409790648 0.41349825029687520273 0.48975122282538657847 -0.76756949961721843145 0.24461084545071873353 -0.87177630606537892533 -0.42446626069793325087
-0.77254087190532227947 -1.4093870865148316884 -4.5428415236840411495 -0.050872128597491184099 -0.0094678437508849463272 0.99866029582976756362 0.7638824100682981566 -0.64452128716077417003 0.032802042390378545467 0.64334725469240439111 0.76452774333661444039 0.040020489106822786096
-2.3231310448182713735 -2.7510631589789573681 0.64424030197782089502 0.9703981343714889185 0.0031514358212991434513 0.24149022601441139102 -0.042860428830078831086 0.98628998980552995413 0.1593582117426867728 -0.23767718537700449621 -0.16499128601712070852 0.95722903794739389038
6.3859120186227764648 6.9212633482361933801 3.8007022343353766836 0.55476347820859139848 -0.0020796057505676913274 -0.83200550387952321163 0.21421302801256025816 0.966641595913368179 0.14041653634678255558 0.80395911704241096452 -0.2561243844109206691 0.5367029325749442803
6.6583185777889353218 -5.4337864909382105338 -5.1312964943376400129 -0.92201548301129032659 -0.0041934767588986815445 -0.38713029310581631437 0.11491421896515091605 -0.95784214925621180559 -0.26331186716124610481 -0.36970551979533516906 -0.28726439365325556752 0.88362718200145673464
-4.0745616996203226634 2.2296051862464669746 6.5753565800862059376 0.99243785169811493674 0.010691619296906471059 -0.12228164127794789728 -0.12266293716536851022 0.1234987335069724218 -0.98473441428039876211 0.004573222362943097502 0.99228713188226969066 0.12387628319516318098
3.5342379677722117748 -0.1017911272828761482 -1.5891107064541540872 0.94974780699902894288 -0.0022515885479885613257 0.31300804055083913946 0.31297464982140871248 -0.0094498355762630964483 -0.94971446718295926548 0.0050962407354426947359 0.99995281436500982331 -0.0082702704777328651248
-0.29242299237194946393 -3.5848651502013129111 5.9780778385934558727 0.78271681499732648213 0.0072138010906215308329 0.62233620222045715753 0.41184611947002364163 0.74368860569683337136 -0.52660234677991735186 -0.46662314708754842885 0.66848726153194648614 0.57912660081503819498
-2.3577070453459088029 -0.95274913858785215126 4.101357749987259993 -0.88360281235077064999 0.0075549842248194987865 -0.46817624055381396042 0.44463849859604359649 0.32695883622479404718 -0.8339031868153256033 0.14677423333816719264 -0.94500838177652701777 -0.29226098405382533452
-4.4201347646097062238 -6.9237795810085520642 4.5778943058454331094 0.99871057805070995173 -0.0056137060520164757532 0.050454609244811571278 0.041353900283000649685 -0.48650470518445027013 -0.87269870331340682057 0.029445478788221964017 0.87365992132970327066 -0.48564524669879455265
-4.6774558715453427027 3.526731855603202348 3.6543302112078088761 -0.99493695361098910546 -0.0057922180070497002527 0.10033398501978792183 0.03916935054859826959 -0.94174222666428586415 0.33404691361395572047 0.09255387791441956058 0.3362856356253102752 0.93720101950170842109
4.703217890774555876 1.2464191374240856103 -4.5424736932584837135 0.99518555555278020996 0.011149374957992405979 -0.097372488194432810227 -0.097917572571981165153 0.1559446384090969473 -0.9829005131411097107 0.0042259910950128683552 0.98770287090269548447 0.15628557134227094583
-5.6783919144896239928 -0.38350319322757292495 -7.4463587277958041 0.99173260141809427282 0.0014494981613290373879 0.12831346866048029542 -0.055330074574021941014 0.90703738182287985126 0.41739881507231302304 -0.11578009385141044274 -0.42104760649029776554 0.89961874309992562182
5.7576426318355284906 -2.2076250689341918587 3.7949100292687742986 -0.9703309699880444672 0.0030952324357071316768 0.24176068377284057331 0.1645953738101148256 -0.72398666139914369388 0.66988930207637609193 0.17710497339840455822 0.68980702638654545211 0.70199721847403850905
-6.4414263817754555674 3.8760080346354275349 -2.2989809893485211312 0.8565903676544919243 -0.0059378056165756230161 -0.51596287124757167497 0.17048068030675736506 -0.94052500885698331334 0.29385208074267044065 -0.48702082058542356391 -0.33967256318269534177 -0.804632381983954037
5.2378862571568198803 5.4213902298842180372 -2.4125427382038400204 0.86700838394518475738 0.0046817293783557945366 -0.49827155606033468604 0.46796750927661279196 0.3358686850444351224 0.81743417879849311625 0.17118081793880707275 -0.9418971853744525502 0.28901006860188294123
5.9370809579995729166 7.4807195961263044381 -4.9069572253815296747 0.92720084074668385199 0.0059536083037502792598 -0.37451722986633756429 0.34602630515721299886 0.36918923151974447627 0.86253411959710635237 0.14340291858194240127 -0.92933517413148003516 0.34025246077602644412
4.3503032266936907391 -5.1559715400758179271 -6.1722007942512080447 0.80169851143509818225 0.0050721326548392973999 0.59770709401264210392 -0.32303005777940391186 -0.83768261831028012487 0.44038552740971115274 0.50292253730942981793 -0.54613377889595371428 -0.66993045684984919852
-4.1032417926181885548 -1.280030349368649345 -6.8390466664690956478 0.94251772699545754985 0.0086723641016941237225 0.33404359655612969604 0.025966286062166509668 0.99473961155576384741 -0.099090146785998811652 -0.33314574331272961416 0.10206809150175924494 0.93733452854883625438
-0.82401638744044014562 -0.26959358542968542283 -4.1648658987868980574 0.14803004054067997464 0.0022372737884367574143 0.98898033433602761111 -0.98180560312234166354 0.12058920915905570193 0.14668333344953268793 -0.11893218561432281066 -0.99269997342618854219 0.020047393461758988842
-0.25233212791547532383 -4.1539998029460951656 -1.4088737601126188892 -0.97214947843086385593 0.0057090040991894346056 -0.23429212291226908516 -0.21718945922840066087 -0.39756822963193005904 0.8914977518689470859 -0.088057540203072423579 0.91755485397848224327 0.38773568259039309369
3.464479701175054327 -6.9360948369256840706 -6.5302427744581734714 0.10273549918441511608 0.0082782481466337886483 0.99467426216574095221 -0.27434217057088555736 -0.96094551219374191309 0.036333125949740911753 0.95612854295534877025 -0.27661379792497881036 -0.096452144319148502838
-4.8934385342629731497 1.7908368229003837069 -2.4897199283560476069 0.89269106003258269499 0.0025767286805033597433 0.45066177096259879553 0.43664669825283886073 0.2425609354754013347 -0.86631625488956331971 -0.11154520268809414718 0.97013275022054945573 0.21540685854139404731
3.8283741876232393331 -3.3028398776429388484 -5.5487695768878300129 -0.78820152226975037646 0.0024091949929405183546 0.6154125088679639477 -0.23862289403625736028 0.92056460925342509238 -0.30922469925929146894 -0.56727195835281540859 -0.39058289257173950393 -0.72501553727960610374
-2.4331521217074536523 -6.8410961295873216059 -4.9011228997443376798 0.97309308034683605904 0.0042039482254143892975 0.23037400851765160725 0.22744777199909704812 -0.17739734316606178832 -0.95749553192176861671 0.036842475403351018781 0.98413033153998463742 -0.17358030576435234948
0.0044217186220473700398 0.43563140731495747504 -3.6666338795957575947 0.31886748752863464107 0.0067716998328858591868 -0.94777511545650194869 0.8440176651647607331 -0.45699544992156432288 0.28069438833162885238 -0.43122813716991265087 -0.8894432544194792456 -0.15143642521068340079
-2.7897574424666209403 3.295460207956345311 1.337095353291787081 0.86930781209771368356 -0.016827942232987853216 -0.49398456270013024749 -0.22413194970711403098 -0.90418094473628141117 -0.36362300298011962507 -0.44053240169864088527 0.42681804031226427965 -0.7897832383113988497
6.3907285983465840218 -0.98676511875707451082 1.4917600844450007447 -0.99928735709511595786 0.007800393925720365898 0.03693144736413137702 -0.021797598011973944032 0.679531064681101582 -0.73332284626507915348 -0.0308162728231463727 -0.73360526578535945053 -0.67887677183806349746
3.2387305737990188526 -2.2474857214044172693 -7.1485304687529218626 0.99726895255947600738 -0.0089986226996421961322 0.073305259364134803257 0.0532197166136527261 -0.60063532522794471635 -0.79774987800181584863 0.051208378459970893548 0.79947247036892599148 -0.59851605751022440849
2.4696610729124932604 -7.3496779061549748491 -3.0716866229528605459 -0.95904161903738649464 -0.0080696567532320927219 -0.28315023149243945255 -0.13588588227162681776 0.89017587670823306034 0.43488151895210525044 0.24854416097260878526 0.45554559504696467975 -0.85481226645371555239
1.2896386099144472315 0.29239408032915126245 3.3441516720624635539 -0.96837685232030568105 -0.00015995001559009416892 -0.24949197643647880174 0.0049994156954144969296 -0.99981144647655306734 -0.01876372396831833822 -0.24944193258732028085 -0.019417670057131047878 0.96819506110942743504
-4.2947759158315834682 3.990336266525766451 -6.9698204501692231361 -0.71131763284061211294 -0.0016078453899072441859 0.70286886404447090904 0.67482183072039547689 0.27811510404479927727 0.68356966410544106605 -0.19657752158672767151 0.96054640894405562968 -0.19674316829687882313
0.30565432625667238176 -0.96455428856083580413 3.6478953777875648967 0.86140118509113372536 0.0052303286106852413251 0.50789825948328581884 -0.21492526072400042203 0.90976800167805638164 0.35514689274367644556 -0.46021204963182665848 -0.41508412013159723397 0.78479936454385168521
6.0587084435547220451 -2.8706970307320704983 6.3579459655458121503 -0.99549851662270927299 0.0050112733772364730783 0.094644548396816741143 -0.063256850045598278509 0.70850230858015283975 -0.70286773269154723121 -0.070578143390230302368 -0.70569070128192190605 -0.70499599984665917152
-4.3729307922734514946 5.7959819810878236979 -4.1558457837227695819 0.95537677858981462364 -0.0057496726298312001574 0.29533396722349247732 -0.20846267154142661404 -0.72147997024930887733 0.66031050809669311619 0.20928097263044317944 -0.69241143389878223591 -0.69048380191080216406
0.79891904838329141914 -6.8105589108556960909 -6.5200336548035240369 -0.76906098352581353517 -0.00014029556035585668411 -0.63917539371871712195 0.051291468624352846983 0.99676149471714325934 -0.061933092087359219169 0.63711410976732740785 -0.080414569365847371474 -0.76656317950255137283
4.3649145900811747723 -1.7160611534012630841 5.1657122862819608855 0.89015169943308647404 -0.005085189495465164064 -0.45563592137173075658 0.28738201711447058928 0.7822534325241730091 0.55271253246439033813 0.3536121155102577851 -0.62293957022482038255 0.69778561436346719926
-1.2776808517138629195 -5.2313006021264794043 4.4724806245499184598 0.99566301569334669797 -0.0098075512306989888478 -0.092514707584254687878 -0.03751613789985177444 0.86766138825209426777 -0.49573809086418901826 0.085133416339480155743 0.49705887707131091169 0.86353041298322696928
6.7690472817681532902 3.9528912720839448625 -3.6338497290006959162 0.9996760085596497758 0.0022435045455847651974 0.025354380243411328566 -0.024569299259805464641 -0.17520674174810757506 0.98422504905126750874 0.0066503717229336170233 -0.9845291079157889591 -0.17509485492891271874
2.5163825415137659469 -1.334705575871342198 -1.6204190057641199019 0.97538502083548672683 0.0023182170945965710485 -0.22049645575192544644 -0.087315115103499041371 -0.91415170240505061461 -0.3958569636427952676 -0.20248489278004841441 0.40536562614450211139 -0.89144746190466772617
4.4800193994754797799 3.7202884401568208084 -4.4347127317667398572 -0.992833137902254248 -0.0082276276286027266726 0.11922527595508651543 0.012353670569005369487 0.9852174242935505255 0.17086255789896917512 -0.11886861278918235685 0.17111087929152557496 -0.97805486547610154258
0.67007607143786251935 2.0481551222311682459 4.5229535388439376931 -0.57726554372590144215 0.00018947623678231342859 0.81655646230107103989 0.34256050719204644839 0.90780298165959705248 0.24196290087984725914 -0.74122654495048168055 0.41939684141470717771 -0.52410828887949179045
1.1694502350318785044 7.2192595986423926391 -1.3520174126632145128 -0.91687060070421100288 0.011843710992521029254 -0.39900880701348667712 0.34504730485207685264 0.52613109201753049948 -0.77725699188036512233 0.20072533217985072396 -0.85032099851905806887 -0.48648077094461189551
-0.079688326941068948761 -6.8059057035265864144 -2.0508779370088925376 0.99749161872166325349 -0.0020246923614683112573 0.070755714970146224574 -0.06042612135768261894 -0.54497235886331563126 0.83627376613910930914 0.036866711783922118117 -0.83845156610011384313 -0.54372770470751463634
0.35348641214827836166 -5.9324065714773954738 -4.650180134390371478 -0.99776133937694966303 8.3734615494458590479e-05 -0.066875276697359459233 -0.066451473061361454597 -0.11365052712527473622 0.99129599989722205766 -0.0075174046589537328253 0.9935207852243200799 0.11340166645392182887
7.1934467368166137291 1.0277496765453379979 1.8257979792166387778 0.8432703603990103769 -0.014318255969582867337 -0.53729888034361295013 -0.38605641433069953772 -0.71166452741005559179 -0.58693615102520668714 -0.37397265170950577673 0.70237353877558261761 -0.60565325707139405775
4.583788635588745386 -7.0935998954791452675 -6.3150546805917739945 -0.33543644569117647691 -0.0095122617485164234763 -0.94201481292941280365 -0.54459103523754093246 -0.8139780128991802588 0.20213955292210614156 -0.76870214988702689762 0.58081779534816735389 0.26785759904458206204
-3.3052700988001202376 3.558838912654411768 -6.0826540535948181443 0.94317657569599344658 0.0044730339034239358781 -0.33226185310088962588 0.2490871357957274157 0.65231030197207073851 0.71585394370793931085 0.21993986869019582775 -0.75793882464807327271 0.61412962170193918787
7.09364732067327175 -1.1875911037320066033 3.2391625262150425257 0.88743251075665396943 -0.010425222108864425768 -0.46081976259280410524 0.40306063170544664809 -0.46746506167515516905 0.78677731492603697472 -0.22361946699988161091 -0.88395007260417768347 -0.41064169676453643465
5.7778462895781981246 6.5563360237336505421 -4.5259929726824674745 -0.82786676249087398638 0.0018013440091720588077 0.56092190073364989189 -0.22510375829812989679 -0.91700524469684063789 -0.32928662165147842833 0.51377516635486331076 -0.39887107736505289513 0.75956365242074452837
6.3990897292849453493 -7.2124787146998077247 4.5977175921682844617 0.89740465737599472984 0.01130942195873041109 -0.4410634624346375654 0.40968243402761606031 0.34973539585810803354 0.84252326741352767669 0.16378395577433066399 -0.93678025697538547245 0.30922090157680570677
-3.0605117348367754104 -5.7128393955872871501 5.7392632671211991635 0.8805155909578920026 -0.0032439722971547065716 -0.47400608722227172143 0.020583370474038620995 0.99929503316424317383 0.031396839858676535429 0.47357007817213347955 -0.037402049902639449008 0.87996162855162451955
1.6189667044311246702 -0.077686266027119504907 -6.0639652263845764679 0.70269670387699301184 0.0052684535211304462862 -0.71147001746938409728 0.53231802641994474534 0.65959127539393203055 0.53063817067062901689 0.47207505876586169924 -0.75160600903790042437 0.46068812234466610667
5.4351049428554860654 5.9002393384218336791 1.30311758733501315 0.44928317331501044229 -0.0051036902091104903445 -0.89337482756241293202 -0.57149517054680087913 0.76697590715091890079 -0.29178969805616056243 0.68668617302056056406 0.64165560092339646303 0.34167263511448225932
1.2319231236992316258 -2.0446893220257433832 -0.37789994336160204202 0.62488356079096307738 0.0015127906252684363876 -0.78071649586616320704 -0.77739212085259745688 -0.090999396700053469811 -0.622399068312666226 -0.071986289593240201934 0.99584979854623312256 -0.055687995527147343688
-4.7184925700920050673 -3.0050081757277329331 6.8837289979159868025 0.99568812312298626832 0.0017301580695074556503 -0.092747873424919136109 -0.068500541526728506159 -0.66048986591280134384 -0.74770369320806862046 -0.062552676060547401926 0.7508329664974895401 -0.65752339816786864457
-2.3282638539910891495 5.2509757272810615447 1.1639120006496239679 -0.89661366872754744151 -0.0085237592162049503203 0.44273160558038049395 0.3180743422500050821 0.68320438781095949032 0.65731307402041283527 -0.30807895392770651144 0.7301774510382174066 -0.60985920353975286989
-4.9680260912250773231 -1.2564716482343447623 6.6576134833987881123 -0.77956474716191459517 -0.0023452109641848416927 0.62631725584386388483 0.21871887505669818097 -0.93805662569818426544 0.26872257195397225571 0.58689084051149320587 0.34647404948883353537 0.73178881813993879035
0.75706936346396480619 -4.5379178814357645777 7.1470424368271521232 0.98178671807765460766 0.0090909755524213233663 0.18976879187561285223 -0.17717495909913416607 0.40439605146735696506 0.89725852875624523275 -0.068584794777120261511 -0.91453878415361855581 0.3986413653953282954
-5.1181457227955426958 5.7580800054677414579 6.2163895650201528298 -0.78817150315553152762 -0.006095068824001095148 -0.61542548838142374645 -0.59178050010375327084 0.2821837268626949391 0.75509481788100230037 0.16906070303407763622 0.95934102092520934235 -0.22601611504422686183
1.9526691540571092798 5.1590365077958280082 3.0422851615027868277 0.99248853703261818993 -0.0068652741166222415806 0.12214488065430904873 -0.041730428733307928235 -0.95754093280568397528 0.28526116686200875261 0.11500032685388018872 -0.28821559640843785743 -0.95063489038149429078
1.6375231924365800662 -5.5133447919939886361 6.6262849414017779281 0.90467145765330125862 0.0078812154249298348174 -0.42603689998763139002 -0.37652385900606322178 0.4828891556088216741 -0.79059967555936605521 0.19949771253524622994 0.87564601857077339897 0.43982350193504005098
-0.31811656873870131079 -1.2966815813538328239 -1.0037435819640028178 -0.96377347597735130158 0.0055012144178715246395 0.26666537765955317107 0.2660316280309649728 -0.052066904511024136859 0.96255712056052422643 0.019179673864660171101 0.99862844646778303748 0.048717204516238198087
-1.3853293040665377589 -7.1733177243235735077 -0.90932217505893364606 0.97319239550011171769 0.0022352869907103275343 -0.2299816619492008607 0.14605433030232362057 -0.77844967339145387797 0.61047869626763406892 -0.17766455454244545198 -0.62770304244020813655 -0.75790777576858214815
-3.6098288279537418255 -3.531435051545150472 -5.9341265767542665799 0.88678435334678840096 -0.0018753149103673733868 -0.46217961211335367722 0.42330412984311038826 -0.39815544411835990246 0.8138094715452052208 -0.18554547775964738698 -0.91731604450866666145 -0.35228418949765660795
7.1169681719569855005 -0.1033506514824589495 -3.8242798775418633817 -0.9386013401648319876 -0.0076808877394891998669 0.34491814710791213194 -0.13924223411922415083 0.92314401622465080965 -0.35835279480720849676 -0.3156566560018232992 -0.38437758684939821174 -0.86753371476240659366
2.7133849007578789703 4.0563656442290509929 -0.30070996605211147701 -0.9811811605129771019 -0.00019008427165694181948 -0.19308934233248226109 -0.050792680450049670915 -0.96452693718890603058 0.25905190802171473852 -0.18628911365695929869 0.26398437700925136973 0.94636600468740728065
5.0667241643819140862 -6.3874682605531036828 -1.7468943417882636382 -0.81433897254309828284 -0.00255672212133225326 0.58038392549199546711 -0.48362994577697665521 -0.54984895115180887348 -0.6810052910697407258 0.32086463398957804083 -0.8352601954416204455 0.4465269225539451603
4.8234183466165436727 -7.4859335488830662797 6.6443945991405017892 0.50614217335116085117 0.0036510437610505091545 0.86244232864270564676 -0.74387188895574463121 -0.50418722886148437112 0.43869106564226034717 0.43643408800949223814 -0.86358665351684960054 -0.25247451097272433085
3.24280001473663404 -2.9115602574460153207 -3.9166805373693791559 -0.76271915148541868934 0.0046023671883444940839 0.6467134714644784399 -0.4850992528758194533 0.6572588555911828001 -0.57679243372832078585 -0.42771276672159080912 -0.75365085746871074424 -0.49907131175820063085
3.6497594621863220787 0.83719881435127063707 4.5022148479639918506 0.85603081031163807957 0.0012937798646056345928 -0.51692318378153601088 0.073730611924134881185 -0.99007811615457463894 0.11962073723754404475 -0.51163956909384511462 -0.14051209928548508143 -0.84763276322468317225
-7.2201547145338151878 2.9360516239401546201 -4.2606958385932820477 -0.99399952821557380211 0.0062731708057118095584 0.1092043279142265455 -0.015458389262553237295 0.98027824043599554038 -0.19701677474020259928 -0.10828654629533537856 -0.19752270415232947576 -0.97429913539715362614
7.1845175023367611189 -7.1285453262244535821 -6.0467261919138133308 -0.70902176027166097239 -0.00085028511238072115169 -0.70518608925347070482 -0.28420698869063765191 -0.91484428061886757799 0.2868559391026005434 -0.64537936985990129735 0.4038059177801805455 0.64840284524747182626
6.31654104068875899 6.3206019733567035956 5.9245728585185162274 0.98047769627136438508 -0.0012591593374190936799 0.19662629944188578235 0.18920917950907778504 0.27817368859233976286 -0.94171082895139979207 -0.053510499006578393644 0.96052996491147202285 0.272981341859402038
-0.74996692532732178726 1.9147358425949818628 3.1614288706801336737 0.95145369230187526455 0.0013339322087226003141 0.30778903819012787269 -0.096217641958688579495 0.95116294603045659084 0.29331078308576541414 -0.29236627162012179815 -0.30868636303428897971 0.90511584479320006391
2.8292942133040885899 -3.9792502631168953364 -1.6871502832502063285 -0.88362003498968433313 0.0035212015862302291358 0.46819145112269178188 -0.12411871388914874625 0.9624333747754313384 -0.24148818600675339696 -0.45145340692861068987 -0.27149512013606985628 -0.84998836528200738538
3.3691353062766244975 -4.4798345387016205166 -5.2909448453709986282 0.98927427420137858949 0.0015382083102522402414 -0.14606178253928225885 -0.079551762680260720839 -0.83296643355006183551 -0.54757505205531797898 -0.12250684657527657895 0.55332138445403145077 -0.82390989680178550181
7.1601329211859754409 1.7635207187991952527 0.58695781015019254934 0.98809184753918943844 -0.00024449779426828546075 -0.15386500917092807428 0.031630479294679755831 0.9789633928120125006 0.20156931391835522516 0.1505789281603605867 -0.20403581978359569549 0.96731348105940972992
6.4305408161152923796 -0.86833978980979797946 -4.5547230076097475759 -0.90940944701058656907 -0.003605594533668300683 0.4158863515144342049 0.40538676301541076707 0.21574961132274811382 0.88832070649399241802 -0.092930242977204882693 0.97644206428348689908 -0.19474307442903943111
-5.4959408770515469911 6.9926194388647102684 -5.9670008989476981398 -0.56614728492405341775 0.0001050935517949210668 0.82430409481479693934 0.098548140976340722896 0.99283642484446765764 0.06755810397176119364 -0.8183920305594311051 0.11948147328139561985 -0.56210200307352287119
-1.2932376555427385068 4.6218895572715528175 -6.6369628918996088629 -0.93620066938555401848 0.013273803433563493084 0.35121519441011062046 0.34147609727904670862 0.27090881626534185633 0.90000138236383042667 -0.083200851132600034399 0.96251349050917167638 -0.25815770172257646031
-5.8086465810007963384 -5.3923771143944243533 -2.6807731821441000974 -0.92004319267764500534 0.003699035290414278386 -0.39179949048655382526 0.22369393244893437389 -0.81601412604891832014 -0.5329934058449175005 -0.32168548023355031384 -0.57802012354813891992 0.74994079004966207602
6.3376022022144073986 -5.8604888343966594633 -7.1102097247828002224 0.97482865267226193051 0.0041220578515502957068 0.22291726395301236785 0.037643355048237368832 -0.98851828379384087953 -0.14633721476822136864 0.2197545807256882644 0.15104506362165315281 -0.96379111481979806708
-3.4275459704219062296 0.51311869902407003519 3.3925261545087592729 0.99994763279187892646 0.0083304652965482794275 0.0059443268699082519799 -0.0091684958258624882355 0.98728031421208928275 0.15872466680917074466 -0.0045464665713395788216 -0.15877085537760685097 0.98730499093461532301
3.5867821039171334796 1.1383278264105156641 -5.5717193627094392383 -0.98739747539503386342 0.0056617881094523682395 -0.15815868530956148086 -0.12251214648636006566 -0.65997955207109160192 0.74122720188302559929 -0.1001848269287232418 0.75126222785614527044 0.6523557813415463702
4.6881240636828067636 2.718530828378771691 6.0567109569763575294 -0.93146588952937425798 0.013027535453054808756 -0.36359535195490466641 0.29623966047430955184 -0.55301546949287649912 -0.77872713710490848449 -0.21121874965366163601 -0.83306912907725638728 0.51125577353527962288
-4.2257699262963441811 2.7289122107678802642 -1.4336753559426380633 0.90801997515848720255 0.0019522168458352999118 -0.41892232402035045613 -0.020648178415251652179 0.9989823089567561043 -0.040099864333332832511 0.41841770689271401418 0.045061460704290234869 0.907136201084418059
6.7179089804455180968 -2.6703320964919354807 -5.4152038825144934719 0.60860315599718106672 -0.0091540704519784410476 -0.79342195678251137281 -0.64911795205612821125 0.56933640604243140881 -0.50448185405752066224 0.45634206778348529454 0.8220536842256718213 0.34055786207671667754
