1125 14.717824617146108679 14.977075390850430381 15.033177056927090831
-5.4399166379224936918 -7.3387125089626605856 -0.016819565359188784481 0.99018523511875355947 0.008162170280428655833 -0.13952268320629043763 0.10083166787256057917 -0.73299783616398705988 0.67271624548024744339 -0.09677900033997928475 -0.68018199855283156818 -0.72662663998634957618
-1.2004265680531329696 5.1139535064002554776 -3.6670160352463834208 -0.98931789003597103704 0.0078381947996000733703 0.14556330292022492956 -0.068061230510615119971 -0.90787002346905165684 -0.41369033030476171087 0.12890997384278227167 -0.41917846221939591977 0.89870553322839230592
-0.62919286499660886935 -6.5812979592852842714 6.7814960286537564471 0.99893271913821146679 0.00072767735760703115139 0.046183255847526763493 -0.012982178344221698488 0.963992476849254043 0.26561243875883311372 -0.044327031035794030311 -0.26592851495026936792 0.9629730729651272414
-0.15291027071378929247 1.2433170827816497628 4.8253784608335470452 -0.99960870768153542443 0.0035473896577076849401 0.027746126826788466979 -0.011010328193532798943 0.86195177658159816136 -0.50687070098877007318 -0.025713891194094885134 -0.50697786033940739348 -0.86157544354823711874
-6.3813903042137747335 1.9001564610883689976 0.56198583280565705955 0.99996556881478626533 0.0010461788658127986647 -0.0082320528895529244962 0.0050262564791220647187 -0.86570368136524922242 0.50053159022834958769 -0.0066028729203393265318 -0.50055573274164377739 -0.86567913252469164131
3.7219554728768442509 6.3105741460294684231 -3.9586392230685776283 0.99974806784215897171 -0.00046269573270807471538 -0.022440738815885485913 -0.00518240993139390798 0.96801508289764393034 -0.25083847773017903249 0.021839035538414236504 0.25089158055890031784 0.96776881089000232894
-1.2765171170999356498 -3.6581028755190554413 -3.0830350596660758278 0.99858718180445327217 -0.0096340167945665362847 -0.052257306247508843178 -0.0085031626972629434369 -0.9997257663660101823 0.021819447474722260261 -0.052453184459928019201 -0.02134426818513947971 -0.9983952552249930612
-2.5644413417390601317 -2.4867482690413003077 -5.8891360623198449886 -0.8396227880086882811 0.0076333925400359700641 0.5431162906551013636 -0.071756549615648340668 0.98957876776989872614 -0.12483933661437740525 -0.53840929732296594068 -0.14379010291872657001 -0.83032513803851903944
-5.418539302113673628 5.7437928559862871936 0.94797779165066098361 0.99298531360331232509 -0.0047764488723661072817 0.11814123964282587098 -0.010043073936196479298 0.99216551983590939301 0.12452597285193989229 -0.11781045638686121757 -0.12483896340877279063 0.98515781963140702793
-4.3195039804612225254 4.8041023022891282679 -1.0246293812539681856 -0.89273279612722644671 -0.00096603294893006681765 0.45058542086838176965 0.40509658132451847878 0.43613868258026111668 0.80354203957001779646 -0.19729397993353531282 0.89987894537963342145 -0.38896396895406781802
-5.0380422598015828228 6.6538171589057668598 -3.8752043214724065656 -0.87641341512488291077 -0.00089066655918112590945 0.4815586490784140028 -0.1416051620122295851 -0.95531008898639369065 -0.25948142895469311631 0.46026894733476259036 -0.29560419583281055678 0.8371204546093733434
6.9418227960623859474 6.4915071361899796543 0.73242201082302782478 0.94238158679933548001 -0.011244924032413408654 -0.33435085844814604883 -0.27232096550686862857 0.55472858233050603705 -0.78620448465453085518 0.19431478741177521385 0.83195537838811584042 0.51970377309002602217
0.3786052376556732213 4.1105717640278900404 -0.92977334499653985223 -0.20030946953047434889 0.0042278356863990097791 -0.9797235537751609602 -0.63421831428998332036 0.76163630676971083577 0.1329558800111497463 0.74675514476682225418 0.6479909425414362989 -0.14988159376204385209
-6.5564332132496643268 5.4599198198452683073 6.1535373195710665328 0.89022549217591595561 0.0085443920883829117124 -0.45543997018720366876 0.26319140565282916899 -0.82569541276009617015 0.4989562799860636777 -0.37179141608001337049 -0.56405148586882158934 -0.73730391577592480079
-1.9219717420071362746 -1.6460142013483032297 -5.2911419250267783809 0.96237304015001623458 0.0043257138063252618954 -0.2716972944150277125 -0.23026494526722915412 -0.51790859991470761248 -0.82386208622281065228 -0.14427815695205181701 0.85542502321034985524 -0.49742521356688718104
-0.26960680956841792666 5.83421401714272303 6.3118275623325779122 0.99750568389097726829 0.008168493093250635273 0.070111955655073956994 -0.057215565282028320315 -0.48812806376145356779 0.87089458171347577942 0.041337509536094718676 -0.87273379050482013941 -0.48644315311891850317
-3.6546178190198825853 -0.34953547008979279909 -5.6410913720902309265 -0.93939913066203895031 -0.010769066568884216525 0.34265624248900228288 0.31066523176727689481 -0.44940129103103532149 0.83757124675493199728 0.14497029724192650457 0.89326508205847232613 0.4255127566745184331
-4.3225518781463199147 -4.1709982998549666178 4.5785105960730119179 -0.91361908573196959349 -0.0012006469996570499383 0.40656945855913939614 0.064640252240186449328 0.98684713585866223884 0.14817006525637535508 -0.40139980565099081522 0.16165175190673419792 -0.90152476789547975056
4.178567290778901544 -6.0435938793576529093 -4.8374902470178522407 -0.99554676800020758254 0.0039952656615999436809 0.094184237409983273537 0.071981046598485656784 0.67736068909421998097 0.73212104586634230152 -0.060871681879148487049 0.73564022097907233455 -0.67463182820195477518
-2.9610441557058662099 5.9478886935198520547 -3.0000888009048716221 0.98002763297331429992 0.0010368294005321816026 -0.19885865229699958845 0.17361028198109024201 -0.49213557910251420902 0.85303109074155869518 -0.096980970293379445413 -0.87051794741197174865 -0.48248647093456104029
-6.6258442962729713344 -4.0963902754830945341 7.0546798815856162079 0.86220606667641730425 0.0059208167764152087875 0.50652309178864796113 0.48306303525765559304 -0.31060610566019619672 -0.81864152783392885038 0.15248213847556252309 0.95052027387915893897 -0.27066659637018386508
4.429153364229137857 7.3900970966969952158 -5.5873776872425438 -0.99732510473459889955 -0.0038063304113905051251 -0.072994159455344542753 0.071357990955579736481 -0.26701729006448593484 -0.96104620280890706852 -0.015832643259783184958 -0.96368422144154286535 0.26657465887058312548
3.3955318089952815086 -1.8716362639637904586 -2.3060992921469085637 0.97180508506581808614 0.011043064430914567922 0.23552691431827876833 -0.12046166488441172049 -0.83544669310497954307 0.53620687264644184555 0.20269154874732014937 -0.54946052970888636935 -0.81056107873400062847
-5.7349018579531865214 5.4696855444342897812 -4.4036667240495273035 -0.98026270499018519633 -0.0042180083312232186446 0.19765433871063756155 0.042922785807138368053 -0.9804653776300512602 0.19195123788949211563 0.19298358392354014734 0.1966465145240675616 0.96129469189297378495
5.0941841906815783503 -1.9581527198980095417 -0.72713461677839330566 -0.97551552992438195222 0.0055125592396072318341 0.21986146221415148183 -0.014068336178125560171 -0.99920255049264949943 -0.037367700038284518138 0.2194801421393014762 -0.039545856667868521661 0.974815158082294686
0.29512187359877306569 5.8932862692339629263 5.1406624994460630163 -0.95051558008311221037 0.0034897735434637148361 0.31065729268719088907 -0.19518925773551462632 0.7712375280582672854 -0.60588268582229309889 -0.24170495585277798622 -0.63653789894644852154 -0.73239212005660370153
-5.665051586154528529 -6.4065894940542911229 3.9068477356641388987 0.89130113806637034646 0.0046267126767934414408 0.45338821644543364497 -0.44822026544001131176 0.1598765869034681486 0.87951013104403519272 -0.068416919914855420237 -0.98712616746286774294 0.14457197024128742857
6.8739956710687231123 7.2533098869363596961 -5.9353568652115544779 -0.76998297345032284955 -0.013641059600218066739 0.63791860146061407644 0.38340109143806622161 -0.80904675340192777622 0.44547385321011462311 0.51002923806449307342 0.58758597013783586682 0.62818222198391437949
3.3626528802513089289 4.2284746443215635026 6.4775323796973109935 -0.86643567870200421943 0.0090184409962137078443 0.49920725394803672215 -0.24617670886924053475 0.86213996749290267019 -0.44284501178355184514 -0.43438029730019911412 -0.50658991716508716685 -0.74476869774721610185
-5.6370349777346877573 5.6835178269025288245 -3.3427055453216452108 -0.9756236863689556893 -0.0021439265210140157764 0.21943980079935318517 -0.16770955603280457424 -0.63763389411561677278 -0.75186203647352023438 0.1415341916677426426 -0.77033656323326382687 0.62173117336591898763
3.9419622756674721487 6.0631346245853467991 -0.64398552453004187512 0.99966148872927607094 0.013451541747328620013 0.022270248675488695661 -0.025809208296627323548 0.62079186567232658156 0.78355047334692318195 -0.0032852273208401595005 -0.78386001016739770275 0.62092889427187891727
0.19339722845697496223 -6.8507305588980518252 -0.56545910487406181311 0.99943655787749208219 -0.001599894247740816719 -0.033526215363246840429 -0.023959184738120860997 0.66551855847377494602 -0.74599665266924874985 0.023505834273113188071 0.74637958751926958278 0.66510524512272506392
5.5214857110597197476 -5.5908360647045673986 -7.4813640595014465617 0.70958418074308793333 -0.011056713774284002497 -0.70453391651484265079 0.19412885162026696784 0.96424800644536223793 0.18038783505198013879 0.67735092781201489132 -0.26477071429191562091 0.68636155883445848502
5.9339256758927376723 -2.8350514626476526203 0.35331473235110194553 0.99986663189673496976 0.0087169675432682888067 -0.013810608112995673841 -4.681357399661904839e-05 0.8471678149325052587 0.53132540984880893831 0.016331449050575205101 -0.53125390146272699621 0.84705523784025826828
4.2210614312123846403 -0.27045819198446807707 -4.6963847789824768597 0.84735131200121793782 -0.017095743313502782812 -0.53075746778584131924 -0.52141785396761197724 -0.21611810595781971722 -0.82547948844353602471 -0.10059411321582299725 0.97621754739291122238 -0.19204198642110842377
-3.8236271212595429603 6.5987903218553256579 -6.5039606305912531781 -0.99345353438855343864 0.0034456937679946978911 0.11418494736677035906 -0.10351076526385326326 0.39570651527093697597 -0.91252499979264678487 -0.048328009323800748265 -0.91837055754554042242 -0.39275936977773062697
1.8991631856036077508 -4.1379029982434403223 -3.229624853014716912 0.89438143833076955147 -0.017295688353825160177 -0.44697058285056123772 -0.22130526775760714364 0.85127430380265856069 -0.47576889153019985557 0.38872332221276517661 0.52443581003731576384 0.75753630930688076184
4.5923782303857167975 6.9250680915498552537 7.4289116082816892828 -0.92261340988848195011 -0.016715101856694558613 0.38536359618393178916 -0.14350429043973919607 -0.91247171321129805222 -0.38314734922045712295 0.35803772778757098072 -0.40879821178567554707 0.83945994992109884691
-1.8705724231780329614 7.1256900693257909651 -5.3745642174848899941 -0.92045226663582302429 -0.0029762474542260461061 0.39084366029917327889 0.12765226795690309824 -0.94742522441965315583 0.2934115584276209554 0.36942187716806135223 0.31996341366566033448 0.87243962002243080622
-4.2168936186817242984 0.67435079421377119857 -0.86739264985189401536 -0.9593461061218573338 -0.017496817220584503366 0.28168938577119856381 -0.26031569028364032192 -0.3307669911713582156 -0.90709918914281206792 0.10904489928976954238 -0.94355024187304215033 0.31276532896136693962
0.72833789079908028974 -0.77493034700257112934 6.6420881024263023207 0.98185048170691657798 0.00082894320735363812014 -0.18965480332725301316 -0.18095958467783898604 0.30344207809146434007 -0.93550870330349766846 0.056773764056651486454 0.95284952542182754787 0.29808475576278770092
-6.4780714276088415815 -3.7116125911312725094 -2.4670171183711548935 0.5443780447965146374 0.0046884500784855559843 0.83882689679061128718 -0.78248315416651981202 -0.35750985754825570506 0.50981056795776025226 0.30227910577662647773 -0.93389759620192258627 -0.19095188404208979227
3.8245078424620269075 -1.8700938681187402324 2.2236391969887554509 -0.94918511778115688404 0.0045807253023076432291 -0.31468496808479984317 0.23799409309235464161 0.66470352713523284116 -0.70818643920018875537 0.20592820068165562652 -0.74709319229245185756 -0.63201688125745159041
3.5539664442186991167 3.3124001890307224194 3.4597954384999538568 -0.9622395095993996339 0.0019712844512519804574 0.27219706134261084651 0.23960481034693362212 0.48065169749610447969 0.84354222215175567179 -0.12916911792125745917 0.87690937942963942398 -0.46297438292383713554
2.5466741752093402518 -6.7281147924999311627 2.1202956774347350155 0.92678284315634840151 -0.011140663393125112626 -0.37543234710152556532 -0.33962771895953469681 -0.45170859604590629655 -0.82499233740230415446 -0.16039505648655655312 0.89209597570969545455 -0.42241945501744593283
-4.0050914555708736486 -1.6809578453123006359 -3.059910646658646538 0.94517216350987742768 -0.010305659819744926453 0.32640982629485643107 0.28523134742646788498 0.51279582544578594661 -0.80974287267667788281 -0.15903666172114364064 0.85844873742182381537 0.48761983701192007645
3.8543148259145931789 -3.7865427892578957803 -1.0357190377371698897 -0.98650195414849861653 -0.00057541943995052856429 0.16374847588184601732 0.16186779589296662607 -0.15458966692136763554 0.97462857106381228789 0.024753002118949738591 0.98797859479526251025 0.1525961503855629009
-1.1469821422624919549 3.4038330556145766081 -0.37775487261647350268 -0.94069388177097768011 0.0047310057311213682407 0.33922358170300798141 0.21225991217006084932 -0.77181094113255788169 0.59937767795732987963 0.26465213107812207705 0.63583448218288485254 0.72503362734634158038
-4.9797430355737626329 -3.2209145617397734185 1.4606462337560293108 0.99947481285990458222 -0.0005189542755516859257 0.032401067036466231486 -0.027291160410350429055 -0.55260116776623369184 0.83299888472128025274 0.017472579148458511344 -0.8334456671372788561 -0.55232511160366548619
5.0960529081675147722 0.57160981834696400483 1.3655844095465590193 0.99987544373321646241 0.015480641541831100666 0.0030735576778297135636 -0.014212195969100983872 0.96782576603104464308 -0.25121962521304586069 -0.0068637092801576392309 0.25114465223028020757 0.96792523117800133292
4.6206969637524579753 -2.9521354968286792619 -6.9855506129026476714 -0.5047935055492358547 0.0021055134671985609174 0.86323755917369338064 0.060937455194240236489 0.99758925253977692726 0.033201050760980767296 -0.86108660616089904849 0.069363174885672687631 -0.50370488052043516092
-5.0168729731273238315 -4.959601221967334439 -7.3407897687419954025 -0.73243108609578766455 0.00050463883182055510601 -0.6808409869128009273 -0.62894020027305086451 -0.38345074622842340029 0.67631335170724893313 -0.26072769051485389369 0.92356118939493703213 0.28116863417224685628
-3.7012542032782271839 -3.4673777565570609305 -4.9141141935210645997 -0.55347185265793785724 0.0043774144357621750864 0.83285637810988222274 0.4126071537042219628 0.87009107333285939934 0.26962355390181796944 -0.72348064592462990596 0.49287154751459277824 -0.48337707084955855441
-3.3894382949935280003 -2.0843283689278879756 3.7194904803753017219 -0.78443919529856764861 -6.5444989222963097925e-05 -0.62020572763892123369 -0.28624731932984465166 -0.8870832321426239675 0.36214059621653471588 -0.55019780175483357088 0.46160950485061180704 0.69584412333207157353
-4.5988089835519616599 -1.2276425801967099094 0.6593704365540082879 -0.77222957683173953924 0.0095374357101644553769 -0.63527200315017229304 -0.24277012081559803947 0.91958386992159379947 0.30891451021165244883 0.58713213939071473568 0.39277798245339851091 -0.70781445831113465328
-2.1549911262810672596 -1.5743728471114764034 0.5102381294884660301 -0.89993999991522155568 0.0019769322718285638196 0.43600927546472584284 0.30904361014011072495 -0.70251684859337659717 0.64106327649765471044 0.30757120083658401333 0.71166436554120049429 0.63161205437735690182
-3.2977599148964951148 -6.6575077087120293484 2.0317017861700348291 0.66488890217475249411 0.0036087446754887136761 -0.74693354773142817127 -0.71875607197305613205 -0.26902134967299939916 -0.64110624893371992439 -0.20325465988902341463 0.96312745282335077146 -0.17627550269794384219
-4.8507378946526875652 -4.4139426398697612086 -5.021401351208990782 -0.93987081899835545062 0.0003539985911901720201 0.34152996688491427113 0.27515829626472637637 0.59315833139681517494 0.75660498669472742161 -0.20231350818007026726 0.80508575231432388808 -0.55758961237479798267
-3.8008232206307019929 2.158103401567775137 -5.8609929222928371928 0.72531449047476526104 -0.0030833871867594212293 0.68841076591725802736 -0.68349490244381405635 -0.1225999157863154887 0.71958597747768782149 0.082180339745167002574 -0.99245138589900172565 -0.091030974875237993804
3.8525708796942375045 0.41720770804021500844 -1.6517219864042571587 0.99220804139111462572 -0.013552194954741705879 0.12385289908037577788 0.12439439551803262163 0.1637384651448100803 -0.97862952612088005555 -0.0070169054726779526987 0.98641069187425445275 0.16414843890105282331
0.53984026858508182833 -1.7174129321064603992 -6.2033937652563855281 0.62821423545008758804 -0.0042984025169367535979 -0.77802853296878349276 0.71598109336291515525 -0.38816318597603960416 0.58025892065497186589 -0.30449622054245234493 -0.92158063390497735323 -0.24077206417400490168
4.3432016871706347061 1.7247078542434937098 5.1124790146466940755 -0.98719293013078823762 -0.00029770890766512116739 0.15953065557788881357 0.15288788297615163447 0.2838005959008308432 0.94661635154131162917 -0.045556711237445111917 0.95888327398894368514 -0.2801204257555944821
-1.0118149748888454198 -2.071470202084165102 3.6809488462209851711 0.89439685122061729494 -0.0061366447059430957733 0.44723217026335737589 -0.44617498495025686989 0.057819783796617285621 0.8930760076312048712 -0.031339357545740735567 -0.99830817596248744294 0.048975815206614446706
-3.8973481309986182097 3.2481428454660483673 -5.5807093322709260264 -0.98695394198517882867 0.0056925741850427716284 -0.16090217835419481918 0.11440965510201996091 0.72794693392978249147 -0.67602048208738640955 0.11327995065068553748 -0.68560984238944155944 -0.71910138144717694608
1.2203946398237435211 3.639731396857315282 6.312310371213258442 -0.77167380294210452529 -0.011715950935360668408 -0.63591058989970383752 -0.41885592213219224877 0.76176242896761614531 0.4942445936054122857 0.47862225015953013818 0.64775052165706203944 -0.59273940593249918596
-5.5754715602719748802 -1.9664993292072703301 7.3186674998513137069 0.79574321208428411278 -0.0066365306855861207203 0.60559780125291784447 0.50824546942872106392 0.55111476234455281098 -0.66178475468337072396 -0.32936193348214642951 0.83440306518284790283 0.44191881786875886196
4.9625377214280774751 -2.6576934283579252138 6.1588564050650891346 0.94254899660398083761 -0.0053473292775398041307 0.33402514137489719426 0.32618326974964639842 -0.20122033716457887742 -0.92364216580160973802 0.072151670364048833828 0.97953140938966054563 -0.18791581754261563186
-6.0549827708136634286 5.4586296252347681346 -0.94830999283359496133 0.49312033393950410742 0.012889539384479802367 0.86986561952403673725 -0.7885166674096463213 0.42903593964005892758 0.44064682878063732296 -0.36752387877881431688 -0.90319545075893636898 0.22172996246724252511
1.4809450704628914774 5.8932468918844138628 -3.1146901682938343825 0.95107827722761273392 0.00018841327819274673872 0.30894995563388211179 0.30315715836099366154 -0.19330909530128520535 -0.93312771420008844281 0.059547022765388431254 0.98113788948035107751 -0.18390920016561806971
5.1718582720088779325 -7.4775170377669386568 -6.5573451237447102358 0.99980132767477070121 -0.004475910869576103443 0.019423475527672259128 0.018956085464542592883 0.51476580791054626918 -0.85712124569989300849 -0.0061621427722731783594 0.85731915249111412258 0.51474838393948985082
5.8527517660354719808 -3.9510303195811418142 -3.1813430860108846687 0.97128562900273973657 -0.010711697198714061757 -0.23767517000269589023 0.23790686688569362417 0.03477224190352504879 0.97066534597755227409 -0.0021329747616174541541 -0.9993378561507931801 0.036322165168653372525
-0.13437922806036009526 -5.364925972239102947 -5.4466601704213033486 0.69194040507481691105 0.0036972290602741448434 -0.72194515464968356255 0.56106861076368241825 -0.63205831091682285194 0.53451314821689066559 -0.45433521747778055078 -0.77491200926187486786 -0.43942108285927189426
-1.2646126167127453854 -1.2896175716222602059 -2.3795095258150040785 0.870224236560489528 -0.00016930975017950865638 0.49265581234446692571 -0.18872663786793375529 0.92360051556304179066 0.33368299898359449207 -0.45507365806172289657 -0.38335630813362342462 0.80370760028287369092
-1.7714130473744924554 -3.2732293744374785227 1.5508246001798500213 0.90404117216980828253 0.0036216725983369986962 -0.42743004399482870115 0.12573587545263684162 0.95346975669497824324 0.27401808825722229201 0.40853402385353665416 -0.30146692448021705779 0.86152054229623553638
-3.5615044474521875273 -7.3355894353110002726 -6.6258363909121822388 0.9702594095565088006 -0.0015380377701379073507 -0.2420626212510350872 -0.2377130946805993128 -0.19487080170193607498 -0.9515870192796610505 -0.04570736028801530848 0.98082771427197901204 -0.18944084071726771668
5.4103210043391118944 2.7080231807767041197 -2.951025886265839393 -0.99996236191357235068 -0.005015403233572494554 0.0070795823704499797821 0.0085598937702761664775 -0.70341227648780957349 0.71073053790065088275 0.0014152649138398222355 0.71076438783637596597 0.70342873271476302754
5.8282914976692863362 -1.9759856111503946163 -3.0772694295692537558 -0.93707426368709856312 -0.011702994947599647604 0.34893389666894042422 0.027750955946600729118 0.99377904611867784457 0.10785681220796883295 -0.34802544271845348156 0.11075309207812153445 -0.93091999861197816113
7.0024776925657672422 7.0263480345508959601 6.7812295428369173678 0.60121164191358078543 0.0098657122058925707936 -0.79902892898212030115 -0.074103745921589803114 -0.99492657644923077065 -0.068042209805891401553 -0.79564640165590327925 0.10011880541405925038 -0.59743035437994596037
3.3193376968593919507 0.2245218899162531867 -7.1028836914042372541 0.50509885373237584094 -0.0038877235611173904459 -0.86305274089353178901 0.71846077325049206852 0.55597949324744666555 0.41797239189766804968 0.47821466441189108831 -0.83118691561754687314 0.28361778161383027763
-0.68069088693089141451 3.3609949552541191764 2.1184509140389411463 0.93575228172156599271 0.005955128487915521858 -0.35260771928240630668 -0.24319013813020914916 0.73499141606730833409 -0.63296617210052641411 0.25539425202826354644 0.67805025975371369107 0.6892181231503193839
7.2286197815305159864 -1.5267622713719877225 1.5327882713784610758 -0.92948318526901740899 -0.011192467801490380355 -0.3686946391887973018 -0.36701149901049806568 0.12812420100753851848 0.9213505026374404494 0.036926520227181507117 0.99169497214650459416 -0.12319705484802889739
1.5465288484739829755 -0.63299640771819987162 -3.3838314495517511915 0.99898241362427653289 0.0011784221046128025116 -0.045086013249911294221 0.02469723569649739936 0.82216577660805156835 0.56871212605626997316 0.037738360038327624368 -0.56924691224094470243 0.8213000481466494751
2.0799026959652762159 -5.909477121128699828 -5.9496077388470922642 -0.95205020710124577121 0.002674773863788210311 0.30593013703045418561 -0.30155551821972514936 -0.17692416672098282282 -0.93688959256756154659 0.051620466773471804234 -0.98422085164606643026 0.16924728238652944623
2.9322166843782278001 0.86616221797779224811 5.7186362029888480052 0.85824720878260607471 0.0025347789680140522806 -0.51323026363652946014 0.28812664199897081163 0.82516064861860305424 0.48589396182884087017 0.42472905102815394773 -0.56489244893778900458 0.70746148612192416572
6.0119341511077406537 2.6493817760889126767 -4.93457325839296157 -0.83882052738461088115 0.003404676397767765917 0.54439740173586492755 0.54437780008995029224 -0.0052955040119800535908 0.83882344292848698419 0.0057387810030107766143 0.99998018271158561898 0.0025885472206352080904
2.956898642726344395 -0.73986470913787594217 -1.8493165381068727982 0.93946660730116693383 -0.013760966345091482643 -0.34236403077893079461 -0.15945424416129022616 -0.90196123790077675775 -0.40129822992817332228 -0.3032768335777509261 0.43159768434251638558 -0.84955670857539078433
-5.6154247248210911181 -5.8999396867722078142 -5.5095932578252124756 -0.93123278581795965181 -0.0034932965767921664475 0.36440814411437749687 0.21344070867807521386 -0.81572475897825558189 0.53762085289627803419 0.2953786764423383393 0.5784296970842182084 0.76037525146087892036
5.8710384138522382358 6.2292328298124015618 -5.9167466510100128474 0.99823789325374390202 0.0021699583432741535033 -0.059299239059873491697 0.056752332603081004359 -0.32674580503614675253 0.94340677951530149681 -0.017328624192332102438 -0.94510976620293951633 -0.32629319424643660197
1.5073494512410321455 -4.6300449012030187035 -6.7935992400254665569 -0.96755787149879524112 0.00064653280176769391263 0.25264866375271993748 0.25076236171692722898 -0.11953768939039068064 0.96063987985154530858 0.030822122685550925464 0.99282945303335923271 0.11549750621823133556
1.0132916246740104604 -2.5230715922636850479 -2.5277168541527954559 0.97907797931017515047 -0.0034872313562900195474 -0.20345552252886639488 -0.14076390802176613759 -0.73362453850334274907 -0.66481618414717358334 -0.14694159597771996872 0.67954608064735888551 -0.71876650704415412374
-0.77075957725296240231 -3.4690228652294408107 -4.1133848053333830208 0.998521382522113643 0.0092748149050410344518 -0.053563293911826320715 0.049355132131057348477 -0.56766559233190772016 0.82177846541200560981 -0.022784195806017940034 -0.8232069928583856111 -0.56728399178060129326
-1.1453171730528501904 3.9432176363366666649 -2.9315882024390758076 0.99984800602659751334 -0.0038753755840338129784 0.01699842076927942508 -0.0047490968867011122342 -0.99865319384539408265 0.051664731695970494973 0.016775306951817930273 -0.051737606115281886687 -0.99851980911257753881
-3.2521486394693686073 -0.5869982097693313694 0.31044747735072014683 0.99483915251074628294 -0.0016352969749136949708 0.1014513993761346905 0.061392946849852775282 -0.7863690501373947761 -0.61469880678524402295 0.080783455661731146114 0.61775484036135319688 -0.78221032369909360149
6.1826510142795534364 5.0602950921554743502 -3.345900215820444501 -0.99833105099967378582 2.741053519523709665e-05 0.057750427343625537757 0.051052314438891757686 -0.46703747550367491481 0.88276251487334700396 0.026995810788855236634 0.88423752223236928849 0.46625661440458954221
3.7178916423266499258 0.24075399590947699213 -0.032025605410859692146 -0.98244746687062822765 -0.012355536556924331601 0.18612983521168682821 -0.15988841433742040365 -0.45819457296665860868 -0.87435314848436607171 0.096086782650913402093 -0.88876604009172377463 0.44817659039661428277
-3.6743559194571613347 -5.4736255169291281319 -4.3447158143754212034 -0.66301252922563913561 0.0013838535753395255802 -0.74860702043141236217 -0.072521169277644167983 0.99517615730311514977 0.066068872717798377003 0.74508728756870179488 0.098094346854813926906 -0.65971390239909699638
0.31381552944826252016 -7.4150326599608282763 0.29864595090847395609 0.9979194974309445465 0.013528988837943321105 -0.063036839294600605088 -0.063377538708288397307 0.38526373811281861004 -0.92062757925367721956 0.011830648101815319229 0.92270733093236412259 0.38531962992968971093
0.314652704223693791 -4.9824876418944477052 3.6468036858200112427 -0.9999310450499085956 0.01174274762531267273 0.00011412140789711003709 -0.01151243064253001068 -0.97830875890880741874 -0.20683190320433161857 -0.0023171288673193308344 -0.20681895493551144538 0.97837648724469095107
-4.0113778393504553321 -0.79192567878647623925 -0.7471865821586550771 0.99744974081232995466 -0.007866068763261072766 0.070937574779651638157 0.018951633095007257984 0.98741899775569019759 -0.15698585437575451884 -0.068810247466755639079 0.157929882648190828 0.98504989823369937252
4.7258977845576746191 -3.9014602915867815369 5.9251831445308473789 -0.98862957498074965912 0.0057043831208225216287 0.15026318074160885385 0.15011472023899763428 -0.020924147486459800105 0.98844714113576948034 0.0087826101433052371908 0.99976479237125592814 0.019829919160023343205
0.18541933611904337642 1.9509793616957185058 -7.0207535778760608025 0.9023455122287307173 -0.0012459067996761080677 -0.43101162893461786307 0.41934048005333207643 0.23368966078684894061 0.87723583159261975251 0.099630007273461773654 -0.97231043918993143027 0.21139127582073896638
-6.1007686049670963868 -2.5583892121363409622 -0.71504895572609028509 0.73102756195225482294 -0.0075598874828389298064 -0.68230605432410762479 -0.47573108405970077062 0.71118861883474404628 -0.5175815724108657756 0.48916115884797267688 0.70296059387502518589 0.51630200864735775745
6.1063233347134984186 -4.7876353472085231289 -2.7283873596423808827 0.99510477736498170742 -0.013801330054445606552 0.09785706593884445359 0.036471914861488353987 0.97158764008711095972 -0.23385306723748724989 -0.091849232396195190642 0.23627733898700131743 0.96733486321414241527
6.1035134234759107486 5.6739619322866374773 1.233676616268770232 0.97177352125959715057 -0.0089311994703004278506 -0.23574659500133685053 -0.10464726835997541221 0.87927394926557222998 -0.46467867539593321613 0.21143597755227308554 0.47623266983576734157 0.85352051620188129633
-4.4942514594572919862 -3.0222035003623446414 3.2350466020685093582 0.97729526720563630882 -0.00047123713147613922186 0.21188142588013769707 0.10525459940012529825 -0.86680574085394257455 -0.48741078868617654374 0.18388972239510073536 0.49864575156936574718 -0.84707554824783792835
0.48094103338158999961 -1.6063718688468162643 -3.1355730349893340403 0.94621246151243321165 0.013201337567275924639 -0.32327651069161572606 0.2746168615088666054 -0.56108697468455104307 0.78087578155198167362 -0.17107763458018737657 -0.82765157616341833435 -0.53453279732936953561
6.2977060048091093591 6.1385529681959054571 3.4798004598857512626 -0.92968653486732777402 0.0033984566214059156591 0.36833598436605657911 0.33805520558243845608 -0.38926682229391212919 0.8568488892680103941 0.14629294195202069417 0.9211187716867940134 0.36074725720548750374
-1.4193189422329026694 -2.7440688580921217543 2.4660233534952498147 0.99136177214394116675 0.0061941114875579961208 -0.13100942605142137931 -0.12277778725475362032 -0.3074549027623906805 -0.94360855110800401224 -0.04612430691373613223 0.95154249287677139524 -0.30403853795435442642
-3.0356674154610376881 -2.8976977862583424006 4.6973538384172961457 0.80648720831512454854 -0.0074636493668230347726 0.59120442890946511838 -0.55268690776747475546 0.34569651441474874565 0.75830805211593133031 -0.21003705579365586353 -0.93831669166624898093 0.27467475554549075634
1.7863105968412560376 3.2319756013683571538 -4.0457309611573881725 -0.95995328363551546413 -0.0075744567375144846236 -0.28005770984312050587 0.18266613270115428236 -0.7748582998061444016 -0.60516749680202375217 -0.21242122587313944093 -0.63208958449468333196 0.74521136597068138308
2.1500907359472920533 -3.1799728387726666767 5.8759305264189594098 -0.96543671822924026493 0.0032130074717511055565 0.2606177654681759992 0.23331408266611253222 -0.43504382310793743294 0.86965591517864060389 0.1161743600124727771 0.90040354761558483165 0.41925764097641893269
2.5563906800615949777 -2.8032736964203843755 7.4516989384300424959 0.89315911399334646514 0.0032376202359850683732 0.44972915727796225482 -0.30676525819532612926 0.73563174895637906126 0.6039379159248667861 -0.32887972490720601693 -0.67737393494479403167 0.65802939053085207632
-4.4091497449491114935 -4.03272546190577863 -7.2702030841701299479 -0.83833364602528037679 -0.0076945169281905480621 -0.54510319422208253215 -0.51673386626463646554 0.32986604668586949618 0.79004715219975851781 0.17373200452717024733 0.94399639069913088285 -0.28051382309946154558
0.21017075048301661622 6.5989299643603471779 -0.21931318636832425328 0.55846409658971218892 0.00079546373506008067125 -0.82952831178786168298 0.48702653145563395976 0.80919067829359936361 0.32865727410355238813 0.67150801222227263221 -0.58754558410419621683 0.45151652917829021572
7.2182658790986815589 -4.9219338676096633378 5.0492688643895711209 0.94863408684867356335 -0.0031829323466624165166 0.31635934980752000723 0.25135840825210414851 -0.59965839745192905941 -0.75975572190429652153 0.19212579178731162277 0.80024975808000209376 -0.56805633947969058628
-1.0810663785567682371 0.35272352995685646304 2.8983704931907952052 -0.99219938372713745167 0.0070987486526421185104 -0.1244587911677228903 0.050565576486507210485 -0.88963881377445608312 -0.45385669930111643966 -0.11394518597091979339 -0.45660966787126516797 0.88234013044895087674
-6.6239038691466936015 -7.0933814290505647904 2.6061483860484746522 -0.99999483004033884459 0.0032126798013022194248 0.00013631255923915593879 -0.0003825798847563940952 -0.076779434476192759407 -0.99704802897055244681 -0.0031927300624549591335 -0.99704292642287817294 0.07678026663633992499
-1.3225433757762705689 -3.940766565605427374 -5.9800212502250751356 0.96608727841290120697 0.0014379705827069775084 -0.25821174010739328386 -0.24434537563585248532 -0.3182412006478125277 -0.91597918951012635702 -0.08349076532206566037 0.94800868690688633311 -0.30709741395056272539
-1.323830817208148547 0.44391782828677051054 -2.9472870609832360067 -0.99135512493462540906 -0.0043398799880384275954 -0.1311342125745949827 -0.054123790599618512576 -0.8969280352322450689 0.43885158642252869443 -0.11952251485381408524 0.44215524994747085197 0.88893931366926393078
4.8197968653069702683 0.6685340741352292504 -4.8559725906739972245 0.97487044915261689138 0.0044375013741671208434 -0.22272834563768256766 -0.17169033331358449224 -0.62210821035559793479 -0.76387420695740448906 -0.14195082534326231016 0.78291869513365586197 -0.60571303436092138739
6.45715365437805211 5.7854828986079649411 -2.2598531669887704787 -0.76811298785871318096 0.0057866830930771075842 0.64028817901132328849 -0.64009945819282521029 0.018963771797907810063 -0.76805797891849969528 -0.016586787032728155661 -0.99980342550819822911 -0.01086226670412729356
-7.0874768272940080749 5.3665596843990286402 -6.380656173671936493 0.92861860048516886579 0.0031719905163276763266 0.37102214665564098306 -0.26626849532977503454 -0.69069602306452604346 0.67233926861189263757 0.25839617494770700246 -0.72313825939371156881 -0.6405485731569803276
1.3087958326787472174 -4.3342942306108396266 -4.6418106204522482372 -0.97673125305251751183 -0.0059215937732658811832 -0.21438515349165862545 -0.053740526049366479922 0.97448516584157063303 0.21792342098694611474 0.20762469788150925143 0.22437378697580107056 -0.95212834667799173261
3.8243132636592900298 -0.15399055734904482096 4.8222901354352272207 0.95261905204010743908 -0.0013877285635442466061 0.30416281150008805945 0.0047022251116631552659 -0.99980289947012357388 -0.019288631114774638237 0.30412962823307154725 0.019804959498026374065 -0.95242476490806959877
-6.8465049732984173403 4.2353044029005220139 -2.4939660296619616808 -0.80073585778101619148 -0.0024815553902122369605 -0.59901246059365698127 -0.037830276441225621498 -0.99778574339752135192 0.054703568960115384057 -0.59782184323426279526 0.066463916190911104254 0.79886894519466367104
4.1920884626263639205 6.3210391754515411478 5.2329481364398633403 -0.81173723865462532601 0.0079152608330266636255 0.58396918071711112486 0.55543923267145300926 0.31944888925452402662 0.76774974175409116395 -0.1804713666785146553 0.94757044899050213438 -0.26370500565825949479
-2.2881698671028489755 6.1994743330857380315 6.6967606693638694892 0.91797048967632699501 0.0024758287659887383801 0.39664095899864715289 0.10030791365908342527 -0.96892558118560545566 -0.22610073105021954998 0.38375578502588292285 0.24734002586721703931 -0.88969343543903578464
3.3058281244572014224 5.4267316817339548152 4.8913915630288666847 0.97157024762876187385 0.003492728184027208034 -0.23672569520952924105 -0.2096009103017962838 0.47762035542747982575 -0.85319766436730659631 0.11008502315590976139 0.87855938725349114193 0.4647738060020472628
1.2537075313205556792 -6.1920314948734667126 -4.1382668103143807059 -0.91236837309923501937 -0.011952949053667706603 0.40919564853172829544 0.40120334047123490384 -0.2247735399174048132 0.88798239585460525536 0.081362346101068988569 0.97433771494374865618 0.20987183201902379071
5.1956890878555137547 -7.4858217014369143882 -3.0436644872247424765 0.99657153043595880781 -0.00067826536843149532602 0.082732851278355223901 -0.075197839244759437372 0.40958975816713372176 0.90916528474064639553 -0.03450318387440685225 -0.91226957088386806394 0.4081344880572583822
-3.7069549891259474528 1.2810243559806226976 -3.0968968276083241875 0.99945547273225665563 -0.0043919718581774576383 -0.032702730902350686526 -0.016808301214926265471 -0.9206399475340363292 -0.39005072492527104178 -0.028394348655067132292 0.39038800902138104387 -0.92021245556486264139
-7.2524363803457143618 -1.255282249662301286 -1.6999888355935881545 -0.86361311968877918499 -0.0057813857861150541248 0.50412196448853574537 -0.44740384820735323856 0.46969522419701104088 -0.76106254209213253237 -0.23238368296991823714 -0.88280970313254980564 -0.40822157212034382301
-5.74634396751039489 -6.435365771567131965 7.0030579580102880755 -0.95259851560941843918 0.0053923307292639797994 0.30418249592640117518 -0.28472269984038223178 0.33646487220341392277 -0.89762150930602513377 -0.10718699666627366784 -0.94168057882831324168 -0.31898061885198497611
-5.2044256163903925838 5.0878770075483563673 -2.6039106796299016366 -0.89483364659403497043 0.017879000208545180184 0.4460415746036232032 0.40180360870469938872 0.46759658219405508817 0.78734191832541600142 -0.19449062947915160549 0.88376115419951084551 -0.42560500158341157961
-5.8247337222332342677 -6.0327257038536199474 -3.9609887550778442034 -0.7005697027848472036 -0.0027271467454943222608 -0.71357876524645769134 -0.70843264575783826409 0.12259801188563775043 0.6950488572080367744 0.085587837714084638585 0.99245266393533804195 -0.087820452532977003046
-4.780698467654690198 -6.9790258954781618783 6.0563230114695993933 0.97507180357497658107 0.0010140217947736400624 0.22188724531361114778 0.061862793792656661784 -0.96158151720293372211 -0.2674583715608752077 0.21309146537863604687 0.27451768164111539638 -0.93767375448451673048
0.15488695869223470525 0.34725147586399979227 2.1309954421154388982 0.8018815211587313474 0.014204231021603527449 0.59731421031592135673 0.59587906891090880457 -0.09221733296858211637 -0.79776193111362581067 0.043751128649785211988 0.99563758633416199473 -0.082411379193778028229
2.0414935786985779487 0.12538788840476658426 6.6547589554255344169 -0.97016260783064733886 -0.0081422060528583313499 -0.24231842449093232705 -0.13001532237562463123 0.8610574543626713373 0.49160561045826389748 0.204647331560241591 0.50844248914407508266 -0.83642435696127825917
7.0481346237658728526 6.212192158409509446 4.2569283415017089567 -0.82379553104037805955 -4.4059606097414383274e-05 0.56688704438944048647 0.56687594511636396621 0.0061941155347666095043 0.82377988308837901688 -0.0035476592652616042306 0.99998081531169979996 -0.005077708365439464501
-4.081375109905020615 4.8214824154257698297 0.51131815508099920375 0.96935308219028082366 0.010292280133732092245 0.24545604701844711548 -0.21194503062642205959 0.54027947212237625862 0.81435704454245505524 -0.12423327268104503163 -0.84142270053335799229 0.5259029691740930712
-4.9500550001553831336 -3.2316291578174056731 -2.4254034655649223673 0.62801291948046600311 0.013557539540527113048 -0.77808480648793254542 -0.60227658759085211937 -0.62470430387601383337 -0.49699843536862603477 -0.49281100333258920365 0.78074370048091090712 -0.38415698503857081958
