1125 14.717824617146108679 14.977075390850430381 15.033177056927090831
6.3485946596480173909 4.8131135755636016427 2.5967954897853839924 0.99713497581223675681 0.011315596033305896917 -0.074791692709233581482 -0.01885703240350181456 0.99471688723869389204 -0.1009094969324433877 0.073254708659844625096 0.10203073815594522478 0.99208037785779989992
-1.6158774270352698199 1.8227944383502860948 -4.948440130520941338 -0.95215600168761216349 0.0095740407571548377663 0.30546241371701404743 -0.093231588415603028341 -0.96096381664129459921 -0.26049263718516413313 0.29104435980063658729 -0.27650837392344995713 0.91588006844703950815
-1.609247428421899162 5.6915493279890689848 7.1029832300123940669 0.90725986635424504811 -0.0016992370678329572764 -0.42056705469654975804 -0.117899979824698381 0.95886724861721539526 -0.25821153011931091692 0.40370673719931510215 0.28384980557084499297 0.86974143181597485253
0.46399947160997218054 2.5553230989825377328 5.9181260788795544414 -0.98589178520732045907 -0.0051366523311147270145 -0.16730511846192064329 -0.14424760443927994724 0.5331217100559689781 0.83365092867488921335 0.08491181586940838022 0.84602296485964534334 -0.52634126425338179089
0.65877578991065488534 -1.9724199366452477289 -2.6938213899283898201 -0.99339443851900000038 -0.0071343530475322224776 -0.11452768454035928969 -0.0094764907561527989693 0.99975668533467065835 0.019918992234822133908 0.11435770915219270472 0.020872736650891798166 -0.99322033971429712906
-3.6119998366226053754 -6.2213207286380995953 -0.20929985267425704754 0.93322135058157740239 0.00034103851795610606173 -0.35930181534676935984 -0.20122464615299862079 0.82895907821118308689 -0.52185772815186104445 0.29766852806330951209 0.55930915453261220716 0.77367093590019542226
4.9155725099421649915 -0.86688846785308193432 -2.337451644035540621 0.92842049136451043623 -0.0062664030015224039816 -0.37147829466589293856 0.37147702176478836211 0.032722748248159988504 0.92786531568320573804 0.0063414127167961227213 -0.99944482285949087785 0.032708294731483435192
-5.1288668993810064833 -4.5793624970311395117 4.8829707187235378285 -0.60122744822920215491 -0.00037797790643951095085 -0.79907785141914955407 -0.11558120483018861913 -0.98944262935001048298 0.087431506420587293271 -0.79067473754113659634 0.14492460232018516963 0.59483638007137773496
0.13629725694144984027 3.9359373056700062143 -0.44636870587032051461 0.92196206002294955884 0.0033408747317892769323 -0.38726579817269957129 -0.3856090008427306981 -0.084877674015197648871 -0.91874995451588514772 -0.035939648682403610436 0.99638577820528384521 -0.076965723817743289525
-3.9926952097303876066 5.5040740451052689863 -1.5805851683777822902 -0.91488275939573238116 -0.0011393172295176587187 0.40371801856828781752 0.36620574707605751952 -0.42329988465240053763 0.82868000969121280441 0.16994966127920829724 0.90598891252026647614 0.38768699103989179289
-1.8311080638822978539 4.3798107672123691714 -6.3977229317812236431 -0.93469032460396983542 0.0016165995653026239698 -0.35545939809995280578 -0.11559116430624934158 -0.94702304353608635079 0.29964318404736206558 -0.3361438380010319249 0.32116155065254048395 0.8853601405961355475
-6.4759871883878865617 1.9856588916308450798 1.9808666837411894601 0.99944240390597260948 -0.0048221719610492767144 0.033039793162342991073 -0.022323130989299760224 0.63936153365407399907 0.76858214076716013796 -0.024830608076891563102 -0.76889113399814834615 0.63889738218387237545
0.22118172740225694461 5.9406677189808663186 2.3738553897372849377 -0.44158970551001219818 -0.0071400363401292405233 -0.89718869356933572679 -0.40390122285080370945 -0.89133206016363497604 0.20589065229932193568 -0.80116311333414280682 0.45329480297667729127 0.39071919255031101192
-4.0720728696366697008 -7.2369861639052119884 -7.4148530149968294722 0.9191495540433304301 0.0054436277656557873969 -0.39387112640918492401 0.076054322671642304865 0.97863761800391757539 0.19100825278178146238 0.38649687877785449119 -0.20552075210198911259 0.89910031873566886862
1.0512362514851500972 -3.112423197723226842 -2.7745309613356377021 0.99632861973389508226 0.0019266870698610657781 -0.085589540109102940635 -0.0088549694910472747517 -0.99206537190080690269 -0.12541087429158842559 -0.085152046449129867312 0.12570833604900069624 -0.98840606191651025902
-5.4201055877494113133 5.9272671656855084876 -7.3001384204270554079 0.75091078780179465468 -0.0031789973127293591482 -0.66039600448443780412 -0.65866534237038665278 0.068902405395285748479 -0.7492745993897975687 0.047884815160366751841 0.99761834010138572548 0.04964566416345661537
-0.35450824921969903425 -1.7779237643915037914 6.2471488877635517056 -0.73355317912523043677 -0.0031592088719047391014 0.67962471467315310747 0.38813692455204745757 -0.82281995802922047734 0.41511088213642743927 0.55789735722133892981 0.5682933538834543663 0.60480840167562099907
-6.7229087246287360102 -2.3615824112075749497 6.3896401573630159376 -0.96368581863349356276 -0.00017231660567132249789 0.26703859884230812805 0.0029240242837419269835 0.99993303158847302026 0.011197429189871771146 -0.26702264519452706404 0.011571631063084147906 -0.96362077826706371564
-0.63792322657123301521 -6.4613973132699635826 6.6682530843962233291 -0.99981028935815285941 -0.0046227354178590175648 0.018921300447286504981 0.0079649616582084005467 -0.98352751818757144786 0.18058289053394352419 0.017774832745866182143 0.18069933947046254441 0.98337775246127667739
-6.2596539116297567062 4.1833560859450802383 -5.4908019164193069273 0.92966076213217496704 0.012898014607542543364 -0.36819085889097408204 -0.35557903553858977164 0.292932999689903939 -0.88755496008867540425 0.096407555913106957046 0.95604597112905409517 0.27691457934005175856
-7.2371229866401316499 -5.8781667053321511318 -2.7519125295833197775 -0.52500411274338443235 -0.0073683599308117433274 -0.85106779334815474414 -0.81527266265312936522 -0.28272068549202766796 0.50537065558394100862 -0.24433822282438133477 0.95917397862265452169 0.14242230022077076446
-5.5383867035381157962 -5.8086631058701279073 5.6925009493409497452 -0.99970339600138302671 0.00073162843202527905878 0.024343063546186777951 0.0077751268434421861447 -0.9376535304241478963 0.34748439430528116345 0.023079588937990332814 0.34757059945128132572 0.93736973013396163168
2.5903775468449210528 -2.7173899522286890651 -1.8436089908872181908 -0.9966090973745178605 0.0099810419560557792074 0.081674266644421858463 -0.073802641178268194033 0.33043550829745038655 -0.94093865103487861479 -0.036379625967494243211 -0.94377579628728214267 -0.32857840640673829924
0.69133048337087510404 5.4175304741394958441 -2.8372124050334726064 -0.92703409555459648228 0.0054653812732836596494 -0.37493721512664157647 -0.10644927808600650188 0.95492159097193185513 0.27711605202623834643 0.35955018686456979848 0.29680782453162951606 -0.88466308752118316683
-1.5267290657533019171 -3.7175053743814974183 -2.9936647746215454546 -0.99923987214045395522 -0.004160453214599720527 0.038760399297393159646 0.038325652394905734832 -0.28667444175234640946 0.95726114974673848224 0.007128975602976751931 0.9580190264682399981 0.28661598460621534601
1.4206690126611429825 4.9918598535721852016 3.7458049053818265328 -0.69910806706774764052 -0.0073102197493187691044 -0.71497865090358836415 0.1822242465523479793 0.9651075848405266111 -0.18804699851822062606 0.69140598386847484935 -0.26175161961386450571 -0.67338239886435380388
-3.3285959219373122409 -6.3868850532906193962 5.4375247869168559234 0.84105451689913912627 -0.0011523202369999544642 -0.54094913971813518572 -0.48006172320798595754 0.4593296764648142072 -0.74736670398766991141 0.24933519910809673337 0.88826511834969434922 0.38576811429784951812
-7.0723438251184571612 -5.3092686440100012035 -4.1650856693975777389 -0.97477741177272947404 0.00082192855676897129489 -0.22317778099757124011 -0.21856918644341022384 -0.20571814075497618646 0.9538907470469293326 -0.045127688119608537487 0.97861093954538957984 0.20070904505580572375
-4.8426831220059947114 3.143843295896355805 6.3469245018096458466 0.98770757008158394097 0.0042057789980865043639 0.15625641563385025967 0.053856765062043218673 -0.94758657124275302852 -0.31492719612224046033 0.14674196693778540634 0.31947144070076255451 -0.93616493937544686954
2.0395695482535387555 7.3603729518202118953 -4.3781837988471057344 -0.98279501411416725354 0.0061966950999165718722 -0.18459566951063061113 -0.099696616269391566401 -0.85913216797102065492 0.50194870520971190953 -0.15548165466281055336 0.51171624844941510091 0.84496860068065737792
3.9382008951271645358 5.5209527029942364607 3.733048745642882249 0.95364049872671008412 0.0066512052066933276956 -0.30087465938073409966 0.19155047152279422451 0.75768181950506974243 0.6238803388879098355 0.23211681552095264625 -0.65259024039649793369 0.72128202673537744616
0.7874408179111340722 6.1846962741048017165 -1.1969351302839972284 0.88112880695133710685 -0.0073884327142237212968 -0.472818608583432054 0.04380434105543638823 0.99685400342645580363 0.066055094863628857627 0.47084307923706936183 -0.078914554518008606099 0.87868042417016356538
3.6806361004943370929 -7.2389033178471819951 -5.970948335695665854 0.68496283204439711856 -0.0063089862058371285261 0.72855069515499004673 -0.2377229855469986386 0.94330122984973063804 0.23166910002543747438 -0.68870436390405176397 -0.33187796922518136844 0.64462649083217626877
2.9075820642112026881 -1.6316051858768287897 -1.9315935852621495261 0.99812315047459809758 0.00094670600314016029042 0.061231366427126523999 0.060741382736539374643 0.1118627064329682369 -0.9918655248231728061 -0.0077885114137615125973 0.99372322034722626594 0.11159525273382203681
0.86970505067646386443 3.5020654473885381996 -4.7497425889374289554 0.98121715460728431424 0.002494755233117886082 -0.19289031002289783179 0.10470588304827557757 0.83291661706300290646 0.54340278530333163687 0.16201720143087322556 -0.55339288504342820652 0.81701085747001522819
4.9561436639603542176 -7.3898801411875885137 -4.393639923954108184 -0.97698541540700833963 0.013931954810401044748 0.21285064885258139777 0.1407912485961496929 0.79174172154891497843 0.59440968252328929555 -0.16024145031957401364 0.6106970992184592717 -0.77548161203571563949
3.5497235938954738721 -5.4952255134275693749 4.6176667643658202422 0.91446227376256017383 -0.00061169107565710138796 0.40467070032191970741 0.031009985879697922473 0.99716437706088389969 -0.068568111366614628577 -0.40348126429949959793 0.075251783730781729442 0.91188817209378592032
-6.2777652448017473574 6.8332568698236881843 -5.8032151582669664336 -0.98871484742372717225 -0.01095597195331957617 -0.14940855786185466836 -0.11782065187966134223 0.67284366488214153446 0.73034217776236742825 0.092526993220633110826 0.73970356853709107181 -0.66654136122153384569
-1.8694092318220385529 5.4363911632082073666 -3.3189195934687663048 -0.87212832166213505314 -0.0036732511950826477257 -0.489263423710000811 -0.057835587011342885766 0.99373504545759649975 0.095633175753054855406 0.48584692592397921151 0.11170123837808375311 -0.86687692201076249621
0.25245381608149269903 2.0319843809608384433 -1.2801537057079066528 -0.99830774854033033083 -0.010128637503541121356 -0.057262988978955112196 -0.0580405418545666546 0.2344491017851546566 0.97039420555425948134 0.0035964851879986634714 0.97207562945199710303 -0.23464022655941207951
3.9759137302841689454 -0.1211776467312697253 6.4755530637161173857 0.99998480523914168305 0.0022973455431346606267 -0.0050111370359842144495 -0.0052715661372341512253 0.13262545601846248422 -0.99115220778959489678 -0.0016124147725406420828 0.99116356400910310409 0.13263555141534136284
6.1503321760658513639 -7.4647648390083238823 -1.8702765194692794193 0.99625950984403033317 -0.00039890217290286002216 0.08641082063232873034 -0.020768286070363038698 -0.9717835078878889199 0.23495849014416220202 0.083878884941265635655 -0.23587423486719100163 -0.96815684575741622897
3.2934109104963433801 -3.7431978606512830154 -1.7000414876648859419 -0.61327312154575697178 0.0079237827720728595121 0.78983117946566794298 -0.42201190765999274657 0.84197830107212490169 -0.3361227310325049511 -0.66768407812578256522 -0.53945319925850765408 -0.51301873028885103256
-0.7444599441763934955 5.6220550326678253583 -4.2166650678627926041 -0.95753952251685114927 -0.00033211510136700941875 -0.2883018427236139769 -0.082274667398492845605 -0.95810002516856895838 0.2743633008922865546 -0.27631312296509125126 0.28643364235296747689 0.91739131596371181754
0.455306629515130179 -4.7783780018588615235 -0.10724455067651803009 0.68256001162599744259 -0.0053668122780520122889 -0.73080984384112412933 -0.71775272083691066261 0.18339670893408846486 -0.67171175282504524962 0.13763307109950406737 0.98302433564897062634 0.12132721566749640751
7.3303306557744809524 -2.3636432825809601255 2.3638285454252612183 -0.99368028029459509742 0.0038975416933728704305 0.11217980978099445499 0.016445129335039568308 0.99366801411507466035 0.11114600958095963157 -0.11103629260256700495 0.11228840943468094971 -0.98745240636283126978
5.6159866638023245855 -2.672399678328740702 1.2818141692961173561 -0.98284700235809274727 0.0021543831022288583571 0.18441021823412351299 0.18427275093052572497 -0.028856216816403872094 0.98245146038648334397 0.0074379580655648171866 0.99958125101686889913 0.027964252096595428043
-6.1850482755888860353 3.0276572220115145484 2.0391976193467433731 -0.97664446282003392064 -0.010832880903825040445 -0.21458854101347013543 -0.18186379657775861296 -0.49015703048668796127 0.85245037683065416623 -0.11441657544822529669 0.87156682713132105356 0.47673904088809293533
0.62915621214488981483 -2.6285444045641628286 2.1851546566528914362 0.76504046132079150944 -0.0026555852299693328764 -0.64397673902796936929 0.31487701667735512601 0.87384527537197298486 0.37046848594517334252 0.56175222020959358904 -0.48619685578701005157 0.66936317534833245091
4.1025948319793350549 2.4242043227507714676 4.6537860646105606577 0.99103156759496424666 -0.0045559105442911388903 -0.13355027408959382895 -0.078731426384422348308 0.78762184287446679321 -0.61110816974291537473 0.10797126714908229783 0.61614209100342220982 0.78019941628026689973
-2.8183648737651507687 -3.0883966120666750399 -4.6847825820148667475 -0.88733753126033809711 -0.0020687438328945624046 -0.46111584869264288233 0.042409049727532767415 -0.99611791918503833632 -0.077139896160917709178 -0.45916617701851825117 -0.088004609978463502196 0.8839805487140399709
-3.710987053085975429 -4.7954845636825300659 -5.3886593087205909569 -0.99783702850802835638 -0.0012723398045829019745 -0.065724011517006200589 0.014218567359282676191 -0.98032214308774778821 -0.19689166593379262005 -0.064180190718910623549 -0.19740029615826532039 0.97821982508838034587
-3.6163692945554726244 -3.2521703225045786034 -3.4604067182825470894 -0.96557601936978043611 0.0063440733544468542321 0.26004365701040599301 0.015633375774979068468 0.99931074723631074797 0.033669392925948143924 -0.25965082010260387424 0.036575718604011465962 -0.96500967271251225643
-2.1815797556086837794 -3.1693816025181149598 5.4544922401137458934 -0.91767690808523594281 0.011501378025781548373 0.39716093799678497955 -0.3970964673831931524 -0.06062634421890358144 -0.91577226534693223492 0.013545772727875915117 -0.99809426643490217756 0.060202552695343365674
-3.0871255271755111416 -0.53157329901347072365 -2.6628465904516671614 -0.87381019252898906036 0.012408969336007333664 0.48610879946007112817 0.38080139883424979352 0.63914111130459327903 0.66819827483038951588 -0.30240046639906831283 0.76898937399704136997 -0.56321337040349594982
1.1796816246874268774 -4.7427067868632155623 4.8690487028923117307 -0.69212266104653841214 0.00023381321622602604937 -0.72177986075889499773 -0.28422365333395427367 0.91911568909684415729 0.27284293089884137373 0.66346298838086714689 0.39398768430926994766 -0.63607434130088491564
-0.68916680448229816758 5.1918990570943410745 4.6275560689949548632 0.97270746178033951068 0.0016691649808738876458 -0.23202889407369639563 0.20800788876896483814 -0.44940434710874671564 0.86877410816018185713 -0.10282466633393531896 -0.89332689799872211367 -0.43748616127291789502
-0.040545094140794150916 -5.3674677350191677405 -2.382329503629924794 -0.94303782298162108777 0.0034117581410704825307 -0.33266803924109816792 -0.25125348133602826151 -0.66273138014915455862 0.70544936450621076318 -0.21806272616526270469 0.74884943591619046455 0.62583797406781527251
-0.11700200108654182363 3.9023030952597381749 4.5682028152344500427 0.97147114760490871355 -0.0043233852149123282865 -0.23711836224021404229 0.073411953319023323661 -0.94524338559615328492 0.31800255831775930959 -0.22550941106989069729 -0.32633763241010316225 -0.91795928841758112071
-4.7281672177761651099 -2.118942268326632572 0.45754378514630555941 0.9874781647755729308 -0.0040459966391282820367 0.15770384904160664186 0.018772108291049194317 -0.98955460384480176117 -0.14293108115354022369 0.15663486853718666669 0.14410175543901504458 -0.97708761226291462876
0.40312797187207205507 -1.257201875417222281 7.4176622759140737884 0.98541469053347208185 -0.0077252769110934815799 -0.16999472867526815856 0.10194946957488790207 0.82664745215339874296 0.5534078925183554265 0.13625048012442678158 -0.56266713956373337613 0.81537813112750445743
2.9650393268802424096 0.52501528820703968758 -0.49358789060858621056 -0.88899015059972219532 0.00067969274884614565291 0.45792581293738765513 0.25515467391001034336 -0.82964492129499045614 0.49657365712578099837 0.38025334254743681228 0.55829100170711909445 0.73737273674468650775
-2.1015956220770615204 0.18590375258954294768 0.61863598153332532981 0.91139176355953654962 -0.0013665908121711799108 -0.41153758728151773605 -0.2426326900502317474 -0.80949512177713356387 -0.53464663614220020449 -0.33240702615157158295 0.58712501245367698655 -0.73809876623417558505
-1.7764780198096890018 3.4280472791783869191 -3.7449178000088281237 -0.99712217300932359798 -0.0030668757850992440193 -0.075749365450389530285 0.040920432478866577974 -0.86289882602498513275 -0.50371731581359546759 -0.063819200080846821832 -0.50536740132071289455 0.86054105037659833766
4.2934007432446685826 6.695853991670371208 -6.1896293691258472691 -0.93228294866237071403 0.0063793629277565638142 -0.36167361994215807552 0.35829294713846437936 0.15378646272066992529 -0.9208560625389361487 0.049746031643179207393 -0.98808351246869341455 -0.1456581776737513878
-7.1620433718822784641 0.030854199914762153734 -2.3052203142707226036 0.76493489658692037647 -0.0047171947146643251891 -0.64409032911360686313 -0.18446966435850656318 0.95648130903968875405 -0.22608504680630081562 0.61712684831820763254 0.29175546872670582443 0.73077575189182919502
-6.0405117174037838979 -2.2508559213190526549 5.1535463415131390619 0.95728321459406073846 0.0074349857529946456608 -0.28905634060402052299 0.12158128061517847751 0.89665407629305049486 0.42571053507158695961 0.26234869784408781923 -0.44266938956047663378 0.85744794144345415354
-7.2811819709448712956 4.5919082587912178894 -1.7220942557315683796 0.74400711730350710393 -0.0077703427187181071251 -0.66812650836191078696 0.018837371050876742379 0.99977884758502311158 0.009349298024077547925 0.66790610332118016679 -0.019541691218661540186 0.7439889511616397666
-4.3684411679855328359 -6.8516903404238096442 -3.9665843244140193136 0.82850324279124443194 0.00020943943218739097603 -0.55998422550956461485 -0.29283457211516250585 -0.85221133846704411052 -0.43357092610365399743 -0.47731571319044124868 0.52319765932505168937 -0.70599852635686322078
-1.983121044930580501 -7.2324869999761549622 -4.6122694556444336911 0.98136531003283877794 0.00013244215076790334662 0.19215127041772755989 0.19199825790176006102 -0.040581578688632664875 -0.98055586502444980201 0.0076679349728563193228 0.99917621965802583262 -0.039850782213636845586
-4.2508540842207240829 -0.90033473205479730428 6.0333452595591925416 0.99885194218857342729 -0.0069904486222765634118 -0.047391256726071882832 0.010969053362244180275 0.99638684820986178625 0.084219526137367481389 0.046631292651544337113 -0.084642674476456861155 0.99531961710950833666
6.5669648562731097741 -5.9125360054756663786 -7.2808160033401225775 0.99844216655627004986 -0.0066412718860711372759 -0.05539976128226979657 0.023025998999808797163 -0.85535787650837946661 0.51752556117086434551 -0.050823650129149987309 -0.51799497739156175058 -0.85387244948222174035
-0.4761978795657584862 -4.4362752025127658584 -7.2259983803951675085 0.79360643903742189575 -0.0023605579517847205887 -0.60842686305286064474 -0.56161857656631353208 -0.38749578735594952805 -0.73104828105737285071 -0.2340371645142229895 0.92186845186692378817 -0.30884488514237307122
0.85811344161235936223 -6.1881104208498536323 4.3880258247459451582 0.96812892391768445854 0.0021478840433925136186 0.25044315376572456877 0.24447680282364120385 -0.22523456497474755866 -0.9431333328971985841 0.054382713752786297767 0.97430220021032398758 -0.21858120484187579247
0.19439088417202651793 -7.0159102387155183322 -6.029506565088170511 -0.99984996465660624931 0.0073543141533731933024 -0.01568318333641004203 -0.014798051114593976235 -0.83326355296338172618 0.55267790709071884514 -0.0090036581143240722314 0.55282706641972489958 0.8332473634968523557
5.0236915606153287328 1.2915485171048355362 -5.5983777542875117206 -0.85786697726661054197 0.0039186753221343018083 0.51385688017109398817 0.17378648144466965486 -0.9388379598530182113 0.29729033621322414893 0.48359332934039267471 0.34433694126891906118 0.80471706996615255392
4.0016450995380479227 -3.7195797868296449629 -6.3856703482291301555 0.8301702112988971205 -0.0091467156394028376748 -0.55743498084078257904 0.47498745382845969365 -0.51189962342851724753 0.71578327323251567105 -0.29189782283790682849 -0.85899657340804169703 -0.42061924337300293786
2.0794320579189045084 -5.7455424562834700453 -5.303881949814870822 0.98661018043595472005 0.0064713401533459937939 -0.16296770728228887615 -0.11138087044320711672 0.75665614559828819896 -0.6442559887401708707 0.11914131760028405516 0.65378100238921288412 0.74724543983589031271
4.1837509970748181232 -1.040306625203052393 6.0433596070548070145 0.99676975377505294684 -0.0037101724914035232039 -0.080226507959674411841 0.052403224997534463003 0.78703101508607897774 0.6146837262385155265 0.060860167344355779739 -0.61690227419962495592 0.78468313612442841531
-4.563091716246544749 1.5857833874466267243 -1.5050608384521857452 0.45636646947262793361 -0.0095900103309989361 -0.88974023020367976056 -0.46927181613434715279 -0.85216492398884080561 -0.2315143729988250465 -0.75598519041253187112 0.52318541075313407251 -0.39339981933397688563
-2.9269328021571037191 -1.8126808377198813105 3.5159008597114507211 -0.99631164436243146998 -0.0011722360427391929384 -0.08580054294941094617 -0.051898743473970165851 -0.78805574078603057853 0.61341231634195936273 -0.068334674460126143547 0.61560277393535955959 0.78508827337409714531
2.1968274997622154743 -1.2763827603162649638 -3.9139712783880153957 0.98678399831989915825 -0.0013380796802077345869 -0.16203564485183671873 0.043113964544240379606 -0.96175334523377886686 0.27050265986287719278 -0.15620027759591764704 -0.27391369530266346244 -0.94898512148743441319
3.4221618367318318299 6.3089479375594015309 7.2856620076295133259 -0.78921288964729185977 -0.0050465177393525222777 0.61409897205050123503 -0.15437027366109923321 0.96948902167826189746 -0.19042283333457221683 -0.59440123942041445115 -0.24508278092120688862 -0.76591226460439032486
-2.0640052294804682731 1.291988019255621678 1.0828336758219661018 -0.90763219047359156022 -0.00083438801147995298249 -0.41976554243137592648 -0.26532554880536285413 0.77604270398196772973 0.57215389079114620241 0.32527858823975175362 0.63067981210198476028 -0.70458272377330999348
2.3132941020105706187 1.93853017463931665 -0.701898677834059459 -0.30575980201627050992 0.010223833915642487058 0.95205378875929569382 -0.94541643860711888081 0.11508975135086052521 -0.30486407913249097268 -0.11268851353283512728 -0.99330248280875654832 -0.025524038937703046048
0.37189799482815111276 0.71835363783469818877 -2.110786738770672688 0.99014830094772876556 0.0027305798209279743757 0.13999602160090143799 -0.1374038422163533224 -0.17351416454408910561 0.9751989637231729402 0.026954151339266291254 -0.98482758827957972425 -0.17142956305485063107
-5.255619347549899345 -0.3405797312988292358 7.4293910896844082004 0.38680738610090903418 -0.0033867304110860420654 -0.92215431252857760214 0.59695170960177068586 -0.76127633512822567852 0.25319359782063383113 -0.70287175392200185176 -0.64841874713097480409 -0.29244559478253789875
2.9847799405338895085 7.3863491014098707765 6.9042991029283617976 -0.63642560709684536935 0.001685226364163977357 0.7713362474585706563 -0.10350922385790470304 -0.99113925856739126807 -0.083239478030968205857 0.76436135904935809116 -0.13281615164819432495 0.63096084082429737538
-2.7209458281294880422 -4.8573785635895028179 5.1857686735502683817 0.83234545351520350387 -0.0046476490224969316256 -0.55423771557982481895 0.51826498626834671679 -0.34794480364167568176 0.78123992321624280422 -0.19647506208365222991 -0.9375035002480500701 -0.28720156162858406779
2.1041271292780545643 -5.8682230802335686448 -2.9837018580758707387 0.98548687774512033766 0.0098066486914641180089 -0.16946811922522259097 0.017597003042654425081 0.98704956702868196228 0.15944747634328240715 0.16883707909163100935 -0.160115526635554839 0.97255182836398468282
1.7952508790204397826 -3.8908861450702971752 -5.6643706385083358867 0.78212743265551631922 -0.0033784119375517571507 -0.62310935269865819208 0.59764405791607877472 -0.27893581444902970645 0.75167572227348455893 -0.17634698501907175583 -0.96030380492341083087 -0.2161442646110624255
-3.8425418330588523297 2.9926916774688558931 -4.4615939147243617313 0.99598328578072836681 -0.0084887320096832408894 -0.089136052606247004326 0.087409850681283846052 0.30799628810325335726 0.94736360734334967848 0.019411657560465311878 -0.9513496875195592839 0.30750115383079351661
1.2391510076143594787 -3.6182881852384931598 1.2616795052923897025 0.59851078071482910481 -0.0026456616642074248444 -0.80111038305736492759 -0.4517380289141315064 -0.8269621520162194761 -0.33476312874268526754 -0.66160229639937928603 0.56225136692334010124 -0.49614090921022707681
-6.8095409969710951614 6.6701594506406607366 0.73676085429518101133 -0.98298566608264692501 0.00050971042747558707037 -0.18368157357542275188 -0.15624231521300366299 0.52347195142463720519 0.83759504237340309807 0.09657908268742100566 0.85204275495235737292 -0.51448578650945442359
0.44665373159353460863 3.9652904663804160457 1.7942372775675377028 -0.45550552031995972246 -0.011969633495780326871 0.89015248628090459793 -0.53829205769612031851 -0.79270519650934545552 -0.28611209699750211888 0.70905315850036332304 -0.60948765311615715756 0.35463843435205688603
0.91601136574156805104 -6.5822258508493831641 -4.5710165819320121017 -0.89820575782134071119 0.006117765287448378303 -0.43953269453426541125 0.31964038947508854882 0.69549432787114984222 -0.64351974430893676971 0.3017555932089590609 -0.71850554127788435199 -0.62665249470503880946
6.7823187999810921056 5.6736595957715403316 0.47044066215824542621 -0.99892830353897243967 0.0071291936322878876608 0.045732034580967778625 -0.034165654904248068946 -0.78014442028020791753 -0.62466582388547531313 0.031224227992457352643 -0.62555883664427935908 0.77955191583533467448
2.4029100138546728438 -3.3609345603954414727 2.2961161967215706348 -0.99318087397933940697 -0.0080852633589699948735 0.11630296676397459954 -0.072514309982141478272 0.82397903111280301758 -0.56196105837886212164 -0.091287602715301480183 -0.56656260448685202835 -0.81894651155468189963
-0.55209737739781361565 -2.6057631182140221782 -3.6997693195905041463 0.70419518628703392515 -0.0080499399229313067794 -0.70996080038085307429 -0.65134753687660029708 -0.40530538237661734025 -0.64146233967493382355 -0.2825872003735764304 0.91414591039051662502 -0.29065740778665560828
0.79614370111662180474 -3.6728565824638552684 5.7142965090425326125 -0.94966045114348185407 -0.0020363565677832748402 -0.31327444962181527632 -0.07181756261608006342 0.97476369949011032467 0.21137163446432960523 0.30493813345299486395 0.22322988914606009536 -0.92584078078145171098
7.1406108499318072802 0.89095101576099755558 -7.2189821876219122387 0.88972322175056572924 -0.0057446642716195480544 -0.45646422369132955144 -0.23810553445157603414 -0.85896928932368699083 -0.45329627669144562097 -0.38948471490063252265 0.51199488164555051473 -0.76561275983858234628
3.514447515349007567 -2.9819753149748304821 -0.41233938113450957497 0.74190438373388367665 0.003023318377019471731 0.67049887765928617434 0.48213377164323101276 -0.6973464514044453999 -0.53033475555985598593 0.46596664219390560024 0.71672783276471152547 -0.51882203317020325617
6.7851380501672169387 2.7154433859968691856 -1.9300767343832347933 -0.99832506869855996978 -0.0082256370142598164708 0.057266011767223165552 0.023769999308550178452 0.84411612182431750018 0.53563323273411544978 -0.052745088310529729403 0.53609729692663321554 -0.84250676192367346395
5.2604801103872986801 5.8712447946543111499 -6.5603394576887819056 0.98210675621035359306 -0.0038161631791487713589 -0.18828636781389496146 0.16939392830520205724 0.45478018360655270147 0.87434585928686237022 0.082292262450940872887 -0.89059554316049993616 0.4472891257825151734
7.3158816497047327587 -4.164894195586644976 4.4522561181551045806 0.68463781460976802506 0.0029177298327825564386 -0.7288775957998241406 -0.29357839385130352072 -0.9141863990050841382 -0.27941895880154737908 -0.66714525365180132876 0.40528349920358663905 -0.62502999592284036456
-3.5569332718592110432 -2.9628480550354243661 2.2409604832732781254 0.97971755948614669407 -0.0056386350818994832035 0.20030404246757485542 -0.047235755702712961535 -0.9779331493958585142 0.20350808017366692204 0.19473645528675215255 -0.20884195245965270216 -0.95836462365600072477
-5.2215167308618610775 -7.3445948403124372561 4.284754906596814017 -0.99872853151781149084 0.0076624763375142471156 0.049825764305304727497 -0.050172232060518101582 -0.054899222072261152916 -0.99723057641950507701 -0.0049058599953068823124 -0.99846249898148320412 0.055213862982603396923
7.3431147472011097932 -1.1715144350593047484 3.7197034199245271324 0.99360341299935528436 0.014279816297322073942 -0.11201939351018970481 0.10508168298028738863 -0.48017562157948517898 0.87085544859218677605 -0.041353326080286550992 -0.87705613234675050549 -0.47860468356971830328
-4.7076925015940256358 -7.4872731946476100973 5.7256009394633995413 0.82360453945990197422 -0.01275834282188609628 0.56702097604005197162 -0.29748610377233897228 -0.86090361911410162588 0.41273111908184084706 0.48288464527597785292 -0.50860808417160285888 -0.71283955843648760808
3.3247975048497822037 -0.13765740077562133026 -6.1350711801914510346 -0.67960759388036318107 0.0017669665076558689707 0.73357371556620087905 0.11803452635634945067 0.98723076158531486435 0.10697323949266977772 -0.72401751976591954829 0.15928685196543618252 -0.6711380855404688317
3.0237245933182737012 -2.1093915023678131426 4.4004290428787919964 -0.95037207218447783408 0.004896568308498205728 0.3110770773144753143 -0.15867916514501576031 -0.86767731368639977596 -0.47112312813395373912 0.26760763621507588361 -0.49710371446277279439 0.82539326996699347028
-6.0376900958298787003 -3.4322103616863768316 4.0242951991532391887 0.70368174230095281718 0.01334566844123285731 -0.71038996240532359394 -0.32774419262053955393 0.89319662187128867625 -0.30786935359201894613 0.63040919231543168788 0.44946822781094331045 0.63290012042399101944
-4.3461851241951530156 -2.520709606963841054 -5.5086964641601667836 -0.87861442239125564502 0.003470765235719827993 0.47751926720783971492 -0.47315044481002682675 -0.1414760601102574844 -0.86954768758917588833 0.064539548666380272546 -0.98993559295759614436 0.12594510095105396208
-1.2493583457308290452 5.5398729663750945207 -1.7149446818873672616 0.95850941644181542056 -0.010948565091970974619 -0.28485053539487781293 -0.021653297551321285669 0.99357870513939239299 -0.11105175099404569761 0.28423728344029447479 0.11261210244075667286 0.95211747231452392715
-4.71603418314147671 -4.2905022891168380639 -6.6625563712760236257 0.95809998696769405058 0.0083736083580751401179 0.2863115395086202053 0.023297264546498861609 -0.99853892146430800469 -0.048757151121905761837 0.28548494257554934972 0.053384501533138367657 -0.95689520981074516204
-3.5409584989239406561 -2.670467144584538044 6.5516019418592561507 0.99942678410771501607 -0.00015207005679684074866 -0.033853804552909892711 -0.0289157739834499522 0.51622312688942861847 -0.85596586455267476001 0.017606283621035983405 0.85645412027690359658 0.51592282236582009958
-4.4339048870536013069 3.9032823001830103671 4.4875444731608924442 0.9999677769286006157 -0.0021447368979532633465 -0.007735968466323858185 -0.0020542330606936028484 0.86320399113753332188 -0.50485111647960478898 0.0077604916729863407041 0.50485074010815744749 0.86317177026428071329
-0.74026338953734671655 -3.5262990295226539494 6.8879028117736362802 0.88357602788046230025 0.00263263245944354244 -0.46828033505710553452 -0.33904099580340002484 0.69338389688242008102 -0.63582228233118898153 0.32302415717640536874 0.72056355777304181842 0.61354995973433046341
-2.0526099278455456343 -0.4501268358027553651 -0.40242583903961226532 -0.85434317633728129593 -0.0038797617465796065302 0.51969479937240592449 -0.51460382093091794342 0.14613574764187692301 -0.84488298050347399037 -0.072668043383719613248 -0.98925693867154607108 -0.1268466190358883694
4.229313364804765385 0.134063919590519387 -2.0440572991641330347 0.84281600294842140553 0.0054239886520014921056 -0.5381744749810859485 0.21962322231092820668 -0.91637102143593263115 0.33470851691316794163 -0.49135203815179778752 -0.40029330673842206112 -0.77352339536991132629
-5.7006809581403716791 6.4547249747330592839 -0.20981943698729949022 -0.74684729444654407438 -0.0017736188949489268413 -0.66499321278796297285 0.58395369431525356863 0.47666810982621160564 -0.65710394609239097807 0.31814650976160535611 -0.87908154761129986277 -0.35496257686656107477
6.6886793292787141141 5.501472884353282744 6.0429260368908321865 -0.86175302514542828636 0.0048464303098683780141 0.50730487457322193112 -0.097006003849702468478 0.97993035940924211324 -0.17414455468114431458 -0.49796742751875389121 -0.19928121542494792173 -0.84398781881562356944
-3.1701551183295171299 -3.7081480430883413391 -5.8239952711778437688 -0.9564096380910890316 0.0074954422075424326222 0.29193222246370437167 0.039779464937479643016 0.99369641407494169183 0.10480949777505617349 -0.28930640908175581094 0.11185372144308312892 -0.95067899243833142719
-1.6841238455429472509 2.9467836296300298216 5.2783781994308522911 0.9213348955744233848 -0.0085598964423512242244 -0.38867562101289410137 -0.19029562073439970638 -0.88173189065693169386 -0.43166705888684309134 -0.33901266484633263421 0.47167319318746497858 -0.81399927020989648607
-3.8679882918561463434 3.6758613684154011203 -2.9547647541930297521 -0.3249840905869840757 0.0056923764266404927592 0.94570235154402415567 0.94570727793447717513 0.0070364841006769198936 0.3249434294660503153 -0.004804719242678773608 0.9999590415321929493 -0.0076700672017832316474
6.6402905259132296578 6.1291877997921515586 -3.7712874110094563029 -0.92405785146909791283 0.0017087920441124560857 -0.38224882886433614315 -0.29224046586497248734 -0.64774959754876293427 0.7035737125464991415 -0.24639926389791427797 0.76185138898953053133 0.59905747958383215312
-3.0406987921202062175 6.9486031296057610973 -5.4939962577483099082 0.98175099111486829884 -0.0065487499264451180803 0.19005816299067992969 0.029785925246762455509 0.99236723312873043046 -0.11966650855430548128 -0.1878238273014915527 0.12314377161188021226 0.97445257524989659093
-1.2311545422189524857 4.5814072650544410692 6.8090600176480737815 0.98457925305228444213 0.0016596471650560645078 -0.17493124372250704046 -0.023766539590297994233 -0.98941500918238545204 -0.14315408202477480915 -0.17331718338040844052 0.14510404948084970611 -0.97411804662960399526
-6.9832367876081828939 -5.7153441733171526096 -5.3355732345337374412 -0.92619071075326797615 -0.0097366197408235398425 0.37692965597108241127 0.34644142984460879475 -0.41654860610900423801 0.84051507686410076303 0.14882574710602994306 0.90906130540495666548 0.38917661802024267059
4.6655652281817747706 -7.1840410480970193774 -1.4089400438766379597 0.24940454221726707229 -0.010209418371532351377 0.96834556956592188204 -0.033977005454015204999 0.99923651259767432009 0.019286134709948436761 -0.96780315014036633059 -0.037711532297055559704 0.2488672395274482696
-6.3341187831826877286 0.53093453178302185691 -0.075273757406761176991 0.67296170148914913334 -0.0043523564278451255805 -0.73966452214645994623 -0.5136190065873558197 0.71684401496426874978 -0.47151900733912815999 0.53227630456457120101 0.69721999053622851772 0.48017311502797077605
-3.6736098795709266618 -2.0692211197629255537 -1.3538062288456302884 0.94769433064328167937 0.0031374863694776720761 -0.31916392629151446592 0.31915646193172725331 -0.021289233050516689211 0.94746288653610699626 -0.0038221033160267562853 -0.99976843555668748476 -0.021177034514821217737
3.8079853104977616773 -6.5007135556262785059 -3.8275293894388093818 0.99950733394635093987 -0.0074575960601476433062 0.030487270268034237508 0.006795281401333081589 -0.89690355377284558536 -0.44217399220263708948 0.030641696070385689848 0.44216331766749084053 -0.89641100337465484671
-4.5765286544038259464 4.4750733231942598778 -1.1344824156926562875 0.57425427735047873679 -0.011517104076446783162 -0.81859598170188874189 -0.54330890538220177888 0.74261451048118709561 -0.39158539573794493016 0.61241118399091865054 0.66962007521919852948 0.42019221385737270946
-5.2416560508749361347 -6.2038526002564733375 -2.4872785184680075155 0.93756813329950949853 -0.00029816039880967409176 -0.34780153323662876819 0.30264162304947317406 0.49347596316474157119 0.81540758015644321244 0.17138857435484719516 -0.86975938332332569658 0.46275757335960016059
4.3245503115727279564 -5.4295548620966691544 7.3846430679552339527 0.99704274194474507009 -0.00010254435428617113268 -0.076848944169919122804 -0.055958315787180308576 0.68443867067801267279 -0.72691978441568960712 0.052672930710538856669 0.7290704325133502417 0.68240887069636402273
4.6449585663494517007 -2.7447290593197921638 2.3582593932719033702 0.99997748123537644194 0.0043402391306337191959 0.0051185297260027406985 -0.0018797535487136154096 0.91332919281534941103 -0.40721769617490577442 -0.0064423248026771670616 0.40719890456100288345 0.91331678435007213057
2.0778282984963412083 -1.8501655336901270399 -5.8987927048535997443 0.72527716008701170747 0.009618127081049669333 -0.68838981158027456875 -0.49128834610649885217 0.70770762749745097508 -0.50772598413114045091 0.48229534730913253826 0.70643995188080210834 0.51800945198952186299
5.11625003128947764 7.3260372953737045165 3.6710676605768148839 -0.78389098802315804182 -0.0019667158396434090105 0.62089536229933250944 -0.45313511052676147539 0.68546353371239943097 -0.56991956937654764115 -0.42448025926293270205 -0.7281043029534048916 -0.53821987469505438995
-2.4490657527550574457 5.8063402504871257648 -0.11118801347281689895 0.90313447095763088601 0.0067427839401039014328 0.42930485931663942001 -0.38384526239308158768 0.46069427900734272185 0.80026470360019619221 -0.19238228064593038136 -0.88753327608305410124 0.41865706961522219931
6.7919150152183256353 -4.7479087641268646891 -5.0218559984045167965 0.98095190030683387938 0.003163335488636022895 -0.19422503080981101675 -0.087487699371840879636 0.89991063150687045091 -0.4272080965520980711 0.17343376759765913309 0.43606289524518593304 0.8830457970272249657
