1125 14.717824617146108679 14.977075390850430381 15.033177056927090831
2.2557688207874537767 4.2554298090456113002 -6.9903852051379793409 0.90581044471244420713 0.0020328492908937541642 0.42367830458208849409 -0.42195254690059247338 -0.085963398176497590741 0.90253329154003880674 0.038255540957228051369 -0.9962962218625815991 -0.077008777995411323292
4.1888504858220523275 -6.1259421065086625546 -7.0509360113416388316 -0.83735179594041286855 0.0041837389894469091678 -0.54664839354321792531 0.072947954254498389992 -0.99017245564002753788 -0.11931933649591068558 -0.54177538316672269048 -0.13978914271079942444 0.82881748882061967443
1.5916813736789776623 7.1437691387640587237 -5.7362481131220777186 0.99076022604086966261 0.0026696590308317750748 -0.13559884739937638765 -0.060803402790150867796 0.90244337171640354178 -0.42649608093659513441 0.12123168193389065317 0.43080022489061997604 0.89426732330425129369
2.1271903579363460324 3.6135802969115720096 -5.8091411188861945547 -0.65550199057489222376 0.0088147325814923720849 -0.75514200044882917595 0.50388537696363244756 -0.73969875777487059665 -0.4460328178827740464 -0.5625092596877888651 -0.67288041154122391063 0.48043239329751502575
-2.4142440413830610346 -0.67745713081798464295 7.5031402938354618826 -0.74113918357523433933 0.0044111117592808895757 0.67133691441966092395 0.010800017436192653475 0.99992735099805285515 0.0053527889375310222508 -0.67126453071258429528 0.011217612004339055226 -0.74113298063713695107
-1.6176392329210873555 -3.9569190565174285901 0.47797654124367366935 -0.87408221358150972602 -0.0074453217025150049066 -0.48572096010484944184 -0.33794308939518552526 -0.70895361362421638329 0.61901473492892677974 -0.34896239371956633279 0.70521581158809953926 0.61716764890559661083
-3.0616738687921269957 3.0738729402680751157 -1.4018528178987061938 0.72668949380202840782 0.0019551182368815435073 0.6869632865811604594 -0.10051041304366489793 -0.98893210060527769745 0.10913733211949436241 0.67957342242585627723 -0.14835591631286779157 -0.71845005785195936721
-6.715058038967351095 7.3638786028627141178 4.0529375280772308443 -0.98919078534080628895 -0.0077937452213982291033 -0.14642693649866958538 0.13909202802510739483 -0.36600803738156661993 -0.920158423485862631 -0.046421955331677894341 -0.93057905312087363381 0.36313582576720038197
3.9549421996569820159 4.8358556220527688652 5.3070059729291667594 0.97794567603749771312 -0.0092115661869688301999 0.2086561807568577398 -0.20885450522425524911 -0.049979631852667127934 0.97666874222915622816 0.0014319103362280703393 -0.99870775677781808977 -0.050801241958600827642
3.0817277416769774945 -7.3090976317146605368 -1.3742256977078846081 -0.86401713679624259079 0.00061326376278870910891 -0.50346202560864883324 -0.050521450061122546993 -0.9950572726801631962 0.085490392268064235859 -0.50092112194057780705 0.099300795535522623503 0.85977751866393015145
0.071347613130744835797 -5.9340679222847922958 -5.6121248673075143643 -0.98179291788785583162 -0.0020043339504839793527 -0.18994380492832274587 -0.17839345273794801616 0.35324894528170780461 0.91836319540673416739 0.065256742222278646404 0.93552721248653047947 -0.34717487278277320284
1.9913858996098467991 -0.97093980723668604771 1.0711198875127978525 0.632956724686031591 0.0034136051215469575063 -0.77417965096919516554 -0.63151793872446071454 0.58072159246275556477 -0.51375823605717230169 0.44782907201723720636 0.81409506775774054255 0.36972738998969778557
-4.4571612445510151446 -5.8886209889156226893 0.67053236954477579701 -0.99298437472991596398 -0.0067435319123339311498 0.11805319275503357856 0.0014809101001078510407 -0.99900340429810785547 -0.044609473278917018135 0.11823636685721437833 -0.044121683765394971444 0.99200475733444537507
-6.7834728079225339314 -5.3767063078111494434 4.8596639238533274607 0.80560204254437317584 0.0051396258885920602724 -0.5924347502418950695 0.56617387557360021599 -0.30121452120908592809 0.76727892896317262394 -0.17450642299473012597 -0.9535425509428672175 -0.24556895543842863217
-0.89605601152487757144 -1.7845694862404872794 -3.04782861221306689 0.95820380107505642719 0.0031962545347184599838 -0.28606862736469396147 -0.2602578838010625728 -0.40546291969816167233 -0.87627943868906699176 -0.11879103301498630807 0.91410590453554574353 -0.38768426040841524882
5.9713962522780965614 3.9777495025019358188 5.3723744299548163994 0.80103656034144088416 0.013666015325882905837 -0.59845941301105709531 0.38217109143010435934 0.7578084050168947261 0.52883993623854252952 0.46074470791472815767 -0.65233401054272210917 0.60180948215994223283
-1.6697379954179218942 0.14222981714446908397 1.9350312947036085731 -0.93589454318554876622 -0.0003391262950126270985 -0.35228012863184199333 -0.35221362773147352199 -0.018552652043773810303 0.93573573167985724108 -0.0068530632402550462762 0.99982782722608065651 0.017243880906774346207
5.1199365920781776396 -0.74229791516465026824 2.4768054755806718781 -0.90921433476390067785 0.0076617633444318097163 0.41625784177884112003 -0.22788243606650621098 0.8275953373905031718 -0.51298689346025760916 -0.3484234331848884425 -0.56127288809645670131 -0.7507155628436648076
4.552248883264705448 -4.6789723665898321769 1.8528589011090526029 -0.86164402085377123086 0.011088259190838351681 0.50739199031412596241 -0.37946428081855404502 0.649809847245222727 -0.65860004707414765424 -0.33701103974454349466 -0.76001592939314377428 -0.55569717127139550694
-6.6005738815059453728 3.1379867991810725947 -6.3984939218488330326 0.78898600024130072228 0.0011872615313297093988 -0.61441002745162831555 0.58458086986975277277 -0.30925657960068103636 0.7500837116987797426 -0.18911979802603356982 -0.95097789584400949092 -0.24469316216629463656
-6.804613119213364314 6.1977940006657386007 4.7405476058072988366 0.93873196422937354999 -5.7355593785607308227e-05 -0.34464807564300464771 -0.28069041852101506151 -0.58039440489547200475 -0.76443130738897613341 -0.19998797034965989927 0.81433551529841496919 -0.5448508789008816855
5.8142645619240003185 -3.0805141851261321762 3.0896285176986499899 -0.99915279561001546504 0.0084838244518422277485 -0.040270531993507316382 0.0032141296848409851676 -0.95944630441955724987 -0.28187312448348528227 -0.041028775203976630692 -0.28176375504738115918 0.95860618918654194598
6.5488678913679292393 -1.746391166535965711 5.3920782672796114809 -0.9932137239888586544 -0.0074983793744634649053 -0.11606150432840074693 0.011958286500492991064 0.98604646172460708176 -0.16604028036686255265 0.11568706869911193902 -0.16630138191578591744 -0.97926521050671411217
-6.4028040701414274949 1.852328480701982194 3.6180120399033794953 -0.70653602481667343582 -0.00097807401602524254858 -0.70767640133582021544 0.62723871582200785291 0.46217928466461610792 -0.62686673400402326273 0.32768649500745622438 -0.88678596752438743067 -0.32593282864974731927
3.7629775028801617509 -3.3601900122529286818 -0.68517712765824745347 0.97192073194488226573 -0.005334696811609983963 -0.23524802193772326175 -0.2238552210863092029 0.28714352217114585963 -0.93136321468453109329 0.07251848597487001169 0.95787271528375805829 0.27788654250771360754
1.6380317729668605331 6.7700737925118534832 4.1962525544919646592 0.87055715524239907221 0.0093646914944125470015 0.49197819261565306492 -0.077736374652485826231 0.98988098606848173855 0.11871263401966440643 -0.48588815123651796224 -0.14159073406552116769 0.862475952426892567
-5.0300394707177495945 6.1138219383368728188 2.9271796492500303799 -0.16457270504925719523 -0.0048553806568500503318 0.98635300477648535367 0.58317150891152169656 -0.80696999347248277168 0.09332963531969303006 0.79550412691992511416 0.59057248066070833215 0.13563675438333822054
4.5474307713245050167 -1.0603798860879933841 -1.9639969362941573916 -0.74754498105120525953 -0.0044728082260583499827 0.66419612712784992237 -0.27217721264626987265 0.91422869788044502926 -0.30017570336037485701 -0.6058845320861314665 -0.40517389101271467089 -0.68464447110926807127
-1.1872658088518595054 5.7261784782951332673 1.9145444384285721373 0.99894167613314355236 0.002207459891924036955 -0.04594186331995258471 0.044108438155147255966 0.23714987607907642153 0.97047121645062361939 0.013037383479754516974 -0.971470567437100474 0.23680152709702703695
2.849945963784962899 -6.1132595466301156151 -1.3162990473136582104 0.99132904956407408292 -0.012265147859783344028 -0.13082920789443452936 0.021202686695841906767 0.99751812046172394499 0.067141979619824224135 0.12968099925277842832 -0.069333725548004501715 0.98912874436773157161
-6.2773654214483567415 2.9239261944007681748 4.4102282786857305297 -0.96347273942452305029 -0.0088196042699466015158 -0.26766115699936632311 0.2503629611384047271 0.3251466808934325714 -0.91191996556385213069 0.095071910024500438929 -0.94562246720582199266 -0.31106186111406947115
1.2072883682906163649 -6.2902031169099483776 -2.2190877072492813937 0.99077086714883788598 -0.0006888339621838619059 0.13554561710771748095 0.042068476943174115679 -0.94904418055140182808 -0.31232256820354187266 0.12885391750748911854 0.31514229939722959717 -0.94025634753171083435
-5.6622170251514454264 6.0618177210915620279 5.3831976628353075398 -0.76948291566736193303 0.0044717615786357481356 0.63865174065724505947 -0.36467739609597160655 0.81785541440813880332 -0.44511000651514975868 -0.5243152098430819974 -0.57540639940106674821 -0.6276950185047159847
2.3610614748999649848 3.8845477610407397329 -3.6252947120948477711 0.98759259990731407264 0.0004036715300723228185 0.15703723653234591406 0.045348645248046014211 -0.95812679701877134786 -0.2827305098654122606 0.1503474541939270881 0.2863439852413359743 -0.94625724046558901126
-1.1625105815807506016 -4.69594291865970348 -3.9797918257180513457 0.94730338527926005732 0.0036820658281352071015 -0.32031662246867070865 0.23780190068599371678 -0.67805411790474168221 0.69548031548171285188 -0.21463120059443227539 -0.73500275889526667239 -0.64319856354611004701
3.5003765083823914495 2.9687580276761362796 -2.8358108131562245191 -0.97904849761896306504 0.0026951845525073226534 0.20360936935737081188 -0.19590703286858218712 -0.28518707783790381294 -0.93823705165955029184 0.055538039059237924444 -0.95846808325280030694 0.27973998570625296933
-6.6498089869357430715 -7.1811540403493152596 6.7324479029551316245 0.75374537701664001688 -0.011612018137819963767 0.65706397531805671441 -0.49847597484089811726 -0.66164693283983500027 0.56012948393197481423 0.4282401302218556971 -0.74972561467396126034 -0.50450162890644723035
3.6781433157044602922 7.310824859440820056 -6.6506839368147732117 0.99648511842872322664 0.0016004525027992189644 0.083754685252903374182 0.029822013516335892092 -0.94109340013789710699 -0.33682912541336551548 0.078281902505364972522 0.3381429442835114374 -0.93783329700510753568
1.3516655136947584026 4.9894088443500042018 -5.7976674869720072891 -0.77803655501873580924 0.010008729589408533328 -0.62813927148886139484 -0.33802360002535963845 0.83612574891154856083 0.43201131678828141869 0.52952730324363783687 0.5484464945088993737 -0.64715321043804574508
-3.4979369904868296004 5.3026223240220300426 1.1264770883216952413 -0.78137318426150037531 0.010360013783344380195 -0.62397805813315099233 0.035769019420869963 -0.99747501718025155526 -0.061352810455964253145 -0.6230381402185113382 -0.070258524148927567476 0.77902966286117991679
4.6321621577733189667 -3.6428083325967919315 5.1059831597225615596 -0.97228959927502500715 -0.0014527853408235580183 0.23377515812519447658 -0.22880464977765413437 0.21111378334376593169 -0.95030489987279709307 -0.04797256905577048508 -0.97746041346792178484 -0.20559613984982200163
-3.7752300182824161112 -6.4567881795790080801 -1.416035429294370207 0.73572079464687512029 0.0054123360711816441426 0.67726333057560827999 -0.66938828594242438808 -0.14644292948120898878 0.72833631726560899011 0.10312242708155661131 -0.98920431409459552707 -0.10411815408273651651
6.2763605149253365312 7.2584450076010211816 -4.3744547327702489881 0.98440631991372729015 -0.0034944758972103133476 0.17587491564234702945 -0.081183585918307862861 -0.89598628948427094798 0.43659797804562711088 0.15605583196866767981 -0.44406796517463348328 -0.88229826000869204794
-3.4855168374740883586 0.6992488968706240815 -5.7491179409218622354 -0.98285265714451530705 0.00063569162409756168469 0.18439156770358791637 0.11673444094063856191 0.77623071187005943106 0.61954737691964911761 -0.14273655678313887374 0.63044863220240998647 -0.76299462482494195825
-5.932268090800104865 -3.7665569056399315073 -2.124373094002519391 0.68372972522893171732 -0.0046994148938463101844 -0.72972020551584115822 0.45536070743099688052 -0.77865413061764188196 0.4316762339994558717 -0.57022827794349617569 -0.62743578187063997476 -0.5302490458850336319
2.8340445230468755966 2.211544020250555409 -1.5097242905486381037 0.83613394788379991063 0.002042136126152449549 -0.54852151359491951865 0.34713202792501146599 0.7723023783080897875 0.53202292398773609605 0.42471093273554699765 -0.63525181317316747887 0.64503934567993326255
5.2237631503734265337 -4.8952203477955880118 -1.8869475196765734815 -0.93991647193213512246 -0.0064812407022184197886 0.34134296434763505834 0.21546526590187581318 0.76428879384506487327 0.6078135888515961982 -0.2648239886801358467 0.64484155660269182331 -0.71697114439683307108
6.9972749937715468249 0.15360935207978285155 -1.1365974480320810702 -0.99053321138759731213 -0.0065635622098926763718 0.13711628929244329411 0.062574980947280825494 -0.91063177392602523419 0.40845335605882931995 0.12218154074026521538 0.41316666366902926599 0.90242173019875127071
-4.3159186092326553563 2.4731765497075905991 5.1552902856732343295 -0.63617956185756652232 -0.0030231742672848088693 0.77153510969494343286 0.76251828622116213374 -0.15494896731460541806 0.62813746959284233462 0.11764959945985106748 0.98791784979592633942 0.10088059179773772867
-7.3017582561881981817 0.18737915578922081927 4.3909240363984940458 -0.99268342036538348427 0.0089419944708842239584 0.12041456584071781599 -0.10774253108809642154 0.38459354164721254454 -0.91677661113166275531 -0.054508475730372700496 -0.92304271215265221162 -0.38081619925543058747
-4.5488725476893332456 -0.040239545546368424289 -3.8482137382687073845 -0.99566517797542541945 0.0038649253978540265911 -0.092929627776059911537 -0.0031501813322714934673 -0.99996433060348388633 -0.0078367007274177218068 -0.092956601295964655374 -0.0075099848458740486867 0.99564183841538922426
-4.3845771932286474737 6.7834356986463504313 4.1229452094040857091 -0.99442206608257877054 0.0097142792138876221664 0.10502565052224406561 -0.050750115306107707047 -0.91697387099243177211 -0.39570613555224509739 0.092461777425445618173 -0.3988289767515080797 0.91235205212611247827
-0.97995359557386796379 0.84493156037790195789 -5.2512062734858959701 -0.97107687576458912027 -0.0013316692159461231311 0.23876333054392565036 0.16102547360484772976 -0.74200351415086185369 0.65076999150101833003 0.17629661994960765803 0.67039466856839924347 0.72075688699411133431
0.72620188803224050567 -4.3623040985298642269 -1.4483433861118053532 -0.99920064879175651829 -0.012327228018232270698 0.038027659713902706162 0.035399338483080779183 0.16911383586673986446 0.98496060700597121151 -0.018572837394900225394 0.98551943155266708008 -0.16854227880046357413
7.2822682341158726516 -2.4767150963355599735 -3.2547987340427488867 -0.99197876053282285636 -0.0025027800504262035994 0.12637988267007221888 -0.083315278476951415421 -0.73894861668266231813 -0.6685906866500742618 0.09506157490805448862 -0.67375713576539009164 0.73281281305746504007
1.1604525222883939062 -3.5432221020927290311 -7.4406482697412075211 -0.97783004762835912249 -6.3077852041553989643e-05 0.20940008112750127522 0.14597664057346967925 -0.71716139925328714622 0.68144724508058773793 0.15013067095666107753 0.69690711249221037882 0.70127117308206166069
-4.7968522521400176473 3.9140176248436282513 7.1404678552582696582 0.62360056283112508257 -0.010121258860361396006 -0.78167761779118161147 0.77300574069972605162 0.15706401180555770725 0.61464869725772508513 0.11655240401580663212 -0.98753655948255425479 0.10576899736463056534
-3.1821419602935563375 -6.5281048050274783634 4.2057946479490198044 -0.96806641921536484841 -0.0030840506527054097584 0.25067488230619261458 0.0056636174033102655231 -0.99993816967746240731 0.0095697575778391653217 0.2506298693802207489 0.010683887577148677359 0.96802403023922212189
-1.8015057518528303504 5.4259358396280914505 4.7531795657020898815 0.89070957771157133198 -0.0018278895826805644648 0.45456914434716466644 -0.39600870028052892469 -0.49410360460083457834 0.77397592806405945964 0.22318951022617875002 -0.86940110808550608024 -0.44082667317773954752
2.7906929458908269481 0.84390047943484769455 -0.5029740061908819504 0.19364668694907247182 0.0028730532187010845643 -0.98106712624507108611 -0.98067085534516862388 0.029136694064479478489 -0.19348314276817582535 0.028029165348015649267 0.99957130742338495821 0.0084597438316316095341
-0.22038972808591050789 4.4990819160739707883 6.8080960747945900025 0.99486942137114731111 -0.011397331415849669065 0.10052330703483078334 -0.10087334081335495861 -0.18745379342672088829 0.97708016275175035847 0.0077073687967108873986 -0.98220729796032146819 -0.18764173389653818202
-3.946075754979601502 0.26805137138205725744 -6.5620690417760965119 -0.87071411557331246378 0.004371064101480648563 0.49177009134341725938 -0.34786162138196013993 -0.71232121698448991332 -0.6095824605442760058 0.3476337459321677259 -0.70183999432377430772 0.62174866389627347907
-2.6044328805917298375 -2.2056995711086897494 0.13442299674018590161 0.64541762613929631875 0.0041053849351445704033 -0.76381884873531269431 -0.30884971928666438146 0.91599659778102049401 -0.25605093975676157525 0.69860427909179267925 0.40116502672622844639 0.5924682966762404579
-4.8327152883880639678 -0.23723952324921104839 -4.9360998676936835849 0.967467352164943728 0.00024518254667616574613 0.25299577542040713185 0.032703892490517069702 -0.99173062282245139087 -0.12410006918673979759 0.25087323075805306738 0.12833671197942636555 -0.95947501814648794571
-2.5781682785972450667 4.7156090090116933311 5.3799527506785533859 -0.72373655784694734816 0.010735199965438473046 -0.68999286251203340026 0.57828517048152905389 -0.53616666365095011493 -0.61490777389013429044 -0.37655232894902695984 -0.84404387579735884461 0.38183540864093473699
-5.611070906309350903 1.0427808889407201853 -6.1123474037829721439 0.47829039180504617779 0.0059515996748643485575 -0.87818157551179665266 0.72812414220145837973 -0.56176301130717232191 0.39275635280761533874 -0.49099239775232877969 -0.82727679623480865345 -0.27301935418770328923
-7.2258344460122589936 -2.2041992477779146498 2.6151526133410372132 0.92083560333727187963 0.0013419576169756679968 -0.38994870274993043147 0.38802587375788671897 0.096090134626101636472 0.91662566368277176299 0.038700296135805493936 -0.99537173215701135742 0.087962502816313223319
1.2436589027432083387 4.3708346746228814439 -1.8711069362052938914 -0.98761976078385305122 -0.005878756459259025513 -0.15675665323006801599 -0.15033831467131389403 -0.24981770859098970106 0.95655083692200892909 -0.044783917327499658811 0.96827503979850548799 0.24584110325970129352
-4.6817453631980301409 5.3793380095877338931 -2.8037235975009395794 0.75475017087926121739 0.0018204395320265745733 0.65600980599198055465 -0.47926777007519116847 0.68435743500792201033 0.54950642008669192684 -0.44794484495847042282 -0.72914442132477863545 0.51739136900982374279
0.53172021013904191555 -1.1400455003025109502 6.5461123841867223661 0.99768469147498439753 -0.0029942831181229371401 -0.067943290065734004979 0.025612736099605622891 -0.90893225046400938361 0.41615640306971357631 -0.063001937635578320052 -0.41693308616015295476 -0.9067511000925700948
-5.3569467376852717422 1.8627101744222218649 -2.7271550502832502261 -0.84031480273156333727 0.010979131718008593166 0.54198753765829699169 0.51468493441723262016 -0.2977553477289957562 0.80401565356825943631 0.17020708150406599346 0.95457907559582244605 0.24455743260089804481
6.8406779844362697318 -7.4012947963344117852 -3.2360898273096871947 0.95429091127945986361 -0.0086267327354139812512 0.29875480938678744547 -0.23927931125872717311 -0.62101670348234505603 0.74638037567955184404 0.17909290285498294382 -0.78374985389365725563 -0.59469479455326801354
2.4624936484903119371 6.6344776755665657575 6.1207048237782055722 -0.99010701499478059873 0.0016220584007897984914 -0.14030491005158862716 -0.092701014213997193214 0.74306709551074523468 0.66276527785703132079 0.10533100598463568387 0.669214958362261636 -0.7355655774181406592
-2.2921446265195628555 -7.0024404484428695028 3.148879454384517107 0.99999520581583078993 -0.0020650928341395388341 0.0023073224556560316748 0.0028708180968850622802 0.89755984721349579836 -0.44088329416469956845 -0.0011604950592999292193 0.44088780439208996587 0.89756147265210162178
-0.65030218343647805401 -3.0606934276227333314 5.0958751935033834712 0.57694606150821148294 0.0074827832541116325732 -0.81674797218298256229 -0.6436157701771717532 0.61982791874897769091 -0.44896780677315922814 0.50288366695440533949 0.78470208301893185077 0.36242331384213088974
-2.344242545195395433 1.4056326745189460237 5.8946351173219344588 -0.56143840290903712642 -5.228901216347027741e-05 0.82751852970483119609 0.43978081068694302447 -0.84711148154275384137 0.29832025809459339349 0.70098484883083400643 0.53141521911215727769 0.47562391298743222912
-1.953986894242067951 -2.9206940085157286902 5.2872260762153198144 0.55827516912249353087 0.0010519185175052012289 -0.82965518681480343588 -0.81509791909613771299 0.18720536138120119629 -0.54824222288638058131 0.15473919292316784535 0.98232023604196250233 0.10536952138034819115
-6.6363064499316299916 -6.2288839780629512433 -7.1949909059416370383 0.69333084042397186142 0.0023360922668219505013 -0.72061563151932805926 -0.71894128524726397256 -0.065963187090133004742 -0.69193372971390232351 -0.049150524757181797419 0.99781932263406791783 -0.044054798765574075536
-3.9945323649599484561 -4.8542003710755565749 3.3902238545470506637 0.96778919783576444758 0.0068876118551297249235 -0.25166769628907170731 -0.18334998012324993377 0.70431859410876629379 -0.68579742109563623931 0.17253073158518117403 0.70985060315218784233 0.68289477071001081221
-6.0573801903933555124 -0.99545438644996686595 1.8469415790187111437 -0.99667190534565897053 0.0086196006782705697491 0.081060567347727124909 0.023235335480963917321 0.98318268065633862562 0.18114065154590572315 -0.078135985817494757466 0.18242126778839803936 -0.98011083494611450639
-5.9326208425477151565 -6.4132310360110613701 -3.0568951637280683542 -0.97201814386097140641 -0.0057903296197586526933 -0.23483440993147644549 0.21876706690301392366 0.34183619645156926303 -0.91394145613062549582 0.085566923771051073278 -0.93974171285435481593 -0.3310042517519676819
-4.1070009798966635728 -1.8387308079485593648 -1.3758769349118693537 0.95377958362774628576 -0.0064779474653647558038 0.30043725143777927356 -0.28506191658290058744 -0.33589866101598353509 0.8977259009529222622 0.095101049252644481724 -0.94187585473043600182 -0.32221990116498472334
1.6777073494125618325 4.3552437710838090013 5.8300599531215597793 0.93308587653810504126 0.0036796121371620387451 0.35963482514888456265 0.33577016062147391207 0.34940376386826277333 -0.87474305314812905721 -0.12887647668038104687 0.93696503149756260598 0.32478821331638207948
3.0337741923928955856 1.5718425210393645042 3.4255438303712666404 -0.95383896416295022025 0.0077944107349277227254 0.30021738391672064816 0.28801737039094843507 0.30691847494627721993 0.90710916878269887142 -0.085071880181155773437 0.95170389139580591209 -0.29499572590888772927
-3.1568385901537672211 4.7064260434613975903 -2.6227108815815252107 0.96368083611340993322 -0.00054020586013763796304 0.26705608827597093757 0.077199716490561468007 -0.95674062271019955084 -0.2805130739016172825 0.25565494300207641798 0.29094172790033889786 -0.92195089949792063955
3.4416222167606997928 3.0041189833050681024 -0.14455098443151068177 0.99549929312566376449 0.0065890077975256288942 -0.094539633818313914548 0.078635694879757425668 0.49933542272501835191 0.86283287089846483209 0.052892200531198543811 -0.86638370286403809661 0.4965699291486593836
2.0800901580906536736 -5.9837034958355994618 -7.2481551429988471114 -0.85283359099029520944 0.0039961868713075205869 -0.52216749857610922358 0.43713717657118739135 0.55244488439546013403 -0.70972934176681956586 0.28563255230813966445 -0.83353984919484058747 -0.47289043642906958276
-1.472461064461621838 3.7104420838018969953 5.9861606318207289945 -0.97774237545602549204 -0.0075841790915339366008 0.20967195202270025312 0.2081150097279595157 -0.16179562558095506031 0.96462962750935343781 0.026608080792223296612 0.98679514377121180235 0.15977282079932600412
6.0223680502095806588 -5.369286801541027998 3.2814867333556736462 0.99752770479569552453 0.0056543213348574893062 -0.070046461832771661493 0.054329462110126479357 -0.69427167390180632989 0.71765949611522372731 -0.044573396907430631875 -0.71969081657879918623 -0.69286242560866184714
0.84644460180415992401 -7.1278534589340489802 -3.6151521501009469262 0.80160725885463557372 -0.00046625442887021075963 0.59785080509972232665 -0.44933120151311367607 -0.66011473863972913723 0.60195515046984815477 0.39436946369909442467 -0.75116463870267924374 -0.52936226883338644011
5.0925122806607232562 0.023525865048238437521 6.8571349186815959698 0.97022544467688975889 -0.00052524265005063331367 -0.24220303594667461078 -0.16710870965212032413 0.72240234073696851791 -0.67097655492299479452 0.17532046560531971968 0.69147276317868511253 0.70080535965558421463
7.3099453792852333578 5.3812683874707989418 -5.544256322974110418 0.94333126566762059984 -0.0081311111784904618882 -0.33175293253388088432 -0.3072759798666380715 -0.39895607414246303524 -0.86395342646579931234 -0.12532994618531159703 0.91693398668384618055 -0.37884623352137192231
0.92197433658627092612 -0.72668186736678952453 0.72243457454791348837 0.78269416165212601921 -0.0094183245805291651576 -0.62233523480321106813 -0.31159201459743934848 -0.87149467040570249843 -0.37869176898070938675 -0.5387951983404478673 0.49031452621423909921 -0.6850484651676753689
0.59317467223641640039 6.4746003511363916516 0.8212640845195866568 0.80571287934893365268 0.0012824720829239539405 0.59230491414170138853 -0.38134767575266059758 -0.76403915485811402242 0.52040188320350466711 0.4532115469061960833 -0.64516860207929238591 -0.61510711964803010954
-2.0102115170032246461 1.8908768180256632085 3.2894332588713708354 -0.82286492102074670907 0.0031016752333204449139 0.56822856436858149021 -0.35778656391136282044 0.77404482879131586426 -0.52234411809259129189 -0.44145452363538889573 -0.63312319704163877443 -0.63582459918573841495
-1.1990117590901003819 -6.8896667833972973227 -4.1437745655485418439 -0.72060392858584898512 0.0030385407984193793865 -0.69334028108607703711 0.057545776860006364606 0.99680232416831360265 -0.055440148794907315177 0.6909547464720409149 -0.079849194126438607921 -0.71847452600982142368
-3.5196841282776061277 6.6300459596398848561 -0.73681106016957054194 -0.64177299397600395814 0.0057643602861208540628 -0.76687299884240078818 0.5199477310237682337 0.73831992637601406848 -0.42957891396016290031 0.5637213684137570846 -0.6744260214927334518 -0.47683095571407790869
-6.2976683169868836742 6.5753403719149838835 1.4951883274082988784 -0.22089193826302996881 0.0033559554062911538079 -0.97529251467121902408 0.95769656667418789908 0.18987308213434211934 -0.21625332104092967467 0.18445605924121258323 -0.98180290804427661211 -0.045155420107186268475
-5.7008035224260895646 -1.9969941826152399766 -4.8508337322565386884 0.76896843099670086907 -0.0021248367308149256755 -0.63928322142794824501 0.5767210007992237264 0.43376360674586411648 0.69227308246080010434 0.27582682858535001458 -0.90102420529725046894 0.33477595806879945073
-1.4832632814008774869 -5.1470197035188069989 4.556878924050248969 0.63011160279363753745 -0.0040071310394198924112 0.77649424397450950153 -0.34475816103356765607 -0.89746485714902179964 0.27513385939049095352 0.69577379831775754138 -0.44106776472913794551 -0.56688451071733569897
1.5303280020189671262 4.1085551706256815407 -4.9040742067825826567 0.90351460248948289866 -0.002349029795626671191 0.42855086646411150175 0.14741113302550382103 -0.93726281931632116073 -0.31592461978667163436 0.40240690966777692417 0.34861567604778348484 -0.8464843704791418233
-3.3314364731429741973 -6.2828083371328471429 2.4817942030528383768 -0.99986545860462439084 -5.8069988460557331322e-05 -0.016403088646334010314 -0.015777520352732769815 0.27695660653835579845 0.96075288599427588476 0.004487152859226734361 0.96088242502532905664 -0.27692026061049035413
-7.0122993825485568919 -4.4489079358527643393 6.9740860338720462863 0.99965300926255284963 0.016420023971380977995 0.020597181483471022762 0.020170625450869603124 -0.98006626818454734007 -0.19764426588124581197 0.016941279208036081477 0.19799114318475030672 -0.9800573964208864064
-6.5487089953454242774 4.4408782121919090358 3.699846918420800268 0.97941316845633907828 0.0034177684399525898318 0.20183697459388919015 -0.1464467355645487634 -0.67613006292456512281 0.72208136082583040949 0.13893595321876639481 -0.73677435953520209466 -0.66171016618661193665
0.87457313131026848119 7.2553932054320551259 -6.7485341919795089893 0.93649479477099062397 0.010171218877940757519 -0.35053394368216900245 0.3320980649188011169 0.29535283677960172399 0.89581112801942575086 0.11264268571038256461 -0.95533410287343012435 0.27321855215778212411
7.0096092909160274687 -0.75300888425089651523 -7.4939076904826293912 0.92326069865901194689 -0.010010428245959619026 0.38404358299280455524 0.34788583103759901372 -0.40232692639607653406 -0.84682258641350027784 0.16298813108595397448 0.91544133379655057148 -0.36797015300433183471
-4.2282751154208568778 6.6537951002407806911 6.69743593428110362 -0.92763613942085421105 -0.0040518115383751749509 -0.37346321862216563803 0.096926922225743172845 -0.96829257724624673287 -0.23024911856020480183 -0.36068873643103788185 -0.24978604379187108186 0.89861591780845329058
-4.2726712145111633845 2.6193780888817781438 2.4539995843321520397 -0.69856634576165221873 0.0021007568823134927308 -0.7155422051770016223 -0.40200229622365774018 -0.82841325061149129194 0.39003287046371964975 -0.59194527990343770441 0.5601134465729581402 0.57954612635066604653
0.90484870769509284649 -5.7588584662064494779 -0.26354084451594678162 0.95652041505622475981 0.0091637827957067666262 -0.29152138972198254896 0.201671550295424995 -0.7428491549134941252 0.6383601795582986016 -0.2107066239632568172 -0.66939611451607128334 -0.71239845626497322328
-7.2244953083024494589 1.7173911420445240328 -4.8378905692734015531 -0.99718750333571837263 -0.013729275830891627189 0.073678966987281130363 -0.072766551370087834139 0.41277195038204661515 -0.90792309474948973413 -0.017947484304379274916 -0.91073092841025327093 -0.41261006270341055169
-4.4805670647556841146 -4.2414379302003313299 -6.6719914011182224201 -0.99095734257650602839 -0.0054355195870531679975 0.13406714855038467937 0.077822770137040628291 0.79066478366442893844 0.60728314345206158009 -0.10930307242620188046 0.61222516691141204426 -0.78309206569764544525
-3.9423574912135985748 -7.3227517180611600978 6.8789586147202692601 -0.99999109898952254216 0.0001782372291624406864 -0.0042154683341502248439 -0.0041501552604761987597 0.13850084107156296342 0.9903536202961665813 0.00076036379498265220175 0.9903622999963117568 -0.13849886856195303686
1.9353796832662233385 -5.269998568630047231 5.5276546251970239965 0.98063270229447452309 -0.0041836000633639807214 -0.19581113523263415921 -0.19071186774651532891 -0.24802480273318505688 -0.94979612587636297327 -0.044592451056633786166 0.96874464887274036595 -0.24401909472235971954
6.3326986900235660016 3.6901996859677028695 -4.907371027040380973 0.97429168436811230958 -0.0071281484720628097984 -0.22517749281522522753 -0.10720230481228805453 0.86442261844551071537 -0.49120382995551992167 0.19814989178432421135 0.50271535307713166585 0.84143561498587549075
-6.5430487407693274093 -4.2097091083746569495 -7.1648013565386898804 0.97696374084741222088 0.00018394677597146952448 -0.21340528398628949569 0.008447469380316298404 -0.99924920323285026935 0.037810978558899734081 -0.21323810478134375135 -0.03874268966005865733 -0.97623179351381572655
-1.4173286258022619322 -7.111699843209033034 -7.3806004828723006383 0.98045930068353925879 0.0064720361120893469403 0.19661554478621712239 -0.035957913977739189293 0.9885166458861354144 0.14677148642797535616 -0.19340782850082724464 -0.15097335378964041319 0.9694330602574821043
2.5515948151171472524 3.1423462186936097496 -7.1510324739899528979 0.99902786454402237037 -0.0092918989457798015219 0.043092765966378156206 0.030916120798560188521 -0.54915763051730104305 -0.83514674777508424164 0.031424820435800984719 0.83566713316880913975 -0.54833650544343326416
2.5014571634650208942 -1.8933027248011919941 6.6554756695579690984 0.86421065456105083946 -0.0052783130922154693904 -0.50310245870389769252 -0.49729868752114786412 0.14284068752955400572 -0.85573976965889975155 0.076380363528810668594 0.98973161887302607553 0.12081954589484092399
6.7840296899475802661 1.7202862357632955348 0.90898464042689819387 -0.95803681416595476428 0.013137395562507358029 -0.2863439741650280479 0.11871511361072568935 -0.89106579475002323232 -0.4380735911087125789 -0.26090646696304342633 -0.45368398502069756661 0.85211422780775158969
4.2796664911707003043 -0.66036756248615369191 -2.9739463569336366255 0.90483249060481307779 -0.0053598119333347332 -0.42573399718834381567 0.24808602743181562555 -0.80600077092216149133 0.53741611463183214248 -0.34602237924604456465 -0.59189021759863658101 -0.72796599053258070899
1.4155567763311773799 5.4839010255225542068 2.5291457082480888197 -0.99998707990765889342 0.0045550360891745342307 0.0022564716104164286858 0.0012268494030798545585 0.64704018853852807158 -0.76245490965462692223 -0.004933037446034614984 -0.7624422903159361331 -0.64703741706277806411
3.6128228217021591817 5.0206911356780512534 -6.2978723282132147432 -0.99199105392303343898 -0.0049305630069362456347 0.12621187933345812127 0.11562159900140361879 0.36680742098615404245 0.92308394079510758257 -0.05084677748686987353 0.93028383059043284753 -0.36329960055205645642
7.3419997801382157476 -0.082660896622730475891 5.5086151621108419008 -0.98823098386243413138 0.0026685377089672567691 0.1529457467232255008 0.14864584853044945922 0.25277755678717744869 0.95603761353793614841 -0.036110029754824989057 0.96752074173691859915 -0.25019928069432084694
7.1171015314258001538 -0.18135717140285856352 -0.066761927013280319976 0.90541818545455698963 -0.016722204351452048948 -0.42419132161069372788 -0.10433423797249763432 -0.97734140079243969623 -0.18416881680657984366 -0.41150003187719946807 0.21100747422516827334 -0.88664737612328581307
-4.9359321562835942743 3.6727211823493401965 1.292212731589143182 0.99728192816786431774 0.010743194545614329072 0.072892657522341364196 0.055007955160535172701 0.54962573425414196215 -0.83359803089652351193 -0.049019186231212361071 0.83534192760598491301 0.54754085086376957925
0.04744758923719588628 3.7584133111051842846 -0.68546381761525432275 0.16966896160828767726 -0.0055318596108739747502 0.98548558690430132501 0.46534304727627551213 0.88193301309246641129 -0.075166540224161193517 -0.86871646226978405103 0.47134229488433909694 0.15221087094790228256
-3.5375885723331377264 7.1733910017081683463 -5.5665685487424880762 0.96749254827677821922 -0.0054510345890664661794 0.25284077054699666265 0.14070641334726605165 -0.81913745108393709593 -0.55607152550251881529 0.210142509435514796 0.57357137520424084087 -0.79174238441216326923
1.086334816690908367 5.5161270425633786019 -3.7610458161430466717 0.95780482940480038412 -0.0040636832151355736439 -0.28739066659789502811 -0.071653700311445620019 0.96495346060181086401 -0.25244913567709981184 0.27834449159366159154 0.26238960602739053174 0.92394590677615928698
-3.8114298999812010749 7.0581347541365433429 5.7916468530329261455 0.90699494151840787115 -0.0064557456669187499726 0.42109203199299982678 0.41715269067120369639 0.15106264451550444061 -0.896194013647594101 -0.057825675316921031077 0.9885031111634452472 0.13970608610314649844
0.33455070577509249397 4.5634103974704229856 -4.0660416514455928194 0.99995749349829743391 -0.004441922069643581758 0.0080796364378292444969 -0.004359572849982142756 0.54437373934264521314 0.83883146462129831722 -0.0081243658956313257596 -0.83883103259381341932 0.54433123503639735397
5.2948581016330376059 1.3190643433773747706 -0.29620101394089959346 0.9978402519512530322 0.0092243456269916462159 0.065036474638922134317 -0.0084850434739919648741 0.99989631505763387764 -0.011634567949379700028 -0.06513705261184121742 0.011057602899211572967 0.99781505991595864646
-6.1564785693572545711 -2.4084287546536309321 -1.6196332002569067132 0.79683179003890614034 -0.012174960733147660932 -0.60407852859916788546 -0.38676986009305625025 0.75782875847523478718 -0.5254566091994994359 0.46418549493390631744 0.65233989848772466758 0.59915313829942917767
0.54729966690967923881 -5.3149205649564335019 -1.9105873381073379402 0.94330257914763626648 0.0013896683573614257608 0.33193118713858738023 0.23499602207103656437 -0.70904234771628860123 -0.66485774324730706475 0.23442933644104280155 0.70516453255031519287 -0.66916804186157785583
3.766487496266103463 2.9249079521460186193 4.564501455668291463 0.78700060761966206258 0.00098931383617467845426 -0.61695142828630067378 0.048584701634360155653 -0.99699253278155441915 0.060377283351954975921 -0.61503623500849324834 -0.077491359750607502477 -0.7846817946088531226
-1.1668284447303653995 4.7588797221749663535 1.6700201198581086093 0.92249646401374973959 -0.0083763666161537960603 0.38591464129334474009 0.13583346733917250893 -0.92877468159184028984 -0.34485773876276243355 0.36131640293915473494 0.37055016842019072865 -0.85565356871277598039
6.3241097185652339618 -4.7779414370146628954 1.6115106034489032893 0.51577095802902539479 0.0050045448169981337355 -0.85671189637181743848 0.80701761087805501393 0.33283056578468961373 0.48779748893605584525 0.28758110957882843106 -0.94297336601337078399 0.16762558397436547186
3.6121068178208024513 -2.4323575557130054925 4.1087638524399974216 0.84016771031894021959 0.0039645427038978650613 -0.5423121803341156566 0.54144547374659168781 0.050849542324806172588 0.83919671293730513373 0.030903357372570626482 -0.99869845621517649992 0.040575559843269909388
5.0180477272612273865 1.7171623216072413598 -4.6858738518461784395 0.75427450611441870798 0.0042432502736558398021 0.65654547767301829619 -0.61569526553392828205 -0.34270407237446048887 0.70955849566977269305 0.22801164317848995888 -0.93943382609149173046 -0.25588039582966676244
5.7126708139264392727 2.6735731004456186888 -5.1867250251434988684 -0.92905541799106494683 0.0010084649866860199291 -0.36993920216677711466 -0.003515328684275424373 -0.99997520164144271249 0.0061023410563396107698 -0.36992387428450479447 0.0069698709096692804121 0.92903592402762202873
-1.767856762996718567 3.9427659633131941774 -3.5930393580602602022 0.69894382797775667093 0.00058473462302997391421 -0.71517633029712845971 -0.25796082453245611221 0.93288952233050603802 -0.25134309644887131707 0.66703353614225058266 0.36016218181725917491 0.65218821244348479382
-5.0257337234534151804 -4.3703504456016526447 6.8611368813680684298 0.83189424480387474947 -0.0091098096271960450621 0.55485942078224292917 0.53662744389900951525 -0.24149462554111517099 -0.80852416926728720714 0.14136106931078132321 0.97035939589593012133 -0.19600941528403570402
