1125 14.717824617146108679 14.977075390850430381 15.033177056927090831
-6.8707729283186296243 3.458708738326490284 2.3174382781803966047 0.95231682248169347016 0.00035754955009174773511 -0.30511070413318447381 -0.01749378564274646497 0.99841824919314337006 -0.053431892555067458939 0.3046089904816078886 0.056221631392716443776 0.95081674947450056656
3.7719651749381473138 6.7117959515374145951 7.1685497389034740223 -0.9576770294047018961 -0.0065189898293996541984 0.28777110717058124179 0.27916661195734010503 -0.26467251559105642311 0.92304629475391308802 0.070147773441721295029 0.96431631857106070438 0.25529067280042061494
1.3539838694458565804 4.6865090713105042042 -6.2392618570487323737 0.97374827122851526084 0.0037855200847157141619 -0.22759607667332482084 0.086000985692028519836 0.91963504556338926399 0.3832430213737224034 0.21075610249628018433 -0.39275571645662854525 0.89516747731991697101
1.8500305356958786085 2.443658750193811624 -7.0118668598940416814 -0.9073324010358860825 0.0053593199644070832477 0.42037981840233351605 0.38612750231625680986 0.40613757418239471164 0.82822570763783109893 -0.16629331311112835468 0.9137962292145919152 -0.37057116116568594721
-3.3039542358425202373 -0.65425544589684925256 -5.3214273371666616086 -0.96898605021232975254 -0.0079174312118446034392 0.24698856001234315016 0.044811258066721579296 0.97728631567604851149 0.20713137942587028784 -0.24301848827697467015 0.21177528532716011211 -0.94662201690016190003
-0.31497021998728713665 -4.027507031052052433 -1.2501774619376737618 -0.97950015702164305864 0.0052863804854482495527 0.20137402160150241759 0.12297519618301042121 0.80745829112615408185 0.5769646516168084327 -0.1595510686844857362 0.58990097666727148162 -0.79155561662379114729
-1.5032240849769225033 3.0429131570797762762 -3.0841371724850121794 0.81323285477814966082 -0.014202924135409676978 0.58176507359529738839 0.52614780060003119022 0.44507598106268236871 -0.7246211858653074378 -0.24863792114872362848 0.8953801695520896553 0.36942324796881559346
-7.0785920835492435188 -3.1708411647203660344 3.7869000527436922354 -0.98413412666870381251 -0.0082316105222476777109 -0.17723504538999146352 0.14261150536161523728 0.55758698793180017095 -0.8177766867719304944 0.10555557429463328922 -0.8300777020720552235 -0.54756646104187012281
-1.8318999856949687022 4.5619051195420565747 3.2085808213827671231 0.98385755731410995395 -0.0079153072285164331051 0.17877822805775020476 -0.096628493197565917816 -0.86436165611612991722 0.49349960662457625915 0.15062284427790548214 -0.50280838830283258734 -0.851173591832997678
-2.8572913837098323775 -7.4308654427930314057 -2.9775131157199656862 -0.9990104820316694223 0.0059703281376849567583 0.044072803096365485709 0.013199476841259372845 0.98610236196203326919 0.16561372390026662949 -0.04247152695587725485 0.16603158408845683502 -0.98520540116424937249
4.422255323031243357 -7.4769958093517869813 4.5564259659589119167 -0.98607089558591076717 0.0059305908144856884362 0.16621978513699031677 0.16299320277841097826 -0.16458815820562641696 0.97280211452619202994 0.033127099577753900406 0.98634454744327082487 0.16132894657346946721
6.3345161261350648729 -0.21865613325084690133 1.912272310991308677 0.90651125390424303063 -0.0073416168274190868326 -0.4221178119995447342 0.40797160237566509888 0.27245761439568705331 0.87139314893606290013 0.10861177744576498705 -0.96213977623836555164 0.249981064842723949
-4.6452684095438554479 6.2749841291458814396 -1.2955055157518213793 -0.9121237655746982087 0.004132190126673349756 0.40989408543987704281 0.29729037849044331887 0.69512017897574263081 0.65454286921322235582 -0.28222095445037959083 0.71888167439823269511 -0.63526409554103424604
1.6040062900033922322 -5.6223000347706353352 7.0046048583073190485 0.96392322758709259034 0.0068323448465867171395 0.26609271012582152993 -0.15881940877005756851 -0.78746653682792744355 0.5955441619009365084 0.21360806800338108524 -0.61631953761034108386 -0.75797217682696882424
2.6620607777924081283 -3.4418426374953572378 -6.0869838529457593879 0.98105004697297648608 0.007794570447649909993 -0.1935976497943648067 0.14162917956111112372 0.65300554873333926942 0.74399255965386201783 0.13221944195613116735 -0.7573130119012970729 0.63952718564091060038
6.2725315852371297254 6.1056482648555254755 5.6331516949576307951 0.94374954904562535773 0.0032296071466453033297 -0.33064536638805797075 -0.33062957114761942767 -0.0046001437058283863035 -0.94374939754180564577 -0.0045689560000329934586 0.99998420403293164505 -0.0032735799220125379183
-3.8849648051472449595 -2.4798688675266635784 -6.7390518508953025645 -0.95837246907476658642 -0.0057248155660850827409 0.28546354759630898634 0.16981602088998792865 -0.81517153289134725025 0.55376700065343797963 0.2295315437333451114 0.57919133147030033015 0.78221012009634161011
3.5969484391077148899 -0.4909025336544157736 4.5097363839240456329 -0.98150985950615432518 0.0049368443945435568077 0.19134791156339225893 -0.084558751955630256925 -0.908016050993019741 -0.41031289110494167938 0.17172132412707205584 -0.41890628869302043435 0.89164416004010638162
6.3947186253973091752 -5.1724692921027788373 4.4773169485841002313 -0.85376037748486321988 -0.0053661431130247209606 -0.52063847566700849345 0.29927290746798640431 0.8132009142942098201 -0.49913925897168270884 0.42606213712615964573 -0.58195831250978202753 -0.6926727783075794509
-5.2686088965899555703 1.6157684831581404783 7.1752519340226212918 0.85159394427764689706 -0.0026833485177038514727 -0.52419514849932946632 0.23494378082781672279 -0.89197122157890873506 0.38624960805832370125 -0.46860342926614262371 -0.45208421728216796609 -0.75896685472071123701
4.8861575890935622368 -7.3410093864526260177 6.5767600980380898079 -0.99962809178826050882 0.0025859745944751370839 0.027147575272976169625 0.025389301523145467454 0.45158044070673702963 0.89186909854484353044 -0.0099529631754481547035 0.89222666307752707127 -0.45147815032129068324
-5.7981704248145886638 -6.4729365731908119486 0.053058253812053847442 -0.95166740604949895399 -0.00022932622379972416107 -0.30713042127438849871 0.073642577890899452164 -0.97099830678978382714 -0.22746221429723023633 -0.2981709559704026069 -0.23908625142595762991 0.92408432807546037058
6.2664873856353127124 -1.5167592992017164821 -7.4557222593964294077 -0.96077396738117282204 0.00036027748746787898945 0.27733238866539150491 -0.26453411045345431862 0.29908827030774071121 -0.91682490747737288572 -0.083277175800329700239 -0.95422538048645610953 -0.28726091837607187207
2.7422176880016766454 4.8227324259426840314 1.7326891477495405258 -0.96796286471077630509 0.0090370581544240002198 -0.25093071577820319495 0.14678102940078663341 -0.79045441567835683649 -0.59467398307194652141 -0.20372339568414660205 -0.612454200993466924 0.76380405192458600272
-7.0510205040340112603 -2.6629071436640527892 -4.7349627189716363418 0.77795509499189086089 0.0035841188442796989566 -0.62830965635441682338 0.32948876253241360379 -0.85378743334894768857 0.40309325722493699606 -0.53499815470803402384 -0.52060942437438595398 -0.66538921069675260878
0.32642164197699918837 6.7955573051597601975 2.6045538523330136194 -0.86368476895497214851 -0.0092349153737780256823 0.50394775147145176586 0.13583644931362981456 0.95857419601756033156 0.25036766917289310364 -0.4853834349387676772 0.28469321570286754142 -0.82665149489956024631
6.9504688494453006342 7.1983141359379496649 2.7007282265559870993 0.99988691947001762106 0.0055108263389322346276 0.013992107274606483541 0.011415842693384508494 0.32751415425409252657 -0.94477730566460471628 -0.0097891168407431387866 0.94483020144165896781 0.32741420805333359967
2.4321282854990471378 -4.6528595402328880581 -3.6031147810276213939 -0.99531691173723790822 0.011708455178788627557 0.095953933150648831885 -0.04243611676905166552 0.83894845198498402272 -0.54255384148076712947 -0.086852871013670687739 -0.54408492626551763216 -0.83452272096539126256
-4.7194470927939757843 3.8095460156398655016 0.054746602239957538327 0.85552850450927875325 0.0017910536524638042549 -0.51775261476801714977 -0.29948450221004069283 0.81744028096852994203 -0.49203701078887412956 0.42235057820284332974 0.57601057210511108497 0.6998798539141894981
1.4039968563724285477 -6.886470873767711609 -4.2489819912551718417 0.89871635692440621224 0.00025163879847345943519 -0.43853032560393984118 -0.41881823566290871108 -0.29595381308031876166 -0.8584885706864557875 -0.13000075104626437894 0.95520221796286075566 -0.26587314179192439445
-1.5968554402179393481 7.4459254855147980479 7.4823251034502256118 -0.95136702473757117637 -0.0051341265397443379068 0.30801692321454554602 -0.052506201692226833755 0.98793335372583790388 -0.14570788372582141323 -0.30355210924282888252 -0.15479447451599126495 -0.94015678885673614751
0.19058835439002921874 -5.9294816230797744439 -3.7782564444734174636 0.88365528728593956131 -0.0030856289599401273693 0.46812798692850032811 0.45820497515429842172 0.2106030430197158021 -0.86353607858311975942 -0.095924626637761856163 0.97756679422165515536 0.18751434302382502528
-2.1451148174502789878 -6.9906817899312363451 6.2708256374672268763 -0.8732320147060113058 0.00741502471566557117 -0.48724825900251056421 0.44893823777848018697 -0.37664187371419588501 -0.81030571861819522539 -0.18952653416543327469 -0.92632926995405484583 0.32556685407722663061
1.2754043670381005615 -1.1826409495556162721 -2.7748780104852204254 0.99432399885672939632 -0.0046458447023994464339 0.10629299800404788667 -0.014214068208482798575 0.98428976179433347315 0.17598757084481581048 -0.10544072060947018432 -0.1764995211152152188 0.97863689562752298468
-1.8665226992813130913 -6.148575898737223433 -5.9106307737707854955 0.98791435208133759893 -0.00958937335525831408 0.15470383599119802431 -0.098236332720140623342 -0.81076779934591380883 0.57706602609883117516 0.11989518708208887765 -0.58528934678707877914 -0.80191117005075518431
-5.7062220837795329942 6.5997528757389556375 -3.4146407137936813925 -0.9263763952097998633 0.0014664728882304014709 0.37659610175248298125 0.10458068952752277991 0.96166294729503432048 0.25350987195313623435 -0.36178675179699287812 0.2742302413247112991 -0.89101521926787663475
-3.1006539256401830507 6.7303066917516103373 5.3988864919997352487 0.97772099259401834548 0.0098764655583823343643 0.20967621722321361233 0.15403043179928552209 0.64485920053621637038 -0.74861955462263574113 -0.14260535305759808322 0.76423757229786770662 0.62897110137711176314
5.047037128242399362 -7.4826418099073457313 -7.2963692603790821778 0.98877799601507998517 -0.0020513449858216431521 -0.14937826675950374722 -0.023969779700448470144 -0.98912959141059231261 -0.14507963694835518398 -0.14745685557964216539 0.14703211683071523708 -0.97807874548160889105
-1.8838219786093381991 4.3707843129106267455 -4.7402716931361936759 -0.99973989056125966979 -0.021734264981284570628 0.006911797614969562159 0.00093957420232976284792 0.26355159144294398876 0.96464484441081244093 -0.022787461922415867821 0.96440042532831327105 -0.26346261823174554895
1.9803453570325650901 3.3432725872076107798 1.8006921092637420134 -0.94872550403707966993 0.012351308634692314409 0.31585972070641882281 0.24298726230683340144 -0.61062371241731516758 0.75372134916705535446 0.20218088026889857733 0.79182455569949805607 0.57631307866910974624
4.9736952395393299042 -2.6024487705576371255 3.1087552099160937757 -0.83960709687388812572 -0.0020188820291130106684 0.54319043345261242006 0.12344726990393489752 -0.97453616420158772904 0.18718984004581498692 0.52898080724375762252 0.22422129421281722372 0.81847670509863557076
4.8382134372715164261 7.2476263971078722648 -1.4834911760847082629 0.99615287447132327969 -0.0134611380631204057 0.086592427177581476894 -0.070725659609949712014 0.45994975658696884979 0.88512377806063380348 -0.051742939182066835513 -0.88784290230747753281 0.45722822426793535699
4.4940342544844886774 -5.6106635894816072607 -5.9407910602181681625 0.34679765658122846395 0.0041673477186880492421 0.93793071098179703338 0.5864634686819069076 0.77943927928219891577 -0.22030662680344290094 -0.73197813170299841357 0.62646392005046325213 0.26786371830409994033
-7.2518288786012679026 2.9443335097606158079 -4.769073908456182842 -0.99981638473881540019 0.0038579019980742347562 0.018770013321364208136 0.0081209609375099203743 -0.80190489970081690885 0.59739650302732849596 0.017356462812530806111 0.59743924245729496114 0.80172632785173225667
7.3184017152895730618 -3.852109076019875733 -1.2017794191601218756 0.59457997816819019299 -0.0063769268017067337606 -0.80401118422951589615 0.56082796743348850566 -0.71325780559937879133 0.42039896966562362302 -0.57614810639802471748 -0.7008727684509061806 -0.42051245158492267517
3.7594564827295848808 -0.43148666670936186573 2.1215922704371932284 -0.83764886900328916486 -0.0023368644268692072112 -0.54620409310283990489 -0.15425591182028494663 0.9602965696818009933 0.23245561280797039094 0.52397469970029986186 0.27897139158361322631 -0.80475181065462308982
1.9264534436592837263 -3.7288280602870380598 1.9593426732874594798 -0.97991046312687746234 0.018305258370105513543 0.19859607692622999187 0.018563999114099880017 -0.98308393794640536179 0.18221237303941142938 0.19857205793207918787 0.18223854824860732937 0.96299441812546515695
-6.1227621309604858268 1.9677325453557776846 -3.2823568716121291899 -0.96461068119635262619 0.0012571074644875564197 0.26367528022694181056 -0.25972713888702791962 0.16793503208882207267 -0.95096773779284871075 -0.045475785287546692526 -0.98579726347669238695 -0.16166542077491541374
-4.9374808131111409537 1.149232568951393807 0.60925743776149288156 0.92988347497716594692 0.0041283893411306294904 0.36783104731077065352 -0.16755864029504222157 -0.88542464231332207447 0.43352889736076011262 0.32747644957578664338 -0.46476462772658777567 -0.82264999592009846463
-7.2203737186591974151 1.5616430668676519744 3.1799785492206686932 -0.97156252108796170575 -0.0091716361591472218145 0.23660547057794109604 0.16386586732519778375 0.6952637333543172371 0.69982592021735001708 -0.17092175152106414693 0.7186961960190944021 -0.67398926748470289194
-2.8656005178602326211 -0.28605194159927632702 -3.4005154321548758389 -0.87195819823968501172 -0.0043245630938289984085 0.4895612307734513724 -0.16208173519733418133 -0.94102207602700926881 -0.29699657160522807686 0.4619723061374312878 -0.33831752922939845041 0.81983098122613917713
-6.8848237821312867624 -7.2569504878748336552 -6.2095187177510720034 -0.9194916499976294455 -0.0049189836215512965784 -0.39307875697490651801 -0.28100527503168343246 0.7074711944613153447 0.64847555421308022972 0.27490205708418985475 0.70672506153931224926 -0.65189611626637455899
-0.56400125555844882186 -0.24174578720508588248 -4.1329431378005807574 -0.78392187618142428196 0.011425274036845647213 0.62075434364762482886 -0.21708808147759528495 -0.94176316285862449185 -0.25681688021429510682 0.5816693707980726824 -0.3360827401040082929 0.74074903636767108761
-1.653942910080664408 -2.5765426437152378902 3.1658384690557950236 -0.97304666558822849876 0.011775625964118638725 0.23030744933807456576 0.22934854891995681836 -0.054830214598996403208 0.97179879125029899889 0.024071345949021202837 0.99842625275992280542 0.05065163476164510209
-3.5481205417330516916 -1.5315380132422202752 -3.2406375744261253224 -0.71530646845129841616 0.010850293193767906672 0.69872664707258969052 -0.48541152143866800328 -0.72700008810496918876 -0.48564032652783489796 0.50270499405355173472 -0.68655163173135058674 0.52529472291336620771
1.0838618081850353025 -4.6034557166406724349 5.1768798758226113321 -0.85742040916721073973 -0.010703168360661916014 0.5145052809548935624 -0.38072175914283368225 -0.65947027559560777998 -0.64818970812639842283 0.34623862300245938917 -0.75165444041323958846 0.56136834444816186007
-5.8996624597979856475 5.3746725785443478784 4.7879050876206488141 0.93553581023374465797 -0.0054610215683236701736 -0.35318964454476314829 -0.26414837327608425843 0.65302375528187184273 -0.70977856542237127702 0.23451734406183888382 0.75731773535351742943 0.60948458803585447985
6.7815915569755249592 -5.8435989016307567923 -3.9515110056537388061 0.0050249018649045681245 0.0038265569166440428425 0.99998005371283149589 -0.19745064105657811337 -0.98030135371167048675 0.0047434436339535250571 0.98029995139625625278 -0.19747053798811009528 -0.0041703619842057594591
-4.9526601341969733738 2.0792270592077444213 2.7357890807300795366 0.84265711091806827504 0.0047887824569901576294 -0.53842925346025460875 -0.2744577897360296892 0.86412764278347009572 -0.42184871533609036298 0.4632514598708674658 0.50324992254356393229 0.72947762158113416131
-6.5413273690617073086 -0.95530360537112690711 1.0333514092649469518 0.99300078642562328302 -0.0033832595950384070083 -0.11805927203112227819 -0.034180203569915412753 -0.96504784928382658649 -0.25983525987908834276 -0.11305375642550997972 0.26205190735238453881 -0.95840891377895487402
0.51373877837694059689 3.4673172519978248118 -5.6403586903718396783 0.84569514342215357239 0.0019675257219067847012 -0.53366267738584838298 -0.51527998477827008372 -0.25721586860471717939 -0.81751240615950249158 -0.1388749857928618936 0.96635196785664556618 -0.21651238426611102428
-6.4706977777560767962 1.4670038434987309195 -6.4577401032663193092 -0.90428618210291022983 0.0011896534555679112374 -0.42692515220153076649 0.42540853797865890717 0.086771545080308348785 -0.90083199031738792062 0.035973277200042945434 -0.99622752606472819714 -0.078972397953119818914
-0.17297523994838334693 -1.8588644045345441569 1.4481482782743686499 0.92693042324683616595 -0.0041457391661978782241 -0.37521034541475112301 -0.29961770894959122158 -0.6101567894646626744 -0.73344251359880785479 -0.22589647837738571767 0.79226984362466512657 -0.56681502797621041712
-5.2895931864492213847 -0.7074023239951247044 -6.9496084029791616032 -0.99869901063077493042 -0.012735451135398614259 -0.049377064003450335528 -0.043845703862435046749 -0.2799236937959576621 0.95902047939783419128 -0.026035368597826284709 0.95993777607503338878 0.27900112122712183993
1.1045561613515417765 5.872425447174442148 4.467704585508107229 -0.86974048781217405679 -0.013083215410012279806 0.49333590314794073528 -0.48599079862740990343 0.19653472513639130836 -0.8515791480919616685 -0.085816242691833674594 -0.98040957323461852546 -0.17729253001787451116
-7.1992347628733979192 0.71791825844046819327 -1.5834819115107494625 0.99470630083044075942 -0.0015325611502194792096 -0.10274739093823433145 -0.076574957539323904032 0.65572175062704574078 -0.75110935397764744259 0.068524820073853423552 0.75500108411250221874 0.65213320113527240007
-5.7965487978683984949 -4.9016272874537119009 4.4997991679615187977 0.78781010880140167618 -4.6174368078158185141e-05 -0.61591820101237804153 0.20151680433851326679 0.9449809698707862804 0.25768574689175621772 0.58201908047720030126 -0.327125303897287667 0.74447486560024578317
3.2389925266573631468 2.573431190295343729 -3.1760418727685451046 -0.9600547688479295072 -0.0075682841196080662821 0.27970978153785447384 -0.012769558027700370073 -0.99740760250447879631 -0.07081675546151858236 0.27952062392643822752 -0.071559734081414888562 0.95746928162624778125
-6.0541934952756308874 5.5141299474953866522 -3.8491148097020060348 0.96489136119015050941 0.00049000045932023547635 -0.26264885493789286164 0.086214349768449605182 0.9439987358430838027 0.31848622045645696987 0.24809624542633212929 -0.32994870302231116277 0.91081398011835279505
5.9318247637006011885 -6.4335341663825280634 5.9646676870913477586 0.84271768635558075289 0.010844263351478687987 -0.53824650770416970769 -0.27091188713000791122 -0.85544021250810786672 -0.4413941461276534306 -0.4652243012946244427 0.51778803073886070507 -0.71795675685128224064
-3.6202732767370480182 -0.14189380368193402204 -6.3594403425394308016 -0.68284645767020235585 0.0004033296863880197862 0.73056180612753740533 0.72511524303481567078 -0.12150826554164806392 0.67782270965472957158 0.089042683954424217685 0.9925903378182264758 0.082679028199199491866
-6.7258951563801971929 -6.0568853762995935597 -2.3217601251029154064 0.9999528170740152877 0.0039402266404369411246 0.0088790900290758277558 0.0075994594794852078634 0.25203746623577993891 -0.96768763753037734254 -0.0060507719623722547309 0.96770945548112929924 0.25199563077798403654
0.27875564779763800649 -6.7308880339923247149 -6.000081007749757056 -0.90743232321045419475 0.001645514294153912864 0.42019503932755214448 0.014672264484514824928 0.999506616599561859 0.027771352660156459896 -0.41994202391245183392 0.031365835815227172123 -0.90700875458617902236
-5.5840782410927651824 -6.9949799848014615478 -1.8676429954037438996 0.91212787988805998918 -0.0049729925592978830445 0.40987559097352482818 -0.16804259980403615793 0.90750242631663990966 0.38496887001488977464 -0.3738775406225915976 -0.42001739913291558093 0.82692258951095531927
0.037359160729422843938 -5.3218332896780298213 4.9782640101977202463 0.91089683051765357735 0.0026372151539948273519 -0.4126257496196932828 -0.337821357110550613 -0.56945131508246682461 -0.74940104779148331016 -0.23694660755746804748 0.82202082993507474828 -0.51782049044045463937
-6.0533399913004473092 -0.010298495500664115593 -6.2310669360073962508 -0.97989708801221542256 0.0018563101966390816583 -0.1994949899563042417 -0.13842785328659978905 0.71375111372406752075 0.68658362716550946914 0.14366428345170365044 0.70039696013749774828 -0.69914567286819295777
0.47173891732932615728 -1.2033295213366446141 -7.477922236344575424 0.79423481568463516478 -0.00083251125742238047539 -0.6076103722612375968 0.59937553818667121952 0.16515800622869897252 0.78324440451377597139 0.09969965786250208073 -0.98626676913680622061 0.13167322551879154235
-1.5185332036323992977 -4.8303441767984702793 6.1876924562626749449 0.99817691311663869769 0.0093800782876049242781 -0.059622682364403011002 0.048448934615285516037 0.46458631412566997465 0.88420148012863841736 0.035993761343621095972 -0.88547815944743801797 0.46328487811067092794
6.157046705043129009 -3.0996559383792923192 4.5341334570904896495 0.97705120700124770128 0.0032610338887004725744 0.21297958718028853209 -0.064939578012616516745 0.95684144562998429961 0.28326189142250723929 -0.20286396945989651486 -0.29059217742857929023 0.9350948595261290297
-6.3478637866553180302 0.09985480661083225018 0.47273131599699269589 -0.98456112325080791248 -0.0034740090250695607015 0.17500664514334213218 0.0017673216016332532821 0.99955477873654796639 0.029784574518910922336 -0.17503220034434760488 0.029634027168269218289 -0.98411663601242282962
6.1186232118564074511 -7.2436715048105666526 0.44432287117810254085 -0.99326966064327870676 0.00065121189991889684434 0.1158229561380505479 -0.10712188845451353636 -0.38546296894858028681 -0.91648415184513498666 0.044048635159596144506 -0.92272307627604321922 0.38293843140668848424
-1.4365081474211671697 -0.46568892748064871778 -2.3719294588390176237 0.7491787557571645273 0.0061983615038397870539 -0.66233886511120620977 -0.29026380150830954907 -0.89575543821335112948 -0.33670331219799892741 -0.59538064921190114731 0.44450396536572978068 -0.66928178469016241792
4.0830770511049099269 6.7655338179015256372 3.5274364825239987731 -0.79790496177907233033 0.008752600867966767173 -0.60271972254655292733 -0.18388304020951715123 -0.95576814279787247752 0.22955235728706041565 -0.57405112968427074449 0.29399089984349313642 0.76422159830606373188
4.9621296381072781401 2.1360784507327239545 4.1530118665221058549 -0.97579046242812084166 0.0034335263902872770019 -0.21868055316102769092 -0.18933152605933631363 -0.51379116493170651214 0.83676293660635314708 -0.10948308853124047446 0.85790841570335396593 0.5020025932114683398
0.26881182711229378857 4.2540445662409878125 0.83662283446917828922 -0.62923599465102297845 -0.0008293457615169497546 0.77721385423898547984 -0.42107116506010300316 0.8408902540138057935 -0.34000390388846785106 -0.65326957451754508188 -0.54120503775385098155 -0.52946762896283994237
6.7074741105449966483 3.7889560102927961616 1.7115693313261231001 0.91017520441785926266 0.0030526544370630998189 -0.41421223854894700933 0.32071275257566794759 0.62766867479133070518 0.70934854974199179622 0.26215344285013569836 -0.77847460844056903806 0.57030943917777554564
-2.9775802202373773397 -3.6409458469936661906 4.0404056361586606627 0.94453844686246435369 0.01334568040859658751 -0.32812957076926141387 -0.31633262890322227934 0.30535302743082498589 -0.89816100813277788273 0.08820878805394458122 0.95214569339634091971 0.29263934844239558597
-1.1499092424317036709 3.9967741525424211879 5.582492215905073607 -0.98557679333566483582 -0.017138883799436052668 -0.16835867396779796712 0.15600959000662326104 -0.47748857523392607138 -0.86467662646048670805 -0.065569751136202253372 -0.87847078447907445131 0.47327548906822941577
7.302182632940867002 -4.2994260903877190572 4.161298128764824078 0.99995864530493139277 -0.0087295938773573368563 0.0025498766033757967742 -0.008370312662826968203 -0.99306275558552759009 -0.11728725989951416242 0.0035560576321187835867 0.11726106625618343271 -0.99309475720830076018
-0.29614958795378154566 -6.8443709684196631926 -2.9082166262182269634 0.99994284760026919123 0.0032373267207126336757 -0.010189271261857289069 -0.0092349670355464791305 -0.21864982410147704162 -0.97575968855247796618 -0.0053867352819139185591 0.97579801912905128614 -0.21860743113377303914
3.2716295354257249883 -2.9387980529980097799 7.4731674697099901294 0.73880125211044966882 -0.015804987138123907653 -0.67373801455882709188 0.58656321579730807958 -0.47718096012535249351 0.65440195993557515042 -0.33183776722003166526 -0.87866292380835342435 -0.34327126674251662308
-1.5098488537706071799 5.2324692096823666176 -5.6076545359335110419 0.95886344368781351033 0.0024959366970480727221 -0.28385677138134862707 -0.10304001498988525631 0.93481887789210205142 -0.33984764358105651327 0.26450643029978282428 0.35511608783143150392 0.8966208298346602934
1.0055596347919848466 -3.3580675456892126185 4.1629540532732693947 0.83437815828919925654 0.012588102404641561896 -0.5510486626855860548 -0.30722034624625121912 -0.81942393552506787024 -0.48390089144480319394 -0.45763385781887616632 0.57304969554705020851 -0.67984211300219044016
2.5432836843748365396 6.6286298531006657697 -1.6237976011193380188 -0.99209073232262423581 -0.014548444225314781375 0.12467686878478632939 0.056015641384820749615 0.83755936435908828752 0.54346716468856359761 -0.1123308807033881751 0.54615259218000189456 -0.83011994271625666464
-0.026840442773118939473 1.1898978159273538857 2.193617595500592099 -0.93252508161683078658 -0.00049541800784593361187 -0.36110486941687197637 0.24927974882149656066 0.72261608359056894724 -0.64473684753060833685 0.26125960074804643885 -0.69124941251134663922 -0.67373412465138771132
0.52695380543941605644 5.9751242371754997862 -3.2896764458958633881 -0.83792091516200739587 0.011816141468574613629 -0.5456637414515876916 0.48546054809463029533 -0.44076806903896642575 -0.75501759288077352483 -0.24943254835288647397 -0.89754325139038770853 0.36359251326960451145
-6.1149565519113124878 6.4008694596452127001 -1.9320936856093169354 -0.99561763092895483318 0.0029648101925854658187 0.093470545542056762689 0.033420026884213242802 -0.92221478626263708733 0.38523108623454305199 0.087342056229907302778 0.38666664958195662294 0.918074216670206944
4.911708982981514815 -5.7537807054631757708 -0.83322255237344045042 -0.9204881044385241351 -0.0057250930932918513497 -0.39072864355751901755 -0.38402841363615963788 0.19819108666997795054 0.9017995734555724896 0.072276047950200775216 0.98014668110117708633 -0.18463113610408615761
-3.1974040474093068376 -3.2547041852852829358 -4.9480187793181391598 0.935960119291656234 0.00094183239258500387088 -0.35210476856649436384 0.35002903138370444758 -0.11094470127496261491 0.93014566087654426685 -0.038188117052868557344 -0.99382613479957992997 -0.10416948452018376381
-6.5421257037671258772 -3.5504301501652100193 5.0976355677647129383 0.92950746575694331852 -0.004862950995714796637 -0.36877123370676462288 -0.0055765925328652874923 -0.99998407275008793782 -0.00086940309120461800596 -0.36876113233053464668 0.0028646035722988457545 -0.92951977995554613265
-6.9422017637528394829 3.7080622961051954434 -5.5699634652688612135 0.86141665523792809722 0.014160057299689384619 0.50770152536293677858 0.45881957511881293899 0.40700459960289353534 -0.7898302687222701346 -0.21782089791022535286 0.91331634644267767342 0.34410362938254951404
6.7427932840405446768 -5.0984169717519041143 3.4264221688457201509 0.91662557316147097453 -0.0068657194342909757395 0.39968790389869940372 0.30565841089806722319 0.65641228826270403562 -0.68970707091128025112 -0.25762471634833972178 0.75437110874842905339 0.60378285485100213759
6.868954070180055993 -1.9217971802279827376 -2.185417671342803736 0.036909610629081011923 0.012955791973109406778 0.99923462114638494924 -0.41333959466786285297 0.91057036859500739556 0.0034616927307854982419 -0.90982858831928303811 -0.4131510030135668865 0.038963939557976064176
6.177504850828830385 0.77805261244781320773 6.3823856091574286964 -0.51726356071063961384 0.016699623051159025178 -0.85566321140440371185 -0.27867942520580651911 -0.94860520861905561762 0.14995311316452053507 -0.80918241869672880018 0.31602101317909270239 0.49533274927200621196
4.3896890956989080834 -6.4342616460659218802 4.3030142134019655487 0.88972424580534503757 0.0034213261676893386848 0.45648555393718376338 -0.18765164562019504002 0.9143203994551497571 0.3588942282012541618 -0.41614615980709673826 -0.40497716190846039241 0.81413504531531388775
3.9467199688044574124 -2.8798558689262754307 5.0473664664062294349 0.38903956180703103129 -0.00030388193915154796537 0.92122099791782863232 -0.6025570544354040825 0.75633690016423582581 0.25471452569525160348 -0.69683083707535364848 -0.65418223845187928323 0.29406187001222389155
-1.3966744092387952669 6.8367696399149480158 6.5789201705359454664 -0.99982547610281991002 0.00034655155413588546211 -0.018678791122706261962 0.017302666880558731366 -0.35987003278557511132 -0.93284198941824014728 -0.0070452150148950960784 -0.93300237909938210645 0.35980123059883084569
2.470641699495916388 -1.6535626368397176034 -1.322728178403555388 -0.94803458954151720306 0.0077123202088119069408 0.31807379198810753484 0.020146751733895677805 0.99915509233501442754 0.035821918646795930519 -0.3175287788961392299 0.040368571661058082201 -0.94738896605068634305
0.057063989532854277054 -4.5347894858853354805 2.2524097379219001347 0.65080628065228540713 0.0079208248459134572572 -0.75920250631646735151 -0.71626285041686854616 0.33807337437427142923 -0.61047024714711528581 0.25183072524247862578 0.94108642221263327787 0.22569366794582193525
3.5984199231247657735 -0.47407750455946179313 -5.2332382847459104624 -0.95363013949244224143 -0.00059467928384867793645 0.30098040369473633149 0.1836123034679308097 0.79121487560923664528 0.58332284596943695387 -0.23848706268240765782 0.61153795219196649402 -0.75441716176260342763
-6.8323641695794385953 -3.6684921620517463303 -6.0733637387434260546 -0.52281542967154559509 -0.0060270905453657739465 0.85242460116823659533 -0.7531991169794139962 0.47154580896280068325 -0.45862363679922990567 -0.39919308195248170978 -0.88182097062228192996 -0.25107102399947595073
-5.7177848018920798268 7.2509286269866741748 6.1590712487228271854 -0.12824397070859050451 0.004414837627059938277 0.99173282348911939721 0.046371160811395757684 0.99892307729015961115 0.0015495489957930951019 -0.9906579628822125283 0.046186522555981296412 -0.12831058300971623365
2.0557247843979005175 -6.2042319896706059623 5.9792860779036471897 -0.97021287158325952849 0.00020432893355832627835 0.24225387935753406321 -0.18801920461603957579 0.62994452434414793807 -0.75353744097046038153 -0.15276047430415962136 -0.77664010616139123044 -0.611141868138590727
-6.0381611628673468317 3.6745432631206136342 -6.9067881234080941155 0.96195178785301971303 0.0025896410259488569436 -0.27320697576336411272 -0.12955341858463495508 0.88471503310235810602 -0.44776692814002450049 0.24055076299912028781 0.46612509475711222384 0.85138870468104743683
4.3465667613875460518 -5.2249349353288705444 -3.8059831181453347426 0.92124446986561858708 -0.0016201104688187166133 0.38898072186719606647 -0.057089652692781711618 -0.98972579096389701192 0.13108634656697409904 0.38477187825730491122 -0.1429693461652931652 -0.9118719031527768859
-4.8900793599876264395 -7.0542434843679364675 -6.8593845852375290306 -0.22035770633504275784 -0.012827708700382240217 -0.97533477901085219308 -0.44216085048621511788 0.89259281717175964488 0.08815806843750381705 0.86944595206154406952 0.45068116515207018447 -0.20236161647185657575
-0.79496950021440870859 3.3381878632781485372 -7.3512552466108109783 0.89256613058035927377 -0.012394009046214425618 -0.45074614926872430543 -0.43888265619475758106 0.20551866287939354883 -0.87472515300497410973 0.10347809735511628859 0.97857471239958471187 0.17799948207723836902
-0.057910809231609558512 -4.5865152973683809279 6.9371220872224936826 0.82796586781663539245 0.0086394908844447948493 -0.56071194113177180718 -0.54309833806143081869 0.26144608382314177275 -0.79792865623971831468 0.13970224380976625778 0.96517941567921528012 0.22116052682096204451
-3.316191525414571295 -0.31151201841734460496 2.0035739903416507346 -0.98710017314221742968 -0.001763819384118127517 -0.16009415081062949859 -0.086444981884396199234 -0.83578690589413451306 0.54220615363799151698 -0.13476094868167337593 0.54905112410142009605 0.82485292618330663394
3.685051487658224989 1.6358190541136261587 -1.0965197620741506945 0.49278430245505489005 0.020219029222068210516 -0.86991656043051235336 0.86471960718380458388 0.10015240081350895718 0.49216815984293044162 0.097075394440549273023 -0.99476664975698436688 0.031869739967610631604
-1.5769004247296840582 2.4056206091570073724 -2.1567132154482853146 -0.9949856836738995014 0.0051708679634636760258 -0.099883689402734010532 0.030761109554581247266 -0.93443613013575377302 -0.35479976442471189424 -0.095169550924427012695 -0.35609321928579368288 0.92959151015672225604
1.1607399915171237037 4.2891381269270434373 -5.1060641377349078596 -0.9475290003239147385 0.0012947874860626054638 0.31966719736356419279 0.20766866683400639348 0.76273332427063944561 0.61246355063990232104 -0.24302781396434841588 0.64671183657982556081 -0.72298083105109456348
0.72444937374577400568 -1.3423263523110595674 5.8920021605037220525 -0.6653906137377432195 0.0017649259887514631706 0.74649327939770016016 0.47437245169073022355 -0.77112696573829908608 0.42465748526093993753 0.5763905865179894672 0.63667895186473866254 0.51226341273398223741
6.1666479768803608152 0.73621106963958105052 -5.8232052887308771716 0.68091247602524374027 -0.0056331404227258023015 -0.73234313523249772171 -0.50034765271411052456 0.72663663449899318358 -0.47079871264439571155 0.53479942634294508341 0.68699888583101575978 0.4919574213794754014
-3.2827214336056416144 5.5646892714634965671 1.0410420386398973047 0.97291931723780522567 -0.016258308688352159088 -0.23057248219170697889 0.15152984153049559035 -0.70840882646783209786 0.68934435640550517643 -0.17454715486420904758 -0.70561505226362697396 -0.68676101283321222546
5.5428052462113042154 4.2116163403712318924 -2.4348401385477038694 -0.99827073403523403083 -0.0020567496419560036235 -0.058747862512463805418 0.013826290815182405713 0.96313531837999377672 -0.26866185470091286103 0.057134711438533686279 -0.26900953193148680054 -0.96144136403572189042
0.15976137083964980778 6.2398864724811904381 -5.9270871157476046065 0.95357831561324601921 0.0044153900008135462188 -0.30111277010999054626 0.13073626913459243659 0.8946834559551037902 0.42714112606142151662 0.27128660845122681833 -0.44667887567176578489 0.85257349132131199365
-3.4140163295705638902 5.383016124301599703 -7.0994167141034711932 0.98532026840023756442 0.011209791509181218222 -0.17034761299774009435 0.090861394472866577332 0.81033287383057683861 0.5788824065246478412 0.14452742187613765168 -0.58586258983118633115 0.7974188674481441641
-3.1935683443281375204 -6.0029066865970692746 6.2523608568322535106 0.97595193359363663355 0.0058434278849457434168 0.2179074979561098635 0.11424989284371704634 0.83762892659856635902 -0.53415797598700742732 -0.18564693722258790443 0.54620841780030116031 0.81681795953803082444
3.2350836787169465758 7.2900057058927609788 -2.8302475907267647948 0.81901902731573339445 -0.0098757363905915499652 -0.57368135992511948285 -0.060885396927167059755 -0.99570244081284120519 -0.069782646843115123114 -0.57052677530137374529 0.09208213284977451174 -0.81610053270041826856
5.7500763560299823496 -0.25509527336373771789 0.9109635657533313724 0.83319204917499245511 -0.0058153024708089652225 -0.55295315484097673497 -0.54239867866194735324 -0.20330646976257471525 -0.81515038657809635314 -0.10767860779767787771 0.97909788152656263005 -0.17254754652816806093
-0.89041236978965232485 -1.3147426819830676514 -4.2230151318465560806 0.9649810370461774367 -0.0052948985579162376539 -0.2622662048197172413 -0.057329762231096190184 0.97137019446950090273 -0.23054987238945917616 0.2559783125653883884 0.23751191411276253995 0.9370502623396017583
1.8970111943930787479 -4.673216707852665408 0.25312249348549148431 0.62217294214969309785 -4.0188704163382146795e-05 -0.78287983014103446067 0.73461826777447669645 -0.34564637851729906881 0.58383609144181458639 -0.27062304171842088696 -0.93836484343921200413 -0.21502230090924767669
4.3050710707423958112 2.398760537407675475 -0.32015959442995955975 0.97716876407566044538 0.0077072346463182882584 -0.21232476315549966839 -0.15639495602516675921 0.70252113825199569153 -0.69426556017064500193 0.14381176671198250827 0.71162114136895793237 0.68768708502626452184
6.6697914558045940936 7.1806440370634794235 -3.3373022490244905747 0.90823656804869534742 0.0053574859573881656455 0.41842279312133195956 -0.097419249687041409302 -0.96973643613559068477 0.22387660489972774358 0.4069592439663078931 -0.24409535385839964405 -0.88022817040534162558
2.2781660035997970404 -2.9218324330937970323 5.1366019463389154254 0.54884412983462316227 0.0017553384608712807591 -0.83592286721502329083 0.83587610450142435514 0.0096312623696860437394 0.5488336512176232862 0.0090143812715447746431 -0.99995207763770266318 0.0038188163397816030781
-1.3675392224951641307 -1.6458809804433924828 5.8185027236206954271 0.97554962620591900713 0.005430429083278995317 -0.21971216909761720482 -0.17377335699254745083 -0.59299410376121686195 -0.78623203528227381121 -0.13455759811005477133 0.80518848932688613651 -0.57755151237479662729
1.3834272455729148543 -0.30041817591200276061 -4.8789603841399786788 0.70205836412611066777 -0.004729509990680884346 -0.71210370389135324576 -0.39667184255946480453 0.82787682745444779453 -0.39657459309008785686 0.59140975869613576776 0.56088999839473130393 0.57934178773811673135
6.759011904389961245 3.7612579906515635209 6.3643440219238440747 -0.99381057308489761937 0.0068686175237703261942 -0.11087545678803557847 -0.096022618269583345785 0.44875697906851186314 0.88848006759744080352 0.05585876480287282897 0.89362743681612599733 -0.44531988790543014511
-5.8221283881447716269 4.96536912795881058 -5.0392393335909337893 0.99236777238724005468 0.00083154236917661224215 -0.1233106356505265927 0.11580907979531818164 -0.34980045942932680436 0.92963858333226434549 -0.0423610831329843604 -0.93682386131031902821 -0.34722700286053215235
-0.63051005900351075883 -4.4423288767596007531 -5.5377708557079019513 0.98913688242058506184 0.00084840489890253972805 -0.14699492523359988794 0.082044349647315842344 0.82655015318238400646 0.55685147837217663369 0.12197111349109723832 -0.56286243833062921116 0.8175016348549080103
2.1248501108478561328 1.7053210401446854405 -4.7307707809000936194 -0.98238034507404226048 0.002394993605330517257 0.18687729026803359678 0.14684753959538351942 0.62840777735409525384 0.76389754907048001975 -0.11560561287017284693 0.7778804081390977565 -0.61768714808254521209
