1125 14.717824617146108679 14.977075390850430381 15.033177056927090831
-3.5617801645624971307 -7.1761330209517035783 1.2590998733155009948 0.93323184974523198942 0.0069321501592109601581 -0.35920782273665752271 -0.22875570902662251127 -0.75949035253126562228 -0.60897063147555008378 -0.27703635178220220592 0.65048162903042616723 -0.70719481763167169053
-0.60158681973480376826 6.1080111106717858149 -2.1867108077315857706 -0.98382065874339497125 -0.011700067302525724716 -0.17877365537126502226 -0.16529953808490627232 0.44408039583074437884 0.88060698654263580565 0.069086714631764467587 0.89591054824911142695 -0.43882948328189858023
2.3593100291120761014 -7.1292656385513355488 -7.093204088223517445 0.98892693356433636342 -0.006528282834234656884 0.14825957505047374085 0.14540258455748045208 0.24250554193591805641 -0.9591919258075159993 -0.029691892410775390376 0.9701280552863150719 0.24076949115591278483
-0.17140740083628652757 2.513465746843167814 4.6742355522940881585 0.28448789473024815866 0.0068348004023127389289 0.95865526820407676034 -0.71861251667378656105 -0.66037018463789443068 0.21796162534043772574 0.63455708067251859195 -0.75090911883186506337 -0.18295575045216683208
-5.1918787699639104005 0.1936541260982896917 0.035468790820918374984 0.87674928989840850146 0.0064981791292732134224 -0.48090379113780129527 -0.36853251612385484748 -0.63339106685365453853 -0.68044069615909907878 -0.3090217908532560398 0.77380458133691998324 -0.55293037778719222874
1.738676523025787013 6.3136802391504280862 -5.2686467984739628889 0.99675544956714801081 -0.0098097001622221204759 0.079889570915037594334 0.072554963608083708482 0.5392217898707692969 -0.83903256109905488547 -0.034847539570063375269 0.84210666255014177128 0.53818400001731425686
-2.7018047088895631447 -2.6697951057990692014 0.90934360519102697129 0.76539331572547308902 -0.0068149149747477070702 -0.64352671209256306906 -0.075912604281392029315 0.99200700854378109916 -0.1007937076970046586 0.63906990912892547296 0.12599861877803089638 0.75875819554855539195
-1.2595028864993318418 -4.5175760784465506248 -6.1920942545548784963 -0.95272662866604895804 0.0044626331244371313101 -0.30379607623592319587 -0.21017065907884821541 0.71238849959122185762 0.66957517853679915376 0.21940889930241974648 0.7017711240538244688 -0.67777357897089895999
-5.007058350778986977 7.3105732233781850482 0.81757639038725937741 0.34820381316877957456 -0.0018675616508682739945 -0.9374169919028708664 -0.071098481503234500778 0.99706503105274857379 -0.02839594653737804314 0.93471873332177879412 0.076536501522475236525 0.34704906499228727057
4.8442878810815459545 4.0711068632905202946 -0.66657348008871508682 -0.9248987619944255556 0.0049899918922313305295 -0.38018072023978066731 0.24255109648983916304 0.77776830755415649055 -0.5798667306855452841 0.29279898506088969379 -0.62853127189131197117 -0.72056727278031973416
-5.3286969184933168364 -7.0366801243347785189 -3.4963244157736177442 -0.7363683748650833305 -0.0078227445854553816218 -0.67653560228988540715 0.26721729341149336179 0.91527749635773048009 -0.30143328078203845966 0.62157584782587971262 -0.40274794764012183945 -0.6718910299083384885
-6.7649517507467367139 -7.3116499715591345421 1.4491945658688243359 0.82533714135159796932 -0.0040334549210611341657 -0.56462583570617819184 -0.14098154093529605135 -0.9697747743676007337 -0.19915092798096195592 -0.54675662613360498376 0.24396847796708309719 -0.80095978272146428623
1.1900205015061786629 4.7601443902180688994 1.5760989772810820586 0.95598163219831444604 0.014764111026826343132 -0.29305484115614072183 0.2534521525361475569 0.46170470618802977869 0.85005339282825287395 0.14785508200339939067 -0.88691081023378781634 0.43763922289521595133
-1.8630284494865363421 4.5580030020124446821 -6.251678787715263752 0.85900887106366841106 -0.019936382340684163927 0.51157238011177608161 0.41195270109111370438 0.62020621727256630695 -0.66756214700976201915 -0.30397159653130662038 0.78418543005825214198 0.54097548908120496325
-2.8154830284469625212 -1.9333667587355691797 7.3651037516303627939 0.57888517837774089436 0.014293489408238936947 -0.81528378274994262043 0.81133518945489901952 -0.10991761004842899585 0.57415444729913645006 -0.081407374400014428928 -0.99383792197808829005 -0.075226486236698780763
0.70964408844457793624 4.9434222967512360114 6.6993191035199792793 0.92442636702276925753 -0.0039315116437941624583 0.38134031411489976993 0.14985081862376867234 0.92326109523830235393 -0.35374239522154982129 -0.35068593372252948592 0.38415295552091216491 0.8540760403228202513
-1.8521069237281744257 -0.90314232903675739639 -5.4891478492977823223 -0.68728321340087072944 -0.0054906947271710342812 -0.72636880222707567167 -0.62643520900388849348 -0.50174013951636087238 0.59651970740147475247 -0.36772369178185126959 0.86500097379687501675 0.34139801088004650964
-3.1233464443088001516 -3.9900168367657324886 -7.2033285871756254082 -0.9705738925131733863 -0.0087563141269095985664 0.2406442314594477716 -0.066235927302232766589 0.97049834315033711718 -0.2318313349766403797 -0.23151483992656704536 -0.24094873501551439254 -0.94252033717494110299
1.1533465639425064531 -5.2325467472834494842 -3.04049749721545437 -0.92458062168415100501 -0.0057904875608567173834 0.38094244218756578846 -0.15139412033938329238 -0.91196668082536180844 -0.38130905233297857082 0.34961477991173189883 -0.41022340659477690705 0.84231007494220877518
-4.4761529923113698715 -7.4216462516054946263 -1.3049068059277884046 0.78394775408602779265 0.0078570655430497959859 -0.62077708187755786806 0.59583615649746735077 -0.29036837489068589857 0.74877598884681140223 -0.17437085041287633813 -0.95688268527787267992 -0.23231515908777644608
2.5315114344556821635 -4.7101928266028183501 6.4290534090654585242 -0.99800660975807509168 -0.011756020020170334858 -0.062004861684385972898 0.046932160270482123354 -0.79510640471453275513 -0.60465128587830685447 -0.042192170026681075079 -0.60635600201137718201 0.79407318278178473658
5.3420144119852555065 6.7678470061967859195 -5.0494845301937782978 -0.99109901906431352447 0.0084829016467650904254 -0.13285621848106624054 0.13229398218817858823 0.17420908987636907206 -0.97578147926740799178 0.014867302588663380836 -0.98467214512449119379 -0.17378069492797279527
-0.52671363085149913719 -3.4902190977641702752 -3.9602619224144968157 0.96254694337235802148 -0.0016735583802362646866 0.27110990577063859286 0.060906471917003379701 0.97575536197526369087 -0.2102186367932667721 -0.26418513107902891202 0.21885765414750041336 0.93931227168488629076
-4.4044446216260304539 5.4297581014626192797 -4.8735631331603155303 -0.81354271550442602834 0.004582811185461048431 -0.58148710036544126734 0.5614162864808153186 0.26675669408540986227 -0.7833598275599179539 0.15152558636682136872 -0.96375300985382805763 -0.21959083012262139989
3.36337129466053808 -3.8671264931534188314 0.91893971536815832746 -0.99947776773827523566 -0.00013960870969744766917 -0.032313655105660352151 -0.013794678731555943749 -0.90244919251872002253 0.43057538452750199198 -0.029221544031319924423 0.43079628066151470778 0.90197597857853140102
1.1288570590466231458 2.4363726830952590063 5.1159927567819289962 -0.17336355717361123796 0.0098694563530095681669 -0.98480844374693810028 0.11858214712897753584 0.99288414653172718527 -0.010924557119830256499 0.97769287172729146818 -0.11867461985308266903 -0.1733002688293607263
-3.2186064908596656586 -5.0796544300561992102 1.4925471930192104608 -0.19987126255221163151 -0.0063881071528985658436 -0.97980134236127647274 0.59699662317918544829 -0.79372397534889527204 -0.1166073877124231134 -0.77694691602356125149 -0.60824455858101522665 0.16245629146971443668
3.4000421599529144778 -5.3356341795310182619 -6.4806155577106041576 -0.97324350296719308595 0.0035122494319628086781 -0.22974931563761111231 0.21085480418633939514 0.41098751384199710968 -0.88692136912889385503 0.091309010965895415213 -0.91163420710830900262 -0.40073150231362353324
7.2008378324765001111 4.3569385840563539247 -7.2318901576668084275 0.99012085927589121859 0.014846505267060789574 0.13942835188106639244 -0.11928425396420330729 0.61185943437579459747 0.78192026404325443156 -0.073701769199345623651 -0.79082717065534191558 0.60758574322492142628
-6.1813191111093219732 6.7925678049843645212 -0.86310386382589765475 -0.97065770209756319087 -0.0073242904312868870736 0.24035386439225761568 -0.078363524597080388978 0.95460630927028611303 -0.28737771714929227773 -0.22733847754253933005 -0.29778037052649347638 -0.92716992377761331401
-0.5982705669165405693 -7.438616980715247351 -2.5886854318803802499 0.67623903438253019083 -0.0056736870125616489444 -0.73666042221159733216 0.63515996074336877886 0.51106074253252198325 0.57912756946167032179 0.37319243380032041113 -0.85952587321017970279 0.34920292186114015864
-1.4535830213892009244 -6.3701695872616914684 -0.15959002680298089993 0.99764990747476234301 -0.00034814616464666926082 -0.068516719930476366329 -0.016710837641267090731 -0.97102641997013861008 -0.23838716329819892303 -0.066448551685531084821 0.23897190319008274062 -0.96875023585271147208
-6.6295970683812752711 6.9066435098580987173 6.366787634098430182 0.99329278232372730795 -0.010262973965856127603 -0.11516996114028558995 0.11507947184745799529 0.18450688872416315389 0.97607065480560284421 0.011232263485301150971 -0.98277763475712054397 0.18445041848231794046
5.161145632723889598 -2.0651504743934068209 -0.37790990179086908496 0.99991210028793053866 0.0057028926294525276314 0.011969490948340873876 0.0054319194693522414308 -0.99973095167571313091 0.022550355042127274985 0.012094872830471874864 -0.02248335556151788428 -0.9996740532663663803
5.0693758234555268416 -0.73068389921337695281 -3.016308178040481458 0.749185868446309855 -0.0011905223245287834682 -0.66235875262356025406 0.64634179839140804003 0.21990392742645717417 0.73067403290016030848 0.14478540731913203121 -0.97552080724046641436 0.16551839918397950879
-2.0926983453308141137 6.125498431475952188 -5.3519533275201451872 -0.958129426259431205 -0.0056848764031102666863 0.2862790329657851629 -0.071397262359275598387 0.97296624419441080089 -0.21963405606996916353 -0.27729124303365682014 -0.23087739135400470181 -0.93263347393191442514
0.624996455975433296 -4.8945148919296244117 -4.9209324635000610826 0.97251921029022680987 -0.0055603740025369514238 0.23275624128566618776 0.19592575057245803505 -0.52052094527118741851 -0.83106621023624149824 0.12577553768158980518 0.85383079575221165758 -0.50512719818473672539
3.124700771592365367 -6.7984953948385768996 -5.1152601444725869229 -0.88757833133329910869 0.01021320561793788266 -0.46054358770755265962 0.11562147234757062797 0.97269020744684198121 -0.20125962205380029668 0.44591073196295144543 -0.23188240719830310876 -0.86451961710084590518
-4.6475270631559411072 6.7929803269235904395 -4.3620728702880997574 -0.99825982647545563609 -0.011489664914202774373 0.057838624165619204054 -0.014052386793066464973 -0.9062269126331815583 -0.42255805902249504724 0.057269968313503193114 -0.42263550539382221949 0.90448846333701082845
6.7720445276846694682 -0.14868512703297659394 -2.9631084212208880224 -0.98978247065507851676 -0.0056802414308755148908 -0.14247243818149785133 0.070742674842481700903 0.84798928434154996481 -0.52527102299481531755 0.12379876711912241039 -0.52998293227162551755 -0.83892309347202775882
-2.3421790594866780388 -0.78382504342511505335 7.4253205744818062684 -0.24885185778620591557 0.012231597067921283484 -0.96846432092751211229 -0.19512836705310696028 0.97878420728928272609 0.062501167446205027622 0.94868207174346863564 0.20452839312457021803 -0.24118553679345111629
5.4377842847095188006 -6.1350459063802791349 -3.0031898700226440369 0.94821695463504152013 0.010105796207175537366 -0.31746256444760756477 -0.14956867409037830075 0.89594697167360692891 -0.41822031954427646427 0.28020317391753662983 0.44404605260252300036 0.8510636195342299315
5.2211936478475404755 -3.1310978083863600929 -0.86232376221165230046 -0.99735458490681161425 0.0083344933162845420693 -0.072210582234079459529 0.070067034991034185532 0.37467894819868236 -0.92450327007763133391 0.019350518674966028093 -0.92711715656545468089 -0.37427174008883379308
0.9033751742234049642 5.0787787313506651543 2.8088395094543137098 -0.88775863677922040029 -0.0057838940102999513576 -0.46027290751685351333 -0.27727218988795654386 0.80488029201646416055 0.52467880483037121486 0.36742990561283467299 0.59340901753642960603 -0.71614314376927590278
5.9465798683445791895 -6.0799378625580251523 2.7737609806815397562 0.99729362225233353367 -0.0048945175277217371074 0.073358535379011019506 -0.049512755559563824403 0.69288613656393316376 0.71934504154427558742 -0.054349959077100010174 -0.72103040536144624717 0.69076858389232009827
-5.7425399476087228834 -2.4744093945810687885 -4.725876675279848449 0.95068536232332789826 -0.0052504871791617243812 -0.31011251869063904962 -0.17241429831191396049 0.82218791402076008001 -0.54247612277022938532 0.25781902878164586479 0.56919194163533703978 0.78073675587583013513
0.36189393816716874941 -3.0559241880970913208 0.09753677874149968563 -0.91404695140398917186 -0.0018039064409247451519 0.40560438428419492984 -0.33769956792188987604 -0.55052173075193877594 -0.76346894225976658088 0.22467125417911973373 -0.8348188844842123757 0.50259353124980288285
0.247744932736405854 5.3655943278398057217 -1.0385968734734152275 -0.75122935108418098515 -0.013246958040419518077 0.65990831194365096035 0.60603371852108411932 -0.40993748737371710211 0.68167029307513227199 0.26149109752547550212 0.91201742009040764891 0.31598517586513513722
-4.9298526812130214481 -1.9599259871051966098 1.2898009768642482165 0.898742719605192808 0.00018290723635834386929 -0.43847632832521599155 -0.081646013140420775622 0.9825808449438019343 -0.16693954500910690442 0.43080790672281921161 0.18583554475538169304 0.8831023144633850519
-5.8762222640736894164 0.92112295244931463589 2.7682752835904222977 0.92450206047477334614 -0.012313603121774638338 0.38097810351267208384 -0.062569940850414396127 0.98101831072877820894 0.18354311895808728128 -0.37600657265517867245 -0.1935237690648411446 0.90618298821318377101
2.186213617580405888 -4.3697649147685195814 -6.8512826531614194892 -0.99930191777942567466 -0.0044752745979990248698 0.037089743048728335273 -0.034903556209249689268 0.46581292389645184704 -0.88419458361551173109 -0.013319868096328391777 -0.8848719070285485655 -0.46564395117468432295
-2.929989507577458685 -5.1790573134577408965 -6.9474070577487392342 -0.99263133756642230043 0.0057704687313332335072 -0.12103606640962651098 -0.12115542118343204658 -0.064538247303854989756 0.99053327988159389772 -0.0020956142677451298703 0.99789855011702321974 0.06476181031500372054
-4.2325584524741559633 -5.9113262756758437888 -4.7324654858866184171 -0.92799438890665875146 0.007226877302947658753 -0.3725240749297935583 -0.11571329745194842975 -0.95596450235875518597 0.26970781045948588606 -0.35417064665306646765 0.29339332384100441642 0.88796593998582751261
-4.4884206820206733468 -2.1465779934925324213 2.8471530410117282806 -0.90860545317907337459 -0.0053786533501797156864 -0.41762088135200853278 0.069974865464061397624 0.98382272930528535948 -0.16491317565848270799 0.41175192611128863529 -0.17906397569187171293 -0.89353032626379569336
-1.3100824446483547714 -0.81283314883030488573 -2.1306111078047464957 -0.96388606664198939189 0.01214941446831922095 0.26603767075662604347 -0.26485470039280073484 -0.14819943911584559926 -0.95283204917011576907 0.027850282105769449265 -0.98888286362633626148 0.14606520397688138591
0.073636688526021190637 -1.7975424394129302375 -2.6805255436840393912 -0.97053067241401047571 0.0072466407080320630399 0.2408686366091488118 -0.13108319171136972869 -0.85460489390913463303 -0.50246161262052912999 0.2022063568591738747 -0.51922823642879312178 0.83037017512721367218
-3.1449850744444107775 -6.0907951340853356825 2.7562998166128780397 0.83525200342959748934 -0.0018118310065579276702 -0.54986435421403800916 0.50461148544857481468 0.39980505514020159286 0.76519485533922659837 0.21845214469122309353 -0.9165984045113454437 0.33485224402275159949
-6.2714704917100148052 -7.2391563009539900975 6.8193468080278076826 -0.94905080166637667549 0.0043969920268073416775 0.31509243456099411684 0.29573845561445127883 0.35771291224771278872 0.88576534041589960466 -0.10881792925460036237 0.93382125638278690172 -0.34078808576644142869
-3.5730387758711681379 2.8182347164636256664 -6.748959297350586084 0.93698998625870733026 -0.0086898896877199826444 -0.34924812307029590164 -0.0014819630069034146758 -0.9997804661112101865 0.020900319809218033396 -0.34935307274528704102 -0.019065817572178723333 -0.93679716329840323485
1.2768215633935802167 0.90168384821306812871 -1.8697955113982784869 0.98599862645169156217 -0.0043365728612836185532 -0.16669703887920830909 0.088801499991591495431 -0.83246869906048748256 0.54690964398484187559 -0.14114178061267987352 -0.55405510485893783024 -0.82042789966281792768
2.2411689932194565067 -2.5830764489083470892 -5.3542870509801270273 0.99995871400754721137 -0.0062400264887409418943 -0.0066054787653958627058 0.0071115501648569973137 0.084902891642065575484 0.99636385163502749762 -0.0056565125787766054599 -0.99636969095822480735 0.084943762603352235274
2.0598664149002186008 0.21442575687510678772 4.3225865567355237218 -0.99215262020313510494 -0.0013943388709967020206 0.12502493368560932407 -0.12437657730381453114 0.11331220477220446674 -0.98574378581242605435 -0.012792390010008730661 -0.99355845327227054753 -0.11259642396212171667
-1.0130473846838796703 -3.5190421277146604062 5.1078915711027237379 0.87525292801663978626 -0.0010190623693677007544 0.48366442241521445666 0.43534597580489203805 -0.43402821660843582396 -0.78872897026692023736 0.21072777071102705149 0.90089870057608434362 -0.37944082272672913225
-3.1380779031018257719 4.2013367954856102315 -5.8446571141180401199 -0.95221673336682488564 0.012664109696263380067 -0.305160470936058692 -0.13803972809786099751 0.87342514669382398385 0.46698345429957527353 0.27244875878404778424 0.48679372782373298012 -0.82994188976604721386
0.40114356369694276205 2.8465112394029876697 7.4412608339533639068 0.75126800849448471809 0.011358775990537283915 -0.65989950569821698156 -0.30068075184834336389 0.89595406007179068109 -0.32689051333558227785 0.58752656525521573805 0.44400146446698907088 0.67651698771762946993
-5.2070901566758234225 -1.9731862403315647558 -5.9128719501078919052 0.99072579535188387556 -0.00045283459439688798689 -0.13587565405660811946 0.10374969851059916148 0.64825521150617093635 0.75432166932569799656 0.087740517911821580554 -0.76142299393710088928 0.64229014146302976229
4.9771745253681460852 -2.1789080186847460396 7.2520622217018839706 0.78018257729249318455 0.0071456284775809454993 0.62551105992059163885 0.53552500078812259598 0.5091734656606508036 -0.67376209109588602875 -0.32330808777408504007 0.86063425557011030698 0.39342160403197767859
-2.4954290618460266415 5.9872357792737824767 -3.0944723666616393842 0.87896492226048339447 0.0076049871460650798546 -0.47682578538307890392 -0.36065648137846439969 0.66477329776868920863 -0.65421966113341267768 0.31200571769663032473 0.74700644357614198743 0.58705519789907401051
0.70770438505230082171 5.9967744545066441475 -2.8579811031607089689 0.89247660040070742049 -0.0029532188090156258342 0.45108402347660292442 -0.42110797553181239516 -0.36395483257448435488 0.83078574421397755057 0.16172071815534599937 -0.93141191657834221385 -0.32606479566934959413
4.7645544012644780452 6.9018694030317790933 -6.3259912666326059139 0.98220088775056035857 -0.022048450074090980566 0.18653493493526140945 0.039908917769738712356 0.99490863493942016671 -0.092542349254258762792 -0.18354480211768373077 0.098339584971575494388 0.97808007424911069805
7.2815165844304825526 -4.496989602599763991 -4.7037757554462356069 0.99992942267177709059 0.0091975463940510166633 0.0075202935837189802126 -0.0077886739615438543849 0.029500472572492063977 0.99953442095607236695 0.0089714119945917148585 -0.99952244960194847057 0.02957002719803801527
-0.54872257249679146085 -4.1869345982008754348 -7.3052200747781244061 0.97092954009402032689 -0.00024092676737950350502 -0.23936534863480740665 0.20755323911524872771 -0.49729054509414333252 0.84239169433985383595 -0.11923707940700836727 -0.86758403380555393358 -0.48278407511046844691
-1.8789963399740843286 -1.4586597504982594664 -3.7754132478298711995 -0.79118110136901798057 -0.0060399257234739827868 0.61155211072616944001 0.6114771948281056968 -0.026318067159414544609 0.79082425326115324271 0.011318349771577054103 0.99963537284262526939 0.024515634199426258183
-5.2513559492530950124 -3.7815768864587613329 0.66665171103306264389 0.97238881038846969318 0.0089203899484450611262 -0.23319611505005546914 0.20058177941561178281 -0.54268721527146146499 0.81563321177312531063 -0.11927678398474111932 -0.83988750021893165965 -0.529492243359769299
-2.4123572932849315364 7.1474074601941115503 -5.2817980489593070459 0.99543625809863323095 0.0092631929970502253219 -0.094978151793588025398 0.046995050408314864576 -0.91380866370492264128 0.40341689525238261238 -0.083054929412632511054 -0.40603930769509311016 -0.91007360103835754916
7.114023872204464638 1.9557963710595576146 -3.6592104192801682139 0.82175572126358908953 0.012200597976117180665 0.56970929427164662684 -0.5561073255337348753 -0.20099364369186320523 0.8064404489377147156 0.12434700260992162524 -0.9795165647422201527 -0.15838283473103098586
4.4228079054909645862 -4.9819501065028175546 -2.5890557902274742297 -0.98244950104519512823 -0.016846941923820631798 -0.18576640827633383868 -0.024412448988194637017 0.99895981670476885483 0.03851385391950348791 0.18492433650133949241 0.042372929532280112497 -0.98183884859602543749
-3.033021751768455232 -7.225027531561002192 -7.4522606421952639622 0.92842551580424392821 0.00089696883845183069187 0.37151750571218028485 0.3485262224885973259 -0.34843253918345035158 -0.87012886279900780728 0.12866830939110884824 0.93733343111461642216 -0.32380627707539699767
1.1761784106720325482 1.004555511762233122 -6.8444354915326890421 0.97910748154315452307 -0.013933944873310583762 -0.20286543512031332548 0.19916571405012836737 0.26690294405943132405 0.9429187858980023762 0.041006803498827952559 -0.96362267700207415722 0.26410183345466814453
-3.8984446705060511462 2.9469930849584011767 0.38776518596057080179 0.96578829035260294056 -0.0026138292572302421202 -0.2593186189118876217 0.19383752240054119564 -0.65700855605505759094 0.72853741989006237656 -0.17227882379260070489 -0.75387858781575434186 -0.63402451191225894789
6.1657425804368344302 -2.2275890923706147539 4.3009948437107325958 -0.99944255407565174565 -0.006657864714944894402 -0.032714735824271388986 -0.016099759535568618912 -0.76232500501821276462 0.64699411470808088076 -0.029246860438497664786 0.6471601498558517962 0.76179286003020929563
5.2280540223445388648 -0.056131791703712956287 -6.8314456052141991904 0.99030190734549938814 -0.0031339653047527896851 0.13889676227098443628 -0.085534852765741492542 0.77405884520469891985 0.62730908898463144663 -0.1094802323263167898 -0.63310590142711475892 0.76628388754288079276
2.309502407187460804 -7.2775500693989370049 -3.1643694073793122712 -0.90771653776439387151 0.0010958241490768333599 0.41958251421935405245 0.41144650709359076313 0.19831382468872460478 0.88959732392689372382 -0.082234170936843903332 0.98013796279237241915 -0.1804636113557600563
1.1586034884026199521 1.389487487357979667 4.9668734129796456855 -0.83546570030474209823 0.011697224743603733266 -0.54941809084481274539 0.51045984579930314684 0.38681210133648191718 -0.76798902601938834334 0.20353822599400422932 -0.92208436338167820701 -0.32913920666834645123
5.6307067496342826374 3.426399068669765402 -5.3266445537069344596 -0.93991269972899560425 -0.0058232224329905976634 -0.34136521054228446959 -0.1926880019306873304 0.83444223840643805268 0.5163114221815430227 0.28184295414295595927 0.55106464307163005589 -0.7854249221639910683
2.9818028082095557885 0.90695621864715547655 2.1337373534499288752 0.95894816521582737501 0.012807164000661669725 0.28329206303634130171 -0.18212303523600781308 0.79354779841930167539 0.58061440876053838078 -0.21736976897806756237 -0.6083731323573177141 0.76330368488588817844
7.2276607321637076353 -5.2858282797210955906 -6.7312174862174192214 -0.93003198915680529435 0.00041892443719412138931 -0.36747833085428782685 0.12700574098243658239 -0.93800972632308987631 -0.32250162027631396056 -0.34483335236403545032 -0.34660868111694614901 0.87232584581204775098
-5.3131586757773998642 3.6603010009084471221 -6.7474588027434343473 0.84161055469830936548 -0.002564275141635518826 0.5400787893570160314 -0.040298772996100420962 0.99690297248635073579 0.067531269371428920278 -0.53857931924219248909 -0.078599541607498879525 0.83890072651286262673
1.8059324573085051568 -6.0441928230621417839 -6.2483541368100219415 -0.99976675152263738688 -0.00070754556204562224497 -0.021585688063359764061 0.0072425968685568067884 0.93060504670071308997 -0.365953264564770675 0.020346678856480622521 -0.36602424295977742386 -0.93038286002335535141
4.7652936862640933313 -3.9635548412903842674 -6.1519278895402305096 0.9397342619491112492 0.002678937075694240097 -0.34189521818126566988 -0.23694831645566930001 -0.71579112720742610332 -0.65688549804341689331 -0.24648531852405114462 0.69830930504127253222 -0.67201867700606787714
1.1430114549290459891 -4.9903291671669132157 7.0906471374863766499 0.91364550769698449351 0.015289526307144148121 0.40622421967494859452 -0.39832907649548643381 0.23316353935238617878 0.88711256937043814208 -0.081153145863224349088 -0.97231733209996507039 0.21911908318197889645
-5.2632807300963770913 4.5333813633410251498 -3.1480234800457411737 0.99931676556745552276 -0.0029077668502771655129 -0.0368449039578511231 0.033197132017076039223 0.50883416638519107789 0.86022423910569778549 0.016246614464675363659 -0.86085964942672210665 0.5085830428823143734
-1.4442103265123644729 -0.98954175882604811232 -0.45760576747631398487 0.78583710963927921878 0.00034010349849148725776 0.61843344140116440766 0.10445470119862382274 0.98555969575466395582 -0.13327153297536020737 -0.60954840046646019402 0.16932799660333661129 0.77445385727947257948
-6.6460377945233330976 3.8519343242083223799 -4.2675792500408471497 -0.97289502806238636889 -0.006285697781713331031 0.23116174937629671571 0.22965704877769194114 -0.14329028185794739914 0.96266584808630595305 0.02707220563710627248 0.9896607424407104503 0.14084995759133495108
3.657201434979849175 1.7027929818604248258 -0.1272232578207022069 -0.99998479452867372608 0.0040590308738937593697 -0.0037329585940071722053 -0.0053568535797647700084 -0.87573324704176858102 0.48276555815980531916 -0.0013095156452175476039 0.48277821439458667996 0.87574167473908492987
-3.1221050422886706954 -6.7926046609251562458 -5.1477401635949000536 -0.99270497919271027953 0.0068421208863429453656 -0.1203744560439603678 -0.11996321250206620768 0.043884430348264995281 0.99180793726374538721 0.012068634234773939831 0.99901318417465445609 -0.042743489713911744787
2.0302922326405199449 -6.6797717595545273994 -0.079425226593496933702 0.99406012753750450095 0.011576348830817446284 0.10821483718944203967 0.10790294292046537228 0.024830261823815091837 -0.99385130326761228492 -0.014192172113241920475 0.99962465267993316775 0.023433651128269009783
0.6447462772202784409 -5.7736258826773392272 0.028991079823349648337 -0.89943553137843668122 0.0064377074265035069689 0.43700604208317572752 -0.22102775909541755306 0.85590256457971702897 -0.46752275843562324242 -0.37704436688986031623 -0.51709704685783797196 -0.76840626593463057237
-7.1486203743457528148 0.46896745554372187836 -2.0106457656932947842 0.94325518114781037315 0.00022758658640360113212 -0.33206868482611645588 -0.27426808137851022007 0.56429533762158667898 -0.77868337048853908389 0.18720759272734494028 0.82557296476012032027 0.53233692064550919287
5.8915704855279349417 -7.0066774037783448037 6.2614872349546075725 -0.77490653417205423992 -0.0045208181209326139816 0.63205966925674139656 -0.31080006355400174867 0.87346018259200575162 -0.37479411671090834268 -0.55038457808361462842 -0.48687459538348348831 -0.67825507338895751897
-0.72486060309848210359 3.1395854600272774526 7.0263138292816398334 0.82547473628401557555 0.0042176291717096305381 -0.56442330866200496331 -0.5534776332333117832 -0.1900659068379805805 -0.81088683585833032375 -0.11069764797518538701 0.98176227400637927634 -0.15456024091188169667
6.6010171306604643604 -1.0593977186295169268 1.0139084992144542507 0.7329765320693870656 0.0060440202604305805212 -0.68022707477328003822 -0.67638563851376709568 0.11296409245613144023 -0.72783348495921518229 0.072442193836554355513 0.99358068803423871262 0.086888117239894827049
-6.7178171309011389667 5.6119342387433217567 -2.9806698580323183201 0.91829015648385003967 -0.010476820658003326708 0.39576940853705572243 0.35245956112057863496 -0.4336671276842445355 -0.82927985634578349483 0.18032039895577664512 0.90101224109057564959 -0.39453959893201773212
-6.694397932076375568 6.6516237687969095305 1.4312273174254428465 0.97535963610089904119 0.00799210097829819964 -0.22047609073787899359 -0.22033681826042869623 -0.015410067676506725154 -0.97530211541504818751 -0.01119226447008336324 0.99984931671530874464 -0.013269403900458422163
-5.0187142498198822338 -3.2681913325556628536 4.6588776837439462852 0.89075979104543123732 -0.0014711161031052827353 0.45447203486471376976 -0.078491458428532209779 0.98446989462784695313 0.15702903401953352547 -0.44764504421526069011 -0.17554732236283915325 0.87681072758084421803
1.4803055480015896439 -1.4097526614376960641 -2.0167488409057257037 0.79614215645837249635 0.0081862562858690725992 -0.60505425535053170005 -0.42400007273202805491 0.720938129897313984 -0.54815340114192145915 0.43171935911316072776 0.6929510791305562023 0.57744021067019646321
-6.4146043615314916053 4.9879230076756755352 2.3537267604824481104 -0.79082957229563244361 -0.0029837404556684755247 0.61202915361568133168 -0.071031294450528040252 0.99367816130217756498 -0.086938293977979516636 -0.60790060272328327873 -0.11222659686543773327 -0.78604201424906250395
1.8572271567437113049 -2.2545576735891086351 0.11545864488983689777 0.94736034767844978788 0.014489180905447436587 0.31984126576015803334 0.029358854983574635134 0.99083534286454699735 -0.13184605024229661963 -0.31882037149531872178 0.13429589333670099993 0.93825272914727397833
-5.1251615482041659178 -3.4312605697028590868 6.0561674013059567656 0.88071139550041355193 0.00300091049116746637 0.47364378215269387074 0.03855409371211216546 -0.99711591966636436979 -0.065371435703166558273 0.4720815816082171712 0.075834275127191097532 -0.87828705046935684475
0.40665109490784906443 3.4590362228892108654 -0.2751202276380300682 -0.9360883466383765894 0.0026792578539666352458 0.35175478513479524478 -0.16200120241689769385 0.88433060052039247356 -0.43785271427593658311 -0.31224064069772905494 -0.46685352152543219129 -0.82737752672886499816
-5.6009742750262017097 -2.2646674132379431832 -7.0850357902098028973 -0.99986515021579813745 0.00081853714724238520878 0.016401566411857533556 -0.012774993985012464068 -0.66635109909747902712 -0.74552867970330538583 0.010318958886810159631 -0.74563767523411317306 0.66627169860282309255
1.4260731501067076543 -3.4292228322344251445 -6.8835609382338809326 0.65951792489453464619 -0.012835455151096500717 0.7515792425512937136 0.71436420291344437938 -0.30044858997002660272 -0.63199242905340469179 0.23392283415418679837 0.95371164188979185017 -0.18898204090647396924
-5.1838603639429594594 -5.6722697793333134442 4.6150671856412026628 -0.74383497408682452967 0.0047242633054163244224 0.66834662613151984978 0.35149861402808857402 0.8532843801700487063 0.38516813327958082658 -0.56847010093893357574 0.52142444121270503654 -0.6363633368166154991
1.5754740036090384425 6.9792493010833265288 2.0222093245543106832 0.96570948799083311531 -0.0041852922666251934566 -0.25959134834012226323 0.25704868759781057674 -0.12509814165647492601 0.95826740900359175246 -0.036485024443662146532 -0.9921355443098397453 -0.11973263844331513694
-6.1942651142783562435 -4.4379134893652167904 6.1437967655424783331 0.9071982480879006161 0.001232529414626540136 0.42070158014640601785 0.015452813879797955982 -0.99941852782528339816 -0.030394354454956831052 0.42041949194775624088 0.034074728330244691277 -0.90668978359728358285
-1.86474924814612808 -0.70153124776356812209 2.2516164605662924991 -0.99497364162360357742 0.0050251693957375290212 0.10001100012828074981 0.088992684798936363966 0.50227007553195679446 0.86011922038595245432 -0.045910287805482757895 0.86469620034884908666 -0.50019268944677874877
-3.4157449316712487075 -6.0633865276405307654 1.5378218586305751892 -0.72923975776432781171 -0.0040897276673855387924 0.68424604479929485024 -0.6472393433617289471 -0.32033208143553681957 -0.69171424013661053642 0.22201488261039611927 -0.94729648565307933428 0.23095185682031160734
-1.4441301423052470554 -3.5276061732027739204 -6.3753300991601564718 0.94976876084617734008 -0.004570544858063135471 0.31291917653025397295 -0.068650173543568809853 0.97249650530326547937 0.22257066483565621229 -0.30533007482581431269 -0.23287262031555600039 0.92333303207148764713
-2.8522591636363237022 -0.34684948071059140684 -2.5466369095821042023 -0.85043431791487356097 0.0082905000125410941575 0.52601591090217425517 0.34326503762523724594 -0.74895477349051375882 0.56677672959459279856 0.39866098988597054031 0.66256925289006385338 0.63409100314365673956
3.693514949859682428 2.5063884922051609117 -3.4455561230284974528 -0.96152894874044425588 0.0031341071447008404111 -0.274685744272368082 -0.17775430057967864239 0.7552768141691402759 0.63084098044112024706 0.20944089705576254823 0.65539843709833478513 -0.72566342011266804501
5.2099074234821598495 6.649232226930508638 -1.4744250396794775781 -0.80576317522151774675 0.0089178572658351346752 0.59217073321704238875 0.20832406469702016705 0.94025296994971641062 0.2693054707367938394 -0.55438866287565635727 0.3403598453437403637 -0.75947902285214485829
-6.5176850363705094438 6.23351630037342197 -6.3096369989258027644 0.82154081241868237573 0.0053595845915744766072 0.57012452006844915875 0.56792333349087353866 -0.095975448447807296115 -0.81746669691907747346 0.05033667457169504339 0.99536927225440818834 -0.081891581037459970638
-7.3039474259989036753 -3.398324745120997914 -5.2523892506328326846 -0.74854421318950770114 -0.010180406743616959159 -0.6630067271295601028 -0.61054020468610503691 0.40067180608128388775 0.68315646983203137665 0.25869329207067182086 0.91616508508566185665 -0.30613610944745595077
2.8982857292158010765 2.1820664623711905072 4.8123725082829809097 0.99761500001746705735 -0.018329009614438847298 -0.066545917581009320085 -0.06712405973463553277 -0.48226499631660579848 -0.87344996074912473194 -0.016083293968826420373 0.87583361475478327396 -0.4823451118449986752
6.5864934337624152505 4.4017402989960627835 -3.1776538206761877348 -0.98927822892415873124 0.0012089032291510903513 0.14603809204992812543 -0.10085760810842009372 -0.72886584170687584994 -0.67718706992935273625 0.10562352324763105149 -0.68465547784695646172 0.72117303609520955199
-7.1857974200584706637 5.9969378267036628216 5.7711136301283110228 -0.99604857012451430975 0.0057303291025149558774 -0.088625105254710387359 -0.088806109726798074244 -0.054725472766461613627 0.9945444170602704137 0.0008490160327699457915 0.99848499535996981802 0.05501811713342847493
-3.5269338468769637629 7.192819408789107527 6.3955087321497821051 0.96310053985193833093 -0.0065131258380032299934 0.26906305827586740609 -0.15660964380120051542 -0.82659464027745044312 0.54056888565009975078 0.21888528869117077069 -0.56276005531349648781 -0.79711376260749378098
-1.1112665087479558501 3.1455296618166372902 3.2107098276356040856 0.86286949336718143933 -0.011878721559899697857 -0.50528717912726794914 -0.24468025975007792749 -0.88458495288651284305 -0.39704034003520249918 -0.44225310389517702436 0.46622779528977009722 -0.76618785881428086437
3.8962020858385635336 -6.3252137403993504705 -3.335968122452369844 -0.89077378540762797154 0.0030871681287947586557 0.45443650010058139754 0.40470047747120790893 -0.44951742124158089453 0.79633636833618470785 0.20673554789938006215 0.89326622985152104306 0.39916895651026168546
5.1368351676959917995 -7.0414260052614130458 -6.0276609337611661843 0.86148177011574134099 0.0035415795662191561916 0.50777614848713403806 -0.14612074890978252184 -0.95595056142883416683 0.25457268282743711341 0.48631048363802542589 -0.29350635652067086356 -0.82301648354427525689
-6.0060847169677575863 1.6445261069251968511 -1.9605976333667765044 0.99760262104879571243 -0.00052584089416523726191 -0.069200678953706781793 0.067456324198021264116 -0.21583945452256350639 0.97409597791851287862 -0.015448456298039790063 -0.97642872415895609617 -0.21528653426366708978
-6.9949854848211669989 -1.9544497058932246425 -2.6418129251166120319 -0.95715172976048046305 -0.0019347718603372661157 0.28958042557181284948 -0.11903369762569064594 0.91422258902637731914 -0.38733452795155198789 -0.26399156245245058994 -0.40520774224068517588 -0.87528003552130084763
-5.4092782729829353983 -6.921616369711380834 -6.1854431771424458475 -0.99409143248279141503 -0.0056579830123858441959 -0.10839839063621943549 0.023207369772773656091 0.96447030592324489717 -0.2631699963534179787 0.10603604034722356741 -0.26413068019573687772 -0.95864036109835515376
-5.4942584426507439233 5.057431015707175348 -4.3886623803678599387 -0.82928474039376798288 0.0066844346833222160337 -0.55878630770904091918 0.37897123177641450775 -0.72813868873399822945 -0.57113470867619509086 -0.41069164203326513629 -0.68539723394668150558 0.60130109501173101272
5.559091794025655453 -7.2366268782275504634 -4.3609065916804432561 -0.93912091171072920037 -0.0040682254514861340353 0.34356274933317570985 0.22359027555596977521 0.75199985561501170306 0.62008354746100569077 -0.26088177756304453681 0.65915071622258758488 -0.70530917436172380075
-5.676062560126148071 -6.3395292667199889536 6.3724431704203743365 0.75342800190727376997 0.0022384990804846247384 0.6575266040731058137 -0.47981238345311472138 -0.68187157596414682548 0.55211523306040310999 0.44958461119914333581 -0.73146848395135277698 -0.51266707945683032133
-2.4106496977658244951 -0.097197209012498481107 5.514447250746766116 0.9931867699216834211 0.00059672944308421065063 -0.11653190106821822991 -0.10022802978651688954 0.51452727880005177941 -0.85159616099171608905 0.059450669447148885016 0.85747380326434408104 0.51108149508439359998
2.0087808029335927351 0.30149525596020398943 6.1866663545790832046 -0.21062995744940238296 0.010313974609667007909 -0.97751145412858253536 -0.39971094787725935937 0.91162695646044811237 0.095746803610962660791 0.89211332193381853717 0.41088917506107486277 -0.18789333848134717742
-5.480368505299957782 5.7625167513696524679 4.1861456106750267736 -0.99884078927077502019 0.0032390010752944430224 -0.048026935785152068126 -0.036277643409683146825 0.6051350528117501737 0.795295857179635024 0.031638746459327481142 0.79611624573958639228 -0.60431607043991542039
-4.8595915436941838905 4.0799836094028751887 -0.92871178252515540485 0.93311453896246876472 0.012128150309688695563 0.35937468629132451881 -0.2994367427893870337 -0.52713762621566517819 0.79527577612761268799 0.19908514320414669174 -0.8496933746933464926 -0.48824816923122266177
5.7225862314736470893 -2.8583624368388211856 -4.2406627192043337971 0.94018223372238818314 -0.0052136322875754185016 -0.34063203817507337057 -0.24423298513601107707 0.68676309082701547659 -0.68462157872027273875 0.2375028765394129604 0.72686262465218676176 0.64440911579481585658
