1125 14.717824617146108679 14.977075390850430381 15.033177056927090831
-4.2049951508669147771 4.0870011885177026656 6.4845810334651368123 0.89143557488332392236 0.00084213980254121468573 0.45314667231807947978 -0.41403258045168583878 -0.4049159174015791729 0.81524237019391787573 0.18417284858778382173 -0.91435353700600918714 -0.36060778029265816436
2.3273499180336405523 -5.7617229727129188888 5.3251789056511045217 -0.94543210876353500627 0.0041525524449108341951 -0.32579270100341556349 -0.14839450859376546177 -0.89567673888076915212 0.41921623208923225468 -0.29006412659641367391 0.44468633410090313562 0.84741776399008972298
0.086925421283486667412 6.1132005536617697317 -7.1075682759642715425 0.99604623238745249036 0.0011039510509499468865 -0.088829523463542475747 -0.052398450494457689264 -0.80016365090733243548 -0.59748852219306280986 -0.071737753884946367511 0.59978072081284639072 -0.79694214445520150658
3.263786878049444784 2.1075944070934240493 -4.2432914072785496984 -0.91537588968016203594 -0.0044331130584993371294 0.40257586626727615009 -0.34078997461818255621 -0.52386857975963829759 -0.78065607301825679087 0.21435758393841441993 -0.85178756662050902904 0.47802590678619621967
-4.8134234978796470728 -0.34169691326925799579 7.511853173655199889 -0.65679912859879940878 -0.001296001805355440073 0.75406447008940225007 0.2017224595806305365 0.96325080914422123168 0.17735819119443713143 -0.72658306749644485656 0.26860044501517255089 -0.63240085939618917443
1.4128207078755259385 -3.285394968766765178 0.1764669063523259529 -0.60147377193693829511 -2.8620497236934820673e-05 0.79889254649972507583 -0.60084555076985213251 -0.65903498869734122856 -0.45239087943134520531 0.52651108800474233362 -0.75211228074905878138 0.39637506399182903527
-1.0339233557760594273 2.3064254365657599344 -2.6970420165885640174 0.99842393652791150416 0.0038098546115204762891 0.05599221352922469086 0.033514551318588367557 -0.84073524645365871333 -0.540408197773102561 0.045015750776606786032 0.5414330340664565977 -0.83953787990996797674
7.1671798329963820606 -7.3075337081430395969 4.2204183720220065368 -0.99966623967225132219 0.0010577016420403413319 -0.025812604032281739191 -0.025828811159234337652 -0.06144955153111094498 0.99777593934248465235 -0.00053082369219558463332 0.99810963019282650244 0.061456361284626066788
3.8526413667026755405 4.0985534078317193973 3.878675221399751738 0.99735802860835920391 0.0055204664716766750632 0.072432639193023826141 0.071877314732706046319 -0.21935847876196454265 -0.97299306750979830394 0.010517337939726660936 0.97562871126525774201 -0.21917573624257216669
2.3526996072921515513 7.2976025724884454604 -1.8284893765594318893 -0.8596252066287406457 -0.0016721104852647945826 -0.51092240915331565976 0.41331974800195619979 0.585579988220796821 -0.69732550742608201411 0.30035194362629064058 -0.81061290480844416795 -0.50268820208757070134
1.5196799281260311432 7.3631303263198217834 7.3580958581969184706 -0.84395665126558683244 -0.0098230932277431799726 0.53632143125556319685 -0.43368196991089708048 0.60090969252084547314 -0.67143688490342534614 -0.31568515923118534161 -0.79925655973157583301 -0.51140183023453955613
2.5132571354411510356 -0.079972125689016265726 -0.63857282090840294941 0.84557105118566655566 0.0062817079640345354491 -0.53382594311424502731 -0.52414377335440498484 0.1997002534787721828 -0.8278847224186456355 0.10140464609930269213 0.97983689913446780917 0.17215327137148975223
-5.8133219382735807912 6.8518605715310165749 -2.4269759578523544263 -0.73303520049365078481 -0.0015023522995464228067 -0.68018904561515036722 -0.26741999069096261676 -0.91883366531099475161 0.29022619466573679192 -0.62541661587783958787 0.39464216504176302669 0.6731356610335800239
3.358865757602966351 -4.719105233484059525 7.1933530837674135583 0.86171544511310993464 0.011206345764008654453 -0.50726808441713688858 -0.28527985149293066947 0.83746791850849999772 -0.46611467666373646024 0.41959730455021160278 0.54637157986459972125 0.72485598482086366356
-1.2008590756541819289 -3.5360385155513154309 -4.0655990047941372723 0.74538601761814760049 0.0074861882597005956208 -0.66659106033966020188 -0.27055251620301007387 0.91727961131428403796 -0.29223184399263346656 0.60926268613425038634 0.39817341906817188546 0.68575280359032431132
3.8849199689452889039 4.5406520862036812147 6.0558539232570458566 0.78607263171539520918 0.002629783502313909338 -0.61812854804386685448 0.25809586153927616126 0.90725385929400226281 0.33207975104236736597 0.56167280860324064751 -0.4205752239906514478 0.71248869257045899239
-0.76484527940243085542 -1.6386948142720874078 3.1565449022390605904 -0.74036084734035390031 -0.00305413088670603277 0.67220271348009918988 0.63201935551343280117 0.33742452963923774689 0.69763616667585459652 -0.22894835658256990074 0.94134762924351655933 -0.24788564084243186469
5.7706073661256729324 -2.3230598788964265111 1.9206229692714014146 -0.58263276791617024664 0.0054475910260854045614 0.81271728264042697454 -0.34733621299925881987 0.90238902162993139822 -0.25505216874442665498 -0.73477657344923907878 -0.43088789423000117829 -0.52386926777239661845
3.501091310132472767 -4.4947143692652922198 2.3556757552968936587 -0.69223957681145886767 0.013112679017934244716 0.72154863033944338646 -0.45954889432408368988 -0.77892169047821568917 -0.42672686091708011968 0.55643434655073364947 -0.62698409688890477387 0.54522633853025392892
-5.8174553883853734604 3.1596961085025849769 -7.4767248721020642677 0.79761435395017599159 -0.0016625531494212273352 -0.6031654651001652212 0.15460376908901782289 0.96715191658465993196 0.20177919820910139581 0.58301716694793326301 -0.25419363910910947046 0.77167128810181118137
-6.6997431344365221406 6.6832949412154132318 4.639790213353310655 0.95898473330201228215 -0.0097212752533901089502 -0.28329097779692941073 -0.015085911610930098636 0.99624496257589567616 -0.085254852137023814929 0.28305599545770021574 0.086031804290526578405 0.95523705544012704749
5.6298212189145768747 -5.2478775453342407786 1.7412225923028428198 -0.99740557212931435505 -0.0038884220230536465507 0.071881881300244740429 0.00115548731573217431 0.99754667333810875807 0.069994995258330069965 -0.071977701645396421903 0.069896456893952740863 -0.99495411742422057433
2.6724203673482329613 -0.62755248181396172669 5.0174915107795108327 -0.99969156555232718819 0.0023309479745170272845 -0.024725299697203544091 0.019076121641383732286 -0.56541208263845588178 -0.82458794460599305065 -0.015902054794928965203 -0.82480527610339116062 0.56519322462796639517
-7.3416331034791530996 3.904120541396836952 3.4452159358557983282 -0.99409238197652116664 -0.00035552631175611538669 0.1085366744350143714 -0.090900003742595616996 0.54916079268038398009 -0.8307584565337085003 -0.059308729677608688913 -0.83571663701503950961 -0.54594887782680834309
3.6598703446026270569 -3.4280996798542684445 -2.0815151625920091938 0.99998973383087208511 -0.0024627893686092702276 0.0038035380025300494916 0.0035587374257170702879 0.94646212673952612171 -0.32279525714544676784 -0.0028049279394454090797 0.32280547906772566469 0.94646117462005829868
-0.28297558762996877224 6.9413681882366740084 2.9691182041668575664 -0.14779611179414167688 -0.00019710001836588413775 0.9890178312295517804 -0.9050226146743356459 -0.4032633837626978246 -0.13532446284468174769 0.39886134967740649593 -0.91508393301802537501 0.05942238017510990955
-3.4849166525711088305 -7.2237817381347602108 4.0101026430344370866 0.43654608870690408962 0.0039180293835836656549 0.8996733637718702381 -0.79860147588176055855 -0.45882929559373719641 0.38950142518923791535 0.41432257379271808517 -0.88851579983177175759 -0.19717119032729296668
5.1989837467165038731 -1.5959216825336575152 -2.2767885243100844939 -0.59150097693425651713 0.0058682037673443623177 0.80628292706114101929 0.53016697043772620379 0.75624146108291423474 0.38343426554758952562 -0.60749450840538221641 0.65426631941721391517 -0.45042869084204706365
-5.5228485298467040465 4.6573958522373875013 0.056777756511021501562 0.98484788587042249031 -0.011427761704068079701 0.17304348574610567413 -0.13155375755439624452 -0.69939073937329876429 0.70252843540468357109 0.1129966838895668374 -0.71464816514230944389 -0.69029685606175084089
2.0172771880346451745 -6.599854579291541512 -2.0784175698586317971 0.99629479139241472474 -0.0017193662611786305391 -0.085986815407366898323 0.075121019628555274483 -0.46940214148480291501 0.87978319032550766909 -0.041875064826236471638 -0.88298282732405375395 -0.4675337480831482373
-5.4952861717996812629 4.1278309993105422038 4.1333207292151774581 -0.99687237349583768253 0.0030828750209153706757 -0.07896813814637392015 -0.078857531388303273023 0.026848929893732515622 0.99652427201091620113 0.0051923697907872590901 0.99963474871825930279 -0.026521848555310627987
-1.1990601795049942169 -5.9538074066590080946 -2.2171666752367942266 0.88504981603038557214 -0.0040434472053373854764 0.46547875749542172441 0.40260614018706836204 0.50858046204411566649 -0.76108751764217097424 -0.23365598436247145275 0.86100497336643555535 0.45174696104119416162
7.2114020634413176225 7.4114454927279762586 5.4993903313251983889 -0.94195211142292334383 -0.010979869933763524575 0.33556767162852108033 0.33331650348980568221 0.089467765088290268638 0.93856040163188469982 -0.040327760751321661825 0.99592919500658416698 -0.08061457837413427141
4.200717145356480664 3.5037860706190180338 -2.6488940970774073058 0.70277312132124836186 0.0046391363231587422547 0.71139891647560860033 -0.54960895552223687499 -0.63138963593540864405 0.54706226669652380235 0.45170779931084348302 -0.77545187216716393586 -0.44117395434706702106
1.0164025367823033008 -4.774077895099108737 -5.5165407927595540016 0.92265256481760016261 -0.00067172889506451579408 -0.38563168103234485296 -0.063942293790159934752 -0.98642244205903162335 -0.15126846620213096895 -0.3802941331395806035 0.16422641256080552918 -0.91016814804577328424
6.1764899210094510451 4.4176266608457837037 -3.2090079648309433047 -0.99928455054771225807 0.0070594016335316887856 -0.037155778622602497752 0.032355325344851235125 -0.34913663893402613336 -0.93651307533614958079 -0.019583665599108020239 -0.93704523487515034574 0.34865844008034257984
-5.6387290246306474018 6.7497015860573528201 5.4092658792236436582 0.84999715250194840532 -0.00091965756879875066102 -0.52678647948528878331 0.42535109085500116821 -0.58874551090716653601 0.68735374654899983327 -0.31077530507905437585 -0.80831793102495486103 -0.50004083046936276258
5.3816063218528222833 6.3697430082031107901 -6.1544026280091346237 0.95080793406599106721 -0.0040140898438789374136 0.30975499931369360196 0.29214963850458619543 0.34414471316125899714 -0.89230768523240500123 -0.10301874217217898977 0.93890803782152676416 0.32838823863746724463
1.4519543548416493639 4.1708718162642028915 -4.8786841470567123835 -0.99083549366509604539 0.00048763272659557189981 0.13507326422262239118 0.049207119149571515448 0.93257981515987398158 0.35759411038425670259 -0.12579222519069616082 0.36096350310072167211 -0.92405717653761609842
-0.29735753119015218005 5.1059696656398809722 1.9152224941993918339 -0.99747555451979041941 -0.0060724981233402294811 0.070750568210776645928 -0.070862831666765394023 0.14938410766726153978 -0.98623670965165988189 -0.0045800899306780145509 -0.98876059445302388884 -0.14943731004416099806
5.4097882342696097524 -2.8478701374829240578 3.4517540493015661518 -0.87810656735312908605 0.001353775757746596576 0.47846318945409682666 0.34447830147084584906 -0.69221844866019555109 0.6341674220188908695 0.33205956722715884721 0.72168676489563798881 0.60737521943788430612
-6.9557580862707224512 7.0496773937768573148 -2.2077730218574638243 0.49181927463179703208 0.005927708665763134141 0.87067712923365336852 -0.4230606258296653599 0.87562820288832410309 0.23301278329563229752 -0.76100821807215857095 -0.48294938924961500204 0.43315860772956460423
3.5890520400179029004 -6.8972034836802018631 -4.1404295240326209893 0.92459508268867340863 -0.0015433681461627800531 0.38094822624967467073 0.35409122252527985841 -0.36535757849132655117 -0.86089096055736391566 0.14051099315896872777 0.93086597201413301406 -0.33726132738248287835
-2.5114376832056475308 1.955055154599913525 -5.0420896517725521946 -0.65513959330884796728 0.0033364444004624575074 -0.75550048406201975038 -0.47780081027240839386 0.77278565819095479394 0.41774239932934625896 0.5852337131284802707 0.63465832905048957802 -0.50468832598411339507
-6.2292861224011257804 -3.5884798060732028269 -0.63728670390980957094 0.67495168752333778439 -0.0020031158168517838869 -0.73785920542911231923 -0.69465816135484503846 0.33543371745348105062 -0.63634445079562751424 0.24877752786876891622 0.94206167989272904251 0.22501007289720018067
1.99838537659914528 0.73977975978866705731 0.19046675786794958762 0.95799804625461693064 0.0093884070875429291581 0.28662100618212105196 -0.14445140676868106766 -0.84761173014383917046 0.51057628813451594318 0.24773682498788268669 -0.53053389404922435268 -0.81065421284907168697
2.6428235740244980789 -5.0682776213125464437 -0.47684772465478791892 -0.99952014727320659393 0.0013718690434476512457 -0.030945002347290341549 0.016267192321171249081 -0.8269175625283521347 -0.56208782519825972734 -0.026360076800512107636 -0.56232149412720089376 0.82649844742355083049
-4.0835961349433889112 -0.56023393033629087512 -1.5431282061505129377 -0.98901131525222041319 -0.017878897006053287577 0.1467547728182886646 0.13504186442038940141 0.29474939497204988292 0.9459844021004825132 -0.060169038191868452758 0.95540731586346017146 -0.28909608720563428896
-2.2941488800552045646 2.5836947045310991733 3.2558975387595956441 0.97982282796567410355 -0.016043784772471703093 0.19922304778169716566 -0.1620155728948788898 -0.64744937789366230341 0.74468802676333900603 0.11703922392428335597 -0.76193956455566924646 -0.63698502339365692393
4.4602035028102804404 0.374116289028463056 3.7498951724488320814 -0.9598780672585325302 0.0052465110136379992933 -0.28036863255053406929 -0.24140098625934874876 -0.52420944116233270105 0.8166578387729759303 -0.14268727984325549341 0.85157321230676930046 0.50444365815457548052
-4.745423938965774191 0.68918805031834784458 -5.4498138694356326184 -0.85462810110177467315 -0.0022299966373651868186 0.51923581918232353249 -0.34583664342941422554 -0.74346170498058350429 -0.57241742573829523799 0.38730843635092820909 -0.6687747904507164165 0.63461205061757663959
-4.6859374521080852105 5.0306202346057249386 -6.7604736568659182794 -0.77685750368738593075 0.0067415046674530075196 -0.62964035058087219898 0.36569399971160954088 -0.80919426586495513121 -0.45986143420200237264 -0.51260151925223074176 -0.58750250399998094064 0.62616330957197197105
0.13952970530142988492 0.10017849493511560288 -4.9317383563943000269 -0.95098814906321182949 0.0050119520858895594273 -0.30918670844273021814 -0.28759156314444073166 0.35309304550748227269 0.89029006173410463187 0.11363376764642948991 0.93557478672237570638 -0.33434590665942004462
-1.7785061603615279768 -3.7017538810766748014 0.44061072098164827393 -0.73188078805027234619 0.0034066774630413429979 0.68142417526191478849 -0.50856685116618394193 -0.6683096732237540083 -0.54288298791790778886 0.45355294065593748654 -0.74387537613797793945 0.49085553353097943763
-5.0344777917561112091 -3.5000604482983841415 -4.279380547686148617 -0.98973780816544909555 0.00054007634116470890767 0.142894294516451692 -0.13155796623312313032 -0.39380715428103696407 -0.90972986471688288557 0.055781471909779542506 -0.91919292510036754162 0.38983688106308123089
0.1878937708371748172 -3.8141549545859834147 7.0085995733941990338 -0.71223775563291591428 0.0041946514488874009699 0.70192576840438969388 0.56755875019228951839 -0.58496278738007356779 0.57939244252982236016 0.41303080336830921837 0.81104928474152504503 0.4142518716785982269
-6.3845369646417324816 3.7669970046617473614 6.191463267435841189 0.82856733478775101975 0.01232527043722526916 0.55975374892115770109 0.48068819081766728241 -0.5282798723404509289 -0.69989944969845441225 0.2870801890258333211 0.84898083852850814157 -0.4436400577950088131
-4.6230927060973598941 -5.5441080543681451331 7.3843979261160228589 -0.97024547622036882988 -0.0015535827399016008919 0.24211836414175288978 0.14042147164639146029 -0.81823988922312085315 0.55746326693773706751 0.19724483814455065489 0.57487482991069438487 0.79411170735632463646
-3.0360035127908475694 4.0874964146915813146 5.9142103342470768723 0.7565443687024819841 0.0030733651060208411893 0.65393514404063868284 -0.64321395014872961848 -0.1768957660065380022 0.74497228290928407812 0.11796793004297477514 -0.98422479261404038908 -0.13185266430948902605
7.1083776499879540722 0.70637725646871885044 -1.2978520231284065289 0.99362039680496516691 -0.00080303449182717902277 -0.1127734994964119386 -0.09252439336636544831 0.56593694771786240416 -0.81924026258470683537 0.06448056827644819966 0.82444813441678577171 0.56225219427881378831
1.5342860978126779958 3.7531251343366101025 7.1783001005192224042 0.78330477567545375717 -0.0043645360862087766857 -0.62162253758107954837 -0.082126398512692627696 0.9904836710394501198 -0.11044162291194643821 0.61618899947280569851 0.1375610709061495518 0.77549214612388006618
-6.7547506944173294485 -0.59195812789419610667 -6.3192748846768385107 -0.63241696617767961808 -0.0018906497231500670603 0.77462584925508670697 0.76995461993290037483 0.10814737773393627573 0.62886725780023811083 -0.084962722028681741948 0.99413307465998734802 -0.066938522037548950361
-3.4635101587225598507 -1.4445683726273503833 -0.415122508688871239 0.95739293374053802133 -0.0050781046500601619009 -0.28874380214461770056 0.26955684646082173073 0.37448063909762452361 0.88718845656788036802 0.10362372773579149599 -0.92722082795539695343 0.35989395557010334104
-6.6535464761854514748 0.020010260363477139212 -5.0608063732783907795 -0.80821939062714898139 0.0045774682737222361847 0.58886370528213283215 -0.44320085585458240951 -0.66316954491625845769 -0.60314107476220857329 0.38775561631533111973 -0.74845521006920290308 0.53801522333114637497
-2.7570641361366541311 5.552783603921319866 4.1140232434674404161 -0.99877665072815269287 -0.011276784417573614341 -0.048145987303686875458 0.014801861388453525781 0.86082594540191237353 -0.50868418161203765582 0.047181636890756689651 -0.50877453341938028153 -0.85960593720853573085
-6.5987895032321688404 0.93636289016750440251 -3.6532644823952509228 0.96028518386990358024 0.0046115410358523768741 -0.27898225629830053496 0.051596753534394530771 0.97968421144811890233 0.19379530661041369233 0.27420820677859236714 -0.20049334036026045247 0.94053829257856003121
-6.3684771534390440806 -3.4985608780550601082 1.1124121052934892173 0.98298145244053458658 0.012895872658810460243 0.18325163198827421063 0.069802679959306793145 0.8964964012136270588 -0.43751775790409141997 -0.16992660188590794079 0.44286329615278335892 0.88033916810064549718
2.4200396167649702583 5.3947418149251777919 -2.5283916831844455153 -0.85767757545485756587 0.0002180053365607439661 -0.51418783439099113863 -0.10439732027319738317 -0.97924555254125311698 0.17372204047847283892 -0.5034782776662335424 0.20267733050812894446 0.83989971045134836913
-2.7004538236566775211 4.8721513781318597225 -3.1348421217795747751 0.96050093529987101704 0.0058944328109011377009 0.27821432197123263652 0.054971153989060148048 0.97605559755337845118 -0.21046054906751332503 -0.27279319184529471354 0.21744131655818357829 0.93717829058086177252
3.6293594146849592619 -1.1923002095655119703 5.9239123622863809615 0.86003647588054676909 0.0051035399255900401952 -0.51020703056220806371 -0.50981266774765621186 0.049154231101471185239 -0.85888002967169818636 0.020695505767139917019 0.99877816127755358888 0.044876280995546975749
7.3308867975078717549 1.9797361039568881491 -3.5759308406324343821 -0.97779454344929928045 0.0019956317226451966013 0.20955631284874220999 -0.20334498204928730392 -0.25086600032191830323 -0.94642330283965714344 0.050681841680362937907 -0.9680197659843424729 0.24570120794852665091
4.4754659073654758927 -7.1050925742610973046 -1.9285660921590230821 0.99860670948212748588 0.0088089878675726238783 -0.052029237069442985097 0.051338513174329115929 -0.39024842374059298677 0.91927717519424023696 -0.012206426271502836961 -0.92066745869550503656 -0.39015693465188722167
1.3634104592277824786 -6.7102321879999493603 -6.7969988652837134424 -0.98790892830335352848 0.0062755353697679780098 -0.15490825360275842226 -0.13686635883392511692 -0.50465204625583492959 0.85240478179638734524 -0.072825470805026520926 0.8633000230890750526 0.49940917185854616367
-1.2205724532733424059 -7.316095014138707775 3.1687227828990045531 0.37441759952746433981 -0.0032107974224174313724 0.92725463166487143152 -0.91831089011262112543 0.13731362961310722426 0.37128166696325931584 -0.12851680926878303324 -0.99052241665811902038 0.048464129343201836631
-1.5121409690648592861 -3.4555923674631325859 5.1284947524716688605 0.97303278872091369944 -0.0012832685595376169298 -0.2306632725335557299 -0.12279045164334179141 -0.84940663306836194923 -0.51325517696835798453 -0.19526826946359734927 0.52773736358280298742 -0.8266580780585517374
-3.1175834461608440407 1.4061401295165234515 5.3120961026356994239 -0.72163198412585916053 -0.0064265161125320723751 0.69224705082597681738 -0.52052590826393685397 -0.65420692673091818126 -0.54869488410492395225 0.45639901217305178793 -0.75628830277064618137 0.46875147442928050134
-0.13932754287580986774 -1.4212495936768485549 5.7598508547499509547 0.64286884948533717932 0.0062112356628000334538 -0.76595108389045296615 0.54727590279665205841 -0.70335585949172951814 0.4536293874264347159 -0.53591858390943380996 -0.71081077332170106153 -0.45556483177508139137
-7.1990486243115476839 -4.751496377567347551 -7.2553330849018990989 0.62341849151237627158 -0.0011096818398529870175 -0.78188755780274687979 -0.61065265769032539556 0.62384280988736395823 -0.48777400526006731152 0.48831620503121009325 0.78154904974554628705 0.38823751331607642134
-4.8373008071620349213 -4.6215793578503490124 5.5221410584378132214 0.96309518497635715484 0.010321772257716375909 0.26896305637191675331 0.20436296112798907343 0.6222682969675489284 -0.75565729448480456476 -0.17516690553423355792 0.78273598844470981817 0.59719421263017169466
-4.0339683151686660523 -1.3096076183717513253 2.0754800586934973872 -0.97478991987805552188 0.0035007181710513179604 0.22309719199572086712 0.21604430712116207136 0.26469477865088641977 0.93981994632773746545 -0.055762617089277898008 0.96432588844603395195 -0.25877811230496305939
6.201529322571899705 -7.4016396607728038859 -3.0325296468150884088 -0.8056941417238068226 -0.0049873742656215309943 -0.59231079349422921521 -0.24190025957646024701 -0.91000634794001866723 0.33670864426934049574 -0.54068587406059043232 0.4145643168518543531 0.73198033633727854763
-4.6690459499821699296 -1.8087131692699152108 -1.1219706440867807107 0.77940482919026887743 -0.010654603233344222754 -0.62643003732643476322 0.62635825748843165783 -0.0095116947369496343545 0.77947729982295044238 -0.014263432648121750212 -0.99989799834437143033 -0.00073986209636711045695
3.7888032033085536909 5.833907431318629655 5.6740839468464088213 0.99272953896829296827 -0.0017035348629573367034 -0.1203543120498693636 0.028567068633262936161 0.97466528939201124704 0.22183664315007770029 0.11692726392815147585 -0.2236619583732670502 0.96762768838378332426
4.7064446304399769616 1.8530899077130564834 5.0405882087490647692 -0.81414014251636435127 -0.0021597099064303258709 -0.58066441598957196923 -0.51367427920526720353 -0.46361966684276689765 0.72193873659713003743 -0.27076662132978757125 0.8860316812449126056 0.37634199420732106223
-0.0068926168228713620423 4.4333480855958047329 -1.4738563108812983149 0.2639074319924853973 0.0021903224933411619482 -0.9645455250149510551 -0.2507642595194923274 -0.96545541008566171381 -0.070803511804364893667 -0.93138077792425089108 0.26055911732964437411 -0.25424160338081941424
1.6033801146303576779 3.4239934276689538706 0.91409875091208681042 0.99824845382255911197 0.012222040392860731781 -0.057884766298620923819 0.032012109901005877943 -0.93440598138246067084 0.35476849744083160942 -0.049751876954577493872 -0.35600011753562910144 -0.93316057945793307038
0.48439652234104435546 -3.7557482134525654871 -7.0093276443034264744 -0.79427405988164501149 -0.0015290974242277159852 0.60755771714325812471 -0.56790647491035439742 -0.35347930839175800699 -0.74332672109502107016 0.21589570063844062964 -0.93544109402991248992 0.27989106103245259272
-1.5446601724263617772 5.0282828749994363804 5.8704188288835021936 -0.99981973126990664191 0.016801356746714603274 0.0088441717945578635779 0.01898696802436495093 0.88480087833316967139 0.46558232434890456375 -2.9162456326118496586e-06 0.46566631842163114241 -0.88496038322585290903
6.4537218090958354821 -5.3237471367135560385 3.2846424698634755224 0.99877621562583107639 -0.0054761517808437926852 -0.049153665802491502967 0.013068995441533025337 -0.92930275059304678908 0.36908752227391772305 -0.047699816124315834454 -0.36927822776581348263 -0.92809391660535511814
-0.27273776105605379572 7.1511766555885820651 -5.0201936854899731344 0.94582918572946417246 -0.0034665383079141940531 0.32464616821171149441 0.27775438877172797802 -0.50911444672925110222 -0.8146502192041705781 0.16810607050426071285 0.86069185150306171117 -0.48057245636421619395
4.7157265032512922787 0.083154097955536743214 7.2997888657764065101 0.91544835276070024577 -0.0011502328860652794723 -0.40243383355790474099 -0.082755081800237773049 0.97808657513624175373 -0.19104514643054737455 0.39383487639373493394 0.20819540941797162747 0.89529255644914607082
-5.3090326223984414256 5.2665069780916615727 -4.188459056186717433 0.99369805481976225536 -0.0086000759127524244174 0.11175962840665407128 -0.028565907463040052239 -0.98356070931241101896 0.17830401012825755624 0.10838895136551213172 -0.18037286323417975331 -0.97760803261361362004
1.7186448768885149718 -1.6527803867642423263 1.4666232989902843187 0.91294359352408582797 0.010144249940393545301 -0.40795966618805656889 -0.4077598535052339157 0.062621734211954035998 -0.91093930658077704177 0.016306345778748291414 0.99798577775310082227 0.06130652893379626156
1.2347521883223473438 5.1926229702085517914 -1.4742034644244823571 -0.45670611166663444003 0.0046851187572859998021 -0.88960529294084533802 -0.60817449337318818525 0.72816888224405507124 0.31605990657106636244 0.64926366999584572692 0.68538173932018697787 -0.32970980911967490146
-0.019112968407125979775 2.6187484591703129588 5.4910376568287171395 -0.90142348711231479186 -0.0042409908187187872475 -0.43291767217248727784 0.033301307751159053838 0.9963102745986263109 -0.07910031372430367802 0.43165578854498609651 -0.085719605260993300688 -0.89795625143410440216
-1.8547930437067112752 6.5659236043237569902 -3.3534182275392909744 -0.99890579027993908756 0.0065851169800000422874 -0.046301818318811624464 -0.03690652151835614736 -0.71908184948108122558 0.69394466812307586956 -0.028725090333750709359 0.69489418617606457662 0.71853805689327510109
-6.3115739923018852053 5.7946185821976019525 -1.8266965638671828209 -0.8232323369608522956 0.00067435591014527009393 -0.5677042052214158474 0.29394598158247137176 -0.85500698771249250552 -0.42726901464321120905 -0.48567919380334956259 -0.51861603928804278496 0.70367117640253940003
-7.2573193742726767042 7.3937303048802158756 1.8316556760854292296 -0.54272775414829865781 -0.0043539375984529300051 0.83989739141430241887 0.078337722491835626304 -0.9958899417237379037 0.045457949890276766469 0.83624744311232079852 0.090466939822449854436 0.54083818900601454693
-5.0118188723095178361 -1.6274495471018046722 -4.8374825861191297349 0.99339095508157604364 -0.0088733000958084260607 -0.11443633560844387875 -0.026670754617354526517 -0.98756273466859356702 -0.15494681649473149299 -0.11163817093728926888 0.15697486945087241184 -0.98127254580495681946
-2.4762263659429590845 -4.048374825848519265 4.0774054868396953921 0.97695754869974937851 0.0024736609473499930785 -0.21341937362849489057 0.14092220024917329058 0.74350876882568850412 0.65370914339338304089 0.16029623050905228432 -0.66872160999983720764 0.72602791048537185237
-0.69176276348530341131 2.5409019139661142006 -5.4950857614487080838 0.94021567802914696177 -0.011724774279466099874 -0.34037774377319435226 -0.055179675703339044202 0.98095892185018029874 -0.18621169950300719975 0.33607987469852657059 0.19386109282323552017 0.9216659885837575894
-6.5401138691281381909 -5.4216546376088636805 0.65583419262626319046 -0.74224050357713688975 -0.0049888660092819760161 0.67011502450355264759 -0.63829585240958175429 -0.29929684861920752281 -0.70922478890926332618 0.2041015424886211127 -0.95414700524734541442 0.21896587115623142306
5.4812087566839222674 -3.5025128579005944118 -5.6219051529600845285 -0.69798918806101239998 0.0021987378751121902654 -0.71610492171304995779 0.58479780543455783803 0.57890443189684681613 -0.56822635057618287036 0.41330693208420876683 -0.81539243575226671989 -0.40535485146870120499
-4.1484950420159671935 3.2194187119120489804 4.3263279675386998591 0.97541182294304784595 0.0020928679547386605173 -0.22038011608723995227 -0.18330602090733014164 0.56285260728952613007 -0.8059750896687021271 0.12235472349697970595 0.82655463362750591916 0.54939672302163400364
2.9353343566172713786 6.4027294087338839645 7.4302362843344589294 0.98518275409145694699 0.0050750158756732253323 -0.17143274265614147356 0.13780136617718863334 -0.61850772763417016797 0.77360130192271070459 -0.10210643721373627302 -0.78576232734256168388 -0.61004249065857429901
6.7171519638272458863 -1.3909572574950770374 -6.4371575972257844001 0.87635996153972350875 -0.0051843916232655763016 -0.48162884038804520959 0.14635212907375017011 -0.94979802709226701651 0.27652262483804257442 -0.45888372397119331358 -0.31282076308196476999 -0.83160621574113124943
-4.2912412343736354714 -7.3893108862588059438 5.7617163105557107627 -0.95663960808340398057 -0.0031899651286296636793 0.2912567327436544895 -0.16829444844780588886 -0.81008522843397012814 -0.56163947626109533839 0.23773438722172984816 -0.58630345964845231865 0.77442276202131943297
-2.6217312391470803945 0.47102717058102278047 3.3820836094791353332 0.21213274799935444292 0.00087496226704597036827 -0.97724046767779149114 -0.8747502025521185498 0.44599026057513541099 -0.18948554194744351986 0.4356739381249165044 0.89503738576272395822 0.095374512977082548382
2.8986971432557644412 -4.5433760603346771134 1.5288790853161702277 0.6299243448189797423 0.0067368331977573879532 -0.77662728183004103855 -0.51408788940329597228 0.75315919424509492064 -0.41044472233530049365 0.58215888018059047671 0.65780380297058704819 0.47789663633910384188
6.1190538762843118548 1.3025827425091101031 -5.5190969190706145042 -0.84862161177987593952 -0.0016861765375745501466 0.52899765295217027194 0.13576228202189560834 -0.96719654000520038917 0.2147078381945388692 0.51128266428699653545 0.25402364025950402437 0.82101280586167735276
-6.5191002869692340482 -5.4220691643867731102 -5.7701675942310872713 -0.96533274468161966997 0.001697499757512435474 -0.26101687788326188855 0.071308909846814386158 -0.96022449095369555305 -0.26997030642108399423 -0.25109307322547075314 -0.27922400589352996958 0.92681509650580795601
-5.6051652752120615375 -6.4318473649893626032 6.9436378925518749128 -0.95905040532841334677 -0.0085657778342135004745 -0.28310589448043121941 0.018534466750265179286 -0.99929816738740595561 -0.032552207273533501075 -0.28262836655533490893 -0.036466424368075962825 0.95853607460131284856
0.4243160028647939841 -4.6748430762274502115 6.2123780756180604357 0.97010994614607037878 0.0076045431964801724761 -0.24254662090241244088 -0.18895124007079502904 -0.60348128258923672274 -0.77466623163793046913 -0.15226332869121025904 0.79734090104991661718 -0.58400630668572295345
6.9192756362298828421 2.6397337008175139061 -5.9131771328131144116 0.63456832970599263977 -0.0042187190529373369205 -0.77285524992958321011 -0.46003464424442169767 0.80148052536814218261 -0.38209566020924706775 0.62104038598885202838 0.59800599484073002632 0.50665340135600811511
5.9961280627480100236 -4.4874840276923402271 -7.1012193641055834092 0.80595447021082344818 0.002633348049096233788 -0.59197166944499912677 0.39136659194338518919 -0.75264536068919252187 0.52948763134151533016 -0.444150405446151475 -0.65842085819869367036 -0.60762849738222124429
-4.0069049183609726228 6.8793690051493268101 -7.277020310828660854 0.86245472895863672935 0.012790471418577052665 0.50597257271284423741 -0.20965917974956016501 0.91890697316633129788 0.33414518253735003839 -0.46066785088994444131 -0.39426688740895121654 0.79519730422669920866
0.89293328951319272946 4.761552434569895631 -7.2788566760365673858 0.99949414191851360112 -0.0056875797631620360686 0.031290760729430225351 -0.01370252661782223394 -0.96488776300661183161 0.26230487140787089873 0.028700192244653279644 -0.26260094485057650093 -0.96447760094708301359
1.222309961524553179 -1.3626248479923361856 -7.2909898225905394042 0.75934074530574313666 0.0019051660514002939813 -0.65069040477072137563 -0.45835370978917389095 0.71135801926834585363 -0.53280544774351945581 0.46185875464361580978 0.70282724674342356153 0.54103636845793301458
-4.4274319558323353974 1.0430074505064885759 1.8949521130511284284 -0.92615769164390271406 -0.0041001045307197635237 0.37711419935042034268 -0.37618490229814433023 0.081032267551063047462 -0.922994415421054204 -0.02677404511450726457 -0.99670304542435483874 -0.076591055286050244155
4.134900859339538215 0.045448502029223167287 -3.8703263992570740015 0.73298609816508897286 0.0012145929176877214017 -0.68024253370456200241 0.0074572663193307794222 -0.99995266202350374662 0.0062500312909016218776 -0.68020274115584777874 -0.0096539357848965633158 -0.73296045762924988409
-0.16169682350037048457 5.0613909977941400342 0.75553561744120412147 -0.99392166688441574429 -0.0040651263231306390689 0.11001452106808276565 -0.06712221803640303075 -0.76971069445357198635 -0.63485435706905857245 0.087260116569613355164 -0.63837991947713856877 0.76475927615462291342
1.3732656620066594488 5.3358794211791860107 -5.9415794633448841822 -0.99546961872481820599 -0.00051915531001213259532 -0.095078749851968541451 0.051833128577268634818 -0.84128796991117582582 -0.53809653266361667789 -0.079709252772399541431 -0.54058697927393017935 0.83750352408932404735
-6.5886157565215821563 -0.46189022969451459799 4.8211148210026175676 -0.89339279969371476753 0.018359442963028473061 0.44890114313670959056 0.44291722057692861636 -0.13152398655601210686 0.88686288493586173942 0.075323576466833325194 0.99114296234929022411 0.10937086912756978363
5.1292345189988610699 -1.2493499393582152557 0.5380016323801546374 0.68480593640083053941 0.0012699836692161791361 -0.72872437629853803465 0.21793135566549615145 -0.95459032245410402329 0.2031335533458984155 -0.69537526105557956324 -0.29791895444664717729 -0.65398588891002928936
-4.1937116301092114412 3.9298309652601499664 1.0429660689351201164 0.93207688373685682048 -0.004721707176882179377 0.36222974516825007241 0.33375200083749367863 0.40000310479340894787 -0.85358486285342982658 -0.14086264494279746029 0.91650162118617728435 0.37440952661852378025
3.3225576296105368002 3.3830004694935609244 -2.0162618979213355885 -0.87773203983369141312 -0.015830836778378085117 -0.47889022839936362663 0.091279213226568720052 -0.98667540683981180827 -0.13468387717252372493 -0.47037705246136107817 -0.16192907751345314571 0.86748164382509163062
-3.6483675208348582686 6.434723127140353327 -4.8972604005123905324 0.92080389694249653587 -0.0063375807160068742263 0.38997438178188886804 0.11448460656750522602 0.9602152915273444167 -0.25471527000983579248 -0.37284508610760952463 0.2791888769055639874 0.88489553777709084592
-0.60569219627459425226 4.5890039577475647548 -5.4497411702170657222 0.97496011615568745068 0.0044038920263025620877 -0.22233618158263468434 -0.1065133366288321809 0.88690667223062114033 -0.44950135024586124199 0.19521188751178572551 0.46192765720162043408 0.86516770541119003557
-3.588329157717032647 6.5876815617755593024 4.4594771905287924341 0.96049143640587553161 0.00095018600759660693661 0.27830791892722733794 -0.27757695849005536992 -0.069238182453705138242 0.95820514828816616415 0.020180007593294260748 -0.99759970491024163586 -0.066238931577050685906
5.0834254703759507166 5.0238512453569796889 -3.9554737257626788605 0.9563437319275760462 0.0076122310732504201713 -0.29214503305886585505 0.18321466981188366807 0.76319981840810036111 0.61964378633827044141 0.22768190786399686298 -0.6461177068615093777 0.7284866901401111372
4.0717610964092463277 0.0084871575295930954536 -0.20723421584968509945 0.91495188316840581066 0.00081393017613068385785 -0.40356212533400737108 0.28005133435617257653 0.71874396548727770284 0.63637910258029350974 0.29057581043805297272 -0.6952743700103293234 0.65738820250665430667
-5.0552921086718169974 -2.5063786112343628965 -2.0155206026417324949 0.6553259064303372794 0.0035563104584381980203 -0.75533787738810242995 0.70090671184291641893 -0.37561910243085638861 0.60633330040708477426 -0.28156302607905503432 -0.92676730765869974604 -0.24864557064284237287
0.087900798659917317446 -4.4498868608317820872 -0.4623807203152510148 0.94786035688745307048 -0.0058785166874759740147 -0.31863174180031905713 -0.11936254649199005973 -0.93359927142699938862 -0.33785349322757168844 -0.29548828460040060806 0.35827062876082110821 -0.88562341332598215615
0.96848466766358609625 2.8296082755997180591 3.8340570871937442732 0.96060257576157692672 -0.0011127222248823549419 0.27792346660463845831 -0.23423330780887757774 -0.54147777199210700427 0.80742589749860071979 0.14959093874030762739 -0.84071432977422932975 -0.52040557910061913116
-3.6180324728964978753 4.6577914178384114408 -1.5853526483287732063 0.8094913781102889283 -0.0024342495031062978163 -0.58712671817470052371 0.40827388365452027541 -0.71631184859221064265 0.5658708081285306335 -0.42194329558705490069 -0.69777604573088070072 -0.5788544249751752524
7.1621848361914688397 -3.0510174834567798108 2.0960664144290728217 0.98965155437630236701 -0.0029729745515358714167 -0.14346066479311442299 0.097353846257126938624 0.74838713735398132432 0.65607844139419713159 0.10541361173728486245 -0.66325549682269135943 0.74093192426491361058
1.7003428362135364349 -2.9184126319708538766 7.1262493730750131604 0.97808120252196451005 -0.0044154138644971127614 -0.20817700495911012348 0.20028102443345213723 -0.25355082210461593606 0.94636118467636731744 -0.056962027046286549392 -0.96731198934497764075 -0.24710896937243465032
1.3510481078409852795 0.3225591346109723534 -5.6141574851010087599 0.9898322721842059968 0.0061657517758205498612 0.14210579315292304337 -0.11738457375675834249 0.59963140715338891784 0.7916205135033482776 -0.080330161126016708106 -0.8002525595461861263 0.59425828235967514956
5.7072567347111275993 2.3091148158995582484 -5.8163779604542105162 -0.45128134376513989734 -0.012235297697327479627 0.89229784615885565646 0.43636966805387639168 0.86917930482151972704 0.23261308835166974451 -0.7784129120024124715 0.49434566202221635889 -0.38690529185801419976
-1.9013176708892736144 3.277482787762982408 -4.2666089033855802981 0.36943561278361464195 0.0068677521547308049629 0.92923095191000681936 -0.92793031456484487141 0.05612811349308879233 0.36850368544601203036 -0.049625188350300997175 -0.99839995435501194265 0.027108519420022715585
-2.2766767321571981242 -4.5319638226842329232 -6.1249979547248925016 0.999675128079539288 0.0013854661291560303998 -0.025450319895302025985 0.014574701917731672576 0.78808908152663281754 0.61538863951384359385 0.020909719347180857202 -0.61555964785090122593 0.78781286075735756924
