1125 14.717824617146108679 14.977075390850430381 15.033177056927090831
5.5481013717322769097 4.2373728773737493469 0.50495962877245870182 0.93817950325949883705 0.001360743180790446611 -0.34614645461385196157 0.34573464988936813969 -0.052605337589214609673 0.9368565687035907974 -0.016934329912986947897 -0.99861445354806799291 -0.0498237055553843039
-0.06568494923723798562 1.9862591814064811668 -4.0752795324028490143 -0.69685014301780301427 0.013439737110995150782 -0.7170908252393491944 0.2566529866115788705 0.93828952782913843667 -0.23182322236897781598 0.66972316865963865684 -0.34558954763209326355 -0.65729654032870110658
-1.4029092088515999759 6.7055265730330626539 -5.0143577169954465234 0.99819039006428567085 0.0088603411881442023512 -0.059476377976673683312 0.05856814426971983234 0.080902525461441651689 0.99499977580435938762 0.013627826679398680546 -0.99668263541009649575 0.080237189706566403036
-0.43890208013504844464 2.882771663004255025 7.2457009093119815191 -0.78470775510417623 0.01238582830500873852 -0.61974214826536755396 -0.071987131377820173794 -0.99485625329452209709 0.071266318810291995334 -0.61567165924326716642 0.10053669249561483778 0.78156303742351695973
-2.3435976898081576358 -2.6502320146803639567 -2.2918903265054169083 -0.99841363354887247006 -0.0078195434360068712121 -0.055759044864822832066 -0.042320487418798971579 -0.54896843224964497754 0.8347710085634773014 -0.03713748360373716334 0.83580650579772508557 0.54776664025640486866
-5.0772680908808993649 -5.6176869132329967371 -0.79350118524569368539 -0.90841273708171810242 0.0065835289471020738 -0.41802267433042084033 -0.3861282960171713019 -0.39655266198851235604 0.83285708575039840706 -0.16028486554449072887 0.91798836780018155945 0.36277557588815517731
7.26241196601123562 2.5531081363866978684 -0.82089485426662822665 0.72427048052515252685 0.0070320737711585517421 -0.68948010919699809218 -0.28650088954458208246 -0.90647205898071792074 -0.31020258957245383513 -0.62717582170394869934 0.42220724321811026192 -0.65451625834983817587
-4.775536442074142407 -4.9425630661256603204 5.6237321585959785253 -0.8330463159868445322 0.0058696327123506008769 0.55317210959404750081 0.42804640446733838166 0.64028265159347297342 0.63782003864025793582 -0.35044273575495049622 0.76811696601507295501 -0.53589757927817915917
-1.4376597792755034799 4.0706962732756482026 2.9636463808544175613 0.99932643575108315304 0.010988846180629781996 0.035013141371823229553 -0.035829821053991267599 0.085973572740104184375 0.99565293587355496729 0.0079308721050200467473 -0.99623681424140797525 0.086309392407396268165
-2.6668647155091149692 6.1186103640577478302 -1.4280893941170429429 -0.98144185697850228056 -0.0044808696542970576776 -0.19170759812201312866 -0.1520732832634754117 -0.59081633917550357982 0.79234447677811492561 -0.11681437363637597882 0.80679363852878616115 0.57917046449345399584
-4.0389151192078047714 5.4680483284979644054 -4.9619509106697430312 -0.85868374925063883918 0.01954425714986795376 0.51213303035961643683 -0.51212779444297218401 0.0056520449171572626282 -0.85889066623598531169 -0.019680978935698475313 -0.99979301677933263282 0.0051558381877676801378
-6.2209105502886004047 1.200859934731921097 2.0467890597352105253 0.9899809881544952006 -0.00071424880975113160843 0.14119891267741829788 0.054210150773237812671 0.92527602905913908238 -0.37540049227668592646 -0.13037983987486773119 0.37929376464300090799 0.91604439709928198177
-2.3829385072071320728 7.0910159988018577337 1.132667425904911207 -0.97843222704439991588 0.00026328982474130540724 -0.20656792529193010455 -0.0083499788782439073737 0.99913145818598392278 0.040824099696423810091 0.20639926098144190103 0.041668452596165632407 -0.97758021927851479482
-2.7833072339054720779 6.3894624618600177612 7.2455676252639866775 0.45603727712544023243 0.0097010756922250168666 -0.8899077991581820779 0.49037469302060804344 -0.83719003504789513137 0.24216834157588246201 -0.74267264815474576256 -0.54682605492700819827 -0.38654702603429702545
6.2665152764685592146 -2.9186669043300468296 -4.7995584947122278408 0.96828637813277451674 0.0061159937114650788151 -0.24976806149594013573 0.10605618857888556017 0.89509888719301955451 0.43307051043668842727 0.22621577041976989597 -0.44582572465786907134 0.86606342056840901478
-5.0505447146909006051 6.9154252861414331477 -7.1178279975518874423 0.99909755453309445627 -0.0049605019290442971952 0.042183764017111297084 0.034588803046354803239 0.67143026223705737365 -0.74026010135359165965 -0.02465139407541554889 0.74105114288604956307 0.67099591086475962598
-1.8574965706874027038 -0.28841222407030303598 7.0422015450697763583 -0.99976071102466734786 -0.0092611354587363425156 0.019817973191794392013 -0.00042534053697035334451 -0.89755848415016048492 -0.44089521047011998034 0.021870980244220229044 -0.44079813849436455531 0.89733976916388846767
-5.1636654174380325344 -0.6600757045476904894 6.0195264085227426776 -0.97804539853610594768 0.01159455854357772063 0.20806913421876996328 -0.026785800318546389154 -0.99716321720171341436 -0.070342299943955979846 0.20666329936315241955 -0.074371261064199695179 0.97558146570351345073
0.99700005546793835087 -5.4044720178385077247 4.790050548051588919 0.97121849987145314476 0.013862138757846195064 0.23778659889979078534 0.014533398655349921355 -0.99989381204136407177 -0.0010700303366661511467 0.23774651591728587774 0.0044950806951003594719 -0.97131683215042985413
6.4555172431359162388 3.5268108307794854284 7.2951694980247241418 0.98915605460833810891 0.00056657971324054236251 0.14686721424118501234 -0.1289696891946744417 0.48176662225822858288 0.86675702532300857861 -0.070264634778675796878 -0.87629937844640559685 0.47661544292452329152
6.8339610168768301079 -6.1635258084157102942 -3.8328863770706780301 -0.95859522065024371784 -0.015015473037362177255 -0.28437605123503406634 0.10164118148267720088 0.91479459099162829805 -0.3909218931182995016 0.26601555062320625389 -0.4036401762236415669 -0.87539153238121059086
6.9763694845340626927 -6.6873815483811673843 2.2883391142916051919 -0.99998258503295800459 0.0016991831912706485685 0.005651761403814228521 0.0008691520473734573593 0.98961470512756899431 -0.14374275623488666498 -0.0058373114703359927843 -0.14373534071948362856 -0.98959894786875246542
1.8360808863732123175 -1.4862994412438652603 -1.9303821776026683921 -0.90974130821735954555 -0.0077432525821240164726 0.41510335359101185881 -0.41515671190947889269 0.026495298942640643086 -0.90936401055379756375 -0.003956852222652462725 -0.99961894798639827631 -0.02731853120317803002
-2.8098225005417591937 7.080084836683497862 -1.9370112076124523792 -0.96450189006287134763 -0.00054906066392513934449 -0.26407537294805000228 -0.23383740070417227686 -0.46287596323933738462 0.85502392521331460618 -0.12270360262516642746 0.88642289071733348926 0.44631635049053874909
-4.3367441538278912461 -3.3223215858217285401 -5.7372270320661424847 -0.87689338291661411695 -0.0063711288115521434033 0.48064269859705094357 0.12082114830957602081 -0.97073206613101759022 0.20756084868330390569 0.46525288297671457682 0.24008053753415692366 0.85199829247437464108
2.2401698244715757546 5.3070292002318817381 3.1913791888706040112 -0.99626775263020816986 0.0011608700146542364189 0.086308849197792206209 0.072504101680794894036 0.55382588246394282017 0.82946973853930339171 -0.046837168023879126311 0.83263169786754909207 -0.55184303510837495743
-6.3763811910020038454 -6.4237378229123249795 4.9739694090420476513 0.65099664404382540095 -0.0030248751992003495778 -0.75907458103525660142 -0.42314642347025943625 0.82876052105697717298 -0.36620090529891952125 0.63019875733619323821 0.55959525450758129672 0.5382403528020606176
6.6343949513608295732 -3.6922467867510695427 -3.3892338095853764557 -0.91121233859479022765 -0.0046785827646115777517 0.41191040877335838299 -0.38119724234973623167 0.38859901124466950106 -0.83885604896466259284 -0.15614332011805900913 -0.9213950940411569368 -0.35587967665988212707
-5.2958439324341268772 2.192084731568478162 4.6391875564123949971 0.81486416919994730801 -0.0021750810519687007599 -0.57964787136389317457 -0.34701654922727726005 -0.80282541438885823837 -0.48482044983035543773 -0.46430151875325270661 0.59621021714979371975 -0.65494845342947405342
6.2383262665848908668 -7.2042397962741144823 -4.4808853888148689748 -0.76092383042013889138 -0.0013863243983861226784 -0.64883973553051688121 -0.64593913700588490023 0.096092743735551711115 0.757316853031363868 0.061298903601075233061 0.99537141947420526567 -0.074014739824365030629
-1.2223228161771448885 6.8072760332600639188 5.5582937553033868738 0.98698133686012945454 -0.0016390558395124484297 -0.16082647227892379882 0.15916866419648559305 0.1535139315210454769 0.97524294879116246726 0.023090626402074078405 -0.98814512412133959085 0.15177627168776233746
-0.26839491740385001961 -7.2000763392240783034 -1.2488218124295071831 0.9990023002877542746 0.007564707074371287282 0.044013398265615531757 0.022810984673087956326 -0.93372048946429642147 -0.35727539312534023486 0.038393528077729423276 0.35792292852165313866 -0.93296147521765704358
1.218459168201638132 6.0850398878594811336 5.4182516395305766466 -0.99972236871084985133 -0.0021492094366340405709 0.023464151338083185511 0.019523476434652537598 0.48196908683717204491 0.87597068056026738958 -0.013191640046617301302 0.87618558549673331015 -0.48179331709849432253
3.9803231795138453997 -0.928613143367964744 -3.7907245349901166342 0.45421906329915839873 0.01453510198162527231 -0.89077144843455258183 -0.48814840302472156663 0.84047118693117628396 -0.23520059643402818628 0.74524907189485434245 0.54166125461297431887 0.38885332207789119474
0.15744516476970685237 3.9133960240491507676 -5.694524536767263001 0.9324974007834709866 0.00076021055058581553376 0.36117588459362870434 -0.058266425929596243893 -0.98658269468206971631 0.15251101653082516085 0.35644581796045371469 -0.16326055443305126369 -0.91994150369726002126
5.1864499427462567027 7.2401002193558428033 -2.6283179383664450057 -0.83769940904606510212 0.0076878956268939882546 0.54607746368485343691 -0.46689276669338847237 -0.52880802834620688202 -0.70878291004081128701 0.2833210978609922992 -0.84870664273193796578 0.44657159570372900737
0.24587152167116188561 7.4052969607831808929 3.9220888222585696958 0.97143643438352311748 -0.004694930750446489609 0.2372534753748664349 0.18937161346260630856 -0.58716667438334169127 -0.78700297871611513134 0.14300225860722484694 0.80945244092460644225 -0.56950601394045796688
6.445531567735903522 6.939824775948057578 -5.4345778572690699448 0.47115627674156324023 0.0038038553290214095932 0.88204154866512562982 -0.72757377941720058345 -0.56364547847632950894 0.39107565776690927928 0.49864632595825886252 -0.82600805400298138448 -0.2627975196430525906
-3.9401130264099402112 4.4852527505635073624 -3.8861843761345604698 -0.79220880012196015496 -0.0114208367858897996 -0.61014324670228592407 -0.36068625212676530545 -0.79773317847209512799 0.48324652455212341318 -0.49225059119927627727 0.60290243029201451286 0.62785190531826273741
1.5478599952223155434 3.0499062695247505239 2.2485038162742654322 -0.88055735062034479199 0.00060036824002632823566 -0.47393922798879933866 -0.032292211371978525591 -0.99775126410785053288 0.058733534337522944058 -0.47283820208754373526 0.06702279111650048804 0.8785965969189921676
5.7964439649754027073 -0.36558541388574172792 5.142833393766307104 0.96651142157862834914 -0.012086770336163959669 -0.25633880303417000412 0.25231290252629556825 0.22707408052581787294 0.94062509065617927462 0.046838778558902088855 -0.97380248096627319843 0.22251934047833349384
-0.52145211094073862235 7.0991397009041401489 -2.1966138242419090965 0.99780436400254735041 -0.015379496954843904777 0.064419890180258385093 -0.043879508399457478607 0.57505139401396454524 0.81693970584445430028 -0.04960886936874992631 -0.81797271673087745825 0.57311394570711737817
-7.291629664494299945 -4.0810760701948822771 -2.10906047647608208 -0.9767598018390911685 0.008307278176660682148 -0.21417581245457784078 -0.06249226292650326281 -0.96687122864048891113 0.24749695816600791876 -0.20502440485364262224 0.25512941099846186965 0.94492009030292301031
-1.6649091789424359522 6.2864556923464043336 -2.3898363823246842053 -0.99183485271557914054 0.0018693045644156886832 0.1275152172848693366 -0.12179804407992557425 -0.31025862568354700688 -0.94281749116534396826 0.037800283028901114635 -0.95065035154327048872 0.307952995948266528
0.75891668492149078062 -4.1687242552091126058 1.302375395978828454 0.58975977465317441784 -0.0048079872574175452904 0.80756441938681811088 -0.58619050250491055998 -0.69037707653701851918 0.42398135214318377617 0.55548546603314974401 -0.72343373950253853089 -0.40997502555071035912
3.2907766552577388808 -1.9538979891867918059 4.2849556820929688428 -0.95619422253722385907 -0.0077749197063570569741 0.29262973090598642933 -0.10502101722329917899 0.94221156875035672051 -0.31813196264193210894 -0.27324566735441624399 -0.3349282166921365711 -0.90175378842315245809
3.9557922298706365005 -2.5693718803666110162 0.96914536773037784911 -0.80932006437570025437 -0.0076375240731446228729 -0.58731822858221838235 0.58638181425417335024 -0.068421428122133892691 -0.80713993587586507772 -0.034020601271094602636 -0.9976272732838208368 0.059853339834911534201
-6.0737708042151279386 2.9966899259332100414 0.76953335479640938566 -0.98795441450127263749 0.0012865444429622464526 0.15473984512996896701 -0.03993577278837508876 -0.96821142875667698391 -0.24692461051237502012 0.1495032070534358104 -0.25012991430112219149 0.95660013435731117148
1.2627266525817948395 -1.3448143924090820711 4.8009447609803723722 0.60406983833232241743 -0.0060883939545055571624 -0.79690812637099450733 -0.54807020765838310172 -0.72912326524026571661 -0.40987597095065902986 -0.57854876881251759979 0.68435531381323733147 -0.44377824029697121588
5.6381327202941671217 2.8327252667246196616 4.6206347509832159659 0.93665019310439801004 0.0013448758874022607654 -0.3502636250974097698 -0.0055486854247290299733 0.99992411875566289403 -0.010998582672943183619 0.35022225492904290878 0.012245327255817372789 0.93658658121537985419
-0.93294187399262284988 -0.97585125936669925295 -6.4536258384807005939 -0.89135608880521643993 -0.0080453060171294110692 0.45323238631053247572 -0.40148574103692813431 -0.4501961936594152669 -0.79757920419143835122 0.21046026393086744721 -0.89289342044036690282 0.39805504272713410074
-6.1771326211272636897 -5.9770558030282083806 -5.0059271036101105068 -0.99212461104589955152 -0.0048218494694525111666 0.12516191882876864794 -0.075398673892746737035 -0.77494157731427237845 -0.62751939549704427446 0.10001897886106853042 -0.63201447888277795251 0.76847504992039594729
-4.934742437210739574 -2.5729687503456570852 -4.1869432697126640619 -0.87472216827106485937 -0.0055149185091922063584 0.48459334911763130016 0.35529721143276626893 -0.68733272645559329028 0.63351212671211931671 0.32958310011786778881 0.72632176672394721528 0.60318460797649364746
-2.8943078756556417375 -1.473634097128499798 4.3497858037443961621 -0.89751056951177499155 0.004501279199230594219 -0.44096997188023712155 -0.44098869081884878307 -0.0047686748993702498048 0.8974999912589403106 0.0019370556055461768136 0.99997849888152157138 0.0062649493458659067865
-6.3923368515547931423 -1.7630440751378964048 -1.5685027660174237774 -0.89749320056728354444 -0.0042971789206025772651 -0.44100735729558054876 -0.44076652115877945626 -0.025707939860429074308 0.89725357377600234443 -0.015193049762983227083 0.99966026032918919864 0.02117864862168352888
1.2070114177811073208 -3.9343876962296739919 6.2781393621557430862 -0.99772476767389750574 -0.0021091354619079318716 0.067385751591527917603 -0.056465107995798444196 0.57226830254162019962 -0.81812021212355734434 -0.036837203327310823198 -0.82006374231134460118 -0.57108535176218822027
-2.3217135256475538441 6.001164896577534158 4.279744974229354959 0.98195635876768683215 -0.0094051454813450369175 -0.18887364219001517851 -0.044390866074397260232 0.95939167798351920879 -0.27856248711021525111 0.18382372122448109586 0.28192047008749104853 0.94166325619131441282
-0.97784028088843033544 -5.0179150284078835043 -2.3835973671981807165 0.99473082770872300884 0.0064623281922687632328 0.10231724546871094617 0.0024190443501207539723 -0.99921300120582834392 0.039591999770065944286 0.10249257841618626685 -0.039135872747337097088 -0.99396360840517683499
4.7343043552016661479 3.5726745023938897283 6.2061323427207550907 0.99997057009903977942 -0.0063061993798097229144 0.0043693003047030210678 -1.2659241920322250596e-06 -0.56965130935506380627 -0.8218864798428697771 0.0076719576490291959206 0.82186228627406821001 -0.56963455255663553167
-4.472623011010945504 -2.3281959186437104492 0.68918357710657551785 0.6887710789551042545 0.0047913331045004474082 0.72496306383289688124 0.66406047745063456755 0.39706354898667134412 -0.63353312490665114609 -0.29089187524389442663 0.91777861229879831306 0.27030415410032510026
3.0737074815453002685 -0.89048180924232189781 5.475215843446170183 0.84549150219041335763 0.0021553519915155500142 0.5339845261629891926 0.40222573200059674736 0.6551613516604724019 -0.63951392776615623159 -0.35122440154455603079 0.75548590837167883816 0.55306641736002182252
6.1453591090469270597 0.18695104290287684057 -1.8598778332296892479 -0.99769219429025879364 -0.0030302297392318299982 0.067831431946605277861 -0.067700937877831449119 -0.031869372797206349524 -0.99719653333128455142 0.0051834797832480345239 -0.99948744903837849485 0.03159067508133118346
-3.5948012276361627215 -0.5881963774623385488 1.7238245980023936266 0.94845825777602710271 -0.0019067084179621406059 -0.31689635169804380999 -0.30226781834070409749 -0.3058137153917565576 -0.9028356093298481877 -0.095189806450514155567 0.95208945795098376408 -0.29062788029814751178
-4.5551866256635591412 3.7951809219778298576 -5.2747645102009155238 -0.98926850246577591186 -0.0060523264587698010278 0.14598355857298608851 0.087986194802857936592 -0.82234053532763407013 0.56215164633859526777 0.11664587242298891934 0.56896345515454216368 0.81404811107522356828
2.8489713270541647816 7.1741414263589913247 -5.1766825053701444048 0.89814086394045189454 -0.0094408358866535681264 -0.43960648213838338094 -0.43908268748957940408 0.034037037497141611753 -0.89780168947566474369 0.023438900725573703909 0.99937598064799382236 0.026424746670469505261
5.7897034332112111699 0.39093568001474604534 -0.36289356720576004811 0.81395239074933845025 0.0059421772858732502948 -0.58090119308075693905 0.52669360386613939262 -0.42943955179428194846 0.73360447040725096368 -0.24510274017250066603 -0.90307605542611757432 -0.35267305663479076028
-4.4321856472633003321 -2.5433775959288618118 4.8897398678028141106 0.88153565472430117644 0.0045596899684581136333 0.4720954338661538241 -0.35830815402585103335 0.65759331171100599001 0.66271132716398595264 -0.30742504160923367351 -0.75335930711732623788 0.58132572467698373497
-6.3628537783012690809 3.3531442209807860166 -2.4194114461765416912 0.96893703347852055963 0.011026552625483245287 -0.24706161233819495804 0.20838348102727252686 0.5015889594996632006 0.83963375381358895666 0.13318164283757974453 -0.86503579743571201721 0.48371036702327818713
-2.4251131274786668079 -5.3027443963946003791 -3.3890443806230781121 0.99173227116244866419 -0.008160516307819620091 -0.12806446934503146196 -0.11308758344720748479 -0.52724544833009157063 -0.84215404510416569384 -0.060648996736168511723 0.84967384518328348264 -0.52380917900140155918
-2.6781697289592885092 -6.6187920699193920626 -4.5125963473472641141 0.98961420499617747115 -0.0013979703463041686165 -0.14374202916558542764 0.10837323417856822849 0.6642058524632469263 0.73965250467181431482 0.094440284748607702947 -0.74754841397225779698 0.65745904920693631901
-4.1353601448682235642 0.19446052773149072324 -6.6863743562667803388 0.58740174484883844741 0.0058868367325681332167 -0.80927407922267280416 0.6575388113654091482 -0.58644104585069112279 0.47300064618322784638 -0.4718070598207141364 -0.80997052100354538506 -0.3483473172115260641
6.1316175564145742882 -5.8044710424342635946 -5.1357108926632077939 0.89606610133173436594 0.0041609313780890094109 -0.44390114743510433737 0.40032340027594937037 -0.4397286751690673845 0.80397752917953835272 -0.19185076813918566785 -0.89812102685786887601 -0.39569167780015451763
0.80783747054767418572 -6.0553576496553551678 -6.8693707149152238856 0.99122687396849729069 -0.0050918581100527372102 -0.13207330276594198004 0.019909003349134115485 -0.9821042394823850108 0.18728292601383222937 -0.13066336865459163286 -0.18826931712749506165 -0.9733867413932534296
2.7002627771231084708 7.3120016340672409072 1.564032462483967878 0.99717322550063924869 -0.012811660562470458119 0.074036610526631255191 -0.074974107695288616515 -0.23449451797705844758 0.96922195817781919835 0.0049438365602048088207 -0.97203301507319617158 -0.23479219767211648162
2.9707145449657978986 7.4357352226844248833 6.3249417534926113404 0.91561147674332299395 -3.7947639574799352236e-05 -0.40206420160957323517 -0.31651194269334964604 -0.61674358310862331667 -0.72072709316839411731 -0.24794316644843431008 0.78716411964367538623 -0.56470951378323430703
7.0038852222488126031 1.9697732614020133646 -6.1878695513998431821 -0.99274256816104144985 -0.0028143731315748692773 0.12022592343125020065 0.014287154161571245792 0.98988573298261584021 0.14114571500086717237 -0.11940716304714349416 0.14183904589717488687 -0.98266149536443991863
4.4911594582334037895 -2.7862086051643428775 -5.1968889815030534507 0.57838832189920563742 -0.0015770611101002997984 -0.81576005171183785247 -0.77943556895684640295 -0.29615664754038256712 -0.55206107810884130771 -0.24072212805560933013 0.95513808059142280005 -0.17252276391382798115
4.8268506552212517846 -4.7361481267892351354 -5.8264157989204825583 0.97883290392820176962 -0.0056144112075214355068 -0.20458402815074408498 0.16491625966757622601 0.61359979204920822582 0.77220329091137152044 0.12119725031897189693 -0.78959722237602447681 0.60153757399792007199
6.2880314347882837467 0.0083248396444098524127 6.828962458849176187 0.99996660867334641321 -0.0017021701879402742659 -0.0079927564133514851508 -4.936523825891281532e-05 -0.97930682855330275505 0.202381157996408656 -0.0081718481082502115315 -0.20237400565669649843 -0.97927421222703381343
-3.4086709047070224976 1.9351653218259532441 0.39211142885467759056 -0.88288763167465877935 -0.0054171344022113394195 -0.46955306887585052111 0.26270344881206808552 0.82311896192911016001 -0.50345016883000082153 0.38922529185311288691 -0.5678431378185317957 -0.7252984509939737201
-3.4693471488132630043 -2.5730867722747907678 2.7959265347714850058 -0.97264123554530956817 0.007776436377217673182 -0.23218215683832610363 -0.11003132319966839325 -0.89564824837562295734 0.43093772531145596583 -0.20460238227290480917 0.44469511153036928031 0.87200007049840377871
0.92813680520086283554 -0.77816077506288983123 -2.4241643954732547961 0.97936235085426959213 0.0014403087555943357503 -0.20210717760605520499 0.11732174717152166199 0.81020398450367170362 0.5742866106178989849 0.16457519062675687871 -0.5861462522315423751 0.7933142993952930766
3.2272119183973346779 6.4917047992380725319 -6.6263616903711195505 -0.63462058325149206528 -0.0016431263871046031082 -0.7728221111287050249 0.7121720088655372205 -0.38957536170144829724 -0.58398807123403528863 -0.30011288726421692097 -0.92099312575658442981 0.24840273188327674503
-0.69447128513760858493 1.145265800782080845 1.7837681252416044408 -0.99768331572750790226 0.0032190655743247363271 -0.067953212843500990226 -0.0067422820709607750658 0.98928319002925901859 0.14585373343848120897 0.067694483906786492855 0.14597399611677686071 -0.98696962937384835612
0.20299410882014881641 1.7736082109124053918 -0.26990055395492074108 -0.93414148533597296531 -0.0091821137097014057099 -0.35678477288419391256 -0.10576750851303418077 -0.94764176954528300811 0.30131098678259171653 -0.34087082526542522576 0.31920332924454225543 0.88426032087958761352
2.8133397088524429996 2.5046548591210062717 -0.96412970141324494389 0.8601240269182433007 -0.0021709205373049867555 -0.51008033232215399533 -0.26574583340434410061 -0.85546618631643300823 -0.44447357187740760276 -0.43539155980127181023 0.51785412151811305304 -0.73638393415439218348
-7.3496187915062654028 -1.9745061621455479717 -7.2808589233052094514 0.99148117032408311644 0.0018935287344011644557 0.13023633687209076881 0.070068249409319730003 -0.85064057180103669342 -0.52105763407784544405 0.10979767446372690198 0.5257442649758614639 -0.84352678589796281639
1.138388398632450782 5.0877680041009849532 6.1636805461153132413 -0.9821985921695225441 0.013474481674767845724 -0.18736158593409726891 0.092819579555605782883 -0.83233634502230913199 -0.54644371567992466865 -0.16331090346722171303 -0.55410707187201002633 0.81626889056870821637
-5.2421795777347020007 -3.3513928598779378909 5.3582325114779054687 0.97853689803433063776 -0.0030916119207651674219 0.20604849215925249983 0.069403200049801994087 0.94641756847357083604 -0.31539971767162156002 -0.19403281941000197208 0.32293068609262520763 0.92631907945998759324
2.518339508552825734 -5.4211189402182045072 -3.1926527160956901241 0.83223058272908323474 0.00030707447912981140903 -0.55442958333388447922 0.53366324096592931969 -0.27156729242954236181 0.80090870323904517214 -0.15031900216601118414 -0.96241940513884138841 -0.22617048039056178443
1.5384564617592508817 -4.2837601496641859455 -5.0677665707270058704 0.97239820916075225821 -0.0097967068494584537419 -0.2331217436360704387 -0.078631486689260371437 -0.95443327208283290641 -0.28787882597095493242 -0.2196788841059578723 0.29826356411116827783 -0.92885953416092270629
-2.7013357976704237551 4.5089592188445895005 -6.0702880218506258814 0.95160342092936578418 0.00031953958103138075525 -0.30732853295764711588 0.19329701618711728206 -0.77806070604941834912 0.59771046605790811856 -0.23892926319024276882 -0.62818901263588289297 -0.74046699561492057562
2.0829737717233736127 -2.9337487732987246325 1.3993508300421531043 0.99630272359737992449 0.00078947109386951277998 -0.085908437814058852267 0.054442506819175971733 -0.77934766609301620033 0.62422209894132696384 -0.066459735204819916921 -0.62659124801646537417 -0.77650918314319550273
7.0051069591446601947 7.3067627574672551205 0.38361349094364616263 -0.99996590562931364499 -0.0034916302175347696188 -0.0074830539998070712618 -0.0034809349586908443566 -0.64351380359796095387 0.76542659195421158813 -0.0074880351596780612283 0.76542654324053893689 0.64347970926213771126
1.0118656679835478229 4.0594550358567103032 2.029322575571640197 -0.84201916757937200764 -0.00074189707463907621221 -0.53944709751535357967 0.4521475747093012254 0.54444143055885729776 -0.70650272425198468174 0.29422150178639694396 -0.83879853259277670219 -0.4580946731919374737
-0.17226147211583789365 -7.1831241816868800498 -4.885560484803707304 -0.99097238908891793763 -0.00079133740758022610984 -0.13406378276247368775 0.11544335383607352841 -0.51347595328792106084 -0.85030305035929376611 -0.068165652043778876545 -0.85810361797405843021 0.50893184681373238032
5.6165326857710953234 4.9079601932561081057 -0.4692868629267675229 -0.94685167731342345654 0.0017212342760924690711 0.3216658802567233244 0.049234236226408857606 -0.98742758891709825342 0.15020900981121504403 0.31788030947507689428 0.15806262682188715329 0.93486272513680357399
1.0263753600135174793 -5.6601391931763060938 2.9163689462081898718 -0.99809757778091579006 -0.0005306062100207155352 0.061651793850275735109 -0.032654503327123531042 0.85274025094160521565 -0.52131348326756055123 -0.052296353987346611003 -0.52233493362132332738 -0.8511353056232996428
-1.6235024172078662552 -4.1705407397128118063 -3.6495966343076426952 0.90636943048783591426 -0.0054464480755792247374 0.4224509340509587374 0.31677016329669366312 0.67039671383761989532 -0.67098801011687370099 -0.27955521658896087533 0.74198287195798673377 0.60935235996820702464
3.3664887616499052925 -4.9083359935066450674 6.805951642086967901 -0.90240746625562417993 -0.001858481792668432997 0.43087969422038113754 -0.4139665002525707016 0.28119281314629107627 -0.86577268292744191669 -0.11955125057764574847 -0.9596494922002722916 -0.25451984324412074701
6.1126906038660120402 2.5454656860061226631 -7.4911799801224612239 0.82987553766721555704 -0.0052992530654054452455 0.55792339070736074458 -0.12730931312999010929 -0.97537492744809772827 0.18010022125480520949 0.54323009008331524239 -0.22048961159792387909 -0.81011443661098758717
6.7359397567306382726 -3.7282825348928430031 2.2330596614972861857 0.91697712708971546025 -0.00071045394293767129973 0.39893914780252737184 0.36954236840590237723 0.37827147224019586069 -0.84873384004775265232 -0.15030431247033676501 0.92569443583958022082 0.3471288307075250934
7.2582890978533161075 0.97431161678745281662 -0.053434093739016808033 -0.99199551975787658709 0.0020356929832950456175 0.12625666213861441722 0.076374261042901139818 -0.78657530644014139742 0.61275301676024718223 0.10055774972850632654 0.61749100661686762148 0.7801237053934951815
4.4475494886686632867 4.462257039123757707 6.5763597965323956629 0.91362862757593243934 -0.010819264751550443718 0.4064058001357128691 -0.19662544583861735203 -0.88671395499963390208 0.41842179204440088647 0.35583867822717663021 -0.46219184925642964323 -0.81225459651418163709
3.885649066964939724 -3.6980497081099579226 1.3772140843508737795 0.98454671141455607497 -0.003763065820967178253 -0.17508173056710604754 0.16826823235256305189 0.29729170583377872994 0.93984224400871430039 0.048513658115040991792 -0.95477928390712796247 0.29333077574344607052
0.93308932666564370351 -3.0426231808411721147 3.3007038005338520392 0.99147685705018151481 0.007388260668502832744 -0.13007326988321246675 -0.060628445349827107813 -0.85753184945114213633 -0.51084568980409872374 -0.11531623280475271354 0.51437781909929836122 -0.84977504415609728117
-2.2677483171666263928 7.3888317719144787077 6.3898821974683928104 -0.98094317774872974436 -0.0088749853993196868573 -0.1940920314241698641 0.029939033633086215708 0.98012097314389312608 -0.19612886648483393581 0.19197431154541999554 -0.19820220139456104502 -0.96117727348763570827
6.0280496820207849495 -2.6917731049481781191 1.1222834400431798141 0.95237956483945829245 -0.00634030095579989246 0.30484908571261881693 -0.078942057440009760771 0.96056858910069298219 0.26660108251868475104 -0.294518787249913927 -0.2779708369898226672 0.91432537848395678548
-4.8689758150576718521 -7.4668586677834696275 3.0402328077905065307 0.92057549024796014869 0.003551824667040309573 0.39054852617335567011 -0.079731490371712968046 0.98060941012607816258 0.17901975928722313469 -0.38233971307955794128 -0.19594021872411077068 0.90300818074286881565
4.1268445889342775246 -0.78008140094453770619 -6.0459099555161301964 -0.53142017998528279232 0.0064152328644096652532 0.84708407911600991369 -0.10597875130507171393 -0.99261835945094878397 -0.058968608197579007457 0.84045291157582213692 -0.12111002133687995275 0.52817730560436260134
6.3199835753766633317 -1.8764261062366633936 6.8330124417940094617 -0.99551216933847119783 0.0034775104916192145846 0.094569697153648921151 -0.059197983058277281465 -0.80254171861840695179 -0.59365174023054823049 0.073831697127915485446 -0.59658586707845739916 0.7991459088937039601
-5.3228795401689765754 -4.3040087758889509217 3.3784660819305036839 0.98294790081450766905 0.00017641496594213959721 -0.18388418410010565207 -0.18258151034058828222 -0.11788757972179392253 -0.97609759277904040164 -0.021849859636293079979 0.99302693187300217215 -0.11584513890869825581
-3.5443985732482721218 -5.4060028683041885245 -6.0344964630965058916 -0.86643664623975547023 0.009873312017220728723 0.49918939868809936167 -0.27925050932930539638 -0.83838702420471722387 -0.46810933624999057079 0.41389212494567040324 -0.5449859772094529653 0.72916636891245223406
-3.7885245536337177619 5.5371636066343139504 1.8100824258491592378 0.99745734803595564877 -0.0099632892856879682469 -0.070566080489382329577 0.029887581518951017445 0.9573771020254618902 0.28729047493508552691 0.064695991529454349722 -0.28866904472781895752 0.95524060387747544709
-5.9986786585199096677 -4.3685578512297311704 -4.9972980186271636072 0.7458281390881958961 0.012599567287179962854 -0.66601924735598427851 -0.20723837116801432923 0.95459453342563582723 -0.21401293014559857886 0.63308186236854013806 0.297641609419868447 0.71457457825057923984
-7.1672409459556796207 -4.8448033204870784019 -6.7143567241959694059 0.63138703579060062587 0.0034309930057556787229 -0.77546027578622123144 -0.34550471176778924098 -0.8940068657105090244 -0.28526867723025634005 -0.69424556547509019833 0.44804012359327960446 -0.56327892066794071901
-3.537854330097379929 4.47354747328421265 6.0315364425933308823 0.73653284758491821549 0.007114537989918521925 0.6763643602213674777 -0.57053235697557369566 -0.53059411904256459369 0.6268673787024361399 0.36333482364394087405 -0.84759616810513183083 -0.38674092328206799429
0.089521707039241671389 -3.9930006837031255529 -6.6666137176739379555 0.98292804059721838872 0.0054140726725248108225 -0.18391072514854941988 -0.15875263341988629651 0.53022956245547880894 -0.83285905919343261594 0.093005743853930622489 0.84783683507819340708 0.52203700318544943304
-2.8476416359262612943 -1.1062212399052575584 0.53631520633417084643 -0.92663020464701506551 0.0033412457837931758275 0.3759591731989586072 -0.16288551115677651904 -0.90481253105989756236 -0.39342419078158291645 0.33885804415868470141 -0.42579704051756123162 0.83897086135052734157
7.2609678522277141255 0.097741435136237009296 -4.2264716299846698533 0.98501430952794155615 0.0018952318371592128711 -0.17246222230245003559 -0.016703555645941302321 0.99628740345631350284 -0.084453543105325448725 0.17166188060827622386 0.086068680776150943701 0.98138900591742839197
-4.9723380704482975645 5.5267841525649199497 -0.9749580713420782363 -0.97813968992793765 -0.0031853636193340806315 -0.20792450660390354722 0.075108169090836160442 -0.93779620570586219586 -0.33896465818640741929 -0.19391108767592818429 -0.34717161465504525752 0.91753493669400787436
-7.1757968445464213048 5.0152157393670124819 -6.6659489119278179103 -0.94786457682000779812 -0.0059367408679870965066 -0.31861810858374112199 0.12851930254559490452 -0.92203283492470855531 -0.36515509060373835259 -0.29160852676629017699 -0.38706615252242537739 0.87472524868596579495
-2.4932098050626168018 -4.0313767976046168684 -6.0229272309681558539 -0.81061173484207882378 0.008754725982491131514 -0.58551854804889902351 0.52213363677394364348 0.46348847890148486828 -0.71592939266017652233 0.26511333554819083158 -0.88605969590013211601 -0.38028033687779749794
-2.1280002721260480314 2.1705378320340442677 6.4012937888192569247 0.98434215881989362007 -0.0014758107530542857386 -0.17626212398693022476 0.15610762067493436089 0.47168355500299435912 0.86783929082929955889 0.081859178697158516136 -0.88176666183438234814 0.46452839411665791669
-2.3864907828064776396 3.8720266092377970679 -0.36476072809292980903 0.99888887199812836926 -0.0054171335582676952841 0.046815340031470940863 -0.0047375157625779247203 -0.99988196060650891273 -0.014615772233728042961 0.046888989567381550438 0.014377743828555271388 -0.99879662751713538249
5.4197117221511961205 5.8690511003829017866 -0.76866194084550909515 -0.9141869053402791323 0.0017133546648680237495 0.40528923810069528155 0.40508315810742051566 0.036026770437687163917 0.91356976024250113877 -0.013035993331584751903 0.99934935644531097676 -0.033629252894495732795
-2.4357018331513113907 5.4754946449640309325 -4.5007118302709363533 0.85252285938949856625 -0.0062380245024710664903 -0.52265271573834570784 -0.34455247101469077542 -0.75862892541829141102 -0.55296089214005728074 -0.39305008451348588672 0.65149308558801000135 -0.64889782746984658868
-4.0886675521671174138 5.9331508862331734377 -6.99114240313451063 0.14809152953553583743 0.011778995931342618048 -0.98890351103364748653 -0.87502589184139123457 0.46753308842326940509 -0.125469119054933409 0.46086721242335976223 0.88389709043775566144 0.079544616592893080398
6.7681288720782699642 -6.9659582748339854419 -5.7070235422047090879 -0.53401122187792071649 -0.010357831531284656529 -0.84541394017043547393 -0.35819569033449094597 -0.90298126878966733511 0.23731977507317411624 -0.76585107059676893471 0.42955505298029700301 0.47849200006348990843
2.9485642386670294357 -7.0806695160427617353 -0.36488185585476867745 0.98925906810171282402 0.0020057894234760849372 0.14615906741399162239 -0.14610399189670528197 -0.017115143793502273634 0.9891211732668543366 0.0044855022433684943461 -0.99985151330661026225 -0.016638257357991213109
-6.1414896870954098773 -0.78893531741017675074 0.80685933534363096786 0.93842993391331419595 -0.0065632061111613529403 0.34540727187017961075 -0.3362810008796436323 0.21170618328616500059 0.91765765969980339634 -0.079147631567056300761 -0.97731132004283838288 0.19646433807021296269
-3.7306840046187215165 -2.4308060907153672403 -1.2985131818352757538 0.99990358267383461222 0.0041718830829655566619 0.013244649770668104685 0.013517405558794718529 -0.51077507574816660707 -0.85960810939717691159 0.0031788524603248340464 0.85970426158423218777 -0.51078222121664418331
5.5208887172814256061 -4.7063609805410093756 -4.9006108036702169528 0.96660364654968577991 0.0030684024117270188199 -0.25625763478075130886 0.14590810243389987222 -0.82863251683982575013 0.54044331588053551307 -0.21068511129393327486 -0.55978454510855624182 -0.80140691720038426116
-4.4137361297795179027 2.8815637210137783342 -0.18133111670079984923 0.98888751221706838734 0.0034959197827601315618 0.14862458318223920051 0.093538878403217659563 -0.79166825501490523109 -0.60374816954487064979 0.11555070925049033825 0.61094120220081782335 -0.78319785561835875143
6.9272314951498294988 -6.931223407967332939 -2.8449049438480717988 0.90820753909128160153 -0.0051610045448802176205 -0.41848826742206512996 -0.27683431462587887451 -0.75733148301174357808 -0.59144888797327244134 -0.31388186979088172901 0.65301025173518478795 -0.68924290561843315484
4.0150422282649884664 -3.9038518363088270391 6.5480641398169101564 0.9981083131103561934 0.00039198962608273744262 -0.061478790197878559198 0.024766972564210839453 0.91268564365225934853 0.40791115814750034119 0.056270706145037756307 -0.40866216146754880123 0.91094941978933741122
0.24552979107306030504 -3.0989304111391731134 2.4298405672464427063 0.97336699832076711836 0.0019759317018568692791 -0.22924393617726571137 -0.1672365342812474065 0.69008996642140674194 -0.70413619410327177306 0.15680761519051902853 0.72372089505452641411 0.67204124715662716394
0.65575901936451430618 -0.65662565050729282401 -6.1695746333535588235 0.44360561623069044712 -0.00024182519988995418089 -0.89622207000781750619 0.88448320666692381575 0.16144027397731491869 0.43775163627610547135 0.14458047714963045971 -0.98688245473235314265 0.071829702550405397088
-4.6244982048290665944 6.1798436479242511155 4.6902963703207252166 -0.83241043515086088345 0.00045011329903876426926 -0.55415942187236166827 -0.50204569030394563534 0.42275349361224784372 0.75447306677300007838 0.23461242997582051895 0.90624460331447065364 -0.35167844213740018233
-6.1077115961195360683 6.1112598639801412048 -2.8430154579633470924 0.9875432294681707468 0.00039490819493800607964 -0.15734743079934870869 0.14296774042056661913 0.41539450777951553162 0.89833603295519437459 0.065716018828506791993 -0.90964127377456849288 0.41016357458357721733
5.9464618325144913413 -3.3491840076458916364 -2.0120161465607391271 0.95862368639559536465 0.0015393899075998467886 0.28467219421664563539 -0.2557111470838563938 0.44413037877740974002 0.85869669610650478653 -0.12510970041713437295 -0.89596084564336897493 0.4261475401029414245
