1125 14.717824617146108679 14.977075390850430381 15.033177056927090831
5.9276636431736369204 4.2246556558547423421 1.2604929494675694013 0.84280522055966922146 0.0023657476087329946425 -0.53821349243176319632 0.53820917497520703865 -0.0096511879097515157477 0.84275603738240634222 -0.0032006514707861640628 -0.99995062768626874483 -0.0094073386235839599745
-0.33659687533270232773 1.8053753639228675709 -5.2696748716679993052 -0.99910814642037992783 0.0034540365363472866345 -0.042083029691634320224 0.035181786246303782539 0.61920479948229611988 -0.78444098453268540361 0.023348526140646898297 -0.78522193418786701002 -0.61877407864054878583
-1.2845061451546022635 6.5001464563666413454 -4.8626676673180186938 0.93051591578440395747 -0.0009041869661309933151 -0.36625034186704419348 0.31387044095038474367 -0.51337821316979226349 0.79870404815561968359 -0.18874712387065079033 -0.8581619851103508001 -0.47742280060973835143
-0.4758789194700054348 3.0381107063140566638 7.0042991861737586845 -0.86423945522381950823 -0.0064182969091956202506 -0.50303972954352937919 -0.07888318611211475595 -0.98582108050342476258 0.14810212754670348811 -0.49685773314222958508 0.16767707863572353655 0.85147917785283389058
-4.0403366131396687422 -2.8365474406719952682 -2.1396270697103729752 -0.99016934683579582721 -0.0037449688523813768476 0.13982360242501812309 0.11598501700624770649 -0.58071655007468081511 0.80580131812965971605 0.078180179181694731128 0.81409720775693539263 0.57544208736022162132
-4.1805558605343611234 -5.6170875120784025114 -0.0022109504529329044448 -0.65586132190265955533 0.0005809227607028663587 -0.75488117539179666604 -0.75362653234286414161 -0.058139867664457375862 0.65472651201610587712 -0.043508346106837215983 0.99830827819704170967 0.038569489267343159966
-5.7804268158664040556 2.272840502592112788 -2.1349963671037071045 0.89743998617854847666 0.014222753428575266726 -0.44090722889596140055 -0.44110145925429355973 0.016322676511737809618 -0.89730879460487977806 -0.0055654156659688952535 0.99976561428993526714 0.020922299875103987643
-4.7661562827547419019 -5.001599051773645499 5.4629912526408288542 -0.81334172080565392271 -0.0012882547509807289535 0.58178482757523874991 0.56438651584356946955 0.24098757979319107569 0.78955230803247811178 -0.14122006206967660513 0.97052734468688095504 -0.19527817923130189048
-1.5066755724961053975 3.9241829659835545385 3.062734807649042601 0.9182099217075656572 -0.0032034439735184102455 0.39608115030200718998 -0.32576332232814536605 -0.57494192010240874335 0.75054649844948495563 0.22531932341368010597 -0.81818795301304436673 -0.52896093999526894169
-3.123658744667164644 6.0524824191322039724 -1.2816930362447296332 -0.97556107819439819018 0.0034178201222685826444 0.21970184618655619335 -0.17929198419661010466 -0.5904052028677987396 -0.78694096400526569735 0.12702349040635005362 -0.80709975525479882297 0.57658912403268869351
-5.3497836610492459641 5.2178427271195495507 -4.8160636361795940985 -0.98467144032764086781 0.016066020059631692246 -0.17367797097656428873 0.070946688511466154958 0.94654462552875007209 -0.31467417954443432926 0.15933838831979746375 -0.32217255451408360889 -0.93317529067454874081
-5.1757747493970169828 1.2419307492604887422 2.2472222447424825553 0.93057571577241504635 -0.0028075272607839831494 -0.3660887255916640548 -0.12403394260258442106 0.93841351915817183826 -0.3224835625943120454 0.34444799069970893912 0.34550280006351502537 0.87291660360600475954
-3.1791227312997074606 6.9086119364841893642 1.8485443013506792642 -0.9974440251009699665 -0.011662056319804074353 -0.070494065230962160706 -0.07073941239783146373 0.30018109504935452936 0.95125561533623215205 0.010067389134944629628 0.95381093861280419333 -0.3002388067166444352
-2.6609909622359282366 6.7533962940170715328 -7.1207185422393441954 0.87956704702091859094 -0.0066007180897495777716 -0.47572916698027051252 0.33325191101430223783 -0.70509508102765006132 0.62592658556422586802 -0.33956586047538855899 -0.70908205253794387435 -0.61797869637097102569
5.3830825123766450346 -2.8013894920450552739 -4.7346731058482305343 0.85022381662230894772 -0.0032595460120714175346 -0.52641128123169589337 -0.42457925755644698729 0.58692381843656349361 -0.68938587554766195264 0.31121040422997342523 0.80963560118833233226 0.49763267335194405483
-5.0381328683856612116 7.4469275220775132951 -7.1619757298726938188 0.99508600927019874582 0.0055451563951400863195 -0.098858916620151338073 -0.058886037147151605586 0.83581228466568568969 -0.54584820182075843853 0.079600683312737105513 0.54898731865348016079 0.8320316431324124018
-1.4353526333364028389 -0.067023827177641687181 7.2723258752673949346 -0.99596178956263514692 -0.0020110901269262794824 0.08975560844685506745 -0.03790345327574955181 -0.89686063267965143719 -0.44068620783866468971 0.081384531459846337631 -0.44230867170560039803 0.89316269345127152768
-6.0297125087749670058 -0.99403443561926996264 6.8725784624364809616 -0.91046594398384761426 -0.0046873414462521335866 0.4135574853340001078 0.10210181867133696909 -0.97153356380635280676 0.21377032773963861034 0.40078296304811045214 0.23685557461901629583 0.88502680936931643618
0.74137436085211005921 -5.8091664969935070673 5.2778849130792746536 0.99533163213503128564 0.0056273319520475928446 -0.096349754573276907843 -0.054578367758879482718 -0.79052922022783844724 -0.6099875029365396939 -0.079599898517584269375 0.61239846921842833183 -0.7865316084271024577
6.4283178221562575771 3.7751615488219778527 7.181159305148899108 0.9310294210931798764 0.0061437978852070182501 0.36489240990505295015 0.36429336078960439238 0.044038395714612696419 -0.9302424237731622414 -0.021784497776657734541 0.99901094761304010117 0.038762897288478884161
-7.3580792101555987372 -6.146425885354809715 -3.9923512621962733427 -0.98054654392315376832 -0.0063425912432448780867 -0.19618421632927976472 0.11889592597262711726 0.77606597778999031334 -0.61934268131940584112 0.15618013313965906086 -0.63061982973351193849 -0.7602147041193727528
-6.2839290332427166774 -6.2531907178624157595 3.4615825489690688066 -0.93263624816938617279 0.0016872945625559321661 0.36081405410165467984 0.34231052561711100557 0.32029108027859504171 0.88331032369474193899 -0.11407511846167826819 0.94731767476964223729 -0.29929265012171013538
2.6315044646157823571 -1.4490329872940455047 -2.2485469463295624237 -0.97577886015912174145 0.0023120994132156194589 0.21874704629539118428 -0.20271375217828488391 0.36634212655517928159 -0.90813026653055495263 -0.082235945573859145497 -0.93047735088359928568 -0.3570002083308141394
-1.1364426036676802401 7.1598855210243366187 -1.4751622436244662406 -0.95047546591694931362 0.0014852928630814533472 0.31079604662089044265 0.23434509348728702061 -0.65343389661153405967 0.71979616553403802381 0.20415377990248850804 0.75698212440201362305 0.62072481623292574682
-4.501243581705502983 -3.4711287448647953902 -5.4787159537131380205 -0.99993822257653663943 -0.007889695227856981935 -0.0078296704671707885448 0.01064328871845469579 -0.88271615570766870373 -0.46978602454511858566 -0.0032049080592984743529 -0.46984033581826301074 0.88274559608224612006
1.7488207893757301559 5.4666142704289848453 3.1001567562966587666 -0.98063006587353440668 -0.011617462288737128231 0.19552418897600060133 -0.031503831985768337987 0.99459776787310283375 -0.098907981032997263626 -0.19331886218102967145 -0.10315190115443909069 -0.97569846920715197491
-5.5104089986328075312 -6.1060364129615889439 4.4030481006732902216 0.99990919298979796803 0.011972586925132599339 -0.0061857042418106741172 -0.012744489681909599438 0.69093465899862482882 -0.72280486645930919209 -0.0043799266426033664837 0.72281806435421447343 0.69102450179846275358
6.8394510306225431151 -4.0612533963878876264 -3.3376022661406574699 -0.88431806064392182165 0.0030646450924958421047 0.4668749035548264148 -0.45736700172804278797 0.19519882397538709795 -0.86759025170232551005 -0.093792288324709510716 -0.98075890364004802979 -0.17121617792057558516
-5.5521520984150170008 2.974919942195199507 6.0561188221112356445 0.96789117878035579867 0.012109998727275731248 0.25107770504406873302 0.16609799777009279231 -0.78052635146493409835 -0.60265252824954629318 0.18867464370213762881 0.62500557005494072893 -0.75747601693004762424
5.4585616016283671215 -7.1959301968643147873 -4.4515115775344344939 -0.93040707190934679449 -0.0081709703132907263168 0.36643678279496227912 0.36395371610059840117 -0.13887464767423959855 0.92100571375522943818 0.043363268760041470684 0.99027625816109832169 0.13218380931475193218
-0.84766185070409050262 6.820261982149044222 5.2721486041554168622 0.99746335362230387211 0.0036294741763308593571 -0.071089275546237062908 0.051043903716340148502 -0.73254338583276812358 0.67880388019374704456 -0.049612277451039202281 -0.68071066892606990617 -0.73087044483697649611
-0.23186239308489714483 -7.0577656596167228642 -1.096501085099816919 0.94885619838083989919 0.0095748716002000688885 -0.31556336388803957194 0.064364981040285235148 -0.98441357542661145352 0.16366753414025012048 -0.30907776369407713446 -0.17560818417630563726 -0.93468320924270598127
1.6390215590323040651 6.7138614943701542259 5.046362311691207303 -0.85642717768627607544 -0.00035738793458898695556 0.51626772278947796746 -0.28785200130129573459 0.83046479092522229593 -0.47693758122037166469 -0.42857171473068039758 -0.55707100382932095428 -0.71133549189221245701
3.9312731011330463993 -0.42919517644750604379 -2.7459330904978593857 0.77227506484466745817 0.0088177894206747323841 -0.6352271017589448121 -0.20074959596830949105 0.95205581425396901274 -0.23084480991303685249 0.60273611467861576418 0.30579727457084915354 0.73701913335219260137
-1.2955503131143000228 3.9662272497651569481 -6.2609238254694163928 0.86832903293788632482 -0.003577640939132388162 0.49597569601995455946 0.17961940924627198268 -0.92982957243219421795 -0.32117570588791771735 0.4623219207210703674 0.36797305161643750759 -0.80675539967510290218
4.9328266885213283288 7.164952082231264896 -2.5234240010794746212 -0.82699658902515571501 0.011140959613694793526 0.56209654042649204175 -0.38950209184555312225 -0.73233328393239915943 -0.55854819102084585225 0.40541924249914235157 -0.68085522709573575995 0.60997655491640367931
-0.44925638552907776191 -6.8161614238150480816 3.3841867054401015835 0.97047110788400103853 0.0061251510300558030184 0.24113960953612825766 0.1825627743389421076 -0.67204104585601565081 -0.71765706720570043853 0.15765995746555722112 0.740488565211884886 -0.65331464288068852309
5.9878129525077561368 7.004691615782910219 -5.9540030246132689129 0.62049668105901878423 -0.0081682736297041778906 0.78416653084696319453 -0.55902185090940148537 -0.70588771875871647588 0.43499091796438421609 0.5499803987421795215 -0.7082766463829621717 -0.44256723013334303696
-3.7881316567615992419 4.1267120615402550499 -2.9674824246105728776 -0.86763928706093207399 -0.0056119686545324639834 -0.49716252207521627327 -0.42848482087301120735 -0.49876621556582667605 0.75341424229418030301 -0.25219600676820330687 0.86671839026175800935 0.43034452029980579946
2.1123069810989232309 2.9872197938414055685 2.3540857554070067081 -0.63219291421082624005 -0.0044624655230033651032 -0.77479817089564406718 -0.12256722478103826424 -0.98681636184295939973 0.10569173765429759615 -0.76505515790121103592 0.16178242920777752278 0.62331135956954852873
5.8380304706551440219 -0.81448027798183431081 4.5415782899606824685 0.71998558953565339191 0.0067785879534542911942 -0.69395590753768032766 0.67012399583499016043 0.25318501547098504201 0.69773288452454174102 0.18042888091188619137 -0.96739412789524037439 0.17774706817995605812
1.8143917939437537168 -7.4154028058414249713 -1.7961649292196759653 0.96951545396398308707 -0.011975908990855835268 0.24473733292818039553 -0.17353627934737003713 0.67158451736182156466 0.72031895420720892798 -0.17298827785501647014 -0.74083116406088023176 0.64903331353719639907
-6.9003783668443130495 -4.5810460498085587844 -2.5393229555229646088 -0.84539968491468131528 -0.0068099309537680303289 0.53409081398821323106 -0.52385632013503247162 -0.18464145597565723156 -0.83155402024742464118 0.10427813098028011762 -0.98278235514058875921 0.152528403334198287
-1.8291552070086303239 6.3683443439620992521 -2.2112945307730247357 -0.99452373312508990377 0.0019426841058781778304 -0.10449291951847794468 0.099721267400386726099 -0.28157323601290257242 -0.95434384871981403631 -0.031276398115689364732 -0.95953777348243474155 0.27983753890642570905
0.048305237495250855084 -3.9639103448002273034 0.16511389298377027179 0.6336756573378937718 -0.00095243106277106536622 0.77359825114361868703 -0.76676657243828671984 -0.1333838267893559526 0.62791542276184919569 0.10258744898170094051 -0.99106399774488573851 -0.085252376420531988943
3.1915856516533800402 -2.1643203569264444219 4.0312196225134213634 -0.48677161057889495321 0.0045258969742099953992 0.87351755299543110134 -0.061342659831682570803 0.99734075546205958052 -0.039350928568093787585 -0.8713727544623657284 -0.07273880498725053545 -0.48519953527362513768
3.6566484265490251104 -2.6081501050511048945 0.7869298455426569916 -0.95084955973252782702 -0.0071643791563566552871 0.30957032549610430383 -0.30431595163272878724 -0.1631961198803365265 -0.93848752151419412293 0.057244356388709699557 -0.9865676348468214174 0.15299472387744325608
-5.6151190218804423182 2.9479503307022980607 0.53067826493088721129 -0.856694364778369577 -0.011582026189684346829 0.51569431063987059005 -0.40161607601651966304 -0.61239704896776470111 -0.68093640077514194786 0.3236962972326556387 -0.79046550277976157517 0.5199855729469590182
2.1849000295028395691 -1.4819126030891935919 4.2095023959426232096 0.65828737713782170538 0.003228086565921698195 -0.75275979472740617293 0.13672122721239640675 -0.98387154543895061209 0.1153433487686902903 -0.74024660426813415626 -0.17884731346254986728 -0.64811156704435879394
4.8494976379341201422 3.0235552245243439984 4.9156471679834643496 0.99234601748609752025 -0.0023533857135207194439 -0.12346595949977136331 -0.067038827020093089137 0.82939394014003720024 -0.55462734131197821696 0.10370717068406745676 0.55865924644152098466 0.82288800520726601562
-0.095844071763259458541 -0.80790797374237666162 -6.6313862888762438175 -0.98217224678881964728 -0.010140703202137162087 -0.18770946639993868477 0.1811470001152480358 -0.31789249774236361112 -0.93066112212148155436 -0.050233872902519911829 -0.94807253204473718178 0.31406214670911447584
-5.97948768934430408 -6.3395993638009819904 -5.078034249644515441 -0.90345645750228531501 0.0041254556482278430252 0.42866001681203136364 0.11369297506528408537 -0.96183830321044894163 0.24887946057910026454 0.41332836440096720754 0.27358738840269597459 0.86850999078228729999
-5.0657048295630735524 -2.5394251723281868749 -4.5600139591266906081 -0.67740968212106722479 -0.0045793362543991612823 0.73559170213382563119 0.34900224878510249793 0.8782690450622758771 0.32686528544405807351 -0.64754424784071273891 0.47814486734145034141 -0.59334975598164518829
-3.2289930371779904661 -1.5393751484186362077 3.6162014669731612493 -0.97670517557432490197 0.006447441603754472568 -0.21448876544686873435 0.082060776579641156459 -0.91235111118646072814 -0.40110033515841392315 -0.19827513448074077229 -0.40935788793408661723 0.89056897017179414977
-7.1436797016080095801 -1.2589983821916452822 -1.4636784860245437567 -0.99962491696948219122 -0.015459370496334539496 -0.022606044272069726608 -0.025536728621551384871 0.22793691644804872642 0.97334096677965753486 -0.0098944866002066648308 0.97355316751781362239 -0.22824620292770003704
0.27757772802306307502 -3.7437638701792503859 6.1392364373243859532 -0.87631811157008521196 0.0049088428215940090385 0.48170786852228397734 -0.27475787391302253226 0.81626387368455677329 -0.50815489689681825336 -0.39569518326228808602 -0.57765836943608972476 -0.71395807311317127652
-2.5003765266154216462 6.3369286245936917723 4.6510831580229368143 0.99902378213951736896 0.0035144002851865419057 -0.044035573236113803586 0.0060887067863424036707 0.97636228512677392111 0.21605465936101131419 0.043753975468167671803 -0.21611186263731380075 0.97538774467294109272
-1.1241659127358025749 -5.1140902258824496585 -2.7690679067014776216 0.9323776317470059416 -0.0022153846459654451262 0.36147896742240820389 -0.18869056424697261409 -0.85592062669075419379 0.48145171281197030044 0.30833070359933589799 -0.51710247811844400889 -0.79845926905612030211
3.8237514258315750126 3.9904711010515492298 5.612144334118725375 0.89850231536448532665 0.0054449698064649235119 0.43893500838783988671 -0.038528566680549283796 0.99704228130092087401 0.066499916149141247157 -0.4372746720703007961 -0.076661865370697690469 0.89605458514752855947
-4.6658357271434658387 -2.759247167975658499 0.090226167177212324155 0.98094742268219181636 -0.0025455763616004985911 0.19425672182456699133 0.19234885982355770517 0.15312258648551524409 -0.96930665407413896251 -0.027277647582190561737 0.98820392305884141582 0.15069484527813767349
2.6811334445516985525 -1.2630966711866518093 5.268277342426083365 0.88100429438667604565 0.0094770554160119209464 -0.47301333881065088516 -0.33517539166332915856 0.71811815557714875347 -0.6098883270351251884 0.33389952095720271119 0.69585666631216458455 0.63584165470141185139
5.4035236014418153161 0.23419046678594920841 -1.196354599743901348 -0.72918206825490061718 -0.016559785248373291161 0.68411934985640243667 -0.099024943239427593022 0.99173838067570319055 -0.081541675915596398272 -0.67711710357358356749 -0.12720360768159993947 -0.72479767538320694076
-3.7479134987575108973 0.08436458797934254239 1.1932943389591168515 0.86234148679868460885 0.0016305245230271324039 -0.50632450220750335745 -0.47376116866111678272 0.35544104721331792884 -0.80573694033779175161 0.17865473745406587613 0.93469727898702448243 0.30728404032677514301
-4.2730616414223634436 3.7323707422681948742 -4.6153717916119108011 -0.87723796478009385957 -0.00041171438479774974395 -0.48005560473742087124 -0.05658831121120150992 -0.99293896004823889445 0.10425921854978230374 -0.47670883795324991983 0.11862568064965532677 0.87102045424176166577
3.2377309557376166005 6.9861248754004900974 -5.4477980495460984756 0.29166790072211418172 -0.0045434777131176610349 -0.95650885646639527415 -0.95651388648091950628 -0.0048560202133352556655 -0.29164636811876848421 -0.0033197375675600472589 0.99997788769448070489 -0.0057622447469112261439
6.4586669698781333793 0.58449067649661046175 -0.76263095602803876449 0.80403518163054310541 0.0055542202353602463868 -0.59455578151929888708 0.30269005116359803953 -0.86450487394600505908 0.40126058347469722998 -0.51176768130379202137 -0.50259374604285045329 -0.69677354055083651208
-4.6161537666658070123 -2.5400098238469928091 5.1911461920560810768 0.9631554982147217947 0.0043805858362470657258 0.26890945823189088548 0.052085064392872693073 0.97789952802527180253 -0.20248372565479996754 -0.26385342962717617254 0.20902948011126393224 0.94164114402374443635
-6.5903651715454536486 3.171188018012172094 -1.7511848705729209374 0.99285830650473849701 -0.0048392531753373695808 -0.11920136254818144983 0.06517349338245917445 0.85890123401598827968 0.50797744631650110225 0.099923965918939539055 -0.51211839630556998948 0.85308261569463317286
-1.7645724981092740791 -5.5915781613731407873 -3.8908599251097544247 0.97061625434572318394 0.0060691722412257505942 -0.24055613055635269304 -0.16992820562165991682 -0.69052694548528570362 -0.70306254522126265805 -0.17037749773408786269 0.72328120582997812438 -0.66920535380313217466
-1.8394166385869261671 -7.0867463405506772034 -4.1030275078173685799 0.94280161247207816544 0.0089486428071904981774 -0.33323421389751717303 -0.054831169847158037212 0.99018730050006931176 -0.12854047122058276376 0.32881402393020120467 0.13945978531580113802 0.93404084811448073733
-2.6294534047067887883 -0.68757425429801877215 6.4597422838655891297 0.55049858618596669846 0.0065704638318194227148 -0.83481023928325204242 0.73508386371068901166 0.47019276935261983263 0.48843676454656675956 0.39573099438809156148 -0.88253928448170870791 0.25401061282359060911
6.5321547532179158324 -6.2407658386733633193 -5.2092535361561314033 0.89830942794940538132 0.0036284420972470445704 -0.43934838803067383095 0.38068437600429944068 -0.50568261260027524973 0.77418634783885031947 -0.21936175036541830097 -0.86271196219932755334 -0.45564074966462048133
0.017716565043737288188 -5.367892763111711929 -6.7192547001356173197 0.89481569491210510847 0.0074225505968050844996 0.44637403361024957649 -0.44022680775263878239 -0.15150565268459553758 0.88501208745444504 0.074197236301485419707 -0.98842852192116270604 -0.13230203013546826263
3.036568526164739712 6.9763331976513320853 1.648320839923282044 0.96789121099137043203 -0.0075086894107795751005 -0.25125728500677763089 0.22850006756331564528 0.44284636126596704786 0.86699182201280666771 0.10475840209362102806 -0.89656607112735320353 0.4303428369265343556
2.6443969360783499134 7.1363692239986011856 -7.0150198602470501541 0.23461062524651601913 -0.0036843302510028933666 -0.97208244518255659816 -0.4769251378813511022 -0.87180443465490908839 -0.11180089701356635268 -0.84705387513340646422 0.48984023255212827408 -0.2062917332200631948
6.4587599433958224893 2.2938325697453501029 -6.2616089343490077823 -0.99985713617280269627 -0.00085772759130543806735 0.016881100310879207371 -0.016842624928265596818 0.13480691533203506549 -0.99072873258216431758 -0.0014259136908259758582 -0.99087151532472395044 -0.13480210268429473897
4.816176255849982546 -3.6539707381156092403 -5.2594764189091778306 0.69940328598925483039 -0.011079109891420874795 -0.71464137640600844392 -0.66326812847634886161 -0.38259210458160469726 -0.64319411631282930042 -0.26629012992406753124 0.9238509267386219026 -0.27493459562079025638
4.7500783285918020127 -4.7916820597162450568 -5.5180773043073410022 0.82187041540328409361 7.6159679355901788601e-05 -0.56967448115976637713 0.52443784076169119857 0.39042433261479680962 0.75665962736189396054 0.22247240606916740546 -0.92063501709528317019 0.32083826741191701082
6.7130303087112572769 -0.44558040818694927276 6.7503852889402002901 0.99496046161421691778 -0.01244244001721791712 -0.099493042525330657733 0.058257403722951711655 -0.73586482300047506566 0.67461769705660967755 -0.081607320357805893107 -0.67701414162250872497 -0.73143153972677221741
-3.4043446371220933422 2.1763312689504403785 0.48830311577840784798 -0.88337945913148685495 0.0062482490059900105614 -0.46861678434396736304 0.46772683285496929884 -0.05126162188702940159 -0.88238532169848482578 -0.029535419618147963627 -0.99866571259148828599 0.042360990098318354602
-3.8151400860110347146 -2.5037291094200315733 1.6782462397908259888 -0.98479727782434245409 0.0036572616101251103488 -0.1736690704392012119 0.10922350084531465275 -0.76437539611616622803 -0.63545297282753721024 -0.13507238227268178465 -0.64476110168782063692 0.75235535041459900008
0.68928792807200656156 -0.59682832799471241536 -2.4917735072156808052 0.94746275137271573907 -0.0067046840023236029329 -0.31979584420950069035 0.24738892635359815975 0.64912175874420019461 0.71933278907780306977 0.20276354178911823456 -0.76065497404360860045 0.61667735209249319173
2.9106423629632125483 6.1769838542674175841 7.4072086604995339698 -0.90818439713987775264 -0.020098126797295362556 -0.4180875100874533179 0.40502022196959380773 -0.29428664199456799899 -0.86565235062309520142 -0.10563957869830531422 -0.9555058543215850797 0.27540668432274023614
-1.5414824086199139241 1.6190858111852115542 1.9250466220481474711 -0.95901840652507508445 -0.0040015978128855218821 -0.2833155187436915412 -0.20557314169897406009 0.69795313830755967288 0.68600371729210074534 0.19499584446368486979 0.71613225310802752777 -0.67017252756314715789
-0.74800939632470031526 2.1009029324758832225 -0.40333531388372229065 -0.99800305466786121134 -0.014645008664107991847 -0.061444500118033797131 0.010596979931118164636 -0.99778333878246427968 0.065697129802814696609 -0.062270433512746345417 0.064914810091520488977 0.99594601286461159617
2.2239873467157811326 2.1584395668724001283 -0.36124493514353717138 0.90765498289672097432 -0.010168610608075336413 -0.41959388863634533573 -0.14206118977416165583 -0.94814431188346504076 -0.28432548637605936648 -0.39494436365480084516 0.31767745151545223603 -0.86203247410764272107
7.1945979461075939554 -2.1141711695705622809 -7.0858222944315949476 0.84187444708745617916 -0.014008203020657517684 0.53949159918339772979 -0.33113520928845108227 0.77595479773823827774 0.53688325084377963581 -0.42614186430199596511 -0.63063295355952031507 0.64861790707165833947
0.28836708956367546053 5.9702146026759352893 5.8622322037317990961 -0.93514908576626265546 -0.00063027003191757973929 -0.35425384987342378729 0.35420930106477710453 0.014294383453236362419 -0.9350569189311165319 0.005653178723993639368 -0.99989763144109000681 -0.013144132110398233301
-4.4921440293275409772 -3.4438333106690901531 6.1235708722547252947 0.93018901515586549511 0.0057594550198357408188 0.36703572681860019422 0.15470320567617298901 0.9005931135520580666 -0.4062006425106210461 -0.3328893423299383314 0.4346249791492016179 0.83683081519667912307
2.2260278181320414248 -5.0407420896375656483 -2.7071347814816557609 0.93920604288509212942 0.015256380471366648779 -0.34301494408137478409 0.32396259454250120324 0.29160341244239651459 0.9000087150628377497 0.11375520359736623899 -0.95641763508780308634 0.26893319049099517759
2.8120501579201420128 -4.0828858800060219281 -4.8956302664183040108 0.83656435607773715901 -0.010233242550420008216 -0.54777309069284774168 0.028966765562781188192 -0.99760095007437299408 0.062875041977372411739 -0.54710237125519689538 -0.068466233704809226213 -0.83426097248354968983
-3.5698801883845150407 4.5252348918386626764 -5.6693301976113099627 0.86445423248199226851 0.0080878059338152751001 -0.50264646356964104434 0.28725623723799997844 -0.82850299335014032653 0.48069391943090877817 -0.41255634053037504305 -0.55992622496642530106 -0.71852619192559719075
2.2042788487926769925 -3.5978665142937935606 1.3869662535206219722 0.92218312335949992331 0.0021765230388949901794 -0.38674739784281852994 0.11385189566005181339 -0.95720154964238368667 0.26608821698252593801 -0.36961606140068836712 -0.28941398741211510348 -0.88296291600774567954
7.0662813523612086897 7.3764515848360368011 0.49930484422895582419 -0.98757311588298057892 0.0023123710185809793344 0.15714322678773046116 -0.13376239083272750685 -0.53727994000529044616 -0.83272918098656945052 0.08250432463635101743 -0.84340080567191533234 0.53091253272838445643
1.5869387535404355649 4.0548575860114599578 2.0637737739026547068 -0.94496134920959595771 0.0099106684767938778985 -0.32703184424515530093 0.154809192519082095 -0.86702900756192513576 -0.47359773432494201018 -0.2882397654933309683 -0.49815908974593209324 0.8177746382053657781
0.8671354327447335919 7.3693383165185117889 -5.0529443072777393553 -0.97254243280392227433 -0.0004831731546059474464 0.23272512313799628703 -0.19963203815242494543 0.51571455133493981915 -0.83317798271718890302 -0.11961716322917498312 -0.85676033293164022275 -0.5016507412292227075
6.0679327846441148964 5.9278138434856382233 -0.26404106672679406032 -0.99940977397671482141 0.0074639097201331513695 0.033531980727418510269 -0.017138432167896348185 -0.95429041226346011939 -0.29838914726369841768 0.029772098055735905786 -0.29878771580108642869 0.9538550849388766073
0.69505880772028005854 -5.3629105458126478112 2.5495611035815235468 -0.7804912999740178936 -0.013982921969744582097 -0.62501024676247396439 0.5692059679130647698 0.39754031689433033669 -0.71969873039748388788 0.25853026274895030134 -0.91747816014160366027 -0.3023175960908851545
-1.8000459318515451557 -4.206389868005033783 -3.7490722355027337187 0.83733824287257563324 -0.0036022704577300928425 0.54667329427239341744 -0.028634343234977828463 0.9983166493843227407 0.05043750538493765867 -0.54593474098152794394 -0.057886882879475590191 0.83582556037720256992
2.9514785652143289418 -4.6436900915230205911 6.767597256314302534 -0.95383119922062387097 0.0018264836801830154362 0.30033765556558983389 -0.093090878148090000499 -0.95253369194724291091 -0.28985108954571975337 0.28555232760194104724 -0.30442770843433847316 0.90872638265787830658
5.0575363430055784164 2.723406010123680332 -7.2038677823465215866 0.99368597794448332294 -0.017401114347456374948 0.11083942645053081189 -0.091899675161907182219 -0.69295532838610562898 0.71509954731245761739 0.064363242161627656768 -0.72077050028480993404 -0.69017914991522144597
6.3570735995469416224 -3.1313966580317753596 0.65152749714559010652 0.99927544201949203284 -0.007717281491370167959 -0.037269753729436999601 -0.036443047912569422053 0.088412674522216294637 -0.99541704990555490706 0.0109770321814397602 0.99605403595895436464 0.088067373154166586624
7.0936993813279514143 1.2487308917817925291 -0.13433411062000708003 -0.91127956517877972686 0.0045868465544097632158 0.41176269248957714231 0.25021013264568453538 -0.78801210291720535928 0.56252272414318249538 0.32705419063058360774 0.61564266136674372643 0.71695165101720625955
4.549514838346463641 4.8315360829745133131 6.4311106580352976891 0.97930492087778220345 -0.011893553794512925353 0.20204062790113344605 0.020568860656808879428 -0.98725436416676870532 -0.15781553283793037235 0.20134247916379049981 0.15870527342149068351 -0.96657842013586192653
4.9401203831123092769 -3.6911099316668489756 1.114362258566502728 0.93229621771139470354 -0.0036206861358619277409 0.36167755400756457229 -0.29052174200692459927 0.58815450562430193759 0.75476578813234629362 -0.2154550529977254103 -0.80874048256891994946 0.54728233298005224405
0.56460244246959534475 -3.2803143368121321366 3.6714496814275814351 0.82430889904878645869 -0.013125680823170447417 0.56598812306604429079 0.44827097499895923738 -0.59548151254535186538 -0.66667450917988657633 0.34578602042650946613 0.80326177845072077588 -0.48497684827000897556
-1.7064264751238678031 -7.0163454412971510976 6.7975535223944758556 -0.90064614306624379836 -0.0091830311334939532242 -0.43445620828694259119 0.40915700748442890289 0.31885593597524325427 -0.85493943371433012146 0.14637987637070509761 -0.94775870559579533658 -0.28341906739171435214
5.6939737915954005132 -2.312110332136772417 1.0285132497617843761 0.99595800989268457037 -0.0041046868997590794936 -0.089726217327360580089 0.087509296243870077214 -0.18079031419773658462 0.97962083755047002498 -0.020242667841005819451 -0.9835130979491433223 -0.17970036327443808521
-3.4202885030260872234 -7.4212021851580765031 3.786480455711498827 0.93815313468376460015 0.010472110701572685115 0.34606217762187480025 -0.21489850609317673324 0.80130391180629700898 0.5583284633643610384 -0.27145409918044727249 -0.59816584307469633508 0.75399621764093216481
4.6521260933442505348 -0.69731715871593635825 -5.7301158236353897379 -0.33793720784323078021 0.00727720974303151108 0.94114052392487546062 -0.32395679926175957597 -0.9397651358541565525 -0.10905724022330154366 0.88365741991297186431 -0.34174337104229696171 0.31993910761483873584
6.2456495385373633766 -1.5385016309068657581 6.8071390380869258863 -0.99558087095483871476 0.0020627839034201055426 -0.093885431837490596063 0.021232640451959869377 -0.96892444328845850343 -0.24644390472781627088 -0.091476250295801309065 -0.24734827292832517465 0.96459884278972729543
-5.8909553087291461893 -4.3036913009865163104 3.1429293022898776577 0.94140583543162081881 -0.0011347027108131214901 0.3372740213314743829 0.29480382762054768708 0.48855996799961515231 -0.82121852200765577123 -0.16384674618574890381 0.87252958122802604102 0.46026771953548450966
-3.7282066279595178493 -5.1027702246099497785 -5.9666315203471480544 -0.9686966221571863267 -0.003395255275352033076 0.24822434703882165219 -0.026367067250203449214 -0.99284323118592066049 -0.11647787795481934214 0.24684333490261381461 -0.11937667498242478248 0.96167436145727702712
-4.1585683414869212271 5.8299441355433136991 2.1143356325667261864 0.99089639279822516738 0.014666124946303728954 0.13382542179445558461 -0.1212866406794945312 0.52867198012324168044 0.84011635398045081402 -0.05842849931397275931 -0.84869950053703135939 0.52563796310421984082
-5.5290888951970096343 -4.4415028895978778678 -5.2451652936514170378 0.85006311556353209014 0.011613557595682159895 -0.52655277497949903864 0.060271366987112814928 0.99104402720663364867 0.11915997003837483503 0.52322085382760719074 -0.13302955092015533722 0.84175000843596547995
-6.8471340559780804469 -4.6534525084896722902 -7.1473973329158262402 0.67704406840956288249 -0.0024955847710388455278 -0.73593824570269805729 -0.4383913988718678989 -0.80457962009302441686 -0.40058034940083681041 -0.59112123191995313842 0.59383954650027959143 -0.5458299022460483263
-3.3455415723272077244 4.6692055661047522364 5.4806182664060543175 0.74343003811112551293 0.0096844843559409400646 0.66874359002301786425 -0.55644627835098470214 0.56368886975610699164 0.61042804442649434282 -0.37105163756996195623 -0.82593042617151113394 0.42445213320319596928
0.6841807566661716189 -4.0252191772222056798 -6.5438122487776295699 0.99492315896344962756 -0.012620895447896591374 0.099842980505054815255 0.08388051475237202903 0.65216701012382949365 -0.75342036749152818675 -0.055605458391437968813 0.75797025265129913674 0.649914709091028997
-2.6055677949019035999 -0.45389086932300448662 -0.18012658793832633797 -0.92657058584369511589 -0.0076816379929297729651 0.37604247351465558413 -0.37040317534211303352 -0.15503064981530140232 -0.91584222730462583328 0.065333277475988743577 -0.9878797953472877591 0.14080153691866650889
6.9017531441888362309 0.55192945952577032731 -3.5941542853260970425 0.81947998586266102006 -0.0017746699027882152644 -0.57310505434631719979 -0.30425442687255671581 0.8460925463145875236 -0.43767184830571470577 0.48567663779406539115 0.53303306990999455017 0.69281595671830042971
-6.2640447317721328346 5.9325511371174233233 -1.1559393037692686779 -0.9813353173411369923 -0.0067116898767177902291 0.19218727366336407769 0.13078214398202508972 -0.75598514580543285657 0.64139105866618195684 0.14098590622689663454 0.6545543617916750323 0.74275269215588135552
6.9703456247140458402 4.7178003377749941905 -7.2280204671516719017 -0.99139483069130163173 0.0076212266901832578098 -0.13068361252310251031 0.10444322739951784895 -0.55578135003565820593 -0.8247415978370652434 -0.078917057273545435092 -0.83129357501203304803 0.55020277190781896604
-3.1595199572276269073 -4.0150498697691272554 -6.1985898062960709254 -0.99304391654645296494 0.009641312549906905574 -0.11734915808133888904 0.11691298639694647221 0.19897936534318644286 -0.97300491559874768832 0.013969016494681621085 -0.97995625272762854063 -0.19872244291524154836
-1.4330549050523011534 1.7219295361064390626 6.8590116065818280688 0.8697057060048082322 -0.0042363690715589352384 -0.49355246744368208578 0.10643719320404043671 0.97804510489970297726 0.17916164959258140676 0.48195757992328053243 -0.20835024828160692012 0.85106231569469559251
-2.3045627371367580771 4.0994330068048023819 -0.53326636720852849116 0.98343399048421686892 -0.00014152128178689105109 -0.18126656153842160557 -0.15356086386948225586 -0.53199662923417778693 -0.83270561879396276517 -0.096315354164788272162 0.84674645936964432202 -0.52320530014224553295
6.2712618189818858383 6.2065173879421342562 -1.4086127025901584719 -0.98114504035648608671 -0.0010212690559284229135 0.19327019116632507267 0.18574494290808990504 0.27138760266115141695 0.9443768237869328841 -0.053415596673802509531 0.96246959751014837803 -0.26608090480279983359
-2.7618422115705629771 5.5858224440875892114 -4.1398032370012209924 0.99994190611437128169 -0.010476514055372584261 0.0025351626390079755324 -0.003614533546360656005 -0.54748770766722676395 -0.83680591841865681335 0.010154779347744724571 0.83674814168097810807 -0.54749376969054130981
-3.5973608390345868102 5.9832727261613785075 -7.5071029421398618453 0.84343769595212980672 0.0011769275668985727107 -0.53722571409832897693 -0.53547976995724211324 0.082427281416770012412 -0.84051600772657886207 0.043292828660395875351 0.99659638676841899585 0.070152497224522367136
7.0871600483427936723 -7.2875313132595209709 -5.9861453571233695925 -0.39608196001545115106 -0.0066075606873864474108 -0.91819138587342530311 -0.092372979430968712999 -0.99461439638399407048 0.047004629311679584081 -0.91355695696617034152 0.10343375970850239576 0.39333845951185669731
2.6681060720563740674 -6.8487063527482012759 -0.54851646556238453645 0.32413782370034577296 -0.00073513114259299002038 -0.9460095828420623798 0.2609125370878959127 0.96128330891536084568 0.088651271796398256608 0.90931805174919544399 -0.27556099067717870765 0.31178008464278728074
-6.3837151967349239357 -0.99087106018585624501 0.50910371323224157258 0.97063152923912621173 0.010649893521906615701 0.24033521218225620264 -0.21548706919907870128 0.48264837736037063953 0.84889096286821752457 -0.10695680181611898207 -0.87574946394463715205 0.47076864694440212489
-3.5181104525554416362 -2.3819386919369347488 -0.97476090367894974165 0.99070669230780383785 0.0082755470942418758729 -0.13576363701960722508 -0.017478887151222713414 -0.98212539431888012942 -0.18741450941138962372 -0.13488787314080288859 0.1880458060002213605 -0.97285355348343172111
5.2812952413328728696 -5.1585742820769642236 -4.4453769421779902871 0.66481121436374046585 -0.0054927582159315655255 -0.74699121739370755169 0.6616531106863653422 0.46851112449954429584 0.58541650757331786803 0.3467581439206737226 -0.88344052195229894053 0.31510575018126069091
-3.288113418826273282 3.3669841060178549164 0.24598110494109509672 0.84309047357519217858 0.004042113526915486893 0.5377565570823684693 0.53773444292457461824 0.005441720351999829175 -0.84309670653625157222 -0.0063342134030720687737 0.99997702423502277114 0.0024142789229969815329
6.2792489251120349181 -6.997036463381061111 -3.2527931127003841816 0.6325460772334083881 0.020737824540205340718 -0.77424505346178185139 0.37861102707593208283 -0.88034456816032358173 0.28573962183618434318 -0.67567680909822025459 -0.47388119180230531269 -0.5647100722520178584
4.340147665369407548 -3.8581987784028801691 5.8899552496428828618 0.96261064241902594141 -0.0018458191072284364787 -0.27088252814370311627 0.23321742745344067882 -0.50305762891628291733 0.83219147647719826644 -0.13780559725097576984 -0.86425089814296718327 -0.48381815016108786764
0.54937370561392928625 -3.548434661892996278 2.5399495792525250693 0.90498937642349441823 -0.011024050392710118412 0.42529131060212516102 0.42508582244595599642 0.063876526990771911874 -0.90289635775940069173 -0.017212556933282843752 0.9978969183300585577 0.062493745857346183481
0.17179310661232674584 -0.3172687262197296798 -5.6684320270534520603 0.99915514581927189486 0.012577701654944695858 0.039125388226734419961 -0.017822918259711072186 0.99044546959973178701 0.13674836501457215965 -0.037031583378540275375 -0.13733016118290705676 0.98983285895236083896
-5.1494251541888207413 6.3384767649828148706 4.9903363941179676999 -0.91925133761096877727 0.011774249345768632996 -0.3934950385363533143 -0.038009611841082022177 0.99222812574880969727 0.11848466517097024087 0.39183191256976829253 0.12387378062094749065 -0.91165949716247907109
-6.1369678347200800062 5.9528703316586950578 -2.5353537091795632641 0.99975375833046509211 -0.013058195088855990146 -0.017941745879079987885 0.021383489975381062692 0.7829896338617182705 0.62166709710389722598 0.0059303508024187018277 -0.6218976739031852885 0.78307605897079635149
6.7499839828811127873 -3.1274688572201938541 -3.2158680775448353906 0.80193575144700901536 -0.0056860382771500243143 -0.59738322668109822278 0.56767419520567707902 -0.30429762093644480148 0.764950302954475303 -0.18613183136911268245 -0.95256003845497216886 -0.24079932410634569129
