1125 14.717824617146108679 14.977075390850430381 15.033177056927090831
-5.5019168404024654251 7.3602942892768918881 0.06627840855295244471 0.99252142866999448767 -0.0081860581145436952383 -0.12179573918389673126 0.043767651716855718314 -0.90754727598352025186 0.41766294367366590956 -0.11395440445194668366 -0.41987013505074061159 -0.90040183440419718774
-1.5477025247178164413 4.9918686560860141554 -4.4033903865173424919 -0.97436422246738130237 -0.0017896037139619115804 -0.22496924077319582769 0.21693038537024375567 -0.27250897446209360053 -0.93737936116639675177 -0.059628599502474011196 -0.962151576497313199 0.26591121444045301425
-2.0352666465573037158 -4.8217602696593147016 5.4405347598210793691 0.99981608283706280282 0.00066808676022727048541 -0.019166485340626041728 0.013344855516212360269 0.69352787464823006935 0.72030618622716058308 0.013773718869143239049 -0.72042948353465097178 0.69339140744786109671
-0.50507933604578270081 2.15950364984461185 4.4754656498654039609 -0.99994775262560164908 0.0021595350940258758142 0.0099914176767634532705 -0.0099097737215797076366 -0.44457514355008292961 -0.89568674106640577826 0.0025076689973291218551 -0.89573895647430090694 0.44457331617016498937
-6.2207079472425750311 0.80177015547038998911 0.4543133180544381422 0.97073591553535942822 0.0051229875366310961837 -0.24009485060806953771 0.21858117576684224503 -0.43294964125733159666 0.87451522441613760428 -0.099468848843233759194 -0.90140355176465380982 -0.42139955502576686985
3.6744155540616287858 6.1137856024612187156 -5.2293312489263632514 0.40837685178844557177 -0.005481145973840668463 -0.91279696754657924096 0.91262609800348992728 0.022709491940379179092 0.40816404082031071399 0.018491948688698550685 -0.99972708076488081552 0.014276267686997280715
-2.1417916233600506892 -4.0301631836233839934 -3.1084426696702531778 0.87960796339552616008 0.0099216008177676895397 -0.47559582900651514725 -0.15871481794454331271 -0.93637262441271196245 -0.31307493482447712463 -0.44844111909593820098 0.35086731122714048814 -0.82206611207148638787
-2.2952944803983248434 -4.2755375278449516685 -5.4726176538689230711 -0.87571257374171462828 -0.003996293035050618378 -0.48281623609065688063 -0.48096955414657482919 0.094983707780243134544 0.87157695199014084686 0.042376599377631954391 0.99547080564835910277 -0.085100522483027629672
-5.4606992387111583653 6.3070320565141955171 0.12364507655124731822 0.84949677314687055407 -0.003386427248778097962 -0.52758294563374208419 -0.47919015789009100637 0.41345430182084852433 -0.77423015498440284077 0.22075331253324947944 0.91051857335054708908 0.34960535263243852633
-4.1241008836753856315 4.2146953535822628822 -0.33522992763658171489 -0.7439341558908358909 -0.0012379923816999232299 -0.6682517782047304733 0.0041676640558348408347 -0.99998743121974653647 -0.0027871094107280829089 -0.6682399286748352818 -0.0048584748031133030699 0.74392996508227693386
-3.9925440555821301025 7.1492677689205992309 -4.1241784127146079442 -0.99679776859018409674 0.0018855990446273803059 0.079941560216777632353 0.030398451997718831108 -0.9157310109507516005 0.40064029964461761457 0.073960412720554064014 0.40178745637390012035 0.91274130905247929935
7.152132959528616496 6.9749422302743413482 0.59395624924447365522 0.98627414912729471919 -0.004146021853699902171 0.16506396719441315812 -0.16078649284145343779 -0.25154078501397192369 0.95439768293631599416 0.037563366234996210802 -0.96783781904674048846 -0.24875479802358388404
0.87076478301313109398 4.2749959071496359542 0.74384281843282384905 0.57893640823388536898 -0.0026308352544238142526 -0.81536845286479364692 -0.5554436991363166376 0.73080758972307946486 -0.39673991971202060558 0.59692121114194085507 0.68257845373931724797 0.42162984023880556439
-5.6191994933582511962 4.8064492903326261342 6.8963224812122057017 0.83297387611177453604 -0.0094943307656292687952 0.55323085542905880985 -0.31723370236223530361 0.81100520907943185467 0.49156213130354881047 -0.45334015904284952203 -0.58496188639048174451 0.67253423085342067811
-3.0691851461592527528 -2.3519070319040253914 -6.467854699175545008 0.99997279185971765791 0.0045447733299782333213 0.0058103851519157936889 -0.0073718249432253146053 0.6442755898055059216 0.76475788363227570343 -0.00026783808739438280666 -0.76477990913472326806 0.64429156353828254122
1.3158360785243576885 5.960428973731712432 6.2660964418332545378 0.96450737322151203212 -0.0032672281597957847366 0.26403570255078451234 0.058515495190287827865 -0.97241777266720719197 -0.22578665200475347974 0.25749070628655529314 0.23322307051627921837 -0.93771292811543538459
-2.9240136396998179791 -0.043164925843624787904 -6.2687608876798961433 -0.8197252831376481419 0.003976511223712650249 -0.57274309034977732846 -0.50110136417667738851 -0.4892825834053511902 0.71379267045581107354 -0.27739481430844425969 0.87211624278802868382 0.40306993941516067181
-4.4091012898588513025 -3.3789471817506675499 6.4511722282534531558 -0.94362290225057532389 0.0019416010047667991989 -0.33101668920727078671 -0.084905988909523638641 0.96510895577256594624 0.24770078024722214094 0.31994810734791906404 0.26184142848925695546 -0.91053406028075301037
5.9934399936071462989 -5.8174212810295484744 -5.2790206656552891573 -0.65801988980098646831 0.0040386747759417543358 0.7529897168834387422 0.74357951017429757545 0.16117278979536814321 0.64893207955730525249 -0.11874062773632736156 0.98691794032517865531 -0.10905797719173444815
-4.4656047840303401131 6.6549449811308702962 -2.1736278284280929896 0.99432747065629545347 0.010025283051992236322 -0.10588850172639346914 0.098331739742785861935 -0.46612961493962140613 0.87923492368947875342 -0.040543187557153678724 -0.88465963837856487206 -0.46447128454501179773
5.9115940185645099447 -3.3500205064829207124 5.6872539422358228123 0.10917390691681952419 -0.00064204120933192884019 0.99402245740810035723 -0.88851911792624704844 0.44827900979275636661 0.097875974880430871572 -0.44566224332794290852 -0.89389345962609134677 0.048369904998883730962
3.6449320342756572622 7.3072375426330076209 -4.7188804515293583108 -0.98970550876870966306 -0.0067538161654636160586 0.14295940640525930942 -0.13163156725754204812 -0.34914430057189360657 -0.92777766079999079984 0.056179501723023925197 -0.93704463252576908339 0.34466102222437211555
2.7291351067560656318 -2.129450384553930764 -3.6935200153526186462 0.86977909145026388593 0.0078902304159965339081 0.493378228481986425 -0.48795808569276527544 -0.13489152356686714973 0.86238111266245243147 0.073356926619936119183 -0.99082895654789637785 -0.11347572508286174475
-5.7715525701673469072 5.7098367000524961057 -5.084841963312335622 -0.99633742777620259989 -0.0007510288551913994054 -0.085505356370508087127 0.081945999975222852396 0.27724687002150411042 -0.95729777297940499281 0.024425050674321435729 -0.96079842267718373883 -0.27616988952570131755
5.5383047118531099073 -2.6568120891641977543 -2.3008682816680510186 -0.98605123477619838201 -0.00039063056976324471437 0.16644161079505676026 -0.16547690755462390877 -0.10523468712965990124 -0.98058301723559915253 0.017898476540076865143 -0.99444733798857054552 0.10370215284689794644
1.1424760602301713419 5.070159676016334771 4.8970734644156843629 -0.95681233209635319081 0.0067128782158928108209 -0.29062879832228843968 0.26768725094765455363 -0.36954663722637126622 -0.88981954271345531371 -0.11337414532549358603 -0.92918793587772630094 0.35178982786737011956
-4.7311300994457754499 -6.5216507501951657133 3.8414802572043504902 0.9932458905803045468 -0.0030056528820360077503 0.11598951200982503262 -0.024697333674332144077 0.97127905589622609561 0.23665805983913576482 -0.1133694956983615082 -0.2379242770887433911 0.96464469926337415018
5.768303339724912604 -7.3665504073379359795 -6.6356981525889526807 -0.85786421313444416459 0.013375539070491370211 -0.51370233285207156371 0.10890695550177001416 -0.97222101273668293242 -0.20718488708528717823 -0.50220341184274330804 -0.2336822572378577656 0.83257692484589573834
5.9109308251435566106 4.4446294250180553576 -6.3459742903045741613 -0.97379361181952850401 0.004383147956812433535 -0.22739126982716381664 0.2243754842888754375 -0.14488925834498830869 -0.96367149219342962407 -0.037170467171441727572 -0.98943816928105476904 0.1401087632521447468
-7.0161739683713557625 6.1535215204018403057 -1.4332722394958656853 -0.90293645737621808234 -0.0042776001394950469159 0.4297527848401489492 0.29850161604436165064 0.71316223406581535915 0.63426840779043869301 -0.30919660276232874274 0.70098596993041117909 -0.64266331060749048998
4.5332892793562162836 5.654174943968541811 -2.5333769100593181989 0.99872188844824116849 0.0091342424059951184828 -0.049710714639355876865 0.042621626849672356041 -0.68083551929129015878 0.73119518091686575012 -0.02716590618719767064 -0.73237938343932451613 -0.68035465182062437872
-1.1724655611859753357 -6.2924856105816182605 -0.4903552310084600685 0.82814126249853914352 -0.0017563225770488855026 0.56051669437985285338 0.20698480824486564789 -0.92835810060768186869 -0.30872079002230534694 0.520902427046892047 0.3716828653128561033 -0.76844811739606777579
6.6050481344537566031 -7.3843256723515873219 6.4284114551279518679 0.96156548220817528172 -0.0030174875884674077359 -0.27455913423976241461 0.26421704525330819147 0.28223475353559479561 0.92224340436477392213 0.074707271556825854963 -0.9593406270274710268 0.27218446853411681907
5.728043944717727598 -2.7390431403678960898 -0.061473696804261290794 0.77868734031277286878 4.2597878549709665419e-05 0.62741216454749515474 -0.42716050374517927635 0.73247823785895260773 0.53010332493133094367 -0.45954317542191475132 -0.68079044444564740246 0.57038972700664070103
2.8019601414621271296 -0.47477643727113288952 -4.2945201447957277452 0.93822658304973927113 -0.0024404743981965917876 -0.3460128941869116681 -0.34541961129677473119 -0.065560946423041846498 -0.93615546488587908502 -0.020400269372650603472 0.99784558243693488588 -0.062354010462022629868
-4.9556865188501202368 6.2423302524324446594 -6.0228648891479661387 -0.97724247847225753638 0.0064575663860493761476 0.2120269749479009036 -0.086536229277521206638 0.90044546918782264466 -0.42627390025838779453 -0.19367142094698283628 -0.43492097771369681025 -0.87939474859294430864
0.59651374822991287683 -3.7204108072286956599 -3.6902350208811123267 0.84478046404848838868 -0.00057874313988447081275 -0.53511272888842809081 0.074353234429112902149 0.9904259599283904425 0.11630999281954255975 0.52992222456880488934 -0.13804377188464908577 0.83673553345833806549
2.8830110781947606569 7.3067345858715313511 -6.5978198125428137999 -0.99873389580726501524 0.003573302372871707891 0.050178051733144171664 -0.046862576299298755456 -0.42873992606712946207 -0.90221171281388956587 0.018289458936035913467 -0.90342089155944782508 0.42836455080426893982
0.20057330886859847663 6.9948319943746772864 -5.2857764740909898293 -0.90934536131898102695 0.0031445957296684519909 0.41603019766038018545 0.3910507308587625741 -0.33489523422701844568 0.85727738100742600924 0.14202232128237887721 0.94225012263710528071 0.30330573131372529083
-6.5297596524748007241 -0.29451492895817837914 0.20365980061174779325 -0.99731256911425103517 0.0029057058672077380919 0.073206532224388540242 0.062445519327065268644 -0.48887373107622994484 0.87011667733674380454 0.038317053682126137049 0.87234971882674927635 0.48737846840020426775
-1.5064780811475355637 -0.50357057857380227439 -7.0935650291883733942 0.91470175862185520987 -0.0017586315134515586971 -0.40412572299882842941 -0.39140201847615080366 -0.25284176080753339999 -0.88480252255764613167 -0.10062381779126708392 0.96750604711643539702 -0.23196313518782105123
-5.7051656297677109109 -4.924937416002721946 -2.918977107867101406 0.93848037329555922259 -0.0049628116877871988541 0.34529691489959024597 0.25649778084146190871 0.67951079495205513048 -0.68736741846484394891 -0.23122170607980421786 0.73364872387525181807 0.63898049468965134601
4.3196632429214778526 -2.0808458130017006837 0.81375499793894356948 -0.99113360450368759302 0.017505553035026124448 0.13171079544413319407 -0.041231486315535900711 -0.98286833806276696635 -0.17963795414624433855 0.12630970888973469535 -0.18347584485858783876 0.97487561862718241645
3.0861193413296512666 3.682505150919387571 4.5625057345490382943 -0.91095615242692395963 -0.0018845595210913060162 -0.41249889307849274545 -0.33158760134906417605 0.5981814101317575183 0.72954003536774036931 0.24537430791981196254 0.80135850217499249304 -0.54554193239810166993
4.0594245772325505683 -5.5472821845387327855 2.2286355465999880821 0.97615855573463838901 -0.0051568319589659272414 -0.21699742198968441365 0.16130554292252446968 0.6861787715388155684 0.70932306836298009145 0.14524116457977112593 -0.72741466892939210531 0.67065110418000017933
-3.1845836377468352829 -2.0179360915743616012 -4.6263972592870938882 -0.25453914905233243626 0.0024509107839800290535 0.96705936458738106509 -0.2325238232189063281 0.97050492411094058109 -0.063662107348731927781 -0.93869190538508007204 -0.24106883936490464126 -0.24646160238836337109
2.4094004756019278268 -3.7395405555010414744 -0.41484639318681576503 -0.94277158169137453836 0.0083644910884695840292 0.33333433673101942052 0.073293650042493996288 -0.97003695176785242893 0.23163841017492314833 0.32528416133980236902 0.24281340056460473664 0.91391020723468263665
-1.4686162316849438181 4.5446963408992271383 -1.3761806911027749667 -0.81475600698486816409 -0.011708704768778579325 -0.57968573840894244142 -0.070839212166025455897 0.99431606370810621254 0.079481893986102170047 0.57546021157140903046 0.10582283158446731397 -0.81095442116903537766
-4.4039391762151094412 -2.3478262210727183223 1.4899688519431983913 0.98760679960580866066 -0.0059205994880784425932 -0.15683671723819031518 -0.10280261773593886432 -0.77948614964483819989 -0.61792634213031050194 -0.11859355445805801199 0.62639148223260443515 -0.77043447471375114954
4.4816147973487598932 0.9174911198678425972 2.8850451643009780156 0.88733743224541106187 0.0024265133385247706493 0.46111429534247022621 -0.2712285392705900966 0.81145496195737698564 0.51766391046693760458 -0.37291736460144664367 -0.58440992184238094165 0.72069250199431800219
3.6458041477738527547 -4.4147950758586924636 7.2534855126036541506 -0.92213609355471648499 0.002340635100597145829 0.38685856122203149399 -0.24483523249294428248 0.77071392742338085124 -0.58826503466192392455 -0.29953419486536320138 -0.63717702681672916398 -0.71013006034343140183
-3.3030807634935275274 -5.1237729133462099895 -5.9488934096333201396 0.26647114147958583796 0.018793438285168197199 -0.96365965850822254968 -0.32374925615596894524 -0.93997541839914555695 -0.1078546797499004839 -0.90784335096817936339 0.34072425725636068528 -0.24439196103812155236
-4.4552788079277805267 -4.833220774190007063 -4.610831019858538049 -0.89792028395549383646 0.0018438735439998375776 -0.44015424999844787735 0.31323000268746342689 -0.69987082682934398381 -0.64192506663137283152 -0.30923474752643836938 -0.71426705501769793827 0.62785065504357040478
-3.6825306528460237665 -0.89932022862710547795 2.7899372152104886524 -0.94364822287357918995 -0.013788049284300647399 -0.33066285120089328187 0.047391735127507710057 -0.99446439130129626882 -0.093779517356067057521 -0.32753939443836832535 -0.10416556115572250807 0.93907799514210144043
-3.2751226083339797235 -1.1890078841350377736 -0.46529907630277028696 -0.71940999327723220702 -0.013508285667344875625 0.69445430936186769433 -0.075299782984357938043 0.99543505877387206127 -0.058642872085823194439 -0.69049200158681633965 -0.094480527000538272464 -0.71714309991960811796
-0.44323636147669676077 -1.2760528731153637505 -0.6681070011452298063 -0.99844233010825578223 -0.0045130226037214948853 -0.055610665118059364465 0.017083709533506252071 -0.97357822121784354241 -0.22771384243998696317 -0.053113654708282227734 -0.22830917589357624387 0.97213880690277243435
-1.1104648892143109684 -6.6120933874974623379 2.793827601971211827 0.96369177802425021184 0.006948265423776825607 -0.26692672885273460714 -0.17906182918196125731 0.75838414538849219237 -0.6267298854795968488 0.19807831354901234144 0.65177082600474700591 0.73209273461132351457
-6.4424150524693759579 -5.9199261853687845658 -5.4344001435868296568 -0.99819001875851198768 0.019556582928947137401 -0.056870260374535984427 -0.054915268242437809132 -0.6818955666447701347 0.72938518596427903695 -0.024515296546872449024 0.73118805806328279751 0.68173530345786736984
-3.0439039063754687042 2.2751285890628833997 -6.3784554535495523453 0.4810788433343655135 0.010776862803962693194 0.87661109149050264744 -0.74757382190022203527 -0.51726067437825595796 0.41662306171317475822 0.45792633392897053035 -0.85576004462113475224 -0.24078666641782611735
1.076045677009397572 0.98303372271126032711 -1.1155615853784119906 0.8381525226305404086 -0.00089479981356331735054 -0.54543519151340524864 0.53748297957926649548 -0.16878944024244668665 0.82620952035491301846 -0.092802992788837995741 -0.98565172560892211351 -0.14099035546267782437
-0.0098310753181764728992 -2.5348501580711442216 -7.0271945049344859413 0.99714684151627674957 0.009424700378859715566 -0.07489560385493575223 0.053449812125220264036 0.61246056246574664961 0.78869206729105134634 0.053303790088601518682 -0.79044495978329676333 0.61020936695148531026
5.0209974410258455535 1.2670292949245480774 6.0630698545433219238 -0.96834006360556856841 -0.0098682616803392186888 0.2494396492694877232 0.15015056178366995021 -0.82128693771539063029 0.55040219361307574086 0.19943001281735292518 0.5704299986409044898 0.7967667705409288148
0.12886370957506904089 -2.408311733618201167 5.0687223830207388531 0.84174727049258890599 -0.0051263261613136565029 0.53984743529856826783 -0.3575143341644646533 -0.75456792806921069161 0.55028242094075274782 0.40453063355611579288 -0.65620192220803674754 -0.63698822893774242893
-4.652491871598809503 3.8936820903485522827 -7.0989830747860525051 -0.99980917505968747161 0.0064599103827623610002 0.018435916695130158405 0.017515234282050089198 0.71434575814253475912 0.6995736947540390771 -0.0086504355143705736336 0.69976310804561114853 -0.7143225899995678807
0.5377205813158376646 3.9202145128107055427 6.8217039531923058249 -0.9876770039494524589 0.0016553402579579205856 -0.1564972706410643899 -0.025675786582047520346 0.98468199763127650659 0.17245903143731833307 0.15438552345633224649 0.1743520099956250291 -0.97250526310019158593
-5.923107267071006099 -2.3678284173394499312 7.3611893643108912144 0.77526215285200927863 0.0065158367860992418008 0.63160599920075000124 -0.31554974165960369969 0.87022130655910889807 0.37834275220937158002 -0.54717177823238050127 -0.49261792647220442598 0.6767057141951760002
5.2618932987396069834 -2.6210404353194474147 -7.4416604074080208164 0.72651287958710975001 -0.01560610393827528003 -0.68697560751020525505 0.048162481807091969688 0.99843986348866120561 0.028252687355754167731 0.68546291740709253126 -0.053612391445529414269 0.72613104901470293395
-5.4232562858451833776 5.0281948567177190412 -1.816791629426208754 0.99377357212942385445 0.0096329912973176588104 0.1110013189825170693 0.090906621599065290384 -0.64612669874452821617 -0.75779698819605301185 0.064421063998056860012 0.76316937481020297174 -0.64297934015421620568
-0.37770791931153857579 5.4773008527292361691 -2.6106249582566678491 0.97688631507317502667 0.01254180779756162642 -0.21339126148910944614 0.1796621452688410836 0.49272418880013679754 0.85143666078495572336 0.11582159116563646439 -0.87009515389303526689 0.47908222904992209257
4.8830439562422549571 7.0929169163582548308 -5.801903410184420018 0.99065209653872821072 -0.0090020153420975745906 -0.13611534572982014746 -0.04261221321494650105 0.92746605633973644434 -0.37147128236594706419 0.12958635309434501925 0.37379898081382889607 0.91841259738431391124
5.9372195123653641602 -3.3178591981900091845 -4.235362020433005803 0.87263366567892408643 0.0012060548799134921359 0.48837386391505116512 -0.48543055171515714363 0.11179212435745840282 0.86709843754515636416 -0.053550583425751897837 -0.99373088226301276027 0.098139027157809644031
1.0818236048376048686 -5.3417527344963513514 -5.8708083793254193239 0.89394626923799547225 0.0053375431796504110155 -0.44814236392940426379 0.43701635840551872336 -0.23211418741765771356 0.86898774817914203883 -0.099381941022398279095 -0.97267389942996984598 -0.20983020556248788147
-0.42286497858065541511 -0.80332228802823046898 -2.6741471269629268903 0.98672548051062625163 -0.0012444781720246272157 0.1623923563011111515 0.025469022028219698295 -0.98641046300853540973 -0.16231366973904590156 0.16038751518703275867 0.16429500826657503221 -0.97328464245091084184
-2.9074627006399884621 -3.4341819520776049046 1.253074990020152768 0.84939826181476496547 -0.0089998532443991783453 -0.52767565366200730459 -0.14805327185710656646 0.95564054135348919239 -0.25462007857587642956 0.50655979066484146944 0.29439795916949057508 0.81038695702629726103
-3.5893692680920739058 7.0057846361551980863 -6.3653920512639690088 0.66994140728857554112 0.0032203320893526374974 0.74240699098371021325 -0.25194882171770521806 -0.93965997936456024942 0.23143231065642863586 0.69835542672438521983 -0.34209465450660664354 -0.62870577007275241233
-5.8902613208814784684 2.7132227819865519791 -2.9384823318065738107 -0.99972777518646827044 -0.0067222138712207807343 -0.022342501231622950708 0.016320344502901602823 0.48286450585254336865 -0.87554298314975020912 0.016673988002944589715 -0.87566927594171195537 -0.48262334930635847341
5.5363808501869566925 -1.7567929271210922515 -2.9466525037077802018 -0.96978546174593438511 0.0025881771566756126869 -0.24394560771872478289 0.065151254280084808235 0.96637389338850043785 -0.24875050199556444919 0.23509885633913679692 -0.25712798275628445666 -0.93734397540693648043
7.1898172329607197284 6.9396396927708909885 7.4740668187565102443 0.85727314963709189133 -0.0026303155630008167969 -0.5148551527870791622 -0.42926031591267543863 0.54850039240934511664 -0.71755341314024523314 0.2842856452475875928 0.83614616005032915691 0.46908556888837060761
1.0617731811401798225 0.33806063036525052512 -5.5050728207296115713 0.81439017461319485047 -0.00057671340955486611463 -0.58031742253288609579 -0.57901984875308565304 -0.067650054572152687471 -0.81250199068456563367 -0.038789924510161090387 0.99770894429085810184 -0.055427468266786919515
-1.5518109800607988724 3.5429303854807936425 1.9408961885690403371 0.99829075514387366486 -0.0018282865767942435911 -0.058414258211739997217 0.025668550170185173293 0.91166227038315217346 0.41013781865614723499 0.052504225795558141787 -0.41093620201687552917 0.91015094580270605729
-6.8055060159164231237 -1.4350771945188600665 2.3357246050983158092 -0.98626985346697504387 0.0043952267550024749429 0.16508318546687864026 0.083598439889482276111 -0.84880933623004928279 0.52204790161130520953 0.14241866798343572054 0.52868080418199470127 0.83678762556533869965
4.0679511479758803105 0.031937530114398406111 -5.5831669912283290458 0.85129780115273534502 0.0036624105262407723703 -0.52467003011577018068 -0.35719086183661957756 -0.72842954815865346152 -0.58464098521212648496 -0.38432634826785067039 0.68511092541173979065 -0.61880229306983969284
3.2441598939356426357 -6.6910484365426654563 -4.6224564071855711589 -0.99999643152349160236 0.0025921605312507166319 -0.0006462540340971250491 -0.0020359657323227187825 -0.89609016714787426139 -0.44386739819962767184 -0.0017296774361767446732 -0.44386449851811821121 0.8960922470210734847
1.4397936090192733349 1.7705166026748460073 5.6104866633612884286 0.34152023217568672209 0.012158537092388191359 -0.9397957762143881455 0.65944732187002030876 0.70937862703339316095 0.24881959968355540913 0.6696963197548375657 -0.70472273518314976215 0.23424923868149130635
6.0141909054687774372 3.2583406897415270187 -3.4208955992779870314 0.77751970004289194804 0.0056237494237860365803 0.62883343540843095187 0.037847199427020611351 0.99772891675440944503 -0.055718921090685047393 -0.62771865157943751434 0.067122143249393320663 0.77554104491310837943
3.6799768575105669122 -0.4152435958920464576 -0.016350065483127965149 0.98096366201172136012 -0.0017073161281700851774 -0.19418387905313574948 0.18556085292687304888 -0.28655516211626091971 0.9399219695940834729 -0.05724913688038701931 -0.95806222352013903354 -0.28078339016099990166
-4.6559504324041220968 -6.4780083520346689596 -6.1439131820473749102 -0.36497080817128679797 0.0005574896253414118874 -0.93101879593713265937 0.92586315547777253698 0.10531229605573017016 -0.36288667325800516572 0.097845421515627778453 -0.99443904262892757195 -0.038952072905487009069
5.8322000994289915354 6.1933765611082352009 -5.2542195896342933636 0.98351905792152172214 -0.0043984015242723318445 0.1807509799950258178 0.12422441706100033343 0.74281967515891622611 -0.65786565832448096192 -0.13137182693022123048 0.66947709763732965449 0.7311236959832748683
2.1945797531951605208 -6.2117812038293900301 -5.6220881105677458223 -0.99928128399732718545 0.0099848454143246744008 0.036567995770779529452 -0.036967079983401436583 -0.043238861465889774638 -0.99838060671092621057 -0.0083875175195017494939 -0.99901486661669769429 0.043576895583223300423
2.9118508760446668582 -2.4742770380049878831 -5.2537247007111425035 0.920528359435489274 -0.0085395003694391530963 -0.39058240668079918789 0.22704258034216487361 -0.80190603604515653391 0.55262860590610518585 -0.31792956167473757079 -0.59738914142098864524 -0.73623841758341124208
0.50576029013201451168 -3.2593722182321593905 -5.6439414184811393937 0.83759330291447942063 -0.0039161059592295079101 -0.54628026051379396932 0.43755557545904472105 0.60352216078263209997 0.66656291513186616271 0.32708191221402094229 -0.79733660743657430725 0.50721963402845771096
-3.0588427190667726308 3.7506987279317840489 -2.4771634472616024247 0.51858067538329744028 -0.014909091131936558217 0.85489870869041173496 0.64603797040330090962 -0.64813076162064586772 -0.40318910778725336463 0.56009733432348207671 0.76138310648630358468 -0.32647624912250339246
-2.4835226953244657899 -0.5130212476920019693 0.17702278942008775608 0.68486371521715405652 0.0033029239129597973146 -0.72866369627727312075 -0.62319640013597066286 -0.51555446316274167184 -0.58807299068283480636 -0.37760818110389970936 0.85685044564766921216 -0.35102617474592762159
6.7115612797473991336 4.3840596234808097975 -3.7815679903325207789 -0.99534643362436026059 -0.00035527748028195025795 0.096360525367065033575 0.039886843184216015656 0.90878321111584570158 0.41535781554545980754 -0.087718394945970265542 0.41726843754568049283 -0.90453995722473234942
3.8769481572721513629 1.221038291800639497 -0.94151608472103465175 -0.87469634380001937135 0.0038411017081297037234 0.48465611734568808666 -0.088253018460396029377 0.98198903085151989512 -0.16705971393449545181 -0.47656868432114385392 -0.18889888624584696974 -0.85860322611760253597
-2.2949491673694133453 -5.5375148969280880706 -3.9424038946141286566 -0.89321382386141867649 0.0080898760700018057523 -0.44955936067235280351 0.35241653989912213873 0.63352339887820374731 -0.68880380768367033273 0.2792340367299180337 -0.77368123731875271254 -0.56872286375038838546
0.8906165084064674442 -6.8829820963698598035 -0.053975793628763375775 0.96874803490609495693 0.0085921004279735594539 0.24789800458229926949 0.13207781864282400197 -0.8638079967219906008 -0.48620077603965206059 0.20995879283371371438 0.50374787404939003199 -0.83794712524270154042
0.62987302839773140484 -5.8200777943448631646 1.8517333796992758721 -0.68830176983768665 -0.01079172965247592389 0.72534420257524834241 0.64026514545446222559 0.46102100847703908482 0.61442670291835488339 -0.34102964263339646811 0.88732359842053942778 -0.31041200771141497228
-3.8419437192806791259 -0.16226969513476602325 -1.0656145643942560586 0.58792630884097418775 -0.004736961643495149997 -0.80890062218235048164 -0.80482433634279193502 -0.10385846814415566897 -0.58435537665449310829 -0.081243110495337847454 0.99458080606305787619 -0.064873547828900535173
6.0948150878302156386 -5.3943028362406195697 4.5357313286141769382 -0.84816995226167413158 -0.005408011026008212839 0.52969659758879050759 0.34232095751289443042 0.75751157453504913697 0.55587100706264036543 -0.40425746020061659181 0.65279933200187756359 -0.64064728049841712654
-1.6052257221208572346 2.6739049590397976353 6.504808749146430813 0.47842532777942442523 -0.00028535979215012175977 -0.87812819355085924844 -0.87764356418552569306 0.03306477384609205622 -0.47817203491446835795 0.029171561200157583582 0.99945317013877499335 0.015568581080175419862
-6.3500544987231135607 -2.2137701187887817156 0.042428306904432402935 0.99792187252412967169 0.010346094155591352426 0.06359948642570677213 -0.047082354542572736611 0.7909314036325459929 0.61009078557092921713 -0.043990774358003872924 -0.61181735271528014941 0.78977486582428790829
7.0954702891143464072 -4.7359965037290780998 -2.6236131416232746361 0.99528735540649027058 -0.0011213444539751669504 0.096962996831856218538 0.096190399174851171082 0.13791554169013264808 -0.98576199483800885925 -0.012267325486126599843 0.99044335827295870711 0.13737345732884587157
5.5107388578281346625 5.6865186751837200063 0.34964188750073549317 0.93317800685147866968 0.010007043947505872561 0.35927519619385073213 0.075090799962403198542 0.9721241466371782769 -0.22211712065020036699 -0.35148282929569807376 0.23425307382475693552 0.90641343663576712242
-4.554521300162035935 -2.8896036417686357112 3.2862271112129937123 0.98664175856056102187 0.0070333865487664948973 0.16275310054856068076 -0.1115631179570969328 -0.6988456397942686138 0.70651853652409457585 0.11870851265256469886 -0.71523793468621454927 -0.68872562447589946721
0.22198675051978997153 -2.2651033028655098711 -2.3586944754527854329 0.99976196750967372129 0.021414265571174009167 0.0041758293986040237455 0.019782670670516599304 -0.97046915365436670076 0.24041270296423233876 0.0092007750902258454706 -0.24027286787200849427 -0.97066178182846230005
-6.4195448374398491609 5.3633244151685257606 2.4195625686446184943 -0.89962595694938940483 -0.0031094555234401233951 0.43665028211278605896 0.0096588420412534251036 -0.9998716839416021962 0.012779766125429546653 0.43655451475537832007 0.015714545432313337808 0.89954055423232570643
-1.3134146235830139737 -3.4633139073773051564 1.5988793006421961884 0.93587098198466323051 -0.0085227597597672295759 -0.35223978714072590179 -0.14433962697484484239 0.90269919093407358091 -0.40533966345730076952 0.32142118343952380544 0.4301877883586486262 0.84357980629176598786
-1.9316514476984394388 -3.5680812912342272369 5.7598198687752937275 0.63840959901358107498 0.0062585508376394620098 0.76967136781141920476 -0.73394644248983131885 -0.29626649323044096374 0.61118637463984915037 0.23185297807825719363 -0.95508481064790573534 -0.18454593202192282053
2.1303826610952345533 2.9618402044097100756 -1.7121719925653251515 -0.75491432024114346611 0.0027811791537457018764 -0.65581753112997953625 -0.19221984961818261439 0.95513580685783150415 0.22531560059367930493 0.62702144979870766406 0.296155120672604244 -0.72051110053329803229
3.8785339752092542476 -2.6082383480573247958 6.8934119068645323125 -0.96847072764958874735 0.0061367437384291043806 0.24905178188896573421 -0.23517843943217403568 -0.35234067276439962058 -0.90584057755329094874 0.08219216089164417538 -0.93585169268016721311 0.34267485754835136369
2.4372776167319538665 -3.4474328454292777479 7.3814115932369714912 0.99557114202119656454 -0.00074099250704207347135 0.094008255514199570713 -0.057095223308390667671 0.7896640344225213104 0.61087711384111442747 -0.074687593682472408485 -0.61353904820284099753 0.78612441743041294728
-4.005749562897833016 -4.2246934000905858042 7.4741352439551951292 -0.28363935681914187459 0.0037917533893933419269 -0.95892353077259340211 0.4685057831762811098 -0.87196942621576978283 -0.14202693714659334057 -0.83669053203290988385 -0.48954564889406781969 0.245548388826452052
0.72941080690119330932 7.1246289034044982813 -0.58921353508749763073 0.7349222157661007282 -0.0035746265310047532077 -0.67814199016027509881 0.39990850553286727553 -0.80532390400005871012 0.43763751764298697289 -0.54768834566378077344 -0.59282428399272868447 -0.59042090438334826619
-5.602256116641117778 -5.7050171869047643369 5.6766232238662253096 0.98334028262808681475 0.0025322729426512776904 -0.18175663991955684495 0.15438392950825666206 -0.53946703558039921234 0.82773239626806460745 -0.095955671383632964999 -0.84200291277161931625 -0.5308706094836189715
-3.4417571384303009552 0.16447432505585810047 2.6989170864755855916 -0.99885480253083636093 -0.0037697475542163927723 0.04769562311514019548 0.018519950150677238349 -0.94964090259407885064 0.31279253118746380702 0.044114565705446466548 0.31331764253493632477 0.94862319177274423421
-5.6722843304278267595 -6.4787088708452165164 2.7625007062889808118 -0.89006264126244938328 0.0049865130998454926942 0.4558109578718555488 -0.22886141529752679347 0.85988845562495086483 -0.45630504760616813487 -0.39422195171880874964 -0.51045761682044299423 -0.7642133695591241116
-1.0042681080884199307 -3.8157095598681771698 -6.3817454247835927461 0.96845816116726468614 -0.00085024530547057127101 -0.24917477230123527554 -0.032496876438184128799 0.9910224501236040151 -0.12968599142847789252 0.24704805826035383665 0.13369285857500642911 0.95973614940562612663
-1.9317827297089966709 0.10940617675825935196 -3.3435954789277055887 -0.98005040765608208986 0.0058306940294008541281 -0.19866353832624780718 0.1114150242604501212 -0.81162528162676483845 -0.57345539895734942704 -0.16458399321376618318 -0.58414930046296398292 0.79478406120550704195
2.9737906703242660278 2.1390349750658099737 -3.8525938615446313484 -0.90396381765602584757 0.010447568518516405986 -0.42748130331133182835 -0.13739577306300873594 -0.95378732062694548954 0.26723051576432388377 -0.40493433777971921117 0.30030084136298329511 0.8636246793391819665
7.0732215333373282817 5.397096458933051899 -3.3285612536671078665 -0.95801475491243048843 -0.0013794492313030501038 0.28671558466533902942 0.26206896928836154181 0.40143457884022198945 0.87759337636939749316 -0.11630814548546831999 0.91588666112739858249 -0.38421873882278984036
7.0016668969681035151 6.4407848439783847994 -5.9688961894022423138 0.8817659032407407782 -0.009861558996246126696 0.47158418287303810468 -0.45118420350745419567 0.27392834476549660083 0.84935038496446801926 -0.13755619356186515878 -0.96169954330248308416 0.23709129470433154552
3.7855136214117703908 -3.4670606576440992086 -6.4453483316086659372 -0.99744805980820072655 0.0085609552519446251856 -0.070880731020767806516 -0.052471321010527718909 0.58534471025924161847 0.80908487233597570221 0.04841620034939235484 0.81073934172248596219 -0.58340174093597829685
2.7141755618947107642 1.0294952263220025213 4.300165189097739038 0.99969076109758503446 0.0048155798330866972368 0.024396564655709745972 0.0014919894818385577573 -0.9909181477202609889 0.13445816630530313396 0.02482249269338066 -0.13438018719162656001 -0.9906189020743171314
-7.1070262034934810202 4.0079934008895543585 -2.2076288440047853179 -0.7295893876941491607 0.0027997151602219307043 -0.68387973135561253013 0.68312382927439863067 -0.04419798772739945425 -0.72896390291856627552 -0.032266999263708788515 -0.99901886842829767943 0.030333830662172465292
5.617352786371411888 6.4119748539501655316 6.4853049183746556139 -0.99186363122014242766 -0.0067077162568946937377 0.12712805986695790983 0.074269716086647619147 0.78056721079110036321 0.62064389041566625504 -0.10339509821713768756 0.62503586775518493734 -0.77371804792463383382
-2.5929074583545763666 6.2411429940634546298 7.2702939687507930344 0.94844332192039704221 -0.002001471348797607009 0.31694046636092587654 0.10103151130664533852 -0.94590574286817130645 -0.30830984306708059117 0.30041288059560811163 0.32443538604996341457 -0.89693577331434748423
2.5222621240621498906 5.4264491397883851675 3.7097111047907089798 0.99864172335803280678 0.00035624195523655671769 -0.052101645465189236339 -0.034310198055843912912 0.75705166292109127291 -0.65245351556844288776 0.039211206024257788672 0.6533549209733316987 0.75603560006269032723
2.1315423481717630239 -6.3798417810662684246 -3.750203419201532995 -0.98147821386065448035 -0.0028653401820959512394 -0.19155235718380705934 -0.19045341420476138983 -0.093386118484016733543 0.977244355262389508 -0.020688468642726491609 0.99562584473286430686 0.091110726948559400684
5.070470192885458971 6.5036822116932686555 -4.2875470176648500242 0.95695915444028767372 -0.0022409729866269814322 0.29021398100888534666 -0.28575907152932938926 -0.18197878655947069548 0.94086421670774844639 0.050704336812867664697 -0.98329990302159053783 -0.17478664407206273568
-4.1163117782796172506 0.88278147980980947729 -3.6711893897085836613 0.95566822164698073117 0.015314677324339073458 -0.2940471234211938234 0.21202331156687476144 0.65716361135979628472 0.7233132815431392304 0.20431437904865765165 -0.75359236233056670073 0.62478331119752184009
-7.1580797519808232465 -1.3126016528093957803 -1.9418771775414589431 -0.99522624901543410569 -0.00022927455971644486454 0.097594368197268951959 -0.064258871779998366636 0.75418259468404114099 -0.65351313014596346118 -0.073454139898425432897 -0.65666472519000984587 -0.75059704770467072787
-2.7569369169136881403 -6.137607601851856387 -5.3194651911249941634 -0.96633966750341848684 -0.012942646231346575936 -0.25694383611579862947 0.24426175981027503648 0.26739805539253758138 -0.93211290768166998877 0.080770289734237846191 -0.96349923086674149619 -0.25523595439398116813
-4.3943255623941954724 4.5545553416772150968 -3.1545485714651633202 -0.84781523783112766601 0.00082213339211486809264 0.53029109609548030768 0.50348418435849162655 0.31517330255389702787 0.80446843658292011003 -0.16647221570669915036 0.94903377887935347346 -0.26762265962309489398
-6.8848811514887486851 -6.3845387956031265375 -4.5566753055484490176 -0.99862922296218059603 -0.0092398749999577575731 0.05151989670036912633 -0.03430922737655490995 -0.6277964158861506494 -0.77762107553570647411 0.039529128030598832677 -0.77832273827157483215 0.62661883400246320974
-6.1722379263552458184 -6.3339955252587012424 6.574012511112242052 0.98398393972828446241 -0.00033600905359907869488 -0.17825681881694244169 0.08654339920355315352 -0.87333599452543952957 0.47936883578375821813 -0.15583916841127853914 -0.48711818664904321663 -0.85931951323390620701
0.097739105288730004917 0.22434849250172031465 2.2614373096374746908 0.76862744252850911941 -0.0013528921952038867622 -0.63969525891229683801 -0.62218915256599860442 0.2307714945657500516 -0.74808099543110595508 0.14863550390591653838 0.97300703336545946165 0.17653554882810318372
3.3783580027833992609 0.25910086935278886511 6.1761743632641659119 -0.99989552800462822013 0.0040898091458241043333 -0.013863857235455235434 0.0018234848913035732638 -0.9157833588113232226 -0.40166841377821888015 -0.014339036897411651383 -0.40165173121172120796 0.91568022739126486709
-6.4519588951536439581 6.4464432423991349097 2.8159190431371512453 -0.97984534298692416154 0.0033998080820843274395 -0.19972867879147601644 -0.19651725764653507622 0.16295500115296801535 0.96686433125142157152 0.035833940250424488327 0.98662764450637530089 -0.15900257803534950662
-5.0919236094488162792 4.1373755789542450145 0.52239918079768410397 0.93497143606228805268 -0.0069916312365350067465 0.3546541002728385017 -0.15329326598382383984 0.89366311867763081889 0.42174329267859167469 -0.31988996288050680628 -0.44868401733072538207 0.83447771943909876402
-4.1056136116447357054 -2.7119884883102551854 -1.5120619308050053942 0.99445417492145005145 0.0021896148527283778099 0.10514798889286573746 0.10426253658356259002 0.11058467980313835266 -0.98838269514300747254 -0.013791934113117984215 0.99386429364367345762 0.10974310171392187563
