1125 14.717824617146108679 14.977075390850430381 15.033177056927090831
5.6175013245010969598 5.8403077603613953173 2.3998763472268698216 0.99116690782718763764 -0.006463203202897654237 -0.13246277904609071729 0.097808544958813428694 -0.63891153459485860999 0.763037049883427132 -0.089563660941763365009 -0.76925306497024037444 -0.63263581361838183703
-0.86471370653198897926 2.7342744605449769146 -2.8392242834876015856 -0.98655390802841258502 0.0014795858430106888746 0.16342948748488791977 -0.15992932379305702106 -0.21477420384499079642 -0.96348048903639771368 0.033674885967761414296 -0.97666260918937242153 0.21212295931030478169
1.7755096037261191011 -6.2524768118667886085 6.7796427140819979229 0.9698346563811663934 0.014203641328860011628 0.24334953432231595793 -0.20142401478872948295 -0.51556582325678579348 0.83283866874436629502 0.13729204473774772599 -0.85673224432288430652 -0.49715264857909269303
0.61736270377334800941 1.6163172545381565559 4.7649201086053318832 -0.98884351825251237678 -0.0085379327535815112415 0.14871314707956406753 -0.055953299368865699881 -0.90395545094125928642 -0.42395019873008843447 0.13804971821681755184 -0.42754139731483836728 0.89339276294491021257
-4.9014217837922204879 -0.52992543785857826322 0.10446239004039745146 0.57945824369371312645 0.00015715174992205968585 0.81500191356755291583 -0.80959974148206370614 -0.11483653088766203332 0.57563949635680677908 0.093682455175028087058 -0.993384390091282099 -0.066415744483931019038
1.4942707905504497568 7.4304343219968282952 -5.3231343084298439194 0.8204196299744247467 0.006272357802216782692 0.57172745979204875333 -0.53846516254704601678 0.34472830686021593838 0.76890679745497048092 -0.1922677806493866548 -0.93868154982235874062 0.28619931611949467332
6.7822174465427673695 -2.9092267841053081057 -2.3341611252546266009 0.97204744449908953019 -0.0072690957607373131444 -0.23467195377720651006 0.11734069604764250927 -0.85069588874377777277 0.51239405336671861591 -0.2033591077228935895 -0.52560790055070683024 -0.82606380394311362814
-3.8385671736857696068 -2.49772402031987939 -4.9559289429421724549 -0.91470033209020473741 -0.015834963095719252479 0.40382243179144955425 -0.36848454991294304905 -0.37766078138351388827 -0.84946540287424543436 0.16595914843612269429 -0.92580861313150186742 0.33961150289965036375
-7.0681113205578585124 4.6862348035376593103 -0.044366368834313621439 0.99784929845619607658 -0.0035627804858958285472 0.065452915639617414989 -0.012995831921844808177 -0.98945349947148641956 0.14426670002595046172 0.064248625846624746183 -0.1448070405019312723 -0.9873717815989354607
-3.3327513587727910505 6.4788176580152727624 -2.8712362515015392717 -0.99195049511160582334 -0.003214653956289547157 -0.12658547012877810478 0.11521767163945031975 0.39177300817310095615 -0.91281914868665259277 0.052527168111014467533 -0.92005628961874774685 -0.38824904448473762653
-2.898249482808601396 4.8095864809451915889 -4.8700751049418853356 -0.64524549674108466757 -0.0027113664491491586139 0.76397048203929951438 -0.50298904146647505087 -0.75116985365084476545 -0.42748786547796197022 0.57503067144287101087 -0.66010340058073335712 0.48332517774451883019
4.9012223803797816402 4.3842979409384374989 0.0024386103500617130335 0.97726544472061405155 -0.00078929430428691105259 -0.21201798878747027399 0.13644585693840755036 -0.76305453889386187782 0.63176759872418142283 -0.16227993923875697058 -0.64633361949370993216 -0.74559913736044658439
3.6401135787733007732 3.7400151009264117619 0.76689065675861500804 -0.9637177900075298842 -0.01161298630892705977 -0.26667050787818918911 0.081324342192901563631 -0.96432954860716535439 -0.25190250703430450141 -0.2542329101236127098 -0.26444973101187402298 0.93028595989509088593
-5.5420384605785324439 5.7704003897856317451 6.0333265414578383101 0.90266626392758853026 0.01054844591024901336 -0.43021197828046875422 0.31452977093941786313 0.66612456218756821436 0.67627589846404623231 0.29370842541521618996 -0.74576591363476196772 0.59797036958425708875
0.35645323491787117565 -2.4548017870654965655 -4.2415279978137530037 0.99997618762881668175 -0.0069009580153121512919 -3.0883058487424751293e-05 -0.0011237972945798693422 -0.15842402025772911456 -0.987370531707804866 0.0068089099665308754419 0.98734705478054107797 -0.15842800308409710208
-2.8609068673243518433 5.9921835949908439645 5.7268833304711606047 0.93433848334055302765 0.00011174329529979598608 0.35638684889082272722 0.19158948601287714708 0.84304979105222177527 -0.50255399576170689535 -0.30050801553072853389 0.53783551139741658798 0.78767245431174992554
-1.01120105768187174 -2.4108490327245606366 -6.2471017425173043236 -0.9957226068448313816 -0.00094469137092870864546 -0.092388298914819116936 -0.02180262720906505497 -0.96930544285988695652 0.24489100409973871275 -0.089783827413099495662 0.24585781663474315373 0.96513874563958701458
-6.2508908184374947226 -3.7490498301952119853 7.3699107044193947758 -0.99873563362502060237 0.0057663294322459228078 0.049938798268389643364 0.0248964819194609846 0.91975286914204035238 0.39170757574141523705 -0.043672638066033692139 0.39245561424192759725 -0.91873352585746870247
6.0932220078070775671 -5.6741959747177794782 -6.0473091218801373614 -0.97680552392621977642 0.0076267763617977150925 0.21399252489143605338 0.092672401505039497804 0.91598069736363618709 0.39037313951725471917 -0.19303573354791719874 0.40114984025871952555 -0.89544179667583967408
-3.0711209607486900097 4.0767463179671370455 -3.6313015256861578273 0.93870531200283480189 0.0027090165052402019608 -0.34471002081038809584 -0.19664216287228383773 0.82552257496349379373 -0.52900315500609662589 0.2831328257169108964 0.56436259572648483918 0.77545513316161562845
-3.4967900617817404552 -3.4666782177308639312 -5.289315670200362085 0.57635730845444554937 0.0073221458415703979603 0.81716500119097357224 0.47990990931012150744 -0.8123965382016127279 -0.33120740279164184727 0.66143686920001021345 0.58305938882613006502 -0.47174465250238112324
-5.2263225280220266811 6.6196798888556998008 7.4046550194895841557 -0.90116100470302029635 -0.017102161989533647135 0.43314704161244149683 0.27474010646113589118 -0.79543275067499263908 0.54018942330942698593 0.33530093573410330032 0.60580050776543548086 0.72151162657777723197
4.0100017911847976038 -3.1303105091669984894 -1.9138965680056421181 0.99667080946101249683 0.0043348430342160246612 -0.08141564164381230595 0.040992334731719905216 0.83654738001136974557 0.54635895662961930785 0.070476422026379118013 -0.54787744079493916338 0.83358465905169920607
6.1381230119058614036 6.2070314951277278936 -3.3409079506446444086 -0.99793833424804145871 -0.0068417328604078106458 0.06381435363467737043 -0.063770667652217227772 0.21783152655733550862 -0.97390077933271035349 -0.0072376091037797459643 -0.97596240538721346081 -0.21781873263176668165
-5.5972993827862609351 -3.0707604608958432024 -1.1815987620928525281 -0.74179741459077785937 0.0010230533379032725333 0.67062325419585455677 0.66462154766519043747 -0.13237397987761190254 0.73536067873558075281 0.089525382353253218914 0.99119931538179684161 0.097514732739490725399
0.45759553619838233551 6.5734202638866721102 3.4508936577377871124 -0.87063275988951438489 -0.0013652093211668644111 0.49193163509837301017 0.3872218127300455226 -0.61867060992642797235 0.68359779414458110569 0.30341039064793068336 0.78564929365253921567 0.53916353941090866542
-1.2395233236161582457 -7.3468353585418144647 5.4188366916588899258 0.99630089593876192122 0.001630768476777897432 0.085917782478260637524 -0.085340968371766995348 -0.098408735823872300896 0.99148002492789211182 0.01007193472849074109 -0.99514474389796436782 -0.097905540308544244943
-2.9314576569824035701 -5.8900613337018912219 -2.632857414488760206 -0.9755243353520307581 -0.0053818953883903643959 0.21982562711816200363 -0.089464418204729959094 0.92293236212358231718 -0.37442218526717319094 -0.20086908425929572708 -0.38492452526049902861 -0.90082446727536680253
4.7498501895679003937 3.4517071485010952792 5.0009042929467959482 0.68222774953088893835 0.0035992431495590988463 -0.73113086600068788456 0.71332163979176388402 0.21614420965159775179 0.66667377242456660191 0.16042922419196278816 -0.97635481567042869955 0.14489215969926258487
-0.67688403878154612681 6.5655319653254178291 -3.3332901986709999598 -0.99612024709392876787 -0.013344026030963100291 0.08698500042391446585 0.02215630741008182969 0.91856869904248872327 0.39463989050932091196 -0.085167783647475542308 0.39503605165680472089 -0.91470922512022401207
-5.5154801391679537659 5.5418315727407359006 0.81644850775463417847 0.99813447167171198693 -0.0017568928460459515284 -0.061028598116397686502 -0.017912918273805041036 -0.96402235926927848375 -0.26521692666159013552 -0.058366975417919998714 0.26581535726220378857 -0.962255419326908501
1.0704790921625169098 -7.1531019274009581821 -0.091367849097220246724 0.99868903131796116224 -0.00019712230032921184515 0.051187692546039977037 -0.02490427901831581553 -0.87553127621716708706 0.48251918226344231444 0.044721310490322789544 -0.48316140730441764495 -0.87438839132259127407
5.1827890459478895835 -6.4016094861352970113 -5.1485798234790731698 0.95058542828105951905 -0.0041750873839447207037 -0.31043503698058227958 -0.31046301801178932678 -0.013558965642642754196 -0.95048875264134935481 -0.00024080440104826041775 0.99989935648351890851 -0.014185165392136954432
-6.2355745627830412303 -2.3611460856906871797 0.53978151633058057968 0.78533645769819382387 -0.0029157790091285384904 0.61906231224564378657 -0.23656550584414864913 -0.92551138603001137373 0.29574555917804634664 0.5720868899519303552 -0.37870855887029647446 -0.72752760620034362393
7.1847280021442037068 0.92959367881257992661 -5.8530027388742400518 0.58077271953410558591 -9.5600007839089342146e-05 -0.81406574618125249199 -0.049774873346064486823 0.99812480547434412337 -0.035627723476770102595 0.81254262056118375934 0.061211629265957342994 0.57967889923149773512
-0.73836118211591439398 7.0141598981990940231 -5.0509876049239279538 -0.41221150844212983699 0.0029154258900303819946 -0.91108351571059442708 0.7025635658154539831 -0.6356624438267145516 -0.31990263127533219434 -0.58007422654037166243 -0.7719616297459679366 0.25997910282068242838
-1.9028256102577503217 -3.9824038670606092261 0.34994807824296214616 0.88708429743290317937 0.0029033906063572457144 -0.46159833142137063344 -0.45674464554081301015 -0.1392454418837296426 -0.87863248044006170279 -0.066826476921681809973 0.99025364288021022752 -0.12219633687077939566
5.469394033137484179 -6.8962423301219146765 -6.2762844026322497371 -0.90169270417714542099 0.0027860225961112592905 0.43236848325444443564 -0.21577835549349927424 -0.86945420295521780307 -0.44439744628438992979 0.3746864936639493493 -0.49400569535341232186 0.78458167479503815311
-2.4448223741235088902 6.7099595094407611384 -4.0364555879808881045 -0.98218461770909493147 -0.00028388314170396059671 0.18791832307143985226 -0.18279590026639852551 0.23334100589807099668 -0.9550589687618205037 -0.043577925391600991212 -0.97239492716527020644 -0.22923583934819971586
3.4820493812414379242 -0.075620634438025899349 0.073862512268908706026 -0.99702511570711704891 0.015365033484304364136 0.07553035413275326071 0.062001427255584821985 0.7420349671781339973 0.6674877755458598072 -0.045790191828285302378 0.6701850664040185368 -0.74078015301536093151
0.28724178164701125171 -1.1151734055797770662 7.1712809595788371553 0.746022804009877194 -0.0083051480873978979907 0.66586860596709329663 0.57837544781798533311 0.5036695587075252778 -0.64171552653224683826 -0.33004820444679766611 0.86385646964439977147 0.38055247022567212367
5.0636885149370884918 -7.3692230908066669315 -1.3404501054459312392 0.74649252672186228175 -0.01106682934780517033 0.66530176073461155806 0.10529477267782622052 0.98922812089672462754 -0.10168940787433029815 -0.65700983127742862422 0.14596318068365676801 0.73961667875298486852
1.3431217103472929963 -1.2800783079522837227 -2.0515649754827141038 -0.98838193250153560943 -0.001995127826684576014 0.15197754758363149485 -0.12821109102336694652 -0.52606645266235185776 -0.8407235000413372239 0.081627640191171260686 -0.85044112485712208827 0.51969877959129595624
-0.37113819843410245092 3.5215445843419339589 2.5062859988053269866 -0.95517842305380584733 -0.0045429687197181519223 -0.29599584721360222561 0.24801806743889190376 -0.5581756170378684434 -0.79178723074338974719 -0.16162060003714465162 -0.82971039645141220209 0.53428404399157647386
2.1895236678882916692 -4.3306959035822796267 2.7174707650684521987 0.99990923797360375946 -0.0023877555890865461222 -0.013259503696472177414 0.0097936343004147077135 0.80467013148052313198 0.59364135993902500399 0.0092520561076634803832 -0.5937173385765225353 0.80462048279384168481
-2.481521772731916986 -1.4123600297595653164 -2.0257355790796784945 0.94697638177571130669 -0.0063352326044713892783 -0.32124071533190995398 -0.28688313310737806328 -0.46689136565405359169 -0.83648701162432614886 -0.1446851764956723907 0.8842919865664183865 -0.44395256750796752154
3.9831203162062460699 -2.2544598862036320241 0.99450733122968126843 -0.99493781894618205097 -0.00073586438992725902025 0.10048977527173830193 -0.097884513823178406766 -0.21923796648223325967 -0.97074885320886117324 0.022745513495492433731 -0.97567113955282724902 0.21805611447397449387
-1.6392650570392237608 5.2978630961533834665 -0.017103010952485765694 -0.97673313675753747898 0.0020178378199171946583 -0.2144488467917384511 0.10093745150927890819 0.88659981335425774862 -0.45138941263934911907 0.18921947691128998548 -0.46253291698065940318 -0.86617509215328614136
-3.8642388192309353734 -2.8706762635326494859 2.5694997765363880582 0.68277721187542406156 -0.014696506795062616244 0.730478809844357313 -0.67580071388854490166 0.36728313947724061661 0.63905906656859490234 -0.27768448651553151452 -0.9299930688686675051 0.24084064815737019072
5.4659343067292933682 1.578279505458939358 2.2429762425695378703 0.99306389477992951242 -0.0019277947202676871084 -0.11756013138836927945 0.074730366140914078477 -0.76157206965203372295 0.64375721751478509614 -0.090771544335047943397 -0.64807736138008331661 -0.75614566083896783688
-6.0384179924423611041 -2.6754770734410029398 -5.9548233900690696885 -0.88424233519130002179 -0.0043221539412588404205 0.46700836356593800058 0.41905182359955778226 -0.44880037300669828326 0.78928688974730298877 0.2061821083243844388 0.89362158891467613486 0.39865949635312947219
-3.6004971681840789444 -5.2039969316604679506 -6.9772312082293170832 -0.99937256554394493513 -0.0059924708561226707609 -0.034907957994814747815 -0.029659716856120496575 -0.39711002548613338892 0.91729162694016419533 -0.019359143430005477937 0.91775144671720221279 0.39668312998440879991
-1.9327060642293434345 -2.9869597460761947438 -4.7665392004331801346 -0.457889959109272493 -0.012998153861903182643 -0.88891385034947423271 -0.28169045612210147356 -0.9462499692698161935 0.15893861263613778823 -0.84320061211832419978 0.32317494279899694476 0.42961690384598011372
-3.668680399683155624 -1.948132845022145343 6.7660119090381982687 -0.7839430998353271729 -0.0057479651906388430985 0.62080607045726821092 0.25620680204752721565 0.90784058475329054705 0.3319390716073973846 -0.56550092025138687379 0.41927608275599143051 -0.71022269438795349039
-2.8854208816528394976 -1.3927147041960172835 -0.45544411998854250623 -0.86430900602642068975 -0.0055352151490833719633 -0.50293071440798353677 0.38932857663421582828 0.62569529133761914164 -0.67596498564201090709 0.31842299150290631626 -0.78004792403494072062 -0.53863905789599542118
-2.262400580286737295 -3.090744419600145676 2.0291122158664407493 -0.95253444851286805939 -0.0077323920065157482687 -0.30433260507218773405 -0.17732863069719900784 0.82666669549861382382 0.53401941096590122005 0.24745238154284257548 0.56263876925360800652 -0.78879967938733774879
-4.4628043304868025842 -6.9736066868296777699 1.5646646606874163865 0.9085461841392145077 -0.020131749959052959442 -0.4172991060733386437 0.38469760228295263316 0.42988525392168619454 0.81682704611093015501 0.16294657432352932513 -0.90265906138710760853 0.39831524300730625221
-4.9352273998812909994 -4.0615411882311240888 -4.6828391010846655007 -0.82537440548079310521 0.0043947602193434714968 0.56456866443320075089 0.011239070820214188545 -0.99964365485503114961 0.02421252971584761729 0.5644738913929761015 0.026329629521852720986 0.82503089429718823311
-2.9343179016183111862 2.4136276778957377331 -5.5340629580995077674 0.99947279630535501571 0.0085383877405705629199 -0.031324517240472547763 0.030812525308546945269 0.054640788737599504943 0.99803054687231940179 0.010233168114988522995 -0.99846956896099625656 0.054348892623508823774
5.6826757809911647712 0.12117000500704344645 -2.5307195878038015735 0.80240357974639975325 -0.0083957136047027799974 -0.59672272221116717805 -0.59097724138866292165 -0.15029866475352185451 -0.79256306470450643697 -0.083032495871511763363 0.988604988540049745 -0.12556186229496477114
0.33188155234375382729 -2.5519059591824579947 6.9526026386105925781 0.99559680681139295366 0.0098729841707723645788 0.093217608049186134744 -0.034315010442312846028 -0.88702518737430802176 0.46044413018500801593 0.087232323855244597866 -0.46161546892092392147 -0.88278065255627613528
6.8821718336014416906 3.0329529237031680466 4.2774132954687846819 -0.98327847327693174151 -0.0064920451458714200851 0.18199257495820136965 0.1274045397224989884 0.68954862653145809759 0.71294514158290378525 -0.13012120214703579157 0.7242102905913376798 -0.67719120472242899655
-2.3834135976406702895 -2.2251979167450555153 3.6183102904937372024 0.40999183910985231849 0.0089995877343604525206 0.91204479017426631771 0.42329046761706307089 -0.88762292945348142403 -0.18152331842794477978 0.80791823341718471685 0.4604829448841499806 -0.36772759698310120147
-6.9117748699976866433 3.499653895340399945 -4.484441355086366876 -0.99943201548787352628 -0.0028778286449161706237 -0.033576249346556084896 0.033622303426442803898 -0.15249032528259609531 -0.98773287958206901216 -0.0022775272102219792578 -0.98830077344774236447 0.1525004723674162066
-1.1866287366376504497 4.77385332247706895 -5.0861591225464746202 -0.76665899084586353052 -0.0063836779428960779836 0.64202277250199535352 -0.62636656518471223176 0.22713191961730541668 -0.74570504699224160472 -0.14106352389591655938 -0.97384307757814880802 -0.17813125070902310898
-3.1356049534582211002 -1.503303540983908837 -5.8398061387538842126 0.99649301897491859847 -0.00087727219357604593886 0.083671342333276416126 -0.083110698923695131013 0.10565402737195772609 0.99092372977174414395 -0.0097095241272089193724 -0.99440256279524230631 0.10521058999754910601
5.9474016415116395251 -2.7822131095849105265 5.6359784611070713467 0.99918435848868625282 0.0032315440299535438083 -0.040251395936414538501 0.035818464284893644645 0.38933319630955531832 0.92040029327872152631 0.018645518708741731784 -0.92109131978023861542 0.38889989104847050294
-5.5556555098979041318 4.2527094076330502759 -1.5331545400678243674 0.98876064269279428931 0.0041300183089149657134 -0.14945010676003755989 0.14063100814299253627 -0.36499465163376382248 0.92032702004640765114 -0.050747522210512950591 -0.93100045500929073938 -0.36147315496724080619
-0.47907004732188912532 -7.0510501350544441124 -3.297972821322850745 0.30772388408424788953 -0.0042269736296171103729 0.95146631251874458357 0.74679874976185611768 0.62070868297440950911 -0.23877260779730427598 -0.58957411622125344142 0.78402988691376951369 0.19416358543155909366
-7.1443943796423825532 -6.6262086593278306523 -6.2920721979375695554 0.93784246479968524923 -0.010438663094243946783 -0.34690423106554973964 -0.32725507468991399396 0.30623738764818775326 -0.89393667476851701448 0.11556654926109224957 0.95189794448732290011 0.28378632097520162247
-1.4239275596248472944 -1.2727413573683787895 -4.2481983765637689743 0.96645716460298725092 0.0032593458701231843057 -0.25680717601339719813 -0.24967255616119721218 0.24630675684480268783 -0.93648096415923609559 0.06020102729534621 0.96918644140178344948 0.23885869905760145904
5.5829780068440024721 -6.3688763925879703365 6.8945960686561891251 0.73913350882953277043 0.011389556319960445624 -0.67346264494190333227 -0.049020782581659302912 -0.99629589579075816808 -0.070650201030301923444 -0.67177274356764882235 0.085233596881630929731 -0.73583735632427038631
2.4491196194049162926 -2.2967777960085196121 -1.4863005602579759667 0.9626649114831380416 -0.0019985480886033453116 0.27068851842023561316 0.099126411115876722491 0.93311698345730353932 -0.34563947951989854035 -0.25189327664370275706 0.35956738031839785563 0.8984770871828808847
-1.1577930684207604628 -5.3617174851265438917 4.4455854638338232476 0.86383906342345828655 -0.00064605049258587097377 -0.50376746135735994692 -0.39783507384672117668 0.61259334689858246925 -0.68297631390330881818 0.30904583239548338858 0.7903979845333106713 0.52892504149886443443
-1.7739545861551193617 -7.1774309041429651401 -5.7619302581568039301 0.46095325936823283719 -0.010226157645685185482 0.88736549311862145117 -0.8748235982727627924 0.16267215864336961872 0.45631287589494073931 -0.14901598767594526063 -0.98662718110856406639 0.06603817770707552659
5.3422203988627696702 0.24335267110962405246 -3.6975962515713214351 -0.90130663825333001693 0.0055505411024334072242 0.4331460900595490715 -0.049324241431759223431 0.9920996592536709402 -0.11534897188783786726 -0.43036433756475173107 -0.12532939639954554512 -0.89391223246493922705
4.4827818964481993547 -1.772801102509869775 -6.0555518357385320627 -0.8450646295186549084 0.0061990071717995410411 0.53462822993794290038 -0.38532643938778904369 -0.70027339991869219649 -0.60094983191212247853 0.37066063595319570512 -0.71384783930220674364 0.59416492262527675905
-5.2535164130509555136 -7.0897804135263093883 7.3746506919398644442 0.33784538840075295507 -0.0060957297047990275513 -0.94118188232443633634 -0.91876074702824328533 -0.21919609886442520397 -0.32837746567419101584 -0.20430169665556113801 0.97566178172665607438 -0.079654908334127902392
-6.6688553196630193654 -0.77737397069374980507 -6.7568933127929700078 0.98692699031158659384 0.0048874569871635974855 -0.16109385015820434917 0.14888781464248657116 0.35503834148970842 0.92291938690400554535 0.061705222190522539261 -0.93483896411969180651 0.34966923902161617388
-1.8273837002053583412 1.5427350957309082791 0.51897664410871324758 0.58055231272748131222 -0.00016836154309108133931 -0.81422293251977784223 0.39530055176928052818 -0.87418156670084146143 0.28203556905354632001 -0.71182616273754284464 -0.4855991763737277922 -0.50744157688103619375
1.1078259563383370256 -1.5548735638660329261 3.5059854363397988664 -0.95848379731373345436 0.0073807989617147625599 -0.28505145867653225444 -0.28439539445038664045 0.047790048312798857899 0.95751520661433597859 0.020689850224596951361 0.9988301332503580765 -0.043706921748618447754
1.031620631578755054 -0.21132801983383767142 -2.6960049367685900989 0.96273421140974235755 -0.0059791396624560028822 0.27038322446140478084 0.25506833690816038684 -0.31227469523867878998 -0.91510909634887993569 0.089905404109827988246 0.94997303361853024928 -0.29911244325393043786
-0.045296239067668546407 -6.0685523684577367121 -5.6505691231265764429 -0.98140758578608777718 -0.0017529250990706503506 0.19192727220309874214 -0.19075164095475150017 -0.10197339692409695955 -0.9763274234563485976 0.021282904754388765056 -0.99478558170764364021 0.099743091950555778924
-0.11819258139032151611 0.81100647291668015448 3.7695148950788244235 0.97092749516223941786 0.010038872482890513066 -0.2391631664308277172 -0.17968432299854789069 0.69069165765188722528 -0.70047025498491188866 0.15815607230352562995 0.72307970175450519967 0.67241534909919642438
4.9901098655952278449 3.4259368665475498084 0.035928902281205911395 -0.29224933786473045183 -0.0016602290530720554759 -0.95634071760907579662 0.71299797925198238335 -0.66683035800219137013 -0.21672829817347363801 -0.63735720447816623935 -0.74520770076944187199 0.19606447055419551351
-0.98622188340961969288 -1.2280276571995409896 -1.085033252289215211 0.99987831223973344663 -0.013513738151881520347 -0.0077935610407058354687 0.0037327051008116760716 -0.27782373916394903501 0.96062481587225845292 -0.01514686849366330551 -0.96053701065514351942 -0.27773948861608532823
-4.7623068407325233053 -5.5596806478110298855 -3.0156864946904549107 -0.98919032367338211031 -0.0020880791352452937604 -0.14662245215729827197 -0.045566872645281170096 0.95477392027900620519 0.29382038947703625897 0.13937777322234104482 0.29732541277297314108 -0.94454827047162370768
-3.7294726081643392313 -7.0574009061437754653 -5.836819190753887554 0.90698176167600108588 -0.0050242718557129573825 0.42113993004626515404 0.32053910768892318606 -0.6403909444847868393 -0.6979642674692639881 0.27320095978794467495 0.76803267828541932349 -0.57921243137277500512
-3.6254539785773904903 -4.0024098996839683196 6.57717613069710616 -0.94401179020020864474 0.018160238759277354953 0.32941151420554470874 -0.070694512430174633044 0.96415566979444944362 -0.25574622248500494814 -0.32224839157903084619 -0.26471503571061139048 -0.90889049064970206526
1.8893644954561201743 -3.1880304503384442327 -2.4933725029367659332 0.89904543802997560764 0.0044619485821721753538 -0.43783260656608213868 -0.40809984262812604161 -0.35379074923861192348 -0.84159766171248207023 -0.15865629141159154347 0.93531395625646684966 -0.31625303860597459016
-0.33795318272187940822 -3.680231542765076469 -4.144281554369192655 0.80052143687951304862 -0.0017143210505015586513 0.59930166877771950951 -0.17995968644345966547 0.95315924322929324042 0.24310896384512700741 -0.57164669189241201774 -0.30246407745388576016 0.76271589828613639561
-5.9182505511888656713 2.6574514586754847123 -3.6296039965974382646 0.98565729479006203295 0.01752216382274369641 -0.16784716560626714021 -0.013097687521142323958 -0.98365231076633852236 -0.17960117512341280954 -0.16825025351744857249 0.17922361813968948341 -0.96931457581753355246
-0.071960343395287729162 -2.8718315359509674067 0.83630674325190812457 0.72214469023745886389 -0.017363843998572180138 0.69152407281546945939 0.69149675037126767663 0.044740377156704480566 -0.72099274814519220822 -0.018419842227819744479 0.99884773392818659854 0.044316067501909174597
-6.7543555027055051099 5.1477600154643168295 -1.1498356785263381674 -0.954946179721813726 -0.0036887999771306992543 -0.29675610623755654949 0.28671548016713532814 0.24671580604545892412 -0.92570273008120418368 0.076629154158918771911 -0.96908085514155772877 -0.23454268040343106971
0.61095384057025814428 2.5889853445096995266 2.7242482532552889651 -0.95325295236741192095 -0.0074849945289860737169 -0.30208075685117091735 0.057100982067680897125 -0.98614403361351288257 -0.15575436692218228019 -0.29672931545399511277 -0.16572241799262130146 0.94047211203998415385
-1.8521713124980481169 -6.2847682375972384605 -4.6887584859592736919 -0.99543249298015590298 0.0088395754443659022709 -0.095057949827230564521 -0.055542353400018680543 -0.86346816548265525881 0.5013359893095423736 -0.077647916251360304951 0.50432587590179778214 0.86001523939851920453
1.100403453022675615 6.4810703321914591157 -2.9363958267281597969 0.75020653027879691255 0.0039285647723100881185 -0.66119189975824232963 -0.041110376965931116899 0.99832477976400990638 -0.040713278113045973938 0.65992431295775400013 0.057725215355342016088 0.7491112738968763729
2.8858988016589486314 -2.9892717180374512864 4.9854182299113301013 -0.83683922489845263826 0.0043724456302295464788 -0.54743126818864917826 0.29826565665006898875 -0.83487924639639821134 -0.46261673337633996139 -0.45906177115352786444 -0.5504157752607142795 0.69735555107105062778
0.09348788459619788993 -2.1055931532267675443 -1.617893638097577691 0.83443033645798914133 0.0036195905224073034005 0.55110154433013103237 0.28008907285786482921 -0.86399159303950334721 -0.41841204383071561868 0.47463262094401625912 0.50349322311370192651 -0.7219546034303836457
2.2834138064347562214 -4.6783817607281896755 5.5600780973351620062 -0.99966849641300625784 0.017397341630729666606 -0.018979720323217583178 0.01384360411142323069 -0.2583448509331282561 -0.96595356649349628508 -0.021708337213396246279 -0.96589609715563051751 0.2580183667782650625
3.7628547017518489959 1.4568811169626814106 -7.3177581526845107973 0.97289905641081753096 0.0054098125352264768081 0.23116695257588870671 0.21759779720623975696 0.31677224684147436973 -0.92320449645895052981 -0.078221638220446407241 0.94848620314660470054 0.30701025675829279882
5.9759251102261874422 -3.8189077926551484587 -1.7579914573056298899 -0.85251572669473674182 -0.0064315191884036695263 -0.52266200483584401848 -0.43089163326348683958 -0.55738316334305904043 0.70968754364524677669 -0.29588737066935383302 0.83023047690540441312 0.47240662473734673643
3.612086631393928382 -7.3804233170801820663 -2.3217977459676530927 0.79664228136585635287 -0.0033283272896274442715 -0.60444188949614008344 0.20877446753709449911 -0.93692800450129831713 0.280319703349377225 -0.56725152908108944505 -0.34950656162472776289 -0.74570159322377083111
4.3270385005815672486 5.3555689493845601845 5.5907522750050997473 0.56499207410880902813 -0.0012103962684005386413 -0.82509544365187115211 -0.81489488445554703056 -0.15758265062532494927 -0.55777597251054755745 -0.12934559707378859295 0.98750505981625635865 -0.09001929434760938542
-4.6680628395706511569 -3.8354082881689612883 5.7557703160855888669 0.56959084778463386911 6.0939558324013304476e-05 -0.82192838033876858272 0.041091215542369885494 0.99874742068271604722 0.028549985722910425912 0.82090058967285817193 -0.0500358468090679534 0.56887488598898128256
-3.635268360699505763 -3.0980252377718029422 -1.6115133745302963053 0.75442831492346007494 -0.0035457588631864250979 -0.65637287058178195309 -0.52003750859369246573 -0.61337996210205525394 -0.59441232469341021005 -0.40049832371357330096 0.78978000081411015021 -0.46459513882173547605
-6.8879570052133214375 4.4272334684502014923 2.9466768226323218904 -0.88655072067220230814 0.00085741855074585059983 0.4626306134584847185 -0.36187935334814480548 0.62171648397375212092 -0.69463079918447645511 -0.28822066771116677808 -0.78324190285551764656 -0.5508729148501193551
-2.1814134230102091294 -3.1300289946136508057 0.79938977258879928556 0.94997440784405373648 -0.0036241405525894009737 -0.31230672430550032725 0.31162700924437736205 -0.055946224058124570389 0.94855607484377912897 -0.020910082510093918468 -0.99842720596883738349 -0.052018100989333987405
-3.609164070810868985 -4.9159929566535973677 5.9430044067252048023 0.9424102270674938886 -0.0068145160882665516827 -0.33438978197459473529 0.010594666487226421514 0.99989891694155164092 0.0094820325401379374625 0.3342913653694335463 -0.012478712655872293419 0.94238716288467705429
3.4693301678257806309 2.2715814527428710434 -4.3537757571253994371 -0.99909794058293588392 -0.010617483342447556899 0.041116592398912008011 0.042460303865921880662 -0.26468356879581578234 0.96340008875088456453 0.00065400201845979954313 0.96427686763553766003 0.26489563005896543668
4.2836425959628678939 -3.5861983618112573957 2.5116164766453019652 -0.97663653881849032956 0.0067675590188810801073 0.21479122698436936556 0.095684165325701661664 -0.88126572862233432115 0.46283394004932582044 0.19242040315533251449 0.47257265653087743296 0.86002876274519646227
4.7808146182729798213 -3.3754955381577813611 -7.1867431637296563807 0.83600458141138278556 -0.0021067401887282081498 0.54871841731901993544 0.13385485370412286699 0.97056638484874169226 -0.20020931731924221375 -0.53214586158229582047 0.24082452999510398084 0.81167994169715884656
-5.467864034933413997 -4.0044395425458478854 -5.9741715458764828028 -0.98640082361192227278 -0.0045004212642856655097 -0.16429595669427571325 0.054433819942114096413 0.93426447658008249242 -0.35240154234476767092 0.15508183137991116141 -0.35655242813488935427 -0.92131427404922983104
-0.72986337333866613264 5.9780125981474929731 -1.6788366482388124012 0.99263574586631098118 -0.0069906847687818598341 -0.12093554628335083378 0.12113724162408379126 0.059026446995808605489 0.99087922939524564203 0.00021147127600694252958 -0.9982319414253392198 0.059438593509504540624
7.2265127578341248338 -4.4050826283487154456 5.8150548254248519697 0.98054286501704801537 0.0030023996537956324296 0.19628213230113364385 -0.066824977292583895294 0.94527089544291653667 0.31937025008346148214 -0.18458090983144584407 -0.32627276905200847112 0.92707926732346035426
0.99631580341154624136 -0.50478459498409111728 3.1694799200027827801 -0.90347398124663325092 0.006650316585595910171 0.42859134207255861204 0.18809724935371432974 0.9046177016163781115 0.38247384055358085719 -0.38516774267300896151 0.4261720159883456982 -0.81854946264274353052
-3.4839781033199073157 6.7676117451472173059 3.6698000855814996157 -0.99993326820683658962 -0.0076397417176776111561 -0.0086656494088180237995 0.0067956458622296213659 -0.99558941550495461126 0.09357101544665216708 -0.0093422872202285935084 0.093505882600512749137 0.99557489501719531599
1.2193577148590648562 -2.6543057596310575263 -7.067106970372043051 0.99568012674154959818 0.0048871178219535623549 -0.092721094100692083573 0.0041729832711797035932 0.99524941182632964409 0.097268671575026721676 0.092755977825967173001 -0.097235406816367775384 0.99092966664587189829
-1.8058527121251557457 0.63964821722695663908 -2.4889334624556824771 -0.99622644554249228932 -0.0041974858320918233268 0.086690543397003883008 0.049067619927883526776 -0.8511266731548069453 0.52266218049428481152 0.07159076669794556258 0.52494358492803405714 0.84812086094281202708
5.7948079521093216471 1.4620640772897857129 -4.1118264353788127607 0.5550247741166246529 0.0020921482351634219932 -0.83183118661933630467 -0.27971570380263394151 -0.9412954070109312843 -0.18900286184681891477 -0.78339429737720622793 0.33757751651416090244 -0.52185706393718789275
-4.5781700864811583074 6.8828705330527588657 -1.4235101740150892802 -0.63343771791461001008 -0.0087414293511710247642 -0.77374430203791333405 0.58840008116782427372 0.64396106683053977449 -0.48897800450336309508 0.50253557287498484829 -0.76500832140529351211 -0.40276577085917486531
3.638534956436986878 5.7924454886027501033 7.3642970634547610942 -0.80820919510534439123 0.0025518761260956649567 0.58888995990356618471 0.4009549141384892712 0.73479197679164776069 0.54709771309219046298 -0.43131549215766040728 0.67828772565245776249 -0.59488881940579763086
2.5639397083706989555 -4.2480001417161199484 -5.921160254927408495 -0.96967923549632639713 -0.0025159379857568522215 -0.24436826779133236087 -0.20687896935763849804 0.54074471365799925415 0.81535038277321325584 0.1300894779942096402 0.8411829912134956011 -0.524869415196102862
4.3360324297404950755 0.72968790864393551221 4.7582741950985916191 0.99962687541063210972 -0.012744679812583904754 -0.024159534209915095593 -0.012038006375656769981 -0.99950187440822302332 0.029173437526487870641 -0.024519305847982827973 -0.028871719572679997723 -0.99928235621857286475
7.2732059332323091283 2.511518655073902373 -1.1713934574409197165 -0.87569246271054723696 -0.008212427476983381186 -0.48279940636544582677 0.23167702292680833476 0.87010937322117309911 -0.43501199486952230044 0.42366079332367012622 -0.49279025423344952062 -0.76004558911474695559
2.3090249957066499853 6.8432520139063823805 6.2563854498872411014 -0.96334388539219195646 -0.0034246114366855177555 -0.26824770365111028081 0.14805802791175731725 -0.84062927489917826929 -0.52098103857381605764 -0.22371271499063630217 -0.54160012390972822605 0.8103221130714599596
-4.913074891197408256 6.1584936686185356436 -5.5356616126225626218 0.9976981109815146187 0.0049117402449054279115 -0.067633971875915049887 0.067224869284045044027 0.059332464963191992868 0.99597212589061512311 0.0089048466402063871511 -0.99822619350991381726 0.058865697117779947067
2.2635856673047074494 3.9452673229420520684 -6.9952815383366422353 0.84734170145465426138 0.0036807318326728165683 -0.53103530314763414122 0.52361286349526914297 0.16095637141972818362 0.83661377928019731165 0.088552866459503234986 -0.98695465889403444226 0.1344577670841435868
1.5102805988283038996 -5.7934458559319805815 -3.5494148772588376417 -0.79153552147790873228 0.003860106409054893991 0.61111097013335813344 -0.53266610064857444762 0.48581771883998781103 -0.69299925633504555478 -0.29956358833912666295 -0.87405162527135893402 -0.38248583359619225952
4.8826540821470922893 6.9887579298057200816 -2.4715767998078983503 0.90161474852889056386 0.0029888208449072124415 -0.43252966624867200673 -0.054792004396334199889 -0.99113139585163767542 -0.12106358829749258588 -0.42905556923252197166 0.13285188409354928285 -0.89345492074487464773
-4.7114158913836314824 0.21764146993527178076 -1.7337058009348615961 0.96093004399983428243 -0.0063818059444464385332 -0.27671776793533658934 0.26063695268875552991 -0.3156782427389729917 0.91236814168090774047 -0.093176335146630359652 -0.94884483431910016105 -0.30168137323099519786
7.0716731542416733092 -2.3212149920474147713 1.1468564885465295511 0.69988843885179452542 0.0073173509127332277829 0.71421469428820050229 -0.63845964595852633394 0.45468120337212886151 0.62099459239399090738 -0.3201959613175210384 -0.89062419665972536453 0.32289795087650274841
-3.9705426787125701615 -6.2683774146257169591 -6.7545718305156299266 0.99999267218293619308 0.0023845498107927911094 0.0029949127860013271402 -0.0028823187206886151553 -0.045898167001463749393 0.9989419655339424331 0.0025194878821365590538 -0.9989432777630837812 -0.045890957635533718983
-3.9643681429062529453 4.6909071050669464142 -2.7357916256929000198 -0.99966267945789843985 -0.00020394080987521604614 -0.0259708626601038578 0.0008626718615024737101 0.99915664868389619802 -0.041051762301563626822 0.02595733222854171296 -0.041060319031260429645 -0.99881943668748296439
-2.6731707127277966052 -5.1429356299762858384 -3.8808577769827548032 0.99946653465386314785 -0.0037672937811716157921 0.03244154134180959187 0.0091937922958190924222 0.98560915300326268351 -0.16879002251127198098 -0.03133879848188647621 0.16899823967639665545 0.98511800039182584321
-4.2953813398269966584 -5.9982907740833795174 6.6797401343325040202 0.66340457590045620595 -0.0029512433847871302056 -0.7482550760515074284 0.036048030057274693672 -0.99870505066468351352 0.035899321803572310785 -0.74739207127404372333 -0.050788895828204880245 -0.66243911407551692161
4.4047852253665302769 -0.38461314724559753087 1.592504210059638714 0.94134220897564013786 -0.0020797681497845936505 0.33744706276010782986 0.21893951594862140486 0.76470935047953936259 -0.60604050825457689289 -0.25678850043794559932 0.64437200734800159641 0.72030853263668737085
4.6444543853393112087 -0.35571180817694930676 7.3748290342039988232 -0.96076630969699738927 0.0045223798099672026657 -0.27732227864350800228 -0.029566899673220480016 -0.99583960421728301426 0.086193277673541748851 -0.27577870946625876458 0.091011157300894790501 0.95690285434401567422
6.7598977424134814029 6.8838566404215475458 2.8519619949173864448 -0.66302421073830986042 0.0071470989676066199944 0.74856383492067846142 0.17112281194274042706 -0.9720311575713044272 0.16084903463601998852 0.72877697494337989603 0.23474315258783595706 0.64325715938920613457
-2.5324809884953789485 6.3227865005800572007 0.30768245736154092862 0.97038608262469472354 0.015862047792360417509 -0.2410378519821856913 -0.12480729676192654776 -0.8214116940862357108 -0.55651232465541289329 -0.206818735426298278 0.57011509737793686359 -0.79510677674034624385
-6.7816014879729165088 -4.8041839981143823479 -2.7124197647033816416 0.89035976048323006715 -0.0053563919891156455688 -0.45522610423527681833 -0.31598141562485682066 0.7125852279918059029 -0.62640086033443576063 0.32774264582459905482 0.70156510881946332336 0.63276469259530043754
