1125 14.717824617146108679 14.977075390850430381 15.033177056927090831
-4.2804951092385055134 -6.7135978364423847253 1.4764947346228329828 0.99855063830414436676 -0.0059325517570467094924 0.053492313204521739489 0.00083877177860171812929 -0.99207012424194551681 -0.12568279535617513099 0.053813745495209480696 0.1255455033693942124 -0.99062727974725994784
-0.33329722773901482302 6.3501669031564560441 -2.3982157405581081555 -0.9877177671703399886 -0.0049944282935410408419 -0.15616871678421342939 -0.0090734055018200018838 0.99963575602393484054 0.025417092497681547519 0.15598488942397933932 0.026521895943893255415 -0.98740331339681997047
0.5956531387642965969 -7.2187936399041419122 -6.7819463899026057874 0.99455485298530077465 0.0083422241901909121448 -0.10387998699858204399 -0.048834694461159476597 -0.8432700623800748474 -0.53526701235024209957 -0.092064200534932458253 0.53742535220164999732 -0.83827094294793236262
0.56821978885030399731 1.5463912505422188204 5.5820720228631532933 0.23042212581374646452 -0.0042719391922720608909 0.97308139149355155073 -0.4174859717526881453 -0.90371512134640341607 0.094891742736318784868 0.87898299603866647534 -0.42811298740570380428 -0.21001943407560644261
-3.9929588451798188053 0.30898120473077017589 -0.20333985371821655663 0.99188297117090973298 -0.0018585790841803007112 -0.12714054107571434726 -0.12342848579203337389 0.22619640119481862484 -0.96623009525768244199 0.030554547882803262393 0.97407994218666393849 0.22413095688314899068
1.6353186484776334186 6.4231653728111250956 -5.1813109385619391389 0.89369191206906295477 -0.00080296809537224096177 -0.44868042251100470619 -0.31520995983559257914 0.71053379769971181101 -0.62911398295293330385 0.31930776301693764019 0.70366261629328019644 0.63474520471483808493
-1.3285448907470136515 -2.2562869598522907744 0.90704014657040143987 0.84994785325355670658 0.0053599848680609563784 0.52683955556877892779 -0.44509955498510422878 -0.52774227301768739107 0.72344625192356804 0.28191316553468737105 -0.8493876404989736395 -0.44616768514306548443
-3.3256824282880468324 -4.8247480049751922948 -5.896094953577183162 -0.88464306804003944862 -0.0023031437856233316977 0.46626316356488589632 0.45923696075972147979 -0.17731888335288659153 0.87043634315136009239 0.08067252345740787145 0.9841507552885733201 0.15792160974302921206
-5.4769081121606948415 -7.3351343552291012884 0.38614370222298066704 0.28346309343280390314 -0.0019057250562464584862 -0.95898125261839162192 -0.66464919063649341435 0.72047169214645578883 -0.19789389632306200739 0.69129597716737889446 0.69348172941156271953 0.20296049597035931145
5.5339834749043932405 4.2304339167095417196 -0.25883500791378516448 -0.97504785116622139096 0.0086160815997417192214 0.2218275255101072041 -0.13145873691698634067 0.78279575291476777288 -0.60823466664340275489 -0.17888624436854783095 -0.62221907103247331428 -0.76213065757733389205
-5.5564547116122424697 -6.6447862189309425673 -2.8903502359345889516 -0.99172437211257424838 0.00082290494883899734276 0.12838260234703693929 -0.088504679503719679845 0.72001436860845169363 -0.68829225675099448001 -0.093003717473523178638 -0.69395866723089205674 -0.7139829666814833109
7.1319095143940094417 7.3435829662475091695 1.2658664005309672174 0.63690867925103233915 0.0086230691279422667234 -0.77089102794977393263 0.025297228089713588717 -0.99963273031827359905 0.0097187821930455817188 -0.77052409731661630765 -0.02569138289683917456 -0.63689290174962387425
0.32283180630666918898 4.8098028022671606152 1.8985293924970925161 0.97950098683590569593 -0.014111498453266349898 -0.20094447591040787149 0.19496644893563175316 0.31725847936190393339 0.92808143018950706171 0.050654719196864983477 -0.94823410763613547036 0.31350626235961875921
-1.3762598892716049193 4.5014786335766086012 -5.7811126284483966842 0.93966834106713781338 -0.0061651512980463625546 0.34203128468862331601 0.27464115272976097337 0.60969312190406832475 -0.74353650504211288297 -0.20395010670147417642 0.79261358051220842658 0.57460252867888661488
-0.66284349937849540435 -1.1486449979264881094 6.1773134413356975969 0.81630865397394636318 0.0062994550517705919651 -0.57758159450698520754 0.35540322521173589587 0.78277365191951886469 0.51083652705109106051 0.45533364575464035928 -0.62227463930856141694 0.63674605952226714933
1.8261443501482623741 5.033444903226695466 7.1505037818155035012 0.52970863908984011648 0.012926998733635642128 0.84808115789546167917 0.70325311120543998467 0.55229382724959630302 -0.44766794609597138077 -0.47417699148463093861 0.83354929133527677632 0.28346385953210390118
-1.4697221254893746423 -0.61895652196924377808 -7.0189822195837239249 -0.49242130255948307616 0.016381847423717094125 -0.87020279007861645049 -0.74709646960237385827 0.5049688181012965682 0.43226537896648387083 0.44650657989923531188 0.86298211326796003817 -0.23641858278553437578
-2.8706824063152480697 -3.8623918227794535873 -7.2710694895065302035 -0.43994040304198261948 -0.010374263578807590286 -0.89796704640339064518 0.825507951852855415 0.38898479636155791628 -0.40893452975684557726 0.35353792328272992673 -0.92118575914685230099 -0.16256609100956392888
1.0983458732992625873 -5.0393873216308255891 -3.5456835740890548792 -0.97873608626394958954 -0.0025970812529793104589 -0.20510711497548178572 -0.16089173263813941195 -0.61053015719217096358 0.77547841847961851425 -0.12723805960992451425 0.79198875138979030197 0.59713004769383737358
-3.6544081072034932944 7.3239294114643618272 -1.3976129820643741208 0.97761960287177818163 -0.0055850392626379547628 -0.2103062514932464433 0.20505729479480724886 -0.19815177537973333033 0.95848180982486375079 -0.047025715647321594814 -0.98015543729069465329 -0.19257180691267572481
2.5904160102875257721 -4.761891256461452393 6.0744316015928703223 -0.96985169263421988628 0.0099302145940936559221 -0.24349350121240143086 0.17270225698404073622 -0.67693778629277656655 -0.71549225287326778666 -0.17193494329882622051 -0.73597324973612110455 0.65481428737135194407
6.6627838738802500629 6.9029506704264598227 -4.7071374259330420742 -0.92271531841503617866 0.0053742956377178553729 -0.38544462391933120848 0.27054139465889737171 -0.70325059600492967338 -0.65745414516510447545 -0.2745975144425372716 -0.71092173701832661603 0.64744612818118074671
-1.5173231881847295544 -3.3098558303555085658 -3.9537993195251823764 0.97383441579489826712 -0.0021409873726829773723 -0.2272486452909495136 0.19354445813860213232 0.53190420277123318105 0.82438975114821000378 0.11910950145691094615 -0.84680182761221745036 0.51840099480547385813
-4.7549921039100668807 5.6380773413290121709 -5.2997424460734086082 -0.90178515202870546119 0.0078875191565646492198 -0.43211263187067200375 -0.17079582437042226117 0.91194160152826564403 0.37308350510265320121 0.39700418884222576921 0.41024419854963378729 -0.82102824043887390193
3.2161805617654857237 -3.8460417654458098902 1.0189757854469569942 -0.95933951202483080944 -0.0026372836859772557164 -0.28224235224835125813 0.28210076667150790763 0.024058741460959653935 -0.95908306960484979165 0.0093197699149958901366 -0.99970706794248165306 -0.022336521543276904173
1.5541958192164178065 2.5055029610561692088 4.7965271180918760408 -0.87690130575935343327 -0.0011671766627995810821 -0.48066905210970345408 -0.46398064070776584567 -0.25916853467614642259 0.84708537685539464501 -0.12556299218271654849 0.96583140782043508388 0.22672367909345475523
-1.6192017168846442043 -4.5896126077077594729 0.15859896131096795635 0.94380937976292489378 0.0053439136360564059441 -0.33044711718933245104 0.098087025661822466183 -0.95934653985013573774 0.2646377748442184652 -0.31559909706539368557 -0.28218018900112451508 -0.9059644313475073707
2.9203170791652310889 -5.6105743689324185652 -6.9212398089280053881 -0.63083051342216411861 -0.0019237653041687832831 -0.77591827047857375721 0.55164995389592330621 -0.70434042967253462919 -0.44675148292454680554 -0.54565116301729532644 -0.70985974548199171075 0.44538067991573698778
6.9262942741432578231 3.8875236794668439622 7.4392674852838380772 0.86933436333226565829 -0.00065770335760922775392 0.49422396962928138997 -0.39887128686853107196 0.58952821188065829272 0.70239460697571387549 -0.29182094037545402987 -0.80774751923056486991 0.51223479375701119753
-5.6287115264816103277 7.3460195201050400016 -1.467723230482772756 -0.82324636195157707697 0.016239619725891663027 0.56745193830366524868 -0.015307246368368006284 0.9985922640914766113 -0.050785611201709685014 -0.56747785484732748973 -0.050495196283091403622 -0.82183886462630295622
-0.64363177593818110545 -7.056672361075795763 -2.4882223245619723428 0.465962078798056345 0.009149582207344041096 -0.88475738271433679305 0.18078327574076291651 0.97786731736323506681 0.10532291699934866192 0.86613898903960562237 -0.20902582323303237066 0.45399499654411629157
-2.2314414840314054089 -6.5656534728428761483 -0.21247333337578550028 0.98872744222668218494 -0.0094566762436797159597 -0.14942762884585883421 0.13848015976347816114 -0.321725794632715556 0.93665135371700058986 -0.056932331235770954059 -0.94678565913433321288 -0.31678955998849028797
-6.6521619504428350922 -7.0382370707995640657 6.3240128641878419202 0.92032992229480903301 -0.0036455120812224723822 -0.39112599551881388482 0.33257103117868835884 0.53364231692465591284 0.77757468246338024009 0.20588672455909154402 -0.84570242274041962371 0.4923393837805579154
5.604931217329244042 -1.2862947121702204001 -1.3567005598151007373 0.95412406065929611376 0.0032883836282917603897 -0.29939349258835634693 -0.29895465954840882983 0.065682843648799574265 -0.95200413632744984582 0.01653446114722418106 0.99783513196490358776 0.063652659105861486566
5.2017841790444352412 -1.2216819399260405721 -2.5050498495841098112 0.96798578340205088111 -0.00019213498525757089636 -0.25100495257216137723 0.21351885613212098769 -0.52509274421672635924 0.8238248042193119236 -0.13195916492466713832 -0.851044988854977702 -0.50824128692708991917
-3.6303365505143503356 6.5270943947358519566 -4.2697032375991819109 -0.93058721823994616784 -0.0038790227447622984726 -0.36604969939990195105 0.3047251199617748707 0.54590194113219314698 -0.78047016082122544489 0.20285470295873808677 -0.8378400944396012795 -0.50682733315879024971
-0.39799844483602458967 -4.9111559943152238716 -4.9134950162057746681 0.92942387979455431957 0.0047153155809229628168 0.36898376314767433737 0.3639570464378550918 -0.17668358060532374232 -0.91450433607092962429 0.060881195913471033987 0.98425640873879072235 -0.16593011131402440883
2.899174308120509469 -6.7517805718054670905 -4.7934578904868239135 -0.99856809929614009924 -0.0032972120018650045645 -0.053393627532264724411 0.027610521372432680898 0.82311574913723151159 -0.56720201218951671329 0.045819321007444790972 -0.56786406112320153561 -0.82184609137422381941
-6.3158340126132301862 -7.470818015879340912 -3.7118049450960723945 -0.99361809669642753295 0.014588551199130347577 -0.11184923822406445115 0.097120567239872709897 0.61494314864517685137 -0.78256790079422067219 0.057364390839505945141 -0.78843648958449452646 -0.61243548930084834581
6.2413892972410272009 -0.91622825979197808355 -3.4683250297287275821 -0.97273685422336086948 6.8628207451292954494e-05 -0.23191163775449924467 0.14113302141704520132 0.79368013198740949843 -0.59173754178194271081 0.18402304937557864561 -0.60833530505690347479 -0.77205160055527566332
-3.34396974718962392 -0.31998444787002860989 -7.2899779183708641739 -0.98724306518775284403 0.0031182912082586642516 -0.15918984420716367212 0.15508437267798319548 0.24523675498218813762 -0.9569784591916077332 0.036055063303669213082 -0.96945820449655428774 -0.24259188392117336797
5.073915198916458813 -6.0183476746378330446 -3.2478013608927795985 0.99013355086467591537 0.005698825406438982541 -0.14001098114461205113 -0.13738335829131725907 0.23622959774082127882 -0.96193627128608771848 0.027592830892875428589 0.97168055478136772241 0.23468177420314759174
5.5287747193035761128 -2.11033620119977261 -0.46592407207509611844 -0.99356694879002149801 0.0066848605459231260836 -0.11304879880666014735 -0.026626500621311985362 0.95648166957365765573 0.29057502513838295854 0.11007155734710749595 0.29171583503297981999 -0.95015057956847559506
0.24880272459658187012 5.7654316080978906811 2.1687680080112472503 -0.68521747447425696009 -0.0044116856429326457498 0.72832516756249998657 -0.7130070891179219883 0.20815902791988380449 -0.66954515154919547193 -0.14865363615699925259 -0.97808504544604613073 -0.14577976653865040713
6.2195016528655102661 -6.3010802813662518673 2.8864346949543118193 0.96454201179088594476 -0.0011591832902732638038 -0.2639268152053835248 0.25610352368109323695 -0.23759614612593049632 0.93699469395731682653 -0.063794142744447862592 -0.97136333451502421266 -0.22887459385289204983
-6.6077535376251264054 -1.7996814643953540358 -5.2977681353058967417 0.94986253906526940671 0.014482790367919745611 0.31233220401319239379 0.27792619363752407713 0.41852678967423312395 -0.86463423319641841136 -0.14324171100174989957 0.90808896871847133436 0.39351777230659867879
0.52036308651905127665 -3.0267153687376802118 -0.72977883606688342955 -0.98576378160165145648 0.00049429539964274420063 0.1681354292063502176 0.0051090960355642959026 0.99962196000121372741 0.027015444120568565117 -0.16805851367913979266 0.027489866412747029217 -0.98539364886556646272
-0.76253547341839766904 5.9122431209560550869 -1.2411270186528431392 -0.98663541064334547848 -0.00083696357107295674821 0.1629412960444118208 0.15747164775857117047 0.25207020652556910711 0.95481060485012470007 -0.041871787838951013416 0.96770858757897126878 -0.24856959369368678003
-3.914812854216939364 -2.1525455825143997579 1.234454556903140654 0.92697350409882472988 -0.0016147593246263686542 -0.37512333338654468839 0.056208779519729516749 0.98929907990312326849 0.13463990347510232382 0.37089175752989261836 -0.14589284785483089268 0.91714479835040607636
-3.5598161661176042081 1.4880057244221795987 2.022856240984055809 0.92976821369015705265 -0.0093519465126840634756 -0.36802664293212583591 0.16624545525624812026 0.90261065211629343263 0.39705976791016028837 0.32847148646129442628 -0.43035630793874851685 0.84077341228131541317
2.5402856032480007897 -4.7328786313499415783 -7.2086432139005180986 -0.70355439831462318612 -0.0062025317665059193431 -0.71061433788772876419 0.71058972898730110579 -0.018199361199551501028 -0.70337118245610341649 -0.0085700449059655150336 -0.99981513883898909256 0.017211695985489543215
-3.4301908335087771817 -5.9128757753397032104 -7.1343140544889278587 -0.99628828894904131186 0.010043520313851422507 -0.085491362153677252778 -0.077303664168823421621 0.33249173312595131646 0.93993265232629408246 0.037865403857043775093 0.94305268946263942631 -0.33048121896427379296
-4.5200448302079516694 -5.5385806976842300031 -4.9142226569243376844 -0.98903896487547271477 -0.009161425132790623066 -0.14737026242656309227 -0.12817298758033587869 -0.44223565237639311798 0.88769325390138664744 -0.073304919431597073687 0.89685210378120794328 0.43621404462762691789
-3.5043513542220594559 -1.9184143989064534885 3.1451788504821083237 -0.99769501746921318563 0.0021684894318517522818 0.067822929533691359016 -0.024757029960568225496 0.91896339419391315229 -0.39356494965801913644 -0.063180230962617892065 -0.39433688362271729355 -0.91679151426605753894
-1.1475526719913584639 -0.90861922139205908433 -1.812922218987256473 -0.99868783463769206232 0.0038473406531939341457 -0.051066690872700673531 0.017288089672744758746 0.96396393090651044666 -0.26547064219394894691 0.048205092078101523245 -0.26600514634364036404 -0.96276556399594814817
0.18317897372546723678 -1.7693651825440903647 -2.4443655384880953463 -0.97545276038144868025 -0.0026145689528830336028 0.22019327031793275995 -0.21897288413894078207 0.11730798337873471482 -0.96865355677217812591 -0.023297816978938016425 -0.99309214127632861047 -0.1150009159059869196
-4.4911341884621807097 -6.3714079561631775661 2.9184278103565572948 0.74199922320545541599 0.0024211223585405127617 -0.67039636852313388982 0.53351747956080419755 0.60339839897995950491 0.59267990611408483126 0.40595104602101528268 -0.79743621078737525476 0.44642943222813635806
-5.4848328532957930648 -7.0335415439064830068 7.4235764969265805036 -0.98213698173626307053 0.0074867202542701800916 -0.18801834518439408672 -0.18453939490423543202 -0.23358908951395163101 0.95466295046392446455 -0.036771739616301736542 0.97230658039521433711 0.2307980781672707149
-3.6481526542491988785 2.7477024041717390546 -6.7217573816208737725 0.81631520890998754414 0.0045282255428528922839 -0.57758893243870312872 -0.4905868733538766846 -0.52238773722833786728 -0.69744933270191877828 -0.30488358334797138749 0.85269604617770156096 -0.42421156683666660925
1.4650133899867365805 1.0330520972419070524 -1.2214514682736385964 0.99607590466538609153 0.0075358735747334476898 -0.088181646357908163858 -0.00078073313084568935274 -0.99558134074836679428 -0.093899863734258445791 -0.088499619212179414518 0.093600238049877923507 -0.99166870114782423862
2.4925875147897564865 -2.275707267147724977 -5.3233094576053439084 0.97946839526757589756 -0.002854233001462679227 0.20157756826062261934 -0.12565759949867333356 0.77325403170862816449 0.62152101342956178609 -0.15764463314720569831 -0.63408994298935272838 0.75701922950450806216
1.6175443490113889933 -0.14932583081306671779 4.2806459776989500554 -0.81214107353892361907 0.012509829160998679753 0.58332699307106627984 -0.49869883119383345838 -0.53384492109633940871 -0.68286827132728666889 0.30286358717563727216 -0.8454898606098235625 0.43979602450352628384
-1.377922417168690794 -4.2012744024453931857 5.1089569763834079552 0.84465534785924789585 -0.0039768775323186277351 0.5352957386136479867 0.51415433961072154467 -0.27231880328142882286 -0.81331899303961030512 0.14900556497091510533 0.96219886396967369002 -0.22797080467289962402
-2.6394444165244093092 5.1117229706107769616 -6.8108153411192766669 -0.97358829150946191167 0.0087595500449526644826 -0.22814273803651777262 -0.14835954993312153172 0.73526094646629458484 0.66134770321303293361 0.17353755380154062271 0.67772753440047173168 -0.71454188578135291454
-0.44550035932500875457 2.9101370403712429891 -6.8572252540365212781 0.88553011081469790167 -0.0083337790123918821517 -0.46450723457005199668 -0.40062026574384179689 0.49257730012015221721 -0.77257427221056806932 0.23524418274601266443 0.87022879263653163395 0.43285335039765965304
-5.4552010865069755496 -1.6287959640553906215 -6.2457917887831602144 0.99980925314521096325 0.0039671429871516675908 0.019123783669410102104 0.008937349634194206513 0.77769218608808954318 -0.62858172696896863485 -0.017366090718131846349 0.62863274292248783048 0.77750838800560917452
5.2755665511918179433 -2.7081071000629117762 6.2287913712681879375 -0.52006426968984753589 -0.0048718599867446157892 0.85411323627041146889 0.21938811282811102044 0.96567189058589864015 0.13909225600975974602 -0.82547078164018727886 0.25971920358809807983 -0.50114261836911089265
-2.6147943831416577964 5.7245462625267506951 -2.9875348034391224772 0.97720435390872584236 -0.0022237315826828954815 0.21228920302201390036 0.17591956100303354771 -0.55127942140394625703 -0.81556318430462915181 0.11884426262291136744 0.83431771799140608259 -0.53832145293236877137
2.3534524962359806288 5.6241238879114323623 -2.4371784097084421283 0.94365292765309916057 0.009540361819400378085 -0.33079923462437371695 0.24138118422790180717 0.66397411110106074883 0.70772417203900406246 0.22639407243222101074 -0.74769469791064746556 0.62425824999240664415
4.2644196680931454324 7.4257714654791726616 -5.5228422721358096936 0.90486480739955443831 0.00049848058618302392569 0.42569875715915139747 0.39829654416918314208 -0.35397502110423678667 -0.84620419955068892914 0.15026491018402177158 0.93525474388068807752 -0.32049808239054644599
-6.5097442121639579327 -4.7719370926219468743 -5.1580220349801546575 0.99467165578819671801 -0.0065028448662742370512 0.10288833840714996237 0.003411022294634485745 0.99953812437863998053 0.030197729063729968763 -0.10303718793932702125 -0.029685870752721731786 0.99423442254790295181
0.9129079012457578246 -4.0254765049610847782 -6.6250927222560198615 0.26925933722746886456 0.0038547308991768430148 -0.96305999312891821251 0.87286391669932761328 0.4215753975083032512 0.24572905229146843609 0.40694961879836216712 -0.90678515937653747514 0.11014845661397205945
-1.751772514354197563 -1.0621994100786729121 -3.916352076973252494 -0.99069289949415739738 -0.0044968595863908479571 0.13604174780409195034 0.13466775041626874443 0.11302867259382301524 0.98442324036433326295 -0.019803431257110877539 0.9935815504655396424 -0.11137112141353264216
-2.8666524999697227116 -3.7813963866760538224 0.09430045489953459148 0.96826443809837536847 -0.0077581090653751670974 -0.24980750520697353467 0.16798260580765167482 0.76028320261123139012 0.62749605255590845676 0.18505626728122862024 -0.64954542841196505343 0.73745841534893230573
-1.2078112153306814758 -7.3507695921892519664 -5.1132518732410456863 0.99452235452469517352 0.00019825237193316211023 0.10452390657977193855 0.08578389487927949586 -0.57289311315104263223 -0.81512858144195521337 0.059719425064534960301 0.81963006387040049372 -0.56977201464264570774
-6.8386765770298580946 1.5048993573908568955 -2.6837674408151492855 0.87640692428097188849 0.0051234088584699586169 0.48154403096077291746 -0.46401122732094146617 -0.25857985735082356094 0.84724851035113457609 0.1288583873572123617 -0.96597629787381511512 -0.22424385822940459678
5.3357481358602116828 -4.4923986408293705708 -2.6239333705748042469 -0.84995747899963747241 0.0098733845537221157085 -0.52675876847951463855 0.50377029023611119563 0.30792388471170267783 -0.80709254481728265329 0.15423287123068904481 -0.9513597623935530212 -0.26669612657554703228
-2.3524020543509531755 -6.9276695595691144547 -7.0691983540119034402 0.96308463836458957363 0.0030072421917690787298 0.2691819753263951509 0.21994879083905144457 -0.58532158612892037919 -0.78039808445424851957 0.15521117470948767036 0.81079565693575439411 -0.56437566738787237064
0.96009661538663426672 -0.053940951356248718895 -6.5200745135106208394 0.98283576909839065472 -0.00044035658173157765996 -0.18448213210752167912 0.17259804756219634947 -0.3509223271424161128 0.9203604914872953735 -0.06514418591531451197 -0.93640446731046422801 -0.34482301060456055364
-3.4109572635789602302 2.3594758310312005101 0.10348568671414011544 0.96483901848358644138 -0.0075551877708458711758 -0.26273292056635799696 0.21401729041394723652 0.60286402258970894774 0.7686036492697764233 0.152585280467782608 -0.7978081783265349447 0.58328367264983516094
6.4192299008182942543 -2.2079345715527973759 3.2430462747717831995 -0.93634777467006569118 -0.0058622928958014883932 0.35102489711173595621 0.35078955360388430762 0.02460729983385746833 0.9361309576535187249 -0.014125648754983967034 0.99968000596033190774 -0.020984559332094438605
6.237085482470742015 0.026200743000869827076 -6.8989014538446165048 0.7755594027058634321 0.010811851783061137561 0.63118199969230626145 -0.080549581022775901262 0.99337533791400067784 0.081958544529087393182 -0.62611450859367756561 -0.114405165465977815 0.77129247386649135709
3.1068347745462232545 7.169987922527494284 -3.9549540036132393439 -0.50884444379265281189 -0.0062186625666404574467 0.86083602402397207953 0.32765032544899491684 -0.92611105049461650562 0.18698552453333266987 0.79606695463042631555 0.37719974865806665809 0.4732840091929349513
3.4174014835493804476 1.148263804525124776 6.1594584284091906667 -0.86690088253650965378 0.0031656037867679276236 -0.49847049943808369177 0.3038672934220722488 -0.78934720878697051116 -0.53347507155307971605 -0.39515506810077155597 -0.61393889185562000588 0.68332386847045323286
6.1243392002271486163 3.185410989363423262 -5.8052278019823484456 -0.66084498390237322862 -0.0043623536167549711168 -0.75050974485473875841 -0.60461000152425015131 0.5955638353639781668 0.52891442035863589499 0.44466915038917692593 0.80329613958826706632 -0.39621289582087004799
3.2019273875668936569 0.304666623042934126 3.3531189495232505138 0.74522942329232122471 -0.0010782148006627367137 0.66680727658910154965 -0.40429544039157394586 0.7944933027477589782 0.45312866690112374446 -0.53026248550885635158 -0.6072719566569189098 0.59164386848869088276
-5.9178699577390281306 -5.9467006690782246991 -6.6810927700971936005 -0.98745785053816470533 -0.0074403879253270377783 -0.15770743177849125272 -0.14012941218992863712 -0.41889130957218412288 0.89715874771651515918 -0.072737481740563936228 0.90800589832468669993 0.4125948949727609727
-4.1951660071919087969 4.4638571635608288446 -6.6478792769616736891 0.89603155167906389789 -0.0059229221605266533374 0.44395087271974614795 -0.41339889370332078 0.35360507295944482165 0.83908569709073355103 -0.16195312000834327648 -0.93537605879695973066 0.31439277273680166225
2.2205574305278248382 -6.6910923579201355693 -5.9599778624310255637 -0.98930035456530440729 0.0054573176169021783699 -0.14579103587465089276 0.13867764464224718868 0.34555266165124010058 -0.92809582958984992995 0.045313566770343191581 -0.93838349074891858059 -0.34261217864580512105
5.7891491032931208238 -4.365642148653567034 -7.1668918037694337997 0.9948440166996641576 -0.0097819111128107840564 -0.10094402732193114014 -0.071958217787185571601 -0.76947370004428206069 -0.63461188125724876663 -0.07146605718723009204 0.63860358529770600011 -0.76621019538710222196
-0.50425898399483493062 -4.8565637463013251462 -7.3608915671311399009 0.9914125837019099885 0.0030849631522155197307 -0.13073473861202231094 0.12031184654381069099 0.37024875764418979651 0.92110852620322070106 0.051245960414598425159 -0.92892752164274217108 0.36669811981501060361
-6.4363133236899443546 4.773288121763634706 -2.9682137592571358198 0.94512557167263511193 -0.011682394343729377018 0.32649835441054159135 0.084320422898246080723 0.97422499391292360915 -0.20922649812508828382 -0.31563859087994111663 0.22527579296904620687 0.92175001874130313428
-2.4670378286385399313 -1.6556728125217017311 -0.62373929660202787062 0.98498532196031085562 0.0060995198785884470818 -0.17253032017557157207 -0.17263172342654528602 0.026206225007286271939 -0.98463776173665074065 -0.001484449209837573197 0.99963794927367044529 0.026865717604893233489
-6.485030061616805952 3.8809223817395550604 -5.0903934801841934643 -0.99441431219997777902 -0.00083082810786166191169 -0.10554376066978632398 -0.099298431005936979576 -0.33159308916315632931 0.93818220235672422636 -0.035777049786366033057 0.94342213931183238618 0.32965841376294846565
2.8939341397971460879 1.7560818513774598681 -0.022626955133209447624 -0.98902452537911067498 0.0014153461970384025731 0.14774466147317560916 0.142152495704253784 -0.26354935340943347333 0.95411446183488313189 0.040288412276010224233 0.96464487512901619937 0.26045557917554446048
-1.91193639229617518 -6.0580553569027744132 -4.9823457243014281914 -0.99617502858031359292 0.0042775360020963311067 -0.087275512710435154684 -0.031734774366224072217 -0.94831269989635869067 0.31574661884393279143 -0.081413859563606749692 0.31730856575452331958 0.94482117756206529524
1.5071729549563759321 -6.7742487134866458121 -0.22871990989850754517 0.99994776946672714324 0.009267019737373828267 -0.0043105317276993264028 -0.0087214115842644285986 0.99357231731400696972 0.11286269200720576433 0.0053287257919754915658 -0.11281920320728440477 0.99360124399533522599
1.5796689273219066685 -5.7436025011162019638 0.019760790613012547273 -0.97106937508981183704 -0.00091460603574901734418 0.2387957961493749337 -0.18807888059523761304 -0.61324268840763695998 -0.76717647238998520898 0.14714144024316658244 -0.78989402365788274896 0.59532917613098856879
-6.9476106707322999867 0.54222994353379672106 -2.0037694282465845497 0.94390519818212481606 0.010403425290386885543 0.33005264063021866328 0.18529834228289202014 0.81062173882809851477 -0.55547900130107030758 -0.27332672974287613998 0.58547772398398445493 0.76322233557891316913
6.9662059507116707024 -7.3561729142589182828 5.6476834196060181625 -0.9873601473052133759 -0.0047669384055200603179 0.15842100811329515309 -0.13214954194997713399 0.5765935354615295827 -0.80627315062969207027 -0.087501074712367621355 -0.81701724043143852949 -0.5699354268353150621
-1.0438020169806521142 2.8940553712522092411 7.1512833837010152394 0.99594771468304688078 0.010778139995845032253 -0.089285952511070201809 0.089466450419029744379 -0.017621274322823114733 0.99583394446096440422 0.0091599054036770183318 -0.99978663843323323235 -0.018514149819179679529
6.6264619703151197427 -0.65763403948828169643 2.352929772194820135 0.96613799959830803932 -0.011673571123944291236 -0.25776169899615936076 -0.20735770900601316336 -0.62964465284519377519 -0.74869913293607626148 -0.15355828290243994649 0.77679555796916477384 -0.61074423032178859483
6.4890444497814492308 5.4893428600982616672 -2.6722313579592888999 0.81522805240716067487 -0.0007433613950395749452 -0.57913959455580366065 -0.34411331653836191302 0.80370985859336985246 -0.48542402966982622914 0.46582104713012462138 0.59502093292065050267 0.65495102216646738924
-6.9019435802791120338 6.320384082287379357 0.94166943089740062778 0.97169796136409813947 -0.00060430785863881814057 -0.23622596532314785178 -0.23299555648453645906 -0.16728301245215393411 -0.95798197498877046829 -0.038937675062768350998 0.98590873236667897483 -0.16268936321639954068
-3.0225299493913229121 -3.6425504603120213432 5.112679495490824344 0.96103460582829625114 0.0047391286190088342117 0.2763874582182687667 -0.07570069722550480662 0.96614221040268266627 0.24665488788528083797 -0.26586066057245527627 -0.25796660624599709877 0.92885485368920683857
1.3508119448551818564 -1.4065669977750256958 -1.8285796950854713572 0.89929061160295464816 -0.0027722643162089578676 -0.43734278367580398106 -0.27796217385834093294 -0.77566075424327296517 -0.56664576609268191287 -0.33765874161155129407 0.63114396842358533313 -0.69831501869568524121
-7.3528298281577813 4.8169956708390442301 1.2350324140758941471 -0.80024505755520958239 -0.0032986965998551918272 0.59966404466094713754 -0.23498115460620128125 0.92174065644896974181 -0.30850935031040332968 -0.55171705142975335789 -0.38779283238568640346 -0.73839353620680703294
1.6884237697808490708 -2.4297873230107449594 0.087233880423960172279 0.99790412050491317242 -0.0034334144947214860835 -0.064618712026979524543 0.020138049552905865069 0.96548157504354736869 0.25969171571611848748 0.061496546564216082731 -0.26044872799904839056 0.9635271842787705987
-3.0331396108386230459 -3.0684806687700159067 5.9695050624391052807 0.99961114028980768698 -0.012908546696229003178 0.02471715255980221071 -0.027670993659080950905 -0.56877638850875811283 0.82202660296659713079 0.0034473639772361584777 -0.82239089811181154133 -0.56891240660088016057
-0.91827699452184163853 3.6237265062205694655 -0.11789421474143199631 -0.94337212681834603512 -0.010159086960748263395 0.33158079451983313302 0.20798594711560394743 0.76057204098608854892 0.61503822342417824309 -0.25843930843566037536 0.64917406249971654209 -0.71538951658023852698
-5.2357284239669104053 -2.0503684344750623403 -7.4701073163420126377 -0.9991396061131095907 -0.0011754146947688705327 -0.041456795538342923468 0.019771124237082691316 -0.89220261495289376885 -0.45120238975154208783 -0.036457511467634831637 -0.45163382542878499626 0.89145820854725310589
2.4464587124604690871 -3.7749204784234695609 -6.7084764874724678307 0.56070113770137164355 0.00081945940820597751308 0.82801785165946828471 0.47067228871366173504 -0.82304509228232869411 -0.3179062325701988434 0.6812355178772430131 0.5679754436208052093 -0.46186801645739866684
-4.2006257459972085044 -5.8589472518059562134 4.9034256960092532651 -0.97037028057776486545 1.0037626149549810917e-06 0.24162267809611057134 -0.11707089519010224765 0.87477851648820503794 -0.4701669411921823305 -0.21136679983085840395 -0.48452300986596674726 -0.84885895697669488946
0.74566199128264321061 6.6888645608142187626 1.4956638234901831197 0.94638756818708458241 0.0073086580189232631249 -0.32295069948648491565 0.31997130660270023395 -0.15853645272758470908 0.93406881765083282776 -0.044372668748078741841 -0.98732607413901696258 -0.15237548882168636122
-5.5517837358757491373 -4.3398171266371043941 6.1696758367550019742 0.80430434598619449105 -0.0087689892321397098357 0.59415286236434960987 0.26185486900009746769 -0.89234013288980174039 -0.36764264553387820955 0.53341029855898036693 0.45127839751319637207 -0.71541684445448838758
-0.97090692055640581692 -0.98748349580939454029 1.4045344992556316743 -0.99419156557189014567 0.00095415701090504397713 -0.1076207253737021946 0.0142955204280233103 0.99227100952281099833 -0.12326346480697548957 0.10667131311303783281 -0.12408599133234718415 -0.9865211086002859675
-1.8656112775259885428 -6.3277543057046896635 0.74686491659357567841 -0.93280629427397898645 -0.0032023297605039513329 0.3603639305577130969 -0.16937492728414724197 -0.87873997594602948347 -0.4462378162838474549 0.31809519230939931056 -0.47729005830662474263 0.819151786222326872
-1.2087631423580473822 -3.3591435674461704863 -5.9636045470730039142 0.99743237421563324396 -0.0049951467129395101668 -0.071440236392639064333 -0.069906717682511165801 -0.28447596293434951331 -0.95613099381593269488 -0.015547015449185701622 0.95867015965969604174 -0.28409472942798874584
-2.0610569819067956487 0.05991268402942144522 -2.6166937897802111657 -0.43824423500419545929 -0.0053837961623532685704 0.89883981065844542613 0.60601118927067498809 0.73676329172568655324 0.29988379490112837544 -0.66384669085887326734 0.67612932690748228648 -0.31961962444639074876
3.1957756249169921858 2.6319215050890401031 -3.8507914804103346995 -0.96517391078541037164 -0.013129652753888049546 -0.26127941778433816378 -0.26024797144612143995 0.14993598746514480435 0.9538292263403349569 0.026651740981523428659 0.98860852306738944417 -0.14813126888418953753
4.2001896540984233752 7.0222959615627136287 0.38517450786418905295 -0.98943087599527634879 -0.00022080644532646086058 0.14500514774243733473 0.062445971726060339746 0.9018710047655957851 0.42746835131762961346 -0.13087032605777890182 0.43200537266046856733 -0.89232522980690831549
-4.848591770784754118 6.6327036228100713089 -5.9955772468360333249 0.95404499285448363111 0.0014785934380893272361 -0.29965974933338562769 -0.28026803568541741596 -0.34951168861549991584 -0.89403098810617798176 -0.10605649335212302686 0.93693083697922707742 -0.33303547398928740053
6.1445194289271363175 -3.6014197556997076255 -6.0060792127510929106 -0.84444274743377989445 0.0059251171905339503065 -0.53561304996498448894 -0.39522315002610414192 0.66803765370114753797 0.6304953250586892155 0.36154544387941334183 0.74410388133890137397 -0.56177780820037492848
3.8878532571675812335 2.0084084367342267541 5.183330800289472684 0.96392888030271739463 -0.00041105236061347687204 0.26615962269714005251 0.213582630466945117 -0.59551098171548300098 -0.77443471682203846029 0.15881931142383412525 0.80334706179356307754 -0.57394244016851148071
5.459999657048698829 4.5859757626463100166 -2.3971714166534647816 -0.74311428563852155449 -0.0058864999773890810258 0.66913863107572713051 -0.13628245381072195963 -0.97767233482965865132 -0.15994967487294436959 0.65513987152602759512 -0.21005274296390297195 0.72572005202423206516
7.0948484336757777768 5.5259141632640327302 6.570928995669061301 -0.91083502167418317619 0.0065410460128305239827 0.41271876381983185755 0.34447585460606156005 -0.53882420390549534694 0.76876840653028299943 0.22741140887237018542 0.84239283710321755105 0.4885267230275018302
-4.2398819465513426508 7.4879125164192563702 6.8017084658406412601 0.98538517085428656284 2.403135820338089812e-05 0.17034102407524590039 0.11925021531277799069 -0.71417399119914337646 -0.68973538146341051291 0.12163655375078133436 0.69996822050516938063 -0.70373932608217826257
-1.9639390435201977692 3.3056235403789973049 3.7637109916314961389 0.78049084779924648991 -0.012223167686530044679 -0.62504770271823484329 0.39869091737101292061 -0.76037687603720549578 0.51271098953857929814 -0.4815387719670175537 -0.64936707689842865232 -0.58859392668713983454
3.5673815516232982858 -5.2501127140124257409 -3.1758194544210596177 -0.90216277420645996088 -0.0065630832766196325195 0.43134586444540523598 0.25927967859933387373 -0.80738684055523313177 0.53000050751261396087 0.34478453721365343032 0.58998594528688330652 0.73009602605561840782
6.549336235737870382 -6.9028396242896077339 -6.1572274647898392885 0.99851834466249766997 0.0063015893691116906666 0.054050026307979420759 -0.027245074013048761058 -0.80191382161349256119 0.59681817050696495119 0.047104366193480240455 -0.59740648864618206559 -0.80055397445069664819
-6.564089679187357973 1.708539750954563452 -1.2589640171654845613 0.91204483965911298249 0.0083945428467101235182 0.41000456351278091738 0.066751110360981663616 -0.98949589954144434589 -0.12822696306227626684 0.40462142765366204689 0.14431699983369652984 -0.90302497409676241169
7.0464576003069181453 -2.0433493542961462808 -2.9033905361672935896 -0.99596899618488687889 -0.0089864482666858966353 -0.089246862051340553057 -0.061513696753511704074 0.79257070262283746409 0.60666938809837867019 0.065282645091750274302 0.6097138058888490475 -0.78992863675044577842
-3.6566786957172432437 -6.7817296940379971915 -5.557670790019051843 -0.98791336624859471538 -0.011916205205592025201 0.1545483252605671376 0.05363032521608218639 0.90918670030809911609 0.41292049137841713158 -0.14543372719065847387 0.41621814957595870688 -0.89755862368926464523
-6.0143539106326358024 4.2340217359461620461 -3.9068401665154923741 -0.99822790083968959696 0.00021373152074502695108 -0.059506405572168664941 0.017046619268638797673 -0.95705741502062047221 -0.289396816025319914 -0.057012899915648194982 -0.2898983592104817375 0.95535777097918817002
3.8147709831654155188 -6.8070087825892366951 -3.4435310654539548203 -0.96334900934339395828 0.0065749224207316877416 -0.26817057368838292941 -0.001265749834565988623 0.99957703418078425184 0.029054270180571332288 0.2682481762744146625 0.028328839254985558466 -0.96293322343345433278
-5.6445752024020086068 -6.0880869743857255472 6.0231513153127824722 0.89033115261657025385 0.014997902593929159781 0.45506648041604280674 -0.080046755211902798077 -0.97873476175425733192 0.18886710437237022586 0.44822199372685234131 -0.20458086189020266432 -0.87019751510088350077
-2.3943765444176974277 -0.62338832467685745264 5.9077267962115840305 0.9965291892162484455 -0.0016400945147108936251 -0.083227910763564658114 -0.01048940896302712894 0.98936265875667694925 -0.14509135659172087141 0.082580550613880726596 0.14546078353973970754 0.98591156454944739451
1.1115364896526289673 0.7272077137883020681 7.3820165139380957697 -0.74521585300603709889 0.0077776993277577401165 -0.66677795391090066701 -0.61503504419931764868 0.37834589305899996026 0.69179930587715821044 0.2576533074407378332 0.92563161819289818677 -0.27716579977745259278
-5.4021906149870622116 4.5513661263141269586 4.5035504493816134186 -0.99772269511397182473 0.0072393203977792631304 0.06705979342812973254 0.04678324444537483584 0.79046932499724242849 0.61071234986489020269 -0.048587567274028534148 0.61245884635501435245 -0.78900786423699986738
-4.8948271224591302087 3.5029923491349719278 -0.87591712655026765511 0.07142084275786848846 9.2948475147818475361e-05 0.99744626651283685437 0.34882649396736109537 -0.93685674825098463891 -0.024889965106652794241 0.93446195231597717346 0.34971334635265316493 -0.066943521394180999229
5.9821281588209869184 -2.4027530224544269011 -5.3691432046049616389 0.99920226573123127611 -0.0012202746891689143522 -0.039916701860357076126 -0.012816329599987037052 0.93686319988279709303 -0.34946113718283516869 0.037822927614222567883 0.34969394566565120686 0.93610019256043719427
