1125 14.717824617146108679 14.977075390850430381 15.033177056927090831
-7.1450411937612257063 3.3812782653301831637 2.4024981421955300398 0.88716084996406152641 0.0010047538393996554087 -0.46145922545846140839 -0.44798966652765553897 -0.23797949955434025138 -0.86178362509177774964 -0.11068371594539441749 0.9712696578507388212 -0.21067597576127042314
3.1566743745457803705 6.3156686053152384375 7.4410325485830197678 -0.99261929375753021887 -0.00089686343825363598614 -0.12126884717957621407 -0.032387814765770954473 0.96561206729032778018 0.25796194478637529679 0.11686730558626726162 0.25998563640954058807 -0.95851421572447637054
1.9937639363840471418 4.1975629327609009778 -5.8796780754973676508 0.98817409415387147398 -0.0050016979205680101028 -0.15325450290615832971 0.13576536222839988288 -0.43602313089419342251 0.88963565336841543552 -0.071272196978286225799 -0.89992155899456904855 -0.43018770507159131977
2.16519372901267948 2.4073867343089205839 -7.0337290824004590206 -0.98652371149090811731 7.7628604127429230719e-05 0.16361833833655151094 0.052227877747383542884 0.94783482463493295977 0.31445412065231520549 -0.15505874838982203201 0.31876188477151479184 -0.93506558345640056196
-2.5856627169007895262 -1.0540748607838974493 -5.3852244046331785299 -0.99199915018094819708 -0.01073896763044590412 0.12578696520128168634 -0.11770486129198474978 -0.2815550047789952548 -0.95229845369620746975 0.045642651857161486983 -0.95948499407657072968 0.27803829677453673064
0.22801372606134259757 -4.7305675676984169087 -1.3384264823316327497 -0.94937571399235032299 -0.00026635269968527507806 -0.31414277444781985027 -0.31326610695704076859 -0.073858229317102799816 0.94678894596105267478 -0.023454208865320503447 0.99726871555183660423 0.070035769918857321281
-1.6378096301849114358 3.3833077766163857092 -3.6543821725872831507 0.81328450515218075889 -0.011921136566315286912 0.58174410197464321293 0.53401015639407301006 -0.38177363897880034482 -0.75437526566614743206 0.2310875733295612855 0.92417897351325362099 -0.30412457705480805403
-5.7376179553408430678 -3.2339984745204777283 3.4711810581643436358 -0.5596944684380384949 0.019021288335679988057 -0.82848071346898422007 -0.50667869356113237611 0.78324723989631772625 0.36027831281667566099 0.65575818980096922672 0.62141930432263980943 -0.42874146606546414962
-1.5226295427064224786 4.7625057465971272208 1.291645903790880956 0.59606239184602927139 0.0056753112216933934014 -0.80291806298613821458 0.48359576459720432506 -0.80080037354197897148 0.35334671103428322292 -0.64097173220854686271 -0.59890446030864963323 -0.48007154251415473656
-2.1704208395912920615 -7.3122815355934172032 -3.4806654281973594678 -0.99975665841920435817 -0.0018690468439482980402 0.021980232263465106224 0.014865899305191623836 -0.79325102683939308079 0.60871324402890736316 0.016298128245485644233 0.60889187470540051539 0.79308578094273296522
2.7295723798534918814 7.3372070347623576936 5.2824750646490823414 -0.82674202238067440174 -0.0055430971779536746674 0.56255391075307770166 -0.44105159161762425013 -0.61437163312429365902 -0.65423313118784509612 0.3492436426930039528 -0.78899731969502551188 0.50548205462962003676
5.5240822323747593714 -0.69566782752856159977 2.5397849017604765542 0.95388366063483220891 0.013122808240053955575 0.29988956947141509612 -0.24896510227061482978 -0.52354113494261145245 0.81481351110192623555 0.16769716701608025633 -0.85189933203797352235 -0.49613021299642512396
-4.2250236480534564265 6.8683967271641375163 -1.1842588695735751791 -0.93591745947186799626 -0.012460717650838245771 0.35199891984400655254 0.1876153625382452339 0.828158741625932171 0.52816055741443690419 -0.29809224209191392818 0.56035509204816646989 -0.77275040344237944101
0.8630942365394080884 -5.8647304867925225125 6.7409178492860393206 0.99634102462136331368 0.012535040670502168442 -0.084542506539342907046 0.0093726680285538769427 0.96719481809080487533 0.25386283097855083524 0.084951255144263992936 -0.25372634197858318084 0.96353838929009683056
1.5593469637247598936 -3.2262693695384001558 -5.0896582964576149166 0.9381605440996141354 0.0053937906137046780913 -0.34615849046003938083 -0.2965888170082088271 -0.50323604396998800059 -0.81165790680254901179 -0.17857734212504031146 0.86413216065151676748 -0.4705164628440622332
6.5803001038866542061 5.5235690625404743059 5.8088599735814101521 0.85471087378180565786 -0.00068282804821091303352 -0.51910389710060633739 -0.33517921105137554738 0.76287512801427670439 -0.55288012763715110864 0.39638897401173073254 0.64654549167316588409 0.65180879748500719639
-3.7496602338580018454 -1.5510893126558200628 7.4645060212876206407 -0.89152088556739372827 0.0025055977128078830637 0.45297266206386960219 0.40978901414999363562 -0.42168287429701678537 0.80886124731415787181 0.19303749500830719166 0.90673991613072990603 0.37491232310533040284
2.848578035358782401 0.12492567391020080458 3.0971195347540554366 0.29655743509490889442 0.00031685672318020920157 -0.95501496705118538166 0.82645592320768801464 0.50102194723985205016 0.25680267790478172873 0.47856482809015804536 -0.86543451975640806051 0.14831991548398898439
7.0686154341943394641 -5.1510358059470986447 4.9774748985505032906 -0.59081378203686152339 0.0027678122407105284694 0.80680320659413684581 -0.79871596832374824881 -0.143280819210226118 -0.58440004174466586573 0.11398191479323990793 -0.98967820328727607038 0.086862978524910483547
-6.0898025380200557777 1.510854793116315653 -6.2861328688838726819 0.90566626482442502688 0.003763458054358019729 -0.42397459020832661825 -0.33241654880904686342 -0.61441173879672339453 -0.71553997324154705595 -0.26318786985114744903 0.7889765849582854873 -0.55520094880236803281
5.9912929893346502652 -6.8240017740902487731 6.335448710442221909 -0.96419465354409283897 0.0055954809604199448603 0.26513649441345904512 0.26054965675360591826 0.20630717127638903419 0.94316023423670147796 -0.049422125031279892649 0.97847127789869248193 -0.20037817217611131326
-2.9477237754364793432 -6.5085522736154493018 2.1433989402753272913 -0.83645564035539488046 0.0037184420081619600114 -0.54802202045753545256 -0.47716122135392236014 0.48690224487609529147 0.73160328920166828315 0.26955357640619653781 0.87344855436576196439 -0.40549783269814210218
7.0281271067716586387 -0.56184321947913062889 -7.1251572322672762638 -0.97250410953706556416 -0.0051548815523873824096 0.23282865830859925116 -0.18850930982790989332 -0.56962076637219816178 -0.79999776413795509189 0.13674793249548772289 -0.82189148293053004846 0.55298679301093289773
4.6541255436051036654 4.9196701065894830052 1.9684987279978884978 -0.91441347903933645203 -0.0070235806342669321323 -0.40472046978916764726 -0.1951834631536919773 -0.86828143719912065368 0.45606004158090035494 -0.35461444564853966677 0.49602219217541460017 0.79259736298256622256
6.3103455983839102927 -2.5871854887154293046 -3.368260141902253757 0.94507463292455184956 0.0035082112387153701824 -0.32683578545863095632 -0.1558109658507134121 -0.87418095818808227992 -0.45992455388027614349 -0.28732713259124997851 0.48558762833840107831 -0.82561963038778318769
1.6744334371386846438 6.40497478860311098 1.3735930823849431537 -0.9818634030146177194 -0.0048966967263519185771 -0.18952646301140868568 0.09515921181518710581 -0.8773529155123602763 -0.47031541123865688858 -0.16397860295525140684 -0.47982067900731550925 0.86190668507076217963
5.7213923244142721458 7.2436035993344685124 2.0824678183712408419 0.80483568382939540964 0.011964261857057626598 0.59337709635041746559 -0.080419636524496823649 0.99277430122568255388 0.089061040231786056665 -0.58802398258594157365 -0.11939867362796578731 0.79998234520497168987
1.0174721739747587534 -4.6221019143274046925 -3.6922003117363515479 -0.90733902878823113891 0.0071468207095527255118 0.42033892252715604476 -0.36326876396972423988 0.48991305670458490384 -0.79247776119854806964 -0.21159322286280601855 -0.87174200301707638339 -0.44192102033559388374
-5.0003607910217340304 4.5120566197877565173 -0.14560143873800029946 0.75211291226560017531 -0.0036426122881443303778 -0.65902420181603083016 0.65687309772046353906 -0.076774079388633939547 0.75008231163327399038 -0.053328235434755906497 -0.99704186076103717973 -0.055350042418024762714
0.17214633362470319056 -6.5754581617243665903 -3.9697491610461437261 0.98783323069672102079 0.0025896624229442650675 -0.15549534391640174036 -0.0076826661947853088636 -0.99782793612303677389 -0.065424663028826310351 -0.15532702588820285206 0.065823275069144857041 -0.98566769830807643427
-0.67129966408764774055 -6.8320463899698449239 6.9606388184751573078 -0.92670259120359643745 -0.010012836864999133737 0.37566214948324067047 0.17446464096144248535 0.8739245091492278128 0.45367173304327407246 -0.33284290064636301576 0.48595853259938709412 -0.80812122115623219454
-3.1574128793525857439 -6.5554594421395258053 -4.3820590355917801162 0.91674894005843610145 -0.0042011854454255433133 0.39944177415837117673 0.34749003726407895476 -0.48482960301240068945 -0.80261505720058479163 0.19703313148838369484 0.8745985399506240876 -0.44300715458351108689
-1.7471750877708256411 7.2598589617540456587 6.6218017732696763389 -0.68527703528198780081 0.010434472086723699594 0.72820773595687404711 -0.30461007909276055505 0.90412838249279237068 -0.2996073558609838039 -0.66151952702112981619 -0.42713345661890789184 -0.61639997210142283279
1.5323133980682790423 -1.2909208069214817005 -3.0620741338072257065 0.88072131044985246806 -0.0025803467719049469342 -0.47362782343331621959 0.33236449156606262534 -0.70906393674166712238 0.62190206492540289762 -0.33743713201964153914 -0.70513947231946572103 -0.62363010391691953149
-0.20722150377269768495 7.4336956718228091034 -5.9328540705135344169 0.96287842316076754923 -0.005711261888658002682 -0.26987501495896804027 -0.16339786337628428581 -0.80813441395344476348 -0.56587976393241845585 -0.21486339952520264185 0.58897041561678920019 -0.77906839819923034973
-7.1071166350751129315 6.7549291859003881555 -2.8143924986395654209 -0.97216647304643699634 -0.0047424662704195156421 0.23424315934070014111 0.18119196879778604048 0.61861583197958069924 0.76451548242485867224 -0.14853221578967232275 0.78567929935677238706 -0.6005382747458140047
-3.0556149250668758199 6.6851982888857355292 4.8627524585602834861 0.73808839227602063282 0.0019972643102884610547 0.67470107167742321419 0.01230708780647289842 -0.99986909757863062786 -0.010503489747725637884 0.67459177342827070234 0.016056109193488425635 -0.73801635522556219282
4.7646785950908894236 7.1214565557747535607 -7.032315879329755326 0.97589815812347613377 0.0057103716130391694514 -0.21815172845336527896 -0.19616083171415724107 -0.41507689668916492032 -0.88838735804611745905 -0.095622764404546423123 0.9097684109107196937 -0.40395262771351125863
-3.4528004296686480856 4.9122433951367927563 -5.4339269240225398505 -0.99737177207788130229 -0.0027818358425651199678 0.072400342896677183369 -0.04986890972815187506 -0.69854755195412010504 -0.71382379443500387772 0.052560822907733575904 -0.71555822897103948943 0.69657288265256478432
-1.3195547179464632848 4.0964544025786855386 2.4083996243291294626 -0.97543135102117406454 0.0074059928260910099646 0.22017908782490425157 0.055151939309666705991 -0.95940029602981158341 0.27660320961292322872 0.21328840342478508352 0.2819507461385099556 0.93542067205965362398
5.3030040626628629497 -2.4976483436417877826 3.6012585179781870792 0.98991804696863805457 -0.0034119916491454384266 -0.1416002069167623667 -0.021400631048792986832 0.98463019752944458407 -0.1733360525214041048 0.14001526087038579371 0.17461882036587114686 0.97463018335022189031
3.5091017045618717596 6.6099282288162521937 -1.2302173527106292639 0.92737383871927869805 -0.00032365648894534110314 0.3741358824083855783 -0.037034340412102753626 -0.99516783568335065446 0.09093644182376442453 0.37229856417835971438 -0.098187952763089919594 -0.92290460235231597252
4.4132272768761300341 -6.6922537131705643887 -4.4901511409837304711 0.13306862986503317781 0.011590417496240104991 0.99103905168674666371 -0.018724486550827094261 0.99978255069636368102 -0.0091785034931733087971 -0.99092993362263759316 -0.017335326510617535961 0.1332567188006157366
-6.6942054796894296942 2.9512146301896673428 -4.7443811310197494535 -0.65389099125174909855 -0.00025543030795212187754 0.75658872996844983572 0.73701887582955227796 -0.22618600304465602546 0.63690114515335050083 0.17096709692456546481 0.97408409636025072853 0.14808924669655379458
-5.8613070325655485249 -3.4854774317569363618 -1.9419026127812863969 0.98862354388456330501 0.00013817985655475290008 -0.15041100153755893043 0.023029040819426874198 -0.98834820089866415316 0.15045762546063864984 -0.14863765255192037951 -0.15220977198138635478 -0.97710748311394390875
3.2688459760648500563 -0.85933052911423435383 2.9707527035186611641 -0.99921857345501219339 0.00048093793584536536061 0.039522286894326137674 0.03517099396494470509 0.46706388244650987041 0.88352381456164541529 -0.01803451264045922639 0.88422344371360184212 -0.46671582139572609371
5.0480314055660251427 -3.5256302895399294073 1.3144527309916611557 -0.88357408180181284951 -0.013788786316075773986 0.46808835847520857687 -0.30934594025776873671 0.76761262420664133632 -0.56131626415472113401 -0.35157066318754559564 -0.6407657360771407129 -0.68250812468081600848
-5.9156528262558163433 1.5489139760200025808 -2.5066473474840260671 -0.99525722705378449895 -0.0077941863067859471631 0.096965471468179423309 -0.09146246242969970075 0.4144611544659440594 -0.90545931405283341942 -0.033131102661035465029 -0.91003362690537592528 -0.41320833478754664947
-2.4414929744058895267 0.98741541868885385203 1.3376562155614262206 0.92775100886361272501 0.0014304358297151989737 0.37319702491549761048 0.097145337001949133571 -0.96644529075058793754 -0.23779462459195049862 0.36033435730057089552 0.25686855362101440603 -0.89675955367610016289
6.7929167621747117423 0.96947656477149091181 3.6541796656015903544 -0.99257242869532302798 -0.0088685120168373494931 -0.12133146042351229676 -0.035034779192876092102 0.97592495091544695374 0.21527437011326774896 0.11650123622001783141 0.21792622530418970239 -0.96898690511471197162
-1.6342523954231440442 -1.4919784479854198977 -2.9307428441243086326 -0.72240718318557695099 0.0064914492566868157303 0.69143743228740273121 0.30107499625635419926 -0.89723758847120094195 0.3229838331304374921 0.62248028748787631592 0.4415003634437346669 0.64621646587509407045
7.1468914831141212574 -7.2703733275060971053 -6.0562597766472263672 -0.65723106937293551688 0.0016967213011351749488 -0.75368723127561965125 -0.53735754131971069647 -0.70224792847150718789 0.46700612388320045243 -0.52848291764055366215 0.71193045172567304135 0.46245090298089280845
-1.562725784874982482 -0.7077643306082137542 -4.4081181482238793734 -0.87897876894685755822 -0.0043156934498789186264 0.47684137669744397492 0.35948356582166179907 -0.66301177310029435485 0.65664827315287044307 0.31331755400044403181 0.74859652919347241529 0.58432469298732003793
-1.2924052960963701153 -4.3255138155068442174 2.8524268736015883086 -0.059930364424360740849 0.007110110649404473987 0.99817723764186672142 0.68900277717055058435 -0.72326420619474085516 0.046519469998832052582 0.72227662600379805014 0.69053481763347890343 0.038446601469026023268
-5.1734211434396639717 -1.3956751570353755909 -1.7888901205514238235 -0.98617606309303706968 0.0017998281051629008015 0.16569107761453172323 -0.02886620887408577335 -0.98651706667381455773 -0.16109257942751056825 0.16316713691036058287 -0.16364851902826949015 0.97293147120047229759
0.21763405169532912264 -4.015486133631985588 5.3290202889222504368 -0.99222110389671136499 -0.0043339754408210934972 0.12441261044914142531 -0.12413044527029290509 -0.041255143133155661173 -0.99140791086314206115 0.009429397589153374476 -0.99913924446095547793 0.040396245359698892963
-5.0765458700204924014 5.057263940272441971 5.4186909265800835556 0.94992183000832108863 0.00024383333995350365588 -0.31248753162147541174 0.095319201746147511067 -0.95256742152751117114 0.28901480450451849658 -0.29759497081109920202 -0.30432753406426504839 -0.90488783026313535096
6.9312635642219024845 -6.4106956987245187207 -4.9767130900788583148 -0.88674818600417348868 -0.0038986817664185616228 0.46223636258832312418 0.29670993386517441337 -0.77158000239213198057 0.56269664567541510802 0.35445855859905733842 0.63612035039689385219 0.68535394508729186036
-5.6517973867869821802 1.8775700603471530137 3.2727474665424405309 0.86500464100894047803 0.0059374911840217869941 -0.50172872872837570579 -0.21365949153076271849 0.90910461951389998081 -0.357600912271364757 0.45400065276588763563 0.41652555381026246106 0.78764831638964960536
-7.2315677963501219239 -0.26739923252444108837 1.256825908582135165 0.98777774026617382042 -0.008533520983674783289 -0.15563519799260772114 -0.1522428410896083939 -0.26694428648863549602 -0.95161066894391477256 -0.033425337268904044274 0.96367418089859879782 -0.2649807915638010547
-1.187677030130183109 3.3812953177618094713 -5.8510807793511361297 0.99869965199570809311 -0.0014663795029509090785 0.050959344920642482557 -0.0444767715890752105 -0.51360161859568942422 0.85687525005964226832 0.024916297730519117865 -0.85802752118274783211 -0.51299897758218715449
-4.8063836148646332802 2.0312412315389209994 -5.6646519337568488339 -0.94114649753622425798 0.0072080614330910378409 0.3379220531802996641 0.33768046113143795894 -0.023337661261062951634 0.940971444697918602 0.014668890389962118553 0.99970165420352619101 0.019530136647982858367
-0.2243766411133522598 -2.6188045398075989745 1.3871206243019336135 0.67823201305290403695 0.0018224768122434226517 -0.73484557224531055208 0.43092043775708160913 -0.81099992955476429835 0.39571036198912579174 -0.59523853436545648421 -0.58504341107350144036 -0.55083145731338334361
-4.0928578927090386586 -0.24946372024391666455 -5.5929125574498570472 -0.98883598806955919081 0.01322565580987554619 0.14841991351232691754 -0.11314710322422893984 0.58148622842040376124 -0.80564973728624933447 -0.096959381859389723313 -0.81344873728200972618 -0.57349806458579444257
2.3937921342584531637 6.2597673153119632872 5.0179772081634039793 -0.95851386422516848818 0.0011385730425327849485 0.2850436383075233282 0.046675310880269008096 0.9871214835031016932 0.15301173863740041847 -0.28119848406835706855 0.15996837330553320689 -0.9462227708629711298
6.7595431921277899789 0.89889144353875694016 -2.1209125235844452639 0.97304090315948366108 0.0021201637896370926877 0.23062286461700615137 -0.038605392985641279191 0.9873465407833916796 0.15380647592269702795 -0.22737859268427046411 -0.15856327856366653206 0.96081041953145773782
-3.8554493322069824934 -4.6565881417778269835 3.9041097157873565493 0.39852217162571274001 0.0028436514612707824122 -0.91715429038365969827 -0.72228763769398796057 0.61724971588847288295 -0.3119348596581120181 0.56522619114569960797 0.78676216347883076718 0.24804163150761834866
2.9103701901609753122 2.2873055608510042269 -2.7380575825055735173 -0.98326882517861102784 0.0036585965601668760626 0.18212367255027420154 -0.17196586088619109089 0.31113472284529597456 -0.93467798033851701156 -0.060084608026232007305 -0.95035877378551747441 -0.30529991969722203304
-6.8440772251876804688 6.1159889137910443679 -3.7445093603157140194 0.97493477710228171329 -0.0059250799458766016323 0.22241194622631568767 0.08885074834995922155 0.92684357980027931578 -0.36478284375862085609 -0.20397971691852251341 0.37540094833477410941 0.90413848666837570711
4.218414717414276538 -6.1870675878910246226 7.1835712828264455254 0.99093089940093215251 -0.0047244586145950276043 0.13428935960503443625 0.012465579121334887519 -0.99183993280226656619 -0.12687851290105298108 0.13379298168999159691 0.12740183354099071655 -0.98278594356085680062
-3.060548520835101538 0.12910472386024879343 -6.6641633150930656981 -0.9500343733498660681 -0.0077203542858001088581 0.31204981266351866642 0.31079885708591820093 0.069357212342489177326 0.9479417954337910901 -0.02896135162141569297 0.99756201472673233788 -0.063492258476768190234
-5.3385073537127007981 -5.3360415785337096395 -2.9495182649621094484 0.9871842753616295596 0.016376875209466144889 -0.1587419429044722996 0.031232951631296017314 0.95565632153504420643 0.29282332188974119491 0.15649827223048379254 -0.29402855825332296913 0.94289739511808223771
1.2620616364615735439 -6.6468622946128963491 -5.7562370081282736578 0.22543783673399375722 -0.007294253043935545848 0.97423024775517785834 -0.026356865502518530414 0.99956031345262208454 0.0135829087953850524 -0.97390096899510858464 -0.028739757183936731622 0.22514646110349662012
-5.9500975399847195746 -6.3441121645754332548 -1.7743362505684858732 0.91114644305430803062 0.004160769432206959384 0.41206170327657476449 -0.35871133836918434046 -0.48416365130981348086 0.7980674999495868116 0.20282587368189960997 -0.87496756896930072411 -0.43965147357538919559
-0.18333039870230277701 -5.6682841516552242567 5.0211667783371014551 0.95672712088081102166 -0.016178012134395628602 -0.29053655208006745614 0.0086218862938690805919 -0.99643885610251670126 0.083876511169603942819 -0.29085886482608391823 -0.082751906157143242937 -0.95318059295160662003
-4.9227877619924775843 0.86628616095694876975 -5.5991323975275166802 -0.95819140134968172617 0.012687527316266686978 0.28584657603365681844 0.029247078856896008281 -0.98944069310513715898 0.14195676526884851154 0.2846293146496266524 0.14438192919426823257 0.94770249116696592129
1.01780576599748529 -1.5575813455959142129 7.3549675024831620007 0.71207502275792755597 0.00049325236462489235878 -0.70210321083615467863 0.49823944572828599009 0.70421099956117905183 0.50581056020762615866 0.49467829615290481726 -0.70999058078203725053 0.50120530575405664031
-0.068093116004545178876 -5.2016826465196155382 6.0306679657482566981 0.93624482028807232137 0.0035039191048624302414 -0.35133083985719748554 0.20118856983138649897 0.81443462458908377766 0.54426041711624328912 0.28804304513928069564 -0.58024474562139816136 0.76180525026135836875
-7.3011914679576204179 -2.9317391972339348349 4.5178877049729813109 0.92295785065440416606 0.0002170020281988551368 0.38490097275224038897 0.002184762091884554034 0.99998077791610573417 -0.0058026384436082774354 -0.38489483333768381712 0.0061965077604317388149 0.92293963538329504281
-6.8792931695850230156 0.48947072017894388551 0.21036920017392052307 -0.89391664222532007944 0.0013387245274062140911 0.44823124006386244611 -0.27276340606301952008 0.7919025987199916905 -0.5463427481475429115 -0.35568688627136185731 -0.61064595467190518896 -0.7075297569554253041
-5.6650632221594721116 -7.1035779386502735377 -0.65965972150085183667 -0.68306898651038916448 0.0087390826897651933264 -0.73030157339370305181 0.67143832222793609077 -0.38593852908941644886 -0.63263103876434068074 -0.28738012998719625335 -0.92248310564364743858 0.25775488490142900444
-0.69755397517163764132 0.25120720073216606938 -2.8184862494949713962 0.065959762834270935228 0.0061310293430049608854 -0.99780344766193285189 -0.58812934957813167713 -0.80757778746850594764 -0.043840453376128740715 -0.80607268769728157576 0.58972919858749928146 -0.049661801031944549645
3.2774197078017750506 6.6709882653321574963 3.9216246218497143872 -0.99971348112537572472 -0.01263107744101525827 0.020332524168738499992 0.020885931718058747819 -0.87526975006500074006 0.48318385990992751555 0.011693310594595125035 0.48347008232553745355 0.87528278058209463275
3.802109961898746171 1.1214800366249746411 2.7786587805594606948 -0.98730871878536718977 -0.0076829934167263634268 -0.15862681180219767585 -0.13895238169266618811 0.5254465301255277776 0.83940346651709396575 0.076900776539147938649 0.85079193437127542676 -0.519845510682255596
2.0039249328311798948 4.2288102544343635358 -1.459776807242964658 -0.96847108141125448633 0.0074125952132181420484 0.24901569810393264781 -0.18500896695088006605 -0.69080297740298368669 -0.69897276667893826207 0.16683958348586983012 -0.72300504828341016772 0.67039410315051328748
5.3478074241411057699 3.7156478522662594877 2.1692129968749531699 0.98509584679613748648 -0.0058414071314823890618 -0.17190709871224826855 0.12036843601368385492 0.73734678642834428075 0.66470381084771013036 0.12287234121864486214 -0.6754891520273452743 0.72706037799964207125
-2.2406356795258450809 -4.2948127651912004765 4.0227166891950227878 0.7090077779605077346 -0.013733653107975134222 0.7050669170823186116 -0.48877523826767727 0.71113363938237206252 0.50535899457241162391 -0.50833722787924251474 -0.70292270820562130496 0.49748661192123316832
-1.1985513457912135848 4.9932027213092959883 6.4243205932899449806 -0.92813422465770223369 -0.0054909192984170336269 -0.37220519988873973505 -0.21656498238257335109 -0.80529295497278885474 0.55190838467709446569 -0.30276470967508073429 0.59285167325101917335 0.74623081154489967481
-6.935836409539891001 -3.953985038676088859 4.1580344537705986596 0.77814801889677254199 -5.1168503448785138121e-05 -0.62808093273785059463 0.62536825264240081257 -0.092777324235094354998 0.7747947577873225411 -0.058311313430662627122 -0.99568688124812354534 -0.072162491894491240241
1.8438055472229908371 -6.137422451723733019 -3.2849895392742083366 0.75537079148058638989 0.0033338765047336554187 -0.65528913667595989345 0.42058117211249324008 0.76438137605716338641 0.48870501286688583509 0.50252009416783560702 -0.64475576554564639764 0.57598919933735526211
2.475152610364435013 -4.2540281473710548354 7.1279007925614816799 0.76041221504255462893 -0.0085375941900896427234 -0.64938461076590736631 -0.491318616635451344 -0.66146998787460575819 -0.56662463067603563438 -0.42471081945436850447 0.74992303913583557851 -0.5071845376307244635
-2.7430841010286228787 5.7877825664795423677 -4.5840150312705976177 0.9925430689549442631 0.0043286188396637840375 0.12181756576260266423 -0.0067100948191384374164 0.99979417973521078622 0.019146090861660226834 -0.12170961710933222988 -0.019820727199226270687 0.9923678289205243308
2.5004825833105006616 -3.954035562656989633 5.0918227997783791494 0.73910798022290458142 0.0088299066335692892593 -0.67352908349934781373 -0.64698737276022588727 0.2875259100310765259 -0.70621256753880534696 0.18742127163073749041 0.95773215661253108255 0.21822553271940764441
3.2151185609129280252 7.0120340942961663089 -2.4404011690636995269 -0.99654268492019260073 0.0055811925882646110791 0.082894676675565603929 0.077133491331449699491 0.43289892522430217792 0.89813637330565498917 -0.030872344369683172444 0.90142518870328203207 -0.43183275411222182827
-0.67444387507226610801 2.0951394977529491648 2.9446019042237150387 -0.99911259345496972184 0.0022486355877455684905 0.042059115988459322422 0.0079183625715594143507 0.99079640738447971593 0.13512874841489569411 -0.041368165706568295337 0.13534187360894961438 -0.98993497367967808742
0.012148622667591625623 6.5569589587336007952 -2.7678142332547115423 -0.99732071181092973866 -0.00061709616381919489211 -0.073150645830037705486 0.068628604433153037045 -0.35411375349542512092 -0.93268084800702821813 -0.025328095992082234195 -0.93520215396333894464 0.35320733114659463858
-6.3419015587843974302 6.2440969202291762841 -1.3196160095444198213 -0.68365874267249271412 0.0077220613253814384888 -0.72976098370381925484 -0.47212248674866547082 -0.76719594820701508819 0.43417822902678110397 -0.55651691894648724901 0.64136631251066456016 0.52814597613045299873
5.0457160668440268481 -6.1242269863944107655 -0.016306528098245082897 -0.99926311101028630901 -0.001169991087470991821 -0.038364907075905785305 -0.031209431862587865003 -0.55707096277402601281 0.82987825239417389867 -0.022342925880555666168 0.83046407120053167272 0.55662394855787766801
-3.3360077613116914108 -2.9409867363130115514 -4.9670146419925096382 0.98567988301556674902 -0.0071152740554471811257 -0.16847712335366987757 0.088088157240058514996 -0.83022462560531729014 0.5504248791546691999 -0.14379028052149556149 -0.55738356982739090117 -0.81770894046350461881
-6.967464371917320598 -4.374132931495732457 5.4341511303385310327 0.72444587624591894048 -0.016028702367700750631 -0.68914530622400449467 0.64728825773133136234 -0.32798338520669539919 0.68807325949447617486 -0.2370571319182932235 -0.94454749998539888622 -0.22723102006095777239
-5.9206768695162201865 3.2933772782775685428 -6.4638775996913651056 0.73999848188633310375 -0.0026663870160020071085 -0.67260325392171049774 0.19311243888932755342 -0.9570479333562037505 0.21625642003148015657 -0.64429017744494321285 -0.28991747729119815569 -0.70769910527647206244
7.2074075492555262912 -4.6435914097330375228 3.5483474153993794786 0.83322259335100889999 0.015049792916135645848 -0.5527328592208632374 -0.11351194979312691224 0.98299449795448445855 -0.14434976357929912849 0.54116092540341076411 0.18301726892403391567 0.82076155617331358894
5.8251851648188344157 -2.4588218583327159372 -1.0631104621745492977 -0.90373728622178728376 0.0014971737998473819836 0.42808489340675975887 -0.39500771036391191249 -0.38836931081453068826 -0.83254921005938187228 0.16500856415812839573 -0.92150259733117789729 0.35157522220205267294
3.3357569176767736252 1.6526895731906785514 6.2458781871022752696 -0.99995162608173815411 0.0091016353488608762318 0.0037290388115442298783 0.0018315074934975427573 0.54479008290027197692 -0.83857045688111486736 -0.0096639058761327969321 -0.83852306217987082615 -0.54478039898265351315
3.7578136883610415708 -5.680720929939876207 4.08183762900591951 0.87761042998260663239 -0.003646036523222317971 0.47936065712924291748 -0.37093494140545901772 0.62825957582012381675 0.68388388973187574926 -0.30365638875258943452 -0.77799525179018225174 0.55001471413212843498
4.313374539263151064 -3.0330910854597217252 6.9077181289801776742 0.99132325984245006634 0.0082991333965498573916 0.13118429357262220702 -0.013066739155937643832 0.99928340007927185518 0.035523888496405184312 -0.13079546942884615057 -0.036929807892103337641 0.9907213202844112887
-0.50197828661620358393 7.0800956428807406695 6.8507793279631394867 -0.66890770989739822827 0.0018683727267237802 0.74334311379280737508 -0.47810912629634277904 0.76462648879452199679 -0.43215506011842735878 -0.56918726179706280455 -0.64447097825824450901 -0.51057126749452252934
4.169045764363800366 -2.2598532300440963283 -2.6169198641233286651 -0.9339368718251307433 0.010619046014639503192 -0.35728021958551808845 0.18760113957675708662 0.86538188340248534125 -0.46467193621758956512 0.30424945665494335101 -0.50100043087854218005 -0.81020419425259715407
-0.23077313475688315814 -4.6545784237068490441 0.78686144562129078928 0.96895095316191270918 -0.0042288792762457012853 -0.24721684195579560206 -0.17100778273812894392 0.71068364977709241881 -0.68241123099086065107 0.17857880224012584458 0.70349901671546422044 0.68789442857957172617
3.0201414005726978651 -1.1070295180422513592 -4.7140582327186946188 -0.99513220318708239809 0.0017288389703654166111 0.098533797734127820389 0.092033102748649855962 -0.34122302183699304567 0.93546606425188227885 0.035239270403275617383 0.93998077665676815773 0.339402907084114136
-5.4848122891770652032 -2.2536104541838812843 -6.9195045476448973076 -0.63193219002274425566 0.0056015216391136161272 0.77500343881063826768 -0.034687889541783596681 0.998767381047753533 -0.035503082599228963367 -0.77424702616942708833 -0.049318774419453870195 -0.63095895346500063816
-5.8336186186507790197 6.9895403973267224984 6.2676262592468789947 0.38571626342928427844 0.00046707512015989154086 0.92261733452556005108 -0.83136347443436409144 0.4338032543337907998 0.34734638317643745653 -0.40007216536831380349 -0.9010075018390605317 0.16771327951979175808
1.9605777156967008068 -5.9120464756779238513 5.489622696275616498 -0.99831797204138983393 0.0014472050524444281597 -0.057958021848826132838 0.0081216053106537254569 0.99332183613942970357 -0.11509026620738847801 0.057404409467119318911 -0.11536739333983958566 -0.99166279466743634252
-6.8612491001420821135 5.1669611202309928544 6.6028893417897478457 0.9910160585554191881 0.0008257167122671688498 -0.13374038237274815666 0.13244269281561912854 0.13304026141276131812 0.98222157477994487262 0.018603892201785366539 -0.99111029004615625038 0.13173567534962762893
6.7861252293875562458 -5.7405399707351358884 -2.8402414671426554627 0.44202726399309272276 0.0017825132968835623315 -0.89699984422149048324 0.00072916040562404603464 -0.99999840917628557424 -0.0016278728379966337161 -0.89700131895776480384 6.5507406446940362119e-05 -0.44202786054373105484
-5.9588127215771473644 -6.5478501689340093961 -7.0406277416224902765 0.25288182025792887986 -0.0073471493703860220673 -0.96746927826109829773 0.70186463122429043615 0.68965489910776123228 0.17821941413039354973 0.66591052283276619406 -0.7241009180582946847 0.17955789051961162928
-2.6440863136178203163 4.369400188007618091 7.2086645517547154327 0.94015409792911053266 0.0095989557995387157774 -0.34061434525676476115 -0.23143009238777856318 -0.71569346018043633606 -0.65895597985922094164 -0.2501007486683548553 0.69834857421096274699 -0.67064065222216728834
0.57635561961233705564 -4.0272097412693872442 -7.473853511768311364 0.77886678172936740783 -0.0067814913475534198059 -0.62715273075503630285 0.42814367528205649061 0.73646229201587376512 0.52375212243462143658 0.45832251704933291148 -0.67644460513328130702 0.57650946787691548234
-6.2719839035794207049 -0.40565226282262639712 2.2317811861567076193 -0.96056621463253988313 0.0065145124942500914553 0.27797501404528246471 0.03609450138567442401 -0.98834493698442416054 0.14789006899376264115 0.27569862944208639588 0.15209157328472491799 0.94913561678999036619
4.9193619977583882275 0.39016294624664699109 -1.5478295023924368845 0.98641127329088640341 0.0036914581120525242694 -0.16425338067054734426 0.13730945310960057659 -0.56749414179721080487 0.81184759229339287234 -0.090215929920683862742 -0.82336915910357932891 -0.56028949108985393046
0.16138466906813900281 1.9469335783753221047 -2.8277379193599458951 -0.98655614619034159851 -0.0038892484431319578747 0.16337638801495651952 0.02755691875140388325 0.9814422711033831126 0.1897674490535764813 -0.16108254605379968005 0.19171839306101234879 -0.96814072898461633887
-0.8995805368339727659 5.0148641879467037441 -5.0583968663496987617 -0.97931092944353903551 -0.004178429597305860152 0.2023181756498607653 0.16206941834277238668 -0.61487705715951634922 0.77178993788262273412 0.12117593453418487592 0.78861191045088441243 0.60283301799490829342
1.1063078862349147169 -2.3824326694538404681 6.1317547365166706896 -0.47214890134511922071 0.0074026390155633725598 0.88148772872580938298 0.69963477945213414788 0.61147428893726496479 0.36960839999871825112 -0.53627100456731102707 0.79122967266412214116 -0.29388605743756041067
6.9498301332159861943 1.4905875779820578764 -6.9860357054515587194 0.99675002018103597834 -0.0076480251185578173451 -0.080192923508893731999 -0.048410622795985333577 0.73880760542454992912 -0.67217537426442208748 0.064387955936025725867 0.67387300723410359371 0.73603624995770033923
-4.3968415399167257718 4.7859405149352634012 1.1306455857153885347 0.72345786332267170149 0.019530917073495929898 -0.69009221360251715716 0.57147729299016913895 -0.57776198244391629988 0.58275620566324148886 -0.38732728227320711856 -0.81597158953034354401 -0.42914792494671466505
3.8232142678840221883 5.2479991749152272718 -2.9188938794671916988 -0.9710118705535022432 0.010730523329771759003 0.23879029107854343739 0.23270938608759994537 -0.18579740555556692461 0.95463378617955685357 0.054610336668207304367 0.98252948045234556051 0.17791439281595167188
1.2039494851240257756 6.4567646294145175645 -6.4059499121413079337 0.93502291057405773067 -0.0035825595939694065625 -0.35456920617608533863 0.29309365743062870679 -0.55498649892284934726 0.7785153139067365613 -0.19957019986838708814 -0.83185164018607127279 -0.51787506605782629432
-2.1472180107979701447 6.1905162807273885761 -7.0465060336807505692 0.97241320102169925832 0.012431669753958854777 -0.23293350996772232975 -0.082935171826971229581 0.95175809107910114282 -0.29542899881245898719 0.21802367704628489165 0.30659743908337921958 0.92653315461179530654
-4.422114659058934194 -6.3811637035176200783 -6.918175682587387243 0.78146441256893339755 -0.0069773384924926469541 -0.6239108018266328326 0.14383444257828209567 -0.97099168538256297456 0.19101518276334922275 -0.60714497858131022401 -0.23901142998923327609 -0.75779186543397203391
3.0698213720875600075 -5.5087606967593485408 -1.6767732388497795792 0.89272582150808799106 -5.0624573237484371546e-05 -0.45060027191498414068 0.22466980024867697074 0.86688154708063447362 0.44501670102071616553 0.39059453205196337233 -0.49851417308667878014 0.77389891508042518709
7.0754778015379526934 -0.57430180606669734011 -0.071078565498094561925 0.87517471711538807888 -0.001091325319655476328 -0.48380577046052042345 -0.21482904422009910239 0.89512872309079272171 -0.39063160504151428487 0.43349474769751938918 0.44580643569473871191 0.78315957863756235913
-2.6567171068296602243 -2.004486256468859029 -3.4486090048805504438 0.78560919202992263166 0.0033242932836018623463 -0.61871410721934860799 0.58414115774594765895 -0.33361753983420744385 0.73991786364581202395 -0.20395417432671850144 -0.94270264993217245397 -0.26403486244360319102
2.9100547108267744711 -4.7244780836006050606 -1.0241053183382418101 0.98443627470800243451 -0.0065712132441491620527 -0.17561902002777249332 -0.17347462734593196987 0.12366617774101079652 -0.97704310557430162909 0.028138491540915515354 0.99230211913477206487 0.12060153255399720662
2.0679379144414755665 2.9474885907698822329 0.93511436483284515742 0.34902921118433427594 0.0023285641886043868636 -0.9371089517921257217 0.26870142780861777654 0.95775872880952606092 0.10245857739996173941 0.89776285979855463548 -0.28756354980773807251 0.33366008509905842327
-6.6053255555071102023 -7.2394269734769052249 -2.5138601290645050668 0.91291474646475379018 -0.00093343795062404439494 0.40814923052834412021 0.34352119068570047267 -0.53825906184226690598 -0.76959104327852423388 0.22040838740210055846 0.84277892180466196237 -0.49106397925788008996
3.1813453418808719242 -2.8725515356676503131 5.2524263735893201854 0.95600899529518268416 -0.012592151679437725911 -0.2930669524712845031 0.084980170179758993121 -0.94434589664025958555 0.31778797676298292663 -0.28075820841242365988 -0.32871304387709054939 -0.90173308866537082995
-4.5082318033089263665 -1.5089936266730956671 5.584195905933436066 0.94916477787655384457 0.00055085072907002730416 -0.31477916227435509544 0.29708193506747460066 -0.33214855436891677076 0.89522045423869756053 -0.10406031085498218536 -0.94322692624532378236 -0.31542735663010668112
1.2549776302960391483 0.12526537624663827697 -5.9338066789944718948 0.81237008361720774996 0.00065677817292041345415 -0.58314184885512521106 0.46788401628845055491 0.59611965547406464694 0.65247674568478319923 0.34805085051688122721 -0.80289533875835383814 0.4839624783539037689
5.4298518523330105978 4.6708631273171468123 6.5191101006876772672 -0.94318435963213731466 -0.0010377966701953277376 -0.3322682451323871744 -0.31712955738364789759 -0.29560992192834184555 0.90113462806129507321 -0.099156984519228941188 0.95530816862182188487 0.27848553891618682554
-6.1506183163616414689 4.793776090540428747 -5.7598858056549655515 0.96547047862454260514 -0.0065093203949963072269 -0.26043114954351859192 0.21295307827442322424 0.59555501783498387969 0.77457421025040507079 0.15005912620698066973 -0.8032881484745453271 0.57637696793194415079
1.441728865207571042 -4.5636897302970353962 -6.3441872628226683162 0.95038785242063572589 0.019010555502356078772 -0.31048595580285082152 0.13475970299109016337 0.87444284046743980809 0.46603598702798099129 0.2803618241150023227 -0.48475593604918815194 0.82849799640323973371
2.4951043745749799108 1.647011576586642212 -5.0967482133457950866 -0.86895802654035070312 -0.007807775825881178855 0.49482419781963199457 0.26781130187727841818 -0.84823540123895169174 0.45691772855951373611 0.41615989078473597518 0.52956184031877517882 0.739171970910897147
