1125 14.717824617146108679 14.977075390850430381 15.033177056927090831
-5.4117939562762966688 3.5442746849792117203 0.89159770126392612344 0.99172490910359245575 -0.0024309434313799153753 -0.12835807406416407939 -0.059115181912035928702 -0.89616492134676983827 -0.43976565238213277675 -0.11396095792391416901 0.44371446253365681711 -0.88889278082763434341
0.62039630554244096228 6.1393637023974401146 -6.0763942143610263358 -0.99166055129871277796 -0.0016339070313813133274 -0.1288669133086918217 -0.069251465848645887835 0.85005084069906622357 0.5221281477804269322 0.10869031914442806031 0.52669810952262197112 -0.84307503577661435656
-0.13138596588156672973 5.3000378715690876774 -3.4807323724386436403 0.96320007431650489504 -0.0014937043117139014309 -0.26878129712468507018 -0.14713326152006570013 0.83392783006780302202 -0.5318986534979172065 0.22493870318615852288 0.55187149145963043662 0.80301957430881687472
2.9219786536078729 3.2005410805875764702 -7.3730633029577132831 -0.72684846974546934995 -0.0081237077910154744526 0.68674981427038361836 -0.59881359060300498598 -0.48216783685841552165 -0.63948139989243091286 0.33632363244012353221 -0.87604119907175281856 0.3455983677496015094
-4.7788036087128711316 -2.2494004949304069463 -4.3386243999420095463 -0.96805484901018845623 -0.0020025034689529321377 0.25073053122374355794 -0.15515440904934066357 0.79031570711868948109 -0.59272944286081841181 -0.19696933431483423793 -0.61269655871511352618 -0.76537964976749250923
-3.5711318940393015353 -6.053882583384784688 -1.2254343878789912825 -0.9844826014017781235 -0.0035640528812863354197 -0.17544601752186333998 -0.17449618288883883555 -0.085955865995259950196 0.98089890980578298141 -0.018576589957302394596 0.99629257079841571088 0.084000140937380951556
-4.753268254089363154 3.2361793168337493753 -0.10684761264274458825 0.95534540793089806066 -0.0039132955684943260613 0.2954654593401792595 -0.26803733551180508599 -0.43237581703202365713 0.86093387644909036283 0.12438303066351093229 -0.90168499985511940675 -0.4141171606192470267
6.253027941741432727 -4.6751491999335232919 4.4427532867436614339 -0.99823130443862195804 0.0064171718430405758765 -0.059102307437632652098 0.0080966583557218960165 -0.97021866277032486892 -0.24209541618065297253 -0.058895729576807206995 -0.24214575428396012402 0.9684506836797142082
-0.65875814533838006337 4.4418464029939608295 3.2233913247201102514 0.99988350643934742479 -0.0010202010812403504783 0.015229338146895076214 -0.011746889014878872382 -0.68852294725565121869 0.72511941202877205903 0.0097459811774734759343 -0.72521383763147018175 -0.68845472295472576185
1.677365199343370028 -6.6278685560218972839 -3.9925974305137916787 -0.96948973460547538394 0.016659509651787883511 -0.24456515539371992407 0.058210389583373475797 0.98479614491223954609 -0.16367071671695282431 0.23812014832668598752 -0.17291331268660323217 -0.95571950971858876667
-1.4384455116738397162 6.2839649117194333883 -4.8120642719446067304 -0.97390451548839418461 0.012845526515136037465 0.22659432287649980409 0.21450284094375227095 -0.27410086855624732349 0.93747386368039686833 0.074152046083524408848 0.96161515498937366608 0.26419267165532778208
5.5112372092408028479 -0.91641992064173494192 1.8657805083841181304 0.99623300147507654057 0.011335027486685111606 -0.085972809211981388033 0.051498698701523612509 0.72032207362571687437 0.69172537489921637199 0.06976883834469316259 -0.69354713423045832865 0.71702488227158289735
-3.0710979821021369141 6.6938364572725044255 0.13396363531678404102 -0.83537774153416632927 0.0079079692249885719796 0.54961940738297121456 0.50838141179858431506 -0.36911854589343368049 0.77801017937769545441 0.20902719700327129781 0.92934867681635546788 0.30433315266776472807
-0.49929414119477821821 -6.8089266704205551051 6.8583806080841149821 0.97358180289940809971 -0.0070997280591802956751 0.22822810283736236214 -0.22662950336657489148 -0.15210477323945839623 0.96203077194117336823 0.027884426963575528746 -0.98833887499147876632 -0.14969544720421484874
-4.0983034145009673566 -2.3676311648869754478 -5.7759817053962203559 0.88876171546312210392 -0.0079583271746411776704 -0.45830042347314042805 -0.34912842622259504521 -0.6596153603605610094 -0.66559516102485749567 -0.29700497492539507105 0.75156120270073911716 -0.58901935746167743968
5.4402134373573982629 6.5260886138458298333 6.6743886849442182196 0.61548928087662524433 -0.0084147339704317789671 0.78810033458831219022 -0.053600466588891684805 -0.99807479317384883988 0.031204121720315513427 0.78632050406135090004 -0.061448348090777163422 -0.61475537037868965839
-5.2195685378623837281 -0.094337193627715310029 7.184999759232434613 -0.93031107670321533387 -0.0012129776505468582021 0.36676944972078218132 -0.088411953689134376022 -0.96976459012994031816 -0.22746420855819202145 0.3559559340819370421 -0.24403927637855205024 0.90207549826860888853
-0.85984867553806321183 -0.39327046995525771766 4.200703310274915836 -0.68954122815677265645 -0.003771764030389031068 0.72423661083113188841 0.40087049713522326932 0.8308501602990344681 0.38599333628675491781 -0.60318797998527939885 0.556483409390845285 -0.57139345102491034822
6.2018849614487754351 -4.7304243434489983144 3.2775236016786708504 0.9585359333745934185 -0.0032947013660679959346 0.28495264408751058705 -0.25345248479414017595 0.44725197492163326629 0.8577455968295171207 -0.13027164841690791475 -0.89440193194763262241 0.42787203898729220253
6.0790914877640958025 2.0466611410657642445 -7.4730214853713290424 0.97105606037182412571 -0.010092845647336486092 -0.23863834998125030284 0.017930534728190079125 -0.99320732407630396565 0.11496828834678249343 -0.23817771419561201141 -0.11591956637149515574 -0.96427902113083818758
4.9205559109816068286 -7.0647165231146402675 -4.8431807655212155694 -0.99686290165704261046 -0.001611594274054777183 -0.079131271087069132708 -0.073575015399599819066 -0.34964603206232813815 0.93398842036288887147 -0.029173145337924023118 0.93688049132582296163 0.34843058500097412455
-3.0793390603420420781 -5.3197371784251155091 0.91558054702132629643 -0.82658910661399565001 0.0027368139899776040662 0.56279921701786861377 -0.12028993383896262326 0.97602155693508052536 -0.18141734265242942525 -0.54980067355706474519 -0.21765667976701116859 -0.80643957560928702932
4.785649137413749088 -0.73990748315931120782 -4.8920555307549689061 -0.97811686954063581378 -0.0015951826529999862253 0.20805010192836156935 0.17988180365426040264 -0.50895956331667757677 0.84178542374085674194 0.10454628751997263603 0.86078895107965625044 0.49810887912683982082
-6.4144718879478608287 5.2663773839225473949 0.62441709621818419773 -0.86828255253746189357 -0.0086963886886390028008 0.49599373159640897102 -0.44894596499445910132 0.43911036537822090153 -0.77822208111350188453 -0.211028267003164266 -0.8983910394929525145 -0.38517607750804466749
-5.5854805038164796471 -5.7371647522512878581 -3.5737206078341920978 0.92756765381291716999 -0.0087959836550931622817 0.37355170762758105329 -0.14791610422256026847 0.9094115464194314491 0.38870485635066009955 -0.34313127766431961163 -0.41580436494893485699 0.84223966682765027958
1.0572728915607656486 5.2271106624267815732 2.600906610190500956 -0.87122439201677315257 0.0064684344370546644973 0.49084235566099121417 -0.46131481679526764594 -0.3525897210665020487 -0.81416775200404090107 0.16779957854553084751 -0.93575565611653954701 0.31016875001482036023
6.8211800969213616241 -6.6749862430210109565 2.7167518508517658482 0.9542302951177914494 -0.012021695245841920383 -0.29883109396948820402 0.001303870428624486974 -0.9990150718180477174 0.044352972869220165519 -0.29906996472642294327 -0.042712587416896402592 -0.9532747720750121001
4.6873880721458496268 -2.449121047513640459 -1.7434417690964247871 -0.97944479933900940871 -0.0094165220948518660316 -0.20149246675571733101 0.19963928507559644543 -0.18809874419413377677 -0.96164599426558028394 -0.028845119208899046293 -0.98210497989998790658 0.18611224450208788128
-4.5641070792283997548 3.4040959807842203766 3.621928918725887403 0.88930183132735440843 -0.0076161995469767309816 -0.45725730863757563238 -0.096131115866267061176 -0.98063495740974526704 -0.17062792522991987454 -0.44710296505422802982 0.19569638169992828458 -0.87281261724916558986
4.3331433671129850893 -5.9641974712097693967 -3.2556050391617263884 0.86629548379831622373 -0.005032192963155671106 0.49950656830967021804 -0.18448235831828815878 -0.93248186033560476194 0.31055408484550006687 0.46421804598692584243 -0.3611817508941022048 -0.80873317515803355704
-1.0625707267584898474 7.3235309333168814305 5.2248105951658025958 0.99616702033392312554 0.0034485359833037430854 0.087403519371543281213 0.079879766302674071188 -0.44304008890519230857 -0.89293600137878481604 0.035643941061503946199 0.89649516854379962538 -0.44161739350154444184
-1.0709992160467289857 7.2734780698384664532 -3.0796918407725617506 0.97931261941333702659 0.0046883498432030313446 0.20229882064355889093 0.069517256112274536384 -0.94667935496863586664 -0.31458790501042360743 0.19003721888265864837 0.32214316421737787532 -0.92742096007554009063
3.4112643588876552236 6.8579533121788909256 5.321603422011008 -0.60134602729692432366 0.00083628803175172638368 -0.79898827029974273106 0.77174399952396943725 -0.2583035471828752927 -0.58111141505861974021 -0.20686748089741813228 -0.96606344415634459732 0.15468441166481783355
-1.2622932561785966676 -1.12812253896062753 -3.8236443201835825789 0.99840975466102510616 -0.0041232539777584821528 -0.056222420567956850335 -0.046738750451362172378 0.49706967867275259065 -0.86645093557016827912 0.031519057792569908638 0.86770083169306244653 0.49608650019434619161
-0.94922681216171445051 6.3146235916916308994 -3.3104537552814443657 0.98265598908449369731 -0.00074779489673207095307 0.18543637161895135113 0.1853092359359232999 0.041201708634820685684 -0.98181612651373306733 -0.0069060982647847855148 0.99915056923789735688 0.040625679051498622685
5.7495459646586137836 6.891648014686214907 -1.8868943062356382523 -0.92002438699595590066 0.0080780541053943021035 -0.39177783548124028856 -0.24065804857712294607 0.77738070877936171765 0.58117375824503514359 0.30925528449421696431 0.62897852003025778167 -0.71326516131994366354
-1.8067841682226630784 -7.4782492799710800213 4.1265710040006666759 0.99806208805558371822 0.005711366346542340669 -0.061963284940192139838 -0.061280593815717439299 0.26312998160236694689 -0.9628121839712039387 0.010805424920774974601 0.96474348563559686465 0.26297005478935647771
4.2769727676742457234 7.1369054102741760204 7.14243791535044803 0.92884100367178890068 0.0013034711228108654835 0.37047630269820869264 0.36197382005591438592 0.20984418147646799468 -0.90826228210503567873 -0.078926190152813477385 0.97773397223555302826 0.19444005771569627949
-5.2888513524674127808 4.7903380033456706144 -4.302076883270704144 -0.77846436473961777569 0.0057433687721923035868 -0.62766252600077832025 0.43495489501070744298 0.72589445412837871885 -0.53281467769951817992 0.45255659550680404912 -0.68778212769806157389 -0.56758107146226333128
-1.8627602842402892769 4.3582346409329018044 2.0788537843558003715 -0.95164161723326468056 -0.0045811049446197208909 0.30717624554525663205 -0.22536528178216636009 0.68993115485203171389 -0.68789933226573529712 -0.20877912279978752541 -0.72386049418516684728 -0.65759962198973298531
4.6999108162821991996 -2.9422930393915276426 3.5388644762433250079 0.98248621004004665913 -0.0083129231168992158418 -0.18614978482527660963 0.011825634822325839166 -0.99420874944480863711 0.10681346772905542242 -0.18595967692560255724 -0.10714409846793393477 -0.97669808063754581795
0.64674674097808448892 -7.0453229354707538334 -0.4343659140233598337 0.77242030619077262088 0.010846974138323065354 0.63501906564773824559 -0.049136054259946250478 -0.99583672611619478143 0.076778011760829031895 0.63320811646400421147 -0.090507226618796107753 -0.7686715313929697313
5.2241992015202054489 -6.2012344255946372229 -1.2637164496486357201 -0.48071607580574621243 0.0067842291679088015735 -0.87685006055571979022 0.051040777995338973416 0.99849111321845251954 -0.020256747155307595204 0.87538956667513700971 -0.054492853277127169254 -0.4803370020081007552
-4.0831168732907823227 3.8592615226641195925 -4.3285554354198643168 -0.99982896957543465621 -0.00098548659908267999263 -0.018467821041007432409 -0.01679047076107829245 -0.3702589346439746909 0.92877683078765693736 -0.0077531728641023860138 0.92892806510106173956 0.37017906231723235466
-4.6947905648799910239 -4.2621145193706633236 -0.55589502483542552191 0.92019447962968414778 -0.0059472542925902427413 0.39141633821991966835 -0.21563776911990928387 0.82680500745568197285 0.51951307218887565753 -0.32671466478883487428 -0.5624572070945632607 0.7595389509428381869
3.062795904352143328 -1.4683082550884234418 4.6020519499590006873 -0.98997809245921741805 -0.0030106473137626686004 0.14118892468494873005 -0.1406218187119590568 -0.070985345584566095223 -0.98751535928025580002 0.012995405075108436635 -0.99747281502556484067 0.06985057431358659974
6.5131745914009702147 -3.0559486196122334078 1.6750519014215201619 -0.95254209777790754821 0.0024181234994532316979 -0.30439728093335244319 -0.13706022700480849363 0.88946571640552574145 0.43596471590322155576 0.27180516208174110293 0.45699550546796152695 -0.84692211085065949305
-6.8609873707738548987 2.6528634985484744746 1.0600525661168631597 -0.8227254996947991339 0.0049881078463291008557 -0.56841698684335517644 0.55813707127611644765 0.19660049409481927807 -0.80612111707171896224 0.10773004139618069797 -0.98047099115771474409 -0.16453228764892602332
-0.52764228743946539613 -0.66188744700388801867 2.6941627475580340878 0.89041672564963258996 0.012648847240892569302 -0.45497039612128847841 -0.16322095079606693813 -0.92425212780233101384 -0.34513319961158445137 -0.42487289382184834086 0.38157307415007007956 -0.82090499643932945961
5.4813784495113280215 0.9297869049764426741 4.2157035837711216431 -0.87374920399756217382 0.009056024712316958214 0.48629241915750581748 0.20271275984011313809 0.91562965226459303025 0.34717413050498990845 -0.4421197411467611138 0.40192079855392742749 -0.8018664515853096697
0.2775791949386861579 0.46392189287429991262 7.4083760408098884298 -0.55294952544352771184 -0.0095985948537237325562 0.83315946210096480939 -0.70494543399528586392 0.53844971067371849571 -0.46165338097387320637 -0.44418324754654114894 -0.84260297652706805938 -0.30450199760720969566
6.8478076275831742947 -6.1271903035192529785 -4.5226764782104327267 -0.99579592932710281339 0.0029421912397840960414 0.091552229063333476211 0.052706782785622630083 -0.79904239825205913839 0.59896013293380734321 0.074916367932166078036 0.60126748565537746494 0.79552809410450442407
-2.1594091100025769592 -1.6515063450800786526 -5.6713862528903939975 -0.99700440452859329099 0.0072658909947513651562 -0.077002754357533731433 -0.0319680478843545543 -0.94527106194153498464 0.3247162813449295804 -0.070429122279492856196 0.32620519046153362286 0.94267168858035033097
-1.746350398525132297 -3.2655469138112134253 3.5721203948835205111 -0.9628832655728979395 0.0042871235904699545038 -0.26988411855987159971 -0.25549386127979478722 0.30800953106468381693 0.91643494893084609387 0.087055750687998367798 0.95137361186062752161 -0.29548188933917463039
-4.0276021786698237293 -1.3342387047529384869 -1.9661331397921049113 -0.94567916976444399424 0.0034674525530571913973 0.32508288888589725874 -0.10330655048003123397 -0.95131995955294823553 -0.29037577582190082781 0.30825097648110305615 -0.30818551446979747244 0.90000168009255177015
1.0142270831274526888 -3.3548259146874741532 4.606428040950429903 -0.93210381796917052277 -0.00060538874541784127442 -0.36219070395533797813 0.36219026831336731398 0.00072223785283170383389 -0.93210390403191367703 0.00082587304939385529703 -0.99999955593840417212 -0.00045393474801091061172
-6.2342469614877389361 6.3347576467331867534 5.0517337884100621537 0.95552062792170922023 0.0052728704614880246918 -0.29487713789501418526 -0.29251846016113586257 -0.1105042020138123221 -0.94985355281860961441 -0.037593617556589763173 0.99386166953676724489 -0.10404663254823649787
-5.4678775838823980848 7.4492873850754843801 -3.8119546601279732378 -0.87039078605915665143 -0.00037070771776280021792 0.49236139381475035881 -0.34189045817373009406 0.72005463303869499114 -0.60384786167491755204 -0.35430325168296716853 -0.69391727750166687372 -0.62685565948747257181
4.8417411865087434109 3.9439985526679883776 3.5247836120759994394 0.91861628798744876523 0.006898654783942135757 -0.39509052634340630084 0.38822885718074334749 0.17056779439146022015 0.90564064725949444679 0.073637421847121339868 -0.98532179316143331249 0.15400809727120876036
-6.284162554049702365 -0.84898871287941268804 1.5737331029804715321 0.9995209598700134368 -0.0023518957558238892669 -0.030859672175262906069 -0.029116145562473338265 0.26659890391327639714 -0.9633676735803792246 0.010492895119883230426 0.96380469651195965763 0.26640271420052719087
-1.4898851936740928892 2.4041391030609209345 -6.76955263325577139 0.72248794768433177715 0.0062330860133936946688 0.69135541806624856154 0.24326948868459224995 -0.93830682068128345996 -0.24576465599833968723 0.64717163204667826903 0.3457476809778851079 -0.67943168881970805728
7.0564344252488222509 2.153476777692020061 -4.996656120664312084 -0.99416176057004623789 0.011868351216204976739 -0.10724521462333293231 0.078526998913586498752 0.76123703506217887949 -0.64370155110216809025 0.073999353117598642982 -0.64836511217763370674 -0.75772473699166875694
-5.2910470863295469002 -0.24419435325203214804 2.6377288079680334398 0.97252073198541333365 0.0048809026602413714546 -0.23276512334924626124 0.061525240174998538367 -0.96962606409129870055 0.23672756632121907949 -0.22453968620263231593 -0.24454339619822182406 -0.94328174831059974359
-3.2631049460129375461 1.9083082002327453885 -5.303404379931023982 -0.96070497478866012653 0.0068657024665405158581 -0.27748660066041913597 -0.24071159130714608887 -0.51840518217573605675 0.82055712592344010048 -0.13821679068326594986 0.85510755418417550011 0.4996870916386306205
0.90804867395867117086 7.1991103062555517056 4.6978011001300226113 -0.9606294891030752181 -0.0072419727244909708544 -0.27773825537121671347 -0.23979986851506629453 0.52645807791247645202 0.81568248434110091072 0.1403103977821428261 0.8501702453224851963 -0.50746777852637847683
-6.0641387796024419643 1.9600277212055108311 -2.6686867915362117998 0.96127519406798089818 -0.0061739419270249659699 -0.27552111300356763035 -0.23634240197685008056 0.49574310484454248149 -0.83569195462633694138 0.1417472056073584008 0.86844726750695688811 0.47508638505261041596
-4.0241249529784282046 -3.9832006389525989043 4.4497320714074506398 0.99726111734428524169 -0.004517422520226353419 -0.073823144928093276107 -0.061937835002895673397 0.49450518708794971579 -0.86696500767802042731 0.040422375344011177156 0.86916293802531707779 0.49287099603717005047
2.1420736044603327919 2.167643328917988832 -0.41580761678234146039 0.77840093227195805703 -0.014324856989902812893 -0.62760400501468460721 -0.30172127154853095599 0.86816049183182231186 -0.39403253002452093279 0.55050546131109034942 0.49607676713849474526 0.6714548221377339976
5.8000185571516578165 7.3019749184974207523 -6.6771880390926501292 0.79785028220663112286 0.0059408746388736255115 -0.60282637068342870279 0.34941314854355887132 0.81030683626491895044 0.47043945702635275863 0.49126915108492724693 -0.58597571375503421098 0.64442771827518785521
3.9606082426178574885 -5.5693825543087802643 -6.2070629340393850271 0.96641471701383852011 0.0025224175738222738737 0.25697515862150277499 0.20784204557380342449 -0.59577784528653021656 -0.77579020563388978449 0.15114323944738231043 0.80314531466929506287 -0.57629274218403814256
-5.2370139991282282921 0.024742761083539260847 -6.5296234030359761036 -0.65946246688358256538 0.0033097002502974412486 0.75173020469844786806 0.24870506523254248821 -0.9427170328420683143 0.22232945490237798758 0.70940471192357723584 0.33357704038760610521 0.62086336083453164125
5.5730645264119500482 -5.3728708641567424209 -5.2057248892877723279 0.99669725035413780923 0.0029388160211001115862 -0.081153893910805227629 0.074741629687083505074 0.35756387327854488589 0.93089299348411425061 0.031753423881614679936 -0.93388406126593792589 0.35616327742394354727
1.3748317103600087297 -4.9080894708270133009 -5.2000281485292543238 0.89992436590749347314 0.00064932587029268087897 0.43604554122452965359 -0.057856242043475995807 -0.99097951011793095066 0.12088120525115973736 0.43219068812561950432 -0.13401189836087720741 -0.89176903971557541784
-7.0589785717956239353 -5.7140169685404291755 -2.887443623870205478 0.97954794020644575525 0.0021748295576894637049 0.20119916240802843133 0.19824875230841490503 -0.18137981050377868786 -0.96322312916054109166 0.034398619819118403385 0.98341071504122867797 -0.178101377020351892
1.5269369436514559357 -5.7315013684243707459 5.6476659328898097812 0.9879692292949117105 -0.011847179895404310809 0.15419612931269979783 0.15432640489321455823 0.14005015184458496913 -0.97804361647176873973 -0.010008132654166225842 0.9900735322676735839 0.14019357326184267443
-4.2087487572631605559 2.9298199677460656787 -5.8207047019836002377 -0.91366286470535251762 0.011105798447519316802 -0.4063210933476941733 0.39923346148653560128 0.21234033343634942104 -0.89192164791829253723 0.076372854390972258476 -0.97713266450202129754 -0.19844128369671362733
1.1788074820130913789 -0.91664141048474878648 -7.0011086616971596186 0.96775300914965922683 -0.0071614630158868750054 -0.25179917936579809812 -0.12635816109782005423 0.85093838690249368195 -0.50984063865085060829 0.2179167923906291382 0.52521669351169630868 0.82259327522828407098
1.1075146930665180633 -5.1322422992087046723 6.5096165530368201857 0.99954549905486711481 0.020536162006950860193 -0.022069466900901425765 -0.0025805156722532394259 0.78767913547781087669 0.61608028735849529323 0.030035583199477938754 -0.61574332768036232899 0.78737412845426557606
-4.8771567329212039965 -1.408561713026333706 5.7198645358662814076 0.99366016319235705989 0.0076781506548178161953 0.1121629443584660768 0.065980274194535906696 -0.84761041810140103081 -0.52650088560533336857 0.091027927043627013259 0.53056349773471167541 -0.84274331285960579763
-6.8695226065293688578 1.5756710934220308218 0.5122265521770976715 -0.95640097910724486407 0.0021288148202766358184 -0.29204902894908424393 0.28570740326915000651 0.21419749863999201778 -0.93407211246966559415 0.060567704924913992603 -0.9767880526111151207 -0.20546691557595045396
-5.0782955280229078454 -3.7388205844761634999 1.5068533833672808075 -0.8001620903203778834 -0.0073882396444902706176 -0.59973831220706397271 -0.26673855139862917563 -0.89121602419173207021 0.3668576609826293411 -0.53720682647539907961 0.45351892147835853875 0.71114654850409253495
-1.5188042770971259543 -0.085136333727135554694 -3.6288165001000622922 0.99997170091705134265 0.0025049497630100009057 0.0070938418190158933352 0.0010280931913019160373 -0.97959342051251052652 0.20098674959544748919 0.0074525424828847247616 -0.20097376872422542671 -0.97956827423883574557
4.2424551028986199341 6.0822645342389280998 6.7369718308169543874 -0.56601024263023358429 -0.0022627598723273592562 -0.82439510257864012654 0.46398110104768675033 -0.82745626269363026228 -0.31628732380497631693 -0.68143520829814718809 -0.56152561228041897312 0.46939859783004017624
2.2713161964880494992 0.75887002584110863079 1.9475015281444472137 -0.6227462935874501504 -0.0015467973201713555026 0.78242230364498599471 -0.63108510295688657887 0.59212082215786399075 -0.50112326307301402473 -0.46251340158853199158 -0.80584771476076477725 -0.36971720810086411424
0.1950829690118011106 3.6415895041036154822 -0.73105426808853257725 -0.97729189667839388989 -0.0011553414396679971554 0.21189434601418583037 -0.20193596082597062291 0.30807875885091801083 -0.92968238988916118704 -0.064206046536783994982 -0.95136015447937649636 -0.30131617954746148236
2.7925968055142886826 3.5836462085029041624 2.5424322482183021599 0.90105321885055755793 0.0046151746308923666598 -0.43368398282863263038 -0.29558286131345418157 0.73828879360910426577 -0.60626762187089777711 0.3173859935421392553 0.67446894472201979198 0.66660166044573709865
-0.093883312837585927713 -3.6651951633913779638 4.9891277205176054466 0.84819860583548600808 0.0028870308762077917172 0.52967045425585912444 0.39725646797695579604 -0.66490020291972118383 -0.63253064653648038984 0.35035185700853826996 0.74692662638980988898 -0.56511431682499435603
1.0119818452668714048 5.5589076517289432999 3.9604014290112576901 -0.99259432085103516119 -0.011816764751910237632 -0.1209002824025042222 -0.086347513114708701609 -0.6314074000145550869 0.7706288355530285239 -0.08544367263359407827 0.77536124437436138024 0.62571105114840464001
4.7281734709321323606 -3.8597767425954749854 4.6169736547486968092 0.99971213753138987723 -0.0074506843052458537197 -0.022806345078176276653 0.02085553803932928621 -0.20006848947313449205 0.97955992468708763532 -0.011861222767046484747 -0.97975358474638918338 -0.19985550923389219791
2.1435623959179039844 -5.0935219442997778927 -1.6530634751615842504 0.99649967888681090233 -0.0067437859115586258618 -0.083324134139873981542 0.026049797469624283441 0.9721621707754327657 0.23285644024761076309 0.079434237142208513616 -0.23421194475220247222 0.96893496526088018772
1.7084986901779926072 -4.0197224970907585728 -7.1364867069953898948 0.54467119980465483753 0.0040754440959759746788 0.83863977657802668553 -0.63281620096494684002 -0.65421965103582535583 0.41417424351955389739 0.55034256595309505311 -0.75629361953807605623 -0.35375559521535698826
-3.9514121733097966604 5.7727979459867695411 -4.3008729997721077964 0.99920555691517776165 0.0051067020067726443672 0.039524380125957485344 -0.027681556513504484984 -0.62453882167124852298 0.78050303756912819964 0.02867030621940977464 -0.78097706869037253341 -0.62390129966297191988
2.3121108870572850691 -4.0750254164212478258 5.5460476312471191918 0.97817138156288063744 0.0070540640922060107026 -0.20768001461615059888 -0.00084671916288799151541 0.9995506583095687958 0.029962719163731818539 0.20779805426867853368 -0.029132827751650634124 0.97773782119205510099
5.7472679076189860936 5.8499795474128584161 -2.7222916971087740556 -0.97431515394802037378 -0.0015087334084836240451 0.2251837128003413846 0.098499390057053368142 0.89638763326766279782 0.43218871003665659813 -0.20250395291308642687 0.44326846791556800964 -0.87321544558380959078
-1.782140196467505433 2.4441563936175896288 1.2858725485426105717 -0.8689048390950588896 0.0051276242698682812649 0.49495261194034689822 0.053023793911462398232 0.99515663593555592215 0.082775281531534822266 -0.49213093570360688656 0.098168107971657286859 -0.86496830271452807004
2.008962490796339484 7.4245046103886478406 -2.066504046310564835 -0.55068214053714770184 -0.012764661697961067477 -0.83461742343737133076 0.42560271405502153597 -0.86443997869014588264 -0.2675926998842685367 -0.71806093744365451226 -0.50257396137684662296 0.48146433249359854578
4.8248244232884793803 4.9554538946523276621 -1.916709516786341938 -0.91885026082311760387 -0.002378613922560763802 0.39459921487644011862 0.1297009259055308672 -0.94624315993730578889 0.29631326681567399239 0.37268199313160993436 0.32344740603002303247 0.86976428273866923657
3.3514603229037569498 -6.4509693891939852151 0.6235976379871369657 -0.9502865023935326283 -0.0099986169820846654277 0.31121630906357522495 -0.07644287439192946898 0.97638813156192694187 -0.20204629048741123976 -0.30184772704699086576 -0.21579213193141602578 -0.92861278554254755857
-3.2074264275687696113 -4.0594978447912986042 -5.0085271722109361292 0.91005673718375335035 0.014428041542813484222 -0.41423250321974147692 -0.41197461171086641185 -0.07831175709554623332 -0.90782387499238115236 -0.045537395755184027768 0.99682450828508206708 -0.065324155333178118843
5.606509068088499248 -3.9820026381764557222 -7.5047791674439743304 -0.65289297385617239833 0.0057819763897959831206 -0.75742810446810948655 -0.10590642561540671018 -0.99084497540184468534 0.083726123367572305445 -0.75000972907192353656 0.1348807008798269258 0.6475280710730209055
6.6419323453865564133 3.4135914470388173392 -7.2514571785420995909 0.95789904157499838888 0.0094668634323744477177 -0.2869491325066834686 -0.032560527294129129605 0.99659011760300264537 -0.075815233023377448518 0.28525293725387468324 0.081966554110871031602 0.95494096456027421915
-6.8056261481646194156 -6.2619393666608500482 3.4889601764811399853 0.99641294048820305829 0.015236408048041138671 0.083241239162762076242 0.083101888052506497906 0.009562402832634230021 -0.9964951764329853523 -0.015978993387203779819 0.99983819307015020517 0.008261927648669821489
-5.8220368648860159055 -2.2022358146988327832 -2.2816008984343696397 -0.95171642955919932838 0.011697908392035820391 -0.30675559757948428485 0.30092968308729295401 -0.16184145637680968921 -0.93981310314064958611 -0.06063962025016080698 -0.9867474357388272832 0.15050692515239899594
4.2215350276341627733 4.0129593260683824596 7.3689991294817369649 -0.86217314948656109674 -0.00058249225269277858652 0.50661338415716461459 0.20295623107726526446 -0.91664372117896320002 0.34434438675555983922 0.46418339971535271804 0.39970482749894137298 0.79042382447818471114
5.9522330132118828061 -3.8032750281960527872 3.75238196182409256 0.88833526324246603334 -0.0096421942384768838386 0.45909420402588380083 -0.25824551005761087197 0.81620153989848509557 0.51684069383357922334 -0.37969687464480950112 -0.57768683069429194177 0.72257055643550438528
4.0337284188163957666 -3.3200945278981475184 5.444049569973270053 0.99300354421468572941 0.00020985988204828614698 0.11808436448508369265 0.11409296893824573405 0.25609840910847692097 -0.95989395210669659075 -0.030442661116772917057 0.96665069224151434213 0.2542826843755705557
-2.4149527055550490395 7.4218959474965489065 6.3062087016836603226 -0.99793222219211430435 0.0051450368041033658906 -0.064068779502955738869 -0.031367172077586685797 -0.90901790083962752398 0.41557497093664769183 -0.056101518932778579596 0.41672531066565515756 0.9072996390521532728
-6.4992164730858252852 -4.2938009744720702088 -0.71475654363984342243 0.66146176812246071375 0.00099924287422637619871 0.74997822023430626981 -0.15291196600656431492 0.97917296421227373315 0.1335598622628642318 -0.7342249382608181385 -0.20302538676079148749 0.64783827639799174136
-2.28591855413205991 -5.8879996322483982851 1.7077026174532521363 0.96175358370611041536 0.019899513172834407126 -0.27319233811335374984 0.029332622420607492447 -0.99910464199092108295 0.030487892909776007078 -0.27234103893884242797 -0.037335287967796754183 -0.96147617483848124564
3.1863460348373071618 -1.0938369884465384274 -3.8987981113228777907 -0.99814073156083138461 0.00047824745253469906191 -0.060949579807156428757 0.0084820160748521784833 -0.98914952813000678322 -0.14666719607165390471 -0.0603583913188244503 -0.14691147769852572202 0.98730637712808222428
6.608558089871878316 -2.0627091255920753099 -6.6173926363655031224 -0.9400123292678675968 -0.010032680533707774573 -0.34099291216333904586 -0.258210500576281754 -0.63231905406401356373 0.73041080992799312099 -0.22294429397604406673 0.77464311730559298752 0.59179716338851973134
-5.9785924965737375913 -5.6936839097029094958 5.1085005706465427266 0.98957531717327884557 0.013457610336776226756 0.14338613728490640087 -0.03152946035944109715 -0.95122655202687711462 0.30687772784683603478 0.14052254186034948691 -0.30819951239906678842 -0.94088600573402314531
-1.3634971312888579664 -6.1979178326323856041 7.5141428665384646379 -0.99727120241413846902 -0.0046389565384702506623 -0.073679229892972653015 0.038305234544397555319 0.82065216743328306404 -0.57014272694956236176 0.06310988703749957629 -0.57140922303474173116 -0.81823507746177726041
5.7752900778352032063 4.290499842407217379 7.4941348090056854048 0.51774453274087472998 0.0042012270151088153269 -0.85552495493030589202 0.85514340347741013559 0.027721592790330151779 0.51764975879685271032 0.025891278573620182812 -0.99960685421070072376 0.010760051537592831006
7.0449910073578072556 -4.7567860269358490655 -4.2165223118219019582 0.88251037359427542128 -0.0044471866367224287958 -0.47027190329614354525 -0.20696801990944840854 -0.90158943327383134214 -0.37986936247045227644 -0.42230282882485037366 0.43256989763503622681 -0.79658245299944552276
-4.9710873029098365805 -5.9711055132963437586 6.6059602694713710491 0.8721253746797157369 0.0060843309044387242079 -0.48924463385620853284 0.47915801297132043501 -0.21298267134257900524 0.85149631843777584539 -0.099019843693489983938 -0.97703703237150552052 -0.18866294795140606255
-1.2796068243113896123 5.717696464524079758 -7.4526458774263764084 0.99043051791334280054 0.0096891199553336207484 0.13767174779317109534 -0.061684225470255600599 0.92343058301727776183 0.37877567857032079512 -0.12346029934377385218 -0.38364316663119735207 0.91519149645475084132
-1.4668059169814204878 -4.5613533666639716202 -6.0578957134869177992 0.94324634085778358283 -0.0073390609178222059386 0.33201276879529340036 -0.14547359719182012538 0.88960004389079716525 0.43295403269818000247 -0.29853604971321540118 -0.45668139889250242147 0.83804434663524651761
-7.2258656091607278427 -1.0909673683878431394 2.7532500056765494278 -0.98783859306914867382 0.014043266427619521819 0.15484734647772077643 0.013875131804367139485 -0.98397723700187011975 0.17775341847505604642 0.15486250275832552648 0.17774021416156321473 0.97181583723924080953
5.8613991118120489787 0.052597893930714886834 -4.4280979498958759066 0.89913912710034527009 -0.003372871648501116898 -0.43764992157443111109 0.40235757233341129524 0.39984110993205734808 0.82355052716530929846 0.17221270017975076616 -0.91657826209508130866 0.36086988701147731939
0.83007435883808489141 3.975048946373080927 0.28869440653727246326 -0.99934017661613727679 -0.01392975294932029609 -0.033543604216114360217 -0.0047890328137529551353 0.96600485593727458689 -0.25847956102996433314 0.03600384098603442995 -0.25814836875009145034 -0.96543417338824888407
-1.3573650953270945951 5.4379046631400047573 -5.7665214636837713869 -0.98931581164070636625 -0.0057519695517101714771 -0.14567477366971628983 0.018299888564022617071 0.98641862104406108358 -0.16322811686726226843 0.14463519252245823909 -0.16414998904589248041 -0.97577427829404606019
0.74382872396053090203 -3.0786766890777363948 -6.8021386388213773699 -0.99017615140191805878 -0.0025091709813931353974 -0.13980305166865658606 0.061706786247685940783 -0.90505049392685910092 -0.42080384500820094962 -0.12547295216847503818 -0.42529672877137647546 0.89631424777837487294
-0.24159127408742217535 2.2047387673311176215 6.0132812829275961164 0.992595061565637371 -0.0055190733722676283898 -0.12134489517332733288 0.073300845985430448937 -0.76936512323636052635 0.63458986213576473734 -0.096860878239587527849 -0.63878544674772852474 -0.76326346911803555351
-5.2136574017679278015 4.2816732497623473108 2.1570602004786390005 0.97046073988468439797 0.0057172437024053546911 -0.24119134616912568658 0.015239865567127171622 -0.99917534816794417729 0.037634692916084046266 -0.24077728057256592153 -0.0401987156242980051 -0.9697475776830480898
6.8423148747866102681 5.0213150709644702729 -1.5966909650078018323 -0.99855769098655577931 -0.0098292353429205656101 0.052781852035260229394 -0.035219688840018900655 -0.62208871684620581366 -0.78215420595341278442 0.040522972370138257703 -0.78288505829728438634 0.62084529007248345778
0.84139734996166193337 6.0022307853715046733 -4.6911979089583795144 0.9343029410952988778 -0.0066904285682692996723 -0.35641724484967191033 0.093946662904749664302 0.96909980254984673387 0.22807805073464593182 0.34387794170281010819 -0.24657820435597577191 0.90606133917465414562
-3.775541174953905621 6.1779757736420251035 6.7290770590455366573 0.99853526618187049557 -0.0083610344736219175538 0.053454796731901531304 0.037369256255639998754 -0.60789208869941546709 -0.79313980305077058652 0.039126217272079412413 0.79397563035599594272 -0.60668924295963966298
-4.8153891699157860273 -7.1360480523846030465 -6.4792086699324755728 0.82281843818431388282 0.00065556864772758731419 -0.5683039574152027873 0.56830297887049729955 0.0012358796216652271661 0.82281844705163054154 0.0012417692565658616441 -0.99999902141511864961 0.00064434292475858568477
0.93626792327010721628 -5.6700092706561839861 -4.2547780555493064369 0.73749287151684606023 -0.0097427499998978643603 -0.67528463871487387493 0.21696968032522820358 -0.94347187598256843089 0.25056930588076670174 -0.6395532990153361963 -0.33130936909840075222 -0.6936899016607205315
-5.7053733821057104336 0.46520826388029373755 0.90558732692405530251 0.89243198415715574434 -0.0037116118388660634952 -0.45116668492999661977 -0.4441390988641119586 -0.18322068987144918273 -0.87702373950947387637 -0.079407899565384743035 0.98306480088574954568 -0.16516047573802739024
-0.92931965661222082353 -2.3766147656885729944 -4.9450265094222132234 0.99991397723801578312 -0.0057357010453677644002 0.011795755912373060564 -0.0071884784790656464093 -0.99186866717010557792 0.12706247622068120307 0.01097104831742390374 -0.12713633949299915638 -0.99182457485141251041
5.0680632132217811048 -4.3496394267526214961 -3.2437807739045187994 0.5882448446091844696 -0.0098401823047009600448 -0.80862301080472109849 0.61087650926402625728 -0.64981203146471833154 0.45229881073605371355 -0.52990366409392919422 -0.76003124578922454102 -0.37623744125729802201
0.41045922904817055965 2.209745435814459924 -0.49631158366807870408 0.93097086172806597926 0.0051099085065553218055 -0.36505772618648668626 -0.24777658168009825124 0.74321802453719554293 -0.62147705796272822987 0.268141791193241108 0.66902978770614596193 0.69318044041763704488
6.4584900004924099548 -5.7791055125432002626 -1.8847084541474470321 0.96414228811624225202 -0.0041910998411233361255 0.26535275191371943126 -0.25571874770633579166 0.25273905562631981958 0.93312962220293338422 -0.070975843337881608375 -0.96752540247956364539 0.24260466858505363996
0.69010508890475730226 -3.1238298180097401335 6.8909997335964412457 0.98669805301882673731 -0.0036594865749517125307 -0.16252249175694299943 0.01842591728829339956 0.99582142005323470713 0.089443752914377810947 0.1615160603189314259 -0.091248602845897683333 0.98264248571776902086
7.3028018958420339857 -2.9759079962331513869 4.2319997129636304223 0.8780081315604694181 0.010825798003201381192 0.4785232732181151083 0.47756603176473855221 0.04729836837369814917 -0.87732180507142831782 -0.032131078697566421709 0.99882213954580367776 0.03635831864858135587
-2.036842611883666887 -1.6204623692451531891 -7.2460918813367829472 0.66736964492020134365 0.00096362518512890533301 -0.74472600898956442528 0.53773728008843335591 -0.6924534257441675722 0.48098531243515318945 -0.51522458660482040038 -0.7214619356567799624 -0.46264057404870889689
7.0262306043530697863 5.4811241290793732972 5.708369346846101422 -0.88063321301902575122 -0.0079520518120550619939 0.47373189569599533089 -0.11665512471606725997 -0.96544029322581448316 -0.23305926734105208986 0.45921315966035125555 -0.26050298479677402863 0.84927113980559421069
-7.1030400298650713253 5.5841279206615990205 -4.5963064969427440687 0.65025644881912658679 0.002605451370514055582 -0.75971031478606465548 -0.70010195789848506109 0.39035373295486847089 -0.5978973253953435707 0.29499796493522750795 0.92066127038742917588 0.25565411378022617761
3.4691287871146156974 -3.9544984770254445472 -2.8635354133971153701 0.85256907688809713264 0.0018611811070486927733 -0.52261123709608103827 -0.17430745431419272795 -0.94172095029217861573 -0.28771263988818934765 -0.49268943616109467376 0.33638993413275447564 -0.80255774353601561089
