1125 14.717824617146108679 14.977075390850430381 15.033177056927090831
5.0964849659319773068 6.8191794496596447317 1.3958790797476494649 0.89671981001839351499 -0.0035529630908950338153 -0.44258440864293974171 -0.040119805157657319195 0.99519857933101896208 -0.08927591462280229373 0.4407765687450500014 0.097811881440410711197 0.89227173680129823197
-0.20227225598779507987 1.6315469322684854614 -4.0877770020752626223 -0.95255607809684261778 -0.011690577155720905528 -0.30413853502390930661 0.22165215344324823432 -0.71145180927841622509 -0.66686328879944034576 -0.20858389428402623889 -0.70263764023876451592 0.68028898680273952593
0.23883697050852714661 7.1302852445114695001 6.5182204104834964298 0.77510103329164536934 0.0030690757080736783512 -0.63182985760757548466 0.58525925227072184143 0.37334028555916332071 0.71978374447474269271 0.23809661026929265781 -0.92768939411471651457 0.2875802361522236672
2.3310998169783152534 1.8901644088679436795 3.8427608827706447592 -0.99787086627669541183 0.0053894496729267778179 -0.064997600482140843736 -0.058342852537322138773 0.37168544812444181957 0.92652363122064818057 0.029152114743453218931 0.92834308393224174161 -0.37057964423477368632
-4.0321085756839023517 -1.711991179447140965 -0.26338534244310141119 -0.99403343513693864786 -0.00054028818555158070712 0.10907446043228222199 0.013888230880937100717 -0.99247562721273685504 0.1216521534200770277 0.10818801630920917012 0.122441159245611636 0.98656146065498040443
-2.0430389465607130539 -6.5246435445427426458 -2.1051202827256183525 0.68499697934992065385 0.0047839317536978948411 -0.72853019997697654464 -0.72648026853309322082 0.079733441874233174085 -0.68254596744757289883 0.054822967026475599717 0.99680474128280138757 0.058092598862073109578
-5.1608637793222786883 -0.8631854305825797935 -0.7428358269288853899 0.98012767315003224144 -0.0070513378099403140054 0.1982423339263962303 0.040798281777718742314 -0.97083730432802095578 -0.23624230935455847735 0.19412687740107290035 0.23963557156711989826 -0.95125682563140712134
-3.2726682536952260705 -4.2102464333974181088 -6.3785445608436610598 -0.85016187140400789612 0.0028834813209484243257 0.526513511646622967 0.45357096195649304615 -0.50382688380681472928 0.73514070328299696566 0.26739142634126678022 0.86379983600881993233 0.42702654300427311806
-3.7827664661949467195 3.5875233985747203569 0.30891033958709890328 0.91981086717178017764 -0.0021515947553814212048 -0.39235613831408616692 0.3219972949057963163 -0.56726345148531953644 0.75797751858639239586 -0.2242001576851476996 -0.82353357384442771316 -0.52108227953455099613
-3.846394506112971623 6.3348373999024163439 -2.6872584265061472131 -0.99145839149466985507 0.005745378288023753055 -0.13029677111535784007 -0.069829512987731073848 -0.86715880651755783415 0.49311199883497280894 -0.11015487756186753687 0.49799858926251366897 0.86015307244814398491
-0.46717347500184558395 3.1688393588307057769 -5.2466684390536313387 -0.76828201431736631299 -0.0040840824153212228892 0.64009848206922392855 -0.24804113654426043767 0.92375175025163425158 -0.29181894813219966256 -0.59010028051030849472 -0.38297000427964439373 -0.71071487585651660357
7.157772920125136551 3.7604003420400031743 -1.0192066030022703949 0.98196178407773482277 0.0034600556388847099679 0.18904783158194121695 -0.18304669394062805798 0.2679420000459641904 0.94588635281870925287 -0.047381034689622507361 -0.96342883111633759174 0.26374215614001061958
3.9070595731962152186 4.4585897677582178034 0.3340535011047718883 -0.99397278701154723191 0.0026853602643919852189 -0.10959419474028753161 0.080898376927603793396 -0.65669497465852588736 -0.74980474983083933438 -0.073983452818918105098 -0.75415150937900155004 0.65251969289094002846
-5.8709742320836699747 5.294618403060183276 7.3202527856050023658 0.93446878645586828327 0.0082572312843299851964 0.35594930154638726449 0.33022002520171356288 0.35370475930395722797 -0.87512723543589987507 -0.13312709001412129095 0.93532067301932986236 0.32779935406765109418
-0.83354451086684655525 -2.2509164554574634387 -3.5670061172446856368 0.90538633415735303434 -0.0079498027066461189605 -0.42451429488064479356 0.025964168288158739201 0.99899017260770939242 0.036667383302443019855 0.42379411025419222447 -0.044220308344360644004 0.90467846025189235792
-5.2821633591904628702 5.5651106632265658902 4.9480556144952556608 0.92787746500546564032 -0.0015016654362849839524 0.3728822266292417531 -0.26650998045307155992 -0.70207180459763951497 0.66035415612218617554 0.26079846673998990925 -0.71210457531866766523 -0.65183681512791935564
-0.65102927871437354934 -2.9038725213702512029 6.6469561486944179762 -0.9962297568003947168 0.0082766763618046853418 0.086358371301562680822 0.078750948162850303857 0.50387613281375442931 0.86017854596828347002 -0.036394502729173106026 0.86373626727674546188 -0.50262819336168806927
-5.6841358995503554752 -5.9833443814358151513 5.091743100089577645 -0.98125550752438794877 -0.0033599589033780456748 -0.19268196498167811104 0.0075388033381558264279 -0.99975191852336087184 -0.020958717834806808722 -0.19256374372470416723 -0.022018448746795527687 0.98103740627851931944
3.7838195958343194825 -6.176446576776061903 5.8965872767797495868 -0.90583878768329939568 0.01119474860589459754 -0.42347463717671379735 -0.23784698946870375114 0.81377494879254608229 0.5302821346400451441 0.35054942637093328139 0.58107229354132561294 -0.73448627580754721755
-5.4110422966347320184 4.4440582370745032037 -4.2186290523490006521 0.95839876823376601855 -0.0069389902055553851282 -0.28534829851043275184 -0.15596762454921678231 0.82452911753707425202 -0.54389873545162914503 0.23905208875964273352 0.56577697438867635693 0.7891454328015575781
-1.0370415387622973213 -4.1863863752622894054 -3.1241823197033635751 0.99998936558752971049 -0.0018845462633311483008 0.004209180117415505136 0.00041128151858305897655 -0.87261914602448764633 -0.48840112288877846058 0.0045934256706584948235 0.48839766018776237244 -0.87260909115349105658
-5.2527839708309089772 7.0590924303959621255 5.0753164238662558105 -0.91941962978508107174 0.0076604235587471765367 0.39320333451847228057 -0.1671371680256310277 0.89741775121410716221 -0.40829713061715117162 -0.35599538119184559459 -0.44111528846399739034 -0.82382315508446435359
5.6517724207200998876 -2.4401496194805383233 -1.438303051301867308 0.99718150531882232546 -0.0046147869445783418207 -0.074884906300392906076 0.063758249628188629066 0.57822281440238709749 0.81338383467400077187 0.03954656817605927549 -0.81586584721145594123 0.57688732721342561582
2.670112397397534032 6.6484025939297675123 -4.3073489317871853643 -0.88459464986296876265 0.015179820237650928569 -0.46611358968760457921 -0.30548782811699898287 -0.77404925490888198958 0.55454931056430034619 -0.35237691795332554134 0.63294338137983274795 0.68935707993842698649
-6.727133198964788896 -2.6821033977490400524 -1.1216015367369025491 -0.98283823231583966606 -0.0045867660079073847498 0.18441250140863960083 -0.001803040329785607571 -0.99940421288357828011 -0.034466916254452931168 0.18446072249605480198 -0.034207906222185731349 0.98224439983550948519
-1.9894820725785868909 5.8644154809788524574 3.2096278896406134074 -0.96383269138592797542 -0.00046869108518228790213 -0.26650764218744010803 -0.25514806950451179857 -0.28722565469347716149 0.92325559078406405078 -0.076980553672869961312 0.95786283131484883935 0.27671789017275544298
-4.2294589160157212149 -6.4435926596289263557 -7.4966206338628884609 0.99610228297058223124 -0.0020968031014082649799 -0.088180753442647030749 -0.07053357989628358804 -0.61923304168634196731 -0.78203289840709611092 -0.052964667165688456008 0.78520445967958474309 -0.6169673415435636965
-2.9520523568298266959 -6.356619364887334811 -4.4641323861110304705 -0.99375082399621095242 -0.0075089773423185285708 0.11136837552024264619 -0.08260155934826188262 0.72053629083361003804 -0.68847980070947578657 -0.075075176989362668589 -0.69337657073995018209 -0.71665378597274986827
-6.0882051211196070994 2.6361432411772911522 4.6992357582116985881 0.21835827669577106969 0.0070645797180782145958 0.97584309943351843497 -0.55741788733125086086 0.82169112378020736642 0.11878129475605356258 -0.80100247308080663178 -0.56988927767963870608 0.1833609808661783025
0.15210318942108932982 6.2977933227461866394 -3.7126131312259116335 -0.87079132953167348585 -0.0052099825938948041495 -0.49162517886471845951 -0.44300257149137078905 -0.42538125053735154069 0.78917647794596446076 -0.21323972909481453408 0.90499925291276572814 0.3681102690267924471
-6.5644134543539713889 5.770987523262678387 2.8054837926373052959 0.98873754006613756573 0.0024617913629043763207 -0.14963962191595675533 -0.023561140144002724189 0.98995679838733641187 -0.13939300556994163593 0.14779360452668824366 0.14134877753267746647 0.97886545222052068205
3.4559374895960877083 6.9148978986051838902 -1.6284833986914997173 0.99928567699480186359 0.0038355536909422550257 0.037595535388070956684 -0.0089761325814188483441 -0.94227589259657129617 0.33471715115197558932 0.036709192270002917458 -0.33481551750073140772 -0.94156837481070387863
4.5384243301589970443 -6.7294511891638366663 -5.6980052378387240353 0.84757661854324939377 -0.0092449539006795016655 -0.53059250515459266406 -0.36500140794410962375 -0.73593809640327356725 -0.57023599540991976031 -0.38521143271933938612 0.67698570818720626985 -0.62713834439675797405
7.0404787575627487684 -1.0509262815073789898 -1.8248885832573038535 0.74975382109285593213 -0.013200126780748231217 0.66158519059130915796 -0.080269430312346734535 -0.99423206118820162125 0.071129649674305225893 0.65683028729962256165 -0.10643479298815039513 -0.74648885358558358938
5.117830254637889098 2.3647554491869842153 -4.3245894353864740012 0.90619357536295264133 -0.002559871990923629631 0.42285535473294699749 -0.25855901160216376855 -0.79462400764040741485 0.54929038222127990476 0.33460490356581573668 -0.60709647794803112131 -0.72074504852469900573
1.4504076677112551774 -7.3461443386295046665 -3.7881439030092343145 -0.98955811558148409901 -0.011479377629806945121 -0.14367658047105941188 -0.12990256649753417761 0.50293285517943775442 0.85450796742826062857 0.062450453192956369153 0.86424925054650225675 -0.49917248905132627357
3.5372650482621548207 -4.7032646886376374695 1.8443189229202410218 0.99912551410095307158 -0.0010832370473435781917 -0.041797531865180002908 -0.041766342700590930459 0.020625171830729514127 -0.99891449829513478953 0.0019441424685245158911 0.99978669169197187383 0.020561892559089994803
5.3487577760372024827 7.0539202698779863709 -6.0758378013351030944 -0.99165253212032611341 -0.0066439162512273016933 -0.1287676741894364929 -0.11943634652082639469 0.42361439302668907336 0.8979341875385178362 0.04858204060209433961 0.90581825130511972599 -0.42087181057119499306
-3.5294227023040622981 -7.3978516875048905277 -2.8170533878852928034 -0.48279685082399842466 -0.0093504117978765385888 -0.87568245993259530291 -0.82380006896163393559 -0.33437539358724460703 0.45776253947031425584 -0.29708693544699810163 0.94239358336234246849 0.15373251713296942622
2.529141009452099631 0.23854458758013613595 -2.1002852901382076389 -0.90375188156352725954 0.0052692838348627132894 -0.42802426475426735841 -0.24988613847226678888 -0.81835285257357415212 0.51754760793966225751 -0.34754777278811005425 0.57469195516605386942 0.74090465128620219826
4.7448822765099682996 -1.5483262442051775043 -7.1591573905187910754 0.85441829057736107256 0.006670807893105437647 0.51954295784756265864 -0.0077562497237732494493 -0.99964241261654396276 0.025590769590504713893 0.51952788694846052664 -0.025894926531359295507 -0.85406102092455626895
4.7003945206752648645 -7.4851960393950554007 0.16580993786454745198 0.96859260859925422338 -0.00012099296786338177567 0.24865305935696205286 0.2439182103005349822 -0.19375816083385005717 -0.95024295934989599921 0.048293532182521650697 0.98104931602396805435 -0.18764321005127643227
1.9579124175197446522 -2.8549310748621188338 -3.7583307052174617091 -0.95387098990161478529 0.0031688837616078140841 0.30020008794115621287 -0.17608829975888079522 -0.81578273488574759575 -0.55090057192768249195 0.24315230887699595952 -0.57834979695508703657 0.77870948822389285393
0.34535896738667687389 4.3968260033356392213 -3.4348315530208157753 0.16160624844582391346 -0.006051069262746758444 -0.9868367671627074067 0.56759422729314901179 0.81859939101873846479 0.087930826035553549813 0.80729190111553905673 -0.57433302324047186271 0.1357253285450501501
-0.071601180106774339751 -4.4315263398795616823 0.82093006846854199576 0.90539357565036060471 0.0088540215391130251688 -0.42448095301632782217 -0.070230816330772716238 0.98913277310617986338 -0.12916651889995042768 0.41872437904730847036 0.14675818024828257702 0.89617628339610488908
-5.3781553374838049209 -0.74614456565842446345 -1.8671922549384525336 0.95089574603365500938 -0.0072215184196209565928 -0.3094270994061830149 -0.2695601987055150639 0.47196526002218053275 -0.83939626673343792351 0.15210055703078795286 0.88158756967414242389 0.44684312409056148319
6.7390871086317467586 -3.2656473864760164894 1.9168792770579661244 -0.99260361953898756937 0.0014446403922123039407 0.12139179334783355146 -0.060766080666038356506 0.85973823916265823541 -0.50710713223339920486 -0.1050977541080479194 -0.51073287845566706089 -0.85329150291433086828
0.011664531244637368207 3.2252507348517749364 1.2344294428863891167 -0.98297405731455578248 0.0013291578849858320943 0.18373958742162901925 0.12840244962431315856 0.72025740553392680887 0.68171994301466598554 -0.13143368509254682586 0.69370563145529695603 -0.7081650113569450955
-3.7780196731552284639 -2.6845678331896976054 1.5477672049730712978 0.95066040527591089138 -0.0066264343364807170439 0.31016267378359085871 -0.11511176461667052551 -0.93593587917238529883 0.33282624855124381957 0.28808692349259928944 -0.35210810903166822605 -0.89051996275586575713
5.5419530805247472216 1.3682464711919426481 1.7844908648981447907 0.78980302050204198583 -0.0080789177026431048534 0.61330736168305133305 -0.59569380334555499523 -0.24836153848537653732 0.76384909429604352926 0.14615088594198805128 -0.96863371678351173344 -0.20096925448550420623
-5.6858000360949967344 -2.1826399988194955526 -5.0825723335113623946 -0.95262833842454697209 -0.0009575156532161716201 -0.30413538431765063663 -0.30270424482585939208 -0.093962284547791805056 0.94844147381217591697 -0.02948540307959303039 0.99557529712541337208 0.08922129095062647508
-4.0482828608068182064 -5.1002711598409096183 -6.2770412294779260876 -0.93676184226915248932 -0.0095043008821176829665 0.34983841860701525572 0.31305054990368824663 -0.46963329423413291419 0.8254961672545151341 0.15645000502942976728 0.88281041974570295672 0.44290987651527496949
-2.7503083975610067569 -2.8170104885351365809 -3.8629081407528995662 -0.99998372589118766918 -0.0041216091793995403986 -0.0039446534200629247702 0.00069066075393257875259 0.5988844436909417368 -0.80083515538021032842 0.0056631210966200870582 -0.80082484691898569995 -0.59887185074662308004
-2.7686664224337356188 -2.6825290918673232454 4.6151089944737639925 -0.84292323836295546258 -0.00087059170665369431386 0.53803313680261066754 0.50678371759350904213 0.33455800794519147123 0.79450689292293286137 -0.1806949855690762885 0.94237475634164535876 -0.2815655177756889449
-5.4672603557916126249 -1.7113151414622738145 -1.3577024848829417625 -0.99850695242849096811 -0.0040688722011030971359 0.054473022965449140187 0.050006379128325999239 -0.46939646977144672269 0.88157036940488575638 0.021982447508398061942 0.88297814154434828282 0.46889910807803369952
-2.8980950018591937756 -3.9436142832773497524 3.0235828815969139072 -0.98855952105552458153 0.0072699348143751129497 0.15065597027054281054 0.14248497963819370393 -0.28264516010793699907 0.94858301905789232933 0.049478317552892711606 0.95919698785772300464 0.27837570759101920581
-6.5442066583377549449 7.1860979666834339241 2.4062628785899224937 0.98877242924951269654 -0.0040231783114938381857 -0.14937502198239557827 -0.12665310423354583791 -0.55303993928758299337 -0.82347180688877230637 -0.079297379174642343425 0.8331450291450068768 -0.54734019226346408704
-5.347311006801459321 -2.5767077500791346623 -2.7756083851533697171 -0.9535215341933006572 0.0035079058596494167195 -0.30130446134464283769 0.066069202364931217675 0.97803374700006162623 -0.19769888777624022858 0.29399242222983029693 -0.20841709221073234648 -0.9328080034743354565
0.81626831669132449143 2.128844565454292237 6.0509138592765099318 0.88772483378830002732 0.010913297384489924896 -0.46024506452077534879 0.26838385638821488088 -0.8245341857579141509 0.49810990970542040612 -0.37405176794898653547 -0.5657068821012974924 -0.73488842584278590842
5.537439134585032896 -0.5570452558819388722 -3.5508235662259099996 0.9372897332704966944 -0.00084189814839839035958 -0.34855020744952874834 0.15326475374629960902 -0.89713705771565255276 0.41431270187172575259 -0.31304611667401638364 -0.44175150354096015537 -0.8407483202210611628
-0.92645693404440587759 -2.0454977235860818396 7.3941129654745623156 0.68369197696725825253 0.0028654012853043062808 0.72976507871093221347 -0.048656032347217922918 0.99794616801935343009 0.041665768343023421028 -0.72814687470783268086 -0.063994024805904603515 0.68242720757772123985
6.0890104430490916698 2.8961777103071422168 3.0248990740351549 -0.94652554580854775246 0.0097189120508295173684 0.32248245515109086323 -0.22034245494619364436 -0.74959813335175051741 -0.62414088235255060777 0.23566627607705667447 -0.66182186517528684977 0.71165527124855187946
-0.74125365414292920807 -1.1355234300481342746 3.8925273837478693295 0.95264499277374392605 -0.014420111406428336512 0.3037426182317000678 0.27486700565616772884 0.46806416486574875524 -0.83985955181225724342 -0.13006016663384839527 0.88357682063057951805 0.44986259579966891842
-3.5239965699337987282 4.338168613449601807 -4.2070443868098470475 0.06330705230953244389 0.0020488152608597858667 0.99799199369732305431 -0.51076691992333989045 0.85917318731000658083 0.030636379021820141222 -0.85738519385388212157 -0.51168079557814172276 0.055438188972249502484
-0.36690147048708032784 6.0500606056422530088 -5.8875152274475164305 -0.64860087956086731609 0.0021420402085309351442 0.76112568653057188772 -0.29165736376703116361 -0.92436509408833100743 -0.24593729890268742344 0.70303120925989515122 -0.38150305961392938503 0.60016875486128684614
-4.6536786480144991529 -0.79951410817333168346 -5.0972173666679374548 0.74484167973179005173 0.0058820502436944402738 -0.66721531278843426715 -0.6342709462340822002 -0.30420410310324064174 -0.71074624896563409759 -0.20715028095044105139 0.95258871772674402756 -0.22285308156280922431
-3.8246171058610518578 -1.7082014063016923711 5.0333869233100489993 0.90833697477391039943 -0.013465211302451134817 -0.41802228211335573649 -0.30614433113878919412 0.65956253378659934761 -0.6864786322504758953 0.28495541540779334433 0.75152907602401075593 0.59498273850610872149
-4.3483109812092024526 5.2509260255869785183 -2.5535394235787900463 0.98537172941453032848 -0.0047207619013895397997 -0.17035336591274038986 0.069349782786521901867 0.92421313431193696797 0.37552721604812411282 0.15567004367634443285 -0.38184787124252805857 0.9110208783169281288
-1.7763534816641952663 -6.1893284377718984501 -3.5944725155133778749 0.99603477509084026309 0.0075953339312561929386 -0.088639932943408494825 0.057667878555533839957 -0.81380239719908942231 0.57827335585857841949 -0.067743210675573484192 -0.58109204883175868961 -0.81101349445716186537
-2.5709427506414828102 -7.2520801911371330917 -5.5028202243177890551 0.99807396189073482873 0.0053583559876199627833 0.061803354413441161097 0.016028873702150763653 -0.9847071022228166548 -0.17347909972051384075 0.059928639259386677629 0.17413561052552303798 -0.98289640722882176682
-0.69172995377618917701 -1.1102315144564565141 -5.0295759001484805495 0.98165780184190754021 0.011583086539625465222 0.19029921752081974118 0.021376782044947598149 0.98517121592395451302 -0.17023721245485698428 -0.18944918387848946884 0.17118267266637088309 0.96685340114544071621
3.3066017350959078236 -6.7711804406116833377 7.4583343129315879949 0.98546525281765617876 -0.00065670633135668380134 -0.16987584944829306477 -0.15151686779780598746 0.44879121121253778837 -0.88069806830215313642 0.076817148227177889375 0.89363640115833853361 0.44216864233355163138
-0.3770712222629972743 -2.612663517805480673 -5.6059309599450806161 0.96882602528716499357 0.0048904248841727211358 0.24769379578539321707 -0.22357070524522881794 0.44800422832135772255 0.86562598803541124237 -0.10673458896856338751 -0.89401806198230449052 0.43513151157676882574
-0.56140775236939477466 -4.360405863260674586 5.2084996518176795988 0.91372693981055752577 0.005961769693536954004 -0.40628504373965595997 -0.26620153303513488519 -0.74664459510584446633 -0.60963808313537815042 -0.3069850538286500452 0.66519644158795543376 -0.68064224878011903019
1.2083805223897194914 -6.7436273332118679136 -2.7623005987342308387 -0.95645699321050614561 -0.012532813081417808546 -0.29160409588178354268 0.047884020729197923627 0.97880318473821159575 -0.19912670866877635323 0.28791863555103608396 -0.20441930961311016723 -0.93558302953819905134
3.0253161101585717141 0.58506528820862557794 -6.209993855415749664 -0.94400675917248866309 -0.0095380342751051200301 -0.32978821164316807213 0.25213319478317292033 0.62384064316220466662 -0.7397646274505657038 0.21279119043099153918 -0.78149336391356283293 -0.58650492873793969029
3.9457462019939093523 -2.6817302968485421388 7.4298113186137344499 -0.61728395295927507291 0.0055232411696725571687 0.78672105299527050892 -0.45320905493331709035 0.8148914416426652485 -0.36132186602000876396 -0.64308792085177535203 -0.57958729467153180526 -0.50051622741910284375
-0.20363907967844524505 -5.9590386861511417393 -5.5315538945246212066 0.77903698800955856196 -0.0014426354757307519386 0.62697630745983190526 0.61977475494063272166 -0.14937518729429100084 -0.77043254510629466392 0.094766156677216231707 0.98877953671369323008 -0.11547468694470647277
7.0181350965637374628 -0.5319141945154602924 -6.1244209123857613619 0.96765722167863277292 0.00070590586288741923038 -0.25226772094382571288 0.043511690773066546978 0.98454186420353362319 0.16965862900762643251 0.24848789527734133076 -0.17514799264505989673 0.95266832978375415308
-0.60156725729745441633 1.7923791189521538492 -0.18521193737158089809 0.97915040732892810738 0.0044619325749623017785 -0.20308759436568854517 0.16555112313718151063 0.56182937863636117637 0.81051870732826603039 0.11771705677405558399 -0.8272411017706899905 0.54937678699201653032
-2.7408513043309259416 -0.25906905599037344246 2.863859813018728051 -0.82304278526277907524 -0.0051991215844006616678 -0.56795558168008031252 -0.56783734667557350662 -0.014829187145021540534 0.8230071949436860157 -0.012701234082126587263 0.99987652454858910733 0.0092528000854535611547
2.0407584454222753578 -0.41367522978244347653 -3.3060137667157589725 0.7528366515600235509 -0.0040184774670120153306 -0.65819512905120869384 0.49786477773717607853 -0.65062640199826760057 0.57342475366124856517 -0.43054342307894893915 -0.75938734310069089251 -0.48781474350599923762
4.0413872995413937517 7.2205823729832907532 -7.1160985802818812473 -0.84007177523297160704 0.011301753978862637967 0.5423575230547775794 -0.54236683078344927189 0.0024907106032789109139 -0.84013809414087592398 -0.010845889681711972513 -0.99993303111644737946 0.0040373208097325878965
3.398136689334831928 2.6463225055727863655 2.7376140917864977276 -0.89669806601448320826 0.0031389089307776434773 0.44263159134495899671 0.065059810939032347576 -0.98817992058041626002 0.13880801692349675758 0.43783535650566596242 0.1532664079711596461 0.88589480683724786125
5.0013541662996114923 3.2053678459984498161 -0.98579637013321630423 -0.98883409872314698141 -0.0073691958355054376639 -0.14883823485590505498 -0.13190537185096001815 -0.4214560561977699904 0.89720441682539120443 -0.069340450525883876032 0.90681888359636164676 0.41577808296480889272
0.94967080778314316714 -0.47162914270468930811 -1.4933783435658469774 0.99981501852056076096 -0.0012043916465268888517 -0.01919578551143612255 -0.013825931057280676367 0.64880063712805968734 -0.7608328179650512002 0.013370578560321165484 0.7609574775919530909 0.64866396919055813175
-6.8138335699200709428 -2.7406751494829006965 -4.6928820337794876494 -0.29436994436576591205 -0.0079720607269824009244 -0.95565829777280830726 0.7156311265029163815 -0.66460069822956824304 -0.21489067614252493899 -0.63341805044874610608 -0.74715618056771104794 0.20134352536186478355
-1.3830393452359028839 -5.8124020731238541515 7.4846336964102864187 0.94420261110366909829 -0.0092946212340928244244 -0.32923401890001430248 0.32064965769501158066 0.25437265874244252561 0.91240251397307714498 0.075267696955659615932 -0.96706161153284619925 0.24315964569512044102
-4.692236279946331301 -5.2002205805713597186 5.6089424699870589208 -0.65161285973385485448 -0.0045856171886526457537 0.75853783896682169807 0.55084040590071703392 0.68463805416689504924 0.47733173162232750419 -0.5215127306754631098 0.72886878579177594162 -0.44359301712477983148
1.9161470315401631925 -3.8896400818078316064 -2.6187216416724146129 0.88460394181737200814 0.0035919142513025866838 0.46632924449714507897 0.39658967874290512734 -0.53187551402307275961 -0.74821458439216281811 0.24534158399217229074 0.84681493594218104626 -0.47192369237999326481
-1.2982542680365822818 -3.8265337666684251516 -5.6037410300830030607 0.96781022403583993885 0.0050021385427623703615 0.25163137495501652907 0.0051535025745133291805 -0.99998671896643653856 5.7463533485582751759e-05 0.25162832047085714748 0.00124116914349119839 -0.96782314904951971535
-3.7459439378065462201 1.8861521034342900727 -5.892344934315253191 0.71822099456290566799 0.00031453681900352539746 -0.69581499267808211151 -0.61730782997642663634 0.4617263493951351272 -0.63697709638898136753 0.32107576367400103567 0.88702236687747870736 0.33181572391966179802
-0.72879116226143936252 -3.9386775969129832475 2.7011016744306930448 0.86526180511342987156 0.013319184743680156924 0.50114330079275593022 0.49378567079866314549 0.15001874375920906668 -0.85654543827804707767 -0.086589375362066109409 0.98859343303437086092 0.12322866645280236564
-7.0845429834817581494 4.8159543716837678318 -0.96370471929011569667 -0.77580728720916936059 -0.0080909011471251568448 -0.63091805365801045813 -0.6270172194371848029 0.12163421121242175282 0.76945079452290976452 0.070515669480337161978 0.99254201723716350969 -0.099437841772508528404
0.95349781968919788966 3.4676892171867654824 0.11098786575926920805 -0.98631317050989375517 0.0022959696253491597429 0.1648667892640945376 -0.078000013010703722616 0.87444576289108921774 -0.4788116599792689998 -0.14526640234105209215 -0.48511785813891106223 -0.86229828717540901728
-1.0896024200266674065 -5.5572269680166010986 -4.5935319913896721644 -0.97697232119736276967 -0.0031968395520271838776 -0.21334212858975226679 0.20677326680425892058 -0.26082237973624317062 -0.94298276885847398532 -0.052629837064390186385 -0.96538151341611966316 0.25547726670873227572
2.9539448998327384466 6.1815165403355578633 -2.3837118476650118737 -0.96877183455715942806 -0.0065053509597278198068 0.24786853970936620351 0.14838267881180641772 0.78569026820607923423 0.60056089039726345824 -0.19865475880882974002 0.61858587346873050716 -0.76018932112174808502
1.6446452779798239607 -1.791291671365853766 3.6507144104933129114 -0.83601561488904885255 0.0075458608566740231066 0.54865376299234058788 -0.10919016223666416776 -0.98219550501589036884 -0.152870855290993507 0.53773171761799809509 -0.18771001547755380989 0.82195471283827803433
2.1013833182533221411 -1.8657020800579291464 -3.0590616446685889862 0.59573672807253896799 -0.0054025860325828730518 -0.80316160446674833562 0.67460802968691102599 0.54606125037892683238 0.49671029495717433644 0.4358919098897056088 -0.83772783342723589062 0.32895337054660173104
1.9465997572247260017 -3.3714261558679967656 5.6099622354342093544 -0.71299408350403215007 0.0040127563609079017898 0.70115856599960324491 -0.55712793180235220536 0.60392184264684345418 -0.56998848723425887819 -0.42573219809390905333 -0.79703344080434757046 -0.42835708205384631642
3.5653374238760933146 1.3783086051888981949 6.8221989899141588509 0.99947922113356080231 0.0049362069279975176461 0.031889189129613616791 0.031945619877113501373 -0.29090826840016276167 -0.95621747356295616616 0.0045567414727576416311 0.95673821562521410566 -0.29091445971205998067
7.1910353115682958958 -3.2504885749552654417 -1.8102791331221423921 -0.99988761638594403358 0.013287181227379152304 0.0069430118107032361141 0.0085169208648752589563 0.12232439776193133885 0.99245362802056869 0.012337611476872232738 0.99240122557721122121 -0.12242381637506596914
3.3547142050303793148 5.3661377515011912109 -3.3104344321007901364 -0.87073591644717074356 -0.0016524309542267539078 -0.49174814008883976912 0.11918913183114038246 -0.97088583435598807547 -0.20778509932208222288 -0.47708795275320270424 -0.23953698277905788316 0.84558211855437104276
4.6000265638776536292 5.2770757655355646776 6.7777166977597582687 0.95947538827669121009 -0.0031869335210719892428 0.28177441818946885599 0.28152892165456572249 0.05407515336618608226 -0.95802784096310056317 -0.012183823837804691817 0.99853178279065302192 0.052780992729747885917
-5.2824155415717024553 -4.3518586794961269248 4.5912935628460429527 0.97222524386811148833 -0.004895424904202303959 0.23399596150475984735 -0.20281728696346407181 0.4813315048226720072 0.85275150575876512704 -0.11680420923198178706 -0.87652496671813617812 0.46696976286006647294
6.6174288742566416133 -3.4557604037656073359 -0.065965416505498544741 0.82083599556105613093 -0.0021984095262396977782 -0.57115972843573459272 -0.52360272469239099724 -0.40240233685815862685 -0.75094110686915960251 -0.22818513335878640169 0.91546028110825472535 -0.33145741600894762513
-3.5175759135351145623 6.2636582111662422179 5.0354865832471373821 -0.94756341748697037186 0.0064619190174228860468 -0.31950244669325522651 -0.21670990607604792566 0.72179426117145706332 0.65730499857258817276 0.23486248412399415852 0.69207751599274824894 -0.68254547497474571394
-2.4833525343188727064 -2.6462939029080847497 0.3694970108140256948 0.80272369769132334572 0.002335049740463716883 0.59634655420093396483 0.20058311841363077321 0.94067239545537417733 -0.273682036377384863 -0.56160580282975636202 0.33930810772933067687 0.75463165203754445365
-5.2990579400598019078 -5.7538747652820028122 7.0761526027647532189 0.99448233591784351848 0.0048373549424781427108 -0.10479257389948307133 -0.072591212995820497689 0.75288457670794173282 -0.65413708804123704699 0.075732419366548231476 0.65813479937816232734 0.74908156198394693082
2.2155287881851415399 1.3862310953004122194 -5.4862247495958031962 -0.99911033680781169419 -0.016076960074647216742 -0.038988026862588218147 -0.042042728171674578763 0.30718513164902355728 0.95072062347554564532 -0.003308155341214339025 0.95151396534600862775 -0.30758775960649298309
4.1214119840957899044 -3.374931867201462321 3.1507188450559513448 -0.99953296058094942556 0.0096096152892447845445 0.029008895294410332738 -0.022750320795943433649 -0.86778366796634087699 -0.49642112013338113297 0.020403029576311716708 -0.49684923357577620573 0.86759700061688938
-6.4503085938631494756 -2.8562274564965433044 6.0177512344843586689 0.99988045048973428486 0.010539600979005928072 -0.011313776547226470082 0.015339710858859264414 -0.76812006488373152369 0.64012206585441389084 -0.0019437076236056662678 -0.6402190896358622707 -0.76818991093773503209
-4.9110940606605097969 -3.7554666274983747876 -5.6208541076214038057 -0.76147120816444213709 -0.0091662342722905187919 -0.64813392079552334391 0.30092438384108749494 -0.89061618827083344208 -0.34095061284548278113 -0.5741133288353419406 -0.45466337584979910069 0.68093692829393326349
-2.2163734213122960881 5.5864197926332881394 -2.0663109557433689822 0.99932820507731878745 -0.0022573743134438107628 -0.036579267326074624278 -0.035589835994462443169 -0.29797964610742971869 -0.95390853548950504948 -0.0087465485072696080859 0.95456955470365545402 -0.29785980447576415608
-4.0982417519871203737 -4.4158772216139707822 -7.0695422897562698594 0.92099453942832221198 0.0065018886533765099522 -0.38952122379577269751 0.069993533302569688193 0.9808289571582242683 0.18186660522397729567 0.38323617214351618498 -0.19476211706545445979 0.902883023495857584
-2.3359187229732967239 -2.1329740120863913688 3.2793335380427413028 -0.98967773875409015272 0.00079713866042270715984 0.14330854121254693601 0.13266352095846917214 0.38333573610379351182 0.91403178480434565945 -0.054206675063140467852 0.92360872559532281034 -0.37948459571228665421
-4.2177877601212738767 4.3650689602183172511 4.1531514449813125012 -0.84216689769039576596 -0.0080426214968091925411 0.53915696478299235395 0.52552150956837040408 0.21168022965761473797 0.82402586327918470044 -0.12075619824878711106 0.97730588692151998398 -0.17404351172326801289
-0.84990352171561600603 -3.0738225673506649471 -6.5855756963969316331 0.99420680604984024153 -0.0022484833115966832567 -0.10746055614456381799 0.10626966546868124586 0.17042818572028248236 0.97962288239572148374 0.016111641917469304852 -0.98536753439260871268 0.16967980775519109216
-1.9587578019567990495 -0.38020041962065520558 -2.8881947685959192818 -0.87821467719945500718 -0.00012735260117171208483 0.47826662494133498349 0.26199912437904754325 -0.8367310221662499492 0.48087176603458031687 0.4001192816849702405 0.54761407973672593386 0.73486283080441106019
6.168365956003480477 1.1987097414738872025 -2.6510401481519725309 0.42632332612607570788 0.0050513325369001904966 -0.90455674539543284851 -0.90454105569997322878 -0.0057354578628872705456 -0.42634796009392117444 -0.0073416724207154508003 0.99997079385491371983 0.0021239781927298892299
-4.8399031230845102058 5.8534477672764069212 -1.2319583673382048516 -0.55773965467192487822 0.020145461348868909379 -0.8297714372003816008 -0.82959400532604932188 -0.045402640456653903245 0.55651809185914735689 -0.026462500514849347094 0.99876561846436806569 0.042035406979030617847
7.1904273541226242372 5.6453512687409528326 5.5674843851288144947 -0.99827442296618063011 0.0080278075996339289672 0.058169844047128230202 -0.05457169516280389876 -0.49259955905398983278 -0.8685433809009017736 0.021681940374090602486 -0.87021906938708781798 0.49218763163726769738
4.286450059780330335 -3.7990490538986714242 -6.8232883467749179118 -0.91867026173000410072 0.0034645529903862409826 -0.39501005947382844541 -0.16892623770606768341 -0.90736270710729416411 0.38491147549192200605 -0.35708385069534215317 0.42033428913608983368 0.83415238952426395969
2.1356451642217435527 -0.1836994679927216878 5.3419687725683582258 0.99651409315600048 0.00024038888040270876053 -0.083424243206922335525 0.081873519999811517067 0.18911670941418159964 0.97853543468969728103 0.016012147398191307196 -0.98195458776548472102 0.1884377846986500793
-5.6225793913675641278 3.7078802078499952799 -3.2974779919192656052 -0.87401952498631807487 -0.0054661973571925679544 0.48586005251416686246 -0.4756053080809502509 0.21427840479767887305 -0.85316138928252760465 -0.099445768476340581921 -0.97675733215760929262 -0.18988326205423150528
4.4743607948975396837 6.0996726264441987198 -6.6674113756877222414 -0.98595253050943187922 0.00063671040925252398064 -0.1670245556258493913 -0.12770780204375803413 -0.64737489394089109407 0.75139634281266132199 -0.10764908211088472512 0.76217146449799655361 0.63836222775611617397
-3.1290953530865786014 6.5485691467952689138 -5.3155348782354634452 0.98738571727394419675 -0.0071453784276316583551 0.15817202309690098216 0.15826203896029122919 0.074515348183068874643 -0.98458142878546772714 -0.0047510364723734373887 0.9971942671578176709 0.074706232672723818511
-0.073902706874758958278 3.8808281466987932795 -6.5662936738847763607 0.99353835552161040567 -0.026517370196323331033 -0.11035563051013874691 -0.091114392331190771634 0.39340421401380110122 -0.91483948969539419238 0.067673507501319299373 0.91898310837257535244 0.38844606177489710008
5.3476952824303580769 -5.7159983803432501404 -5.3987098928938639375 -0.99998439194928812057 -0.0053071914573118777678 0.0017463037482822914293 0.0053004103100067236076 -0.9999784829997452329 -0.0038651245844761213111 0.0017667791292296577965 -0.0038558081310702228828 0.999991005577078651
5.723933098689006016 7.0278709058808095378 -2.1314696210024499656 0.97389039484322525997 0.015041327881210535267 0.22651988276466133998 0.19424311266613591975 0.46124719040469963627 -0.86574860238153583669 -0.11750366808715692613 0.88714417531716571741 0.44628253403729478688
-4.3685910495538609055 1.0800211443653935373 -1.0749283897941712684 0.90389722905288216737 0.0082180561632628282287 -0.42767074118202669242 -0.2858658405101833222 -0.73214735912788742045 -0.61825639159769318898 -0.31819886948219944234 0.68109669509910375496 -0.65943670764166018028
7.3266053203116321413 -2.5762209272942282468 0.41454284705330624039 0.83732219573175636906 0.013106001903689587507 -0.54655262623924094623 0.34760318004738333109 -0.78438672437298140316 0.51372122386406238181 -0.42197579285531733317 -0.6201336141038646943 -0.6613401022943341534
-4.6846159629482038156 -6.5538116438344609094 -5.122315308929509925 0.99386838432893820361 -0.0048678949988285018929 -0.11046238377658376684 0.10019626578795959304 0.46212673669780829355 0.88113539683256747459 0.046758346351018845177 -0.88680053158942595548 0.45978089805815580693
-1.4281430110261357225 5.0844387502822900871 -3.4881258989444199337 -0.99859622208851495095 -0.0021556491934356962134 0.052923892593130003603 -0.0076618741374808842573 0.99454155671650223969 -0.10405953896043353135 -0.052410694665841993378 -0.10431895868205730282 -0.99316195755990488436
-3.560660742237854226 -5.1715857397849296362 -3.0298191395230258394 0.99881618630199697773 -0.0015742623109075691047 -0.048618388284645978892 0.038495621067005207638 0.63658969323234859683 0.77024129312117239898 0.029737403045516645067 -0.7712010659798517187 0.6358966918389084011
-2.5643656057789345759 -6.370256874002857117 6.6660132582677862345 0.99611214342985232584 0.0028632039736099148403 0.088047713057481380439 0.086853241980555467849 -0.19909167601742247533 -0.97612448944700414 0.014734723245158948615 0.97997668676531113352 -0.19856631468427660137
6.2334651879940619068 -0.92880234902149638732 2.6528356461864901483 0.90239738266937941091 0.0024400522757615826855 0.43089791122314535787 -0.0057421244784827190841 0.99996327074319402151 0.006362795860640143436 -0.4308665591085552582 -0.0082160397748679628305 0.90237824936800059561
2.3354218534615127645 -1.3799008430621697574 6.7504413410780452764 -0.86327705281321043262 0.00063973927311935250076 -0.50472994840782081649 -0.32896010167924666368 -0.75914284245690033526 0.56168264727484529253 -0.38280279725892052411 0.65092375550449765864 0.65556104439672424622
4.6029364730220114765 -7.4617568905262148249 2.7000940728032158944 -0.97070572047911152236 -0.0066180294532969816471 0.24018036121892408219 -0.13211705703758305774 -0.82023441115222406328 -0.55656140182501145919 0.20068753690458887573 -0.57198925903190767084 0.79533188046455571829
-0.73483578822363693206 6.5954781802261193135 -0.06541338555561028445 0.96521180527808170257 -0.0024427940997168570356 0.26145784308154257358 0.26146271041926111289 0.0019427420152609265434 -0.96521162281320216358 0.0018498681202256425475 0.99999512924337108366 0.0025138570940766496661
-4.2417739170795636383 -6.5747348039829214272 -1.4269563701631515773 0.9772732943769917302 -0.0030442317163752951291 -0.211961413353699335 -0.1649174097417096807 -0.63915041263023508744 -0.75119171853716470988 -0.13318842315203371918 0.76907573273901563837 -0.625126676162842565
