1125 14.717824617146108679 14.977075390850430381 15.033177056927090831
-0.40598218204273406329 7.4266178437373042698 1.3897820046864730603 0.89195809563934913555 -0.0078677703407877309927 -0.45204961432700835333 -0.29453027311552631984 0.74846891567021722746 -0.5941769100983261831 0.34301993213490461487 0.66312320157372195428 0.66528561211914760687
-1.8207971020540854035 5.0159376021328387907 -1.6609040934990224603 -0.99383703939184497855 0.0047647893793663752965 -0.11074852556583829333 -0.098610569165628519928 -0.49436322603876720061 0.86364399864142404883 -0.050634916625484631403 0.8692423698386688713 0.49178634354327788181
1.4574509179788273094 -7.214041133565573638 -6.7146663619889350727 0.26772447894012124658 0.00071693434164524141167 0.96349524616434067958 0.48176096195673667744 -0.86611686007748334148 -0.13322147058183508861 0.83440396626021984261 0.49984104542810620098 -0.2322260760435480853
0.46516613335017487074 1.4953041666972224366 -5.6527270654071504197 0.99980427476752287141 -0.011988985073447795335 0.01573773787668960103 -0.014636152436478845618 -0.98344077223962378387 0.18063784359473011865 0.013311468680199375902 -0.18083282814146039996 -0.98342376067896475345
-3.7372131593391801907 -1.133856598541515881 -1.0263158379165715495 0.922847221435643017 0.0086032686282363490804 -0.38507011005459357289 0.37274196508592322141 -0.27182420568523468773 0.88722884796851564371 -0.097038308684923579861 -0.96230846664287983394 -0.25405901219015591952
2.9307881160064255255 3.9760151099839289301 -1.6963202439914855102 0.92043811190945645784 -0.010553259243321481617 -0.390745839215144386 0.03399087547466007192 -0.99368792379141768212 0.10690617613409639231 -0.38940763029126401751 -0.11168231207533438343 -0.91426952188099985808
1.0900192237359696001 -1.4724227147441883989 -0.80594516007900496302 0.97702552915433960035 0.0015001010621788980932 -0.21311702202660512406 0.1774616587879460361 -0.55947423513899574576 0.8096270375154064336 -0.11801896051449795033 -0.82884638499090879105 -0.54688682105775865416
-6.2495659611553930901 -4.7882121195042186557 -4.8588673958511314765 -0.94806486765787312265 -0.0096021154487295323071 -0.3179320777963481337 -0.28435472606986583743 0.47348722468592174817 0.83363795368313597933 0.1425320892806913875 0.88074834512367505823 -0.45162700991757570579
-3.2163080787026592233 5.4693947298942031665 -0.018641225039450787238 0.98006341561521614913 0.007893330205044134934 0.19852807537202243893 0.079240000327652285184 -0.93183270990589650573 -0.35413108180098445965 0.18219968090181024034 0.36280228236291306443 -0.91388061594035807644
3.7373892679101698988 4.0474057778590699641 -0.90422998148449007516 -0.84913481960346393063 -0.0071548998170769297078 0.52812769814271365298 -0.29182559968950694262 0.83978148390411300195 -0.45782625378816177442 -0.44023616105772767071 -0.54287739564330983466 -0.71517568177109214211
-6.3349169088427972341 7.2693952191683903763 -0.7104570939507244276 -0.99020035129379746497 0.0075874765588631242971 0.13944781997981509081 -0.1396276480741681647 -0.073217138904959663814 -0.98749347869438086622 0.0027173867838534669639 -0.99728716063635591826 0.073559058171135366377
-4.797945592683031002 6.371507308623928445 1.7556277493258292122 0.95475131206710905918 -0.0027052659348174119477 0.29739302890665103574 0.26716148479907197988 0.44715030790856014065 -0.85362834019095279459 -0.13067009277580693416 0.8944547409865537535 0.42764008603083064619
3.484300108614094782 5.4048932086346708203 2.4540669992611512384 0.94831082689238921368 -0.0059159618975472422209 -0.31728784564412249036 0.054534193495080575398 0.98799058817729101811 0.14457046521706831688 0.31262213187568926864 -0.15440077418221728744 0.93724479384711356644
-2.1240362318200225467 5.7094931824431762735 -7.4370083406207170285 0.98023919158457306633 0.00086189429987914428777 0.19781401472084403359 -0.061348236968197231156 -0.94936126145129362541 0.3081389119805839627 0.18806254571991329327 -0.3141853790262468249 -0.93054823975095346533
-6.9249908408419145189 -0.36369396615653659666 6.1167379477945837962 0.99772739730568094085 -0.0020587204734601764408 -0.067348365500422779917 -0.065275349281003453017 0.21832463850093092317 -0.97369064953897499493 0.016708364426470865421 0.97587402562697544983 0.21769408964129263739
2.8518502905240779022 3.246584676003695602 -6.1892795505276776424 0.94441815246491578328 -0.012836699523842698412 0.32849592454102577443 -0.32852903300100722017 -0.073203754783083996305 0.94165274106808360965 0.011959421814433393583 -0.9972343904172087381 -0.073352183327249562139
-1.3053836977080015558 -1.2381879355847318358 7.2309748414264021221 0.97750873644188873701 0.010324492550356216547 0.21064205428491100669 -0.18545662153205186296 0.51763338963409655236 0.83526134560737874679 -0.10041171101867318871 -0.85554022628367631942 0.50790590614880415377
-6.4939066817736765813 -2.9416307422415055584 -5.4511680195117939718 -0.99143921063354900625 -0.0067080534911486350627 0.13039667801233117972 -0.038087355448007086112 0.97010396451547886709 -0.23968239690574988376 -0.12489053196008095825 -0.24259699101574552782 -0.96205460082938853983
-1.181076254003616155 -3.6487636160342225011 -4.9531377517641326236 -0.67497390698711157153 -0.0018191045671791337274 0.73783935632702024598 -0.4292701649998295621 0.81430347209790987506 -0.39068783033310161557 -0.60011444769107891162 -0.58043651348615921126 -0.5504144833528440417
4.6232393782852243547 -7.0134865358076208253 -0.74851690701549644658 0.7557448322011416364 0.0095054462369179165693 0.65479721677247382239 0.57313330520351701836 -0.49332636075704738854 -0.65432966939345826862 0.31680903249056291404 0.86979235928711529091 -0.37827673555000818073
3.789621724295568761 -7.1784967495169196283 3.8364985205455908179 -0.95732549296214430878 0.0025360879704821441029 -0.28900081104140834531 0.16597620932643827873 0.82344587106990674297 -0.54257607333492330337 0.23660050393525994261 -0.56738916598373290157 -0.78872665471748315547
4.1149373811050597993 6.8785198116502632715 -2.3574272382084817679 -0.88666026221664839824 0.011218081568306195045 0.4622853383480020617 -0.18723765019094715245 0.90537930033730817936 -0.38109104538383681282 -0.42281868662182559016 -0.42445550669846882075 -0.80066340061021357144
1.3361285713704542655 -1.399056118366404089 -7.3709803798259168062 0.76281540515630330557 0.0056789362634306434982 -0.64659137586211712367 -0.61442245189537680883 0.31795866124796373642 -0.72207156178895393062 0.20148872986652058281 0.94808756948940275944 0.24603303094594747291
-3.0028849001448150169 6.9812133955853994394 -5.5104866437799957524 -0.65798295140811802195 -0.0063029647973332162542 -0.75300644638085567628 0.17593716523770153159 0.9710028301933627537 -0.16186295945821393971 0.73219160712510966693 -0.23898488736993839243 -0.63779438227723250776
5.4786995565308300726 -4.9894044157460166744 -0.2491103497181404447 -0.98085576692481168948 -0.015129229549946103528 0.19414703423834167584 -0.041233934343309942838 0.99050699110028628258 -0.13113223570132304108 -0.19032006501917847485 -0.13662725568019126743 -0.97216833205803299123
4.599995300603017867 2.4645014467460173435 -4.894356115843053523 -0.78901756559113189748 0.0018299156756625880454 -0.61436791305952154207 -0.50484091965441790784 0.56795711801641379779 0.65004642752419661278 0.35012415945069191858 0.82305611200152650753 -0.44720432630487289005
-7.1023617193957342408 -7.0142904874538922755 2.4284596491386336581 0.94052647955482071573 -0.0017884375792705862855 0.33971567927813500765 0.32870947194635913302 0.2573202923662200603 -0.90870036326030212415 -0.085790584035280018083 0.96632451517468520574 0.24260442506950616326
2.9563985056106600879 -0.9527904297125969757 7.085600824985521129 -0.73672935778806181162 -0.0066535872434388574834 0.67615499935285938715 0.46265982730364840769 -0.73420232924383810325 0.4968831089222960351 0.49312852033977216948 0.6788981289632390892 0.5439867580353670018
-1.2124716150796017722 4.6060770573304941067 5.9131126896699246487 0.94670785392023448779 0.0047362278278592724254 0.32205870190362778649 0.16569233070618624715 -0.86460505573187196315 -0.47434602259106856126 0.27620697107608943588 0.50242976200544164911 -0.81931315342801946944
-5.7944974379488085603 5.4351054403766312362 -0.55963433137355045321 -0.97871756108471974489 -0.004290571365341784571 0.20516707002268758098 -0.13034271268065875105 -0.75921320365963018695 -0.63765671692515957236 0.15850146016790997439 -0.65082785925788311232 0.74249605031842591529
1.8958752169022499157 -5.9502629442099390644 -2.2323447495618187197 0.97955244837823129966 0.0083682387639111236594 -0.20101485879433181325 0.0080206124929009074698 -0.99996459892431310834 -0.0025437518270951960629 -0.20102902937471558986 0.00087947604261698992742 -0.97958488956825440219
-6.7845073675904146171 -4.9792939030468348349 1.0383047441470614203 0.91415534159072864284 -0.00097062049717147255712 -0.4053628859887972169 0.19002641933566702392 -0.88228649819612670058 0.43065124527319026404 -0.35806420010346395877 -0.47071179398516110881 -0.80636247160171337089
-4.3317674086266864109 7.1587299547586100701 7.0714689046199588063 0.9564643618905571687 0.0040482603594633858463 0.29182106850157985001 0.23418984871001075065 -0.60732872979228635923 -0.75914881856593163789 0.17415808679050867602 0.79444032221244309522 -0.58183634747975243595
4.8216041157978883902 -2.3120702328663398362 -2.7746504545769630212 0.91289327613850301812 0.0054723490060000065313 -0.40816163437729124919 0.40280190105474028561 0.14997491899689285866 0.90291647021118393024 0.066155082101684692386 -0.98867465683524746733 0.13470682255882335254
3.3465243831332953661 -2.011191428285461047 -3.5856684008443755474 0.85373113335780737021 -0.0013713109563757153175 -0.52071227318158563868 -0.12578065718097469761 -0.97092706210178791881 -0.20366606579773566255 -0.50529434809302642417 0.2393715931030132027 -0.82908314552924500251
-6.2454724589699415205 6.2814553540996493908 -4.1617958384149833506 -0.93910744602219498045 -0.010690688458640020334 0.34345729575267786027 0.34177848721148307298 -0.1325019033490785203 0.93039277259027897138 0.035562206130447894525 0.9911250954289547721 0.12808737137586795329
0.461919968076287768 -6.0072481583578039022 -5.3538393130879713411 0.92928751475002946414 -0.0046765696449726414791 0.36932755736078615172 -0.12638857191138244684 -0.94358336411136822797 0.30606594691717009526 0.34706000031683492679 -0.33110204570261031476 -0.87745130435342555408
1.7057742696585789233 -5.1692234638883283182 -4.7701955251946230874 -0.96822075238776772466 0.0032487008892883987611 0.25007602961523928142 -0.22434454042918799965 0.43065118847098821098 -0.87419052903136396093 -0.11053552291097584748 -0.90251260368544894419 -0.41623658941004321177
7.0578086143727478685 -7.3254416383374829635 -2.8345828461801807485 -0.97858029851679206867 0.0041898347635447195578 0.20582284770992326228 0.12678840590853962533 -0.77541082755631918211 0.61859740432344201277 0.1621890855819845545 0.63144318334524907055 0.75827053663241195114
3.6876253208257931959 -2.1762851845406125939 -0.035661338186348978674 0.97231228428448390755 0.0012441633039011151633 -0.23368199307457110381 -0.12945496427820821217 0.83539166575389822711 -0.53419301475461122841 0.19455136610515738615 0.54965372449079219486 0.8124226419174500613
1.4121714326572292197 -0.29784090289516140793 -7.4644818075286911707 -0.79827781059257596485 -0.0038664963143307043425 0.60227700215253610061 -0.082146382476200208167 0.99133373390783918744 -0.10251536403035897693 -0.59666113411352761364 -0.13131061732569554446 -0.79167734135558132103
-0.43491469223546680434 -6.7388538526101022796 -5.1142978183551059956 0.81959103348408235412 0.0035777881422432281956 0.57293781273751842598 0.48687575872187177639 0.52279172824228048455 -0.69974338471359409652 -0.30203068288090134663 0.85245293612811989803 0.42673347453073290358
4.6897016401905666783 -3.512485171565971509 1.8265955268404683309 -0.90016868940820338185 -0.0080352645910132993595 0.43546729513496729158 0.41959548406807656296 0.25206549288105778439 0.87201067484763428173 -0.11677311488034822218 0.96767681682557538103 -0.22352990363614907987
3.6396136558759857316 6.0646480023845672491 0.11846640127207606896 -0.9918105347946611916 0.0070920554090316070828 -0.12752084465076568565 0.09396780290614294151 -0.63569311145725404533 -0.76620122687371916559 -0.08649806406715335183 -0.77190930218250397576 0.62982069997479950274
2.6137450818373264561 -5.9393105577899589775 3.8009811953566265963 0.98836069881262256231 0.0027835639304192951772 0.15210319133547101078 -0.052204844820806180217 -0.93291291030157297293 0.35629784727080687778 0.14289080873105719505 -0.36009131281438044869 -0.92190914043403071609
2.6337398665801239339 0.8229599553173012616 -4.3656053282187770037 -0.99678507804032068229 0.0082374478806552589583 -0.07969725621781868774 -0.070559433003604801748 0.38100356108955668599 0.92187724391661418633 0.037958854177100251337 0.924536873731674258 -0.37919743472243072624
-3.1847683119434408994 -4.7908713879030795368 1.3900622841291343512 -0.51259946878237583334 0.0010262012093421781639 0.8586272366487178731 -0.65541603038137674631 -0.64647644393882419678 -0.39050996728806097735 0.55468154081703302527 -0.76293325680778201203 0.33205607046636542723
-0.15783154327835949293 7.2602718240372272618 0.10887933173079859805 -0.91583061345197436243 0.0076570157844115449217 0.40149179016944419596 -0.29234303215352636096 -0.69815552017177573418 -0.65353991554063872726 0.27529954416146684704 -0.71590518908781874963 0.64163067353547476035
-1.068823556238895689 -3.0765966706050598134 2.0303455611433585126 0.99208572280489515371 -0.0032609944412390172441 -0.12552005625366019492 0.11210558595096623002 0.47325083485604846345 0.87376540610549713328 0.056553127280958348511 -0.88092168393295589013 0.46987097225884444374
-4.1592093506791396607 -0.38378866730200711377 1.3705192764484945833 0.87366238153417141721 0.0068774656670025791777 0.48648406300522029078 -0.0015541311856753885212 0.99993443411158411394 -0.011345137912451921242 -0.48653019204185632418 0.0091557601537223462507 0.87361578756777613641
4.1082106605203003724 -4.6011330837571149388 3.8704173691645249455 -0.90798730638492630707 -0.0022301487710455845243 -0.41899173963227043238 0.41887532607812699714 0.019332694424429815172 -0.90783793054115646814 0.010124852913787566605 -0.99981061874874077589 -0.016619686841898136109
-1.3732667020794153689 -4.1357306888707592307 6.7874458392419807495 -0.93770258718325127933 -0.00066975180453858907531 0.3474383534133184126 -0.02657504790891529467 0.99720687968120569344 -0.069801188709593120496 -0.34642116681674101075 -0.074685946128782029763 -0.93510126972016671676
-0.79514989323238072227 -5.2380262171714431219 -1.9798816416735554036 -0.97736946267515312226 -0.0088818833306711520575 0.21135289347122221404 0.051046684343415776874 0.95968959774545437025 0.27638761187282562259 -0.20528801584042885575 0.2809216761443432131 -0.93751791578861132237
7.2925319488365074605 -4.0118390737804379143 3.5147885692726528184 -0.99909305355837463303 -0.0053020460510056844142 -0.042248770857170325765 0.042137309784213816677 -0.26584261981148438192 -0.96309508804483434652 -0.0061251494202486109555 -0.96400186192740544566 0.26582492875025170997
-0.57301621914110123512 -1.5013710768636487902 -4.5730941430157630023 -0.31160948024771356613 0.0041573002278674289767 0.95020116221497097353 0.67394672866702631797 -0.70397264174911078349 0.22409445907450384339 0.66984725030323455375 0.71021492276890652029 0.21656275011535228159
-2.0340097599561390851 -2.7960978755586061162 0.81139742417362670235 0.89491260710652553723 0.0084946097874498884689 0.4461605845951084337 0.15855347393670196632 0.92852678539196387142 -0.3357064263790399683 -0.41712374847795929966 0.37116822387452291787 0.82960347639190545888
5.5494780341485991926 6.4531680804276492225 3.8250440871354780548 0.99925653817159665326 -0.00017546298887128448062 0.038553082030644302003 0.020406568730090449831 0.85082970076677044702 -0.52504513353204040893 -0.032709981259341811 0.52544151863531685098 0.85020072195938867221
7.1933767268294150909 -5.7228074260833565745 -5.1765676708893160196 -0.99949855826339462084 -0.002346671537388074838 0.031577288708203886392 0.0088154626714035504154 -0.97844535366135720889 0.20631766166877188451 0.030412491633472746311 0.2064925737920642046 0.97797540731928778168
-3.7379191490333827375 2.5537865793927907454 6.6532990098696611625 0.95210718507372360531 0.01362822869368423076 -0.30546060222824533703 -0.30334103826346803245 -0.083428488032174286104 -0.94922278833260920194 -0.03842034143793674611 0.99642057323577892802 -0.07529886185359664641
3.9373033550647087431 -0.49243601840612044596 -2.6145381370597080561 0.99840784919745872994 0.0059620546349733608352 0.056091180816263172537 0.034013082450496306963 0.72964540306565428551 -0.68297927933959967639 -0.044998632013077563552 0.68379970728979033723 0.72828090969574277302
-0.74448764808565526252 -3.8479874691517395036 5.6095173055624387715 0.99485644093553182721 0.00070503476467604058592 -0.1012924718574188393 -0.020874983200997888205 0.97993817691792706182 -0.19820546030588540032 0.099120618467393450945 0.19930045746233349124 0.97491252461433386411
-2.388706864869904134 -1.052332377238009764 2.6253154188499454591 -0.67152457400429821366 0.005212328786734042943 -0.74096395198207010147 -0.11677134370976591238 0.98673579468560135286 0.11276934323813350702 0.73172344488647278471 0.16225074149219348429 -0.66200868354479347477
-4.4372968704078870061 -6.7807602734670533451 4.3799118792227336172 0.99981859478812584729 0.00019102010643332024368 0.019045761399359501659 0.002785812134606617009 -0.99066273052996711712 -0.13630698290913967341 0.01884188861852763297 0.13633531402525919662 -0.99048355129347909198
-4.3884158583809638188 3.3087220588242263197 3.5152606887337372044 -0.86216154779760867388 -0.0022556661126610136857 0.50662844123649908301 0.087491445732121059242 -0.98562903636842991162 0.14450138266177414703 0.49902175546064797551 0.16890919050728245288 0.84996880703888166853
4.8580078549066634253 1.3604719969632030896 -4.8881693059509752075 0.99821660592728866934 -0.0033249274135179135783 -0.059603292767481809433 0.058568326390452778163 0.24769657137865330743 0.96706574733627914675 0.011548107847331685882 -0.96883195311928693716 0.24744956621534508479
-6.3035581456115465926 -0.29186532223415556642 7.3370570741772809242 0.99170840483472333382 -0.0061099151891483762661 -0.12836319066091272934 -0.089833677073532791635 0.68130511566391949163 -0.726466275771872394 0.091893145792962177554 0.73197404892982154134 0.67510713331269145421
7.0749943019651748699 -1.988244857366514351 3.8672341565375836225 -0.94485721646933074069 -0.00078727215133685309045 0.32748163412390712823 -0.03837364083884138577 -0.9928419364794808244 -0.11310328402122374336 0.32522654285078883563 -0.11943311672302414639 0.93806365799722557508
-6.7879407714204962332 4.7045475818214983477 -2.3436279248133562447 0.99851908570722780478 -0.0043060602958610045415 -0.054231847867970403576 -0.03442592352870897654 -0.82189901486208727377 -0.5685920023690189673 -0.042124710890872975322 0.56961694779343385875 -0.82083009296616238348
4.4013576010821147122 5.7483332756262450758 -2.6073145165760496234 0.95115205212737929941 -0.0023609809605727562556 0.30871378249565467611 -0.30742695105231743202 0.08428172318698137766 0.94783187375362343285 -0.028256742568058473147 -0.99643916869285309446 0.079438904787983571909
6.0375686323823760659 7.3204612584947117426 -5.3878289059864989952 0.91565067118887388808 0.0035236580783342933039 -0.40195949072644227007 0.33505159166173015262 -0.55916782298278255858 0.75833487106006858269 -0.22209070056228605305 -0.82904700082348947721 -0.51318299966900615683
3.4278678621240223912 -5.6403169534148034359 -6.086014219070905007 -0.0089804250041763539203 0.0072813132186631303322 0.99993316498879403209 -0.099981489162614456401 -0.99496905203406649232 0.0063472292626617415542 0.99494876943064725072 -0.099917806082257157319 0.0096632414919271963916
-3.8179074470477738501 -0.7429879247045449997 -6.6748697926469011676 0.56565385494034858826 -0.012423258813822841973 0.82454919745975074896 0.45650279479023719853 0.83742122609713987025 -0.30055097476253994637 -0.68676117736796082891 0.5464168305629188982 0.47936179711968857076
-0.23930817707173618336 -0.49409641803313497643 -3.5535647236042553487 -0.38308569161646743861 -0.0015259936351927532242 0.92371154816968981116 -0.11094036057161735243 0.9928361322197842842 -0.044369482248452503381 -0.91702649322410711985 -0.11947420601194055911 -0.38051061065741720313
0.57245549972747034051 -4.3320223816294483044 -0.98249445022758907786 -0.78668111378657035182 -0.00014481492993922897433 -0.61735954211471466557 -0.61065080476327660008 0.14720501687631357135 0.77809785865814173889 0.090765741628887897097 0.98910599130477505625 -0.11589183798472872666
3.1302824040929664307 -6.5992541800523900619 -6.3933831209667930651 0.94520633924630126366 0.0018415146360691646114 0.32646835232906740165 -0.10082219190741159576 -0.94945824148426893885 0.29726071603341081007 0.31051547766195680689 -0.3138879680739491973 -0.89724828315853100147
-5.244622161252049608 1.7086517893166532911 -1.9205204148940386855 0.90697206704280985967 0.0018416877411532263029 0.4211867493052078304 0.35052737032668340733 0.55112560151039358125 -0.75722594647262286838 -0.23352137430200542445 0.83442026554123838178 0.4992099640412632211
2.3989230057950514663 -3.0412408435396098838 -5.0668835708850732402 -0.42186135299334565074 -0.0033169135218354866071 0.90665428744110887482 -0.82106250099882827076 0.42554906467133390979 -0.3804791229634774119 -0.38456386765304767517 -0.90492927438671655338 -0.18224609749909503886
-2.5635449178538132209 -6.8989405618675165854 -5.5039457399592510711 0.93010111634645076251 0.00080257005118080423228 0.36730269431691070503 0.21028079910244107387 -0.82106719392643756628 -0.53068884347279221547 0.30115427757222562599 0.57083098982006907907 -0.76384427873820026633
-0.298490841694471154 0.48231544819791993817 -4.3909713956116203093 0.72904864871729213593 -0.0036321078863320796493 -0.68445224493445455671 0.68321461007637751539 -0.056479948103577919116 0.72803009006527130698 -0.041302111104864043523 -0.99839712702634020314 -0.038695120671250908539
-3.6182803123263882483 2.9469755460649684764 2.1290340417602728884 0.92275639083258453876 0.0025132106217485641886 -0.38537556610395656831 -0.31960037789620565629 -0.55379508973164126573 -0.7688735897647460682 -0.21535143748352358894 0.83264919525662939304 -0.51021473519714377609
6.1886702369892514497 -1.385477725226603507 1.7307906803093038306 -0.89564536236309733042 0.0017522041641316547095 0.44476546027990049303 -0.23347223919373494283 0.8492870235834489856 -0.47350001594368362756 -0.37856320265347581655 -0.527928481286415896 -0.76025089295794490152
3.4199057711348594957 -1.9586063553497554679 7.0582478782265019035 0.97212436784825373426 0.0026221825991337220467 -0.23445114116603341103 -0.054677822469547630868 -0.96983222943580227327 -0.23756216550114989117 -0.22800120430733400445 0.24375924783694255527 -0.942654167724438663
1.6910766295223655931 7.125449986424798432 -2.5056010839831950321 -0.95358772899276678103 0.011165140235377086358 -0.30090826302733753028 0.057787020885639139856 0.98752327051765231847 -0.14648703151947212175 0.29551836378091406177 -0.15707682779374712578 -0.94233527305228192983
1.8909878446666734675 0.13021761078121268929 3.1154278794292658006 -0.99975864159468996739 0.0077659347394628992778 0.02055112683868752857 -0.00093622537946684916688 -0.94964972518497769993 0.31331218127952353836 0.021949533907494107876 0.31321732026456688969 0.94942778990693321717
-4.6020476804062093734 4.054400548131382287 -6.4036350358082341216 -0.94695909246027443196 -0.011528011117039452249 0.32114729045476425595 -0.1140533146942046272 0.94635355154549249956 -0.30233556999532162912 -0.30043355107911223767 -0.32292732996271783508 -0.89747290819786662563
-0.24111060186428540097 -0.41270876794620742212 3.5665633053204071068 0.91689035798432527713 -0.0021948144702481518428 0.39913312844807702362 -0.35750612523054414726 -0.44918235260949285204 0.81879459238986918024 0.17748645542114852014 -0.89343740513467750919 -0.41263562770128192625
6.5114998816281701721 -3.1721149081640951373 5.5561053123556263245 -0.91486714712266559157 -0.0014674371126679238569 0.40375233713759484111 -0.17708007613119153278 0.9001430729433715916 -0.39797624912736856428 -0.36285086434114111054 -0.43559189026018546587 -0.82377117902146335116
-4.0395639383947434808 5.2757267064911959054 -4.3035195924715825555 0.97375978184002998095 -0.0062438716139503079236 -0.22749264018447484803 0.22718157943660438614 0.085668638045334061237 0.97007701468501505992 0.013431948314608147671 -0.99630411949506358926 0.084839166908600618933
0.85375025023041883898 -6.1762074814635070652 -6.2956186074865296831 -0.96731955642026767883 -0.0040106976684464385255 -0.25352867701921510957 0.12216705165003655109 0.86879607380801737726 -0.47986309883842243051 0.22218930500368000436 -0.49515381089099713696 -0.83991345762648694784
4.3027933210300757239 -1.9777218980219506417 5.1129554902151577167 0.97393481540218918013 0.0048342218342499231401 0.2267765544469764194 -0.16844773528262355078 0.68497208347571270082 0.7088290381586559441 -0.15190897217002646835 -0.72855327544262804551 0.66793247339547201502
-1.5137990964485137368 -5.084172795630059305 5.1437714399451150982 0.99952244299628012492 0.0014178801098739036469 -0.030868682557761348978 -0.020878856643851743946 0.76742054846023743941 -0.64080400681204852109 0.022780678043173845093 0.641142489168383789 0.76708366511799563892
6.109540795754180742 3.9910036567870075253 -3.449260719256029617 0.83109974487507232155 0.0070925831374198137699 0.55607815038262042862 -0.4884426563376712549 0.48738228346682882508 0.72379712712370736227 -0.26588904742074392917 -0.87315989659808423973 0.40852761159389022749
2.8625173316474574747 -0.71186027537843410418 -1.732518828987293924 0.98510455089320347888 0.0062618137686818462276 0.1718424089034020219 0.13182312555315564562 -0.66919028229178323386 -0.73130501820766991017 0.11041597429162494648 0.74306470497164422984 -0.66004784436174035456
3.0099139465099713497 4.1844215232420518547 -4.2054520262911827544 -0.99528927157553204186 0.0085639190528606738695 0.096570829844782948848 -0.018933437709579281627 0.95974204682828889723 -0.28024405165190074962 -0.095083073272489687655 -0.28075231582341025893 -0.9550588182602595122
-2.1863161938982802468 1.3364786103090802172 6.239519453097174484 -0.66963236788812774414 -0.0045196926888441254708 0.74267897792692716408 0.67758510669772531454 0.40571753357500950354 0.61340990058130562268 -0.30409030740548648186 0.91398733871308979193 -0.26861911624874523774
0.29768101428999377278 6.9800245007958174881 -1.536768839558385169 -0.99916531031818556219 -0.0078175266149714851827 0.040094500052893264352 -0.028137206215706596357 -0.57984234757711972108 -0.81424268469712868246 0.029613852894275399796 -0.81469119194571237852 0.57913839579400416824
-1.5547099263745249864 -7.2369793778159792197 -2.0938903733295219922 0.93299048346951019006 -0.0051746657223549312465 0.35986383617981504424 -0.19358759953082463334 -0.85014270405605163461 0.48967461037716725203 0.30340171236045654357 -0.52652692768254016897 -0.79417680359093900666
1.1186610426381446981 -6.2179650866436766421 -4.1037361158176715037 -0.99233665628061318298 0.001304647452320032916 0.12355670154608305866 0.10477522757072905979 -0.52116894172847416655 0.8469976894096198361 0.065498948765791001336 0.85345253650848240667 0.5170383502583736357
-7.3400464223852379675 0.78268864899072543295 1.45059317440774449 0.94986820771822255693 -0.0055097894301965226818 -0.31260203164181155078 -0.12491750177856250636 -0.92325999208306319677 -0.36329960744283595897 -0.28661124492167222577 0.38413621183004592607 -0.87766358306885727814
4.7361110163097137615 -7.4452092539246841341 -6.6498342103021164107 0.1110328083306217628 0.0058162492521557345587 -0.99379972163348495595 -0.68594732342926056923 -0.7231433491637485611 -0.080870056512936966397 -0.71913001950577026822 0.69067348856376808985 -0.076302996276371840012
-2.5172489819221235408 4.0224207238397502451 -6.2682495133487829975 0.96296906826350514574 0.014880935436866969332 -0.26920091256938216695 0.15039094703632810424 0.79905929294632693782 0.58213985382006971925 0.22377027643817251623 -0.60106805281658037821 0.76723142484272355279
5.0413764468896893334 -1.1505486701038543096 3.8073836930816722379 0.99807070265193242875 -0.011051172414724476714 0.061096187246867043885 0.019014219025890073678 -0.88234577027335781008 -0.47021739775928955707 0.059104415932157025604 0.4704719048667408976 -0.88043333350587626995
5.4125502511742622502 6.9315517371651509393 -3.997251351631051719 -0.72214038645513667358 0.0055505350974892862792 0.69172426140086018531 0.16775202854898843552 -0.96871373679812000645 0.18290148456593854909 0.6710979952050175612 0.24811869679418560586 0.69861619873363911548
5.6297422994943850938 7.2402038388610678865 4.3220918024350929443 0.97894706209907500494 -0.0056480895517746800005 -0.20403614555270521702 0.016261828644456858411 -0.99428141483262111322 0.10554629812343738204 -0.20346548242081183289 -0.10664223929962127202 -0.97325702168561889494
-2.5622952981026858588 -5.8912501364373808244 6.0247994636315755912 0.90089656369493642529 0.0012328356094418800419 -0.43403209747549592601 -0.094798974571667665723 0.97641121599456592861 -0.19399559711517536109 0.42355464339653758898 0.21591576458488645485 0.8797623807944202623
1.6854107014032619904 -0.044085324279449070173 -5.5084583291913773451 -0.097685924166939261393 0.00038683547478950142118 -0.99521721778611771381 0.024042983141416437998 0.99970898199170687981 -0.0019713667470174101731 0.99492682905901952406 -0.024120565571901217417 -0.097666796482642440069
5.4084192445122045712 5.5536368920649223924 0.91063704859138838721 0.83078505771828958792 0.002882658243008752192 -0.55658591264368784124 0.34867361277057784541 0.77676196472177427843 0.52446883789132869857 0.43384663146034563308 -0.62978769473766471609 0.64431712683087116744
0.91716440433415147293 -2.3826849086063988103 -0.38287771977201201512 0.84588500981486580699 -0.0018376536301990043822 -0.53336214076314913957 -0.40986616122907815196 -0.64214203904110289667 -0.64781427243880396194 -0.34130379436749186395 0.76658347537968996033 -0.54393151703587738766
-4.9489407306231463224 -2.7037065956313681703 7.222170871117217672 0.98513583364479706539 -0.0074291005209187726405 -0.17161642617880626394 -0.11545669994159202254 -0.76837626593632712968 -0.62949794629077071573 -0.12718938519992895042 0.63995525031917432912 -0.75781273272581850531
-1.3964077714772340499 5.1551150109751118222 0.94949921849521712325 -0.94549789535901584969 -0.0038633198675688158741 0.32560528962426771304 0.25222434862000564504 0.62374535979586898105 0.73981389828552457377 -0.20595292625966424294 0.78161806586894200244 -0.58877550158984537365
-4.9242445504037277715 -1.3105492985792868144 6.6688399323967910703 -0.68887277551827796884 -0.0045185409146120151733 0.72486818245638373615 -0.024051087826628906458 -0.9992875232752862491 -0.029085924441156336268 0.7244831566876688278 -0.037470369817286595937 0.68827329387515556736
1.14480851260843286 -4.3325579179101740834 7.0413971393460021986 0.97988418764846652032 0.0032400853156545894596 0.19954067415885193282 -0.19579987746595081677 0.20896475674976439096 0.95812115017925592042 -0.038592574167991909595 -0.97791780446197296151 0.20539566922264831939
-6.5735611923799552869 5.8640600892222840557 6.9286467802894318169 -0.74168721567395157201 -0.0022709774204105661471 -0.67074206425966820255 -0.59153879470638559557 0.47362619326012972421 0.65250293747626231244 0.31619919111693522984 0.88072303916690730663 -0.35262586379543209292
1.8566823705444213122 4.7172650890575935634 3.2354447271578470335 0.99080558185023481776 -0.0032835899746555081632 0.13525352864599454739 0.094537366122193475237 -0.69834413441984233284 -0.70949147727665051733 0.096783187491455785478 0.71575462831783764894 -0.69161284448800697255
0.9263614279264672513 -5.7336222879584193279 6.5566469029292644422 0.8920597682970241582 0.01109347617108890488 -0.45178125743825475746 -0.43748301425450186741 0.27184309854824473263 -0.85715222802631740873 0.1133048190714237291 0.96227764421613815049 0.24735349889798019518
-1.2467125221397030721 -0.77216695190870343612 -0.15272962846586657371 -0.81365393122013185412 -0.0062119485237347640133 0.58131634408935639602 0.56033535257626565507 -0.2748001941747754695 0.78135084688932721075 0.15489213299290141568 0.96148128685748046607 0.22707303265661965552
-1.0642125347330220198 -7.2159303684963322922 -0.55563736330227109228 0.93711009914657439346 0.0064801697059021796249 -0.34897373751927501795 0.25716403131102577584 -0.68882609900927627145 0.67777965912490789613 -0.23599009105769561123 -0.72489765672412542763 -0.64717236050250626089
-3.6493999128601148918 -3.6223100470317981525 -5.9507981491035311095 0.9999627041491391255 -0.00011411959287607959315 -0.0086358142291416729874 0.0082884268544916317456 0.29371707681956454872 0.95585646452009498386 0.0024274041607325125627 -0.9558923923545727952 0.29370706826324510796
-5.2803742348980904353 0.16062917972676268863 -3.7488523677007825619 -0.99972328012034061828 0.00093080401538431743746 0.023505250250661673811 -0.012631065964084496611 0.82171193494800909285 -0.56976306666599230155 -0.01984488241510821982 -0.56990229826512406319 -0.82147279387325555788
3.6744705040406495655 4.5023083661451170912 0.33633571587325444829 -0.94629515528302288185 0.0063235134582897145616 0.32324215731465971713 0.086360913656871485244 -0.95853495445525971341 0.27157417712258780096 0.31155620950366214039 0.28490481614919188624 0.90651087917065975574
5.5628613812082461365 -6.3784910472762730294 -1.8789399704911566857 -0.93934964756317607115 0.0066740330461738921891 0.34289604387611205549 -0.34196977008225881711 0.057732369872426386737 -0.93793584525742756952 -0.026056016059258252371 -0.9983097869658211776 -0.051948563746307879763
5.2658203472994449257 -7.0978994153140844148 6.4853440690638226584 0.87330504462118097031 -0.01178259513605090826 0.48703128184018551483 -0.47481413080645595848 -0.2443427734301622245 0.84548693086228110527 0.10904054395288738377 -0.96961733664592453241 -0.21898031932151273971
3.0058430415784411771 -3.509960528681725922 -4.1031475400529657804 -0.606293281745035606 0.0014755748455855598016 0.79523976207790691983 -0.37138527422780198695 0.88372532520286961599 -0.28478505522897934465 -0.70319373902043691427 -0.46800360284297548574 -0.53524872080974572608
3.669150769076900076 1.076870964899173222 4.203471431318462237 0.99608530597488553759 0.016997885447701574502 -0.086747536628949614701 -0.029112757075784388705 -0.86350968620551649124 -0.5034912801676445504 -0.083465625237810397996 0.50404572582228457378 -0.85963445468641863645
6.8959407848925637907 2.9670479844037331851 -3.7316518573752084365 -0.99127591984681018289 0.00091598206101138569465 0.13179989267319408563 0.088795491868272291569 0.74362986520304363847 0.66266883448815505631 -0.097403343657602323158 0.66859089475919641909 -0.73722371373232742364
-6.6801759256068349302 -7.4553413393227891959 -5.9126471877453843362 -0.52933942852191062656 0.0028923138223254725616 -0.84840521210854979994 0.41559556075234782568 -0.87091646605432226913 -0.26226863906781699987 -0.73964863232156452533 -0.49142257139477640848 0.45980839164662579144
6.6486097233916678917 6.7401068904784731117 6.1349695889895219381 0.97898444293846076381 0.0078932784659337933836 0.20378213032448111441 0.095169460168281566625 0.8660883646678591008 -0.49074812117635829845 -0.18036694357835031388 0.49982861136794443091 0.84713583616933330056
-1.3882095838717212199 1.7065790103616187423 3.5266708656398439992 0.96299529210189493966 0.00071573687438357055934 -0.26951726310261792108 -0.007964338414828717877 0.99963534081277616306 -0.025802222996088648721 0.26940051355411293033 0.026993945963037748598 0.96264982739219107089
2.3061002786172148937 -3.8397380739599222821 -1.833347937743493361 -0.94615615867388525029 0.0046255816681836578463 0.32367750523919114336 -0.038722499469425263052 0.9911010396779459386 -0.12735500455065315584 -0.32138620293730690847 -0.13303132391838465298 -0.93755723847559879758
2.9857233302505221673 -4.4873866063823006911 -6.1460616327809072246 0.27709557409719848264 -0.0061743413622591019133 -0.96082252280246760456 0.52691112841326204208 -0.83523253817587717052 0.15732536326532126081 -0.80348161495457071091 -0.54986224154868401648 -0.2281859104960781981
6.1294056123217011134 1.6864575581217804423 1.1288482299966162703 0.95198986598440749063 -0.014124099849599875897 -0.30580353965606299482 -0.13911505049794450906 0.86987301820186302415 -0.47325250652190514744 0.27269451367362695926 0.49307346512232985702 0.82614542315776196002
6.8098346609605444613 -1.1447908432324711558 -5.1817591644190912348 -0.83136088671743324507 0.0092440385069961737707 0.55565603010181718879 0.38016786996442353264 -0.71984246221571401847 0.58077467251762127098 0.40535350829009997309 0.69407591612400909575 0.5949345812554487356
-5.4007545282619844329 -7.245124199260442488 -7.1961302102737372266 -0.99780182625379532091 0.0077811234054969841134 0.065810102895423480684 0.043583164425174784895 0.82514384409979546486 0.56323897621080620812 -0.049920169303049190257 0.56486909161574849758 -0.8236691605456039067
-1.2133755622186326306 4.679966182777318906 -7.2583102446858607237 -0.99580720775314790494 -0.0070267939435378224539 -0.091206519250783768538 -0.063881106057452050062 -0.66024246886256421352 0.74833086706293427959 -0.065476784250935032849 0.7510196445347745442 0.65702532998890850191
-4.9562007395816021216 -5.4991924070969213645 -2.5000788579328503403 -0.99312824732330284849 -0.0073980600599948447352 -0.11679705936353794449 0.086118539666103527397 -0.721976626223278517 -0.68653721553389912557 -0.079245703318141347271 -0.69187789377510300337 0.71765249153817245453
6.626904946578280331 -5.8417719130538898753 -6.9944057000848998129 0.78929558708781311083 -0.0064448478939143020311 0.613979592608230762 0.32198452316110220961 -0.84708484441167741785 -0.4228158384129991898 0.5228177914421257011 0.5314186017667630324 -0.66652518830710294484
-2.9638233215625522377 1.0125370562983853073 3.2340572922420913748 0.81059824568120841803 -0.0034300728659857337988 -0.58559262179330318077 -0.26029863635210281902 0.89365451809324925048 -0.3655492062703383227 0.5245713526412295602 0.44874250622349026729 0.72350194132181544493
3.3341545644932071291 1.5993175509574448778 -5.4932871034371739682 -0.9623531418004789284 0.00085785574870644008567 0.27180083618376754684 0.26168956169439222537 0.27315882938788599299 0.92569045972594599103 -0.073450689356207035652 0.96196856394105467736 -0.2630997495668557784
4.7858987491570479378 2.3141705994348384934 5.6036788439843716603 -0.86035004987494889672 0.0029592891200384517647 0.50969504047814628844 -0.38930253341486936725 0.64164806176286381945 -0.66085649146595959458 -0.32900050023804716659 -0.7669934859200827626 -0.5508898831883107805
-3.327460844419876107 2.6182368382141398833 -1.7274450455761194423 0.98266344611407652199 -0.019409707367405545225 0.1843795404353902323 -0.14867374690424189909 0.51165633918485009524 0.84622922872789474447 -0.11076402237510425686 -0.8589709272332285428 0.4999002675688500319
6.6897422096319756335 -3.0639351780697512417 -6.3241899108670249774 0.93445884068575457704 0.0082054519214100028746 -0.35597660825277893659 -0.33723040024730505104 -0.30049686991234897393 -0.89217559276304370108 -0.11429056047381329353 0.95374750418118048323 -0.27803482885230029753
