1125 14.717824617146108679 14.977075390850430381 15.033177056927090831
4.7813732838025959637 5.9573483196158871777 0.81755247986234325097 0.9906083338003836003 0.0047113481412655979289 -0.13664893780731776629 0.073739139615202911604 -0.86001936341065343683 0.50490517312427285468 -0.11514194845486934449 -0.5102396473791024345 -0.85228975938260875811
-0.53029768381053743465 3.9603352033383774078 -2.3110079851906859538 -0.99815667527324369868 -0.00058075555757691570136 0.060687019455759494413 -0.0037150984042300261995 0.99866362802141628308 -0.051547610137829012744 -0.060575982462429657505 -0.051678049402554722402 -0.99682492422628787843
-0.69347013601156459739 -6.4564496519447649447 6.9215640376965037461 0.99973110480467008987 0.0081638266974500845602 0.021704147519936524413 -0.0070272916467813114141 0.99862574088524169724 -0.051935024920179928554 -0.022098308940313532434 0.051768538466927978281 0.99841458481282918669
1.0680412994337562527 0.97960677983424393478 5.338897247746527519 -0.94052761737450163437 0.0024866704226928363144 0.33970813564893936887 0.084545396096049912904 -0.96679763142395680475 0.24115226698488434476 0.32902868713052779714 0.25553112597715244014 0.90908963623067851056
-7.2128714752489466733 0.40445088752332863935 0.318229248339496118 0.99946223752118845685 -0.0075085815556605334936 -0.031919539035025049079 0.032648946043897675295 0.137428184729040892 0.98997350487998692081 -0.0030466524923888358214 -0.99048327358168897216 0.13759942828187501918
0.89083264547303431247 7.2383944418148775668 -5.0931990225228744862 0.46160483807430136016 0.0049733724562244291043 0.88707172147062407497 -0.31440701940830917405 0.93598626882892144163 0.15836012980066066502 -0.82949936685520186952 -0.35200137802304815038 0.43361945327292955588
6.295917778915142371 -3.1828538118842586435 -1.8854499100297530401 0.94556766487161181267 -0.010440017757520458908 0.32525804706182659398 0.11593446137550891817 -0.92310088508868481938 -0.36666600144291566776 0.30407399069114632306 0.38441613126639712084 -0.87164399051876961799
-4.1495619929295877171 -2.0159672845357805571 -4.6135679722181652807 -0.97624999377297227987 0.00057629070593276528721 -0.21664629594668008417 -0.13911333577444981446 -0.76826922013822163127 0.62482788445936066068 -0.16608259833014232809 0.64012660722483238906 0.75010299109830091968
-4.7292091942608287525 5.6271009774314775242 0.12002721608976242573 0.94833451992517603379 0.0072030691758293704727 0.31719040671617138027 0.20667465460681982981 -0.77255430399335223157 -0.60037108068642275338 0.24072229946863313299 0.63490783833232400379 -0.73412860682763003695
-5.0312293078771306298 5.2368402618362264178 -2.7612470200102730011 -0.81151481553298099314 -0.0094068206282329289852 0.58425612183021691237 -0.45871570500241909407 0.62963817314731262975 -0.62700532126917618569 -0.36197183060924920106 -0.7768315664553204769 -0.51527576229048988044
-3.8340813755993647938 5.2399317808645760053 -4.4907628734083884225 -0.88809392099425943368 0.0032106536804734544382 0.45965082312122990116 0.45962207991798581519 0.019387263043306911942 0.88790296636718812895 -0.0060606224890415475934 0.99980689422242563502 -0.018693397775974847363
6.5369458038018475321 4.7490116587817094995 -0.21650480361257512518 0.80612488704010643037 -0.0096321899060307254736 0.591667041005447647 0.027561984394138396709 -0.99817115897579189454 -0.053802178441762382732 0.59110320884826139665 0.05967879276960145335 -0.80438513050818138961
2.7486385103772805749 4.3755833547266966832 -1.0201586761651244561 -0.93496903819384946654 -0.013397398072058280816 -0.35447624369451974369 -0.099768132284590874126 -0.94901793845207438327 0.29901717722696569135 -0.34041036617487141491 0.31493723536799367313 0.88596575576009573005
7.04669804874051664 4.8778168118644771312 6.1867343683131501564 0.99471617262840006379 0.0087366898966844408481 0.10229079216264236329 -0.053370882072101014093 0.89515720610596150042 0.44254392471656089914 -0.087699970686773903727 -0.4456649488196194886 0.8908936348045444209
-1.3656723458984372233 -2.1845297176227118641 -4.6372936330025842366 0.93891911738500977158 -0.0079467656343291913357 0.34404613051868138118 -0.34309603979050190548 -0.099349112104506989707 0.93403150985609684209 0.026758148086063304749 -0.99502090573011292562 -0.096007284468461712157
-0.70675770765011791674 6.2449395368428071151 6.3972175321212869648 0.94478428492127464189 -0.0062964691729550607141 0.32763243038773626203 0.32239839451344853849 0.19686059508532796625 -0.92590776069635660761 -0.05866796554318208512 0.98041127114004711363 0.18802076810933038287
-2.1279463237661726538 -0.60189652679539906721 -6.1695310836932071297 -0.99315635110794320273 -0.0011332284142258185894 0.11678689159040250845 0.072942646124888196879 -0.7869668294587082169 0.61266840926230092812 0.091213116547368550124 0.61699426668736512269 0.78166376546744009701
-4.7892357728460659416 -3.4503599483289253413 6.4115892825352922557 -0.9841013112316604472 0.019197746861200550017 0.17656742549961304545 -0.074901102505949765376 0.8565536415047674268 -0.51059346261826321633 -0.16104171532715008675 -0.51570079090555254187 -0.841497629339522768
6.1837857330919172583 -6.33851282384826753 -4.7644038213801289672 -0.97712606106970711917 -0.0011872013676813310528 0.21265759175532653047 -0.18378925627442721513 -0.49836407137118970967 -0.84726310060361931242 0.10698677514701084024 -0.86696703681240461226 0.48674632718120430797
-1.622493007961670175 4.085402911089817124 -4.1409154876720224436 0.96468895105445739979 -0.013561825760193525758 -0.2630424007557701227 0.19149008867759437225 0.72182118936849204438 0.66506068634127624151 0.18085014141974048441 -0.69194670854106532509 0.69892988123839627779
-4.6821323003867707513 -3.3497656388613794576 -5.481401110803994392 0.95170475342850158196 0.00015357843317512741288 0.30701472068173163432 -0.0005161632525078098388 -0.99999766122284883263 0.0021002676794163732676 0.30701432519852817071 -0.002157304450780200139 -0.95170244833163042397
-6.599956787850145723 6.3152687582638149522 -7.1801946133544483075 -0.99973110935672637734 0.010134171889703601568 -0.020856834471272678311 0.011565065202093717869 -0.56168799129766577849 -0.82726830575024157266 -0.020098712668370741913 -0.82728707169403814525 0.56141975629372753431
3.99804146927221149 -3.1386241240684289444 -3.6515800662883641792 0.75559903455459687116 0.012779604924746362782 -0.65490975002531015559 -0.4155146065439628833 0.78225814386706782333 -0.46413339472861780965 0.5063770440381800686 0.62282331206502461463 0.59638361079048773927
7.0737278909716838626 4.3550394021102238895 -4.9737849427679687864 -0.99131512499117580006 -0.0067362957257387813537 -0.13133524006798596995 -0.094697345490285023129 -0.65640593019899395877 0.74844082435197711867 -0.09125094915078454938 0.75437780794471320789 0.65006721741651407598
7.1767959616298737657 -2.2710465877709689053 -1.446886636275888538 -0.97224415058313951032 -0.0011603509389340798882 -0.23396573518896948696 -0.1690656197079632439 0.69474256116274746287 0.69910627943236314241 0.16173474546174795852 0.7192575528242172167 -0.67565556670233195558
-0.55151179823260676471 6.5375295974074543182 4.9326377656525117743 -0.94788399341583318147 0.00083373912831267906615 0.31861456323430753512 0.30877134615971707499 0.24905978445511434138 0.91794851683408151821 -0.07858874484713418429 0.96848775348282456488 -0.23633721784157868395
-1.2959577435558364833 -6.5851793861904130978 4.188072156432317783 0.82525724023931623652 0.010316549095705958294 -0.56466278100077482716 0.54349257060153277621 -0.28628393500876148092 0.78908639213773135168 -0.1535132343926489118 -0.95808928465496523419 -0.24186485791794309907
-3.3864797714367762538 -6.8802475518401315924 -4.5091028346826185214 -0.5058362862853956754 0.0078203724805052596269 0.86259404893098101663 -0.39534947598781422506 -0.8908589240020411415 -0.22376141169125021713 0.76669970869513226486 -0.45421274673899719732 0.45372054988366961048
3.7296516940593931189 3.8461639104473461792 6.3242004548799792829 0.92640214721274904974 -0.018144586821542275923 -0.37609817283368440766 0.33845480516069958998 -0.39758897622638711411 0.85286068665802938771 -0.16500729227331389914 -0.91738420520100383282 -0.36218615868685538617
-0.95091977431412266775 6.5198340059813153502 -3.0904134385470842794 -0.95115820669272088672 0.004603669090983694874 0.30866951918180796088 0.28429806144609282015 -0.37659534796528176814 0.88167485852142057912 0.12030244427700198528 0.9263664232482822225 0.3568929416214612349
-0.54337495828344539728 6.0102241084710881225 0.59574794047540902131 0.98954299093860476066 -0.01673036022043745269 -0.14326466462829018367 -0.13679772987881008706 0.20603376484690155701 -0.96893574030635520877 0.045728002188718565313 0.97840185138304858192 0.20159059260274242442
-0.040388457471537776711 -7.0830571072747803285 -1.8576056599971915162 0.84179500500418613651 0.00015504840972893792206 0.53979731891718407688 -0.52467990925024288185 0.23523966471480256546 0.8181523653782931671 -0.12685488709280445807 -0.97193738281071107021 0.19810492552131139798
5.442761029299676423 -6.7713715340360627337 -7.076318726311164653 0.95233946591366513967 -0.0017920575229870231576 -0.30503496552558412303 -0.28204174626817690719 0.37574750596652239931 -0.88276059332184786399 0.11619808529099219518 0.92672034632347155547 0.35733374411736196219
-6.8940191031411242051 -2.6667731850607863109 2.1446368093100285357 0.92647439090293992603 0.006467711957300253077 0.37630223451791644518 -0.3549039638334889335 0.34776840835728889401 0.86781352294369507039 -0.12525326126050179143 -0.93755815971637390671 0.3244939409186936019
6.503860686700059901 1.9076711346360564203 -3.5364690062356083367 0.8891323045275763004 0.0045219058421452403701 -0.45762790279122356196 -0.14383451212401826558 -0.94651984842022596212 -0.288811027608994908 -0.43445986945582276695 0.32261390068328360536 -0.8409309679863278264
-1.3512278188145030455 7.1745302900862855111 -4.600928770170662041 -0.56465501700362030757 0.0095617374357720025246 -0.82527164312707956828 0.73499787332076416124 -0.44902222012090459158 -0.50809169649936913871 -0.37542354479498485365 -0.89346942813663976501 0.2465147926568608816
-1.4872098331165861662 -4.1946146928305818591 -0.97832886729737633669 0.93971361761563365622 -0.010005105985125842261 0.34181605392667319121 -0.035711731012493308501 -0.9969775458287380987 0.068995980906519593923 0.34009261846718669142 -0.077043305792152877443 -0.9372306759259817488
5.6754198968474609543 6.6707918516288513544 -7.4076697307133212433 -0.94773778599036540005 -0.0017511526244143827899 0.31904548652270381393 0.3182081879392549828 0.067418365813684627552 0.94562059679317245209 -0.023165451311379647859 0.99772325692822583232 -0.06333770164796206914
-3.0540412279620312574 6.4051919096294049893 -4.3682019839868120314 -0.87761588129958101323 -0.0067854830683940813366 0.47931651558264132262 -0.47710044314716559821 0.10943140679191511178 -0.87200913662440038276 -0.046535277366725552595 -0.99397118893202784928 -0.099276097492344561601
4.946501421002287735 -0.77072417617391719702 -0.039808900177603523396 -0.97702006057807699868 -0.012091459581173141444 0.2128041302075857899 0.016302970831389103357 -0.99970421824491129126 0.018046860262917584911 0.21252297374696194066 0.021101484034907164178 0.97692820258265244959
-1.4280652754172202812 -2.6745660926189116502 -7.4668708999157198392 0.99911609966165570995 -0.0059792003858977500058 -0.041608515470788101642 -0.0021634436711332797297 0.98120621956193276869 -0.19294992667605950776 0.041980220442738032383 0.19286939585003515241 0.98032599538925435656
6.4469348391911971419 -6.4696115288864390891 -1.1315374340495722993 0.99761654491994300464 -0.0028771282046181996181 0.068941652397268751717 -0.054635637743567659619 0.5773103009336260083 0.81469488983559823492 -0.042144707738072925696 -0.81651977230760919291 0.5757771140297901491
1.7978653385333165371 -1.4864764149283289374 -0.39135038552389822541 -0.99988561763795391624 0.0094104976953292736319 -0.011840362069969714159 -0.01304988830569540556 -0.93252286398844441706 0.3608750594789195687 -0.0076453944325850925479 0.36098829713975749689 0.93253900576448756077
2.4850055576655871725 3.0328601554044958277 2.4833351180857516916 -0.99994216140378711088 0.0001512684846812998446 0.01075411386408581596 -0.0065147065175252269822 0.7870746003462084639 -0.61682342050935123901 -0.0085575958157827879819 -0.61685780420423763637 -0.7870280915863788751
2.4240053877484593059 -5.5061717866690615963 2.1279543911356060271 0.95896616966187842035 -0.010609125755626022322 -0.28332195801721343775 -0.28324629349326468919 0.0080917572629728880262 -0.95901306596242907876 0.012466862729617486649 0.99991098099535868915 0.0047547259208884909074
-0.57392573509508326701 -2.0084581331215565214 -1.9962123507723552596 0.86625298518948667947 -0.0024240734376557767499 -0.49959972930175144956 0.009230249202262185565 -0.99973990101371923434 0.020855043053548332627 -0.49952033807444412572 -0.022677173304256791758 -0.86600529886427402015
3.3311716045224630811 -2.526367632818105502 2.6056137779346610905 -0.96143126497450248635 -0.011384051737493310411 0.2748096179094145497 -0.17960838909665968743 -0.73071137513757289383 -0.65863625227483513225 0.20830446297572668968 -0.68259159796365964645 0.70048409053582028072
0.42570181200124279641 4.0249384309953413208 1.4565510825644134574 -0.92098718207561436344 0.0096785445019889580764 -0.38947263861373482285 0.18932376558022495638 -0.86259678215240309651 -0.46913036909449989942 -0.34049834395911543483 -0.50579948319126821765 0.79260820117162311682
-4.906945450921712748 -3.9556484292131290914 1.3220139247201614374 0.92406253186363906948 0.0047640208330301777109 0.38221164465678314492 -0.38206109061848886332 -0.019192173347609919887 0.9239377595475035676 0.011737130874617737741 -0.99980446317653381971 -0.015914621300328678916
4.7717122417637236609 0.49249092934437865843 2.1904823131959711979 0.71351798699649793267 -0.0050563797060753489648 0.70061866607787814942 -0.69616586528015644841 -0.11790575851912052374 0.7081322758685638652 0.079026389587694423344 -0.99301191590646276097 -0.087647958427144678772
6.5939174930828015064 -2.9618205302880240559 -7.2410216878296802534 -0.9998918845868326466 -0.010275322632600612446 0.010518406817477522416 0.013590196654760621289 -0.91891514333132684467 0.39422108760351776136 0.0056147744446402953963 0.39432141344495547086 0.91895543809628477128
-4.5143043363292827408 -5.3141088564754488388 -6.5529020252985832329 -0.9584589426939121859 -0.0065984284932085936898 -0.28515419672819136698 0.28511223601812590855 -0.050953153615581801839 -0.95713885565758061169 -0.0082138932928973035219 -0.99867924624382919951 0.050717798443185961588
-3.3465801848237197724 -2.9852736271647803967 -4.4423820221674592545 -0.97856965627535619223 0.0011563722246318427697 0.2059128228654787951 -0.20270120769910565661 0.17060246903502446214 -0.96426501437963996199 -0.036244285266652839783 -0.98533926155535289659 -0.16671200143687542328
-3.2506718020015696879 -2.6512149251420731311 6.2277384488463045642 -0.89979423786907641869 -0.0025392165466166082693 0.43630709583593535461 0.43623616220337335658 0.01371101846019099485 0.89972774702076496744 -0.0082668182280487903513 0.99990277544978034552 -0.011229397324369403202
-2.1130956416230919359 -1.1697306748129778775 0.61699545323877746927 -0.48637527356054893746 0.0096613506015446014297 -0.87369660155771988741 0.4099884275748527096 0.88554631062674582509 -0.21844271786937613511 0.77158835043280216137 -0.46445063251114787617 -0.43466887102292689482
-3.6303625743763494604 -3.0994652933525435046 1.8187326109824890619 -0.99691871400614318066 -0.013969738392483159461 0.077187590151989102227 -0.025887740128129190648 0.98747512195250208844 -0.15563646242402534581 -0.074046624334180077831 -0.15715511424719241784 -0.98479407364720938922
-4.0610361577487283924 -6.6051479891187323545 0.18261457350006943257 0.99988007702314374292 0.0027691861456330991997 0.015236901923566364622 0.012850304735190557631 -0.69746020639878159031 -0.71650829036253649296 0.0086429879295703004871 0.71661816338843120633 -0.69741214978048482465
-4.3168631839407627382 -4.4008718057265232559 -5.0628640281263184164 -0.99953399875888582216 0.018387911319140071847 -0.024365345112371421255 -0.02808898991747661722 -0.86652399824616244128 0.49834442819095359223 -0.011949643113457926458 0.49879659700207351625 0.86663669484307892521
-3.9788424407966549445 2.9522624825053433995 -5.6496229175431489367 0.98918390860761251648 0.00011762915457158703778 -0.14668054102418312534 -0.13581071843956152301 0.37851706404700879993 -0.91557647467711600342 0.055413389254671104045 0.92559430550796695236 0.37443896418876992938
4.891779365839791005 0.24921599864029236882 -1.5750610173223844601 0.98778843744945488137 0.011522423479815895736 0.15537450433769531277 0.1428737928844966143 0.33074276372205058117 -0.93284312912308497978 -0.062137606550572710429 0.94365060165432101957 0.32505762542894900413
1.0455351657037432744 -2.9854047655032815989 7.3085994337223505468 0.99836408730964321112 -0.0041992102220058885945 0.057022064183838407081 0.0067762724682304213003 -0.98158084963073310991 -0.19092699591610923227 0.056773508802168831666 0.19100105306414569273 -0.97994661406968341932
-7.2080905429842809795 3.482541864233464235 3.7797972879028569615 -0.98466964782752008922 0.0033957547301504435386 -0.17439654095465947914 -0.0081918720952378881045 -0.99960755098216513836 0.026788752322354746072 -0.17423713117103667436 0.027806705472349341202 0.98431103277981557564
-2.9579417555686964292 -2.5372346028530472495 3.0179388343626207813 0.8484976455237571713 -0.0053972868252151230684 0.5291716307925462548 0.012015207637752718661 -0.99949374157612780323 -0.029460063403368902391 0.52906273760883482105 0.031354901454733040411 -0.84800323692112156149
-4.0591726045720495364 2.6476327043875826917 -4.513430754458607197 -0.8954710418345479539 0.0020229990445208285814 0.44511517690443352935 -0.073063674561242741845 0.98575819616410664814 -0.15146774625275671866 -0.43908235297648912088 -0.16815673096882446935 -0.88257011117214878571
1.2259184508930922597 4.0943909103278910422 -5.017757800361157372 -0.95600019164962324325 0.001346922193361783579 0.29336294818282931951 -0.2421569220862838101 0.56085656024105423612 -0.79170698109863790748 -0.16560090172339050896 -0.82791189424673705677 -0.5358528125457076019
-4.2172016559332670127 -1.1536773902310890616 -5.7320443008095516291 0.75660564650613748583 0.0067229831685255043994 -0.65383690410717254515 -0.025767962328439458081 0.99947694116748952986 -0.019541141014765065625 0.65336353417726511505 0.031632982344899092386 0.75638313481695584883
5.6656096511848037522 -3.1186565432524564478 6.2813483854052183375 0.96558702744185143096 0.005351093791844102783 0.26002511077072748558 0.26006994132374133821 -0.028730935749040037441 -0.96516224488463120412 0.0023060910539507407067 0.99957285833807596465 -0.029133877493999260633
-7.2399749166314224524 3.9446396919669814984 -1.1018466260220762809 0.98964124786284768387 -0.0059464497371369794132 0.1434393260723328678 -0.055956975410614374911 -0.93609757140199001402 0.34726093030784227489 0.13220823511210336165 -0.35169017124577062194 -0.92673351402529247078
-0.11745009326714997422 7.0363580827041207755 -4.9277460503228622812 0.27935645721773305628 0.0088335606361965492844 0.96014683148840496152 0.8417478005689360554 -0.48336233288714891554 -0.24046100595162031577 0.46197468550573267398 0.87537581835011046838 -0.14246601910453712825
6.5813734382278683555 -6.9371323978463772519 -6.2354337913734614318 0.99989275187462922645 -0.001226479779549146526 0.0145938513032093653 0.010568120218464760462 -0.62944825965624562336 -0.77697052920356268757 0.010139012947853388857 0.77704143014581728011 -0.6293677909246174762
1.2549643395970722093 -3.5979170174647552294 -3.9355159816511249282 0.86277686078776583134 0.015609128180025865634 -0.50534388648384809262 0.42458852691864501505 0.52027266364309310287 0.74097296730371098317 0.27448255190125586678 -0.85385754700839044951 0.44225175875120859015
4.5242169863709547073 -5.9443236402524313178 7.39204927961753544 0.99856306382189585769 -0.0029652248923052494656 0.053507149166481388081 -0.034669698964205027114 -0.79710812102412342828 0.60284048916042287658 0.040863425508943250486 -0.60382932260594945895 -0.79606553098157739612
0.38791744392667332209 -2.1396944160695459125 -0.94753268162895842863 0.9956318789654150514 -0.0014706662179038605676 -0.093354157532103090866 0.058129001640023603148 0.7922115617162350798 0.60747169535001366292 0.073062854830526990924 -0.61024476943598682244 0.78883657408871177275
-1.6916544102010584449 -5.2997187026438261626 3.4707664660469568219 0.99862821516285760204 -0.0069597865240787499391 -0.051896524471087952801 -0.051911123400888360691 -0.26125817473315182671 -0.96387208767674870113 -0.0068500472915912734295 0.96524386944778928221 -0.26126107506758461385
-1.538982408726372153 -6.957099908384462239 -5.6723260722310708815 0.99532583352243830799 0.0013067042136999827348 0.096564888272207424769 -0.021400938272008146468 -0.97206351168881832692 0.23374030265319412081 0.094172633838137981277 -0.23471434077929406725 -0.96749196031216611047
4.3392591681991463659 0.99815097037442257477 -2.5234920979058270696 -0.9924546601889843167 -0.010745970834676101327 -0.12214037653417210427 0.078725518275109554467 -0.81954419311573956097 -0.56758224805065105034 -0.094000214049690292151 -0.57291521156346603139 0.81420643581199358962
4.7705184498244062041 -1.332441964133021628 -4.2947250457138466118 -0.97953122231065103964 0.0077849551523111988963 0.20114168884613706223 0.04261070585045488579 -0.96858724395079942582 0.24499607875001397361 0.19673055752860513223 0.24855209781700027261 0.94842972454747820343
-6.41875483077826825 7.0566206862355960183 6.9105124256784904446 0.92479936371229243264 0.0011904320002513598623 0.38045330823773659823 0.29303783745762196355 0.63553477807925262688 -0.71429991717051288802 -0.24264163429951071671 0.77207132359872288063 0.58739331676574702001
-5.8543115032738546333 -0.31758647196004774482 -6.4330069213047895715 0.88673092299685696283 0.0049369335678253693095 -0.46225955575645993889 0.14253329108520160218 0.94830780428095584611 0.28354288788875076088 0.43976417672844236861 -0.31731362250432537664 0.84019017718577915232
0.82304179065613214394 3.0320314029747352791 1.0855771533485640834 0.9458705700755699608 0.0051080368336851329075 0.32450388691751913539 0.29286382341706285182 0.41744272097440748848 -0.86021645859575301962 -0.13985580287708382352 0.90868888111673473684 0.39335082526469444808
0.78593600804398688897 -0.91386297720768172592 3.1415343292473574266 -0.98711531463092150318 0.0054725675546628159071 -0.15991687411075505842 -0.12934524929596838416 -0.61564172708391473599 0.77733845290048531051 -0.094197463371074888205 0.78800717945811504794 0.60841722774499951143
1.2711467245188285968 0.19799304993903119043 -3.399064903594651188 0.9611165232189173846 5.0826101924746763805e-06 0.27614313094796655301 0.20517226936166099716 -0.66931290936661447244 -0.71409002880600969121 0.18482253293516470727 0.7429806385965453952 -0.64328873920658435903
-1.1165600954967298541 -6.4691082402324004974 -7.0147259385446405489 -0.98684199255563964659 -0.0056406216794161086192 0.16158918625973722749 -0.070358321175161067651 -0.88482919001629600775 -0.46057248195763789145 0.14557674392022862397 -0.46588140967661390013 0.87278973627522271617
0.81692336962377654075 -0.085992790689015219385 4.823311302215560481 0.99692808096315899125 0.0046823563272439926858 0.07818233129236429324 -0.078125395863177127254 0.13020828773071119189 0.98840387713092436872 -0.0055519283404269793858 -0.99147560602645024019 0.13017410935452192189
4.8546142552307891549 3.7888785017049970705 -1.638956316227748955 -0.81837952691984683362 0.0041922048165519056745 -0.57466283622411251653 0.40569654245880021337 0.71245299020138075363 -0.57255659300195393957 0.40701998151855423025 -0.70170731945155007114 -0.5847577040730148612
-0.53553274956938368145 -0.68730407290486483785 -0.33636376001289669535 0.99095333194464230164 0.0064721351990898682432 -0.13405075670682728428 0.037567367229761471081 0.94552887465530033317 0.323363325243479105 0.12884171229508534218 -0.32547389858340664004 0.93673184770989659231
-5.3488758788094630248 -5.1427800663645539814 -1.0667506228551462133 -0.99962765059707303639 0.0040459421522420777398 -0.026985005355172630298 -0.026739870276080691947 -0.3422314048639821249 0.93923513821752047104 -0.0054350252563901144467 0.93960699011709714057 0.34221216317295471976
-6.7827373354174369524 -7.2285339888053705693 -7.3241099725153144817 0.86916374908999538551 0.00093079398276594985454 0.49452351904671076888 -0.44715572611829956795 -0.42560033561399279733 0.78671221607708152757 0.21120164267220989385 -0.904910762422407422 -0.3695001734570108054
-2.5569084550342986439 -3.7911547864490566795 5.906667728099990633 -0.98623708885783867295 0.001606393819707976206 -0.16532944099613050559 0.13965724255748088178 0.54333849759523855649 -0.82781588027292718479 0.088500051765143195048 -0.83951217771377950605 -0.5360849226641464238
1.0513825784328172386 -2.8904407617957805776 -2.7521148988565964366 0.57885101830149776614 -0.0047199000354473802377 -0.81541965953432371528 -0.22840821473535652397 0.95901433466055241439 -0.16769374871119796522 0.78279063998798215085 0.28331824589863324748 0.55404836024326120647
-1.7350891705073843152 -3.7600690380424057757 -3.6320617374802606214 0.85013174945966174523 -0.013136536519613080734 0.52640615494976206179 0.5195996415917428779 -0.14119293549327105453 -0.84266290260379173027 0.085394502272861438907 0.98989493703881081821 -0.1132068575948169814
-4.9404355411913041252 3.3272252298514057856 -1.983734039285303119 0.98742343568178614355 -0.0052236644933159395721 0.15801161981189862371 0.14895927030991107376 -0.30413958054124062835 -0.94090926838723309977 0.052972582106951264513 0.95261315804346768932 -0.29953643629359277822
0.30125762242887288433 -1.7190845632685733957 1.4028536437020233674 0.99885766888600557856 0.0062224047791009998165 0.047377621154270493919 0.010294976833865097585 -0.99622400886502882056 -0.086207526428879382996 0.046662305552347377313 0.086596800401415999215 -0.99515005069625461775
6.5956232435591095609 5.6496379152265756574 -2.7168363252974185862 -0.7814671774785925118 0.00045011952633482524289 -0.62394618992016104286 0.62045932211441690018 -0.1050144893338879476 -0.777175775890618592 -0.065873212498365404932 -0.99447059002375703951 0.081786095717940751615
2.0327573951309951816 2.266757669302086331 1.8778357331428359167 -0.98538299711264654146 -0.0085506931800711227787 0.17013886871464045658 0.16910298948139873554 -0.16989342704164431264 0.97084520001720142623 0.02060407604819751784 0.98542534425204508786 0.16885604210691770866
-2.9616716282332968824 -5.9285305571207320696 -4.9783966342114789327 -0.35161958679490162849 -0.016678121469459083331 -0.93599439445251286784 -0.69279964168894370147 0.67707284512239418461 0.24819552549092308014 0.62959695254818437427 0.73572698921691359608 -0.2496266706100273014
0.93176442505718026776 6.705676545803541444 -0.61389857650287193991 -0.071751045904477173121 -0.0023213494991390203753 -0.99741987084084193782 -0.58436685574155566858 -0.81030002221004227003 0.043923250300950435199 -0.80831130471018453054 0.58601065292606180357 0.056783354382126553783
0.069021505979530911601 -3.732631703737037121 3.4277544439265699161 -0.91688043269736141383 0.0043048219893687964324 -0.39913874861308101805 -0.21451030651768687729 -0.84859132367928058471 0.48360944342935863194 -0.33662382645095051403 0.52903141105612483397 0.77898020872264095438
-1.3640609320230703272 -1.9173349018143737155 -0.28391141388795976264 0.86997310510758441016 -0.007258207778308042174 0.49304575326160843263 0.46597515877414474872 -0.31495453265736927939 -0.82684387508398915489 0.16128839944279541041 0.94907900660500799095 -0.27061982822173130669
1.5181012999709804223 -4.6758010015703908024 6.903788590962482985 -0.99535027775930629002 0.0032401218643773582045 -0.096266952661702945293 0.037750457045040465565 -0.90635557857908177759 -0.42082593571619980599 -0.088615616893186643921 -0.42250333346473090135 0.90201896080614407669
0.32925550013461191146 2.124967350662189336 -6.9312244040747268414 0.60413475758250789749 -0.0022143929945712412591 -0.79687909443297744172 0.66580802919967130293 0.55086621607726238281 0.50323561105907210766 0.43785941000968192638 -0.83459062326897981432 0.33427178854580669176
-7.2686164936433028672 -3.3601215645578155211 -0.74745897058822052816 -0.96915663934638307531 0.0073188926026585780088 -0.24633684706486799754 0.1691028330435619953 -0.70737393255466030073 -0.68631359552235438048 -0.17927531973877419702 -0.70680163649584026864 0.68431849776203657054
6.3754430628423550687 -7.014793375319059443 -3.9994903027587116462 0.96410984419569500936 0.0092494189671151905846 -0.26534252688504061934 -0.052309299721699266394 0.98642181337232692773 -0.15567833267973082978 0.26029972241166332569 0.16397089483225346651 0.95150281143062021005
4.051519867400731556 4.540192062932681516 2.4199149425635084754 0.58534695338975717416 -0.0060093066296406406901 0.8107606504950404247 0.72274169240467478481 -0.44931388263158938967 -0.52512996575566339708 0.36744168274343269598 0.89335375026263263987 -0.25866133587042966502
-4.7957311205583721403 -3.0580626955231187125 5.3011223320819471638 0.92275120548586497815 -0.0081927933253417451614 -0.38530908490700443991 0.19481276503799851985 0.87255483147711809799 0.44799113009531527085 0.33253300490716258819 -0.48844748356749340124 0.8067470833192421642
-1.6162425661745940531 -3.0332921120821394467 -2.5216785593459327686 0.96375412426904083496 -0.017843289499268083498 -0.2661946749546137414 0.25117480887302379156 -0.27567806612456030591 0.92785387817560094348 -0.089939998565467985103 -0.96108439841552661953 -0.26120408836850533829
-4.3194559923095292575 5.2223244967570554564 2.4765653948483610236 -0.9998803549696945181 0.0089010741399805498597 0.012650953512026674036 -0.014336279190224435545 -0.84039014650520516003 -0.54179227823581876944 0.0058092034384051166596 -0.54190882308393040212 0.84041720628463156828
-1.1342844978162802683 -3.9066393408508042207 0.12105810695248273023 0.99589311639569266799 -0.011702837666091543689 0.089777192571770955687 -0.047133132343514169693 0.77962351230748816455 0.62447229473597476446 -0.077300508090146269335 -0.62613914000637038715 0.77587009789071215149
-4.5682669502478061574 -4.0746633596046697434 4.6438961583422395663 0.92727258187484651319 0.0015018161644036217943 0.37438389849366376927 -0.12107182932827104116 0.94746210019108301204 0.29606955406552065702 -0.35426991270246177557 -0.31986452327445813459 0.87873745550312742925
3.7316019556555790615 2.277077347720366518 -5.1244511710702864704 -0.9998682641854281794 0.0023948654056679388388 0.01605362558928356484 0.0082941068843792563337 0.92556099738680386313 0.37850765898119875796 -0.013952134813793332785 0.3785909464528519619 -0.92545893112447286111
2.7258682992342593288 -3.6822359056892515206 2.8343950384944842646 -0.72430065939031418321 0.0037781294201047277773 -0.6894739157827081133 -0.38569786058734623069 0.82666483733356777019 0.40971015005063987635 0.57151178040798222835 0.56268194608883703722 -0.5972966703412323497
2.7895915749096551473 -3.821084313751132111 -7.4638356332104534019 0.99998406539493334133 0.0052008753635042438354 -0.0021954160905408026672 -0.0053138687145976980924 0.99846913605793530255 -0.055055854719968960742 0.0019057165687549608869 0.055066643579528347374 0.99848086261543755882
-5.2332861535079766568 -4.439204110456169694 -6.0255671323361745806 -0.98766788610997169329 -0.0060291945238412454275 -0.15644742107296999434 0.10420142900889678428 0.72048238208989623388 -0.68559988279644679121 0.11685122566535102728 -0.69344703179936151294 -0.71096906061308395852
-0.25255997245697381359 5.9151686102358258523 -1.5627892427942435827 0.96302519683223852809 -0.0068859810644386690304 0.26932332526344426871 -0.23218640435148468759 0.48582057810639023288 0.8426552317068091158 -0.13664532154638334149 -0.87403143487713641502 0.46625862667234846404
6.7013238438989448653 -5.0280601177771071519 5.5705449674523181969 0.99606063906300934541 0.0085430406213506029228 -0.088262221627008752289 -0.088517949889832803212 0.15494958839763087188 -0.98394877793647361752 0.0052702805329265601034 0.98788543946776252724 0.15509539848353029456
2.7607796491612872636 -0.072262372361728166581 3.1943999572689714128 -0.85287715753777926242 0.0035750663991670548862 -0.52209939001152461113 0.50228620526948875025 0.27856121487663759728 -0.81860382210345106202 0.1425100773493609696 -0.96041182232769584104 -0.23937420367948455957
-4.0823609880209454914 6.4435017829919098986 3.4067940662555331599 -0.90796961057762459735 0.0019629673579053073112 0.41903142248125463398 0.41203718564661834245 -0.17781976565395454792 0.89364729540635823302 0.076266269817541879061 0.98406111482054148265 0.16064612782812573433
-0.33590780540308834423 -3.1132841915977453873 -6.2719803399148217338 0.94161493864657574981 -0.013738207429007942562 0.33641130922449591356 0.11333085724732075428 0.95379568474236753328 -0.27826230172702853816 -0.31704482981610532244 0.30014172223050433752 0.89966522799509529573
-2.2336327757777407754 -0.076149283239495865749 -1.70677078749674771 -0.88874930846223243464 -0.0067417806127745942557 0.45834399210863319141 0.24561280774278246297 -0.85124965326356127893 0.46373308755292075301 0.38703877761878113795 0.52471761568753261251 0.75820340833210753129
-7.2870875446914933349 1.3483456474019119842 -4.9870052367743449295 0.91938727286380839132 0.0055422195036161966269 -0.39331453863162341156 0.37521811523410253386 -0.31246655565250275322 0.87268322866822500838 -0.11806103716395371928 -0.94991259355887880389 -0.28935731561885258412
5.9692548092849966324 6.9538719908971708961 -2.7418692481686810503 -0.99920834513871392701 0.013382533806993583345 0.037464527144397359593 -0.036511350770374463581 -0.68246435644995551151 -0.73000638588999977596 0.015798869268836855662 -0.73079635327779457477 0.68241269461054721024
4.8545665588865167805 4.7579171665627431054 7.2405166552254947021 0.93090888595607768075 0.023164639631716554824 0.36451618005045299808 0.0066899065255235819205 0.99673808905176120021 -0.080426531592758532252 -0.36519021235319509833 0.077308352097897464761 0.92771737479545246519
1.6332751184853817605 -3.7787850836154768253 -5.2739081773295861666 -0.99569037138690363875 0.0028684148639498592559 -0.092695504333240419381 -0.046040691392516611136 0.85236126322948402301 0.52092276940242776551 0.080504279783886856237 0.52294555083859839417 -0.84855583893729402689
5.9747241814299476559 0.47885219925309563394 4.3642398259142067829 0.99780618693498135396 0.0025693810064051627803 0.066152940943687454922 0.054529548462021015798 0.53473893760041424361 -0.84325606843868206042 -0.037541199485190170082 0.84501341225762571785 0.53342571314665554461
7.0379444019681747235 3.1323503599060047442 -0.57942948026669993666 -0.98047409705371091349 -0.002946146270792127618 -0.19662620687184231838 0.12007690786633729019 0.78286715058803379996 -0.6104920644262071816 0.15573079722363061816 -0.62218192255336002283 -0.76722719845153264373
3.9340254113019783588 -6.8642550124765842057 4.4858415542432270584 -0.99146335052560830015 -0.016246565596178225849 0.12936952373322238574 -0.12830768918106719156 0.2980069476584716881 -0.94590115553602072129 -0.023185371716870427361 -0.95442543357443287988 -0.29754752609408757769
-3.4830367757931557371 6.1171653813987854065 -5.4442509067906454945 0.86649687166426059282 0.0077442323062674135389 -0.49912242812967372307 0.29367250094329266918 0.80063201175418197142 0.52224979075543687124 0.40365781744666517916 -0.59910634166265164247 0.69147086547007929891
1.9454540402222708639 4.1307331646470668574 6.4568834503332110941 0.70460782546336542254 0.003566306619867414332 -0.70958797463941858386 0.6542330592530940514 0.38397143953695178631 0.65157120700663662127 0.27478521880933282073 -0.92333808276114925917 0.268216085362082024
1.7769784440190929953 -5.7627218730281173364 -3.7032415413766019974 -0.79561829478350587497 0.0027791825512372570622 0.60579188270417749784 -0.54124973825632050062 0.44589918853597698689 -0.7128973520082562132 -0.27210338080099782943 -0.89507887351181625313 -0.35326132019990108546
6.1422316757191346426 -6.9222674766508163202 -2.8142044577453915188 0.81872274068215067366 -0.015406158542210317969 -0.57398233785451757694 0.56653710998555939504 -0.14097971157601249526 0.81188695268073962641 -0.093427923551855793227 -0.98989260589358119002 -0.10669513530564274373
-7.1902309367426111564 -0.23193145183953489674 -0.96992290341326725667 0.92270777491333355602 -0.0011003123622501213841 -0.38549857512957397265 -0.21990070188623545011 -0.82284544226379408016 -0.52399337730125072898 -0.31662918915383936325 0.56826417048619259909 -0.75948784658963641725
6.3477643983916562931 -2.3542514677866228645 -0.067896823876778686357 0.95441183167025500644 -0.0053791901533384416101 0.29844450050404069952 -0.11043592376330277349 0.92252604182269670741 0.36979671294033561457 -0.27731203059069747807 -0.3858973522483230556 0.87987571350587667762
-6.4613045695758613007 -6.1816697873296666543 7.513237473297772695 0.97105089080398332424 -0.0085916907956785828343 0.23871813990150778095 -0.23844600637913970775 -0.094569678724871000797 0.96654026191763675602 0.014271282724333648334 -0.99548116944274733786 -0.09388062512710257379
-3.7020561861069323228 4.4871051283890377448 -2.8759083460245107311 -0.80296634536575295371 -0.0022941659249293418037 0.59601995353576953107 0.20197532180988961303 0.93977855710065894002 0.27572129586526228362 -0.56075932233877967548 0.34177624320094723842 -0.75414718854720641517
-3.6703644646921675943 -5.4901720383161460859 -3.7562716543016612114 -0.076594695074888849429 -0.0053068684861111055373 -0.99704818832056785194 -0.99572449738214352521 -0.051377376319830636575 0.07676646738983437801 -0.051633109526991613492 0.99866521034296629189 -0.0013489444830473915071
-3.6914920429511952626 -6.0189322553187700748 6.7140627688484126878 0.98499987005109423954 0.0075867851600610915208 -0.17238821505628537656 0.17255072525014419904 -0.050405150392158981631 0.98371010365337296921 -0.0012260566895727505708 -0.99870003579892963064 -0.050958171867871319971
2.6345178237427973045 0.28142442313005949783 1.3414097053441285112 0.67502780418397145823 0.0061900676083688817991 -0.73776632251796625539 0.70331567338995515382 0.29670845036798498828 0.64599625311946207162 0.22290026276952523698 -0.95494805018038442235 0.19593288216639262456
3.8035261338479240401 0.3481088919770075063 7.2211016301069435031 -0.99886534093501122555 0.0040787360967770537254 0.047448862900894589467 -0.0066476375655087124178 0.97463032693883233648 -0.22372200322259455652 -0.047157603772154645105 -0.2237835778670529685 -0.97349733984400210751
5.8378465848015865802 5.8354083358056456632 5.8281846381106570121 -0.98477862030099361235 0.0043981931262603640373 0.17375766140011578154 0.018648359672070357468 0.99658300517980802358 0.080464603822129193711 -0.17281003350370718885 0.082480116900597214014 -0.98149565594376253497
-3.3698358371852457083 6.6703462911118291956 -0.0072442704305469458881 0.99051094273223316833 0.0031919405391436644903 0.13739681162006742166 0.13320078838972876367 0.22391597904610793801 -0.96546319676110914365 -0.033847042708508870423 0.97460322482712091752 0.22136605850148577401
-5.3781484782023554203 -4.4202273020409768023 -2.9327934130187864881 0.97313774867837443683 0.0091309821254139805768 0.23004249012461422397 0.19754002113066013169 -0.54630320350066530199 -0.81395991909721154833 0.11824069582427411407 0.83753772154485472967 -0.53343200395238188349
