1125 14.717824617146108679 14.977075390850430381 15.033177056927090831
-5.0922191249213923925 -6.8367974244504985393 0.75721074828933754297 0.98619491242908219331 0.0062723366728610913806 0.16546979329049055218 -0.13367472373528882512 -0.55960236887626391145 0.81790968754652138006 0.097727493231098791493 -0.82873750158949111011 -0.55103855629705755792
-1.4396463952072962034 4.8107511384758403494 -4.70938704646803874 -0.95576939627145851563 -0.0084337920978301717662 0.29399614334499724055 -0.25107699943918404539 -0.49721486484875404566 -0.83050449639122037038 0.15318355493821805835 -0.86758645063439254752 0.4731052199798669311
-1.194611329477151429 -5.3816053067934523924 6.3357976246301719314 0.98217891683094749045 -0.00168472349261723775 0.18794078067150071787 -0.16064109892969155591 0.5115619835292366524 0.84409642478939639343 -0.097565427623179198924 -0.85924472574139110215 0.50217475904142694354
-1.0412950266173688352 2.256307252844438338 4.744374981911730238 -0.99269233494804132167 -0.011570659430580566493 -0.12011680971352572955 0.032116995719215009342 0.93415731305665039574 -0.35541329891931455753 0.1163203624538245301 -0.35667384863909801229 -0.92695918948764965961
-6.0689675487146521604 0.8667395373960762317 0.40685938769824148142 0.93510368642968655362 0.0033799366205742205349 -0.35435811216074603047 -0.33990918162175015604 0.29133329534542656836 -0.8941960966546858014 0.10021399041506720562 0.95661564227837991847 0.27357570994780661122
2.7530956664426122771 6.5009041040498605213 -4.2914946185557631964 0.87211106099882296228 -0.0063469940204783532878 -0.48926681161762902716 0.13763721856911456665 0.96272428837001600144 0.23284746218722238154 0.46955116158746978972 -0.27041017038821496543 0.84047608318292654772
-1.7281861727490883673 -4.0615439949154632515 -2.2457424785315232008 0.97903475090162184191 0.0096971173644910500788 0.20346233666657762007 0.10258953375743798397 -0.88640413838803577828 -0.45140125278078790938 0.17597256630067184546 0.46281061932878247989 -0.86881527757410914603
-2.8733554222590469429 -3.3403503889732042431 -5.2335684294174136255 -0.97989375022350588829 0.0040042822470384362155 -0.19947983355894577384 -0.1573300088286398446 0.59934892192393840471 0.78487460024557287319 0.12270088261702459531 0.80047787946467807707 -0.58666826903507540703
-5.1297474637488225113 5.6382117696037470367 0.95826266073681054536 0.99857400778181582002 0.0061158217127101639071 -0.053033458376562418735 0.052801636503751185614 0.033303265464893413994 0.99804953769438531364 0.0078700803758508068586 -0.99942658021193397921 0.03293284987250622714
-4.9433389832854377488 4.2923263531034381302 -1.1462365409558306073 -0.98938002831269222792 0.005602055859681205445 -0.14524385200776498972 0.044243798900842082333 -0.94023237695044870055 -0.33764709919226421064 -0.13845449012128416277 -0.34048743633837680322 0.92999927949491023593
-3.6303128096516728007 6.4955732303933677585 -4.0274750214462349263 -0.87032399184912068169 0.0024156075768241814725 0.49247366838427081293 0.46818322952252833247 -0.30615658322626987387 0.82889843174006705429 0.15277634897358038923 0.95197810446841246712 0.26532447268778869276
-6.5718852102802101101 6.3068626006308168286 0.30745521969874795021 0.99701377946057767598 0.002397839942913402439 -0.077186617553099703959 0.047798069970623600911 0.76588646996166853675 0.64119674019496497586 0.060653673200892550821 -0.64297135666617544203 0.7634847519328102905
1.4955055584613254904 3.9516249751041061522 -0.63902820496526957506 -0.50032476857507568457 -0.0014256296905687691409 -0.86583664367494295178 -0.39624713257703919611 0.88951034057289335433 0.2275072832648346588 0.76984630665793518656 0.45691281618492096683 -0.44560895696924773812
-6.1252739701437395325 4.2506268971150928948 6.5811253055763367925 0.97217342166805853498 0.00019130819052847261585 -0.23426224963386563238 0.23116296581930512177 -0.16291160440893809325 0.95917855083537484351 -0.037980540227371691053 -0.98664065016102919792 -0.15842255525642634506
-1.7052497012027929557 -2.5752699736962618715 -5.9536499347836189244 0.96259243332640076485 0.00082807488216019888017 -0.27095224965796338434 0.033728809067233370134 0.99185104032069537627 0.12285715792575419014 0.26884600562699867421 -0.1274002672943888026 0.95472037642007268055
-0.014910559821393134378 5.9684806120894835502 5.45119245560790322 0.98311085776336337716 -0.0073535527537652439767 0.18286324565007855414 0.022159308439213071251 -0.98705788324788834576 -0.1588260059550568315 0.18166454358863187712 0.1601956940121852524 -0.97022437261826721677
-3.3177496960681462923 -1.316052381892364842 -5.8226513155373371688 -0.98951466560216738699 0.010774331410469874942 -0.14402999805916014142 -0.12541035028189004286 -0.55875514835586781448 0.81979566248424073915 -0.071644752776768863556 0.82926268333291475177 0.55424762645511083115
-3.797835537661672145 -3.6000445871341040238 5.8544661725393538632 -0.96186910911717393713 0.0066169670203341437315 -0.2734301239322344812 -0.17055263123357861099 0.76702839225825203417 0.61852990667325824514 0.21382146034825352809 0.64157903738924726422 -0.73665237519294268775
4.9447737004635428093 -5.7462913274537275043 -5.3742815977391913407 -0.8478689967272143857 0.0037796884155232128577 0.53019230317322951773 0.52675153196849089365 -0.10795444071078566517 0.84313620625596719105 0.060423405709734263891 0.99414865723711920431 0.089540266674456803209
-3.7597888739073779263 5.7429018722669677999 -2.5933527356409791231 0.99851011231654251965 -0.0030184612836099758426 0.054483433197249089841 -0.03029956836734033418 -0.86106485026972168217 0.50759162698628323973 0.045381623574176285785 -0.5084861969821347083 -0.85987341842895426147
6.2493527770431915869 -3.7281754768991373084 5.9485420284061003571 0.83157628842735442642 0.001569147904458404125 0.55540833114050680575 -0.015653193612084361636 0.99966500070887076568 0.020612226650327310218 -0.55518992611102879753 -0.025834553075194048588 0.83132227313614270869
4.1551555279132932341 7.270788731373024838 -5.3580945415170093682 -0.99676319558573245327 -0.00028483363599524238021 0.080393101664224364544 -0.076970492131219342413 -0.28531386212692083637 -0.95533844443700666194 0.023209378846930538848 -0.9584340973421197063 0.28436843317339594028
2.8697137724142143256 -2.4893340063422448871 -2.4782683521692905337 0.77632171309207986809 -0.016626684508428225817 0.63011756930284457123 -0.40503447695711175536 0.75280372154247499061 0.51887727769477975936 -0.48298205997528820266 -0.65803503720857237091 0.57768349426648823997
-6.1291851277944964238 5.4024821224074770498 -4.3543436110685478369 -0.86411338374322121947 0.0037896864597503228909 0.50328292074385527766 -0.50291789724544189166 0.032312967269047414287 -0.86372996982649663522 -0.019535830316608472634 -0.99947061508723178402 -0.026016166340108174554
5.3461880692198331388 -2.3495214672736071115 -1.7886505468842448519 -0.92099187223898870691 0.010189359075454752085 0.38944851807564412338 0.22507685007191940985 -0.80202518338548556276 0.55325944797822734778 0.31798487830613497707 0.59720330054112402696 0.73636528638408416114
0.51115512564075238355 5.5122359896182402395 4.60571840184460779 -0.90514306705663549746 0.001671926718001648382 -0.42510379064437381347 0.28698831734928204051 -0.73532042433141586724 -0.6139556818420293105 -0.31361398862965794709 -0.67771755047520909621 0.6650903607132113704
-4.9789008206845961624 -7.0222660810537229636 3.2812512905111872463 0.85410698292296027834 0.0048808289067029837771 0.5200744554692132704 -0.29545287373016676513 -0.81838916592243049486 0.49289631009521400751 0.42802904238728156638 -0.57464367273122385349 -0.69754984643609974082
6.4997979934000937874 7.4264147391323076519 -6.1070095336403955599 -0.99760877737390485365 0.00093801654128176318453 -0.069107506331699222746 -0.024722915890176874743 -0.93858893023460632232 0.34415054477786799492 -0.064540721535364525829 0.34503614327490106373 0.93636774565220382005
4.5702861973771806703 4.2910097226674519533 -6.1949432132043673604 -0.9988051818599754661 0.00078215101539286322613 -0.048863042574057394263 0.039954436078342814298 -0.56267533256823798471 -0.82571188265448813848 -0.028139860118099605663 -0.82667760242972765372 0.56197178747121945275
-6.6608693591700589565 5.7314223683902048023 -2.3226079162657762289 -0.99990234285488532873 -0.0016672606192432953658 0.013875337663449322997 -0.0085801853618750097141 -0.71046008928775983282 -0.70368518667671919875 0.011031100235307945284 -0.70373551975954551363 0.71037640237861976455
4.511091928473297763 6.1943659663529011539 -1.9911617007970958682 0.9940907351471728326 0.0065451013174853160323 0.1083548427306787465 -0.040625777467290818956 -0.9032085789767611006 0.42727486360417149536 0.10066358080076820425 -0.42915198299844981022 -0.89760538043661008967
0.37843949270245358374 -6.8148958252056299756 -0.098857368777869547571 0.88923621924642159975 -0.0036543404484122680997 0.45743370249294257324 0.43524731680415046364 -0.3009796287206381038 -0.84851107023422933651 0.14077897426553936944 0.95362356770958278673 -0.26605144523881557594
6.5527258672724917332 -6.4837071572202997771 6.9839681834320446185 0.98913833437101950086 0.015547970164192095183 0.14616297787597232194 0.019284806170130987246 0.97206693343882899505 -0.23391018183442879863 -0.14571702621452312099 0.23418825234974055549 0.96120882784787620157
5.5454173061424176794 -2.5717521455743326264 0.60142979514018812814 0.99699513518269622381 -0.0041177049711289643794 -0.077354669722863936276 0.057015783274270266656 0.71500131714469572497 0.69679431465749064323 0.052439497325859063537 -0.69911097902060992393 0.71308760901668033494
4.0311554325088332362 -0.49123637274045850454 -4.9751109415616801002 0.97513875091119439631 0.004934772092734875798 -0.22154020965916779162 -0.17584899668070030909 -0.59110878809538969225 -0.7871896410667423849 -0.13483896631842212654 0.80657674691305036863 -0.57554531055462865297
-3.4006194296672069832 6.5689682597385248286 -6.0836560855911212542 -0.98324999419770131581 0.002965439757991231249 0.18223790790353475155 -0.18142930840431439887 -0.11139386276626629668 -0.97707462017487922701 0.017402728578658877012 -0.99377191221374527874 0.1100660326030059033
0.6209050560511102379 -4.2041387951099178366 -3.0939329675660194319 0.99229565563692911923 0.0088654155192133266006 -0.12357482029832997372 -0.11991196132449129241 0.31952493661576658601 -0.93996007171147155645 0.031152100015961456392 0.94753639470377803988 0.31812627583439473389
3.1043092642683411952 7.1913878309159819935 -7.2438691674180768487 -0.99991394121494414637 -0.00057999120626598755016 -0.013106249430467408618 0.012815381640534705826 -0.25689472225804499406 -0.96635442135347315862 -0.0028064492407577452601 -0.96643921965436074828 0.25688004701904809668
-0.96877984979418219069 7.0629730013091460705 -4.9340841454641504171 -0.80099182632842258478 0.0044943007576626614608 0.59865841296665223137 0.56254512569659620436 -0.33647784079897480325 0.75519907587758683398 0.20482938194997940551 0.94168065920028343196 0.26698775323588819219
-5.6558105579322379697 -0.095028715811324035445 -0.53472342005683304311 -0.70247194740884111308 0.0031659625265021366231 0.71170439073051039447 -0.18133668855510862161 -0.96778312323492299285 -0.17467922534025590031 0.68822247019955351544 -0.2517653730418238367 0.68041460040893164685
-0.73342279577544189362 -0.93733435400513953617 7.3539482222616312512 0.98007079876077252134 0.002921121048988949663 -0.19862702854418454179 -0.096442575666042876237 -0.86714881155617895558 -0.48862231653440596491 -0.17366651667883667431 0.49804056628792409134 -0.84958550794853437971
-6.0291211084424132238 -5.2736296665864834665 -2.076386617235961296 0.99004924609050459772 -0.0027407229229405288135 0.14069462944076732702 0.10333454908358558066 0.69283367164151643536 -0.71365501077580517642 -0.095522046048630626647 0.72109222147905416289 0.68622266564225031793
3.4944828802520602196 -1.7764099239029251809 0.73023382740561293414 -0.92525135486673959484 0.0025431292453276400228 -0.37934609897950161139 0.31513094880155595456 -0.55155100017046621019 -0.7723237529160239534 -0.21119283942579875069 -0.83413729487694410203 0.50952189145388959712
3.0866082681042499303 3.6665258214320868291 4.678452680738470093 -0.75594623069361155387 0.00071085897783101708799 -0.6546333255950758101 -0.65404870200163800487 -0.043086999800682534989 0.75522434140999206154 -0.027669327966055611012 0.99907107110937076744 0.033036391482987217949
2.4448829724679614905 -6.1961280351499024022 2.6808155435549068102 0.97548230474037100901 -0.01486883807645329042 -0.21957502315297822149 0.049701911120250082121 0.98682293842338375534 0.15398119441141139285 0.2143921481056596523 -0.16111922869616823739 0.96336732401249414171
-3.0219927047834977962 -2.1435081091718184432 -3.7915206519949586905 -0.40030653134816640559 0.0091191171776431375479 0.9163359223898258632 0.87753156857496172893 0.29188393688787306335 0.38044988308740024241 -0.26399436947482962657 0.95641027236683129331 -0.12484535953267285324
2.3888282466928281167 -4.1054809305023169941 -0.47330804658143377228 -0.99934808512373296541 0.012800591761841662725 0.033757215673419341262 0.014732546091853929854 -0.70904530643047147809 0.70500901094564649707 0.032959927868948357688 0.70504673481937540913 0.70839448393916382152
-0.47658008066522200563 4.1205104308788245149 -0.82907595349465790235 -0.93579761940211492188 -0.0012115323621154586858 -0.35253559779215465353 -0.33184532398592742064 0.34058369761772055995 0.87970530626205001301 0.11900208599030860646 0.94021342104137151097 -0.31911945478707226531
-3.504785993597697491 -2.3623057201422206219 1.4030206386393972995 0.9735865365312169617 -0.015283874954275040309 0.22780618747418318604 -0.047919271920272211995 -0.98921265387143664238 0.13842712450710203953 0.22323306041841134428 -0.14568709135357627016 -0.9638165137354612888
3.7450699406353886722 1.1764495855002554681 2.5912260716681121409 0.99957795389389481056 0.00072233082474437194931 -0.029041217734890534957 0.016827245803167953375 0.80050307639858397923 0.59909237056993480675 0.023680327025292869508 -0.59932820967698741121 0.80015307235384280915
2.3574909085754214288 -4.5917483092222806107 -7.3556406008239356709 -0.7333595204049498939 0.0076898028761292012284 -0.67979752924158243221 0.34250549433391519472 0.86794282586572180094 -0.35967379301160418148 0.58725956797857115088 -0.49660458914513899709 -0.6391479342512433881
-3.7893052711455688097 -4.731231473846908564 -7.3697064389345037227 -0.61883204592902896213 -0.00059389907462763279547 -0.78552310355290166921 -0.75398957227900720302 -0.28004279834592343823 0.59420178053354888448 -0.22033298397192815909 0.95998733240525424559 0.17285166413882332992
-4.9167947173304593633 -3.9584812911338174146 -3.9409231255109951064 -0.83141131001283474777 0.010785184249470013834 0.55555279981610694584 0.46411285124120771339 -0.53628810421287576027 0.70497824831166855386 0.30553967810343812816 0.84396608289698715755 0.44087045265475660605
-2.9323710788821411022 -1.3142222021505298724 3.4712992142377681049 -0.52208845269322678995 0.011430420329774664337 -0.85281474720791949906 0.21358832888213960532 -0.96629588865551097054 -0.14370901618539633215 -0.82571403847202096138 -0.2571800946005891042 0.50205052097524416332
-3.1414136364111522326 -0.74598354386057541543 -0.29546041266647266044 -0.49986112935086057796 0.0062319815868922337487 0.86608314483637827141 -0.13075733808253203749 0.98796951061160065422 -0.082575811467746979 -0.85617835168943279278 -0.15452316495429455068 -0.49303267801521089009
-0.66794636794407113989 -1.5670688181810814577 -0.30875109614917667367 -0.96849335736177877276 0.0056480780144709096663 0.24897533203261165702 0.24231785108196066125 -0.20933091003078935222 0.94734504229062121983 0.057468911535089338416 0.9778285480187323131 0.20136696572815460105
-1.0129928617426846582 -7.20064115701889218 2.6417393252449699048 0.99386601429019538756 0.0074603005103954875971 -0.11033897568481822182 -0.10934358181965682377 -0.08313677432870969497 -0.99052120515864983119 -0.016562812373579288705 0.99651022105672915075 -0.081811078563755287862
-5.1961402850131994668 -4.6271001930736197494 -4.7208134275520743373 -0.79945917955425327417 -0.0075221157658605245291 0.60067332053362310074 0.58253361384510293774 -0.25388798226625297616 0.77213695754148414796 0.14669563376970573554 0.96720437873032560905 0.20735496328208816164
-3.0123954791564910849 1.724013192481163248 -6.7761389095936346294 0.013106106100778811691 -0.0022125924951695873956 0.99991166330697434095 -0.72615217617720695387 0.68744538448409742148 0.01103903911707754433 -0.68740908272733958206 -0.7262327091133526924 0.0074030532921911607405
2.7295526691031630762 1.1154246069811755149 -1.2377985729552976046 0.97216679049958443226 0.0073514972232312913308 -0.23417447969029789312 0.030611640675043030879 0.98695380687470168901 0.15806679142241217284 0.23228142178150104624 -0.16083575032923069781 0.95925867340936954442
1.5207389069584325014 -3.1947835270495494875 -6.2694516831215771901 0.87514704500209938853 0.00033355586954048836029 -0.48385693997759088303 0.45133067555377315294 -0.36101693553305747031 0.81606825300485363872 -0.17440834535138560746 -0.93255919972877476809 -0.31609344832339242304
5.2141864058483609057 1.0075999660056578211 5.6303216885819074022 -0.99584933984371903914 -0.0049124770276480133821 0.090884321542234400293 -0.064202361121718787285 -0.66987339605301121637 -0.73969432205930130131 0.064514720484080745333 -0.74245909034090662448 0.66677758661417907415
-0.5387514552300943782 -2.5692803920737405932 4.148482959238433132 0.98995528235560659169 -0.00021671429424921246493 0.1413806633568457094 -0.14064624123496274888 0.10029713617469375453 0.98496655745348482558 -0.014393531977523915319 -0.99495750537907778899 0.099259199710345760725
-3.8676588198194608026 4.0210400038410512025 -7.1785981645927154915 -0.99343582889402870517 -0.0071152833525972500328 -0.11416928927044882325 0.096841870145827832483 0.47890477565196976073 -0.87250895012279805485 0.060884366272226417283 -0.8778380195687819354 -0.47507210541466809994
0.21326500307594553618 3.618127031865711718 6.5047637410780119183 -0.99621253676631404961 -0.0025854041276319244744 0.086913159390065539145 -0.030778441191433279084 0.94532754760013026907 -0.3246667757966397172 -0.081322008998070058339 -0.32611216388519254084 -0.9418267289786476093
-6.0380133091467156348 -2.3599209368845230905 7.0548009550216370656 0.94237296516680046921 -0.011596744324050950112 0.334363140976902673 -0.089448779195760455552 0.95428470449844016166 0.2852010144809405956 -0.32238503442817034728 -0.29867410045340891944 0.89825479196898805334
3.6752076372962365625 -2.4171306402102263888 7.1322033175030457031 0.99677409415633888567 0.0018145592413304238374 -0.080237850131085683425 -0.078775301394638577723 -0.16918399859885527303 -0.98243128335175466948 -0.015357640088343836246 0.98558281336111075444 -0.1684952844979822062
-6.0933033483969962774 4.7505993855818964278 -2.1986996265277469753 0.95202400302592160575 0.0032703809964814544581 -0.30600588600663564121 0.092287689105664871825 0.95032118118159070175 0.29727535221950474043 0.29177607870096605724 -0.31125384689322210807 0.90442675916408299397
0.76867983712932685947 5.6620411915032233807 -3.7348207785305831408 0.98994816424073273087 0.0035275166376141590258 -0.14138666394947868588 -0.061357903966641494375 -0.88999905374686727466 -0.45181510814766678852 -0.12742778243854632758 0.45594872623566751191 -0.88083648840553729897
4.5936711387646287363 6.8802821365050297331 -6.4237411015670895509 0.98182025026440145066 -0.0087464968252607220439 -0.18961143152240042542 -0.12253300505359955574 0.73370472369877148822 -0.66832854278021158745 0.14496433645290812686 0.67941215562825008067 0.71929442090237383223
6.0130695327443195453 -3.8536185526382076283 -3.8160005589382759439 0.99993810568578522791 -0.0011666223389536363973 -0.011064528447791129387 0.0065392272528288514916 -0.74295669253952256739 0.66930754628776834014 -0.0090012945952194917121 -0.66933847342211283404 -0.74290307893594353938
-0.1423469225661576909 -5.1142288261898674051 -5.048224440346809061 0.82249603737227594547 -0.00046164087716805100869 -0.5687706527191584982 0.087623150415635092658 -0.9879587859719313192 0.12751321787230152083 -0.56198082887062084101 -0.15471659286772995734 -0.81255173612107478576
-1.1131753193994360362 -0.82384032334150880672 -3.0667298240685765265 0.76763317911577599872 -0.010398636755381702665 0.64080509569923971291 0.57333889927227055239 0.45795383671333211861 -0.67938265360600980092 -0.2863944987282062149 0.88891515444002444646 0.35750250251581333627
-3.5096873028070247891 -3.419355688184509301 1.3898873674296756686 0.86060865661231344959 -0.0073585297434923977941 -0.50921369993741272264 -0.49499078791850065207 0.22300457069136447874 -0.83979347540127025074 0.11973662781180530179 0.97478962524777279519 0.18827725956544250074
-5.1308925224540775645 7.2917951782291137164 -6.4862977136608384043 0.98397117282542290173 0.0028811169782556314209 0.17830431911079749896 0.13272295042894685646 -0.67962932273361387203 -0.7214489601560238885 0.11910226478974283992 0.73355005476496348837 -0.66911805212266184384
7.0325668441433695222 2.6903733698202070279 -2.6102785438134654683 -0.99975048936544519407 -0.0030920025749606922828 0.022122353706984329569 -0.021746533696509959266 -0.091553173690720857092 -0.99556270754735565198 0.0051036541466980035742 -0.99579538857494542814 0.091463089862077198711
4.5079102420392151984 -1.528179147399215676 -2.095624267769107707 -0.81796596809041310916 -0.010638107482658830383 0.57516824122610332726 0.4693594352627965538 0.56575415509110293932 0.6779557187066895807 -0.33261598815418819131 0.82450534665722208238 -0.45777454904988862383
6.8823534373361656691 6.8141865575386546539 7.4351841477139002379 0.99574489584452785529 0.0058877982118444964488 0.091964320428346721381 0.015460891087020811607 0.97313729667306614335 -0.229705817667949036 -0.090846371674484657777 0.23015024583077289821 0.96890546551131428998
1.5671140326567485346 0.59068975027135650624 -6.0410682828677781941 0.86928536144710444322 -0.0020305248652867490672 -0.49430642049505885138 0.38662606207310856732 -0.62028936064589623722 0.68246714001143338191 -0.30799878002951913691 -0.78437043929398875264 -0.53842340723823189919
-0.92386413895809671448 3.4292843406349273749 1.9819620287643637813 0.99925547218523513848 0.0018448286759191702064 0.038536968160366995295 0.027574637743255268896 0.66446168456619991716 -0.74681343660702881326 -0.026984081625340571031 0.74732005616778407475 0.66391610387776056612
-6.8362716618676300229 -1.4503409425559752322 1.761188058273305268 -0.96179464106116696609 -0.012522946221806278283 0.27348536385671096127 -0.064363184133157141931 0.98129737598609723115 -0.18141896375811589204 -0.26609856999644609932 -0.19209017596110475323 -0.94461257420439792565
4.3559290919629081174 -0.26460267592982517071 -3.9444037491427903497 0.91655585198478073394 -0.0099833278493272198384 -0.39978206982995678764 -0.19899577123431386183 0.85574741143621668726 -0.47759506996103656684 0.34688045955827856437 0.51729749756326370846 0.78235365774778864445
3.3244503292579770104 -6.1653201212658208519 -5.5276138405505150786 -0.79704304512200052635 0.0018987538891583376557 0.60391951364112494982 -0.55825758767100086555 -0.3837726382052571994 -0.73557258511503498255 0.23037111370690185885 -0.92342566398097158942 0.3069433059553404175
2.0514483594900614349 1.8167014217676711318 6.1704938563424001075 0.53306473114205987773 0.0051170833825056327715 -0.84605898604652096662 0.41108279498409977526 0.87244826746740911094 0.26428196355629268721 0.73949504939556054417 -0.48867968655426874403 0.46296785619384567267
5.8073759214456597277 2.6816177156555935923 -4.3058362140021779751 0.57216641982118499055 0.019610032441864436864 0.81990306418293634749 0.32665961194100928688 0.9115445059316087395 -0.24976010816852967089 -0.75227593737638831506 0.41073356368018559825 0.51514935087901037036
3.7760661203865426572 -0.1029348161577781362 -0.93941838776492836427 0.99678068561904564771 -0.0031759205510308455636 0.080113533846684570339 -0.01890399466997131489 -0.98035332869182700843 0.1963415134616537383 0.077916004532215116241 -0.19722389422063732467 -0.97725730070764904589
-5.0707497585900824788 -5.664873026618663765 -5.9696439605733813138 -0.88527020670223810495 0.005725782141998404795 -0.46504180085704316383 0.46023620549878879737 -0.13310991946079203663 -0.87776100647572330438 -0.066927544953810647055 -0.99108474146258473958 0.11520303366863787753
5.6629054050056923941 6.2327986319861796716 -5.2850400281222231769 0.93178459495285337333 0.01180270543041773805 0.3628197414048022762 0.33693578443829419466 -0.40008410209371997324 -0.85229512987982014582 0.13509902210407737089 0.91640242655533721283 -0.37676895682917488362
2.011265944502493408 -5.9582153118289067351 -5.7040696269698676346 -0.78287115371433035893 -0.010908361494785752399 0.62208822873566360645 0.55727517208353427591 -0.45693247474358533733 0.69329437910876612339 0.27668960815543292009 0.88943449515639216862 0.36379821270131251776
1.7833026428689788823 -2.6452371250700701388 -4.0829149700754747698 0.91760695775125722395 -0.0034703759526006922737 -0.39747380741042859231 0.27444415368000829591 -0.71782615817491113308 0.63984842982578071791 -0.28753761075282174842 -0.69621373379915296731 -0.65772985280594897795
-0.62207341148443995316 -3.9204007546025958497 -4.9767554727308098705 0.94875894120787129804 0.011991450153437043305 -0.31577314103865639083 0.30873578315235161718 -0.24821679852797384758 0.91818878076893550855 -0.0673697831336671632 -0.96863028346822610537 -0.23920009671568334686
-3.149544034743792853 4.1431398733857189853 -3.9469617291811331938 0.49306026570975486356 0.009845172634070153278 0.8699394501653302525 0.83098665941886795672 -0.30139292353259822255 -0.46757189555446521112 0.25759026815113195141 0.95344920065013061272 -0.1567860820786083631
-2.1243409114266271764 -0.49751887411056311405 -0.069778165067735459237 0.44509660948350959764 -0.0077671580871834788873 -0.89544887038926335165 -0.43645099170816326062 -0.87503210312079759969 -0.20935460430825181266 -0.78192041798590850021 0.4840025720627232908 -0.39286380613818305818
6.3873461123569903464 4.6511848785989409194 -3.7063411228835438926 -0.95181705141662020786 0.0029925870066055213631 0.30665183034739923462 0.30640578177299720997 0.050499420686220902743 0.9505605216956725112 -0.012641104718643056751 0.99871960676317650396 -0.048983155657081639545
4.168425947380255181 0.9051902779337572813 -0.5455397446110384907 -0.96931648483850396669 -0.011186646506685361813 0.24556142034185154954 -0.19979819929274375556 0.61779957221639247855 -0.76052900544855295273 -0.14319997129803965774 -0.78625603177921932208 -0.60107838150369052865
-2.9572952159064453959 -5.2139110241337327523 -4.2799475684382635166 -0.95161650558754362628 -0.0019055644883742084775 -0.30728227270286045947 -0.24726100169448902988 0.59847952163684980942 0.76202641635480639071 0.18245005709647088565 0.80113583804830457158 -0.56999416282988757398
0.63354649475260815805 7.4474869922284581136 0.92390598286231462311 0.97856661236797093384 0.0027189367524363444902 0.20591258470933060387 0.20340291567822435526 -0.1689453452703576497 -0.96440900255282979714 0.032165805637796057725 0.98562167067003547682 -0.16587731385954132546
-0.073928273114792997234 -5.6046313091030866005 3.192301663055793437 -0.47081155005731178953 0.00884058441334824828 0.88218950821235764259 0.58266075153804153253 -0.74772700933459068651 0.31845057407515914294 0.66245221182347513444 0.66394741025092574027 0.34688745072622273469
-4.1617357323794665902 -0.56223343909924516915 -0.9857116579980517157 0.62043535421782658457 0.0031403635674462880567 -0.78425130497388739759 -0.34818671958636338015 0.89713753393353667942 -0.27186440280263834968 0.7027275286626035733 0.44174017626227823907 0.55770927653701807269
5.7111212911730211417 -4.5884223571873272718 5.1157524608652309439 -0.83831740911058394428 -0.0029352803040129131149 0.54517456443934853016 0.19672578284332162268 0.93098401946702524778 0.3075186528678265363 -0.50845146075784874995 0.36504813330090346568 -0.77988266580729403987
-0.74508183133289396238 2.2770360819704928979 6.4711910177292173429 0.5989733711483523626 0.0075179974176381100803 -0.80073365132855167658 0.13774097514872923886 0.98408433925735572245 0.11227393728511649018 0.78883352135946616102 -0.17754293267618109775 0.58840477788382350433
-6.1325196793645551097 -2.3384073375739129474 -0.82393431646848780403 0.99942104857378633032 -0.0044287039596720388646 -0.033733577469071247823 0.00016511557298903509206 0.99211165210359630873 -0.12535725945116538149 0.034022645465525053199 0.12527911374804201472 0.99153799889563254411
6.5584642348921367017 -5.1540889311066750977 -2.6133974468775513778 0.99997308001000062561 0.0037076090262881606155 -0.0063318947131823614949 -0.0058055096996099536666 0.92751477219234002014 -0.3737414125063119319 0.0044872388479172894971 0.37376811126740089319 0.92751132806408576048
6.1478267636681884767 5.6563917930238538645 0.1039285134096646912 0.96972832988647050811 -0.010748894136673216304 -0.24394964130005386549 0.19166796981947376022 0.652496007120612731 0.73315233753765729485 0.15129559002451789529 -0.75771592431891343633 0.63480408195961024465
-5.2133752747260153626 -2.7559901457703865901 3.6221031872934825735 0.84898833569395659726 -0.0090191569098716072722 0.52833461051139773978 0.2062089171666187104 -0.91492280612740095602 -0.34697858912164908363 0.48651483876296980347 0.40352808283507091147 -0.77489895988250334646
0.55316061830230556229 -1.7317385043293840319 -3.0219508956476550665 0.99995289515777263656 0.0024594947889663475518 0.0093892678575735084856 0.00043425738846778957902 -0.9777301272228254847 0.20986569453202710833 0.0096963336389998527193 -0.20985173148259511633 -0.97768513945330315362
-7.32789242159015064 5.3917195516083022966 2.4792158111669517773 -0.29591892289331939159 -0.0026244642477699078528 0.95520945517776578715 0.78308692747487462782 -0.57330943240991794063 0.24102107527722360647 0.54699803938561408767 0.81933473434073367248 0.17170829336735979331
-1.9535874669572075302 -2.8768225796671402783 1.9917898284105191031 0.93838300975237087798 0.0025431156063364730897 -0.34558770170669012023 -0.33102601754616434171 0.29391490479430559812 -0.89668043607922265359 0.099293014434371981713 0.95582820700299564454 0.27664659040335981555
-2.1761881361753454556 -3.2909301492710629766 5.5022018498846509971 0.81394089874525810124 -0.011145263743928211439 0.58084076685939511897 -0.50867244135353795187 0.46929220785561809315 0.72181519175850961112 -0.28062886657856789263 -0.88297259682389728219 0.37630683291806965585
1.645103359053977421 3.3161778878620640221 -3.0730700327302971075 -0.9256031530857270484 -0.0062999075507508750169 -0.37844301309796235522 0.2725020979637265417 0.68282606241123455781 -0.67785778382889816385 0.26268119385138932742 -0.73055381708462119317 -0.63030921835230280248
1.9626346271963690526 -3.0821885249494997971 6.4364009139634372758 -0.99627449686442892673 0.0072234488385523008824 -0.085935724144885414222 0.045358923149320808099 -0.80362339125334480983 -0.59340712257363337212 -0.073346404057470671045 -0.59509433438517478354 0.80030184192881881344
2.7140373633853842605 -3.4530909368284552485 7.5083754186131361763 0.99573432297098884991 -0.0027104321975876324857 0.092226957094562009298 -0.089420087016805677171 0.21802808004409929277 0.97183733430555441224 -0.022742165585381553944 -0.9759387326413588859 0.21685567558838531044
-3.6772913433117935256 -3.8752342985511325502 -6.6096069705999278554 -0.96743390860230649153 -0.0048981760181659606684 -0.25307635282276225164 0.042865932971567988208 -0.98854213479977659507 -0.14473064470214647148 -0.24946772191382743378 -0.15086568727555141334 0.95655914617231019292
0.78619961629163492844 6.5350884279100096563 -0.19080107753383873659 0.11085865471165153029 0.0017296269725095951564 -0.99383467793491420128 0.97886935122134177689 0.17270424545037899033 0.10948989379417692347 0.17182884482875068755 -0.98497220874205648755 0.017452681481157167331
-5.3932712789256260777 -5.5065787106738435241 5.4122701400208361733 0.88807030420807764326 0.0033655487153680108126 -0.45969534244520021682 0.23601449002440355596 -0.86146361898590395612 0.44964162803527241152 -0.39449752253018238735 -0.50780813920766587621 -0.76583457644067609582
-1.8048812414724604292 0.082559982463084907733 2.4368151584827155709 -0.92133461158271878766 -0.01264530685378268543 0.38856483334724162271 0.22789678432388982277 -0.8273056692462009698 0.51344754876020226586 0.31496918769054221832 0.56160967392636784723 0.76510717220401258665
-4.6669385290725688975 -6.7880800157719827226 1.87617061099013549 -0.97129865413933802465 0.0023995300137704868998 0.23785114404361262785 -0.18484010351484342349 -0.63697703574860231601 -0.74839454304628916237 0.14970992151407613857 -0.77087904251217553853 0.6191384669164584631
-0.57984482647606383487 -3.5346308119742264608 -6.0946594454830567145 0.90562551184250683622 0.0042929699940285736409 -0.42405660318943250164 -0.22943178688814358512 0.84593113701269773141 -0.48141620932176593106 0.35665597915251540106 0.53327486518784095182 0.76708176271747907649
-0.86550279391224882453 0.25634462152224873899 -3.0866860897841550404 -0.98826430849673585488 -0.0055835518937039840467 -0.15265150015553075047 0.10446376564304769852 -0.75381919744165315489 -0.64872485634212384564 -0.11144944243531125505 -0.65705817209484296271 0.74555588674767836466
3.8889815231773914306 2.1589856694990321451 -3.9036427301231442222 0.11589073801005685127 0.0065785540893719025857 -0.99324018216619891497 -0.84457798040365639203 -0.52562217754327666963 -0.10202627843807213215 -0.52274025276497337877 0.85069268781438023286 -0.055358640143101919828
5.9988814818073095125 5.3994906081856104407 -2.7231389802577941062 -0.95608212811324433389 -0.0056701303479054308149 0.29304404775459047539 0.12411326763933196171 0.8979169848921110253 0.42230437487442540334 -0.26552374865237809987 0.4401283197704859429 -0.85777864337924403237
-7.0397856483965961516 5.4859877874233697881 -6.0501629651408030952 0.70943141719072266849 0.007614280324734070543 0.70473334463307668596 -0.69881302250147925292 0.13738352608916792885 0.70198726935860622511 -0.091473623985049920537 -0.9904886619716830598 0.10278514785997730496
4.2671868232293546086 -3.2060513548278528617 -5.4184791926448303556 -0.88999901919052137877 -0.0018688244791220825526 0.45595860923441150492 -0.11749014683928307723 0.9671634583347141767 -0.22536838788460680782 -0.44056533140455683695 -0.25414828812553030835 -0.86099409777725688375
3.1766075063246663746 0.55185689550111560742 5.2947042282631917587 0.50914887615517456787 -0.011105273220959714642 0.86060681778417813526 -0.77123903918702063631 -0.44973711990918646686 0.45047404743206626021 0.38204419422878482804 -0.89309193025273203581 -0.23754796941592501436
-6.9025390118962342001 3.6073033911564422738 -1.5103739528409367843 -0.69172020434090542018 -0.0050286242240313635404 -0.72214809550736369648 0.2643171013980225581 -0.93235275817031870726 -0.24668766535984104626 -0.67205626908394255903 -0.36151493367574660809 0.64625639177827343129
4.5724367647447534679 6.1011253316677800385 5.6528223254545526544 -0.73528960406384125115 -0.006217402067254916391 0.67772453258480769289 0.56377842074547768192 0.54938938128838865627 0.61670511594227694907 -0.37616896530349736016 0.83554332720641388832 -0.40045506352579374187
-3.1244240115220072163 5.9183494664736269186 6.7772205218199488286 0.98484077762728816641 -0.004577114121210200913 0.17340038278169814245 -0.0037042623197738274755 -0.99997879019032054337 -0.005357015036903654305 0.17342122466178191975 0.0046334863504943661974 -0.98483684417327865823
3.2744557620629746175 5.8796836913812695613 4.0177823840758790652 0.96464960527014498304 0.00983513088474010852 -0.2633522531755531082 -0.22110612990182113013 0.57395939700671427808 -0.78846857255528501884 0.14339880882341826673 0.81882469478406827434 0.55584431349065588357
2.0008871622509811772 -6.3685382992549008918 -4.1574859349121995322 -0.97832514370823131511 -0.0072847270326827874218 -0.20694648086029104883 -0.18992608167659322249 -0.3666449600526459629 0.91076866259601407805 -0.0825105853049938609 0.93033241694564994262 0.35731442357199766358
5.6204851304451581839 6.6882865265197617433 -4.1664319772892870475 0.98606503294694902717 -0.0050031426693549103935 -0.16628505453825970228 0.13978195099039114613 -0.51705802851222470995 0.84445959129398906473 -0.090203974284367507974 -0.85593572405545215176 -0.5091534928769967383
-3.6120906364812879197 0.69929961233169712909 -3.1920215070430670856 0.89865128670471983163 0.0038550514158053293678 -0.43864678670002799077 0.28782965263542342749 0.74941850744164806297 0.59626000349482055629 0.33102863315347441642 -0.6620853715968029185 0.67235630788295563942
7.0313580548363114886 -1.1431524335471658915 -2.0970664171285080535 -0.99153484423823989857 -0.011000540727198880597 -0.12937403435435471111 -0.012577299718030253428 0.99985617877385846164 0.011376875647749987164 0.12923027583815657748 0.01290774462907238497 -0.99153059757903316829
-4.4579935160725172594 -6.1823450035197806685 -6.6040297677895338779 -0.91829364951509184767 -0.013513929671455480672 -0.39566923934654907313 0.38777040097266385343 0.17079165265904597271 -0.90579485950825733287 0.079817851322482730181 -0.98521448684375323435 -0.15159658809955162129
-4.2067571390055160663 4.7879953710456444327 -2.9654525218820504406 -0.93634056049663816346 -0.0028716208907339736342 -0.35108134180331751484 -0.25372204518197777334 0.69671168623664059272 0.67098282396048936072 0.24267566535939624761 0.71734550953833697839 -0.65308800432071456576
-7.1903198395262828413 -6.9257230503283411238 -4.02715727974682558 -0.78637783294235552578 -0.0063841885550506138197 -0.61771283457076853196 -0.4130920756925343662 -0.73805013065931024396 0.53351376892614132963 -0.45930909076244808009 0.67471567846775226673 0.57774900464889922258
-5.2390007920961458865 -6.4737065965566307213 6.1463514331656305956 0.8278593662257410779 -0.0113324342915878222 -0.56082122435350967304 0.27286906460550802711 -0.86539227874153767939 0.42028404380367395676 -0.49009319862007560964 -0.50096684503829791435 -0.71333083267067698419
0.35426038921995661735 0.77472260204164045128 1.8432639427936239329 0.89135381102590638402 0.0077857476655555741749 -0.45324139892882486791 -0.45141714368729102258 -0.075989298304294655706 -0.88907153195259036593 -0.041363582471456168677 0.9970782359858104682 -0.064218730668051129951
1.7574955395730689212 0.69981737659616161107 6.0260852406896781019 -0.85575615078645195233 0.002515482733284811652 -0.51737325282402679694 -0.47029545439169123666 -0.42058328688717699917 0.77584269305684194773 -0.21564692432208279471 0.90725044565305790201 0.3610997547667278984
-6.758375846872376691 6.0634353507532665617 3.1340507825379817497 -0.62234066179788716244 0.0016433548914287759296 0.78274478603029684631 0.21166289401301749407 -0.9623896742337181287 0.17030835043029440845 0.75358537669660585756 0.27166783820127454741 0.59858638951786669047
-5.4206988045664790121 4.2552273947912144791 -0.07558670810258809325 0.95754465229457630393 0.0012445688415534017675 0.28828230939570265168 -0.18542655616000675023 0.76834520664826577718 0.61258683930628932135 -0.22073792409271564274 -0.64003444787687602258 0.73595561985638480174
-4.1412492017342890094 -2.7598799172519279388 -1.8571802737696145869 0.77483255252741733976 -0.0015128914378940232742 -0.63216471485165504074 -0.5719541785457076255 -0.42761438634983256479 -0.70001025294699714685 -0.26926368709514941768 0.90395998127482879436 -0.33219485105244939138
