1125 14.717824617146108679 14.977075390850430381 15.033177056927090831
5.5342304769537173925 4.7888897623227961731 2.2723086642919883005 0.97924597375036270819 -0.01382876433208583139 0.20220308645201942599 0.057801872879343269007 0.97529131427665116671 -0.21322709909443543497 -0.19425824663396729086 0.22048949538165743545 0.95584942121706595319
-1.5310474730099772334 2.186854450578545439 -4.317777450882978485 -0.99032267118676542417 0.0013298358720388999896 0.13877765839661615477 -0.13718856130264861504 -0.16056835286881293579 -0.97744416858697713568 0.020983459705432288417 -0.98702382726743975727 0.15919691839112551368
-1.2084409474099160331 5.7327845159426900068 7.3621306316229313538 0.91906884540458044786 0.011724751878920832218 -0.39392256548709109198 -0.39398844809977884296 0.05079628718157630507 -0.91771065155225606258 0.0092498740777258742912 0.99864020918545182148 0.051304701807944476377
-0.69302733149859530037 2.4424999322176628169 5.8086339749104771712 -0.94445034317845211191 -0.0098680332605194948786 -0.32850596827100980724 -0.27582938768719594824 -0.51967084455125456266 0.80861632571415731352 -0.17869442676869881637 0.85430956640017430281 0.48808141390442366658
0.29553337439055349378 -1.9865257265857341196 -2.5406159040926308279 -0.99183511437826854529 -0.0032894318213519007678 0.1274844520896749045 -0.029506668649588514708 0.97846008578289822566 -0.20431646295636760047 -0.12406636285273969778 -0.20640988389141795567 -0.9705681312718063003
-3.850927248528997815 -6.2275087879207822184 0.080407037169731437887 0.89488124167200455705 -0.0045519742083977993152 0.4462811253396606892 0.12407187665023779177 0.96306891015109263865 -0.23896536093089851271 -0.42871171284218229092 0.26921655564092344948 0.86239707411424348926
5.4329455510799657958 -0.60702678496923667684 -2.7790158523847838801 0.73996476520892273676 0.01137522436873496072 -0.67254944094827784351 0.19292609738043134393 -0.96143757265812124224 0.19600335413167713217 -0.64438471986764855881 -0.27478791485771403291 -0.71362450535934440765
-4.469947420297484264 -3.9341834945628408882 5.8942357263656894872 -0.75593949627480661047 0.0089176726376164073412 -0.65458074604028237964 0.42596606328548258791 -0.75257594758411150426 -0.50217761404404548387 -0.49709998078947309486 -0.65844507609409774762 0.56510325681805606557
0.092978505651763659889 3.2093807881178761932 0.013945315392989335312 0.98880540752394430193 -0.0043523620294973926204 -0.14914731977560186094 -0.14432318150331915896 0.2258446026496081227 -0.96341322117506089651 0.037877240293536611204 0.97415361848056125638 0.22268821762484566906
-4.8354789878255930446 5.3455954146618189782 -0.82079017925881003759 -0.9992134706057200777 -0.011549006941825978867 -0.037934952204178133683 -0.033575991198721039099 -0.26255875050259558368 0.9643316625257297714 -0.021097226715884844633 0.96484689094866638026 0.26196447097216146727
-2.7839211995014152556 4.1290990524902557723 -6.3760572063697606993 -0.9905167005985712203 -0.0062507242519660539612 -0.13725011578016368952 -0.010696851406775065296 -0.9924237770307241524 0.12239536001874840032 -0.13697533794564209497 0.12270279226837955966 0.98294546215150657709
-6.2139675707690509299 1.7899195032991956911 1.3184703761157035018 0.75130367973214029487 0.0031054475813762603964 0.6599493442804920118 -0.6297259403753575624 0.30256217380004840622 0.71547283037418363261 -0.19745384483280709054 -0.95312459163561424891 0.22927165542216448868
1.3911999748262700027 5.9909201453825149386 2.256294311839500466 -0.99522960943841753956 -0.00082068767066746824146 0.09755691143544237276 -0.061058355116814219676 -0.77467457355700330979 -0.62940541970567553953 0.076091404031606649228 -0.63235957457459035513 0.77092896344374095552
-4.7131800596851078922 7.164466405077447142 -6.5052579461305430897 0.94137821163708590433 0.012734863233441976599 -0.33711257157443930144 0.17881631802194222769 0.8285213114698316561 0.53063844644876478895 0.28606255795568935607 -0.55981270055168785849 0.77767470914068170806
1.0999576083316686681 -3.0423942350372188415 -2.8243829836072897876 0.99687670631195213211 0.0013241087103604766602 0.078962517365903414635 -0.0063478524155739929347 -0.99528075905850654781 0.096829310735933163401 0.078718086754815341788 -0.097028126767476172154 -0.99216379969924106685
-4.9543653551822961489 6.103768041703614422 -6.7206546699194689154 0.99872285728178600284 0.011801322041191194059 -0.049126196077286125863 -0.050469306640571864886 0.18788160920201946169 -0.98089415841403360119 -0.0023459390788109638418 0.98212078163612681614 0.18823726211381180962
0.32684852649410395253 -2.0214120343870649599 6.433461024787994198 -0.93136878539146672473 -0.0090507568143983994913 0.36396465405242939273 0.2776713310864110662 -0.6642443691106597603 0.6940302947260238442 0.23547997259025238437 0.74746070258301289257 0.62116960695375023072
-7.3029712129156534317 -2.9325122540795178772 5.8135026112801027054 -0.881515250120142424 -0.0023996856674061923034 0.47214945230753396777 -0.20389648377994659678 0.90387248162523559092 -0.37608610830899535937 -0.42586040871138097774 -0.42779525297690063068 -0.7972666641863123127
-0.52784515706190848761 -6.4011793868695541221 6.1413242981225444339 -0.97991619206146451937 0.01061858681491980802 -0.1991268493940684392 -0.067922689700755878306 -0.95664127646354502055 0.2832383737949855651 -0.18748537212107035943 0.29107509989736268796 0.9381495197783541462
-5.9562910423862662768 4.6149858330064459366 -5.1500382972900435874 0.94129249836706174737 -0.011808604294392796921 -0.33738552041009223226 -0.33714952244933193981 -0.084039808547711314368 -0.93769265225410780573 -0.017280973061846574557 0.99639242642856662435 -0.083087306648751774185
7.1678631177015992293 -5.7728577514263985648 -2.3208104488965193291 -0.060284556800798687337 -0.008218313389545723463 -0.99814739970426757942 -0.99399301589491817488 -0.091012694430533003231 0.060783005886250865424 -0.09134361807704145797 0.99581582071058372119 -0.0026822861646419041484
-5.6768240254628326014 -5.9280550305116683774 5.0206659243456979169 -0.95870274155458767851 0.0037504039443775217394 -0.28438528057135226135 -0.031940915042004247582 -0.99500706227570001605 0.094555401579009670798 -0.2826107416247324311 0.099734048808469574765 0.95403578980375491891
2.9152033403112631582 -2.0667516518279942517 -2.1177996777726848521 -0.99774896782316846444 -0.0054961730123138305415 0.066834042898110831987 -0.029296145895908461132 0.93222461122710398307 -0.36069240366015736798 -0.060321911802650264589 -0.36183845332511949122 -0.93028716031759706162
1.591026644404258894 6.4569204263557065104 -2.7113153475267486314 -0.92256166517887550071 -0.0087753566371675494062 0.38574987629081830542 0.34562972394778146423 0.42562301706812727398 0.836292497434721116 -0.17152279109852508476 0.90485802226524880698 -0.38963045527274597912
-1.5907692165424875963 -3.5896289480150196383 -3.0126891694499886576 -0.92590263227838043303 -0.0037044117018567019987 -0.37774408383695995406 -0.31802679524085397667 -0.53201020960770772916 0.78474460455739947218 -0.20387072631628386232 0.84672983542995394757 0.49141155129294195048
1.1965779555062185935 4.5124492954533055311 3.6787656990769104226 -0.91163143391771994661 -0.00031395099250025940152 0.41100855237793021413 -0.0029404794297356968633 0.99997909786366312446 -0.005758247693315691508 -0.41099815361357011634 -0.0064579617951967625139 -0.91161330203963586438
-3.3426341675974411416 -6.6793448423758299271 5.3608519495626643092 0.96320627752044551961 -0.012531183255268762283 -0.26847092280467627079 -0.24346919103099423642 0.38237492561657004941 -0.89135412114294743091 0.11382627097502905078 0.92392228336908388542 0.36525497167044429503
-7.2049661130900481965 -5.2369786491396306261 -4.4392040060428268333 -0.99548294672470327704 0.0033687387690109105338 -0.094880737662048908465 -0.094466614564863243819 -0.13487467114781387378 0.98634926968868186226 -0.0094742552658500824025 0.99085693956394260695 0.13458366841961044713
-5.2938174397327912857 2.9878332793767024 5.8100537232128823817 0.53353853486360147684 0.010697544828943490042 0.84570810233225102159 0.40999766134859255695 -0.87784893881588632603 -0.24755435425064903354 0.73975573637810942973 0.47881813160579078659 -0.47275220500939135748
3.2691654814013575425 7.2722579253291206314 -3.3981936818691274027 -0.97780103033890242159 -0.0054211168306408825945 0.20946540659592693956 0.17906953080354423569 -0.54072896898842859326 0.82191622762564076066 0.10880830945238030572 0.84117940630343701613 0.52969609985837629029
3.8664902426242879763 5.5770730838721442879 4.2399894166324356704 0.85978420053716719806 0.0028648885330539476668 -0.51064950888086479974 0.30799728788056357498 0.79471455910052035687 0.52303579247685239029 0.40731903854940654242 -0.60697657447989084023 0.68240064395316080148
1.2882533260421731303 5.9291805537720838615 -0.98011887362099014975 0.98908835152105301081 -0.012322282407335351587 -0.1468073371526947557 -0.11081322934695510274 0.59442717190305216501 -0.7964777244249422461 0.097080693689844815841 0.80405503459630889296 0.58657551965037102448
4.2630744995699902944 7.1687178668211313237 -5.435546414500489476 0.99516871576232746044 0.014597121227765305976 -0.097088368097691668535 -0.077311544880632604437 0.7260380944479777332 -0.68329467321098680266 0.06051571858747491206 0.68749953415423215031 0.72365892403927412069
3.0195717972176083777 -1.2025827311457961688 -1.4595986507796250287 0.94793362835198491378 0.006777180667683072729 -0.31839583235614676848 -0.28569675987385961813 -0.42363609287571502016 -0.85959864018655207651 -0.14070962169347420168 0.90580711557992810157 -0.39964268006268144351
0.3897973280859656775 3.1642270425567096126 -4.9632547143519181176 0.9987221655934573894 -0.0018062791397646781738 0.050505181001621032855 0.0086517269868104096364 0.99071869422814040629 -0.13565255812938492586 -0.049791400587638548481 0.13591617366071151451 0.9894683472274470315
-7.1837376938237111901 -7.0138637079184729117 -4.5080019715755748066 -0.92738159479067838742 0.0010418645095775867088 0.37411534606542551362 0.37089987552409392491 0.13341662946620849728 0.91903932740553517799 -0.048955694045501714495 0.99105949241208224354 -0.12411455402289087169
2.9024289083408993939 -5.832694865450430477 4.9091621432482916987 0.61158681250113799965 0.0017945942082629876349 0.79117529676193021348 -0.73099473060329100971 0.38383540636579011052 0.56419596298634777654 -0.30266858873165120025 -0.92339978354534635319 0.23606051161413971196
-6.3801303369677340172 6.876723157059951852 -5.4254263979857579869 -0.91701773734768343704 -0.0026453713155775073623 -0.39883765042968666314 -0.080391658320696196549 0.98068046096553807001 0.17833399774839256424 0.39066053123155991544 0.19559865922612038047 -0.89951404316265926031
-2.3629039519733123775 5.7994077820384166699 -2.9212755656574262986 -0.97638990135105940826 0.0023710797180878477597 -0.21600263544834355511 -0.19228158297167655122 0.44614334541263017675 0.87406173019650079681 0.098440608437674007036 0.89495837519117793502 -0.4351539420543277803
1.3436025560947071344 1.6238964910340782932 -1.4219189049642053657 -0.99205085583956864603 -0.011289414353736600127 -0.12533015818900550276 -0.11528906239016506463 -0.31762546130410107548 0.94118143756901662123 -0.050433436540914512725 0.94814904706747404894 0.31379906472737006951
2.873640921197435194 -0.88662367180232659614 6.4432578629685881566 0.99580504055336349634 -0.013409093053940657897 -0.090512526382162714067 -0.08630791891963691953 -0.46614350586660951992 -0.88048916805942478714 -0.030385265185105078678 0.88460749949439176909 -0.46534536367925932732
5.5590323116107045465 7.3989064081914968085 -1.7344676043597611059 0.96388675849466587398 -0.0017127403519622622086 -0.26630693441797098631 -0.045226982575335313019 -0.98650631650069786627 -0.15735249458261515998 -0.26244396896436433808 0.16371424502691861447 -0.95095783772448694293
2.8849009271689234346 -3.8646947032865992533 -1.4483052075046727314 -0.957562834400099816 -0.016650014330738174134 0.28774328002310528563 -0.15712892647992146578 0.86708729938331441378 -0.47272625874950013891 -0.24162764460821212209 -0.49787788891543827141 -0.83290677094756793153
-0.38418236569352537391 5.089146695159836753 -2.8205254665085819354 -0.90601981637407558168 -0.011297820072943437833 -0.42308444972507408544 -0.064447522210141050536 -0.98430342798728065468 0.16429631320735965661 -0.41829966437771665122 0.17612245999346201608 0.89107029457124675709
0.22386450269817617653 -4.9764713943046618994 -0.12062465015697099169 0.5056584541611455208 -0.0044581947296503865105 -0.86272223353470867124 -0.82450469883163080009 -0.29687322706293511887 -0.48172428697102503969 -0.25397151285104135887 0.954906493617587393 -0.15379225958132491936
-6.8460903052706614247 -2.4631866514561107095 2.2515521514001646253 -0.93522822077958422948 0.00058576143965356959088 -0.3540449575140049987 -0.28900143864380473113 0.57638770890473234321 0.76436599707560493044 0.20451489803755321106 0.81717615353554196034 -0.53888476557942222023
6.0486642300235065051 -2.781668569561993376 2.2668725829338285394 -0.783612126332749237 -1.0318057982653880411e-05 -0.62125038056953818533 -0.56167221512775078462 0.42733357654022419148 0.70845630572026885297 0.26547383716252836994 0.90409402954274553643 -0.33486956793252259379
-5.7259903610696927245 2.6563894140656980625 2.5328442590725765982 -0.84730142727464563546 0.0027394955872277726959 -0.53110524992912344633 -0.40280074759713196952 0.64845486025562393273 0.64595499219835039728 0.34616737147453324752 0.76124817856906146218 -0.5483332577471964342
0.48182969143416320978 -3.0851225054786874935 1.4402205229475084636 0.95703768494360497154 0.0053604940867261413953 -0.28991401259834026494 0.26988988576308170497 0.3490706892928784888 0.89739016232597479394 0.10601093887199859733 -0.93708106318487838227 0.3326270612258584447
4.3743293661694409025 2.3673975170017023117 3.8806908740990513351 0.99649400058692927384 0.0049675162217103357998 -0.083516648501217136125 -0.040718765652929082843 0.90082794062468274365 -0.43226265570093147517 0.073086858723004313743 0.43414783792210476232 0.89787190952244655406
-3.4574630634632788073 -3.1668946915412661269 -5.1177454865701799136 -0.97942771500354242065 -0.0006041661151074302627 0.20179441534893821641 0.0023787634522577380883 -0.99996060421209931324 0.0085516962212016500028 0.20178129885393505938 0.0088557894694542369646 0.97939056684538661202
-3.528362771963500677 -4.9762859950557425393 -5.9662185266009437612 -0.98292151963611573695 -0.00083772092582007373109 -0.18402332585862815617 0.021385039834128483083 -0.99373467703779139182 -0.10969991669998357953 -0.18277846237374073546 -0.11176175498062529412 0.97678111356432939516
-1.8697592466843582226 -2.5967847437286337708 -3.5165872118068119967 -0.89546328962419463604 0.017021188891716894365 0.4448098201076423619 0.39207233485651593607 0.50331350825899634494 0.7700355814144492772 -0.21077186998181385302 0.86393621959774313801 -0.45737230708864912154
-2.9150769473297688528 -3.3035719075071008355 5.6638997160370703199 -0.95852321585118060998 0.003331840736397806424 -0.28499498857256538864 -0.11826760605480651778 0.90513104329121052416 0.40835103505298664395 0.25931837195267604113 0.42511962235132438881 -0.86719506955456160391
-1.7684045800403587201 -0.18013660126142319595 -2.807440469209948386 -0.9900227082253139077 -0.0073950396404420604482 0.14071371854575140392 0.10625903667856198553 0.6166699078999443584 0.78001746250639569791 -0.092542175911302024249 0.78718710487367749007 -0.60973142251174472506
0.48279006855648726182 -4.6471402050640442383 4.2111705175738949336 -0.57014341004615110009 -0.0073615622897785070594 -0.82151220281957848535 -0.81923857658060594833 0.079974145171478189242 0.56784882737063613334 0.061519481654532408299 0.99676975450941318613 -0.051627607655291958555
0.45095012450879590205 5.1558822645456130473 4.8486106651601161843 0.99636382739573803313 0.0033505131852543598714 -0.08513458473888307898 0.061957330071293961749 -0.71439343638008667714 0.69699591627739387878 -0.058484294538856493317 -0.69973623038855969902 -0.71200336738944858261
0.43776353972038695161 -5.7475950591292006564 -3.2955165935441894653 -0.078727295653978623946 -0.0063601469276634414046 -0.99687590072692300325 -0.69340677212102685978 -0.71809853009798640944 0.059342644429574382958 -0.71623254693967841611 0.69591238644112807243 0.052123786336389824059
-0.47649692023407341779 3.1378577397316909092 4.7271758766720415323 0.96728886087025733875 -0.00029116735349223781329 -0.25367730457786286102 -0.069170686848074078301 -0.96240921326103912037 -0.26264790559086143018 -0.24406490062538699348 0.27160342680443361196 -0.93094785183222861225
-5.4250653462281075434 -1.6678762393409751752 -0.42681438887884792788 0.99462407693779320006 -0.0059181510472659480671 -0.10338240209871688013 0.058098452862335676905 -0.79453070140526049769 0.60443819725372827101 -0.085717649002517881662 -0.60719514162461718509 -0.78991553006435655249
0.291257950385634512 -1.0272156162803802726 7.2037011951629787987 0.99360821883790162445 -0.0047532091080481116835 -0.1127834848763119846 0.027735423298178456253 0.97876595505227592664 0.20309591705640978043 0.10942327792631971473 -0.20492587009373913753 0.97264172952538441308
2.7374978946862986717 0.70854964253937691154 -0.26604986521260259869 -0.90611584867367733764 -0.0050065939256148670258 0.42300000330916492919 0.41996101438612043477 0.10957514811271300281 0.90090289893630315365 -0.050860742995641652908 0.99396590531734796414 -0.097185204062052332752
-0.73944461282981677197 -0.38447744511039971815 1.485443870067693295 0.9848094186140817774 -0.010113035354283964398 0.17334398035417605821 -0.061978207431423848472 -0.95301542495430202617 0.29651357743435602377 0.16220083480887453886 -0.30275291297563500237 -0.93916535438236081745
-0.18253612085962753198 4.7482036303976027369 -3.9079903318570519133 -0.99958169294689946938 0.0085571418848689687758 -0.027626336134718446069 -0.021128233329553471054 -0.86835235282790845801 0.49549751673910141792 -0.019749351428241496142 0.49587394230884740409 0.86816991220446504407
5.8540332580608360757 6.3159424836712112494 -5.8725276859716677436 -0.9634638975750288159 0.0084415712315506624686 -0.26770516981319181227 0.24925292258878137264 -0.33757181981424660977 -0.90769942549737103743 -0.098032130704622744144 -0.94126192228431482256 0.32313417492907486883
-7.2338924858268338625 0.43175741027634961799 -2.172499707273439995 0.93705164382871286577 0.00093195465455907797528 -0.34918955920605254661 -0.31524877728196698534 0.43232100377555821025 -0.84481758866452483225 0.15017464905989585944 0.90171929177275556011 0.4054009048149109784
-6.0247001773851405204 -1.9424012828159433752 4.9952622349190569651 0.99917791130488575746 -0.0045579180864021521385 -0.040283085075573855927 0.016651623051221635385 0.95211172842448621445 0.30529654443868325941 0.036962481115950449051 -0.30571634234887801185 0.95140490486991191599
-7.3317312033955488459 4.6244074892000046617 -0.77186839270428642124 0.84654075704582754103 -0.0079579324497757245038 -0.53226442485998237686 0.097742486514169141243 0.9852121434530690669 0.14072469123337760788 0.52327349731320926818 -0.17115403502058518237 0.83480006187454225408
-3.693332675944989596 -6.4353167865512679313 -4.1618669932921772414 0.99203640931515690848 0.0017303358262218387215 -0.12593954315884023365 -0.026807845335011688814 -0.97409348972442766357 -0.22455113605818619038 -0.12306543796538375879 0.22613907051723264319 -0.96628982130816110097
-1.6365892316004391205 -7.1739108573775993705 -4.5389358909600368008 0.99888069318036598609 -0.014634194056265956846 -0.044980008400972687488 -0.013010249326259428967 0.8292552228978853357 -0.55871863107388131109 0.045476303762467917835 0.5586784546238674487 0.82813663735828202395
-3.7624227599369621799 -0.859789440584147302 5.8427475470314647055 0.9746139405811559131 -0.00017324964650601397398 -0.22389202042355244027 -0.20570506607334365645 0.39410297594492449402 -0.89575011590463760047 0.088391699930187847545 0.91906627309233046574 0.38406261605046232432
6.138573342573863556 -6.1948655840448205723 -7.2749428111718046353 0.99940470354392618724 0.017242047252925433998 -0.029882274692153015794 0.024234458706821660617 -0.96732790446407868057 0.25236762125199202478 -0.024554623707795420612 -0.2529415684535142872 -0.96716990927290125146
0.16480483932532308256 -4.6723178632225783602 -7.2983043246291607886 0.89092205121119194544 0.0038290546182387073283 -0.45414010724248576878 -0.2744932941736391574 -0.79211063493525579737 -0.54517352602276025753 -0.36181670790501430091 0.61036553012365746262 -0.70465778184706129306
0.98692875049155170952 -5.8063539734415439142 3.785059404106277281 0.9555902007005354637 0.0015959660798263641465 -0.29469445399834348631 -0.27580959890464035178 0.35709485421679409978 -0.89241936904347851645 0.1038096020470178904 0.93406676312998559997 0.34167652617444904672
1.9019677404831958345 -7.0829399417560852115 -4.9790968330838749623 -0.81035825147309570315 0.011887197809702215387 -0.58581413332024556695 0.30000002924186575104 -0.85038975577580311338 -0.43224674171887700336 -0.50330854028561466951 -0.526018970950670961 0.68555419587053845198
5.1301964986606680696 1.2798014959912789035 -6.1844221304874622547 -0.9726794113346053372 -0.002536589088537769248 0.23213859756955393387 -0.05437131671676534439 -0.96964004227294919858 -0.23841549517400317804 0.2256956417042026708 -0.24452352470956090214 0.94301098783588532815
4.6387303156645058877 -3.4230361576422918546 -5.5896073279620441809 0.99983826413317145043 -0.0033916296786501935051 0.017661891838331337384 -0.017593181747301747664 -0.38822191732251221108 0.92139797203304107942 0.003731692805265428986 -0.92155967780634517883 -0.38821879747150239703
1.7485474589017775404 -5.9299429424204568306 -5.5674323377449308481 0.9932956955695197987 -0.013052982901220764114 0.11486200764630666304 0.06945618931957511788 0.86165478134079620531 -0.50271947998626942411 -0.09240940930641948492 0.50732697289810935182 0.85678459582428190267
4.1405690623167306086 -0.49406549899358542799 5.4214115616499478634 0.99927492440380127903 -0.00054904974686492170888 0.038069988209229299603 -0.036811014449754077271 0.24146399096135040541 0.9697113437947593173 -0.0097249510566415984375 -0.97040962464999003245 0.24126870023593638415
-3.9333710743826872935 2.6087442758293790668 -2.8057333507453825483 0.52735625100658989339 0.003243809039283384113 -0.84963807719942874286 -0.32731434426336686316 -0.92203535542108139289 -0.2066787927992174978 -0.78406677302620342296 0.38709208343290141263 -0.48517936310179143877
-1.9494458029764678564 -2.4954579610734008988 3.0407350072973393651 -0.99191098007315203766 -0.0048709472784259468317 0.12684195474232620726 0.10675502719658573614 -0.57261997341731718514 0.81284053184606974707 0.068672933376345030032 0.81980646491486586225 0.56850803715098874314
2.552282506467532297 -0.060460494510380796696 -3.6548040854502850117 0.99095929345694089285 -0.0068328221075171962154 -0.13398877286308730206 0.11215803726396549045 -0.50585033554371350295 0.85529878563422123694 -0.07362237016284833846 -0.86259419808636605964 -0.50051073518882893687
3.5089607326024796485 6.7657560829261118585 -6.8018839283275713825 -0.97344891378967546292 0.00095817715102286017681 0.22890236813640144065 -0.11364447915113051746 0.86602244855553844882 -0.48691893674037362016 -0.19870114393323032309 -0.5000042004768038284 -0.8429197203205086586
-1.6083900583290273723 1.2467717274429652718 0.91299824820539621228 -0.99352512469853893062 0.00025245457842430069073 0.11361233585923391498 0.09803138178855114182 -0.50354285351704841656 0.85839061205053934778 0.057425384433412406116 0.86397021415013586232 0.5002577278604508626
2.9232870584301084982 1.7444191483444353441 -0.77687376503009109019 -0.88079819846254403526 0.0028852489728354627739 0.47348306086215352639 -0.13377009570451439679 -0.96076044027891494004 -0.24299164160551989244 0.45420270263423834223 -0.27736447453360130178 0.84662202498306915466
-0.03617595665183918896 0.73080659466296982174 -1.5281188985255580448 0.93532914146358692165 0.0023079871865985543758 -0.35377121183618642775 0.35359367104837102769 -0.038439487496102459074 0.93460896721333330817 -0.011441718553093175453 -0.99925826441233522868 -0.036769662500060182331
-5.7175690874084619253 -0.00057725663347801825509 6.3114284062210037618 0.54240721253930768153 -0.0066642575301390522685 -0.84008928302713747893 0.51749273108352422668 -0.7850882818939243224 0.34034932482473206905 -0.66181242740005030711 -0.61934802599544624968 -0.42238884174940122262
2.7105648774920818589 -7.0145334415498750147 -7.0286128110480952103 0.79795504682859264012 0.0068579317322938725121 0.60267795049520334061 -0.019988757348152089849 -0.99908409563226607819 0.037834104117627644082 0.60238541883125051868 -0.042236697634428430059 -0.79708711478266691675
-3.5048836514835755018 -5.101006708992850136 4.9995660976233766704 0.99903803211642494553 0.011952552180429348513 -0.042191786894212587877 0.042036223719622359263 -0.53503357406705054355 0.84378435071783752797 -0.012488646057247679635 -0.84474624066486980745 -0.53502132910964095291
2.302603285272703193 -5.7637668515422415538 -3.4457941655234143319 0.90347552283114818117 -0.00062366056126923925806 -0.42863923139698761888 -0.19810575241088604348 0.88618122384317721263 -0.41885194206229064973 0.38011326010385393381 0.4633383747923116025 0.80051949379021680731
2.3738868728897775107 -3.7463668117721757866 -6.6560527656668817542 0.71848401432478847806 -0.007771711358544867998 -0.69550005151860017083 0.57156279323632108724 0.57640975114411774349 0.58401007882911304403 0.396354253853379912 -0.81712385798518127888 0.41858321295018724451
-3.0345713907433222722 2.9748738869784800976 -4.9495939264364814392 0.99887357951964772518 -0.005979200958391679005 0.047072511016884026336 -0.034919685542950829049 0.57905044611570322122 0.81454355096267627712 -0.032127678084652576407 -0.81526978970717378647 0.57818940001679275387
0.1282745505872215086 -3.9927047946866554007 0.71065076175650776502 0.78952663917441201491 0.01068012427293275543 0.61362335433008230456 0.31386887622106163231 0.85217196006927020679 -0.41867562505063782297 -0.52738412430936043584 0.5231528317970762787 0.66946030502874620538
6.7070160195860930585 6.4256586481497608432 1.0884964572709510122 -0.88100601372920561705 0.0015153728432366361887 0.47310263941129648835 0.43742110539554857063 0.38360724758329595163 0.81333157823611712534 -0.18025310074271422289 0.9234950910787480538 -0.33862314809519095116
0.90810616273189481706 4.0314988425624429524 0.95192399825521822887 -0.46751867128252921901 0.0045975010896684917472 0.8839712410401175946 -0.87812750199180389377 0.11249408954673008332 -0.4650130859047368892 -0.10157943811546822632 -0.99364175777834484737 -0.048555895124715732492
0.48174702550822323666 -6.405163534874548148 -4.8297740427269113539 -0.94709185309633336924 -0.0088626935077225615228 -0.32084026315662778073 0.20764199596166021955 0.74533573515445461499 -0.63352935481711825094 0.244748489906869926 -0.66663040327129519103 -0.70406113521669588806
5.5791777314230568408 5.4202199262047949802 0.56605659600933189157 -0.97364761082711270834 -0.0041697811449632974506 -0.22801961068266043964 0.22193395416906430695 0.21281728575699476735 -0.9515535312686324021 0.052494284617962475026 -0.97708311612075138264 -0.20628362580249134939
2.2799121967483406692 -3.584891583911244517 1.9834371831246966345 -0.99061466945185294719 0.0066906132310324481494 -0.13652037342990963609 0.096451044042161857006 0.74192939254612821909 -0.66350431240451468451 0.096849226997527432248 -0.67044463766281470196 -0.73561145658504334399
0.58305229260991175977 -2.4681259038876737222 -4.1472075980999862921 0.76424439293316981381 -0.010939263544935866682 -0.64483396342262144785 -0.4703148883155283122 -0.69359891562010489441 -0.54564131998895037956 -0.44128722358459010477 0.72027833284337605679 -0.53522398071959598198
-1.0607006259090787648 -3.5745024420389879261 5.4270711787227003953 -0.9239178687037679083 0.002686494755520369565 -0.38258143529944554917 0.37811824240196034719 0.1588680240134266175 -0.91202387343139812437 0.05832980929732826253 -0.98729617323879215185 -0.14779681882684692074
6.1341192404052504727 1.2478164712467441078 -7.3891043506131524055 0.99737388039507468562 -0.00077206125093827275823 0.072420622940013418267 -0.010222620915766375896 -0.99143294070334664347 0.13021605933970387126 0.071699656395388403074 -0.13061442496818706505 -0.98883721171036731423
3.611308771632341319 -3.0254074014113840896 -0.44956055728069976851 0.67542054767896775314 -0.0015206694406766111879 0.73743119769740217428 0.73242111014884370146 -0.11500363370645678984 -0.6710689097571754802 0.085827741327361026236 0.99336390703442578598 -0.076562046863170335476
6.2678557791041971115 2.6605481816469391809 -1.8563757753283685048 -0.94625726416207811553 0.0057212545409611667568 -0.32336427951609902909 -0.29786926777218164508 0.37405401727198528405 0.8782696006805665867 0.12598051173634464139 0.92738927069985876983 -0.35224714513175414687
3.7696332477611251832 5.3062534822887963415 -7.1881091996854333814 0.99053314512239931666 -0.0080640914112802847963 0.13703670619076360748 -0.11450762756235943751 0.50203914158173645887 0.85723083446050907241 -0.075710578150867957614 -0.86480730266895000646 0.49636300990951298662
-5.9832358797393618843 -3.7907800916051921369 4.5945289236689612622 0.9859548907879138735 0.0035055298207819158077 -0.16697504182369704573 0.0021817331471939848016 -0.99996472615390408212 -0.0081108870263444324961 -0.16699758492820232503 0.0076326737487500302681 -0.98592776049755803669
-4.1208855431911395328 -3.4804149173216507585 1.9657245559911513677 0.92982833475180914906 -0.012320034906841203365 -0.36778728177099861973 -0.11977692930962599571 -0.95514893098385356129 -0.27082098671565796311 -0.34795510500317622382 0.29586945834342115447 -0.88960019588684502434
-4.1994509087154838767 7.3177970999836867705 5.293690458393821352 -0.95812065371443222439 0.0044643381499717008434 -0.28633002394207551777 0.10325746421119344487 -0.92722897714830887494 -0.35997822159297082623 -0.2671005597344446314 -0.37446828119547748148 0.88793625749157945037
-6.2683112315325564268 -1.8151625611319193165 3.6292457648352129951 0.97777009170777884339 0.0057492943653227367509 -0.20960103381401615219 0.20065408517362129381 0.2644731925450504173 0.94328779729629086415 0.060857093791410549199 -0.96437589976066506736 0.25744035832768102923
-4.0913135245727305644 -7.1430209317574497874 6.5474075554394497445 0.79467234966635980076 0.0068419412018077396115 0.60700003666908497468 0.24153567422490898609 -0.92093790073837522581 -0.30583312616566066255 0.55691684725139978251 0.38964929208722004494 -0.73349645835780008518
3.3853763617412497844 -0.52195202540592533502 -6.3724601342901792123 -0.99479543052662866565 0.0010914138089257669276 -0.10188650656162637209 0.069403879598771880954 0.73936087944474937483 -0.66972277208063968335 0.074599952413375303362 -0.67330847221958822768 -0.73558857273425770629
3.2472167549556765209 -1.9682437313776053323 3.8373033525213720019 -0.9516075792483338347 -0.0055733166958554687664 0.30726528156963944793 -0.13898689167354774665 -0.88393402207295168616 -0.44647876608496450679 0.27409060374265070692 -0.46757842418451789346 0.84038369699634041243
-5.764421211487812613 -2.6391492503314140095 4.2117451568399690842 0.99655679651237050187 -0.0019628663549222796769 0.082889676563274894416 0.07277431075603556232 0.49974729394887307254 -0.86310865010420567689 -0.039729724628895478344 0.86616903047062498988 0.49816940856951430483
-3.0951762510463600719 -2.1561127773576265199 -5.5904769647603380633 -0.90625110769463179672 -0.001204160576394536393 0.4227380746981565518 -0.15286527270525343547 -0.9313937359037980368 -0.33036028381124277198 0.39413340153165266067 -0.364011344213926058 0.84389253052779111819
-0.90771259401356763075 5.3269864679165568333 -1.5618698578490231021 0.99444470788803573935 0.010716505270288950377 0.10471332039531894287 0.00888552271648821064 0.98270665901460119152 -0.18495585909770029254 -0.10488455767877348512 0.18485880785974601048 0.97715221471245172769
-4.1858072603193035022 -4.1543985925925905889 -6.8519674970052424356 0.97310918978413318836 0.0049230325115330693039 -0.2302917030828174616 -0.21320709524452641226 -0.35916205971421127918 -0.9085952615984835834 -0.087185086426982610908 0.93326222392893753987 -0.34845427546807966612
-4.5693911867638092872 -2.574668958286630005 6.5510268489162122307 0.80215496078125003709 -0.0076913259177329544591 -0.59706638022882896344 -0.44255187774158694092 -0.67894269244866345403 -0.58581964449643308956 -0.40086812594836862544 0.73415098166267245272 -0.54802105956114810503
-3.8459198294305254606 3.9116529543841984662 4.5832766428087801103 0.96479855746613807366 0.0067403895238510201302 0.26290361477227447429 0.090378246338573137164 0.9302890898098129524 -0.35551931307531087212 -0.24697270314753921872 0.36676528806554509199 0.8969323872902204009
0.22753711383099209375 -3.4503895045918739903 7.0386161366611341705 0.92125098023047968798 0.0032373068048081590428 0.38895520470732380947 0.38106081478745645885 -0.20812195006972741829 -0.90082068655906510912 0.078033882754936154114 0.97809752772609137583 -0.19296616127799282037
-2.0173868111166468609 0.019157403634424641226 -1.3465010088955355894 -0.79893081291651790732 0.0067929507701667158487 0.60138457911089637786 -0.047116658218027379634 0.99615601326119973535 -0.073845905518867896444 -0.59957449636454873687 -0.087333000998313412011 -0.79553967232670141918
3.7085224749232112984 0.4617753552252729099 -1.9443548751134154262 0.72676502797634845443 -0.011651964995828732741 -0.68678732211819659703 0.26882737454865596183 -0.91527553904807501528 0.30000421715954966873 -0.63209527510015794949 -0.40265980595535322273 -0.66205788558415412659
-6.7457708984395585716 6.4807058091100513408 -0.48558852569744304084 -0.99593421458097319832 7.2387196206537274268e-05 -0.09008348898235440938 -0.0070407598414457851776 0.99687810308935020931 0.078641434891189535006 0.089807950249404022713 0.078955951903433463368 -0.99282450097232111119
-7.2215886418865737895 5.4422629370763555556 5.4124217918489971879 -0.86429119194161441175 -0.0033903103440110944622 0.50298035878919655772 0.14299384998231701172 0.95706141714270620557 0.25216304781616599717 -0.48223800596717736333 0.2898653991294568022 -0.82669495945504012369
-2.884929808434091747 -3.3594711275360982228 -6.3084387369562699988 -0.98973636124229835698 -0.0033052545995244479726 -0.14286710792519410895 0.11745003284662758336 0.55070443307692940049 -0.82639585984787977679 0.08140899839205364974 -0.83469377779011522112 -0.54466399945221832812
-2.6381644866546523076 2.821357084772741608 5.7110372802068694043 0.65222764473497529814 -0.003642105974450268388 0.75801440257262475697 -0.20410955923593718242 -0.96389866063080986702 0.17099315735663528359 0.73002629217859249522 -0.26624444989202594725 -0.62942474183160457279
-3.8393486832212153637 3.7175211881430416661 -3.2032484050838716527 -0.36951370165717944971 -0.0031353945571116143345 0.92921999203014959967 0.82117982005314571481 -0.46910529752328672393 0.32496757218678662404 0.43488311926886680236 0.88313667636238324388 0.17591555769305070034
6.7634858804214248451 5.8952441018063064249 -3.9815780251968710957 -0.98459464573336097359 -0.010441586567960185056 0.17454041613114398834 -0.069542625585803694022 -0.89248399477048578898 -0.44568614776003595557 0.16042819833156635179 -0.45095819357057254084 0.8780088273085302486
-1.0113670343545988484 6.7142670349032629318 -4.7622753834352540281 0.98082929695910714418 -0.00016802205625545806739 0.19486883279608299691 0.15263349520849595065 0.62235337023334957873 -0.76771042633247010833 -0.12114828255962312165 0.78273638878481777148 0.61044806437984333591
-0.99034162771237599365 4.7212061062822607838 6.7077923011038596002 0.90717325490246070174 -0.0062321565266771784125 0.42071111919546683167 -0.0051765972923142663381 -0.99997993679933594446 -0.0036508682669933144316 0.42072543116642391325 0.001134118008493213009 -0.90718731546814213029
7.0534430230001685658 -5.3566891375386571639 -5.5099524058095958878 -0.95676040786854610332 -0.0032609162452439982745 0.29085888049114355658 0.28306981505552064604 0.21968003098236016379 0.93360171582534134949 -0.06694028487951078632 0.97556652792762488247 -0.20925808908474974324
5.2976079800485686988 -6.7896025018127410533 -1.238310731815805088 0.97360495399626612034 0.010315443471519228705 0.2280065463533002823 -0.22809033984237844783 0.080117073815266864889 0.97033811187333340875 -0.008257749363273350629 -0.99673208341514518693 0.080355232973184323453
-6.3939353130234888312 0.98483246786442268927 -0.011395731048237350835 0.92982424884606174054 -0.0058939057990687378913 -0.36795669328343838522 -0.31650512094300287114 0.49732091505186976077 -0.80777250254559551657 0.18775349444024969081 0.86754663812748544771 0.46055559490586095439
-4.1349677643814297667 -2.4981003151467198187 -1.6358322978532617853 0.74888453629433926473 0.0024756790351475694775 -0.66269587467591495322 0.55298064010109337918 0.54876773337074424841 0.62695006697863364664 0.36521824019697196606 -0.83597119915972084581 0.40959466696107493799
3.5801531692567936105 -6.6800643482267521023 -3.5184217172603307056 0.99660328404473641495 0.009321823400187315492 -0.08182296645616031483 0.028515959033451405286 -0.9711685717984370747 0.23668216077998208147 -0.077257584168768322908 -0.23821147906757492163 -0.96813560874951642976
-4.3892201557758747654 4.390064265331715454 -1.3485443930701699333 0.87535796967325951723 0.010584134039647440095 -0.48335949461684218909 -0.31355041376984849055 0.77343086342707156877 -0.55090002498027668132 0.36801435156033224239 0.63379229689636618073 0.680347529899644754
-5.3710022528955869703 -6.6528259584902915691 -2.3596596350829774913 0.62096531094731777234 0.0055911164466700916803 -0.78381810518581196412 0.54515631029874589419 0.71543099101157947572 0.43699324301597763931 0.56321104387403508884 -0.69866103119968669954 0.44120979538234200712
3.2737047498579956439 -4.8974387549920095353 7.5052339667462009132 0.97497885477606871518 0.011280287577030496254 0.22201123361623600894 0.14356289096132512917 0.73056000173610269322 -0.66758653386833366472 -0.16972309530070681105 0.68275532877859379521 0.71066112314231633107
3.5951068299044992571 -2.7395000488236456171 1.6229690485387431309 0.97492727983111771017 0.014031820510793741041 0.22208085701914012655 0.15485861736939776634 0.67390773602039399925 -0.72240374580870059251 -0.15979864726474224401 0.73868225330322345723 0.65483808761198936121
2.2668958137666792574 -1.5703813319356125788 -5.9041341010626604557 0.8991668881197276697 0.0037393920495008689184 -0.43758990419813331707 -0.25207874362052012929 0.82181725451050335884 -0.51095274458953754415 0.357708281038809639 0.56973890260006243569 0.73989348459099613109
5.3187182737845688507 7.3201110076400244253 3.6682690764206600242 -0.99976031297756706717 -0.0045676576144588493938 0.021411517901751917631 -0.015051658728148238631 0.85360411173692019027 -0.52070478007724640968 -0.015898558565849509744 -0.52090225275927171111 -0.85346826473267611846
-1.8255979914269464537 6.177881499033367696 -0.095169294427016437599 0.74565207331696936599 0.0075561345951650777525 0.6662926462059584054 -0.40731223010537254137 0.79653834951561530708 0.44679235105085246538 -0.52735162156261894406 -0.60454078653221188233 0.59701817782571220405
6.0310303406748335675 -4.5238323206873163329 -4.5564627682346579007 0.96807568728830029059 -0.0080833826875828067304 -0.25052768830149202417 0.13422355725207421595 0.86082302581094705118 0.49088466559102977849 0.21169199408568270537 -0.50884022753530755434 0.83442682272445056757
