1125 14.717824617146108679 14.977075390850430381 15.033177056927090831
4.8595709849196504493 5.5043676287713916295 1.1267997653291272897 0.95267229542860165648 -0.0092832144713856229457 0.30385739986355825293 -0.17621952568618895474 -0.83133418829858629628 0.5270959553373008033 0.24771390007368254693 -0.55569532056254500318 -0.79362493308561221639
-1.0590336748802122724 2.1056593355028474512 -2.9145757128411937664 -0.56386846936709322797 -0.0027613873116489780213 0.82585999055148340275 -0.027983006685780235923 -0.99935632738153490351 -0.022447321873588301638 0.82539039283874471309 -0.035767382663410576815 0.56342825075338642815
-0.79054195171203023307 6.9073627742967405041 7.2949383840475485741 0.9234416400071752129 -0.0093498989915131933137 -0.38362496906431020616 0.074163412733429773249 0.98520370475298268964 0.15451035030929421987 0.37650408458942680179 -0.17113222820328971574 0.91047154527621843023
2.9214902803422195809 2.5842229705908899007 3.4786080206896392575 -0.84234971359046306727 -0.0010037396710059647877 -0.53893037817582345461 -0.53801735725553079259 -0.056647607169938010707 0.84102816355557363792 -0.031373289687092159594 0.99839373050343460658 0.047177066310094974144
-2.1221074554839804982 -0.92345524107126852886 -1.4113548159487765421 -0.8588992253236624741 0.0043159294370309769784 0.51212644287475672655 -0.26150005874263837491 0.8560932367410514221 -0.44578255829932217358 -0.44035195016717554317 -0.51680338888143562137 -0.73416920204040569953
-5.4946114607466265412 -7.1904389132128612161 -0.77083759322674283432 0.74585974940181021253 -0.0024092500621061344046 0.6660986636651042847 0.6631932602670919108 -0.09068146077996526444 -0.74293443331634456683 0.062192714674366177119 0.99587703467092725251 -0.066037853209232347251
7.2449091132159431083 -0.22368551714315165757 -1.2281780265199060409 0.77951229954024126023 -0.001667135899462564904 -0.62638470249787492339 0.58204298774011908879 -0.36763105330194850717 0.72530915413409369208 -0.23148765688061917478 -0.92997023033325332264 -0.28560258298195789761
-2.0879371071481065414 -4.4918948868298667065 5.7659908632766239123 -0.98492585463631132647 -0.0043996051493607277877 -0.17292109282444145801 0.08751145737399237956 -0.87497880560259055915 -0.47618676438407436802 -0.14920725752235008965 -0.48414123272119863328 0.86217426375513761538
-0.090689504885114347044 3.378216589872843123 1.0070097317884496579 0.87609168732647646483 -0.0019485588658812225994 0.48214060036036182622 -0.30850921309451223573 0.76621238585776973995 0.56368488111180914402 -0.37052047289362471938 -0.64258445583168899429 0.6706711536141455321
-3.9779029600782846998 5.8844988751732838494 -1.2395385395170983589 -0.99986287825369368765 -0.0039490959570723021752 0.016081956701515270902 0.0046828893887879453894 -0.99893738811179899617 0.045849374907845727445 0.015883804242004341545 0.045918397985882215828 0.99881890525226668665
-0.92341564958838873167 2.8412711913125048291 -6.6737742036332612372 -0.98081659859777792221 -0.014228092662861915874 0.19441286298567952984 -0.13125229578521774298 0.78558118869473858581 -0.60467762553294779337 -0.14412367871459297319 -0.61859498652040334488 -0.77237853924459265453
6.1087671824599008019 3.2910625315271477831 0.2343911541878526128 0.96852540785966978465 -0.0039789910915443062883 0.24888290813176994209 0.085109678441446012798 0.94490161064990207951 -0.31609696111591700785 -0.23391211376461643057 0.32733028246863771216 0.9154998684942529108
2.0400634320756676487 5.4631788061825714564 1.540934170088977373 -0.91558420060783518579 -0.0040547250516884125737 0.40210587014133025718 -0.29136153165920875008 -0.68249573182633138657 -0.67030443375248160987 0.27715344029356897559 -0.73087833135463331491 0.62370091814091377369
-4.1222787241736194019 5.8204046781509193309 -7.1411408519282355556 0.99749780333754334283 4.155672875306298808e-05 -0.070697458299184084973 -0.038649899178285991586 -0.83701162981288956821 -0.54581839182245528441 -0.059197277221506867939 0.54718509649956748042 -0.83491565594284389284
0.062797953050119634244 -2.4824218962765867147 -2.5439130457078569236 0.99292412793230344636 -0.01121875774215026593 -0.11821935393402904779 0.069270007259007657097 -0.75388807063449769785 0.65334098528202522171 -0.096453834885933717458 -0.6569070835587565993 -0.74777653166310609212
-4.5793760399878626899 5.0873049075021894438 6.1486199221312718421 0.95857972332056318177 0.00077813191478189915051 0.28482329355134683446 0.26914601686253819546 0.32472629340666686604 -0.90670461340907138048 -0.093195148187799309314 0.94580771242408911981 0.31106660938321434307
0.45584475793363093965 -2.5316174909124957715 -6.9931875806807175522 -0.35589092280055167894 -0.007445167910627081484 0.93449784405474689564 0.33121957897378506708 -0.93605980496917895461 0.11868290536338710339 0.87386225549148277558 0.35176215117013792666 0.33560117316774501495
-5.8806927277137663879 -4.0465715261908670186 5.4263188297972755336 -0.90726137931182027074 0.014652442348497307298 0.42031190268946116984 -0.3736486075971953702 -0.48679720161365613862 -0.7895664649299590776 0.19303758092646033928 -0.87339211722712273289 0.44712716526260826155
1.7831916457236547391 -5.5682235010319205415 5.9963561636146378575 -0.83499184528666459126 0.00071275891445361761432 -0.55026185610065248 -0.55023518746665367463 0.0088485297860431202932 0.8349628386905686428 0.0054641356303313072876 0.99996059697138528488 -0.0069962651792011259361
-4.7292042601953534486 4.3303026717250805433 -5.3408792828670463848 0.99847502403251708891 -0.0036375612843399275642 0.055085338621415597116 0.042701395393081084673 -0.58152754333156519984 -0.81240526043232796916 0.034988815564581221551 0.81351858275941812959 -0.58048539886099537188
-4.9086264263574639344 -4.9283523085684244336 -3.9053427114724925673 0.99998048618551704791 -0.00098603639578359342927 0.0061688718918642884009 0.0057309327514517924979 -0.24827044528788913547 -0.96867380598750318921 0.002486696199850227558 0.96869025685652310198 -0.24825994967619977039
-4.1156483328091217899 -6.6857384945170581503 5.4020468365488545359 -0.89055665149099594302 0.0043668017997652974066 0.45485138400016900118 -0.031242126543991041721 -0.99817974279877108579 -0.051586147318876021672 0.453798171012044671 -0.060150911117317337751 0.88907203750752406002
4.4102314204308896706 -2.0983942204391055064 -0.8071888282463061115 0.99514555944061411363 -0.00097077729019374612782 -0.098409212562406422897 0.096709339154173235009 -0.17566233864968655576 0.97968874980807874042 -0.018237852013186426486 -0.98444999891898277156 -0.17471571303797822639
2.066571672988177788 6.0009110511923191567 -5.1328905714559240892 -0.90682912706503215894 -0.008638968293693108369 -0.4214098984758294919 0.13188262054861193961 -0.9554053212579740606 -0.26421136710817327842 -0.40033474581129951941 -0.29517120513150363337 0.86752870324703790228
-2.8541736706093976395 -2.5712952280368477354 -2.340642693834078969 -0.97821520453025445629 -1.4075439894816431374e-05 -0.2075933848359441114 -0.19325533216978038609 -0.36513073840021514904 0.91067662782308544944 -0.075811544066307537393 0.93095625228972855858 0.35717371979060280607
-0.49321027518529070299 5.3692042379558930776 2.844047241395130321 -0.98921693181333036904 -0.0063263957207628594009 0.14632101192546342894 -0.074649354281781141185 -0.83777015832324353006 -0.54089614135097041636 0.12600530036082469021 -0.545986390435006963 0.82826416422579707266
-2.4237369606847436465 6.8999959992264150443 -6.5919341649180447362 0.79708121012167143515 0.0057370269011123211506 0.60384487328573421827 0.0033537399759283673117 -0.99998150491176129862 0.0050736833438248972114 0.60386281297928368073 -0.0020189989686489381165 -0.79708570853072036044
-5.0528843287061349088 -5.7714025583600356839 -2.8651531911080265758 -0.96039850299499396336 0.0078069229939764393442 0.2785206767876070022 0.13541389050009200457 0.8866942488498860131 0.442081878520424576 -0.2435113831107443283 0.46229034276081204524 -0.8526369950252782326
-6.2884478408763584412 3.0915728846357408699 7.1688332755100638849 0.97993326336034225488 -0.00037909675337106886125 0.19932550174466637238 0.099734213397662960232 -0.86488473791597486606 -0.49196288152452344322 0.17258008586755529956 0.50197036407109796308 -0.8474915147399882942
2.7255653237484529505 7.4828722469258970307 -3.3086619635045040333 -0.95966262909059629749 -0.0079670447878820507825 -0.28104121499203793544 0.27283140878393830064 0.21502523509568838289 -0.93772446414332433218 0.067901846129737125635 -0.97657599523510840722 -0.20417802237949567168
6.2898676854745065867 5.4244143556569719422 2.3804755676227946637 0.91269193781389179598 0.012777307376069631933 -0.40844848765255464818 0.060702847299230908162 -0.99266116102711721148 0.10458959660529357216 -0.40411457654873766954 -0.12025206777639742273 -0.90676945758895388661
1.188409172255481705 6.9433524173760075016 -0.5032938913396984848 0.95201020364700306153 -0.0093621056259425329549 0.3059230673395554323 0.28172410781344797703 -0.36383142001710849778 -0.88783907600710032515 0.11961646721458080167 0.93141776276098608989 -0.34373369340887249823
3.04804036384071253 -7.1497741801943286433 -7.1300857330248632593 0.7154342556415911325 0.0010300736469792425888 0.69867930039675185672 0.59848411687196800823 -0.51689640591865904096 -0.61207423357002754827 0.36051433772681462653 0.85604733776626429353 -0.37042187812924931567
5.4883039666810446988 -1.8842327005886065905 -1.7694053935967106739 0.95039176697132410343 -0.00062135982931215728853 0.31105482343985219051 0.28355237469482308388 -0.40938805884972057081 -0.86717902884939046526 0.1278809605772530944 0.9123601433552723794 -0.38890285257197798607
2.8045452253040870083 2.0577408763091740163 -4.5148144807540973034 0.82514777087583990323 0.0058204302189446052024 0.56488696109107350285 0.21063497423290294952 0.92466841251453013584 -0.31720850324000737785 -0.52417941952018676233 0.38072883984527744472 0.7617620932165164449
3.8221458178078542289 -7.2473967238669612101 -4.5584683671909935754 -0.95325811655086067908 -0.0059841060835451502856 0.30209792072121621764 0.090017127851120731785 -0.96002951497301169947 0.26502876650289153293 0.28843696005043084618 0.27983480994148918208 0.91569459931887620119
1.7990879713960423736 -4.4036701131155240319 3.7603796004421687904 0.55560738455686375925 -0.0089392816441276612416 0.83139673049006901362 -0.83136342642198013397 -0.019961500137839909702 0.5553704995046220283 0.011631312638419415845 -0.99976078526608513908 -0.018522548700845086617
-6.5903946891442659606 -7.1662382248276736973 -6.578750645099015415 -0.93989069972531213981 0.002990603763800295245 -0.34146233885882298908 -0.27845068654788768248 -0.58554004277051263649 0.76131995473214930659 -0.19766306617783163668 0.81063796765356621599 0.5511763761879554524
-4.1201892933837251931 6.1320630064390675429 -2.4388676419361718928 -0.97291108302429507582 -0.0013915459573364775611 0.23117544880094134663 -0.070825476186705746406 -0.9501025362241963812 -0.30379091919187090065 0.22006311924397151114 -0.31193466344778525423 0.92426673059684449907
1.1520866556111877266 1.7027658191339616334 -2.7255203713812892197 -0.99933374914711048387 -0.0021722754237226658824 0.036432664399251996068 0.023646470532053452673 0.72184286798454999623 0.69165288864512497469 -0.027801119530087584075 0.69205357824325286487 -0.72131057291130340481
5.7429002131405990639 -2.2719964445215059534 -5.5416643476705136351 0.7762844686468028943 -0.010572635101262741614 -0.63029409256699719943 0.63011650409603792156 -0.016043134621155287489 0.77633485629407761319 -0.018319798129950107951 -0.99981540157092108068 -0.0057920443657430587675
2.8564599070320095819 6.6420043377572266508 -1.4517060945901403279 0.98971456105432165096 0.00015120863045119895679 0.1430561595072944725 0.12123949673098223523 0.52991595417828296632 -0.83933906494321841585 -0.075934656576927828109 0.84805015101900960151 0.52444720352701701405
2.405998715182531722 -3.8025387553468830149 -4.076755833035844212 -0.83456819427743689221 5.0089733994015429863e-05 -0.55090464382826864753 0.11138647024418417419 0.97936200515383675658 -0.1686508734263930942 0.53952662895091019202 -0.20211397861597518721 -0.81734995950388433794
0.62140288728880643809 5.426525116275120908 -2.8401702923770617559 -0.99224166547440917352 -0.0021162128696925880389 0.12430606960141042661 -0.0044359627682387346714 -0.99861582032821805122 -0.052409594776054654885 0.12424491752574245984 -0.052554400704052095517 0.99085883728995649555
-0.44261172807736959278 -4.6849125883032316509 -0.34220894898824455455 0.96006488152691615845 0.0074744371458976398975 -0.27967759303895728396 -0.26227173331293618386 -0.32400604351086464971 -0.90897393894070932507 -0.097411298953081121299 0.94602548409533993024 -0.30910649019141961391
-6.0396934731339380065 -0.39916213027750457876 0.0011387427204157399632 -0.58986028398043011123 -0.011050875680488819741 -0.80742970191177332318 -0.80697017606401044709 0.044464031905747908313 0.58891602526159581021 0.029393542245978974969 0.99894986261244245185 -0.035145293580429858016
5.8398413923911389745 -1.8209807615910096334 1.9964392486662270176 -0.81332934045328708628 -0.0045704738231035317575 -0.58178560890315922371 0.22783120645905133306 0.91760740263079765278 -0.32571397882277036695 0.53533944868765370728 -0.39746165274925265853 -0.74527572701153721457
-4.5997597375217980087 2.2291202136351335739 1.9946039123409409211 -0.91083375309690961519 0.0073614665510242458663 -0.41270774529877957137 -0.36878799577429483003 0.43459940220311304993 0.82165611649727376964 0.18541113340952219968 0.90059378657353506004 -0.39313298410702701702
-1.0728060571032735915 -1.95396800363148615 0.58550154488968142452 0.99691191011848767634 -0.0053427239058250232395 0.078346019459419546926 -0.066211076242294705785 -0.59361587165009710443 0.80202013086205103942 0.04222246850559283754 -0.80473079487888943273 -0.5921364799831768666
4.4935477610281546745 1.663628002071309453 3.7677368684961276557 0.99171604371605415196 -0.0064716429871004167024 0.12828642357341221714 -0.061070108353762031506 0.85487507429107123524 0.51522718214541562975 -0.11300323226292731393 -0.5187935284801782343 0.84739810260888859261
-3.2962997848407735724 -2.8553998784733143346 -5.1317114267620613788 -0.99903042185940105213 -0.0024276303078993076781 0.043958193892540978198 -0.017399681664645668538 0.93896049592336461309 -0.34358468850251444593 -0.040440910934053338199 -0.34401641487943418474 -0.93809234034628552479
-1.0521753458563611883 -4.7305116343915036836 -7.3464413832450539132 -0.98025654688637409162 0.0049564266829134357578 0.19766774173126830383 0.067090839843783431351 0.94871797652911615817 0.30892235305922427502 -0.1859997889667036608 0.31608485386862356092 -0.93031953847010728786
-1.541825398079623044 -2.2344297902276890611 -4.0152550170037208943 -0.75842144613383910556 0.00032304375496417566532 -0.65176437896455829968 -0.6119191447556526775 -0.34463711357149184877 0.71188497682612639217 -0.22439222429906097167 0.93873593496354856835 0.26157785472454120335
-1.3765900984614163338 -2.497263402025987844 5.5849827834485017419 -0.77800137029750959794 0.0022128001657907856239 0.62825868185843358749 0.50106255938023791519 0.6054518932890758931 0.61835614050498055594 -0.37901210983628830231 0.79587882772964801958 -0.47215115394246276459
-3.3005104374152649527 -1.1909674337125730759 -2.0229604526625246663 -0.93908991575190503553 -0.0039204757453424375971 0.34364918158353502387 -0.33339523331463882805 -0.23230349484034820695 -0.91371916073164005656 0.083413119688612105684 -0.97263544874472840363 0.21684680147267018646
-1.170423070204757332 -4.2735716145113746833 3.0103759020525107104 -0.62323553964386402271 -0.011775895664734411378 -0.78194551626440034209 -0.30549906512872376796 0.92410242332504954899 0.22957576616487451737 0.71989428621862172619 0.38196340071535017646 -0.57953099760389270578
-4.5596548457009289379 6.395164916403002664 4.1715245330291779169 0.99942126634842909372 0.0061875244809021599096 0.033449169066948877815 -0.018084946097718122837 0.92948436752751006917 0.36841789485108561442 -0.028810885010935191608 -0.36880960543712487665 0.92905834469219561456
-2.2797052334212692948 -3.8587239267843633783 -2.0677942488592542247 -0.74359450990348774368 0.0028621580463249161885 -0.66862471753051255785 0.03766108842819309438 0.99858258865657045789 -0.037609254850742068754 0.66756935763992975019 -0.053147170040777985678 -0.74264832259743984721
-2.0693692393861331524 2.14967412875543884 5.0301641264173353463 0.82516594274817223198 -0.00145024968666108609 -0.56488854095685081536 -0.04981079164157226763 0.99591466783319115841 -0.075318387069553335844 0.56269001409714580753 0.090287713286797105505 0.82172262769440340691
6.9674108600534863101 -1.1004805189543673816 -2.407051382426676156 0.9999915565087358349 0.001740091783589987201 0.0037227666715562695438 -0.0041078279203906852002 0.3984772185706438874 0.91716903132947891208 0.00011252058694044293069 -0.91717657970571897508 0.39848100202938607772
1.052696357566049512 -0.85050033553814530229 -7.1980151732772572615 0.85919557869288898377 -0.00075014669178163212448 -0.51164674809328269944 -0.083512994793187231291 0.98638240242064678664 -0.14168745849732641839 0.50478563495324824117 0.16446639010664926284 0.84743275206361046159
4.7288297920547970321 1.1535445819724399197 1.3178631880291209466 -0.94373374044239310976 0.00057247342851799430143 -0.33070575958805170647 0.31995090421863026098 0.25453673747323968257 -0.91260203164694908562 0.083654324695243295618 -0.96706293567204104633 -0.24039807072674676536
0.95380994740636626528 -0.99987502266129490991 2.3563319282177195291 0.922546140317779928 0.0046735625348539883844 0.38585849323047893833 0.37402303877821235778 -0.25686663078636423618 -0.8911376439426882401 0.094949383610280005397 0.96643556008756870135 -0.23871933886955973292
-1.0487801217503154305 5.1875061889679008331 -4.1235574816781825902 -0.63463917494402033448 -0.0014229777713945217926 -0.77280728047856550589 -0.59301826849419636556 -0.64032513045899475124 0.48817318702976958411 -0.49554258228581171686 0.76810266399536697435 0.40553156067632595283
3.3025571783779708035 6.1777863387431795061 -5.7183647173889173843 -0.94107564350952566112 -0.00097535759623699385193 -0.33819473956690060401 0.26587420911863429707 0.61589457770166911033 -0.74160958332752868749 0.20901564084707641156 -0.78782797477321564461 -0.57934406361503787419
-5.0119101394966003582 0.2237697959717011853 -2.3081403242759774841 0.86270270829113937516 0.009035094436065448098 -0.50563069940003591007 -0.49112688792619463296 0.25335777681669763295 -0.83342919128300652076 0.12057535844126224256 0.96733045232493930499 0.22300981803891051225
-6.0299171405937341817 -1.6017655724022745733 4.7695767755550582123 0.96447591026011147974 -0.013255112792810688077 0.26383805736260479424 0.23910869638534670845 0.46840391854599838783 -0.85054382626854585503 -0.11230872557780764709 0.88341500500926717354 0.45493370844939062803
-5.0303630285364819841 4.1621728820904468904 -1.1994357367672610071 0.996679002876217357 -0.014945860411206391902 -0.080047401471581611232 0.064930722254808517779 0.73909855275493152593 0.67046053621605439243 0.049142308993939017026 -0.67343147429577798757 0.73761445409817139041
-2.1072191594217684063 -6.3832204005402566338 -3.4979539686742477933 0.80378496697883583533 -0.0043979815534703377289 0.59490367675540178904 0.1920624400006389898 -0.94451025113577868897 -0.26648152776595762647 0.56306460197726093675 0.32845249771868084698 -0.75833845395200294437
-1.3366499670875544581 -7.2897929053064078886 -4.2703917300451781358 0.99253997416392014674 0.0066651641957716188658 0.12173732078883270358 -0.12178951906743196165 0.10032317349520218641 0.98747282185648432851 -0.0056314058578225169305 -0.99493257884441088645 0.10038650717089708797
-2.544583577727230761 -2.9972598997919499553 -6.4291820051489168009 0.90229242414634236447 -0.0016574583450652770247 -0.4311213682477878506 -0.22525220109831228799 0.85083533770822994402 -0.47470061513267508557 0.36760009144229910394 0.5254298059101224494 0.76732893326966533643
5.9946098495635489201 -7.3598471712740236583 6.9280376984605407387 0.90386300606466263297 -0.0020232855303624007991 0.42781721866164706958 0.097615598664622521552 0.9745860525165198629 -0.20162643957989490051 -0.41653674647628041727 0.22400431369947976235 0.88108978332465004435
0.31060589661970106068 -3.2533636074083362999 6.4159894936619910055 0.34313513059134892469 0.00033274757633338140038 -0.93928599022500147697 0.35520673423916893086 -0.92578341367208694113 0.12943433439676921282 -0.86953232148389569822 -0.37805417634070037636 -0.31778700672962467699
-1.5450087227875273221 -5.3496491053412924543 3.479906815013452448 0.68050823172877050737 -0.0051785973966266257013 -0.73272213606412506248 0.56981508433284655535 0.63242267923221850978 0.52474024474924607642 0.46067267795705280076 -0.77460618182510343477 0.43331968206181004089
0.92177319318972494866 -6.5433569455953310978 -3.3422189830713850967 -0.87989292231557336699 -0.019957532071185973832 -0.47475271686705539098 0.24861392369793230972 -0.87078857881321547474 -0.42416785351097480161 -0.40494390006836256113 -0.49125242790471179699 0.77116242768647991213
4.7244249891430465382 0.44821665022654666455 -5.2494569633586687374 -0.95921338445660697669 -0.00029088754314986631916 0.28268285845402135736 -0.12192317832115376341 0.90263044183126350806 -0.41278689909837057437 -0.25503807885752921569 -0.43041631110316286302 -0.8658506669564185465
6.260732983289471143 -2.58988182613134299 -6.8476389275057600869 0.99625524780675034364 0.0087368325076062607754 -0.086018306047468406916 0.082861937887151460025 -0.38053151242356764161 0.92104813517122496869 -0.024685632807884175244 -0.92472668167969562791 -0.37983046708035983485
2.3762681059136676609 -5.7127142011801170796 -5.5149110066069031433 0.93334627295433503225 0.0018024077167760892311 0.35897282082179038376 -0.16530665564617572083 0.88981000393038001128 0.42533735611206024974 -0.31865097577343209911 -0.45632763255332120522 0.83079880079777146396
4.9897713292465439849 -0.77331924540598018236 6.971702966915171551 0.96365320127021170116 0.014090865340988148469 0.26678447330330989917 -0.074059852885020135971 0.97356039703633445725 0.21609093343580421109 -0.25668588950776144442 -0.22799473861572427946 0.93921816064804120039
-2.7426394655766048736 3.3229925321117868009 -3.2054654437510219367 0.9823959207896947321 -0.00068655782022923996302 0.18680948437935041007 -0.18558003629373015508 -0.11818346654628830716 0.97549613959476733083 0.021408057944426496511 -0.99299153917516880252 -0.11623036686506676984
-3.1404315558219546567 -1.2678675813577466869 3.7173173509004717729 -0.54175147618887531387 0.0071029590093019080374 -0.84050870668923172158 -0.84030238479115670902 0.019134414656837378521 0.54178019185832027027 0.019930884611331602801 0.99979168937786289106 -0.0043974639918002520617
2.6415183310326884047 -0.27224118846810130279 -3.0984960676100787857 0.97652143418905601457 0.0049463962924682289279 -0.21536346424839100666 0.19234447042241900605 -0.47019631496400371429 0.8613472180788387389 -0.097002542581393638721 -0.88254799221225643802 -0.46010819181446233062
6.3161064005934521859 5.8476002655518195539 -6.8413982525036569626 -0.99261460804531753688 0.014494373886341616053 -0.12044149210668755878 -0.0079780515501798390798 -0.99848676641664291243 -0.054410734091211422625 -0.12104788551935941054 -0.053048001060594381084 0.99122818714702920495
0.12872101974016542103 2.0330167704337820389 2.2587442629061760258 -0.99903301714894543473 -0.015314546187726475052 -0.041212805307278992106 0.041487630677912272492 -0.018083182006099072364 -0.99897536257368935164 0.014553595671205822593 -0.99971919217531135526 0.018701060115446629939
5.3857784309257112909 2.1922529605422367283 -0.99178510971391087292 -0.99918530199719757245 -0.0031644274873854163523 0.040233303012971420587 -0.039899320027918364073 0.2272596424609841792 -0.97301649480864549346 -0.0060643659158966072009 -0.97382906164643356917 -0.22720075298917569162
0.95213854286920762693 0.40313861622642344074 -2.1647816767634457946 0.99393673136101778898 0.0053589696565848072424 -0.10982283685792461336 0.073395562484455278973 0.71137549069778727162 0.69896924298719753654 0.08187102942364743452 -0.70279171358148750937 0.70666890540230631323
-7.0938170678449639084 -0.51699249993003215664 -5.6511377934275612844 0.9013033069732326874 -0.013032613743870276324 -0.43299249395140620988 0.19616923894156340635 0.90346283932336879374 0.38114633365011052479 0.38622529504464503392 -0.42846825896539253442 0.81685064272904006621
0.04632040718961798198 -6.9938558523271563416 7.1689108401234848955 0.95814381254833191903 0.0058391571502538711785 -0.286227774192324258 0.014565452040381617754 -0.99949143261203554633 0.028367653093907093526 -0.2859165648964356321 -0.031349328206061385926 -0.95774158181575985704
-4.0120241452745384336 -5.8677267188993615932 6.8405219275705784199 -0.57721112837033117238 0.0084784224828966126691 -0.81655093511529530659 -0.79079716512888531543 -0.2551609210060523103 0.55635667338078331756 -0.20363486172434991373 0.96686142789105689044 0.15398643559415242654
-0.69608570679635894951 -4.5836357575224555561 -2.0243103997464673149 0.58630160352349580677 0.00030788185472127929665 -0.81009279401475964288 0.21934207510197545332 0.96258601736765303514 0.15911383741858331486 0.77983298455231475632 -0.27097613248569024647 0.56429819406713033203
2.8550179485226165887 -4.0821644570541257835 7.4869042115205175492 0.91826536592226004618 -0.013914488426381503919 0.39572099357951068255 0.11679862152755875193 0.96443413203400063516 -0.23711787570151121596 -0.37834745903327504646 0.26395679945728345306 0.8872316542275202611
-2.4696224167842162345 2.716451953272473574 -4.8858523519224261733 0.99944211307081254336 -0.0070968337210683251487 -0.032635832632387076768 0.0096794378090835492268 0.99677429834267372577 0.079669985862030306967 0.03196515453077798663 -0.07994143553058573326 0.99628690435094957589
-0.70870397520190198115 -3.4322602331016174304 2.2223503257471164396 -0.047366752406639150985 0.006998820046761488993 0.99885304589025059041 -0.038789543265541556738 0.9992082928038813483 -0.0088407536612350231392 -0.99812412158996133282 -0.039163811229250382329 -0.047057770774889498555
7.0846263984534552094 6.0433943113486030541 -0.090566808689822350664 -0.97142808845031480836 0.0065619998866225546716 -0.23724335423165118786 -0.17489698622726043697 0.65592521225392885764 0.73428411404456406242 0.16043226975338403806 0.75479736094332527951 -0.63603650110240328441
1.1440224214133898339 4.4509617906895622141 1.2014602807777801097 -0.96296352157301623453 -0.0085530224442221906844 0.26949601467708034219 -0.18877514492408395408 -0.69227756933093520519 -0.69650248503513212395 0.1925232473719592774 -0.72158063500091951248 0.66502344801750135073
-0.33526063261755179035 -5.1660214242466500068 -4.3556107771619867464 -0.46695836591589318099 0.0014675142011281289665 -0.88427808459970314026 0.86832731108681315835 0.18984707071340417572 -0.45822022059536682281 0.16720515937631921788 -0.98181257689214551654 -0.089924960574464168905
6.8180327252208092759 6.1407636012242488022 1.3543483078713420831 -0.97115458689578526563 0.0011466224070137299301 -0.23844801028387932473 -0.19423299753976122628 0.57626547386177184862 0.79384610996178972542 0.13831959737505267194 0.81726176277364925848 -0.55942014630340808345
3.4951693008882362967 -2.291582506524942886 2.8438676883813398533 -0.70753529815699944816 0.0041984089603993770407 -0.70666553278346622147 0.13155792775390234839 0.98328390544902577464 -0.1258780081272735385 0.69432435756421895245 -0.18203058711987871177 -0.69626040519754994751
1.2422016745754189682 -1.7453761061556887224 -3.5509424919604741788 0.98008692728053847798 -0.00086852816111412933786 -0.19856701798798917502 -0.02588137467085971713 -0.99201868160151474019 -0.12340619838016309018 -0.19687500963544227184 0.12608798916759367259 -0.97228702015848156304
-0.78849461384257057972 -3.6131983877997111421 4.7566484174001164575 -0.99178040220810737004 -0.0032177605996802148385 0.12791121847838488046 -0.12664721278345095201 -0.11769712422854745892 -0.98494054157721799836 0.018224085439157423211 -0.99304432578057999503 0.11632218079480163841
5.9063294684190772443 0.94731735075748824126 -6.9637333648803148023 0.95021443861344467852 0.0065145443164622762397 0.31152862045535584246 0.2015598580446252841 0.74959038475222572462 -0.6304663977660269758 -0.23762605975671227676 0.66186993873374067032 0.71095853600980862819
4.542937229172744118 -3.8118093140947104658 -2.2810831345952005123 -0.90263543303831728082 0.017756234718952327439 0.43003952277932538939 -0.32191419120768532958 0.63535935854347902474 -0.70191861281088485658 -0.2856930669840835324 -0.77201243619503567839 -0.56778188579537447467
4.8517395480440246303 4.1210426280536882615 -2.4566299462588570002 -0.97823166550035356437 -0.0061825660567834265016 0.20742368353046194973 -0.08886349779390056991 0.91575138086524165981 -0.39179418985393843489 -0.1875262311577314267 -0.40169787691797453899 -0.89636640293320368755
4.9290562296807838294 4.039455262386362655 -7.4728893202423325448 0.99870782145387737572 0.0050644377474563136154 -0.050567171535896501822 -0.011974060093417972922 0.99045822714488884753 -0.13729210525678964272 0.049389363750870982073 0.13772019369449839399 0.98923902015486808725
-7.0828495636134842783 -3.9819124308913673715 4.4923299311657389765 0.98591257278606203585 -0.0082035645265250319025 0.16706016985319210866 0.098098588103024464413 -0.78061521986789850214 -0.61726537690260130375 0.13547348757048077728 0.62495806262472342052 -0.76881360167855961052
-6.256102183479104184 -3.370236708247662083 1.1747548695510627859 0.99739340503659690285 0.002710851784285914657 -0.072104416452950459426 0.012524970012922811979 -0.99062837540413173354 0.13600936353948475666 -0.071059979704408915424 -0.13655794787130656753 -0.98808016180757440861
-3.9411134653821617846 6.0046867816805864493 5.8502949375961499356 -0.99588955243754984092 0.0021568853465558264493 -0.090550246776458981346 0.015177487510911479712 -0.98160736338595966366 -0.19030666835232165623 -0.089295258656467091374 -0.19089874801090689349 0.97753978169148503241
-4.3999071477288236309 -2.7256225753339284879 1.0100286329375012251 0.82918644459656098977 -0.0046987084259309452525 -0.55895237922052487534 0.50454779304964558762 0.43668317388919258848 0.74480825060596822507 0.2405854622080931815 -0.89960309458176823671 0.36446249133875147086
-2.8215874232792184095 -6.5513404172924456503 -7.308483834617040209 0.18457638136721041255 -0.0011932220442374475485 0.98281744778085278202 -0.24067151400594313793 -0.96960781249167138363 0.044021725331554205363 0.95289494792835238712 -0.24466153391221209801 -0.17925387593101776984
3.1194814446795806617 -0.25823013850787224222 -5.2205853784011484464 -0.65726929347177787122 -0.0019746971580276058422 0.75365322027464620724 -0.55636935107849039284 0.6758209752673770554 -0.48344508950780007428 -0.50837999669499667199 -0.73706316551559936112 -0.44529503590373065158
4.0861036736237057454 -3.0027178079546499312 4.3157509413915997598 -0.96969850608293806093 -0.015337308985678867537 -0.24382283374109114948 0.055013859058230092647 0.95868538999919550303 -0.27909818758552235041 0.23803000359617493276 -0.28405473056279650912 -0.92879202593102250241
-3.761854597083734042 -2.2527120417249126838 4.6865498307939148503 0.87618715535916236181 0.005177509111435885103 -0.48194321468728651414 0.066416615460201430809 -0.99169967127697400411 0.11009357465311737923 -0.47737291709369727988 -0.12847161316214333882 -0.86925838657845655444
-4.5317961509992770175 -2.6552308705011937739 -5.9920389624062906364 -0.64742076193792286176 0.0069397738379502272102 0.76210117212265904296 0.072414833260582359142 -0.99487432963893163151 0.070577334529201507518 0.75868468347231554638 0.10088066100336715025 0.64359975396202506737
-1.6585437333263512993 4.9691083504493853695 0.76685832921738106283 0.84916793553386116233 -0.0039702984561473357583 -0.52810799462920454683 0.11286856519981736113 -0.97550379518913898913 0.18882010634851670305 -0.51592102520724492098 -0.21994677151966424145 -0.8279184219761278607
-1.285501666313278335 -4.2027357915051606341 6.7653282545060520192 0.98547644507465637087 -0.0015118418907023815217 -0.16980544908023220696 0.16545910071995201251 -0.21641381892982272661 0.96217895682930831835 -0.038202908163831567068 -0.97630055480387079037 -0.21302057294431989143
-4.2316472927134469728 -1.177402568689040363 6.3634357376762364922 -0.69823561544314305394 -0.0014619781669112802153 -0.7158665294218526931 -0.50617762807062760544 -0.70612148131661789385 0.49515317070982706182 -0.50621263730524446167 0.70808920076720305303 0.49229914644397843038
-5.477982046615720968 4.6173121442607989451 4.0482783603258809535 0.99996810844446093469 -0.0078401284672133808584 -0.0015213413940705316878 0.0064030065902630642696 0.90088741642327263559 -0.43400560415363470534 0.0047732170101189028491 0.43398202188077061869 0.9009088861164508133
-1.3710874147098071063 -3.5255665019912929559 5.8273794747133615957 0.9965111063106580902 -0.0047792649554241652121 0.08332330781902155814 0.064065802716997827249 -0.59604939941314949436 -0.80038783497845567005 0.053490073113091604617 0.80293354151247353645 -0.59366365897926864914
-0.23722834709801324249 0.24595019201415532772 -3.217593765137064743 -0.99363652346874387078 -0.010876257970728804916 -0.11210783309613375769 0.10082183962828561441 0.35784318395046760264 -0.92832279534338602023 0.050213702143234714703 -0.93371835299121586083 -0.35446949291060414478
4.052370112072073205 1.2974942082062297377 -0.80683479598363838647 0.99362266289518685891 0.0054633248320429409275 0.11262395776590482244 0.096768717964154829514 -0.55401227124280405523 -0.82686529648785223046 0.057877620931106724123 0.83249057375698010119 -0.55100782716875396083
-6.8687319083532756281 5.7779382973728701245 -1.4783994082380846891 -0.97009009928151046509 -0.0052229125434651631904 0.24268893765621191161 -0.13774137996038207654 -0.81138585151215725233 -0.56804956844664156179 0.1998812435491428563 -0.58448757142502394402 0.7863979700678485063
5.7666949976984591686 5.8039730632202406468 5.073884512575797423 -0.73710081146498951377 0.010129351922228024829 0.67570688169285364477 -0.08882511758734744356 0.98976050359533274126 -0.11173291371930402227 -0.66991976551159926334 -0.14237816459083202369 -0.72865352948068906613
-5.8624959879622426939 -2.9828539588278930594 -6.1022065952102781949 -0.74724284600210255647 0.0087080568096204093859 0.66449401716291733866 -0.32824058629697705491 0.86459162039994019722 -0.38044637919370904999 -0.57782890772797268486 -0.50239974092436401332 -0.64320156538448303163
-1.1515389301849268122 1.054167500094866039 5.1316108562590496689 0.79184773380220130345 -0.005158703606470805593 0.61069677766417851394 -0.58778030783253276681 -0.27792032596576315973 0.75978589230093240836 0.16580553729192101797 -0.96059027696113252759 -0.22310276468746725875
-5.0483512150694043186 2.8180318023271286876 -3.4138580638798474709 -0.86103846944492057336 0.0050381432172846973144 0.50851486826718039769 0.43293961134021047288 0.5318530117774633581 0.72780194201151682254 -0.26678839380383678748 0.84682169963698949999 -0.46012711499686792527
-7.0288007072617189053 6.3280306111575468364 -4.4445583917159146026 -0.67188098841507559733 0.0052641531945757736102 -0.7406404161923817453 0.65999210142908282251 -0.44956481098911738048 -0.60191519898702094959 -0.33613444253409918705 -0.89323220352351107021 0.29857975003487374765
-1.0345611335661415442 5.9375467204362202267 -5.2800322629531324381 0.98448427730781928879 -0.0062855530994057233832 0.17536019946371600442 -0.17032930756973965747 0.20595871053532466277 0.9636228186056016165 -0.04217386295490339887 -0.97854049552226940456 0.20169249838957056808
-0.41295584276702307358 3.5622160371443913895 7.2437535114700795091 0.99308758174076527947 -0.0068013040002881507834 0.11717848461289614992 0.083589157146580383984 -0.65986720484379124407 -0.74671823653838109713 0.082400896838615622642 0.75135145853022222706 -0.65473741145959651888
6.0836504032861187241 -5.0087831089718024558 -5.045056893286718136 -0.82818122686327233506 0.0018224939708867415617 -0.56045743280564508382 -0.5602526473865443446 0.024533007350945594538 0.82795839427273243416 0.015258655500581084705 0.99969735923725444593 -0.019296719054488480072
5.5938000964743608279 -6.8803922377856210346 -1.5110839812120067105 0.99848709006650415709 -0.0034877621848207985764 -0.05487591899477193419 0.010946309121026689959 0.99061937344420447626 0.13621099542135292615 0.053886076932750118229 -0.13660560922599843114 0.9891588336766913292
-7.1606082886388140452 0.79470345659866836741 1.0450765274228162038 0.86835691303512441142 0.0090171373224777889854 -0.4958578050393038783 0.36304029297634776707 0.66960771473947389154 0.64794077972989272407 0.33787278265574904879 -0.74266021813199800672 0.578184903940375583
-6.1472149300269389727 -2.4368133243720153658 -0.97393200613615438233 0.99954155046830828191 -0.0039203817528947748627 0.030021983516551869337 -0.030228520035052330872 -0.18523467866114365354 0.9822292758810460267 0.0017103987391721498304 -0.9826864934597679957 -0.18526826524787232131
6.0286069122028171918 -6.3977302007306171561 -4.8906811309731308413 0.99127322632119685419 -0.0049985933217152308042 -0.13172852706804552558 0.036363540812843778149 0.97087792080460821875 0.23679897760288903807 0.12670865668244385427 -0.23952260218822502003 0.96258705547220935195
-3.2195534640307554852 4.5628723210995625337 -1.1585296661166759602 0.32615562713960488672 -0.0062538342157222003015 -0.94529540168292591762 -0.13787727876374142322 -0.98959931923644117724 -0.041024911548226607183 -0.93520712298718033928 0.14371526336625586873 -0.32362564822598294256
-6.2199829368463612767 -6.2586157190513320714 -0.83685974982508215536 0.62993124262316879669 0.0076784580089095041955 -0.77661294790258095233 -0.57498562209855275107 0.67681067172029230061 -0.4596942995354979522 0.52209018756066538636 0.73611708031276235076 0.43075919041235738449
1.6629619943066824561 -5.0316386983709069369 7.0526997627351830644 0.99671365823010493745 0.0056215779184995932211 0.080810156288260007185 0.031569343208890716934 -0.9456702723948744449 -0.3235909647658744559 0.074600670687193088026 0.32507865782059253146 -0.94273994620069978545
4.1410000920412057823 -2.5533228127503000415 1.2074783592850044656 0.92345295108291136632 0.0054033209609006434271 -0.38367362596218840265 -0.18953982320843953957 -0.86297262425127441166 -0.46835126263427484528 -0.33363048804702094552 0.50522178685760821271 -0.7958904720688756429
4.6811088289822073705 -1.632332695381221388 -6.5539374564409431656 0.90137242644389869994 0.0032247927719532302679 -0.43303273497297467554 -0.14992638590492260442 -0.93580544792195707871 -0.31904583126743590871 -0.40626324920680928487 0.35250214800932905268 -0.84302574574718003309
4.5900789229945555547 7.4561446326946532182 3.2713852567566603646 -0.86147368243118149778 -0.0042192676117650913456 -0.50778469084764310537 0.38316634291992301975 0.65080940889527971738 -0.65546217812065543651 0.33323662483553634361 -0.759229419262820171 -0.55903849670129834859
0.44421645104444940078 6.9224215012105760891 1.0589819636583850393 0.91951189091477092408 -0.0069076703815138243078 0.39300148416549973707 -0.071565956753229104104 0.9801909838347857562 0.18467254545012018463 -0.3864921684851686523 -0.19793412868665680171 0.90080291096372333559
7.2707494784961923528 -5.1524934698570072911 -3.3794163704471871235 0.88492567818672773772 0.0073373454391373136435 -0.46567446510169163698 0.29283273187275388194 0.76873898113724314918 0.56858541137119367193 0.36215402141879127207 -0.63952055654386075201 0.67812824932177606652
