1125 14.717824617146108679 14.977075390850430381 15.033177056927090831
0.77740105287519278843 7.0442133806845426136 0.83221224435526475194 0.99841461934127695432 -0.0093118675197266104204 -0.055511593463104379198 -0.017344045236387439779 0.88733841017555803443 -0.4607925020244908465 0.053548407822791660449 0.46102476609231657356 0.88577013557079831152
-0.10342382922068764362 4.8255599830777553549 -1.5597897180356423696 -0.99653588688090155578 0.0097188256627451733577 0.082594010595284025888 0.057897446211125934423 -0.63186650088019502558 0.77291177425862034323 0.05970018325522018221 0.77501630272733978977 0.62911494865899364459
0.69647365845992037503 -6.9242585175782638274 -7.1247370098179851894 0.43000378619528917268 0.0038213150701009697754 0.90281899703580570371 0.56817606149925992121 -0.77827671978266277364 -0.26732248424603549664 0.70162148413295843952 0.62790982234352843427 -0.33683311596044201996
2.5988451103876868409 0.19181145944511374113 -6.5473292232874191754 0.47674358437864389204 0.0086110870253884811559 -0.87900022976903446903 -0.87502019785947426911 -0.090899778093049887762 -0.4754754291028665536 -0.083995286128263652037 0.99582281532553984515 -0.035801010954608740444
-3.3373868561311867964 -1.2797732778387340691 -1.105096259646911161 0.6749498350440705785 0.0076006582637112071049 -0.73782447110947724234 0.6411155676629594069 -0.50103599107015073244 0.58132070714245209775 -0.36525819508150880743 -0.86539307002448528916 -0.3430470598612321842
4.3348356140609034526 3.6017638372503775201 -1.0424611236299117234 0.69006510235481366422 0.0065075937951356143535 -0.72371804298018738155 0.51891019061040233318 -0.70151726728519392395 0.48847286289151342631 -0.50452192082479097035 -0.71262274375981415897 -0.48746944158948002368
0.5621737947184130002 -2.3400373225817725498 -0.6766588734895958579 0.95951397805267579777 0.004257039571435727518 -0.28162884002815885554 0.26376249588800920742 0.33717055883230340196 0.90373965278709966764 0.098804208839767038164 -0.94143395512957439575 0.32239701680494670111
-4.9184025166726490497 -5.1023815798325191651 -4.2038779101729835119 -0.93640840866922603336 -0.0051925592793280357651 0.35087366601360797658 0.15867611472363585268 -0.89809364382252521164 0.41018251735274119385 0.31298751219479969965 0.43977362842001183063 0.84180637497961197102
-3.9460779193072319515 5.3531890680899403279 -0.26266647398145925862 0.52041976212717100392 -0.0030383959578465253443 -0.85390516999109244978 -0.85074773434140649186 0.084143961740697825746 -0.51879484019753041579 0.073427268099341913565 0.99644897604071158703 0.041205272076339533038
3.6316071128896587616 3.8661755900388117269 -1.8114783412505752747 -0.77960800615196079733 0.0039696437745099068597 0.62625521847883736104 -0.44568538904531179723 0.69900027476796977588 -0.5592523132413925735 -0.43997260225527851096 -0.71511038155143435979 -0.54317699828151899677
-5.1509670509390064197 7.0196613034882950899 -1.2372423791592848108 -0.98563363620481514449 0.013629442687923466748 0.16834658735385760187 -0.16683557047928615491 0.076702001395382482518 -0.9829967931813747839 -0.026310218633183758696 -0.99696090258045955146 -0.073326196693377199143
-3.9922819341817672445 6.9639562064330737812 2.7656776152861435314 0.079040214220908372456 0.0064107878440810769916 0.99685081448281631644 0.24173753217784338387 0.97000903363704693572 -0.025405515130331322166 -0.96711716460434093978 0.24298431320081242957 0.075119993782095842438
2.9320496466879069075 4.2474028610971545916 1.805491718911309551 0.51299909416249411809 -0.0015765485313695235675 -0.8583877002166142578 0.54893692988074505035 0.76939516836805177391 0.32664862146525608377 0.65992437172875084705 -0.63877115572540033028 0.39556445013642099751
1.1671135792444424784 5.3023446244802325822 -5.5217439500924490048 0.94278990282605390494 -0.012299599318314247826 0.33316050033878047421 -0.3248778321990558049 -0.25823645394968641753 0.90981774438467721833 0.074843792494969224594 -0.96600344394219428423 -0.24745858848886381764
6.9489426541583396713 -0.2464523651442084573 5.180395820015449182 0.99408996850255493261 -0.0084154675196707259821 0.1082326865089961454 0.084045927410202975194 -0.57138421442686693208 -0.81636778573722423857 0.068712565141169981708 0.82063954292380680844 -0.56730002995018879997
2.8898893367212576955 3.2844931132219699066 -6.5633822077149002183 0.97338531174334463891 -0.0016496710445153498631 -0.22916874452623781089 -0.068801234312175787999 0.951743943010677107 -0.29908168967621251433 0.2186033509335773839 0.30688881623133695831 0.92630007526315272237
-1.6029782774484413466 -1.37740664669311208 7.0460475616624638207 0.91209458885067262734 -0.017985335158260569444 0.40958514219704983406 0.0093325856851983034906 0.99968925238589767535 0.023114962872099357322 -0.4098735949457739669 -0.01726054412216613404 0.91197900731480174841
-6.5495369034921111506 -3.1559281078627519079 -5.2111353896903898075 -0.77633270824147504463 0.0005111086354683208946 -0.63032314322289451081 -0.0073206042762895585929 0.99992491488956203316 0.00982717336209288847 0.63028083809325519127 0.012243502408219758201 -0.77627067559028961607
-0.91027590368357147455 -3.6812447809821176037 -4.5076658639323587963 -0.96074037127116296286 -0.01164975371386705108 -0.2772042969510022381 0.2774218014316100489 -0.05432192791997956377 -0.95921127612094347903 -0.0038836967116821843882 -0.99845551297269152791 0.055421164859566746097
4.1058927328399050793 7.2973646599068464624 -0.26798473638258668572 0.9704825775625276485 0.0080329589127687821976 -0.24103742078478548883 0.15344750492955619436 -0.79161405466756329385 0.59143981239305609687 -0.18605759828183196514 -0.61096862441847066272 -0.76948028571108839646
4.9614409778275483376 -7.12581304121870307 3.7550775834389646946 -0.9171972987000970301 -0.0092474390822467195106 0.3983259973032768908 -0.23743254333922833577 0.81551658139456939534 -0.52778640834522927427 -0.31996078294172369816 -0.5786598226427229763 -0.75018524848092194013
3.9138193254059729931 6.5393484806474218018 -1.9065622556209000926 -0.91323866847586621098 0.0051361205922005473759 0.40739262961594435719 -0.13439496831032682334 0.94015575896289516056 -0.31312160797656418687 -0.38462075723110328296 -0.34070627988663976238 -0.85789632471107413192
3.3278964664463539513 -1.5683127732412776023 -6.5906309810033363306 0.97222131059533667408 -0.0085276469149569537886 0.23390810687641444554 -0.135248898900405784 -0.83608264942651877583 0.53167051702555612192 0.19103261127524134855 -0.54853722076634681137 -0.8140107240468590355
-5.2884391463353104257 6.842741416858434178 -6.5946693583256479343 -0.58742447473595360563 0.0014937789314628394446 -0.80927761312530643867 0.76222000401286693627 -0.33500976832576123687 -0.55388547607687954599 -0.27194328813895135566 -0.94221347037222502596 0.19565434900704020693
4.0454738636167508758 -5.0423583787904959763 -0.85243485696107501592 -0.8198468081250597228 -0.0011174065591640076726 -0.57258183922451033609 -0.43293640241495834342 0.65565158072423757041 0.61861706746402900237 0.37472294121277210932 0.75506274977407672466 -0.53801762167476441245
4.0671275400456465832 2.3634560282970631384 -4.7014958078928046348 -0.96534620802286963404 0.0057612438524175142718 -0.26090900085083257309 0.25705849617854081846 -0.15151030171158860749 -0.95444515715555389157 -0.045029192732304650082 -0.9884388886241040062 0.14477891855285626721
6.5095289983665702849 -7.0020591995566592303 2.3688155475956107487 0.96694906546689618487 0.0059414095556990899685 -0.25490038141469045785 -0.033084450535350584666 0.99420014696676728416 -0.1023302834166292391 0.25281401054062102585 0.10738141097898835918 0.96153747126699795622
2.1368186713273993327 -0.6433272642650353923 -6.9983843038870956477 -0.91280490719343043704 0.010819285374109971834 0.40825254986032882831 0.10136724245170100622 -0.96236447925041768148 0.25214934311793824051 0.39561582824911384337 0.27154659294691574356 0.87735429804485998151
-1.0708695293232419754 5.0809511161799942869 5.1788709679037525646 0.98477189038432766388 -0.0070698451479505866266 0.1737076313769946867 0.10681504326935449545 -0.76373394530424021376 -0.63663255282878739028 0.13716730820565911642 0.64549243069118333871 -0.75134855525251376118
-5.8344418396593296094 5.0975688254740605387 -0.26225014934051593674 -0.95822254075175716803 -0.0076559804193190097998 0.28592122754183429967 -0.26074362888486102285 -0.38751513553847344307 -0.88421987069076823929 0.1175683732605377757 -0.92183154952108103952 0.36932948963825035227
0.096949642835259003393 -6.1124421685391867598 -2.8690105936689329624 0.8523725337180986239 0.0078654661689816669778 -0.52287589178011595337 -0.36102907700599262686 -0.7145044702892949795 -0.59928404575193183756 -0.37831081047083420232 0.69958666109248734966 -0.60618432370219077487
-5.0951893550165525681 -4.3126590241440965201 0.72972585427497715926 0.92582356262699072591 -0.011065276154413435789 -0.37779397897329397571 -0.37731689718230987385 -0.085163248511030520405 -0.92216006213880452602 -0.021970206771098010901 0.99630556596196062635 -0.083021257806421402958
-3.610084546303909292 7.2409656392178147755 -5.6325019409681633675 0.47769284207507844986 -0.0029691845655838234111 0.87852190215912917548 -0.71101169105381278879 -0.58866766682222748663 0.38462027146634947261 0.51601542982258075121 -0.80836969387846413504 -0.2833134557411093879
3.5643383307542086946 -2.0207481382777494616 -1.3279988401013784749 0.85815118170043758195 0.0063920668100310275642 -0.51335727405786668598 0.3887569203728896694 -0.66119440403538143336 0.64163074812118037205 -0.33532761026850466113 -0.75018737762927778512 -0.56988971936455723455
4.2634830481651073697 -1.7268875124642468766 -4.3638484642168755556 0.99315222459063867699 -0.0032631084791054287483 -0.11678189463176205654 -0.094555513429138038362 -0.60953481977674994763 -0.78710009424461901961 -0.068614238106067884648 0.79275258158069927816 -0.60566940712435946015
-5.9176224634934460056 6.4446108608332011158 -4.2203106755762069824 -0.97558423263539129078 -0.010516348227921806444 -0.21937367994578102492 -0.11064158582236983952 -0.83931158002557271214 0.53227296673943436112 -0.18972043780185005035 0.54354896564600319042 0.81765559829632838973
1.8557349739751589635 -5.7032775804643662809 -5.070781823312976222 0.6607473426222886248 -0.01807988767490581114 0.75039060953563763157 -0.51048355062434802587 0.72208913647009786985 0.46689808688156431149 -0.55029037222129650875 -0.69156373289337425003 0.46788899280387263868
-0.12344328935627855992 -4.6734797242094181513 -4.133176964479440052 -0.95969519993108620692 0.0011618138387463465035 0.28104051917432470997 -0.20531660793497374939 -0.68574903491953786983 -0.69827884946701967994 0.19191199476647777256 -0.72783714613604810761 0.65834859684613067365
-6.7332341719502037947 7.2332874046280739577 -2.0136759470809648676 -0.99682228998243038731 0.0086649896137703606019 0.079184847977133265839 -0.028518549657027224969 -0.96699578015743969939 -0.25319133769399354561 0.074377513534863964884 -0.25464500606285678241 0.96417006091639012588
2.6618002801208953123 -2.0214961420111365875 1.4723230706230761022 0.49000531166115579573 -0.006423523388316528665 -0.87169578001231085018 -0.48797909476837830756 0.8265913262790492988 -0.2803982567514161639 0.72233731567254921835 0.56276595283254393642 0.40189959532147434551
1.9164399414620312267 -0.96162598727619741368 -5.731191096774721494 -0.86364350632426079013 0.0049495057835129800672 0.50407876009261343153 -0.27066197510075767907 0.83904094348894042721 -0.47196651404904949034 -0.42527871945177686541 -0.54404576787396086157 -0.72329261937325506349
1.4922877414859465617 -6.883683837884928991 -5.1251570556961425496 0.97320116476303863973 -0.0014166082757044633558 0.22995105158448864158 0.21595190369505262717 -0.33799809685119358571 -0.91603605923316011594 0.079020682066802599985 0.94114572715705813177 -0.32863422228935468272
4.2355143408316946463 -3.5569565804090186312 2.1456421137894441387 -0.77775729501627188789 -0.0029452011347407755504 0.62855780628302349022 0.016074591795449722637 0.99956877462379001287 0.024573813208890959991 -0.62835913102909257688 0.029216272645393823182 -0.77737456342819621913
4.3898683995782050715 5.556246076339938611 -1.474520081085335832 0.47988528695135435065 -0.0016388332201277484076 -0.87732971315995922357 -0.066934628490949221735 -0.99715205815168128645 -0.034749509818958738971 -0.87477418050397859339 0.075399516905306246395 -0.47862829625298486391
3.5077332117879480577 -4.6599357739200026884 5.5968964053938048409 0.95457082606264964664 -0.0062538802507161291369 0.29791849055040253713 -0.28599948691169113646 -0.29991619954902709599 0.91008492281447284089 0.083659019335985712607 -0.95394505199714352273 -0.28807986089608916824
3.3615209137669959105 1.0722041782300897328 -4.9394016139941658849 -0.76303281207367523731 -0.0043947601719771575007 0.64634481028477697162 -0.44668609311531953798 0.72634722363400883172 -0.52238993571522829296 -0.46717497997691903588 -0.68731389975922740909 -0.55618984284269756824
-4.1025459127016432603 -5.3408379850131648681 2.1568137026189115879 -0.90109992282057549406 -0.0069261408206665094761 0.43355617590573042319 -0.33617396841874130908 -0.62036775670253174741 -0.70861195967993861888 0.27387221847115345019 -0.78428048236408365312 0.5566849494395386122
1.0970144198767544097 -7.1621779704738983696 0.04232538011300866071 -0.94986251948232081066 0.011777532889306056157 0.31244596941192076534 -0.22743328952295305267 -0.71175687143819577063 -0.66458728153433477281 0.21455836711607487177 -0.70232716427565011763 0.67874977821063464667
0.92377439979775499701 -3.1852259772248130432 3.540428237336325612 0.99818426702376716886 -0.0014084995274929613257 0.060217814600801271296 -0.05439298259553562026 -0.45055109002378324057 0.89109209328935878869 0.025876099214872879534 -0.89274953453223826472 -0.4498096220423767333
-4.7285651201252063558 -0.62014091112286617857 1.4679504943919499116 0.17587625719887367559 -0.0050937688281293639486 0.98439910385619000532 0.88478091287928373188 -0.43755354417917052823 -0.16034223455092780353 0.43154406305519432685 0.89917792983111977101 -0.072448410240545740857
5.4322693257418261936 -4.6914737984440382235 3.0189586347866681493 -0.90359487989902509408 -0.0091911081500826215945 0.42828940747000859846 -0.41073961127554536876 -0.26541922796595629475 -0.87226464169722561781 0.12169332253406185684 -0.96408928889232115012 0.23605630322807114041
-1.8509973100576624372 -4.3192867234195295723 7.0618662864748555918 -0.98029158176632746891 0.0081614472044652559835 0.19738745020340853209 0.13233341082789989995 0.76898808422931119733 0.62541601729740525784 -0.14668429737682139868 0.63921101139843805594 -0.75491257759435259622
-2.142498227468732086 -4.495413999634473079 -1.824805750829632256 -0.69814685624417438525 -0.0011324185060091881624 -0.71595368896651678803 -0.67202147330181505325 0.34594265105110949543 0.65476012524055837716 0.24693745470804312481 0.9382549759058909089 -0.24227978382487583286
5.8607241488803198948 -5.1690100514900469975 3.9096395602088729326 -0.98905881568334763632 -0.005471157772873642619 0.14742023453901470509 -0.14024157159631847613 0.34492210152079066932 -0.92809538598079632798 -0.04577074081899745045 -0.93861536867614747681 -0.3419155289977552914
-0.92890858351604521648 -1.8285228190914104562 -3.792662804692923384 -0.66286893580769179479 -0.0016493391760333975943 0.74873363329128450605 0.70630025822329078888 -0.33324931576401894961 0.62456772152956163691 0.24848484697259060061 0.94283729944412486557 0.22206554798502503578
-0.94229103355175347634 -3.6727103607086752923 1.1246061827692548363 0.78728028822126749908 0.0089253910673254485686 -0.61653068469657090755 0.42068385125347029785 0.723249421681420257 0.54766355669512079007 0.45079357257253088731 -0.69052922561737350993 0.56564524526913328994
4.3446542031385240179 6.9203296629462727196 4.2228619128063273891 0.94794007911332989202 -0.0048530776618108482229 -0.3184117680737120204 -0.23706741674975717604 0.65685230359665935929 -0.71578215343444595575 0.21262324973108506776 0.75400364647455841993 0.62150611805266642307
-7.3562037063897882661 -5.7426003576930311212 -4.1016277393112750005 -0.92368459778718325914 0.0028659502831562067363 0.38314298915648409283 0.15373289306699447487 -0.91317943912903543069 0.37745133400385366684 0.35096005670168267665 0.40754766381491475125 0.8430491921109414255
-3.2603033176454316866 1.8207346168622120519 5.9435046182352193611 0.68171086931789126595 -0.011078554298655098054 -0.73153780236462673248 -0.59923494625165119043 0.56520108708826011235 -0.56697902108019593292 0.41974726901394199263 0.8248787770266520214 0.37866506752871037511
4.7423991661225155525 -1.5128792475974242038 -3.0681903466364182087 0.95680821421053297016 -0.0066531277954624840759 -0.29064372883260752856 -0.013182135044744486968 0.99771698876096437392 -0.066234746570692892842 0.29042085416658802721 0.067205254468402683687 0.95453610787486931066
0.29064719329025989758 -3.1364109791617567069 5.8365325805035244144 0.96926925323880297469 -0.0081960967338439542906 -0.2458656924504543928 -0.24557486098408395914 -0.091126330683059780791 -0.9650849597360982024 -0.014494908707505780449 0.99580561147972379565 -0.090338705807603544851
-3.557377252082228658 -1.0323654321829749403 2.5253263509834984468 -0.34613685713319697346 -0.0037815272385472052316 -0.93817640994944118127 -0.25563944529098076019 0.96253286742792976138 0.09043756482928992646 0.90268363790714112316 0.27113867148137865692 -0.33413480914453752568
-4.0700868131254299698 -6.715774199980784509 4.7220129405560955504 0.55661353418939152338 0.0066634303005741156445 -0.83074482980870090199 -0.82676870709281780059 -0.093601012642887213011 -0.55470023923234501595 -0.081454763699743470973 0.99558748943971442369 -0.046590474796430469961
-4.6195120883488423047 2.9996967046273899093 3.3594832340186338016 -0.99968372896297663655 0.0023690065108405815308 -0.025036570350841023946 0.014163000006945716813 -0.76962665098915516992 -0.63833707985518062245 -0.020781036489639810594 -0.63848978527101230007 0.76934968813079507299
5.0223804040995716491 1.2913851621664664826 -4.3803296192487417571 0.99344223081147142729 0.0012927681054949820196 -0.11432787407711475502 0.077974812726894340842 0.72365944175341467837 0.68573824520830395368 0.083620946063561837902 -0.69015602664311104242 0.7188130468123016259
-5.357966291630074096 -0.82832544784598538534 7.1048280185161312161 0.71010140002241983748 0.0010374870547424069195 0.70409866162840140102 0.63906234210056178657 0.41881918870598883187 -0.64512774710193732108 -0.29555934191842797576 0.9080690561804113381 0.29674107334925436952
7.3171572071152386485 -1.4739373061268334908 2.960802030893254333 -0.78126473787817096728 -0.0069919168051184935053 0.62416065435721601595 -0.23323033529935488506 -0.92424293542447377714 -0.30228894623195851077 0.57898965452274009369 -0.38174089303777680726 0.72044768757929089631
-7.355817271898409615 4.7801731436614529613 -4.3048307385965118854 0.92925803078962598835 0.0063850691617963880806 -0.36937615394718681383 -0.30232216120593291553 -0.56149862851121223883 -0.77027306912800563854 -0.21232245066591770577 0.82745303254736812804 -0.51984676191293555103
3.8509734097491370441 6.0203147351528256692 -3.2620215271010128966 0.88947306774566070597 -0.0021896148821552727584 0.45698234904839218906 -0.41046794306314288159 -0.44340244297589953559 0.79681261365550715148 0.20088237720774665407 -0.89631996471658781367 -0.39529329791637457525
6.8123449499634904925 -6.5918254955351622826 -4.6627521754023959488 0.93378011190742316039 -0.011111512515051887029 0.3576747641304069969 0.10156459975539006146 -0.95018556579136514983 -0.29467273820007616747 0.34313165794287364685 0.31148663671403831188 -0.88613584763619079876
2.4373829180258339555 -5.7147524915572116555 -6.9774246647959561329 0.74810430517506143477 0.007180281666986650102 0.66354230621239607135 0.64412972627795561653 0.23247472061061627557 -0.72873342176831168437 -0.1594893234785112468 0.9725759342242442651 0.16929030646844073216
-3.4416912060855060496 -0.42351491227326909517 -5.7141180289000716996 0.96023704270359089286 0.014689541332016674974 0.27879928119575497769 0.065573092348725173228 0.95881322647284261684 -0.27636455326360342966 -0.27137610686946511684 0.28365721234652080396 0.9197247384431012085
-2.8629304931302521631 -0.12265551591688718391 -1.2727951043083474136 -0.64736016151359476734 -0.0093424340301757058391 0.76212698430864422861 1.0185405609707508245e-06 0.99992486405276403971 0.012258313420824118456 -0.7621842436602702664 0.0079363200132340390447 -0.64731151197909042594
0.19264970716163173914 -4.3522415899184370147 -1.4960129888204838355 -0.1641674828911502404 0.0043360861259085520941 -0.98642294981322409253 0.19441963079463916997 0.98051741313576745718 -0.028046563055045714563 0.96708326669567701295 -0.19638431937054656728 -0.16181209590910544671
5.2489347753299506749 -6.4320362704015554556 -5.9413250901564591544 0.99851367673269597613 -0.0017147616024726121398 0.054474736992474043218 -0.048244085492631719192 -0.49281827787227755477 0.86879379211069740485 0.025356371837027907867 -0.87013056755169415624 -0.49216851770463598825
-4.5049097168228380283 1.7902491706075980282 -2.1711057872007688552 0.98051176790009153539 0.013784137920501119898 0.19597619894046816591 0.18318535052245205064 -0.42460907761024552221 -0.88665114817758827748 0.07099155135179971432 0.90527185350733341274 -0.41885924949073438661
3.2283574756918591575 -2.5292208763539312244 -6.0161971240066458577 -0.98563427295985506227 0.0023901837827609647043 0.16887678048927337593 -0.1633691837457998397 0.24015523842862002146 -0.95688869324372671787 -0.042843783319978054336 -0.97073155325084037326 -0.23631475145246369496
-1.2866703946227571187 -7.3805941932079779377 -5.2338453555131856376 0.99811038909408877906 0.01031412122752564664 -0.060574500293426661313 -0.059369379668168194286 0.41601530788042306863 -0.90741751160469030779 0.015840705170651364631 0.90929911608477909102 0.41584154379669369117
0.07802068814520207729 -0.65540039116141812769 -5.0212743091474330015 0.60578041295239359876 -0.0026823965242752760563 -0.79562736003241130156 0.39442719129672948464 -0.86745312231954807558 0.3032363291954013329 -0.69098283773837143595 -0.49751169365852193627 -0.52442810052855626246
-4.0362380999281066707 2.3555109458156828772 1.4725820674607170702 0.70273761937105894138 -0.0035538195066786683676 -0.71144023549948132157 0.40852305956095241735 -0.816680339082929585 0.40760536498227845081 -0.58246780866208935912 -0.57707936553155714243 -0.57246018005630106007
4.8631997936445641173 -0.92199647564760300877 2.1714639118727552258 -0.99917523631020610519 -0.0028363780621995611161 0.040506815523837620685 -0.0056694386753518080657 0.99753103550936361721 -0.069997790399238563053 -0.040208265437574081114 -0.070169709669927277096 -0.99672438880331715172
4.8104454246316912247 -2.0988927182790262371 6.9257281605582665662 0.99473068723114832501 0.0016346136410007056777 0.10250945282711582118 0.0089022497896740042378 -0.99747347424905441482 -0.070479912870506644662 0.10213525262789054093 0.071021096920569556921 -0.99223202627344764259
3.0819323871634844991 6.8934104404814462441 -2.7975469531778776044 -0.9999923477196639432 -0.00017169850951476162138 0.0039083272553732499588 0.00075834747717052480853 0.97157879695203508419 0.2367151584129175701 -0.003837891532754886606 0.23671631087224093148 -0.97157123195144001748
3.4293520583795675805 -0.17009234374207354845 3.252933965445698572 -0.83173248376266561976 -0.002897974610713710715 0.55516905280926265309 -0.10515697612851780673 -0.98106202604390058131 -0.16266318399115414772 0.54512666952324351222 -0.193672152871275427 0.81567641339978380621
-4.2949919090870150029 4.0852348401647331499 -5.4404105403085400994 -0.62107849172790319248 0.016307837892150570808 0.78357868879660563799 -0.10084947428754129084 -0.99313489895464202029 -0.059265976868557640467 0.77723284197779818339 -0.1158323223523369111 0.6184593620033274064
0.48830729733791738978 -0.05559105123798586956 3.1091658482838773203 0.99984487842454372597 0.01625245201714086915 -0.0067879961383628915905 -0.010656291931419748648 0.86505455195062119778 0.50156461756369630223 0.014023641838531365755 -0.5014144792016090868 0.86509355419905231699
4.7821259051900488757 -2.8554341331859225406 5.7063803041243295056 -0.50297895823881366706 0.013215194476041877344 -0.86419761987873533471 0.6805792744005584316 0.62238109338172453722 -0.38659232514037772388 0.53275136679825163544 -0.78260279403792742947 -0.32203858144420843823
-3.500304558401897026 5.8597440550360229139 -4.2420544711482275346 0.99958414057049960189 -0.0056716809743478490552 0.028273272800527167459 -0.026105952144293051442 0.23847326001360161229 0.97079811676845040314 -0.012248476744793656765 -0.97113250192418820728 0.23822602402764087026
-0.39437611354336549185 -6.395368748175973117 -5.6879755853485045591 -0.98456432070024169079 -0.0040419941934333545458 0.17497645752224633142 0.10831955653697183939 0.77119848928228185159 0.62731153647950044228 -0.13747716928909606282 0.6365819290646291817 -0.75885668970668185285
4.7852237765202021436 -2.3789971784255778964 3.9847933804444299888 0.94461991703241043883 0.0012499085412626719307 -0.32816405969332407278 -0.31749260284680752564 -0.24948660651177112513 -0.91485238170353078146 -0.083016019437947632942 0.96837744237461442776 -0.23527318082777187724
-2.7171864900443329915 -5.086492606586556775 5.5229031837794559934 0.99896960431227499466 0.0014890714847004902621 -0.045359809593998837163 0.03231966034183062636 0.67832439090011986682 0.73405140165080318138 0.031861720224730320783 -0.7347610518911454891 0.67757732208813714614
6.5717929596773227985 3.6515141176126024725 -2.9826512527611992454 0.37424065665709488337 0.0065470178136173146077 0.9273085071660581713 -0.91649145968712342203 -0.14984017298781218686 0.37093304905282775685 0.14137657240664694425 -0.98868855516629694513 -0.050075998819945302665
1.2267045767860960126 -0.79006272959699863634 -1.6762190435524444432 0.94268578815558223827 -0.010483194905539255926 -0.33351702720246417799 0.0035444516572804450269 -0.99913539239072857168 0.041423478062140750566 -0.33366291623712701631 -0.040231459044929085422 -0.94183357767241060454
2.6085170102123864666 3.7780468838662226716 -3.7330467522410204495 -0.80356903160198767111 -0.020574885254056225065 0.59485585274654706467 0.41679411279937667034 -0.73292654303791371362 0.5376814577853558097 0.42492290946230398818 0.67999658573195687072 0.59753256346980765379
0.2222485392769660284 1.3646640871325019795 4.6181816727283688806 -0.9608134055638809512 -0.0079729012589154733825 0.27708127423972489511 -0.26547964766431436656 -0.26107297931620038201 -0.9280956072231644205 0.079738048413695708505 -0.9652861401245392825 0.24872577534045950398
1.160923879523223512 7.2429285950931046045 -2.1699279428356361699 -0.98837816700051006613 -0.0025356514366406484283 -0.15199397839585057635 -0.072496173330930821499 -0.87097232369625410264 0.48595423262658338226 -0.13361475909934064643 0.49132553549259849746 0.86066620377690472576
-2.176208434680902748 -7.3197775634631865316 -2.6065019549554655498 0.9971636782054946746 -6.5447341134604666846e-05 0.075263501010725569751 -0.013643972140816022776 0.98327347123077757374 0.18162357445515373011 -0.074016490675858304105 -0.18213532466356355255 0.98048369829269921283
1.309658518843279662 -6.3525047290731277982 -4.1341199394645427034 -0.92509763496324348697 0.0081232407569944726361 -0.37964243538511144305 -0.2338821467079365557 0.7754410203819692704 0.58650691842497737483 0.29915465437927935 0.63136775089376462322 -0.71545877302235394435
-7.1937889707340456624 1.2279757024386626085 1.819230132929854804 0.99862845752312512371 -0.0089252108302548469054 0.051590158330923355234 -0.040218921794713979878 -0.76164053889738081438 0.64675043706032075974 0.033520771987661610036 -0.64793829190727347811 -0.76095487890255719687
5.4027367385976576841 6.8974836461242761132 7.324729357956260678 -0.99491425678981892933 -0.020155180586344183247 -0.098688349524324509021 -0.098722059606175679991 0.00068201530301606352966 0.99511481237200105632 -0.019989411782920525618 0.99979663109585126257 -0.0026683076875577676351
-2.2470817031096519401 3.6636575410742580061 -5.7822723252538796856 0.99045337103454322847 -0.0041267887333491341806 -0.13778639055074798359 -0.13651745895855499358 0.10918661231602698469 -0.9846020856622618167 0.019107674001472032405 0.99401270278896480814 0.10758086952873374686
4.1677949514412757637 -1.4121397448754429149 4.427785882085212954 0.89151897792941581233 -0.0040116715128379297484 -0.45296558200740955069 0.35660165740468596773 0.62285197983768858521 0.69634091445818779853 0.27933701854189901814 -0.78232941763931873602 0.55671492917662324107
6.0305426400061525882 6.277285889878760905 -4.5229375376567553246 -0.99306246264162711945 -0.00048313168043261469145 0.11758703957460618639 0.037718983004419386063 -0.94845715398599705903 0.3146526741884991818 0.11137425022535556163 0.31690502305363216218 0.94189542028304162891
5.9059214044250172293 6.3904533514612964495 4.3159377525972493217 0.94808042952323179353 0.0078161782305781017655 -0.31793459470920593102 0.30634279595168906196 0.24608351889294710624 0.91956347964549489671 0.085425935895063781489 -0.96921711142914546144 0.23091253839780639945
-3.6038541878442882371 -6.1257279484019173665 5.6312845967821010262 0.88118054891851116395 -0.00020022950078510425888 -0.47277986432989266286 0.47235225326848950811 0.042896768424671265219 0.88036538783098972072 0.02010445323385243524 -0.99907948991407657946 0.037894376803162967138
0.039896239237381656006 -0.40492364608014763672 -3.4976723149607815699 0.9776336795647933009 0.0070665661796577286177 -0.21019622314162375587 -0.13366606292314051063 -0.75074542019205847687 -0.64692711929812984906 -0.16237540516718923511 0.66055384163841135425 -0.73300944747913721056
3.3565037831239266097 5.2139340546758026207 0.90942543890284999186 0.95093528060529919355 -0.0010878666560258615052 -0.30938795814673641926 -0.29433692088872048798 0.3049407118914015391 -0.90574661977449399952 0.095330315754307962117 0.9523707149935847216 0.2896586821085306851
-0.48761168708668173322 -2.8753133128612775593 2.1745670051233454423 -0.70852680082897923075 0.012858117994226331976 -0.70556675184456130179 -0.31197488050316724006 -0.90252975803104917851 0.29683616660270151222 -0.63297823536191688554 0.43043548258715663701 0.64347793193542390799
-5.7166851041304935777 -2.850152213935750023 -7.0787466540986239139 0.98572938218897154794 -0.0041511241065117143387 0.16828652131992480334 0.046588836151602357194 -0.95392006228855041883 -0.29642198823533955077 0.16176237336088752916 0.30003213649867099821 -0.94011363761657640303
-1.3791118507402859716 5.6070450809740410847 0.84800479395373995484 -0.94619927462703701249 0.010303199514173961085 -0.32342043345323107095 -0.083486055933727473799 0.95788091960428778382 0.27476211951932821842 0.31262919115134191195 0.2869808145814990441 -0.90548605781767566025
-1.7180026744459140353 -0.78285582717979151912 4.6447383366383272474 -0.91461227813509005102 0.0049343543869064402166 -0.40430190802321441801 -0.38550230744862207244 0.29094980024206101854 0.87563473246029166486 0.12195225146032048769 0.95672559591870764972 -0.26420405462045920553
2.3488778721717302744 -4.1440089258255641269 6.993162833945103074 0.85422763332900675248 -0.0043004091686388960791 -0.51988138737428901681 -0.22759877081273860444 -0.90214713810826863138 -0.3665096734433682113 -0.46743336421540526704 0.4314070556725444483 -0.77161778254149993028
-5.0077868709145691994 4.9865955770080496734 7.3666708061817001152 -0.84715931685213252678 -0.0070580518468067888344 0.53129208141538819543 0.050484743835901547959 0.99431886775247468879 0.09370848345351900921 -0.52893514017354870127 0.10620815945807840497 -0.84199016879889065912
-0.10088266714444107941 4.9318917766286798354 3.2072801739115344155 0.80962548714518611792 0.011623882899187799184 0.58683171004229950363 -0.55575340000925355088 -0.30641659721137515238 0.77281758994712901334 0.18879811689489811588 -0.95182653582466314468 -0.24162267434406328737
-1.3395740337838908385 -5.7800487267479248032 7.3275116052858901838 0.94264656831201665277 0.0043843340284819244321 0.33376372610709087452 0.31628156445219945958 0.30787939496988897536 -0.89731613723404746175 -0.10669310773153342642 0.95141529090514875833 0.2888347710967302806
-0.12696487849416265847 -1.4853341934150243731 0.059157328367990737183 -0.99153518231626913693 -0.01045259908862097159 -0.1294168667569343123 -0.10593763874739674236 -0.51115904331671124794 0.85293238250877700946 -0.07506796204458790478 0.85942258267274496131 0.50572485154149449116
0.98159896835372051349 -6.4429078436417110964 -0.9159822288548409297 0.69913819400315369013 -0.0087152634226406629214 -0.71493344436357952887 0.39698802172639552355 -0.82689763935958482399 0.39829738214964194309 -0.59464804404939286542 -0.56228492617614533877 -0.5746558670223858023
-4.8402364542575631035 -3.7001285288682050911 -5.4747464945526349567 0.99947808407455351887 0.0037280708723312861938 -0.032088330311242016513 -0.024736422246529887747 0.72718307048181030083 -0.6859977342667354927 0.020776642390730841459 0.68643345161225777229 0.72689576119189425185
7.2189040844327010404 0.17567123966665657009 -2.9949827924368475074 -0.995914257754027199 0.005320100093732417143 -0.090147033990454220054 0.039040619238191590079 0.92551732940340514233 -0.37668754030831602675 0.081428626734036821389 -0.37866788814079199721 -0.92194360415324838609
1.8124093770798366254 4.545652467002927466 0.64800552577805270449 -0.99901155237824013078 0.00065924802041421228654 0.044446412756018210954 0.04189855436750005574 -0.32000089040026019616 0.94649032815182576606 0.014846863532272595865 0.94741701247926168872 0.31965696474216009904
3.1662218809048772172 -6.6541578023520253637 -1.5057142875839757412 -0.88298555959181923569 0.0080226905882507769385 0.46933158639505018206 0.28252545137645446172 0.8075485802067896568 0.51773029651595137146 -0.3748544662623904955 0.58974649387821864721 -0.71532034927116361356
5.9681221750385748948 7.3700143884717199683 6.4537812970275769686 0.97745831593563969886 -0.0068709941505953192609 0.21101665822270168626 0.11987141442449537887 0.84081540766333784376 -0.52788284139547814178 -0.17379897759191040296 0.54127833845008155311 0.82268564817477052298
3.4266727276420350101 -3.6581570871250503885 -4.5964704739950423829 -0.74177488226578014441 -0.0035678797095603752287 0.67063946668384699645 -0.66971652027546257901 -0.048772488250063042448 -0.74101351327756315168 0.035352602587451181781 -0.99880354155573769503 0.033788738745735590052
3.0738857722270416239 1.852288541051168913 4.4242156651688890889 0.99937379297241235587 -0.0046226828507168263305 0.035080660243983180502 0.019341987563203204281 0.90156535705743390263 -0.43221035905120008813 -0.029629536564027721818 0.43261823558107626031 0.90109020236921166802
-7.0352296282863200361 2.7023191768932854906 -3.3041616895309120494 -0.9370992612134574351 -0.0067049476250328355481 0.34899859356519913334 0.17122107755680177066 0.86244186900556629727 0.47631645487680168705 -0.30418467619760763965 0.50611171322494685754 -0.80704560992730489666
-6.837971273861348287 -6.6984578890969297404 -5.3604954967577826963 -0.9029818988108315736 0.0041192251653340622095 -0.42965884420562677759 0.29550957077099654358 0.7318719835130444995 -0.61403378842823108652 0.31192592710898975339 -0.68142969683808829462 -0.66208442381951682076
-6.851973312102168201 5.6338619508925225077 6.892655086250068841 0.9662824079418353973 -0.0047891056520317628817 0.25744003684202837468 0.14890770074183989902 0.82606480969488638166 -0.54354707877370322944 -0.21005905065466617954 0.56355478407233250415 0.798925028139287563
-0.30494795034495253416 0.96220803543516464362 3.5421381031062160183 0.984894499006529478 -0.0071628756255729163563 0.17300728030769499388 -0.16649957150081051704 0.23518059679669095496 0.9575844503646737671 -0.047547013751889757871 -0.9719252955362243096 0.23043546033583556243
2.9854967665850993264 -3.6790748321717585689 -2.7852861579133905146 -0.68985450118715263557 0.0099334430706549022017 0.72387988913958600801 0.63662466389486849216 0.48440160209809079994 0.60005343529181986995 -0.34468798138693818034 0.87478935441255978311 -0.34049050044575235319
4.1260759611508008859 -3.5339786648943793956 -6.1401274949216793075 0.95889690896605872528 -0.0067101357148585134144 -0.28367532859595223638 -0.088526363732457938327 -0.95689671471785320289 -0.27660759260459494291 -0.26959191549382810482 0.29035091086633840751 -0.9181593258576236094
5.5358378591554719961 1.9512649327478934769 1.1916099810628466571 0.98332322094153956638 0.0051070641039876948919 -0.18179483230593193599 0.032073885673591207013 -0.98880748028653520088 0.14570872584415933693 -0.17901594625820183015 -0.14910964028380127577 -0.97248115979676374998
-7.1065518762470754055 -1.2315980375496875521 -4.2758841131248672696 -0.93499885939152338477 0.0077592160150535376129 -0.35456582957670873535 -0.28206567437194268733 -0.62229635286289086693 0.73019600420344321634 -0.2149792740654726253 0.78274328089129918684 0.58403498862816161097
-5.3033718401685643329 -7.0329417014969779487 -5.7176729320061827622 -0.9196031338674817146 0.010667342404864246092 -0.39270381203534682202 0.39283103040430600306 0.015497204527174606586 -0.91948008037338158083 -0.0037225975580797328324 -0.99982300656556544194 -0.018441740957947247437
1.2968162858825076356 5.0456563027372807184 -6.5939447687910979212 -0.99999235374564798828 0.0038442030908887201909 0.00071732344388591561674 -0.0016372602041288706817 -0.5781515082567191266 0.81592778655928432929 0.0035513137500215964312 0.81592037332272648875 0.57815338152395912008
-5.1644310665279489214 -5.9546406164404741546 -1.9509590957721061333 -0.99371866919371387716 -0.00086587396214412443163 0.11190378348492867333 -0.11185197537222937858 -0.023707304680509831002 -0.99344204627654619788 0.0035131326907379585578 -0.9997185673813747675 0.023461541544140280396
6.764759302920242412 -5.6416428694925739862 7.4737778751519732268 0.97778360682373621771 0.0012265620991348765746 0.2096132480837410994 0.19469162793695926617 -0.37589496492498480906 -0.90597910867493314235 0.077681324898902004428 0.92666146509362368189 -0.36778273596307081705
-5.7000896969541603454 0.82057810137236275594 3.9758168861287250806 0.87102156026646715414 0.0044778997665628813424 -0.49122437843079591602 -0.063392399868162821464 0.99262219182834288134 -0.10335660563777908372 0.48713739867719829668 0.12116572412890541655 0.86487919509394950435
3.400390589374213679 1.2503077310540762213 -6.5586698700089405278 -0.59641217260574008741 -0.003559927347880508311 0.80267044749691907057 0.1174388919470371051 0.98884223599284626349 0.091646816501782857323 -0.79404069607662186581 0.14892400489487819804 -0.58933947240964834613
6.0541382110703008124 1.4457996714830176899 5.5815570104708482901 -0.94542123472701622422 0.023754861750842765078 0.32498368492955559406 -0.31847970845438178245 0.14356861017551339477 -0.93699451944771650069 -0.068915631245821881712 -0.98935522473752612882 -0.12816737125538832376
-1.9406311493014865022 2.9802646596502362364 -1.562294858175368395 0.98003509680457667752 -0.012005756329113742575 -0.19846176167274162672 0.10355238593630400334 0.88292834142885001647 0.45794589993643380899 0.16972952718420883378 -0.46935424331381475627 0.86654398727656867241
-5.8819741228037472069 -3.6840951479996366658 -6.5375729434022700204 0.96742869795901731411 0.0035003525409368222224 0.25311946171236082703 -0.25219292530952319709 -0.073252026363780919915 0.96490044515357631383 0.021919005207511013666 -0.99730731881695122709 -0.069983348341064940956
