1125 14.717824617146108679 14.977075390850430381 15.033177056927090831
-4.465253092032326343 3.3103720198999129209 -6.8523677434064440561 0.99947494621826971084 0.0025695504878739481441 -0.032299060237879206881 -0.024302828450330396515 0.71873689263726214804 -0.69485728872301477654 0.021429055305240168883 0.69527740979591279302 0.71842196445833061969
-7.2440656884209939648 -4.85472359773444051 -4.3821602885649051373 -0.96827542892175522127 0.0056587032043375826151 0.24982128176839502043 -0.20928888359789465934 -0.56460108098448158476 -0.79838824049044998521 0.13653152364463666535 -0.82534453316743461304 0.54787365753624650555
-0.7944985119546925656 4.0826224020769901202 -3.9263739342096339868 0.96567675781697515092 0.0011985840898902674727 0.25974403324848316377 0.19487009067993682487 0.6578257429201961326 -0.72752384133437542069 -0.17173831014199555933 0.75316920764710082459 0.6350134624414784934
-1.7076667632614730419 5.6023176782602206458 -7.2839355474042895011 -0.99939019061158562707 0.013525894808436220856 -0.032191568445013037103 -0.023932344299812738364 -0.9366577482358574569 0.34942739670199018942 -0.025426163800908511275 0.34998473229442150778 0.93641027191886894165
3.1972030297184286241 -1.365635620535182948 5.5621293132680378335 0.99481396283656853274 0.0082421043110846841512 0.10137675799700425483 0.042063995432740641789 -0.94082029848624504353 -0.33628527509314320998 0.092605613402684042179 0.33880559864430487282 -0.93628786529226826207
-4.1016119862610338487 -2.5797422439719790432 0.93544421261838184289 -0.87506529121043130637 0.0025433219006761789011 0.48399821036083634507 -0.48319237928179581409 0.053327940013188947221 -0.87388858295432958467 -0.028033207500444211335 -0.99857381416079082914 -0.045436515596826085317
1.0126420102827458081 0.59087892067098757298 -2.0828202339146892896 0.96937189002380608205 -0.016192718955808354381 0.24506312387716722156 -0.033361088336033802026 -0.99725722272349703879 0.066068672688152932371 0.24332113886112102796 -0.072220686638604703056 -0.96725332555897347575
6.4913528006526641789 -5.785549005928450228 -7.5067994488279925491 -0.81048906368321160798 -0.011454102393360549722 0.58564176865076167378 -0.068389908761772658097 0.99482122143009388271 -0.075190144114533286057 -0.58174762399984480954 -0.1009927766266807414 -0.80707506530656536459
5.7541865308281918701 2.1774743392736080061 4.0369197791294748612 0.6992240885464219291 0.00793433711032309405 -0.71485853166285184823 -0.0029712677357874436521 -0.99989752007613497131 -0.014004317681010800337 -0.71489638799234478395 0.01191619235700636624 -0.69912885707511618349
3.082716591806941242 -5.7956420917474682497 -2.5738234078667461269 -0.89161425355566603645 -0.0033556411957730396256 0.4527833505424869176 -0.42796278288109257382 -0.32036414507487748216 -0.84511222392013751747 0.14789144439428503208 -0.94728852744171554434 0.2842051485324951221
3.3317928100158908933 -5.1178031346521049016 -4.2257510593243035046 -0.94890604828047919739 -0.015939824188776159641 0.31515588768345331738 0.31260067863584811709 -0.18391055550566257071 0.93191079148708644286 0.043106000198810001667 0.98281373086583490029 0.17949663832070289482
5.2756327840590060418 -3.8633736350507041912 2.9864331273757600549 0.6085063301031528038 0.014582897517930772102 -0.79341501455693386191 -0.74395718149021916599 0.35839319243827572059 -0.56398761663961116675 0.27612996638069026156 0.93345683280681024385 0.22893357760000579426
-4.7343686848740089701 6.6683773458085813246 0.20516835631629140591 -0.93125110738030236757 7.0318522099908215006e-05 -0.36437805924389732315 0.362778704755194914 0.093770139947224551147 -0.92714549679680102745 0.034102586107933194337 -0.99559387096828511066 -0.087349056727413901258
5.0146161459268698835 -6.021388113825250521 7.386081813018399167 0.74777526541844940855 0.0049161381360318095329 -0.66393371959425528939 0.30415016262643479461 0.88634476363344416594 0.3491212376152580954 0.59019050399233075055 -0.46299977490881094599 0.66129144666468120395
0.88552592442591826494 -2.1991226168129860419 7.509065611543874752 0.8001227744811649778 -0.0051910658599996070336 -0.59981380326882904885 0.54312208900071157203 -0.41816615010858515511 0.72811775650842314178 -0.25460153612283259461 -0.90835572532928021694 -0.33176487768491347286
2.0810485187486587044 2.1782339481361856492 -6.4018934022621714064 0.99947996146584172639 -0.0066949765213818440007 0.031543365668599672447 -0.031322887219873044029 0.030814602652283633322 0.99903420211699045517 -0.0076605068066975950947 -0.9995026951202240495 0.030588871876932662019
6.0550055113444933852 -2.0399255602421599853 4.9978668094961262724 -0.99527653471175259181 -0.0015274477252553045163 -0.097068462209014785835 -0.092941288712563532859 -0.27385905020600781468 0.95726858168056061515 -0.028045254583089491984 0.96176862473456503633 0.27242352352848347996
6.3250302349902156607 -2.0042543812301625294 3.3273218547785674559 0.99216763823372122744 -0.012054054496692881079 -0.12433051681721726811 -0.1124312295507941678 -0.51988196743355197249 -0.84680691929107176907 -0.054429736941622612612 0.85415305402946406499 -0.51716531595691384027
4.3051243845683817568 -4.7542999640057308497 4.0237659392760996013 0.88837002423981104027 -0.0026694762665386367016 -0.45912043510226802079 0.45724536593234915705 -0.085325141603507501098 0.88523798808218034928 -0.041537637937593852033 -0.9963495842859930729 -0.074579692462226662708
-5.7295391909059159019 3.8204774271847363742 3.2163886379804313975 0.99165352171300902295 0.006593015753910641194 -0.12876266934656394048 0.012669661209471879543 -0.9988411642507732946 0.046430682557880152694 -0.12830733634069313442 -0.047674529271045026912 -0.99058788943748032896
0.6166743157448678625 4.8466592125443792582 5.1181971427571228972 0.97487590105687194075 0.0034687681942298462939 -0.22272167650634575042 -0.22009590322247662986 0.16885451278914753726 -0.96075280217926417592 0.034274931411340983645 0.98563488227533813113 0.16537565697165840239
2.6866810081779575192 -3.6630426415112671279 3.6754939678118314639 -0.9918664856842015487 -0.00058133803875635103008 -0.12728132864720384521 0.11774276154181369247 0.37565192394107432827 -0.91925093099978361089 0.048347871521465558831 -0.92676064552036541144 -0.37252810529393137751
-7.3243819490369981295 -3.1765890882715197563 5.3485512430211592516 -0.93941319690722113744 -0.0085933175393768969352 0.34267915076675636854 0.18704752170327251792 -0.85058920806181814722 0.4914379144443123959 0.2872561054203222608 0.52576054817987516454 0.80066208594909149543
-6.3183187685319728288 3.732194025479630195 -2.3130510168532993909 -0.98231165847360535359 0.0098955205126948931477 0.18699166906774047914 -0.17880296460635708433 0.24703411500493155373 -0.95236739017655214212 -0.055617492526555845078 -0.96895625530648765711 -0.24089514280605439644
2.7761126833885438892 -1.2265227026757492546 -0.17694575189526856596 0.79814962843238868029 0.0067682355525208112712 -0.60242124931038887325 0.14162848816592837897 -0.97402166215237118152 0.17670080078387154221 -0.58557539392725321825 -0.22635368926816615276 -0.77837360270097222248
-3.0141666249728995552 6.4921599149550246466 6.2346947465037434455 0.99304227585854432103 0.0058544491775622577168 0.11761277049037857645 -0.1163917340538644235 -0.10292474006600635383 0.98785599260531009591 0.017888616534618449749 -0.99467191742159621892 -0.10152720862558231585
6.8166754781275908925 3.2674148767073813993 2.5074221071978826103 0.81402787032787093935 -0.0053209553113787496498 -0.58080144091095331493 -0.18605796902451510189 0.9448762500411189702 -0.26942773478384945962 0.55021910044281963081 0.32738442165572545495 0.7681655954057683422
-4.6416042707757405594 -1.5989918191734620034 -4.1855225152350685747 -0.98489198281332801521 -0.001701393563155705925 -0.173161449086827679 -0.15134555624845671962 0.49440993756499551637 0.85595171373198475351 0.084156430495592182695 0.86922719636294876189 -0.48719788208627551329
-5.9599624676985900606 5.6767408804961414504 0.60441546258177902828 0.98374438955519871719 -0.0064423399702393021465 -0.17945883169829282555 0.11124060273878687288 0.80637912863575333944 0.58084268886066037219 0.14096987026000501464 -0.59136384498576444191 0.7939875934311435568
7.0793482114174759445 -4.0987248851876003641 1.4970638294803959578 -0.99886970211986148005 0.011133132995250042546 0.046210080465109153181 -0.020741494655547698667 -0.97683150608668123382 -0.21300234532920578334 0.042768079058251216862 -0.2137200553668502645 0.97595831332474380915
5.3242296151358532441 4.3950905874147752073 2.830563588297946076 -0.98359596600946086475 0.0015974005315205470987 0.18037855737695657199 0.035297559121515116598 -0.97892528301558434656 0.20114515304342697744 0.17689843970450791488 0.20421248390917684512 0.96281057505907907679
-0.53105201294144877 -2.4512022236668187247 -2.7779799356191352544 0.30975800112652046581 -0.0088713181988836539021 -0.95077404279446431357 -0.44703739940138559339 0.88118283273798114763 -0.15386480697137575047 0.83917074798557023119 0.47269241056027000436 0.26898762187897734544
-3.26978267862713734 -6.6631457705503533973 2.8685280296564816815 0.98072756572969688182 -0.0075271601640616806611 -0.19523520091900004036 0.18156221162666438818 -0.33400041453596884811 0.92492101630302392401 -0.072170666667828925478 -0.94254287167736827691 -0.32619676565391314549
1.0056219016319709603 3.0414119317824219735 -7.4915493056693298612 -0.89585511591018285316 -0.00074744901113680704483 0.44434564543565130412 -0.30165778499535012003 -0.73322519310629319378 -0.60941233737595301712 0.32626092632939363014 -0.67998548331144026413 0.65663806654537415497
-4.0421229442674784238 -4.3557309441164138164 -2.9882723155510926283 0.81999585912179295821 0.00076523776438649701581 0.5723689417101325283 -0.54083418258116555677 0.32838319623373884992 0.77437901791247842898 -0.18736375843519867401 -0.94454427680365060649 0.26968672785759784105
2.7384902907887358481 2.8564427478343930034 -2.7596455058301425645 -0.99929213782820025536 -0.0032558417274178002437 -0.037478297309016396499 -0.030791937785490223339 -0.50154586170896087172 0.86458290821061500875 -0.021612030028601181275 0.86512493207458829314 0.50109058269016304443
4.9626633942701481317 -5.987498054709219808 6.0814128483617393428 0.83491111374503168552 0.0075969621626237552464 -0.55033237076418561884 -0.32670349659950920218 0.81153087718248306803 -0.4844403582371655248 0.44293143651662153504 0.58426014885938648558 0.68003810260899644202
-0.58777859281638999978 7.4573733169399556431 -5.894913916695547762 0.93947967819192601535 0.0048563284284498875812 -0.34257021227561540444 0.2824466880049302242 -0.57691475362785393788 0.76641583718082129106 -0.19391184259712895832 -0.81678992594223320811 -0.54337134096299732899
-0.051048381016904592622 4.8645548802073612649 -4.6331344369570484076 -0.99759475864810431833 0.00012677343675011919829 -0.069315809497514979665 0.038823286506637529059 0.82945101532860321392 -0.55722864750052492067 0.057423426775339250772 -0.5585794456466680602 -0.82746090720848508582
-6.164007915822304895 -6.3623189032760034678 -5.9802999040081816773 -0.99670368351595461931 -0.007484467606501653443 0.08078211442218105609 -0.031796167144092557511 -0.88003568127473785765 -0.47384196040261139515 0.07463759790350112111 -0.47484858895014686597 0.87689682776901767269
-5.0391743422091401783 -3.5649613308938845613 -6.8074260828492016984 -0.97133167892312588521 -0.0064444607308947344376 0.23764098646147277516 -0.21247191513280197506 -0.42484824899517237284 -0.87997707390895474333 0.10663233468449778707 -0.9052416441212933762 0.41129929607054965812
-6.3700420862363591468 -6.1551236680082945796 1.4036547561440566589 0.96494979977470207722 -0.0026463009868148458514 -0.26242119008536940461 -0.25526341832466370452 -0.24162492704903340557 -0.93619334642679974401 -0.060930051534038652539 0.97036611220702073677 -0.23383142881235971511
2.3945765218483545667 6.5725441483139830368 -6.7629758817292993101 0.99143732802846173957 -0.0025528918487237829346 -0.13055844413543482574 -0.094077726757118382284 -0.70734692602109339177 -0.70057812382100737025 -0.090561613943638125113 0.70686194478957331544 -0.70153031658534525938
-0.62507536405035735161 -2.7853550288458079898 7.2934451979255161547 -0.6947560893912611002 0.015588488980911809414 0.71907647386429152103 -0.69928772689221863068 -0.24852135997694982383 -0.67024906464176325915 0.16825769305349635996 -0.96850097193882711544 0.18356256721289698763
-1.4401404165010287528 -4.5499810005997867179 -4.383403903992495465 0.93851903664239189062 0.011840285261213076215 -0.34502438392784595678 0.034913968527417738041 0.99103227100363033841 0.12898082272567296114 0.3434574684899346364 -0.13309712797157072228 0.9296892609169036259
2.8246676653947400126 5.0712533047195300639 -1.4967717526750647927 -0.93134987305483285525 0.0041263822177812882822 -0.36410216551219770631 -0.19122359239458161517 -0.85649254912201122636 0.47943096584420480388 -0.3098724764683155608 0.51614289326537676761 0.7984832885283905668
4.257062991846016331 -6.9240448315170475269 0.70791877446403372875 -0.93379010539378304312 -0.0024895355679971330198 0.35781257842810393344 -0.34596282106332065798 0.26158484074375748518 -0.90104555796860319461 -0.091355161379246319076 -0.96517727558497101725 -0.24512662275577781767
4.1411512313543799024 -0.25839878155968348805 -0.60736320601168147792 -0.99079097761829137969 0.0031618938928295089313 0.13536336689534642086 0.13444504144935345846 0.14151740393104558779 0.98076365920350816463 -0.016055201645987289549 0.9899307181876921824 -0.14063926794633840878
-4.3806430456314107147 3.6530283761198578674 3.9880828580728313604 -0.58043926208407770062 0.0033488760449120881339 0.81429665850994870091 0.76455708571311353783 0.34640331965402082481 0.54355975091842867464 -0.28025475146212791566 0.93807970085803238369 -0.20362649415276065645
6.5946364615419916788 3.0694284177367863187 3.9448862050787636413 -0.76254929782218927592 0.012328815439652186098 0.64681262255830895835 -0.23590137986104922629 -0.93627571093518380252 -0.2602658873010106344 0.60238617793779969389 -0.35104955978141350048 0.71686477051579311492
1.3654253924933714703 0.71865552820609701623 5.5761364022985366873 -0.95594783256036219843 0.0031807511862636224723 0.29351937626801860581 0.27181031903661945215 0.38713154056985837892 0.88104955635946891057 -0.1108282089001761811 0.92201900908707856708 -0.37094211811829613801
7.0940332781246793203 5.3484535750962143297 4.3633511664983881673 -0.76315746705697451446 -0.0058189551434173663116 0.64618636648912097797 -0.64401743184401250009 -0.075502754582983250264 -0.76127582487006950629 0.053218680520521637056 -0.99712861447832767947 0.053872982395854633608
-7.0027340237807731427 -1.9192279746567739718 4.3852400432790989981 -0.97550494514086216746 0.0064979503541412429735 -0.21988151047095266799 0.096755143236517363037 0.91035800541632394545 -0.40235151824224946182 0.19755643310979326133 -0.4137705627708935241 -0.88868744624938433851
2.8173954364476094803 -0.3743856999557859111 -1.5309264894395437917 -0.99848199334485499001 -0.0015492734115856773153 -0.05505732210878706151 0.0041353512116062748211 0.99467427934436358772 -0.10298532362086668113 0.054923654614757400072 -0.10305667257784739688 -0.99315795037897225406
-2.8135179639056189238 -2.3436286939421426823 -0.4303835830149002617 -0.79942317230804393891 0.017769206145564916954 -0.60050549280566856147 0.47011498974043797183 -0.60384669301651083817 -0.64370883771661879802 -0.37405145100406850256 -0.79690239467949675056 0.47437546875422370585
1.9044603698380415668 -2.0701320427406066926 -1.9913687732003022557 -0.80020662211190296542 -0.0066821823576903418077 0.59968717709075658462 -0.58609188231893338816 0.22070464985449053663 -0.7796061589112946999 -0.12714427792102636627 -0.97531779742376001341 -0.18052569518048244834
-5.6789535452184161102 3.4283485974349674485 7.3807150741651970094 0.85063947300671793883 0.0058604323882386483158 -0.52571678905562735373 -0.51938015317660690684 0.16454324577862800005 -0.83855219083531695734 0.081588868413172643823 0.98635246012816768513 0.14301077214742677346
-6.5452454977092582311 7.3355058774042198877 5.1190382659534536813 -0.94301623704970372053 -0.0092526226378285402613 0.33261804766889291329 -0.32325565954508972411 0.26251791670628460418 -0.90917001819260723217 -0.078905989840978615901 -0.96488275577005766515 -0.25054962060376234634
-3.4164960276080234003 5.9744672035772232732 5.191016880549591761 0.95502211859484231748 0.0044596251352152366243 0.29650103665628579908 0.20681359775325988681 -0.72658402917075515237 -0.65521277791140697389 0.21251091449380865583 0.68706314141994595523 -0.69482612999473247761
-5.4449967048574796635 -0.11392750821940364481 0.61998774327961203578 0.8982738646554014883 -0.0014585652607584623404 -0.43943365445116433499 -0.19756785854673758474 -0.89456854006638708565 -0.40089159182081890442 -0.39251879616926010907 0.44692840557604446294 -0.80385570529975514109
-3.4912965244789169184 4.4541469873989898431 5.6965647570606146033 0.95081811385729397834 -4.2368893511308437783e-06 -0.30974976084392158437 0.19678789939368424022 0.77226340770945167691 0.60405608329455373617 0.2392058465277076551 -0.63530247055634481157 0.73428287048788176694
-1.0683813761001974552 1.2063656634074604312 4.6575618907583802297 -0.92556724758578556855 -0.0010793368396649931015 0.37858170218377712457 0.33009487694676981073 -0.49194446134273916993 0.80562275238950342704 0.18537163323952454697 0.87062591391835120191 0.4556839646113954867
1.3701744901324766079 -3.8515646077230294431 -1.5450315479795984075 -0.014577656532109390872 0.003380260708253004804 -0.99988802661480180589 -0.83831461627251857571 0.54500531562145526632 0.014064497445440608467 0.54499183119939198505 0.8384257747600258881 -0.0051111783407452246464
0.21265670991655691302 2.4594573881492234335 -6.0392648004470972367 0.81372995138570702878 -0.0031590038382372366381 0.58123453692349391631 0.40073801829032562605 -0.7212735390327968954 -0.56495444293133278979 0.42101378470845440827 0.69264312787015436257 -0.58565594891502614772
-6.7602055999670538355 4.4318389336649062216 4.1726399721545899268 -0.94712805236992070324 0.0042790924280169204824 0.32082727717878800622 -0.3120744961621457203 -0.24461777084097552359 -0.9180259555339009836 0.074551735453506434714 -0.96961014617045915287 0.23301974848520062844
-6.7409027356759576577 0.11605915063876288962 -7.2207523702602829374 0.99788538908362589552 -0.00090551890752542038565 -0.064991770933047240955 -0.058097242821507091848 0.43593612777033069472 -0.8981004414214385223 0.029145507888064862284 0.89997715112120002523 0.43496168432390225345
1.8714898637621950606 -1.7704051605267607794 2.7269927562628026863 0.98334271216318402953 -0.0044534870032107015669 0.18170656809579247004 0.095133935270737893242 -0.83922008842406026208 -0.53540561964301991438 0.15487622411309140413 0.54377367501464424215 -0.82481728010841970367
0.43508339581648858285 3.2379921750934643754 1.1214769753166138333 -0.96672023046751875963 -0.010779761990918479767 -0.25560867109000112718 0.16203162663044107239 -0.79898273883020864972 -0.57911340428534674452 -0.19798421143228109309 -0.60125733241503742654 0.77413943979149801855
-3.5444794416563678574 4.0325639989673440766 0.54809133056203862555 0.92969966831531469786 0.0048754147149973944136 0.36828624338379872816 0.027720404604485354705 0.99615022229210070659 -0.083164378167013650045 -0.36727388404690869406 0.087526938474494234144 0.92598538278858877337
-0.98427994743920455001 -3.5660579616253240687 6.0748893264253496227 0.99913858195508131743 0.0029847550584783761815 -0.041390642491343367093 0.0064830864674431196853 0.97393628403186960352 0.22672909878522257143 0.040988579366221598865 -0.22680212936246330058 0.97307796731715945349
-2.5183803732874192605 4.5613383000320117944 -3.7739992665884707357 -0.86869908849688481922 -0.00017414297401330443293 -0.4953401491085137609 0.33984745631752616424 -0.7277270908928623605 -0.59574909787191943078 -0.36036870019349337424 -0.68586678798058642315 0.63223504257981566479
-7.1826465310339511205 4.834390712387881095 -0.11339967342533181782 0.93010045912265493229 -0.001863846934049991598 0.36730050641732742145 0.25137759303386847387 0.73234304203929667665 -0.63283724171165700589 -0.26781045845949080775 0.68093332628922886851 0.68162112899213544992
7.3352970553302805357 6.4787236800660910063 7.2459295295314962715 -0.96799414080176415798 0.0028804138219741884375 -0.25095626429642453603 0.053247921148017976489 0.97952634802552673854 -0.19414631703221232883 0.24525905134536543639 -0.20129539671825780189 -0.94832914169780391234
1.5099705839062393942 6.6438257943099072733 1.0346995884580254543 0.99901268356171091245 0.0097959231124939791929 0.043332412500419095758 0.0201745543996749363 -0.96904725108677725043 -0.24604961393156696281 0.039580872116566107044 0.24668089721628425059 -0.96828812319004120557
1.8378923159089350925 -3.8885053167717695821 7.1372036051798035672 0.94929056674820833095 0.0092371792339876242911 -0.31426437024067821469 -0.050900089456019544099 -0.98186648714559232598 -0.18261265649960911617 -0.31025247908166536659 0.18934855674191253261 -0.93160642080413236243
-1.0019420092882447282 -1.9569302624426181403 2.7063252267790494088 -0.89903320337564296416 -0.0023164216675643188592 0.43787433519082413769 0.43787232115138424726 -0.010853634592217968266 0.89897165082402819003 0.002670130621020706807 0.99993841450695775119 0.010772074808035585897
-1.941420698405347256 -1.3983066324432544825 1.8472631326752448899 0.45157175349907763273 0.0014562121236004789415 -0.89223361900798348056 -0.65394984049205484578 0.68083828238834509516 -0.32986184889292125 0.60698645583102839307 0.73243232634883370658 0.30839962671327386667
-1.6515073296084223919 -4.8023142430208309861 3.3349287470376403064 0.99708331022825869017 -0.0092609849699083115343 0.075756891579277035875 -0.076218009005022707703 -0.17233844223016198116 0.98208465848565063006 0.0039607534215760475255 -0.98499426165192793814 -0.17254163829417359932
3.0696722348829426075 -5.9094991517548658422 1.9944778279101098573 -0.96522405095713104117 0.0048216705765467392925 0.26137957637670083955 0.21933424221994740622 0.55897822759250614943 0.79964731680118106283 -0.14224985639292409001 0.82916831377612820742 -0.54059678669576360921
-6.4398242805223659957 -1.0452913793614106996 0.33322314857980628311 -0.83521524308524608404 0.006690286224187181989 0.54988247634217490845 0.47461144187393011773 -0.49631080208611455529 0.72692473267522272895 0.27777594741157307645 0.8681191322640393615 0.41135106081872879757
-6.9700183098161421213 -3.9609906972580581908 -2.6263971824419511947 -0.98749031156050182112 -0.0062514216023558059204 0.1575557180871941243 0.13008737234719897069 0.53237388312713629368 0.83645401793518292521 -0.08910757616409138715 0.84648624814111050885 -0.52490082070633292677
-1.7106117907119049448 0.34820326175254434631 -2.4725535646847878191 0.91116140060900396858 0.00097773371423806728839 -0.41204847539703903792 0.32805545534035435162 -0.60681211112018074161 0.72398803858856353166 -0.24932813772547823827 -0.79484470548312891047 -0.5532245239536307535
2.8494594082687791925 4.807548300175024103 5.669565807315120054 0.99351345641056365565 0.0029508651701238963055 0.11367631383056037153 -0.11068873380815288932 0.25417030121696321254 0.96080459105233395611 -0.026057938124512090849 -0.96715497743332567993 0.25284824200826550022
3.2124899398688269159 1.5405204707968169764 5.3699732054532844927 -0.79302850598291152462 -0.0039704603012164088952 0.60917158842437280075 0.088006017426733196274 -0.99023554847052075445 0.10811336384509452613 0.60279410215693762787 0.13934774483363224218 0.78563444197322418461
-3.9877429730890772142 5.6680485068463806186 -0.75027443547555427994 0.99687544588296717052 -0.0040886704736389639647 -0.078883636891663749813 0.042522992901974338009 0.86937830042016372989 0.49231409266144660064 0.066566812077393372471 -0.49413019896812432341 0.8668357433779811938
3.7903483638484667395 4.5147982634073207109 -2.9715926506384753303 0.97783376004209054955 -0.0019402835134783328816 -0.20937376392894455068 -0.20938242590315431224 -0.0072907255162972780041 -0.97780665013307299649 0.00037073547946318667623 0.99997153990576048699 -0.0075353788140275889534
-0.74723882305938715831 -3.6325203687260443353 7.1395986984315937818 0.92826681607507588456 -0.0020309170289760690789 -0.37190938889732311212 0.24635190946472945717 0.75250761243343078366 0.61077248622782431831 0.2786242180375349542 -0.65858041923958465791 0.69902816575377257902
-1.2325793730652951918 3.7750982327269495542 5.5059970009189624918 -0.96433277849643317392 -0.0012754693365497823954 0.26468975328714250406 0.26444933049600133357 0.038240425355084130266 0.96364112690819914153 -0.011350943461688836958 0.99926775343085239012 -0.036539198621435398096
-6.4350535352616358153 -6.644838384962575617 4.8997261278023760411 0.99901967914669864701 -0.0033101072909636707585 -0.044144352609973278034 -0.018748227835555637821 -0.93499032158324091313 -0.35417736022876183943 -0.040102177380443283783 0.35465778115715373975 -0.93413578971907273996
1.5201654128428776502 -7.4381754179907364488 -5.8237962168597681156 0.89277059472796060913 0.0027807235989047024427 -0.4505029775322242358 0.24155715849135789286 0.84113030629652718595 0.48389042872420967578 0.38027727301359054435 -0.54082536497993305424 0.75026470010503476527
1.6092382261434323709 -0.13738792274402678029 -5.1521516069644883729 0.987354517981228752 -0.0041214500916454529719 -0.15847419181472024996 -0.0021147024731788446189 -0.99991546273300657699 0.012829474700054483566 -0.15851367087927767385 -0.012332114043019478528 -0.98727976536929296092
7.0325488776635989296 7.4376180627602899165 -7.3469712293044908691 0.9981414991463166686 0.0016937068789567842099 -0.06091534321396627899 0.041187265300010558744 -0.75547872620107492381 0.65387728469100003803 -0.044912769442290272071 -0.65517098960098973937 -0.75414442749804133648
-3.9803485729360219558 -0.45412800186434393312 -0.93084396513021538944 0.9703273197481482315 0.012448608923478678839 -0.24147448040329314023 -0.0035445630681890851615 -0.99783417217758774154 -0.065684099350676733442 -0.2417691639205348797 0.064590997598156577042 -0.96818163296276704699
2.00226060262467076 5.2469599791519225818 -0.68056748011937384657 0.92116221038557233314 -0.0056641476826877479311 0.38913763579020566041 -0.081652741378145848872 -0.98045192636938982567 0.17901633976809189219 0.38051676964723080143 -0.19667724197157754329 -0.90361775685706469119
-3.4263323803155976144 3.3471055842729158236 1.910853237118495862 -0.64356499548777856834 -0.0050495650371124405076 0.7653748091463670189 -0.19393870960281342497 0.96842029593231071516 -0.15668410048220504649 -0.74041331261704013134 -0.24927220526820115243 -0.62422070950927088795
-3.9248482664346511228 -6.5480525258469652883 -4.7591582347812133591 -0.84565801652234562358 -0.016748366722869813261 -0.53346228667418538194 -0.45843381748990108537 -0.48904340317200223343 0.74207478382961589158 -0.27331475275435329619 0.87209864237140510834 0.405885456626229435
-1.8011584921955869909 -5.8015231999019363229 -0.62150766091460951657 -0.99498255483060038529 0.012415861930855764256 0.09927518297754429899 0.064952847999461632567 -0.67456490290442072677 0.73535251363282927439 0.076097589445858648816 0.73811112858562999417 0.67037386489819561497
5.4849916551525064179 -4.9541763420399522744 5.8817774080755231836 -0.68420318066990648553 0.0015856937210280185394 0.729289718244118923 -0.21400274905055099994 -0.9564119941569555472 -0.19869303166308110997 0.69718636745132656074 -0.29201640879929374739 0.65471947124859919409
-4.823653168866460561 -2.5363854892445654166 -6.1437056838857273533 0.98457600662878030917 -0.0076616352391492307736 -0.17478954921930944799 0.16562155030947572909 -0.28117026688834395598 0.94525805105845250864 -0.056387846597380004987 -0.95962731326450312341 -0.27556456664946149537
-4.3748502915080402786 -4.152268485886059679 -0.68238079110152494167 0.84556514847835673176 0.001532883707218604067 0.5338700496808401752 -0.52571597302055184109 0.17652147009272839417 0.83214354909906440572 -0.092963946719623602455 -0.98429559628382068404 0.15006626451823731894
3.1020973507457698659 4.0089162467174439541 -4.3821168648742210294 0.98881033957223918307 0.0047646275171904679813 -0.14910201433749065147 0.068539192018571309939 0.87324279184416930821 0.48244109034124049717 0.13250091136420061311 -0.48726206995501275543 0.86314493781223422531
-3.4003624464806994077 -7.0744239968573880972 5.2194524288481360941 -0.94037908191127184132 0.0048845671284538242155 0.34009310976199097487 0.33317488421051333347 0.21437559149650337043 0.91817079146631430664 -0.068422794702824196733 0.9767390883825662895 -0.20322173700311482736
6.9489238071270928998 -5.794495677555153712 5.7474829296814426982 0.95573615059237670977 0.0062732953495136870026 -0.29415821629920513303 0.042055440048324711777 0.98659419575940399127 0.15768079418932831604 0.29120396702861900406 -0.16307218849115451276 0.94265991265546922317
-1.7472614095390819333 3.092794682700748865 2.5025426708663842668 0.85471427091159501988 0.0037640489510954314514 0.51908510577318833779 0.50931859846800942027 -0.19927598877582092252 -0.83718793920598666425 0.10028998132729183279 0.97993617763247164998 -0.17224113159306742027
-5.7395941783133190839 -7.293708546671415327 -6.3937359759412695226 0.99985224561225261031 -0.0052144802363207880952 0.016379747861695315853 -0.0024177723889708996503 -0.98606748190709314628 -0.16632821619344936859 0.017018851924240095685 0.16626403796759145481 -0.98593439353644451995
2.1449733846994929465 -1.1503947288771982915 -7.2198082394541263085 0.99327041980265717847 -0.0065466262318287817001 -0.11563310438598549401 0.037626275610845652531 -0.92600554220409048156 0.37563013615929896627 -0.10953600562655246842 -0.3774531460887715073 -0.9195275884817923906
-5.1423050962098022509 6.3709484650271743789 -4.4921672933141554296 -0.97641221700138158823 0.0016752480922006957043 0.21590825837452556901 0.047841308028138365693 0.97679259882256908032 0.20877602384310520178 -0.21054783716924485582 0.21418079379214219338 -0.95383237302688284043
-1.8021869629486391151 0.70117434056376615192 4.0630817995237986651 -0.80301633413762774083 -0.0040223600464640669669 0.59594344339683358314 0.51887897171912877869 0.48714619145650484011 0.7024622415881648374 -0.29313713482904002472 0.87331117522269696707 -0.38909923080777797377
-2.4048442026054095422 -4.1172160109062510003 0.23541388255473175151 0.48163238443188516325 0.013271449918994185704 0.8762728541290079054 -0.44847530223285980711 -0.85530939434763575413 0.25945277648882320021 0.7529277186778607911 -0.51794759248184951694 -0.40599278551313422447
-4.3387003552077203494 0.82133504084160757763 -2.5899193716111446051 0.96020347505190550841 0.00050780785570531724454 0.27930096424729217164 -0.27928876929332685508 0.011265572174440560693 0.96014106788022346439 -0.0026589179942713599136 -0.99993641248567100011 0.010959066581302592813
6.9359378584059303563 -5.4497077144138490468 -5.3414050757768833932 0.97896697196586957013 9.6382827203314418163e-05 -0.20401876999493576137 0.201271366170174687 0.16310327401706684047 0.96586083840523595523 0.03336922174537228919 -0.98660899687534586722 0.15965331917893188507
5.2476422217275136006 6.3362272444015221851 3.4889795416474940204 -0.97215734121754293628 -0.014350508629933788826 -0.23388921911652751917 0.15909040181433811711 0.69241531132505196311 -0.70374091872870914166 0.17204751659761455262 -0.72135643030658080921 -0.67085359989189874419
1.5339611444728062928 -3.7785925204605836925 -3.9297618546771508896 0.746089799971265899 -0.0032163589552617181423 -0.66583756683883521532 -0.18777871612375857113 0.95838227250833407656 -0.21504086475038991511 0.63881856903951683702 0.28546991921532205438 0.71443527423653296893
3.4871088059746440102 4.7818288582763965877 -6.7775205150517239261 0.81680826739980150197 0.0017158078439515681013 -0.57690667383105664889 0.56941902550434531083 -0.16301486624188987751 0.80572211511044256049 -0.092661899943397213475 -0.98662212086888689822 -0.13412890408587421764
1.2707095896589524209 -3.0482746461647556302 -5.7370464142390549256 0.8881199104856669635 -0.0060131915632704339633 -0.45957248190729482751 -0.3091880335801820423 -0.74765442695368711234 -0.58772069705548080076 -0.34006732346695373037 0.66406076482791820403 -0.66586598961522092122
0.9128510823585631595 7.0728878199036415708 -1.1141057871533706081 0.99957045332942984217 0.00056145901365407813177 -0.029301767769973709188 -0.017357383839899678118 0.81694216452018530994 -0.57645834286199593155 0.023614191853644939112 0.57671932913052459391 0.81660099519315543226
-0.56232858404471564029 7.3856406925234940886 7.2631925981399119152 0.99681290069207639792 0.0014597030144437245572 0.079761583992274287525 0.053313522383500754065 0.73157870621622023144 -0.67966923201068596416 -0.059343991649580450642 0.68175542966518065668 0.72916927031865597097
-0.066601504367871391943 -5.4615333135903849637 -4.7907357102841752194 0.9307077770899382374 -0.000366532431819401993 -0.36576344721438408536 0.23225968195006907457 -0.77192000946708183573 0.59177270900646583573 -0.28255702752661565613 -0.63571956446087996007 -0.71834682539639049814
6.4103219920258904807 2.5326503737373196046 -1.1155675217121787668 -0.9962120928239672768 0.004869611649819053853 -0.08682023378065284458 -0.069366130993730457099 -0.64659913887269926391 0.75966959494245123174 -0.052438592489690225018 0.76281442074162209011 0.64448766747404961919
0.60228623684640958391 0.95525337645700858502 0.7171665816550231165 0.86039338770028206405 -0.0030462573585620699237 -0.50962136799572588242 0.030185539536300411145 0.99853112969010549005 0.044993513340692063707 0.50873573847782338486 -0.054095317319919095089 0.8592215343202256328
-0.48030162915999469186 5.2015647374684297333 0.24123607660149265497 -0.89933357888254217283 -0.0017526339467549782031 -0.43725969648343593343 0.38133837558727678996 -0.49246281897587046439 -0.78234354041607567787 -0.21396298090775689449 -0.87033171848466250875 0.4435566960384256241
-6.1908414757386021066 5.2013868144324781895 -6.1763455196266727754 -0.97704599210392040209 0.00076665630357019339675 -0.21302709112124176838 0.19059196592378702118 -0.44356208123304474711 -0.87574390241525879031 -0.095162134479848267676 -0.89624332205624845926 0.43323443518598619972
1.469951668330864214 1.1753969988956378678 7.3984623522568337961 -0.70503988615526169692 0.014817229842013288424 -0.70901284094856709128 -0.49009846409179352866 -0.73279164559583553906 0.4720380277475278441 -0.5125643905159873448 0.68029174171442163832 0.52390923997402305545
-0.77678852298045164559 -1.90963874610347073 0.51518771721726497326 -0.020326885874357020212 0.0067541026875395232532 0.99977057358553667044 0.99937017071255118683 -0.028955534557827285885 0.020514358595837570154 0.029087447477798237389 0.99955788182349525339 -0.0061612729095082575254
-1.607991076447613521 2.8598556258901988159 -2.4740655084844327405 0.83562751169434557053 4.1545741733308924615e-05 0.54929651370946130928 0.54709806806650951305 -0.089441769281845329154 -0.83227632059642053797 0.049095474509483823244 0.99599205226825149317 -0.074762732701600873031
3.8953518885530580285 6.1314442638321668966 -5.5296978615729637241 0.98600971190578445835 0.0033971124461248149162 0.16665325575772335642 -0.064308237165277240543 -0.91463804634951373362 0.39912616401668321586 0.15378328472338370636 -0.40425945109168620606 -0.90162353426629859854
-4.5975730677345438835 -5.3445042692008639662 -6.5834156801982386398 0.71339104029171096499 0.0054217808522320316486 -0.70074519472052654301 0.66215036621816947271 0.32214878192439566629 0.67659223674366297807 0.22941254575258201998 -0.9466735269337273051 0.22622802048890730542
-5.0628396256576557732 6.1873273292968162806 -2.1240158652374283577 0.90760958537014646552 0.0094928686638535084152 0.41970790555907466768 -0.1124763017803773052 -0.95769676113162727216 0.26488864689839586308 0.40446745491086477653 -0.28762266802608449368 -0.86814703752051602947
0.019906753850057603422 -6.3498947795772240354 7.0426516449808174158 0.97811840271377281653 0.0017905441006016609325 -0.20804130413117249976 -0.19079839646701132749 -0.39095946201876480286 -0.90041472164977010006 -0.082947948608749280663 0.92040615654706758875 -0.38206301157242861244
-2.8946368086520224416 6.9546083951763479902 -1.8310724036142715931 -0.9829201652613384077 0.00086009795942136590963 -0.18403045659395433908 0.16693182544517887189 0.42512464542682076862 -0.88960822922470494944 0.077470732384603502307 -0.9051344077440386382 -0.41800716446191232833
0.34552243011582317589 0.33839170367458099031 3.225862219153110555 0.7960724871981573747 0.0046270021823236577585 -0.6051835969164833795 0.52862802819353615913 0.48153903958902172233 0.69905118636609597793 0.29465403939901807506 -0.87641242814239705972 0.38089401788861004805
2.2127773062684639171 -2.3345722332085965256 0.76839487278128082437 0.72550109387233119307 0.00019294791266828877074 -0.68822098599297409915 -0.5900911027444240009 0.51479978648207291858 -0.62191130420649576305 0.35417602015373372826 0.8573104120498685754 0.37360166506457265223
1.8600512707983212213 -2.9623614922657455217 -0.71708273712611536599 0.13716814954752851174 0.00078967470859331659327 -0.99054746234770985058 0.96034677457239869813 -0.24515449732055641374 0.13279060588778326957 -0.24273230382100455249 -0.96948370221336144237 -0.034385750310090182347
6.4251668246153261776 0.1998691081436672623 5.0382902840573882131 0.68345817051285662203 0.007977415176578782699 -0.72994608705465591214 0.71891397644049948035 -0.18088085519925925504 0.6711518536821395875 -0.12667921549241692447 -0.98347266208548889121 -0.1293595736415859565
-1.0258448047348400767 3.8766645072598433508 4.11857932960829487 0.9346797916695157582 0.0024956826740025919546 0.35548200884536323985 -0.26770133595505801738 -0.65300890546356260558 0.70845985356483387463 0.23390100848987863125 -0.75734611701211707047 -0.60968613013103534204
-6.3674364672267511622 -5.4813698132116384087 2.2030389879274778764 0.99772775582526229687 -0.00072370844804157822075 -0.067370627887698569802 0.050491114994736026322 0.67009991472797680867 0.74055165355860763654 0.044609108514779532983 -0.74227055749756587488 0.66861382494658749831
4.3945412144442475011 -5.5610731783551932139 3.1107171463575138404 0.98494303659588533506 -0.0074082100933355815933 -0.17272038989260007913 -0.14164043363814982079 -0.60741426664325726126 -0.78165586816523136005 -0.09912215806884996927 0.7943506952861358883 -0.59931775434930101287
5.6449357336982899369 -0.14180627802529299775 -7.4238175109604451762 0.74282033262228008841 -0.00047797123307561934641 -0.66949064592893947623 -0.60827192671114527212 0.41727455868874635536 -0.67519419861719198739 0.27968413722991181114 0.90878034431562915163 0.30966928999713211335
0.97706332210391100279 1.7328236707469066857 -4.8985407860020933057 -0.98871652421210376449 0.0015744164640139925171 -0.14979037339794762373 0.1343453539978554101 0.45165114428779512545 -0.88202186465115672842 0.066264323803164340565 -0.89219323303661091096 -0.44676646507382355988
-5.2450195412018709717 6.3551135136902940914 -5.6725441518696833043 0.98646491827634996685 -0.00062638913695782895766 -0.16397125555014754883 0.060331092001049628493 0.93123151581585650316 0.35939953156511861287 0.15247007689383459961 -0.36442759443810396336 0.91866501188631211061
-4.4487793538036202179 -5.2137431008633230434 5.0204627196790170274 0.93057662211235558924 -0.017568503664884507764 -0.36567539985205960162 -0.33838691313607394129 0.33992837535316977604 -0.87746395746386784964 0.13971917333086053548 0.94028721532778436476 0.31038444757269728624
