1125 14.717824617146108679 14.977075390850430381 15.033177056927090831
6.7388913436332256168 5.6997921503358357498 2.1401519044606054365 0.90427454322132450049 -0.0067638850214528142141 0.42689788046000620714 -0.42113630236153848374 -0.17859364503512126232 0.88924042012632031895 0.070226528570928481443 -0.98389966958653674034 -0.164346204313831179
-0.54259720033354996716 2.1898583646838316596 -2.9629920487365040138 -0.99043451134291871085 0.00018253051963863694543 -0.13798349692442890557 0.10979634831244418358 0.60670644516553140502 -0.78730683427227210469 0.083571769384964800231 -0.79492594376911496212 -0.60092304273071939225
1.917112424547831484 -6.9194182765744942643 6.8480537476696854426 0.99996817209837818297 0.0045170025574074621974 0.0065765855869097354647 -0.0042696519002170703339 -0.39336296033933754179 0.9193733471803862134 0.0067397969358576614862 -0.91937216518717601588 -0.39333115439323346196
0.2829808235049824372 1.9796063756679889156 5.3139086554350809521 -0.99819673587238111345 -0.0025672558111235568336 0.05997237440139446818 0.043510438295803373354 -0.71922683354005767509 0.69341156874918330466 0.041353576061223279448 0.69477058883737086159 0.71804158001715956416
-4.8009767873477837696 -0.70008998810443479055 0.54699329126133966472 -0.015669268884472196957 0.0068949150206260162443 0.99985345634224576106 -0.98306685471081478589 0.18248794375176169424 -0.016664619836685486826 -0.18257610243864191846 -0.98318391490712686576 0.0039187097639738471128
1.487160212416656524 7.3157757529290572407 -4.940311956711774144 0.94884434398515238307 0.0054116547044692625557 0.31569783794125011456 -0.30727990626031892463 -0.21413164561588582391 0.92721448303748699171 0.072618662174943587884 -0.97678981994040159353 -0.20151470806056406837
6.4741965618553081185 -3.0436445180373863373 -1.1368658565897931112 0.98379730678489285545 0.0055527315812728319372 -0.17919828775626295281 -0.0054175011710459177947 -0.99814311467121152877 -0.060671025338370626612 -0.17920242700324154339 0.060658798261577148714 -0.98194042606960285635
-4.2345149843664700029 -2.5793498580651217367 -4.8606974686883894776 -0.96055611965820331122 0.00069522842032770232334 -0.27808534237667620337 0.27225210370573260654 -0.2014100496939575935 -0.94091061419783006414 -0.056663330427202680817 -0.97950676799071234591 0.19327637839414690824
-6.3000225643465110892 5.1058928735647866048 -0.091784351287152260435 0.99669561333444800511 -0.003487547898639988507 -0.081152272731954216978 -0.023494666397397650365 -0.96874990791098392062 -0.24692431345136189869 -0.077755096365324960495 0.24801502561778981937 -0.96563072240737513052
-4.170214243459136938 6.3102237100441538331 -2.5194201612652040723 -0.99365472975903235131 -0.010433009071304880436 -0.11198852775692777484 0.099639871329874174499 -0.54353653099074783484 -0.83345061972498324376 -0.052174458011737250007 -0.8393206728064961375 0.54112718849723395742
-2.8414868845497545102 4.2104929818562375488 -4.5175570681552761343 -0.85952556396639212544 -0.0033646121352306065586 0.51108168062794256947 -0.096408842679460676761 -0.98095905522519633024 -0.16859616551096981429 0.5019174632760987631 -0.19418550758741093265 0.84283500680831235918
6.0984256541874408697 4.7805192711726247623 -0.31618402001997986117 0.94508337138873099725 -0.0020625245866201912665 -0.32682283750802476607 0.18313414658915000421 -0.82490719036363990835 0.53478033961555593301 -0.27070150623433741899 -0.56526442774914109624 -0.77922834987166078591
3.6679932167935156428 4.3588474124911575913 0.38292815263934393277 -0.94702374522139520785 -0.019216677110025344455 -0.32058812409025366774 0.046749678027815932957 -0.99582462404915650378 -0.078407816841307279021 -0.31774281044762886506 -0.089241455940433978 0.94396793851834326361
-6.6999922385830945615 5.4221529260668308581 6.1310714530563812374 0.99252658737274468415 -0.00048678550105170532991 -0.12202760506619307612 0.12155685761736025052 0.091785960670139124518 0.98833155762132307576 0.010719315486763619089 -0.99577864029304152815 0.091159178428430520658
0.22905350759759465773 -2.0980648879999685974 -4.3508389911532123762 0.95889119587666349354 0.0025884161400958139235 -0.28376217960127114726 -0.16709429306799644666 0.81337431412055771762 -0.55722681410082219866 0.22936253332717981834 0.58173492694760120525 0.78036997832756105353
-4.1318575611842494055 5.085931157151246218 5.6309789400387648683 0.98065800626935339945 -0.0040639776977297488447 0.1956868897629814863 0.045966687135764121297 0.97660433871008267559 -0.21007386626216137393 -0.19025493006385629791 0.21500569689621526481 0.95790167130473558021
-2.0906071609815537471 -2.0159222835202719182 -5.8191756193512516049 -0.69083070086115416775 -0.012533027880468727844 0.72290792356969924004 0.62334395840733802796 -0.51691246475475227662 0.58672294424049487027 0.36632670154490826198 0.85594650942296923724 0.36491138752026680558
-5.5730045686235838431 -3.853187347008697472 -7.3249403056562201186 -0.87773376846475936741 0.0021052549055743802198 0.47914402803167427392 0.10901202511437677045 0.97464330610152904999 0.19541444228139878692 -0.46658312236636567683 0.22375431565321737826 -0.85570684007407815663
5.8547062062396619808 -5.8608169435372996503 -6.8936556678886580229 -0.8869296027301623031 0.0098799306292552003389 0.46179894626508521949 0.27868076446681327996 0.80875521305358255564 0.51793053286603374374 -0.36836518743906465634 0.58806240513185426 -0.72006228644024705687
-2.9178199483151892046 4.0529482562324998796 -3.2834722620406506799 0.96401637105265414185 0.012923242010960948878 -0.26552857879758079429 -0.065256878895668155027 0.97976123188463459801 -0.1892338982649489354 0.25770909199935532197 0.1997521421954396581 0.94534919769865100037
-3.0174915064793936814 -3.3543758139188435408 -3.727162539300955757 0.969515871126481521 0.016122227147626590898 0.24449754482546784407 0.18224974250778333551 -0.71441254698491074571 -0.67557364074272119314 0.16378036203931101156 0.6995389814029836506 -0.69557257458007348827
-4.4195018459604371586 7.0683667307919506584 7.4033366904917814466 -0.99262233916493980423 -0.0010185369697261088817 0.12124295597207648822 0.090735447575082728289 -0.6695200504965728161 0.73723129378536278455 0.080423692676840435878 0.74279328521833365429 0.66467297604965425162
4.063663753474032525 -3.0649348610281430538 -1.5840156015597832706 0.99961104670938083494 0.008261164302169058532 -0.026636600027600966512 0.00053792473352811493933 0.94922939521729299273 0.31458427470623473443 0.027883076115049171273 -0.31447624460336531804 0.9488557454357992027
5.8228007801845116376 6.0597665593414147267 -3.3397184603855238905 -0.94183074370414221477 -0.00060363173621693494431 0.33608702123488343183 -0.21599439623763358465 0.76722651018641763176 -0.60391216485601273423 -0.25749033187240027987 -0.64137595659322121922 -0.72272789575082574398
-4.3638313106676385189 -2.5189333518997840677 -0.5889761939922734113 -0.97670239035919392823 -0.0048498991148227220405 0.21454351340726912634 0.21045977671839580236 0.17374614781812480757 0.962038958931483279 -0.041941900889278807552 0.98477853073521204319 -0.16867756920494092476
-0.97931175244801238478 6.7974847313262847237 4.2405492075125241769 -0.99513735785451595817 0.012162087603682822726 0.0977431461911183741 0.065281712394347726769 -0.66164442673631318481 0.74697051521171575761 0.073755928772395853987 0.74971910486118120698 0.65763312475651614086
-2.105759676761481014 -7.0791696679120423852 6.2985899930158675275 0.93629518936423394848 -0.00034660973496961587637 -0.35121389242920825202 0.2321716739985334732 -0.7497266032537482916 0.61968244623065438237 -0.2635291865548981538 -0.66174761067594389807 -0.70188493900240889189
-4.6140223008111664882 -5.7521421995139547789 -2.5030216854301423623 -0.9982229495839435307 0.0068279305028876849035 -0.059197316568127496261 0.042336087508598553575 0.7803651302020147007 -0.62388934857010536206 0.041935648537767107602 -0.62528684851826232816 -0.77926744988608420694
4.8661649577108700981 3.8317235625860304182 5.1759313716602362021 0.98893259903610275519 0.0038535785854327247318 -0.14831542231318561864 0.06999544570408670896 -0.89353845672236875686 0.44349708447611790874 -0.13081648269441104038 -0.44897012850545109375 -0.88391904129577980598
-0.63131695984571523095 5.9769308726863972225 -4.0838575814756516991 -0.99425100426345680571 -0.0080731163510059759936 0.10676968349407015002 0.10606403730848085187 0.062409241549151839301 0.99239886465017268513 -0.014675166468280327614 0.99801799150200931621 -0.0611941837716838688
-5.5614982631007698899 5.3960502243074737194 1.1252029310454945144 0.99934519457578807611 0.013276741823637824499 0.033658731478220890732 -0.0065947602293970550291 -0.84782866365616038618 0.53022925817096344669 0.035576554297659726545 -0.53010403244033243997 -0.84718594391944446187
1.7572139921050524691 -7.3738880702444538073 -0.19334384334065055078 0.99993476686859517066 -0.0088736906280727501084 -0.0071916355775999661615 -0.011083509784890525907 -0.90596812133183890481 -0.42320080215115146727 -0.0027600395816606212995 0.42325290400088722009 -0.90600737383113894019
5.164474605841635757 -5.8024366795295465593 -5.4389875062211503476 0.91752313492357095992 -0.0039226221217050875889 -0.39766306078864627205 -0.34280291663197071106 -0.51468196972432778136 -0.78586807441790040851 -0.20158734391994248547 0.85737219635141070917 -0.47357730065426090205
-6.1760938250143233574 -2.6482467041191473101 0.42058315948099633808 0.99909352412005636435 0.0088366017859829552872 -0.041641860313174752783 0.038904145786555946462 0.20754660873328611981 0.97745121241110854982 0.017279974018682323078 -0.97818521746766529112 0.20701469229436936237
6.9984021379977576771 0.87847968592959557732 -5.3988521298529530412 0.79892205814200123459 -0.0046769290408429971956 -0.60141638766243321612 0.20868062696328207317 0.94000294518188676207 0.26990157276227583205 0.56407086517956728233 -0.34113426885040021297 0.75196507210876206706
-0.69950908050220206302 6.9967012010992641891 -4.9508843983187409421 -0.96910360386337957017 -0.0028264602891029232817 -0.24663782374379508711 0.23272423716427109719 -0.34175753272845399433 -0.9105170060243897856 -0.081716793960106531847 -0.93978391130381522256 0.33185624242929012695
-1.8352658825084735561 -4.4045497218288485186 0.19135376249513905145 0.97955980782179308264 -0.0018343719743552262813 0.20114476871055791962 0.1222734065153439631 -0.78857947642498582574 -0.60265381722866673275 0.15972412766797564054 0.61493011346059889277 -0.77223646546894375575
5.7207682282093212933 -6.7979942826549866197 -6.1892115191605050484 -0.99576642389994596272 0.0017895655063861213088 0.091902265960997375771 -0.0012755803682912587177 -0.99998321844265336544 0.0056511704854323961678 0.091910836837620538131 0.005510017098899760643 0.99575199612321274589
-3.48873652026849701 6.7743574565894757455 -3.828218549057804676 -0.93560344912218362801 -0.0013855837431102967314 0.3530499485176920027 -0.34839691568030872748 -0.1582405805351236594 -0.92389366694251140455 0.057146960856620444835 -0.98739961455807490065 0.14756769983730849694
2.3959479599601878341 1.0641240045670306014 -0.02478024554263725393 -0.86542002435519893577 -0.0066820961387780621749 -0.50100252597809002975 -0.41703286228802000091 -0.54463584981221058179 0.72763684820873730796 -0.27772607586802966484 0.83864601632070656656 0.46855211673030194852
1.6739169507702502671 -1.3892991365606728316 6.9555495523651718059 0.76656743474022337459 -0.010472998485553596318 0.6420784097745330099 0.4570503564232431537 0.71125284285551881869 -0.53406400854501989706 -0.45108684273559090938 0.70285824305653543664 0.55000995489010773287
5.5022498118014837587 -7.0949977821828946745 -0.99875827682233375704 0.89917356702142370306 -0.0094319570170159662548 0.43749049653309657337 -0.17560369230644123917 0.90795842643354207624 0.38049288970575789737 -0.40081197539285418063 -0.4189540954032520137 0.81475593052557504503
-0.18596093048808234882 -1.4545648073267942735 -1.9524630759679277858 -0.9944398760417358929 -6.0795968360862948608e-05 0.10530588417553483904 0.014157521199039806506 -0.99099850378482445823 0.13312223739719450388 0.10434988036240747111 0.13387293154328686051 0.98548928998160967296
-0.72489538977275780329 3.145008230608786981 2.2158057942645417171 -0.95364586931040185025 0.0025746480634937971531 -0.30092013414627238888 0.29600005138320911735 -0.17225605392984155717 -0.93952744582885028279 -0.054254267375069172019 -0.98504884298790029717 0.16350917833479852725
1.8244619342685783892 -4.9942262315607219847 3.1628215198558926602 0.99491388620682308375 -0.0018319720917265363766 0.10071247644202331595 -0.083167725356326174802 0.54913904135013780206 0.83158249303605225045 -0.056828588684614600446 -0.83572899742879946938 0.54619369674573281515
-2.357575193562866378 -0.79910074771394312698 -2.9715518684350850087 0.95457733263538269153 0.0066102121878334751948 -0.29788994799031420779 -0.25949941376236251855 -0.47287707320074612305 -0.84204948067087648234 -0.14643145248140268522 0.88110361407496629038 -0.44968238901284229847
3.4518006034509642888 -2.4387215188174740099 0.49049488713965916364 -0.99956715597486933689 8.9037619512443225145e-05 0.029419258464010649562 -0.029325596681158201673 0.076773471182698643789 -0.99661720008328225084 -0.0023473550149430795139 -0.99704855759126742587 -0.076737629163100395946
-1.1740902011302956076 5.2666141484466733047 0.3473236232098909082 -0.99369201389810368763 -0.011133900864492823207 -0.1115895056296436344 0.014945325653974030067 0.97303530021184636567 -0.23017154859502292341 0.11114323531474526452 -0.23038737116664564919 -0.96673100728726657493
-3.338771366510645322 -3.0438062787731148262 2.7506481065588119783 0.52990803879793590969 0.0033803260994877317586 0.84804837350988471201 -0.40928884941122578578 0.87684196927013735579 0.25225145921114705549 -0.7427517136735541925 -0.48076681907338553179 0.46602913805155565807
5.3580386711973027047 0.96355585583803615712 2.7710112587677913076 0.99962679739494275655 0.010191538205120996563 -0.025345581053925120285 0.024983771458728570858 -0.71632315708472793503 0.69732126440248221044 -0.011048850331276702935 -0.69769425049452105103 -0.71631044647776975776
-5.8321709034353874657 -2.4824867221584976384 -5.8079006225957598986 -0.30517859236177657944 0.00889422121746132055 0.95225360046198714858 0.94548693119222182446 -0.11652737631442058874 0.30409839446146841313 0.11366833204001275393 0.9931476543788581024 0.027152290750956487031
-3.9855837725124660942 -5.1191786905604548252 -7.2328447407418750004 -0.98738134548901745902 0.0016309972187757140402 -0.15835219742268322185 -0.1497384602355475991 0.31583302449316358329 0.93692470037132891125 0.051540975027630005212 0.94881338549141536198 -0.31160341366167670918
-1.6975252444637212168 -2.4909372511566063579 -3.7291607221460187915 -0.76213386727811571753 -0.010770021278309449553 -0.64732988111889855354 -0.32995513001410819998 -0.85380331090576855324 0.40267793391720985152 -0.55702924566413913876 0.52048430613043750181 0.64715879546430865599
-3.6428846994453856212 -2.1422776007889421379 6.7743255323680982016 -0.69982294039271752961 0.013564266949633196901 0.71418755433153491285 -0.4227414643832911878 0.79806556460435351674 -0.42939609789098343029 -0.57579293708003087549 -0.60241793238159357937 -0.55277041197398979477
-3.3743105179253474191 -1.5163610257954374116 0.18325490818478490374 -0.99094859873369256498 -0.0031648860260743826717 0.13420453853808067546 -0.12943248637061036121 -0.24267171160771880412 -0.96143521459191716438 0.035610477948229045386 -0.97010330577819914311 0.24006555350253544479
-2.7856139749025587982 -4.034167231669949949 2.0329133530513021633 -0.92957014519629921345 -0.0009187755593849985386 -0.36864413871792178767 0.08545717320217939561 0.97222002540212870692 -0.21791120612600295425 0.35860342539901585157 -0.23406703753084334707 -0.90366819421379884769
-4.9570196141198037409 -7.056485820995133551 1.409208676504102975 0.78840591388703740172 0.0040226271381567750562 -0.61514220585064660618 0.41276272273570269178 0.73799177313731401107 0.53384930223923576786 0.4561173639182158901 -0.67479771876650618267 0.58017668781140041556
-5.0360754924784769671 -3.9519140176563438693 -4.5498187861760595041 -0.99985530148136958495 -0.0068391171681302185409 -0.015575704671177189459 0.016995021991137764655 -0.44135021991742612313 -0.89717398123576241886 -0.00073846270412237461495 -0.89730887093304168012 0.44140258814104588181
-2.1291994422256137476 2.3460897159969498205 -6.4987205757006343276 0.9798751189729930644 6.492029745205386837e-05 -0.19961149015780671467 0.1813768718816167469 -0.41784943429518967006 0.89022709496265550744 -0.083349754433456088587 -0.90851628826604047262 -0.40945203918335443261
5.4723432047476983087 -0.30496499221588319051 -2.0510197430273273689 0.89499940390988375061 -0.0042735480041710786903 -0.44604686277148680729 -0.36205697351263205208 0.57713759481959370223 -0.73200201132003650528 0.26055865929131322156 0.81663574097220570369 0.51499053548099249511
0.52802914194632954992 -2.3776118486121156081 6.4057943418683853665 0.99989817093043686924 -0.0044201472958199884353 0.013568716510743273826 -0.00035335450641967459245 -0.95819858711095651227 -0.28610372734215294699 0.014266145606224293896 0.2860697990986680872 -0.95810257651942132284
-7.0363732711090927197 2.8265614586261964547 4.0694768392372218102 -0.99781557111596741461 0.001968747428648469442 0.066031886781938164965 0.047545907356584052317 0.71535334769340497285 0.69714343906937037421 -0.0458636319108969015 0.69876012477629712016 -0.7138843150613057853
-2.0420142457396339708 -2.5450345118898218821 3.7535636355027244271 0.35670161817898204948 0.009179746413523266757 0.93417326435965197806 -0.85227395878927791895 -0.40633729745976071568 0.32942237304544874643 0.3826134534465547854 -0.91367703974050362703 -0.13711751271381741879
-6.8350937633188513232 3.753075797395296398 -4.5611527957341015949 -0.97395375584280041714 0.0038272132688510962159 -0.22671443253209358493 0.15264807787869244526 -0.72827936447251706564 -0.66806267041605071899 -0.16766826115782254569 -0.68526966934346633664 0.70872620558159638016
-2.2133141212977442969 5.0781413537924064983 -5.3313056157041245342 -0.9480752013691848834 0.0058138070146883493242 -0.317993100863531164 0.16633573717972729988 0.86125874874511310075 -0.48017266711769251986 0.2710827089390003275 -0.50813341491980967835 -0.81750510552301935974
-4.6365307448105301802 -1.1804823594593574221 -4.837342172645360705 0.93105933623841130586 0.016488601444289867348 -0.36449504581790953539 0.015978342788742879582 -0.99986258703457830954 -0.0044158363303343235035 -0.36451777043804028944 -0.0017126211441917038245 -0.93119485713993055409
6.2394002129465109263 -2.8513832807850034712 5.2955225676822621494 0.97121406621337214027 -0.00025528347478979019486 0.23820825430644598786 -0.18154579761936853743 0.64663021947886634155 0.74088493210710570924 -0.15422179144375383619 -0.76280357503552864706 0.62797001915444072839
-5.3989416856422964841 3.985618401535679034 -2.0901781340676599541 0.93402544468829473701 0.0023454422409806370206 -0.35719877879917460994 0.18223556643127636345 -0.86318461397783685651 0.47085297123356989468 -0.30722413154305860949 -0.50488297762221234777 -0.80666381591399061168
0.047572987431445508399 -6.7596528707553718007 -2.8809983921472501756 0.31193424612489184522 -0.010238077527201175018 0.95004852921470361871 0.88897330245563555007 -0.34973922922790895429 -0.29565002800644168968 0.33529612824432875051 0.9367911471119517719 -0.09999426521933910128
-6.1331590015455770271 -6.275571534046854083 -6.0559256595629227249 0.99935964762246776161 -0.0019801403764644681313 -0.035726373282516037111 -0.035714900734269854066 0.0055543937046370287641 -0.99934658381173990804 0.0021772848635234261921 0.99998261372616481513 0.0054801164184150076564
-2.4087498412097456679 -1.1859267697156992138 -3.9595036040977902303 0.92956037196012797352 -0.0089478379031493922302 -0.36856132607495600828 -0.16190172423271997904 0.88824099963835567717 -0.42990203331923770858 0.3312179744092224043 0.45929060817565298125 0.82422496362937669456
4.8109035831066098154 -6.6007532285250194448 7.0827216465099605003 0.99895595730988873129 0.0077889258457533964985 0.045014753017485170661 0.0179409015773781301 -0.97308020450263432721 -0.22976735985719948241 0.042013324144225996926 0.23033507817815812579 -0.97220400758025238286
2.3995993559496633374 -2.2545898892620934717 -2.0171161737075697928 0.93519145778064527441 0.0028257043771738937429 0.35413126477160966621 0.16772340603703392303 0.87717575325789465257 -0.44992394575499294884 -0.31190671099115235831 0.4801611326327636653 0.8198533346565544111
-0.86896714477058700776 -5.40270476847618486 5.0686024372820703832 0.99276886242742590216 0.00095546587936942185826 -0.12003779771182543357 -0.10765066803947108409 0.44955295834521924458 -0.88674318227641857337 0.053116094220133379389 0.89325316944748123227 0.44640503559743438533
-2.0075315735375602877 -7.2442891602740457913 -5.5339819109515451245 -0.46908589852866777736 -0.0085987450026896172783 0.88311068467433628815 -0.85484325686315476567 0.25557044122188421476 -0.45158250161997975924 -0.22181394455093567109 -0.96675219738987216989 -0.12723506924097344184
5.0384001083194389636 0.61168275259378979136 -3.5695562783539882545 -0.94051712332320536181 0.012283905944063880367 0.3395241469918153232 0.12774183843645686709 0.93880286858904338221 0.31989247668789322354 -0.31481671405531924668 0.34423579067758480754 -0.88452934206156241803
4.8482317654080810954 -2.0265998028722642665 -6.2194931766942005424 -0.97708242554956603598 -0.012224510508895645305 0.2125099880593711299 -0.20996411067148773588 -0.10880576034804696761 -0.97163592911397411722 0.035000084458607451376 -0.99398786102137748344 0.10374548775726261107
-4.7305302002278812878 -6.8058481539060862175 7.0581807077037490572 0.87964980132879388997 0.002884345507950014046 -0.47561319112622391092 -0.47554378802263191917 0.023460397341171144309 -0.87937916476885535921 0.0086216411008517897935 0.99972060612337743102 0.022008566448981761732
-7.1188429345227888234 -0.46246916193415998908 -6.7237197630757501443 0.91087852573725303085 -0.0035510000837603019827 -0.41265930469239792133 0.12551673317626516058 0.95497147528446568732 0.268840158990081457 0.3931232135648809467 -0.29667637551962233733 0.87030871945814125556
-0.87235380164294928917 1.3644302826156533559 -0.44811817476625098733 0.80773659904917172181 0.011063906119738165651 -0.58943971408261786049 0.52221470435362848939 -0.47742257257051512465 0.706653726910854596 -0.27359347417887225351 -0.87860416410436215084 -0.39140941954074276454
2.6522897515357364284 -1.5257990241542034315 3.4702427451064914443 -0.98318718629106316431 -0.004601696745244401518 0.18254254599962901895 0.11052059421747284507 0.78077928142463348671 0.61495439827020337287 -0.14535527154802160843 0.62478999518643396627 -0.7671436025595970154
0.92110587163067336736 -0.7308886251057125083 -2.9169519089356592545 0.97165581229328168433 -0.0096402747082041245763 0.23620340289721492022 0.13405486340504207954 0.84545522715579934925 -0.51694753357798250981 -0.19471588541796569505 0.53395929056287094738 0.82278381120886345812
-1.5036389207130560486 -6.2162777169955347745 -5.8444307854337038677 -0.98557016554920651163 0.0053353849002416671096 0.16918328063812351769 -0.11063138763633822981 -0.77677732550375100384 -0.61998200187826246754 0.12810989364275218727 -0.62975274533048464232 0.76615881832660626127
0.18077610081582282109 1.1899504019924767029 3.892397654693568132 0.85951570503985796901 -0.0038693040613676783594 0.51109468914858224853 -0.34166694263007413301 0.73935806992039776464 0.58018388874337356587 -0.38012689079254941005 -0.67330132402192566232 0.6341678594558111115
5.3234359895684679742 3.8325573186307511087 -0.15789176328369775026 -0.7985028469184136668 -0.012742307022131381389 -0.60185615978808482129 0.58413979779230906786 -0.25806529058395505372 -0.76953427631970838796 -0.14551254275257866078 -0.9660434459213205205 0.21350915786947260999
-0.89299341101175111479 -1.44890196796684112 -0.85322323298891789012 0.9998602528363934594 -0.011414921944158523681 0.012213695381203365856 -0.016347036250257230422 -0.51463503214283401466 0.85725349698744046645 -0.0034998862394148228319 -0.85733335596400939149 -0.51474971349968290379
-4.2630239332613690806 -4.8543676595429303688 -2.4969890683741478021 -0.82104521577284050871 0.0050007776769176491907 -0.57084126154238445938 0.029701580805801364865 0.99898145774064672775 -0.033968561760235729818 0.57008996636868336516 -0.044844612976920515679 -0.82035747752591148263
-3.934411183126576006 -6.9329777027962418146 -6.0764565251888820185 0.94528278915543750838 0.0043744497583600040064 0.32622279613139060217 0.31012313022960230624 -0.32255243051462734183 -0.89430619681724710102 0.10131185825490414409 0.94654149077497062859 -0.30625987921783187629
-2.7882497382809243724 -3.9603257783239977918 6.1984265287776096898 -0.99385938960371567052 -0.0046303106443997517697 -0.11055348895376905516 0.084451715871836766092 0.61381867547005197761 -0.78491690090758470255 0.071494205239404792773 -0.78943346386343271615 -0.60965841645118667991
1.7730379012046451059 -3.283700755555350792 -2.0513992958993441107 0.89243730619781747038 0.0013038498673558602484 -0.4511695407294408211 -0.23232820634451828434 -0.85589190988709573649 -0.4620309980146286577 -0.38675477895334853251 0.51715310940307779308 -0.76352694935515541541
-1.1048108665695595132 -3.0394079367248956203 -4.7081159430220829165 0.60079894307190639946 -0.012157281452836121716 0.79930771953699308874 -0.77461184179449915632 0.23821247506460013765 0.5858594637585459175 -0.19752752860178879324 -0.97113697140583821188 0.13370062906795446289
-6.1346636914791892181 2.5633463923818897712 -3.4443720886796138636 0.99890944478281062935 0.0029268791314363473352 -0.046597795035833625144 0.0022050385948049139664 -0.99987689714669703012 -0.015534746768677080639 -0.046637527040425494351 0.015415055333059618503 -0.99879293006144198586
-0.14583135541663744261 -2.9697994000362868405 1.5324200700975185718 0.81436774900964170598 0.00040071042428506896925 0.58034904049544033811 0.57987068023798482574 -0.04116135804946340071 -0.81366807532553675486 0.023561909369794065833 0.99915243183144097916 -0.033752842727226520236
-6.9585551836162693462 5.2697026869430612095 -1.3462544963481282156 -0.99978454559357143872 -0.0062768695459711051562 0.019785431529176177728 -0.020702679885835881951 0.2324791867008030033 -0.97238100906815505553 0.0015038077125218603236 -0.97258111675040348487 -0.23255904605655078332
1.1980091603086533425 2.4020889497859596595 2.8540817507134739195 -0.76978001685332075876 -0.0047453069120698835107 -0.63829163218365181365 0.63599966659253293066 -0.09069103782245387102 -0.7663416729845899944 -0.054250804118338276372 -0.99586777120311409384 0.072830162237369253098
-1.8440184808173425424 -6.1843829902105618146 -4.6404707343514584039 -0.99687252771940271234 -0.015127914515251777994 -0.077564874014155515969 -0.049113326621725190979 -0.65034421002250364374 0.75805032131021465869 -0.061911587175247792536 0.7594890089347554607 0.64756729432602300189
0.62817364902087402534 6.6008219406258943351 -3.0560020248869701476 0.89587399953700064259 0.0024349252399158268986 -0.4443015283483593425 -0.070860470759253779693 -0.98640252442742626382 -0.14828639009305127905 -0.43862121544379500948 0.16432933682739780945 -0.88351983476346496182
3.1670233240500444971 -3.1994355202207485078 5.1921534980766770317 -0.82846073120371721554 -0.0024669258683076688426 -0.5600417226691547512 0.20703921136751191057 -0.93049848575824156693 -0.30217103262564742883 -0.52037254136808297478 -0.36628743123189183573 0.77139220628144256064
0.67147892617408777571 -2.4218526971961469307 -0.99347951653189170429 0.99993670667622069903 0.0093309245752198986118 -0.0062862141294511572967 0.0080235054313467606135 -0.98308777736369434841 -0.18295913576156011549 -0.0078870781726901283137 0.18289711819652518243 -0.98310042119471818811
3.0869497218908166225 -4.4265866849966428731 6.1715162909980021411 -0.85319348838641340116 -0.0018188530441891918518 0.5215913756463221862 -0.37873291644045525839 -0.68541833499166493482 -0.6219027930968944462 0.35863944202991443477 -0.72814723636830114284 0.58410560071758510503
4.1466087335822878757 1.3353803302409166243 7.388431529840711498 0.99806145217088815258 -0.0012205375188173959999 -0.062224175194608564998 -0.061894463694032383905 0.085156214463630738876 -0.99444330884283693717 0.0065125305765232630387 0.99636686487785697253 0.084915590553823347419
5.8404847129497010627 -4.626953316630162405 -1.1801206295512429723 -0.94105159752307154797 -0.00052874037559233174124 -0.33826263647178006488 0.24238707063168818401 -0.69857469788582315928 -0.67323242603453337107 -0.23594575391353667104 -0.71553693958266195718 0.65752299526540436414
3.6293731685519601271 7.0837696004393135851 -1.7563477584236906193 0.98846753222701344566 -0.0088957106575591107095 0.15117143931623036601 -0.11222033213206167312 -0.71331369005785572046 0.69180212245430572349 0.10167858569636457899 -0.70078844590076172505 -0.70608570251975566467
3.8536474393800137506 5.433337267020571737 5.2228448741726891669 0.55717434657539721687 -0.0019389800865695127133 -0.83039327301856036279 0.030704811411030073082 -0.99926531871264701046 0.022935504667064322837 -0.82982767010654556739 -0.038276143671230715426 -0.55670546499125461715
-4.5108104165481028858 -4.4603967230289676138 5.3326824631258205045 0.88288199859238103429 -0.0019623022735885025172 -0.46959080690668120184 -0.087067551695517317323 0.98196865169240965532 -0.16779990624263080301 0.461452725642840067 0.18903363844320006382 0.86679159290676066618
-6.1919114433182942392 -3.490355229248418123 -0.66934862644988502023 0.99969037740764821187 -0.0047672186180219471366 -0.024421771949129988249 -0.024411585966651168367 -0.37798710543126423644 -0.92548896406081559984 -0.0048191066682990255782 0.92579858595403530241 -0.37798644745086540375
-5.618247830595572978 4.3323765081261766952 3.442809404056935918 -0.93995401310354298463 -0.0057794786353390116551 -0.34125218076547875201 0.34038446721270282369 0.057356730666238711636 -0.93853535891176087524 0.024997354476839678261 -0.99833701878376079897 -0.051945444412219952957
-2.2663534531872886468 -3.0777201973317080963 1.2803096040770669539 0.80067395228426896381 -0.0028361930966703911838 -0.59909363053035058488 0.59175549103528624073 -0.15236097326070136004 0.79158800689286390462 -0.093523585062472117113 -0.98832084357034433175 -0.12031312979602067081
-3.3300441500859503385 -5.1294399609036860355 5.8387724958555615729 0.97157916419956580345 -0.0034106140330289313328 -0.23669029427741020144 0.17136735322468904519 0.69992552161407783906 0.69335235951280937972 0.16330082039594034926 -0.71420769521549021253 0.68061752119154872442
2.2168052127336781432 2.0264952819143320362 -4.1830244844945747573 -0.56876461206795991821 0.0012525827888896865631 0.82249939033146413081 0.71962268287594077787 0.48502325204555202243 0.49688594190787521709 -0.39830893832517016984 0.87450035792529490219 -0.27676544878071690503
5.5796330097824826666 -3.9008052370722521296 2.6760099286164629184 -0.99031363935027572065 0.00087057335368360760312 -0.13884573388744331224 -0.11060759677676572366 -0.60943255090507153504 0.78508466131527721021 -0.083933635998784783538 0.7928374410933498595 0.60362565945188495498
5.6165659911032808083 -3.9708088452725784911 -6.8426859028620752312 0.95976255992433134878 -0.0076598290034510787758 0.28070831050622091496 0.22253237447874554822 0.63044579804706601944 -0.74365142239734194352 -0.17127513210182079839 0.77619547972428226679 0.60678283296342472308
-6.1371246124479430506 -3.384114696474882944 -5.2650508305983478863 -0.99297784545425482605 -0.0042741271479923119425 -0.11822322222845424444 -0.051928421018445483637 0.9136708516822100723 0.40312406759799412903 0.10629410862072780075 0.40643241335227964228 -0.90747686243179592758
-1.4577642194659305996 5.8485438610938480508 -1.8067127475036430795 0.92094071480550010467 -0.0038893489361562900118 0.38968329804899515256 -0.28766001635865540154 0.66781576918673235532 0.68649385533609785792 -0.26290666557174036111 -0.74431644573432909073 0.61389992165470363972
7.1907310066769989376 -4.5823740769651086779 6.1470455780504398291 0.96044221611249214199 -0.0059321201366541956995 -0.27841616235380878264 0.17520452692352520008 0.7899815742890053949 0.58756487814482827314 0.21645813279851056077 -0.61310188568831935907 0.75977098820031063742
1.0849187937329325404 -0.62442765155400514754 3.1679437563707280034 -0.95057356749062105195 -0.021980686222430250581 0.30972042590251791516 0.22303769362482250838 0.64563081093010332712 0.7303526841192549135 -0.21601870291840949423 0.76333328593148508379 -0.6088170616684546177
-3.3765862548409040222 6.215107908727407704 4.2676613290800604616 -0.99902035932008315111 -0.0048216630232926016922 -0.043989467258180134368 0.04112189799506062865 -0.46840836191851575876 -0.88255458527503827248 -0.016349653490274347611 -0.88349892928648121604 0.46814776596743012949
0.047487723279049168235 -2.7644721782466525895 -6.7070009008217947866 0.98263645625874229683 -0.00080664707057977527715 -0.18553960265039759481 0.14312066786593435896 -0.63308800059686765049 0.76073389429542115359 -0.11807653984083403553 -0.77407940989334511617 -0.62197990153901128174
-2.896876222997028183 0.082199909005711419008 -2.1876718722320633859 -0.9964883671072336524 -0.0048148199202993572504 -0.083592773187076918617 0.079958801590370831569 0.24157238360834881741 -0.96708291967442572279 0.024850035577532743336 -0.97037085744925355435 -0.24033908284934535349
6.8907456974084118073 1.4336147241785210937 -4.1773637834384391709 0.79471528765049015419 0.00060896359921640069116 -0.60698207612574361924 0.018030805167777223114 -0.99958187139292997703 0.022604699678985134409 -0.60671451411658428032 -0.028908675962601538406 -0.79439397455828153483
-3.746973863559118989 7.2931624016733449523 -1.5697656572521363483 -0.75863073261220803634 6.1071630038347663599e-05 -0.65152084218897199364 0.50191564101746677373 0.63764533890733388066 -0.58437069662303764428 0.41540353975175814405 -0.77033007083975590934 -0.48376800340829406721
3.6532215495464814836 5.3775005987950308395 7.2437773205472266724 -0.96504450963152144105 0.010003007271136838199 0.26189508257201687957 0.07523768645190052895 0.96778458163848635198 0.24027545459342031231 -0.25105454580076974613 0.25158088836046654801 -0.93470780014105792066
1.9418296916525006335 -4.015516669508358838 -5.3980891604377490012 -0.99770445410482866411 0.0042450710656601886583 0.067585513470314537154 0.064247148487588737198 0.37478556859279049673 0.92488273931659492622 -0.021403882138826376552 0.9271018050603470062 -0.37419796483041645185
3.0753604863833472471 0.57230538939958530698 5.3595358131622763409 0.99761962229882439335 -0.0011073533499821987605 -0.068948263015826766198 0.037162665466160177408 -0.83361202691900548878 0.55109883403215542685 -0.058086362425244841834 -0.55234931188934355273 -0.83158656323660040677
6.3692924900167637858 2.9180273693983469485 -1.5450231387252466586 -0.66616188182210600566 0.00097193525177896545816 -0.74580654498941778563 0.25086899360565789729 0.94202025119245691442 -0.22285105876015806614 0.7023482720520020095 -0.33555461803567282475 -0.62778181166739155383
3.3407806469633039015 6.4241728449716708482 -7.4509592927984433786 -0.96608883629709241259 0.002645029360703162781 -0.25819636752270741509 -0.14764918943110488803 -0.825996069884215256 0.54399467772787490905 -0.21183030293749338657 0.56366966953674391139 0.79837611838146749221
-4.393821464288011569 5.5713578701650368075 -5.9065222033915798505 0.9549338686672335097 0.0078378285898578550772 -0.29671514102798152157 0.20244577730885371381 0.71384988813074767844 0.67039842218301415322 0.21706453814954734804 -0.70025488620838094445 0.68009270001916433124
1.7312013321411565681 4.0057593111968108346 -7.4177839351694787595 0.99897685973718020058 -0.0028810635477013396902 0.045132396152477056994 0.0021141671979721431487 0.99985273236621718951 0.017030674581060219891 -0.045174816067017870003 -0.016917832380646931345 0.99883583382903318171
2.6709975366106486483 -5.4862925528763542005 -4.2789644560270696516 -0.98932897566038291437 -0.0054061569950387636935 0.14559859678390846272 -0.14447800428874041367 0.16549967750169455871 -0.97556955827021696326 -0.018822438620862559644 -0.98619502645940426699 -0.16451469718840652789
4.4844724171803127533 6.5243433222529567672 -2.3582374995695709607 0.99988052306286867577 -0.0076535999665444491569 0.013429892297318595656 0.012619832115041432208 -0.097531326985856370282 -0.99515244063099039806 0.0089263339033269113731 0.9952030258514207306 -0.097423087094894417204
-4.9361043463754414873 0.26135314794451997011 -0.96813721342895842081 0.94165438858183669879 -0.0049249254768027311141 -0.33654532766532929688 -0.021725447428321244953 -0.99869717446725847498 -0.046173137700111416271 -0.3358794685573941452 0.050790735573374996836 -0.94053457341102530975
6.9441494323258252663 -2.0933804343614772492 1.3649744249729729439 0.65457654027135492303 -0.013897482069551651829 0.75586798643577968182 -0.48926529521494271924 0.75442085844232698033 0.43757129618540302474 -0.5763237144388199118 -0.65624387870618772212 0.48702663976026755455
-4.3157946836076526154 -6.067507415541006921 -7.0048763644013272156 0.99589837526245583721 -0.0053666067544033951159 -0.090319575295211673716 0.084182172278333258775 0.42084205301426430568 0.90321942421836931558 0.033163052031912693129 -0.90711805513211551943 0.41956768945333450249
-4.0375871748290883545 4.9881334363947109622 -2.88656771289253955 -0.94451849522839714801 -0.0072744452075806566999 0.32837767070633128164 0.22731738532017850551 0.70717242634552834879 0.66950277501128729885 -0.23708989540422445441 0.70700370710737925339 -0.66628382813460940159
-3.0927864826872442094 -5.1003208725176349958 -3.3645664600610341033 0.99979642889246922444 -0.0060852732410023200812 -0.019237209348647258539 0.018895855246561205076 0.6166904185749665368 0.78697895416095386967 0.00707442071444942637 -0.78718225150681542246 0.61667986466579405302
-4.5233582906525384715 -5.7191453490726162912 6.9458958743697083449 0.97516096957509967869 0.001225215558347161459 -0.22149397794118014238 0.15793653247177116827 -0.70495861916621305188 0.69144008921538091528 -0.15529692568807865194 -0.70924737864167830548 -0.68764163687318669016
5.532448677175652918 -1.2264627367773386357 2.4380670092855489806 0.69145795563598444478 -0.0079994542271752833856 0.72237241386966988266 -0.46092021168284807997 0.76508297052865381627 0.44966721769483064541 -0.55627192455671947702 -0.64388202097840796512 0.52533559655786254972
4.5871825658073728249 -0.33660367451112344073 -7.5150068084536005841 -0.95470042804407850845 0.012732022006268033792 -0.29729612898260959764 0.27550639042840124882 -0.33970481618628628473 -0.89927574563811185637 -0.11244252543209100337 -0.94044592267463300583 0.32080857999585937756
-7.1381785364970600227 6.9061171548179682844 3.2155250285019962853 -0.071391167272992148152 0.0030995839139218370195 0.99744357926397364533 -0.91339709434396509913 -0.40198700162701617167 -0.064126426431370814329 0.40076058848062939832 -0.91564012750777190597 0.031529472215367330967
-3.5522000772024600046 5.9865717350570628597 0.37284906607878787188 0.99825608031630186368 -0.0046117207799510825939 0.058851764145407998996 -0.024983163529759603444 -0.93626599951569278169 0.35040236827243387285 0.053484947897766525748 -0.35126159793281591659 -0.9347484421843498259
-5.8592172774256816581 -5.2264556754563944452 -3.3457682876815688644 0.98391488186487530143 -0.0054022075202972393362 -0.17855621355434170283 -0.12222844206151227409 0.7085790054302076868 -0.69496474803755203808 0.13027552800192490623 0.70561080576872448056 0.6965211250108849228
