1125 14.717824617146108679 14.977075390850430381 15.033177056927090831
-6.3326391453277741661 3.0717589756776400023 1.7010476315768665589 0.95637952625180877586 -0.0058600168065112675023 -0.29206824882097526253 -0.21166569011120731081 0.67516470334212219662 -0.7066471955585251763 0.20133513701311422928 0.73764373756172640917 0.64447333462279465799
0.61949392743083009361 6.0382726302730995727 -7.2072417017135039785 -0.91613522228845389872 0.0033878542693485916466 0.40085505725374720454 0.23420699215770940382 0.81606998414190468072 0.5283719010385121706 -0.32533573321554537516 0.57794316625959207823 -0.74842391548313902394
-0.89969698314748747237 5.1705373478762792772 -4.0429406761562445283 0.99510609134914818075 -0.0035976918713623599541 -0.098746764873250111871 -0.068694461520100835727 0.69315018397935479477 -0.71751229495101342959 0.071027726390428785885 0.72078421116353208475 0.68951082879185787711
3.9445608328158185962 3.0381628523231856143 -6.8216214800240893013 -0.59025378416606899545 0.0087550186378811938742 0.80717025460945179827 -0.44499790858765675416 -0.83780455551822663463 -0.31632323358468045216 0.67348150058494238301 -0.54590006081847952668 0.49841327426967768632
-5.1102822230807820603 -1.5115818864940080424 -3.728575194115131719 -0.95312339741327933851 -0.014656480755185842188 0.30222669782014704998 -0.29623720738039460709 -0.15827003377024684294 -0.94190982231522202284 0.061638512854153476583 -0.98728708286001121142 0.14650907736682455829
-0.19859695192613477377 -5.2808380044870988357 -1.192548269882011347 -0.99101631047131166774 0.0068804879724896298582 -0.13356395945434731964 -0.10680423763459406805 -0.64179419858886133099 0.75940309551707430025 -0.080495510453429425235 0.76684605074481015929 0.63676338403992316373
-4.3830804050572043096 3.8638433828302365391 -0.21755155747824966861 0.69232902449705391312 -0.00073244293723129499235 -0.72158158607760103376 -0.16960834624964518658 -0.97214779160796982449 -0.16174572685000232486 -0.70136547585508191016 0.2343675207855314413 -0.67317036066625302038
5.2540620678822103073 -4.2523559604545493329 3.800025135413067634 -0.9899192056449601651 -0.0057048025135411342332 0.14151827275546549623 -0.050557247610225591883 -0.91912909662863961913 -0.39069894860972848027 0.13230242253822513399 -0.39391516721107794341 0.90957512610636304107
-0.24012137224057827911 3.8556410899451747376 2.7119118278115283971 0.89323645424784048341 0.0011587797899590237313 -0.44958569153414262853 0.4131637398779977044 -0.39640764180333404321 0.81985163631600932455 -0.17726917626261909366 -0.91807387434197496034 -0.35456452219282741378
2.9456018610380447775 -7.2745119430739473287 -4.0162480560473321489 -0.87999043650176078657 0.0040058815669343191337 -0.47497450939844548801 0.20223178854059348231 0.90796425578336059647 -0.36701936450757249863 0.42978964083500120763 -0.41902847532447418111 -0.79980997836879696994
-0.36093359547584108471 6.6048147120130735743 -5.8307554757287753944 -0.90123356404864318758 0.00041136953592215579935 0.43333346721349957908 -0.20986623282923541622 -0.87531245558686043839 -0.43564236411607676347 0.37912297127744587488 -0.48355758278584420884 0.78894729657947526569
5.4400570320407135583 -1.0663938022501553426 1.4899498337611758458 0.96677695952789099998 -0.0019514355140921946577 -0.2556139714988369116 0.25539989266054857753 -0.034248000577149800838 0.96622873548933163601 -0.010639800512624374845 -0.99941145998818514684 -0.032611781447058944827
-2.7327575479816967885 6.8246497018069707252 -0.90693002185435622753 -0.64351979834773631595 -0.00082081027913423866907 0.76542902702011894611 0.76056916421215758906 -0.11319885590863168479 0.63931257258926887932 0.086120935806793100231 0.99357201313820742161 0.07346998791548767227
0.37398652641445662148 -6.5425557709103472348 5.8201685890236705134 0.78130233814566074635 0.0053347514598615563761 -0.62412995188109299249 0.4830136345514082219 -0.6384881344134060166 0.59919173146068960278 -0.39530302964398295051 -0.76961317727821720869 -0.50142902998750082944
-1.932276665370809221 -2.6521882540086751945 -6.7323575880206387723 0.94780800332799419738 0.0010793033608053484787 -0.31883980920156679284 -0.31866530464221881624 0.036459540044363136779 -0.94716583846600610475 0.010602473518563913443 0.99933454710821945088 0.034900580386018870138
5.8357928073945366521 6.2643755138880017341 6.7898600359361607204 0.78019858139181741397 0.0090064351138876667935 0.62546707165186765653 0.02694989458226806564 0.99848396092839009075 -0.047994613767279273309 -0.62495109950794736076 0.054301601221338174907 0.77877304738186303723
-4.141557785640433309 -0.79514905777244515583 7.1487388461084631075 -0.87522071260221390165 0.011007310694789286185 0.48359853529897017799 0.056325103012500044031 -0.99062145080947994202 0.12448543676583327666 0.48043333252666947653 0.13619096999218016641 0.86639242418777973054
-0.032293475257780188126 -0.26361555277042564294 3.4835647606653363795 -0.9751641597500910752 0.017265704983577892517 0.22080932265268715664 0.029359736940383070886 0.99823580278847856562 0.051607052601252242918 -0.21952873931611721625 0.056808251714081242634 -0.97395069441506831875
6.7662376604196428076 -5.09283687311584643 4.061001453889286239 0.98756132266797624908 -0.0033105957055146227955 0.15719947177459447918 0.013883291338294278736 0.9977093691405503062 -0.066206260661908267195 -0.15662020365124987298 0.067565188413067425732 0.98534514619142776759
5.9330606255135727167 2.6053052727607601824 -7.3195134535263397524 0.769082697372725832 -0.0021967597587997395731 0.63914550678880865942 0.23346522857790000249 -0.92992862928174391257 -0.28412449997684219305 0.59498385830783795392 0.36773348866902361154 -0.71467915155312355946
5.1270004824214128192 -6.5765182179710013344 -6.0079187430739509068 -0.8583800356477028215 0.0035984541281258667494 -0.51300172078598993419 -0.42685742905862089636 0.54966595671977747095 0.7180947509073777324 0.28456361267551305572 0.83537679351963556318 -0.4702862566457274851
-3.2251226155606369517 -5.3139856517050878537 0.8124498413108105499 -0.93646285349110958141 5.9223120409392050398e-06 0.3507667658086928153 0.041049125143206327548 0.99313060287486076838 0.1095745178334530251 -0.34835656066157866251 0.11701113450606627497 -0.93003016136334526465
6.1553738491136478217 -0.34933363343113044142 -6.0129221657051150629 -0.97530019972011705587 0.0042908911052574518624 0.2208418182308033717 -0.11551982457801779347 -0.86208676037261411373 -0.49341826853056219848 0.18826760357380517563 -0.50674254394491258235 0.84128907255522999975
6.6606551987062063702 5.7466645388490285029 1.7492009796975236391 -0.96664404737284126412 0.018891245553235500032 0.25542593157358539635 -0.24055617166353870928 0.27541850760248232088 -0.93074022903526876238 -0.087931871089952678977 -0.96113878629026017197 -0.26168725520201757684
-4.5237594366312903205 -5.6929909657373469756 -3.9256609781763187605 0.89206770982246852419 0.016484791916548127699 -0.45160098840404833132 0.34031399030849451837 0.63299562590312330457 0.69534374634979856378 0.29732404728237638025 -0.77397983773680223418 0.55906495301049596858
-0.39893177467692764182 4.8531925784365954613 3.2140205674879127606 -0.99351039167396804075 0.0053196445537391501279 0.11361691343086834094 -0.0032557853308034147982 -0.99982645370256140183 0.018342909756938991644 0.1136947733962015844 0.017853959176968383499 0.99335529124476773521
6.3406157236712914482 -6.754910411425719019 1.9134598730348106876 0.96327046789727777121 0.0078613270657728034213 -0.2684179673827737922 -0.15477775016927294849 -0.80057592643666863896 -0.57889725691409044117 -0.21943986358374756307 0.59917976062854660935 -0.76995438872925636709
6.2594799800051488248 -2.3244392232798825049 -3.5407830276663911917 -0.98822299676912439548 0.0022020539613049668753 0.1530047699090073543 -0.1198683981312096275 0.61037891664261112457 -0.78298732125596892661 -0.09511506603064412424 -0.79210651371934115428 -0.60292652548839253956
-6.1425368833455387119 3.6455413348442218258 3.5550968138255334416 0.88360358715300368893 0.0007698535265489494378 -0.46823509917143585346 0.44589595615375754445 -0.30657933813318166694 0.84094346166405298248 -0.14290380350512252305 -0.95184479656895615296 -0.27123787749582300988
3.4528517989412788047 -5.9123496691363870426 -3.5004849520926728523 0.89756604479626844739 0.001295433525546580561 0.44087812043765023384 0.44009212169487343935 -0.062390434101809041922 -0.8957825395454765971 0.026346150586826863615 0.99805097844980017463 -0.056569645258667373977
-1.1806552704001165299 -6.7483803341798296316 5.5682107764109076697 0.93900110465972530527 0.0064320176476382606712 -0.34385397278018858813 -0.14341206039759057944 0.91607085426297030217 -0.37449588903277891694 0.31258583841928300195 0.40096486020456706401 0.86111397300282799261
1.2828723081760511349 -7.0713843562364999684 -3.8652099990717747602 0.8584679927058816995 -0.005785708988986828713 0.51283450651380380059 0.22356775808835485653 -0.89570773460419261802 -0.38435024614746793326 0.46157357273038385204 0.44460564519783402071 -0.76764292298906366963
1.6510577337753367111 -7.4803107499527792257 5.2802829562891906434 -0.88418857277649054449 -0.0048156918254421768322 -0.4671053166939584389 0.30827686460194692053 -0.7572957193391913755 -0.5757330702866317873 -0.35096430377264908884 -0.6530543641863375548 0.67107678762918265836
-0.17880754568557483131 -2.184605275412618397 -4.1344924829280520484 0.99222010777768432366 0.0038741098739439282228 -0.12443572234087800499 0.10983181720942461479 -0.49786467348426644008 0.86027189819550664573 -0.058619362417906197005 -0.86724607705605250008 -0.49441684051075168727
-1.0857044431520148642 6.2057858180974223572 -4.3467717885583780912 0.90550567734750342375 -0.0079516065398287441579 0.42425963777493419515 0.42031925548957138616 -0.12040420478004310034 -0.89935229523029491805 0.058233939898939261759 0.99269310435037616536 -0.10568447766403923915
6.4025174521010344009 6.6088101761097739484 -1.2790574926661930633 -0.99992973021384423671 0.0037708616543587342163 -0.011239005144306471115 -0.0080990636889438916146 0.47500936535673971006 0.8799434686334446365 0.0086567777847229940985 0.87997266061259848957 -0.4749454461015356066
-2.1626658353646868171 -7.2172375094553977704 4.9940428502370552977 0.93183036130984808754 -0.00074953422999154105388 -0.36289339473130438618 -0.28558955428653037822 0.61546570656049492953 -0.73460232134828229444 0.22389904917974975951 0.78816330937586709382 0.5732955725714741213
5.164479167913141211 6.9673765051400735615 -7.288557850932615878 0.91511583773184490553 -0.00016088281733953654212 0.40319099400778074527 0.24307961532380017999 -0.79760452787938296293 -0.5520319897618195526 0.32167577488257209639 0.60318072849116133316 -0.72986142837569312203
-4.9386336337074059344 4.741850225329648616 -4.3673754516023217676 -0.47942453990921329865 -0.00090929497622283363481 -0.8775826364026756421 0.48662513251856426288 0.83190380310725176027 -0.26670591065279986021 0.73030684710881321742 -0.5549191252411931341 -0.39839261226504230073
-1.9251239161323108195 3.6874031043325268264 2.8079562843757193136 -0.57702210371037288006 -0.0033612456471581921708 0.81672161343843230341 0.11106484197788495105 0.99037923379074921382 0.082544376866831428718 -0.80914157766503025382 0.13833898692563370569 -0.57109739273632620371
4.4034065201538155065 -3.1952672566592736914 3.7099622555268747526 0.99483687937351883424 0.0096490882813464774748 -0.10102711781392127721 -0.084545865937698305714 -0.47186143996932744527 -0.87760969572058622479 -0.056138934718169240801 0.88161991615734536243 -0.46860937191149154568
1.509847363979915924 -7.1419678132622959055 -1.2391296552636377193 0.93181395179873549584 0.0012985224814232006543 0.36293397894454426655 0.041631055837315411594 -0.99377551365853145082 -0.10332997456012871229 0.36054072505477807731 0.11139363667684321069 -0.92606794744501175209
5.3998030483988506134 -6.0861165623575956829 -1.7182619658417095376 -0.89453844886193256691 -0.0039172535606125571256 -0.44697384557966735041 0.10154138539372217775 0.97203769100628623079 -0.2117358597767472761 0.43530484784816381172 -0.23479221108808592811 -0.8691273249946509516
-3.8202239098140413631 3.7745391150978728767 -4.4892136438733531989 -0.99784511530021269277 -0.0057147686932270957971 0.065364113169143978066 0.048374754192220120741 0.60895622608981514468 0.79172735071066124846 -0.044328422354582147635 0.79318324246369387165 -0.60736754510450108313
-5.4752553511482755511 -4.4130932207061608352 -0.14499451786218203742 0.99356648593440455297 0.0029836377712588865382 -0.11321102390524449832 0.088498480123207198811 0.60330724336049101897 0.79258336414826202621 0.07066581241242299305 -0.79750327147571964392 0.59916181031642146149
3.7058621015771242568 -1.352296956975407527 4.6126291760248214757 -0.99930035603449596238 0.0069383957240157891413 0.036751286973920063716 0.0301256474812558947 0.73165201531909473953 0.68101231548583540665 -0.022164020242346045564 0.68164300564470869936 -0.73134914306532605721
5.1830977938218820711 -3.395175398233972075 1.4840153043827866153 -0.99979470680174153951 0.0038277817096698269622 0.019897043459129282877 -0.012145708929605286697 0.67279031242946207847 -0.73973351773165374468 -0.016218076514480185557 -0.73982331917032861934 -0.67260570203195069183
-5.4147711187356986073 2.2351935339998521002 0.040319756708872882267 -0.63269810991734720673 0.010337098424790042844 -0.77432954619024463305 0.77356568319136742584 -0.037925559428519529936 -0.63258026030747638302 -0.035905925633642553352 -0.99922709948148691339 0.015999005162841986594
-2.4602329987173368053 -0.49321245935115493042 3.2059090688642193356 0.99705973754218835126 0.013319742258721149405 -0.075461673970020445856 0.076409748646472708256 -0.24712285333810146692 0.96596679325422940554 -0.0057818754725340957418 -0.96889260489703066259 -0.24741400544794045491
5.6958193553616558447 1.4749799036048301115 3.6683553217004760683 -0.9997832935713436564 -0.0043589101993950218894 -0.020355976948445059921 -0.018847443643775298877 0.60474677422459588438 0.7961947707270594643 0.0088396698889080405764 0.79640588833001901836 -0.60469787602524405212
-0.663645040876733594 -1.2275197942348088365 -4.9989666424147625179 -0.99123105085056650854 -0.0033428673439789211019 0.13209780114502264747 0.033329699684584046526 0.96103267084131294151 0.27441817850600891404 -0.12786764621416152332 0.27641459949419333597 -0.9524940074552398217
5.5112282174852946781 -6.3110206597246580884 -3.6293296820586533613 -0.94857439758492367865 0.0056719128685577867646 -0.31650346230489384558 -0.26356729184471444638 0.53961461004927291363 0.79959261833205297343 0.17532511205237774621 0.8418930466667803314 -0.51036967294107626891
-2.2040929898094598904 -1.5703732532853698078 -5.6110792849383122061 -0.99594341831170385415 0.0029938619733780626186 0.089931887070698698916 0.024063878378153671922 -0.95418174214621220841 0.29825849981571417313 0.086704309460452391733 0.29921269983973519668 0.95023898203327938905
-0.88571157539951728133 -2.2953341305561316688 3.6176262805768457653 -0.77318867666391877247 0.0052012431767445256245 0.63415472666215655373 0.62975941719595818213 -0.11151328616721732645 0.76874434206790853708 0.074715103772381774583 0.99374933161116296709 0.082945278290529056431
-3.9310479170133256765 -1.1863217089717152941 -2.416468472239846399 -0.29992211651579508969 -0.0028373927025985914985 0.95395947148047399722 0.55847960932315188209 -0.81124112524963931659 0.17317148343199426086 0.77339979958294913231 0.58470487077365307371 0.24489378125751390392
2.1222728468185376727 -4.1875151549977003285 4.0688704928049368448 -0.67439435321998475459 -0.00032378549824868020635 0.73837128296531429061 -0.23116009966771583484 -0.94963819137045202279 -0.21154742686269467633 0.70125406570412196494 -0.31334836947652222605 0.64035578757429445496
-4.3103684205571166643 6.2395584554752732132 4.1027214892292800386 0.98624171171133534486 -0.0026989128878777256942 -0.16528763398953602581 -0.10813054933233035015 -0.76683176429269483965 -0.63267434717453940873 -0.12504027503853354375 0.64184247377444370031 -0.75657330674390799174
-5.3245153466120740404 -6.738649796902391742 -4.0462379058169899437 -0.96509295761361224564 0.0080448341213010515077 0.26178400220157244105 -0.25922189630408343231 0.11343339246895092765 -0.95913339736952119008 -0.037411116545853530246 -0.9935130326859776817 -0.10738837107360653389
4.8210841376148598769 3.4168081660381384168 3.1196296683513535797 0.99729804817292788677 -0.0010502093565744954895 -0.073454068442400474725 -0.050293450886513012266 -0.73858423387415794714 -0.67228260298066766509 -0.053545979385540086459 0.67416038635698138926 -0.73664143350676403177
-6.0514474975108241139 -0.68972379940993355785 1.2635957147158207725 0.97702484653043719653 -0.0033009671905198734523 -0.21309986597290031529 -0.13113211891396908682 -0.79752373886972371952 -0.58886352691285415162 -0.16800838268128315267 0.6032785339747538389 -0.77963337139580990431
-3.1095708424698695893 2.8821230945644944477 -6.8719545336735219365 0.90146624902075100927 0.00030815934857509252529 0.4328492889149750944 0.40281424016821187895 0.36541345540378550316 -0.8391744124599156418 -0.15842755377179978948 0.93084526729616112739 0.3292837660107109099
-7.2094584742769658448 2.0313727640420009557 -4.7612924236321996219 -0.88574143544925720839 0.0056183279986992467822 -0.46414496002727279045 -0.29740748876111272603 -0.77458966974918574966 0.55817526740856093781 -0.35638587957023343256 0.63243914956958702245 0.68775709878901603034
-3.812926862982581433 -0.91191816777788459181 1.5621537940966654379 0.98041304518435878901 -0.0021447305588910160062 -0.19694075495740576143 -0.021921035896398752274 -0.99491608150186805481 -0.098292720759712640111 -0.1957287128082958183 0.10068461103839622395 -0.9754757198836375709
-5.0237579991530507684 0.85493017005613891612 -5.1647368674257645438 -0.82857691161854118977 0.0073567667536552170532 0.5598269192489092605 0.54954192416418390366 -0.18053587255778724696 0.81572695940843920059 0.10706995432303528792 0.98354088715345211469 0.14554500396288022612
0.74964382874005730528 6.378924693259230061 5.5570172505226222981 -0.99741908130180600978 -0.0044263717970383694572 0.071662985479222299223 0.070961229837612271876 0.09130464326186184254 0.99329148087495333641 -0.01093984072136253323 0.99581316990262036537 -0.090754892614459986566
-5.1671693794736039962 1.5675510912805248331 -2.6772481864841530808 0.9546358490670505681 -0.0021684045859876443368 -0.29776785202177646905 -0.21751700886307323568 -0.68800195109087680656 -0.69234360410903761363 -0.20336358211685756636 0.72570559686210678318 -0.65726299161886114764
-3.5217811122203444008 -4.4933496189731805259 4.1375296062551090159 0.9274875770838331146 -0.0038899845946434152139 -0.37383373627200111589 0.3549516397087564834 0.32309644547946297921 0.87727875865456339532 0.11737175053340805075 -0.94635804795980704718 0.30104869579245785438
1.0743426249320939814 1.7546321898736250144 -1.4344897893273014233 -0.9829057568812294976 0.0072761987963682866337 -0.18396556748732997844 -0.068846232128912887571 0.91220156900874282968 0.40391644410657950859 0.17075265564993025169 0.40967713437427022427 -0.89610723474331688276
6.4151754659018855875 -7.2993007239636407135 -5.9694581680950289382 0.86344479929345696601 -0.0013140907234526905123 0.50444162371742473638 -0.47984825810674902602 0.30630138133267198475 0.82214664931849645857 -0.15559154143151746053 -0.95193368306779668764 0.26384377058351421441
3.0166092810585576345 -5.7023310043640798028 -6.4070308535365940728 0.99917729659780574192 0.00058970031124646292431 -0.040550982934367041377 -0.0033918728463638268822 -0.99517591837681429467 -0.098047879535882453972 -0.040413180547880026006 0.098104758989698059857 -0.99435518357449981242
-4.6425177541836903927 0.011731646598048050406 -6.2491502568971384335 -0.26934843729871543738 -0.0027664328600102970103 0.96303881862252238566 0.96269739961321332267 -0.027553285937883212342 0.26917379740986802084 0.025790232700556955936 0.99961650810855218197 0.010084672230355206518
6.0304889820691656155 -5.2960003570038729492 -4.0997112510719135869 0.98573386801729501183 0.0008115864014872579274 -0.16830948508973755939 0.14450086193567560078 -0.51683372769989910367 0.84380234582022417555 -0.086303200076725053447 -0.85608541585488939774 -0.50957778446200174827
1.4252741826340098452 -6.4206683093488337022 -4.8410255398487018752 0.9286833606322565382 0.0032421171374884057322 0.37085941320281967659 0.11183742283174347154 -0.95586162621326553612 -0.27170009640639403159 0.35360939826175041834 0.29379931962030336745 -0.88805537735641726371
-5.7863385239115725511 -5.483858534139574914 -2.3836455494291923785 0.94664929943034625826 0.0044593839780065099021 0.3222347246690754341 0.31414478070566731471 -0.23582454193327503922 -0.91961940071825110099 0.071889920318635017193 0.97178541834932374854 -0.22464402961151555549
3.3643510080296987752 -5.3743465255682547621 6.4889148333649622202 0.9985297720841722624 0.015674095407160762439 0.051890432593852627019 0.044195137422632001234 -0.78968810277855594482 -0.61191461018538872985 0.031386049286339610942 0.61330826104271651822 -0.78921980008556091857
-4.8172381971914033372 1.8896476725673196917 -5.7724232151730170415 -0.93733924621748865302 0.016616599791491572929 -0.34802158857146742177 0.16819529197615068483 -0.85318725286919849804 -0.49374270151387977812 -0.30513190796346351119 -0.52134000436623584296 0.79693106263329227534
1.0373884198105809418 -1.1208404466300616598 -7.1391183090753340679 0.980254013353688336 -0.0015679129669815923195 -0.19773621558267515108 -0.19121095369288668153 0.24736729819537114916 -0.94986724913091102884 0.050402782580936701662 0.96892051347488394875 0.24218298469471316592
0.78276513530466196311 -4.7374166180348780131 6.3290102523573761317 0.9995454822300200437 -0.0044167863080771443268 -0.02982148474471293248 0.024160856488458792163 0.70898609371392340428 0.70480846471502200945 0.018030029601172274656 -0.70520862935654227144 0.70877056027588380971
7.2300249331575638934 -1.7715137534832858801 5.4638602489399143991 0.62608313785034019894 0.0033851974819838984848 -0.77974896276787697413 -0.36927361826581378557 -0.87945763302764190517 -0.30031860841829322029 -0.68677281494851338817 0.47596513753364688704 -0.54936353036964657992
-6.8197955333945383671 1.5915010074110043092 -0.056316139261031843144 -0.65915527558324793489 0.0049567986215955962825 -0.7519905270800552044 -0.35980536352774511455 0.87601135577479027905 0.32116071511045324316 0.66034417014720159234 0.48226500464061133888 -0.57564402389981561559
-6.0918537340702823002 -3.6603110143479717919 0.78100596301325164728 -0.9396657904696602559 0.0026274525336811745124 -0.34208375979299826541 -0.20969020123918272192 0.78566602624577641656 0.58202999468021654472 0.27029284438398842871 0.61864528745983837776 -0.73771253654692636736
-0.63119570266195468289 0.047696497924842581884 -3.815248400359975367 0.78486166520717270956 0.00075700835808347149807 -0.61967055233130319269 -0.59477939990911676826 -0.27965854946818208271 -0.753676695376107042 -0.1738667073707393651 0.96009922541768799586 -0.2190430218480693414
3.6869989174730961601 5.6856182243068653648 5.9016030458590460483 -0.99955730732264824745 -0.0012663011534632005392 -0.029725172152744866461 0.029744788252660733785 -0.064729848615179622073 -0.9974594198613354612 -0.00066102187960658637892 -0.99790202083155166157 0.064738859044855781577
3.1368141875491915016 0.93334199445837562337 1.4533485246113728717 -0.90369653723861298467 -0.0013045013861454558997 0.42817153905771226929 -0.043387992549111117913 0.99512696918237186772 -0.088542629893304566902 -0.42596954196921427149 -0.098593171578953503476 -0.89934939585935103068
1.5596975680129885333 4.3553337996033381074 -0.23706308822895338917 -0.81439127783249742887 0.0016640595173766346577 0.58031377503566772269 -0.17099851137637825382 0.95490875230464777879 -0.24271131798684156267 -0.55455058894322573071 -0.29689477206208192417 -0.77738480730261372287
2.004446713397365798 4.5857922267756148216 2.2857795190165108856 0.9916929975309853873 0.0037368565342671125271 -0.12857307086313601863 0.12718207389964827914 -0.17791028012154325166 0.97579334508167614448 -0.019228071315743885256 -0.98403961715495968932 -0.17690764014921836478
-1.9824428147340464879 -3.8281139427032200295 3.2094608769131247605 0.99866946883315976802 -0.0019484795045811836162 -0.051531499573187145025 0.023218679884940380403 -0.8752746815337579811 0.48306844729340009392 -0.046045465846750385785 -0.48362220306106146195 -0.87406486016844153752
0.46448652216186708808 5.6068942074291312494 4.207469192362139232 -0.99212166711934379748 0.013996458059479584268 0.12449376206886808571 -0.089254126391742322211 -0.77630143666119055812 -0.62401104185731881557 0.087910741973385372883 -0.63020645712307177266 0.77143471716418254847
6.2767836124313527435 -3.5760347044600484523 5.2725322439542443576 0.7325430868008904195 -0.0085374528623502997371 -0.68066712707377186042 0.66993379325624569098 0.18634511469066444844 0.71865444469797790106 0.12070351541487527036 -0.98244725564764689985 0.14222535370657837794
1.3771959844820638175 -5.5275019437454133708 -1.9596324452575561992 0.99999725199188604918 -0.0020722342068484004424 -0.0010962910886710454383 0.001636387573152641231 0.28212406115583016364 0.95937653523131605215 -0.0016787627794516116371 -0.95937569281403012322 0.28212667685491760183
1.3320689679959252238 -3.9647825151557234413 -6.7593079998380085627 0.8870656294539343012 0.0077113226269020359802 0.46157892558575869257 -0.22751125109656597512 -0.86270220086758053757 0.45164537332164222949 0.40168793816356146431 -0.50565348621526295947 -0.76351905818536758286
-3.8882384436469088485 5.9922117488505692862 -3.9797901522289627074 0.9865627216264604149 -0.0058714564287812949159 0.16327743964274832322 -0.15595834280816264772 -0.33167901984070674581 0.93041174923051728207 0.048692829096386294752 -0.94337402645874368634 -0.32813785913494580848
3.637962942157092705 -3.9016874818537901071 5.7795689971282966368 0.98888558199452381015 -0.00066338054600985352227 -0.14867705152248036904 0.14856191793400266854 -0.035189445379934229663 0.98827681318229088081 -0.0058874665957431050745 -0.99938043950246269187 -0.034699782088369122979
3.6098937993966480065 6.2227752760365282469 -1.5497175468233699291 -0.99929749074469942371 -0.0023035827113863627767 0.037406129148071801116 0.0025083070803749336897 0.99176008307521712482 0.12808452683362858693 -0.03739295905298319761 0.12808837232664571637 -0.99105758434499757747
-2.1783826579799163703 2.7430769203730784866 1.5815821428362808465 -0.98482287584561079008 -0.00049830100909345606194 0.17356167465005647998 0.12808977547412644937 0.67270665288256670244 0.72873779138075300832 -0.11711922399938953787 0.73990912338183068009 -0.66243307322794586778
2.015274287386720431 6.9736403718722588252 -2.3506191946473804499 0.043478030432165318264 -0.0018260490908211589149 -0.99905271453238397861 -0.032737884635842429137 -0.99946389091734566534 0.0004020722620531051901 -0.99851784750163030679 0.032689391203464555902 -0.043514502449589417821
4.8985047195908508755 4.8355196300441933843 -2.7038059664716227459 -0.9957272882594435659 -0.00054446268754921201428 -0.09234105790970502381 0.023759178717735102843 -0.96782702355074812228 -0.25049222325537245926 -0.089233787559192992433 -0.25161588989003003114 0.96370471365076537662
4.7939717568011399607 -6.2106118358822586245 0.5837955556895861875 -0.99937776867905414591 0.0011827407440094424296 0.035251618323635477981 -0.032247107646501113609 -0.43554930878229392022 -0.89958708509388363161 0.014289839695939134806 -0.90016409656436968678 0.43531643632871391825
-5.0231997829138617107 -4.5432976668339914994 -5.7378478929683458531 0.81032311570712811655 0.0042784850090810139928 -0.58596769767344558666 -0.55566613294858457905 -0.31186788668243620171 -0.77069680805754048336 -0.1860419222774314929 0.95011584336973520237 -0.25033634840566520996
6.1840876934636339612 -4.6658539592196923707 -6.5792398029827054984 -0.72882872271767162875 0.0010939505334375018535 -0.68469518489167124908 -0.39598219648201316012 -0.8164733366694518768 0.42020160706142206664 -0.55857568243786470674 0.57738210379263732452 0.59550240403291732072
7.2647715882070569293 3.5019818304468288694 -6.8474382479964628345 0.99570676236196276054 -0.01878698469089851511 -0.090637147973412518498 0.049853205816428901309 0.93387871256242549478 0.35409773805064859165 0.077991674275968730923 -0.35709606470669585931 0.93080594073882194639
-7.0781817974750271816 -6.2822073565933251871 3.2155354928221275834 0.83451398059851056299 0.00078732943953919542861 0.55098620336436687772 -0.2288918497944198438 0.9101233999775241168 0.34537503950209735848 -0.50119351281040203094 -0.41433655031354488241 0.75969091464290350313
-6.1942100548077716482 -1.8945701296762109678 -1.8086378778335807649 -0.96309670497541988166 -0.0061099036007031416046 0.2690862425756387899 0.15373632909789025636 -0.83310068772499190626 0.53132700404523502957 0.2209295769719522573 0.55308761800475592096 0.80329584141141596731
3.7210724936931609541 2.6236361929102898216 7.1077614436803404629 -0.69378353114041024785 -0.0091939995132991822469 0.72012490742319834602 0.70503268500067606261 -0.21269458825503817501 0.67652784510893393399 0.14694667399789179685 0.97707547431095154167 0.15404607265676489858
3.8558739617943551536 -4.0790879600318650233 3.1691073773447904216 0.53510891907192592587 0.012739079001381334658 -0.84468701931296508167 0.58409271840877396986 -0.72795823212795696122 0.35904388113285062856 -0.6103229809139008033 -0.68550312044761052555 -0.39697774600742885553
6.2483052770143423515 -2.5591262577957976099 4.6491368519631919298 0.96462201329152452711 -0.00059410591670338783188 0.26363614796063417067 0.25383020458251837059 -0.26811227388286174023 -0.9293471019134983413 0.071236217719362046608 0.96338748986671851604 -0.25847619939459676175
-2.061017531987873852 7.4157970946645450638 6.2367543188784555497 -0.95507748192878427762 -0.0048047946594115681362 -0.2963172581218706525 -0.29076832160702709151 0.20844188876226119045 0.93381248768641422764 0.057278151702056724626 0.97802295114054638159 -0.20047523632625693923
6.712559687738905545 -3.8081543272296465297 -1.847701942606689407 0.92904198438200358279 -0.0026018118602118937843 -0.36996516299568199537 -0.30687454760350835192 0.55315062228307021464 -0.77450138870172791083 0.20666156703303237285 0.83307719908941235687 0.5131017219505187299
-1.8426629134565164492 -4.9985694317749658211 1.6655517914163009419 0.99487831779320590186 -7.1190736876169838192e-05 0.10107980865004870252 0.06427836496172498193 -0.7713118400420349019 -0.63320323531135991324 0.07800913140589685324 0.63645741439841541087 -0.7673568498909346669
3.7835137702665000425 -1.1569241187106997781 -4.8678009438029290479 -0.94345557561039095074 -0.010036872961326192763 0.33134700546541362431 -0.038687222747002786294 -0.98937775271771744023 -0.14012480588174697216 0.32923377051248980951 -0.1450204247973705951 0.93304565844638887029
-6.3898043578342127446 -2.3657932951183675563 -5.9794151146762537508 -0.99460617837663789498 -0.0093405427610630132468 -0.10330200480086411396 0.036171621310828391826 -0.96464949940591226962 -0.26104206003552099524 -0.097211952694575554101 -0.26337064672583887504 0.95978421465275887137
-6.2589513774173486382 -6.9105048813621525738 5.7329076819917279551 0.94382613183874097817 0.0087200295510560729695 0.33032740416592282218 0.32963729311035883107 -0.094588713181919997774 -0.93935734964357053833 0.023054020240857647783 0.99547824507783644332 -0.092149746215154884621
0.75548619932837690616 -5.7300726357913678299 6.6883808104823367913 -0.99729263647646071433 0.0015012497958108456803 0.073519680894256866921 0.035556135578371401984 0.88499189170329461973 0.46424682319007637421 -0.064367371023546129938 0.46560401401668677357 -0.88264927557835837213
7.1601333303923695439 4.8968174033375229115 6.5067900340636208867 0.70494689323582226947 -0.0069526468230490896458 -0.70922601363691828436 0.4915747109346871313 -0.71603561174402918788 0.49562819359276355513 -0.51127701032486971844 -0.69802912791429683192 -0.50134933459289765523
5.8570881754930539387 -5.4713069537296608047 -2.7599496188366638982 0.94288714895336356303 -0.0044074359723841084746 -0.33308317106543872121 0.059445964341174648005 -0.98163540978615348997 0.18126803242018940665 -0.32776516236839031704 -0.19071574859484025088 -0.9253094085632092014
-2.6513996046657029027 -5.2270401332721432297 5.8793798029768504776 0.93330169436697196783 0.00012302334791969987693 -0.35909320817426104711 0.12876560162252237429 0.93338220247394121376 0.33498818478210506955 0.33521242090714670203 -0.35888389343926141439 0.87111134988562166637
-2.6282694214215274187 4.6729353543909519786 7.266573566480287738 0.73564537273923324978 -0.0050326803563824629162 -0.67734818055105128209 0.097789711994835701314 0.99028590517026748863 0.098848359869914831366 0.67027088389348477016 -0.13895502203753656856 0.72899138818996467304
-0.97938886043090123135 -4.7690846997799170026 -6.4174357956804515268 0.92778176000586709549 -0.0081525400940631615604 0.37303423688756714993 0.14174218031432997411 0.93251558884946050831 -0.33215031367219050029 -0.34515237232279299961 0.36103768867363467132 0.86632651306376917688
7.0556045141536101184 -0.79138286698075854808 2.7670417458857250459 -0.99545065405944288539 0.0068453963699983029489 0.095032288624267213795 -0.038710965533686789164 -0.94043939522800501507 -0.33775021102972235809 0.087060073972441628931 -0.33989246012772361683 0.93642600298582523433
4.2612447671783906245 -0.29097077336201077058 -2.0758903749232535674 0.53612021590700198459 0.011854183904733469473 -0.84405840581075897155 -0.78663018707795495654 0.36977260276426332508 -0.49445037265901436996 0.30624836795240961695 0.92904666221292830919 0.20756742653318629999
-0.18923890451494940201 3.078593494592547497 -0.2386697838773775282 -0.94742330058764778755 0.0041247976333348441297 -0.31995636506921937281 0.052952448154573915351 -0.98410926875151505389 -0.16948446947060341605 -0.3155711135991541294 -0.17751600829716199237 0.93214963340654843904
-1.2770675797436596977 5.3089980287893681066 -6.5266411839838296416 -0.9983533756357966249 0.00064590068733330749037 -0.057359569111665210939 -0.024571381200915554804 0.89874165824362350907 0.43778953729313541121 0.05183420282265548823 0.43847806621287210849 -0.89724589766017814885
1.7054831031572705857 -2.9910460946014616468 -7.3487105364647833383 -0.96722621253175167233 0.0059818215988030921937 -0.25384576341123188392 0.24715288352261638449 -0.20702295970412454285 -0.94660284508434233697 -0.05821431059400297009 -0.97831779701980681185 0.19875960876495182839
0.84206859239028175601 2.2158195251480417021 6.810884641648049076 0.998535540713434977 -0.0077841617943169415933 0.053536723445601994142 0.028076789825868454786 -0.77132538495929814371 -0.63582139346725141671 0.046243570420142939004 0.63639339825518281835 -0.76997725606160838385
-6.0201739739507882376 3.9145622477195081146 2.2883311017977230328 0.70790120341122098058 0.0010563910719742996246 -0.70631067544444914308 0.26559745042589666397 -0.9270027764808665971 0.26480907598483138798 -0.65447221525143262078 -0.37505297817055743836 -0.65650695581172735515
6.1505022243507951885 4.2784434005893450248 -1.3146010987763085964 -0.97847504998152556865 0.0077432566445336924871 -0.20621983061839441187 0.14437330260754671629 -0.68834490764747846558 -0.71087104147653012998 -0.14745482717744534673 -0.72534221584865243848 0.67241039838023397568
-0.49845627247262452864 5.5884094140445892407 -5.2485473995180891293 0.99897292892122857566 -0.0039253076919779465725 0.045140660629279197313 0.045012841161064590101 0.20007304521267646469 -0.97874645374066593373 -0.0051895484516159212998 0.97977312095148150206 0.20004424522592872959
-3.3922537623007125163 5.8802736700401192493 -7.3905670092738553478 0.89442632322029591574 0.0029797179659381833883 -0.44720540427356147983 -0.37762206365819678267 -0.53069240608747436649 -0.75879321765515173048 -0.23958950179238597267 0.84755925539278209602 -0.47354005029044055064
-4.6063745314701014522 -6.3332120134913072462 -7.1692754464532626457 0.83968125006127158905 -0.0058650051971647137669 -0.54304788003424686593 0.076799866739045596908 -0.98861022044057422775 0.12942802057237803859 -0.5376217804037008996 -0.1503842869267451865 -0.82966703410523645612
2.6650316503485518282 -5.0040038664745161157 -2.93537237611297952 0.91451298821793647331 0.006139777798099056369 0.40450994735518092105 -0.40246121764215891936 0.11544098569240136831 0.90812903660021337959 -0.04112131654833400124 -0.99329536490955905315 0.10804330323697892979
-6.9209608816736984949 0.46162258800883948506 0.73154332678843470017 0.95533477431421631731 -0.0035656891489280959084 -0.29550423828897115497 -0.29274119987904567708 -0.14836041944943595405 -0.94461197104109295708 -0.04047294008658050557 0.98892692945517046699 -0.14277769195170633698
-0.69658918288347770886 -3.1020991177683487905 -4.706601488398098887 0.99873257976765117405 -0.01878289698841956179 -0.046695148477610658178 -0.045284120333379709877 -0.74026985124327671084 -0.670783046734082955 -0.021967761748882333461 0.67204743145186152109 -0.74018218522383971703
4.420971774082992134 -4.4266663501145204762 -2.3870383257144194289 0.95291096796867025276 -0.0063610586688590577131 -0.30318348249466114952 0.22220099512705815403 -0.6657218418793351411 0.71234903453959774744 -0.20636716039512401077 -0.74617287955099587116 -0.63296021117678757939
-1.5046128687952122771 1.7474056743653094692 0.62870554381998122739 0.99627764524860529249 -0.0011396634594108209781 -0.086194864958380926212 -0.013863780591324448635 0.98477778711294872149 -0.1732642652040484732 0.085080251326091010933 0.1738143008390967692 0.98109629479381277317
6.8489392210791359972 -6.296166736979198042 -2.3145631627666776176 0.98127527774632761215 -0.0052554793691410002857 0.1925388511977900452 -0.17021442647028103834 -0.49149700759257131111 0.85408298223820500183 0.090143653716338562054 -0.87086340574408604986 -0.48318842104348463939
1.3572262184273804486 -3.6662484166642363981 6.3475250843457740046 0.68645467762827383496 -0.001537972032285867853 -0.72717096353216736926 0.3460008407000204067 0.88023333099856937434 0.32476560968520790107 0.63958063901049200251 -0.47453863661591005885 0.60477242708436607099
-7.0832705510076046096 -2.4436668105386964989 3.4565597558324054894 0.92427617963079411467 -0.012211810972535052516 0.38152904927407521596 0.3714769362384628959 -0.20125917382023145175 -0.90636616816615900305 0.087854593562861751921 0.97946190156945445171 -0.18148265416819220341
-1.480853678195907186 -1.2185636642870452118 -7.0532709461494507153 0.85372616502177511855 -0.011410565785630225055 -0.52059718991328618465 0.011032738969806809778 -0.99913909199085204627 0.039991918266093752499 -0.52060533403717035306 -0.039885759917896813909 -0.85286529553480705523
6.5629667463119556459 5.4167137678017773794 5.8494146309568986197 -0.79516305060596792487 -0.00091204701899790419257 0.60639499595659818176 -0.55832347067376941752 -0.38911124890300297086 -0.7327123160367575716 0.23662338228885609892 -0.92119031917803861909 0.30889767044576305066
-7.1568596120770200386 5.3216133813004500297 -4.5157140555575834284 0.98737741420566615957 0.008393676999909378475 -0.15816253697701687653 -0.016721042457685228455 0.99853847515994431649 -0.051393777487058124598 0.15749999573246006856 0.053389697617406625674 0.98607468861779090652
2.9376169460959000723 -4.0564984651334192733 -3.1260265346984175139 0.99946849358342992886 0.0060231752188029787434 -0.032038284822599544244 -0.02401941194522150963 -0.52840700677274576869 -0.84865134362905692011 -0.022040829927567333335 0.84896982075569105142 -0.52798148193126737127
