1125 14.717824617146108679 14.977075390850430381 15.033177056927090831
-5.8772103680498197775 4.4018146356568523814 7.015710246619725865 0.9985556268169927252 0.0038191547359355971364 -0.053591736389015272313 -0.048390603219665692669 0.49734536608004337177 -0.86620201821445474977 0.023345442213119599328 0.86754423569975358532 0.49681182497195158776
4.7171011026743956407 -4.7611890092767117366 -3.6849063213922410576 -0.94874521393301758376 -0.0038996918033685169444 0.31601789734603280557 -0.31257579141161417891 0.15926462503161800677 -0.93644602291690604012 -0.046678621044217848135 -0.98722822671235055392 -0.15232049999934660356
0.41010960126372203449 3.5508079982366753669 -3.1637980698094994025 0.99923235613218874818 0.003035211538407786569 0.039057469827917107308 0.017782439465884099239 -0.92350555273557621838 -0.38317264896288882881 0.034906780216581251297 0.38357304592152574596 -0.92285060282664777009
2.1529087130870419031 5.2958880564308756789 -7.1516659351637912323 -0.96883079105460256919 -0.0068161120587307529387 0.24762964063475001453 0.21220623953689907171 0.49290775933618202753 0.84380711817790088336 -0.12781005518393651066 0.87005487263887548721 -0.47609779288631987049
3.4492858708113147692 -1.0614453249620015018 6.08734128291700749 0.86713794768847207717 0.0077991278631135601065 -0.49800698115916924857 -0.32439822268453943899 -0.74987237188805855315 -0.57659103270693579102 -0.37793858336746649629 0.66153654432952480047 -0.64771276637000885223
-3.0799130393950169271 -3.9336868941848028847 0.92685745882130410322 -0.95008027592350474677 0.0057472222298294460205 0.31195262258507117092 -0.053481405829282041564 0.98203250086189286527 -0.18097487803954148688 -0.30738771694980027149 -0.18862432687098829032 -0.93270233986026473971
1.8471728897583519213 0.74492270979122388042 -3.1649162458892630134 0.82066148638503688684 -0.0059234498081416012832 -0.57138396679170277981 -0.52260483632367271678 -0.41216221569019018123 -0.74632867626023668972 -0.23108204130851106584 0.91109122523479824096 -0.34134128007753783418
-5.0886419819552788368 -6.2083864955902967608 5.1399025289684034945 -0.95016619892447884421 -0.0033246819195261855667 -0.31172606710326011825 0.3069035318134194501 0.16554683302964412484 -0.93723234485073003697 0.054721262613071725012 -0.98619632556799707856 -0.15627664846046601665
-7.1253825912719257474 1.6061614624744282587 2.7854395964959000054 0.99831804929692435913 0.0018905151385159206859 -0.057943924622171932848 0.042465036146400424177 0.65658701628836935171 0.7530539228678934105 0.039468888421006299849 -0.75424791414630321107 0.65540238850089482803
3.2743301317128326033 -6.6018431386129625693 -3.9257509199770517228 -0.59301264862532099276 0.0016515002923392311379 0.80519144997764513505 -0.16398196257153113686 -0.9792882732665435519 -0.11876192063934337684 0.78831840935091335165 -0.2024641953272993955 0.58100114895670196269
2.1450189562087360606 -3.5260533683890797896 -2.0290681304695850073 -0.96083174060924592119 0.0013225624265003239899 -0.27712924253212950498 -0.24927309028484254116 0.4328470756978168299 0.86631768741022319169 0.12110034144314670013 0.9014663942091842852 -0.41556352993717216027
4.0997715859379688652 -4.2551654089325250396 1.9801022188747727792 0.72894222843580935844 -0.0021235244786634351749 -0.68457192335560668184 -0.63184912757652511583 0.38275944265787092968 -0.67398953184513177295 0.26345760111206201204 0.92384560382125269218 0.27766777399667558202
-2.4763986459750704228 6.4232031310648531885 1.7454838034593320728 -0.87516407956076691654 0.00082526783667167245319 0.48382553961075103199 -0.18238514726308890923 0.92566377998308324582 -0.33148487821529598607 -0.44813334165669066467 -0.37834625062308996357 -0.80995717339563821913
5.1121753524748045905 -6.0752379532947076157 -6.7560980223055047134 0.99519344608155135834 0.014196681356213844069 -0.096894061298173655983 -0.041878274966760963005 -0.83270237045207029514 -0.55213492221506510482 -0.088522398082076514392 0.55353881208295607763 -0.82810540908498064816
4.1609402157852146686 -2.6486008802348441904 -6.3455384012343847289 0.92243912014376017172 -0.0058650824651242912736 -0.38609800625765328119 -0.12623043492354676931 -0.94952968423373029783 -0.2871571974685362405 -0.36492731732152944302 0.3136223518288352996 -0.87662367838527921471
1.5849122292666300016 1.6294503265265689596 -5.8631462897986859062 0.99996710394571086677 -0.0068802977736894853703 0.0042956407015336053878 -0.0068618918142458861648 -0.43519214908583325752 0.9003114504518466843 -0.00432498175964462616 -0.9003113099791775209 -0.43522504484024293614
4.4719802215419468538 -3.555372162238397582 5.8779683424435154038 -0.99794174943914282228 0.00088052270404924653895 0.064120896797471474415 0.022176357385530878763 -0.93347388790257423974 0.3579590895300536757 0.060170373934760747192 0.35864428795653535698 0.93153303796313802199
6.2208743375209207827 -2.7886153144094509848 1.426457654712299572 0.86978950389798059817 0.0033005912182763972457 -0.49341192223803043149 -0.49325662253663221657 0.031779275423702048331 -0.86930315884472963983 0.012811059002087713324 0.99948946155093532084 0.029269318681773071056
2.9908729015827781872 -5.9718524444255169925 3.264996308808933545 -0.99980620668987540967 -0.0011333076124214408811 -0.019653617431146019889 -0.019557058226445645649 0.17137339236299381495 0.98501202117718467122 0.0022517854694566489734 0.98520549937761958681 -0.17136234550899437368
4.8454804399228432743 2.7546011543167470137 4.6931526829331504658 0.9965367454023841276 0.00450104020442965852 0.083031654805270665998 -0.00073049363818386298802 -0.99802153430369300313 0.062868779572528163402 0.08315035442896215323 -0.062711703078162428504 -0.99456184365560362792
2.8251478876757492031 3.1653625613892875101 4.0001804852032236681 0.99368768246221395035 -0.0006251421950671901288 0.1121802073457910387 -0.11135664795250151127 0.11557786695498067919 0.98703670328250381338 -0.013582587370907681437 -0.9932982260466156621 0.11477868901904469956
3.7223386151014170586 -4.1992671365007039341 4.3428628294912607899 -0.99108863827937676572 -0.010362439539389626045 0.13280034231858919846 -0.068913931124339231071 0.89306512326339793084 -0.44461843833518793767 -0.11399202239683695059 -0.44980807624733681882 -0.88582081335470430616
-6.5624767576884055487 -3.4476656557554545834 5.4080424370593664918 -0.77649827917487523887 -0.001041226196317589052 0.63011851130283114131 -0.52579822293368250197 -0.55002396934915709359 -0.64885272743598254586 0.34725588720455613512 -0.83514821977262132524 0.42654519082085556869
-7.0242799633983867835 4.0574481727263780328 -3.2681455496197218125 -0.94591672437307317001 0.010372907829388862064 0.3242436635226597641 -0.17176835840292517532 -0.86390301647747613778 -0.47346299662451440948 0.27520389096631353576 -0.50355136868474215106 0.81896204887208245982
5.3522345170997356334 -1.3536765558400500886 0.95517543894135159555 0.90432896255098993432 0.015102230286496039907 -0.42656892776168786607 0.42678017051658517778 -0.015802754986360523226 0.90421731845200981059 0.0069147339220702831383 -0.99976106924367813544 -0.020736221439188892712
-3.5013176675599821941 7.3710642514726325558 5.9733043300959858257 0.83052676215935161697 -0.0010684067494853750641 -0.55697769779771022503 -0.55614327217388537239 -0.056341772648885631025 -0.82917444815336516228 -0.030495215242922875387 0.9984109690712331675 -0.047387537238080430779
-0.19803854745099294665 2.5951926115089753999 1.5283056916532797853 0.82751840106249230367 -0.0091365075394969647721 -0.56136424906934156986 0.47408559381861459237 0.54699435439860355501 0.6899565392035713618 0.30075928187976869177 -0.83708643549284056373 0.456979380144367342
-4.7129455237136603785 -0.44528783303836544372 -5.0859756732930705425 -0.62610836736621267029 -0.0086909898716827499454 0.7796876162983170655 0.45393225235728468236 0.80896002236428388166 0.37353606584387610834 -0.63398250968287594986 0.58779941213940356537 -0.50255151825945110211
6.6046647885082867546 5.0279617938371243824 3.5604771160459001145 0.98249133278796096924 0.0059323825071148032079 -0.1862138228877308066 0.15335415281082870331 0.54182828668090265989 0.82638042787085763674 0.10579832140608616542 -0.8404682710193590589 0.53143184002977739144
5.5690759993668468297 -3.1327705032155686027 2.8508814779240472248 -0.89627192394185162261 -0.0034407322136934884171 0.44349160050141023248 -0.089352686219276486468 0.98086620839619598211 -0.17296698728874707052 -0.43441079155438105941 -0.19465262029622260043 -0.87943028239476284114
6.8952627433324256145 4.0687026969066959481 2.9775858119333982188 -0.93968593783443621348 -0.0077850942081588853094 -0.34194989478624093771 -0.33305932010010524946 -0.20674301896124910871 0.91996131081974463761 -0.077857739054219554653 0.97836430659485673633 0.19168060947937529126
0.024041587759606127678 -2.8531903712653492455 -2.614604076456987336 -0.67627785160435938128 0.0098088942615967601724 -0.73658132817969557138 0.3168404643576945845 0.90656873702835272244 -0.2788283435887558559 0.66502660666702806402 -0.42194420322626474684 -0.61620021242184608301
-1.0598334319833426775 -6.4912234368405741236 0.9456082472050586496 0.96056922041007697377 0.0035085574706064113007 -0.27801881739441669517 -0.25646097384071886438 -0.37505912421439607796 -0.89081896154055706383 -0.10739898368958919472 0.92699425206855579074 -0.35937044248861665929
-0.34405964335644440011 4.6925258140125576389 -6.9725030867035808768 -0.99858269921881026576 -0.0071041866960403574766 0.05274583729894716938 0.027788715683985960175 0.77563971925779717775 0.63056388509840632928 -0.045391409998118179003 0.6311359254876420799 -0.77434298825346292716
-2.8190452707104887153 -4.9184640455490962196 -4.1761680896813819786 0.3893670573841380711 -0.007881773678125786331 -0.92104895215606208403 -0.86734619814267943649 0.33341743798371398233 -0.36951777307160393882 0.31000623734287391375 0.94274635490786007352 0.12298554027392134824
0.85086384822497274083 2.6955756020806216355 -2.0075475931292618981 -0.97133493511860491409 -0.0045499021052219255565 0.23767150062380981712 -0.22321612234486992721 -0.32637715097224301308 -0.91850558955754135759 0.081749657756482366211 -0.94522867800012622119 0.31600591725884108474
-6.9704991222254664152 -3.7547657345924774219 2.2429783032606942506 0.99742216561007090991 0.0026107088311826311816 -0.071709188735599060927 0.042193909253559890027 0.78697714318548883661 0.61553769188033358173 0.058040482179412572483 -0.61697662865209768057 0.78483829043019259775
-0.86795420121558708448 5.8149952242965499138 -7.1294222123072810149 0.9194782490658646168 0.0020029614753400608665 0.39313577507024899393 -0.11698789683748297974 0.95608083292028300804 0.26874387977405539418 -0.37533129564201289652 -0.29309627951889505315 0.87932985246943773383
2.7884096455082842958 5.7161004304486473515 -3.5314136806780611622 -0.99020542581010773109 -0.0083087275403755048858 -0.13937065596059217132 -0.12941626898985819638 -0.31994648594563657173 0.93855509984864582407 -0.052389350224783991228 0.94739918259287481117 0.31573746183380480002
-7.249264696884158532 -5.8420469231902156793 -5.6869136342537842665 -0.90072932170552444386 0.007515269154400368995 0.43431579495751965192 -0.3897528531109069605 0.4274523637363015216 -0.81570655889732401889 -0.19177956750380173445 -0.90400663574215245344 -0.38208978005477178819
6.1980752098162801289 -4.2428299637777557862 -5.5236289572893371158 -0.013024438749725992387 0.0041201430382012994846 0.99990668985497910271 0.15536167296859579312 -0.98783885956209005474 0.0060941046355134330381 0.98777179275757454047 0.15542654844092262945 0.012225934405720499665
-5.6816915376730028342 -4.2815726989127336211 4.5942309586671923327 0.93806945901492544415 0.0079745622183439654473 -0.34635544808887747115 -0.012060062047774605318 -0.99837748087238986638 -0.055650342230300686719 -0.34623726686604011649 0.056380954624498928751 -0.93645124965953130403
1.1368505876714072311 6.7044025029079366007 -5.7087726671505683029 0.99933439656963274356 0.0064490258953052177066 -0.035905067857958140876 -0.00088967650045507044865 -0.97964826999302923038 -0.20071989332207626489 -0.036468785400805406316 0.20061823736768105708 -0.97899047519726545286
-4.5195434915586680802 -3.943378022754471246 6.3077401539794930585 -0.97751751845355838721 0.0007339313895109170682 0.21085294036640042648 0.044184478120757410269 -0.97707904027132730373 0.20824092046398229305 0.20617282315966578565 0.2128755749426761712 0.95507945040353325883
2.343785575537206789 -3.8846764637384190166 -5.1293193016915425986 -0.67139769340414356957 -0.0095006470141461643597 -0.74103635200840123343 0.17524343853708448937 0.96952492143980861794 -0.1712050348464141114 0.72007976956812524971 -0.24480842390207074866 -0.64927186990144336587
3.487641710036986531 4.5083666375490976108 1.052067431899811556 -0.99993806474220658931 0.010890435212875398258 0.0022945807031645106162 0.011126179817094277585 0.97309355197777391844 0.23014158081942023837 0.00027350028888982306791 0.23015285685880035316 -0.97315445211815754245
2.3027397757932419609 6.3248184375501690369 1.63902459873193318 -0.99863924662674430355 0.010446276989726402395 -0.051093349800896151192 0.0089973152666011739498 -0.93052922520334868661 -0.36610710094239823365 -0.051368311387582549221 -0.3660686224459817617 0.92916901597373047217
3.9740547810768549475 -0.53566263587103157828 -1.4601331648895972126 -0.99448203378234067973 0.0097795164749129494947 0.10445020603941684856 0.084504181231958935827 -0.51531863555445156511 0.85282222485378611498 0.062165326657814934386 0.8569428597682401394 0.5116487146995566393
-5.1503061909138549979 5.6730951541879504063 6.0392982159657053742 -0.7224124182662035043 0.011378839953289572248 0.69136880167970016231 -0.33117205741161936938 -0.88342013648559269967 -0.33150253519617872699 0.60699700684966106934 -0.46844357659499535895 0.64196203098186566116
-6.6843674873142919779 2.7073071113880180505 3.4580048174726965016 -0.89249748227608405315 -0.0030531541848101500201 -0.45104204059089914036 0.41423218319526966535 0.39016966954996284977 -0.82230123882228367549 0.178493536398924596 -0.92073791450812447756 -0.34696073301014468404
3.8021124293937109684 -0.34038901660695231044 6.8083995037890749913 -0.61068599893301100945 -0.013250146670941152435 0.79176198716540668876 -0.78469246299216144358 -0.1242168198586847544 -0.60731204515263847998 0.10639712980402112052 -0.99216662677063038878 0.065460182493434063145
-7.2206294831716268945 4.0650878320529200138 5.1521472467788500538 -0.99830523070763788063 -0.0046809003586256205109 -0.058006512684342419195 -0.027253929585931806201 -0.84309063428816377606 0.53708044620698769389 -0.051418767625153544154 0.53775112417131287756 0.84153421724161525663
7.0240568212006140314 -3.6783478229835875339 4.6769340539782504607 -0.82540149576937094089 0.0096022589437294476877 0.56446449614207094836 -0.25662763573806224304 0.88419866158081528162 -0.39030114454649522671 -0.50284652465465284887 -0.46701233761215643625 -0.72735469281555364951
2.2325175760380129297 -0.20349771954305234667 -2.6411722773580894597 -0.87334282672802965308 0.0061024823068045160393 0.4870678255768699505 -0.27981745916472544611 -0.82476151796669749938 -0.49139660970341969559 0.3987160600590848869 -0.5654477855568290634 0.72200713657125403788
-1.8879951156092615872 -2.224600906301830161 1.8839367532221320545 -0.84889813115058743165 0.0083043481801390942043 0.52849124943579628422 -0.29371615989272903402 0.82387216142759867044 -0.48473237878503450116 -0.43943461441580455862 -0.56671483078003925815 -0.69694441688498298682
0.9286077715770831853 -2.0273417421018793405 -1.4486807531047942721 -0.99239104232633756908 0.0050900504199863144325 -0.12302077262419922055 -0.025483305810402381852 0.96902004075796410731 0.24566392029432509991 0.1204600358430533702 0.24692964989269691745 -0.96151709697152953904
-5.9250233065910533625 2.6237126844374487611 -7.0638900243980939919 -0.43183277549602966383 0.00030244827930829033813 0.90195363657580507333 0.80061778339635669699 0.46065022160165153275 0.38316124314403898765 -0.41536925610444930257 0.887581704331154131 -0.19916600919805652059
-3.6528571512854171033 3.6273962796650489615 5.1489037808399578111 -0.99235096539985867548 -0.0021640839858220761206 -0.12342964883126315845 -0.062660710541475747593 0.8702991125757113533 0.48852133014274956579 0.10636351265606690253 0.49251880308314932577 -0.86377776759122959493
-0.039161635512376752333 5.8825262121805730331 5.5667747477921345478 0.73162308571994427719 0.00011254533258607361812 -0.6817093572594933315 0.67457555673585845035 0.14417072078622772402 0.72399076066101275551 0.09836401118378589048 -0.98955282355306783959 0.10540270728165022918
-3.8748951895387833133 0.81060552555937603891 0.26334892893823513838 0.91785125873613193637 -0.00955080456748517298 -0.39680958779808478409 0.085969481359328109304 -0.97119677373306756429 0.2222297796542008208 -0.38750266465039651109 -0.2380873974456997888 -0.8905931035362131265
-3.0735853843019613763 4.5039305134414062692 7.4173680601954474767 0.84452256040456552544 -0.0053913497533170408327 0.53549283684799697802 -0.052618144838283462117 0.99427532432172616161 0.092994141098543064983 -0.53292867796871279396 -0.1067122897923077629 0.83940425982106736669
-2.9831658973080243946 0.12539184933876240668 3.3571281703772468674 -0.720641229689707008 -0.0095774902278314248683 0.69324201383942218868 0.33316128636583253186 -0.88167373219794131778 0.33414815160219157875 0.60801297300166434745 0.47176233596275329862 0.6385612915207459217
-3.0843535120050455944 -2.2659488647952348295 -0.79860129163839810307 0.98585098952543404049 0.0042942524770514176047 -0.16756904799941499395 -0.066996776992451087529 0.92644621301237572997 -0.37041712469566778765 0.15365304528185563804 0.37640267505797198044 0.9136256169158321061
4.2347889103912228492 1.8835746021585617616 -5.7172919351264299692 0.90942573111907731853 0.0047688764339697785333 -0.41583902822630558482 -0.042770002362088770098 -0.99355939119590397368 -0.1049307536635019078 -0.41366117351837128346 0.11321216358672092639 -0.903364510892053163
-3.2567872458839848271 3.0106539703941699315 5.9369318175057301801 -0.98094621783763236156 0.0025649915774258128659 -0.19426255050380678013 0.091437101757036065575 0.88833993566347058124 -0.44999046115187696371 0.17141695987368105181 -0.45917924552797972915 -0.87164823543902225644
-6.9895838106118635125 -0.25817391568624953324 7.0517345946231442255 0.81319484971394684347 0.0075339456189693265395 -0.58194276012527057507 0.21453015962866914257 0.92562434293379536321 0.31176334996007742939 0.54100919309055373052 -0.37836862374158192202 0.75109668988724342942
1.6100630781235631961 -1.5272875322366599171 5.0483109957395742029 0.96835241702227381477 0.0037693825813076339143 -0.24955838635911037349 0.19646274339506850093 0.60517722025144249365 0.77146803079993975238 0.15393500870455475993 -0.7960818575018627774 0.5852842807144507109
-0.12718683437691924443 2.352781215413804361 3.5674722815461787917 -0.93752309360961139095 -0.014493809641347627643 0.34762102702636099583 0.16343268517556711061 0.86369370491283781188 0.47678395685081975675 -0.30714850864863013635 0.50380860808055460964 -0.80736403193283479141
-0.59716758482431064881 4.8468824892094133361 1.906728987194278524 0.9129970740618627012 -0.0076695264971840086676 -0.40789400720991997318 -0.25862716313246220112 -0.78412416200207213368 -0.56414651381937475083 -0.31551280995308772503 0.62055658640256938785 -0.71788661348964855069
-3.0378081622890387159 -2.7385567728622346451 5.1773472076775712836 0.86893374990167104865 -0.0025371913738761516649 0.49492191398397156199 0.38856001123448469237 -0.61588497458777646809 -0.68535160009031048656 0.30655383858479351433 0.7878320003254701831 -0.53417738936796355098
-1.4451147378548336864 2.6620831542725236218 -3.2495845559693128379 -0.62316397741462825621 -0.005275793059211728378 -0.78207341296090682192 0.02358455008010818324 -0.99964923536750893707 -0.01204886827717784395 -0.78173552193193607263 -0.025953270253241407517 0.62306982073664429755
6.450250515228318271 4.4489568585219450014 -0.73704510872992612391 0.95735913026652463831 0.011784696012149067229 -0.28866003643593962646 0.019374134673264896411 0.99429948768215647981 0.1048483271241488074 0.28825013200515653411 -0.10597004168619084119 0.95167337446422850533
6.1491156265152984162 7.0595883213913239729 7.2461482092501050545 -0.87302077903805763714 -0.00063408829587641851733 0.48768259893066240318 0.036283195358348160897 -0.99731215172614839926 0.063655335628256523584 0.48633141899569670707 0.07326711370993570227 0.87069723839365409379
2.728453371844842934 6.9534039440123756037 -0.46415280988435658749 0.99152167676636371318 0.003399561283167222038 -0.12989691099247979711 0.0063685467921785563622 0.99718499799180326804 0.074709580321156654481 0.12978523072393041704 -0.074903422906292177474 0.98870889098999215072
2.2127344362779037823 -5.1437407465282651842 5.2947827129438769234 0.64161498577018571954 -0.0045264743925985985451 -0.7670135077459905304 0.56414311853622856052 -0.67473534356505537879 0.47589364142894513554 -0.51968524304943986003 -0.73804588419277394884 -0.4303667284802722981
-1.6379161847960332921 -3.5368510637997188084 2.3094522310099407925 -0.52734873347159239021 0.0082432488764428175215 0.84960894660656316457 -0.78297104566213970855 0.38359068225375470007 -0.48970861759061040663 -0.32993886548945633441 -0.92346642458506822404 -0.19583183526564301724
-4.1165817673044431402 -3.0933509857303409518 -0.042432329589362917377 -0.7752916757277855675 -0.0026057021044404637608 -0.63159799545579742297 -0.58888165008802206835 0.36451057957672944321 0.72135320028846239282 0.22834451983099501859 0.93119560119942690335 -0.28413646821547938748
-0.93793890559921899719 -6.4020872357408373787 4.1333631191395454607 0.99317189400579475311 -0.0081068735876416476993 -0.11637812319209327183 -0.072433141917936066934 0.73915059109917879976 -0.66963411175768172701 0.09144959764246576861 0.67349141217870378551 0.73351638619238024308
6.5039516248700630641 -5.3180839197233993332 1.6643442589983439284 -0.85572001210763115608 0.0047275611990976558127 0.51741754033250686451 0.053515613726478089562 0.99540444155812946025 0.079410810434196898999 -0.51466429832086346696 0.095643336889966873438 -0.85204049912103296816
-6.23749593096329491 -1.1424724591642316796 1.3225405135460754913 -0.68272264765106671636 -0.0052071488200459530027 0.73065906686043624596 0.093906799948355296204 -0.99230701620120198569 0.080674026311425159341 0.72461803683579717461 0.12369183966216430737 0.67795946006614915547
-7.2131927658807004633 -2.891473918148134814 -2.2407986253594551762 -0.28458673924519373166 -0.00054781207102081938554 -0.95865013834433721041 0.74428714125464323637 0.63012559699278170022 -0.22131060385225492793 0.6041912273516510945 -0.77649303404249669924 -0.17891765948282487009
-4.9280490248160111477 -3.4479379053168393021 -1.7410383864132257248 0.94710686652418563103 -0.00055367685929517615473 -0.32091786616614437211 -0.31935577505251161456 -0.10018758734142957367 -0.94232390200148208326 -0.031630243807400239275 0.99496841195313612261 -0.095065171814037896514
3.7220449458158864076 3.0272619839336409875 5.8611735577830854638 0.92589700627211435346 -0.012174001113737396504 -0.37757982927247030203 -0.2557391449274429851 -0.75583657862214304046 -0.60275082427862658463 -0.27805075710793930588 0.65464712640756550499 -0.70294019401230101174
5.3011246599493384579 0.92407761185332859544 2.76882713494495869 -0.99959864864028880049 0.0033890060896905266699 -0.028125722643032383119 -0.026308819663775344366 -0.4792640380390689181 0.87727636913933515483 -0.010506552449287668433 0.87766422764072427043 0.47916084551579901651
-4.2236034692039545746 6.4849776392804736602 0.14473390226421523064 0.90189122196443760604 0.002629683451165943861 0.43195521585959201216 -0.32546445438190041433 0.66162516829364892423 0.6755183384736093144 -0.28401604299284027855 -0.74983012839269735927 0.59756980000445514278
-6.9072344244916843436 4.5626659065554280303 -4.3386178174012055564 0.96884216604932693606 0.0018090241258912108727 -0.2476723333690577511 0.20797394231512489338 0.53710701772843527646 0.81747348019668242269 0.13450537759762032364 -0.84351216881484869514 0.51999569657716726567
0.52928939668455521339 -2.5774263942421073992 -6.6062900861669771047 0.96233643018463921326 0.0061826207979433656786 -0.27179104168399825792 -0.076264256269429814283 0.96573749474300540907 -0.24806219877943272434 0.26094512518009360669 0.25944723249180962066 0.92983588616324985843
-1.2894221887858063891 3.1347963331122739028 5.3889358786569472315 -0.97724624347712296668 -0.0011259990046090960145 -0.21210495452960900775 -0.200027068398266894 -0.32777172645368002346 0.92333897743223902754 -0.070561685905105836492 0.94475627939904982533 0.32008845811496211553
-5.5235767774768325111 6.5505994021982134612 5.1558338795396538856 0.99969097520000349544 0.0038222002918019172546 0.024563079786811863742 0.012839972846997525779 -0.92548757855563346109 -0.37856026869766873366 0.02128589206433659578 0.37875867346386349332 -0.92525065688977847778
2.5528742216890645267 5.0607216427698782368 -4.9092524328527185062 0.79318402950168553911 -0.0093704734156563728592 -0.60890991909434455387 0.231180084409933706 0.92966725984082598799 0.28683541369935966481 0.56339583235558921004 -0.36828111573617006158 0.73956349009160360364
-1.394544754974799794 1.0982904465605012323 -5.8712847299557493486 0.99959399841858198599 -0.017906369016567919017 0.022163038472193741929 -0.010981440653280785669 -0.95986946150179452975 -0.28023209102033963536 0.026291563035676791815 0.27987493425653275914 -0.95967639071099963832
6.5178034665444277707 -6.9563737886612662109 6.5452666556201659631 0.88406646973973801451 0.0020977354409441434889 -0.46735647699358962015 -0.34161706930443624941 0.6853259755857669111 -0.64313768755020461754 0.31894240082139185821 0.72823341498008775652 0.60659033809054452302
-3.5299192641501022649 -0.37236349667786161621 0.70783361803007804891 0.48470105603507468439 0.0039046217802610446237 -0.87467116118403942515 -0.33898029395599105218 0.9226789591883330921 -0.18372778391101177164 0.80632328912665418574 0.3855493382176543582 0.44854705573877812208
0.22432987826686995314 5.6497533369135286563 -2.0848110202864589269 0.86961112335743062651 -0.0051261534617602286246 -0.49371066089715759384 -0.2582703641204004974 0.84750705666986891895 -0.46371134115078527227 0.42080032456014082598 0.53075937245172410961 0.73567763008291919835
-2.888054926568101699 2.7474310166100450736 0.98225515129037488382 -0.92189583181767775777 -0.0058669511014408240804 0.38739341006533595246 0.16546842031497940861 -0.91007055687134263966 0.37998918852289909065 0.35032595843826824789 0.41441182463902520583 0.83996104817053129921
-1.9502906174760945568 -6.6227416633585605155 -3.5334344985839312159 -0.98796458295403144501 -0.0069583334092052449155 0.15452366946422255167 -0.112026848573161808 -0.65665329756361845437 -0.74582600651745478704 0.10665818312393335332 -0.75416047920519124759 0.64797068110956956843
-2.451785317221703675 -5.4287999760959166906 -1.2927569488612788984 -0.94129670939354925796 0.0058806377999593758416 -0.33752914390304639136 0.22117180069778163976 -0.74462570001575889567 -0.62977424641847468134 -0.25503634929346252758 -0.667456354359600601 0.69961308990329507118
5.6478520148269133472 -5.2259588713039022423 6.7757816702246360663 -0.94985261681363208908 0.0042267380369429502843 0.3126693797254171403 0.16744039186186629453 -0.83760206224502931072 0.51998701954564019445 0.26409036617304809669 0.54626451468909287268 0.79489078399873935865
-3.6371912605260643403 -1.982377252467939277 -6.0624851334829568117 0.87278690654320711939 -0.00044719996150717423924 -0.48810123517447773223 0.12320927597461343861 0.96781776460810453599 0.21942709227115364534 0.47229491854181937516 -0.25165169286326372067 0.84475377205340773656
-2.3656883254886125201 -4.2332866798960209209 -1.4008848038307410988 0.87358465228418524795 -0.0031100886400096936814 0.48666228808288114482 0.39337566191584283359 -0.58425060320213206833 -0.70986394560511512086 0.28654047516137698404 0.81156734779467687435 -0.50916892686777981414
1.2354357001088378532 4.0389578011810929326 -4.742649245705013783 0.99535158228439635231 -0.0099555577167767615038 0.095792037844228364318 0.06299035296451910293 -0.68510142413696240027 -0.72571912891898948672 0.072852200222247059935 0.7283796575386437544 -0.68128968244555099254
-2.0677729568423282025 5.5975337931943736081 2.6207346679714134119 -0.69839088252613457097 -0.0021275803152521277975 0.71571338439789167207 -0.66918756786852817697 0.35661452561068412992 -0.65193103863348822458 -0.25384675340556711598 -0.93424919241358395094 -0.25048008355947048997
-4.9992449344583462789 -5.6220062113803512815 3.8919328735470113401 0.95891425206684788307 0.0069968500194049279561 0.28360976935375770136 -0.098189911453514133743 0.94609418101228903719 0.30864954550981282821 -0.26616197788538958902 -0.32381606622352659963 0.90791021405410332612
-2.4439876818052654883 1.9371847236539430082 4.2538887562798501918 0.86701364765805433166 -0.00085053052926317219192 -0.49828366556860648195 -0.017464533464099315369 0.99933225739115461028 -0.032094071233267060239 0.49797823732118629003 0.036528289520093154552 0.86641985158421219726
-5.312581477228675908 -6.1598727505202548471 -6.9703581672466556896 0.99628202871452486988 0.019605386836524591604 0.083891287196331723597 -0.049099174830459231533 -0.67093146225211930389 0.7398920488768589987 0.07079117382425213767 -0.74126014446165788829 -0.66747435002510635549
-0.56002250697717192995 -1.1989394878824963797 -4.3903896969243882964 0.97220557748971714318 -0.010969173357103297051 -0.23387174334161914269 0.22738193093635528097 -0.19383743507831210917 0.95431887031851070358 -0.055801187993153408828 -0.98097233701984898335 -0.18595564369082154266
7.1450472987639770395 7.0643701653429573639 -6.5678582813914569982 -0.99440510655801661599 0.012754293054681025213 -0.10486091769609245938 -0.031502324738862406972 -0.98331955402386717058 0.17913753992524750203 -0.10082701814213558544 0.18143864715953877953 0.97821977578130991926
-1.0546788557114927798 -1.5690001095302854583 -0.82284568879853636769 -0.98379849719172540734 -0.0031565352125969819291 0.17924997408263865228 -0.079664763128106233503 -0.88800980622403469233 -0.45287096348258576439 0.16060523789375971693 -0.45981368002185590838 0.87337124822475942221
-0.76467798108605133933 -4.1772501471546554797 3.6592683191556334421 0.41411730517500805471 3.3687544203246828911e-05 0.91022352003210060811 0.042194597308538091263 0.99892425757381486662 -0.0192339176588343444 -0.90924500191777912761 0.04637161303745502422 0.41367040018808270974
-4.6881268683189469826 1.2717176701116108539 -2.5835456923250026406 0.89078686274799734335 -0.0014145858791658073167 0.45441915023735540702 -0.12286598411265414743 -0.96349905542450953178 0.23785188698870238233 0.43749596009979496714 -0.26770799230280684089 -0.85844610532841059136
-5.3798958038730040343 -5.1571225374188225388 -4.0496867524687365503 0.66329882766163361651 -0.0046245125434237876333 -0.74834034977833696622 -0.64314758468644261935 -0.51479068918696246904 -0.56687893825611501697 -0.38261710564830586634 0.85730342365480760591 -0.34443430470151392697
5.3058085743895953001 7.223478832511708525 4.103217792214745252 -0.94002064216913305827 0.0017143266169067574063 0.34111325594330677013 -0.32460206693423993007 -0.31187994024716730879 -0.89295263089001020163 0.10485556941836403355 -0.95011997345369636481 0.29373005567405419125
0.40583144140991789239 -4.2488387324490402008 -5.2090493898681264895 0.57566362894799039118 -0.0078691277208283640782 -0.81764874067981563321 -0.64609076610569415866 -0.61726930999867835048 -0.44893799225129549235 -0.5011767235810213883 0.78671257506314962171 -0.36042366178984508451
5.9522205817534974415 5.5215472921008306173 6.7870069335464062732 0.78860506337576719016 0.0052401677742638522531 -0.61487770707663880199 0.27432800539269913687 0.89193528346876593815 0.35943788832148854118 0.55031463679929704114 -0.4521327136421134929 0.70194715597351076131
1.347939426390414086 -2.8940599097115011773 -5.8746476388803570146 0.99382778478411848422 -0.013513816545963515392 -0.11010772431461440801 0.10297739345568142355 -0.25673662844495920288 0.96097968763747743104 -0.041255189109413177573 -0.96638692063643161223 -0.25376037711685378584
1.9948340337485894747 6.3111343147591281166 -1.3927020332792661161 0.9949537061513187286 -0.0094618795386847212581 0.09988791444028995159 -0.07599220402165039745 0.57899626988682018069 0.81178106924526682864 -0.065515704556728532326 -0.81527528620267708526 0.57535545549139388566
-1.2152077498754472185 -7.2198145477715298668 6.9704710304898389595 0.8994243456144104254 -0.0059173898206842543909 -0.43703641840674506414 0.062915616673358834565 0.99124760376489473579 0.11605952442130199054 0.43252453305530341732 -0.13188317757779349781 0.89192452358772711385
3.6705684954859676417 -5.0288450274014273589 -7.0601908719449202323 0.99048655124330609034 -0.014199632412680639887 -0.13687498765413333435 0.043376910396905082878 0.97617070689029916686 0.21262453916185436453 0.13059416315590072211 -0.21653896057924168495 0.96749989307541306438
-5.6411273790144758067 3.4968161706300020519 -1.1574776965106077231 -0.94575296654884988268 -0.0079964248333554092257 -0.32478821323132928134 -0.29728006223192660062 0.4245700722689451645 0.85519870108233853045 0.13105682303297908065 0.90535976877884771774 -0.40391558302826607862
0.16487077318489321009 0.94148612592901392837 0.42537163412657863493 0.64598371756828487644 0.0044420037066716256541 -0.76333826396940429593 0.72734936076985401421 0.2998952245417754181 0.61727284217333511229 0.23166342832734199142 -0.9539618036903845244 0.19049654347394989751
0.75328295572228309851 5.1137022331677783882 0.3147567734750268964 -0.82860102820350645114 0.0012415263464384150224 0.55983818615083635883 0.44131800553709404911 0.61674614857876131069 0.65181485576962872042 -0.34446879981934303006 0.78716113142449162243 -0.51158440078395772677
4.7638194528721973242 5.6208354481970630445 -5.7639067774623704565 -0.99939035645000529051 0.01185322941591189852 0.032839250705958229759 -0.023092279773862061515 0.48104195750861472591 -0.87639339439039454227 -0.026185149404999663592 -0.87661743997524954608 -0.48047497529214122647
-1.6479311344509435244 1.7648590115759958952 -6.7690673519936979119 -0.99691243194437506592 -0.0031286919735462430381 -0.078458997707585215187 0.053447899139598520346 0.70496127825669929745 -0.70722904227428651236 0.057523257142643710593 -0.70923889307151999351 -0.70261744032041972829
-1.5276876562229342316 -3.6336853605672887468 -2.679848545869008003 0.88107539566241954709 0.010396356245944014113 -0.47286156846917515306 -0.42566183071622082368 -0.41842692475209153358 -0.80232843307089474205 -0.20619930414445283851 0.90819096252907860478 -0.36424033624922691477
-4.2157582112647684625 1.3579316343455354321 -3.6471014082578903093 0.7225806411697647258 0.0084974928753047736935 0.69123441003861529897 0.69128453626630748108 -0.0064159537748761730561 -0.72255416783526937863 -0.0017049708707530968933 0.99994331246918011225 -0.010510229414133334669
3.8838698857206863657 5.9317111332873233565 -4.3908893183826522844 0.86458828593261183304 -0.00054469268019242868956 0.50248064553586957448 0.021632088317482853213 -0.99903195985430337522 -0.038303993848006819001 0.50201508800361493989 0.043986890087574705144 -0.86373954692214993667
-5.2582662236284987145 -6.8482117476812423007 6.5056391831490003597 0.87637599826005407877 -0.0026513022498343150404 -0.48162026563474591434 -0.35086199207409335399 0.68152906532870771716 -0.6421946711317041423 0.32994086165785280196 0.73178624181426321638 0.59634547378174229681
6.8897636244067772537 6.3760894256085425269 -4.9977474568309663283 0.91057716063964666553 0.0043493633588847484955 0.41331624400672911657 0.34399596729706755083 0.54641576005186964782 -0.76360761628611673046 -0.22916371659758377755 0.83750277623746771649 0.49605754786104255816
0.49415247909965775985 -7.0466564805968969765 7.0659749607199113797 0.84133404996878613513 -0.014162639005637614811 -0.54032993255938421839 -0.26366981553717383502 -0.88340281043946777828 -0.38739863562262821794 -0.47184239395988303301 0.46840035670782725896 -0.7469711246749239919
-1.4772906563327203866 7.1687421776847974897 0.77479169387607627062 0.99010440974121050051 0.0055099740536115474412 -0.14022445577346753787 0.071616722289098821985 0.83947298983619478285 0.53866143766196838971 0.12068265368146047223 -0.54337348069391377958 0.83077130281371380782
0.83246531991723149435 0.72836350842355357393 1.6784464937996381728 0.62109682349374817356 -0.0042698036440995332241 -0.78372221138784370353 0.33812876033709288182 0.90359138387703441531 0.26304287182133212486 0.70704149615045808197 -0.42837411191617752459 0.56266148167550222858
0.30904363826288988593 -1.7734729307128718201 2.2192912178013632918 0.9679516723876102624 -3.5683127065265322908e-05 -0.25113653387891909929 0.21770071619476574765 0.49866741009419013331 0.83900966161195300597 0.12520366644110514365 -0.86679340839484908532 0.48269372180817582407
2.0514520232203019567 -3.3960320123816898352 0.36128785068927898871 -0.9873813238003533721 -0.0065905569197454100597 -0.15822353165595307023 -0.036700110699940211023 -0.96240944784851301108 0.2691117919502878375 -0.15404941832027946313 0.27152277851327349945 0.9500232404860405877
6.8917709584619268881 0.45312469285161621757 6.7334518774505829342 0.4672681686660007383 0.0050961577468996693135 -0.88410094883324630288 -0.11187334754020578087 -0.99160459384893129275 -0.064843531427124997957 -0.87700901515418228094 0.12920665088920896268 -0.46277513838181055794
-1.7861868246642751412 3.8203223673605459787 4.1996147699508723505 0.9394507273179205642 0.0035767727746371241748 -0.34266534350362304329 -0.17646129634099810835 0.86222949538600157648 -0.47478596038635917376 0.29375796471852239078 0.50650518653113740797 0.81065328851584506076
5.3674376577827729307 -5.6720675860542613123 0.97548967389341567635 0.86137506368603400375 -0.0041046562408146962386 -0.50795290279419769153 -0.43262094482596691325 -0.52999380530769768516 -0.7293460663043284109 -0.26621817698619260062 0.84799157904584177015 -0.45829920806110086007
1.8106220806302497639 -4.0795957023747524417 3.3663668635421344355 0.99997766709218249837 0.0017121379677480863882 -0.0064601780646250592244 0.0066375043269334028928 -0.36728464974760388628 0.93008490450936776028 -0.00078029055950754652032 -0.93010701246868077163 -0.36728781153653988767
-6.6348805849700038806 -2.0601137993640410428 6.7783513504234447211 0.99889617087232285275 -0.0027988438604915522219 0.046889298241469284934 0.046722990811093309538 -0.043601274996424764507 -0.99795585621231108764 0.0048375558082097997598 0.99904509172086675139 -0.043422376283064410829
-1.1614538941437699826 1.1617162478000471193 -4.1074943099848217898 -0.99935821194118956701 -0.004314719710976022693 0.035560475523870663239 -0.020903340685653460512 -0.73592434606991530277 -0.67674101930481500577 0.029089767511074959144 -0.67705002773453659692 0.73536184655635816743
-4.3516848534613501442 6.233215144169619748 -5.0269335048310193059 0.99003548006978259188 0.010725225790319826633 0.14040910844653625711 0.13660494183417218328 0.16892929644423471114 -0.97611576294480184579 -0.034188273859283670186 0.98556981606308902144 0.16578087825781820386
-5.099190678474818661 7.1858987669572789159 4.3121680018274126667 0.99711784196002761771 -0.0056242817361837650625 -0.075659610757328535358 -0.045167567721731423369 -0.84526885656015193771 -0.53242882243145883692 -0.060958182970781822629 0.53431163901285161355 -0.843086693255474251
