1125 14.717824617146108679 14.977075390850430381 15.033177056927090831
-5.4292724098208813288 3.805688402919040314 3.0093193483338938066 0.98965472130742682122 0.0037933542930638297977 -0.14341946540509462049 0.14233426225316003766 -0.15147263303626673503 0.97816000696712868123 -0.018013616591802342898 -0.98845417289028858487 -0.15044553071789537602
3.3427165135927645601 -7.3687424595478212552 5.8633533707279639202 -0.96897697904221402609 0.00068521338635823625732 0.24715004464662310157 -0.24492792614331404533 -0.13648496570920537474 -0.95988653763372955297 0.03307453826365636812 -0.99064190534124985099 0.13241861765125248485
1.1265129020915145563 5.0618107696104308602 -7.3659251021814506899 0.9999753866180853823 0.0058792913789827904933 0.0038288498037220659517 -0.0047572363620408909465 0.16704601462567081338 0.98593762363545278671 0.0051570204705510868173 -0.98593157111974949469 0.16706987223705183077
1.2554968812538507272 2.9216087682773044243 -5.9956783445122630027 -0.99883548929316201548 0.0077021958040486056957 0.047627108964187363227 0.04667381179785672074 0.40420991594921240608 0.91347462971914072938 -0.01221558925117363463 0.91463381745274430212 -0.40409870001156777963
-2.1288311119047254039 -0.31603790755892469111 -6.4085866582963140203 -0.79866067281579111725 0.011611535729181672594 0.60166959532245412046 -0.030923109098109920201 0.99770106923186685499 -0.060302054503558091825 -0.60098659803786980138 -0.066766373959119912351 -0.7964655424355689961
-0.33498171121571918007 -4.0149397636419275059 -1.1110433293150407952 -0.90553399893813013577 -0.0090940584655016133003 0.42417623090853934231 0.31053382520844946546 0.66702926792555694568 0.67723016702744698314 -0.28909673150792492002 0.74497600889648951661 -0.60119366763141990351
-1.576848879280533744 2.7897125176024943904 -2.3565094748510673206 0.98258378406844548714 0.0089084646925549192814 0.18560642915189967672 -0.10593041634811052598 -0.79379765690519943355 0.59888565418127925888 0.15266910027250515935 -0.60811669862667616648 -0.77902902813276164729
-5.9550426760724963771 -3.1265543210474331381 3.8118496723443362484 -0.99868693943286002135 0.0053772453918280909216 0.050945875577575364113 -0.047098944663589284443 0.29481444943788576163 -0.95439306882135421795 -0.020151585990831361039 -0.95553938989162356954 -0.29417407762650787939
-0.79716037923662974585 4.4277388605735836791 2.0797712831850931892 0.91892920179736536923 0.0032441591693816340843 0.39440917524244734071 0.34320573761946848723 -0.49935163796424686389 -0.79552357810913765235 0.19436806257504235518 0.86639333855569056198 -0.45998221613132261876
-2.0112163455155012137 -6.3869686424284068949 -3.1759219956490607473 -0.46579629331390098868 -0.00027823652868689142253 -0.88489193448661229713 -0.57119972616482439509 0.7638529061925563024 0.30043237264069222459 0.67584368456346344267 0.64539031623174403229 -0.35595878097059319156
3.7941373340311725926 7.1038941333773300002 4.8087622346803184925 -0.99508030254704982198 -0.0052808216863657478704 -0.098930806148475311512 -0.049063111289922724245 -0.8412603366165469776 0.53839934727530736058 -0.086069754231239928299 0.54060443852985096136 0.83686249673910106939
5.2503350667332684409 -0.44571407066990703649 1.4127487279194577141 0.97967559349670585434 -0.014829122499873666902 -0.20003956766780767174 0.15045050884154204107 0.71389867082843927459 0.68389570270514665751 0.13266640831855419647 -0.70009198318158427643 0.70162015306616254406
-6.7178424852228761921 6.6861861272661355926 -1.4026855018687656163 -0.99837503763202406493 0.0069336658812475596148 0.056561546219186721596 -0.014084858903713763992 -0.99179850896073784572 -0.1270328082546443027 0.055216854156331318659 -0.12762304611961966527 0.99028453341263444898
1.9918605256692152317 -5.9098326089864885446 -7.2644934716904927541 0.55426889332700446378 6.9928698670880453259e-05 0.83233766525380414869 -0.59254161406918093302 -0.7022471736111406404 0.39464331079036479855 0.58453436980773265663 -0.71193321475068671589 -0.38919232809552278818
1.6895447867975941225 -4.9032599763646276259 -6.8223979250597093227 0.56825832065293058193 -0.0038338114579446625624 0.82284128657867883216 0.25887371137695031065 0.95004496356057022144 -0.17435300046490487258 -0.78106778359288520086 0.31208952097576853069 0.54086342853847735324
4.8185772121628112075 6.6460012847017901905 5.8754786155890954547 0.84250946443406438124 -0.0020813295115638245393 -0.53867751986371670281 0.53866935319999087461 -0.0034715189429331571626 0.84251010467485598632 -0.003623570359039920627 -0.99999180827820022266 -0.0018036391435860745641
-4.8992139300255850287 -2.0753353196430257555 -7.0521332311066693421 -0.69166385824483189726 -0.0095642167765468445728 0.72215623860445110616 0.45961811105228428387 -0.77712346523637521045 0.42991895953980174827 0.55709272046097457753 0.62927549255989867483 0.54190410154655421771
5.0879716239721037851 -0.75422410653951488246 4.2106891252358327193 -0.92347261646479050778 0.0024011008655155114538 0.38365682758731450841 0.35433133593470755862 -0.37814469262233496583 0.85525194873583021415 0.14713133933475583404 0.9257433910951776701 0.34835548342076755324
5.4368383558834958436 -4.6340339651799347109 4.0974591018051995661 -0.96988079683853056778 0.0061586103846501209086 -0.24350217954230943262 -0.1901292778903573566 -0.64401989385530111765 0.74100555598969131132 -0.15225668331017255808 0.76498395266620777821 0.62579345997752500175
-5.3566798935881587695 2.6197597258360652006 -6.2432436421318158182 0.99742317721304663003 0.0030079814506244507977 -0.071679548029277173615 -0.058821662215899447879 -0.53771818181262087677 -0.84107025212054642438 -0.041073319956584898593 0.84311927329170632817 -0.53615564287999994963
5.8317736518836245097 -7.1169673185959361206 6.4689322356121001789 -0.95081541748790243673 -0.0048530319925162383049 -0.30972001864236786695 -0.054681506039599328539 0.98680418723511287293 0.15240547546722427175 0.30489338261855869483 0.16184543285378932831 -0.93853400636298223159
-4.4996466949477760267 -6.2978505048241206765 0.44208459767150426467 -0.90251586717619780575 -0.0088220143181065215771 -0.43056623364849799795 -0.082219830489015058306 -0.97787043557598019028 0.19237804110876630115 -0.42273515227533747796 0.20902531734176885148 0.88181823962810335082
6.0324068517235414078 -1.0948398194299273634 6.6657926526804036627 -0.96342037788028778156 -0.0058670878503463592957 0.26793049987864320238 0.15859131632064138451 0.79343199570531064424 0.58763463357661738229 -0.2160323352481151038 0.60863063139413065006 -0.76347808393960003848
4.0072858733577065848 5.4726280478055171486 1.436828521563875416 -0.87294213042427704075 -0.005928024562514647329 -0.48778775656554529405 0.17877156525427723155 -0.93424962518714493864 -0.30857473210590702362 -0.45388629015092235575 -0.35657046479271536921 0.81660562038880002422
-6.8840115562137542682 -2.5741651333232278276 -5.0909090090006428042 0.87717475779955111914 0.01402056775956599631 -0.47996652795683242276 0.47928139367845334906 0.035261438229166053304 0.87695266499828339324 0.029219684339148888769 -0.99927976795979867042 0.024210646282284538355
1.3836860002854953766 6.808060618796719865 0.50306768181190497646 0.021999510452596571231 0.007232542623660574363 0.99973181997320714753 -0.3553247120122309255 0.93474233478591117752 0.0010566893204848055565 -0.93448401301100358918 -0.35525266766920632344 0.023133774889482084519
-5.8410277382947173308 7.3161626330394975426 3.4817790769792806849 0.99594671005372970018 -0.0038015115480762220329 -0.089864894387423899236 -0.046032612607748914224 0.83680330063435925947 -0.54556505993694259793 0.077273212110133118746 0.54749044243476963079 0.83323650072039256997
3.2205465463478502031 -3.7883170314877609997 -1.746181881840859651 -0.88643953888004412001 0.0053590406659330749872 0.46281337987700887915 -0.38898878639929412859 0.53325636654283548044 -0.75121592874293752207 -0.25082397805168221705 -0.845936716442061587 -0.47061492093824136562
-4.9413857933140334922 3.8191511153073189888 0.16116560654475409198 0.99999827300528165708 0.0013171249976540371027 -0.0013111706138987117704 -0.0010218091736148449816 -0.19965067145924977887 -0.97986660586624485525 -0.0015523828944112301291 0.97986625340793553907 -0.19964898081314436107
0.72671353808922856121 -6.7789952401772968216 -4.5599558456915492144 0.91640129099878708807 -0.0060532452831915505714 -0.40021498232469288059 0.090927415788582460765 -0.97059529214157680421 0.22288334152750735595 -0.38979594522470234486 -0.24064109602065811289 -0.88890437280532308417
-2.4316344214695275738 6.9961969131366181784 7.5058009106758616369 -0.99812996339853099492 -0.0014689588723660954028 -0.06110988729971888328 -0.033429261641654869908 -0.82385356013891730687 0.5658160442339117413 -0.051176758709923615698 0.56680080593294701607 0.82226381761668465575
1.7032299976504270411 -5.8317120812258265161 -3.2567111112821489627 0.63515940396308057103 -0.001080975672970865744 0.77238032280028590115 0.76013751562189812994 -0.17647252934059298735 -0.6253386312489713772 0.13697988502522578935 0.9843049719877433601 -0.11126649638926661146
-2.4508845757775015173 -7.4261455530052282725 6.2224198931733987195 -0.7733701917750093191 0.0086221382148766161774 -0.63389605236704105184 -0.23839319776440126564 0.92256186277665697126 0.3033946153274212354 0.58742423318560865741 0.38575285881330090287 -0.71142638563928184414
1.7114869619053836303 -1.0342594670256395339 -3.2283486392443156987 0.99918568782027028519 -0.0080496597630907613941 0.03953687181549792734 -0.037712199038196766998 0.16204012562533876007 0.98606327775202551322 -0.014344033566567106555 -0.98675133679415127919 0.16160460400623458121
-0.87019765246537261749 -5.1418605803640211604 -6.6113082442186241749 0.9975936207490273544 0.00077271283853845660478 0.069327994026541148176 -0.06174359891215636803 0.46476635516823722183 0.88327796479762121784 -0.031538798871412337954 -0.88543302288687031343 0.46369566112617582876
-4.2855704095954623156 5.7451683543570020163 -3.7552320587217100645 -0.78626772807908329455 -0.0042466856606349547704 0.6178713664202684086 -0.13649875991064081004 0.97646438873548591086 -0.16698917951236669222 -0.60262023557462618406 -0.21563687808964943082 -0.76834210380763900972
-4.3693614117526573537 6.8815793837710392822 6.5126832859198291459 0.98432844902974092616 0.0018910800234312782463 0.17633470516898552827 -0.17273231982858749944 0.21170188789429347787 0.96194898843363474406 -0.035511267469971366517 -0.97733245852079297933 0.20871084160705766219
4.9715595956717519854 -7.3578979829229167464 -7.42590348040025372 0.77333126432441101628 0.0012013839851989982152 0.63400103493200110627 0.27454262926053030203 0.90074281989580073926 -0.33658389314539272075 -0.57147624652043593763 0.43435115872144580695 0.6962427526231577124
-0.326503088676529718 4.4347842123835770067 -4.5959929948920512643 -0.9347908844488713731 3.2513078125858720091e-05 0.35519853785477473185 -0.14569921073467881345 0.91196458004653713214 -0.38352619823420419642 -0.32394095502506614626 -0.41026894067621200168 -0.85249143923777348508
1.6661939841401640638 3.9829769702655934971 1.6415954497679854374 -0.80966797882104646344 -0.0037983727700150113349 0.5868759122985832688 0.24120997905233565461 -0.91377079369518821039 0.3268649302007356483 0.53502851333126755229 0.40621239389497537653 0.74076715705324558403
6.0387477375441829253 -3.1842695720861300401 3.1344390965726001141 -0.96606743229537983542 -0.0072647282547537118599 0.25818779983120515586 0.15001206018099402795 0.79795074248598918398 0.58375593732839503591 -0.21026197482794667382 0.60267888322826490555 -0.76978442803944968631
4.6202641205014591819 7.1235136975978958773 -1.7391153989954546422 0.96583938312534334258 -0.0041637712358224918813 -0.25910798716571992184 0.25859989742619404751 0.080093294844994653015 0.96265838030530526126 0.016744523138886888841 -0.99677867509800521795 0.078434009300074672422
3.8813838813849841358 -5.9942506818327849771 -6.0588419530345536401 0.58450266177967558079 -0.0020139254173755019584 0.81138929157152916982 0.35141274773910335938 0.90197204226940352889 -0.25090937744669439269 -0.73134514362169733559 0.43178973942033771483 0.52791277862198748849
-5.1444582644351966039 2.4117618370889624124 -5.1550482908600745446 -0.99519158035870347589 0.001996836422738790251 0.097927172059364422929 -0.094931312153227059847 -0.26586498640739686383 -0.95932468694153705258 0.024119791792365667671 -0.96400820621343374928 0.26477615828653511265
6.8064129285723504736 -3.6124543952884868858 -0.4032298799110337062 0.30932129568184574264 -0.010045977291355789526 -0.95090452432304983788 -0.15121310167386062262 -0.98774125473401819253 -0.038753213783803919235 -0.93885831408145936638 0.15577641681810683316 -0.30704848809830181944
3.3351741072448626291 -0.23064841363764473914 1.643022360536332549 -0.40580796365375643164 0.0061012270738015740926 -0.91393800208959741216 -0.91111623120134588305 -0.081500665862187668398 0.40401095864537672764 -0.072021593128105285131 0.9966546124371425952 0.03863254626708655104
1.1782848594791688335 -3.8525657363037835168 2.0417298160153700692 -0.86196168279050677796 0.0040890934832479011382 0.50695693773283811989 0.50664897500515038153 -0.028821815027867021819 0.86167053976836560647 0.01813487047532595306 0.9995762013438104221 0.022771565160503833003
-4.8241432842380334023 2.624118584717656244 -3.7862170117638767053 -0.99526897469803110585 -0.0039694012610270827668 0.097076834812369505734 0.018510811640830845265 0.97311612066116759401 0.22956995788153775062 -0.09537828817892296529 0.23028082760611667812 -0.96843880683349581329
-5.7225602603475929087 1.0036504064936604408 -0.11388316249206642539 0.989110116199013234 -0.0058943109969485296337 -0.14705929120785057873 0.071055524956560464633 0.89415910376590868047 0.44207534372065349082 0.12888867446687743423 -0.4477105697327177225 0.88484063838847171191
6.493885801277778036 1.8929504563246641879 3.1681894411160169689 -0.56205413701636186552 0.0021396123202240572778 0.82709767810214085415 0.75525801639809064802 0.4089737210050155003 0.51217753191038806193 -0.33716535369064853933 0.91254365242783541667 -0.23148133117866537267
-3.8462520841016902828 -0.12708651745978183367 -2.0249603392859758522 -0.71773393605843383014 0.00016792727674362455115 0.69631743395542722297 -0.48441058402860209808 -0.71847714210267155099 -0.49913623626927766663 0.50020434135578006885 -0.69555055033867285719 0.51575677291960142501
6.7899430442197585833 -6.8125958436357558767 -7.0998479223735069255 -0.76623209806710212977 0.0068322459401440526969 -0.64252758097008333404 -0.36240736602783230058 0.82113167167358036558 0.44091232555172188423 0.53061216810446432124 0.57069790449072044236 -0.62670138732048963348
-1.3897530463381899679 -0.26813652682311506226 -3.6965720876247316617 -0.98106029802927008365 -0.011166931360948664786 0.19338043146794769989 0.18683061941278580886 -0.31811088607383680715 0.92946209380009758849 0.051137180999548489946 0.94798774454386891541 0.31417228540106706403
-5.1742086192820657686 -1.6264876933664049741 1.3664250175110748131 -0.84758151642027601547 0.0066603164037024164407 -0.53062341939263213408 -0.44072213691061001839 0.54812675575893188284 0.71085937966544177069 0.29558344178838641403 0.83636875826800893829 -0.4616467579587446024
-5.4748199024427801618 -1.2961171136384443958 -3.5540981515512131139 -0.9385490393941465781 -0.020550994908432387853 0.34453353575603079539 0.28818730832116967733 -0.59597703104620525227 0.74950613992684056441 0.18993097687027568621 0.80273845994426307193 0.56527620589530580553
0.30552715818414211135 -4.2891982822009131482 5.7802905618675390897 -0.12063081041374884572 0.006422921349493614443 0.99267666118436681533 -0.75947838066918349487 0.64334207240732721456 -0.096455000734558690723 -0.63925018332032201851 -0.76555190807151940469 -0.072728805662083798045
-5.668339009381919702 4.1503448386222050459 5.1326773396827825025 0.99741875341542762801 0.0080195516738581149041 0.071354867571120791925 -0.071704607124282379593 0.16354170949548527125 0.98392711039604241474 -0.003778842718246817195 -0.98650382464857022669 0.16369460681853828521
6.9370079936038511192 -5.8995520152250806589 -5.1521753257056213116 -0.97416769588150675663 0.014685502483174604077 -0.22534781187721100726 -0.20901184954250612291 0.31920376690823876187 0.92435004297209855118 0.085506415267113264345 0.94757231450076084833 -0.30788855409019033615
-5.0945469317659002328 1.978092874193277062 3.1233280775804552754 0.85089575901425484883 -0.0014485130002746104266 -0.52533256999886657201 0.52369114804024452514 -0.076697994905618474548 0.84844858361705322025 -0.041520943580963164121 -0.99705331822716802836 -0.064503425154081348025
7.004184266107455592 -1.6355351496020851254 -0.16207217730176892712 0.92512370452694192569 -0.0022640915969657521983 -0.37965906444006708442 0.36332414896736275889 0.29550146967853962998 0.88355783296557588447 0.11018935565381016151 -0.95533960208239543377 0.27419801347483585552
-0.32759711285527920444 3.429697705529737739 -5.1622014640129849639 0.95992130345916648615 0.0074577837381488137208 0.28017043496219395937 -0.12979290739432752799 0.89782105988866489632 0.42079822434320574009 -0.24840469471272225155 -0.44029731532452975884 0.86280552951558753261
6.6856495778090243576 0.70378324678884862653 -4.9718487208486186191 -0.61121016259073612797 -0.0014862856208065038099 0.79146694694141273008 0.26810353599637121169 -0.94126645811328790714 0.20527530006567462628 0.74467619213457136862 0.3376614366282382762 0.57571010333511518642
1.1171495135587137248 -1.9113966464855434157 0.40291444732555214969 0.59513223128717096522 0.012642551820977310575 -0.80352833998973705043 0.80169439708746670359 -0.078655869902796882176 0.59253636834254186372 -0.055711048830881362837 -0.99682165908115538677 -0.056946106318862113604
-5.4292534753242911449 -0.39620481426196779706 -7.2656516801900909996 -0.91050701782815557372 -0.0060730678063817813625 -0.41344901539756245823 -0.40142348649816839146 0.25280886853562628547 0.88031066134484525776 0.099177391442798551457 0.96749718027345810167 -0.23262212102337131991
-0.61597298599861882717 6.0317605893715766641 4.0314334224596475309 -0.99543884324422104992 0.0082685162695815307698 -0.095042837706579813561 0.088788233933173199564 -0.28417257463862516387 -0.95465312932931478684 -0.034902132823631616676 -0.95873749246699080384 0.28214227202323410859
7.1975048547550084521 0.96302996054793144065 -1.7936469482019421484 0.98652610749727487338 -0.0062698722398694603508 -0.16348372374168301802 -0.15992747987762986894 -0.24760610380156047872 -0.95557020597152575458 -0.034488264762966708288 0.96884049567640384559 -0.24527261064230906906
-7.0672926804774887088 -5.0866107281618937463 4.5769927868091535572 0.93698970954877947026 -0.0087697744442430721618 -0.34924686864160781052 -0.11122813628396635566 0.94017600272908052883 -0.32202078440852643926 0.33117757457071766991 0.34057623955362914536 0.8799597940547625452
2.7177907871747915003 4.0151610962075796607 -3.1360399815439983229 -0.99627644765355771739 -0.0014583993416087005085 0.086203903173217466538 0.026368176256723701439 -0.95710160404380351107 0.28855023621153519375 0.082085072527385824492 0.28974884401527523092 0.95357624145103592195
-5.4311358102154363436 5.528214158904524389 -4.161708773605012901 0.75764421765770206818 0.0035307440502116188737 -0.65265823621273888477 0.60434629860625266318 -0.38140362199589605829 0.69949755431260951521 -0.24645646838884899266 -0.92440186660064083135 -0.29110204089689090123
-7.3079024312514988537 -5.926747652242069897 5.3959026575429378525 0.90937887511463433299 -0.011509982069587993553 -0.41580954992384372426 0.091079755069549822588 -0.96985105436883289887 0.2260385156475339663 -0.40587502967242172769 -0.24342648305479341886 -0.88091373450292376202
-5.1396682789704861705 -0.04409656006397928707 -5.4604566341033748955 -0.79750928235923324028 -0.0074359287033775502834 0.6032608486509789536 0.40600470191893239802 -0.74623243779775771944 0.52753893770810789121 0.44625007178766973315 0.66564394066400789374 0.59814631795794792612
5.387176788812434225 -5.4726103386391704575 -2.4882677320400090615 0.99998859430787134794 0.00336334759663548628 -0.0033910392346135692296 -0.0037586228135104557055 0.11610403516709699723 -0.99322994607116277255 -0.0029468642134216427655 0.99323136323365113221 0.11611535247522694614
0.019512267018222905629 -6.816985926170769261 -5.4621476189245026234 -0.984235194222530696 -0.0024384917842498752064 0.1768477769480582551 0.014660960981127971192 0.99533880561554954891 0.095319034085022805169 -0.1762558897647428513 0.096409106383250869898 -0.97961173202940921012
-3.8249273418326192875 -6.236991551077619711 -2.5365436995588619418 0.94437844895318923122 -0.0033003879535210456538 0.32884411594569812332 -0.22156994841789195982 -0.7453075071164071419 0.62882706509345476231 0.24301461501485732697 -0.66671270220034450915 -0.70458361435230709713
-0.21517966271688579449 -5.1290048039034230598 4.0997112925760417212 0.84411227079206618829 -0.00096103396151422547031 0.5361656000827316193 -0.029980487757065434756 -0.99851845299630659358 0.045410014092215414405 0.53532760497869946725 -0.05440565632119347822 -0.84289049105334712397
-6.5993165389074244231 0.21757260671516323591 -6.5569633595234888546 -0.99037790675814407759 0.010424939222613494733 -0.13799609576937921229 0.048627251720368608323 0.95978764702084018445 -0.27648338650985215814 0.12956462555619266408 -0.28053340847046454032 -0.95105941693265749759
0.32195571198171790694 -1.6575471492746600699 6.3427589914283215577 0.98276243842513666404 -0.0077683617150780311794 0.18470961582166725568 0.086376140535453019287 0.90265482879040503938 -0.4216081384505213081 -0.16345382212386566634 0.4302951459379179 0.88776626170144268269
-2.0903925145133066543 -4.928438567608086629 6.5580888924288540665 0.91818522241584932253 0.0085356566843883437123 -0.39605938936249801552 0.14753754570358218468 -0.93521391766509986976 0.32188134586078009924 -0.36765278449236049596 -0.3539803254002147348 -0.85995892883595093092
6.237051090569726064 -2.7696442743331037839 4.3788583413738466632 0.99233797898342979149 -0.0088927111969752357934 -0.12323252474392396016 -0.12292358387042635892 0.029486250491300623755 -0.99197800054255769187 0.012455038965898772296 0.99952562784525278428 0.028167202289672947646
-4.8587756059304272327 0.69948356625807706077 0.99773558528364292286 -0.69958095422389998674 0.01124429507770046896 0.71446487269516045782 -0.16218968069059833126 -0.97627747068105996675 -0.14344618404847850335 0.69590300758413281557 -0.21623104788348448957 0.6848088331545987284
6.8908536241852207382 -7.4431853177867317584 0.49410361299142602221 -0.90649505445862355035 0.012974565634884954041 -0.42201703388436268005 0.41306838658161509903 0.23419117516164228432 -0.880073293245106969 0.087414096396841056702 -0.97210398318441026966 -0.21765252497522197261
-1.9809485738800045596 -0.47417428944740724894 -1.7518329238898480149 0.99999579006679373272 -0.0019338615107057828286 -0.0021633373131270147542 -0.002891948423635721209 -0.72527980352471754788 -0.68844814128111242457 -0.00023766149883465317698 0.68845149922037995882 -0.72528234277288394782
5.1159656822145791466 -7.3812544772230568313 3.975933031792398431 0.77773302949463762879 0.013455485454618974078 0.6284507019206024836 -0.61575872594937874904 0.21731742099916745437 0.75737330950298709098 -0.12638246021676216579 -0.97600824199466107434 0.17730026877618595971
4.35941756010930348 2.4026727914120797891 3.8206611161593064807 -0.94004615732388063787 0.0020659344046138842371 -0.34104098582956177133 0.30806293185104949295 -0.42388900771442550308 -0.85171317892712283815 -0.14632310863242947718 -0.90571178696863430257 0.39783879502411423346
-0.032620302945115191295 4.6422913868960593575 -0.13275452085252775758 -0.99155599751742828918 -0.0035135968692958288034 -0.12963162586391394071 -0.088631684235215099643 0.74807380932483635849 0.65767013034782706438 0.094663236457994889839 0.66360623146499264635 -0.74206848823012583338
6.4806904677332237696 4.0250253344899755703 0.98175196040609491455 0.98236628746726506467 0.00060877405170332334061 -0.18696552260210294594 -0.14179245487204666931 0.65423011202541692111 -0.74288482301134806107 0.12186622579317264725 0.75629530602368000292 0.64277992586703192046
-3.8335357496045712189 -2.919241164121481269 5.4622598916023568094 0.931868640083094113 0.0037644528175013102986 -0.36277633126323954871 0.013314762509305513513 0.99891764744869104842 0.044567372762850762657 0.36255145114743836388 -0.04636121774337995799 0.9308099068876317661
-0.23297253853387045464 4.1575123548588948097 5.920946087867763552 -0.69412956773580491987 -0.0053896669741043895865 0.7198299067729283518 -0.54386169810232343202 -0.65117980754234960905 -0.52931966861852319806 0.4715915568923398915 -0.7589043482146458075 0.44907192489498121146
7.0441073630029471531 -3.8262707192716525206 4.024125214794717742 0.93707034554648760416 0.0077991711290736828732 0.34905349221447123931 0.34234132267407701988 -0.21686692367443713425 -0.91420520464810595129 0.068568114216300934949 0.97617002122872875702 -0.20588954166532708046
-0.25904452478505846091 -7.0279489686749094801 -2.7336438079209930407 0.85058999856324091215 -0.00037943276321493468739 -0.52582935480538783857 -0.16731347094555337751 -0.94822215138002585721 -0.26996472745929323001 -0.49850060860990624834 0.31760763161933669441 -0.80661176259262667987
3.0079949070809268719 -2.1662639335277553698 7.0801335000218887927 0.24739281172200824899 -0.0067467194944572711143 -0.96889177852039987116 0.5013237367453419191 0.85660988203934373963 0.12204106263215920569 0.82913889529077644536 -0.51592052853978487281 0.21530141789424414589
-1.6325312199206201136 5.0654345262809696848 -5.4056848918400151049 0.99863734297380146732 -0.0054525609591168974072 0.051901125200804275328 -0.051550104831412466022 0.051805439871446382072 0.99732581591562530221 -0.0081267404282137356564 -0.99864231133012315578 0.051453766735775487151
0.17387491299329607686 -3.1485431407340840337 4.955252541098283281 0.91422999049238351521 0.0031252565340703667915 -0.40518360931272717762 -0.2645865677720796727 0.76195303764898458798 -0.59111886839468574806 0.30688348381556224131 0.64762473793793440269 0.6974272192652749558
3.0706334102134693609 6.2074498217631370878 -1.580141435802639327 -0.98615702710241548434 0.010256383307634300839 0.16549659965617877222 -0.060876829434425960841 -0.95077987817141751403 -0.3038282983896176126 0.15423465737094035899 -0.30969731975873376895 0.93824263418355069444
0.48299839014585249641 1.4937019325843925444 1.8448542214320005073 -0.99727952747900505681 -0.0012691763205542913422 0.073701650339702634573 0.027014614661094237674 0.92399275759806187569 0.3814545772448345029 -0.068583924253763223211 0.38240786223322892345 -0.92144477438220007137
1.0265464916839994736 6.7826545768834654027 -3.1487356894006786057 -0.98602684754081870722 -0.0061720003837438461303 0.16647210679284621393 0.13522169567924918754 -0.61329869426117389342 0.77819008258607658135 0.097294136238626274804 0.78982695448360884516 0.60556356646076325845
-5.1077898124715348516 7.2515202995505516625 -2.5594010079215263609 -0.97610740973155196709 -0.0039965187767391410073 0.21725181818528291333 -0.079972767896435453805 -0.92304158425572446767 -0.3762958810955794875 0.20203633599461995329 -0.38467942701970803121 0.9006681172139228142
6.2396647481121956247 -6.513899645620991663 0.67877783219263354564 -0.83837652113390770392 0.0014309860227170231178 -0.54508968169509341983 -0.34967004864114414886 -0.76854175044470840472 0.53579327627981376825 -0.41815746542990317458 0.63979803852658545527 0.64482773203609577983
-1.1372365033463749384 -3.1617556747436745823 -6.0461694666358605232 0.9834251855724882585 -0.011931763978764558728 -0.18092135692076541376 0.14012512295355070147 0.68325263901392119248 0.71661062034945177679 0.11506456578340906738 -0.73008455968383823009 0.67359979320976337558
-5.6652246339651659568 -4.3123452805785049691 4.7262752479811496187 0.95755901427232881229 0.0080225981364830944997 -0.28812561861943897235 0.14651740478129665624 0.847285523496163262 0.51052903127036886044 0.24822043485956751807 -0.53107709383186718632 0.81015044042767381249
-6.0992617259213650627 4.4613308944428515801 -6.4908489794502690629 0.97789800960458783674 -0.0044151848541747196197 -0.20903585566587143396 0.077020051081941695581 -0.9218643633074899979 0.37978152587377939087 -0.19437951163274447275 -0.38748755051793309923 -0.90114926824089047752
6.3538214301744346812 -5.1225835167723801078 3.0749105668016118997 0.3776310690388948732 -0.014619559962662708949 0.92584072289077945506 0.77671362268899424297 -0.53933456565895776524 -0.325321647934524949 0.50409396348880175509 0.84196466360050326028 -0.19231427721869062686
7.1938722235701924035 -2.0689788215459721243 -2.0609425518531145904 0.19022373312976725845 -0.003512904950461524442 0.98173448083123127095 0.63328712222721827985 0.76456144211083187923 -0.11997175525344784541 -0.75017488106133700665 0.64454127931129934215 0.14766240919212647587
5.0111980034323231337 1.1385933229629841001 6.2385041954172741896 0.38837738075965233531 0.0026644475220753255883 -0.92149656040251959332 0.34710362869374944417 0.92591973690939410879 0.14896882811253497891 0.8536287723957501905 -0.37771092322172733491 0.35868144281117253502
3.2265369301116546552 -5.845615907692035762 5.4773864130633391767 -0.30165561123690165513 0.0080191794709448677159 0.95338323090448562347 -0.48971694962828676845 -0.85927625105728200339 -0.14772147310286576349 0.81803496346809045914 -0.51144893892703879867 0.26313263084302718209
4.4342599804537039532 -2.6230658861569322582 5.8231709761421912575 0.89031860267708395895 0.0026723457940205936484 0.45533025848832475724 0.41236131312330348564 0.41936003680867262045 -0.80876158845925294472 -0.19310860458910106274 0.90781607063096680932 0.37226206996945887528
-3.5894893861366630183 6.667217764046977635 5.7141116259805695421 -0.85664544424060917738 0.0035460131858953847922 -0.51589340822722884461 0.34242348810296951989 -0.74404396768796632333 -0.5737113637907105268 -0.38588176642233279479 -0.66812124643494930076 0.63616763703063161639
0.42134014509750827848 -1.5789114510773663014 -0.27854600031352183542 -0.77681752053330777041 0.008549204205706605747 0.62966773055301406004 -0.54337479254570075771 -0.51447033688423338127 -0.66337327900066578312 0.31827405583599449601 -0.85746555824327341799 0.40429499354811737621
0.0066253111191337732064 -3.7591837511814727435 0.65482404437927554941 0.12505402394454306902 -0.0044536362904014879793 -0.99213993782075127204 -0.2939520071308995286 0.95492586771690446401 -0.041337690656302203407 0.94760419405937212911 0.29681097063437544836 0.11810816700012151392
3.2062614788938272881 -0.58956296506366412391 -5.4309940750153664624 -0.88686298195456092497 0.008299669326492193494 0.46195797073739952587 0.28229631961806456175 0.80124582250053388854 0.52755466053819100036 -0.36576336499001388392 0.59827773434622000259 -0.7129382255263783108
7.0515765533685321742 -3.268172393378786289 -5.9674488028952197283 -0.90767582823309089779 0.013316097875604128095 0.41946069229266841338 -0.18973735090826127081 0.8784928595451891864 -0.43846326345355135512 -0.37433184277002840012 -0.47756986637080844904 -0.79486017274930720333
-5.3775557905054389707 7.4504660515314036218 4.4734784462705166064 -0.9694856051036762068 0.0024465226036604059701 0.24513603575153297687 -0.034282859139266923243 0.98877099973318638426 -0.14545307028656867532 -0.24273925736489052052 -0.14941862204459130381 -0.95851537719552382111
2.1222751648223217025 -5.9479002380003098693 3.2887014519363622078 0.8580230609819098353 0.0051479209270405027962 0.51358536362838891343 0.40517334973040919355 0.60774269230138500131 -0.68299588331296490207 -0.31564376041885550128 0.79411732059211959101 0.51937144477164109979
-5.3875370107845679257 3.4392577928679259891 -7.1765954082822069893 0.99180869803679139185 0.0027837900154940396075 0.12770182853719205807 -0.12185660552701524373 -0.27911130134356304522 0.95249559009581008517 0.038294571260493792675 -0.96025472244386456122 -0.27648579319106914021
3.7398297148509951349 -3.6255105708623927008 -4.5648920373117309879 0.99990148800970835019 0.0044114018961560821919 0.013324931877079082901 -0.0024855767472687982471 -0.87867457578684982078 0.47741471675474594916 0.013814347051237650665 -0.47740080582159966083 -0.87857705092751325893
-5.4841860617328173078 -7.1055764779917494067 -7.451014057895650744 0.99975460850939878998 0.0013720152381673932258 -0.022109734016757844055 -0.0051390697351374938634 0.98521589023814204467 -0.17124029778199434393 0.021547916984273059182 0.17131190033499038572 0.98498117752442004846
0.19359225542263591713 3.3530824602852358218 7.3022464406641169887 0.99934165517698714254 0.0018069401475806273413 -0.036235220372294305036 -0.030271596878250844886 0.59203113757588532451 -0.80534636186111130396 0.019997166063421535631 0.80591306423693598315 0.59169607590519335272
-1.7830436325890288707 -4.2026263467472828594 -6.2395370823646567615 0.77744154872013815361 -0.00070131658479434446501 -0.62895480479803089757 -0.12012046888307370551 -0.98175807334941023186 -0.14738438984040896917 -0.6173780942654848447 0.1901330943533385831 -0.76334375949031363362
-3.4159975260455319734 0.043971736480497305988 2.4845869254736800968 -0.7901325626327395657 0.0057739311182181986271 0.61290879842505696651 0.27528742297394753757 0.89677013599603094818 0.34643925576932116384 -0.54763799011725444732 0.44245902059402530959 -0.71015677626498718844
2.8799310942844118522 0.80175237884930561361 -2.3591052359996331766 0.74396391293245067722 0.00031623471058183283064 -0.6682197215361858067 0.63637122154393632734 -0.30537952460142797628 0.70836079390723338811 -0.20383661262143237813 -0.95223066845692683202 -0.22739258872095172159
-0.0092946042767501641652 2.5174836988344155841 -1.3780390969921187949 -0.99373078638087508629 0.004318812200581401313 0.11171603313859719553 -0.030115196154775425441 -0.97265895421634018803 -0.23027729749860995079 0.1076670755598689716 -0.23219799018047676542 0.96669120933029106801
1.8879195434820565946 5.111977466060724673 -5.5170329088484013624 -0.99996579784415740022 0.0031939874586175915142 -0.0076289963801900936846 0.0014861647717488318289 -0.83801511278646845238 -0.54564499636279062411 -0.0081359975371911672642 -0.54563767207334712417 0.83798170407147876126
0.14393912906759878667 -0.39647734949819590788 5.2907126960916617264 -0.94966347965057951175 -0.0084133854228153632376 0.31315888996426877178 0.30642583834422432165 -0.23278857236354830174 0.92299116256438895611 0.065134330525176253879 0.97249097451992116969 0.22364888433507801313
5.7323348728830065824 1.0879805232217363287 -5.4052495583666040346 0.58679633549083987099 -0.010135901153619140957 -0.80967112098822913158 -0.70413666115291606573 0.48734933483985010128 -0.51641280798576139066 0.39982699142886268806 0.87314826309112969493 0.27883774419187701277
-3.3586675277541617746 5.2388959256112155316 1.4365947101031635302 0.99989617699046395849 0.0019080825600410896391 0.014282662942925799729 0.013195684713594569779 -0.5194398242477075156 -0.85440513978462306888 0.0057887083824344513425 0.85450490238870180359 -0.51941107289779564482
5.337114231298254019 4.8458585761341819165 -3.1010416058247942672 -0.99771427471354501293 -0.0011904081858505359201 -0.067563369966924802235 -0.064604362437647472328 -0.27633621428252458374 0.95888715343881436581 -0.019811672997593631623 0.961060289266197465 0.27562768004800086707
0.85569256787973713152 6.1352241388935180311 -6.6344528975851488894 0.97170068274618914828 0.0079027693168314365468 0.23608331026925222229 -0.22445473189269610215 -0.28054077150836898014 0.93322931204097769875 0.073606089975979047124 -0.95980957577989634011 -0.27082784524459135866
-2.1561717174538936881 5.9080953037344672296 -7.320229324114443159 0.96408545975762316438 -0.0017774806761499907168 0.26558627006381285707 -0.20928200350776968164 0.61059973904102959885 0.76378596589007707873 -0.16352452198895650604 -0.79193737078475412439 0.58829833542427067972
-2.3599012203396489973 -6.052236974169894701 6.2760499392473576563 0.8834503944421678856 0.00023791429971762624584 -0.46852464605061772129 0.1438508418252110177 0.95156218285935345591 0.27172844433024045951 0.44589498300183544321 -0.30745626607487092086 0.8406237616109919486
3.4268718222122434014 6.4999317801127229899 -2.6648329350586092978 0.99466115944007471583 -0.0089918027243805539322 0.10280236079533930371 0.047871614309663426678 -0.84231523242463934853 -0.5368550621619069263 0.091419289237625905864 0.538910193547355032 -0.83738779358543957709
6.6375862426940770433 -0.14603303900024883211 0.25941449594077414798 0.9986383097919909746 0.0055365144479047629505 -0.051873627436264904689 0.046672660923428671564 -0.53905056240724236183 0.84097928267628974108 -0.023306414094741635668 -0.84225520964616917841 -0.53857494639637049083
-1.8082107606724191484 -1.3012796062247766748 -4.2584590124050611948 0.99976222411486770358 -0.0083818153431392782016 -0.020130583807785581985 -0.0053168515979964275919 0.80161014392140772511 -0.59782347582824701959 0.021147726165592847097 0.59778835914879480118 0.80137497549167113764
1.8195941889482727394 -4.332034003592945659 0.79858331808094018545 0.99454369552854093861 0.0098805426856215638337 -0.10385187798333318787 0.10220251846853994904 -0.29187993092379382887 0.95097883843056407738 -0.020916091965838875394 -0.95640393181964877822 -0.29129716149785478407
2.9547263422886840267 2.92384615889143884 0.81447446750764584955 0.99952713229694878372 0.0017460295495394140448 -0.030699563240187972835 -0.030322759926392314767 0.22166148796978840663 -0.97465209945986330808 0.0051031395016664623035 0.97512211344622945486 0.22160961584594734974
-6.231280052796381419 6.4609253920949782923 -3.2100799289711492435 0.9980434104401204598 0.0037090041270310767502 -0.06241469510891858169 0.061084527711540430317 0.15518426700062504242 0.98599519458752737933 0.013342838956516507587 -0.98787857885666663371 0.15465407231862196569
2.7701892874871867356 -2.3470826913933335867 4.0771745432641495199 0.58809892980501987658 0.0042338795424829251887 -0.80877791947248356408 0.66650586863502492285 0.56393041055914672199 0.48759862502046363852 0.4581588980226136143 -0.82581145929964439034 0.32882496537216771015
-0.73202293297671294781 -1.2209064339774438057 4.8370879630806751237 0.93808109572540898657 0.014545486577580441639 -0.34611022328581697582 -0.2534452176692346681 0.7099273765447040585 -0.65709104519318750626 0.23615541383449176194 0.70412466854432620433 0.66965593528622857633
0.39064162918265332713 -0.62589768519158406335 -4.4988994643105089111 0.98732424441506405621 -0.011753418581109374014 0.15828042690697605166 0.095025390785339752808 0.84253924671963109638 -0.53018656418598675284 -0.12712596704169348838 0.53850670830437796788 0.83297629835114050945
-4.9292487350419591507 2.5581779802058441931 6.4758018967681554301 0.18137495611907136772 0.0056591088721396056935 0.98339773224243975935 0.92937671167012669837 0.32593022409761734925 -0.17328709364779457114 -0.3214996937759880824 0.94537688966168786919 0.053856136099009466189
-4.7907322217034797873 4.8676026823036844249 -5.6344451857623161217 0.99915296289200117297 -0.0027767455000748831467 -0.041056624661989123137 0.035644244289498472344 -0.44016940161795981012 0.89720699157349081965 -0.020563185386374718128 -0.89791045631719790254 -0.43969758680606868539
0.0036018791562216663504 -4.8581440147455472456 7.4980185665007912377 0.69441432790466650626 0.0013530818471063836388 0.71957411735709519984 0.71721389847489369629 0.079647727509262536416 -0.69228640268115226863 -0.058249163386444847978 0.99682215498669879405 0.054338074060993730996
