1125 14.717824617146108679 14.977075390850430381 15.033177056927090831
-0.56819285873329417047 3.8927871011676709045 7.4042758394177869974 0.97759660943421433643 7.9840718510813530988e-05 -0.21048720352592698024 -0.098577335126491222317 0.88372758962926700743 -0.45750197412409049358 0.18597682173343293988 0.46800164631504209689 0.86393696577024703398
7.345087672806475787 -4.9952283536294510569 -6.1113372634410083606 -0.70692571690785133143 0.0070666555856971659255 -0.70725249603878714844 0.3576598948577077719 -0.859107599216675899 -0.3660785879814151822 -0.61019294521052092062 -0.51174622162457406027 0.60479779618356066528
0.30847824347876506845 5.9119700268512946906 -3.3959123038957761409 0.92445556107243509469 -0.0081413249863723363697 -0.38120287830713217581 -0.36568521048992547184 -0.30202155281814646592 -0.88037339150060989201 -0.10796407935549318102 0.95326633238611091503 -0.28218266620780990683
-0.43462491096088640141 5.3591305639012940532 -6.304006632717976899 -0.94531856998258489977 0.005972883222412479938 0.32609373792218837584 -0.27250679535884780869 0.5348880278243240971 -0.79977174504564341184 -0.17920057960083851656 -0.84490184184677896706 -0.50401193429780100086
-6.999099022685513205 -0.22329444282691526813 -7.2138596095478453307 0.99942551140783097985 -0.00208138083997525241 -0.033827725330702301809 -0.01038211495339668583 0.93132603068226627041 -0.36403850931282710768 0.032262343937525417292 0.36418057667514197595 0.93076938536685382974
-2.7685130519685432482 -4.8137410990602784722 0.28103166560820591613 -0.91733704086462874994 -0.0076073473512493581389 0.39803879424492555339 0.34899499772421915811 0.46571757738599384169 0.81320946236325231116 -0.19156002981094244486 0.88490070989913061084 -0.42456505814635708829
-2.7191883554444125082 0.95190352083766616165 -2.0753630874704791509 0.90754365171630413389 -0.0029052433957503947561 -0.41994771078099762951 0.32986706842892538072 -0.61394483446523118175 0.71711885862770907707 -0.25990813260752132496 -0.78934358792243719538 -0.5562233929010264033
6.3070727615339405858 7.3720146997668374311 5.7207510520663840126 -0.97591986465807456508 0.0084873320419294774608 -0.21796417815937643714 -0.088027373665361591248 -0.92958625531253169516 0.35793934600662663525 -0.19957855408697292021 0.36850693226702058158 0.90794881002153360328
4.7455138094156064099 3.0990021372206424388 3.6608407547873529353 0.96249756638907313366 -0.0037532094261966027215 -0.27126435098299550575 0.20071872103485974281 0.68254084244049095798 0.70274461465516802061 0.18251145093204049208 -0.73083781499020561423 0.65769723920582567889
2.7217287580216233955 -6.4323029509605156306 -1.4430567515031424985 -0.99999576891468788808 0.0028895480677156586309 0.00033565559975682560806 -0.00027752367997564524049 0.02009494319017584088 -0.99979803772508979431 -0.0028957094682794102571 -0.9997939006466616263 -0.020094056248723887736
1.9567690286727028592 -5.9907527427267899256 -4.4263819069445000665 -0.90206181687067621411 -0.014437907105828928778 -0.43136530386945021176 -0.31444466309220614475 0.70659952096560452173 0.6339098286224058576 0.29565018585619140534 0.70746636938417284401 -0.641936370517805166
1.4261771804244065542 -1.9352533600004819814 3.4440242721795408798 0.77533660206657428748 -0.011132178257357554924 -0.63145009945609487101 0.52178471327949071945 0.57458181007173403376 0.63055250100396975643 0.35580031827363983732 -0.81837144264802363924 0.45130290867049277503
-7.1334505051740970671 -6.510210296716116396 1.5811618461992578144 -0.83332038166617072861 0.0053654885680074820495 -0.55276428342672434546 -0.38283048728135821159 -0.72694515798823322594 0.57008030599690284745 -0.3987705599811520174 0.68667455814961386729 0.60783228910809106171
4.031632043962240175 -6.3526260363721114288 6.5709907194596643976 0.99283132946468566349 0.0072747104896142564603 0.11930226242937547187 0.11331277037073800296 0.26028917921050043205 -0.95885857104003591189 -0.038028506470539680251 0.96550329972163106973 0.2575989342416746819
-4.2720011096761369984 -2.6015454603818937152 -3.7149502193551988682 0.96874514246406895346 0.0047048364738255729622 -0.24801353484449933928 -0.13959984432737401749 -0.81612413582966691905 -0.56076133816451001479 -0.20504812219599286016 0.57785747328387671029 -0.78995949779327967466
3.5394275985896230807 3.0715113609037905107 5.6339529759013560195 0.56663919736115297976 -0.0087326352971870413455 -0.82391975403844408543 -0.66299908279348873652 -0.59855681670886917711 -0.44962423576392385183 -0.48923638072906938667 0.80103275729025669172 -0.3449554833872603421
-4.2254562174210912318 -0.95777947971035204411 4.3880693366049738913 -0.42629475466932992278 -0.010991423086688694583 0.90451753479959484672 0.69400505671365353422 0.63737605613088788026 0.33482643910977349933 -0.58019803808470726825 0.7704744977542434814 -0.26408196627778557364
5.9893956893928343987 -1.6682645031596816665 3.1394496683363790623 0.87597170445558003582 -0.002368009637275770695 -0.48235667873851378884 -0.1302857621761632223 -0.96398238578472150717 -0.23186974807225668727 -0.46443427217149046982 0.26595554596080300813 -0.84472981148140580121
3.2060669722375876312 -5.3192175661777305606 3.5196470532088852678 0.60978784529594065589 0.0048338621167654527433 0.79254994637958409154 -0.62486121225138258062 -0.61221414471123447587 0.48450212222373029158 0.48755230401784177552 -0.79067722541666851654 -0.37030025122104393009
-6.5300053603454140116 6.0151075179220008238 5.8275281908006011378 0.9991577096774779676 -0.0021827147019651106999 -0.04097690750160020573 0.018764296446186476408 0.9123688371839531186 0.40893887821324298448 0.036493456546894259551 -0.40936333579363520796 0.91164131484779553638
6.8062670129864359936 5.4207320399378797759 6.4630665672233202912 0.84495686988761609104 -0.0083612294060828751957 0.53476908836670400405 -0.52857936882389100486 -0.16552875060327945644 0.83258878420102422346 0.081558193232970505049 -0.98616952019746351166 -0.14428422834825899157
1.3097379958022261626 -2.7591186541918797381 4.5798625303114981477 -0.84143671854681345579 -0.0018154229821674520984 0.54035261905557863127 -0.25478202374711406142 -0.88052386982444852404 -0.3997046847921548185 0.47651901227147352991 -0.47399833217940573471 0.74044257848589922766
-5.5061413213220822271 -1.7306289936237351235 4.6131556599061589452 -0.8519241652438920287 0.0010824061144427792047 0.52366405745528132876 -0.16492015529722806044 0.94855685633994868411 -0.27026141542436415977 -0.49701766472654473894 -0.31660498841216128119 -0.80791999743931308675
-3.95148425023817218 2.9316614077484062229 0.85681453356704906366 -0.99880717682413033831 0.0028039224552087330458 -0.048747938865172715794 0.035613085928566060034 -0.64117944636330836961 -0.76656416931125626046 -0.033405562940608188316 -0.76738585833994588103 0.64031477632844269188
3.6422915244484186381 -2.0127298693401809437 0.69298461083958484696 0.52180743386482242308 -0.014016975125124835067 -0.85294813814890835246 0.78453347629643455097 0.40053323699228904342 0.47337126088795417056 0.33499884557049014466 -0.91617501083195540534 0.21999800679456421593
-3.0352604318678260142 6.4144674301206379141 4.5603825389625125553 0.92676744601424909664 -0.0044166098178620785686 0.37560963055522328391 -0.35707240407428075812 -0.32081056812003544421 0.87725701914036235962 0.11662503700626156156 -0.94713308090266201678 -0.29889384035651495042
-7.083860699543205186 4.1094158304105796731 4.4250930897661762131 0.8659099795086300233 0.0018221778216590588453 -0.50019654842423499908 -0.19484100586864586124 -0.91978049885141088815 -0.34064764253523460713 -0.460691751412565631 0.39242899179432394474 -0.79609207795315362066
3.4002978027121519844 -2.4329913485809919749 -2.3370045318896797149 -0.85985949188962751411 0.00058252400835472235852 0.51053042502183787477 -0.10816431678422376572 0.97709013578709036363 -0.18329033559377408413 -0.49894101332906654056 -0.2128251094520089981 -0.8400972193770172014
-4.1520561585902040491 6.5232359247386364487 0.42638748593727748837 0.67254558183613144529 0.0081272813969267658496 0.74001107265360555054 0.068850139280200256531 -0.99629005217524846394 -0.051631291458499040115 0.73684604814973786446 0.085674262376041976363 -0.6706100372738669213
5.549719761787880401 -5.6148971550649715567 0.24153829040026286723 0.98316203104412525082 0.022750301490789014147 -0.18131421481833367992 -0.00063099186714026585937 0.99263657056546805713 0.12112902470166428404 0.18273484222333766236 -0.11897505014914126764 0.97593694206113912326
6.3195873622552083404 3.4736547629096365952 4.2468210130764765253 -0.90529140128096430296 -0.011801268579520173344 0.42462714094435810575 0.38946446631150311024 0.37604749457957947767 0.84077684988413003975 -0.1696022059036139118 0.92652523542543818724 -0.3358363885470306287
-1.1368820468831326576 -5.2243997720504466997 -1.1861192698928146871 0.99545600085950647351 0.0032120150001860676633 -0.095168447043423531895 0.0098416071496170206417 -0.99754909143222580958 0.069274475468773744069 -0.094712687226802816376 -0.069896302780580649161 -0.99304784060786455147
-3.9295651487314340322 7.2390157126337122406 3.8390596404978425404 0.54082344452163810811 0.012362763455799705842 -0.84104528055009530885 -0.81274822015697123501 -0.24989584769630762695 -0.52630067065870167475 -0.21668025403206708779 0.96819379639824332262 -0.12510171912780734815
1.0742172307665434072 3.6164847936932895678 -5.7817006910942190245 -0.9814100935058523989 0.002599322477103436016 0.19190485113099053915 -0.18813735813807833108 -0.21063508604819969339 -0.95928994313416993123 0.03792839091976261956 -0.97756130449613454214 0.20720842915795809058
-1.9769804599630478315 -3.455854683758229573 -4.2870824292922762311 0.72798816362287777082 0.01078972692508582687 -0.6855047887637001347 -0.68531229611377264543 -0.016988303588717272585 -0.7280511344242396321 -0.019501036390932847964 0.99979746915767131465 -0.0049729513991380695781
5.9372652384684698745 1.992924504138072539 -1.1761111829287271835 -0.56503022733366470298 0.0059450824386869625948 -0.82504878534173664573 0.56945041716909738927 0.72642492566032312862 -0.38475063322266711552 0.59704862832519212112 -0.68722011275429628618 -0.41383747056151565236
-6.6476033672403058716 -6.9789288470449966084 5.8330991225163026925 0.77871271772121364307 0.017302960005057235054 0.62714201807426794844 0.30850712959570764093 -0.88097268664362571311 -0.35876242330599306118 0.54628733670822526847 0.47285064551385830312 -0.69136272157911227154
3.072049621296729871 -6.1537394335607933371 -6.7407206846708751513 0.95188224183440195425 0.00014418096253267437875 0.30646398955198944636 -0.30638619249456838789 0.022983560162591509801 0.95162978989255853079 -0.0069064266424325206073 -0.9997358326949012941 0.021921817829007064077
4.8500445732072590133 4.989532980257551209 -5.7943613438867664911 -0.66722183664117351576 -0.0007804934243068380878 -0.74485865205364876207 0.70822924306374956949 -0.3103988735434007884 -0.6340850720309237909 -0.23070838731735812677 -0.95060608568052740175 0.20765767476412502757
-3.0685337521500586355 7.3105778001075458761 5.1745486565702725201 -0.88710536925227878591 0.0055477384515496865058 0.4615336243893924939 -0.44662316814713320934 -0.26269597811345007932 -0.85528858799658047385 0.11649810950435048051 -0.96486270820319663954 0.23551676118873282606
-6.5776072344059768326 -4.0415527671583060254 7.3889521921214118549 -0.94903572419637272084 -0.015442151762183548361 -0.31478998419285081356 0.077433317753116404081 -0.97960894614431648364 -0.18539254012934083815 -0.30550822493170520788 -0.20031937645372102641 0.93087962267745005818
-3.8718798958527327336 -6.5355160178115916381 -0.80693751156845794359 0.88407323409639926304 0.0040104543705651680627 0.46733118129441947319 -0.46222558218017001375 -0.14014862966927682519 0.87561742375312112685 0.06900744838414363258 -0.99012235499341016975 -0.12204791767969126737
1.8747053099908739249 6.6455668705201311752 -7.160832723715690129 0.85349791785057382842 -0.0065652636767905220641 0.52105489301768792565 -0.51589713324249641957 0.13025069438486622242 0.84669056007746734682 -0.073426508407784613075 -0.99145935565974030457 0.10778169574621858373
-2.7028824777972424442 -1.0689180919047092111 -6.6921024158312620855 -0.74107845873984290463 -0.013524296519140447531 -0.67128221441915536527 0.0027399364469478017931 -0.9998497030672528485 0.017119112845364801295 -0.67141284671955514529 0.01084733515692577234 0.74100413263346709414
-4.8448213332755862837 -3.2211673292819265058 -2.6727298610614913521 0.98128573358411674832 0.012360484074341322736 -0.1921601610578511643 -0.034874232047719527783 0.99284255818995947873 -0.11422540254180134356 0.18937290461786060458 0.11878919597414730469 0.97469330043681390308
3.158449926720827694 3.9837037647128465956 0.22483536441437945719 -0.63283175426856852486 0.00098709906745944077378 -0.77428870353695100626 0.014918591261560889411 0.99982909700297473155 -0.010918444078203637382 0.77414559769088520103 -0.018460834806391032692 -0.63273832755267611638
3.4494724184361875707 -5.775595482061029351 -0.41805800797889569598 -0.99994202155945755006 0.0061992139143722587574 0.0088047297772078890465 -0.010734150079015881973 -0.50889986570484746498 -0.86075879589326198538 -0.00085530210319705024784 -0.86080340173141134397 0.50893690377675637748
3.3175035613321188777 0.81046018519370899291 1.6062684544448422308 -0.98580175919733192824 -0.0077206543182930745944 -0.16773575367341653219 -0.10071500019803775183 0.82648850827894793092 0.55387113520914699194 0.13435542526682378583 0.56290064592221489281 -0.81553141111894333903
-5.1494215755370555954 2.7625269754932220145 2.5590338950727833378 -0.26262499761860164105 -0.0034358739932070885004 0.96489186202168819584 -0.87132161104632643855 0.43044149035439333018 -0.23562422096444943231 -0.41451991598649906567 -0.90261194217188578381 -0.11603844664241534657
-6.8542786837744626993 1.5555723320351682037 3.7797820235769590269 -0.99365640990427150925 0.0020262461354248594708 0.11244035477872423023 -0.077658315819855869289 -0.7355302587166706596 -0.67302631783333688453 0.081339566265032609005 -0.67748884333156911275 0.73102171111464642195
-0.93633265765493089994 -0.40108742607265712721 -6.0395825104864773181 -0.93459734910919167739 -0.0036045666709988368089 0.35568919316860109214 -0.02884668643428749471 0.99742311190564969525 -0.065688693990709687287 -0.35453584264442694618 -0.071652933893571663093 -0.93229297613190276195
-3.4426324706613189441 5.4607333592098132868 4.5304963221584584332 -0.87841903640843055356 -0.0025427520050178521391 0.47788443256471818676 -0.22757485064562757437 -0.87709535519968651052 -0.42298158971863891731 0.42022575340999696047 -0.4803095588259151949 0.76987859034491601395
-1.3598453293573824485 -1.1580409825498128029 5.6189058364060686657 -0.99769904370313888808 -0.00299126039342135705 -0.067732344970038188547 0.063278617818389629179 0.31757189744100650097 -0.94612045030369273935 0.02433998194065414844 -0.94822947766720289131 -0.31665189556064610166
1.1941557303305934123 -1.5081116526592108773 -1.2543765478618573717 -0.99961213192116038506 -0.0020686175582861690558 -0.027772406039290431501 -0.026049997607486091028 0.42209334524013714107 0.90617802088154653095 0.0098480120054525843026 0.90655001446444904989 -0.42198351618763296766
-5.1235659732968636959 -1.1364741172881271947 -1.9342886259764642265 -0.88885748879248349663 -0.0012985864178689902892 0.45818192706688321003 0.10228517853444954455 -0.97532186721407798657 0.1956655247772383921 0.44662076403769679356 0.22078398720811676093 0.86705497179983970213
3.002189845321391104 -2.463853582263626496 -3.2395909411253422938 -0.74990557474073449296 -0.0057961867175474971609 0.66151948814241057217 -0.64262376031208789939 0.24382814922079104614 -0.72634877044700874027 -0.15708701937168617624 -0.96980113315416616171 -0.18657285568331336001
-3.8113973147871695879 2.5495408619966171138 -7.2480021475887381754 0.95007270777404917439 -0.01363843577756496811 0.31173040116792044563 0.15873530367718516332 -0.83898357587791316803 -0.52048982965418089108 0.26863535379640490763 0.54398580172327337667 -0.79493049646758207061
-7.0412023432254784439 -5.2452745181597517643 5.1897127790596302432 -0.99520954355150381687 0.0065562938614254148706 0.097544756060635937067 -0.097697152938914205711 -0.029572489320738679086 -0.99477672579483411575 -0.0036374072839223323128 -0.99954113616502759943 0.030071354842661091739
-3.4480543376530983224 6.1047141062163845504 5.6919334004836130703 0.98436164103669288039 -0.00040801944345069882103 0.17615899970098522487 0.14270400386320775121 -0.58446502636968167277 -0.79877168216716099014 0.10328468878274164877 0.81141879844570685698 -0.5752667264775980227
-1.0094083477763409196 0.30003279424314277524 -1.3751250392800469236 0.88277313642741594979 0.0093740540354390489847 0.46970598964982962498 -0.46382735486258264146 0.17630118160516314307 0.86820624176843375075 -0.074671108758027696095 -0.98429163385423656951 0.15998188972908106154
-3.5241584222712543095 4.1449392459982341563 6.5962439185592804947 0.80751495072068191217 -0.0044724613514516842194 -0.589830146272626199 -0.50346279567566021296 -0.52622548519666823008 -0.6852823885814672833 -0.30731875590820334487 0.85033330866133560733 -0.42718666464211157985
-3.9897604840146883021 0.94225281409766348251 4.2273583147412105987 -0.9938811454308176252 -0.010861243647342540275 -0.10991952576081485959 -0.10180934496148948132 -0.29587572911195791914 0.94978545482700649227 -0.042838371065688510275 0.95516469067323750419 0.29295953245382794217
0.63776103133127715061 -4.4018295944131775599 -2.1356208712814401807 0.99530833984504007983 0.0028767430746349498781 0.096711079945771827315 -0.071343699831517420895 0.69700809991953693867 0.71350528038766458661 -0.065355834700099618706 -0.71705748235130561952 0.69394321228377164879
6.3108464243934019322 1.861801577463982893 -5.5798675372586945542 0.91294723212178519045 0.0053559424387813617599 -0.40804247970263524126 0.17126313477714558142 -0.9126214341470243463 0.37120217752828993385 -0.37040017552314058458 -0.40877063472813307543 -0.83409248777114475271
-5.0599352219515312257 5.1692879274686918123 5.7974054924583082737 -0.9512940442704169719 -0.0037253466647117136623 -0.30826249062745314511 0.026620258465659685232 -0.99718479653463065748 -0.070098811683148229412 -0.30713352662119930425 -0.07489060924032499289 0.94871512767151011669
-5.525627154079644221 1.8304651189416358825 7.3424871611424666895 0.74451828592158675324 0.0025002874171347715115 0.66759738652221911615 0.36219342547015892508 0.83851847535650025911 -0.40706595169855869232 -0.5608105245755405921 0.54486742887494776788 0.62338675032172019552
1.866315428644629737 -0.30330826167553931461 1.8465770678428523599 0.8818087667291003573 0.0069063555894092985843 -0.47155657261062527974 -0.17295144330486472706 0.93496425869959909338 -0.30972509296633315978 0.43874946971880135482 0.35467469208658575219 0.82565414406680992521
1.0058884744300116143 4.3714082052444211968 -0.12187784783857717741 -0.98759966818270017441 -0.00017790622799375801523 0.15699319652432303096 0.13462026324615719575 -0.51545911071567596107 0.84627376770394724392 0.08077301609495279866 0.85691415761999001344 0.50909119648772216404
-3.7305498525075795335 4.6557208752190435419 -2.0551019398343637334 0.73579360299881424456 0.0067490985818232937868 0.67717222584390301954 -0.67044250654219950114 0.14822984821584231363 0.72700395976862963732 -0.095470514858998781205 -0.98892990740798281113 0.11359145666088865667
-1.3027177260012738902 -3.4580650212635419827 6.0201445231798791369 0.90883520869895928485 0.0020415568870949039708 -0.4171503271896691567 -0.035692313567518008099 -0.99594042199861099185 -0.082636157832951709357 -0.41562557931529553468 0.089991710033051494633 -0.90507285339031640081
-1.2427751499467014629 3.8202665139321885235 -2.9769290895287245924 -0.875072246434138723 0.0046818530845648973285 -0.48396967236838289717 -0.0059433218700203679224 0.99977386816461211172 0.020417871103890664064 0.4839558248908495397 0.02074349987249234778 -0.87484653898104103309
-6.367594428303251064 6.7942456773281065807 0.58265879542432974514 0.99926959292811856628 -0.0019081352437035686495 0.038165949079898363328 0.031277764981638901676 0.61463342287732636304 -0.78819252527535565989 -0.021954089983995301455 0.78881056946651484374 0.61424417248436047334
3.4201395628197235332 5.5206396056694080343 7.3668605126322148635 -0.99535543832419881571 0.00086097157734262063158 -0.096264272325323557711 0.094565951668975439803 0.19595480015406890884 -0.97604251807055009138 0.018023101379157462076 -0.98061255092139076872 -0.19512609459570470771
-2.462474840484896621 6.0042487211064958785 1.5251417486402545354 0.99989181124658332855 -0.0017327693153750007432 0.0146069610967676667 0.0077119233076877033092 0.90736750601429250196 -0.42026745682748728461 -0.012525655307373560754 0.42033463637902324095 0.90728270203893901513
2.3369490388931897229 -4.3963872395884644462 6.0501898363662034441 0.84914134447158118313 9.0868670578672476601e-05 -0.52816566421148558597 0.48328300815394803491 0.40327112323597819055 0.77705208010389004158 0.21306457035078230078 -0.91508053902752217734 0.34239026848671172409
-1.1361329264977062525 0.23182064392413803677 5.2979686476026799369 -0.58842426651242651925 -0.0096436057820607837265 -0.8084948258627803197 -0.78607140505091543936 0.2409746679629030941 0.56923014287816775525 0.18933734111487074414 0.97048349304229708512 -0.14937590499098021835
-1.2965440291912708748 -2.1612867890279008343 1.3138316550688133866 0.98314729538264000741 -0.0065508750832966988059 -0.18269778766444830231 0.15952935640311263765 -0.45733264383117161467 0.87486984022317637599 -0.089284825292072073077 -0.88927157770953668692 -0.44858029498687562731
-3.2084301632090772571 -6.0045177952440766944 4.0309839741434281279 0.99445014043464807774 -0.0044762625190350189067 -0.1051136587864694022 0.040079675966724938319 -0.90763885928971055339 0.41783408271890731811 -0.097275576400346203121 -0.41972808362216973421 -0.9024221839333028683
-0.55420260180866787181 -5.2247149182202168305 0.46075474856504738952 -0.73276543135908545068 0.0059760973295856622406 -0.68045507483297829054 0.36109735154897021348 0.85097328460922483373 -0.38138323453670069929 0.5767699067300977589 -0.52517497573862537141 -0.62572175889002479288
-6.3138723750834673254 -0.73010946814190580412 1.5199634357225026982 -0.99300405106727207549 -0.0089637448837615908703 -0.11773956786719495804 0.11503745419167146768 -0.29834128356870742715 -0.94750137870699535636 -0.026633413168537775628 -0.95441716759295991412 0.29728526957583928381
-5.6742431710819571933 -4.1886312535495759946 -2.1461925345187258252 -0.9068184960267244854 0.013225576991389677989 -0.42131377781524048665 -0.30151540701945228617 -0.7188224277414633212 0.62640464294715336724 -0.29456522977702248589 0.6950679114224721511 0.65582918806440337889
-2.6797443351223240171 -2.1290057572430520771 -0.77035576838236763386 0.83167208875518561229 0.0024264798237233963993 -0.55526178418943483717 -0.46736093357706826046 -0.53690202632134531591 -0.70236028639011061081 -0.29982544013396211779 0.84364111227920013381 -0.44539238781180118254
1.2620838498662105831 2.9028688426240525366 4.9931868075206251589 0.60341397271481345133 0.0083230082019018995082 -0.7973846656835257285 -0.53038144043956680918 -0.74251130514793151072 -0.40911182990076738752 -0.59547216993731699741 0.66978182213464465544 -0.44362732734600551776
1.8978380158405026013 1.6758144088034538921 4.5746479684443697167 -0.6630093005484721802 0.0044382609950310240171 0.74859800241885887662 0.43179776839538219768 -0.81460487398379921586 0.38725906895837580723 0.61153033824571145782 0.57999931131089621505 0.53817417653017607382
-2.3664938337462797513 6.4672890634022790479 -0.20725170972227763277 -0.088793066898672307063 0.0060132981112120537093 -0.99603194302012476591 0.5296410840041391177 0.84717637582986871081 -0.042101192032453646497 0.84356156468014054095 -0.53127773196471261841 -0.078408278344082052436
5.8671943089107774227 3.8205161940240031093 -1.463030190475475667 0.98220197586754287578 -0.00089046751276038865752 0.18782567894052226709 -0.1851765189324681149 0.16283382349536312805 0.96912063375104495755 -0.031447343892843891699 -0.98665310671665928943 0.15977080950097871659
-1.6165720448001528187 -7.0859573620187230603 2.5721844601153076582 -0.87082720145644987308 0.011858400645116661323 -0.49144619597448513382 0.25367186887361437009 -0.84548493377899125445 -0.46989978686417782638 -0.42108261439504635071 -0.53386759134347894218 0.73326313610274374
-2.1949332112580512977 4.5689538463000136659 7.0909533926624179756 -0.97836753979586033036 -0.00036184247817189760851 0.20687393780683344113 0.09783124945059100408 -0.88192293793340104102 0.46113010981490232254 0.18228001455072825876 0.47139346687984801099 0.86288017457725862958
5.2762154200916429048 -5.8875335809373146034 4.795331408676283047 0.93435295279833474602 -0.0093428206666137762759 0.35622643262261677322 0.16373695880946720349 -0.87662423498592567661 -0.4524601186349016535 0.31650397772683536157 0.48108488059518317304 -0.81754667741105790935
0.67197784210505218105 6.9424165221933655801 -3.9888073543506452623 0.95316795392796926922 -0.0033467360240249073924 -0.30242296698961446122 0.29766140029074139584 0.18745801171850423605 0.93608609893497374266 0.053558775020940821432 -0.98226691545658018079 0.17967516360846813583
1.8902152412672170723 -0.44126632260219000869 -6.022922943602548429 0.79131167386035261568 -0.011806301756481261261 -0.61129898253739911596 -0.17102718928220445038 0.95562707810070379733 -0.23984700983570658717 0.58700556670160608519 0.29434248561785819609 0.75417966415279946713
-6.0249155786715187233 5.7503872554148296459 -7.239233089475220595 0.99914853082203947121 0.0024342578665163486923 -0.04118601394543051214 -0.016346437089134659842 0.93992046733690526317 -0.34100191946062741177 0.037881490870409449678 0.3413848114224901642 0.93915994547230852163
-1.6260125458455458869 -0.26001324011603915709 -0.59446830976032549732 0.71200487088941177838 -0.0015783032665826878665 0.70217275138555002023 -0.70055145320045242308 0.066356379937852941198 0.7105100226319580603 -0.047715042162607967935 -0.9977947383106211543 0.046140383083345962167
1.9747758611530454864 6.5196796924089666092 1.5896862201110077972 0.94262533261677272645 0.0019744387282345484194 0.33384664728080315488 0.18296258432538115013 -0.83949646199982230765 -0.51163500957883367715 0.27925288726506297676 0.54336156643748390049 -0.79169188013547631133
-2.8408200548738249402 1.8320969797218431552 3.5833535859538456769 -0.76704959845523379425 0.0048242985651158866792 0.64156966858877428894 -0.58337005365851268834 0.41097277097621648378 -0.70055746517366601633 -0.26704736284827229609 -0.91163485434659341511 -0.31242214764050912912
-4.2229390946266214257 -6.3287474640334284715 -5.9161202670605659293 -0.99811662541085655054 -0.018697304645906430431 -0.058426131803073703963 0.017606880391495941668 0.82503358640455748407 -0.56480932983396536784 0.058763933168015043684 -0.56477428420877895388 -0.82315053790605186013
-2.9886490352267736093 -5.495503202744295379 -2.1067795986030311006 -0.82415695864992510877 0.0015053602785109979761 0.56635946306146645046 -0.046739890838050891786 0.99640456107201624825 -0.070663521559164305108 -0.56442952625929188049 -0.084709412494297212093 -0.82112339226303276973
5.2988657637406708645 -6.9473052736509224303 4.9600824956403597454 -0.9955667740809079902 0.00058954989068201813299 0.094055572812384649617 0.070881696267770938347 -0.65261746200052928035 0.7543647880343726797 0.061827044894082257287 0.75768733704808155505 0.64968247305641657618
-5.5082275791283388244 -2.5094334428111770841 -5.2610010812376426514 0.51391809226716278491 -0.0042888248347400514948 -0.85782853789199753347 0.55862147511884285844 -0.7572269647024810757 0.33845143146884021368 -0.65102245888780307936 -0.65313775722189149064 -0.38675680745746493505
-5.739928130795079575 -5.9834980668940955795 0.057475847167060563347 0.78814923106111822726 -0.0064764680355117454358 -0.61545011571973440301 0.61482112735878879928 0.054687102300419725143 0.78676826460851612133 0.028561703922079503815 -0.99848253675448506161 0.047083467005880820511
4.616976748338649017 5.0056725517730207287 -4.4163072297358967333 0.6250199159997928966 -0.0010410029596211334973 0.78060810969160265849 -0.36040444816842354125 0.88665227703540383519 0.28975226205903598098 -0.69242959089276667761 -0.4624355695021568069 0.55380014961660739559
-3.4016909361729750216 -6.7543565387278112766 3.2452246611858539538 -0.99995550797939058985 0.0093618343099655040862 0.0011567713397969345279 -0.0063177484103613679167 -0.57359939463454689967 -0.81911160444103392475 -0.0070048637819198318957 -0.81908246870091494518 0.57363301975228375706
-4.5600632252154129631 -3.7736948263000318349 6.2079207449483586601 0.93588941045742557456 -0.0034389222782031146977 -0.35227714261247150551 -0.20592484444583414316 -0.81667660744285808239 -0.53910507073813540568 -0.28584256127040025275 0.57708534262206911958 -0.76502714820929296202
-4.8854545830757150071 4.4716740712276479286 4.1347034276194536417 0.52520932114283069847 0.0010070598576896530596 0.85097247594452340991 -0.80272456729138541576 -0.33134931709350939899 0.49582345560540530549 0.28246847266824220979 -0.94350761305467456541 -0.17321935820335890299
-4.1059165149937859596 6.6648909631397375009 -5.6895920543623192955 0.90035878136774161185 0.0068802414051901128467 0.43509392904545907133 -0.14384225849367568428 -0.93896152481566375059 0.31250705526006178347 0.41068658303552130207 -0.34395336485359245815 -0.84441258477163760876
6.976997297761895922 -0.57743261653189059679 6.5957805542252359032 0.97268152824798803646 -0.0025467472853575533719 0.23212961612710461545 -0.022272720774874764371 0.99430305573876320846 0.10423703400390070539 -0.23107265202604684862 -0.10655959565861934657 0.96708349280648919777
-0.55606424383800323596 -7.1473953643366101574 -5.1346087446231036822 -0.88753302598137495671 -0.00095205610927186039294 -0.46074311864804989858 -0.41571703528333031619 0.43281868047912314124 0.79990457956162619446 0.19865667461128380666 0.90148049530629548176 -0.38453665913002355037
-2.9728793537519657697 0.84990206281533431376 1.6289986683229613629 -0.76452471527560150744 -0.00059036651744158875465 0.64459414455919206155 -0.33593604312404734547 0.85382429623068345492 -0.39765694523836120355 -0.55013537848677307451 -0.52056096917996197426 -0.65296810236295843577
-3.898115579139461051 -5.9354577265232943972 0.62854079105804228078 0.97200871865132076888 -0.005281842483369348154 0.23488540398601617798 0.036526450252555013598 0.99098851196395998375 -0.1288704294526747951 -0.23208806366902795526 0.13384271102819303434 0.9634424006690301967
7.088576154181187583 0.033065721550162505138 -2.2855444998939842272 0.78404305848241495625 -0.0093501090905367140876 -0.62063601080309893643 0.52723906235168505052 0.53769325915725441067 0.65795511259305405893 0.32755984731955756217 -0.84308868721914009825 0.42650441018476226152
-5.8102377022700881781 -4.0413564028554462837 -6.336573979344745311 0.99989106750737621887 -0.0093494959286421538275 0.011421035186955148799 0.012081564757495534546 0.07394123608072407372 -0.99718941500590019267 0.0084787329166121031682 0.99721877265364711196 0.074046138018101198552
7.0749912357059949741 6.1535418418829683773 3.7978693273741974679 -0.75310408828848784957 -0.0097556073294797589213 0.65782905099186417264 -0.60342507026142289117 0.40863319898276595499 -0.68476061019092493432 -0.26213053386287432645 -0.91264655634848312893 -0.31363011080257163776
4.7972365683888451571 -4.6996782505660830154 6.2904273722572581207 0.916829800585361121 -0.0077546710123178458351 -0.39920293315064259154 0.30680502260986430851 0.65353273914346854401 0.69192892479568923747 0.25552650520038466819 -0.75685852307083223423 0.60155746292023803967
6.7435091444973105368 5.2878387674374067728 -5.9114588085597077338 0.93988796930655205131 0.010877938232789836209 0.34130964769931226854 -0.17840008737165527486 0.86789251282239510132 0.46361190128472468119 -0.29117694616609085534 -0.49663291941514481342 0.81766235658419950116
4.3588355806652581137 -4.2070840497803452251 -6.5951207241325793262 0.81654433160271888692 -0.0044192340830859757825 -0.57726581823095513002 -0.57723984812236250885 -0.018439009266204783172 -0.81636643774529893403 -0.007036495385439092351 0.99982022049339258629 -0.017607226507603580823
-3.1524073194527608699 5.7174661042979293413 -3.6768624447108315678 0.98809964454367549269 0.0021401570755176626062 0.15380023465589809373 0.10527112344484959583 0.7196265369565221226 -0.68633493126642697302 -0.11214759480791146318 0.69435802511065836118 0.71083742863141430313
-3.0120768662485222222 4.690586323618829212 -6.0306557536029590239 0.99861210262087418688 -0.010026884666817753589 0.051704255946867484772 -0.047248451583148332045 -0.60428611043346247556 0.79536524978156974974 0.023269128091488115728 -0.79670431046964862443 -0.60392117809930678796
0.45631621622425899698 -1.9793658105910318934 -6.9225870983593855712 0.98966218559650120934 -0.001415960779535260089 -0.14341113434904792512 -0.12549685065466215095 0.4754738704669189131 -0.87073253010267781526 0.069421170229070586211 0.87972870452105800254 0.47038081122190500416
-4.9697630913311598988 2.7060865052490168381 -1.3612653850442835157 -0.99941515267484859475 -0.002245644351920011994 0.034121982436397982341 -0.0077334183813179994613 -0.95714683479165962865 -0.28949979428042604823 0.033309861063777243539 -0.28959436066623978068 0.95656968351816273888
1.474321679286938247 -1.9045701441810876098 0.07094320379788326969 0.96835651994066751502 -0.011481119228663301535 -0.24930670706929433655 -0.062259183830195033438 0.95624550690892107241 -0.28586417149640636071 0.24168045911335561682 0.29234006639150550422 0.92527176616662754061
-1.9455713951331055078 4.9137157407046636592 2.4379173197341952317 -0.76354468989649570965 0.0084942194414821137888 -0.64569912092793413372 -0.51132634262932608049 0.60273958508609604134 0.61257682285855930004 0.39439178219671361392 0.79789275019026906222 -0.45587529142235749813
-5.4206628734128692315 5.1353920621072290942 -6.1388051555210694232 -0.9582864612031761764 0.015546548639724676322 -0.28538634007234581214 0.18919843420619575358 0.78292308183626269091 -0.59265116250786220586 0.21422187275917070615 -0.62192423393322415759 -0.75320597214723472579
2.7346817190814221021 1.1275217432962878483 -7.4867697223270424089 -0.77895649000442490628 -0.0056941277284330623493 0.6270521219080390507 -0.16765368603515859447 -0.96166673881117703537 -0.2170007488997575118 0.60425079912133516924 -0.27416174126525039156 0.74814190591602358626
-5.9223545381318229985 -1.6854241064139119377 2.2097089235874065594 0.99969219178953405702 0.0061768854032633515455 0.024028478140805699381 0.0088987066733073050262 0.81479465956376873059 -0.579681357097219907 -0.0231589009798084354 0.57971674879477308462 0.81448889278636771305
-2.904042049999838504 3.6186617946605177387 -1.8161785873517171108 0.90474573662092083737 0.00041953988408992975989 -0.42595184710534450545 -0.39297817868460593882 0.38660907957061202422 -0.83432701662548813815 0.16432681809093060976 0.92224359232241526207 0.34994778649994368047
-5.9254746834590710236 5.0894615050574207871 -2.7233617462297630141 0.99639219267158962712 -0.0069526571781758587237 -0.084582852525687285405 0.022844529887977544497 0.98182573163169495345 0.18840477743439396074 0.081735707236299096068 -0.18965730480026790628 0.97844232374656758822
-2.0385838941965026549 -5.5012937266202524 -5.4454249537747347887 0.72584936161445645642 0.0012342302720927049269 -0.68785258661976356187 0.68725747646756318865 0.04032566109390504222 0.72529373504588157129 0.028633289774582692394 -0.99918582742808237374 0.028422121379523275497
-1.6352150385926140785 4.8491949870283379553 -2.7407884784466065575 0.90844346692294997148 -0.00079100652258511268411 0.4180069876374150617 -0.01398027355327500186 -0.99949626399550317579 0.028491581393168805003 0.41777388544093829736 -0.031726843013345398803 -0.90799690972830138236
-1.0346090801985650121 -7.0711210876051682206 6.7751657005015228918 0.98437423524977651912 0.016164983135049312835 -0.17534553971163718833 -0.073888424792652673823 -0.86595435970526279945 -0.49463476180828730433 -0.15983699715079002779 0.49986172110661541979 -0.85122875545537357578
-1.1702755278830987429 5.6845145657066202816 -1.6331894336396475254 0.58414029277508794369 0.0094136949989002752237 0.81159811526589553665 -0.060708886132715397799 0.99763848061727644634 0.032123093503511217228 -0.80937911358096403802 -0.068035610809235549934 0.58333232908915455539
3.070799809289174398 1.2981379969521436024 0.36157669127800146081 0.93888723426190756616 -0.00051265477312028087664 -0.34422448856077780821 -0.29197807057627139793 -0.53083115041147965751 -0.79559229260679709128 -0.18231721707633030682 0.84747744922084988772 -0.49854027462141980998
-7.1385760346530489073 -1.4837084556779855937 -0.63799964197700853585 0.99561407222468933931 0.0040461512482802847873 0.093467897420659015739 0.02494270438344835944 -0.9743829392666393252 -0.22350782797055068762 0.090169178138708977466 0.22485888091462058469 -0.97021028802403885827
0.27894649781181252157 -3.1893786364738199168 0.037721348273538610196 0.99802083330612489931 -7.5845224928674376264e-05 0.062884103988196257684 0.059936584379104380915 0.30371743451410365688 -0.95087503165519093873 -0.019026879404348405467 0.95276214986722607136 0.30312087298708595418
6.6258054666461712046 -0.24734313804214075327 5.4482403307097708733 0.98189219351758694199 0.010759374140150273699 0.18913475666155354915 0.093002734847914284022 0.84241278350131554298 -0.53074588411446643743 -0.16504003035661213294 0.53872528997787771932 0.82615788461900363515
-1.4294753237615616115 4.1807831191947073535 4.1452453559637056912 0.053484451060151115553 -0.0045502038830773638978 0.99855831534244554604 0.44228513789079448859 0.89666022192308503236 -0.019603653274656449024 -0.89527832001881368917 0.44269599282744204194 0.049969867308901121106
-6.0866039596392065292 -5.4406770293248003512 2.5342525201161505422 0.99915640797186244804 0.0079290415853671414315 -0.040293953744186504495 0.038391415016543598004 0.16800095038478043974 0.98503897380920191207 0.014579837510281232205 -0.98575494468417412808 0.16755481899607443941
2.0242538642156731044 -5.3613992753523973533 5.148595104265011102 0.75376944070835749656 0.0074551540012674864105 -0.65709668309403213016 0.32290000932040047177 0.86669154979229956481 0.38023853237090954327 0.57233487945015093512 -0.49878871097644189581 0.65087833545702700189
2.71258835028533829 0.24025419044495607834 -5.0853142698278350764 0.71897113486128727544 -0.0021871748294346525336 -0.69503649077042806148 0.14176638681399894582 0.97943403980432997002 0.14356619811904350326 0.68042839359174012159 -0.20175276438978298477 0.70449487099272189994
3.1484901303851122734 1.4992726157477269666 -3.2978801619257702704 -0.96233546905745281919 -0.016978422914401016669 -0.27133407111762125608 -0.27035344722086301905 -0.045324736331972197145 0.96169365280851548672 -0.0286261867827419976 0.99882801394021014652 0.039027426234628993795
-3.4928271911006030237 5.6898870982184082123 -5.0463080153479804579 0.97410327412047115203 0.0006778051457720993267 -0.22610252525788374078 0.063225323958925730428 0.95928698076667406891 0.27526541181524571966 0.21708378511097539687 -0.28243234430874242236 0.93440173433603446185
-2.6579481150727137795 -4.9928095813540007697 7.3994714154504555026 0.97008786176916350641 0.0083207141695334999737 0.24261143040646560021 -0.066718001431069554052 -0.95178697956662916546 0.29941652227727300062 0.2334057598544371781 -0.30664688363535291815 -0.92276185444764990962
