1125 14.717824617146108679 14.977075390850430381 15.033177056927090831
0.92039246922726480893 4.6656479914352795291 -6.6626967822587417345 0.65761109366551617761 -0.0082926548128992999542 0.75331194160463765819 -0.75335466137337969705 -0.0044533357437526090855 0.65759936282496478377 -0.0020984935253956895143 -0.99995569885712520808 -0.0091758731473059306633
4.3394883740359118107 -5.9348644163134665064 -7.0683409545388160566 -0.91553172211073119424 -0.0052208821456026484678 -0.40221189465072332281 -0.18696768784835321453 -0.87981276315964618284 0.43700410236286629795 -0.35615270532395060243 0.47529174637373139412 0.80452035792739806652
1.4049779060655211982 7.0470222216007538663 -5.3706284797254104646 0.99891765974245583237 -0.0032664924985197131037 0.0463986969789390441 0.040074638793085697042 0.56682618892368286101 -0.82286213600812774249 -0.023612123584994988701 0.82383093021387976407 0.56634359362742237032
2.0534739986196610673 3.5090623720121487672 -5.7346024628529370659 -0.95728575401714255388 -0.0057196589426125130778 -0.28908696037247516575 0.23410978792651990221 -0.60210783008944923633 -0.76332088150521260062 -0.16969558731100914395 -0.79839429259396654803 0.57772827626880074448
-2.6761469417317940156 -0.76356699323772103671 7.4557370796871955676 -0.94085846963946229149 0.0063522750335897552182 0.33874029684938733453 0.051464123748517602575 0.99090154018740161934 0.12436069162339552507 -0.33486830855499871706 0.13443878255978908287 -0.93262502093247623414
-1.4488496159738151192 -3.6487629141430564239 -0.15985716136283625866 -0.96864875086169888174 -0.014293890843482315312 -0.24802274520415162895 -0.24736810157267055676 -0.036900328933815555732 0.96821866747591567304 -0.022991732826675232576 0.99921671843957104997 0.032207604886096183328
-2.9081437528735980536 3.10797122669172321 -1.1867027875224143152 0.94344196015757331164 0.0050302480657264106098 0.33149956925822754439 0.0017141753673674329887 -0.99994553701478738894 0.01029488256179582166 0.33153330061523167416 -0.0091443757877053694072 -0.94339920021946410689
-6.7889501337554989391 -7.4879431930738791223 4.516399492135374949 -0.96144453148891440009 0.0038616276274463083064 -0.2749718180145876989 0.24073109279065810218 -0.47155259996209347717 -0.84834349554460553033 -0.13293966238100143884 -0.88182948085267831573 0.45244205470413806358
3.6788019632755442068 4.643638704450482102 5.4052423892086363111 0.98593113570486379249 -0.00031862409698395818131 -0.16715170991199443384 0.094380941198431628214 -0.82427370019553802827 0.55826974224341852082 -0.13795663661565402136 -0.5661914567040448043 -0.81264703332319043749
3.6242491168926687095 7.2875153654209263721 -1.4460128206737450363 -0.9654737647207719542 0.0043650486969021348033 -0.26046373257281862923 0.11047740989821350222 -0.89862861582998132537 -0.42457196411655090396 -0.23591344077458895057 -0.43868845113754434406 0.86712011353707185712
-0.22172753364583153157 -5.8315154888987397186 -5.6456601217820177041 -0.94036952712015076106 0.0022781804912420378084 -0.34014697170114177593 -0.23134363185542006214 0.72880724536415375514 0.64445335215570742626 0.24936975851884260469 0.68471512981563176226 -0.68482108213593562152
2.1738856480491395295 -1.3795174096635738348 0.90487568449294575323 0.78548397010507886584 0.0060616818428978931632 -0.61885231575972654561 -0.38345657508947211811 0.78965038225904393698 -0.47897111480615217616 0.48577359719165186247 0.61352712231103068152 0.62258210901062538412
-4.0685157143291821313 -6.0501168373231148934 0.97072488489809549694 -0.98370250274884551978 0.0098494741828201691491 0.1795337682555708525 0.014350738764308701434 -0.99101227464963903557 0.13299897665328042073 0.17923013804228460355 0.13340786840446228201 0.97471990759663029724
-7.031886482253343118 -5.4798168650448131345 5.0330968894423806503 0.99336541107266818074 -0.0035688816034283249792 0.1149453051178776497 -0.1143424699430228425 -0.13743880235021987968 0.98388839569129415974 0.012286563875940797672 -0.99050383073099990128 -0.13693502713149971473
-0.51740112002125504542 -1.9094247559330745911 -3.3886638447789385609 0.92097722632165812673 -0.0043115760710335957959 -0.38959255499649453336 0.0078257367179027995108 -0.99953233262325957842 0.02956135797829089612 -0.38953781131203640831 -0.030274186239786261832 -0.92051277405893716654
5.7041571897631921928 3.9587533200921272147 5.9107073840542208032 0.96775231670995331967 -0.006028080171486248709 -0.25183152255433188804 0.066612881161765086224 0.97025049829259901735 0.23275887657875335424 0.24293657107540073126 -0.24202816532859344756 0.93936371529967099825
-1.2291018655011958227 0.19596065910631910167 2.0676944633778684413 -0.97782880021123863568 -0.010519455406034414896 -0.20914152752481302011 -0.11033146386084344281 -0.82298674982225250574 0.55724301493997219215 -0.17798259903651214575 0.56796315961075505285 0.8035795192545053256
5.2124097550933612411 -0.89547946495091201857 2.6374632263902619833 -0.64988726204336644265 0.0049582483764196967971 0.76001444881456192704 0.25754569415145323052 0.94225264841201150645 0.21407980284162433926 -0.71506416639206660246 0.33486618571254550547 -0.6136349693494611568
4.5950039511073290655 -4.6906927077634357204 1.9396821062496270027 -0.85642868726835008619 -0.0016930280102460584096 0.51626256621978705574 -0.42721399177112395762 0.56377417580230493321 -0.70685704632088630639 -0.28985877398949250194 -0.82592724398378791761 -0.48355566255262449893
-6.2862314031639394685 3.5413604629552124514 -6.960135147111308207 0.95043879343006354432 -0.011318029091485302257 -0.31070565196099209082 0.30960530720964907214 -0.057061906854930191657 0.94915145921686383534 -0.028471980799238776755 -0.99830648650792086496 -0.050729728028216992952
-6.9268405693795971345 5.9737687757913686681 4.3720801730998779533 0.28089203514437677267 0.0030022537238722545386 -0.95973467743176366085 -0.87835280568902196485 -0.40219538846613328564 -0.25833160517964187664 -0.38677643843772618881 0.91554893696029859829 -0.11033644321016557177
6.3457265172524257579 -2.9172532078161101943 3.0992035122145069614 -0.98579190127246429931 -0.0063224798974785088174 -0.16785217792224965683 -0.023399781806636477804 -0.98437822573397248949 0.17450489652815237562 -0.16633333278899625762 0.17595321806895192207 0.97024413806750953171
5.1810685419111006667 -1.5983197800275872336 5.1143874534123074937 -0.97962606066281210371 0.0025081394483856536345 0.20081456746660947266 -0.19121932750163686543 0.2939765986818755894 -0.93648968398867837859 -0.061383630229001340251 -0.9558093265207250333 -0.28750753255517186302
-6.4662787542234667626 1.9595742628043661959 3.77566046950662626 -0.98899784880777297236 -0.0095158309986287450966 -0.14762352120900390506 0.12013177782609410493 -0.6339934146848683616 -0.76395072229338079062 -0.086322714334462147256 -0.77327989699505550458 0.62816127697694901233
3.9230491064375914156 -3.2481887361752246335 -1.2989119377339246597 0.99071433875025316507 -0.010175132407587940755 -0.13557863281172780057 -0.13251770868347048649 0.15070066257661188236 -0.97965727026558091506 0.030399932235003826464 0.98852707447974907939 0.14795292204170118477
1.6082306239576442675 6.5953537509155379936 4.2421652087264583031 0.50410422593318715556 -0.0024312613031834727842 0.86363940297132146817 0.19633113514904390606 0.97413674188913601526 -0.11185568144985148786 -0.84103092378776633797 0.22594622605832562212 0.4915437805146359862
-4.4154954369902563727 6.1570810801325777106 3.5823677004384060218 0.25262947466557988951 -0.0016752481109292048991 0.96756164768665442466 -0.61230565999709019032 -0.7745641255488634469 0.1585313664493179231 0.74917296218281415054 -0.63249316909869046643 -0.19670349203241502267
5.2555760197659333599 -0.92942568637166012024 -2.1407358473809474653 -0.51248972616803867286 -0.0034604300360710662891 0.85868638395871033087 -0.65833289295173780253 0.64362167229796607426 -0.39031902977708510249 -0.55131849472876315321 -0.76533598397852586892 -0.33212760950835967799
-0.6187318738655682715 5.837868737445595535 1.4438813591176689055 0.99339719576437046644 0.003545784056723452933 0.11467100271251903787 0.00075210380730588236031 0.99929952336128380352 -0.037415196775327216883 -0.11472334456217365972 0.037254396053267621602 0.99269867743803341664
2.9186154571251168299 -6.3840273334492634305 -1.5688094625195694309 0.96281328121879750093 0.0077857600100413298233 -0.27005548957515279618 0.15677533935912410512 0.79797135013626507849 0.58194777886887727458 0.22002744937271870307 -0.60264509149472733629 0.76707679877564671767
-6.0989417495313533735 2.9600405999493974996 4.364111070055270325 -0.9813061217326012331 -0.00083412128162928711635 0.19245155154407275755 -0.19068038007582327475 0.13963850257077314865 -0.9716697387764622329 -0.026063156067263306553 -0.99020219795826436293 -0.13718716796522614776
1.0239867786062226696 -6.3166811358191807813 -2.2732163157033471457 0.98434614781718587917 0.011661135210140689128 -0.17585982828172880277 -0.10246834021166163764 -0.77397433397544368461 -0.62487116240197448924 -0.14339770058101664052 0.63310958630633784594 -0.76066375698804333805
-5.9168606026461620928 6.2336078053643602104 5.0119273860601749604 -0.62851761691133334331 -0.0058910214109293024959 0.77777303958090471259 0.0051711606752480069812 0.9999175666753153946 0.011752401939422842461 -0.77777815881484912985 0.011408581016494962618 -0.62843534269636713852
2.8275427081099624438 3.9353389461795238446 -3.443526814002076275 0.96886055988421404539 0.002508610617487549467 0.2475942696706106283 -0.030400596721199265454 -0.99117809377499666024 0.12900306252024087983 0.24573363469407527582 -0.1325129929228570369 -0.960237099620039114
-1.4521799267570214553 -4.9402709673815898839 -3.7493597331874939371 0.97604011594381445693 0.0051372394287957914502 -0.217529999860894524 0.17895273019754828758 0.54975806827866879889 0.81593013592913676835 0.12378050098163587145 -0.83530813184932206639 0.53566660568227597583
4.9987567745518557416 3.0637405874092307201 -2.8110647726533244395 -0.96953878197961629315 0.0042190635430898650732 0.24490151028551301882 -0.21138875521153233095 0.49066452693642104155 -0.84531835196940974253 -0.12373093553134538458 -0.87133835076213328463 -0.47482642521603546371
-6.3619814822766844742 7.3787617808950640708 6.8121772053701912242 0.72976199785306772316 0.0037526134321989508026 0.68369097140585566308 0.3117730833262978285 -0.89178889958212070876 -0.32788733292881666603 0.60847758463448953226 0.45243615734648301441 -0.65196361288254855992
3.6467941635795857458 7.4390805533256401105 -6.5995528721497134228 0.99914842727009933743 -0.0035089425302176147428 -0.041110918330034940116 -0.01874835199771650654 -0.92618541078187821558 -0.37660202356357558306 -0.036754857923665951169 0.37705208151814800788 -0.92546248343295201
2.4699800166962448955 4.6035772592869230735 -4.6886309038589333298 -0.89641329563768756827 0.0027172675191383423299 -0.44321080747335844796 -0.37156298646744773118 0.54054883604876735603 0.75481646970230775739 0.24162812437999436899 0.84130825046674651002 -0.4835455275411326137
-3.0018815782924894719 5.5158587085900538938 1.4690636848569529338 -0.88679204364535113569 -0.0090958484606772516817 -0.46207914567555530283 -0.054964476141262548492 -0.9906350405860098185 0.12498448994009690727 -0.45888863321076439616 0.13623318943581488871 0.87798732360224296389
4.814708717185418152 -3.9061504778224369616 4.9231414425096309273 -0.99925196271647487301 0.0036700572954275973228 0.038497346490448371148 -0.037326553580865944049 0.16875768788274286836 -0.98495054250357583214 -0.010111548107524691992 -0.98565073604180897249 -0.1684944602500169919
-4.4874950635962358447 -6.3964335189150327565 -1.4687152671172412077 0.88936387072204758919 -0.0029091540756324947917 0.45719081604598904578 -0.43632085845335083496 -0.30414123754344618566 0.84683068916051285058 0.13658701963495595288 -0.95262250889228383688 -0.27176155287153191953
5.975696174291256213 7.3797934978718053856 -4.2837387874825969547 0.9798787516552052157 0.0057761836658370459274 -0.19951006931225687135 -0.0035081993947615091115 -0.99892831131795634114 -0.046151071323865089369 -0.19956283369341945577 0.045922375260794130736 -0.97880836268331528061
-2.7391685575388491358 0.65566128377453403164 -5.4349875645222800458 -0.99888034781607704105 0.0017207932214944755139 0.047276734421767024896 0.043670288691251515911 0.41783317280755460921 0.90747360600032522804 -0.01819221351353420349 0.9085221398360348033 -0.41744049251980996917
-6.4893367623139370792 -3.5134419998088692871 -1.3769917379660221446 0.41331451581267325546 0.0051621875252088941094 -0.91057369983903380106 -0.298711586053335032 -0.94387917962516265646 -0.14093786796868998379 -0.86019910449616532322 0.33025058075660246315 -0.38857696088926108047
3.2876802310808859175 1.8689255101601347508 -1.4172754793957957897 0.76934772611324142577 -0.0014153895083920293996 -0.63882867264791265427 0.46827478139176031968 -0.67895688600260795109 0.56545227567165468052 -0.43453746148858363174 -0.73417677954447968514 -0.52169114516238612733
5.0370049267460403897 -4.8144490075247015071 -1.6569457209060922676 -0.9269448130089450455 0.0096636818502016316734 0.3750732287019824529 -0.075177925834438247277 0.97461178906463385996 -0.21090315332738115983 -0.36758889143040679448 -0.22369281139387406365 -0.90268484701340589993
7.3465440049566055336 -0.16463931028142411717 -1.4127581112925504669 -0.89936026111283495776 0.0060411471952623490081 0.43716658755176251994 0.19110860436458709799 -0.89388970573604686898 0.40551041332729165223 0.39322846040046038896 0.44824624763585385612 0.80277436394757184512
-4.4941778400439256203 2.5537188866416209443 4.4885667630759504831 -0.61875405979533359968 -0.014138830513097692607 0.78545751441974276386 0.70330333860139782054 0.43550022045076364208 0.56187540602831209657 -0.35001118181977081134 0.90007758080014466096 -0.25952364274188033377
-7.3149913378041846457 0.3488366043257752902 4.3812331595349336411 -0.99930634053891398416 0.012312666026654388654 -0.035145924573048339945 0.035988474410412016335 0.076655408781243425387 -0.99640793755081547012 -0.0095743129462460916518 -0.99698161796486195474 -0.077045350097854486959
-4.093235102823208571 0.18299849249855698607 -4.5797684938850871106 -0.99067160093163075807 -0.010385067939501507403 0.13587468296640983767 0.0067809949909178341559 -0.99961348709578068394 -0.026960981494469963421 0.13610215727268593078 -0.025788113155232390838 0.99035911466784087853
-4.7454965126538635189 7.0785155299273361251 4.0018988195959739329 -0.96178608806713372648 0.0018138320925607251746 0.27379596566396807722 0.048287108291880320721 -0.98318087591307790074 0.17613551717844960764 0.26951043759661613697 0.18262550548056594169 0.94552210380006640467
-1.3156984983148960477 0.98736005298509066375 -4.8010351517382483522 -0.98620742837725361429 0.011514098524896687267 0.16511309381369412841 0.16548408212107312831 0.087583356612305374167 0.98231572022909008357 -0.0031506789915657223977 0.99609064907754218954 -0.088280756919081604384
0.20822163088011122478 -4.0249797148487456155 -1.4066413576276082242 -0.80500566861735922686 0.0018354325995236994706 0.593264278952382762 0.5891287230278635656 0.12038161770516356275 0.79902166042130529089 -0.069951563223758964072 0.99272599306451048129 -0.097989190713424559331
7.1055010796636457471 -2.4983685400037280999 -3.432691863643647423 -0.99448485147519216643 -0.008748208511245010241 0.10451482686261806543 -0.050785446875587336724 -0.83172875447481076083 -0.55285451736017920954 0.091764473364881513073 -0.55511327477158356469 0.82669736518293512884
0.55859408426119083746 -3.5154058385123838626 -6.978623220303471264 -0.99911330000771481075 0.0087572510144817150568 0.04118160150197579944 0.031286512317406742212 -0.50011170106593560991 0.86539553997228246818 0.028173886750119524203 0.86591662243635925122 0.49939426818278032094
-4.9130531672610251448 3.8971091411542948535 6.7398557689793676673 0.91529540809784903921 0.014772812132309484298 -0.40251221091615002612 0.40153614528331432743 0.045110803148733419343 0.91473151223192150638 0.031670805893337809767 -0.99887275438916556247 0.035357892939044489877
-3.1066521592991764855 -6.2442159757410617971 3.8395040945240808128 -0.98983310624734499594 0.0040507547878875557051 -0.14217599362232136162 0.1256223432368061832 -0.44388804816273191856 -0.8872330176329524809 -0.066704187698750333491 -0.89607309527953882267 0.43886622023059262965
-1.3368977168339273298 5.266380031667092787 5.5016213158371334302 0.79426792495431952634 0.0029691817199346253603 0.60756040633720842514 -0.5183324425784721079 -0.51838539535823568993 0.68015296871362307396 0.31696993920468213846 -0.85514195654251490275 -0.4101978690845162201
3.0917561691188146789 0.8991131122353651639 -0.080401010311410198161 0.47941974265607800731 -0.0029793694581733837223 -0.87758067077000034839 -0.87499880562067289258 0.075102584256850957178 -0.47826424913454240739 0.06733350216549949252 0.99717136200127398649 0.033398716899782417145
-1.0182547967717499038 5.3036974969897920928 7.0218797204176972571 0.99425010311281925013 -0.011376831444506864052 0.10647675880873959386 -0.085210733707078586963 -0.6862592869543628904 0.72234847679626990047 0.064852627712559576811 -0.72726801027896936791 -0.68328279497118049601
-4.0630161666966779777 0.43849694009861250876 -6.2981740017715033275 -0.89151802446038930228 -0.0016475239812034289666 0.45298222672296001301 -0.41612129673178632761 -0.39216083818166697084 -0.82039803961423296563 0.1789935151574829908 -0.91989519112855111516 0.34893288591097526563
-3.3624176031838146628 -1.789073728906955596 0.4798044618935023431 0.81887558352568579068 -0.0094722847971159245678 -0.5738928946469722403 0.053020933154943709897 0.99683698915688345732 0.059201331878565764677 0.57151689332242527897 -0.078906861992767654557 0.81678770055480121037
-5.5017529876184561033 0.81292207986138642628 -5.1443524385227963336 0.99645076740109239655 0.0015006818149964349426 -0.084164221020380944327 -0.058970984253897844318 -0.70104077385408813949 -0.71067872939196419235 -0.060069053280500113445 0.71311961223068220939 -0.6984641204026338368
-2.9632014649993818622 5.1757474853780420787 5.2496142875703446506 -0.49917975832927702351 0.0061226858198560260571 -0.86647682115142232728 0.83082714315971240016 0.2873461270407982604 -0.47661143656409521441 0.24606061664425482594 -0.95780724365238756324 -0.14852426382116556969
-5.2980685445217696738 1.4962329971132677375 -6.3485005356552672851 0.6945036143957744601 0.015616095443017325925 -0.71931972526437248927 0.19037098547711836516 -0.96812171880832531556 0.16278582696393723017 -0.69384696978498805464 -0.24999295017046252454 -0.67533688436619576656
-6.5246120109391281261 -2.2733490818337220851 2.549424468173568048 0.97272136402472975103 0.0040573703851767527195 -0.23194112553736348503 0.22740309071282224784 0.18088281258684490993 0.95685382501448223991 0.045836473514309548916 -0.98349628665093813407 0.17502591762234667727
1.6838232480951138559 4.3339151200060985758 -1.71004337160405262 -0.86589865917805908246 0.005024939579110337777 -0.50019422429294169152 -0.39659679575135314833 -0.61628827773307615079 0.68036735689524474591 -0.30484503216149516636 0.78750460869192784319 0.53563606829205145932
-4.4256698158462093318 5.3816043591689748382 -2.878009634332526101 0.56214796748899287238 0.0043558549477505110331 0.82702520467980367158 -0.74223251232748554962 0.44374643514255707188 0.50217526715506644042 -0.36480208372765071667 -0.8961418011819752838 0.25268421375713312482
1.237466255502126744 -0.93968758545837760554 -7.4290772606528383548 0.97396126024835916191 -0.012465426446743282929 0.22637154564745792795 -0.081380656196944872738 -0.95116494621754876793 0.29776237822116319309 0.21160494401664095565 -0.30843128607594810786 -0.92741225430614471215
-5.0469744079017822003 1.6290970174649028746 -2.4921824363054527751 -0.93732038074536938588 0.0021036031842164284664 0.34846244947336091347 0.34781018101955035737 -0.055804450618831720476 0.93590274135209183815 0.021414523540962855652 0.99843950149451909937 0.051574994297033160962
7.0043458991252540713 -7.3381460368981930031 -3.4895958301488945175 0.98420858928905274876 0.0048066957617889389393 -0.17694730414876297386 0.15918905546759817837 -0.46118660685064083449 0.87290650030859529007 -0.077409930816216637739 -0.88729014946495743388 -0.45466899308572700233
1.8142829386608330111 6.8677885335346333662 5.9896139647071828804 -0.99795212819916467861 0.0096394071214779050022 -0.063234734545321344412 0.023026068614865995154 0.97644304313586316457 -0.21454319769153792907 0.059677047403635573308 -0.21555988806339043684 -0.97466537061255331675
-2.0573790870532464581 -6.9781709453626490358 2.8706956129866552097 0.99284837345170773304 0.0037192883448544369548 0.11932423990321773533 0.095201037669874644109 0.57842896862066206509 -0.81015843554640298851 -0.072033809845466756361 0.81572427642838496453 0.57393818054247680571
-1.510530960784675969 -3.1923714432359786564 4.8331155354426824644 0.91407204663064356431 -0.0045058439299312707041 -0.4055268066836430485 -0.37199379126568665743 0.3889642780595669036 -0.84280923681075381459 0.16153300847927146155 0.92124181828888784818 0.35386522774567369387
-2.3661137420740878667 1.0892012684092688968 5.7940022242838091771 -0.52702626171934996435 -0.012259521982079543342 0.84976056838319480313 0.17546647605330731312 -0.97992127771507719913 0.094687936202698261279 0.83153763308674821797 0.19900752147011271931 0.51859538289372819619
-2.9894970647938032826 -2.6275564378373226226 6.7068793581605739007 0.58203300886480113796 -0.0026719114725265091445 -0.81316076976258921949 -0.32900384869753596107 0.91371656238296750097 -0.2384921616518720644 0.74363569315497435319 0.40634333329859423367 0.53093413089542063066
-6.0661394282730443095 -5.931143599681579559 -7.5003500571790739926 0.86907992436208314491 -0.0011664230087402964464 -0.49467031902899127882 -0.43841263545798897505 0.46135165138782374683 -0.77132938154356167626 0.22911666491451010419 0.88721659881858705443 0.40044008370706796196
-3.652553812610085604 -4.807394288321473752 2.9294133460358806609 0.95949697911875775347 0.0073488141346506148308 -0.28162304947020971868 -0.20192635775748457583 0.71501712860352495404 -0.66931028069673037528 0.19644666732953164345 0.69906830906166106399 0.68754069418523600099
-5.7644902878312995753 -1.230540476584198295 2.0071619996989871204 -0.89516912205277177073 -0.0026824922072328535698 0.44571857394409225561 0.24228302224768102913 0.83642113314987520667 0.49162854387309240511 -0.37412722442203555362 0.54808073516206501363 -0.74808844910908900427
-6.0060201054553479239 -6.3342843004331843559 -2.8255393991539161647 -0.98291264680659928832 -0.0019028098005353607548 -0.18406278293670069734 0.15487812773255291154 -0.54893794694573649906 -0.82138900403709258491 -0.09947609912749030836 -0.8358609392223960155 0.5398527539844384382
-3.5708787194079492089 -1.6100025915725044712 -2.1019866001792282262 0.99916027339452340161 -0.0064024163859209212712 -0.04046921218127442349 0.02838539061927495416 -0.60411456899273896504 0.79639177364541491322 -0.029546872415540263723 -0.79687175668047327548 -0.60342554282641602814
1.4335489531924558992 4.316923517157291279 6.1299116348170370472 0.97667918092730621193 0.00074072526638637760377 0.21470265221809362033 0.20381736272823694489 0.31118622496518055787 -0.92823575455937645806 -0.067500075510327689488 0.95034866481624402645 0.30377813464452380066
2.7052852209882223278 1.5586825098755205943 3.7056493483002910239 -0.98479844162466467772 0.010081517710942303201 -0.17340816697674515945 -0.089302212352353249614 0.82689026110714236584 0.55522753079710018831 0.1489870606548794052 0.56227294002710814791 -0.81341993869752193813
-3.1181380865557013493 4.5964688000220093045 -2.066409399116604817 0.99215253446866991105 0.0018634275111859494381 -0.12501950241935122499 -0.09095166034269314137 -0.67536139774853909401 -0.73185707478435335638 -0.08579710850720814741 0.73748458293653562645 -0.66989204063250629151
2.7381113675606982838 3.2689213898237969858 0.22501008004166897503 0.9656697814797513546 0.0038755048909161972544 -0.25974382302306781023 0.19583646163731269207 0.64608262297407559327 0.73771629003594141327 0.17067499357015938899 -0.76325763982609218239 0.62314350018038544565
1.8842699564140670265 -5.5561734816822969663 7.4331033700646083062 -0.99918611085453545861 -0.0028797249601001479943 -0.040234600279865001538 -0.0047063875695707094171 0.99895872806270935573 0.045379615946837655038 0.040062024306962332187 0.045532041592586766643 -0.99815923949875540178
-1.5155281603260941647 4.2971774090829004678 6.1337807089282687656 -0.99742830663508663669 0.003630127617151434477 -0.071579293768781762641 -0.069498610840888527806 0.19505450258700576804 0.97832698220572422709 0.017513315338275485533 0.98078568667883680998 -0.1943005933903781679
5.2265971068007166522 -5.3254815913301660757 3.1795648286733841914 0.89727561654642173927 -0.002305649705571946248 0.44146477994364402564 -0.44121312477573720878 -0.038844514263576254698 0.89656125403521935713 0.015081328750032717972 -0.99924260702349343433 -0.035871518396477092283
1.5294610789657616667 -7.2565573011074224752 -2.8344285680898368973 0.87499111784587391139 0.0087646639068233774678 0.4840596289275175268 -0.4795427848502691881 0.15313368571198407442 0.86405369728860237366 -0.066552694827897426744 -0.98816661295903596152 0.13819364617910923076
4.086824912889298389 0.44307920066485140254 6.4684627303605788384 0.97531585081112481816 0.013164175372996286817 0.22042163152335489396 0.1650131183812569291 0.61986109242483122816 -0.76716549509226972248 -0.14672989442760006606 0.78460112833508321994 0.60238808711378966088
-7.1813244907644921966 5.6015089016933421462 -5.8116163055788847558 0.98648533091980294962 0.0034524139746253124095 0.16381322510008633486 0.058814086858601712093 -0.94061005679061737705 -0.33435553569741222057 0.15293003324053330849 0.33947135652696552865 -0.9281010737149627543
0.59434359118576485237 -0.52463683321677390126 1.7650970140570489963 0.60213324271538415378 0.011556334744868571041 -0.79831197482194515835 0.10179512976863648588 -0.99284594398462977516 0.062407395946510402229 -0.79187960547823144086 -0.11884183876354199871 -0.59900192636329818718
0.44316006297996130003 6.414028048011372718 0.66737996695565227068 0.83895852265230108635 0.00050993343623856280875 0.54419512790611890285 -0.39199634746495393145 -0.69307239032418999081 0.60497068139245679941 0.37747511287901541754 -0.720867811556367033 -0.58125909663304153874
-1.401203325502474728 2.0420333118418279028 2.6910127790232611922 -0.90340291670269490254 -0.002173662213485945318 0.42878717947923128406 -0.15209450895333379017 0.93659100843374631928 -0.31569691678460343187 -0.40091199837301322306 -0.35041769092565450139 -0.84644965086351364736
-1.503361424636360244 -7.0770697880984201333 -4.1316506521100633265 -0.91273414140527253657 -0.0010536770746141163602 -0.40855266108283988524 -0.32602360051685114195 0.60454202989049221628 0.72679952256594415605 0.2462214430534098164 0.7965725477698184509 -0.55212967418906455652
-3.5499679770326029171 6.6642090599273027252 -1.1992291128722574189 -0.4960270651168291467 -0.0026398599537988788957 -0.86830304721967799253 0.85181980718301475441 0.1924658009186469565 -0.48719598886615472777 0.16840477060392611275 -0.98130013075315625226 -0.093219561368193065709
-6.3179429126147228502 6.4912278637551033 1.3546928671751512496 -0.93120216900794472448 0.0021416930863622880496 -0.36449682246299408561 0.28899483780192475324 0.61374950537386252503 -0.73470642325838486641 0.22213622882974226602 -0.78949791500938648614 -0.57214380887779281437
-5.6622299982117363371 -1.8284088296466294299 -4.921888089926763854 0.67669313491612870237 -0.0057674563379099142574 -0.73624258067889947199 0.61102943849120006092 0.56228820491032138751 0.55720283552372340541 0.41076687604326378445 -0.82692122422028180306 0.38402065371483667944
-1.4160342097469982292 -5.2820012595446206305 4.1974548985846569238 0.8782083802901794467 0.0066784674217950559111 0.47823157451268050178 -0.19323994406033345728 -0.90970082486752112949 0.36756323708278709761 0.43750241691626212681 -0.41521055779939847197 -0.79761634128461256221
1.9355185536734591523 3.3789175373834701155 -4.6612839889272956739 0.95154722681152381636 -0.0026588543684630018549 0.30749114725564424822 -0.0080536515864136435511 -0.99983508641533691552 0.016276936719039958312 0.30739715978411352726 -0.017964700561886249447 -0.95141171723416906314
-3.5670226756151568459 -6.3992173775641196798 2.015647624112059777 -0.99999677140589138258 0.0019639898351886072615 -0.0016124272452628179118 -0.0014816066069814385307 0.064881315550871579423 0.99789188779862569856 0.0020644659251488400517 0.99789105499359787022 -0.064878196215137795555
-7.0546027122055177117 -4.4691156932367119836 6.6161995273393134909 0.88129638488123851481 0.0047782499649558132088 -0.47253978702591226124 -0.27845156760935207974 -0.80266913164020625704 -0.52743434625350260614 -0.38181331366407073036 0.59640542707061472427 -0.70605889277713662633
-7.249630167069137876 4.6115328689110972604 3.8095174367186555031 0.94325688448230993188 0.003907674243620778802 -0.33204093114967464517 0.32444923958264304531 0.2020643761676356176 0.92406854660149573277 0.070704602473759037284 -0.97936444593726956764 0.18933077199186662543
0.55514781501516763385 -7.3634215728088783237 -6.5052239200603549918 0.97999253352097481784 -0.0040783624632978136143 -0.19899246519090868501 0.06271748888171389813 0.9551838566488253246 0.28929278695790178189 0.1888945495018097831 -0.29598507894340120306 0.93632883230818386711
6.6091104076469626705 -0.20048135758147750396 7.1913684111661071441 0.97615925683109716626 0.0012929767826529014064 0.21705168396938606667 0.013261422423464470227 -0.99846940051591204224 -0.053693490376351946103 0.2166500403374494732 0.055291811731383318229 -0.97468229468754352673
-3.2840801299356594534 6.8482330068899042175 6.7702949440597803843 -0.99830033622937630611 0.010164680299752796092 -0.057385694721878231783 -0.02328415818747528454 -0.97223441881973915457 0.23284776752169195069 -0.053425524441104974005 0.23378818220071895251 0.97081862322558376555
-4.0860715365307909153 2.9041510058585684462 2.4789780754371291138 0.21065410419298977174 -0.0052219322560225680391 -0.97754671489908706583 -0.86960402103839540278 -0.4578025613717012221 -0.18494772611559368025 -0.44655760544454181638 0.88903855159660005736 -0.10097900175044777216
1.6213466677191736842 -6.0598190609716544586 -0.42089091046798093876 0.98934338155209078369 -0.010214971959209423469 -0.14524230694547274334 0.031826636274066698318 -0.95824068614654422937 0.28418629917155940889 -0.14208004294215312302 -0.28578040828802397932 -0.94770397257593497198
-7.2314678352241488213 1.4784591272960323494 -4.6618977929559601847 -0.90052465897565858732 -0.0036742835914529213374 -0.43478941824398797955 0.18821272063930497009 0.89813156431602081398 -0.39741120387929934621 0.39195830182099383743 -0.43971148815945371169 -0.80809807375972109167
-3.6309090004609823055 -4.4208891890676609293 -6.5351000561641194864 -0.99351052170080433878 0.0072110819967261966315 0.11351142482646239817 -8.2325978172427885515e-05 0.9979423713107089533 -0.064117211145874708489 -0.11374021492913552467 -0.063710468834628303236 -0.99146565228900418454
-4.4937885510351582852 -6.3540167595197365458 -7.4149942439153608831 -0.8308322751318043542 0.0057333284203850238755 0.55649335983872361133 0.45614039086263308276 -0.56585377788032231727 0.68683727758632007188 0.31883173371384282424 0.82448567665168526197 0.46751437900161380012
1.2026610287574093228 -5.5059621324751670812 5.6868454521984519445 0.99804591727620739494 -0.0020858166510772432195 0.06244995097783663518 0.06212283628034154237 0.14053999052860549623 -0.98812411380081854873 -0.0067156697890193720393 0.99007280562141408708 0.14039494060737184311
5.9165304168919838901 3.5334914459700912381 -5.0016261193673807739 0.95383985224309408846 -0.0039557324330122770745 -0.30028967423777269685 -0.13912875152550893687 0.88031718592835117576 -0.45352490853135640769 0.26614418417821372742 0.47436905921487371174 0.83913125843813807236
-6.2349981048389979676 -4.3061991522530309595 -7.1769246269664215276 0.99231036807743733252 -0.0033729666229371409181 0.12372855976869129302 0.03728880398012908437 -0.9450400801669085471 -0.3248211692236987469 0.11802405900495654967 0.3269371040036478937 -0.9376472959070175639
-1.6265194198364452127 -7.4061186556970124428 7.3851617662191717528 0.62498298074847258299 0.0053598285798805659491 0.78061997541199268369 -0.32521307519806830211 0.91085665016937056304 0.25411929986196107878 -0.70967085997308754219 -0.41268806025833293383 0.57101299059246968248
1.6427989518599217522 3.4936535250046487633 -7.0000362346047984019 0.98687546597300246365 -6.7019907961547869088e-05 -0.16148315753953890184 -0.16129795147712192027 0.047472710899925801842 -0.98576331468005262693 0.0077321090197609064834 0.99887253302313483427 0.046838843516557572555
1.918986774818747687 -1.8335965495766926026 6.8599126794014200215 0.98901784284348115417 0.0057791649256901597709 -0.14768313305800703783 -0.070414330971601629683 0.89696556449212661022 -0.43645686855539500559 0.12994432858300875022 0.44206263964294106872 0.88752188373080453943
-6.674429472871753255 1.5131397553880125972 1.4769584644593223288 -0.86000893339535922077 -0.012996296013148804158 -0.5101134489210799039 -0.402675571495087814 -0.59674445111552865129 0.69408100693212360088 -0.31342785230615421987 0.80232609103323093702 0.50797226798899763889
4.0314926324433830729 -1.1699394000815788175 -3.3800877564483564619 0.90876188254274770095 -0.00033742984136476646996 -0.41731490145751665155 -0.015194004541583865098 -0.9993634008336350627 -0.032279022603140958281 -0.41703834723376137505 0.035674629855490788688 -0.90818849239645349503
1.5208107373210830726 5.4082999995497580414 2.1307754283280258001 -0.99737847489145203816 -0.0069075406441604795052 0.072030991285682688385 -0.067713234052085916059 0.44010922420401032973 -0.89538750756564766675 -0.02551657809255337972 -0.89791767810459266475 -0.43942319873855351098
4.0668724901088113555 5.5689907734961749952 -5.6004073232430071627 -0.97063855331435711093 0.0085440722150872342594 0.2403909267205611433 0.23740259080267858693 -0.12692499152973504839 0.96308361859463198495 0.038740272324322255759 0.99187551908253013266 0.12116990527801616007
7.0498393922051603155 -0.12801538719345240125 5.6948603438446383507 -0.87597133408376826047 0.0023008371590962032466 0.48235767643089211276 0.38677285617457379807 0.60089682816600453741 0.69952109305334153611 -0.28823771368446421404 0.79932328131256868975 -0.52725829757497633121
-7.3186696082483013726 -0.52824181259013436307 0.60561493777765607049 0.77274454847119011802 -0.0063494111479879978416 -0.6346853927625549785 0.24909765653357290871 -0.91669162016845229246 0.31245292609060726363 -0.58379467308091881339 -0.39954493926357287359 -0.70678682867703668258
-4.1152011794110192611 3.737966672890284503 1.2689636781549564759 0.98316608228322188712 -0.00012107959726665243338 0.18271409356565129767 0.12165609237608371318 0.74653936265946541084 -0.65412443402436304396 -0.13632406183636536223 0.66534123977074777212 0.73398691052676923174
0.47529106451633956754 3.6337617966534163649 -1.5010239226561881143 -0.10664039644646693128 -0.0014977287424903680535 0.99429652652237243693 -0.52825721525021740455 0.84727641450240698262 -0.055380429431592978484 -0.84236105108309122791 -0.5311501051837012044 -0.09114507875697791528
-3.3047680981170204362 7.143483033607896715 -5.9060646070555202769 0.95071205003639347453 0.0090899576974226396764 0.30994188259195026847 0.27461914701210493606 -0.4888306709929153282 -0.82802711259414707445 0.14398236701046807084 0.87233132912088784394 -0.46723348576963802392
0.94267500468802589708 5.2003640497729017866 -3.7381701740694079916 0.99267865501365049052 -0.010106727236003771458 -0.12036171295259689984 0.051876849100806386728 0.93557664718644895085 0.34929232709376956123 0.10907740557825881811 -0.35297902388640101101 0.92925127295510889791
-4.0654286561781729503 7.3579539529224904371 5.4279377650069395855 0.88898114320601562266 0.0020705086839628641937 0.45793912261129315899 0.45079403526882233511 -0.17997119692361451815 -0.87429692098506195386 0.080605612647256796865 0.98366970130810971185 -0.16092437335003734189
0.71369409947501072367 4.1637698562611440423 -4.3362867350121163668 0.99959477447031286346 0.0045444071806351564458 0.028100448663015108186 -0.027348343471078149364 0.42716635606369884881 0.9037593553356403353 -0.007896515755208024373 -0.9041616296938166375 0.42711753935914309466
5.7935063611751891344 1.3982101675065363722 -0.11245528630703911788 0.99728382592055120348 -0.00038001069130370141932 -0.073653419126254837668 -0.011220528967951571772 0.98753110901468565963 -0.15702359204227053779 0.072794713316187961705 0.157423518954573044 0.98484453869283161698
-5.7463673090449063352 -2.4933761843704331795 -2.3181472669880576198 0.20004003935243955259 0.0025314910124992792521 -0.97978445293295046703 -0.91519225371303947192 0.35756636734819324808 -0.18592856608122151907 0.34986729112554931787 0.93388429930836935888 0.073844391160407613084
0.019400897753197719753 -5.0194967245964452474 -1.7579550783201500774 0.86043318472723173684 0.012129959801454452337 0.50941888333210239015 0.37875445917493893999 -0.68400154624998499298 -0.62344762761828531605 0.34088090922674457728 0.72937970139215591026 -0.59313190516257208174
2.9363868957463172826 2.8622249464443996203 4.7571933658743663642 0.92085741933422016192 -0.0024569846598893494913 -0.38989174969930545656 -0.10765349197026033434 -0.96271038210709691807 -0.24819235655001797847 -0.37474303052064583675 0.27052298129661855874 -0.88678350101170544395
-0.75997355267236454957 4.8828082698157917463 1.4090072306861727292 0.78045882263391097577 0.0015848948780785966986 0.62520517774667139221 -0.29965773544291851582 -0.87670360530633151264 0.37629247937220083875 0.54871601740988151796 -0.48102835316760916839 -0.68375613758614883775
6.1425066306882190048 -4.613653097079164489 1.9541549442293477679 0.65142608728921735928 -0.0048366793698937874529 -0.75869668467163298153 0.72922696856700419676 -0.27207168797045361286 0.62785748774676852779 -0.20945663301442801751 -0.96226483004291030188 -0.1737075581218888165
3.6268436617212040929 -2.5413213326900727651 4.3977740953636628163 0.92340125035307796253 -0.0022426607342059734149 -0.38382952116709623258 0.28968797897031878241 -0.65196632676059385059 0.70072875180805882511 -0.25181541987456335097 -0.75824460383387237705 -0.60137684946318881174
6.2647492864780289779 1.4716984394639052169 -3.9972017055714421652 0.95819937352683093312 0.0061453539754707138532 0.28603530410988203814 -0.15972007151626060883 -0.81798186583492271673 0.55262570146541456495 0.23736777230188699228 -0.57521118016751837665 -0.78280817502280775066
5.77484694428231915 2.5347202066215821503 -4.460922771681214094 -0.8112127535696626035 0.0070849685169744325286 -0.58470819360345116511 0.28307521950124286958 -0.87019300818399580866 -0.40327726022177035059 -0.51166618859391654883 -0.49266005696499348687 0.70390608728795611704
-1.4705518510256299081 3.7357708696056759479 -3.578735429062972706 0.60160995411501194674 -0.0080380275349536765145 -0.79874955600809482981 -0.65406616129765959844 0.56906259731843666927 -0.49836253568918309487 0.45854434873321903154 0.82225491816500329012 0.33709632124710370293
-3.4565039164455986231 -4.5367781427009727935 7.4839867751610711366 0.99758562816175111454 0.0020287102447647995494 -0.069417568524977435462 -0.042467568478108688734 0.80872048327741064 -0.58665806527762986988 0.054949250338281699357 0.58818964991102806739 0.80685408570880912116
