1125 14.717824617146108679 14.977075390850430381 15.033177056927090831
-0.54766223540136838022 7.231721436175095441 1.2978441377072669205 0.96570040934104883767 0.0071478504230471110945 -0.25956045082555029291 -0.08923768988255835477 0.94786964917171678824 -0.30590809548547970298 0.24384288815312840648 0.31857814804767209393 0.9159959658664479365
0.84352642013824319367 5.2637022739551619921 -2.122713396321786572 -0.99348096863663226674 0.0010482850675551051017 0.11399327197344436002 0.10749347629951847005 -0.32433133044857392902 0.9398161206547014368 0.03795678476688051084 0.94594296296759516895 0.32210432052723853014
0.93919636947155116236 -7.298111652192003973 -6.5995309806682103115 0.81949989884833862597 0.0042564805784331633323 0.57306352017951023292 0.00056249267509732824022 -0.99997790921318319146 0.0066230421681001509782 0.57307905160592731431 -0.0051052383543357983398 -0.81948418968997194245
2.3291954161694663483 -0.5664949331899804541 -6.7980489103754528912 0.16797850830890531659 0.0073461389462744688256 -0.98576328547418934356 0.35097069722747903375 -0.93489438479486908218 0.052839937231577371879 -0.92119639080595894232 -0.35485000143952338814 -0.15962044369212266548
-2.6310611721459959966 -1.2501818916142053428 -0.70514210285015688218 0.99500570720948966486 -0.0021337739869039312399 -0.099795238509483602529 0.095013021871216352121 0.32670235124334362498 0.94033935330125750784 0.030596867412977957201 -0.94512487042753068334 0.32527344036041994091
3.539143689650431579 4.2058062089421897056 -1.0076509800099222591 0.54522592011358106401 6.3042059272883175375e-05 -0.83828914585722325015 0.83554678874210175366 -0.080861974870011635308 0.54343620126278169291 -0.067751456508886406804 -0.99672530671487991061 -0.044140719240889539354
1.2108222461209077192 -1.5505757945530873609 -0.50126162525784578872 0.99262180817191436599 -0.011110149064455811935 -0.12074150292784037453 0.1023418029950555197 0.61078452255091386647 0.78515503078823123406 0.065023851787091108134 -0.79171890946227119201 0.60741506986468418727
-3.6802868168026003914 -5.2594114960675177883 -5.0445330798213312562 -0.99811582255549702314 -0.0069131302716353539364 -0.060967314147284602799 0.03826737377638386034 -0.84684364141315804364 -0.53046343427460052045 -0.04796261949417240239 -0.53179700603517998658 0.84551258506493576217
-4.6906164267829604242 3.9409428314752910083 0.34590917745128435534 0.96028165181344105061 0.0042314339231795550927 -0.27900043755775255638 0.21007425041792052167 -0.66906102962229319076 0.71289981620992526334 -0.18365173155128725058 -0.74319542087375856099 -0.64337594599929792683
1.109767782658359847 4.0912848470483913488 -1.0793501238827150068 -0.41832559302456012729 -0.0046006162823358925928 0.90828549066379626886 0.84964543695025840364 0.35153401792208044396 0.39309854453200598901 -0.32110174351794701364 0.93616380434911461439 -0.14314678388408161314
-3.4546583156656622826 6.7495772038634918033 -0.68672352899347122168 -0.9266694779155855155 0.0033083691406176384334 -0.37586265229907417362 0.31777074183541742514 0.54099099829845409548 -0.77868510669814594571 0.20076213371313975098 -0.84102187513391257756 -0.50237114886633860156
-3.9868813471539699123 7.170509951017189465 3.5314992653304355663 -0.89107471351047085051 0.0067934372227472289082 -0.45380580004321846577 -0.38060750502582180177 0.53349019320251434007 0.75533180846214176274 0.24723224316465899908 0.84577896815141262454 -0.47279398787666909731
2.4640951591273170251 4.6380929042711853683 1.2943365874744252597 0.91061359420000742571 -0.0072855418718039367462 -0.41319463081913931912 0.2048461089789491707 0.8763251005453073228 0.43599585983194522054 0.35891636030460188911 -0.48166506935217512364 0.79948596439946117975
0.27854399873212859484 5.1167425697727804135 -4.763101400523565232 0.90670837899086043077 -0.010121207792192672692 0.42163666422731355121 0.055142291299189377662 -0.98828582524004404686 -0.14230409460012588552 0.41813782796843923517 0.15227832669993124348 -0.89552893199461636176
-6.1169753880658515044 -0.62806299088279760046 4.1400985095452620399 0.9501000566893225141 0.0086100736419571534397 0.31182647243422972894 0.11466649479283723412 -0.93927504952463247712 -0.32344083896806863354 0.29010597589637043825 0.34305720801688632804 -0.89339256476468587032
3.0412138359280893596 4.3460005011259079666 -6.4073424972135981648 0.83876110918912138992 0.003406084341066651245 -0.54448893496678529846 -0.20615372731941319917 0.92752414382954528893 -0.31176850919480730839 0.50396472339247377903 0.37374772400999883848 0.77867335666059112054
-3.5829963026809736881 -2.3486956104466392148 5.6074838684417196433 0.93372726635326641631 0.012083954045252464152 0.35778117631185624159 -0.28583065491453818474 0.62689333619456122371 0.72477967807190601945 -0.21553243092301202499 -0.7790113754557868031 0.5888013655987619499
-6.018540723403617676 -4.3870972475958716075 -3.7722416719792497553 -0.99507204245600455739 0.0064552467650993566872 0.098944227277855997804 -0.039420026784827304212 0.88987418334430024025 -0.45449972420866691092 -0.090981821319945324622 -0.45616035295356238688 -0.88523445514888698948
0.039967151698552735861 -3.3056925940286663312 -5.5787618358995691992 -0.74815796133651368827 -0.005978671043790869874 0.66349372294037167741 -0.65701582791022405949 -0.13300057972669199202 -0.74205191709735540684 0.092681534105862953266 -0.99109792719236045055 0.095577361079252798337
2.5523811081740990225 6.8785024672488823683 -0.075372902086170437408 0.98341371291724311021 0.012639800366467389067 -0.18093563687924443806 0.090130913815324426031 0.83162709490602482187 0.54797152607854027195 0.15739722875898359833 -0.55519060732770819655 0.81669425240679993649
4.4522029004123302443 -6.776571380735915362 3.9464085135443598418 -0.71002393185621548444 -0.0037420285765383479865 0.70416760321216409491 -0.70416359811248918632 0.010066906015439268385 -0.70996639673756001265 -0.0044320745356654193958 -0.99994232564952600928 -0.0097827444974211020395
3.3824374949201350127 6.4695576906941614226 -1.8942769214547781065 -0.99617627742190617557 -0.0072983542220171103779 -0.087060658894740433622 -0.0050395165133730792512 0.99964566240131325081 -0.026137194103707236253 0.08722056853087926942 -0.025598509096285547437 -0.99586007488862826609
5.3000052111314444048 -0.95600709020968199781 -6.9060970532292413893 0.99726030799657328085 -0.0011456642987461608529 0.073963271615191811259 -0.042133771626632968155 -0.83062810212176141356 0.55523121422896648536 0.06079986334871537168 -0.55682640330623023317 -0.82840070811040755761
-2.9633090308036842409 6.651466538250041971 6.8174331529002216712 -0.97340060982519049926 0.0060793239608015799819 0.22902902569811672828 -0.011936049540791058426 -0.99963599063168750991 -0.024195391195833450271 0.22879856536569992409 -0.026285510341980820176 0.97311884599607023638
5.378153623691591001 -5.525572649261635938 -1.200545952379100445 -0.77889022804723195836 0.016181686814598892493 0.6269514858937396129 0.014925432801424279999 0.99986222329590501712 -0.0072640127652466093822 -0.62698265056402435746 0.0036996537131426571361 -0.77902443379795283107
3.8045848479208945747 2.3060105065983993455 -6.9894250116724023769 -0.77459416047966511698 -0.013608379076716862338 0.63231218442280745506 -0.063053107962038945633 -0.99312607773916627973 -0.098614903999069108975 0.6293077086187626179 -0.11625577720408315774 0.76841160984174072812
5.0301782310524449926 -6.8107095883088346611 2.1456388107247028607 0.98133715852316483197 0.013726693142483920376 -0.19180448169221203658 -0.050915440407398142308 0.98039748517020119944 -0.19033756591953657211 0.18543192613454240192 0.19655113575711258278 0.9627993829467405007
1.5742183583077009601 -1.2986824900221123347 -5.6872438085040180056 -0.19194572547441149379 0.0048127581693093472379 0.98139374148746660875 0.17783749993339315054 -0.9832625935180029364 0.039604239743674975183 0.96515836114578301697 0.18213047396590628657 0.18787716296408574213
0.20352243992382770821 4.6364838477264180838 5.1229217697365942996 0.85843267160610059463 0.006104521334957693432 -0.51288993277175232155 -0.059202004392274111544 -0.9920672244724066946 -0.1108951973867577101 -0.50949825416309446613 0.12556017261375104765 -0.85126151801781313466
-4.748513465837859826 5.0599917861242467154 0.073415024869484230008 -0.97804091308182616871 -0.00077884492803479820483 -0.20841152976410445841 0.19852447112131277329 -0.30785133669307174209 -0.93049212187000596153 -0.063435058950479350504 -0.95143415321128921303 0.30124582221016149575
-2.5359925256318729403 -5.9953705822126561742 -0.37165019711780561407 0.96800427611822581486 0.0084463977491191274266 -0.25079150659822224689 0.2490248291612829068 -0.15537609393396789592 0.95595235440632553292 -0.030892650872503025355 -0.98781927891633747318 -0.1525080860911585956
-7.2404016120699496994 -4.1654652674942900248 2.3211073249831302157 0.96289361728522737671 -0.0070339735580509429175 -0.26978955689118416794 -0.12759420543375768475 -0.89274656124246332123 -0.43211491079292052575 -0.23781421431712670977 0.45050427368209278178 -0.86051745994082995406
-3.5768400088987899466 7.0466993791368635058 -6.2327358997655792905 0.13017542515396302027 0.0025915720656860753886 0.99148759066377623039 0.9170415038422292664 -0.38049564835947308206 -0.11940662381237693301 0.37694726277926543512 0.92477907920422630639 -0.051907761938923872858
3.7010008600658110822 -1.7556773347653296113 -1.0464697270605864965 0.83753664006784633855 -0.018173387637108216058 -0.54607884460555033979 0.51969937818627587323 -0.28201072800657123185 0.80646295984505755872 -0.16865625650038315597 -0.9592391137099719467 -0.22674961934316908985
3.3971098339068834804 -0.99700865214873657383 -3.5255426212651412854 0.49190488084967698423 -0.0070762361408068606 -0.87062018990970790888 -0.68381587057978598931 -0.6220962343050845389 -0.38130320010019125299 -0.53891135016763047627 0.78290880832035081305 -0.31085101658998304242
-4.1553620550443106652 5.7274074767500975369 -5.2396273198194238674 -0.95118599570705841817 -0.0040106363301030574509 0.30859215214714108555 -0.022594597258449325428 -0.99632719044060402691 -0.082593061230242195703 0.30779000267281775294 -0.085533878579664990305 0.94760185197671187307
1.678191368474482692 -5.6281862639238529056 -5.0099605015685000353 0.83271663257286032689 0.0039837673598935204045 0.55368505437130244307 0.27679079493918612442 0.86306940605126636346 -0.42249030305448997957 -0.47955173409488233149 0.50506962879958539059 0.7175895793493006769
-1.3812746593729561262 -4.4163048140209042458 -2.3533904768677937902 -0.92573141455580443271 0.0062698878989548099266 0.37812965581951352156 -0.091665689736776884144 0.96632664531435430444 -0.24043755089540494452 -0.36690427829276411886 -0.25724210981341721904 -0.89398419869100964608
7.1946475163909662243 7.4718783398781187799 -3.4447615625702789899 -0.97014107709120611656 -0.0017977933278941742729 -0.24253465418256281438 -0.21642360472543958894 -0.44498138067735709678 0.86899504841410635247 -0.10948567878025299016 0.89553801638435859278 0.43130563102317032165
2.9045456840391952191 -1.7456790064545311125 1.1436092124782992752 0.046856192038951569034 0.0016302238566893597314 -0.99890031516559751879 -0.43356850097273791356 0.90092306873078642493 -0.018867410869510478633 0.8999015791918277829 0.43397576729452042033 0.042920638034514110859
0.18847946694380615651 -0.778468895804013572 -3.8729956731117844981 -0.34627352793644411433 0.0026751036590643463564 0.93812978189103490845 -0.78953064771798775467 0.53927242719325974019 -0.29296178177872028714 -0.50669122763707552526 -0.84212712406703438273 -0.18462368955838545648
3.1330927808620923081 7.3600744508877653516 -5.0789812135609020416 0.98276164707963598044 -0.004970389432118350187 -0.18481028179776365361 0.17288562561280340635 0.37886301253820092727 0.90916080986089131688 0.06549889682846880834 -0.92543941614748126412 0.37319134710611978623
5.5577693688756957258 -3.4833776349718137411 1.9540165828881590482 -0.98932921496940895434 7.184143666366486769e-05 -0.14569728634020656655 0.14416779826546127774 -0.14403530154114796424 -0.97901454425006628757 -0.021055886383079258639 -0.989572547491515353 0.14248797457988657267
6.5790285110261281787 5.1613640463335075381 -1.480863300991506204 0.9866822487821186316 -0.0052675276543519711919 -0.16257426946084763131 0.14004354408875574478 0.53591414498580891568 0.83257662407924992731 0.082740230223097996354 -0.84425605260283798081 0.52951465697003941013
3.7551320426948024966 -5.4702705552937986866 4.8103317329513366474 0.87326580688198762736 0.00045949885747795498475 -0.48724390133843908934 0.34752220328005972716 -0.70150653150804898051 0.62218719408135769733 -0.3415188849216380107 -0.71266287619900947625 -0.61276135332577930104
3.1428809982710790294 0.682791273586006775 -5.3180400002376959634 -0.91405460557255591159 -0.0098910942014157517133 0.40547052209401729383 -0.33739544935580839669 0.57336195284036983733 -0.74660590795217973703 -0.22509662100020122466 -0.81924247771379077321 -0.52742134382647010149
-3.6956793313936069367 -6.0667454877907198707 1.7908464803222068351 -0.73716781401680941954 0.0046698484829276569463 0.67569357440539501436 -0.12032854002473589161 0.9830857772211822887 -0.13807026139219003014 -0.66490950995843156601 -0.18308617408351157696 -0.72413727733514710039
1.8603137917425662806 -7.060251280475346114 -0.38635672541179838513 -0.87809136436279267013 0.0090344533737297394449 0.47840770738329713163 -0.33439408975558326809 -0.72672868702809179098 -0.60003833893084068674 0.3422515866553224595 -0.68686519354425379369 0.64115525212643009745
1.8260009557298995109 -3.2623634867695510131 3.5858109961572868229 0.9202959132922065022 0.01736253343415465264 -0.39083752942931071495 -0.3309238570836257054 0.5674110809999416416 -0.7540119799919909882 0.20867398685643134826 0.82325160649178608097 0.5279317755336848661
-4.8144808857391803159 -0.9521841186631946341 1.0020242796650402628 0.93058299948955147674 -0.013487397508642100588 0.36583243591774355918 0.13356365931532371283 0.94294409115416688572 -0.30498719623583220306 -0.34084605025045172644 0.33267781871638280045 0.87928916686305491623
6.7204129211167229485 -5.0927125663634855712 2.4990342681736050778 -0.61947517933156392989 -0.0042824008331941425948 0.78500456255680495232 -0.59713740340333121281 -0.64655990172903210489 -0.47474963394708769027 0.50958554105163178516 -0.76285120077195534005 0.39797062935836235997
-0.94327995817485743579 -3.7195836638781041295 7.1869846092607385657 -0.62160427072568236184 -0.0059537050843957127488 0.78330880501342836641 -0.35852887785579434787 0.89124466308612260157 -0.27774087611318287738 -0.6964662047502490072 -0.45348374162299676104 -0.55613606403871407302
-4.3326771343796259828 -4.3190211446093202952 -2.4332910530599232146 -0.80791949205572344272 0.0044351240648274649347 -0.58927618654669866594 -0.50457958737895491907 -0.52176032055460275227 0.68787034235769750623 -0.30441014167894592246 0.85308059265776636781 0.42377820622793349603
5.8449903346796165948 -5.9097080266462542752 4.2307647662051905968 -0.85238180040136057869 -0.0043626078484964589746 -0.52290174411370182739 0.017051799513665751723 0.99920151907307519501 -0.036132539567047317064 0.52264184914500544377 -0.039715134835114504486 -0.8516267994769285421
-0.64918511379711874021 -2.2378664448798133435 -3.1586854676286542087 -0.78913738304712066629 -0.007907117773648582662 0.61416583116138900866 0.21477832096473700729 0.93323979457621797362 0.28798221935218559775 -0.5754411034338499098 0.3591670409543828435 -0.73475613176814325023
0.86839248718168970953 -2.8655091209505090255 1.0755932022717369367 0.99993762783987205633 0.0037343481347575334384 0.010525923896136898592 -0.010877678663520781721 0.53937284820773934158 0.8419967973354089974 -0.00253308838227325403 -0.84205877779419535667 0.5393798273971815993
5.2989857849257013811 7.3105085279106889473 2.8516070805442259584 0.45062782013282559612 0.011594195209339405034 -0.89263662391803300089 -0.0031492445524771866573 0.99993008180077425084 0.011397972124047360196 0.8927063626865890944 -0.0023251123069912785907 0.45063282600324516824
4.4666515467751874979 -6.7174894714567683351 -4.1687048581582963891 -0.7666396967048201283 0.013379162887144930433 -0.64193813832552448773 -0.53731415225685708048 -0.56070171398941093255 0.63000562673191373708 -0.35150686653440238461 0.82790976919574421622 0.43704500551930058894
-3.2161202545842515477 1.8990077768260982261 5.8725187229622504148 0.78558580701692704018 -0.0021628274842469927437 -0.61874894908259103765 0.034221880626812459236 0.99861512443542599371 0.039958680348760211576 0.61780563505036456551 -0.052565724822627175883 0.78457188445295256152
5.581944813014997564 -0.65945242658019564974 -2.1065447355657798134 0.94701379078580893989 -0.0044790027564820750552 -0.32116167049591481941 0.16104655237284534741 0.87175220790745422406 0.46272248267958443479 0.27790086007468156604 -0.48992655219188779858 0.82628269098839579598
0.71811493343988463955 -3.6868673629833312866 6.6220148063493295965 0.73910890581961186108 -0.0026415710437422777052 -0.67358076534331257079 0.54804708809169044859 -0.57902573032960902299 0.60363365781772904128 -0.39161513578042855821 -0.81530498938657403052 -0.4265153686667984001
-3.3293330038567860996 -1.9342727585223531417 1.5433807581226917094 -0.055814383481019899658 0.0024933020752374900411 -0.99843804917547029909 0.8261438705375002689 0.56167698602475535363 -0.044780224915036130617 0.56068802356564928502 -0.82735285508354627915 -0.033409480917301642711
-3.0139463193330287005 -6.5137152130613245049 3.9538521576688414605 0.99374090056445707475 0.0086088495956558579864 0.11137733276587802322 0.036066541279410474496 0.91890677013937382966 -0.39282254567715152449 -0.10572713533213957959 0.39438082547295688629 0.91284474986370023331
-3.5527379259509519471 3.8802838202885872043 3.8933971015864354825 -0.99479172978409924344 0.00079614459657705157966 -0.10192536733827667339 0.097405264524446227847 0.30200657811707304345 -0.94831653007682847889 0.030027134331914555332 -0.95330550870522356988 -0.30051119492632338837
4.5677048053014184248 1.4396002537959959877 -5.295735004650633293 0.9541200835382398493 -0.0029346267294191419155 -0.29940984311638052517 -0.19004313882617679399 0.76679022127058027447 -0.61312018556636782574 0.2313838187386542955 0.64189106905278070503 0.7310522443000575521
-5.8591664167069250624 -0.70943098105018376209 7.2178891411452434923 0.66898433832754844452 0.004338550080853244284 -0.74326383744653190533 0.14343613406397101584 0.98043277510222437421 0.13482451168221795679 0.72930516967682212925 -0.19680637817093976638 0.65527186647529289676
-6.4232174602282601228 -1.9850776689864304547 3.0545343178735113732 -0.79595823214057204176 -0.0068874698150267789354 0.60531236188209824878 -0.058525981543618543768 -0.99437544218031848064 -0.088273379186302874944 0.6025157277383450527 -0.10568842296184219332 0.7910782231105550899
-7.293059680776445397 4.7455718696381081756 -4.2123672086198178377 0.64841960392896635934 -0.0038300950415950160005 -0.76127350381620861874 -0.73661397503343883919 -0.25565952791803880917 -0.62612942557448858505 -0.19222868939385695519 0.96675929587290510003 -0.1685959513666273335
5.5287992163722607941 5.357499258879478532 -3.2948479165161392856 0.99566062925629794655 0.012180421645379135853 -0.092258054810852405114 0.01566365597805564544 -0.99918783165993318995 0.037125825837690765163 -0.091730917526960289998 -0.038409821547026497257 -0.99504277514998207277
6.42838384489778214 -5.9285695278695795807 -4.4189518345947975675 0.91569879681141319594 0.0012171371787288950451 -0.40186344956362962666 0.00019722146912835880096 -0.99999665407983873155 -0.002579327991587602141 -0.40186524435660553323 0.0022826314385734009296 -0.91569597300188976252
-0.50939360260676602721 -5.1956868021668647373 -6.0465742689344512684 0.95548933212548536886 0.010727403491524506798 -0.29483055982829142749 -0.19845354707188997412 0.76282754851459422252 -0.61539444333033288537 0.21830328868096107731 0.64651299603450929077 0.73100247613090496568
-2.1166073213593885605 0.11979152510325170866 -7.2840167828575914655 0.4090220954224930705 0.0029358488149089263797 -0.91251975663427775665 -0.42824053829699615381 0.88365597611984492143 -0.18910885020752668528 0.80579834128359517642 0.46812764996250583183 0.3626920684619914792
-2.4004766813315305818 -0.78076142085939193027 -1.9107274874884163651 -0.95632515104314919085 -0.0032937196408800079907 0.29228642953980482622 -0.19962864456194925888 -0.72306269221958219262 -0.66130836029073014615 0.2135195769773114427 -0.69077456129407899255 0.69082551756313881341
-0.93474595652587211259 -5.2187798617172154181 -0.95323242835840626963 -0.69315907358456596565 0.0025486874401106918153 -0.72078013492302150933 0.090677251387035889829 0.99235731889883949108 -0.08369341496668691871 0.71505813385221872469 -0.12337121147264093479 -0.68809258780447668524
5.6094856487152293667 -6.0332332361171925328 -5.9178873108441605311 0.98375438954363092492 0.0037019669933006787987 -0.17948146560028549468 0.046612413641894924476 0.96022982106535381686 0.27529252374771290279 0.17336257943436034212 -0.27918629296092045688 0.94445774382698055582
-3.9929306721059729668 2.484399000346291686 -2.2093921174798549778 0.99805840091449427032 0.0026940916357622748771 0.062226764612928364695 0.028086105731617957287 0.87225805094207742307 -0.48823873589797922579 -0.055593156312382950579 0.48903847950518558596 0.87048880896561842135
3.6289364067625609067 -2.5465710945206105897 -4.853440430113988846 -0.86634219815298374456 -0.0021304422469948531421 0.49944635038742912769 -0.015900421433571867297 0.99960166669834304987 -0.023317043815412254182 -0.49919772865843003995 -0.028141946448100266243 -0.86603098013429580249
-1.5548392961917367749 6.8847953720592096616 -4.5716797190150026964 0.98416600171590806756 0.0044959278858472291607 0.17719217730762260032 0.08402290423290564858 0.86838735563255797789 -0.48871622864564323585 -0.15606867921152928202 0.49586609806469528205 0.85425955081539539648
-0.86157579072651724328 -1.0454890211691625357 -3.8216721735714065389 0.46622150006589524462 -0.0094133277075163640513 -0.8846179413384167578 -0.01337396898872076148 -0.99990411408679535921 0.0035915993444786947081 -0.88456692784081203396 0.010156372080320018314 -0.46630268954443926388
-2.9504239977329196343 2.8154464851848155504 0.21430488500935443441 0.96592444191210702353 -0.0055452770026324814043 -0.25876480135385926395 0.052121649550888909941 -0.975121158851820935 0.21545778985120395133 -0.25352180609336200101 -0.22160319370992642707 -0.94160433217607109047
6.4629721388376468738 -1.5476318533566433278 2.5640188877277445556 -0.99052133978400969117 -0.014030064881912761646 -0.13664052368112619695 0.042816494710980236571 0.91366988496539469633 -0.40419560745763155607 0.13051522215097438595 -0.40621484289327020045 -0.90440880037739790342
4.1976435858599199236 -2.4251664399525831861 7.3505049228920240623 0.99605428047761790378 0.0017764869492202161813 0.088728318119687232812 0.074858897403059967979 0.52017531625648172344 -0.85077246419775165442 -0.047665667118153634552 0.85405765873943284561 0.51798986450178641228
5.4317308956202374759 -7.4829030363955961747 -2.9460477248596026456 -0.8916042430024406773 -0.0068627432663664056367 -0.45276348860648585326 0.23568510347750948331 0.84673751232856986348 -0.47695714400197608551 0.38664506444414137309 -0.53196662298547969794 -0.75333731234450129755
3.6757207012921213618 -0.61607872276941244571 2.7815204740454935184 -0.95793075395595050914 -0.012379507591311093503 0.28673231142856331344 0.27596753932694462197 -0.31406617999320946 0.90840759123991920987 0.078807283059236135636 0.94932037920625245153 0.30426999484103423033
-3.1140844597584163012 3.6498670158181929501 -6.059132157735633406 -0.98218434351317529529 -0.0046664147589535083516 0.18786202365253398816 -0.14934141798805672385 -0.58742280794212620165 -0.79538140887413466551 0.11406601698504741094 -0.80926674791603936399 0.57626059598635093195
0.35421357533401398587 -0.49587037231461356113 3.5984420823132299283 0.96721322572753942737 -0.0063538543043286732984 0.25388620386530152961 0.087848021561039713045 0.9463461320197700255 -0.31098508568589672274 -0.2382882730759074974 0.3230922885906508113 0.91587666853564198011
4.980407787242604023 -3.1504119706589288619 6.0638084578500395239 0.44261932097626954796 0.00013446011191028083009 -0.89670960662808263386 0.13473296773751194944 0.98863765389677460416 0.066652957190226722051 0.88652984388748834466 -0.15031823315235370853 0.43757201084938879276
-3.2546601947794591148 5.9884646437253383766 -4.4132292489092650456 0.97170892703185962613 -0.0079775736905354447531 -0.23604685857811863459 0.18200347624703944183 -0.61165298729435602088 0.76990607074365102758 -0.15052074860490102792 -0.79108595073606402526 -0.59289672185597863674
-0.13234860456097763404 -6.2766216938386261148 -4.9781832922708533218 -0.98191218935408808299 0.0045024124905103874231 -0.18928333439489949952 -0.11267795514759754161 -0.81730629500339324611 0.56507884279231046509 -0.15215824270033326271 0.57618586274697969341 0.8030303361323476441
4.5916691839906302874 -2.42704992958923782 5.0836206582177725366 0.97177848053550530683 0.017328487155075414372 -0.23525796118538772062 -0.23364254775062295866 0.20820152308415665332 -0.94977012253800874308 0.032522986467760223173 0.9779324359680892087 0.2063744316355115016
-2.7880336847294815428 -5.6417396175305576378 4.8698955804737753539 0.99962963608008092997 0.0035714837953520197841 -0.026978420524942703373 0.025577915646949646311 0.21522646475324913595 0.97622914272270466807 0.0092930566380302493529 -0.97655763443502086041 0.21505540152478508364
6.2557108400881373811 4.213722106249970345 -1.8541277988246778197 -0.37434870977314316232 -0.002481969073962678532 0.92728468299688548981 -0.56661101216389764268 -0.79098384534593235706 -0.23086038485726184666 0.73404019262289588177 -0.61183200000602289137 0.29469747094752907213
1.586775138724047407 -0.56832306654168618376 -1.9945975268501827671 0.91646922801690322569 -0.0049010218583713967277 -0.40007516054206143652 0.39973863407902127109 0.054007531096378888491 0.91503672659057888605 0.017122456675604490195 -0.99852850062959719324 0.051455368114240819521
2.8631921523646850503 3.7493972599224330011 -3.5849483967702835407 -0.99408771189420253034 0.0013490270464513809748 0.1085716408035415359 0.077135644310851861349 0.71251420044698710043 0.69740490859904702425 -0.076418017754281183929 0.70165639332033769016 -0.70840566928491821574
1.9630266875154289696 1.0281909151323433971 3.9460101208008921958 -0.99673202056648624314 -0.0013173416323461570755 -0.080768457881356892081 0.080701138694655269457 -0.060185081270680160226 -0.99491963605396749326 -0.0035504071443165671589 -0.99818636566701235413 0.060094708632678704718
0.47788256789705879646 -7.2870146862356790507 -1.9958642697077162431 -0.87283515060060423707 -0.0011214826318298564811 0.48801387495932757599 0.41508845018883100408 0.52416301625770822525 0.74360924611493839365 -0.25663276952863878222 0.85161721134812817802 -0.4570423907469608471
-1.3227805731613979656 -6.8839927399395071106 -2.9139408029190656535 0.93260784023155895994 -0.0024149456797546474743 0.36088333901144376004 -0.20515088913668033666 0.81914771727967450321 0.53563992566070051105 -0.29691030467990237041 -0.57357753208506601084 0.76344815518940412069
1.8015954073780970912 -6.0393135612050059535 -3.5975917551484277723 -0.99307474740310419659 0.0083330437915981169644 0.11718833752362652068 0.10180054615215017311 0.55894778817414925154 0.82293014217395632492 -0.058644649146518124105 0.82916097983229852808 -0.55592524196163994876
-5.6505021578565415297 1.0220884431239742884 1.5681215851374881165 0.99590259210443565774 0.0041402983203615512445 0.090337616580615925921 -0.069681111647467125492 -0.60159969260346113362 0.79575269559011319043 0.057641735914423654352 -0.7987869977592414461 -0.59884619268349903454
5.2972806639393397177 6.8828107430609080097 -7.2849716837598146313 -0.71703847697468126032 -0.011711872490287668011 -0.6969351867860730243 -0.20478367481568457431 0.95927370855245919223 0.19457029220545823955 0.66627281879628252881 0.28223533464592298614 -0.69023455926989918385
-1.0941251301227712389 3.1229879345258595436 -6.2990062289217929603 0.71007382900622362243 -0.0014374292786769812813 0.70412576373646185157 0.66536676371077452252 -0.32583717858056954197 -0.67165259085611828116 0.23039580532100720212 0.9454248076139384338 -0.23041203536005691599
-7.12601074752054231 -1.2302711298463357981 4.583793664931757661 0.88989587808180803385 -0.0033493996342455669563 0.45615140873953452516 -0.31198989840863139422 0.72504699034708686156 0.61397814707004616519 -0.33278766423038447231 -0.68869125398154007467 0.64417134927386343612
-6.815363489924386009 6.1388106580383512423 -5.0226751405221126134 -0.99844368809211381244 0.0032360560584261156836 0.055675215762407637143 -0.05223692186626992251 -0.40390832389904102184 -0.9133068322743955747 0.019532170973544517312 -0.91479374387144585246 0.40344875817231157233
4.5636121272058920439 7.1718060262816720751 5.0513353828989693284 0.9875289323973674982 -0.0040834919421526109928 -0.15738466498256017956 0.064046931664810999307 -0.90278634936220536478 0.42529377840447318837 -0.1438214108623833698 -0.43006991582623038672 -0.89126610463918198857
-1.6323861266284322991 -6.6794654328731173365 5.0494359936203325745 0.87063227590648162302 -0.010457679497719016282 -0.49182321731430705958 0.48974964785469593531 -0.075693684509136938132 0.86857109585314318245 -0.046311149587124525451 -0.99707627745576798972 -0.060779719964550886491
1.0483817055922746153 0.23480978440091412884 -4.3127272508629843628 0.66093371179149140726 0.0035170640532999502582 -0.75043604582798340008 -0.20732246552449917765 -0.96021482043471850787 -0.18709594839672266664 -0.72123784142710334333 0.2792402708745827522 -0.63390917899618492992
2.6255146674017817432 5.8494868670390793852 0.17375782110578086304 0.96147522613762104182 0.0015919271734206406205 0.27488698639881292696 0.26870765708788463266 -0.21635571383827975622 -0.93860875774300467356 0.057979173380491931533 0.97631330568492435962 -0.20844842190992779463
-0.60936250891274856833 -3.2239189147061746432 2.2129669351131320276 -0.98049977886680195205 -0.0040307266851671279956 0.19647884589525849153 0.18553008583582311641 0.31067130462033409888 0.93223491016760196004 -0.064797923513878100121 0.95050886041513582558 -0.30386532441270386329
-5.7723567034619760463 -2.7488934468780645837 -7.3072561891901228748 0.99690564917500879005 -0.0038597732494085120088 0.078512602767876998877 0.078206939524718063761 -0.051991770023899624986 -0.99558049923645708379 0.0079247241656636852047 0.99864005427391522307 -0.051529028194428880272
-2.4533142466579032082 5.1018217341612377425 -0.19335839763423279258 -0.98493661082369110549 0.0086163836557367028124 -0.17270098607674083668 -0.067382573155004163445 0.90067897429536636356 0.42922834726674818917 0.1592465431153670119 0.43439975045455209157 -0.88653110228058784603
-3.4110222544320669691 -0.18014242942634417499 2.2495337430010597934 -0.31551593449006981595 0.0054386894244420457695 -0.94890469265363242002 -0.17981639962213255557 0.98152272835445841803 0.06541556504727814858 0.93172729782373076013 0.19126827855363673359 -0.30870809530907339369
3.943514649947828854 -4.1246223349381008205 6.3403885567793327738 0.90592761578661318289 -0.0046477537669504052215 -0.42340707757454282278 0.22745220647957714588 -0.83808637622832282688 0.4958595766424525042 -0.35715633652911471518 -0.54551775806601976448 -0.75818845079029473233
-4.7392402362423595719 4.2700164513170202341 -7.2155046717441413406 -0.99923658516480462488 -0.010394370487991638416 -0.037659048451619395181 0.0015026804160900488622 0.95301601982420247605 -0.30291617307417600946 0.039038299395423629867 -0.30274151188838865911 -0.95227285383954807241
0.8648045110453519424 5.6788340410105941913 3.3807130812175589796 0.9861235808380000023 0.00084691576661103556197 -0.16601074076342547947 -0.0014468277242319386652 -0.99990516661931538867 -0.013695417396202712659 -0.16600659626854824547 0.013745562986032744401 -0.98602883806394259203
-1.1985764081935232905 -5.6810229892618853142 -7.3887939317513353643 0.972285280199397417 6.458420548566354974e-05 0.23379762560097672175 -0.091572765753647894504 0.92020865432161536024 0.38056597467955344261 -0.21511801988674639219 -0.39142819052857530382 0.89471124346325126009
-0.41321683834895794885 -1.3344150747867080664 0.21844017969854703787 -0.96802547008760742031 0.0057926382552002664283 -0.25078503664203255497 0.092664875588526554595 -0.92076501783784914235 -0.37895250725935120117 -0.23310922352765098275 -0.39007464320056706164 0.89078721512962200091
1.8812660057734578167 -6.5524632591082356825 -1.5725228576917744672 0.82628755644088125454 0.011550588033810189545 -0.56313005423889783696 0.47274661373621296168 0.52929885307861346266 0.70452350090721116427 0.30620175256187492918 -0.84835682825432134901 0.43189255455755581892
-5.612854720900062766 -2.1934433823391232821 -5.6044072243540732359 0.70728877379676702297 -0.0066716854137113066475 -0.70689325861457630307 -0.55378932998176055857 -0.62674697277604707324 -0.54818391997067783539 -0.43938589924966442446 0.77919427662799556344 -0.44698580605075244332
-6.9251580910548771186 0.7923893102542569622 -2.8382806274983298778 -0.97426248079628530174 -0.0060843586980115684643 -0.22533441612845347968 -0.20368138321729908902 0.45202928818836363156 0.86843734186792698182 0.096573871432270336213 0.8919823446678002421 -0.44163444629852244283
1.4369704185217739845 4.0061430839392508929 0.70397340429542054618 -0.81619463027137273414 0.0053688877441566088683 0.57775210995770109879 0.5427459348354299884 -0.33576829875300184813 0.76986135100557850919 0.1981241422336269542 0.94192930976636590756 0.27113834045978929543
4.1299548681728506239 -7.1326974362392725482 -2.0007302398721060754 -0.99987767226106516461 -0.001216842190433998095 0.015593582299697929597 0.01005490255398121778 -0.81367244707785257862 0.58123665386909095787 0.011980794985463102953 0.58132234445393260458 0.8135851475967674773
6.3370490004500901193 7.3736432020892817008 6.668714816479178964 0.98579013342320209734 -0.0012062807377063765671 -0.16797725361514223574 0.060213152242143526405 0.93606197527452716933 0.34664442119003313625 0.1568189693320355127 -0.35183309016052033424 0.92283329346407039218
5.3883917625547876895 -3.792044057680742597 -4.8341066965294565705 -0.99992960823692367267 -0.0019837777717053627427 0.011697999697252032744 0.0028371641481230221865 -0.99729910332283822072 0.073392431564756721585 0.011520810334374404285 0.07342045448754153103 0.99723452998384465307
4.4293049332389875516 2.404947717460403922 4.1069371107679497612 0.91543499060427646619 -0.010294455607974602185 -0.40233419213515714263 -0.35019777975775834289 0.47228589688931937873 -0.80889279058002261369 0.19834387570600195416 0.88138530495082345606 0.42874194008370586362
-6.6750731543959078707 2.3921335607706692983 -3.409587664057989187 -0.96073345485361649754 -0.0049851023609200299097 -0.27742814831848888746 -0.1274184232043105991 0.89611047175191682612 0.42514770121054429319 0.24648686405784669962 0.44380307701835802758 -0.86155850333905503735
-6.8232098250523822713 -5.1066709540039170179 -5.5498649391785672691 -0.99690742097819351475 -0.011733113649049839791 0.077704105701016615293 -0.058899747599968632628 0.76613792085623899641 -0.6399714883952482003 -0.052023203778287466226 -0.64256907820895292627 -0.76445965622680844831
7.346960151981440923 5.3135946879935849196 6.2646984894531119181 0.98490504874490825138 0.0031784325123771547256 -0.17306629516917884648 -0.15037919896181223267 0.51085375627984130897 -0.84641274577730540862 0.085721301182545395214 0.85966175747304141019 0.50362041386549083466
0.27439273118013823849 0.5577871264318327027 3.0809277846950835489 0.998155652747568789 -0.0090464852918844974178 0.060028776365624370026 -0.060701933549343473073 -0.16101122692448391338 0.98508408781558542966 0.0007537582217161664655 -0.98691111347893323291 -0.16126340545950745842
3.0502409910133128079 -3.7350503923641560355 -3.2790193739305562026 -0.60710550577492383706 -0.002274282982336144586 0.79461797896526664697 -0.1057902211392909575 -0.99086280540047755316 -0.083661998453036776069 0.78754767091845456761 -0.1348544716009795752 0.60131766772653594266
4.2514666379909531457 -4.0413231370931494979 -5.8074921964060566282 0.99528342369462319272 -0.0038338238742239953705 0.096934041044405436227 0.073548920822081295667 -0.62173864326115424461 -0.77976382047496828331 0.063257116315939346252 0.78321539902525005861 -0.61852419189955076817
5.3182943668166648976 1.7327282870089093514 0.89640480243437792307 0.99692882963216833403 -0.0091161888082392558003 0.077780484374979239059 0.033046192597950350966 0.94941355895354173633 -0.31228487512186925423 -0.070998998604056839934 0.31389614393412057503 0.94679900349570478291
5.709867004167084481 -1.1620795719219783049 -4.4325528668402602861 -0.84989967201437632838 0.0078749078117636411162 0.52688569285646491558 0.52693118352514622948 0.0055820285700141393515 0.84988962153085867435 0.003751711429032408146 0.99995341230683032485 -0.0088936987442471832077
-6.7864295126077243125 -6.8907349387294365428 -5.4967889542829233562 -0.97227307608655200166 0.0030583504729748134388 0.2338283815313109415 0.23011685035396248211 -0.16540307075881729992 0.95900368058044938024 0.041608901695933168952 0.98622130917756123392 0.16011317442270039946
2.0702355485406447322 4.9019914018931958211 -4.9429885585830497519 -0.955039266769071582 -0.0034911518535848898998 -0.29645878429895927697 -0.24066388888338877128 -0.57485090054175158603 0.78206606801080991165 -0.17314991053072367744 0.81825072808100607347 0.54816498837315330572
-3.5693293207669971601 -5.4307193140460601199 -2.4411667869876634285 -0.9997383060166923352 0.012397812451243776094 0.019225340812919926303 0.019599971803906601764 0.89759223552584732619 0.44039075811035177654 -0.011796634614703004063 0.44065232663653547407 -0.8976003378127619392
-7.1339664776593876283 -5.468468857879857481 7.2903944988685589479 0.86226446249644184139 0.0029034167638966002986 0.50644996484040960549 0.48977058874879780825 0.24980127299463758539 -0.83529880546247314843 -0.12893706647987485114 0.96829277296763915928 0.21397275225176523583
-6.7052591093707967218 1.0534304345572755857 3.8928970482491558336 0.74643663539520277439 0.0083545324508362169003 -0.66540405103027222555 -0.24182762381080497027 0.93496486386673782754 -0.25953825093189231143 0.6199610872482110846 0.35464193931664095283 0.69991238392801136126
3.8539780289886298448 0.38856829024010774987 -6.6870741381720799623 -0.83323218594460246589 0.0077139534696920308843 0.55286944139441307478 -0.025731395778986795864 -0.99936032318521617057 -0.024836258059824350281 0.55232419789209963312 -0.034920472004479327643 0.83289767742364639869
6.1651115149532262905 1.7391936304357107357 4.6182232533786100603 -0.93199586704805237325 0.014129862249594230678 -0.36219338867254896597 0.22905040588604014262 0.79740502895386566884 -0.55828409556650493428 0.28092635221484768548 -0.60327901239135206524 -0.74641464203172513958
-0.46536539975736557206 2.5571283605731087718 -2.4710066577817304534 0.63784012952390389817 -0.0031340524478977336773 0.77016241591253031817 -0.2747975534929512631 0.93324630014649168075 0.23138203875229682027 -0.71947638860719165255 -0.35922349725226793149 0.59440071101793434671
-6.6578330532509841788 -2.9101100306539340323 -6.1189601790816574578 0.93983005107857442439 -0.00018275112350095434888 -0.34164227152362186546 0.29640315717504273074 0.49772805003057912776 0.81511468924905261524 0.16989597848823601023 -0.86733312793583738909 0.46783394669340772065
