1125 14.717824617146108679 14.977075390850430381 15.033177056927090831
-2.2059387744106553342 -7.0800636003292867215 2.7651321988511665673 0.99581184209504913785 -0.0043202691787803688267 -0.091324204991815330357 -0.02566212887323235381 0.94551931198595129402 -0.32455305545220031194 0.087750956033863986017 0.32553734952523138979 0.94144846050072816812
-2.9960836165606163917 5.5976374982823804416 -2.5975251996907489094 -0.98561573334898744392 -0.0077933871396361400347 0.16882206399579441358 0.014220899026597406956 -0.9992178779648501763 0.036897132494033174632 0.16840247090167131949 0.038767195827106214201 0.98495569053739295828
1.2872654221350656734 6.9101363799705630697 -7.3692356786448813821 0.90372951304074267131 -0.016877508391125395359 0.42777110347654812017 0.069021278080123538157 -0.98040611468225846714 -0.18449908798086100958 0.42250329043843054544 0.19626257922514700471 -0.88485703340405297279
0.25064730955329322937 1.5037031911997440492 -5.5565706444998443914 -0.0083781727273452115401 0.004081152705210594131 0.99995657426426454162 0.27360669247884122912 -0.9618215609547410283 0.0062179348127263094764 0.96180516948735639282 0.27364690583871426055 0.0069416764773930425547
-3.647860870281407486 -1.641589746306134634 -0.72908520203392745973 0.94308954256984711684 0.0075210930341063769733 -0.33245382815513913055 0.29540899301487266726 -0.47800912593775912729 0.82718849264616112205 -0.15269460220117009319 -0.87832266774795242359 -0.45302720644435878761
1.5375660023843709112 3.7895803791571878172 -2.4541285908349306233 0.83214017195331635435 0.0045758415454882177265 -0.55454647766955977861 -0.23486283920244604984 -0.90295366784285635564 -0.35988070313779757514 -0.50237653307388052681 0.42971355040694542149 -0.75030932528751015376
0.77450079433555085728 -0.98666978061961907454 0.11881592359769260758 0.9978265004656681203 0.010862972502007213829 -0.06499439050308687682 0.064944288530315114061 -0.32913646971136434338 0.94204640209139389739 -0.011158600079700797467 -0.94421987912478910765 -0.32912657976821285688
-3.7120159026762173937 -5.1524389954818836657 -5.2521243865494877667 -0.89784616942121142635 -0.014191819879180616812 0.4400805020724097294 0.39424030482302901968 -0.47099998657020664128 0.78913471264668288985 0.19607865286361308987 0.88201905019069348768 0.42848052113462309354
-4.4079228126302867352 7.1210721609388141218 0.77907112095284947184 0.98342542631383456087 0.0026075989084786989868 -0.18129432232533226887 -0.015610828293266322889 -0.99496584273333432691 -0.098991281605935357857 -0.18063978775302613755 0.10018069785104369296 -0.97843400127889001983
3.4925337384329102619 3.768249399776813835 -1.1171695426795678063 -0.94670923766107928365 0.0033197523622693486667 0.32207234990194177904 -0.28261784728973182723 0.47107819209547902028 -0.83559110175097306428 -0.15449521584972752963 -0.88208520913592303181 -0.44503585485131413879
-6.1634869694474145874 6.9999349725025714619 -1.0426946563539558621 -0.98316115840685502913 0.0027982585344428810917 0.18271920082271281283 -0.17154151834764236328 0.33051935886624422833 -0.92807890876676735203 -0.06298923783555107625 -0.94379506417648584282 -0.32447377822110873291
-5.3965226660773595313 6.3328537677801763905 1.4446784599469797428 0.65600942108594240132 0.011507128486974035897 0.75466497562851020398 0.19146841808655684636 0.96463755380314930576 -0.18114699740276726803 -0.73006265780537626942 0.26332864596654781408 0.63060807154000064756
4.2479867527591936849 5.7045626762732961623 2.2225332888213999993 0.99733716609711453582 0.0022454812530612994724 0.072893997937490045969 -0.021826423878802986289 0.96290187610583366506 0.26896762670012669405 -0.069585805607435380349 -0.2698424258821800481 0.9603868391705947527
0.6512921720377536916 5.3940199727399740226 -6.3888251086519280975 0.94112584331161397433 0.0097975071719665803027 0.33791442097721707816 -0.33800651947157056565 0.010096435575959955902 0.94108961038970784241 0.0058086010256818785408 -0.99990103052351575474 0.0128136377444955981
-6.6854916367961632062 -0.51448960373382124356 6.6052759053252199095 0.67574974000123810836 0.009197159795160446058 -0.73707374199593866937 0.29374470990648660074 -0.9204579952625283612 0.25781994561940990707 -0.67607420768006287748 -0.39073327374173194571 -0.62470086801668800458
2.5090983243506777001 2.9980122778605560185 -5.7207044536502102972 0.86165605111938392557 0.0037079376632236753231 0.50747916289006889112 -0.44472575057488511474 0.48723446804676329158 0.75154612627751626874 -0.24447465378828001081 -0.87326331901971110394 0.4214775430667397349
-1.1956965265718997316 -0.38560014258077579541 6.7615424863997271032 0.92380566587099433029 0.0068400104891097289472 -0.38280060862173720393 0.30124454711728765322 0.60409381080147517284 0.73778207526577155306 0.23629391557292683812 -0.79688385728905897221 0.5560047692739569225
-4.5728252379455947008 -2.8501573011572922667 -6.3320038549210106993 -0.98524705984453186947 -0.0076294467123371812259 -0.17096789935694894913 0.1545267663646277545 0.38968733509866038123 -0.90789055471502744243 0.073550727695652004523 -0.92091561633342056137 -0.3827593474349521574
-1.1188250745502119621 -3.6783329713287953311 -4.4804014005980423718 -0.71170835460261738792 -0.0025661978078078146598 0.70247037846273441275 -0.32220153247354177406 0.88979523749249445075 -0.32318819255576825 -0.6242254324044499425 -0.45635276920885831098 -0.63410153727537899027
4.9206190445490927132 -7.2528007951726118918 0.73058127681440876433 0.85417538032648465673 -0.0019724500123626661705 0.51998127762922330408 -0.24154598430916723872 -0.88705881219346949251 0.39342369167839569277 0.46047796593120465802 -0.46165222099618241636 -0.75818023565731151869
3.575412602674556517 -6.2813405428930639829 4.3924868698617460794 -0.98117122463352879347 -0.0016211768067076384042 -0.19313311403509605957 -0.15615237454240255 0.59514288075791232924 0.78830285259406551734 0.11366381955532361969 0.80361826962116356121 -0.58419021975307638961
2.838007017376002139 6.9893773162601648963 -3.053785389212276602 -0.98429652961504365827 0.0047889437999468391707 0.17645794911185555542 -0.17622485180240987646 0.031408894718477749219 -0.98384870937549973036 -0.010253945322740889989 -0.99949514623624380327 -0.030071735159049942099
1.4793936409865271475 -2.1021937877574137232 -7.5074762257222760198 0.8054253467173809744 -0.011060785560743085706 -0.59259401776266940054 -0.4831797570290626842 -0.59130122623729541864 -0.6456780794232381826 -0.34325986258616481006 0.80637492450662973109 -0.48159334283631261009
-1.9717160338023698163 7.3422887405238910219 -5.6499102801239615701 -0.83130939716511043081 0.011257964831110465684 -0.55569591001997753477 0.25142620194341125384 0.89926938574863080067 -0.35790981661806003933 0.49569098353848994876 -0.43725030598405123516 -0.75040163829483086388
5.4145130279262989603 -5.0128639482807422212 0.24690471371055877636 -0.91251789649796222204 0.0023957340874513483042 0.40902976545613495274 0.40486894373510423639 0.14767792540495625064 0.90237041659559491524 -0.058242827624945883724 0.98903260351029520514 -0.13572870817922910724
4.264427028516212026 2.0384138563535127986 -5.3535779418932296636 -0.68274301671931025837 -0.0099207166925460409102 -0.73059123489210842095 -0.72789519916235734254 0.096116656359516869368 0.67891838051908803831 0.063486629752906892366 0.99532063564988448867 -0.072844217972608579781
-6.5580946855674886464 -6.695736175832382564 2.6591868591174856462 0.52709977042179423368 -0.0049072382001035894789 -0.84978923918505311352 -0.83662810137457011006 0.17240722687542417435 -0.51993188795420075543 0.14906123577849811346 0.98501353652342249489 0.086770276326745457429
3.0908266107573112436 -1.349226135978237151 7.3823071481292945606 -0.98462402200908982763 -0.0021654488764298782631 0.17467354153879699474 0.082822005067326495698 0.87460750485195881687 0.47770516841798710272 -0.15380523644913945969 0.48482679720474197715 -0.86098021228895382784
-2.0940231589202253915 2.9689501788122059089 6.0208136916788079773 0.64302274398304881675 0.0122594912208813904 -0.76574895076366644719 -0.15680525179544607672 0.98079695064694816242 -0.11597178368441997398 0.74962248080615712098 0.19464595160591369183 0.63259709910296713087
-6.00279008858412233 5.2753115076327237176 -0.71034675848576711576 -0.9730511433838604507 -0.013567172536805574556 0.2301899306848045057 -0.02626003142994069034 -0.98525322662220493619 -0.16907539791369435855 0.22908924703834934733 -0.17056380407269072785 0.9583455043102512283
0.85973027606384699872 -5.0310997144973033102 -2.4771903948095173043 0.99846951561462427005 0.0023190591603043878705 0.0552562064642071471 0.055244105401895962637 -0.088637054367762618812 -0.99453082476680310098 0.0025913715571769342302 0.99606129056274550493 -0.088629511088748474945
-6.772403186931377661 -5.4688489798574320133 0.05942632037940705908 0.99456578454835464775 -0.0024048365804695856322 0.10408226057746690352 0.074824096502558418154 0.71164374507344374532 -0.69854458317310819115 -0.072389604146306726906 0.70253640251514959392 0.70795645936222140193
-4.0494275817811775653 5.5074290607056513025 6.9632759656035485563 0.50029880918640112775 0.00360178520024117578 0.8658453260658637296 0.44728576213644027915 -0.85730416100427586645 -0.25488236995672242102 0.74137476927446166464 0.51479763273360523712 -0.4305192780993971069
4.6415599024921494475 -2.7570524022684028687 -2.4701580901187449868 0.97235858873909974953 -0.018031869416955437907 -0.23279524606554860555 -0.22345440708609809466 0.21732923138243051553 -0.95017689570973640212 0.067726677603396484573 0.97593178904682253982 0.20729264402951594337
3.4670285141632302128 -1.3335987195932843541 -3.4815252915592465044 0.97122320765030123457 0.0037672169888462009833 0.23814132148307021186 -0.10333020316313930309 -0.89420825453733243648 0.43556224197188020408 0.21458879289429907966 -0.44763534890966522051 -0.8680865419823013962
-5.4953179562202683073 6.4448283834307833473 -2.5687070368639957074 -0.97931106261974254501 -0.0037534835085855384335 0.20232586090739898554 0.20124438093568458585 -0.12293825570527894264 0.9717957009710803673 0.021225969286741398767 0.99240722319297136611 0.12115016129638593589
0.1434541599805476686 -6.4240054923565139688 -5.6545351993056556239 0.98944700103127436464 -0.013932925565421201697 0.14422380433001250055 -0.14071785552361901206 0.14488416608588428058 0.97939116983678387029 -0.034541529888837192719 -0.98935052029232839477 0.14139459222384570536
0.98838107672617236954 -5.3812527279542692327 -5.1654291585144269661 -0.94806338588229543962 -0.00094047689140928057705 0.31808007144827959989 -0.037762666501674625741 0.9932562100236359548 -0.10961789209868583184 -0.31583191315637160201 -0.11593626159533959585 -0.94170536043884789379
-6.7759801201953964167 7.0052781689230627649 -3.4416361930047809636 -0.97893076258676225976 0.00089422984119304129574 0.20419050520111409197 0.046189528691243104952 -0.97310041924790124934 0.22570356997385165876 0.19889969708514471103 0.23037963107158423992 0.95255663143283964001
2.2322273155049257021 -1.5828476896247360983 0.44751357814218406528 0.97557889865383229377 0.003907887652689861005 -0.21961452801580988448 -0.04747409208757175092 0.97996022568421448096 -0.19345326737318929711 0.2144575088030197807 0.19915492585170388451 0.95621404111585184271
0.064456772374151621863 -1.2379702587219072463 7.3053017188377182833 -0.95869535467951272345 -0.0027275422403354719104 -0.28442183008573951319 0.098742986347325728547 0.93457318190304039529 -0.34179349074359183236 0.26674527092936334283 -0.35576049272061061046 -0.89570164243230598888
-0.31057854484207747525 -7.1643394493812326829 -4.7977976853941290969 0.51629368039955325642 -0.004096817755979734535 0.8564018050329552656 -0.84738908425563541638 0.14232863502803266842 0.51154110248877715517 -0.12398619061748122894 -0.98981097980138210701 0.070011776158219837796
4.9476244586555830907 -2.982910506685835017 1.5354193608350745759 -0.97418693999668148908 0.0069992715191139970657 0.225634253025097542 0.22545925308518308117 -0.019912893489308945011 0.97404907569950560653 0.011310664801824793849 0.99977721861982959961 0.017820830245953784426
3.9176557284778956713 6.26218572790517225 0.35083597178054826138 -0.99955642144241341196 -0.0016748280205455511049 0.02973474910573052285 0.028322528726974004892 -0.36216267159841808443 0.93168451402135488149 0.0092084048450537282771 0.93211340203420711692 0.3620494593676652495
4.1621839049113527054 -5.9874648839415494095 3.4193879307889862851 0.99974957282185594742 -0.0018899710573648271367 -0.022298422632088886475 0.020018728238306339462 0.52088842719466488251 0.85339000283242105738 0.010002107887717924875 -0.85362267684505588328 0.52079581739266189722
3.7934807873644449394 0.53091519429210698444 -3.3263496913571937164 -0.6931305609492156572 0.011624167804609942395 0.72071832514593892061 0.69187500409996016693 0.29118948273017908335 0.66069483413222773738 -0.20218556867386014431 0.9565947751635657248 -0.20987480065468883117
-1.8612476493583522963 -5.2635141441524657679 1.7076491414209107322 -0.91042438082499155261 0.0047671229000756810273 0.4136480645894643482 -0.1047649019616093552 -0.96999266417939700169 -0.21940498343274306148 0.40018965768291159257 -0.24308744512502453161 0.88360439785362421272
1.2350680655897432469 -6.4843617251794789524 -1.1549711776404072427 -0.98232616413325679616 -0.0078662235124747764692 0.18701184397489717393 -0.18369078554895232336 0.23245268644957267634 -0.95510389166136444583 -0.035958344840356107341 -0.97257589477120265364 -0.22978930859878085591
-1.1916766686747362058 -3.2112963613768856774 2.2178244252782763901 0.99521607382870402869 0.0034082766209653468648 0.097638875676804431913 -0.07937121812696856793 0.61093612657680140821 0.78769109362517997219 -0.05696644737037166728 -0.79167255408645731407 0.60828397231903075237
-3.3693040276421095669 -0.13888460973481414618 1.8792650162562976046 0.98593510508470083575 -0.0010129016559476877388 0.16712552944384312381 -0.13977033710888794871 0.54325852049089762286 0.82784928143868774519 -0.091630897769925181984 -0.83956485987938267446 0.53547607288237319967
5.3952932988361457234 -4.9298637299559393554 2.9804261530799140978 -0.86855173706778465714 0.00053607463649322497842 0.49559821696640565802 -0.40515558431553394536 0.57514932504526783408 -0.7106702515217070415 -0.28542395227861894202 -0.81804826662243990132 -0.49932975170889543071
-1.9901935478110421851 -4.4300658110213007035 6.6128686889407459759 -0.93475482644563789858 -0.004314623409008202376 0.35526722120344339517 -0.031552732295681194807 0.99698345651368858178 -0.070911300388874026757 -0.35388958662476471817 -0.077494331812076336363 -0.93207123601988051131
-0.86070199474689002006 -5.7563755597783181628 -3.0498470925428717848 -0.95803956091780584359 0.0010781396247283494411 -0.28663397797793443988 -0.19004854072724547409 -0.75097594593762351245 0.632389658984553793 -0.21457341840023186341 0.66032868046001047535 0.71966956436829532251
6.0276824364458239103 -3.5982338563422571198 3.5961920892791989779 -0.99576788591875420309 -0.0021333042782511494814 0.09187908568115422947 -0.091891190518105556051 0.039702928809724945258 -0.99497722916118092051 -0.0015252796182572032901 -0.99920925058606868685 -0.039730933355598525847
-1.029556223264348036 -1.8029599340882733749 -4.2658005207549951621 -0.92461998381558696547 -0.00061036930759167731808 0.38089042122150390535 0.17538577994147577788 -0.88836054969944144855 0.42432930835865667607 0.33810902638541712184 0.45914612182518693695 0.8215029671824534141
-1.9341889780176351188 -3.0949591152632520696 0.49528338001165339577 0.73417974809517416723 -0.0092783259424619873856 0.67889175142618263248 -0.63479867969735392919 -0.36408976521672653526 0.68151983031959062487 0.24085417526238436792 -0.9313176448087712167 -0.27319720116892798334
6.5084716685088421784 7.2542091099775491969 3.6391500161731489271 0.80247582441575893153 -0.00015217386444260020545 -0.59668461357014657143 0.33503455687068112168 0.82759601850096686793 0.45037392893427358187 0.49374527535027240566 -0.56132415501597554552 0.6641767807330534179
5.448979408367267574 -5.395110570314373355 -5.5764349136035580301 -0.92336681754809823985 -0.011414515967116543177 -0.38374917469149288918 -0.34328438975905145591 -0.42300492896684860344 0.83858372141222348173 -0.1718998196592600447 0.90605548334247087983 0.38667028991907564928
-3.4456257834188250833 2.0858815544551445598 6.4223285730466654897 0.99873038877662489998 0.006294117235447448111 0.049979942199886023824 0.041543105068954908066 -0.6640744086967402815 -0.7465114534522001577 0.028491769957460645613 0.74763999612276244022 -0.6634927695479547749
3.2598955031767014034 0.063492843274965071743 -1.7861270011698473503 0.99918543888107891338 0.0033296029603466165483 0.040216569620922557049 0.039513578085399674034 0.12162609374977413623 -0.99178917642104202912 -0.008193648444846622636 0.99257040408387153807 0.12139545733617009005
-0.64874875811142573845 -3.2190477753682298356 5.5665606650347898565 0.78123907839419803878 -0.0052072752550030212276 0.62421021032510981552 0.33987692140731795565 0.84229804659460971727 -0.41835114317703658848 -0.52359257126551050909 0.53898690613713873265 0.65980598233740817005
-2.667413739195786615 -0.36407723884439868733 3.3560385897690969692 -0.89743169323815619176 -0.0074504910006326623834 0.44109051923101050274 -0.28650952357424314121 0.77013457655654227185 -0.56991668416822716114 -0.3354529011245909742 -0.63783792939578931591 -0.69327781368741547841
-2.9789195410812938647 -6.480401384974872947 5.4462352902902138041 0.98146932067201053673 0.00034339545711970995145 0.19161903522156492619 0.01987013859501614646 0.99442506593517110414 -0.10355658275634017917 -0.19058633259469184851 0.10544510571623844086 0.97599087060721056996
-4.9392825493843641738 3.7206686965595134886 3.8721671549860205985 -0.92797387323407531934 -0.0090307433486465447242 0.37253581877401042988 -0.14306809974585277256 -0.91445882219077734288 -0.37854534913612314373 0.34408721195381325453 -0.40457818551188012846 0.84730188385115934313
5.7953406043669417613 0.93073210384261217953 -4.2427433329167527631 0.92669054347858859089 -0.0080497264870863921571 0.37573905643527832909 0.36165727539952374769 -0.25282175824089220262 -0.89737682926994655208 0.10221864691913612466 0.96747938503280062061 -0.23137629039839274769
-4.7674295282637046967 -0.63560536603490014329 6.7143666579201806144 0.8327771321876940025 0.0025640018184488015673 -0.55360245122291373843 0.28182450179601870044 0.8587534206998728159 0.42792232078256736694 0.47650519230409876803 -0.51238265810931815647 0.71442761241164243202
7.0277074708994433649 -2.4281338254552888856 4.0754949526596453424 -0.99662633836564529233 0.0044497909024677510456 -0.081952065482746305758 -0.0179841429206789305 -0.98610215460038164181 0.16516389222779306878 -0.080078163561421764061 0.16608052279948548602 0.9828554052693965204
-7.0498764923285204276 4.065395385706493947 -2.576437683698629133 0.82637122126345352591 -0.0091021554475600903455 -0.56305217825153108802 -0.030895327827292099615 -0.99909622059171920849 -0.029192819628430420609 -0.5622775857047780379 0.041519787639414135194 -0.82590557804652087182
4.2224482022734495246 5.1967020180520764328 -2.8351245554601574028 0.6529879593805051341 -0.0024086652246305424035 -0.75736445865641444097 0.74773454264467820174 -0.15694028450193645008 0.64518431539864329327 -0.12041502663710064447 -0.98760515664515102774 -0.10067907393135355765
6.2229879497858373583 -7.269804096548836192 -5.1668841573350299257 0.9440921867746988605 -0.0013265536807841385447 -0.32967890913166320033 0.32357792250939532153 0.19525971890638177397 0.92583528245425739112 0.063144840924659384473 -0.98075067291737960673 0.18477241849546696684
3.0911953338024127369 -5.8873415224410976521 -6.4332319031995854886 0.91718743053256435172 -0.0061964281970462858906 0.39840785829427594056 -0.23714793685041532512 -0.81199380282962596578 0.5333169041141893052 0.32020005203095863733 -0.5836331625635137188 -0.74621997978843546129
-3.5057620777757345643 -1.1122902864566455161 7.5088909987840697369 0.99833417693162274098 0.0028057617285792316002 -0.057628108344173423205 -0.024455082616051438543 0.92523474210147604868 -0.37860615544745168659 0.052257249300499838962 0.37938476473041804482 0.92376207985934477573
-0.74651431473371554493 -0.76240891018048084771 -4.243125400803170244 -0.54710142872660971758 -0.0049550083186863103091 0.8370516558598636303 -0.81921862068031370274 0.20856513609305182833 -0.53421104026127230746 -0.17193277237289097958 -0.97799592632025678096 -0.11816551901939478797
-0.93333022532414366967 -3.8979964301087544065 -1.4204502819352426979 -0.86723264803193500505 0.015475454872554148325 -0.49766258095616794366 -0.044760885938601335798 -0.9978929170989945252 0.046970087221875851669 -0.49588708117617835702 0.06300981114181931908 0.86609801201848313212
4.1085677701865437328 -7.2440719745875448154 -6.2888406454819900659 0.65525083794703931073 0.0042557981484517047946 0.75539938281138985232 -0.73615861502220725221 -0.2207276599769925074 0.63980449642823244982 0.16946041690727395301 -0.97532619584598045925 -0.14149904168718083208
-4.2461759260237323943 1.5298852535422482468 -1.9225471918065457633 0.98507631054517219571 -0.0058202978334687040934 0.17201972717040905914 0.16020964094634818076 -0.33428312890945499625 -0.92875597477164606453 0.062908929020429299461 0.94245472775062288928 -0.32836192347758397236
3.671884768312169367 -3.6821555968186276964 -5.4239668730604826408 -0.78708231403094564005 -0.0021405603384754665237 0.6168442663599521536 0.21189894402335224255 0.93820185309552495134 0.27363501305582466072 -0.57931016602638896185 0.34608192794435505002 -0.73798850308712726775
-3.1195134655208858199 -6.8328010890745645156 -4.869040801225258619 0.97537717075888108464 0.0028457655900204145705 -0.22052500171335712165 -0.21322725657423277634 0.26757938699255517934 -0.93964642749833826585 0.056333931304868953283 0.96353161508847817718 0.26159762022774468715
0.72640562448925916073 0.29491982099221980551 -3.5592258422724616374 0.067699813817910903246 0.0037848522472313755709 -0.99769855673070539925 0.99580834519684868766 -0.06189914493652352856 0.06733673211924304236 -0.061501827984156341722 -0.9980752330107873771 -0.0079595480408586882781
-3.1899415862424462809 3.5549443348320388658 1.2569126787374063081 0.95521979753382302292 0.0003931305108947281057 -0.29589691422485236982 0.037506316977062484352 -0.9920941011737974824 0.11976047178830154238 -0.29351050166257536267 -0.1254955770716313368 -0.94768267133532291258
5.9328900014950995967 -1.5514312732422108621 1.9230021263920904495 -0.62198521012316010381 -0.0022214297009426732868 0.78302583842302231343 -0.17716494640746366374 0.97446321242444711164 -0.13796386989321515748 -0.76272339688279344738 -0.22453621730483439012 -0.6064952654110312702
4.7257228419021624077 -2.3372421339326781009 7.2951827789905880906 0.99021273415009558594 0.0045748327497364005972 -0.13949126149085644411 -0.13263509165908970999 -0.2802069036491356413 -0.95073236171279140727 -0.043435856012996119924 0.9599287275900131311 -0.27685766082900709062
4.651912535275010363 -6.8597809633555364428 -2.7344978209686758852 -0.99976447253149769434 -0.0019022665915875694095 0.021618992710703811844 -0.006395035954584742284 0.97774389457387045343 -0.20970450672019422256 -0.020738924252493993322 -0.20979336978425464078 -0.97752577409264662656
1.4900477399822404934 0.48061523374505049633 3.0250410410357884139 -0.99005896059512255025 0.0092527986871945161473 -0.14034828200491827888 0.080988295217540154369 -0.77831557863142675213 -0.62262810416602409891 -0.11499630682342756871 -0.62780510174423975744 0.76982894440317573004
-3.6975716896590085092 3.078213615888209187 -7.0268633992709848002 -0.87509886271296088989 0.0023212524869346239098 0.48393862448177110691 0.41504394381009956927 0.51786498777479295086 0.74803367514001584127 -0.24887849482230692266 0.85545921365302080019 -0.45414648362740511756
1.0406156613731618599 -0.47660747654439167276 3.4806283827819521903 0.83856353966270702482 -0.0070719822806863796155 0.54475790679430657892 -0.46021115387676403419 -0.54434545949439316903 0.7013513488796492279 0.29157654877534450177 -0.83883133453311020666 -0.459722860438599501
5.8238426510612164577 -3.1863085614698567483 7.2296769311664883517 -0.88902848656697219809 -0.0027531521727316094275 -0.45784360891647390979 0.070985380362674807553 0.98706149560592382208 -0.14377301439080630852 0.45231562635760363955 -0.16031850811860079431 -0.87733035403280623665
-2.5961125149966042258 4.7105824333658370406 -5.1001261548666123602 0.99990260816269360689 0.0095645965480441446499 0.010163300756802128022 0.012351654168820060467 -0.94549440892817893101 -0.32540399402108793891 0.0064969861238864199532 0.3254978359044405356 -0.94552046407940859574
1.5944161693949638892 -7.1990543969048648165 -6.558611087538435136 -0.97116853171575756587 0.0057950168809162089581 -0.23832352125718281322 0.14010861872121593841 0.82270088602816848766 -0.55093813363063115496 0.1928762763148695325 -0.56844495767638447692 -0.79979314333593587438
4.2635726639144895245 -2.3891988605562661796 5.5485050695485105265 0.99915615520287004436 0.0088840888970355552656 -0.040100504794498087469 0.040992389537512281816 -0.15462019584832953356 0.98712320357474692134 0.0025693423879076570174 -0.98793404030857212561 -0.1548539004332907254
-0.94959750478017246333 -5.4699720368954043437 4.4612279505864798068 0.9734933524392523907 0.0075653967395381480077 0.22859015186325110092 0.2237872781872735084 0.17484748444301709269 -0.95882616323586800089 -0.047222313350827625766 0.98456646396072589056 0.16851982425126818543
-7.2230984528278980861 4.1212328796699759792 -4.1679207632535435479 0.81046447313175951077 0.01478387732472001212 -0.58560120795848003006 0.51878537183888329132 -0.48237735747540255726 0.70581429778739912528 -0.27204609123688161532 -0.87583875340521200048 -0.39861937017213222578
2.0046631365011986503 -0.69862350809630524573 -0.77989716188858593249 0.99110977168108804758 0.003923484825579980767 -0.13298882187983437908 0.10701821794064160509 -0.6173853327210088171 0.77934745266143712339 -0.07904759014010485918 -0.78665110259109027879 -0.61231652050652063402
4.9840254920286612972 3.1084000021387803159 -4.2656073320632259538 -0.99995901838798872951 0.0080214444618048764274 0.004197376927976181199 0.0077467877971909970131 0.99805845562599471155 -0.061800537475068841042 -0.0046849571134371763292 -0.061765488601028525895 -0.99807969400971907614
1.6549211059678508029 2.0738517296151197655 3.9427041962800006836 -0.99934722069312165171 0.00045496906159923282235 -0.036123752520074936534 -0.015045118758415727475 0.90384282233455726097 0.42760004316623034804 0.03284473922140292157 0.42786440085310528669 -0.90324596737995488382
0.48304714648811070132 7.426659540709088958 -1.3083885392493053157 -0.99586344609554455776 0.0013350500350591716636 0.09085270701645101199 -0.019132287154233561244 0.97439373171300935894 -0.22403305824542793512 -0.088825403568229988061 -0.22484455350298579446 -0.97033755695685797171
-1.2015630886251156273 -7.1949480056629990798 -2.357258833949154031 0.99468225601948934145 0.020175015953939650498 -0.10099593205323638412 0.066006955881832196642 -0.87763189021775822596 0.47476873006537162469 -0.079058784048711999715 -0.47891046554020927362 -0.87429655990446708547
1.4694719470586483645 -6.4349814378774130574 -4.2088620762996677982 -0.96673114427027428963 0.0085367472041478643235 -0.25565214383058659786 -0.18510648166200044384 0.66643252141732101101 0.72222107754078579411 0.17654032158318314072 0.74551647758087624673 -0.64268086676887192787
-6.3920535688392767781 1.2674690046693086742 1.3228093224550871998 0.91573195386699723919 0.00069740486872855219497 -0.40178912664900351404 -0.37643896913601654353 -0.34809328177384019076 -0.85855970654327085079 -0.14045885939572624879 0.9374596422301666454 -0.31849761067691173544
4.6793514841340178023 -6.6744444049077271686 -7.1266977467906054144 -0.78370397066785602025 0.0065991075061335047885 -0.62109945913637776282 -0.36209826274713130534 -0.81730696771403976708 0.44821219153603453211 -0.50467111515809981448 0.57616470935504238149 0.64291624121565293937
-3.7591656241629469726 4.0196605083351570897 -6.1251333986345102289 0.86391319878998229509 -0.0043997383654774437078 -0.50362151191022597185 0.45958678811399877873 0.41588321464559724339 0.78474271960122776726 0.20599507068748409977 -0.90940738620184746743 0.36130905991146450296
5.6558800431877855885 -1.7218571336810872818 3.5253078284948196064 0.88469969260975500625 -0.0032616034154401025297 -0.46614999285566138809 0.45113371371313903957 0.25784726733235463492 0.85439637117710698355 0.11740879970246007047 -0.96618018437158725842 0.22958881741064432469
4.8061380340266328659 6.4595601677882203973 -3.3314909585711287576 0.41893596186898179878 -0.0061994638957986658231 0.90799461810097259473 -0.87001302379955702815 -0.28900898477403014208 0.39943853737356638245 0.25994229796657875031 -0.95730631114987374541 -0.12646987135500745159
6.2520802550997087721 7.1700523575163961354 5.2988079503722680386 0.82380641646400631917 -0.0058115358121619883208 0.56684143659777719293 -0.31323167476769303574 0.82876105742836070345 0.46372516387666212756 -0.47247106378585962405 -0.55957245799065391534 0.68091831972953242857
-3.5234119809508275267 -5.1738503607772994286 6.5437205673502010228 0.98038609185445080296 0.00068610551555419504316 -0.19708536261614978402 0.18544759868349769416 -0.34176897653323529136 0.92130513665226987374 -0.066725550135289996012 -0.93978374956088572834 -0.33519278784086276035
0.71496326826330247606 -0.61372444097774270233 -4.9357390412341333175 -0.0073419893731461963876 -0.0045971441038055033124 -0.9999624800251768475 0.85130590935487693294 0.52459814524782244494 -0.0086622572177513061653 0.52461828398327559064 -0.85133756657909465115 6.1981934152024195997e-05
4.5623453453336679786 5.4055844445526028963 0.54554829170381435866 0.51754753049983148738 0.0060673572131499133031 -0.85563294750138285671 0.565680879097107292 0.74784480416575460637 0.34746696520131542529 0.6419888602596474092 -0.66384586769723674671 0.3836130436310646874
0.41947258060500769439 -1.901915466407558819 0.026172438073667966818 0.99947827046866877243 -0.00012942883462383966697 0.032298144047760546371 0.019519696111622551055 -0.79428832648834912789 -0.60722733458564370768 0.025732631510667638985 0.6075409761098320427 -0.79387139640048365319
-4.840284684262416981 -2.6666725259099317569 7.0328102709902076128 0.86452052795893652437 -0.0037924377485171146748 -0.50258320122491584314 -0.50093679886334407936 0.074721424774756239895 -0.86225230195350666129 0.040823771042004311504 0.99719723530279658075 0.062698433970413372518
-2.1418514720586205868 5.3772978552993677681 -0.3085958089290635753 -0.67849745744937650649 -0.00018630216711115537773 0.73460272632646306246 0.068035135229929516454 0.99568603835853008999 0.063091468458336366631 -0.73144543242061921262 0.092786196761564784796 -0.67555777035094377592
-5.0978110008480932436 -1.6917955804744455595 6.6343044134428987846 -0.83601063483703597079 0.0041371579664919114899 0.54869764202447190993 0.11527093593303017194 -0.9763333155159165111 0.1829914433592746692 0.53646885256132270658 0.21623168347298538094 0.81574814084624336363
0.58051133029579071732 -4.282388312251484308 7.3021923106778823254 0.99554215546270674597 -0.014239555209849688935 -0.09323653663777436984 0.088507158079229597547 0.48264675615458335622 0.87133150507839551846 0.032592938890638134541 -0.87569934557526452057 0.48175549451312343896
-5.4457370396321254091 6.2477702742158252036 5.7501027461409890407 -0.96926829223224642007 0.00093495534431401600139 -0.24600427543360306459 -0.17691449780519996615 0.69220386592238380974 0.69968211958599524358 0.17093928202556016305 0.72170141600287207595 -0.67076585184393444639
2.0326239631077429593 5.216743797101472957 3.1152066921302199454 0.97389919455551499095 -0.0021238534358645911465 -0.22697102918788009118 0.19237620409969463653 -0.52297952259796331997 0.83035162132648321354 -0.12046474563213893649 -0.85234260024359531638 -0.50892075696515226557
0.06007651319126901257 -5.0879160655264730195 6.7110994083028980839 0.93176941775850941063 0.0021767315259418242718 -0.36304409369941464947 -0.017960753720886485363 0.99903394857360727777 -0.040107118111429147789 0.36260607200641009618 0.043891131647398773374 0.93090837632220369002
-0.49246257864130005277 -1.3217834094069351725 -1.5246000898969622739 -0.90819822083295054238 0.015320403915489968355 0.41825981984834836869 0.19460454292920359443 -0.86928117630054457798 0.45439994322269827709 0.37054697886644277771 0.49408048104876967077 0.78649819751838412341
-1.9864427773836565994 -6.9347548009530521895 -1.3938294649527203095 0.99851417717296520049 0.01129435521295119732 -0.053309244273488806676 0.0025313997952524317642 -0.98684283065465072671 -0.16166267225474181823 -0.054433721163963617873 0.16128752315604164003 -0.9854051475785829961
-3.7683211535562501915 -3.5828349189897110705 -5.7104256858072499625 0.97684182985961387491 -0.0091179962413009529171 -0.21376833624514918197 -0.065397332914368361267 -0.96400306347410524843 -0.25772326720774513253 -0.20372341123244080974 0.26573474698855176213 -0.94227480915009453888
-5.7230728743204846154 -0.17100006285549676499 -4.4177304685901841452 -0.98268083608966183551 0.0067802736376361884968 0.18518207869973388191 -0.080441821669607130318 0.88465184458481660457 -0.45926052214312940158 -0.1669355795167823675 -0.46620289763372674274 -0.86878499672197118109
2.5863362168347108216 4.5785315991542328007 -0.32207225072017425793 -0.9440297698129634929 0.010603131789303275531 -0.32968980466970038146 0.28593602150961133779 -0.4720246081879326816 -0.83392647209947901032 -0.16446393315896640219 -0.88152160657657407938 0.44257346489436327763
4.6974115410899877077 -6.968956953064265214 -0.63897205917803845399 -0.99999569722071535161 0.0028587653957377161251 0.00065802775141861899813 -0.0024588721985992056246 -0.69450254110105691385 -0.71948604875400967718 -0.0015998398733986750331 -0.71948457097043849728 0.69450658214864868789
5.2159531072690592524 -7.2777237574594542124 7.2552130989314989051 0.80215207561979529061 -0.011438456616923680167 0.59701022544751181087 0.042813694628641221773 -0.99614144430001094754 -0.076610772741701776978 0.5955829372396007626 0.087013703852097903924 -0.7985672045676602826
3.3741194010665704894 -3.2268634608015216436 -3.9014147762152875387 -0.87546368077035063848 -0.0022552193901505391931 0.48327865423329119388 -0.44973503477133625061 0.36988270575404413876 -0.81297305151107956966 -0.17692298367151873539 -0.92907572240891678206 -0.32483312620349202859
4.3588595535780312318 0.20115815170463288708 4.2998402108140965083 0.99863935614969612242 0.0063707180234113128595 0.051757611041863396673 0.031777607343000301154 -0.86128921940069891328 -0.50712036462346643528 0.041347551565298908127 0.50807508745868246169 -0.86031975769679380761
-6.7969135043091757353 2.9180933837208935522 -4.49853356966473239 -0.9529190043683103406 -0.0036412137991922166602 0.30320308816980773292 -0.041069555318285405621 0.99226362562212755414 -0.11715881910083729422 -0.30043079525843607858 -0.12409528125276270138 -0.94569640923027520341
-6.0929712351546134741 -7.0974460738814384442 -5.9755465719066336305 -0.9990229417527488609 0.0031744252348828256791 0.044080436434063702267 -0.0020179987866242340804 -0.99965326170478474577 0.026254219546072817687 0.044148494115713372843 0.02613961337714770447 0.99868294822725456328
6.1915539560161736432 6.1391806738794487686 5.4423010581446433775 0.95896629005683442504 0.0055999540842370972016 0.28346480389800321475 0.28163250203575757036 0.096363323099815073602 -0.95467127523463990446 -0.032661725792285281611 0.99533047299655696971 0.090832049370508149977
-1.162711801572101189 2.3090725480236797829 3.4100681680686175667 0.98078842345682748505 -0.011199403236247055041 -0.19475277091798767759 0.120521612431136807 0.81980829356023232624 0.55981148858046148042 0.15339038219553535747 -0.57252854529435559527 0.80540825391420811652
3.9527651237743683943 -4.4346479112924042099 -2.0370176673487434549 -0.94648190409519317168 -0.0010170714876855842246 0.32275528002817832629 0.18929788591419691168 0.80819374267215282615 0.55766404285550119635 -0.26141598193084442103 0.58891581730425401897 -0.7647482229596384018
2.1675042012639558209 -4.521326148445427684 -4.8439116624360130103 0.87659626814506597103 0.0027594818887237619436 -0.48121862799965403612 0.1368443843711108221 -0.96012948848370238686 0.24377239345371334855 -0.46135950964541572183 -0.27954203727475362973 -0.84202354614101937447
-6.3797477597454008702 2.2833175983259312858 0.45711192129880151569 0.9915009854278140633 -0.01214701372512254178 -0.12953086872627006532 0.031957509623631884244 0.98786658708550334484 0.15198132680898943092 0.12611309794810854346 -0.15482911928165524196 0.97985888287464939506
7.2128702312790222706 -0.92829481874217534276 -4.4967075365737745329 -0.9361154534221693968 0.0019903810834130280551 0.35168721365351635066 0.31774610050696533436 -0.42384497781141716732 0.84817029563447354779 0.15074904137943440086 0.90573256161367643458 0.39613539775685535638
-4.2916227201957184434 7.1462273418411159653 -5.7971092061809796903 -0.99730640532794068154 -0.0047587566965714769851 -0.073193497843316551732 -0.055249237846818496922 0.70508959560809891798 0.70696264673789777078 0.048243710566092487535 0.70910226089043537634 -0.70345328771058857065
-1.651042361372735634 4.1677084063256693014 -6.323651931047416852 -0.91411579688087352125 0.0026957398915165957376 0.40544425372591275103 0.32779701788546200536 0.59343714407052317039 0.73510643522067242728 -0.23862402426895154561 0.80487582211413255528 -0.54335392334813059634
-5.3533782170118602295 -5.6498516756580530185 -3.3387001306356993702 -0.97817882090662522376 -0.0056358402604782080469 0.20768830403842336585 -0.092596723230808225535 -0.88303687940035291426 -0.46007794607633106798 0.1859893576974838425 -0.46926975922544011954 0.86324611316806931782
6.8310856503717607424 -5.6161091050841802641 7.2772710994106493132 0.68364917905467037507 0.0032033958238272372716 0.72980376693540804922 -0.65121515756630310445 0.45410268849882168274 0.6080374715872031155 -0.32945806794472448642 -0.89094359336230644075 0.31253303011485739082
-2.7529981012042745725 0.9680813038321550712 3.3099422604827388739 0.95796773772221033294 0.0098146020224671535331 -0.28670801710207532986 0.26024907315398665419 0.39075731175774308657 0.88293779125738447444 0.12069893705397762018 -0.9204414141568417751 0.37177865686320699101
3.330153602928862977 1.1755166724814334334 -5.8665321381832011838 -0.61997923824979384033 -0.0017935381123049052958 -0.78461616562506109052 -0.61787651465519399796 -0.61521384199205009224 0.48963306797940581161 -0.48358490131169845627 0.78835823826630180289 0.38031162404121193754
5.7047116993831261667 2.6732123556398916797 6.2993136268540723677 -0.93450668529391978101 -0.0062349765331778071731 -0.35589096674197773229 0.32774919930402152124 -0.40508435743586357347 -0.85351457264437846639 -0.13884422024874093493 -0.91425805352118594271 0.38059754869825529466
-4.5719468525220481325 3.3890087825882195816 -1.6816385672995506351 0.92827542779266691841 0.0038625271582139880655 -0.37187338038684586428 -0.057285879246844591262 0.98949667591838386116 -0.13272021844983392103 0.3674548383071117863 0.14450401112218924649 0.91874671840193344874
6.6063175680844299364 -2.7256327146282441909 -5.3801941679158575838 0.62336570113348210853 0.00068519220242886820504 -0.78193013317186788047 -0.18194201523594172309 0.97267933082109281351 -0.14419439131076100535 0.76046847780985404874 0.23215178204190450861 0.60645959828541262659
