1125 14.717824617146108679 14.977075390850430381 15.033177056927090831
4.9764681882074093267 6.1044360340998968795 1.6474559089415823365 0.91895837099789201563 -0.014900265678457641841 0.39407295575257156317 -0.37768965856768360601 -0.32068004235020197701 0.86862813231520963342 0.11342854219250358971 -0.94707037358425782969 -0.30031928558628040449
0.053728068358312994213 3.3058667949883715487 -2.8214398010949888196 -0.99964164300399349639 0.0015026114484456751762 0.026726910242126124262 0.00010719764661106141734 0.99864003794181954721 -0.052135047024028706442 -0.026768901376788563351 -0.052113499003269926624 -0.99828232937421812476
0.056489138556950473091 -6.4646007950203321357 7.3350585378923458535 0.999921079369539334 0.0029737493773307568413 0.01220622164985500982 0.0045766853488511758524 0.81859787449107379587 -0.57434882591492375514 -0.011699956561531839327 0.57435936197930703706 0.81851966031560741133
-0.25010400207381988658 1.3076088679683679494 5.1816700569679783328 -0.95616679442314145287 0.0079030558845653263444 0.29271590826308802047 0.067807738711771939344 -0.96648899426316325911 0.24759065923200124226 0.28486342659843222336 0.25658637079116963786 0.92358879514144709422
-4.4841679264382303671 0.16702661827797407601 0.56602350148283953057 0.96635443823312605627 0.0024660550945956633169 0.25720229057974020037 -0.24222495818062431128 -0.32764324448861814609 0.91322339762810955666 0.086522652187633317111 -0.94479829747585741817 -0.31602216337647165423
1.4777382639724039315 -7.3097232219967294142 -5.5931300518095214969 0.87592995115438387899 -0.00076776766579149391401 0.48243769670656039272 0.32632753205125353269 0.73746453718920801368 -0.59131751049129865905 -0.35532669825954232845 0.67538542101610843371 0.64621781976581493812
3.5387500413991821446 -2.6686046436360242318 -1.4826451584284709995 0.98048203921812104866 -0.010253705613264628427 -0.19634111207761212325 0.059840783486763714227 -0.93569550342079965688 0.34769671483907094167 -0.18728067546431820256 -0.3526595899722158034 -0.91681904550374859753
-3.3804528075876261184 -2.2174685391399990841 -4.9011555237673221086 -0.82272418311609230024 0.0099868940907703700194 0.56835304209840376011 -0.47914960791968247422 -0.55014110302311380885 -0.68393012800649488625 0.30584403173261542896 -0.83501199315392715672 0.45739960597110823626
-5.5445112787323198589 5.6039592333862673357 -0.13062560833518102599 0.97272380509001798998 -0.0081457827049440725831 0.23182330606596965317 0.089487854543433331678 -0.9088444209088621939 -0.4074232964278543534 0.21401009999633943681 0.41705570947658276992 -0.88332565472338864243
-4.769744388360988907 5.7949434001763151514 -2.4722522558303525742 -0.97992206554638416893 0.00049994616968595520165 0.19938027863627877379 0.065255846739249112609 0.94572435999325354938 0.31835060763524997141 -0.18839962824172412637 0.32496951390742473409 -0.92676879269278356066
-4.1865601100008218438 4.9377148375177766226 -4.5552488085205729007 -0.95972996294092571823 -0.0077189025544616768001 0.28081812045663678834 0.17384957708716139435 -0.80153284595837670512 0.57212011098770643169 0.22066880790012352587 0.59790092439575004413 0.77059701649222112074
6.5506141303334457504 5.2578253413239881553 0.42183927226392686771 0.91668897023184447992 -0.00029746685702052369504 0.39960135556415021796 -0.28197135904180259391 -0.70906036862443222457 0.64631690858757773199 0.28314922661967600881 -0.70514771867992820376 -0.65007169628048655508
2.464626253342938611 4.8137462931261536525 -0.085990473905586728431 -0.96617328953738423891 0.00057854486388111709544 -0.25789307836847324973 0.1611596240410026748 -0.77934268529974548567 -0.60551841792707739032 -0.20133740378655451408 -0.62659767327668070003 0.75288684786017801009
-5.3172449834570940652 5.4229075680252210034 6.7145983932101858116 0.99736163097121166565 -0.00529725878364879256 0.072399696932589935328 -0.058492327529312042322 -0.64931287520276970149 0.75826871075908730546 0.042993309790656006331 -0.76050294486302827401 -0.6479095972186347252
-1.2712439393986263436 -2.6755977794056047259 -4.6624328221171547071 0.9867826241855092162 -0.0031448292157851905244 0.16201901942280483304 0.0094772009418142479781 -0.99698041896872591217 -0.077072867178975476565 0.1617721708694457583 0.077589652931845110029 -0.98377314991316322512
-0.75993001302297791266 5.9385459820473807113 5.9168874799152995081 0.95240485505485983353 -0.0062072917552674928415 0.30477280324368583031 0.20476850101276816707 0.75366676314735925324 -0.62454485116755154017 -0.22582040001058426015 0.65722741852110644345 0.71906694214306543511
-1.1382674157355372468 -1.8350396473612087256 -5.9134205377217448074 -0.91778861812950174315 0.0087450350034660277732 0.39697301771625964628 0.16658970341927861747 -0.89903243987477643451 0.40495498856969541768 0.36043296623178799898 0.43779469665082942909 0.82366490785868728963
-6.0791484812713099117 -3.035755018138004413 6.8388319887478532522 -0.94726828916524474788 0.005597650675415062442 0.32039265698333468935 -0.12889492482756928493 0.90873780048310437429 -0.39696562612778657497 -0.29337499330318228541 -0.41732993695670517198 -0.86009699280036044922
6.2398487265565796278 -5.7786584397081321995 -5.1986372333635584297 -0.93490203575931529745 0.0047547452980818034896 0.35487402825522817995 0.34451060808929406809 -0.22807535544142684691 0.9106558478120301281 0.085267956741808981214 0.97363187326496658525 0.21159005391478302727
-2.3536829303092305921 4.4391454177320675001 -4.5314964001785638104 0.85355854791719343311 -0.00515741217137179013 -0.52097140648699924448 -0.20011726488334866114 0.91999890515330662311 -0.33697936852596366286 0.4810310650810576405 0.39188699342573413142 0.78424084235073687754
-4.6243187804401131302 -3.1042717187799420131 -4.9877054874542183782 0.83677679787799030819 0.007035915807487943055 0.54749893737049770692 0.28641358595583621405 -0.85783303986013836884 -0.42671973648311983807 0.46666031362543564098 0.51388030864496936356 -0.7198299660850293602
-5.5316669342473323567 6.776187427692979881 -7.2800474913696104906 -0.97952224711929747336 0.0054191098433105152482 0.20126301360794993101 -0.096585062257168619038 -0.88975090784056332094 -0.44611057793521630144 0.17665642684833032794 -0.45641423646226697564 0.87205421368609892241
2.727122666910276827 -3.1488415083801446492 -2.3386102298340376571 0.79831603831422959239 0.0041310407797639312616 -0.60222457395263429003 -0.024509474165826078407 0.999370875242704515 -0.025634730207235709165 0.6017398014477842727 0.035224823899609972178 0.79791504756760400774
5.1475072818039278033 5.2198504935027996154 -3.6665011830171696516 -0.99997758959618909813 0.0066898440733784442919 -0.00025747188270034489406 0.0024896556830869172317 0.335895445555245864 -0.94189598750063741051 -0.0062146536569648060111 -0.94187552024751952651 -0.33590457341101137567
-6.3553121526721412238 -2.3377680366045447968 -0.89108339792449386962 -0.95926746973539178676 0.00033125549448885949905 0.28249922438335001162 0.25044252786597170912 0.46367938663580104963 0.84987055875887318468 -0.13070754279503507544 0.88600300037801593689 -0.44487551245009776535
-1.8662667072640053423 7.0667624802195252443 5.2775079362687016271 -0.8455159355758347095 -0.0079001218478536045647 0.53389174067594502571 0.48546377544957414196 0.40495541004511276251 0.77481355086333614235 -0.22232347022631657185 0.9143023044649781772 -0.33856102941201027257
-1.3582347055229746502 -6.8630887954596682121 4.7826547142735975626 0.88218495610066050006 -0.014568520982892496293 -0.47067766191549298416 0.42281176495600913956 0.46454642323320105568 0.77809178897873698677 0.20731597778421628764 -0.8854289236622473469 0.41597560805619104851
-2.9020208087348065007 -6.5528783855401009362 -3.3950983548075051033 -0.17629245344874291956 0.001581687044094074986 0.98433656293108995339 0.50453220007439303352 0.85879549898190865598 0.088980615959177708496 -0.84520307024123597639 0.5123161028061741229 -0.15219717757045686524
2.7218494863986810728 3.9105451063755158891 5.2886659022280193554 0.99929838373588286693 -0.001843673307837855567 -0.037407768334079619099 0.029281715551979687479 0.6612048363286574526 0.74963374093610146698 0.02335211761993389798 -0.75020314934311171928 0.66079491017889435689
-1.4700271633548183114 6.2737038712355825965 -2.408138747291058035 -0.96537424572919805499 -0.0053598842801845228076 0.26081379818411098981 -0.074628230590938440803 0.96367902761407275847 -0.25642417775149367598 -0.24996638350308800214 -0.26700936945576259074 -0.93071091308809916764
-2.7698553759288890852 6.0817865494309639729 0.78096711570483912102 0.98081747836597910073 0.0027456768287461522787 -0.19490904389083119064 0.016750282871817279845 -0.99738945979204884917 0.070240255690397240818 -0.19420736895232371122 -0.072157652085463513947 -0.97830300576559736658
0.61372073245470448732 -7.2211039217787353905 -0.097880143462586194358 0.94890700495548585547 0.0048088898826420291288 0.31551920785381365464 -0.31407324610451048397 0.11120473002392286532 0.94286345994621645339 -0.030553101773451881579 -0.99378588367840625661 0.10703329095946886862
5.0038418998732101528 -7.2272830686396449806 -5.8225161892460759461 0.99685612899814735055 0.0033165939591145512932 0.079163490849143966499 0.076951872233583781813 -0.27853933824283999554 -0.95733705997991447312 0.018875048044062012892 0.96041909459144592098 -0.27791886460909048795
-5.7837028635892764328 -2.4856689343592393016 1.2836542535786343855 0.85618689290758942523 0.0097172930110728250597 0.51657485288184290528 -0.4003022954607670103 -0.61964380716926859005 0.67512933907929295607 0.32665283813583512185 -0.78482299052294601793 -0.52664105127165261599
7.185459531304775993 1.166091954041904355 -4.6133455253703736787 0.64550054347846874681 -0.013590977048212840583 -0.76363887650638007099 -0.74237082420964284335 0.22379884847618339294 -0.63150584699034240099 0.17948428268605534641 0.97454058959269695972 0.13437273348811346052
-1.0670546376115037646 7.0292793049503430325 -5.7011440669577044815 0.069809050084848084383 -0.00017873707109082332539 -0.9975603563590267342 0.98751519663164899487 0.14156832140107047935 0.069080726669539724294 0.14121059785924924834 -0.98992847136985295808 0.010059255613035267968
0.01893264723646571196 -4.4864862653950998705 -0.78635874027637742145 0.96744955562091605739 -0.0084262628318197731192 -0.25292361578867217364 -0.1760884408415351321 -0.74022699644607325986 -0.64888893867463004472 -0.18175317969957388575 0.67230424052436343896 -0.71761604625453034867
6.490325056613744259 7.3886435524912572603 -6.7795222842883795522 -0.99385142700466932997 0.01112734947877317207 0.11016135045609513898 0.070720861529789083577 -0.70174353615176854326 0.70891083304866520098 0.08519331420493135576 0.71234274865604252369 0.69664187905402208401
-3.1665142903936178698 6.6210940744228850008 -4.0129653457666494276 -0.93695500232779516114 0.0012689876656480892324 0.34944772610966318149 -0.33365983482177585806 -0.30045026219085518848 -0.89353273839085756158 0.10385777890777243837 -0.9537966395514214657 0.28193178632537546635
5.429230678187267678 -0.69561518549476542006 -0.0066065739481623794727 -0.99869790598093710621 0.00043942115500413079371 -0.051012738590743247902 -0.050346303293536169565 -0.16982123286541309093 0.98418798946781105297 -0.008230573136306019999 0.98547478698199875158 0.16962223288450140046
-0.045784151628878930196 -1.8220898780887249124 7.4146923954874353058 0.63592885176064994912 -0.00075199164975740025868 0.77174732264323653297 0.73642278480783818218 0.29967321330490859221 -0.60652901599447017755 -0.2308158952805947628 0.95404161320980340744 0.19112462622530873579
6.0432187065197027209 -6.9100874527573630246 -1.6802760664979503602 0.69502105022270777024 0.0071043274272689135168 0.71895428803165362108 0.012933575786746748584 0.99966584638509103922 -0.022381201677038553566 -0.71887305024235714779 0.024854056066265773489 0.6946969220691667779
1.7619803385317878153 -1.5072158170185090409 -0.29187276314169269265 -0.99984602549517631598 -0.007847439417060987632 -0.015695317650263006931 0.017502526897118276389 -0.38177252266354155807 -0.92409058132373445016 0.0012597038395086856966 -0.92422300265346457593 0.38185108944791634755
0.98463754780482859452 3.8519105408258140777 2.0746718093437825914 -0.9512967063422846925 -0.0066137234364859586594 0.30820583246372545982 -0.25179343091140043986 -0.56015091927386129189 -0.78919643675483375223 0.17786130734987087854 -0.82836417492483827019 0.53120443244461834631
2.6930000784713263862 -4.6060446686685301287 2.2469640521952736201 0.91205510187274985157 0.0023767209026925792403 0.41006077884335073724 0.0040724580646058251843 0.99988139063240832893 -0.014853274125549204357 -0.41004744388083302908 0.015216959771442894328 0.91193724449772850527
-1.7266998029456921415 -2.0707936161836202338 -1.5852055842712056144 0.99680431878449082816 0.01417440426553259053 -0.078614479050715391217 0.057401822226098478397 -0.81150552756146832056 0.58151853757409766033 -0.05555340545646952205 -0.58417280405797467058 -0.80972585122454243667
4.5365039804823554803 -1.9607134373850061415 1.5222640872143711199 -0.95547031367610502084 0.0036000213015918900404 0.29506528011655952515 -0.12123716341141348163 -0.91642336961073034285 -0.38140497878141077503 0.26903165221143160446 -0.4001940122964453006 0.87605178079291334825
-0.63189747905029769459 5.0093365938580989294 0.070621285382810233822 -0.99987393625939857689 0.01487972757604799634 0.0055412359989070909816 0.0068910479511962649535 0.72106889839430543532 -0.69282909669445491563 -0.014304721153022977378 -0.69270357114398384279 -0.72108053466799704179
-5.4442156079492693976 -3.2781717713361353539 2.1326670649169776617 0.86344166664730248595 0.0023367421280295927292 0.50444328515061920282 -0.47281342121849856408 -0.34480482540403672997 0.81089894628973802071 0.17582934059194585408 -0.93867149312972109065 -0.29661401007480336922
4.8483125015749832798 0.75430260292326134497 2.7470523060892442224 0.99535672040925915471 -0.0091219161441113433969 0.095821656122207304884 -0.095028055320949753049 0.065306719521184067312 0.99333010680605238196 -0.015318871958110946013 -0.99782354303312814636 0.064136644211262833215
-6.6148493290503731501 -3.3904229417524289758 -5.7373557060773485716 -0.78688403897913827834 -0.0019068242047274881062 -0.61709794459317457438 -0.054518508832018128252 -0.99587026660158284308 0.0725957594744478657 -0.61468792195264332356 0.090767704170566468336 0.78353046047053565015
-3.8501415394531055547 -5.7222417785615826702 -7.3356852398648548785 -0.99987206385459692637 0.0082825537802741992094 -0.013684123145039263011 -0.012434260936050083729 -0.94062604593888954341 0.3392167903516351557 -0.010062061336810980763 0.33934354422082457781 0.94060869330311613901
-2.6307501932741552686 -3.7055855435262032849 -4.8839185215993223821 -0.9999743029569047037 0.0008683255230637694673 -0.0071161391686135992696 0.0067956350772785320546 0.43094769520486170267 -0.90235131924412481652 0.0022831490921929537344 -0.90237649016828680448 -0.43094252194676557766
-3.4887358780140602654 -1.7252901179038377943 6.3753882228457730008 -0.9388159894266544514 0.013929417416556757331 0.34413734079162439095 -0.25902189462989094748 0.63000732865796382765 -0.7321191323410413121 -0.22700703975672736901 -0.77646425363162463462 -0.58785292950977785509
-2.4320940947294715784 -1.289726746220940079 -0.087224163375010405064 -0.80179005423895466365 -0.0049013921677884507433 -0.59758571375022440098 -0.15819816011153867152 0.96603372025690747993 0.20433353484934102529 0.57628643143915414537 0.25836955641387204796 -0.77533162018428924966
-3.2363307602506510285 -2.8833317994553895325 1.7148028016244849514 -0.86750668352164739261 -0.0045040293056427260776 0.49740513443788381132 -0.15036334685305019487 0.95555354052941632315 -0.25359080248455573292 -0.4741550568836614965 -0.29478321679095381702 -0.82962632379284295681
-4.6440650291682503692 -6.3774737120166156146 0.65520745881660835686 0.8170055764343702176 -0.0041518192659932649097 -0.57661481985106866066 0.526324003130353546 0.41385727514755371592 0.74276860430160873694 0.23555239715174491888 -0.9103323119631707705 0.34030890377986272588
-4.6695002401942842241 -4.0363638758534339246 -4.6276006728365510767 -0.94411644493640101139 -0.011757282255626435793 -0.32940234473158080952 0.20532191005630401337 -0.80276573770898818072 -0.55983040611549239607 -0.25785083217151599788 -0.59617861138630257045 0.76031836205228287007
-3.0921958364583286283 3.1882498933077596526 -5.8314317832967246247 0.94773754990317715663 0.003674706388909535458 -0.31902983095078202291 0.24187403009262867237 -0.66036492665649670908 0.71092553562853944005 -0.20806366830925196454 -0.75093585623207714796 -0.6267414536752172749
4.9306845506967205139 0.11536783768303211783 -2.1435274073160655028 0.90750131165675107514 -0.0014737306718156381949 -0.42004666104976912111 -0.41588405095426428382 0.1373231399190212032 -0.89898988392778833578 0.059006995373459894538 0.99052520581790426402 0.12400802851550674077
-0.038628947902236171474 -2.7204071985538473832 6.8344978992837086551 0.99909419247451680679 0.008981106692618085266 0.041594882932214631566 0.026022823811528497662 -0.90234623501804633872 -0.4302256207962676382 0.033669083807619404336 0.43091833550130526076 -0.90176259676496450801
-6.8869942218405615364 3.3563365252501045077 4.0529612114021569269 -0.99116430941640765173 0.0027171896678952157586 -0.13261194749838717266 -0.1272414754340874532 0.2628481723391095648 0.95641018670199062779 0.037455555907866568133 0.96483338208122459978 -0.26017998799549896249
-2.8687477211403371591 -2.5412358933406129502 3.0865068691832804326 0.95045264589295175295 -0.001120374369173530657 0.31086735543707144647 -0.11889597028941226164 -0.92527499269280921723 0.36018042165894442741 0.28723425311775852009 -0.37929531062053473134 -0.8795632729811092565
-4.8204283981436972795 2.8239586816654602686 -4.6189075854886620931 -0.97806745585934951048 -0.0028776243269177889141 -0.20826850714185887736 0.19115270719781549125 0.38476369043082703225 -0.9030047314698750327 0.082732667791039243843 -0.92301062930182276034 -0.37577477812637971599
-0.19633540386666903377 4.6747800272358075446 -4.2314750231063751329 -0.99511382100478729118 -0.0034547018394531494798 -0.098673949350772546807 0.088390002686432100898 0.41416061867331710467 -0.90590186519582072133 0.043996484750174980061 -0.91019725717855259894 -0.41183159465276708566
-3.9244367723917008561 -0.71377728105754256749 -6.0849519162278076223 0.83687727380413645673 -0.0035849796759163440191 -0.54737882358653977555 0.13308466197417007093 0.97130655654645681185 0.19710922342024819742 0.53096600770434199124 -0.23780395524642194971 0.81334148887895107993
5.1324741089535290683 -2.7633546878826824589 5.6533540472293282164 0.99996937435858490595 -0.0077841378126723738407 0.00081089056344915862434 0.0059203026350374936271 0.68460663167382207472 -0.72888868140809448537 0.0051186288888597003197 0.72887115944222158337 0.6846317496082018339
-6.6180082830610480471 4.0885829754311346917 -1.4853283092480553673 0.78742306352845437001 -0.0083996412940776175177 -0.61635571308269243573 0.30824670980652713048 -0.86054164048961423461 0.4055268805849523428 -0.53380603679329363676 -0.50931083928148790374 -0.67502117305563635874
-0.55501242995511979039 7.3323210544135495326 -3.5479657356867502216 -0.034299103863419000415 0.0014817793354720215984 0.99941051415528892043 0.69390324206032261145 0.71970886801177658132 0.022747218805892772259 -0.71925090346285980303 0.69427440514191807175 -0.025713580700231129794
-7.1154747734775414258 -6.477951930034140382 -6.2940652384811937026 0.90426957813805075581 -0.01176106520502808242 -0.4267999618078709978 0.31150113787799743603 -0.66546744890966214037 0.67832154288542900744 -0.29199926567486800266 -0.74633420917638393366 -0.59809838409608151455
-1.2368021278838778887 -2.0431430896973377109 -3.7607996000465302444 0.92909070437634877493 0.014769355479992227892 0.36955693631712649427 -0.10970278373006010775 0.96524088979834454793 0.23722420598090024346 -0.35320781741529372333 -0.26094422929066246608 0.89841657760561577373
5.5174133917163876717 -6.1902557946603558037 6.6869706220487028503 0.89203554279318186815 -0.0030256670033981733492 -0.45195512579549040888 -0.14369762954049675185 -0.94998838152238052057 -0.27725992540752320004 -0.42851322226750332423 0.31227058829121917549 -0.84785818273473223528
1.2318173839373001144 -2.2275136251075897675 -1.6345907969863324727 0.94985413231126269995 0.001963186743181114316 0.31268718110739318616 -0.31174289062443005793 0.083853388726819341747 0.94645917996716144582 -0.024361803632222910759 -0.99647616885544276766 0.08026049730062147225
-1.5859444463359173572 -5.6189157626216204022 4.1260389281609013423 0.98511976472729512189 0.0057981277977441451899 0.17177144948352462972 0.17091037937174236028 -0.13847448666079184565 -0.97550728278522702563 0.01812984739696602704 0.9903490285035764229 -0.13740491394159912164
-1.3892804922141233082 -6.9293989904605233221 -5.7677055070486451527 0.3422127641003475107 0.0046991444014585267291 0.93961073968359187791 0.28850596571877501484 -0.9522087289026294199 -0.10031372960082922396 0.89423415939654882223 0.30541194253599718289 -0.32721371231181506367
4.2823179542803586628 0.66026718227559089147 -3.0600193377485558344 -0.97603206498415262526 0.0045706617333157503053 0.21757876085226771079 -0.14793379059540148757 0.71933927764049165887 -0.67872424241614559559 -0.15961516758365082436 -0.69464387472626909492 -0.70142204526403539866
3.9879372316028098844 -1.5817596759376362225 -4.535519858202031962 0.1013962536254020691 -0.0019327505867726010001 0.99484424118849090757 0.4444421156520204641 -0.89457185084797807839 -0.047036257348397871036 0.89005056349932543114 0.44691997957770746019 -0.089847238514881119786
-5.441545088787832718 -7.233999329933095801 7.3629238050924081804 0.98914452750781789447 -0.00043945550317913903426 -0.14694526389186693405 -0.03830167080397263446 0.96465760680941647909 -0.2607080429105397279 0.14186643618215064033 0.2635061830461127852 0.95416896081434854349
-6.6605272995978568318 -1.234121736525843227 -6.8042076237404849337 0.99945124864728551728 0.012041455865514820792 -0.030857817779222061066 -0.0079986985856044350018 0.99175024676380973965 0.12793540895665697632 0.032143776977781611526 -0.12761838184451224087 0.99130233845023563166
-2.4868551468903739021 2.3141674190554106794 0.72677647156530378325 0.90370480786532514372 -0.0074938918378064552084 -0.42809048322307546863 0.25142724311884956379 0.81858259828587576212 0.51643670590033785572 0.34655729924311023948 -0.57433994408248145724 0.74164119827087693348
-0.39774143889525048756 -1.2665522728372333727 2.4052395058724229671 -0.99495250164234139145 -0.0014473977576630442897 -0.10033655622585663236 -0.023015808869134457559 -0.96994827822028162334 0.2422201686887903993 -0.097671858882850126626 0.24330688978586714755 0.96501915284882999746
1.2492777044967351419 0.44757366246315843927 -3.4631645312094487821 0.99624293135384123232 -0.0049733953163816277399 0.086459742461618277476 0.086520167551640742021 0.10072381254076244461 -0.99114528410019642202 -0.003779197578179796773 0.99490199463372619437 0.10077568525884850192
-1.5836060472499386975 -5.8496341625813963461 -6.7993720403050526002 -0.96628719191163947588 -0.0067273535771748514678 0.25737871990815841539 -0.16376694670804020637 0.78742703000076730291 -0.59425504591057898285 -0.19866919719382028497 -0.61637116669916547362 -0.76198237180943506619
0.73023691991266637125 0.34985499564972555309 5.268665302504516923 0.86916691914757604476 0.0028095476004998845392 -0.49451084224894081842 -0.35885331596326597303 0.69162404198691496138 -0.62680178858059576452 0.3402545580614794174 0.72225223501764479472 0.60214495325499739486
6.3219043958379428361 4.2091095651273944256 -0.21049124988795794855 -0.92717812210299244136 0.0058553164059242449047 -0.37457501940636694915 0.32537032332080279007 -0.48298509688137075679 -0.81293268410891494913 -0.18567413011953545765 -0.87560899462044117225 0.44590806893812640066
-0.58595969313097540088 -0.64103777134874906363 -0.52442126782055942247 0.98989436785142781439 -0.020285598730548859425 -0.14034826318866447381 0.12585061520689050374 0.58177851441516548192 0.80355173001926116783 0.065351076104215893858 -0.81309424708896615996 0.57845222983670818717
-6.4529052491728720042 -4.8565609167259342627 -1.7010712726182508625 -0.82406660650406793334 -0.002036256746055945064 0.56648926000716959273 0.26215362725059143667 0.88510401768841839854 0.38453394335379131874 -0.50218492984588569694 0.46538879609450389818 -0.72885085216754219584
-3.5715323256239095429 -6.7792590228745934766 -6.8811537448998674193 0.98611286787492780093 -0.0019874085167874014704 0.16606463205281615791 -0.059158484855547220638 -0.93854170959323757195 0.3400584258968396556 0.15518274865800726903 -0.34516012162651310557 -0.92562562894391287038
-3.6850614002528772062 -3.9509293618047265362 6.2397045168949025751 -0.99003700582232012639 -0.0020295903135037120929 0.14079278342839110505 -0.096420275839384630978 0.73845817257590673499 -0.66736995569381607485 -0.10261509396486340195 -0.67429623172524011387 -0.7312966117600344651
1.1196851839357118141 -3.2433915065281317958 -2.2270088136635517451 0.6822334303529927757 -0.010193681420605192611 -0.73106335933897648172 0.023226027414154370304 0.99970031400015046952 0.0077352335704136731057 0.73076541937847938613 -0.022256932558835866576 0.68226573326950912257
-1.2970868982527001823 -3.4630121841289267515 -3.8080632989144791445 0.99991319941374035007 0.0077632274972586129066 -0.010645465563825300473 -0.0090082521444200293337 0.99244088542613906334 -0.12239256647362090069 0.0096148339324702465636 0.12247783976503447134 0.99242467408611600987
-5.9997048233942971152 2.7796605993128640222 -3.4184540717033580215 0.9985290959004882172 -0.0059214251477584713829 -0.053894168184645652175 0.0053260341968356505332 -0.97849801001768355047 0.20618748204300732518 -0.053956260061547113571 -0.20617124221317045807 -0.97702719557059314326
-0.71075278739454628152 -1.99886675148524251 1.1017681711001059419 0.69973404635631630821 0.011000587614491756996 0.71431873238899634693 0.50758004079771790185 0.69596348105399519213 -0.50793438082403563616 -0.50272732823419852277 0.71799291090607786359 0.48140566400398704383
6.7919381134662435429 4.9931770389728633575 -2.1837007102533734226 -0.85040082235890968043 0.00035212260950823713601 -0.52613526525104670206 0.39777606721021424585 0.65496286394078473414 -0.64249346083301572818 0.34437282367511140579 -0.75566098408479676074 -0.55712102405658969762
2.2899187211389104846 2.737294894010703139 2.1687406723518942719 -0.85037668965995194537 -0.00066587390880782759001 -0.52617396580880992918 -0.52591123328473610155 0.032698416655156097022 0.84991069428094578875 0.016639122210960526071 0.99946504199009200686 -0.02815616188096018227
-2.093762886163557102 -6.318032535267496641 -5.0083815656559425022 -0.53681313308896527747 0.012361558285472768609 -0.84361060449715141729 -0.71215381879166994583 0.5295161222357032127 0.46092256906456890997 0.45240313717278329841 0.84820980197664141986 -0.27544787765920952793
0.79933719772699141082 6.8340899006327271437 -2.8062550843412723545 0.67361658363286369688 -0.0024369330483591470499 -0.73907696460662986038 -0.43828009652188548717 -0.80651014199078907563 -0.39680215203376295596 -0.59510608738909787085 0.59121523341608250846 -0.54434666576474810551
1.6925937951507832313 -3.5584251448221513314 3.9192413754752988275 -0.97330288538058407077 0.0020548168738229802277 -0.22951529586829746976 -0.16788344935193891261 -0.68825162413619023205 0.70577960391875094182 -0.15651402730616337244 0.72546914448627586314 0.67022226138411333807
-0.49612055068052951512 -1.9534985643393687482 -0.60049236133303085516 0.96787827032883622103 -0.00098478549562507392522 -0.2514173502819171957 -0.20771889178960273314 -0.56652642125386942773 -0.79743380666666907608 -0.14164927044982011939 0.8240429868755186904 -0.5485331712505940871
2.5612386500646255882 -4.6207491448371822429 6.3868733654668057298 -0.98578359137048865435 -0.0091925005860271601088 0.16776831917167298047 -0.1679077892901576774 0.090378572526274028598 -0.98165100108121872147 -0.0061388337991800231638 -0.99586505690332471907 -0.090637206259304742284
3.1928403852845494981 1.4319212467094759589 7.4450579708619235575 0.99658988934343550881 -0.0063735629285754926907 -0.082267673809204786006 -0.025688101086060746714 0.92350206690501324136 -0.38273235280650208523 0.078413735537734008396 0.38354049345252749781 0.92018909793658976159
4.845084208725379149 -3.6172297945261955299 -1.9458084670276245554 -0.99363600805703466978 0.0053767364871351863709 -0.11251032929107447622 -0.011206810937611097478 -0.99862297255023502185 0.051250034961577720094 -0.11207984154632190388 0.052184762140901494454 0.99232800006811394677
4.7897995028527349248 -6.5215504039577778528 -3.6548778738803702204 0.81936166913842178872 0.008947975543922147279 -0.5732071081907306187 -0.27094162750483458124 -0.87511514107304777532 -0.40095401774990302446 -0.50520994609347769089 0.48383202002183478552 -0.7146114236211611459
4.6651255087419460921 5.0432942275843970492 4.0873973144447646177 0.92500202973548018015 0.0031187705697637438731 -0.37994936275161400596 -0.29951305046472431748 -0.60932289112884041593 -0.73417814387770086171 -0.23380157738246462595 0.79291606593415964177 -0.56269079857136516942
-5.5309064739787130449 -3.8527599613690668434 5.1815409975707220624 0.9859496353768840704 -0.0010008458566410629795 0.1670398599368508874 -0.14602236331146012382 0.48046339868370530057 0.86477302914587805827 -0.081122043324131226649 -0.87701420788545358942 0.47356656686687531588
-2.5708446665221020844 -3.1187784525166275529 -1.610487633978739952 0.95061782727496546563 -0.0036952121539040186718 -0.31034189513196375199 0.079661598281507400854 -0.96352513044255949648 0.25548650211893675355 -0.29996629181661388364 -0.2675923549222453679 -0.91564979952002634178
-5.7712576013116390072 5.2586030708296620517 2.7700905342741974913 -0.97765247611492156476 0.0084389022190370765325 0.21005813689461552696 -0.032078216637770669284 -0.99348158259411700755 -0.10938616486393017146 0.20776579112948803663 -0.11367994535383955934 0.97155043413131358943
-1.5850798568047348436 -3.6049608472407634885 0.0040636069152462789278 0.77900813240068400578 -0.00065358804717424029418 -0.6270134787036728552 0.38120873091425588886 0.79444942376490679248 0.47278961130120072953 0.49782148721019237048 -0.60732996460102905978 0.6191317153638591364
-2.9244450738245073573 -4.794505755289550919 5.6374515864195524628 0.99900185485301129518 -0.0040757054641928445321 0.044482385560560042115 -0.038464116996749911359 0.42782836622334524668 0.90304119549347139362 -0.022711356274956906454 -0.90385080498912273583 0.42724456300413288234
3.6395528098648757265 2.2233362413404482716 -4.6148769703379608487 -0.99628588198594514314 -0.0085679256194098295241 -0.085679822631388388721 -0.085541637050330313063 0.21233477070994452585 0.97344572189639255733 0.0098523949531880757741 0.97715942189495841319 -0.21227904869669120269
3.6367724677783224152 -3.5746364258822338478 2.4474205955966210624 -0.99735635367367991844 0.0041128560264871985228 0.072549212276494912111 0.072000632373383263718 -0.078835607086667536247 0.99428409219549673814 0.0098088085141166576897 0.9968791458701129482 0.078331065388837994856
4.0592966279575888322 -3.3405193992346662313 -6.8814329570977843531 0.99990669329637749119 0.0020842519647010357073 0.013500392401638595594 -0.0037969360166880379917 0.99175285317628114612 0.12810878772957587368 -0.013122041690826176732 -0.12814809444704858277 0.9916682297580623473
-7.0116789512747574875 -4.2351901486251426476 -6.5049704641412624539 -0.99211263893293011318 0.0060259797677097524243 0.12520462945637994556 -0.040637673051750741737 0.9294343797761642767 -0.36674284344614704878 -0.1185794720784865558 -0.36893823501751704663 -0.92185871343912417775
0.17625749370490015333 5.8379889487242708768 -1.6467768647531406678 0.99995922364755207568 0.0029073278172430392155 -0.008549765324551384868 0.0024604460924531326368 0.82322864735781875467 0.56770462423217971093 0.0086889151894050734026 -0.56770251154504636215 0.82318792577306543201
6.0421308799851765059 -4.8203004262675621661 6.3684692906227553522 0.87797102111453084738 -0.0087294996010136051423 -0.47863418381893568787 0.46338165160495364825 0.26651283134983638767 0.84513215279134623614 0.12018457071979081474 -0.96379183777550447854 0.23803563262312019133
2.224300811291897606 -0.5203284640749659129 2.5524294057185525908 -0.99897340321979499755 -0.0059610784606583585438 -0.044906627605947671555 0.029938582830655487144 0.65708200456826870717 -0.75322434940101090639 0.03399736633100181038 -0.75379553249948760829 -0.65622898005687313461
-5.1343340175269469583 6.8113154102368369536 3.4177476117386027532 -0.71396036961124142994 0.024953434392130283137 0.69974132130138622099 0.25927301653521361846 -0.91890366922426847118 0.297310527198095087 0.65041378638615177099 0.39369197705587249958 0.64959105110874681976
0.12387337609476049838 -2.6804134115452722398 -6.9427896897301248913 0.95770457088622262809 -0.01117012668093280911 0.28753640321439549732 -0.15118350534080809977 0.83068619167931689873 0.53582086434384890161 -0.24483770668838725215 -0.55662885230938374814 0.79386322383670182568
-2.1525015400402378596 0.68862424447260317528 -1.9722804810999208236 -0.99857299610385619193 0.0056546836540729925741 -0.053103634573855397483 -0.029910695024120203395 -0.8829981386765729523 0.46842249883719355719 -0.044241629438223697979 0.46934242472470283358 0.88190723241056256931
5.6774340584782905239 1.2668843127234745705 -4.4076883095466863338 0.80277372024856008537 -0.0049976089879445427522 -0.59626284303373000562 0.25664487304648825328 -0.89970720954245975154 0.353072720889391789 -0.53822649806315647769 -0.43646530331943389491 -0.72097869301462846892
-7.0592687099738684608 6.7786589871069544699 -3.1604826510823347263 -0.91693210662285729029 0.0083312939632686749264 -0.39895626500302916462 0.31728914852549594539 -0.59109199170047832528 -0.74157794841502688854 -0.24199815716693040546 -0.80656112408690405768 0.53934779599012627749
3.927535320642658867 5.6520400971520761146 6.7830634656478432376 -0.036184562914287017599 0.0088389134621846502521 0.99930603471375567537 0.73278313115708471059 0.68015285043594841952 0.020517863811065139429 -0.67949949234586148883 0.73301703503575244003 -0.031088040290815802807
1.644315491028815801 -4.4198703060571169488 -6.4669706005628224688 -0.88078490502325934575 -0.00092608099980315142577 -0.47351567392977589321 -0.42712386422423648247 0.43323647980974427929 0.79364435181773640426 0.20440928475328057345 0.90127980945761787535 -0.38198370301713874264
4.3583411395998901128 1.3292635838140856031 5.0896792477346535222 0.91686514033017596503 0.0054332022185374648574 -0.3991601116857362852 -0.39573690235479985766 -0.11899672837867134034 -0.91062181104449813063 -0.052446339833892456628 0.99287978071311533412 -0.10695383344784392676
-6.5956569664389075314 2.3468863840575293622 -1.343622805156212463 -0.99902648004416316763 0.0062019006881668201775 0.043676407800716618435 0.036723894263061024335 0.66549134523979047717 0.74550159288966444393 -0.024442744540592902663 0.74637979999378090135 -0.66507123407982293717
2.7303390545119756716 -7.2759399178664336816 5.9502879047091630227 -0.88094083647594756403 -0.0098362573545686012022 -0.47312418102482445281 0.42463732662472941648 0.424846776024713213 -0.79949256265364831986 0.20886929756699465499 -0.90521183429228702089 -0.37008803221823965979
-4.0489710054376679693 5.9634339654154437937 -5.0789219811161929741 0.99774816671828736592 -0.0093849018729825327972 0.066411741636268284417 -0.06071867390500317041 0.29424725230918180596 0.95379861456580472545 -0.028492778901818942294 -0.95568325198542347643 0.29301481775698934307
1.6011450234223740807 3.8824564389978091228 -7.0851393759580485465 0.83232610845929977383 0.0036900678831496987707 -0.55427396887821378524 0.49087050454944075595 0.45954991337237310889 0.74017567163656661222 0.25744785285639326666 -0.88814427911148352557 0.38068404555649004717
1.1672550832323478343 -5.7692933270416553171 -3.4267285429698430832 -0.68116021395501991087 -0.0059261418264152298727 0.73211040408393279755 -0.68228490385788043149 -0.35753416725313946767 -0.6376963456177376921 0.26553356264776267759 -0.93388125588298409596 0.23949473275605598355
5.185225598095101418 6.8995934208927565123 -3.1154512777599316919 0.99693189431081596918 0.0069130277749355623085 -0.07796799441360313665 0.044446747189153763824 -0.86992143361527063394 0.49118345452703948695 -0.064430464612672558311 -0.49314187551219779149 -0.86755968431341068392
-5.2036334220355628943 -0.27857876791642421921 -0.84549948232407867721 0.84940223157012051391 0.0090805228195636918109 -0.52766788144510490266 -0.52207692621094570207 -0.13170083612972163789 -0.84266872072053644604 -0.077146173732978357007 0.99124791745960161293 -0.10712625266619421605
6.5053016128909391114 -1.7668134251397542567 0.63652034814850688704 0.86509127801426366489 -0.0042151337364361666366 0.50159676369691130748 0.11384538986094186463 0.97552003997132308299 -0.18814855519441658904 -0.48852462364862558886 0.21987015318571390132 0.84439375165093422115
-6.0528380511664154895 -6.1864353178475930406 7.2799373116529491057 0.99774718547701823912 -0.013059304666818979251 0.065802799592994620781 -0.058600714784523527667 -0.64714551377729545578 0.76011093941922591721 0.032657466212155039642 -0.76225464154674427153 -0.64645289955339835242
-3.7947461103402484461 4.7085398275270078372 -2.8895064079957157865 -0.99997155266594184297 0.0048195790974939322487 0.0058021992640245817832 -0.0037104255612578642375 0.35542242115075733944 -0.93469841943031106712 -0.0065670846751700985913 -0.93469335838054479204 -0.35539442764094131277
-2.7141152559676355871 -5.5889363562538152408 -3.5205370531023372216 0.92194981812053167225 0.0036808824920302029432 -0.38729185890188611019 -0.28606752043323668833 -0.66763952370297241501 -0.68733022641435115307 -0.26110133400795193515 0.7444755989914477734 -0.61447715652056655866
-4.7527933081174777996 -5.1909395236853388411 6.5664777538906262677 0.93964552693069802736 0.00020078836239188508489 -0.34214944600742747127 0.13104562530392652175 -0.92395651715761195621 0.35934857518959356648 -0.31605905746847356985 -0.3824974693851951324 -0.86821792086201576844
3.9918975443569451045 0.23648217805226531829 1.6675787819395775369 0.81202644177787330904 0.0012434343870244776459 -0.58361932089728796313 -0.22943067728576538311 -0.91880663560909603405 -0.32117896986105964885 -0.53663266968556477821 0.39470599214066659499 -0.74581000100191063851
3.217963282904149569 -0.46434827301961534296 7.0765149452053028867 -0.99322853153492296485 0.0009770615962382996067 0.11617284319312635998 -0.10338291595667092881 0.44875585204512830062 -0.8876543009210149382 -0.053000536159799237212 -0.8936538650986635135 -0.44561610446756672044
5.858867298647797206 6.5752057024837613497 4.3806848746880824308 -0.23781791691405829159 -0.0072888377184144202345 0.97128240550281230714 0.81931754848412607917 0.53557996166353805112 0.20462858893706523111 -0.52169089808098889627 0.84445306412444620658 -0.12139863817299559323
-2.9016369696367769748 6.7213849359318293963 -0.1105789873516867805 0.99569309329187150048 0.0010529109595890612065 0.092704667355221356817 0.061092761377274915069 0.74467645235551527261 -0.66462369489396555533 -0.069734772375231374175 0.66742480676529492012 0.7414048751094726164
-4.941986775714208413 -4.5054130077812448718 -3.188942295020485318 0.96617711691956809084 0.018338112813354012776 0.25722653898762931624 0.2556589211277593976 -0.19872882914677245103 -0.94612122294866596306 0.033768251196953778803 0.97988293488794209196 -0.1966955493311723091
