1125 14.717824617146108679 14.977075390850430381 15.033177056927090831
5.1683096327744335596 6.4189388774371378688 2.4290903947088797743 0.98706057304229277705 -0.0017240611881871384381 0.16033855668056390398 0.033008578301215549256 0.98071043354726283869 -0.19265897147594066019 -0.1569135395812542022 0.19545862258973040193 0.96807751133438713076
-0.12583603117191119458 2.1839886535784232002 -3.404721092731167964 -0.629485524041379918 0.0048056145378493871426 0.77699734947503162896 -0.62122998865020739867 -0.60375230999695761458 -0.4995562524630909329 0.4667132698177693384 -0.79715748396558017141 0.38303873111444686206
-0.084481121543537193719 6.8949907223056854377 7.404457653193619926 0.72599222192676926557 0.011109103650956984877 -0.68761317724269721552 0.44108177152184085967 -0.77464167314381160434 0.45318555698530338383 -0.52761933676937422533 -0.63230282780089008821 -0.56728385260121405587
2.9194113512411434819 1.963043330690934285 3.7799309431400134329 -0.97382181452465965688 -0.0031203589564531360352 -0.22729130409211212305 -0.13079813257712155639 0.82547965572388359856 0.54906756096155651115 0.18591105956943773658 0.56442324663856557887 -0.80427823331466452572
-3.6962199338712631302 -1.7721373927709054286 -0.30529927980939658427 -0.92338561938517971228 0.014726519655749441273 -0.38359109417650566476 -0.30022360699772765447 -0.65041183951687364662 0.69773220136211044906 -0.23921702220779211823 0.75943898282554966883 0.60500218813732797862
-3.7049200904655523736 -6.123176710700796832 -1.1454269484847483529 0.97858590013790724971 -0.0027722726362935518063 -0.20582018986425512641 -0.063851099849955239574 0.94649692168941923498 -0.31633307490740569801 0.1956851376555970301 0.32270093234581187502 0.9260515294322810842
-5.3588124770940686048 -1.1106793211976695446 -1.1234585444079137062 0.9895889092142545751 -0.012410867570626479134 0.14338675366394176836 0.063212277670996006029 -0.85755830692697176953 -0.51048796084949743523 0.12929810018631651691 0.51423702763106138303 -0.84784567033247271173
-2.7980198360705959004 -3.7975092252262157011 -6.4332898173063268743 -0.73350988478897560796 -0.010824082947055217729 0.679592589825236848 0.66787781617354546881 0.17403410623174020433 0.72363758369188080355 -0.12610500220138581851 0.98468013542284638095 -0.12042657233059994581
-2.0732795729983899413 4.1937716708578651748 0.67497943539050930806 0.99876291038338149697 -0.015522984141137034439 0.047240721902967609813 -0.047720319614424716592 -0.5662899121135454017 0.82282349658623876731 0.013979268166160661174 -0.82405993253026876832 -0.56633012250778969054
-4.3528261249670219257 6.2607178765527766728 -2.6616848401840198513 -0.82811276194508010029 -0.0063890524950022979309 -0.56052514083836046943 -0.292020150089565389 -0.84861962035361282464 0.44109973009812381006 -0.47849084154809029545 0.52896495154139566708 0.70088700558329231072
-0.67131253389544964794 3.5804157343360767385 -5.1569529032992482698 -0.99872958871281913851 -0.0061667356237339408104 0.050011798620986445962 -0.008763377448653101795 0.99861546229185915724 -0.051868696604011756135 -0.049622694860837639197 -0.05224107429456982532 -0.99740085136886036388
6.9132039660070505604 3.2141190432509820774 -0.51394217061632485599 0.98102221175415682541 0.0041388087355846599202 0.19385120661789481677 -0.13463599772694367918 0.73399046456277894368 0.6656809641614248596 -0.1395298110119578272 -0.67914716239785022367 0.72061818159531787487
4.7485320245121309668 4.2606834445848917881 0.53930390279581852386 -0.99846345152393600753 0.0063010086336627336989 -0.055054820507596476109 0.0058848170049671279236 -0.97583925867689913503 -0.21841041677062333903 -0.055100861152451455216 -0.21839880612149265016 0.97430275406830535445
-5.8962466550283707534 5.6971630654388158987 -7.3106486513823760731 0.98981097702832820939 -0.0001422603182904694577 0.14238753286849009649 0.13759449469676324207 -0.25632162066735936223 -0.95674812871924497237 0.036633110480957235822 0.96659154069370345486 -0.25369037954954115621
-0.54953140836288516535 -2.269837945991795003 -3.7086534196707101607 0.75876490526420303784 -0.0024685493305673452021 -0.65135990420319056504 -0.01048506798149483922 0.99981696479242243569 -0.016003132900148975964 0.65128018693089728686 0.018972168494894407764 0.75860014166477029995
-5.4763171558706797981 5.0569397966117390908 5.5608431668687261507 0.99725111992526072058 -0.0059768771478575996592 -0.073854456516907668329 -0.028230025519418663199 -0.95221299345950183302 -0.30412740873849536394 -0.068507440960979756883 0.30537631215662786044 -0.94976420152920604245
0.13495060959375523857 -2.5990100840088263823 6.1442628450179128663 -0.9203629293307069581 0.0055192264809727879793 0.39102636286173225733 0.3907749923772798617 0.051501362229800770609 0.91904434877812513083 -0.015065976448161488843 0.99865767299291752224 -0.049556720292345181333
-5.0785404064147083858 -5.3843609580996298902 5.9019070081070559297 -0.99554837393886874697 2.6720542093412600259e-05 -0.094251973102247352254 -0.073753363069438401811 -0.62285553206547927818 0.77885263536279214502 -0.058684551490201061763 0.78233687466569701296 0.62008478287641055626
4.7135222279738000495 -5.5432831886351170425 6.6592912993009134581 -0.98400294797292475746 0.0038555297399767273631 -0.17811045244696374623 -0.17435083519804034369 0.1845855988138042636 0.96722796846262670822 0.036605800717665337718 0.9828088784707758041 -0.18096055855583348393
-4.3084359426330376408 3.5350204894419401391 -5.6446803854274634205 0.99034109215171617357 -0.00062311658202942113438 -0.13865111943776584069 0.030660350047208718982 0.9762184807433189615 0.21460992705384870916 0.13522005816665347289 -0.216788121401640832 0.96680838137081470673
-2.4193607182900374042 -4.4303876769749193087 -3.2830741276570818421 0.99927245507904260968 0.0038933687630130979322 -0.03793945439777986206 -0.017868982766918842936 -0.83103974625510168561 -0.55592592995752765361 -0.033693619206044272962 0.5561994083275655365 -0.8303655569692478533
-5.6072306738118120606 7.130831032037152184 5.4574974977312447066 -0.99174686331384709348 0.010392448622469019348 -0.12778949924956237161 0.12219060199456012461 0.37846048707787094401 -0.91751682082946084407 0.038828029708721990831 -0.92555910493728876798 -0.37660686050116853885
5.7366221947537727743 -2.3883301098289484443 -1.5505050635992574382 0.97469199783214954813 -0.0080898610529014404469 -0.22340560313070578768 0.20951343078226158934 -0.31550135608228735418 0.92550689712834122158 -0.07797199294541100334 -0.94889064093730257632 -0.3058217125348279275
2.242573621821723151 5.8005775491820994461 -4.5948495000411151423 -0.92533852363681734499 0.002238778366451662713 0.37913533803268079092 0.14719050043157702601 -0.91942941484559770338 0.36467040968435904258 0.34940459821875829993 0.3932486986476558255 0.85045393041338268603
-3.5055046350120182552 -3.1824765340200076302 -1.8684324426675122943 -0.98785425115590241862 0.002648627807629489947 -0.1553607519416634053 -0.044703360682522438885 -0.96242670790252105029 0.26783659469828613453 -0.14881393757589769788 0.27152866641787831714 0.95085571739174823414
-2.0410633516161684753 5.5664357916204068033 2.4560689406269000656 -0.89607142455371036061 -0.010558243227269456868 -0.44378432329018829838 0.037909022875144318676 -0.9978851222096124518 -0.052803303470230690542 -0.44228826355991474051 -0.064138961424984819448 0.89457659568335268219
-3.8180946495385583717 -6.4119035080004769256 -7.2498931893158777839 0.99970635317163158984 0.0036439161357555488116 0.02395682165150811796 0.024000905430115928446 -0.012577871188488711635 -0.99963280943304866355 -0.0033412523073022872 0.99991425583975612756 -0.012661635023053372656
-1.4169301663192233054 -6.7849605950854714465 -4.5811063524570441174 -0.98973126236413933032 -0.0030687471732199949129 -0.14290770129620444795 0.023262493610378458253 0.98298321244563491295 -0.18221652076876218573 0.14103504773640049286 -0.18366977661237993136 -0.972817829025194869
-5.6021533129455081124 2.5566115368798341123 4.6347932156877913457 -0.063767478877289965333 -0.0019512671997637814902 0.99796287565926566909 -0.99650734874227853144 0.054149211814548757482 -0.06356859887114174601 -0.053914863815175524675 -0.99853094865215852316 -0.0053974108245267386069
0.17983745995882413626 6.7894195592363653091 -3.2817227181552204307 -0.93481573195431588719 0.011712618411502673244 -0.35493994120216171284 -0.21517312101435021043 -0.81379279459483100378 0.53985351296288264233 -0.28252446846887413479 0.58103709178967266613 0.76326654759726431099
-6.5627352923939650253 6.1227705314896567756 2.1001386138559219319 0.90028286622700204322 -0.0044926790210433201547 -0.43528218044529237707 -0.10353120785012021043 0.96904376417041260261 -0.22413271096281622841 0.42281443894351150581 0.24684812933793526257 0.87194836502117434307
3.7158615937413137509 6.823770512853603698 -1.4023452864746088764 0.92161641525721327284 -0.0084138223368649261991 0.38801081263582776204 -0.37926005452938432727 -0.2317157958673952689 0.89580667612157260926 0.082371076034040632829 -0.97274713956879865773 -0.21674410786403822127
4.3786905253853110054 -6.805406435183409819 -5.0765334582036896194 0.99095578506643300365 0.0043726829490640314879 0.13411752938101512145 0.068036906664963481273 -0.87784680739173348574 -0.47408434068591570609 0.11566162446937305885 0.47892156184073969571 -0.8702048760086720236
6.8459766646902000531 -1.2690394084043246092 -2.0210502494621964686 0.99950059256451151413 -0.0066654109748660126528 0.030889120412045764641 -0.011449156030363838443 -0.98747066056151489022 0.15738682078366753037 0.029453052294927381527 -0.15766187499434811126 -0.98705382370153571525
5.7088115191483002064 3.0670108092827210733 -3.7906881570409294291 0.99990908185313820411 0.0041541016420694517469 -0.01282854111636863581 0.013378697467507270902 -0.18675973429862152697 0.9823145179110243097 0.00168477942159403829 -0.98239683686599210688 -0.18679833091879544105
1.6568352477348009533 6.9337683830426657394 -4.0272154958829400329 -0.99845127433262836902 0.011642807969662544512 -0.054401266583885485306 -0.047299119048826041012 0.33715663073142299044 0.94025964482742407924 0.029289010235305779073 0.94137657256610152157 -0.33608377304329922763
2.2679874203357108797 -4.3135914802723931416 2.6804361099197477891 0.85966058604160211498 -0.0013132542861153497556 0.5108639272544078791 0.12426366606642047508 -0.96942504449866206961 -0.21159778920005370417 0.49552216711499708079 0.24538410393059345571 -0.83321331208506532739
4.652087004140145865 7.162476000838415402 -6.2928186619912205302 -0.64084497777374327399 0.0084734409085908402037 0.76762355048636543575 0.7099763024966780911 -0.37377831304426090142 0.59684455479714559889 0.29197836282049377532 0.92747936553704479756 0.23351801246942938128
-4.0445713309478037445 7.353589838098288034 -3.098814353965225088 -0.64226348479764461263 0.012957286169488109462 -0.76637440251528898827 -0.72837839245809543609 -0.32165372454727703122 0.60498247816375749775 -0.2386682498695681387 0.94676870999200124501 0.21602424929653410435
2.301722504124174673 1.2237907816485429358 -2.7966566746182528469 -0.93150090741518054571 -0.0081560520697046522132 -0.36364754680803207387 -0.24393347133925899484 0.75561485596059085879 0.60790019823321495007 0.26981942303174744069 0.65496539470896653068 -0.70584545807749354829
5.3113829242422117005 -1.9144816810034466226 -7.0701897679038525624 0.95723626069472567135 -0.00069197617688104839928 0.28930651976793964053 0.13307660809132604296 -0.88687176292500935482 -0.44243541054601731588 0.25688393797621711379 0.46201514833943529981 -0.84885372421555305156
4.7155952516881525227 7.4848473485612778688 0.030670608391560282707 0.66452774697069916243 -0.0093707163971471253705 0.74720483348292376924 0.72628723915948334433 -0.22715609376205048164 -0.6487734237011079097 0.17581160297358713884 0.97381327714356213932 -0.14414569545735514411
2.2090549573372570968 -3.4537607242978629607 -3.8817933479159152377 -0.96541784722371104532 0.0026353049440005979487 0.26069414153340492168 -0.25342706453982755122 -0.24414684100290146018 -0.9360379495442058273 0.061180905687183123609 -0.96973469320028293783 0.23637157524364271755
0.60687808836726864214 4.8702366472820841636 -3.1739620123805512009 -0.44757436247615067781 -0.0005497943095700459637 -0.89424654753618160186 0.52542123174225008331 0.80902069176434332487 -0.26347305276186100409 0.72360881648066344152 -0.58777990610718600095 -0.36180804674306410451
-1.1271261302570860785 -4.7417795020779305304 0.53247709426423217582 0.9785774621565056508 0.010013176056588126914 -0.20563532494345390655 -0.098297856469601319063 0.90034071838523810349 -0.42393881897153384841 0.18089688215336657828 0.43507048523511815397 0.88203740901645910633
-5.4207246269348496881 -0.51927020511022703442 -2.1241297997309187551 0.9996490968876623473 0.0029129297164784562907 -0.026328652306113892179 -0.024100778514687500736 -0.31244743569400296179 -0.94962927103329453082 -0.010992523221478089912 0.9499305841843086462 -0.31226759304245949034
7.2890107852388466014 -2.8953190942133746333 1.8640293884538439162 -0.89523555118226982863 -0.0068707212527720270406 -0.4455402350953373003 0.032325952619961961787 0.99624509086074031217 -0.080316571908162603943 0.44441910477224705334 -0.086304763051242988636 -0.89165192041965435354
-0.87127382877136949624 2.6904823074604897748 1.7480497872841895823 -0.97845650591748312142 -0.0012445640996992177185 0.20644930876113370966 0.20634196792428682876 0.0269051769253699051 0.97810996504874492263 -0.0067718757263708741559 0.9996372154510840824 -0.026068739599954537933
-3.7974556510971151368 -2.1180782976638945492 1.6714933785792185361 0.9999949301428072701 0.00012050768692745735672 -0.0031820066863078285205 0.0031364822142749253925 -0.20978072637738229278 0.97774342714228801299 -0.00054969807519523192565 -0.97774845043011593404 -0.20978004078923431774
5.3354896450231317218 0.98264071279593168118 2.4446084764762314734 0.9431238474227544577 0.00024924040258435514045 0.33244149305066350575 0.10498286104105007677 -0.94905100032386324749 -0.2971208469157247678 0.3154298770093833526 0.31512241536190932489 -0.89509879679634118954
-6.0921553517653332932 -1.6869647206063000944 -4.9738263012395931284 -0.98735755206245823246 -0.0152725116929143135 -0.15777140036017350821 0.096694473329172969667 0.73066149142415726114 -0.67585794644840790912 0.12559953508118210097 -0.68256907001156974513 -0.71994737408434894554
-3.4108169388683982071 -4.6403606848915170957 -6.400694986861272362 -0.64376146125349698046 -0.01144747849396306541 0.76514059900197706199 0.47674084055409798877 -0.78812901422648307115 0.38932098310040919031 0.59857276245473023391 0.61540361728752990267 0.51282456637411855116
-2.9128838604240208099 -2.5442432558566658862 -3.9493426507958435678 -0.84518507257271557886 -0.013839027279205221715 -0.53429455773409284536 0.35936416580255481357 0.72525267742862742359 -0.58725288438608524988 0.39562556721898217704 -0.68834368974128090635 -0.60799948631234101981
-2.9282504148785202247 -2.7284985498543696814 5.2552855164107210584 -0.92319768371426769171 0.0015598048738657780549 0.3843222655444861191 -0.11113857877035761279 0.95618385954067253163 -0.27085169939104059011 -0.36790522297664624007 -0.29276269189021025818 -0.88257336983605827463
-4.5403845271194764877 -2.0254678334385451954 -1.6352819032091250318 -0.98923794833178979591 0.0016568412871370528927 -0.14630631038092054008 -0.12094871874434490189 -0.57197173788519539706 0.81130742539112288281 -0.082338866973161492502 0.82027165374499855233 0.56601654132009937559
-2.6999006371297524787 -3.5218672529168060237 3.17280173915711039 -0.94796317949839159489 -0.0054040107257420392714 0.31833411218917406771 0.21233460339540047301 -0.75575113681524908049 0.61947900319809057201 0.23723369599639121397 0.65483663296310767876 0.71757170903919420546
-5.1461815862394031384 6.9946499014319858389 2.662461808464950952 0.99843541895650267382 -0.0061741710584015422822 0.055575118397007308713 0.053017948365465007721 -0.21134013897851153252 -0.97597358714646598177 0.017771081121283373305 0.97739307613073200809 -0.21068213832097271165
-5.9259131174419170662 -2.771705165975794749 -3.2534610748661583202 -0.99298033215302139443 -0.0082898769190579962157 0.11798871936754379286 -0.10181493973909591655 0.56760104397205601856 -0.81698394900257442774 -0.060197823907855156633 -0.82326200739647525939 -0.56446070649266322228
0.52372573758370988273 2.0591753588122601037 5.5664962539553792809 0.96987538229092074005 0.0016339739644775108131 -0.24359612672440400516 0.16014187867228812934 0.7492546852202576213 0.64262897177983924202 0.18356557825851421706 -0.66227996104723230175 0.72642200660092604014
5.0064956229034276447 -0.79405732726904054708 -3.0146583930795620709 0.95827268251559905021 0.0027263771858666470405 -0.28584267143250202681 -0.070763691945911089132 -0.96656842687669175529 -0.2464507578952863931 -0.27695841898451450946 0.25639431162256665075 -0.92604319074279961566
-0.58648686087135759593 -2.0714213663778724417 -7.4439644412585890265 0.81757225053349724675 0.011367697092704163314 0.57571380964877183484 0.010582736380991233927 0.99933962401393583441 -0.034760920101068654153 -0.57572877368447072932 0.034512191156089479238 0.81691204411083484516
4.7493791292590072928 2.8523091363247687902 2.0818136689175017473 -0.94896867663648487579 -0.0041278239583950951386 0.31534332374741458338 -0.19147962948357208357 -0.78697161222023759297 -0.58652470796402111919 0.25058731463413702611 -0.61697539872253071014 0.74602101519702335164
-0.59856840436067404454 -1.3198001038218294401 4.4201540717713756479 0.97270442171411897192 0.0016203119620302706971 0.23204198449214213928 0.19512375383177704702 0.53550023239863475677 -0.82168498939177303519 -0.12558992263909207754 0.84453352549809812544 0.52056728253064654677
-3.1459349843952000292 4.6776390499146502933 -3.4673533626773442862 0.5185283694859831316 0.0052177638197811468737 0.85504450467737835861 -0.27741443489457345839 0.94691579455317387293 0.16245525334022190012 -0.80880749338164881213 -0.32143934570363213998 0.49245018599161871631
-0.92986099272752364975 5.6355212151930365039 -5.8856551738720410683 -0.921425557949620333 0.011283397317192469037 0.38839107366446501413 -0.296126365471153008 -0.66755268695924707689 -0.68314170258178052997 0.25156334556160703242 -0.74447706148571635154 0.61844141847988065575
-4.9092579133961766757 -0.79001556709726716843 -4.1472177287909000043 0.80706747845064308322 -0.016786985827596436621 -0.59022053703192201013 -0.50366176305955356884 0.50212750344669276892 -0.70298847694281196841 0.30816702234220305634 0.86463065374145209319 0.39679581518904599724
-4.4070160660723178836 -1.4470496277706674793 5.6025989145246253287 0.85545590113340974625 -0.010333242015751805537 -0.51777256138730853863 -0.51576440643805365749 -0.10718626307574265211 -0.84999893062248144116 -0.04671486131501243616 0.99418525895190412722 -0.097022639703392934973
-4.242266280324811234 5.2120510648183229208 -3.0029168382466671083 0.91247696842941161677 -0.0039442878920557897932 0.4091090620837085079 -0.40413268029372895196 0.14709358520565449235 0.90279579856689662343 -0.063738205219284083114 -0.98911471517937088471 0.13262549306619147993
-1.7114246390678908849 -6.3556557314135799786 -3.7018258367900687134 0.99953010072550174669 0.0062732540924141152322 0.030003733546941725729 -0.015778814360254224403 -0.7338850478727845239 0.67909039569572138273 0.026279398034402060014 -0.67924471495318716752 -0.73344121130930006736
-3.3435022300719285937 -6.8554944960021400036 -5.2340773593283085319 0.9892779982116376436 0.0018666024298655417915 -0.14603272937827335709 0.068632555723012425575 -0.88856701239883040255 0.45358377040144837178 -0.12891320548812201796 -0.45874304384047476235 -0.87916790499804553516
0.33359299193606339884 -1.3950056690135836934 -4.6166936050377582745 0.97925661633048144417 0.0045635438456443364399 0.20257258807757161367 0.0012209981423348019794 0.99959528878243164574 -0.028421256263235279704 -0.20262030632790778428 0.028079043993905775101 0.97885472811439622198
4.4287316852806357659 -6.6820914471894701236 6.900895076150205476 0.99988877042153678776 0.0014112286996795890548 0.01484773445415588089 0.014185339771026948819 0.21751052741762177956 -0.97595488963276910699 -0.0046068341018794750977 0.9760569547399031709 0.21746631505477714841
0.6267065035982681831 -2.8399854554998742451 -5.2996141379139514171 0.83621105857319688592 -0.0026019570121667487395 0.54840158218175238947 -0.2411470522934823224 0.89637915790874755917 0.37195766484496212145 -0.49254356628622480985 -0.44328053768067154916 0.74893471025421298748
-0.33662631285821054128 -4.462102971479212421 4.9076166685340867346 0.95441153229239505951 0.010107424515207647647 -0.29832275641817729284 -0.29391791301983311024 0.20615186719502137658 -0.93333470312535027347 0.052066183203064511642 0.97846780612425532375 0.19972447257402159426
1.5812592828288858371 -7.1125381360086157301 -3.3947487782489953467 -0.97768378397482880171 -0.00513734825482470292 0.21001910914395269248 -0.19575128019117615796 0.38517842058843515529 -0.90184201533119900951 -0.076261752249900158218 -0.92282782357599890677 -0.37758833824405235724
3.4694720193038510736 0.76150609487516596197 -6.5960119169596254096 -0.9975809707232393686 -0.00029440185078355267378 -0.069513453218794790667 0.053587815345885608798 0.63370375143508739235 -0.7717175010735617402 0.044278131140611465266 -0.77357576794031190914 -0.63215502715561766589
4.5632686292164574837 -2.8342327326691441058 -6.6165362425594542728 -0.32185989289587924045 -0.0063866204090509831603 0.94676576851132476786 -0.76269834030241978606 0.59424345740452488851 -0.25527623279898403741 -0.5609790112339948509 -0.80425986124618908946 -0.19613420034037126749
0.091888701883001161486 -5.8328610086946213187 -5.5925822651112726547 0.87110891112973110051 0.0028530104611124759012 0.49108158719480832222 0.48198749618310698928 -0.19660547401838393555 -0.85383507840158345825 0.094113327821479506041 0.98047853006446183954 -0.17263989576308808038
-7.2685013495114594306 -0.2191069307241994002 -6.6790268558561267653 0.95251598571977447172 0.0047236225680353152029 -0.30445194093354838172 -0.0068808662836807969743 0.99995824708817337978 -0.0060131322603826651077 0.30441082541127389982 0.007822497697611147105 0.95250871801896008773
-1.9474468047340551813 1.944960904704065463 -1.032709569698567531 0.9477610036107972924 0.0011137450905674183346 -0.31897937175698343193 0.30795458978787482174 -0.26385032928385521167 0.91408258618429427678 -0.083144757280124576004 -0.96456299084542751476 -0.25041003579761550446
-2.7740946311939400637 -0.86363250036380390107 2.4597446590184466331 -0.97338300378347342168 0.0017983696357643068342 -0.22917742867052909306 -0.2187592990592714115 0.29087337999375539876 0.93141668757120310573 0.068336644784850103518 0.95675986677830382465 -0.28273779425805550813
3.186174221976755927 -0.96020157478620116187 -3.3687773852575984002 0.38714224371356548149 -0.0014970668401915994752 -0.92201878610107568246 0.84274150233721334402 0.40625100498540223093 0.35319524513606814775 0.37404230157935741685 -0.9137602966528745041 0.1585385659388780788
3.4024162582356627382 -7.3645477085042170273 -7.4780838961705322632 -0.96685265879856285842 0.0043218044656738981504 -0.2552983708927741846 0.22567194626069292385 -0.45328288997997273624 -0.86232638503200353952 -0.11944918938716625467 -0.89135623835680588556 0.43728245733985565691
2.2766984179226228413 2.1973579673208840646 2.443038059224929448 -0.97602205651527285113 -0.0010997309843874848723 0.21766886729025089475 0.090703217665042537576 -0.91108841362981995982 0.40210798158540028702 0.19787337238968108477 0.4122095257769396448 0.88934213627710367867
4.3410127411488010907 3.3721583106580439448 -0.79157897584988456963 -0.80868816500322537877 -0.012804282774682481522 0.58809820789239319883 0.50526954279238434076 -0.52705002761879926609 0.683316147557858522 0.30120780353441428678 0.84973779410453054162 0.43268873380331046574
1.7995114980958391016 -0.27011317589827144037 -1.6010072431361028755 0.97126235825498330456 0.0064953501772266435121 -0.23792276449083357703 -0.1858710993561048519 0.64508074954444338811 -0.74116311362031017662 0.14866528129001016501 0.76408679938432189083 0.62774994794566363332
-6.8808945354021737728 -2.4970700885616157194 -4.4504403513616779264 0.4990161778335668874 0.0047265523820616724138 -0.86657977934124286179 0.40999071372500728305 -0.88227975003796954567 0.23127917617516685622 -0.76347263796398801006 -0.47070171273913380405 -0.44220971122842689383
-1.1021455997797569015 -5.8991467675992028674 -7.4677898162648235214 0.83569988128039085495 -0.01249452316486477331 -0.54904425624784580773 -0.12022131741080419043 0.97133084193204344281 -0.2050932235633733669 0.53586616171199530356 0.23740320638628437111 0.81023896125134109436
-6.1150227314440099846 -5.3322963166103161115 6.7825927712747491327 -0.90234967683882649769 0.0032105711068570073549 -0.43099275277205689738 -0.14557711724547428567 0.93893503402697953142 0.31178246392496200556 0.40567519475969454623 0.34407948806903404515 -0.84678033884051617797
1.9270093870737377006 -4.6141023824754858751 -2.7064372577797315422 0.56680799496165790163 0.0028275911202153094538 0.82384507134296214304 0.73958493687903736902 -0.44231426177599963978 -0.50731865229953909679 0.36296393483248540202 0.89685567320393078106 -0.25279850366041378695
-0.62439607246728057177 -3.7407134530243628667 -6.0970900854720673223 0.99277430421930235038 0.014333157918456424645 0.11913748975874738356 0.040135472613383321727 -0.97532152166338736965 -0.21711073952805501341 0.11308547528324826292 0.22032360283096955045 -0.96884941312646577494
-3.6936040795218159083 1.8963714567063911787 -5.2205379648805667614 0.79197250532835550274 -0.0082630717583414923372 -0.61050083738598426297 -0.36522623291638017795 0.7948727027867956707 -0.48454843427073951423 0.48927430914939684659 0.60671995847312243377 0.62649943527256912734
-0.60871151608517726217 -4.4302046670296020281 2.6892263443794468536 0.86466584650855804473 0.0025105794692292359577 0.50234118970299213025 0.45002692931822624312 -0.4482264954886555075 -0.77237864524498600627 0.22322351303094867259 0.89391649818801388605 -0.38869597051861171089
-6.3198465145268487575 4.976304516203969186 -0.52997004599471231323 -0.99076365448613923359 -0.0055766100578961697032 -0.13548535850551965409 -0.13069984051964508853 -0.22690142442960031799 0.96510791898103764908 -0.036123851362157177736 0.97390176353261004305 0.22407682243080434548
1.5264372598340893994 3.7113339634308464277 -0.044784789516548378918 -0.99769525479278897695 0.014808991453196279631 -0.066218368570576696674 0.057512109410131906362 0.70242441158930535305 -0.70943097146556632904 0.036007441386493380109 -0.71160427189243857793 -0.70165719862998188194
-0.97180702007689689914 -5.150806945641241974 -4.6803440840499606068 -0.96934302639129721335 0.0031189523750812008299 -0.24569161427025423827 0.19778468787355635294 0.60320317618228391776 -0.77267531699061198225 0.14579202457406481575 -0.79758146943102037341 -0.58532767335128688124
4.6582313489457050082 6.0852053292740695412 -1.8731569507027672206 -0.98784429908046600399 -0.0024454319209044465301 -0.15542734842023639419 -0.010656203294324408104 0.99858940290204456502 0.052015860494274528125 0.15508090180798037028 0.053039836673301254955 -0.98647690779870944588
1.9926493850761797244 -2.5191479480539964442 3.9928208320378972829 -0.93493176430083613226 -0.0035084519142714459816 0.35481021246088412235 -0.1173259073318937834 -0.94064845530328922152 -0.31845739904165870637 0.3348689707483787914 -0.3393643680482065772 0.8790304875993795175
2.0889385445619468307 -1.8008745254768618871 -3.2438446760798793633 0.15565904527046581229 -0.0068698456216008622205 -0.98778695417920947541 -0.35070712249895708013 0.93444617398693541332 -0.061764570342371469258 0.9234580531101213019 0.35603813439325454615 0.14304569550947712764
1.4284040494171581503 -3.3591631146395872776 5.890603008211470204 -0.67890336153962771437 -0.0032598684081050106898 0.73422040216010564517 -0.52169057610677971315 -0.70151852787517476884 -0.48550046122444023844 0.51665188327495326082 -0.71264375974656757329 0.47456264412898363503
2.2740048176546747705 2.1330152294665207791 7.0459177992325585649 0.9888731434224689032 0.012117364467898409514 -0.14826690694841312967 -0.067658797203933071507 0.92426145690219607687 -0.37571671036297848989 0.13248469111043639779 0.38156772500227287281 0.91479717853636044467
6.2176434081883433791 -3.4155270906583794499 -1.6361239185764613335 -0.89967185060301213539 0.0016649179690295893425 0.43656361424269929383 0.37260345630102309489 0.52404102725034784616 0.76586399974862351403 -0.22750214413286370951 0.85169139352614753324 -0.4720853149679437033
3.4362003914226972867 5.3474827972455525327 -2.9511599468970235449 -0.97375874002648965533 -0.0021359172366376515118 -0.22757274458855006327 0.20964724923596642081 0.38067430773978866432 -0.90063039162283564654 0.088554768984002232846 -0.92470671528026837649 -0.37023714509190230881
5.3789551902462990896 5.1693412304741395147 6.6262496576057134945 0.99826928755573518526 0.0040028322521510582843 0.058672027891568265257 0.0513001007516394672 0.42851836748357197138 -0.90207555581118059607 -0.028752898737740607144 0.90352420336318672867 0.42757137971457642722
-5.4584435835020972405 -5.0078948692869484915 4.8884212792554029292 0.99997115982051199001 0.0075596239508804070895 -0.00072911788152131215557 0.00076441700437349796582 -0.0046675909551762637117 0.99998881456806287815 0.0075561361691285962999 -0.99996053206140766978 -0.0046732350461176110079
6.1596063615617246967 -3.5646038496035008514 -0.041700983087117220183 0.91759352768046553717 -0.0051395818357035782248 -0.39748673268099316003 -0.3659893393227170999 -0.40120435837802798096 -0.83969450773521170373 -0.15515773090952891811 0.91597415221019451437 -0.37002355468526687554
-3.4002770291274586612 6.7640310259096239065 4.5861451387861258411 -0.95219167447053476572 -0.0015288916988254819609 0.30549742643616129012 0.23789701222410930548 0.62366487773736134503 0.74461206802719881459 -0.1916664463169898136 0.78169033687717759395 -0.59348478547402616634
-2.7356692579299717316 -2.815701341633124688 0.80645212364704088603 0.87892828010567591868 0.00033141031163712829366 0.4769538432569068731 0.30816632979685970595 0.76284667128102423561 -0.56841751318458533238 -0.36403103110840889789 0.64657934260421623396 0.67038538327403851547
-4.853927676608355668 -6.1911796589123646584 6.5263888286878710687 0.92942211725751255891 -0.00091769382975667658682 -0.36901718901771013437 -0.26615311770957056359 -0.69434355982508899618 -0.66861763277890662316 -0.25561112238316985312 0.71964309123850622729 -0.64558250855073007202
3.7671852330843322854 1.0172050916935440057 -5.4732554247885616405 -0.98251157697437085936 0.012865255302582898761 -0.18575652429305547497 -0.16256716326544418116 -0.54569589646407445915 0.82206320073955796435 -0.090790520095737126116 0.83788452294355408867 0.53824400384247861329
4.3706367553065241793 -4.1983701822244379187 3.6028861264871161474 -0.67639433572947826878 0.0043620137876963982135 -0.73652676490995361291 0.59493839652291213849 -0.5862820013556564458 -0.54983790268502275023 -0.43421078629598636178 -0.81009529545737535283 0.39396269536872136063
-6.0730030139136434997 -2.7561963687360173658 6.1756287995626681919 0.99630648782874797753 0.0029168615704880194311 -0.085818845418909439626 0.048365816680873308098 -0.84486871619769721153 0.53278288276482577146 -0.070951603838524029966 -0.53496574124796525407 -0.84188925970330419357
-4.7596011461262106579 -3.9110505261702837032 -6.0688576923689332432 -0.65891407633991627701 -0.008345827039195959085 -0.75217191330976618246 0.75050063519567022929 -0.074828555690132164679 -0.65661974065980277526 -0.050803903117576675041 -0.99716148863877074326 0.055569137150531862368
-2.2291490713911672472 5.6170092506312139236 -1.5902383303315918983 0.94116402937322329869 0.0035545519702746531353 0.33793140572341806571 0.28840837736610380748 0.51277124559688680439 -0.8086323376876647373 -0.17615583350822797137 0.85851791760543516574 0.48157668908670459018
-3.9888023980261988477 -3.6459403700198027565 -7.2807483769735714674 0.99890487382555892548 -0.0018901607477298468935 -0.046749121276164887218 0.025780584124619095043 0.85604922110031445026 0.51625099761230897055 0.039043751483922972678 -0.51689085728603190173 0.85516046863978945058
-3.072436748580163357 -1.7879774079398356168 4.1346745331806564749 -0.76598663165699554245 0.0063888837607253539524 -0.64282475239133674005 -0.57878375893164812904 -0.44203776083510781802 0.68528240776543414281 -0.27977462450997692134 0.8969736897815283605 0.3422927976457394994
-3.9755210178427309309 3.9737585316042949302 3.2701953178113383203 -0.15435606567229701036 0.0073813462782033496812 -0.9879877128372113182 -0.11350359144097690867 -0.99348408484951511443 0.010310571305653807098 -0.9814739628335038546 0.11373165292821239836 0.15418810395759077747
-0.62920909516876477596 -3.0945735936222980023 -7.4430329079719221852 0.8798457943371615908 0.0092514621058849954433 -0.47516922105291697909 0.26151907716425432104 -0.84425564017025434005 0.46780357664293242825 -0.39683642784695621897 -0.53586082567182158343 -0.74523420818160746038
0.31836516040661166915 -0.069709860902909231983 -3.4460626148960717963 -0.99998799817620442898 0.003085394338996308005 -0.0038057647485371711576 -0.0048915683533891050894 -0.5850240674352555903 0.81100117945693284138 0.00027579447520081901146 0.8110100621220446282 0.58503213849674484681
6.6175575415737535323 0.98935006617949194929 -2.0116998086313628846 0.76167009621310244327 0.0048859223195776655541 -0.64794659679466781732 -0.63339030966470888373 0.21651132321146235316 -0.74292635068628465334 0.13665789460369787145 0.97626788059651792295 0.16800489623275921547
-4.4873185732786016189 5.742089415958917975 -1.5776209083710506231 -0.93732830598356720042 0.005464676132872214008 -0.34840462700265029117 0.16226059519402544207 0.89169636657307127514 -0.4225506941037647235 0.30836203730251582344 -0.45260106844228775724 -0.83669894633341534984
6.5437074246443494019 5.4095761995974882552 5.668348090340291634 -0.97048020627815223538 0.0082755064731353123603 0.24103876288829792496 -0.21084636576467802316 -0.5143457111141430671 -0.83125946581209742003 0.11709816081373169983 -0.85754300501553726299 0.50090719228514668515
3.6132431221912137964 -3.8545868516476278209 -6.6186942843559544158 -0.92850602127030423816 -0.0020722264580941970533 -0.37131155966695988946 -0.15126297842900821022 -0.91113878259570590945 0.38333487997672233139 -0.33911071911927564981 0.41209443666174194743 0.84568439470694356519
1.6351666040072214692 0.11150740070177893315 5.5106180001154614345 0.96760971704105158686 -0.0031745810785976276425 -0.25243089652952843682 0.24928170598519072687 -0.14592658495093696613 0.95737352316942148089 -0.03987563853851968515 -0.98929032838678576667 -0.14040861658613171259
-5.6988644659460687691 3.6847351514868980082 -3.7616863329147909312 -0.76959371259447251212 -0.015472676908653918912 0.63834639013959781906 -0.43842158168721351297 0.73961981928241227191 -0.51063591690698939551 -0.46423273715441687459 -0.67284702510582528046 -0.57599031811325485108
5.0426599339025566238 6.0612953776049369736 -6.026780575505617854 -0.81970145586283515993 -0.0063080091593153472113 -0.57275625904646898512 -0.18549311368633303321 -0.94313083368881345248 0.27585600468441912048 -0.54192419029917782147 0.33236191052223423847 0.7719156251836571947
-2.900146663848482298 6.560787378720235985 -4.6378972922421022318 0.96078156348409005094 -0.0024825583681497434899 -0.27729519320217582701 -0.18063297685166368467 -0.7643203185176808967 -0.61902033760991681532 -0.21040559627253013764 0.64483198401209296247 -0.73479330253641594872
-1.949951507288388397 3.7121194068356837548 -6.3342026476436243954 0.95986416051052891873 -0.0017140275931154078277 0.28046007822296414869 0.13702616737306652639 0.87537592634412908499 -0.46361710174672671192 -0.24471334827195792561 0.48343980978658401826 0.84047684530338206965
4.478980344180421902 -5.6650605217797833646 -5.0658157156305660962 -0.97133015275019507495 0.011998159209678468592 0.23743162917774063292 -0.090219340896237759653 -0.94261789788662309064 -0.32145290341205001727 0.21995046007372676122 -0.33365782286556583403 0.91667565275502949085
4.3825596040733296732 6.9209440237741821633 -2.3243723409184813278 0.99232618480056300481 -0.0021288341199682220099 0.12362932914356868086 0.0036743761695567493143 0.99991791124657347645 -0.012274759797787597806 -0.12359304963860001658 0.012634826220262535684 0.99225254811831098412
-3.7920690059257218252 0.87609592813724601612 -1.29661209938637767 0.75406613965201230165 0.0096829542372073446055 -0.65672711031852371022 0.019214305374262725945 -0.9997885837992316338 0.0073210773551553318464 -0.65651737791103481623 -0.018139131784490249849 -0.75409276909334788108
-7.305691842777396694 -2.7418150716596492167 0.07889736053168371066 0.85791748008252854962 0.015875342924420578899 -0.51354218021097175484 0.24866359534753090799 0.86183083452477438069 0.44205659028136007338 0.44960428569765881202 -0.50694732088199123687 0.73543211796394836188
-5.3700545095996154998 -6.1317043497741234859 -4.7785725371637486347 0.99622028353715985638 0.00099385897625277764417 0.0868571178051641829 -0.080736867725823890929 0.37945372376892183564 0.92168130593379438142 -0.032042235547837610854 -0.92521018355949657952 0.37809973734299257009
-1.3621231282430164011 5.220929090017317975 -3.5620860863902978899 -0.97279674586325026731 0.0016613433891878807286 -0.23165433554356074097 -0.082554592382433025777 0.931838383312125762 0.35335812805546157334 0.21645145071020163718 0.36286976634110551521 -0.90635219543016787291
-3.6265754638704543744 -5.6360251743838478689 -3.1145354832900093989 0.99748409008554461685 -0.0089167502064287154639 -0.070327673017519645726 0.042044375691743712808 0.87315547701123719104 0.48562514704032855306 0.057076794750588452643 -0.48736024102399277957 0.87133359568539758833
-2.6465918113109094811 -6.4915476683874873132 6.8129102219323831591 0.99901188578148480968 0.0037467025941072340869 0.044285599093281551031 0.04387059870467852063 0.076386472151325823798 -0.99611268310452905084 -0.0071149586556859415257 0.99707124574519256921 0.076146623506123015113
5.3750102991472576974 -0.81694673883040758167 1.4727961732617558255 0.79762614913882512457 -0.0056489288521955208569 0.60312570481858729377 -0.23987298295873252241 0.91450478688595482346 0.32579433207050995103 -0.55340173315283813782 -0.40453564041455419842 0.72807790611851264106
3.6310772334013510232 -1.0885996590486206603 6.9106618997072279953 -0.98491261410485830829 -0.0018005988509884420824 0.1730430594414823775 0.074963556766507136175 -0.90569592905427076523 0.41724734780640515552 0.15597309939219591857 0.42392409926578461521 0.89216632436308751508
3.6079583077733019536 7.2146120699162032963 2.0498199065555753329 -0.99673138576321784754 -0.0024365328620569145016 -0.080750281374823151825 0.066037122435283396316 -0.60034965013808949674 -0.7970065219554131053 -0.046536470589907417972 -0.79973393130881342827 0.59854824034355891271
-0.74890535677599701092 6.9450575620505823338 -0.052773710969560364004 0.97140583030090776884 0.011177275286746576541 0.23716193070264393605 0.20570812244784036915 0.45915358337165718128 -0.86421186941395788939 -0.11855328429195596818 0.88828658404488414213 0.44372521157748029408
-5.8577201616883600721 -5.5641256107660765906 -1.3624059679181581561 0.94568920959359226153 0.00072218736113546116474 0.32507137263031132823 0.0050515966372601042722 -0.99990942940891125446 -0.01247454811560528079 0.32503292176296683103 0.013439175000368341895 -0.94560720616211757505
