1125 14.717824617146108679 14.977075390850430381 15.033177056927090831
-7.3461473593095094614 6.9177078001537664065 0.93064298720652716135 0.95824003780168531819 0.011487193366110223444 0.28573427225718717182 0.10061743038369232173 -0.94884370435824505474 -0.29928541127624719298 0.26767921595962823611 0.31553711206185725002 -0.91037583901094443206
-0.67468903712996708411 4.2855845898153992479 -3.3385366145743273769 -0.88604762604919551361 0.0091374690778800900237 0.46350416506373443015 -0.45678621510026384822 -0.18792245541504926098 -0.86950072135975708942 0.079157804839249557016 -0.98214136325161727203 0.17068211541749481186
-1.078645894147464146 -5.9863601579115419682 7.0792552002859494564 0.97983268337099149736 -0.0022560930959972082602 0.19980696344677789655 0.011127798536053007047 0.99900059649956118868 -0.043289494027953567823 -0.19950961053946425494 0.044639872730498290909 0.97887854050693179353
0.036295725489086792803 1.4529655427454537531 4.6104637383455830957 -0.94398262574590641183 0.012904733055092619531 -0.32974273328561409802 -0.30534280789101103659 -0.41311595630806813295 0.85796327212349854374 -0.12515019759912543451 0.91058699447574620311 0.39391465259943231336
-6.4440673386925890753 0.74507961553176305092 0.79701232389898823971 0.93996940481973589865 0.0045851502916477394553 0.34122792148313990657 -0.33759641384077820891 0.15859154723717938662 0.92783478190183410472 -0.049861602107739357026 -0.98733363031030840773 0.15061913256137388073
2.0584720256240371938 -7.482301322021889689 -2.982205732398971687 0.89074522094264663163 -0.0037363113102731560985 0.45448761407291088377 0.26357555504435703497 0.81889207117366769051 -0.50984674418099296123 -0.37027135745412853574 0.57393537593242094363 0.73040899919320734224
-4.9379831068241806236 -4.4443797736012520261 -2.380654252381504854 0.99703466526720208041 0.005506915188227040972 -0.076756433871357859777 -0.031168829578447857648 -0.88305900286401306509 -0.46822569506979855314 -0.070358939149529328705 0.46922965735985133762 -0.88026879323071327565
-1.5998634883403246576 -2.8106041142081683581 -6.2067608062470229768 -0.99926099938767098951 0.00037505742082172537771 -0.038435848303454187014 0.023016766578212794619 -0.79501635338524900831 -0.60615115796833196615 -0.030784469447401322656 -0.60658788084000292429 0.79442020320403738953
-5.8822209500336768428 5.5085821590499008948 0.38562735815870663458 0.93201245450531122749 -0.013066623566648383897 0.36219062383720906917 -0.16962526510476960695 -0.89886629963115982633 0.40406267437812692922 0.3202812109462139234 -0.43802812550795983126 -0.8399710156777888681
-4.025809902663219475 5.1257715866261834847 -0.92820211212430114855 -0.69222626346306570522 0.0023504765443730446864 -0.72167671116082277027 0.061467901324084688042 0.99655289588948925417 -0.05571375773620663302 0.71905806252258697153 -0.082926479210747833237 -0.68998456632525972942
-4.8678995964077644842 5.8652886905271124363 -2.5561010780351014482 -0.99411771572664064944 0.0057613985645633041324 0.10815162303471495542 0.10400608982981353334 -0.22776413379898727274 0.9681457703430782491 0.030210934391007103483 0.97369928912442393898 0.2258251398800636689
6.640248331566540152 5.9230036105707064564 0.83669866827666650178 0.94974714065878296232 0.0056633485802725265501 -0.3129669236409467481 -0.0010355634245874344168 -0.99977399333341154808 -0.021234167336023783423 -0.31301644752123924942 0.020491186810894033987 -0.94952662671673893069
2.4239413701722072325 3.9445916486181769045 -0.12993224831245692164 -0.54058247531465808411 -0.0028223997815866618856 -0.84128628982182640517 0.42163789379653360267 -0.86624734736663100421 -0.26802428937557837285 -0.72800554523823168829 -0.49960741311544626386 0.46946816597356677558
6.2769541429046444847 4.8704189602299416961 6.8732730595838837928 0.96899836560857899315 -0.00066131447520396263728 -0.2470662464020113025 0.064381348567903298741 0.96612401651896906429 0.24991884015004581232 0.23853135937352379359 -0.2580774057692061807 0.9362151692997504604
-1.3188178511198127563 -1.9152942650065778452 -4.7646371146495862803 0.81084763631915557358 0.0011653730032260378562 -0.58525614271134773769 -0.12858276856222577988 -0.97521015155404411345 -0.18008784504996661058 -0.57095760114437288379 0.22127765863646711719 -0.79059699941487504571
0.98946275622760815338 6.5676311515230478832 6.4010933224543498099 0.99977678059669505828 -0.004898297943984818506 0.020552266468054754267 0.016461141468557920209 -0.42920696746842129654 -0.90305614991430771532 0.01324461404776313897 0.90319288402516684222 -0.42903052856979034813
-4.1152472000627202675 -0.7670790520151213876 -6.5695540730753076986 -0.99996226665045329085 -0.0052012121502504858606 -0.0069579212045603492862 0.0086854254720879642965 -0.61420241572259848262 -0.78910072608309678177 -0.00016929172796899911654 -0.7891313831756783248 0.61422441454865683852
-5.8538651160006747176 -3.4644419803185479978 5.7985880249799244268 -0.97758246480052279903 0.0045524683975845196132 -0.2105036805996962912 -0.02838375071954311879 0.98779103917046628958 0.15317710543620044472 0.20863098334050289573 0.15571813627895911281 -0.96551798265197796844
6.698892162221835811 -6.359156103691376849 -5.2941364005191084985 -0.99299011551975968626 -0.012785251329401050788 0.11750390558767261073 -0.11548976253863132979 -0.10661855271025165448 -0.98757004762536904074 0.025154427615847491095 -0.99421779382911812384 0.10439460333227490452
-2.2104332619268474147 4.3943198768917000052 -3.6603399052486893517 0.83902682858571575597 0.0022874433698397756733 -0.54408524011968251166 0.2781175233332390806 0.85767441166955993292 0.43248727932980290944 0.46763727837744506477 -0.5141880698442107267 0.71897566349765607008
-5.3350280449817848449 -3.7847869004725014364 -7.0403238362433286923 0.92970332690032109202 -0.0092257784511975762798 0.36819371119354182831 0.36189390836574875099 0.20865598363085691158 -0.90856781782252882262 -0.068443575580667131986 0.97794558412368859379 0.197326915180666973
-7.3585057352070357695 6.5785894310215375924 -5.3945459679636948991 -0.99853680378108300442 -0.0028256267945910820867 0.054002475198508079202 -0.033846694155623052724 0.81149065053746838316 -0.58338437190674519162 -0.042174077216664149215 -0.58435857136132285383 -0.81039891861194846001
3.1815401563589182921 -2.4638703450313079735 -2.9776497815224596266 0.9997011863594121861 -0.00012481856777402360742 0.024444271558025622293 0.013060828595293798651 -0.84255429588097074944 -0.53845303718055825826 0.02066283494778605595 0.53861140250913952521 -0.8423008989304489047
-5.0357886381997003511 5.978061673472527815 -3.9498844272072952677 -0.99860751317586826659 -0.0037283521236488575273 0.052622561884063667748 0.049748967396795462648 -0.39843479909699031083 0.91584646699733174291 0.01755206175208682412 0.91718908097458273776 0.39806546555723165692
4.3710569672340691127 -2.6565506026499590142 -1.1488198823543025462 -0.98225034534132871222 -0.0053191360302848314165 0.1874992423149394738 -0.087051007506495053923 -0.87250656182604624522 -0.48078521364802967453 0.16615168120992654388 -0.48857344009097275483 0.85655683551582850743
-1.0166245058350169561 6.935012379394650317 5.2042390170037524655 -0.84149484280807407277 -0.0050429972814387789837 -0.54024161049079322261 0.13528260627143856576 -0.97006702553681356527 -0.20166452937138365509 -0.52305357848665667841 -0.24278495452684484279 0.81698862898308211022
-3.1899151057303760659 -6.7330077629039744025 5.0126343310828138655 0.92883787839469045267 -0.008587283889559076816 -0.37038689800644103434 -0.37019829066344661639 -0.060933434169415948145 -0.92695217902019821921 -0.014608944153584640241 0.99810489186043982457 -0.059776279534540399663
-5.0791592552081112899 -7.4528390287952444027 -4.8090749332082625145 -0.9989459064711048164 0.0064774545327626427069 0.045443575203566691223 0.028132761312380825253 -0.69587965336207469047 0.71760717372222326826 0.036271527200358533172 0.71812920189859708042 0.69496390244037420381
3.7776101516750646425 3.8120521864483212227 6.3908272242761325899 0.92677814172969008588 0.0066492384163405679476 -0.37555034767749867486 -0.27207139975829758294 -0.67744367694267604296 -0.68340852936137674867 -0.25895835465520788965 0.73554459565609475735 -0.62603092444015451257
-2.6490748702768076583 6.2490163142221692993 -3.6894077452399680617 -0.91853256852667353183 0.0063163513158133628711 0.39529485736823838371 -0.036127672341977189185 0.99434769790144450496 -0.099837102167114069595 -0.39369113762812013579 -0.105984712973269668 -0.91311254989136447779
2.5348077418652255055 5.6237220064558588462 0.54157662465910050287 0.73347390468973672206 -0.0018439851268217122282 -0.67971511007033713625 -0.62839781590177390402 0.37934503730032931301 -0.67912703351103120841 0.25909885393228448969 0.92525344765332295793 0.2770809295070797984
-0.68140570474658290756 7.43904472743515921 -1.5246397208991482319 0.96266754037119905973 0.00096183386888494884492 0.27068483812633503671 -0.097230372366483325264 0.93448374713397863722 0.34247099297892841241 -0.25262118162442886993 -0.35600449606447248652 0.89969068983547517693
6.3307903085866890081 -6.1377640388836303131 7.0099141969677436492 0.85554620641763390321 0.013540874020763498178 -0.51754935360333442773 -0.019467838923536331941 0.99979233744599849132 -0.0060237224300720348599 0.51736031151611872048 0.015229140324515623092 0.85563215306172435426
-6.218743816800325952 -1.9641586492089835314 -0.11735534999100549758 0.99908449318041125942 0.0025035015900885700113 -0.042707235526925124702 0.037073785854366644865 -0.54880865717667992598 0.83512549488707565892 -0.021347362576848910587 -0.83594425070562350388 -0.5483990333902012404
4.7213997126342803767 0.97135676485165567406 -3.2685151361520383695 0.98953532138164845833 0.0019325607622206007058 -0.14427790179744820476 -0.033096558485413360429 -0.97021109959459206351 -0.2399896665272193419 -0.1404438163629451175 0.24225335381028609283 -0.95999419113511741397
-1.2532313253983584644 7.0710325104831026621 -5.2907119093758785411 -0.94995618473439114027 0.005140198152009835611 -0.31234088020569583666 0.28575021628635011162 0.41828089028809267713 -0.86219946109474210338 0.12621434536925058012 -0.90830318461550918485 -0.39881733141908554119
-0.27011788672912229181 -3.902919842113392157 -1.3630191538567015819 0.78416542540298395103 -0.0074571571491252753444 -0.62050703171668208924 0.17334321240245190165 -0.95749145910447319707 0.23056937449677905594 -0.59584957524239146043 -0.2883652138332174486 -0.74953904977279273147
5.3961927630364376895 6.5985794145127254495 7.4444138472082945768 -0.73624074315084386821 0.00012001863037639209225 0.67671970099898903772 0.30609806721367099902 0.89191161096331672553 0.33286281179626181492 -0.6035342089498614282 0.45220975644533090154 -0.65669840475129592772
-3.5335093568501427796 6.9662061523112663863 -4.2474491687292550424 -0.96245065396204521058 0.001494702796293676493 0.2714525825104096568 -0.24626398639932420287 -0.42551303431789377907 -0.87080003825700091902 0.11420502480522971844 -0.90495106137787739709 0.40990338961775624194
-7.3408740548274291626 -0.04587791589163370265 -0.92489075551816091192 -0.96769128808721827095 0.00038855772688939187176 0.25213770044002048465 -0.19481110095079678945 -0.63599974192185126931 -0.74669469210757544175 0.16006937841632337682 -0.77168917142737059045 0.61552710484207062702
-0.030504114735782173612 -2.1495804964594187325 7.2648899884777469182 0.97473334846804560172 -0.0033622736778781523066 0.22334635546621142699 -0.20010024647862129088 0.43122825046823404227 0.87977388422090718745 -0.099271298689528580939 -0.90223660484029200024 0.41965976474124117024
-5.9178273520714110845 -5.2618395007561185039 -1.945990822110659435 0.9187558129389675754 -0.00020005404669388450987 -0.39482618475628300514 0.3772085996217230397 -0.29493872956006506048 0.87790934507890860949 -0.11662516264622672935 -0.95551614627065406538 -0.27090121013736317979
0.89956815909125598107 -1.8569604705669253697 -0.15714515122927349977 -0.89814524563495878873 0.0044678857701997897953 -0.43967619419309705853 0.32978617487955291798 -0.65452777330067923867 -0.68031939031331822854 -0.2908198696816857165 -0.756024756191766234 0.58638756076815434781
-0.13876225580828999151 2.5877324526670339999 2.9717925674530354385 -0.90618819241471171289 0.0087504027067129633299 -0.4227840942853193229 -0.12791618403786142455 0.94727568465026257272 0.29377921494138609093 0.40306377881095456495 0.32030018376961116866 -0.85729072226854663441
2.8316418409365442521 -5.7611133890691741399 2.2253582632580668488 0.91553601336213563666 0.0085827748143767305933 -0.40214443203087457679 -0.207674522259689881 0.86629883572415589121 -0.45431004834487420663 0.34447801242044912007 0.49945236329340020331 0.79491020609846563261
-3.1478557035817154031 -1.8890260455234291204 -2.3713713042609487758 0.99752082865945146395 0.0028955940436865804273 -0.07031224591638622623 -0.0097459545627769390147 -0.98384036060078572383 -0.17878244103547477617 -0.06969370674833427759 0.17902446868534122038 -0.98137303144710119618
5.1819120282936435018 -2.2908263384260689755 -0.29532516748935933038 -0.972497806579610935 -0.0011999354001078956639 0.23290894433842695976 -0.23284414075697729141 -0.019134704716164310789 -0.97232580403410306946 0.0056233720283836181181 -0.99981619472304605889 0.018329060438806464572
-0.12630353914555667028 4.0103504807787633268 0.24132349365010585807 -0.96615637896981632071 0.0012113989073583584025 0.25795422828209901844 -0.048165533275204709673 -0.98324967611896230135 -0.17578440151546567694 0.25342046638000248482 -0.18225972381336369432 0.95003129437675593039
-3.9019866367403643892 -2.878342291268954245 1.210756992512625807 0.85337508702749498291 0.0026682135166068744747 -0.52129055379646627166 -0.38718095676354746804 -0.66634287319756801971 -0.63724256139913271202 -0.34905854460318297416 0.74564070166229501346 -0.56760732594292440112
3.4708574904721944954 0.74566265384808061434 1.3174816957596344746 0.86852988450742885096 -0.0064001862569916965692 0.49559547751508115088 -0.47809053347736490958 0.25288238243608179845 0.84111826900430630705 -0.13071067866430211013 -0.96747585926951407131 0.21657603794917118512
4.946684195086866076 -3.4383824014689041704 -6.8833895921806593776 -0.96962654963655614537 -0.00076911043439372231423 0.24458896685836989393 -0.179554483310148838 -0.67679606312584672523 -0.71393786596638764141 0.16608594691603686955 -0.73617015519953588054 0.65610133426972616633
-4.4682523813402221791 -4.6281955512091954574 -7.3794417084095567105 -0.99501014017544342494 -0.0042033489717914112108 0.099685268749571190328 0.098702732661617414989 -0.18747446286263499959 0.97729785446384398462 0.014580518282435955477 0.98226048359479889438 0.18695387360211213057
-0.68210283836148810632 -3.6792575001726914863 -5.3714533927854759554 -0.93737497889133758466 0.00053361270442012481013 -0.3483214954693196197 0.22658844930649646443 -0.75855879576445683909 -0.61093880872745964794 -0.26454833885203699051 -0.65160438045331992019 0.71093312469227143424
-2.2095300196628442357 -1.9120764380981434272 5.7004744508988363094 -0.98404127075561587112 0.010682776017828608112 -0.17761941263855673956 -0.030831298335105460778 0.97286206463572011405 0.22932255500910311841 0.1752489899898289627 0.23113909554535205793 -0.95700705849961742455
-3.1672866236502428272 -0.37848006274524481629 0.16091387467054815708 -0.99345560111357023025 0.0030043268381422516544 0.11417943175712674808 -0.10101812278899008346 0.44340943522764397766 -0.89060845022904622237 -0.053303916219308959679 -0.89631414513627272189 -0.44020409555601236473
-2.4426354175972027072 -2.2177982300224545753 1.1424345071919332906 -0.91116455386846473274 0.0026713939032934415525 0.41203400275727908308 -0.153713007377268146 0.92558751717927090219 -0.34591915154391184029 -0.38229761591805944132 -0.37852425509659626268 -0.84295190916619588961
-2.5459609331587889081 -6.3824618317283841051 0.074636550043201674298 0.93299204644648237039 -0.0024599532945259682502 -0.35988857983732175372 -0.35902389278643209725 0.063250103508952854048 -0.93118272579255678689 0.025053655940520374451 0.99799467585548640169 0.058128661502916276205
-5.1115431659574213086 -3.2979345062165945635 -4.9378826843893754983 -0.9999684367016244968 -0.0024688932720323044506 0.0075518320012557850485 -0.0018367919639458562403 0.99658176143915644385 0.082591881938809966202 -0.0077299285795478286237 0.08257540392224116399 -0.99655484087487866685
-4.5464186817887890513 2.7235556051888796247 -5.4766971145662903808 0.84481111955720011863 -0.0035889883075550296082 0.53505260623180217472 0.18231981939936922621 -0.93820426584236438217 -0.29416362625142133957 0.50304438743193913286 0.34606339696387911076 -0.79195105249962727267
3.1471437704386020506 1.3095339682362685529 -1.4676084424757529501 0.99812013231605778429 0.0096427710845654705796 0.060524527516408410666 0.056509848105485212255 0.23747659485559260983 -0.96974816522783002792 -0.023724218266790185472 0.97134539884714043989 0.23648525874992509799
2.243882744162519316 -2.4869159432005796262 -7.4563608367004450272 0.86496997336498016029 0.016477292894167640258 -0.50155303208708978957 0.23228964554640696427 0.87279060410793130043 0.4292762303607603469 0.44482408404764711696 -0.48781662558760813253 0.75111016106257477709
6.534072813701650162 2.6266109249346043519 3.954549935728258081 -0.99590528828045654652 -0.0011422984243187189746 -0.090395530471581886367 -0.088778901620705341635 -0.17631212913366842154 0.98032256923288507711 -0.017057649367763681736 0.98433364682646551369 0.17548876979278235644
-0.74038640084905549266 -1.5183858803687568795 4.2021711612897112431 0.83734579844447809549 0.0019134529679664879446 0.54667024111908169015 0.14290658067796599417 -0.96598778502987092676 -0.21551173604275369877 0.52766440378938073152 0.25858062160759148762 -0.80913925816432930027
-2.0663208865102951073 3.4740049913783730418 -4.4060184202755046101 -0.84719445517322677919 0.0012809776810704630312 0.53128138892678244964 -0.41736464449521110121 0.6171550617034577968 -0.66702802290397134044 -0.32873744637499036081 -0.78684051046565994803 -0.52231571146280997286
2.0652528141028385633 3.0454847818053534247 -6.7232805415166900787 -0.99964022052721979161 -0.0011240973670515273103 0.026798617677640891588 0.023037741231465139191 0.47569970371917341678 0.87930600723552165832 -0.013736520056839920251 0.87960703060317524393 -0.4755026600663316283
-3.6555327091962181996 -1.6347926188636292544 -6.0175330790274959014 0.96320027033465793753 -0.0064850921432298130193 -0.26870649937665264106 -0.22563401184815382039 0.52375477356792110584 -0.82144399070317797307 0.14606345170745396733 0.85184439937400902032 0.50301748213217389871
3.8335380944967987205 -3.4110208410890510144 5.3440898469935165238 0.99897405934685346018 -0.0034108737527828530099 0.045157443377791345318 -0.011786777304838898933 0.94320901244039645483 0.33199070880352549162 -0.043725285967536754728 -0.33218236676763795989 0.94220113276075190267
-5.6562815886645800845 4.8027937795286232969 -0.5917988526260680171 0.98668783101115098422 0.0030503216335343009101 0.16259710843842301031 -0.061935828993441417734 -0.91742624258826221961 0.39305602971758213382 0.15036980156102427997 -0.39789418813092380933 -0.90502438521297268181
1.7264911936972886508 7.3285838724503262753 -4.3497094536904041817 0.97568516120420512028 -0.0032818655313123700976 -0.21915222007668594406 -0.21814907153204413093 0.082174656829845288408 -0.97244964309963211058 0.021200207442937206437 0.996612540124429791 0.079460657377297919113
6.8143260721424114834 -6.7799089303212412005 -6.2572800862177375691 0.99753135585710517308 0.0088817594326134150645 0.069658512984365691945 -0.068573268402512030373 -0.090515363308363780415 0.99353141664763044982 0.015129472641694209634 -0.99585545304250588927 -0.089682861813413089491
4.5203099291300494755 -3.3002442041795516658 -3.6516888119950139391 0.94997906065005788268 0.00050669836527148393729 -0.3123131882952352445 0.13640934778968363816 0.89889864519681494937 0.4163816944811628562 0.28094888175958432353 -0.43815632931656850468 0.85386577219011261519
4.6034555041083589089 -5.3699709808378939258 7.2450198547555340056 0.93777785383026079913 -0.011065265941555076437 -0.3470594426825580614 0.074570343449240295008 0.98258980039979781917 0.17016623645190556702 0.33913413385174673298 -0.18545846985241748461 0.92227609489603679105
0.1593321230978084202 -1.4697243330391387417 -2.8570730911980519728 0.74535392757324891999 0.0060323883036917319914 -0.66664168257193834322 -0.15892764289883676287 0.97273738516586383263 -0.1688904491771207883 0.64744847437743158203 0.23183095089306093861 0.72599234378492949471
-1.5776934839318264014 -4.1465691970593594462 1.6974465486931524794 0.99846179779114019315 -0.0043451209967638139073 0.055273486186420965616 0.012073474722989493632 0.99004006603543692755 -0.14026724083919067665 -0.05411348778070900617 0.14071882449784064995 0.98856964492749033191
-2.8054656170163432272 6.9632035640332645698 -7.3533283349297144937 0.91149779373844819208 0.0054387513371013706046 0.41126900198518201446 -0.26161741593101112135 -0.76390012704766074858 0.58992620180686239362 0.31737690478612817779 -0.64531156496738883988 -0.69487040836969404811
3.8073206273221500417 1.8303854807838506602 -2.6806938086143552447 -0.85733869434643439345 0.0014363412129721354199 -0.51475071646399139791 -0.3279273708148186528 -0.77233683598854352415 0.54402155402644603033 -0.39677953909786367603 0.63521157790052662495 0.66262527015976024902
5.0511335234025267482 -1.6254001831404238931 -3.8261018768599903694 -0.99306930584806984985 0.0042017984117059077251 0.11745509215249040624 -0.082198892747549878735 0.68945781859202082131 -0.71964662051145955601 -0.084004141645050697806 -0.72431364840966039331 -0.68433401414362093895
-6.1651596457476811608 6.1676606821452226725 -6.9069902370306506256 0.99704694992488873684 0.018179155762661051293 -0.074611647490869015265 -0.039783771072391262147 -0.70876055033549989481 -0.70432643983259979326 -0.065685852394490457096 0.70521486128965982232 -0.70594430956804377075
-7.3369899822144937218 -0.12501835678358774739 -5.7566069089516567203 0.93022861201865369996 0.0039722969219217708556 -0.36695905798751360383 0.20414510510461006398 -0.83654536338832630182 0.50844530783099561866 -0.30495820278147384164 -0.54788326845291568379 -0.77898935724795359548
-0.096181658913780068709 3.3706801338284364533 1.3984971581068523783 0.97849997462752713595 0.0016615009430285044602 0.20624024599600429553 0.16792811512798314078 0.57413487823358422268 -0.80135465915240244872 -0.11974117004367881845 0.81875904942194310809 0.56151195106270412882
5.9736408103756533094 -0.73649307596019375488 1.4226430057777155191 -0.98620973504128484066 0.0073570403352217648638 -0.16533672449636208079 -0.13551137910743754622 0.53761750692846999033 0.83222838354410522133 0.095010655413308123252 0.84315674118248662428 -0.52920665637956287863
0.95779469399459016277 -0.50835366044248242456 -2.9635997121117476638 0.99383872874291456778 -0.0038970765154285481185 -0.1107672968222350729 -0.10627560686131001799 -0.3172235860967975718 -0.94237714945246731091 -0.03146548326233623849 0.94834276989834698224 -0.3156832497053239095
2.851013097331593471 -6.4849322231949129147 -6.7425856103657482166 -0.89719375672761869644 0.003190017921992437111 0.44162561822752272045 -0.18236729774676421756 -0.91341293291587977166 -0.36389419161982983209 0.40222572220294955381 -0.40702166744260787068 0.82009013567449695614
1.5507555101343175608 0.33005134533185037649 4.6518094718956408684 0.98802035093257556397 0.0036638808508964240684 0.15428014169086604057 0.11733421959738393747 0.63153942686817543528 -0.76641413949801617811 -0.10024204235016699605 0.77533510709121788995 0.62354390756174082888
6.2611556691836858235 3.6004224752925662045 -2.8804322198586431725 -0.71075192571693701638 0.0073927883384697747407 0.70340390016701803688 0.69270134156042384443 0.18143317235050576697 0.69803069801486761214 -0.1224604078468848195 0.98337548812820685384 -0.13407497103701351837
0.12048603140527454347 -0.98988563228719717024 -1.0066227927823006016 0.70657964318191712749 -0.0054541912584214176721 -0.70761250670019593123 -0.66541700466598219244 0.33510145633705273882 -0.66702865295439695004 0.24076008336562287893 0.94216626226939559352 0.23314655583837851083
-4.6714596457540871199 -5.0991350232081869009 -4.630835026453785197 -0.99487539193677509974 -0.0045874044843716450109 0.10100450603254125526 0.089343496789183837747 0.42780116980385196612 0.89944644014859631564 -0.047335970469174461217 0.90386122542927915813 -0.42519900172177538256
6.9410335480722000767 -6.9815971641407523762 -7.3130438343664474488 0.996324715176207798 -0.014923236629791834448 -0.084346659314412417152 0.084869438484311179871 0.038791205146915176682 0.99563669117537600961 -0.011586213374782614385 -0.99913589636837907282 0.039915163132474548724
0.96013571226520977309 -4.447807746050875366 -6.6316707022857812603 -0.99843942457063206142 -0.012377983439254419684 -0.054456413662944624932 0.054955395840763685 -0.044371478805037500859 -0.9975024192133536971 0.0099307568209548759131 -0.99893841521618431667 0.044982470745003735879
0.72613593886331684324 -2.8174724255386629501 -2.2129897199126626894 0.68272275514114666439 -0.0034732467871914814161 -0.73066926592634917625 0.32854566078276598029 0.89465637768749850522 0.30273373555602878238 0.65264644976689023537 -0.44674142680047113085 0.6119433872402531005
-0.222701780390464954 -3.9744810785970328126 -4.2051780097688578053 0.98633441703240676279 -0.0028884199515848505563 0.16473030931680412992 -0.11627279897135352205 -0.72057659823520159303 0.68355687568430789636 0.11672640659599937962 -0.69336932662614414458 -0.71106534361983719794
-3.2291321180552152725 3.9166200823403789499 -2.3739543115676067231 0.97262531063575474732 0.0017677634712991614763 0.23237228776888368964 -0.14354327905808497712 -0.78181128457870741055 0.60676720605411493814 0.18274389770355151108 -0.62351262242057892138 -0.76015569295665619265
-1.5487320850390899896 -1.2938808669528527595 -0.70135530558418246461 0.63640991859253537299 -0.0034372341370998470492 -0.77134337421046761385 -0.67488707405513648219 0.48174245924027403465 -0.55897373841578779086 0.37351017762627436447 0.87630610427328148315 0.30426593437805832254
5.1012180271656042407 4.9656497776396140154 -3.2205120751418938596 -0.98650562956715759366 -0.00064740999564681439224 -0.16372606296013028637 0.14616793082498263923 0.44706218682363324524 -0.88247965251938409459 0.073767057895026216796 -0.89450264503387766357 -0.44093473348869094419
4.4005091777037028677 1.6196684136148822297 0.33101224473434787132 -0.88636388964514423172 -0.0057309165533118355471 0.4629537900575477205 -0.43121678298171256527 0.37425105854987172904 -0.8209678624947166492 -0.16855604767582690884 -0.92730971189231981011 -0.33419389135972116245
-4.5846772451917345848 -5.2856550769647316912 -5.9737671058217785003 -0.89106530561277041969 -0.0097563256448965681583 -0.4537702449954336692 -0.26605731080075539774 0.82121390129637583666 0.50479821284078185695 0.36771745743544642648 0.57053706490254829653 -0.73435095769638680796
0.29486869244581487282 6.6426394867600571104 -0.90440919368253791522 0.90052122498582853893 -0.0065387406614206382283 -0.43476288735427776055 -0.40577137528926643384 -0.37192598223705625182 -0.83487762859758352096 -0.15624056562205407284 0.92823935954448122398 -0.33758047491901316262
0.84040585608245221838 -4.9873462076406740451 3.0695997832142256634 -0.9095540385512239645 0.0024093338407894303137 0.41557868817552751084 0.1108618693947421574 -0.96233998599489911641 0.24821643231213832981 0.40052602520874142078 0.27183808869605785574 0.87503311746736145427
-3.0885077751307328242 -1.2283877661721089858 -0.84969881816444570166 0.86718960017539781227 -0.010757217479177943326 -0.49786190818311421014 0.49346414270160798843 0.15287085339746525614 0.8562263964917241621 0.066897961219578847003 -0.98818762613866095723 0.13787631533744265644
3.8537484015905341117 -4.5876091300168999609 5.5903369938359848135 -0.95278940662302313847 0.0083286403109979877807 0.30351767720764155634 -0.12351640155399828958 -0.9238067289579319219 -0.3623876737406443449 0.27737347597435207947 -0.38276854792753417511 0.88122198879925817128
0.75992693608958394869 1.8974239096085823153 6.9734629421180356346 0.85813533354029336575 -0.0053300311958185330949 -0.51339589022224729753 0.25485766223248068618 0.87247571389003975018 0.41693368858066681693 0.44570317626321631632 -0.48862840629621318023 0.75006063703506620222
-6.0708530018531421391 -3.5705932579997097243 -1.2684395645137485076 -0.95049481025506421528 -0.0077851879361500149826 -0.31064289228460051362 0.13557433948209227093 0.88913184150312207787 -0.4371088730502578068 0.27960546159209692663 -0.45758492028699909726 -0.84405972926904826448
6.4379682298993117229 -5.9838886980688137385 -2.7208683385880561012 0.78959724080793158851 -0.0094670212525678337778 -0.61355242059430947776 -0.40571706695360409967 -0.75819218368001162212 -0.51042949972466600261 -0.46035840265073457722 0.65196241311535041429 -0.60250738833124017901
5.5337814234797741975 4.5676268969476581105 2.5782727338284718854 0.18886991383134471567 0.0012031321201045304739 0.98200137888010607945 0.62030775087105793908 -0.77537760633343244532 -0.11835481319289394009 0.76127948209481943742 0.63149673005465933873 -0.14719181387438334818
-3.4833021956857086465 -3.1681110224832127464 4.9614759221681623558 0.88621071810623341936 -0.0048501694093439542271 0.46325699020122890204 0.44660205268702946046 0.27484839569644686774 -0.85147223437921137901 -0.12319565596794583573 0.96147534302231407732 0.24573968973459711651
0.14000888629993146761 -2.4983116354294025996 -3.0677607925037246872 0.74910572968844235664 0.012692528859907192124 -0.66232884993711982347 -0.23450773800474136732 -0.92999267037974808758 -0.28305433021936893256 -0.61955365107780902001 0.36735886099457937259 -0.69368634171723630999
-6.8599098020442133006 5.4651232500155213501 2.8144332979560058305 -0.72166257487548002292 -0.0028922765071537079665 0.69223894917913098013 0.31683863893850711113 -0.89048038244117755369 0.3265853110031597395 0.61548062918320822767 0.45501244293315185052 0.6435427506205863013
-0.17278807410829319369 -2.3152233360389793404 0.8188590999260443315 0.90652525994772803486 -0.0081870110421241159421 -0.42207218094388176954 -0.403996026304757061 -0.3068816790815336315 -0.86174871382209972115 -0.12247107334601214923 0.95171246072235571312 -0.2815035138308568663
-3.1414768785307760623 -3.1818215527585747004 6.6608794687311361216 0.94903068323423722674 -0.0081275979383768556796 0.3150788860454929452 -0.3146120457864039488 0.035752516736181995383 0.9485467928326207776 -0.018974270104466939985 -0.99932762380447381911 0.031373195170859985437
2.4738717500053524212 2.7623205802901629191 -3.3797644049273110056 -0.88954225081201665493 0.0080712835053427210708 0.45678160909007314849 -0.38250904745008196262 -0.55986322154327305967 -0.73501020522310411831 0.24980274746123848351 -0.82854573050962698755 0.50110932920379391842
1.8680320282713775981 -3.302789081000375937 4.2890110916781347683 -0.98025089473530757633 0.0049391722951511642797 -0.19769620114600996996 -0.10479108247324923908 -0.86077141703082293844 0.49808773991811045034 -0.1677110980365203452 0.50896775163046026336 0.84428953291851693841
3.1522148842843655814 -3.4870648398454888728 7.44157630597634423 0.9999785449547430316 -0.0046146790811608245919 0.0046491254330636609324 -0.0022588437299393459082 0.42327895359056461055 0.90599659219680273026 -0.0061487604700597659271 -0.90598765564674055284 0.42325944828252681784
-3.2005580205452814901 -4.3719910362120621983 -6.1504790312764319182 -0.98243267384784194185 0.0079373069378909678895 -0.18644849292676743402 -0.16504624117123856131 0.42933331973699556672 0.88793729442950475317 0.087096381275658760202 0.90311123330522757868 -0.42048105860605833328
0.76204142630234783518 5.8348017380082861649 -0.45942885205369149437 0.85139569716282992307 -0.0050697044738976879824 -0.5244994422772020215 -0.46733916937573899419 -0.46135761874866271226 -0.75415068016273212326 -0.23815849264680044595 0.88719977779490577507 -0.3951671629337933922
5.9689207283859699871 -4.7074151724932846719 4.7768500894289065428 0.9895445661001782689 0.0076817148154008450117 0.14402271681682340954 0.13573300250023512259 0.28803730964954937788 -0.94795097989405485706 -0.048765804966864279013 0.95758837686523690103 0.28398309238157781742
0.26326124446258070133 -0.11560858099417327394 3.2341934254745732247 -0.81888786147244363445 -0.0055186164985210062195 -0.5739270120885683335 0.30980124233567402081 -0.84602543457069079302 -0.4338941740870600472 -0.48316235426641829243 -0.53311397367861024232 0.69450963311422608815
-5.4837863099387247345 -6.9519023986093229084 3.2079598242014588649 -0.99530477540271111714 -0.0088822327973804814094 -0.096382104153739364683 -0.096316132188265901615 -0.0075787913988733471987 0.99532194017872988034 -0.0095711410430297152313 0.99993183160721954561 0.006687704962773467765
2.1273874468750850752 -3.3301576798467831253 -6.6341946210645943438 0.99954267784051686885 0.00038915545183967458626 0.030237125084021147792 -0.0063194718362461002603 -0.97515083227621179862 0.22145184259047132058 0.029571936883166172194 -0.22154165041602058572 -0.97470241493494302887
-1.6725495290907450574 -0.10699879417122745706 -3.2356077581531024201 -0.96033025142473582569 0.003161324240474268181 0.27884729553566356408 -0.22951596041977923024 -0.5769136155559435597 -0.78389610542390131265 0.15839265169544478051 -0.81679904885786480673 0.55475317184639572066
-6.723681438933376775 1.2694162714816419335 -4.5125716511026858768 0.94147973561886488802 0.0027142474821836106748 -0.33705865999796275068 0.031536837085166448402 0.99487187908073093645 0.096100843497892787792 0.33559102390507156155 -0.10110676077765702596 0.93656611491102292888
5.0189212072556372846 6.1732390505583483176 -2.4607593345552443154 -0.98445258637288413084 0.0033219290555865149325 0.17561910480121725731 -0.17519591732866790501 -0.090456442501997594285 -0.98036932967181633636 0.012629162094292999824 -0.9958948723621139365 0.089632067183417166167
-7.2215702197888536062 4.6863623578697275462 -6.4813186471861019555 0.7224085711299950141 0.0010426127594376100732 -0.69146566748926552304 0.23607578066744019929 -0.94028412704364083829 0.2452223199709794299 -0.64991851961621516232 -0.34038900303671265624 -0.67951544829500276634
1.2915496655666187653 -4.4836461941007952348 -5.538017349352508667 -0.98385464411834855358 0.002308516999694553741 0.1789544914106238338 -0.034037520162517355404 0.97925275097413200243 -0.19976360261759190662 -0.17570283568561143039 -0.20262951527078332248 -0.96336379061762622555
4.8713513169501609923 0.52788129442638775934 3.8466863003412230526 0.99362715005560964254 0.00090502694003312118658 -0.11271320951247550124 0.068206982449383959932 0.79128253340578758035 0.60763456112389524488 0.089737919618795555787 -0.61145002514787771819 0.78617807940010842049
7.3094678689446919151 4.2694532159492526446 -1.798704941611507957 -0.78588926015528948188 -0.013839535828660680036 -0.61821237291124986335 0.6168690069709888979 0.052006287694827256496 -0.78534576733994809761 0.043019751407124495746 -0.99855085663581255595 -0.032334002236403792951
6.5483417750157260073 -7.4570391329313681084 4.555638218680401863 -0.8475540867246261767 0.002219311572760108292 0.53070438544694509275 -0.49603618380025638057 -0.35883416687207558837 -0.79068713474178975442 0.18868008489864293575 -0.93339869045409751269 0.30523222343210637542
-3.1336492689457795535 5.9490150534574013363 -6.4101156096691553898 0.66614668993591286128 0.013111145572361216846 -0.74570549505098737697 0.69001706275495588994 0.3686401475275490891 0.62288112408214169058 0.28306366879988770213 -0.92947971440625898332 0.23652149989580673051
0.50568252147808101515 5.3690155065603955009 6.6428269943265396691 0.90138428964041816815 8.0611125683466636205e-05 0.43302004098112562014 -0.3210265395306168279 0.67122481215894014284 0.66813113417878633449 -0.2905999368658289117 -0.74125383307203784877 0.60505737880773802218
1.1662330778205167725 -5.7917630970497562259 -3.83103251683864654 -0.9220175869631928034 0.012996724643307774535 0.38692977977824161151 0.35238401939530639151 -0.38575154609362144464 0.85265540962405306225 0.16034048835361980334 0.92251115431457308969 0.35108987162777655078
7.1599221603205265296 -7.1682965277067367538 -1.3931967350030185493 0.96753782239618324468 -0.0036324417354070721864 -0.25270015354157165932 -0.050351648985342237208 0.97708009309617238625 -0.20683133979088449972 0.24765959233861623012 0.21284101353412315794 0.94517904614962267029
-4.4582415906162466968 0.73741860742324849554 -1.8130093680255716659 0.90569876220690026525 0.0027597303185379808838 -0.42391288730724713263 0.2627739705016376992 -0.78834729022568028611 0.55628984389485769402 -0.33265536605240270118 -0.61522429558845381781 -0.71473035023998776616
5.7245224101204144063 -1.5260056541871043212 -2.0649691168802499774 -0.40395335899233753008 -0.00014883968916001920173 0.91477956995416598307 -0.14881238797911353067 0.98669027430932565448 -0.065552847133541883307 -0.90259434794531767654 -0.16261082507053681301 -0.39859899978186802416
-6.5500895135848207218 -6.0372836636628663953 -6.462733427970526634 0.36173151329835789847 0.0015140440588347755732 0.93228108420016297941 -0.31658562522227196023 0.94077496182560438331 0.12130957548662632539 -0.87688303335704465002 -0.33902828624276110103 0.34078727519935869683
-4.4579908771130849487 4.8468753504086112827 -2.4444731409997704219 -0.87315338834502187471 0.0010423750923983961247 -0.48744443157748357232 -0.46551995281368435675 0.29475944898839240293 0.83451065946723457234 0.14454872518999134501 0.9555709187110602576 -0.25688496522707482406
-3.0217638393033641186 -5.4936699934950574686 -3.9627457187882337841 -0.96171557475597113651 0.0030755824037033887425 0.27403228653708733287 -0.23560839296510568963 0.50143887653311891572 -0.8324948878314875067 -0.13997084852316588055 -0.86518760618378831584 -0.48151694432251107569
-3.9211860429270908313 -6.3436366201803613407 6.3116337857000823774 0.96205309306289465976 -0.0065689145209548533907 0.27278323901984563582 0.024372226812786706301 -0.99364554674829330683 -0.10988412982594483736 0.2717716701356223119 0.11236270194969008585 -0.95577967258263651917
1.0410836651737023217 0.46902254999844611438 0.31763472563511169211 0.99308836047217741161 -0.0011067353194325381133 0.1173638932198050322 -0.056247549456905063248 -0.882134585072285482 0.46762676035439010302 0.10301321019591737349 -0.47099612414154867768 -0.87609983995479945307
2.7903591526703905856 0.28865522883415234423 7.1492324055448817077 -0.99703510113996329789 -0.00065381567653881658697 0.076945302779528573778 0.076536930752398452116 0.094806851411127088247 0.99254912178518184263 -0.0079438860629526732854 0.99549547133596871795 -0.094475717640292167232
-7.133601193256042805 5.5797303261038804223 5.1901207944446898779 -0.57448009178936987329 0.0046349355614054670027 0.81850543157022870311 0.80601865291830798732 0.17729689957659519606 0.56471208641946113449 -0.1425010711727011381 0.9841464966014162874 -0.1055893836603038205
-3.9920473454689617832 6.0798383511287168446 0.22662893224411925774 0.39252183107810273421 -0.0070830049182488644816 0.91971541422795266563 0.90811080470880345406 0.16151644462511111078 -0.38632525737620343476 -0.14581282007498638786 0.98684460233463244805 0.069830883889557229804
-4.0384072269467674587 -3.7974181081790532311 -1.9379496900248869284 0.96133167232586125284 -0.0066465541350007387167 -0.27531298389544811567 -0.085951712418430997742 -0.95701206134234428902 -0.27702024759530569087 -0.26163661615993705212 0.28997196030577959691 -0.9205772880758159582
