1125 14.717824617146108679 14.977075390850430381 15.033177056927090831
-7.3466318045125698077 3.8241685266767517781 2.5299585287109760401 0.99302060859025342854 -0.00030415871933847356354 -0.11794057148613304453 0.11756280923615779199 -0.077461569704798283187 0.99003974218382029271 -0.0094369910192536078652 -0.99699529221872174034 -0.076885177337042170942
-0.17455225565332346815 4.0081178826539600735 -5.4908807682351365997 -0.90305073148888492796 0.0089123469942340334538 0.42944143538836659912 -0.18073465739026958743 0.89908833191798209761 -0.3987168858061621024 -0.38965928703859159521 -0.43767652607833201772 -0.81031160583120298568
0.4246694516913198103 5.3391009730663121502 -3.5133010222466820593 0.85656567294851237993 -0.0093141843501022923008 0.51595396490002709555 -0.14719450472119502416 -0.96271004362933021437 0.22698711345598293621 0.49459986423986179727 -0.27037495791049132032 -0.82599537312799620192
1.1942331485639625654 2.0483804319954175277 -7.1724567226049860125 -0.99915277098248411747 0.0036902874491858764228 0.040989291486647427831 -0.039410718181407067284 0.20109629780943991118 -0.97877835810757340962 -0.011854768258254183566 -0.97956452609606814441 -0.20078048631205167029
-5.5048617078903943067 -1.9677240482137594579 -3.034440498096212746 -0.95455415057779913202 0.0010699894350597396759 -0.298035616558404437 -0.1560204291956456546 -0.85381875165494502955 0.49663987455305913521 -0.25393699865978131003 0.52056929840802113052 0.81518317344425528237
-3.2776831553808802866 -4.514716695115563283 -0.44801133683543381547 -0.90949009821821813482 0.0073108350634324839948 -0.4156612959294288534 0.39692874780134967949 -0.28197879761220362438 -0.87346180618614954749 -0.12359340763937556873 -0.95939278160089436209 0.25355504372864129392
-3.0827096446527599838 2.3751542837411343534 -0.12890681723138505688 0.96333789224143284713 -0.0020959941567865129214 -0.26828289580271613701 -0.2511026191288384668 -0.35920977421705568844 -0.89884137241986172828 -0.094485872163099116072 0.93325449096995238829 -0.34656669638918813359
-5.661112454091697721 -4.3137335580114051226 4.7227362599390261266 -0.98365579380592793601 -0.0056535970277237952708 -0.17997032019984116058 -0.0026641705715186939085 0.99985451223905497109 -0.016848042926326071977 0.18003938876630154464 -0.016093203407912991948 -0.98352774607357373871
-0.83253018781455212505 3.4802322233259408435 3.5401986404035761247 0.8532004403370957446 0.0096967681932568390579 0.5214930309172552958 0.48753898513763571643 0.34047305818691192547 -0.80397999640533013288 -0.18535033471668976857 0.94020427000489470437 0.28576421064389884164
0.40701009553132144747 -6.9964176566059190776 -2.372359212201744505 -0.98621220032998380134 -0.0025799486816130388911 0.16546552446069387465 0.12728190503946573697 -0.65082631694450243653 0.74848141047193939013 0.10575827423783693004 0.75922226589936592234 0.64218123484962741365
-5.1290523942172372429 6.0872178545131614413 -6.1846218801973495971 -0.83477087090053392338 0.0080579213355464959778 0.55053852090449550971 -0.49820799581142799495 0.41463113795345429846 -0.76149183340929871289 -0.23440645470111909354 -0.90995389407549187588 -0.34210747529290674862
5.1078080553979106071 -1.4469504363261285196 3.2376584697594674722 0.94281030198151061228 -0.0008226068220629631977 -0.33332875332849215555 0.246705040619907362 0.67419148354735169981 0.6961339428908941418 0.22415476218500235417 -0.73855613654623486486 0.63583761744609246236
-2.0323006114124857469 6.4436412314127533563 0.91117905502492624326 -0.94299867252508184912 -0.015109336978167554888 -0.33245332236575481089 -0.31836612779648659766 0.3319323688952011131 0.88795490378263342013 0.096935608977284593024 0.94318217244379620734 -0.31782208434357039906
0.19022038782392652889 7.4069438560697431484 6.7691544583170131233 0.95151418864405568065 0.011287058930228360473 -0.3073977083679707567 0.093327880901985335593 -0.96281406490846921375 0.2535330019167603699 -0.29310519520394373583 -0.26992902532936230431 -0.91718464107800345975
-4.7591381399423733356 -2.8458028408150495281 -5.6366692777113387436 0.89418813347182468654 -0.0095109891300131817193 -0.44759035182177814294 0.34609965889612315237 -0.61948391236206323818 0.70459542181066547872 -0.28397642168003417451 -0.78495173317237854071 -0.55064341321719523226
-7.122740037719091255 7.289049403246392167 6.3508805565002255378 0.99878216822259047181 -0.0041431449979719287002 -0.04916314463229688736 -0.038098216251971947499 -0.69790541843457176707 -0.71517588944119170336 -0.031348147617174887403 0.7161779536324064388 -0.69721333347239722311
-3.8748102411035594272 -0.50088362571920486133 -7.1873930520494226926 -0.99824956482729765295 -0.0077910428099669474383 0.058626836636551798998 0.040896690082082846895 -0.80701807640856193515 0.58910889069014804598 0.042723144341239249755 0.59047533733575230386 0.80592407144586286627
-2.2785903681584556146 -1.7745668623001178421 2.7866699393563689746 -0.98025300649573454681 0.0069226082520570230566 0.19762621473655550552 -0.1704758452647757716 0.47686309757271078125 -0.86228740704871442713 -0.10020992684052949795 -0.87895031922660304957 -0.46626634758924218049
3.0546808682961033021 -4.464630681732963069 2.0867600701591508816 0.90714217679722231047 -0.0026653560087348702676 0.42081583495965518837 0.24529972666577207208 0.81587454520855684503 -0.52361891732296295121 -0.34193729713671633386 0.57822281376483031234 0.7407680220343973998
4.4055980932327170052 3.1402251133743170897 -5.7358629993987690909 0.92691443686137608982 -0.0020639262513283893052 -0.37526706083303601469 -0.30594288801670582734 -0.58324974817057306797 -0.75247503648350311245 -0.21732136574641069959 0.81229026306338492081 -0.54125405543311067014
2.4960207722985332524 -5.805739012925969611 -4.0815851607568713888 -0.96338259046976548738 0.014718624051750230433 0.26772625288872986538 0.091686370014082016477 0.95638575225982613848 0.27734437515114979123 -0.25196744617796063004 0.29173559087017042479 -0.9227148807113296769
-5.4774942699109931965 -6.6782122685243727744 1.2430283593243736107 -0.83822346346291087826 0.01014506481626229438 0.54523252192050042364 0.15475637068102265914 0.96314693409788354472 0.21999647513428693957 -0.52290715335863269253 0.26878441360644766966 -0.80890237233457817911
3.0287057804164505548 -1.6635548028526696562 -3.1794574187024911005 -0.91145535774455277434 0.0035567793694807293622 -0.41138361678529333787 -0.093954501008115434701 0.97173650971410274746 0.21656571157266321648 0.40052675638357798649 0.23604132055463039608 -0.88536027266402739233
-3.5281479303204803522 4.1941045852155758311 1.0555015315776268281 -0.98530920066422400527 0.010637019211531352492 0.17044832914653748612 0.1402936772072260474 -0.51870375028378445936 0.84336475120627385493 0.097383074618820203439 0.8548878717491918966 0.50959127103394119551
-5.585285770798124716 -3.6387119891385273363 -4.3242859989138571208 0.95802260504139569175 -0.0050024112710071039212 -0.28664902600759945006 0.28063827036218458311 -0.188032186186932182 0.94121520289774351919 -0.05860758856797589067 -0.98215012744451568594 -0.17873521679580003929
1.2873336307940501655 5.3015015438874257825 4.2519855255383438575 -0.69795964653955611112 -0.010066295457299041793 0.71606633875503911124 -0.10622260714779950541 0.99029584467942655124 -0.089615276272120791834 -0.70821542593551067846 -0.13861027994476618486 -0.69225580586986013021
-7.2210666783324581885 -6.5231213343118827908 4.61342382269182405 0.71424758531051146804 -0.0083454908590336988883 -0.6998433679478431868 0.6962147639289223422 0.11085400468810525931 0.70922238552661953648 0.071661631055980667959 -0.99380166151346360781 0.084987459118736063957
4.4084880570324136428 -2.289530394014654302 -3.2092453686386255285 0.17133179159099048983 -1.2830353695965010519e-06 0.98521338662671675834 -0.88611853420928954339 -0.43708998502882218107 0.15409830731793458525 0.43062670669735225726 -0.89941778111506809346 -0.074888547142898095887
-6.0067641563280185224 2.2743925352846439125 4.3585113721491204331 0.97653805633247470208 -0.00081765090936282164985 0.21534334440974584046 -0.095488709548636085955 -0.89795054483929948042 0.42961229657854882458 0.19301640055528257456 -0.44009561514486322809 -0.87696095617023117619
4.5881575554915121629 -6.3005272794834645822 -2.8479229201487985534 -0.76879592484622183424 -0.012449781657547759339 0.63937299667440739004 -0.24378824225159842487 0.93001471217574760431 -0.27502714061776994958 -0.59120226562463251696 -0.36731136393148317021 -0.71802663115454867793
-2.1208567996364848796 6.8044779678260454148 6.6192994267027147615 0.96488752280411016482 -0.004423647391493135822 0.26262615955123869149 0.19829539122408590401 -0.64343174250000745307 -0.73937441838538653371 0.17225273918339845114 0.76549070803447660793 -0.61996207122416102653
-1.0631187759749629596 7.3639477033353761826 -1.0396028835648825073 0.97700482742465499797 -0.0031217289946354996599 -0.21319432918640526808 -0.17711820840788292108 -0.56855235808233817174 -0.80335381767279889775 -0.11870428568307050954 0.82264115562448292263 -0.55603131353672696768
1.2387394222040504221 6.2926921369879176282 5.0819764832403198085 -0.99756965843577971587 0.0050884515896380396946 -0.06949017361311596308 0.0024371702229152498488 0.99926771703569505778 0.038184943256868539296 0.069633589378102128675 0.037922781420252675566 -0.99685155659196511557
0.91332064385244315918 -1.5631553615658371204 -5.9383004722361985017 0.99149052693192840646 0.0050546447375976466532 -0.13008068869361505415 0.1053024318731692055 0.55635361403116800894 0.824246355160924149 0.076537133771976892382 -0.83093026585933482675 0.5510870715530639119
4.0621679518618867277 4.3614740606067812223 -4.0298176960002107805 0.78941987825290405034 -0.00093298722950083785247 0.61385290204905529343 -0.54945572378367957267 0.44480615328826655919 0.70728063284544850919 -0.27370543184335283105 -0.89562638166357988467 0.3506261842014961605
6.4693621823014799688 6.6687194123560953329 -3.2473563709698485269 -0.98033337487016769529 0.0053422296270178408484 0.19727629025827236875 0.18475501295638002697 -0.3265319446593668018 0.9269533290864163666 0.069369008230752399191 0.94517106901312586409 0.31912315960690779137
-3.0080195212835723062 -7.1255395805636165818 5.068397783280119917 0.9293474693248522378 0.0024518393117860326838 -0.36919814428496772196 -0.36811821373449354899 -0.070561392056234614745 -0.92709765972516477994 -0.028324229493282244291 0.99750442527090155131 -0.064673484431636743541
6.3369901070943850385 -7.4259041819433164733 7.4226731537004893013 0.85436324373350458483 0.00043210923275750290698 0.51967611166832150538 -0.35567358813176497279 -0.72860739441475597111 0.58534397025140461057 0.37889279019616362021 -0.68493144042724873888 -0.62234168705916492748
-4.2880764111038827124 4.4226877815990697229 -4.2372510939910688066 -0.88256557345587716146 0.014783649964967260013 -0.46995686210991993725 0.31129437406516441422 -0.73070683243851386468 -0.6075881316345749239 -0.35238306035602107169 -0.68253129504904019864 0.6402946275369253426
0.53204112688929749986 3.2332471654156766938 2.6288572328030515024 -0.97988966963492019069 0.0022802181004735293246 0.19952703062073767759 0.19491091081019326636 -0.20319768787120531806 0.95954178465078443505 0.042731395835395466487 0.97913507763191764965 0.19866687585190873078
-6.5415793046021972756 -1.8219214073785621189 4.6065530165957859765 0.99895455286765733049 -0.0014778687848750757597 -0.045690449865578783295 -0.01929607764141242493 -0.91970645079693502666 -0.39213225543181151611 -0.041442281461317745372 0.39260394835793582802 -0.91877346339612497861
0.85963359936512162562 6.9542345606448749962 -2.0615608948128971711 0.9305753545066038912 -0.0044517146131521799154 -0.36607334213497444431 0.24839960852760123444 -0.7268672087086628375 0.64028251216740306173 -0.26893706339631862079 -0.68676360062334584899 -0.67529890625614996669
6.8841882732509755982 -5.7511121759994621172 -0.74725504753102711675 -0.98405130360333026296 -0.0071319117629210452419 -0.17774185694770303079 0.10172625433640798687 0.7971256436919204047 -0.59518272601556954093 0.14592738281525458044 -0.60377135076395893609 -0.78368702614083363134
-1.9871782149470442747 5.756629609160980543 -2.1793418372058672716 -0.99989147013793533425 0.00042338362604936219434 0.014726462297572139731 -0.0047059571981721646378 0.93804121358168113254 -0.34649175399868781255 -0.013960727500567935225 -0.34652345139761958626 -0.93793741567284372174
-3.4628127063609834835 -3.668446680780421687 0.2225656783930135274 0.92903412595740597624 -0.0059105485170583968099 0.36994683161613040046 0.10989006261444875245 -0.95034622731756601688 -0.29114639335181341506 0.35329841061794431401 0.31113841556364213448 -0.88225456610628749665
0.40989978993955455966 -2.0721723053271374759 6.2329571077627639042 -0.99760286183893331913 0.0047755127951710739376 -0.069034227224076025187 0.059330748702501739933 0.57246685761371107759 -0.81777842915566267834 0.035614495774634234715 -0.81991395366309138826 -0.57137791021294970228
3.2909427190403293118 -1.7994036359870695385 0.3091320374473432997 -0.99992171212761404853 0.0039368080956146524543 -0.011877337993276539108 0.0086140351204796062473 0.90505490104723140821 -0.42520750756461961339 0.0090756826041315727394 -0.42527653078014004961 -0.90501795802781559441
-7.111501587748470854 2.2398790192774806762 1.3832052351188661721 -0.99419251508127726158 0.0058460833636223338144 -0.10745727646693679913 0.079669151974888358092 -0.63129231243070005331 -0.77144205387666509033 -0.072346867105434115031 -0.77552294587276571214 0.62716033934301540498
0.34499816205042571626 0.56436783201588458514 3.7525331250398377136 0.79185656441280816153 -0.0010807289182162419568 -0.61070615963920782399 -0.48375271904129185652 -0.61147570397057215974 -0.62616353317156414615 -0.37275526584675500175 0.79126246939852351581 -0.48472385572078791061
4.673206385003291885 1.6052830216045552714 4.2362496835822200936 0.97900241536593124447 -0.012460414724722645996 0.20346746367071649741 0.16010139896819355898 -0.57083957808266605483 -0.80530101089151340243 0.12618166568928498861 0.82096706033757482768 -0.55685839590013574973
-1.5266681418382475055 -0.44532579651209180938 6.9860196036110773221 -0.68679837287149070324 -0.0076225345986669678158 0.72680801590732679873 0.59610164836961598844 0.56625498664469220422 0.56922589093530173709 -0.41589760738899739234 0.82419487202138586035 -0.38435919801899998127
6.8246946168104800634 -5.8939100709786522714 -3.847448413508600229 -0.89445810407664216868 -0.0029244420507349138533 0.44714220074882365941 -0.31829796158050616128 -0.69816826801705333949 -0.64128579992688716782 0.31405589901391289809 -0.71592773180878466199 0.62355142139339125862
-3.4150655091766832783 -2.1726642620581784193 -5.3943266912619050046 -0.33719135139645295407 0.0073051233226975121129 0.94140779034206623077 -0.92539848577862149348 0.18121703278394238334 -0.33286337970360463379 -0.17303073444384359236 -0.98341599651534383764 -0.054344666119231326007
-0.4596354741371529995 -2.5517159077044011539 4.1658817191162276217 -0.99937471191861304565 0.0047289342846656761896 -0.035040296202559752248 -0.027835241960677756246 0.50588173194031227364 0.86215362470634682168 0.021803313565068288549 0.86258988544369996632 -0.50543377909262610093
-5.5473739476637335954 -0.26284980498367582769 -1.2811942026326599287 -0.98292514329279923047 -0.0091848855203403960423 -0.18377649621428679416 0.043049841133006368221 -0.9825134093408609548 -0.18114665783250752384 -0.17889906053758936055 -0.18596515357298959437 0.96613254152590966051
4.7798580142558773076 -3.8235344996319993172 5.5797312201252653452 -0.92193938645177064828 0.0043254793589404313264 0.38731002819077386956 -0.38526695028499580165 0.092930746749200945911 -0.91811396532601918796 -0.039964293149439993058 -0.99566317926143288464 -0.084010051399355412105
-6.8336027651974475816 5.5466617407029481512 4.9614969595433979777 0.98938934659023336504 -0.0019190733461239423141 0.14527573097803170299 -0.14430848956405972761 -0.12891755871925258958 0.98109903826958222428 0.016845791564607019708 -0.99165345772168311811 -0.12782659776118571182
-4.2469131522341942997 -5.7624896529021158997 -4.2003085568847389197 -0.6638275592974761663 0.0056989371373540077814 0.74786395396003080283 -0.74774432869979512439 0.014382482810080341601 -0.66383097478622521415 -0.014539271457232770188 -0.9998803259908889407 -0.0052861405363786306832
4.309335739816110511 3.6084485579816432121 4.5299076696770965711 0.7880896273112941719 0.0049994160149127147424 -0.61554020596856351411 -0.50422002695929224458 0.57884132211949568259 -0.64086261259349119879 0.35309616783187747213 0.81542487676460440049 0.45869964749941199988
-5.1334577102761800305 -2.2653071790340137959 1.2339628812635057287 0.89029005587929499477 0.013704987951322163478 0.45518764230544123128 0.11370113531508194149 0.96120110760700028241 -0.25132545148267770863 -0.44097127823744380892 0.27550790195597263388 0.85418951511322049885
0.70991109785197659132 1.2467152046227556461 7.2083580353225151782 0.92565314612400950711 -0.00099863714276470622565 -0.37837184857556777073 -0.28445712010689488958 0.65756376297314900192 -0.69763460668529586606 0.2495003003827657162 0.75339823489863821937 0.6083918965276073898
-5.5570193542964592126 0.61900452572510433757 -4.9550265539806268578 -0.76870025416961684783 -0.0099433418428230956748 0.63953189849488545349 -0.28904629035757239963 -0.88655491927104368433 -0.36120993500566078716 0.57057178450222656441 -0.46251649167279001995 0.67862090570558009084
-6.1714859539750115403 -0.58942410791453059282 2.4496524518780815605 0.89529303565862083936 -0.012280091151145186568 -0.44530840960230022585 0.3520838209468599711 -0.59291559224821677176 0.72421549520606220973 -0.27292373170665229498 -0.80517097552652261427 -0.52650957905913897683
-2.5864039349354612796 2.9372526160251277716 -6.0931840296364079279 -0.99924019310477574241 0.018526681729253390019 0.034289919045245920159 -0.00013097448475808334822 -0.8813879857523497785 0.47239305818048288321 0.038974598518944719716 0.47202963957301624642 0.8807207276059320078
1.5271550025006483953 -7.3051389574803407001 -5.7853491977177622374 0.94028461100103255532 -0.019786592502774594943 0.33981368582176257886 0.17931339286699252145 -0.8197653692023250116 -0.54390389463131660897 0.28932949634132809624 0.5723576069327136473 -0.76726476025756384924
6.602974146527413879 2.2227522680860047899 -2.2733183972398478545 0.96078616851393172649 9.2315836716852853194e-05 0.27729033497438049238 0.27723458661753141996 -0.020373830993019072244 -0.96058622257138159828 0.0055607890998663382989 0.9997924277011779326 -0.019600488160498238943
-1.4572396025678118203 -3.5399826503019506951 3.9082977498077084988 0.99951320868288184851 0.00043655626419212005714 0.03119543375495299406 0.02927314414048911087 -0.35894599995696663264 -0.93289916504782433027 0.01079021318889511992 0.93335822626334563612 -0.35878404753531706328
5.1414352196908037484 2.452211011231430593 -1.3466462593799208847 0.98467691302278115284 -0.010115213699269817033 -0.1740949723911302538 -0.031419640454160860377 0.97168890436934263199 -0.23416549557806962123 0.17153478700771593313 0.2360473587596394196 0.95648181439521462455
2.1059007362432828891 -6.233757912044933569 -4.9729345508752453853 0.99854087706801641922 0.0046625025273078716387 -0.053799422807867230967 0.025959957426160383542 -0.91504009171037958836 0.40252665895950351382 -0.04735184721531852936 -0.40333595380635356431 -0.91382597409581978187
-0.072793927012910181196 -6.7741380509172923752 -5.5137356323780490897 0.97575377386274131375 0.0016161456871290184358 0.21886516594846497363 -0.079336477913540953688 -0.92935435794526155551 0.3605637261850666575 0.20398601928760595747 -0.36918540794741783184 -0.90669280271423469131
-3.9526104921721332275 0.23914189926039666756 -6.4773146371673115951 -0.98201269534961677099 0.0098031962297050259658 0.1885602384273477039 -0.18815787419339710662 0.032430065400558052979 -0.98160323208370781067 -0.015737869967981359814 -0.99942592932227414249 -0.03000218737146252701
6.2271943571188721478 -5.3671944107664746326 -6.590811423762085397 0.82508120036310172996 0.0060763633830439997205 -0.56498149581680001674 0.42912030720816679574 -0.65722520401829243042 0.61960535274054251431 -0.36755513157740038466 -0.75366976124243423296 -0.5448716511619960956
4.0865270152642221291 -6.0266422464613285115 -6.1009955752526074946 0.97766618227010193554 -0.0071307620803768680465 -0.21004282486542347197 0.0021728454267802483658 -0.9990278543837799452 0.044029818396655831525 -0.21015259881347267412 -0.04350285504935193226 -0.97670025433319251906
2.7304169368159367792 -6.2037963161168763193 -0.85962718993878817209 0.97882266788281013792 0.0053720828048077016309 0.20463950147788637079 0.13540919185828245719 0.73272386240135090052 -0.6669183549940560507 -0.15352698654984625604 0.68050487301269302343 0.71647929642580043819
1.1298996533433320888 -6.5167097931863082749 6.8823125876872142115 0.99995712634904643235 -0.0015574229466153027834 0.0091279733560804300618 -0.002768302103771561485 -0.99095221541998290693 0.13418659865217449911 0.0088364001316526517849 -0.13420611457068745698 -0.99091404109775982345
-4.1700185113698138295 2.6095103636937118097 -4.9854786249663476383 -0.99785144959725147196 -0.0095323740381688844281 0.064819891868650059141 -0.038103631056251995035 0.88926592885906574626 -0.45580063741773840791 -0.053297259188366960525 -0.4572912000195627491 -0.88771851425298764493
1.8498850827128114904 -1.7550353707774346557 -5.0998596397503090927 0.97705068259953320453 0.0076922955911803321538 -0.21286801596381607626 -0.11171296682417515556 -0.8323766242623525935 -0.54283456819282460692 -0.18136200449696657233 0.55415700299664782946 -0.81241481975316531816
5.0607519373572813493 -5.3917059653415924103 -7.3119221084379946163 0.92243932981436871366 0.0032747716343226197094 -0.38612816354476020564 0.32057659947312727722 0.55094528259217045996 0.77051277696064279787 0.21525874356691182543 -0.83453494322296939423 0.50716378208419632401
6.772457938739202099 0.1481055699551621363 6.6676729916758183947 0.99928843084771812322 -0.00492812021578815148 -0.037394459551395517471 -0.017638246388682946725 0.81528615141110050146 -0.5787895848938827692 0.033339529665800116121 0.5790373087706859323 0.81461909553680000862
-6.1686569355472959941 1.0995348101838833266 0.93355810388996951499 -0.99967588613257496455 -0.0019350130965112095818 0.025384609694289621273 -0.022116594252183100627 -0.4278272176245679348 -0.90358991147437872637 0.012608685248585382865 -0.90385846656648083375 0.42764575699095891403
-5.3127754892741032577 -4.3689048558007490541 3.7271889776290296759 -0.97386396526861407352 0.0017733001873782502922 -0.2271251473475639493 0.077789019816557100628 -0.93689114906306858455 -0.34085751158403010397 -0.21339598296877287931 -0.34961669041060378094 0.9122665861682616173
1.3018062754062527109 -1.0462049019525450078 -3.945939311188675358 0.91531782834528507831 -0.0046983482161878269492 -0.40270485300939695694 -0.078234765728919658523 -0.98295768179728859604 -0.16635359096521251665 -0.39506024166521130914 0.18377192745284137709 -0.90008626483000875318
3.2480443731673789287 6.9753608452872990497 -6.0489288632409898838 -0.99677427430450027401 0.013335851802425585308 0.079140388814156137354 -0.043022805756451489023 0.74364924247266050994 -0.6671842641690033382 -0.067750160662508385201 -0.66843695231981059557 -0.74067668824098986669
0.89709525652239396898 2.0785979891684771559 -0.073443015102445163844 -0.37049619013143897384 -0.011974077262705270369 0.92875680055209530739 -0.23736965599213144529 -0.96549315218559428331 -0.10713831946057870981 0.89799121349393007385 -0.26015302142466101287 0.35486925188208306992
1.7214536272255724914 1.7096995315082885725 -2.1159368343004745228 -0.91430574647500240104 0.0085885785110926798208 0.40493362206889960131 0.20414669631867427002 -0.85371672405497978087 0.47905310921738825103 0.34981299053194014892 0.52066687179797510598 0.77880477673624870505
3.8977466815833947678 3.089361310120746662 -0.03900690815949474366 0.87301335405811564261 0.013870768367643367472 -0.48749901068719392327 -0.17893622365353803461 0.93899374783032008018 -0.29372192529704188591 0.45368437431846142527 0.34365439517122975399 0.82223606414395111752
0.84167394696815023281 -2.1758601440059965881 4.9269802464673846387 0.99959191579745965139 0.0072828889912340787072 0.027621755926278392101 0.0030642490370027131857 -0.98871189255090263792 0.14979787684188630714 0.028400919885595954373 -0.14965210675574341925 -0.98833073143215233181
2.8869725610486991485 6.2883787969322515465 4.1230224596137228232 -0.99847019778182677374 0.010541738113955244696 -0.054278318866698968548 0.053445036596797348971 -0.067635609734132462467 -0.99627759804138427135 -0.014173644719271596276 -0.99765439710029479858 0.066968737049049792409
5.6944196759012850606 -3.9742371205178428362 4.2791579167215774149 0.96267527381010464804 -0.0058092616400860271758 0.27059669191227680995 -0.25600949823512664238 0.30491382106684317144 0.91732584098332214939 -0.087837657118462447725 -0.95236222846228135719 0.29204577002647574835
0.28662558116670411312 -5.5845539003879514084 -0.53011445926046629751 0.85033324857473824299 0.00025687142620045870164 -0.52624452527841936167 0.47787885321067569144 -0.41914613904704400849 0.7719768881098848512 -0.22037506216092944689 -0.90791874533959904259 -0.35653665146603275016
-0.7180446404190301557 -4.294488325185689348 -4.8251650849539373667 0.98187021117646811064 -0.00084585424464984839028 0.18955255982162763639 -0.09020686472933356348 0.87741155285556271526 0.47118116311182317579 -0.16671415644759934871 -0.4797376902499039808 0.8614279648314360216
-3.6360999316781068558 5.6520447774038187205 -4.6235601003140915921 0.66071537389218526481 -0.0098752681790522569422 0.75057156472970776306 -0.67556375772525778522 0.42805429863262345336 0.60031918732487465906 -0.32721369768182434479 -0.90369906301854485697 0.27615068268764275672
4.63613423915840972 -4.1100406934237936341 3.183632832434290183 0.95872997996555819888 -0.0053902047461822010996 -0.28426707724928323984 0.26803495492257473076 0.3506350266523647341 0.89733624747040507952 0.094837168107659478022 -0.93649667579620843316 0.33760907536382206429
6.3880683757927183564 6.1538355400520057259 -1.8569424748525360513 -0.8654636354668027165 -0.0064345235758071148147 -0.50093042689652045318 -0.45436990346465061519 -0.41106316993252034475 0.79030061441866528149 -0.21099925713114939252 0.91158415257791736153 0.35283657160035059031
1.2354836795883819001 3.1480651318466450483 0.31238507024543521462 -0.92681788301354739446 -0.021471681772618690653 -0.37489675726550525381 0.3149320761960072157 0.49929410132626239616 -0.80716986301746396215 0.20451503394413891868 -0.86616647779899069715 -0.45599258067230674651
1.0559656942625632592 6.6703089001967512672 -3.1614716649021037398 -0.96024609037912078691 -0.0025349596089034873506 0.27914336798761063552 0.21875152376271242427 -0.6280470731697899156 0.74679625383000591832 0.17342207691984054541 0.7781712201454897837 0.60363427286235005198
5.3122192233356342328 4.9926095102050087604 -1.9489817785551564189 -0.8955637939736851294 -0.0063161407323687347032 0.44488829754189407328 -0.41699218464406739848 -0.33683732612401012796 -0.84419081591502265205 0.15518701256618822049 -0.94154167305322433723 0.29902553241307244791
2.5385499756031997265 -6.6462338210218376844 2.7439334453493682275 -0.99883267307290901638 0.0036359359221536506103 0.048167117124069888656 0.013914870111641894704 0.97655138216002768115 0.21483429519313396172 -0.046256541071024434575 0.21525375251386136277 -0.97546202101203149937
-3.3165500944844916731 -3.7508738836757644641 -5.5571547390541242706 0.98430561363262991659 0.0096664834180627285526 -0.17620731559622976325 -0.16312860903321155237 -0.33104431827630009799 -0.92940772336567234468 -0.067316535013387052144 0.94356569375705512392 -0.32427190084634832656
6.0617385091322706359 -4.0636468260312703649 6.8631722041585048188 -0.93811484340390560721 -0.0064390085952777511083 0.34626446504581104291 -0.34295300150047064447 -0.1218959544884361812 -0.93141001446250071272 0.048205594561030816469 -0.99252199746280889148 0.11214412693208782035
5.5466994456835871929 2.9285625483781574374 5.6549852981020780618 0.91987361559732061522 -0.00042872401198852487514 0.39221467020439393369 -0.34069795596667096227 0.4945503920087014893 0.79959040299657035966 -0.19431272250661554835 -0.8691488514402186949 0.45477779179759303396
-5.4437023253236151987 -6.2117198691064059446 2.4551955965237040047 0.98413985132566816905 0.0031038351152390987464 0.177367187608600263 -0.10688666779760414016 -0.78759345298161709259 0.60685401297812924248 0.14157681052960133239 -0.61618740576879249549 -0.77477034512952835943
-4.3936673982646317071 -0.22895766709895223889 0.58653587140472707162 -0.78197525131064160586 0.010226748578011420759 0.62322557709963133377 -0.2286654502257465249 0.92544534434981129412 -0.30209771017727771181 -0.57985068613455659214 -0.37874309001593475799 -0.72133685165428651498
5.8759007977612567331 3.8737810378718915416 6.023060328976132638 0.89626448294397353944 -0.0062072932220584697144 -0.44347654517911894168 0.3231303891426451913 0.69405498845892088511 0.64333072723738693455 0.30380376598335229188 -0.71989523022879320369 0.62406260044017092259
3.9590168407258379268 -3.1164469270264620882 3.0546660866923374122 -0.1063254515936500888 0.0068761959952191621659 -0.99430760646391203039 -0.22202325578590415001 0.97456480028301595286 0.030481534401862984962 0.96922679091830321596 0.22400037495039529234 -0.10209436707503494191
4.399194181714955576 -3.0166476224598910427 5.0231519394512451626 0.79213364213891024335 0.0022358865674547059171 -0.61034358668124477632 -0.60983738828582778613 -0.037983604614566020274 -0.7916158194662773484 -0.024953012652800223709 0.99927586110736976721 -0.028724563840040170937
-2.1122212715138002359 -7.1444713975664315697 7.1566637035777516118 0.7247947988330294411 -0.00043431518950961221781 -0.6889646659698244191 -0.67041980421357549869 0.23001109692255736205 -0.70543049367797749927 0.15877589773908246107 0.97318790922563069845 0.16641967321901260379
-7.3477311045076110219 -4.6377903533535311809 -1.1959470072480340441 0.97223445207236058874 0.014995659102592257331 0.23352794353451006293 -0.046976281707814523947 0.99013681154407096052 0.13199364902204202554 -0.22924528165325822049 -0.13929904749617405546 0.96334956075465483227
-2.2968156743875400849 -6.9088846423550558384 3.6706311709773848939 0.78921830712011620257 -0.0075469497398671665095 -0.61406637039982059356 -0.46394379549913444816 -0.66246088484833953736 -0.58813410942043442553 -0.40235633252663582926 0.74905848876803338143 -0.52632761858013166201
0.65656052850069446247 -1.0875062985614560862 -6.8250813515204624693 -0.98650088593358142841 0.0093038673201069743007 0.16349140682390811419 -0.15587828503236544897 0.25258019769952605449 -0.95493727751381274338 -0.050179301586717572903 -0.96753123039153698937 -0.24772031791773960197
4.5257926395050196433 -1.9916685003270542254 -6.55018390352658475 -0.8621754031842778776 -0.00098386396159873268363 0.50660892822342107333 -0.27916225729987198534 -0.83355466923002008439 -0.47671275156428438713 0.42275525809061015314 -0.55243610075420446215 0.71839567533520298781
-5.0265007725407517825 -6.3065228716395935749 3.9476094935926733243 0.83866597270942522258 0.00029808234571483812822 -0.54464602942307416278 -0.24957562253212570158 -0.88862088863443244868 -0.38479205412817979459 -0.48409853837528493692 0.45864237421918996329 -0.74518170784951298646
-4.1398405938657436565 -5.5524032591180967344 -6.1965262666821168125 -0.96981906677358442614 0.0023924094113363194615 0.24381397437306673304 0.23936681671098736235 0.19970077290531351721 0.9501700523372603735 -0.046416643351854657007 0.97985400834930536096 -0.19424628063800419842
-6.9375963718304394234 4.4584669203762512524 5.2272305226879201001 0.87524559754428743474 0.0020619959420296023883 -0.48367436582070416629 -0.45318159968186288999 0.35296304122028338002 -0.81856186647223239117 0.16903130387340825624 0.93563499277525852271 0.30986380654340878182
6.881269224511073368 -4.8949983957671294732 -5.3661944299153416793 0.9612138619276534568 -0.0023590058963141747467 -0.27579402953933113141 0.20223003836429828683 0.68597557349341531374 0.698956739829814655 0.1875391245087647818 -0.72762074438651380692 0.65984629203849953782
-4.971144231628056076 -4.174217456140981497 5.9405642108054959039 0.83103603541851034375 -0.00052360820642573160238 -0.55621833273476217752 -0.18547807544333336227 0.94250205049229063281 -0.2780067775210596781 0.52438248575410539853 0.33419995609254282698 0.78315604957263862396
-2.278899291695711149 3.9243610971220594941 -5.9905741377150274474 0.99936335564247524843 0.0030476342613950024515 -0.035547086018848192412 -0.025854611705877276334 0.74843501833762859921 -0.66270397794144242365 0.02458500462808408879 0.66320112729941727014 0.74803732680673784561
-2.5288624309794260903 -5.2203630215876311027 -5.9428599554380827641 0.57072051263076817307 0.0018463666920300321299 -0.82114230641976138081 0.78546814520876395704 -0.29278519672759967252 0.54526747696842148283 -0.23941154801878544722 -0.9561764583523638672 -0.16854877978805180017
-3.2969522392582164549 -0.38361329682469835767 1.2995817480351554707 -0.96927267573582287508 0.0075975563709843874083 0.24587142414094290133 0.23914029734224898083 -0.20510556231488960566 0.94907514270184178962 0.057640248602623046781 0.97871036851792003741 0.19698633530357073651
5.9777061115532381663 -0.057950338942251364283 -4.0652744943123124699 0.3981058810833427164 -0.00029253436420474199578 -0.91733942566017401266 -0.22275090766893126948 0.9700397932725299821 -0.096978516179896126492 0.88988411637671516186 0.24294590733627233203 0.38611338429160624308
-1.3531785477953082175 4.3039400527808808761 1.5372058879229431039 -0.99554467097067311787 -0.014903385514058332256 0.093105838712261232426 0.074878617501483404895 -0.72507638137094176933 0.68458559276324504328 0.057306201611703626309 0.68850717518280890594 0.72296187242382303761
-3.6830341360666740691 5.4344436509960054593 -7.3148529308457774789 -0.99849222230684575585 -0.0017275202063702435606 0.054866179623217749273 0.045456433708160756679 -0.58634429131318144268 0.80878556161624481913 0.030773277807968565239 0.81006011364490737581 0.58553874137806616318
0.26092012192908209389 -2.7872111234879377584 -5.5756600409088541426 -0.89126092824334790521 -0.0055323962663822974853 -0.45345710974505964996 0.44515527484267020109 -0.20150966521309743307 -0.87248532142691659352 -0.086549055838544775021 -0.97947090177157669633 0.18206046664840153104
-2.0166541585280053361 2.2968554876717308666 5.9814889128636004045 0.88525308166863581061 0.0023348139632697745283 0.46510378415998654411 0.075318269813307608951 0.98606910202339626004 -0.14830672360773608509 -0.45897073940347177246 0.16631979641240007828 0.872744857156372289
-5.1164198228187265372 4.0491410539155667792 2.8134838193174043219 0.48826227157448576222 0.011218168986000297618 -0.8726248373966222216 -0.64657219790852604735 0.67622133310926080263 -0.35308511939700448767 0.58612656231273063678 0.73661310152106851401 0.33742672036882670472
5.9161274631982729844 5.3073808858796125421 -1.059055833368849564 -0.96190648153252789054 0.00100058017897752035 0.27337688202388327197 -0.23961812709218568984 0.47830156056937633835 -0.84487322736945935642 -0.13160195270066452067 -0.87819508994089379161 -0.45984161409023349698
0.83259070435005311239 5.8620854954918240054 -4.4839966011353666886 0.86852178417046099757 0.0060272667376600171443 0.49561434853829050562 -0.46126741696931133907 0.37576463638522755728 0.80376197228080448198 -0.18138985766527560006 -0.92669553257693837445 0.32913995418099456503
-5.1065551734695473485 5.9131762993762730929 6.8792759259145022099 0.99999269696245696171 0.0017823647717068466859 -0.0033807096272427078314 -0.0031965718583909889794 -0.094776244005757334654 -0.99549346833635854459 -0.0020947434489650617814 0.99549700489158221561 -0.094769854394262692532
6.7403827308441863764 -6.4520791020702423779 -6.6867236624755772567 0.91645931446553807742 0.0064614388204879604632 -0.40007571125702756643 0.32403000924963398788 -0.59859206257416353036 0.73259272159152155623 -0.23474854213623111421 -0.8010279598313247984 -0.55067897139192101275
-1.5798416689834022808 7.2003338565954742023 -2.108689040521371183 0.99884740530924975843 -0.00092709509751617239642 -0.047989596806629584991 -0.010507697764010209135 0.97133793917153088415 -0.23747041123843812271 0.046834273717849941865 0.23770096428220130469 0.9702086385847372707
-5.5966744701439052889 -1.1257142875904118107 1.0336865243377106882 0.88544250876721231069 0.0081060010930420825503 0.46467822890051940776 0.46472644543741048473 -0.0056088075155357637602 -0.88543654328772747331 -0.0045710588451969846879 0.99995141583201785362 -0.0087333496724217047485
-3.2659855359833827038 -3.1105089880974809979 -2.0774920111981867166 0.99656627979675371787 0.0030586625839824650025 0.082742338347621249839 0.00069671375852234525804 -0.99959184701702086251 0.028559656283528241788 0.082795921167532898766 -0.028403942689154342699 -0.99616165930926869887
6.4678939606689684894 -3.2940467748750550392 -6.2090371427697954587 0.57737994661934033402 0.0053628124675198056426 -0.81645798268143288112 0.024877964088452352021 -0.99962967577584393997 0.011027157894436638574 -0.81609649193254962807 -0.026678672209313011865 -0.57729954469451105759
-2.6412525782772973137 1.5146508786551655668 0.48011906343528482077 0.68077238887016744417 -0.0069291492560574511825 -0.73246224574559093412 0.23127887242331224282 -0.94676955349915992155 0.22391403649092694872 -0.69502448713887854392 -0.32183753581216240081 -0.64293200481834456017
5.0162487118172629508 -6.2027461688138920692 -1.8721227942176188463 0.84534331631418779818 0.0054693131529444851541 -0.5341954363120513527 -0.52892062602476352939 0.14910970347122415314 -0.83546948938680676289 0.075084278836959505998 0.98880553343131682986 0.12894172376372214917
0.66775321292900136072 -3.574942627832834674 7.1879848664821492932 0.98549573713726712487 -0.0028805582563366568388 0.16967573329277144123 0.10623824908056611616 0.79015506903240484426 -0.60362935756543856236 -0.13233135122338191003 0.61290021150802898031 0.77900047767424096534
6.0225254255090394651 -3.3260958729720839777 3.3742930604498302394 0.99611946335132139918 -0.0042211644036554453463 0.087910161550552326504 0.063407085541615060276 0.72713714789797601057 -0.68355768567842778438 -0.061037334770478866852 0.68647924216102984563 0.72458311727932345203
-2.3816142796358072964 -0.90502048073771390602 -6.09416201842334182 0.99397388416471577077 0.00666369829478653114 -0.1094144082078024327 0.072293777809249157307 0.71045359486443449004 0.70002092771170543184 0.082398587903504821872 -0.70371250143024310919 0.70569057528222289832
6.9598237449580464542 5.5346449673013822235 6.945635654508293122 -0.90269506548886069286 -0.0063636953020088059263 0.43023379937437716825 0.3072206013378570022 -0.70960124194307183654 0.63409902976307075395 0.30125922534523080776 0.70457475175807193768 0.64250859786417491293
-6.5894500128690500773 5.144799850620530357 -3.6609878100775268273 0.99525704122646974081 0.0091164283478873744948 0.096852014038797049067 -0.045278704114142392934 -0.8377693433362027875 0.54414370006440837546 0.086100295254696174174 -0.54594818261461264264 -0.83338305781729982158
3.7780994958617903912 -4.0513175166550388084 0.14825586409615215677 0.87618689081171308164 -0.00083055231892631897414 -0.48197079014458854562 0.19373793077205897495 0.9162585455624524533 0.35062214970542920911 0.44131864514198759775 -0.40058655477534749201 0.80297463570369331798
