1125 14.717824617146108679 14.977075390850430381 15.033177056927090831
-5.9850204588284192653 3.7515310561195400751 0.68972776589861473084 0.93688971583203883853 0.0038697892202678831411 -0.34960361139367485128 -0.31622830226757453476 -0.4171138818167952067 -0.85206553177600696802 -0.1491218334554185454 0.90884599043348457403 -0.38956596932974357772
-1.4680795221616111945 4.9703424108682527915 -5.9270196812406599207 -0.97912621592478232824 0.0015797632161428506667 0.20324703598565990736 0.068145569694219462753 0.94464358194043529515 0.32094342870634878784 -0.19148899346914360908 0.32809450993114935846 -0.92503294964740034878
-0.33054126964151758772 5.1331593744636077048 -3.5929127325144887273 0.9002474166720298987 -0.0027698788387562258556 -0.43536986178015474325 -0.23023662836659014586 0.8456885409506675888 -0.48145818786592481375 0.36952088402911276166 0.53366957893062294538 0.76069119673518659219
3.0032596854156632382 2.5300160978542094448 -7.515986790466996581 -0.99315402765948512798 -0.00078133408868888507698 0.11680953240552932604 -0.10056563364107348746 -0.50301392573866743341 -0.85840756278315355488 0.059427524549788175723 -0.86427795299318099786 0.49949173095835674996
-4.5981613143421729006 -2.0457732011261335892 -3.0534761040934021992 -0.99924108587418669636 0.0031590777305351234322 0.038823607880987487384 -0.028461967405979216733 0.62123949325006855293 -0.78310370222458225431 -0.02659264395250511559 -0.78361439002501354079 -0.62067811225572000478
-2.4216845539529785469 -5.6369148312771120146 -0.70758997081137708918 -0.91282693148136162531 -0.0046474713960844614771 -0.40832021033985477221 -0.38322704064554574677 -0.33554881695534732877 0.86054867773872700809 -0.14101073888327739225 0.94201135473492114691 0.30451696023396251922
-3.9055673323305373223 2.9498777701199405676 0.96014232485439088283 0.86105285288291477652 -0.0016347309748674637014 0.50851284368912097467 -0.38886324094992485989 -0.64649644920344251364 0.65637468035056478755 0.32767875179833050314 -0.76291524353757134147 -0.5573032987503412361
-7.1795847861385428956 -4.6354756075951559779 5.6992256646757715188 -0.95066311992753482762 0.010210417877445601698 0.31005705890457485596 0.3036530925276828552 -0.17400824467653064342 0.93675820262382969439 0.063517177268465938034 0.98469126032030118711 0.16232279581280539826
-0.69655530209494687099 4.1712145652512040428 3.2207434487336015216 0.99631639875289035313 0.0055571027459440699298 0.085573080961356504104 -0.058534415359938821166 -0.68519367935808273007 0.72600505782418534029 0.062668618898319636279 -0.72833971495232152638 -0.68234441730587602759
2.1528801788576577003 -6.7413699058502061234 -2.8668316541095171246 -0.99912161989503145421 0.0044536539443350313047 0.041667176828388975685 0.039229058258116747404 0.44900832156251219152 0.89266601153840963168 -0.014733283628759656983 0.89351647558076174871 -0.44878863423594900217
-1.4564031391175482621 5.8926385130653571309 -4.7671289640599496806 -0.6742120568469607278 -0.0029300339378344362681 -0.73853200154312947934 -0.73691115830662168307 -0.063664685309471613639 0.67298495719274364912 -0.048990276233470089751 0.997967044919589652 0.040764323728031577609
5.3705771472613825779 -1.1387957808961124417 2.1166670555747510996 0.99499778868292043654 0.0023654724651148363763 -0.099868939395945877102 0.096623893119955714393 0.23102028185498346691 0.96813917008344008153 0.02536185707701125655 -0.97294605909654330311 0.22963610842795437184
-1.583448006491465776 6.7441136702042756568 0.20343068361408317424 -0.8217049201432944372 -0.011735604312677089256 0.56979233041847499042 0.012092747349021040412 -0.99992190088009424986 -0.0031555668296061318949 0.56978486262263428053 0.0042974099034220778967 0.82178266141011735435
-0.79507262334069706 -7.2135077613255180751 7.4442293459780906062 0.99563815410129852257 0.0051643518861100145417 0.093155759711746569107 -0.087096489341211530411 -0.30652257304264729498 0.9478703042926739375 0.033449478954313126289 -0.95184937972615124568 -0.30473577189559830636
-4.7419802759158633521 -2.591705104904449275 -5.6228956909704832512 0.99665923881435658505 0.0069885793438940746469 -0.081372731579833532112 -0.051171902578273462114 -0.72308735219236452973 -0.68885856130698042143 -0.063653735731204100223 0.69072124685591140825 -0.72031407113096723727
6.1159948476808407847 6.2524054721511195254 7.0133943970538119572 0.53183802556037140796 -0.0041660906601154760673 0.84683585083337375998 0.54287372095587260734 -0.76580959287297678539 -0.34470826877108168285 0.64995110405586109525 0.64305389443828897544 -0.40502500069024982565
-2.4395811624911045712 -0.2566442456722047849 6.9654124937742034618 -0.82967701925760284354 0.0034056245060561070662 0.55823332526597113645 -0.49014476247292243505 -0.48307352597761821222 -0.72553296294512603648 0.26719684791587194894 -0.87557316668645801538 0.40246425212996855825
-0.82891062293600803468 -0.77492016665603347114 5.5042124188036734012 -0.92083146068928933836 0.0016485652489460810369 0.38995730950639112544 0.38982849149143522505 -0.022154918524276555336 0.92062093545978551656 0.010157176101673706312 0.99975319045149357855 0.019758288281988389823
5.9888023608266900411 -4.9701308192148117016 2.5467141533925392594 0.90353087636338402788 0.010192157772168825708 0.42840176864459000861 -0.27944915187110164201 0.77191386760119795607 0.57101414389095639379 -0.32486939987698948418 -0.63564542075354080186 0.70029620311598550497
6.2113713415613309721 3.0826643480338558057 -7.1823580683842589423 0.99981225112524196863 0.010739295842001221615 0.016128546883592814049 -0.014006692265914779186 0.97571597064384252285 0.21859130175320848344 -0.01338936411965239992 -0.21877616907529426338 0.97568320308051825762
4.5147484790067720084 -6.7943540016954555583 -4.8751703522102003419 -0.65361986004235417269 -0.0038536138501840851156 -0.75681320563172693738 -0.60044317846635231195 -0.60608707522728988426 0.52165740354718492799 -0.46070496849006598028 0.79538896579136797449 0.39383667313474696181
-4.7256456090115941393 -6.0713913097871188285 0.80748095284800724958 -0.83720502692792375665 -0.0079889951116193340386 -0.5468307954416808947 0.44795284617974662211 0.56358267540982720512 -0.69405534042855254739 0.31372916741346290603 -0.82602103116983582876 -0.46825555584430833544
5.9356704452770641112 -0.46067057487580703734 -3.8496972689332338291 -0.99314971793380590892 -0.010730461494946295919 0.11635503841339875364 0.10159000289561005703 0.41270285068855910859 0.90518275963762540037 -0.057733084793340910812 0.91080251110197107955 -0.40878561213747438563
-5.8727716109061542937 4.7669010536073228579 0.2050500919950270784 -0.96691876327950432302 0.00099262272232475716113 -0.25508257470529721589 0.10205041075411222518 0.91798507339790280657 -0.38326116250357622484 0.23378156232487201649 -0.39661369078588021297 -0.88771828943545816326
-5.7501838634644579784 -5.3947524267377904295 -4.3746156913170022307 0.98758704121701479384 -0.0043804876676314576794 0.15701161532811608312 0.097370930631295052327 0.80144140563067134408 -0.59009370036348485211 -0.123250711511699515 0.59805725868719528115 0.79191967865655166214
0.65472178946413750467 5.3434998360024197339 3.1372615778239896223 -0.88953563319345452243 -0.00056664597992844324692 0.45686544648434801452 -0.32398353204553431706 0.70584575553673867265 -0.62993367932981025881 -0.32211958686538211261 -0.7083653353341154979 -0.6280585350543169687
7.2905624893614149329 -6.7239483678596494443 3.3546026216835529432 0.91014675167748892992 -0.013003593152184229551 0.41408187231055038069 0.32462313420195604285 0.64337900651105150995 -0.69331325872350046957 -0.25739602007790796101 0.76543736552768815162 0.58979058003842899094
4.1932544519584498133 -2.4148125836464089389 -1.619972999954623516 -0.98067309069816888112 0.0028529010564488873659 -0.19563269188957571609 0.19496803760968925423 -0.069375064299696448389 -0.97835298576944795812 -0.016363174845642175503 -0.99758656837846171328 0.067478034203710096639
-5.6071494760949311953 3.4849669535401281983 4.6935272261834830587 0.94003713663169352621 -0.00062032999939374189238 -0.34107154226669933461 0.28938646216102337227 -0.52780602719442237802 0.79854635004809715326 -0.1805149779696999246 -0.84936471132719471022 -0.49597775139691457902
3.7017869898866719858 -6.1781783963339238497 -2.0550173893129985991 0.43048029962747819122 0.00097687455810987512683 -0.90259944457583807242 -0.57033265934110166651 -0.77477338230711423339 -0.27284952585106753142 -0.69957656430264747449 0.63223828718639973889 -0.33296753429449910122
-0.69452135368770184787 7.033638253689298736 6.3550074183209908085 0.64482321068536530007 -0.011103127088358717006 0.76425110240692240016 0.30908011764736342819 0.91828262046427655552 -0.24743991155100639179 -0.69905114822619984771 0.39576981886203926875 0.5955617034710970481
-0.23780117920538082488 -7.3810941480052019159 -2.3283723252420371885 0.86441141196479598374 -0.00014598205693669256966 0.50278513259096502264 0.41812754795720163958 0.55554974669635626139 -0.71870288199295162546 -0.27921723532850123428 0.83148328764619339193 0.48028458007797608653
3.6692451819761018328 6.5585141643159117208 5.568328144106337696 -0.95310799492376740982 0.0025445995425930336906 -0.30261968710843184516 0.12636127248213102625 0.91197112105337874155 -0.39030949665783104541 0.27498723393853968799 -0.4102465105004369228 -0.86952850545177484687
1.117961891966029464 -0.94110888511027201986 -3.6927708647004626741 0.89952495784155839242 -0.0081562173193768291307 -0.43679323064736774729 -0.43521346848113395822 -0.10370018355717285086 -0.89433523288688776542 -0.038001145678829381658 0.99457515957784004001 -0.096830598871679787742
-0.85568163564036126001 6.6494176496064651971 -2.3958540902001845829 0.8890629543354828801 0.015142093998852466583 0.45753445795658709283 -0.3836907955833044892 0.56979464453796535572 0.72671551272868739613 -0.2496966892310512609 -0.82164760088814847716 0.51239319213067158199
5.6535559048861685483 6.6458961410672854342 -1.1734707046197971891 -0.99467497279319905257 -0.0060065841104764003053 -0.10288643956303167304 0.057285852498628032914 0.79765303328953174322 -0.60038984800497052774 0.085673972722947910885 -0.60308669313060558892 -0.79306141689435705189
-1.3142623530207857563 6.9146289266699669795 3.6370757552187682471 0.9495284027590115139 -0.0096856359510209630997 -0.31353149891221049339 -0.30341055800719307634 -0.28203262182894162091 -0.91016461890909661214 -0.079610587509895330838 0.95935592387835300077 -0.27073670913969577478
4.2537945899377813674 6.8376189021325766149 6.9930507443028417924 0.94094928750577544463 -0.0030396471304490035176 0.33853389621663820819 0.32961434048072729697 -0.21997020699807331989 -0.91813261274324597938 0.0772581703883232912 0.97550185472842776413 -0.20597889826308068972
-4.9982544348785156174 4.8216026492390460234 -4.0104698086266212798 -0.85737194322200560581 -0.0099172779291061222834 -0.51460178640788156734 0.35432851721544966761 0.71380385559507020243 -0.60409879790118725662 0.3733157549093925609 -0.70027544818888232125 -0.60848142436734897753
-1.2407164234747294351 3.959629567425832164 2.0915064982287301376 -0.99915768079743050301 0.0051765085891174317245 -0.040707894350597163824 -0.026398095604339706644 0.67842055300785963912 0.73419935562817761898 0.031417661467580126899 0.7346555362993731908 -0.67771245638003729805
5.1458402803580023388 -2.8534769766249810097 3.2432716387749493947 0.99538807547769647677 0.0018113917856229222719 0.095912971264078772382 0.015883512748103952722 -0.9891335805079075616 -0.14615907065338529236 0.094605989343635274458 0.14700843095306745378 -0.98460054235658556188
0.95716463217998370983 -7.4383560973174169817 -0.21371170624182683762 0.61556862836887771273 -0.0014099059614786778501 0.78808202360742174442 0.071517352267987013836 -0.99577231258178500184 -0.057643471617350394709 0.78483153102601843631 0.091845052456321477075 -0.61286536388245671514
5.6559444668336924522 -6.7585217777012500662 -0.30200204350690412758 -0.71365386555501497678 0.022397448462315221185 -0.7001403534155217212 0.69813412403458130484 0.10479161333643434439 -0.70825663613743916613 0.05750569569041111273 -0.99424195851755692299 -0.090421362998104548581
-3.0020443738631228392 3.5424333513575514409 -2.9716761083598179916 -0.96340673785778285776 -0.0060346454057921099234 0.26797582074724252132 -0.18344242153420511898 0.74378945416117314693 -0.64274888242634931057 -0.19543882785153940396 -0.66838673755051536407 -0.7176787816527148145
-3.3323558821457988088 -4.0217691880226089651 0.22233810177477633663 0.96307115769472728672 -0.0080668008983832261566 0.26912612645347511187 -0.055433044686902022136 -0.98407812455785559358 0.16887102274619766873 0.26347888487185755491 -0.17755329197131547447 -0.94818442601472263664
4.1730300835111844293 -1.2524832630892119845 5.2942156075047277497 -0.95217310421327538972 0.010421371149639707329 -0.3053813593465376508 0.20858360051310151362 -0.70817152746239087069 -0.67452647782619301609 -0.22329187448272017069 -0.70596351372787502498 0.67212815450256591099
-6.9820169713756001784 -3.0257576839182278583 1.2693841807624404172 -0.97228568533536319229 0.00218197634656522527 -0.23378576746922488661 -0.0051194414724820766494 0.99951799199860635881 0.030619846342883873247 0.2337398926391542342 0.030968090840006862879 -0.97180586535516100266
-6.6401609665065155497 1.983181878290691369 1.6922534594074409853 -0.98969953564350765518 0.012474203096020722303 -0.14261564922605315942 0.13414715707691329816 -0.26707911159443392668 -0.95429203517480953867 -0.049993693554385515432 -0.96359386797916746215 0.26265469384297646105
-0.53131625535290727402 -0.21200174549936254276 4.3366440497731479908 0.79153204440273572384 0.004685878857783588175 -0.61110969982717033844 -0.61035218527317625092 0.056421200340761305803 -0.79011825575947225442 0.030777144374276158012 0.99839605903238504148 0.047519224454134610658
4.7511820913586539916 1.07525038817140417 4.8144497292813666078 0.67700596182455818894 -0.01133304157284582489 0.73589027023241448955 0.60308012560187984619 0.58165758266893652362 -0.5458652018839665887 -0.42184984266684744103 0.8133547926288653418 0.40062038334255173355
0.072781739852709997907 -0.41344734288203094374 7.182695825694819014 -0.77349497639326469933 -0.0059527145398489984124 0.63377447620092031144 0.62393131784391053785 0.1686425560550897651 0.76306578936602176277 -0.11142366044820914417 0.98565929888418057914 -0.12673008488718734421
-7.2061646638125544939 -6.0605127294226175394 -3.901878360590832262 -0.92708285856349004206 0.0090963120411495339279 -0.37474608799184261354 0.02415943396184124306 -0.99617718673713939737 -0.083948403053370923566 -0.37407712454595515306 -0.086880778839886860232 0.92331903216582256189
-3.3122268571404327453 -1.9648949834294624495 -4.9981677741768537615 -0.90974756145447976952 0.0057144573030148216111 0.41512253541018617753 0.37043144042132780669 -0.44031043859916524363 0.8178675110359115985 0.1874564546102016338 0.89782741250106923303 0.3984545331485705999
-1.7807096750530042595 -3.1883167766340396732 3.4800813811027091482 -0.784173607522139271 0.0069111633756911280621 -0.62050301295509913135 -0.10548073678968523936 0.98390153931265289522 0.14426217489253367887 0.61151088905417383401 0.1785777051012725769 -0.77082062492448299995
-3.2074788480176290584 -1.1862974110141384365 -1.9551476540364591816 -0.27354296257195154229 -0.011426118417540893218 0.96179191691615095738 -0.08390073982070325731 -0.99583467236713119064 -0.035692732720577165229 0.95819356785824760792 -0.090458549233466606365 0.27144490672261517572
0.37911367518937760801 -3.6793918897832096349 4.1403459884409592462 -0.94496756766328415811 -0.0063216683182658892429 -0.32710293880382479426 0.2878740794335687414 -0.49112274370331099327 -0.82214777565079877331 -0.15545034723251666131 -0.87106744120478951654 0.46591490898905207896
-6.042318305611762419 6.3373046085297772834 4.9960831905735405556 0.83408465887759564161 0.0059304613357232353887 -0.55160457889085123817 -0.062506839243382600335 -0.99248601455829166262 -0.10518748002440217459 -0.54808364039880430596 0.12221432213298434599 -0.82744666450037340777
-5.3721645661555816886 7.3067400565258804335 -3.2151169221720330427 -0.86944264306887630855 -0.005432124882310930894 0.4940040307859357438 -0.37767503226553472695 0.6519263630058810266 -0.65753599690150599244 -0.31848243345068211196 -0.75826282332526362406 -0.56886415807822776625
4.8614340559480693216 3.8288789454717764293 3.98146703121001444 0.85377250227280909733 0.00443726996564274348 -0.52062733792804305466 0.257013767584845787 0.86604069032871655587 0.42885597345359716126 0.45278740887386415004 -0.49995383119877295774 0.73826128778042399148
-5.7987065962241963746 -0.92792289063062571852 1.6545885440637442265 0.97356372362088894334 -0.0050939679086149762532 0.22835876935266585797 0.2229962811064912509 0.2376798237061101271 -0.94539989423288928183 -0.049460435319417447864 0.97133019766395356509 0.2325323900965906021
-1.7870464632509339697 2.4362272282852068805 -6.763218154786655667 0.97156857565095045004 0.0073192177660214765428 0.23664516022685677665 0.12865830173656497837 -0.85538390633053784651 -0.50176230845376035283 0.19874995396671654713 0.51794285576873155819 -0.8320058016362060771
-7.0332729165349041622 1.3333230436016580978 -4.3975035992717401712 -0.99171430400186910692 -0.0091643773067880650307 0.12813568365837718632 -0.029977787310898073442 0.98642300067342014724 -0.16146515416755471972 -0.12491625797294231281 -0.16396852725745994506 -0.97852452731808381436
-4.1850912323260809345 -0.57884448220994100254 2.6947653536024462895 0.87510079658416861648 -0.0026997648871113708036 -0.48393316386390022865 -0.10419826717311603259 -0.97758124023038550643 -0.18296895875500157613 -0.47259000934837719354 0.21054127865890806537 -0.85576343287430611806
-2.1307376736760872404 1.8358127781472866058 -5.0708914600059173949 -0.77260396939373132685 -0.0022189686044201050938 0.63488438526671375772 0.2309109333972566569 -0.93249127653303609531 0.27774117452659069505 0.5914078519218008978 0.36118567990448319227 0.72095884578599445103
-0.18146267086504194732 7.1747135879214347653 5.0903078288753853542 -0.91463308400979881352 -0.0070445696362758528433 -0.40422357139754139244 -0.17775218688642618892 -0.8910156142450482708 0.41772638799652583863 -0.3631122163901626676 0.45391799833253010377 0.81370017149929341205
-5.7037114264002672925 1.8639622270566180706 -2.5300645331557181095 0.58878680308875919192 -0.0028027146888724525572 -0.80828351789392116622 -0.68595841804813684206 0.52721009617296255012 -0.50150828826896887147 0.42754081584999475973 0.84973034504117661569 0.30849180134758025229
-4.1518502283642781947 -4.2925562525451796958 3.8329362350055440345 0.99671257981880911903 0.0050418639311872910647 0.080861689563724900576 0.080699799016172052424 0.026687573634008122936 -0.9963811097427396346 -0.0071816202733386092297 0.9996311084702990124 0.026192962959942715784
1.6987037593627938303 1.8522876247130879435 -0.016231451326532531088 0.97725133327654634119 0.00073760533335112156428 -0.2120832090187673713 -0.21095977276149469049 -0.099469036811501557183 -0.97242063171874182359 -0.021812975169185618712 0.99504038443376496836 -0.097050643790264248811
4.9188397716211644806 7.2823890654648000265 -6.6923915027869407268 0.9909064385775527839 -0.010352811851255003944 0.13415382690167657054 -0.088643912394945165167 0.69985500972468217551 0.70876316365808555986 -0.10122591951127932197 -0.71420990237453718663 0.69257312146013205734
5.5099766565258736506 -6.5712854184411408909 -6.245835112130977862 0.99252298743609268517 0.010708013913079333229 0.12158724377529769867 0.074907459051597444222 -0.83992874637577741304 -0.53750216147480189832 0.09636904061607703964 0.54259104254459156191 -0.83445069870005572632
-5.6029348773093623493 0.35137018487013560453 -5.9941877110690953145 -0.45558921439654742613 0.0024376679962798703666 0.89018679247681720135 -0.4012234547621531533 -0.8932260591497248603 -0.20289639376942072979 0.79464344650552143356 -0.44960122890245945992 0.40792220814157809095
4.6273825432467567964 -4.5665549758290051585 -5.035695867906769152 0.97569310490695260185 0.0033639928630125421824 -0.21911560553515818661 0.18268878551813366728 0.53973123360411057181 0.82177551868995535322 0.12102798305732799522 -0.84183067123045396407 0.52599747935982954505
1.3342567039115409422 -4.6737436695365914829 -5.9914045433104137217 0.9972554722550529549 0.012805257995955221517 0.072921522370937949531 0.033951071317362441215 -0.95436180290300454132 -0.2967168244573860636 0.065793980071435886892 0.29837824070687407607 -0.95217728268376877754
-7.3438747780347410909 -6.0194269336847616714 -2.8078282407339449911 0.99569917184263923016 0.018279743536429405443 0.090824061614257101116 0.087487727692183409056 -0.50805671766671656187 -0.85686887511277587404 0.030480431347461887925 0.86112962009784421724 -0.50747090625465274272
0.60413852344263985206 -5.9758290193840224447 7.2297653612187042782 0.79865600049049156883 0.0013774174355900194872 0.60178625408180919099 0.52437055961132750248 0.48905976969908759866 -0.69703375662510524968 -0.29526955327883463998 0.87224918709235432779 0.38986824251711033051
-4.3734395492539164252 2.3752625852637927473 -4.9541899585124191674 -0.99631471156301476544 -0.002023527665560423839 0.085749057481181750751 0.0028961812040548960863 -0.99994526662788107974 0.01005365021198305342 0.085724020306831724691 0.010264944419651606672 0.99626604040203059487
1.6374674380171057031 -1.7454602298121766335 -6.4649273183914486296 0.66265210545505581763 0.0044687270889778593977 -0.74891402551576646829 0.26181025491350096157 0.93550750690135375809 0.23723636937343386966 0.70167483748398329357 -0.35327855158435356175 0.61874606053878045131
2.8696783521620612412 -5.25259678352556314 7.3501504897193354893 0.94642267159167059454 0.011611435670459925237 0.32272170868887872786 -0.21090720047334546305 0.77900372395789407864 0.59048399711437526971 -0.24454504592375239658 -0.62691177419262844595 0.73971572099891336194
-3.6822125760314108334 -1.757953455454179359 5.4926865422387018967 0.99551245721305914316 -0.0067629698100802508945 -0.094388610399110867144 -0.088365176530777800323 -0.42334008038418574627 -0.90165113648074346475 -0.033860642498419905866 0.90594560464721574089 -0.42203793468112821285
-6.166808198128559404 1.347015774755338402 0.86161941836988376053 -0.9611353362612798934 -0.0009647073149445673651 -0.27607595826086983593 0.0055770809636699909123 0.99972198630075115311 -0.022909523669731986228 0.27602130634752952698 -0.023558850707244071571 -0.96086274722019116012
-5.282973339192547968 -3.812111789871825529 1.2727642524653501876 -0.95856925672837944852 -8.7011356508227138962e-05 -0.28485956624997921249 -0.14325930819026083674 -0.86419031227920084515 0.48233999914960012934 -0.246214846570921575 0.50316507886763528479 0.82837380012657058082
1.2283309397672597107 0.10186500869206506492 -3.4687944143990883106 0.99703929868226137678 0.00062292362755685245709 -0.076891149356423119099 0.0012388671441175016195 -0.9999675261902132295 0.0079631509582677555137 -0.076883691972931308967 -0.0080348323653011803624 -0.99700769273732281484
5.3061407953641319679 5.7969985238041239484 -7.2783132261871950064 -0.72815203431819486291 0.0034486501002959609255 -0.68540697525702609649 0.40704363047091640659 0.80673103654944433583 -0.42836960391811990112 0.5514617827297334518 -0.59090874209169852449 -0.58882659646809076825
2.2460303753351071876 0.37857562041601577896 1.4262954681810360302 -0.8638891665033203715 -0.0015514248276319742709 0.50367956190337426214 -0.16953237714235983025 0.94254383389205276256 -0.2878713155082871511 -0.47429345462344046913 -0.33407890426217945468 -0.8145164237929003459
1.4550239401342575096 2.7584437167521458356 -0.5321640877880271514 -0.86526883060637693745 0.0052688300437845909246 0.50128045065703541461 -0.24693163322803482473 -0.87470171272905106186 -0.41703918552104085604 0.43627356015727675187 -0.48463300875889153696 0.75815316891046646841
4.130114104445164358 3.6587828762107732494 2.044078495298433662 0.889425318633607076 -0.0048862727006324163312 -0.45705440257428558981 -0.16355189025757688182 0.93033559626368289575 -0.32821708900954016386 0.42681773834579433968 0.36667670046491651625 0.8266648750066227791
0.98638841413602096342 -4.0459380327914553632 5.5415161014579039644 0.70660453357610597536 -0.0071946727632383336917 0.70757209513495100683 -0.3286652197947336207 -0.8888784221513327255 0.31917757429229198785 0.62664918928139057286 -0.45808665917883867325 -0.63045016159512945464
2.4356701922698764662 5.6266034831695730389 4.4235980093837499183 -0.82273302247802460041 -0.0023054553363040268185 -0.56842330933890816702 -0.03994704520661095104 -0.99728485251460097238 0.061864016392751963735 -0.56702258094669921729 0.073604400824108087709 0.82040708485238722503
4.7781447818798143956 -4.1521065272037409599 4.0309707251134474504 0.99144963637701766235 -0.0043760923293545365281 0.13041651867698872413 -0.089837232627195284795 -0.74775603553338376717 0.65786790692146646098 0.094640848272825220389 -0.66395915622827128555 -0.74175558555289045071
2.2119786821067037863 -6.0453233471351248696 -1.1881555459577088918 0.44774168927585406008 -0.00028091355524832717361 -0.8941629050525846667 0.12910486694049877476 0.98954166088355688391 0.064336884505704947101 0.88479337306329230994 -0.14424708823132223467 0.44309532216008462591
1.8155643437942095009 -4.0625424719893867831 -6.9142272561258781849 0.93499960310959029375 -0.0047546384821599025489 0.35461688566376720066 -0.35464827333991738589 -0.010880551216617111859 0.93493647689154257829 -0.00058685776460760518541 -0.9999295010240102366 -0.011859535397232603623
-3.4205333704654905524 5.5289985729159782935 -4.6219641925208243549 0.98851669934805164175 -0.0026472642724135477497 0.1510884744174944283 -0.1253429601207798616 -0.57282626361133659465 0.81003655106753202908 0.084403065454333070505 -0.81967253443618826036 -0.56658014334508111087
2.0887175444885137665 -4.5000805000920278687 4.412734029455189777 0.99988054440878271212 0.0047947482788680021934 -0.014693784453352702266 -0.015454723471010078234 0.32368128651930616613 -0.94603994433626348304 0.00022007966084960743636 0.94615402295091255436 0.32371672248864130639
6.4971780818203477281 5.8437471969210186273 -2.7206678741401879584 -0.74677419807901301851 0.0014396051066246674799 0.66507610438232622752 0.55936019392876379364 0.54232351081321206188 0.62689822385070281818 -0.35978392200218389796 0.84016851711795759172 -0.40579846267859503994
-1.9992554417228676211 2.2520044479372458568 1.5869742179197674492 -0.96717096000334579209 -0.0026210773211907539837 0.25411309309029855852 -0.16140260353303065299 0.77870254168712171872 -0.60627679416478830188 -0.19628941310988845537 -0.62738782385675939679 -0.75356153350429411208
1.0720613060616606127 7.2064340463087894761 -2.9657363946348493933 -0.52961392921895888986 0.0024185105491537715189 -0.84823536638367669216 0.66735799388865790771 -0.61607204741165388917 -0.41843582589340638789 -0.5235860903139653022 -0.78768609433248737428 0.32466632536336820225
4.1022951458153817939 4.8623581409532130593 -2.5887901626137526101 -0.97481031807485585272 0.001587903202149818253 0.22302986871321314744 0.13519181641711747188 -0.79112742389585899438 0.59652373962283500308 0.17739226744324262941 0.61164930942758133359 0.77098450420751563072
4.8144650132811586118 -6.8873897192358644048 1.8606243221264240351 -0.8994323164747587418 -0.0096434703773269452032 -0.43695367209805330289 -0.4284996804925649827 0.21635800652498016206 0.87725551399254675378 0.086078637876355543201 0.97626646797460758798 -0.1987316069722394607
-3.8219116571722726583 -4.7057338139010829181 -5.2679194735716148301 0.89831894063361161784 -0.0029266128421383025456 -0.43933417330796031841 -0.43630516785818551639 0.11146561324460135811 -0.8928679731988087287 0.051583731923771435068 0.99376398204062021957 0.098854775299601641003
4.5499073787735415664 -3.8409873244059458131 -7.3375360883075488871 -0.75940337673204194591 0.0030997991932309463051 -0.65061271325791025788 0.54751924673070029304 -0.53715252892593057243 -0.64163060644563951751 -0.35146719031412898548 -0.8434794318258778123 0.40621824456725175168
6.0805637866904822531 4.2645827274462018153 -7.4749144852067219702 0.89457429970060897695 -0.0030447313195442020362 -0.44690888548590740337 0.38936580541544740797 0.49618780005861917726 0.77601026838966946642 0.21938799394750663208 -0.86820988054978720516 0.44506236801991505558
-5.3020432968467225976 -6.0707734414463345729 3.5730951662880863218 0.99682063931006414936 -0.0016845541677024346208 0.079660374858716062607 0.033251700550900972764 -0.89975914862921524406 -0.43511814357544731369 0.072408131144564222281 0.43638358898486356852 -0.89684247547090134578
-5.0765662260620230128 -2.7539447049736427431 -2.3254940912067700864 -0.99789478031859435436 -0.0060872539640701465655 0.064567427950092182165 -0.064076710254618113316 0.24619396158154885357 -0.96710015431896900751 -0.010009126628120101204 -0.96920146441285803807 -0.24606572041669280693
4.8185406916712123504 3.629052387247061251 -7.5129250617012832691 -0.40039331508186221109 0.014411103441853961166 0.91623005480900465702 -0.63918888111288008069 -0.72084668843876864575 -0.26798810799828493012 0.65659939651163867769 -0.69294471053929274085 0.29783361233439009652
5.7576902872156718871 -3.9267286779908578964 3.1127405432139023667 0.99998561990003742572 0.0048273036881004436141 0.0023360505532061216424 -0.0031542311874274437528 0.88171094551203621492 -0.47177946054256775232 -0.0043371440719511423351 0.47176530786333525924 0.88171349285245759209
4.042134497285666761 -3.9142754185322701233 4.922818087280252719 0.98908533799756104266 -0.0032060072338587434354 0.14730891241129798197 0.11615399376036443513 0.63208595498417052827 -0.76614332552422226286 -0.090655633535366680897 0.77489164857375980588 0.62555934097338816713
-2.0812583211962296659 6.9746969487777059626 6.5513054560519874414 -0.83883953497923247067 0.014884656420810143257 -0.54417523056370331602 -0.48028556613995143643 -0.49081524762339651113 0.72692927280309960203 -0.25626940807176179504 0.87113652185157275376 0.41886411971308129543
6.8140801749974206913 -3.710942444914622218 -1.0307494691365290951 0.94057444467295192592 0.0018198208259037969466 0.33958268842825722889 -0.18047276049638236173 0.84975817687316057558 0.49531870907117819813 -0.28766177491423788881 -0.52716954491824685736 0.79958925340681830107
-2.9181319545127246684 -6.0089607001994691515 2.0825244565717095924 0.99910344076234958166 -0.0016803270730375591963 0.042302377683349046134 0.027829140861597594092 -0.72692995155976802835 -0.68614749467164626306 0.031903817571623173388 0.68670956162420604407 -0.72623145373785813472
3.7986326744631599972 -1.0192798339769071347 -3.4942836032796225076 -0.89304073867750433102 0.0068985073728158995826 -0.44992293746646833119 0.32225519958053078229 -0.68804792969958195048 -0.65018584480090801936 -0.31405385749218567293 -0.72563245312765423112 0.61223175151421871387
5.6480892543070329026 -1.7747083050444976138 -6.8795677952147675782 -0.90704131377975105721 -0.0025307282218634489374 0.42103402536054967964 -0.30928209621315361222 -0.67452220095857096105 -0.67034646666923913827 0.28569326218631474479 -0.73825022575594390073 0.61103679440173064297
-6.7519615158279489009 -6.3373383706637005375 4.7441712978702490489 0.96722533724091963592 -0.0009588414108305442704 -0.25391775759561280301 0.14900119109295434372 -0.80757949568203157842 0.57062597487913457872 -0.20560591443861969685 -0.5897579493123094041 -0.78096848154764153538
-3.0148729184300422368 -5.7165029828570048664 -7.1183303691422628035 -0.88238385572966571146 -0.0054204489116566230422 -0.47049904344343240759 0.41529355064108097739 0.46110773462248405563 -0.78416256214331370167 0.22120126117078092731 -0.88732760342773842055 -0.4046229433084372884
6.766969211669367823 3.4561966126074565864 6.0828177623772061722 0.50223605347885158512 0.0014398625725069178274 -0.86472936424164137392 0.84249482229432104408 -0.22612962085199764251 0.48894567078641876234 -0.19483690870415337759 -0.97409615612083932934 -0.11478352511352701848
6.7266514946151874099 -4.8892260912011806795 -4.8226251810753240079 0.53297048395360757667 0.01594318763654997001 -0.84598361568206892347 -0.11993113418440046192 -0.98830474145334745728 -0.094182063441257388159 -0.83759118087979944622 0.15165603446220071726 -0.52482517177023269017
-4.9446671677157008062 -5.7308141312071079199 6.6400701127482584241 0.99588281050158811158 0.012732951174682368561 0.089751321448431800598 -0.078954709314080787075 -0.36460372940152707688 0.92780939550296170903 0.04453741825113877173 -0.93107571789890175573 -0.36209726029712835382
-1.839335399129766957 5.0641914185166525542 6.9137298939191653702 0.99735577955401721884 -0.003044031050766767086 0.07260979868578791574 -0.068059108626823600074 -0.38947173692099440467 0.91852039926860873376 0.02548345979555550686 -0.92103338702492476564 -0.3886490618311004841
-0.8750952435240489935 -5.4160501556108480159 -6.4836694131698120458 0.80930223999337813634 0.0094868523394369304313 0.58731582983456098734 -0.47806627867199591453 -0.57032073974218000512 0.66797222024324243161 0.34129535235386132541 -0.82136730727042361888 -0.457026507993857245
-5.9156342335436393753 -1.5062585034820308305 2.774061711048104506 -0.99402436364559276782 0.0076578905884464674308 -0.1088894907265590406 -0.081850409526699835494 0.6077097171886801652 0.7899300032881143574 0.072222399152019944868 0.79412231825206747171 -0.60345146342889377511
-6.6420879477633310017 0.25454718762707634339 -4.3800784968388386531 0.99985265423101177262 -0.014327451066609837166 0.0094548386114384208589 0.013227676245624212653 0.99410684602464582937 0.10759464330565655932 -0.010940676778757686682 -0.10745372414609336009 0.99414988747113586243
1.2689972187211577825 3.9496566889159163694 0.90625904434854254177 -0.96190663233889628358 -0.0059219796740066117657 0.27331403333783688137 -0.042997883765096805986 0.99059907862857576877 -0.12986395732404187875 -0.26997557788499704223 -0.13666892688864468175 -0.95311845631521330269
-3.9795843359238927128 5.7228704947572230921 -6.4089451510371384657 -0.77421093808795171665 -0.0029315971240267257175 -0.63292087110714634335 -0.26893322928868518273 0.90675260448455019535 0.32476858290911564398 0.57295055766552993592 0.42165284298668026519 -0.70280618841330888547
0.25982505108255310455 -2.9776120634628657768 7.4713749497137404987 -0.87700850936515828415 0.00051068408497256692451 0.48047457133843968213 -0.43302640923966606579 0.43246581512058407393 -0.79086120631438949768 -0.20819270737006098648 -0.90165018602223645505 -0.37905506017465412372
0.74278868348737314697 1.824443678938982405 6.1095121616995307079 0.99976021065769726803 -0.002942866053350944467 -0.021699325451737850462 0.014502686629008177885 -0.65347268058047003336 0.75681115730126902186 -0.016407110233383828679 -0.75694438056864332687 -0.65327330533206739993
-4.6265320058515602142 4.3450270459389868094 2.0360173901598499491 0.84864459324336205537 0.0029125471606413020492 -0.528955453160099065 -0.24303356161164757498 -0.88604199568949515431 -0.39479649163189889371 -0.46982660874955850527 0.46359583577022056566 -0.75122690231865685284
5.5623532789662890607 4.5659807658121946972 -1.9159068410317374731 -0.99995064949373102525 -0.0067079017354329459333 -0.0073282079308447448107 0.009900584041667647231 -0.73393737471094244729 -0.67914498337099971081 -0.00082280787755519523008 -0.67918402076067119211 0.73396756667486018344
0.41027315956504312178 5.5018094889979840545 -5.0487568363515782366 0.98323938245999742414 0.0046850626092838501893 0.18225906553039408764 -0.16473988010017329153 -0.40544973891599978 0.89915031063640016296 0.078109466034892716113 -0.91410533277158290133 -0.39788233425780911157
-2.1686076457084206837 5.8991797370671079648 6.2009928488970160743 0.99808007487508010325 -0.010891783077465192614 -0.060971576974656715997 -0.030221166528458295181 0.77363659333316825428 -0.63290844720967665005 0.054063344615738903598 0.63353594256147527375 0.77182210660997863094
-5.1089558736915297033 -7.3849007750358959257 -6.0902650036657384192 0.95605113140538400263 0.0016954846895019214104 -0.29319508773213914798 -0.094657541691472488199 0.94822158728600103306 -0.3031761389122311634 0.27749988097204825177 0.31760501686290287804 0.90670881176036577376
0.98212791155266176979 -6.3309262673765420715 -3.6447930072100294119 0.90319311769331722672 -0.00072259860917236453867 -0.42923381740337052115 0.42082080577366931529 -0.19553364257572775076 0.88581964532806067858 -0.08456974387730240017 -0.98069672808271801667 -0.17630055572295680322
-6.4506952441154670197 0.16831773154697632355 1.1645112628359122198 0.89313608455791904106 -0.0058555637645113121567 -0.44974842615996679651 -0.31050797127728524405 0.71539197488433980965 -0.62593859287019215643 0.32541163813491835732 0.69869881540188294444 0.63712418814724125493
-0.39266451264833018842 -2.4645353035605115366 -4.0455350177935347489 0.94398056454555989703 0.011819804812437755687 -0.32978930542758905231 -0.030601774839725315314 -0.9919168110348448586 -0.12314451414133778528 -0.32857910027398073982 0.12633816604914221982 -0.93598848425743430557
4.5157942624790656794 -3.8652300017501839413 -3.9002932118692541508 0.65328604694482805826 0.00021613336360941544367 -0.75711115046175636589 0.74716295834256207797 0.16139185194546032398 0.64474815533397056289 0.12233092228906083943 -0.98689038064616674273 0.10527355812318339723
-0.19032350798647490464 1.9747070275712632625 -0.27052813929253499703 0.85607658222855775865 0.00063612157781522352812 -0.5168486052117111651 -0.26424477370834020817 0.85996348546378464928 -0.43662054834473668086 0.4441931842428263888 0.51035516948334103127 0.73636269327953818298
4.8370489250660826386 -6.1978622279350963353 -1.7583107685564152156 0.72698937745761127438 -0.0034995991488425610451 -0.68663978756672816584 0.1197017365302953662 -0.98402902520558177546 0.13175117390199353462 -0.67613455712267955811 -0.1779736788368949385 -0.71495974033913722856
-0.045575396611407033298 -2.9205358425239160702 6.2011574011021801667 0.9723223748474497663 -0.013383747270055614681 -0.23325967221114313199 0.13521970543446762414 0.84640461440781222802 0.51508723530247468858 0.19053826553538680266 -0.53237214804895727216 0.82478789112618566826
-7.1904308300179495816 -3.2193532346097324393 3.2540024696463034637 0.65638559207843460985 0.012688626351996048353 0.75431886710676931962 0.62845949378890186843 -0.56234526568772702504 -0.53740717042603680653 0.41736868495197060325 0.82680517712457413104 -0.37708961786496181245
-0.73554031669914432534 -1.9786613380593676137 -6.538026070327594752 0.60777363686049290514 0.0096595892980659032317 -0.79405157179612761986 -0.13804637596713309478 -0.98341626427777906194 -0.11762503660513054515 -0.78201943992434708175 0.18110533810079934569 -0.59636100819189719058
7.3113336020132759785 5.3454982452809423066 4.7539132923311129275 -0.51111723834850975035 0.0093386528341902648453 0.85946027146471415392 -0.85127216754973289436 -0.14361908496594419371 -0.50468728455227440666 0.11872179841210406259 -0.98958897932259615171 0.081355925322096567243
-6.3248901560559618318 5.9041093745360946343 -4.7551936821044007431 0.98017104204808136458 -0.0010354028337703905568 -0.19815058988406655804 -0.18278208246119989622 0.38144027598341462282 -0.90614238737014418668 0.076520838087373435621 0.92439290553244535253 0.37368745970365419007
3.0542928176591157552 -4.4508829632115043395 -2.3688055241169085896 0.90968291891445729469 -0.0054587839310399777909 -0.4152676109610630717 -0.0046189989460006970756 -0.99998475195542213534 0.0030266657414065182077 -0.41527780085632259865 -0.0008351854688535180829 -0.90969426214600723757
