1125 14.717824617146108679 14.977075390850430381 15.033177056927090831
-5.3206739294802778417 3.4172322147864933051 6.5076141412575640999 0.83276687816177152879 -0.00052630718911599375359 0.55362356311613147852 0.5424808304729652475 0.2003992952980489517 -0.8158153412466883081 -0.11051640242971803862 0.97971416517512222022 0.16717140709213582084
4.4953638630888024252 -4.890127599167390926 -3.7576113229313827802 -0.99981671505903635389 0.0095668268504532187613 -0.016583489154867035731 0.018767932272405064842 0.66086195039350659197 -0.75027278188685742055 0.0037816671923247332371 -0.75044650598572293365 -0.66092037390846214429
0.58248974580853729588 3.5299740450163121785 -3.4684247436554374033 0.99612623425188917548 -0.017771629657022922771 0.086120233478557461915 0.018038018282910989187 -0.91724240816615509875 -0.3979208395623447525 0.086064832141250852127 0.39793282578962679841 -0.91336866096208968457
1.0188987670186946399 4.8063040493184248092 -7.0658754352431936141 -0.97515577270707576307 0.00795912001755778864 0.22137721509809304976 0.052196085706423589468 0.9794717712636027418 0.19470649176278470582 -0.21528304065339731732 0.20142418351884502914 -0.95555298686195289104
3.9413256427758636136 -1.2911719416865226062 6.2170314023562651684 0.97920262233481880632 0.014852404749612269433 -0.2023403827361857088 0.057548156508839355683 0.9360220457732315591 0.34720446354978218295 0.19455188021474970061 -0.35162783720799745124 0.91570051327127410801
-3.687729606373484792 -3.9047933652086657119 0.48199656062614010255 -0.80464754596393250896 0.00016139815572377685243 -0.59375272691989877671 -0.38267358302764509226 0.76446340318215544318 0.51880307829455540869 0.45398596412985592341 0.64466710723115772108 -0.61506183853923324101
0.88561310691767836101 0.94685534083719535836 -2.4963925271940921036 0.56536348535058300602 0.00026052856538107994899 0.82484184032883978155 0.015965281337750502483 0.99980915726156516232 -0.011258723179434097783 -0.82468735847235941083 0.019534103017276420455 0.56525143042307335328
6.9849447663178292345 -5.7178282917185763168 6.551815154107899275 -0.95733615315304410043 0.0055974388638189154221 0.28892240921121326025 0.04178867922574918542 0.99198476271164004459 0.11924737664444058638 -0.28593914764293487663 0.12623351071002250623 -0.94989678629778750985
7.0559830598081410002 2.5953861301004117479 3.9164408734406026547 0.94351044212427703783 0.010417333158420048755 -0.33117899204576711769 0.32755140530747356431 0.12144557870313328618 0.93699575681785296499 0.049981221310108889244 -0.99254342503653614216 0.1111729595406150406
1.834481365518678464 -6.4347569471485623893 -2.5306904613451268737 -0.8928476630603591202 0.006343636609819275525 0.45031412241029739052 0.34924385722724399228 -0.62155779800636012933 0.70120940661591513177 0.28434447199940782181 0.78334262108746000042 0.55274095128848321767
2.2923163301394753333 -4.4451418633551407211 -2.4570838460846462503 -0.78782882686085964341 -0.0059624990763667284899 0.61586539777113458172 0.59427045234979591903 -0.26999979777314320195 0.75759008617228351667 0.16176640266461239648 0.96284191735051827266 0.21625696095554039489
4.4492352614246808429 -4.6558648637041626372 2.4098431799783734952 0.70574748589294999945 0.003117947502986111348 -0.70845660739323645938 -0.48073167558281487688 0.73664975176853986216 -0.47565134217250149007 0.52040132806040040325 0.67626727084972459991 0.52138760642183634708
-2.7602072670359238948 6.0330800308226644191 1.2460294868212662411 -0.99954984792985657194 0.003152216396240839838 0.029835633649806889145 -0.029976287870467407254 -0.14584734881575220355 -0.98885285710719661445 0.0012343698784632037898 -0.98930208448947354327 0.14587618707584631972
5.5414654241772902665 -6.1765421112882705756 -6.4904625450206294701 0.87151918751969503774 -0.010093370107222734977 -0.49025751362415426193 -0.22958491520994256385 -0.8918367216424144539 -0.3897666335620180722 -0.43329559482315638252 0.45224482950078381815 -0.77957010056624020944
4.5514003923503176807 -3.1173494578533920141 -7.2451288722324003189 0.59441503601807688106 0.000241149133974645144 -0.80415838415250640026 0.31786481965243285064 -0.91863265968555696261 0.23468274965651164665 -0.73866956170060871223 -0.39511261484048398884 -0.54612571832025835761
3.1957748833699763935 1.7040394491638362062 -6.3849032185521217286 0.96318310506402038396 0.0014292972910634081304 -0.26884245057014877212 0.25957425891533614237 -0.2652992499213014943 0.92856745156163755794 -0.069996501540253802665 -0.96416506112815791862 -0.25590276409543938341
5.6591487710289181123 -2.1026060759412730228 5.9718820620414660993 -0.2900706090838291451 -0.0031692611009380791155 0.95699999870940966051 0.93652726926209983738 -0.20670112621934086383 0.28318071676606482168 0.1969155038949764458 0.97839899846833477959 0.062926021025229372796
7.111377135820498907 -2.7198694263908995694 1.2265575830422434933 0.8570779970564675887 -0.0073483338726357989856 -0.51513426303350973168 -0.455972369471934591 0.45460519547370020765 -0.76512960635868121351 0.239805140144961626 0.89066274101803122321 0.38628147318053573933
2.8057927063214815888 -5.4918948597370720321 5.527009151833003564 -0.58213813588190232995 0.00021897679770390386655 -0.81308987375380659124 -0.49934632061290779026 0.78910529733506229455 0.35772347114514280175 0.64169185972884701386 0.61425791144025621016 -0.45925894154696400573
5.0735366762401792329 3.9158406527104103745 5.5207071639598206403 0.99816673457557547611 -0.0029509829378765086577 0.060452143768747926278 -0.049160465511120451931 -0.62215179409618348583 0.78135164537705070753 0.035304654328656051576 -0.78289107595028661901 -0.62115629641854619436
3.6614456942441497844 3.9202112079546194146 4.3799861359328700061 0.31702647567817665575 0.010881120321227058176 -0.94835426657956167773 0.018553577355555714995 -0.99981398255520748108 -0.0052692555713430740127 -0.9482351915460475178 -0.015924870722190977851 -0.31716938693083496226
2.2370127742845689056 -4.4475903737438606811 5.052474164691362013 -0.77804454154113122932 0.004313422369933231533 0.6281943057407750608 -0.13845137930122553005 -0.97656608409818956851 -0.16477226392454463744 0.61276252084092797112 -0.21517452864291453096 0.7604091104634554954
6.960161812674135362 -2.8952302659591908629 5.0262791667553781139 -0.8757448987729552492 -0.0027879986188507417839 0.48276609174306728267 0.022382876421332877775 -0.99914247468613326397 0.034832773664019142656 0.48225499387389381134 0.041310317618282313412 0.87505632878231232041
-6.7872409961371538145 4.6372402006037214406 -2.6804946277633736607 -0.97454362048426546039 0.0029319361472636864922 -0.22417880257502342811 -0.21704329430231966702 0.23825252472573649198 0.94664034504144267679 0.05618665474957470346 0.97119881497676541215 -0.23155112095564342467
4.7082685757057367582 -1.3918191076521304606 1.1623580242127435902 0.95071992473089861342 -0.0013133858936087063757 -0.31004822163190465245 0.20166014385076283522 -0.75695748848975974443 0.62156942251147495604 -0.23550968366865904224 -0.65346280356011632318 -0.71938970889337439107
-3.2188158478461463829 7.3671769841379672883 6.318224144241113116 0.99954028080793200228 0.0095335126922116084081 -0.028780882162608097813 -0.013425006029578755856 -0.7119730148063971864 -0.7020784823654175888 -0.027184485564665520491 0.70214210692933354263 -0.71151771968193233686
-1.8938830566407562905 2.5460186821216805875 1.3607737554826229154 0.71045525700056899598 -0.0073473212432552002446 -0.70370401780223656996 0.63984317259859224691 0.42307898872912591548 0.64156440345063303621 0.29300860444599047261 -0.90606301445680759166 0.30527982500342243366
-4.8138206319166929603 -0.19960937459269709193 -4.1830047029094954425 -0.8458616089524992887 -0.001112471366796757323 0.53340125694231066422 -0.10147440911543520459 0.98207111275457359412 -0.15886873130848633284 -0.52366122903543210754 -0.18850753804649181267 -0.8308091389151002204
7.1885557861748452524 6.7604908140728934285 3.753371655553273456 0.66034862558103435415 -0.014466934436567366329 -0.75081981893219451596 0.47939897356957211771 -0.76145560620927665862 0.43630492079829119589 -0.57802795506251525293 -0.64805560531516115397 -0.49589072948171480926
5.794188431985241472 -4.4392218617298064842 2.3346193955279708199 -0.60139779102215795703 0.0023441896637672447225 0.79894630716237369228 0.28445583302565052852 0.93509600600859821284 0.21137724239926658498 -0.74659599249616936945 0.35438674399796338266 -0.56303149083084669257
6.7416149326683028065 4.0980242549486769477 4.6867504837265308026 -0.96593705958216413698 0.0070975921047588151278 -0.2586797655635693638 -0.14419839765464270709 0.81528295273364714824 0.56082129871794195175 0.21487768390302713906 0.57901928393455137645 -0.78648855668230710503
0.69096798689165728202 -2.7870332598198386265 -2.7800812177232243627 -0.7020107170608852476 -0.0045800540807432784524 -0.71215165255477230755 -0.48260375578563069476 0.73842336626436444469 0.47098253370631321113 0.52371229509470684782 0.67432184842209752507 -0.52059146814682222271
-0.85025266020133571931 -6.8213407252258351221 2.7964983826193221539 0.60588712345015194316 0.0024400937087812497872 -0.7955468808185477414 -0.76577526752464475379 0.27281133854986455711 -0.58237635014325672689 0.21561315656712293221 0.96206445704093712656 0.16716144057122597766
0.568825807504637182 4.0607697477972006794 7.3132913760673989856 -0.95662707783464184796 -0.0036594832535619312673 0.29129236539251301963 0.027348968693330324986 -0.99663304815729769626 0.077295544711093705503 0.29002873627459913042 0.08190955684832822159 0.95350624362503055842
-3.2370175358510326902 -4.825371463885532286 -3.5125146512725002879 0.75106436296137324415 0.0020777946153049814404 -0.66022572311221072727 -0.10638033354738933578 0.98730973623345741341 -0.1179097509664164406 0.65160229229481270163 0.15879284463774281932 0.74175419457393565459
1.4339855425666396815 3.1855476420598582976 -2.2269018980047023959 -0.93286659210406586151 -0.0045541107592335034263 -0.36019325564360449299 0.18664738415556306195 -0.86133510305720706324 -0.47250882978966823877 -0.30809523742473071684 -0.50801683074135672857 0.80436075510897819818
6.4453320388856711887 -5.1199571860677366431 3.0202634521307358817 0.35438068836452074617 -0.01026271290096265193 -0.9350449210803765121 0.51830813671989706126 0.83443575816437343118 0.18727957952340093528 0.77831292108259753082 -0.55100965710271898601 0.30102716597564643797
-0.7848420571166911941 6.4377526557438056187 -6.2024841551470339951 0.95091680348726725924 -0.014139389796251221679 0.30912345511419425659 -0.061119164981507760614 0.97069495546876916059 0.23241288927137593312 -0.30335075493151208992 -0.23989868920799486962 0.92218595651789092571
2.0318629566642250062 6.1998581048267915605 -4.8542578487063456905 -0.96807245413813169943 0.0001538506546569177319 0.25067050059578205312 0.25048127354634908137 0.039446934641249556397 0.96731746130736151468 -0.0097393604288247750261 0.99922165492809500442 -0.038226027534374068528
-6.6359978904112395526 -6.0212470275391298813 -6.2332795603346804469 -0.83312190265425234426 0.002816479594978275186 0.55308223869564399067 -0.14071794759414107956 -0.9681602164789974152 -0.20703684322409104945 0.53488910490185204161 -0.25031552622642083694 0.80699181085522697643
-7.099160802636573564 -4.2643252857800080236 -6.2916232537905099065 -0.5570483963827033147 0.00071566407755151292477 -0.83047972396230684833 0.29051856080213916966 -0.93664864401056902032 -0.19567392136526751134 -0.77800774412399187341 -0.35026961829128722137 0.52155071142223596858
7.1249905569541134298 -4.3366872614230622673 3.476296788772142321 0.85539145259598048376 -0.00099049686185602643131 -0.51798115963969970643 -0.12994634188566847599 -0.96842927944242951366 -0.21274087277531106288 -0.50141740202781814872 0.24928648105068743068 -0.82851483952261772981
1.7377784421811082183 6.3658633816043019849 -7.1824679274765204084 0.87175025379697757 -0.0067933145856938622828 -0.48990340464413661969 -0.45327906883755242351 0.3683760729156663194 -0.81168784311262021092 0.18598274317446003567 0.92965204231488329789 0.31805266774729606949
-4.1973305285332749293 -3.7813456075278244484 5.961334641028878778 -0.79373995951331988152 -0.013429444668362270493 -0.60810897599668567448 -0.25901426834414897904 -0.89712004891320595856 0.35789275856342644966 -0.55035305528902556116 0.44158268518345228371 0.70860161351786232764
1.0064063474124138597 -3.8603554647228772723 -3.6393383838324657731 -0.67390056716055801722 0.001580265125361915695 0.73882036270180739823 -0.0025155671041396055962 0.99998700835587983615 -0.004433400673092594349 -0.73881777015908223216 -0.004846223428405066827 -0.67388783682128505781
4.7079015446748435636 4.104466587873979222 -0.050455830180616924319 -0.9279248612877045721 -0.013043904129460267421 0.37253900248078136714 -0.077926468964411729767 -0.97051856716588424945 -0.2280815122300000608 0.36453109228018903964 -0.24067315461316582392 0.89955184142417665694
3.9797976591136254854 5.4415587717430957682 1.9222534547860492538 -0.9817667828181484424 -0.0038289642714049304528 -0.19005084369072602901 0.098815493302959842015 -0.86437233428845916539 -0.4930476305591616204 -0.16238682963289205463 -0.50283775390209017875 0.8489904067846565372
4.0084407637528931545 -0.29902855977515380159 -0.85849879516862104278 -0.77951332573446574514 0.0056339128376910957777 0.62636030687501587089 0.60996765860930013403 0.23427005274796511292 0.75700528256816634887 -0.14247256035112945693 0.97215523524361280305 -0.1860531325600160435
-5.495980388848249909 3.5522490171961886851 4.7475700248498604594 -0.94984503568490208369 0.00047685275825334254123 0.31272061140280826841 0.30126165384784042711 -0.26683014479879063607 0.91544693442464675215 0.083879819417947615312 0.96374345467971667123 0.25330363095768865245
-7.3170404627884222393 3.6679423043624406198 3.5526890419730530191 -0.80867153126942714625 0.00081926878481438161761 -0.58825987736121998495 0.56445227007253084839 0.28269420558522229125 -0.77554988294668047999 0.1656622748980697557 -0.95920973458735381278 -0.22906919423692034821
3.0530979762012782075 0.65475529858956782459 5.7387341521626318297 -0.95440472005044807435 0.0035164491868461024426 0.29849499984130822838 -0.27894430597892855284 0.34559661050153234196 -0.89596487485379505689 -0.10630947515241426227 -0.93837658612893193322 -0.32885814281821779126
6.7195028057760950446 3.0923254354731617433 5.0489095302457256409 -0.99808500330180061066 -0.0053262871973712155871 0.061627565658035059204 0.015211781306701283034 -0.98682526050176166965 0.16107298639216954816 0.059957717549296962734 0.16170199720622777106 0.98501651570206849584
-7.2017353981199159207 -2.0972834039391683447 3.534850085306083578 -0.71761847108379650528 0.008927415888141892672 0.69637922944682950632 -0.65653927241183918095 0.32490720673081946446 -0.68072864696253687633 -0.23233577800332783081 -0.94570376347986917498 -0.22729821380653772445
2.2297927523763805269 -0.31240373437029755888 -1.390473389757140632 -0.81800347180624355392 -0.0087612336961043549288 0.57514655601581921029 0.57095307955190988114 0.10910042106079859137 0.81370122223990115629 -0.069877757999886366824 0.99399212215615140309 -0.084242269843684353114
-2.5860455453001200965 -2.5409568858487756593 1.2145302132893063263 -0.87161035286785371046 0.012026363731891531739 0.49005179251671099339 0.3970547567468701855 0.60359281059564540151 0.69139224694961409767 -0.28747680413936466115 0.79720203560489477645 -0.53087286755794393933
2.3890191392165136541 -2.2987315696194108305 -1.0534787240221872295 -0.99995092741471991449 -0.00047299132754137084185 -0.0098954050715887899303 -0.0098841799965368980219 -0.019682581903200241369 0.99975742005518031252 -0.00066764371012008306115 0.99980616733885707692 0.019676940896606237574
-5.9581177470376713856 2.6466651587341445406 7.3222910851966949153 0.37817675208270512544 0.010925522181146219564 0.92566893495953983528 0.054590311234563808351 0.99792704540260612767 -0.034080932692128321215 -0.92412241727136767988 0.06342117169308746083 0.37679638118967678784
-4.3998576694462370185 4.304162000746766914 3.7104214530618908618 -0.88499373728916030934 0.015915515794699523072 0.46533082996520996888 0.43338394209036668059 0.39346926202096726977 0.81077758885095763119 -0.17018943474064651689 0.9191999979338504323 -0.35511536167979435019
-1.3612082097716260431 6.478576262711414735 6.1667579171457287401 0.98895455032703016851 0.0087007709985217826509 0.14796348864321332006 0.080379542296080491726 -0.8702172756716350932 -0.48606689077013087719 0.12453122727947855963 0.4925913008842178753 -0.86130469853923452561
-3.233870831362884779 0.25201245789151993648 -0.030460874768700005322 0.99887722804484779804 -0.00057884047507830108797 -0.047370330767329257848 0.046991229273760141971 -0.11472561936569278251 0.99228516900756325025 -0.0060089653554475860875 -0.99339704912222370758 -0.11456960823225220691
-3.3751890061369267393 4.0632299465693719753 6.7344509316592473525 0.97337927252082612206 0.0085691498834245920235 0.22904008709625772733 -0.19304374118184577935 0.56936288375666488371 0.79909950606339741341 -0.12355932104580524822 -0.82204165117744187885 0.55586025034366415287
-3.523929863130371487 0.47658080115228040885 4.2286308821335598651 -0.69353004241447990808 -0.00059209613293013073354 0.72042746317074268791 -0.32155015341189252531 0.89512140018267039032 -0.30880929030026821325 -0.6446871947768898492 -0.44582208150464630592 -0.6209839712372291487
-1.6539749662129907826 -2.5590311768191957853 -0.59863114186156507479 0.99993879641356786525 -0.0073211254243279143272 0.0082948507858904771406 0.011006252328838639701 0.73450320678107317018 -0.67851595533057618148 -0.0011250940906426219745 0.67856572294134220869 0.7345388307042798326
3.9829741146864718893 0.92650069040400584441 -5.7369442111131965234 0.99724898220314750485 -0.0055736180318045102158 0.073914831237893496851 0.029837810514553683716 -0.88262854519817268706 -0.46912317813667964161 0.067854053368798503132 0.47003806865329583742 -0.88003411380351526105
-3.8738657562601055417 3.9099186942453481031 5.3974441288679120277 -0.99972593453190239376 -0.0044449012780791094523 0.022984748789919830225 -0.019576572455294358188 0.69713654504724997807 -0.71667105102024941665 -0.012837976289446318551 -0.71692459883325099224 -0.69703249992557936299
6.7928892186131886177 0.049726621967958635484 -6.4937095294910038845 0.73848236350653906346 0.0017446514992131804001 -0.67427053545371895549 0.12542095253239715635 0.98218928612052591731 0.13990636474496609409 0.66250538371832867757 -0.18788603572768122763 0.72511064957213566817
2.1552225820973553994 -1.986313139174620046 3.6939812974034964554 0.9777290284984295754 0.00072442558205746635652 -0.20987001224371101826 0.13435953025393762572 0.76604330689079436212 0.62858982540101382419 0.16122488474650326085 -0.6427885555727481659 0.74888544475312202042
-0.1721857326301913238 3.3121922909247247802 2.7700050919600229804 -0.65220487164675233771 0.0016228972714245892828 0.75804100918407690823 -0.74844394181009710199 -0.1600127217958685899 -0.64360515444746912994 0.12025170006338861683 -0.98711361811491449281 0.10557572431170608729
-1.0828227100745537737 4.291156455531087488 0.36704878359393788845 0.99990759022955810753 0.0048630373901218677118 -0.012694954456006983523 0.013563132742184506874 -0.42028247342510627327 0.90729195078642776995 -0.00092327217832344904425 -0.90738029149794308115 -0.42030959323973077213
-3.9491444634920656043 -3.7823808341949227696 4.7611796444684015839 0.61395463075774003858 0.0052107753835812405108 0.78932411542460345633 0.3498826782461226248 -0.89817054727634759725 -0.26621754162435068425 0.70756047291682488964 0.43961632797826938335 -0.55325912675752508818
-2.298221216673384415 3.2416342876363661851 -4.0096419234994984393 -0.93262754092583322052 -0.0051663295234455584859 -0.36080351847763553197 0.086583936821440596332 -0.97388959934080321368 -0.20986250303569398135 -0.35029857520562218687 -0.22696333918751240843 0.90872358331542102405
6.3249893839757582725 4.846712326791934089 -0.85859921431899433042 0.99955843726494042478 0.0098758206216601543415 0.02802496493281372153 0.021398017313339824652 0.41515997744260219049 -0.90949673885340642787 -0.02061687045819656644 0.9096948176707345679 0.41476533528686060359
6.112263318825905678 6.4672472400419973582 7.1589093642129935091 -0.87451589132319496045 -0.018782457354437717689 -0.48463303139476821002 -0.039280026066501799731 -0.9932242606693605369 0.10937388888579577251 -0.48340359470673305298 0.1146856020322865044 0.86785262418868447387
2.0288052644601783925 6.632982942581596042 -0.64073183342967909848 0.99555710334928959604 0.013197383396734504654 0.093230268915987679623 -0.092244816014796490733 0.33536756772855957909 0.93756039188638451432 -0.018893064575711028541 -0.94199491696457871015 0.33509495448851744914
1.1075467528615272617 -5.6165303451114780842 7.0249896000230052096 0.81646171702774350543 -0.0063079174281967936855 -0.5773651139495188378 -0.25364565789875187507 -0.90221015699141493549 -0.34882762627228608432 -0.51870429423450836737 0.43125055686838414948 -0.73822002976310829858
-0.5294323860572509588 -3.0836161099174512756 1.3532855288940504046 0.13679269046452746661 -0.0050780485303809630437 0.99058668134526861593 -0.79027676319555395512 -0.60350531101198401362 0.10603762131028776627 0.59728585902259279106 -0.79734280770774568214 -0.086568178958958491576
-4.0422184923552162417 -3.1337379696637652771 -0.51189031716357924484 -0.87106048434164395911 0.016411643579682635291 -0.49090150801719995011 -0.49041787126265040664 0.026439892111765568583 0.87108624352097530075 0.027275339865260532501 0.99951567774603078398 -0.014982181920599635383
-1.6928937296111024047 -5.4146756206324564431 3.7228739218929325361 0.96063873145669287368 0.0067531501096057804795 -0.27771860324616304272 -0.27699358417437086599 -0.052865656085128505393 -0.95941637297514636984 -0.021160858951974712006 0.99857879877875210806 -0.048914217546023791572
6.4023137076486680286 -5.2797051425508483291 1.1545323639132418769 -0.96444966771125895111 -0.0027213434360355420738 -0.26425259268670886481 -0.032018139277798021713 0.99378384586440349224 0.10662319848950888024 0.26231979949843969857 0.11129358467066924332 -0.95854163227384348023
-6.3600989003386665388 -1.0089352639048410065 1.4287171188766678576 -0.90929202640021400406 -0.0044461523580247817866 0.41613488492806521846 -0.17675342395840640264 -0.90114415999775432375 -0.39585026212053547878 0.37675753190069727339 -0.43349675273419291388 0.81861732667038344946
-6.0699461703310291227 -3.0351486807643879295 -2.6176111258864609432 -0.96240046627677855451 -0.00028321371552457994848 -0.2716344276782976519 -0.068684714358442366944 0.96775684994583988097 0.24234085375018618591 0.26280744381319892655 0.25188608372202453412 -0.9313890960836835875
-2.6654575373334710164 -0.9928274700683865639 -1.9539327115543223545 0.98747981989815947212 0.005175213162726923638 0.1576604657566408052 -0.15558243622631204306 0.19689459263179814874 0.96800135585144786443 -0.026032879820917821656 -0.98041100389633306644 0.19523460914275719835
4.5905189080508304045 2.9817921215717793082 6.3907713416274329887 0.82931511201720153892 -0.0016951636433437883636 -0.55877864257711895579 -0.27806756793713816034 -0.8686360905956348466 -0.41006069035725700722 -0.48468017562261633824 0.49544774551407294583 -0.72084440680599415341
5.745268317545089154 0.55481574750136108953 3.7966689991431716855 -0.86344967715957021692 0.0074263474450064273502 0.50438031719788189999 -0.092632415008712359894 0.98055343877963885291 -0.17301499757826394044 -0.4958567239663572157 -0.1961117106676507349 -0.84597062965349900665
-3.9705844635996152547 6.2384908944578523204 0.23739907485631550621 0.99536799047290824838 0.0082930149327559415234 0.095779901049867804952 -0.091768657605266062971 -0.21498428038541300689 0.97229639136857926029 0.028654441595251517461 -0.97658229816566555215 -0.21322743230272980797
6.1213757835072071245 4.4184830794417520039 -3.5980474945753946336 0.96341800187117776488 -0.0056698929521811500601 -0.26794328874666384355 0.06916540510531414554 0.97116834632115611736 0.2281407237662004539 0.25892450715814058215 -0.23832728634770164455 0.93603322813628375698
-1.6324713328198203754 -3.521443691583574509 7.501332001182377418 0.87276182879750874299 -0.013829336758499538584 -0.48795034546454169044 0.32685799113884173028 0.7589886106821837064 0.56311645552542555215 0.36256122768824100566 -0.65095701724429044788 0.66693651712701740308
-0.97299673490497684547 3.5101106323701154466 5.6262139388098111326 -0.99110804899603455187 0.0097170948905119063077 -0.13270423234424971737 -0.096605844616532876579 0.6332722486748496582 0.76787601202555388902 0.091499431698274805158 0.77386810059935651207 -0.62670249470841232764
-6.6458940522084022362 6.2392813287713213555 5.628067225911289384 0.97917387246540943391 -0.0060347422514904890817 -0.20293375610544492349 -0.17878811452388995717 -0.49923022079597512146 -0.84782309283772494535 -0.096194270027296024939 0.86644836460689800273 -0.48991212873738332334
4.4660798418508234064 5.6526376545447520883 -5.8679915026303186565 0.97176430546501402219 0.0090545447616113966527 0.23577987582341680683 0.1529364131674809113 0.73677036051608479905 -0.65861968494136269303 -0.17967912553110781948 0.67608242920816574717 0.71458236807547592662
0.54939318505973333551 1.2744754133577231858 -5.0089296190974614831 0.91546219045907872847 0.0024451843988536180879 -0.4023965692115734627 -0.09905537641992341602 -0.96784223819555670332 -0.23123458730719093079 -0.39002180739320707614 0.25154606543947294339 -0.88578076673616090719
6.6265187145256314594 -7.337252388558126448 -7.4962384380863582578 0.9645285691549466689 0.0065787170262810732227 -0.26389649441801404928 -0.25462299541127636493 0.28696842510686915162 -0.92348051046008927667 0.069654644436776547156 0.95791745128379479635 0.27846433709616036367
-5.2249096865054065475 -0.91683975267955364341 0.1374349365249180055 0.99179610372123361284 0.0043882440462264969347 0.12775457705056553204 0.12444006451568290217 0.19548660343865570388 -0.97277934713867808547 -0.029243101519712520059 0.98069655408298184174 0.19333677824793063516
0.076860539853370407615 5.7496363851886025387 -1.3638384949568342908 0.95523752329105959813 0.0076738668418952389605 -0.29574040282694036286 -0.28684729537251080211 0.26862620928740105208 -0.91954259761107715043 0.072387175894979866042 0.96321392818588824625 0.25880306279941694969
-3.464207858573666865 3.4213964901789415407 1.0804365068628882796 -0.92332272728569830811 -0.0017109399673050011519 0.38402111134964489469 0.34432991729159312388 -0.44645593456293802825 0.82590193519051702253 0.1700354355294599884 0.89480398477993083883 0.41281203893097345725
-2.5821359892636199795 -6.8726288339171297537 -2.7247290303552573754 -0.95907740348097292316 -0.01088940737067414094 0.28293454179256138925 -0.24284745363400261908 -0.48216488524761152989 -0.8417494506667773102 0.14558725354835552745 -0.8760128105463022008 0.45978898134135304243
-2.5257256743727038995 -5.7553915371224864117 -0.839761550945667401 -0.9874202865777514937 -0.0027566453827636170845 0.15809357533090057091 0.091698732526760917683 -0.82451890832717233959 0.55835464739157047998 0.12881195638472048293 0.56582768641791969522 0.81439947763689979343
4.1427876925660251928 -4.8290978147692857902 7.3305699174083214231 -0.72633515295332307105 -0.0042135266137827264571 0.68732779063394455754 0.68063928843580356887 -0.14370654706059568517 0.71838609909258632769 0.095746564543179785156 0.98961137550327427093 0.10724700859584068713
-4.7152988887984301769 -1.9849416164529614104 -5.7385503565023743278 0.97980673184064936976 -0.0077154012485049737469 -0.19979800004813544345 -0.19842641552242676339 0.08547795747620787199 -0.97638131711356213049 0.024611498585003884626 0.99631018832947459973 0.082220938745105220935
-2.1270723476107900041 -3.0797911168557225992 -1.6374365212083208387 0.99876498209824182695 0.0052966144740303573377 0.049400975793084313248 0.039504508305267777013 -0.6876635963954252917 -0.72495391027009792317 0.030131451305208868663 0.72601014047154166509 -0.6870235596939970879
1.3463573571759110958 3.8789413454435641704 -5.2286011731891601784 0.99601769047242116883 -0.00050671295192167493168 -0.089154380194219381983 -0.071528350206191429472 0.59239036119252685975 -0.80246953529899622826 0.05322081719227036295 0.80565091895201468297 0.5899950350716856029
-3.1039586809236725529 6.3116179040642768072 4.1139055885130124679 -0.98558811925456990544 0.0049721190953576892974 -0.16908973125490173173 0.14389870889885314487 0.55014431945928465861 -0.82257789256944313649 0.088933799881702010892 -0.83505479209352673209 -0.5429311866527581909
-5.0572127431719806623 -5.8023831542211450341 5.8585164293546805325 0.99926326377612628704 0.012798512291879560188 -0.036181870468547108755 -0.037112170795473929663 0.082034506239045734688 -0.99593826443456456854 -0.0097783662406622385427 0.99654730839500538231 0.082449049020797082754
-2.5233982745668788183 2.3539393936865922186 3.2421658800024553138 0.8591491431696939296 -0.012028221109715193926 0.51158388528932075001 -0.25513014448472409734 0.85654241185243140677 0.44860194613171600064 -0.44358917836891648134 -0.51593644821325190808 0.73282891744190614691
-4.4870889497453889661 -6.089982640552593196 -7.1792418663519228517 0.99151766543049579816 0.0064400040340535317368 0.12981234720667675364 -0.040732972755466723136 -0.93305851475915158044 0.35741101405238917543 0.12342424425428488721 -0.3596669770544953515 -0.92488167975526469622
-0.65277417413445304462 -1.0424171386369167625 -6.2446383027878633598 0.99308123593310437816 0.0089570343840193224205 0.11708727673205074349 -0.11164968543820827374 -0.23693930705323795749 0.96508761908686890862 0.036386901201390889349 -0.97148316316250227231 -0.23429992981823408171
-5.6053922082526996817 6.7275024973332167022 -5.296716808487699879 -0.68353271992665842749 -0.012631906179514767671 -0.72981056154045431672 -0.174041440067774833 0.97383254058295221078 0.14614978631875055748 0.70886712290027087402 0.22691544206636651837 -0.66784488036000544398
-1.8507599958822291697 -0.43739923408062958421 1.0837196412018577085 -0.65760370915748711518 -0.0030792796020557323955 -0.75335773689484497595 0.44222570905891778192 0.80800139975602469633 -0.38932012565445761609 0.60991293144959257688 -0.58917251805345915994 -0.52998298087857409477
-1.4637685772943529461 -3.4063133035780550628 2.4352068790374929996 0.70712322248211345599 -0.0010646889951885490228 0.70708953793967277424 -0.29574964200411352211 -0.9087703333191891053 0.29439536432033219793 0.64226855557533557572 -0.41729527641261271453 -0.64292748798197618676
-2.789083111849693708 0.73600237147476199606 -3.3866808550349811746 0.96890388245186864768 -0.0093159103514163597165 -0.24726196712006487388 0.17185677867614407299 -0.69360150441097589979 0.69955857560455403377 -0.17801829735402907584 -0.72029866506403683601 -0.67043218815484939554
-5.0718626514854214804 -5.3129688966259367433 -4.5614716291694801242 0.83854938986144311741 -0.0073671787439020921043 -0.54477577537944821273 -0.25772279548228937962 0.87559813889575532908 -0.40854235992251669574 0.48001445962777417042 0.48298408238746848298 0.73233359523426433402
5.6678664725137313241 -6.7500444075922949594 3.1313508108005332353 -0.23274155487248371355 0.0063219841641921105391 0.9725180724037072455 -0.088551520970245087283 -0.99596286056229776928 -0.014717625975720634302 0.9684988367413699395 -0.089543357636017631429 0.23236176607578229447
1.1342050154583269705 -4.3161541466650890086 -5.526956316935721425 0.919006147669714335 -0.0038723438710734220392 -0.39422418177750195856 -0.11924652127351489939 -0.95584339778491411721 -0.26859572981538515357 -0.3757764863710604808 0.29385098921696728436 -0.87888772230970046984
4.990209141581718022 5.5024840306380147226 7.1658889834667522933 0.96478800084296045814 0.0031432709286869859114 0.26300994900828106315 0.00062595051122799874512 0.99989832352095242562 -0.014246080379925916623 -0.26302798637296798123 0.013909078621705713019 0.96468793706395283838
-0.27795340826099723675 -2.9450793369976233649 -5.2198500730908481415 0.99275276273032886376 -0.0043400505779560370062 -0.12009627826283454655 0.11353920228483563304 -0.29360456287939112885 0.94916026581444734589 -0.039380218843023243047 -0.95591711179236193985 -0.2909839750682412518
1.1506876063354154471 6.8499047331353963841 -1.7875776086119201658 0.79008693493894555093 0.00438720972747728543 -0.61297910864031290856 -0.59175763030225969619 -0.25547447725898425608 -0.76456242285911291123 -0.15995481304941522316 0.96680584600022090314 -0.19925088186067166363
-1.9590907489221442983 -7.4461310555126640764 -6.4941537360297845183 -0.029142507641705915622 0.0048250771424721205713 -0.99956362122624209388 -0.67463515098121962232 0.73778570985238256519 0.023230570335290155748 0.7375758451229931234 0.67501775159475840837 -0.018245759040845580673
2.3994679584278113538 -5.5893934788012940018 -5.1492318277556421435 0.55212797992060180796 0.0052350084021270861662 -0.83374293908593999358 0.12041822308944449826 0.98899511382147231586 0.085954152810071085544 0.82501766365134898695 -0.14785553599498191257 0.54542148393601852518
-6.293011184978309025 2.7597198821971429261 -1.0140617912238294451 -0.79073825606051262316 -0.012846289477714604305 0.61201959384409676534 0.6096797695304650988 0.073279018567496329029 0.7892532952500480592 -0.054987171482965196967 0.99722873919892629502 -0.050112400539834719981
1.0081080567871847364 0.86411399287717172157 0.10954338729203191849 0.03101435218946568817 0.008943196033005171991 -0.99947892884396560831 0.99585432719336186569 0.085273054027607084193 0.031664890132375125842 0.085511806018578662147 -0.99631748228245642363 -0.0062614319384422124221
0.36573665322420079171 5.3867731258105235881 1.4934319886614002559 -0.97283661108161778586 0.0023453442431694412548 0.23148094413976738615 0.03036904895073578442 -0.99001363368372086171 0.13766163585452892426 0.22949215456153215786 0.14095213542445836352 0.96305028244320201036
6.8595142844725742748 4.8788952618911940462 -6.7462886839689550911 -0.97396007253262539827 0.0042586694228755033603 -0.22667959953815042251 0.046698933914725661298 0.98215255329963180309 -0.1821965192264086153 0.22185803272200460556 -0.1880378307196091392 -0.95677624737191835358
-0.74002865784047422437 1.1085706556966088421 -6.9595526327533381306 -0.83457136138426113448 0.001729930482456808194 -0.55089713204710133443 0.050304808437339719462 -0.99557794220251549788 -0.079334653511839173246 -0.54859827652422143984 -0.093923204482535355142 0.83079381476657387928
-0.53910340805008749587 -3.3486898397643751757 -2.3426369910144932973 0.98596643007856321628 0.0057885005326743762047 0.16684331577782521294 0.15133487901348163795 0.39095620103033823511 -0.90788270347554633766 -0.070483708416526555385 0.92039108108323364199 0.38459368781923136682
-1.8254730385087400979 1.8027472875791754614 -2.8497604955884394684 0.98311370529350594616 -0.0045349868131722530229 -0.18293954290580144439 -0.1117089067372726563 0.77694254334252510485 -0.61958163667098986593 0.14494330829513962788 0.62955517489651158236 0.76331626416665121493
3.1765330781471159405 5.4061380949545689845 -4.3789090289618437524 0.99996918010972901669 0.0059662115215387652098 0.0051032490542997216432 -0.0018278668585835001256 -0.45522779531041368539 0.89037313149015406832 0.0076352952514726311894 -0.89035501834769870122 -0.45520285979947167077
-4.8592592316207454672 -6.8001172505182712058 6.9968235969928267437 0.98848857274921408944 -0.0072286737159337980524 0.15112275745410419514 0.15013535596372398762 0.1703289901565252229 -0.97388264693539949857 -0.018700706774500204521 0.98536073667906365348 0.1694535398791185421
-6.3296483371628076142 6.7047560101092038565 -3.0870757418523249171 0.89193986097942035141 0.011297815290825619777 0.4520128800882615705 0.14580536884513245477 0.93909799126772819378 -0.31118444243362364254 -0.42800009207008027357 0.34346371302733408326 0.83597164965187176211
-0.15783601762156621029 -7.0215102189946509981 7.2642535920212356615 0.9983037059109240996 0.0058375024911342023731 -0.057927837257149346339 0.054366647321988752217 -0.44947446115768940889 0.89163724486250139911 -0.020832148799101578296 -0.89327410817265640031 -0.44902938572513212412
-3.318359035147832703 5.6226512381495847848 -0.45293881136953917377 -0.83571743045425106455 0.0062829476163180700277 -0.54912375745749752998 0.50562294907610327854 0.39899907924507926893 -0.76494782052711152165 0.21429374653151705976 -0.91692980065582285754 -0.33662728776286593435
-0.30305258588324812674 0.55917548935620253747 2.7420691352477462033 0.90491556060909184023 0.0064923244898489797933 -0.42554162885678076256 0.42239798819373580718 -0.13595462769850832907 0.89615639191894713722 -0.052036215631529283976 -0.99069379170861315842 -0.12576980294441633679
1.1160458897383891408 -2.3051173738323957885 1.5820809046793047337 0.91887437271505645331 0.0017513532420139429381 -0.39454634699780816165 0.078392226375955345596 0.97924282762176262374 0.18691747750037840392 0.38668403899224018661 -0.20268304643735451931 0.89966384648689567971
1.2167023524692095471 -3.2164903695883375612 -0.63303361168551663951 -0.16454500763148499631 -0.0031840924507636255564 -0.98636443671634410624 -0.18884499238203283911 -0.98139466211700920883 0.034671112191907091371 -0.96812318912200578946 0.19197494295782549512 0.16088229225290848201
6.3041038868065140122 0.74742701744393647001 6.490212391196775954 0.85898215371291009035 0.013409253145926695525 -0.51182990488334456636 0.46375622955364409483 0.40326038991785922994 0.78886704676616870024 0.21697884494344263362 -0.91498702168576062643 0.3401748535586395783
-1.4297843369111478129 3.097046736007007528 4.2126772180541349755 0.72142887130813171392 0.012473761569782845782 0.69237619031526009827 0.48632654085254362064 -0.72090351364545135482 -0.49374550091719832112 0.49297756470818115959 0.69292317704482175866 -0.52614692948697316943
-7.1958259914163988924 -6.1834657370136794086 0.34610905272544129074 0.9692801594268862786 0.0093105485424247805271 -0.24578300638421368696 -0.13351151901103983088 -0.81933071962423376089 -0.55755882754346353103 -0.20656874602128741381 0.5732455717805867712 -0.79291794506184365421
0.87030853995565971015 -4.9987085043126864292 2.9818356138679451561 0.99359648209376172368 -0.0076538047481665340971 -0.11272732607464737431 -0.015423644974610134159 -0.99755134089459462921 -0.068216079154283876251 -0.11192918273065606549 0.069517922526267317274 -0.99128155258783190451
6.5404362075250332964 -0.95593882453541223487 7.4973663399848167188 0.93780933510075803472 0.00078977400365905464467 -0.34714986281838217108 -0.2557855523983915691 -0.67452170092851371219 -0.69252741906790604709 -0.23470705609772773981 0.73825459784108449224 -0.63237073507890984025
-0.58556761472239016175 2.1888991232240826434 -5.0013577363347474503 -0.98106249993309924129 0.0061762581948614841618 0.1935929364922421847 -0.18765015839838947165 0.21737199018558531205 -0.95788143104238032688 -0.047997804929356374659 -0.97606929657552576884 -0.21209653227831709588
-5.0223450934120332789 5.4289931994246822811 -5.0318349362400285329 0.99286267697900065787 -0.0036970684054298428786 0.11920585701763052044 0.07374564024381374816 -0.76649866470175975763 -0.63799794478934312991 0.093729852273088901105 0.64223525961727534472 -0.76075527346002769224
-6.3544374963391545563 -6.804681322603473248 4.8414742288218084454 0.98782625272230195623 -9.9444063515756637994e-05 -0.15556119227983786213 -0.15451606583504562398 -0.11635153489134593408 -0.98111523570243308612 -0.018002217405436195946 0.99320809020035938364 -0.11495046641566752932
5.3084833018631396584 -1.7789069402740318449 -6.9613464681097712017 -0.99050042061636756063 0.0052292688952118200618 -0.1374102307172581916 -0.12805654246519621031 -0.39918316291794531114 0.90788453251219303208 -0.050104278168757516998 0.91685629036931715063 0.39606073286748172402
