1125 14.717824617146108679 14.977075390850430381 15.033177056927090831
-4.8209062923523973154 2.4903577585320704202 -6.8734587235429813745 0.99998331134809614884 -0.0042701313312664586352 0.0038914012489715136059 0.0057418108411242700304 0.80910248367407278103 -0.58763951749415721526 -0.00063924450036547710019 0.58765205427272926286 0.80911349913066366035
6.6678155780561327859 -4.7974522714270424473 -4.2508535814744208281 -0.95341304175394325782 0.0075379784848217754739 0.3015737897991617178 -0.29294527427066124892 -0.26179388017287164026 -0.91959068643959840372 0.072018317780763702052 -0.96509437009270093721 0.25180591478287295271
-0.59788713278966754139 3.6574820747073837346 -3.5593791971017174625 0.82495359419001768053 0.0010660444041778430364 0.56519946123665532056 0.50588058170001704017 0.44457978354340854654 -0.73921150770492127791 -0.25206428642672806806 0.89573862237480983417 0.36621839917508786089
-1.2686407380032762582 5.4640163753827017956 -6.4270536296896390027 -0.99492823690970033645 -0.0036160671148359685781 -0.10052227344401123976 -0.022565166391151633002 -0.96585855206704052112 0.25808539413260828121 -0.09802355158566543325 0.2590447479827065469 0.96087834915617842402
3.200223804048980103 -1.5339927891228291035 5.163730479826527997 0.98162020768109470303 0.0036359971986323364607 0.1908102392340367548 -0.0017719159546623094829 -0.9996017574959970009 0.02816357088061099273 0.19083665315136796869 -0.027984030004128451069 -0.98122284211012555932
-3.8232860063431455266 -2.799667269655464974 0.89278829492369815579 -0.91593521402801703069 -0.0087671699402011252916 0.40123038323968995833 -0.39754658459400049608 0.15670660367862246365 -0.90410162782794245562 -0.054949038035836721139 -0.98760628647994919138 -0.14701845504627070182
-0.18135876825814548075 0.25972469725802721507 -1.7944877990037133575 0.99226357323577585312 -0.011782481488190325869 -0.12358873071318017545 -0.0043980134246592427621 -0.99819746574090029156 0.059853795754971836351 -0.12407118403250431971 -0.05884719635069297905 -0.99052680366285761338
6.291556391045995511 -5.8687630493482485505 -7.3249816914763545839 -0.93463953081958406344 0.002545649655637916009 0.35558749569873088214 0.12015768100595496104 0.94341718579393063493 0.30907304192375240071 -0.33468056281278368846 0.33159845177041558095 -0.88206087525669629734
5.0080833103784190286 2.0078033426557828633 4.9124444222595480269 0.77904048050395380276 -0.0053266112058419504485 -0.62695100043732054917 -0.086548947033254650107 -0.99130421382698463706 -0.099122325519417048278 -0.62097118250661520467 0.13148225303059979385 -0.77272712365639317778
3.8681878986552042932 -5.6814823774358655939 -3.2610492590711843697 -0.72530800839226483578 0.0012858222216132917867 0.68842329973876092986 -0.68714004185671628822 -0.062410312337143405981 -0.72383942680076296394 0.042033984336982278818 -0.99804974804630719465 0.046150239279632673806
3.3678892372753725937 -5.0620554756489051229 -4.7200681868484597459 -0.80410499101656907062 0.014790817570254081309 0.59430328548463751126 0.50515063926533632088 0.5440628802148399501 0.669939112175309881 -0.31342941003054092253 0.83891406835740589543 -0.44495526835844018132
5.6490540740242236595 -3.8950777234870095356 2.83670985759555494 0.73587385521205050942 0.0016406501449025842967 -0.67711666460252883937 -0.67620208272909354541 0.053794212473427520382 -0.73474956687091430574 0.035219490741569985104 0.99855069524352191301 0.040695165565963233034
-4.0333446472673877281 6.3061210940769782951 0.19243821674273464684 -0.81045306580010323394 -0.0048815541500392013036 -0.58578323513427321689 0.49523098888537991913 -0.53984443956415384402 -0.68067190974759428368 -0.3129090854912213171 -0.8417506468668870534 0.43993607798889966531
6.5257274632872999121 -5.6064994546683974974 6.4359921094609546799 0.94567684742411139975 0.0055044906932379964251 -0.32506153391054254387 0.019500432730256912067 0.99709601863559926826 0.07361564198246547952 0.32452277788991512608 -0.07595544880638008256 0.9428232795319786419
1.6070599769134084056 -1.9828276670664104486 7.0530130346977992772 0.8454575817568263929 -0.0042955831608147299755 -0.53402530409637816167 0.5267743447975057336 0.17112416790969040004 0.83260153063777564419 0.087808126691459750801 -0.98524010633063929809 0.14694102818614973582
1.8087827701253085255 2.0757440781242504357 -7.2058638412224897962 0.96540190773106748789 -0.0089868515817193121709 0.26061157504599175017 -0.20897076927620900078 0.57114961005661424309 0.79380056722090264198 -0.15598196734690752963 -0.82079678327264704585 0.54951093386000837704
5.5493513897199795437 -2.0520762131426151242 5.0031956320025088303 -0.99007210780678633899 -0.013797325868603271815 -0.13988157541978654685 -0.13758007588530932197 0.29896797488059673187 0.94429331921558656848 0.028791388685576169842 0.95416339470490996177 -0.29789809019678570312
6.9399782696017426886 -1.8960630313824498039 2.6263151737258887408 0.6483055804561954627 0.0052797003759919467966 -0.76136193700067611445 -0.74293498190398810088 -0.21438936635547886644 -0.63410157881615525355 -0.16657576958477263163 0.97673400901058382573 -0.13506734849539167587
4.0313126282223379349 -4.9805680181045897115 4.5919869630803855642 0.78473536536560095644 -0.002829323793717363443 -0.61982449231315417393 0.21359732712956175371 -0.93750331596194724781 0.27470659694209659252 -0.58186475076907639981 -0.34796483656725829547 -0.73508767118298679044
-5.7204603746817141996 3.8460457535378074212 3.6931404148594793035 0.88830487763666665657 0.0002920814773267523673 -0.45925413341102988563 -0.28575686314693188317 -0.78249126927051637637 -0.55321824687878262683 -0.35952393457351022876 0.6226614876510974117 -0.69500734691452459302
0.43621444743013931822 4.2551457786210571399 4.7588645190740459512 0.96128327312030903418 0.0071590489998786853779 0.2754690850831613691 0.26035036799796201779 0.30394902625501418747 -0.91642385134927428769 -0.090289283430878400361 0.95266139706403130116 0.2903172537785555507
3.4796881436552533629 -3.1461397813849774074 3.4232255329975607161 -0.96681047109783024851 -0.0074374795824490936083 0.25538636782862250696 -0.25130474041982170386 -0.15260031044820776547 -0.95580284195733944408 0.046080803136792594654 -0.98826000078342857158 0.14566650415823023668
7.1955532201434708739 -3.1050792174054371309 5.3648186381972591263 -0.96956203130779794463 -0.011396120153080120663 0.24458044871117584629 0.17875790058955048911 -0.71556401046553119727 0.67528790889757117633 0.16731730461354560324 0.69845420420520754057 0.69582084203115279752
-6.3257068654307815336 3.8404536543009855087 -2.4147958821489341474 -0.99158853413339465011 -0.0032949030440102217501 -0.12938826295006930489 0.11838624465121345974 -0.42715386002093402862 -0.89639515669518432528 -0.052315160830093077049 -0.9041729499842311446 0.42395094110543796173
2.0954591405617120081 -1.529655871732316097 0.31153361788756317452 0.9932435757294207912 0.0047049515069387884414 -0.11595284689689784596 -0.047397552415832135131 -0.89559218589869948879 -0.44234388046187539389 -0.10592767012052753395 0.44485109867065508737 -0.88931818193175427023
-3.9888723927212286213 6.1053907178148660861 6.2608939839677102412 0.88949458672192427411 -0.000986364055137716432 0.45694464356008662742 -0.42681739283983172184 0.3553064437308566248 0.83161544250493757424 -0.16317565186540380906 -0.93474935577899243011 0.31562216099164158711
-7.148712540617115252 3.0966177819008833261 2.4702271908696977754 0.85014936208964186903 -0.00033194164393786623063 -0.5265415006944088594 -0.11525348121214336328 0.97563255066588483455 -0.18670233300554761602 0.51377300163324635118 0.21941061026298394609 0.82939513315237922697
-5.2624800791327661642 -1.4883305157565958066 -3.8161901003658584841 -0.93670184707091208587 -0.0094396251450624499985 0.35000077595762130178 0.22766733553914514365 0.74303138871841389879 0.62934246615621813881 -0.26600231958072068084 0.66918999458772321365 -0.69384977993904295435
-6.3054421114656769021 5.4009789331570772219 1.1033831676237950692 0.835879615069743509 0.0086238655831549423936 -0.54884505833012198206 -0.13602308981417188249 0.97194472886623339836 -0.19188841305944320803 0.531792241527069387 0.23505121350774432765 0.81360183067653202293
6.5610626032614973724 -4.4000406566567162869 1.4609086526505532522 -0.99510017393834626631 0.0008463118951604182115 0.098868233442059930138 -0.042684579292443874943 -0.90565370626632257789 -0.42186418551064380766 0.089183353370453910536 -0.42401727332992272812 0.90125228510083776889
4.9753478830400208466 4.415775016851445578 3.0730984964405347881 -0.98436499673532384946 0.0046278788049044713993 0.17607991350511267847 -0.01794676759287212181 -0.99708752251156285151 -0.074124125523780462488 0.17522404725136545012 -0.076125259864627717321 0.9815811113072785421
-0.3240759635302893904 -2.7427755907412136871 -3.1695486919157898065 0.27913075334509673819 -0.014234590762215245871 -0.96014759228102364297 -0.37817323852983941723 0.9174541770399106122 -0.12354284557149666779 0.88265000096128443108 0.39758673199423733013 0.2507065343090096321
-2.5138197311325094496 -6.9822563433078199679 2.6024782809097253278 0.82688588010204455703 -0.002221216987799028153 -0.56236536831767525157 0.558188114807735003 -0.11847918995408771026 0.82121173276761860738 -0.068452682747952089959 -0.99295405117411283946 -0.096728912335937153322
1.638811204113830744 3.3190367720158397979 -7.473487761255248607 -0.97555136888679050422 -0.012084905402226338994 0.21943901595802631221 -0.21212724511433223018 0.31283227624928272581 -0.92581747597297858743 -0.057459190243214879057 -0.94973149995046612926 -0.30774749301738224538
-4.4036962528224954383 -4.6657662508152109027 -3.1696019774527712798 0.9961773765621020349 1.7475935448516694004e-05 0.087353500906014430738 -0.066405826563781494842 0.64984471705263568975 0.75716055755511757486 -0.056752978990775845847 -0.76006699929245069569 0.64736176591012262183
2.1685301352462604818 2.4454662308005516991 -2.2581597944963833768 -0.97565603037707981926 0.0073312231465891605081 -0.21918385788146133031 -0.20694845214463120087 -0.36153839905497758833 0.90909973279261246937 -0.072578568073557628293 0.93232839663700239896 0.35425430453341077985
4.7810171601740405478 -5.6435334716351048812 5.6910313265693917018 0.53512122117666516274 0.0062562411083838236764 -0.84475211635933766807 -0.50772730779465513606 0.80159349595703044411 -0.31569106442668104506 0.67517276275479642944 0.59783670570352742679 0.43212615489868388963
-0.4444297031973983847 7.3396197837505035011 -5.5259333703582731445 0.96449182412009981658 -0.0025397432352490482282 -0.26410049395970019992 0.26301005272729582884 0.1005139154200622581 0.95954294587127808569 0.024108782006545936144 -0.99493241102664431441 0.097612827635132737303
0.25292280996740174048 4.8884349883876767606 -4.5801169512108605986 -0.9696056602353286813 -0.0030287546261518675898 -0.24465422597004143901 0.12589928741393294209 0.85121174260643683862 -0.50949773176891766102 0.20979569363607319943 -0.52481367731265449184 -0.8249584056406632504
-6.287723160757851204 -6.5121709860655130342 -5.9900496305736306013 -0.96893522758823702468 -0.0035816497537197160977 0.24728869065065492427 -0.13612037008217675593 -0.82709453155295564741 -0.5453309827286806355 0.20648430833196385059 -0.56205142794965656794 0.80091349267729061712
-4.2213375542568156717 -3.5230222577261103289 -6.5804612094585266391 -0.99620411773708006375 0.0017119876951932986447 0.087031172012821955697 -0.082483618963320792794 -0.3380673878342042582 -0.93750034340554000423 0.027817411930334916964 -0.94112034851069481523 0.33692533477378378004
-6.677434068758672403 -6.9022575726838502064 2.1078199324802726622 0.94047568563426187094 -0.0016859778155430883186 -0.33985679662108320143 -0.31354395423640091245 -0.3901404065168112556 -0.86572550613040422096 -0.1311322747936077282 0.9207538328358051416 -0.36744619446358101067
3.0279088678160341885 6.6430454511632275327 -6.6160046899085820371 0.83808090466240958705 -0.0058497184025177190875 -0.54551459928669665533 -0.25718467273650486016 -0.88609126425594253451 -0.38561420554560049689 -0.48111998643764142258 0.46347389592491761157 -0.74412062627408137594
-0.55227968593455678548 -3.1239165990557880015 6.8152081762208096549 -0.89302529000666874825 -0.0061546274460216382138 0.44996438966828067318 -0.40924411942505528605 -0.40473641353913164531 -0.81774548991206441606 0.18714989213069349594 -0.91441268370274453314 0.35892110798745152644
-1.4142469434903137682 -4.5914533611076731034 -4.5996560094388589945 0.92773858372245709969 0.001122946075431075115 -0.3732289635931044236 -0.11561707302071717873 0.95167065567917941138 -0.28452707348373379448 0.35487154394059527984 0.30711838452162248947 0.8830314180084791742
4.0663453055408691483 5.1798143550136970248 0.034434651862316104087 -0.86021008269189203066 -0.00034749463346778327807 -0.50993969533937522076 -0.3797058956091983184 -0.66706399212976186242 0.64097508784946899407 -0.34038514432177513491 0.74500034204787368708 0.57368322606963773058
4.4932199282833833465 -7.3046917763092142906 0.7913104702639384147 -0.89933047905989427218 0.011929335165764264406 0.43710682950103513233 -0.33341964167045567979 0.62803509867583984239 -0.7031381495691719774 -0.28290640145156681351 -0.77809357136122259124 -0.56083363150222209637
4.3711928063213800755 -0.42533873441179609332 -0.47599156023407840355 -0.99686030309063367039 0.01063529158963722604 0.078462900117770545405 0.072625937518231403756 -0.27195674214702408866 0.95956500749054629562 0.031543768349373779714 0.96225070588363725843 0.27033048238173196243
-4.3885810994847345157 3.6901092923677611957 4.1050495535591142726 -0.80759488024876091572 -0.0036207992114068651701 0.58972654612879804592 0.50734207427623434494 -0.51407053223108323259 0.69161803588447079427 0.30065682940037113946 0.85774027403672448155 0.4169977136990686839
5.4434724486696479673 3.0386308873601044489 4.3544655144369057709 -0.84566372794010236102 -0.0079150316752873497994 0.53365739151636337745 -0.099595831669141973719 -0.97998606673243804366 -0.17236002820993592821 0.52434104317759033798 -0.19890867573825643522 0.82795036635983576545
1.3942731224753701635 0.78520214829571444159 5.7565588461091907746 -0.88744825416285388897 -0.0021711280021827509754 0.46090224818959812936 0.42365825679142948834 0.38998356535485823038 0.81757354421823147383 -0.18151935884474065808 0.92081925748559678713 -0.34517041792177327597
6.5881003730185403455 5.3323127027798715716 4.9192862479088459438 -0.93491076604538225769 0.0046222483703360697782 0.35485277842034085305 -0.352149591885772828 0.11177955895402587327 -0.92924485208953655491 -0.043960487568683183357 -0.99372227761084130915 -0.10287619021274531372
7.1772125434169957714 -2.4618878509851409575 4.128077262235784417 -0.97538385138965422172 0.00014586037691418501927 -0.22051376640268674501 0.13977980766506181709 0.77383830656274921189 -0.61776684976240558989 0.17055189186125804812 -0.63338318103732715869 -0.75480977614339128667
3.1521309116942011208 -0.43185683948386321962 -1.4573577190192665842 -0.99946791429567682918 0.0030724046104600726166 -0.032472274684309861137 0.018451065806663412283 0.87421250835332908746 -0.4851927950921630095 0.02689696012300652958 -0.48553377901909217096 -0.87380404151480250974
-2.5599232457684775177 -2.4292797409223085836 -0.60046158527830872931 -0.71909176754377202023 -0.0069125137347336041566 -0.69488074300883884149 0.36454235965001841047 -0.85506804561212135241 -0.36873771897375989814 -0.59162141431114367851 -0.51846972382862521744 0.61739229635743164692
2.3075380401678753373 -2.0671398213213749706 -1.6480210914690209822 -0.9984238242748135761 -0.011012016832620732248 0.055032741214834431098 -0.049682607240507298263 -0.28268584293259813034 -0.95792502459391037917 0.026105663334427021971 -0.95914933649080469369 0.28169317466191251542
-6.0764862449388896692 3.1863639481237875373 7.4943303109587828814 0.9999737962425885307 -0.0035436508832013720316 0.0063126354626642754153 0.0071701241102921503545 0.36459532027980617874 -0.93113846540143585528 0.00099807229702230607776 0.93115932845485671621 0.36461117492916600424
-6.2481506073977115534 6.9555874736223968213 4.8157791975171084786 -0.98531066976556014314 -0.00077352358154739609547 -0.17076968614933121793 0.16944486426997479311 0.11997253573560492934 -0.97821011477176078586 0.021244340865584486477 -0.99277690964805120899 -0.11807914994081976368
-3.1912688317947344174 5.8669802125949095384 5.4455727365919512906 0.94265177153336443538 0.0020125369890933320766 0.33377175932043728901 0.31921302151592340079 -0.29760905631018652606 -0.89973990491523714308 0.097522738475184209128 0.95468570707711142287 -0.2811841321683552497
-5.2060627883619297052 -0.019294856585266098592 1.2082825760933768589 0.72840167056882876295 0.0016345337815049671565 -0.68514840334903559516 -0.46209673200048484443 -0.73715032629888221916 -0.49302738941340645829 -0.50586323901512209034 0.67572681220788877177 -0.53618621641773966946
-2.9827534365241676895 4.442987769207841886 6.2190697783520683117 0.9033416530988771509 0.004064490800270891685 -0.42890248039745093589 0.42212575749519876123 -0.18572314246043850061 0.88730871697153668176 -0.076050658351388883416 -0.98259370762747499928 -0.16948717678682928556
-0.64466986007680637805 1.1052443014231976282 4.5287842767278743139 -0.98379799643941812093 0.0011205565350941009556 0.17927701066993184664 0.11939803818247907152 -0.74185587144663833747 0.65984390159966244127 0.13373709537699726702 0.67055843172176532452 0.72970252772412924624
1.0811844357578008768 -4.0829220950254292433 -0.74265026807366585349 0.46895295519045526733 0.0015879788022359255656 -0.88322171856308373528 -0.87773795242458063637 0.11211345378892431657 -0.46583973676919859797 0.098281293702286193215 0.9936941439914396268 0.053969764733322780903
1.4036273159179613046 1.8795263311148517893 -6.1516970911799599975 0.99964211759928045531 -0.0005928178243236276266 -0.026744817979433205268 -0.020793495998058977858 -0.64621083956670277715 -0.7628756001804487541 -0.01683054502708122846 0.76315869869470465137 -0.64599189883506846765
-6.2392690161306392227 4.3971464003150702027 4.7725200642778791149 -0.99113432265870782256 -0.0010131213495660693069 0.13285980593468624256 -0.065490710861476800209 -0.86632595482080820837 -0.4951669484069680105 0.11560156244079544674 -0.49947804114783661555 0.85857903839559079895
-6.8211562071921898465 -0.17227381511033940109 -7.3746770523247358042 0.97820554367668322016 -0.012175005344513998087 0.20728165274608853497 0.1707424806335511025 0.61523351413522220366 -0.76963285298391492795 -0.11815633553633796138 0.78825090696414301661 0.60390362479703985077
3.1228876095459283668 -1.5723982990361935475 2.7117168350690250556 0.85899612332284480676 0.002017390534669515241 -0.51197811501259082867 -0.46567324154379358125 -0.41251297801024899847 -0.7829313348456108379 -0.21277709516413281787 0.91094948987770718585 -0.35340760414140803825
0.40871849434386792188 3.3992905725016191454 0.9183225590912083014 -0.96379802768197975205 -0.00214183055078367773 -0.26662478204091316636 0.15115313494312310194 -0.82815240884449137226 -0.53973726712356950852 -0.21964992973668728826 -0.56049888517909540742 0.79849540266657803578
-2.611424480950410576 4.0114115378219459274 1.0421640498525470697 0.99548536568293477522 -0.013240663717103744179 -0.093987081747680986665 -0.00087368638551293432981 0.9889018307269011876 -0.14856784933838407259 0.094911134137242364472 0.14797923506118487724 0.98442573239795072571
-1.219980984430437676 -3.7793935018138915538 5.950958711487117192 0.98573010432409613468 -0.013972407163001352923 -0.16775259541090092874 0.025020822154461438286 0.99764070716719099874 0.063929475686671580204 0.16646356925086974732 -0.06721451659374644283 0.98375407946865822684
-1.9070757029559111118 4.6460086951192467453 -4.0936249042898014139 -0.9979722655323164382 0.0046510552813656324753 0.063480114311534580063 -0.06147123724372126341 -0.32915051792529365082 -0.94227449479507829899 0.016511941738068098423 -0.94426601349098238103 0.32876899419765931443
-6.6829071598242419938 4.8284755916181243407 0.23196247345436288301 0.9480426605830989395 -0.012252934092264945731 -0.31790718664515316139 -0.23245313773069131713 0.65556134811275923457 -0.71847397838740201248 0.21721107815606999214 0.75504250507291814642 0.61865189166412015709
-6.920489262276941389 6.2668719017942198235 7.217653426385793658 -0.97905991333714226244 0.00026760084365247318455 -0.20357213582907535132 -0.085839019168418184691 0.90620891100369982407 0.41402544898312737542 0.18458967707982007478 0.42283015267044660179 -0.88720984727872742592
0.9421422058018900092 6.6822864816860079173 1.2522431263527002976 0.7500411085679626888 0.0058750406452808016586 -0.66136511803652031638 -0.023246829514369390934 -0.999108499624014601 -0.035239053570265632676 -0.6609825416571415424 0.041805380950399768925 -0.749235870569401885
1.3045008439845526826 -4.3483479698934113244 6.9311718828707693518 0.93659959437237960689 -0.013611166059425101188 -0.35013702457766354703 -0.017822644302833860752 -0.99980236171802228107 -0.0088085670357992904012 -0.34994792922894324416 0.014490467958956825337 -0.93665707340880866028
-0.80969498968477182643 -2.314773350321621237 2.3678053847774043206 -0.66790137730075493927 0.0014511592363947098394 0.74424837543433663978 0.67446324344893593405 -0.4215989951862748053 0.60609703884271259877 0.31465391056827241023 0.90678122024809948432 0.28060779598818597069
-1.512779754603105653 -1.6579356921237911049 1.5569953919782559826 0.3020207082459729353 0.0036380815595722483871 -0.95329442259631014256 -0.69402588730639913628 0.68638620081087653446 -0.21726033021499352449 0.65353772617905059317 0.72722812631182265353 0.2098277692815597173
-1.8293946636165077102 -5.1691751426079104448 3.2314299380758608748 0.97656246909580568527 0.0042942244797718734026 0.21519131857427195587 -0.20813106779424120352 0.27357290364719688558 0.93906300374828521882 -0.054837966523289538578 -0.96184168449190188266 0.26805479178985630595
3.1256172470188960943 -5.6477502866881419408 2.1570126690781354917 -0.91594455577000777335 -0.0017482774094965351092 0.40130102701274211752 0.39834664890512344604 0.11723409486964385395 0.90971210517731393441 -0.048636591794760659913 0.99310276936787000857 -0.10668351049901973748
-6.1241953219262414976 -1.1186362003667731368 0.53424233885989846904 -0.87484195719595803098 0.0017050312324831176907 0.48440545289865011291 0.37817541813059479816 -0.62250397725768780166 0.68518037874713400015 0.30271257498042986045 0.78261477827016057152 0.54394779692707750929
7.2160341303906889721 -4.3350125437969317943 -2.1142927189332949567 -0.97971397407299631865 -0.0050329724181713154235 -0.20033771036580624858 -0.093288415591885526235 0.89621789749868152608 0.43369430676384213008 0.17736347008989869489 0.44358556039571900298 -0.87850671601651142417
-0.57323638187337533356 -0.0089039236682727611327 -2.8006979482148595118 0.88235408705453133305 -0.00024391431327309347037 -0.47058602355358242209 0.1832551737481938614 -0.92088248516210347017 0.34408282406449397506 -0.43343835357828208732 -0.38984020960828469349 -0.81249972591985908377
2.6232480117504897166 4.7356230636414817781 6.1192792070738644128 0.99976259259664501666 -0.0078286916173169497635 0.020333962531136538093 -0.020217512721397754016 0.014677129769658469466 0.99968786830745492988 -0.008124692241351165814 -0.99986163715251863415 0.014515368638017082589
3.5879441423861773153 1.2905013993612193257 4.741620859707573743 -0.75685459052597547913 -0.0050828178247718487984 0.65356353460293603597 0.65002192098170230583 -0.11010193623163452847 0.7518969782365344523 0.068136855246814495568 0.99390730382717262792 0.086635098869141655142
-3.8735396282682597047 5.3377969422927726839 -0.36528145968278691313 0.94809381276345783274 0.0042394334372063665131 -0.31796249685087168979 0.23083164822859283949 0.67855655820029892045 0.69733617968615990712 0.21871184781703173483 -0.73453592459970262762 0.64235667903198678808
3.5106619831017735756 4.4155759884104437418 -2.7350855159593696619 0.94206344121813812009 0.01328165061252304692 -0.33517170297803033918 -0.069677540495864623282 0.98516891856369404046 -0.1568031959068272585 0.32811813889303914626 0.17107249823732464944 0.92901705435173620451
-1.9271360774071657485 -4.5086029812970815911 7.0297336850009477516 0.61763382041050052251 0.0093084793977935374049 -0.78641071718062627305 0.71311346927474250634 0.41505006645907033258 0.56498019635324492338 0.3316589269477930868 -0.90975095193331279031 0.24971095617167371472
-1.0981243961096087691 3.474839067757847122 5.5555308526655107215 -0.88928406030920281733 -0.0031455677589005545322 0.45734447135975531129 0.42156018889453639176 0.38217454367749620348 0.82233182189680920082 -0.17737211511147921161 0.92408480323424091463 -0.338535683809740362
-6.5387718073865981339 -6.9912816778961399677 4.8621539870023209318 0.99590957832236159941 0.0045157075590817399857 -0.090242563078772874974 -0.062265219486097825308 -0.6894483605685952643 -0.72165365692383520724 -0.065476364041729614995 0.72432076215892648996 -0.68634705452666744385
1.7147915003287195201 -7.3808111954756636663 -5.5085989696600519139 0.78030751567653333645 -0.0046548049124829609519 -0.62537869628729225724 0.53437802034937509355 0.5244597342289473163 0.66285904877265433566 0.32490046529073679515 -0.85142252728226508474 0.41172729772286004168
1.6357382182163089368 0.12560572952101992095 -4.9583823167176230839 0.97500647309326493595 -0.0080617283291970539411 -0.222030146517789434 -0.0024406379411210186309 -0.99966981074039229505 0.025579538324638915331 -0.22216304983679410756 -0.024398320245554282887 -0.97470421218770364469
7.2357263100256909993 7.4588784854486700482 -7.3239896932110148953 0.99846112605571391008 0.010934410976429529555 -0.054367438895678563138 0.053440318162803784885 -0.4516333375508638226 0.89060174085137233657 -0.014815942431732769674 -0.89213663026991185667 -0.45152266917682915004
-4.5372571924333815474 -0.23418637226707059162 -0.64926803870513527528 0.86385539931469779162 -0.0046875519884740281945 -0.50371805202017772007 -0.37432444730232838914 -0.67513506634004505358 -0.63566803470838373347 -0.33709799350721025846 0.73767924537326257095 -0.58497373763183591056
1.1913988917111457688 5.255319645899208858 -1.292509946681952071 0.8743836021674876724 0.0053747457098923447777 0.48520555269798615328 -0.094879325425196198163 -0.97874327084673995447 0.18182278014335848115 0.47586892088811821866 -0.20501883299038539676 -0.85528711451286176803
-3.7352942851348966968 3.0902802429355680225 2.516637198101824513 -0.71138727767941822844 0.0044956353194252444971 0.70278583538587724444 0.36672145119471599717 0.85542462465016844142 0.3657377322285867427 -0.59953608597782004352 0.51790781110653749675 -0.61018684089818264749
-4.0687867957727661405 -6.8196644795070460177 -4.0485610697861194041 -0.94220780518517421864 -0.0058139603430893815189 -0.33497858097691607382 -0.31473781118069799057 0.35803745180394552783 0.87906159813695994298 0.1148240482711943844 0.93368912437212914224 -0.3391755547909111046
-1.0037157787098709427 -6.1966481816512288816 -0.79618309029548894884 -0.98207981615254169583 0.001139199240359634567 -0.18846203047516996154 -0.16320193525203757767 -0.50525960246057599612 0.84739475007294517983 -0.094256899141228506211 0.86296664845542914168 0.49639117701451090925
5.0086471324470158706 -4.6874186780926860862 6.1176994828829895923 -0.81381603886481435062 0.0012115867653074048615 0.5811213186107269113 -0.30087348683055437082 -0.8564114196090131248 -0.41956480463170409134 0.49717059427200127608 -0.51629256475439289087 0.69732588347960544617
-4.5559027722350622369 -2.7497700417818968788 -5.7694273698547062779 0.95074747793987290923 -0.0031926003341123951676 -0.30995006129049501586 0.23288256539634963338 -0.65255117763851155921 0.72107050369350333963 -0.20456036743527566957 -0.75773792822158425597 -0.61966788541044393046
-4.3180293600014287847 -4.1218886338609870279 -0.95570684941568495585 0.7938604048142383629 0.0086227238599068598002 0.60803890196377596844 -0.4771904033495356634 -0.61095017998211642585 0.63168757826219501528 0.37692834414405057553 -0.79162208547568746475 -0.48089447612529184761
2.3689681393723307501 4.0294132759574541325 -4.4844753009232976027 0.98876310461235894511 0.0014230537741302911985 -0.14948410576088477786 0.092470997932046425372 0.77986962280820359972 0.61907389378203236951 0.11745908861665102507 -0.62594036963514521066 0.77097471823817731451
-3.9126703226415440184 -6.7689959715020702191 5.010524377461146095 -0.97304361497251712354 0.004589387548547844628 0.23057549931214380012 0.22638120222995056219 0.2098414561591579186 0.95116671228232529955 -0.044019025864358823918 0.97772465489975957098 -0.20522384014295239063
-6.7184327555062752779 -6.0235529509423519912 5.1274497477146079305 0.97260395175762415221 0.013944657686639303634 -0.23204977816721775175 0.20265581756134323776 0.4381973863520992607 0.87573607337068737344 0.11389544606343367239 -0.89877060316650225769 0.42336654361185732665
-2.7107823142181373122 2.8321224385016665615 3.1187909710098327132 0.95921202471827105018 0.0049556903085479636628 -0.28264418049810136058 -0.24702964047379907808 0.50079591681135871006 -0.82956603500409109575 0.13743597914394803383 0.86555120636426685632 0.48159366773051348609
-5.9788252716500913664 -7.4326934052636506323 -6.4187938154692067982 0.99966155965036584963 -0.0076821616841063634223 -0.024854588092859203341 -0.018886032733966825331 -0.87136027036047747352 -0.4902801209562836493 -0.017890889440703185848 0.49058359494507486342 -0.87121045244302119936
1.1897495560010014071 -1.5291119519616167555 -6.5075787571712693236 0.96928272966150852419 0.00049288763097211332927 0.24594866749308841314 -0.034054402557074994751 -0.99009692208515776013 0.13619244672179797728 0.2435801462482750368 -0.14038462144888377847 -0.95966706227441567201
-5.3446729158959840333 5.7765336532032378614 -4.4949616075571947604 -0.90036081906587051016 -0.0023575338246637116482 0.43513772248030518908 0.40793807710827872937 0.34346611603545973423 0.84594181382695976534 -0.15144939992058401024 0.93916211016521544686 -0.30828170573987434544
-2.0747258428184798262 0.23712705208006368274 4.6052645511949181767 -0.95276844728038789789 -0.015160178453090270012 0.30331906444541806289 -0.034461588498346261422 0.99769927735951724479 -0.058382796048311397241 -0.30173611779990516801 -0.06607814272156423141 -0.95109883517400217734
-2.5576268876110002104 -4.3942751208906454252 0.049499909206508201087 0.39791861897118041558 -9.9693217234423682493e-05 0.91742071196219510121 -0.6224876500143662339 -0.73461192327645430389 0.26991563081746788866 0.6739212849105545855 -0.67848751811757712638 -0.29237781978642307656
-3.5884415947151495629 0.71143721020618566619 -2.8864098088198746339 0.99942783722868955287 0.0052114086557069304317 0.03341914709050242821 -0.029845759993108879338 -0.32898208485177493632 0.94386440681752037385 0.015913163823271826713 -0.94432178258594190456 -0.32863831509850766066
-7.0525161733377341733 -5.7719110187655253696 -5.1009928980610839133 0.99972685433290953139 0.0024202674087125440952 0.023245623915465082193 -0.019235033912677182433 -0.47975178633116233318 0.87719338630794441158 0.013275172161814719624 -0.87740091509971673833 -0.47957419028381365056
6.1075811042100891513 6.2904424755109769052 4.0662226455280823245 -0.99997520815586382614 0.00043013902613930595289 0.0070283749256130102767 -0.0043460034820056352503 0.74763864593465367836 -0.66409153537646681276 -0.0055403363987827445453 -0.66410561666452916363 -0.74761824120816622319
0.81727003260918051897 -3.8363697518591677316 -3.8035586921877921895 0.97496851546534424315 0.0040998069512228740158 -0.22230516286000240322 -0.17381678025183933123 0.63753896480676053304 -0.75055432531957877451 0.13865107556074404704 0.77040720397468565039 0.6222930333128285918
3.743112469245375884 4.5611251855132950439 -7.1483665392409507788 0.98174078484871718508 0.00224838502790680652 -0.19021034706194081543 0.17592519168014528197 -0.39107724600711507579 0.90338746647715906235 -0.072355775836961233605 -0.92035511212820653171 -0.38433202999844834347
1.3532585877638712013 -2.9791198819928639274 -6.0226214128574051543 0.89193023215688316263 0.0042501157288730032416 -0.45215306864062604353 -0.43612620457625472792 -0.25594232059874849616 -0.86272096428013755887 -0.11939176959362819697 0.9666827116706404599 -0.22642910658852061223
1.4602176065485024115 6.3236802083668512964 -0.90964585518454399438 0.96609489072666032694 -0.0012414232931730129553 0.25818427717412156808 0.12856956319029755331 0.86949728928608793765 -0.47691124053129113625 -0.22389848041649501598 0.49393615254630873768 0.84017649793067739061
-0.97221477268377864966 7.3573386377295735272 -7.466783990182835673 0.94696939712074756912 0.0022575230743391147201 -0.32131583295308108195 -0.2732392554109671079 0.53185403236691963791 -0.8015432599413665482 0.16908361901508980885 0.84683303658068276309 0.50426633631068862318
0.21166683768440811009 -5.1464862111866045424 -4.4951032194589535251 0.91337084058420137112 0.0085351504762673988114 -0.40703913666467161914 0.2027341078126986551 -0.87654395250820038576 0.43654275947580711836 -0.3530617355361901355 -0.48124614338991800189 -0.80234005282834119921
-6.9348549117902740235 2.7892075801584090833 -1.5091591513397055735 -0.92838084669962073203 -0.015908566804480887141 0.37128953793983915377 -0.040513521378231533154 -0.98879636396627823558 -0.14366769014845043317 0.36941529214001439518 -0.1484205784561937469 0.91733509353107378637
0.85102277595037723046 0.53055300493062662603 0.7029672986833385151 0.50199400322279819076 -0.0018711586596185415809 -0.86486907650447908402 -0.45988427475086474105 0.84632982510777310381 -0.26876063880328754374 0.73246738805578537335 0.53265591698428793599 0.42399198050964048701
0.44944842608636120795 5.104499452104440671 -0.21254091091688717685 -0.97345394377283012144 0.0005534204801969007945 -0.22888231272667425298 0.08247802853850699778 -0.93196620005903041406 -0.35303877514502468582 -0.21350595814099307401 -0.36254474989057905443 0.90718052788020486776
-6.9931374372952896934 4.7733581635573703039 -6.4222465754248068137 -0.99816151853522083748 -0.0020370588687874230903 0.060575847550205862146 -0.060222084902515009286 -0.079573884849949302889 -0.99500818958432102335 0.0068471457747789890233 -0.99682688930483576151 0.079304913805413698724
1.8778028483925190972 1.013376058788213907 -7.5019630560217160919 -0.76078445082011703082 0.0007409687868973379235 -0.64900421443590139425 -0.40200192926692213113 -0.7856027853801359484 0.47034318584264422913 -0.50951100896447765187 0.61873072864397382631 0.59797225451998869961
-0.90966729571621240957 -2.4007285978543193572 -0.02344053710372414126 0.085717185494070383123 0.0067349746443189171391 0.99629674506521248567 0.76989570296205278588 -0.63515622665748161513 -0.061944929566254920694 0.63238688369668616396 0.77235432791885783033 -0.059629032136363967209
-1.5166845754886770781 2.0975045304224315679 -2.1374651624682918793 0.99811107974891299932 -0.0024940199402136101897 0.061384463399923913651 0.047909304390125140305 -0.59386950761941759147 -0.80313367908002342155 0.038457392465083756194 0.8045575105511297842 -0.59262824871955188666
4.9532124405095085962 6.5266946125066125362 -5.6062980858509812165 0.98771110646672155564 -0.0073541250178100056253 -0.15611754228037313941 -0.039349272600826067092 -0.97841639556885651174 -0.20286200143908011961 -0.15125609048307869786 0.20651216363049049174 -0.96668212012250709364
-4.6704737208868563059 -5.4790217294190730613 -6.6936549810965937368 0.77581533069497987665 0.0077910222718168215331 -0.63091193730234707004 0.62369428384374836494 0.14184058938320925902 0.768691542495475999 0.095477813963645019602 -0.98985885214788416064 0.10518288770208460148
-5.0071097522427345794 5.862793914238061177 -1.9068938738218046414 0.87422607022849174729 -0.0048194170261701939351 0.48549516099793305068 0.22920765664012079932 -0.87741137381238198945 -0.42144172935541462932 0.42801007963652515365 0.47971455504714971552 -0.76595125001897268469
0.7101566652160202775 -6.7782173272617320947 7.5143355701559846338 0.98703119051171361864 0.0024821755418785429979 -0.16050940085154494219 -0.1387775341281790864 -0.48937262513636708983 -0.86096180506945729771 -0.080685965188818098426 0.8720712542972868242 -0.48268157459120231145
-3.9314094115196880352 6.3451995080681058425 -2.4270457835126997281 -0.84948337321054123716 0.0055844144699481249039 -0.52758583467898623187 0.489859777724929224 0.37980674491288285433 -0.78471920754242918683 0.1959984612340915644 -0.92504899915281579847 -0.32537509486758081634
0.53613295293554974474 0.1707011498523877957 2.9401580199356200929 0.77942713893724857588 0.0015285062154441336757 -0.62649102049165417139 0.38789517193789285754 0.7840903559473382245 0.48449938007967929821 0.49196612756891633378 -0.62064480774360519799 0.61054840262315623889
2.4384529049873884254 -2.7296213967163538427 0.45310295137583167513 0.83252478705860821773 -0.0019707238324515787692 -0.55398429145651939542 -0.17418095146216841518 0.94834913673392307043 -0.26513187474104826791 0.52589302627131906398 0.3172223685422133066 0.78918090056446399405
1.9167781975034843267 -3.5786620859305759978 -0.44961863295936688179 0.45900343845228774864 -0.0066599593579959159156 -0.88840952743104562028 0.79181584615577360609 -0.45043604721166358162 0.41247428180323403302 -0.40291873779424047797 -0.89278385531643300599 -0.20147823311860782458
6.110202481788264528 -0.10656784391068979678 5.6519684625986652549 0.99844923527506335148 -0.00067615345855803396773 -0.055665675197790746853 0.055645135177724222575 0.041872594757445688596 0.99757220527609247185 0.0016563543627100977065 -0.99912272951064318161 0.041845284865170064015
-0.48149174732003446886 3.5517654673781797747 3.4018084892389470753 0.8381232035905366029 0.0046267714473080708004 0.54546135389156213957 -0.52438398087086757204 -0.26857588649500901967 0.8080151197839002819 0.15023626795539909984 -0.96324741690776238823 -0.22267347756620148314
-6.7611402528532211775 -5.8885315802341198221 2.5873967399986561588 0.73810828585801913082 -0.0071073614370185094619 -0.67464482786215906884 0.56443219423101187449 0.5543045743832726302 0.61168843125695437912 0.36961122340011670628 -0.83228355999097181073 0.41314842285232034058
3.2833702010843235364 -5.4189957849002663437 3.3441584228083569563 0.84558121599679414437 0.0019336808885287186041 -0.53384329913539729784 -0.27107467381474664725 -0.85992816293782248227 -0.43248361333432366882 -0.45990317281979836705 0.51041141784321708563 -0.72661492977066943766
4.7707169774369297954 -0.15636014089587363385 -6.9178064013876801042 0.97686011986349052805 0.0055752322897038462599 -0.21380650833202777261 -0.19823272513791553862 0.39891928502129808676 -0.89530284860631381694 0.080300018086092952996 0.91696909480245325508 0.3907935340718212136
0.76407877866456264115 1.9411616681938892448 -5.0179221371722899647 -0.80983597925013028895 0.00030386296042567585013 -0.58665628299648076016 0.56305256879931186997 0.28120510781461077743 -0.77710713039288059623 0.16473460923693505897 -0.95964764106741939909 -0.22790110467758650792
-5.371119091087575903 6.4383833565627552886 -5.9526572013654375226 0.99295525054630506823 0.01337489814991738718 0.11773267393554520677 -0.0016078766531338077247 0.99503831358698691112 -0.099479491487411891848 -0.11847904939352510434 0.09858938377634424155 0.98805002315744849817
-5.7036719045393891037 -5.2833049144011434706 5.1769498814562577849 0.53322395565974067821 -0.0070490526131400709289 -0.84594475231415910965 -0.48024805665074782324 0.82069399666967679519 -0.30955317461413306424 0.69644383635286688516 0.57132449158754083918 0.43422840547168695124
