1125 14.717824617146108679 14.977075390850430381 15.033177056927090831
-1.7605503868148222324 4.2934611887046365553 -7.4960100492072552214 0.81309264544607906533 -0.00086622810585192978883 0.58213366125858123645 0.53811984826969050388 -0.38032689378060302587 -0.75218247969854556967 0.22205264875629107668 0.92485171974537083717 -0.30877486566150935676
4.2884901693086678875 -6.2036365772718120581 7.0759837077466496424 -0.98946946654563949775 -0.0022507597498796320934 -0.14472425109288239442 0.0077726310851060822354 -0.99926262846510849336 -0.037600339878430588669 -0.14453290621813680294 -0.038329276454286853593 0.9887573542517039682
1.8444425364202021722 6.6355274927829475118 -7.2286057545087416543 0.79250667734566382361 -0.015653038796293997081 0.60966232353566762736 0.17869601539801946433 -0.94983433062384226009 -0.25667582365552454871 0.58309596160788079722 0.31236153211434586341 -0.74995291372981875977
1.9634240881758275865 2.0926061939052233996 -4.2956402066860972511 -0.99306391684401174036 -0.0024895461045304923681 -0.11754939056673086029 0.11663653911283998477 -0.14697547740580349518 -0.98223934292260828283 -0.014831547667393248785 -0.98913700325158360194 0.14624641531411516904
-3.0454682852478809352 -0.49982869420038467112 7.0243649949433670798 -0.36441931999046905943 0.00013548539760570624778 0.93123495470338135682 0.03475409284323007636 0.9993053180798063817 0.013454898293074734478 -0.93058621967460053437 0.037267450961154677258 -0.36417087314959123434
-0.17094406720405805333 -2.9798010493494886397 0.7242337754916483572 -0.97447861081444830944 0.0094875662107109931531 -0.22427978765937481298 0.19683355176909689277 0.51646470168378866283 -0.83337912429610716547 0.1079258540067865868 -0.85625591852088334122 -0.50515127638647128183
-1.1425638602972170155 2.7320450056753120549 -2.0375537082413268664 0.96484554004415779005 -0.0064235300737206773442 -0.26273907611591085232 -0.20000936021439311152 0.63058875852305362741 -0.74990270932364300194 0.17049733042917838977 0.77609055907524149287 0.60713598512269684182
-6.849114757040350554 -6.8839521066470483746 3.9390335450673266138 -0.95952688465379154525 -0.0046357277243036648651 0.28157888353924537261 -0.26840129550911440148 -0.28764928663588695823 -0.91935772823582984081 0.085257857091119396142 -0.95772459398626763605 0.27476298855172259783
5.3277601858526013601 4.9137250965337662123 3.8348448262165284461 0.94526698974326184288 -0.00041357170018506157066 0.32629763569518749344 0.055819838380566012825 -0.98505309725575229685 -0.16295564190936540072 0.3214878905106050011 0.17225047037781174297 -0.93111509047463270061
3.8826319303578005204 -7.3346831178946860774 -1.2991888512668883227 -0.91953314511326522673 -0.0049292787414409733326 -0.39298154822993569546 0.14784771244748337593 -0.93080792824260638607 -0.33427182747708233945 -0.36414262173249095644 -0.36547544778260154796 0.85663752433920759
0.6891028330432117377 7.3077540073423694622 -6.2147765035015627433 -0.9953485564793930207 0.0038468358047904467958 0.096262417218171247857 -0.074331104670294634307 0.60498933393156884009 -0.79275645232796010387 -0.061287339580773023129 -0.79622428227437236359 -0.60188932065935996096
2.0555594477330583203 -0.3951842531060452135 -0.68401825529219340005 0.9973900333893273018 0.0024152642979370507643 -0.072161539576031691334 -0.072023464359573172167 -0.036949145461211654884 -0.99671830585737242192 -0.0050736453617799825988 0.99931422843264305911 -0.036678753723179545465
-3.8812826684646672959 -6.9060628302266469092 -0.58667162580910181546 -0.9821182519114648457 -0.0047992954082227137422 -0.18820389482158655925 -0.094278860432432998184 0.87783256796341124772 0.4695971455390981486 0.16295777286767404446 0.47894357641217050192 -0.86258785922106318012
6.9365911519649126049 -4.3659681852036289484 5.2528084013925520068 0.99364891274216926575 0.0056858904324409743902 -0.11238108762778339922 0.1106976547827494689 0.12985481176333438236 0.98533433771874145979 0.020195728063210238723 -0.99151671620406145458 0.12840067778668629028
-1.1504807779364671916 -2.2732863668245633093 -2.2160827369924684938 0.35158226245349638583 -0.010689249961194663419 -0.93609596338377221159 -0.54867480131036594493 0.8078383303918651448 -0.21529792000086117598 0.75851557342947439899 0.58930719653242447098 0.27815670579727452827
5.4486104015881462459 4.2057974812994096681 5.9983531185186569346 0.97828546809327265876 0.0032676781947863983713 -0.20723625454247510125 0.063633956430262803017 0.94684882079048626746 0.31532210540430272161 0.19725177440666802342 -0.32166229627792169987 0.92608050656863571959
-0.5057193758759757074 -1.5002038706620457464 2.7067734222928416798 -0.89610897676240242049 -0.00065998783336987040804 0.44383360190718118554 0.32734003184702803457 -0.67629867972395441011 0.65990044654787161083 0.29972855272099901969 0.73662721930414298832 0.60625335831163174038
6.0412107641077970044 -0.95013629687007283842 1.2818318850939189879 -0.45639528963972469944 -0.0092984904488489505958 0.8897285415620488358 -0.092453629191931702147 0.99502834008911811292 -0.037026056620345651482 -0.88496082740653714271 -0.09915715049857228014 -0.45498592666268244944
4.9522076587476782095 -3.9578187859390250303 1.7493909814290351523 -0.99315672500442442328 0.0013652725812118148441 0.11678122969525113473 -0.09216771443843073397 0.60495751596792268767 -0.79090550402003434449 -0.071727484227090326785 -0.79625657919087544645 -0.60069179127214866742
-4.8485938907419834365 3.4712953099894110487 -7.0931287499822817111 0.70568861486715495079 0.0037703823080362658393 -0.70851207686527217788 0.4887228253773288067 0.72142054107629061122 0.49061431172377995003 0.51298496937229687287 -0.69248695809418969738 0.50725559047466839413
6.6794564690717477262 6.4636816892742565699 4.9298506919447842023 0.90538262894459209384 0.0023121540106634478479 -0.42459033096532183826 -0.082191721820928334563 0.98202511952729132361 -0.16991523028093108438 0.41656550033518802145 0.18873610826001430141 0.88929852432652523042
6.8184767477216627896 -4.311178049572831128 2.4346983265858863632 -0.99893560149040272478 -0.015121973861280533363 -0.04357740218556153261 0.011933913042720487724 0.82784061243210282921 -0.56083643081346279402 0.044556097160732929807 -0.56075952628068292949 -0.82677899579703018063
3.7282687243918868347 -0.67647449404936399464 5.3349390259918996193 -0.30478931266877146156 -0.01002894080102562091 0.95236699608361941038 0.31369698797815143143 -0.94520622403311271853 0.090440001008732742727 0.89927619484583276588 0.3263198038664733569 0.29123480387517841628
-5.8886316840904715519 2.9660916998782407283 4.0037546360881934859 -0.9946550072227806627 0.0050328323965995215572 0.10313140746073026777 -0.10314551827522755456 -0.002629031799340549036 -0.99466280228605463698 -0.0047348354253050686791 -0.99998387926502085854 0.0031340937492844844064
4.6813401002929007078 -2.5725083967329207546 -2.3650096251805501346 0.67152359140611750377 0.0038050583002595694294 -0.74097340553917157013 0.73805204353661257866 0.085422516237591228361 0.66931470531508963084 0.065842594241197302529 -0.99633755085867059531 0.05455490383645805047
0.53628740980728784038 -7.385028980822061051 3.4700813909351775344 0.77923168603721981729 -0.01829056394746088679 0.62646902137772397801 -0.083751313959535819698 0.98757015003834758282 0.13300720342593688739 -0.62111488219614308104 -0.1561110310760289166 0.76801409433079670386
-2.130053935756476946 7.4619830455426585658 4.9132906484592728802 0.98309211662294093692 -0.01874624691483802591 -0.18214957716275437249 -0.17525516996023132732 0.19192695099512105394 -0.96563433601128967343 0.053061432662215239631 0.98123015837688620788 0.18539649580160166842
6.912574430928927427 -0.1501701325749749405 -1.7790965408154097993 -0.96871202334104633547 0.011438620692616818103 -0.2479237257526192284 0.093646658495551912682 0.94194407906951982401 -0.32244636028097162228 0.22984194392461265721 -0.33557489456528305505 -0.91354374331532095521
-3.8330312782743591882 5.3139640654136313103 -0.23420544387120484364 0.93980896953872705701 0.002427504820579342356 -0.3416916855808411202 0.32389784112242531178 0.31223022082291590484 0.89308592964006749959 0.10885444084163969913 -0.95000336653365491379 0.2926504985196830555
3.5913968580859423341 -6.3892659868827497149 -1.9706961337891131247 0.99917138130079530267 0.0053287675298901455295 0.040350403045895877341 0.039081679095554738845 0.15122707448319352985 -0.98772617374564142256 -0.011365436569881150544 0.98848468687174118052 0.15089350771886483882
-5.3221786187474489083 3.409523326590143899 5.2328349244180829558 -0.73393829691886602884 -0.0016624782283693843865 0.67921411387124430714 -0.63554373780386996806 0.3544719151414786884 -0.68588178187950021858 -0.2396220642054652239 -0.93506518357918744222 -0.26121709133169701555
-0.8502578017633640739 -5.9873344572428539578 -2.6933077447194273546 0.99269906462050516716 -0.010884595011465478254 0.12012532078298940319 -0.073679070587632539135 -0.84323758056856479293 0.53246763025961107996 0.095498490350015535766 -0.53743084048865608082 -0.83788312432737044322
-6.8332226496827042084 6.4394733087060336274 5.3481012605317923558 -0.85691138891656082333 0.0036492504244102870123 0.51545082647766427009 -0.22337989018310935863 0.89857071297819679501 -0.3777196029326613802 -0.46454741007450850443 -0.43881357858343472689 -0.76918030853889929332
2.8033322572265380046 3.2998684411247283244 -3.4799926930518729762 0.93064075552647773648 0.013553426545597699326 -0.36568304415448471545 -0.32145820529963547996 -0.44720990342867927847 -0.8346663552107959072 -0.17484966799721907149 0.89432634250826603672 -0.41183490223277097186
-2.4534197792191112519 -4.7085465900304184217 -3.3050117376046519446 0.99368946468282359774 0.0014914361719258889538 -0.11215624546384098115 -0.10616841454455874794 -0.31008685367924609944 -0.94476156300327074344 -0.036187228845244931441 0.95070706255581427513 -0.30797169622392878141
6.3020400650576569035 4.2833021630275878167 -2.7826460233552277046 -0.94847321805957041096 0.0012158612298094749905 -0.31685497677173890541 0.18968891116871847147 0.80317827187323986848 -0.56473248584638913172 0.25380439634322793374 -0.59573751373573791135 -0.76202371559196702133
-5.6964723320737418177 -7.4620916207155314481 6.8741366703978448172 0.99581593671911650123 0.002908147007729660477 0.091335441407841042039 -0.049255727265255636049 -0.82479049858199415812 0.56328900821893268525 0.076970731500728084562 -0.56543096495475397845 -0.82119628004669198429
4.212310049273043866 7.0512662463788791101 -6.917192567314513596 0.93308215634883517886 0.0027809469181601762129 0.35965254877115371279 0.35739536555953277386 -0.11928928301149714641 -0.92630374048428676392 0.040326693143780484307 0.99285564574760165613 -0.11230059896204516723
3.206531905215030509 4.3769116517912545206 -5.2419539401910215659 -0.98389524362158509163 -0.0070227315353404637377 -0.17860803683087778104 0.14168597538212954201 0.57854356174084275999 -0.80325116342796853974 0.10897354705986225798 -0.81562125303968058265 -0.56823123605713588002
0.00090438699461874161312 5.7994462885657931395 2.4870011302406411779 -0.98706884314288967364 0.00033597730613394837657 -0.16029655646944748759 0.15988054202935361725 -0.069965474476879868648 -0.98465376892668354802 -0.011546045951232302568 -0.99754935692454660412 0.069007023718006876845
5.8107501696248684553 -4.1950515003149417836 3.8021159898437137947 -0.86612542479890330949 0.00010643386116045844281 0.49982670715842603126 0.18060241560184259191 0.93250460307069271693 0.31275858538272849341 -0.46605741705904479844 0.36115807331920879442 -0.80768516767390774458
-2.066656581293569328 -7.4199791810613913157 -2.0197643934245061992 0.99987361327213108986 0.015798237377624105293 0.0017813415784102282213 -0.0060378604859048952413 0.27368903428728674765 0.9617992809061810533 0.014707199693009799513 -0.96168847773423704606 0.27374983117902484953
5.0338445376897507089 -6.9081749825034126644 -3.6844874745403095595 0.85967464596819442857 -0.0013689137801297271251 0.51084012093277286759 -0.028432092055377434364 -0.99857456243345432689 0.045171444542556261903 0.51005011442100534058 -0.053356998938939033394 -0.85848815451553195377
-1.2646674567265432376 0.82548116529567816535 -5.6188096998060368392 -0.46160787766844241231 0.0010464596196316309617 0.88708346405327742623 0.85387346074124004236 0.27158544253425564996 0.44400614910752234099 -0.2404543206437849967 0.96241376357869801161 -0.12625952383080546459
6.8836818923045850482 -3.1707148508927796016 -0.70883411708025068076 0.96294171750589663272 -0.0094664471740444483538 -0.26954338252823872857 0.0044796056780233364791 -0.99868464740408879887 0.051077472258267087035 -0.2696723601332451925 -0.05039207692899711627 -0.96163270366755482232
2.0796793123729653274 1.4487935389471555681 -0.34922987772370467363 0.82577316115331655944 0.0061143158404228046404 0.56396923804479592857 -0.563357169203526853 -0.038874396086584751819 0.82529841950411653162 0.026970098739893207107 -0.99922539823143874393 -0.02865688928081159409
2.315402618061242368 -4.9693114734601353533 -1.1539858256160975269 -0.99843142339394286289 -0.00068123454817763107183 -0.055984182579031448179 0.055303165811172026733 0.1439547639797604528 -0.98803774511846065298 0.0087322752366821403125 -0.98958403475750944533 -0.14369128547748313829
-6.321822660049635445 -0.36422394416296993702 -0.93693315478625172066 -0.90829810813431521854 0.0026725612121075536902 0.41831495810719315775 0.29835880073155346404 -0.69678203152704265566 0.65228584728400007542 0.2932176201828055051 0.71727795027978047404 0.63208841885984468068
-4.0459449491257402087 2.7230134969632042719 2.9016535118155108997 0.98457616682373683137 0.0094422782890133775957 0.17470150286506780368 0.03356012196369816819 -0.99019252496793186413 -0.13561888405171682037 0.17170757099317110472 0.13939012475189857532 -0.97523684466143922833
7.0501718764859138133 0.62802333211137506552 4.1472345959310805696 -0.93933110722924006986 0.0014084397943697158848 -0.34300887348418407363 -0.11684758322333932412 -0.94149548410767569528 0.31612164699651579269 -0.32249606708670125466 0.33702265458317848257 0.88454056832415706157
-4.6468288679506137839 -0.043573069387177330858 -4.608930880974612343 -0.93977265943212018318 -0.0012196881282261966099 0.34179798265131217105 0.24523073060330280448 -0.69899290155341153863 0.67176693305469836748 0.23809501748543632216 0.7151275661997912314 0.65719352302789779685
-5.7651852136586407838 5.9527534257468692758 4.0570838564582540897 -0.97382475793699307953 -0.00049472652870332636463 -0.22729957341537337934 -0.18154853009805829722 0.60339798412482548162 0.77649919766439190472 0.13676794963862401455 0.79744004664920609127 -0.58769371270401349339
-0.49371342060679879182 -0.049126413292279187683 -5.617495231022972213 -0.97119015258905339039 0.0048842711860521822662 0.23825581086105818152 0.08817308998970131706 0.93620170110586675705 0.34022328116733718817 -0.22139375265742594623 0.35142925140288100438 -0.90966053423390058619
0.535606108491054278 -3.5773295269849794131 -0.35414485806705253701 -0.96182385987591323406 0.0042925221550927580849 0.27363559130118786378 0.20486006334328873968 -0.65168329558762017051 0.73030215438490020397 0.18145858210674870037 0.7584790415730952029 0.62592517641825451413
-6.8004538253624371436 -2.8051386805644766831 -3.9226846426135995038 -0.93407486027925290539 -0.0095002462174491181246 0.35695083795395432524 -0.35127236659118643569 -0.15506886227548524748 -0.92334250006275753186 0.064123941423488803326 -0.98785798234075516966 0.14150875189168027335
1.1342108515669029334 -3.2692621719128820423 7.2443910364361308041 -0.91629004216888021439 -0.0050286554124845152247 0.40048379648468734882 -0.045296352121296006021 -0.99220474583878148778 -0.1160947148644961846 0.39794572381992565635 -0.12451688624325538135 0.90891954865859170276
-5.6916220273068711677 4.0967404311435391406 6.4722554838315922154 0.83977989372854167094 0.0043204903729672887447 -0.54290981152685469091 0.39832719420264678378 -0.68439145559596947788 0.61069123283840920369 -0.36892435057589489933 -0.72910196054469211813 -0.57645915265704339436
-4.4549890678851991055 -5.7540098617999948516 5.3605696674335847618 -0.873354737721549923 -0.00085092456418968192514 -0.48708395377677599081 -0.075219525848114837663 -0.98776691876197730835 0.13659625591775731435 -0.48124164930995505518 0.15593521131209783781 0.86260691212300721897
-0.78656759618890847996 4.2275452958772232748 6.8548642284987311157 0.92400830117359966653 0.0011137707335505341553 0.38237078716474920403 -0.18672495058566032644 -0.87133951462811065625 0.45376342192433183342 0.33368016451548832002 -0.49067933496579019259 -0.80491697587187693852
3.8892107428790199108 0.5157938750126219718 -1.3012899703571008114 0.98655635401467856038 0.0042785150291170595538 -0.16336540228071116942 -0.078461103738096907301 0.88930562117077682771 -0.45053231554923894864 0.14335416126991906705 0.45729334836964746769 0.87768580823857178519
0.94811699128077808751 3.7682137460822966446 -7.169198255800262487 0.94500488195381626699 0.0015394121133762272285 -0.32705260019417420336 0.19707376234979803731 -0.80073859729568086507 0.56566742083499099714 -0.26101284504165356282 -0.59901196065788775424 -0.75700526135029078123
-4.8658354505894001463 -0.2621098099429391981 -5.9546477936905120032 -0.66880926835638088157 -0.0029816623845758949418 0.74342805452171767389 0.73666564565340197923 -0.13728804965928692594 0.66217499041776572977 0.10008940540640569317 0.99052667864635723927 0.094016008292373817734
-2.4487641239595330234 -1.4476776137417515233 -0.43834641304090204983 0.74136841496377392513 -0.00028106901565647969543 -0.67109820018712507128 0.62967238152333249168 -0.34560827617734718453 0.69574967580634250464 -0.23213264578892225942 -0.93837883631184992872 -0.25604607851149918663
-7.1258168353107338433 -0.15430435510436404933 -4.9843757151626952862 -0.99854914008104189715 0.012791753669740481281 -0.052306652364498502916 0.0066493243700907374294 -0.93464924637507873495 -0.35550889262563589721 -0.053435955394691307674 -0.35534090292078446272 0.93320814472569768583
-2.8804329068765870403 6.1545331821301125785 5.022951939456294923 -0.71173933087635132821 0.0093987939265602338246 -0.70238079953570120573 0.64980177981532405429 0.38859917429673240807 -0.65325977121257250424 0.26680474477134291655 -0.92135896609769762922 -0.28268866931456781977
-5.2888527468376036467 0.76463674632144185139 -5.4403660989704079043 0.93139544146719255302 -0.0050063525575207998633 -0.36397454313218197131 0.340200364696885027 0.36765630233050072828 0.86550133172457321962 0.12948452986476946536 -0.92994826726596002686 0.34413656698308014992
-4.3692468246078304261 -2.5019758081264185101 2.0012739506720094163 0.90937218386979390417 -0.00010581611750579080107 -0.41598343717860514213 -0.34179340835801685916 -0.57018029599312392008 -0.7470419640583048082 -0.23710651025848206164 0.82151957911181761052 -0.51854226821824367377
2.4675254571616829224 4.1364569952756156113 -2.2472931057152258916 -0.93797726153325555742 -0.0091629134785942492614 -0.34657567407900674583 0.34509110891494765294 0.071422570726730208457 -0.93584771354034790303 0.033328417222356312988 -0.99740405924945796379 -0.063830707328685176716
-3.6709587101593879055 4.8335142163217907907 -3.9934955558963172173 0.74170094890833582202 -0.0066536339946894115099 0.67069771994776816726 -0.54351166298177500114 0.57998607528662859956 0.60680410733313494553 -0.39303279073285907197 -0.81459921533722612352 0.42655989471643274147
3.5250592040335568811 -1.6726803482548031621 6.1152828738474109826 0.75896169457924123058 -0.0042296723754303190701 -0.6511215370673150149 0.53619158407379474696 0.571404921677775679 0.62128495929875171555 0.36942621906105604923 -0.82065737391067494766 0.43594236237857747485
-6.760163131095478839 0.55371460463302568655 -2.5092465234610812352 -0.67194250762570106872 0.010828771457601476733 0.74052414150678591565 0.29374086400604132452 -0.91398636420294465665 0.27990218088492618831 0.67985996444751140011 0.40560037445721919269 0.61096543681409765103
4.90186533969954219 -7.2762144410210565226 -2.4112924999824718597 0.99991154132460402515 0.0087951165842146145774 0.0099777477478300274222 -0.01231296474733876295 0.32839826230802232621 0.94445908975046499734 0.0050299527812944690858 -0.94449839980671257411 0.32847750659319374655
0.18360407357075722579 -6.1274100176511279159 7.2383594566405111692 -0.99982785665171125533 -0.001233556339674774004 0.018513114322497574438 0.018542776446664546025 -0.031476562874377847501 0.99933247291942650659 -0.00065000370043049465491 0.99950372902174622336 0.031494017952922302717
-1.7611794354822913888 -6.623653850518804731 3.0361119226000434779 0.99500102136444534828 0.0075398983705475073475 -0.099579703836811431228 0.0079416960170732089908 0.98801349410151517727 0.15416311146854108638 0.099548465322361279206 -0.15418328510520271091 0.98301455617196875636
-1.8410064436628008622 -2.6535336313821495935 5.3460149458458374738 0.9991969960106945603 0.0014011243026809516027 -0.04004247762039885028 -0.039437118661047987356 -0.14211650981346074518 -0.98906400769125868422 -0.0070764987817459349892 0.98984894528872502395 -0.14194713338381145795
-3.1692511877626245997 1.3989872153259248488 6.7448423233622429862 -0.26675770210882937539 0.0037561531402524389253 0.96375630720594751555 -0.6459870289116833586 -0.74280368971591892446 -0.17590746721473290992 0.71522100559428214428 -0.66949874522491814588 0.20057503159376058322
-1.4830956198024154435 -2.0206807744171961794 7.236684390734549055 0.96506983799993206752 -0.0053982508643147042796 -0.26193714259420475265 0.25055692946527835518 -0.27314286056761427623 0.92877026374555859967 -0.07655999529603356446 -0.96195833413329212558 -0.26224936703779916369
7.0798855197400287764 -4.9390786730268114724 -6.8222730651452412332 0.95514344642188042656 0.0061894426678363190925 0.29607885361315461337 -0.054691383586993984334 0.98627096147136039672 0.15581541361355838449 -0.29104956505505907849 -0.16501903331936534913 0.9423687544288110729
-4.2541724873584847444 -4.8809574787187210987 4.4920472421864223733 0.92303466507462694768 0.0011353753493580261147 0.38471511276981279481 0.21773974762861508792 0.8228776675418438824 -0.5248444975071181462 -0.31716937016877128075 0.56821743653611167524 0.75929739591479994409
-4.5111242314592736591 -1.1910406598729248451 1.4354180141980534824 -0.90420007625191112233 0.0015207509663106065848 0.4271064380484936307 0.15721024545577566567 -0.92860329261461904693 0.33612626149854130109 0.39712360900576570977 0.37107089923863034731 0.83940409035723706488
-6.6563343695647345655 -6.8721314203368670803 -2.9365124882510009741 -0.98672217915930393595 -0.0065147739232922123945 -0.16228647163493326033 0.16216590464479280209 0.016041972024383996387 -0.98663310024764505624 0.0090310866312229079456 -0.99985009519139467216 -0.014772495387004211734
-4.9151703104693371671 -1.1868118999540600011 -0.95254464261137639092 0.82046573550787738061 0.00072492245091212992314 -0.57169524341639055276 0.49487658626110619942 -0.50158550992867378948 0.70958377983162568281 -0.28623965698000403135 -0.86510776826758084557 -0.41189247147158669637
2.8054399395563600628 4.7946627947801276903 6.4111722102355575004 0.98490708110661517871 -0.0080535010630959913414 -0.17289645082217086625 -0.051179877140860842444 0.94069723128160687153 -0.33536448714044031494 0.16534407084051588877 0.33915167724744132993 0.92608718707159232153
3.8360529835982548619 0.97037877500994629276 4.3272647135384740835 -0.91552863982928989195 0.0054947750872204994058 -0.40221526214083563877 -0.35777135331237991389 -0.46817298766903375773 0.80796888081532636239 -0.1838667136849897743 0.8836197491363319001 0.43059165172458213622
-0.93385495233752569 4.2597349729717874922 -1.8680461632991529619 0.84690287045378220832 0.0081799959627834439163 0.53168469573898569092 -0.13362664667190801704 -0.96452153733061185559 0.22768865436046245576 0.51468383238283488268 -0.2638774179260005015 -0.81576299314965183829
2.5444756229287728289 3.37217658003174936 0.39622231935096335897 0.7255062020287006419 0.0097329259384281042317 -0.68814680190385102421 -0.65246561678838987941 0.32780477758826997992 -0.68325152520819421031 0.21892777285398934417 0.94469534662933063451 0.24417479872055813939
1.8352018301123051991 -4.3648502562481219513 6.8869447096681382092 -0.9999504849934741646 -0.0018401413181745283898 -0.0097796442358465476841 -5.8901156709725149829e-05 0.98383167713493280271 -0.17909558229231528625 0.0099510849712178099657 -0.17908613834102171669 -0.98378307108929707869
-1.3393837011919036417 5.0290362484686514932 5.8702857903881975332 -0.91642640664624153146 0.0023007195293250981907 -0.40019663653133957792 -0.31285492184769653212 0.61947555297865941615 0.71998044219096291041 0.24956850577953382242 0.78501257693841353102 -0.56698396359295466507
-6.9451162619211279647 -5.1058929098507332967 3.1995190609601675824 0.99734472958537367937 -0.0026750077668426584625 0.072775921167179971616 -0.072673397053273594559 0.02790401022774924647 0.99696536728909890268 -0.0046976301492998688569 -0.99960702805986867414 0.027635515633416256331
1.0244172355525877904 7.0615583112913284936 -3.8121287527237397441 0.95760453615935225979 -0.016330587698222272242 0.28762278114311956578 0.051075191747873338599 0.99219984710033937159 -0.11371362364192286187 -0.28352226916949085922 0.12358307052054527675 0.95096916225804850598
3.1160730824092972568 0.097315252053590428627 7.1123516112832856351 0.93571711687367276067 0.0020929049064340879763 -0.35274508775993096421 -0.32727349556735196856 -0.36798522219712204162 -0.87033265786355373805 -0.13162650298809350224 0.92982928325239744272 -0.34364511886171927868
-5.6317270994857357991 5.4764769443357019796 -5.6965913893713384653 0.86749114707621843845 0.0058293118311608140003 0.49741846454253629828 -0.43841471560729478041 0.48144740481825781808 0.75894725345895908131 -0.23505668865884921104 -0.87645559814370943563 0.42020701755131262267
1.5133630394308210665 -1.3265725328128548099 1.2543176393150012871 0.98372828687621660659 -0.0045470720367320298372 -0.17960507157445956827 0.14133632891650488306 -0.59758193772229950547 0.78925272874830143532 -0.110917535709027959 -0.80179495623508234559 -0.587215589394763815
0.71320063605478289936 6.3028490166780795079 0.033145517026491780332 0.96228022864832207794 -0.0090754787710361061598 -0.27190880316277477036 0.12857126953328434915 -0.86562524856391298567 0.48390325241650933297 -0.23976277901907178114 -0.50061019239892012855 -0.83180721628459575179
-0.8797889935046350196 2.6687318691762142997 3.9724298283389578579 -0.5872699314863191189 0.0099470161589289163989 0.80933002195747438812 -0.15513871082033789395 0.9800013010163814986 -0.1246171353032965029 -0.79438404312849497657 -0.1987423127462866479 -0.57398212964094230681
-2.2888432025725884422 7.4613284351193405186 -4.3988875533900380077 -0.92244181371614342169 -0.0022243795674696904482 -0.3861297093512255918 -0.31585237806833532659 -0.57088770989045756199 0.7578420006602821779 -0.22212243375376078403 0.82102513654064823712 0.52590811896341593812
-4.4687630274068448344 6.7665065447429704193 -1.4964558249082278163 -0.8484691296347883771 0.0068011970582781029748 -0.52920117136618072262 0.18209273468509545868 -0.93511815327526004449 -0.30396755647572554215 -0.49693296532999109427 -0.35427077657282879386 0.79218043704375651348
-6.1600864625466869029 6.9106078966308661649 2.2524212425640648405 -0.98495452363689028896 -0.0056086818313694957253 -0.17272269409471424639 0.15927454133908031109 -0.41726966760513811705 -0.89471651654469042114 -0.067053760882272731014 -0.90876540822413409693 0.41188496691043879894
-6.0030165619568718327 -1.9145767325278648663 -5.5585515627945847328 0.53529873356452883915 0.0061305428652565592193 -0.84464056396099651547 -0.83775359721813635883 -0.12378644277028981457 -0.53183251774799844558 -0.10781547287942719326 0.99228994403366421739 -0.061126841709128833247
-3.9474879510467828503 -5.473296840279432196 3.2930503862475712928 0.9692792731465961209 -0.0023394242652404161065 -0.24595165732800911007 -0.09277367953000548173 0.92261838625421443982 -0.37439064856377396451 0.22779537974850788684 0.38570693594958993522 0.89405784182319358866
0.41970575086759881467 2.601567944829572987 -5.1929573687977175211 0.9997350673329182813 0.016056107460215542776 -0.016492318148777791037 -0.012311537290880554887 0.97842367082119807709 0.20624147600881470588 0.019447909765113530894 -0.20598379011464057475 0.9783621297944108397
-5.3236732153051065097 -5.2400151429438945883 0.60285084456220194848 -0.99912233906867919941 -0.0063956763001417962777 0.041396218408253651622 0.024571379406035060572 -0.88986512195360845112 0.45556153486068734493 0.033923426830501049456 0.45617886848821337376 0.88924127269083075298
-7.0058920164984401779 -4.0345724094556203454 -7.3765357503678679052 0.81742480085485746955 0.0014386592930466651774 -0.57603352784955608179 -0.2970067070577360191 0.85787634122822953309 -0.41932707892955456419 0.49356226649745627011 0.51385417524851206839 0.70167668884584233346
-3.2704217716566739149 3.3061156441367232084 3.7238377825251753883 0.88916548988467503101 0.0031806712765924324837 -0.45757470966869212559 -0.42708341719168663175 -0.35321458189428567298 -0.83236963777944728005 -0.16426955395943007576 0.93553692736711879796 -0.31270780478666260205
1.8393900905501840981 6.7560886954210568334 6.429090283947720863 0.76715447348016130302 -0.0074813169328549859738 0.64141877405973901638 0.17921974407650326233 -0.95761189717210359884 -0.2255210361088309523 0.61591744345531551641 0.28796438024765896868 -0.73329545106748406091
6.8562751173808642591 -0.80342996440237690603 -5.6771046192667338204 0.99958323635406942653 0.0038265861578581214161 -0.0286131235317291302 0.0099673169904931132462 -0.97596907569689184125 0.21768099566902665565 -0.027092548641223519745 -0.21787547021587214124 -0.9756004680638793447
-3.3302523419309744135 -7.1738827503952347087 6.0630816884194933536 -0.96193445871551996884 -0.0043097250480333883921 0.27324626878639618477 -0.27282632568190223754 0.07275114669625076802 -0.95930863994305048958 -0.015744622910319684 -0.997340812824048073 -0.071157641367811330646
-3.0881786794819738873 2.0967459536535217879 2.0618234251489959696 -0.81751141861626042129 0.011749110388038112168 -0.57579253107083494534 -0.55410505789665431831 -0.28856556545728717644 0.78083128731219386687 -0.15697982432544632658 0.95738804715607217499 0.24241588627252441679
2.1530880783655419464 -5.2737480365216153899 1.2636418356381153849 0.78808424070881777368 -0.0084146702562814673643 0.61550988852394628026 -0.61551364081614312607 0.0024431459719564145236 0.78812244544040976901 -0.0081355710048432727799 -0.99996161144423800771 -0.0032539394873860802426
6.8108392978247946914 1.5821471862938054631 -5.0576859442932606825 -0.99087391126372581507 -0.00050820678437608988315 0.1347910742700522968 0.13469947747867772048 -0.040784745158951460353 0.99004679451492227926 0.0049942711160077708776 0.99916782688803384982 0.040480995143756283439
-5.370715686827143287 -4.7367002398953470532 -6.6682431116414777605 -0.79568521084235921403 -0.0050738224898836141105 -0.60568911297132255189 0.052778433114550750427 0.9955808130010652679 -0.077674202809049949781 0.6034065646350953438 -0.093771536776306396721 -0.79190114070254313816
-4.581174907155857845 -6.2900399921685430371 6.7436515901192342071 -0.9275072684909081433 0.0029616967222135803794 0.3737933857749913269 -0.35548034556640673021 0.30226115911719958484 -0.88446137032945326695 -0.11560272839610644113 -0.95322055162573549048 -0.27929659708942672358
1.6962717381096168445 -4.7791573234305806395 5.9711064572113619064 0.99974259543275278972 0.0047489196277564500043 -0.022185369947431275717 0.022677389528250178896 -0.23898909874331530911 0.97075740877214156122 -0.00069201265669597156888 -0.97101063765757811286 -0.23903527495795076629
7.3530035073543524859 3.6896264705763450742 -5.9644935853493299405 0.86852235398418553558 -0.014587696274591110956 -0.49543528310687856564 0.49363478844482544527 -0.064586624113571078354 0.8672677000920017143 -0.044649930200268944658 -0.99780547558292709276 -0.048893932446560796345
5.6945717547969234573 -3.9260913621204349688 -5.8700135896147225267 0.84249877244552917599 0.0068402096781507177453 -0.53865483378466993969 0.21616180874851939619 -0.92017997035606646783 0.32640909085696190317 -0.49342668236175502017 -0.39143586152403031519 -0.77672908755013247983
-3.4890702427619508796 6.8716407143148101611 -7.0418230889317703358 0.9998344300729986589 -0.00044901822842365274411 -0.018190954431322993445 0.018050915611777906822 -0.10172814716997921614 0.99464845474108831702 -0.0022971473766406117455 -0.99481213425253633975 -0.10170319885799239401
0.58892708923902470364 4.6464103428571972287 -6.5881231606090135955 0.968913790266961783 -0.0055760536858547827752 0.24733575288630524347 0.08259265704435825306 -0.93509818298241376144 -0.34463000621717843064 0.23320488852703535887 0.35434488257661489463 -0.90556898365545668295
3.5798065399756198168 -1.9826717870564771751 -7.255595940006272393 0.99959847144732327795 0.0038377479513437475628 -0.028074322265535110038 0.019540175765845581302 0.62415282308719832738 0.78105789475772313679 0.020520170833767753527 -0.78129285490334665631 0.6238272176379984213
-4.4965587774873840843 1.6375836466315845108 2.4830482335926462589 -0.96769881640795374356 0.0064181324795396996197 -0.25202739592780704081 -0.24688212049726365738 -0.22663293543627954785 0.94217128546474593342 -0.051070728420886189747 0.97395909572775729579 0.22089694553689123713
2.3387581841751541312 -0.92682201435585864768 -3.6721988354014332145 0.65741364351865727578 0.01287881441057193467 -0.7534198281535585684 0.30235073756574154524 -0.92034502973528020675 0.24809082557604977826 -0.69021107844567342049 -0.3908953343044109241 -0.60894129832854060336
1.1663664256677674924 4.8381672845222345458 1.490675695459306116 -0.88448213206145520626 -0.0064267207770576633558 -0.46652980111052888557 0.20759409925619187742 -0.90089966434293622388 -0.38116201901642565719 -0.4178469193593608022 -0.43397982907813936748 0.79816380520237162344
1.693654305255982484 5.5197360974605329531 -6.8466185919926738634 -0.99593653539567073008 0.003326783763395881055 -0.089996388670038326985 0.038922953211574913557 0.91706335555309237417 -0.39683725331043323559 0.081212198450438644048 -0.39872764440339603098 -0.91346638931679491336
-6.9114575761022098987 -0.47476952526445920233 4.7356535731441304904 -0.97360228525695224899 0.012188123674124060752 0.2279255136742637522 0.06729098442798404911 0.96951898862314023209 0.23559468184534784752 -0.21810665637964121721 0.244712852830339056 -0.94474605376393583356
5.8832407473602819081 0.05815105086841594606 0.89704764120666613536 0.61302426405406651444 0.0033681772731807488319 -0.79005690115514237704 -0.56028318870432436416 -0.70318612151307002822 -0.43773511050278313128 -0.55703141754875928893 0.71099784380366815029 -0.4291830215307814167
-3.7068281665508209244 3.4336951954832435341 1.0116490869762788662 0.95855802063172812488 -0.0092306312027586687879 -0.28474781216037492459 -0.15072347108225098156 0.83171778203476032232 -0.53434816955990183107 0.24176218965634962976 0.55512190237346625832 0.79585847809627419114
1.1072769353703106887 3.7557442068801556445 -1.1298467720770843936 -0.85014595692150918271 -0.0082267942666222892978 0.52648283142588514494 -0.52614008484980223646 0.052579136169328674622 -0.8487709028671633904 -0.020699348886932551067 -0.99858287302350090542 -0.049028386266187606868
-4.9989677410992641171 6.95230657319507106 -5.8897436991760949709 0.97878361113153611317 0.0041009761383547938679 0.20485561885142095084 -0.16367410331155068937 0.61710791484793270367 0.76966785650515145978 -0.12326163428028659441 -0.78686784368587814331 0.60468633694493345576
1.0741597347588682787 5.1596206686045782419 -4.6886338438330623646 0.99603904287971167797 0.0056781924580496653462 -0.088735467484489488621 -0.083604304425379721843 0.39959182199682657943 -0.91287277102268893358 0.030274499844294148337 0.91667558815744554224 0.39848377725514583236
-4.7367518788429547882 -7.029642247926819465 5.0538556045413320916 0.98695929181457187074 -0.010327545521320796035 0.16063840793678879626 -0.15724341988436921214 -0.27534506348084147875 0.948398441015081195 0.03443636455887631731 -0.96128998633097284543 -0.27337830743440538761
4.5755980803152178638 5.0429199640264101845 -4.1218367209361019832 0.99548541462476392017 -0.0020294884688939907741 -0.094892942023898071979 0.03726470453252438142 0.92785063075476925665 0.37108563540524031055 0.087293362092983772804 -0.37294649506944127504 0.92373739815478672632
5.3504765106543512587 0.97993373620868839957 -0.069837287660504981934 0.99693024546646125117 0.0020096063372739177144 0.078269068963446167264 0.047255373807645412176 0.78161352791587213051 -0.62197043549123287587 -0.06242607884802409135 0.62375977303861118717 0.77911920154646907566
-5.6074488536257831583 -2.4636671382636530225 -2.6246958655335057564 0.40244495123147039362 -0.011393602988865859926 -0.91537328289567954087 -0.82258110308235621311 -0.44331837665463336151 -0.35613079868509012194 -0.40174418487397500765 0.89629180668536712062 -0.18778340498746992626
-0.8810618138353123463 -5.089195194836141134 -0.81117906308695530981 0.99719910639656905715 -0.0061032954315522460961 -0.074543222272164214037 -0.022467545536240605963 0.92618833332944738856 -0.3763912599970163364 0.071338289854872283247 0.3770118313652620623 0.92345705228295837941
2.5145975743330000185 3.0449065461301265678 3.5253535311708166233 0.99904152440298343851 0.0030244775064736263009 0.043667895008168623738 0.0017465068345411949302 0.99406141816700088754 -0.1088064640805542771 -0.04373765234334135027 0.1087784420170277988 0.99310335228506363414
-3.2691688532082294749 4.7976696675131540459 -1.2127894680839721442 0.99665363015127217405 -0.0053841174934619664971 -0.081563182780213183687 0.052281250535554900372 0.80902780755130665469 0.58544058404858267952 0.06283480205163310961 -0.58774570852324259373 0.8066019896849240256
5.3546784250269956473 -3.4421745232141267579 2.7600552834862899232 0.99198319776000387638 0.003085815902123514344 -0.12633215387241014671 0.095751685021664784125 -0.6707509853440332126 0.73547585308812279958 -0.082467873607499062039 -0.7416762052272201089 -0.66566917941446779317
0.79349113274426019693 -2.8568689147613697266 6.3793146648427461187 0.94409232463066605767 0.00045615507936358143382 -0.32968086765258247661 0.017876406038764530715 -0.99859870845546683249 0.04981017544936351682 -0.3291961674757721279 -0.052918913383599650024 -0.9427775304522397759
3.5416962093458743688 0.56919915384986197182 -5.2397255263786313151 0.95925595298332877459 0.0030795912101690206542 -0.28252173860422752361 0.10044704139547881716 0.93089742591324931009 0.35119848277443860285 0.26408030699175855105 -0.36526770805276853604 0.89265956159827541949
4.0528960033810337293 2.3893094744175344957 -4.8463897717270949528 -0.99931507795265661631 -0.0036805612016651686677 -0.036821575817504330341 0.027514484275776410899 0.59148171747108035934 -0.80584882642619937165 0.02474526482949355663 -0.80631000946703390575 -0.5909753298588639181
0.47173834237020056959 3.2058214552783805829 -3.772815500579414838 0.99216563050289818815 -0.0045400814797557226266 -0.12484690348183635766 -0.11069055845493949719 0.43138485471510767955 -0.89535172272764995682 0.057922033094407854303 0.9021565799696766863 0.42750268221340742558
-3.4857416290995932862 -4.3828158892163928684 -7.3390606437044354493 0.97457441745716710813 -0.0082361297831997342528 -0.22391264145699082966 -0.21399375025500555481 -0.33043809163047044297 -0.9192482485442063922 -0.066418218056967584517 0.94379173219838352615 -0.32379899095629427475
