1125 14.717824617146108679 14.977075390850430381 15.033177056927090831
-6.8094229548438915955 3.5214458619311690413 1.7917707592301725938 0.99180628603483433903 0.00084119121192117443306 0.12774812475759958486 0.10847916774824672981 0.52260115916479066289 -0.84564785732850089595 -0.067472669625383452363 0.85257687092542477902 0.51822786302607071196
3.6872135069362688142 6.2145750012048575073 7.0349663421087580417 -0.99984522050008517446 -0.00097273452034677895806 -0.017566696635326912307 0.0053435899129573704441 0.93451291930458246782 -0.35588909747228175684 0.016762490565757914157 -0.35592788235870581603 -0.93436307796800899261
1.0440865548795577045 4.2988013653569021599 -5.7521729624243906898 0.97946710172737172506 -0.0028980665307233467037 -0.20158322808232950751 0.05371072799064214448 0.96750941829139025518 0.24706412774057437409 0.19431766345971049348 -0.25281836706988425334 0.94779930309098825436
0.43297947043928469713 2.4253326465837599102 -6.7802631147268535017 -0.99956548164419301017 0.0055643611201277361905 0.028946256938440169393 0.027061018502903461114 0.56253942002120416177 0.82632747878776513506 -0.011685426094461355898 0.82675173952499714236 -0.56244556359646979971
-2.9298712873481322916 -1.1140943435139034623 -4.8981613656786358035 -0.99987295737491532766 -0.0084421057198496678164 -0.013520353597889278596 -0.015938290686319033646 0.54016690544023893139 0.84140696761862154851 0.00020000098939534005291 0.84151556439447328106 -0.54023283395348764557
0.19085949772330823571 -4.096725698728902465 -0.90694958944048820193 -0.52294485827340919659 0.00029174339845712386494 0.85236646466834353753 0.41532666392733402771 -0.87316800527589588654 0.25511055798109560921 0.74433355253972632859 0.48741927480170049725 0.45649754995554298054
-1.9335601113616758262 3.2305867334239408706 -3.7247862354291019216 0.91236183630304223957 -0.01181289400935509569 0.40921429006428106101 0.17917584615472259557 -0.88723847267926347904 -0.42509282368972939326 0.36809223818557756935 0.46115978590178202667 -0.80736593689273039587
-6.5327086193908572298 -3.1063953735995291083 3.8717853779820736726 -0.96223881751957784925 0.0018235254148810725247 -0.27220053786454628808 -0.26591862497420359901 0.20739578045291839903 0.9414214120903522387 0.05816994886117893282 0.97825541910343027929 -0.19907936117057897785
-2.1302959129460612431 4.8530437188612847166 2.4681198129714365663 0.48856282073948581468 -0.0047306171676191220363 -0.87251589753561065166 0.82790930836131748638 -0.31317325127862311041 0.46528345318992148094 -0.27544971831494935444 -0.94968422959674092532 -0.14908828503745974459
-1.5167822917189379694 7.4271206892426562263 -3.3155922738909535674 -0.99756714948976721313 -0.00084457494205801217357 0.069707022257550238509 0.062693736855179774126 -0.44812161022616048278 0.89177156144807712135 0.030484055143230277818 0.89397220826018253259 0.44708434689724763089
3.5786227838831004 -7.320438620152475373 5.1608206128587914563 -0.9391187017924600422 -0.0073829005882929173848 -0.34351354663615757401 -0.26195889885158440968 -0.63155917550907769709 0.72973319997302699136 -0.22233667996110720311 0.77529252583087104878 0.59117501650075587882
5.0269083405846037849 -0.56683060007591201668 2.683172466280378643 0.92265811493400307075 -9.1890816969476298015e-05 -0.38561897580704534994 0.2739217336283528148 -0.70369952130691293402 0.65557140538489278025 -0.27142012967433498671 -0.71049769547012520121 -0.64924890291709447254
-3.6974516906863903465 6.4378253076056788373 -1.3794002496897981302 -0.96168674443938573226 0.0057536734480808206585 0.27409031506315217896 -0.033104315872015628586 0.99002686532415407061 -0.13693396294275478331 -0.27214464874437771513 -0.14076114939288231209 -0.95190524159784573044
2.0817944912186074902 -5.7835134889801542712 7.0919251052866112417 0.84473288823176695406 -0.0072783149958629313192 0.53513864901589491829 -0.35241508664236098625 -0.76008613755637877141 0.54596031925554078246 0.40277779760881471383 -0.64978157070322062339 -0.64463474629282557782
2.9938429995433950559 -3.4410884826910734802 -6.048746637225673517 0.99307140799494098005 -0.004784758307123487299 -0.1174150105861028609 -0.060701515547518278271 0.83465781018098261779 -0.54741361502442553721 0.10062059746002810501 0.55074807851848261997 0.82858436466963658606
6.24648217927935967 5.6005017280943238944 5.4433453267108555806 0.96512209596683862234 0.0060288678071189448493 -0.26173076362855174359 -0.15593857121638568519 0.81627704610821238962 -0.55621483799314697105 0.21029146887968783175 0.57762915157535643651 0.78874714666144762898
-3.9290529526250534964 -2.2844452708718536726 -6.9462197714013731442 -0.95221183669840625541 0.0011159134698629238035 0.30543636454845590755 0.011276695571356951109 -0.99918312635582451353 0.038806135376199028808 0.30523016592144369685 0.040395974341145966802 0.9514214161288793159
3.6315990211951723055 0.17831154647296937332 4.2357961217807691412 -0.73461935032080882824 -0.008967109865402543914 -0.67842022454739125958 -0.38790325778708978355 -0.81482318012829646481 0.43080650845121071235 -0.55665561412104647143 0.57964021260302878158 0.59510650408240550746
5.7906352198826427369 -4.6182655225462161397 4.688597910677563263 -0.99809661499990076639 -0.0010937341395010694023 0.061659961654623215987 -0.061662215130741625246 0.0021625715158061762679 -0.99809473223220690485 0.00095830620636459015304 -0.99999706351076522726 -0.0022258973794331690307
-5.4023434759827102525 1.4202028273618447773 -7.4110667108474039821 0.96216661819280790979 -0.0052733447105565304028 -0.27241070219586049905 -0.2707440445593058409 0.09358554131198562609 -0.95809154510039074015 0.030546050005727160004 0.99559727716238755058 0.088617157120721171126
5.7917402495614513924 -7.4296410843867333185 6.4551344545464957037 -0.97228377597428949919 -0.0071719921885153052263 0.23369386278907469667 0.077278247300072058779 0.9334948145669746955 0.35016496636686833543 -0.2206633895131985823 0.35851916783420889612 -0.90706762417361752604
-3.1442946246479364092 -6.571486271936966439 0.7150597238884645046 -0.93578204649123342129 0.00043107182670389294389 -0.35257875097833318856 -0.15291160844844853273 0.90056306863826007802 0.40694495869417002254 0.31769482442444318959 0.43472517017305084552 -0.84266483547839443613
6.1406529883270346559 -1.3712662148325471811 -7.2988617419283219334 -0.99903729794835194333 -0.0052138218722954741274 0.043557931190767951168 -0.043612008211484767917 0.22532984782345880093 -0.97330593978439938763 -0.0047402582094091018361 -0.97426858501206059504 -0.22534030755896058973
4.3999854899888370952 5.1851529433683287706 2.0785676071051550906 -0.89707740453835638217 0.0065042850775490802795 -0.44182555895114239419 0.11274158978812105769 -0.96342903901961929325 -0.24309220618070878639 -0.42724871468371239391 -0.26788464130927464035 0.86353711834047353069
5.8832490455294870202 -2.82214446854660439 -3.3293728521084879901 0.76140985135014649376 -0.001528121010469815676 -0.64826900520776109538 0.17411604035156469372 -0.96277115324354900494 0.20677357416824729275 -0.62445067279907551239 -0.27031346863995825425 -0.73279737029597447062
1.6106663324344985266 6.5106069877122463296 1.2205671348597904036 -0.99843427901226777799 -0.00017713737595786822562 -0.055937099634277100135 0.037608502717840205931 0.73812008853843380507 -0.67362031992750959208 0.041407620270494237269 -0.67466932901848108983 -0.736957736552885323
6.1268570503743635669 7.0469692321073562624 2.4897976647104096415 0.65579916666132398451 -0.0047300907845517336375 0.75492057810583057531 0.34641415075223724873 0.89037352293389537827 -0.29535102135751756247 -0.67076425751897661431 0.45520612462869503023 0.58554478473941951044
2.0802870976290104288 -4.4460604064179474193 -4.2050413130350481339 -0.9998832216489930147 -0.0048284357271396165928 -0.014499285264134145756 -0.0096015253516693790242 0.93661639236819849152 0.35022499091024417162 0.01188922939736839629 0.35032330746841183755 -0.93655337619853507025
-5.1066628620721372656 3.8736245769589618959 -1.0042751580059345873 0.9185699745766523483 0.0038543964068041150842 -0.39523960509387850992 0.39396789210652960467 -0.089666483169487137816 0.91473997495742886965 -0.0319139749254452737 -0.99596438963671440892 -0.083883447593149404464
0.075555955070044561461 -6.5953935932361522632 -3.6058890713628897196 0.82715329236686918613 0.0020015253857507664913 -0.56197279722655824052 -0.32905287669837157694 -0.80892211390297508178 -0.48720551923712385189 -0.45556737730335750136 0.58791241485000489408 -0.66844398209740396588
-0.66815893277963422925 -7.3894858600363395595 7.406721448716988121 -0.97929323775969567833 0.01153973838941132514 0.20211776002108974848 -0.073550676154291630415 0.90987388101646238248 -0.40831338293188906841 -0.18861350035272708703 -0.41472443270434516949 -0.89018458333236272217
-2.3386101208002982865 -6.5108465019550374464 -3.8413977466902200497 0.97147105747590289937 0.0040084531198674219071 0.23712426444891646082 0.23326892138440374902 -0.19648445630621258484 -0.952354696920345134 0.042773763021205835066 0.98049874591133323598 -0.19181401008102075267
-1.7135187224358239266 7.2449504658179888494 6.2975296212229077142 -0.75104657577000222268 0.006701052253971365516 0.66021522015390687876 -0.13494394502278350689 0.97728258146502022807 -0.16342853993932338064 -0.64631197786041816311 -0.21183449167619430864 -0.73308046994211450986
0.93246869359673878463 -1.4359170116792692173 -2.4713972382045814591 0.74566778065181515966 -0.00066066669457849440394 -0.66631758525304951579 0.63154113733182837276 0.31954363178425032599 0.70643305361781194573 0.21245082432299433606 -0.94757133288512129798 0.23869062892963002764
-0.59076335614081665337 -6.8188770609474236295 -5.9636702737023048471 0.96830466069587983746 0.00168704606728136558 0.24976636673146956902 0.060850845162601648053 -0.97144063057063989586 -0.22934750035598233664 0.24224627699446604767 0.23727674802247286645 -0.94075314834990586554
-6.3833643079526583008 6.8701939339937982965 -3.2114469558432863217 -0.99198231394885350021 -0.0062602802203341832016 -0.12622162138094825123 -0.042645341862174120096 0.95677110883195659596 0.28769848821612886702 0.11896412749204356152 0.29077457625443214884 -0.94936699024872817088
-3.0341540086758334027 6.9181626839420369279 5.3508612420471362014 0.94828649098583139843 0.015753707407568970367 0.31702452857260915442 -0.019826080194988281863 -0.99387773546374746925 0.10869210409879792589 0.31679592414970642045 -0.10935660772093233617 -0.94216849596548124524
5.3498559594229115888 7.1821159265525915671 -7.5085646571189039733 0.999832407461385686 0.0036864964312954108874 0.017932281894896612978 0.0023208646203113449981 -0.99713643840955501485 0.075587940727174146582 0.018159586374988000851 -0.075533654353630130807 -0.99697788164166623037
-2.8298067838507137139 4.9981751100428120083 -5.0236794692643647053 -0.9999796824638061965 -0.0059624932346032961245 0.0022546250239936123372 0.004213668317748095471 -0.35287563277526501349 0.93566074663465315098 -0.0047832686396876936824 0.93565123655546766912 0.35289358718054852915
1.2132663210505609808 3.6007344897541493367 1.9500218069703048052 -0.82580679402065670924 0.0047974917604856883932 0.56393272916392278571 -0.30022472399931682263 -0.8502287972727591292 -0.43240733965500999236 0.4773973754105659828 -0.52639146683894755263 0.70356504289960697385
5.599018017244193679 -2.3090548383279378974 3.1165718604634653488 0.063957848433251224263 -0.0010144210896482104556 0.99795208530957713045 -0.91196271449819810151 -0.40614783053939979007 0.05803401686149772809 0.40525720350013189064 -0.91380682351240849481 -0.026901455597663510161
4.5211255767422917629 7.296019243113583741 -0.94564977043389053524 0.9728773357019282475 0.0052761722329199350554 0.23126143579081961943 -0.17103545948600612503 -0.65670194654393865274 0.73449943839585196681 0.1557451805863220573 -0.75413176263308256964 -0.63798802756182548812
4.1619514581835739264 -5.9433573727109960672 -5.8568441759202851671 0.16267687786879475587 -0.0086556994822800069345 0.98664143044644003755 0.65872594563195308037 0.74542717887514553521 -0.10207080652870671733 -0.7345858438318699779 0.66653086939817662859 0.12696549996447961672
-6.8702290114126220999 3.1798285139016750911 -4.7331151663040627042 -0.86461472014047480172 -0.0011485216846314483252 0.50243414156926569092 0.49979758422884074109 0.1003702302522958556 0.86030703337711111889 -0.051417511759169261254 0.99494949508855867748 -0.086207550176585781565
7.1470778049214267469 -3.7951260562463886572 -0.4292406592266731491 0.7787298069898005437 -0.0058482384235608786058 -0.62733219733490441783 0.57901146762652055955 -0.37824126474361047245 0.72227367804875286517 -0.24150695241068390051 -0.92568857816896077395 -0.29116154997676113592
3.1954505340060532781 -0.92403383900066760059 3.4832623603152867986 -0.73075385623747801667 0.0089593579194192311116 -0.68258225255264992626 -0.68262518357902357558 -0.016407743355184117168 0.73058445418839179641 -0.0046540668033290613637 0.99982524266176675543 0.01810590507341977573
3.2119008991201147829 -3.5017267548633230767 1.4943511654060177563 -0.95374515793897773897 -0.0026636193479896482644 0.30060452232115170146 -0.28834614678454989489 -0.274668328178250154 -0.91728611083470024123 0.085009842621248513095 -0.96153534237056725864 0.2611955436636912431
-6.7461830175066879178 1.6917508296158685344 -2.7134910615029412817 -0.99957009463697665819 -0.018474275228477703842 0.022766797364424259942 -0.028747316008413247718 0.77018798796344789537 -0.63716878063751714034 -0.0057634824339239734692 -0.63754934267990059915 -0.77038796584490221164
-4.8562366977179349803 1.0717419034703459246 0.36374801307087922808 0.93061631768947306043 -0.010440739053734521269 -0.36584731817794968745 0.21394158371645205508 -0.79551221964330742775 0.56691208062194886619 -0.29695499323447815954 -0.60584758757151890851 -0.73808294427306908592
-7.3044809608138505652 1.3636547695634329003 3.6114881475232465391 -0.89978016911415437118 -0.0031572515631314401578 0.43633207426398051831 0.24359143687469972384 0.82601238839298063432 0.50829789110591716561 -0.36202052310648286104 0.56364311934402466786 -0.74246048707372780395
-2.122894457635333243 -0.78459393430009982673 -2.8302475373270756798 -0.99642248361954632863 0.0085239899905554129128 0.084080769096525925788 0.046405189199502053232 -0.77631155947084018454 0.62863894331112679659 0.070631385039345934151 0.63029176119208663032 0.77313873478233841041
6.2821032667447944675 7.2820823984501963366 -6.1068140586790660151 -0.91906592606991610594 -0.0040503776392122325944 -0.39408300899480241952 -0.39212824910905708098 0.10939563751858885632 0.91338274055440948906 0.039411416975799931639 0.99399003462456336777 -0.10213007039587199132
-1.3099949389041474213 -0.66561243169451633772 -3.9866517154764355979 -0.95427099935544712483 -0.0012846621027917202312 0.29894014356129866572 0.074393139974988781171 -0.96955257336784861355 0.23330981162512501315 0.28953846119961007544 0.24487988304301572251 0.92531147316299477978
-1.1840741292400303042 -3.8605622158403050115 2.9970404354778485967 -0.94235015126651322515 -0.0012882836122217675157 0.33462595944299500239 0.17134444748394769831 -0.86081058883752126221 0.47921415928771149417 0.28743220544021103047 0.50892383562831067234 0.81140572884667050424
-4.7620092486868221826 -1.551904711332463549 -2.160156986019953429 -0.99557698969228813901 5.6329822244734033265e-05 0.093949211929383769082 -0.093538512076167729115 0.092809440677221258231 -0.99128046206905817694 -0.0087752124634103319256 -0.99568388786207095986 -0.092393674556653204721
-1.0418832894988636628 -4.7746341992817837863 5.5418017512074522202 -0.95734549961636217219 0.0052296662378397773888 0.28889832978962060039 0.081865650771939996178 -0.95395752400370892321 0.2885533878164658339 0.2771057732850151778 0.29989613700029493781 0.91283881240034336901
-5.2104999033694268107 5.5532384407413415417 4.3512666961764310258 0.66585284991481707983 0.013877771261691096427 -0.74595401314361020617 -0.68145089269487157946 -0.39574463304391249707 -0.61563858412397853836 -0.30375098864953342659 0.91825573392259973726 -0.25405067213594401121
6.9564101718844808531 -5.9935355660923130827 -5.481061230751865132 -0.78152508615490190458 0.0055613790104679407256 0.62384902883163362297 0.53348591381523702282 -0.51245495863650825097 0.67289129518048063083 0.32343673179062937262 0.85869609666768687006 0.3975294883353642228
-5.4604131116243985744 1.9188071678250400165 2.0058762029446954855 0.20472354256327884858 0.0017102142137246064205 -0.97881834182224403129 -0.12407780594280870545 0.9919769049719030507 -0.024218135246023519275 0.97092377105157490202 0.12640765471170103962 0.20329322575413902308
6.9166349686054049428 -0.46256341912953907736 1.1626670188434897746 0.97418817956031755756 0.0030195331447362486199 -0.22571724175273347179 0.0056782363780723300872 -0.99992193039266552557 0.011130622232487438761 -0.22566601081353299119 -0.012124996463335660501 -0.97412927069469246177
-1.2619725308742761882 3.9015329211861531356 -4.913951598036908841 0.98258868406882582391 0.00076274387924770477992 0.18579261600396579368 0.1581530627049456128 -0.52822662073672643768 -0.8342447158370095428 0.097504290658801742731 0.84910308877471063482 -0.51915013044045787982
-5.5300183245428904399 1.7902670320466336218 -6.3438782587941018321 -0.99850269232454347268 0.00699268949442550386 0.054253808291979316314 -0.026700621448927659707 -0.92792599615022697268 -0.37180696938438656529 0.047743588415528503965 -0.37269887035277715626 0.92672331458909551483
0.33266710378542047044 -2.2574312655245942771 1.5553022180911726391 0.94815737635184937915 0.00049933221949632336165 -0.31780078718746268551 -0.14232003638461027117 -0.89345183163626085143 -0.42601506051951709697 -0.284152418453768707 0.44915874166413011226 -0.84706187960125278735
-4.8574201238850545082 -0.49907857326989668589 -5.6410390694832814873 -0.99991178437048311434 0.0057954094470215912482 0.011951431148095253282 0.0093260856034202855441 0.94701942978254982641 0.32104084435111224227 -0.0094576743686834718883 0.32112398360091526373 -0.94698993635186679008
1.4975585349275097879 6.1716873341992064539 5.3394175588139933808 -0.71972884925491409369 0.0028552843488784118708 0.69424940108113064596 -0.57672722180585944685 -0.55915442903259215957 -0.5955938516483426648 0.38649203766492301604 -0.82905860579602219662 0.40408629397337675337
-6.9169594171520953907 0.504404275917652134 -2.0827033608446523516 0.94045670261438196746 -0.0058213606167133152142 0.33986365246715699584 0.07926758483623792817 0.97604231938474728114 -0.20262783807892897903 -0.33054173791214652711 0.21750287936219936391 0.91838698649715300171
-4.7719819345047893577 -4.5805079569376747628 3.6455015922542801654 -0.010693387029557965828 0.0026884403614416494538 -0.99993921003344732323 -0.54547287988318249319 0.83808946076710422179 0.0080865977355467945353 0.83806025367254266545 0.54552619372439747902 -0.0074955436630143919968
3.4970525392043683155 2.1558098651573751603 -3.1486664761880240881 -0.97970169201920764834 -0.0040031252286356041117 -0.20042098104545441606 0.15171697144182069716 0.63866225189030889631 -0.75438218999852069135 0.13102120145734502676 -0.76947677222822796761 -0.62509114676966293089
6.5739184979580240764 6.0229084536526773519 -3.7330020603616045349 0.99103770941451663212 -0.0043684333985902421005 -0.13351095576055421743 -0.13272940547510253539 0.080566325913736816511 -0.98787244725772538345 0.015071942167031449067 0.99673967710642041862 0.079264447521538175523
5.3246527297856784955 -5.9298074658116757263 6.3178578235493194626 0.88799262028539527325 0.0094894782026869843594 -0.45975978088780194986 -0.1272856297489176336 -0.95565274406965772247 -0.26556769609946195843 -0.44189079508177764311 0.29434296756603456346 -0.84740471008033002587
-4.0961567298118755076 0.39864160978577778405 -5.9284620988676524078 -0.95402842199640858212 0.0026499590145489127641 0.2997044339681543268 0.29287048089223882696 0.22074135984423151613 0.9303225964557267913 -0.063691847554570760193 0.97532878034600101191 -0.21136962597246097828
-6.6884257961711339746 -5.5903035229302879827 -1.7706789289374671448 0.9977512881223149499 -0.011571531400138819132 -0.066018684561983176362 0.044683291187387827459 0.84900280191320076639 0.52649562755282397486 0.049957687485542787154 -0.52826162268771825747 0.8476106933354209394
1.4081213626936390781 -6.8230278230453480504 -6.1745920719260940501 -0.41518780584208420104 -0.010342781374465341224 0.90967692768002195169 0.73887089376469572422 0.57953285622064887317 0.34381895076925045318 -0.53074371237665907142 0.81488324036896297997 -0.23297299486951386638
-5.7541237755276668508 -6.7535459276109204296 -1.6945722679217558593 0.82151999702258227121 -0.00082269109152928931658 0.57017911016746014585 -0.25535714792801078588 0.89357501139416983804 0.36921054428877203568 -0.50980155109029456906 -0.44891315662523734176 0.73387966064919496478
-1.5430567814266407112 -5.7972157143328697515 5.7849297716771710398 0.88246175409757099395 -0.010021224975163599627 -0.47027739431650478208 0.10565375877919419567 -0.97000443838037142541 0.21892618111671363623 -0.45836506827083894899 -0.2428805561846226202 -0.85493303808933085453
-6.6880079779011341046 0.66274423226487777505 -6.0344451793817919238 -0.99193185224249769139 -0.0083772571124543677989 0.12649514642889719829 0.12458227290446301228 -0.24908194153347831823 0.96043606954315130508 0.023461836772488708219 0.96844618227603274097 0.24811596935725044322
-0.058159576448185187902 -1.44621180274676564 7.2608292280192658907 0.68221967160925733875 -0.00017626117745588032459 -0.7311472413962835093 0.56456533788503415749 0.63555069307355915864 0.5266320307317158278 0.46458831122639415723 -0.77205912044724145371 0.43368469607078968808
-2.29362500223945176 -5.0200387944572417709 6.7770971192248312676 0.99887043701190225686 0.014889086940124052552 -0.045123886732304926972 0.023758424608397932937 0.66591747091185160556 0.74564700709812725687 0.041150787645850478436 -0.74587682429767043768 0.66481153393413294772
6.9398410611332810305 -3.3427268319953671316 4.6347238587932713116 0.9726372120209249017 0.0013801299619312023485 0.23232509342201701497 0.0038485523625559504152 0.99974943690141770958 -0.022051123781150046288 -0.23229731474328674246 0.022341858843591484024 0.97238819352477334768
-6.6701827156947457453 0.47668799796121497092 0.10713183694294474424 -0.75967488689487849829 -0.0077346399368688973155 0.65025705806721467717 -0.5063020412571920259 0.63455649878363118432 -0.58394887864456990201 -0.40810820775861639254 -0.77283777417806964749 -0.48597270043031798314
-5.998192285686970493 -7.3721749632741380154 0.011130330317993392814 -0.99195179435841374094 -0.00010339694975768781715 0.12661606129596456038 -0.088204740178312271426 -0.71686478438429468429 -0.69161029830371356653 0.090838105875773858533 -0.69721221318809756262 0.71108618908133558456
-0.41529622215995454226 -0.7346766414358610886 -2.4164450689303893505 0.78114341164403999773 0.0049494486602070179165 -0.62433202176651136917 0.20818602917003731223 -0.94480525492540723409 0.25298538994119296186 -0.58862003678387031513 -0.32759507508997570691 -0.73905880623482933522
3.5101696869724396954 6.7222977824054837015 4.1639178277219333069 -0.99998790444940133249 -0.0044831434752637799174 -0.0020229630946299349825 0.004643105377016221863 -0.9961461464696635959 -0.087585937490713708375 -0.0016225065669747129604 -0.087594270921394837282 0.99615491324102378723
4.7620472820550325821 1.8620791070143538626 4.2254919346401180746 -0.95746755897605728691 -0.0020500358788243622059 -0.2885336563752815553 -0.19331440654627812803 -0.73780986754047894749 0.64673498404021401154 -0.21420880871257452771 0.67500547902425955815 0.70603271139317291816
1.6904584950860959136 3.9746406986814029061 -0.49817668139181853215 -0.99552586411799970367 0.0076365117601416374754 0.094180345933302697659 -0.066908518973655142781 -0.76076867861881936062 -0.64556507628681569777 0.066719592030565669227 -0.64897819787772437206 0.75787584386802098191
5.3154732567436253632 4.1601167156907941092 2.2986008349172237786 0.76296060101532281461 -0.0011399781836188148561 -0.6464439819102766327 0.64525133090408248737 -0.059398825724101940449 0.76165773118189572521 -0.039266286618863277535 -0.99823368003313339702 -0.044583391333859564987
-3.2985297299289393358 -4.0809584390040489765 3.8058798172544641147 0.85244569511703960352 -0.0013829971265545016462 0.52281394797339209024 -0.037648455281477144485 0.99723797062567209881 0.064023618746464103224 -0.52145846497247860807 -0.074259795727056668313 0.8500391473614963278
-0.76583010231957460157 4.0734186363300146638 6.0136604833165208106 -0.97489541766758414099 0.010951011621602949747 0.22239379477656337492 0.073578085911900029115 -0.92683890998140716633 0.36817916863677563333 0.21015515669189760439 0.37529949412303059697 0.90276525178305755404
-6.6804510615120173966 -4.2343619944881414341 3.907917492545805338 0.99991068657264536856 -0.012564607387384072942 0.0045551639982581333677 -0.01272139742193669279 -0.99926350717963563497 0.036202337861331666813 0.004096940991002525137 -0.03625705255805351801 -0.99933409889503976853
1.8881024638670937943 -6.3892930968704275685 -3.0043112272568550658 0.99854170456731050631 -0.0023014296674593185191 -0.053936700505089155144 0.033136499710150632558 -0.76261511781566271306 0.64600321552275685733 -0.042619674175803298755 -0.64684842544475806836 -0.76142673834904861518
3.4352573220146540578 -3.4384393531253727438 6.7349109557837252282 0.90605287736950135269 0.0025898654989268622868 -0.42315656205146667812 -0.033552489257554080071 -0.99639328341415100976 -0.077940074621141428035 -0.42183221057086783823 0.08481578487539680189 -0.90269810499462532771
-2.1142275866133148909 6.080937933779350324 -5.2480444315974725811 0.99997197742073651305 -0.00024919055812999777594 0.0074821305260824510705 0.00046910937300609530098 0.99956746389048967139 -0.0294051877752319335 -0.0074715667392810103387 0.029407873703585777486 0.99953957032962326146
1.6128588272952175675 -4.4720560046120718667 4.3441826167105705991 0.83492565100440885306 0.0084105408164097707202 -0.55029848273263515246 -0.54516072900005341229 0.14978900806348544039 -0.82484121661057829833 0.07549130314800751862 0.9886822117680557076 0.12964778163347911999
3.5612497578842714496 6.7017707415606571075 -2.1125060473334791311 -0.99989142469781433498 0.0024005050249911105698 0.014538789192864439576 0.0091467330293702412553 0.87466499090311677911 0.48464161084591034223 -0.011553185294922184434 0.48472197315987536337 -0.87459198066601973043
-0.86483402134837528141 1.3837979472894075261 2.2368291685651304768 -0.99880604676160122946 -0.012734147654255826079 0.047162722949806168415 -0.0076645109270268062598 0.99432027546552836927 0.10615293246254160764 -0.048246618791115275515 0.10566471161964520464 -0.99323070456649298343
0.29910024609177859878 6.4062692204276387997 -3.1023291164171307166 -0.95862115057539631913 -0.0030683813618419186406 0.28466835915748051056 -0.27878144831089962663 0.21269820666758873506 -0.93650433899594642817 -0.057674897028696520129 -0.97711312442120989985 -0.20475240740098396564
-6.6049409803175276323 6.4625559996412329511 -1.7910085588851634153 -0.76423301189660342025 -0.0011784801230426619756 -0.64493915582173677592 0.18408592789194211381 -0.95879625793770761888 -0.21638416512453539919 -0.61811024476189180277 -0.28409214517317571413 0.73296069360594506836
4.3725018767271430775 -5.7242604247590591626 -0.22050786973996772122 -0.96985083701967111924 -0.01138714732162474097 -0.24343312594667879112 -0.17832470330410304937 -0.64767802031240562233 0.74075197076733334534 -0.16610133691156192537 0.76182905883155604965 0.62612046045154978735
-3.5654088122558724727 -3.3512472689476791032 -4.5186802282266604891 0.99848790988958757708 -0.0061018017213570942964 0.054632058537614824889 -0.042370085618392311355 -0.71861149711939287243 0.69411979661466571834 0.035023844006611098978 -0.69538498993254593827 -0.71778342564274622006
-5.9481598708860774494 -3.8768074600987274536 5.1538630276975645472 0.69631531206656893662 0.0032451795465419795879 -0.71772867783810256892 -0.53553595163760647768 -0.66342628971886652423 -0.52255794187182924571 -0.47785586810780167344 0.7482346068710764575 -0.46021597364211308534
-5.5657166925473307018 3.1586948090330162486 -6.0819393165292936487 0.99964787890469763987 0.01418691862980992445 -0.022424306923621229598 -0.019047702108827731238 -0.20471341518431196427 -0.9786366039996453603 -0.018474394322504070209 0.97871913692510670302 -0.20437110307243441798
6.9127576128267413935 -5.2268948252367906093 3.9912014385187353227 0.99991553417597345277 -0.0081539422898318451166 -0.010121153026237474787 -0.0088006661580609553408 0.1482678213757565866 -0.98890808542537811388 0.0095641407675253840154 0.98891362937798921173 0.14818353768809086612
6.0260826322492624385 -2.2167849984702816535 -0.51159883659480265283 -0.98264523488067545554 -0.015694707302963840229 -0.18482970142531909841 -0.18450246513773591039 0.18562843771220363664 0.96514295494016177912 0.019162012535104057387 0.98249466119427697475 -0.18530261196325722994
4.7226753077993688379 1.2467610247784732813 6.3883428893689471195 -0.72717521550453423362 0.0031849670871676276362 -0.68644450754637076351 0.51687330559745714442 0.66059549461441280371 -0.54447734429989691485 0.45172800656663159025 -0.75073527190335564985 -0.48201489562410781975
4.4469593137429894725 -6.4667813602071859691 5.0207672810364449845 0.79776531875105682889 0.0019094956060715824464 0.60296504875865464257 0.076903171573286910334 0.9915061035627865671 -0.10488826816981559886 -0.59804380976657856017 0.13004614728714675165 0.79084233648422896934
4.3124703307523049034 -2.7375744718979437842 5.6321756723649292198 0.98420469208238869907 -0.001152760457940395309 0.17703049236298465385 0.16154290804584225949 0.41492649942611825598 -0.89539929022428021987 -0.07242246159203136191 0.90985420327510302396 0.40855882788127528826
-2.2309281592094576396 6.8079760857471178781 -7.1552613627122880757 -0.92327216105908094246 -0.0085198186610812281366 0.38405198776115573311 -0.38128902459056218666 -0.101389365363282552 -0.91887914130100023513 0.046767470960941762148 -0.9948103383466460059 0.090361465120332981615
3.0371135788824794588 -2.1486072475700543905 -2.2471221556473697234 -0.98665109310132625975 -0.003565042777613844447 0.16280943139694104005 0.035086796817028698126 0.97162559422441030499 0.23390729218456099425 -0.15902370002903684632 0.23649734695750510016 -0.95853036869518937202
-0.49925372512779142564 -4.3555729442788511108 1.765185127630950479 0.98913149523887122783 -0.0059353743123381173807 -0.14691377218692308615 -0.030334459255903872127 0.96945150099334131966 -0.24340009819919111722 0.14387044765369369492 0.24521125290968132093 0.9587349663688875534
3.2194598023252054553 -1.0577251876042681467 -5.3375178149900657232 -0.99735072921002909663 0.010135388646739565063 0.072033303695332118188 0.054482760133087351773 0.76021220714816373221 0.64738630581069167569 -0.048199084976400755065 0.64959577738761342669 -0.75875040310208274885
-6.3049847548256865437 -2.7266355137140623199 -6.2569896073513513457 -0.73304884343736409491 0.0056372515250405997797 0.68015264061113822613 -0.26808149486924354177 0.91662623189868208673 -0.29652767679222374886 -0.62511735317761552011 -0.39970560715405889507 -0.67042055634199393399
-7.0571904414833479535 6.5028145834759092381 5.6189088818604098208 0.93281855562500726187 -0.0023841635138478487269 0.36033853255803843796 -0.34713802986722708255 -0.27420420228286235265 0.89683178114418060645 0.096668146261173107381 -0.96166853500298288271 -0.25661040174490240551
2.7343245171895715906 -6.02120393565827694 6.2501831603502742141 -0.93456115011287588246 0.0084788003940929734109 -0.35570151341187034033 0.27239122269482252126 0.66022142164967445588 -0.69993620866020633819 0.2289071394659008829 -0.75102315832377497529 -0.61932684195249876336
-6.0095850422818548608 4.1779800467970220623 7.0458155965666682263 0.77589894411297744004 -0.0060673916870266214607 0.63082803939148557326 -0.090966885195444421863 0.9884273857030619892 0.12139328231117875456 -0.62426425039585942134 -0.15157338140499629353 0.76636783317635059909
5.8289992778984345279 -5.5056056048749359988 -4.0035765403569296694 0.86207866986374104279 -0.0040616062372116059839 -0.50675819709303571159 0.50661370716930109737 -0.018278814707744367452 0.86197937135469304692 -0.012763959977322743636 -0.99982467877508740539 -0.013700110877040785201
-4.8693118881219730198 -6.2579522493840791242 -7.0124713667527460714 0.14847605081151277195 -0.0088874469088512809273 -0.98887606686720475047 -0.80130954541804588764 0.58492310578833905943 -0.12557058866145626164 0.57953246221188414733 0.81104005671877177353 0.079725476733445210797
-1.6203744800555834882 4.0599357081430564875 -6.8434176755655826696 0.9998196924317493961 -0.0022588821888618326739 -0.018854179297166012708 -0.014219776570738459909 -0.74710649768074710586 -0.6645522395398018034 -0.012584934643828480857 0.66470051795859674826 -0.74700390952492101704
-1.2051586695525124959 -4.3098665776459759158 -7.2840469917808574607 0.86606365108130300978 -0.017941832910004555657 -0.49961169212439671128 -0.038380175548629040516 -0.99879264789993560392 -0.030662821559044619452 -0.49845833767777980583 0.045731139641781042016 -0.86570661801019255233
-4.5941752237564079664 -0.33270050880649354452 2.2856695623952849594 -0.9871333004728101157 0.0040537172876324561316 -0.15984809812381348126 0.042351412013144330848 -0.95734789382123253176 -0.2858170185565154231 -0.1541888614593173723 -0.28890928952210231939 0.94485830547733073992
3.0365184679520531574 1.0157976162838640022 -0.51936243836352746772 0.42493953236739995249 -0.0063295340001265900862 -0.90519960828027057342 0.8177274353082465419 -0.42622033289758676222 0.38685665222257414886 -0.38826310071344583008 -0.90459723900977251354 -0.17594203534229083119
-1.830434784648502955 2.3040580463584037219 -2.7325002460335245935 -0.99552141894061330074 -0.0032298184608270754693 0.094481070608781830833 -0.09129108182407781602 -0.22676605779757544323 -0.96966132923319203751 0.024556929980402032038 -0.97394390151772258779 0.2254556140048608881
0.34930125007731116504 4.6237443855847732976 -4.1409203728712640213 -0.98420818995933401219 0.0076229510813966248894 -0.17685058505285730646 -0.17608287390369992131 0.060221630444567068874 0.9825315143772195281 0.018140020247038375623 0.99815592261103303073 -0.057928350762206592961
0.58234670130112797803 -2.509980756356123166 6.1211148542569047137 -0.9813246680145908396 -0.0017054653539418547503 0.19235120829866128589 0.18952919134652906896 -0.17945584350529858453 0.96533635892331071116 0.032872200619420532952 0.98376455090624292943 0.17642768152042706542
-6.3381829589850022799 1.1501847506807527655 6.4483771829067286774 0.8349235316603855761 -0.00023587311448962020033 -0.55036591522697908552 -0.50820404131262764125 0.38352563988339283263 -0.77112692596336240847 0.21126132791713167491 0.92353019870279140502 0.32009471006378109603
-4.662575838240356596 4.4751168250929342918 1.2086931341550408714 0.95955114433042221211 0.0025649797461907639096 0.28152268521919848743 -0.033498093613043122829 -0.99181477765299119742 0.12321251784359830983 0.27953439705770904977 -0.12765918575636087118 -0.95161108292910545625
4.460634965960523779 4.9939179164160476532 -2.286042027380181807 -0.88219687011249359188 0.0064200762387569372189 -0.47083698345066876678 -0.44504848496328236473 0.31526545558375312917 0.83817631710006090806 0.1538197919505789879 0.94898180969744194702 -0.27526895296723963291
0.69060069842395277462 6.115510697190723377 -6.4336581101877490241 0.94680993911456123868 0.0073924570407145773904 -0.32170839400417550191 0.16619570818074239082 0.84484740078161701948 0.50853894243691233346 0.27555385276961330554 -0.53495627949531476819 0.79868132146214110278
-3.4188816432086515107 5.8702089605232572467 -7.2586790554234816852 0.99658657044252074719 -0.011733407974541979618 0.08171618414330994451 -0.02870063094598517342 0.87885902749708022519 0.47621747507838418922 -0.077404660046673998131 -0.47693724631660383562 0.87552234790389138475
-3.5969242939528780489 -6.2010406639959230191 6.9391647361073394151 0.2980386390202675595 -0.0012504651730905064211 -0.95455298752237416338 -0.27785612028601280876 -0.95681007804772022496 -0.085501175231204734617 -0.91321900225001539919 0.2907110436208606985 -0.28551382286373794273
2.6771619064142542221 -6.4381442045967727239 -1.9286395992677052291 0.99816815960252580631 -0.0013693058518244980055 -0.060485123436961378551 -0.032263957074015484072 -0.85776780804452934515 -0.5130238050582787146 -0.051179705251453017079 0.51403551675348935213 -0.85624069354720300229
6.2918754867469228742 -0.21832166490335846998 0.08042784195053681584 0.97469396480687364726 -0.00251969568668820431 -0.22352925111168431282 -0.22342557311350108584 0.021488300385454874725 -0.97448410260271878247 0.0072586670828630765404 0.99976592464443403419 0.020381552246829321567
-2.2375324369422329163 -1.7531765396190968076 -3.529173103248234078 0.59158383212456555622 0.0030746822391711156608 -0.80623762991932046429 0.73792863363904481755 -0.40490812063456321779 0.53991735061931289685 -0.32479208922696822803 -0.91435220794468230476 -0.24180599372704406069
2.4593940372907194813 -5.2877813279147876102 -0.30544098078753206815 0.2544460130780350493 -0.019470327798606981706 -0.96689096218968173524 0.38798569309533381677 0.91786436521561631796 0.083618831735569998376 0.88584667317882703763 -0.39641633846610541125 0.2411011369012157346
2.2725670793883425702 2.0679975810570767614 0.12786021506016831406 0.78861855066092267919 0.0058927468526004589053 -0.61485450074637992834 -0.28315043039380860534 0.89110183605869963674 -0.35463128956801048819 0.54580822210858415122 0.45376513011402214159 0.70440797225136964066
7.3583769476170877155 7.3502782203833403329 -2.5010630429325657609 0.83554729838469898873 0.0081270908818707396359 0.5493584099255430786 -0.0051715820205005796212 -0.99972995473209880224 0.022655514797322855169 0.54939418171428378024 -0.021770806258048783915 -0.83527963287355155853
2.436324357280618802 -3.0039190238122412957 4.5297372528739314745 0.13953431560738704942 0.019443505505242618392 -0.99002632533770240642 0.62774517808029262067 0.7714905328107146687 0.1036260062945807553 0.76581079005516738967 -0.63594363577063661719 0.095443836667454845513
-2.3775621075587944908 -1.9883197320999552726 6.1359939405261902934 0.5753206642450890973 -0.015076297779244206276 -0.81778899389633441519 0.19699134648463884067 -0.96784546021548145678 0.15642753769903913752 -0.79385171329590975553 -0.25109334994315424261 -0.55385159285819174357
1.1715897974327367237 0.12850598755753675495 -6.1221513903824007485 0.4492959499939303547 0.0049898879033812570949 -0.89336904487324542146 0.3248905582726955843 0.9306033428545750219 0.16859283322038778885 0.83221347890081587284 -0.36599524489630202995 0.4164951455286753923
6.518501677741638467 4.4865672795007327522 6.3970984922688574059 -0.88890559135385016631 -0.002295078612607864485 -0.45808468897572357514 -0.44729665618467773225 0.22014650995211609841 0.86686862644918716292 0.098856213896026334798 0.97546411864815019133 -0.19671604460260180836
-5.7298632695349098753 5.0886903374605454431 -5.2628741000936640759 0.81852397459067161023 0.0056283651496831441086 0.57444479676127058188 -0.57252085182010636899 -0.074360267869015200803 0.8165111296202003377 0.047311491749460157785 -0.99721555947963125277 -0.057643305597929170303
1.6633505806709394381 -4.3609395961239565409 -5.9974433547635399577 0.99966412098637491557 -0.00098733522973561745756 -0.025897304525733862157 -0.0047155961846849069746 0.97566308872526497087 -0.2192243153754689089 0.025483492013044603541 0.21927280375904376064 0.97533072809517629143
