1125 14.717824617146108679 14.977075390850430381 15.033177056927090831
6.3528177354079300443 4.4159432020285827036 2.4416268638481972708 0.97753359826410890498 -0.010451201908245949176 0.21052039483971971001 -0.20592340988187493589 -0.26051034220692831367 0.94325495538900117065 0.044984592111511526036 -0.96541448817692465667 -0.25680975933678112932
-2.2207553925880016976 1.3245661123456593522 -4.7703840313708409937 -0.99774302491931210479 0.0018364080781564798631 0.067122900937155977052 0.021877760143287173361 0.95397073713761415537 0.29910064576364958633 -0.063484012443766196787 0.29989408178642679159 -0.95185782545169972391
-2.919860537248271104 5.9046734743957829394 -5.5622227244027007131 0.98114698029428215609 -0.0057204355297750921275 0.19317836234072491286 -0.035454864537954870751 -0.98792531160512564448 0.15081953212522758445 0.18998304040072092058 -0.15482524118252663503 -0.96950275350454451218
-0.71672445302341691864 3.3370415708507596975 6.0285389062196212961 -0.99815539457339885754 0.0027104043422178955396 0.060650325574798526207 0.048406726513279714486 -0.56740800462001350635 0.82201274024274717522 0.036641467114469541966 0.82343233480434496752 0.56623015893393791043
-1.1941084130564036947 -2.4608183345573957368 -3.1230733036065618791 -0.95304648467128427747 -0.0037094148688477674575 0.30280131818914385322 0.29756083345901418458 -0.1970880595094998966 0.93413802362929176937 0.056213418744451550124 0.98037877223046554498 0.18893785886626024428
-4.014821446328197041 -4.9985633523292181124 0.21366686001989640409 -0.65617333517908793539 0.00078308854993770597719 -0.75460979384867021835 -0.62059447120952315746 -0.56946356428036504216 0.53904893215850535615 -0.42930065979934689535 0.82201620162222777122 0.37415278666136042585
-6.7739491997524519107 0.71191478183447531869 -3.4160395507436729368 0.7956542735256312282 0.013943180438956174691 -0.60559050912279654977 -0.10215096401629050749 0.98850582012737231441 -0.11145144290176567381 0.59707575530327505753 0.15053847114134985552 0.78793318951264812444
-5.3443543674763045459 -5.0701374189444505802 5.873757936315824324 -0.77581834190459131317 0.0038532111696009422805 0.63094457215213717305 0.59710653960136284013 -0.31864902672810763162 0.73615662608614751417 0.20388644076985393272 0.94786494319008907095 0.24491298197785138502
-0.799942557871891613 3.954629777613401842 1.7918022399358688457 0.62102071098856870268 0.014346450472581404739 0.78366284579668599175 0.76300572370510666431 0.21768021997292524849 -0.60863584139113102722 -0.17931966461195350537 0.97591469975164746309 0.12423750115029266738
-2.3216894309323481416 4.7023319050252254669 -1.2963696597562657242 -0.99799347845932051548 0.0052311602674530183893 -0.063100332130106878692 0.060567985220456296847 -0.21157917736984976909 -0.97548232729758332926 -0.018453620756062594915 -0.97734686097920253633 0.21083779835514068757
-3.9803452551659872505 4.8475601090538917859 -5.5557595700005437678 -0.78156774152056318616 -0.0044798854004994923678 0.62380429306093165831 -0.01516759641011478435 -0.99954212306110712394 -0.026181830449870342054 0.62363595906073532316 -0.02992448584964328348 0.78114193058179404172
-5.0201611501491676393 1.8138498510315372858 2.5992862780407675061 0.99961451588767091803 0.014587475816123712802 0.023622556507513076118 0.016412450697867311117 0.37577976560772535786 -0.9265636509284093103 -0.022393103597496546303 0.92659417940592891938 0.37539549225071155991
-1.5510496329757372802 6.3863204731774585454 2.131121646332290176 -0.81758106392902440973 0.0014563715539110278635 -0.57581167310728054165 -0.57453146487000050779 0.064630210122954667717 0.81592679317077398959 0.038403121995834774149 0.99790821968827925215 -0.052003704672009591625
-3.2214545378688752564 7.3865525788126618068 7.1962145104708046262 0.5065832576391434694 -0.012064830122549127442 -0.86210663084909122666 0.78896244417478111899 -0.39677604943993133313 0.46915565463155461945 -0.34772354645847836085 -0.91783615447696909051 -0.19148140581642031366
4.1120939886805327745 -1.8999806612700347319 -4.6189029375411223555 0.68365068768353765005 0.018034462904106370734 -0.7295865235717967634 0.58054952391942982182 -0.61923215638617934431 0.52869063427887263984 -0.44224878463006928042 -0.78500082461423748015 -0.43380838840227076147
-4.5369285308484395003 7.3867589335653578431 7.3969170906472001548 0.51956887364809911656 -0.005448535875938717403 -0.85441120017992122637 -0.83934888589719325314 -0.19029698140050640975 -0.50919594127693668106 -0.15981749991507063213 0.98171145064448162021 -0.10344561080209278836
-2.2744523457411007783 -1.8113712103733148329 -7.1520465644505932801 -0.97510094185258322508 -0.006215259223781702258 0.22167436421687602977 0.17979576970644223222 0.56298877870097574494 0.8066703888531268074 -0.1298138451546569927 0.82644116887387908399 -0.54785341104769547105
-5.6660195968102451403 -2.1113465879277399928 7.0074302717374523652 -0.99004294594294461884 -0.0063490161963019250968 -0.1406223850671187714 0.053339855580924508405 -0.94140563804919630275 -0.33303195710917954386 -0.1302682808485557675 -0.33721671762036770081 0.93237066682852631772
0.55555358603008087037 -5.7629692215530097243 4.9511700290238493949 0.67344612241583556855 0.0037122086692413739512 -0.73922698794733476824 0.48665612581745432141 -0.75495257268267557116 0.43955935686113151162 -0.55644958029215962902 -0.65576888650393960756 -0.51022645177025249819
6.4287275207352676532 4.2000109799685905188 -6.4346125666765203732 0.99004515343552257356 -0.005468278225813327266 0.14064384839711685515 0.10215441281658428629 -0.65948476789835996925 -0.74474446412982953092 0.096824945653457006323 0.75169803700918713663 -0.65236108947118010004
-7.3043107876116621924 -5.7829153706593388051 -3.2543954426266270552 -0.89067374257948794813 0.00073609571311396022192 0.45464243361413475553 -0.30000496543802357419 -0.75233100871787306207 -0.58651093257842745743 0.34160987250370938861 -0.65878487496648230337 0.67030230756230579914
-6.6690740978689966312 -5.0450506223415674256 3.8854293889950048957 -0.85604077862479444061 0.0076338175913336706047 -0.51685192285615977337 -0.062407394719943831696 -0.99410319366425659027 0.088680084747341222928 -0.51312717957192754969 0.10816915075702263072 0.85146927860548582423
2.6627618311782748073 -2.1861714669294838309 -2.6194525596538706935 -0.85965884684719950926 -0.0033417089019441743869 0.5108576122747355841 -0.43448050080020406138 -0.52122314356479060304 -0.73454280272619909553 0.26872543880658339432 -0.85341388997020350971 0.44662217918969826513
-0.72840851917329596521 5.7331743201334166571 -2.3967334032346658823 -0.86307547084611102584 0.01063285358802658169 -0.50496304225998644988 -0.40138162820437667255 0.59243240385662554459 0.69851029727604363462 0.30658362670548050533 0.80554999179771591411 -0.50704604381739826202
-4.3863538836771924778 -3.9758500107138732282 -4.999913254218114389 -0.99668266008636630104 -0.0066085297524767164928 -0.081117214064666737228 -0.081226869073045604441 0.14306241440974212797 0.98637484828224686328 0.0050863369622964511862 0.98969160495471464323 -0.14312461793334430027
2.1153152319411567817 5.6005408573095385449 2.5617261061725242755 -0.86909724582036029794 0.00022798893454897072139 0.49464120868404398701 -0.44059322126396238684 0.45417035203511152419 -0.77434288574799492455 -0.22482791348862576908 -0.89091483282818617617 -0.39461775170791962841
-5.6864828033560916865 -5.9545418263302121176 5.4631652295939892028 0.93023902927115997841 -0.01292362821250031199 -0.36672650334360479274 -0.27257848476286311579 0.64474722195062272867 -0.71414423573351548669 0.24567522883915438037 0.76428659521202324534 0.59624632687675860332
-5.4030401760185435833 -5.1339853686621994555 -3.4275266421630288249 -0.97718404462373831265 0.002997084574389110613 -0.21237316312740542323 -0.10159578650247946818 0.87149384900188697767 0.47976740960260533253 0.18651980886124722159 0.49039727633412594221 -0.8513053930679503889
-5.2508118478531597972 2.059013226145185449 5.8882094818815033932 0.97756234522213347748 0.0020875870583764296814 0.21063594941099333946 0.19754903036525636728 0.33800997477459204799 -0.92017587316478699488 -0.073117999191276566995 0.94114021215392706932 0.3300134228499694844
5.4460040022914650848 7.2534378254300300171 -4.4274491983923418559 -0.88098069030873060736 0.014657325999347485534 0.4729251379421560153 0.23786217806725615254 -0.85031583465277360556 0.4694513452784113694 0.40901663480616784474 0.52606857360347714092 0.74562540750613803819
0.90411306155467063839 6.2760446654343899908 4.3267555627273290852 0.97485722205548097641 0.0022078397316209830495 -0.22281948310215771158 0.22124987032131324116 0.10929778920880298121 0.96907300455481426571 0.026493234778042190625 -0.99400659893063436634 0.10606125491053267074
1.0124146471119346291 -7.1224167704051462024 -1.3571138661458621577 0.94431312004413081596 -0.0067570803350139093529 0.32897883393632953997 -0.0202417777648038269 -0.99908851961031475142 0.037581916075184726433 0.32842503215451385179 -0.042148212872034865328 -0.94358917247183915489
1.1061232983141253694 6.8356738887397252569 5.8792148856657506784 -0.89753116463877924414 0.0036722260433596914941 0.44093573597305835143 -0.18143416097354397865 0.90832023891709356977 -0.37687662278973155239 -0.40189482919542240946 -0.41825931947713501646 -0.81457945464923997569
4.6682166661102284522 -1.6070984742147256252 -2.4681350420191563444 0.986803594849572141 0.0078592031781238060051 -0.16173094359934786501 0.15225337464022797862 -0.38501087313836401815 0.91026673973946414797 -0.055114200554744884053 -0.92287857299359266072 -0.38112670387494573809
2.6391598265454070393 3.5983499695195528822 -5.4112474818762690276 0.99934447842663010064 0.0088994426659454936579 -0.035091499803263641322 0.01776412767172828866 0.72405264159159388182 0.68951592292877394996 0.031544400553365783968 -0.68968730024883617702 0.72341991862905707933
7.0199147145687073035 7.3986039638389025086 -4.166117566898336122 -0.8694820288566715849 0.0092619483646106236935 0.49387773568725140683 -0.33559631990244837008 0.72256899097663362941 -0.60437501879784161218 -0.3624584273583466576 -0.69123676811306034029 -0.62515247647704119682
-1.6108751778283745271 -6.8669343513875196194 2.5891425646857468834 0.92027659103610603974 -0.0077934427883319919508 0.39119082075178274183 0.075054132696779740641 -0.97771871457745385126 -0.19604334298826414651 0.38400243899757052768 0.20977458715108301956 -0.89918671555435836229
7.1449317193009820315 6.80520661237282809 -6.2928358606959964305 -0.051552206480482282158 0.0075777633503972194329 0.99864155106300023235 0.8095891062070118549 -0.58517345192148051414 0.046233216168472972274 0.58472886803877799355 0.81087274505249473666 0.024032107962463081924
-4.6792332855612759346 5.3215635593599763808 -3.9586492550905085785 -0.99461619246406429706 0.0037730359604698695403 0.10355864950788899737 0.10246723001549400134 -0.11330773630834774235 0.98826202176638844321 0.015462744297345351954 0.99355277720520518425 0.1123110967200288135
1.3523116380162534256 2.9841977607033780551 0.92466944159953290416 -0.36139343016118918861 -0.0085806601750558850888 -0.9323739383463264252 0.61192069255132552907 -0.75667145743288855009 -0.2302202674262152915 -0.70352530492078146906 -0.65373899820748126999 0.2787067770235523434
3.2693901124803885772 0.16082817474752247877 5.2440912805067663172 0.96122706936786761478 0.0079421391116598523408 0.27564368946320783049 -0.17114303941781022766 -0.76659859709679001316 0.61889954838238281365 0.21622345195049319511 -0.64207749793573520858 -0.73551608104179555525
6.3249440193045680658 6.5159403027922389029 -1.5325426358497085122 0.22223458492718184409 0.007349027699881331005 0.97496552813628623024 -0.25718145085848842513 -0.96411424913110932433 0.065889422191193397493 0.94046238127670866991 -0.26538595745487142397 -0.21236949637183080708
6.2941499548646877571 -4.0699195413180637715 -3.0011836849057362819 -0.99825012830577930512 0.0033366982426097503527 0.059038527948570895809 -0.046890915025404572569 0.5636134246898288902 -0.82470670519726418934 -0.036026704339599785465 -0.82603194487516917732 -0.56247071267777482007
-2.8870250744635552742 6.1385444039599450505 -3.4349684068214503263 -0.90174650858795402097 0.0063513565954458270357 -0.43221857262144808276 0.2767232980581023627 -0.7596682712189458675 -0.58849667290064211489 -0.33208048807682771786 -0.65027976900149009332 0.68327064291243100325
1.7857745544444694197 -3.9926047689515944406 -0.31523090249270063756 0.87542912385646454165 0.0066764396276198321317 -0.48330039753532466618 0.14962725721146430402 0.9470441616010464303 0.2841109640205569109 0.45960366948410358301 -0.32103392520301760049 0.82807106329437796255
3.26248027403594687 -2.1389680795548362546 5.4074920804867190327 -0.66639444655847279719 -0.0071386368902482807627 0.74556520939451653707 0.21419846508917503303 0.9559687139864150307 0.2006061699764573325 -0.71416906902330823392 0.29338176109387553714 -0.63552315701938089099
4.4488416704140787417 -2.5107952755886588925 0.46937284925811489922 -0.93519110725605913981 0.0046412716667658974676 -0.35411304904860962939 -0.029180894617620918574 -0.99752376835282330347 0.06399067869998871505 -0.35293918498586540622 0.070176849234512714282 0.93301079389950480891
-6.3037361818530364133 2.9046431921024060685 1.5087370229425001167 -0.98334377124707172957 -0.01691038193938762188 0.18096703161695135154 0.14852034310783421289 0.49917311573146910808 0.85367904285745177528 -0.10476991568524195164 0.86633725506499048574 -0.48834723840083549273
0.92585185475139064604 -2.6028919533231587025 3.6733406993845232336 -0.010652084758149051383 -0.003001408727979607699 -0.999938760442802832 -0.61089731992376372638 -0.79165998989452068813 0.0088839692839650236111 -0.79163817341025211061 0.6109545416361581438 0.0065992767640918725131
5.902598357664184725 2.9356049389260383542 5.1819689144059744024 0.97932910253926552802 -0.0098421564179686522184 -0.20203376172489967422 -0.19078279602802816761 -0.37679692742428116947 -0.90643587761262767177 -0.067204416963559915343 0.92624360048565734793 -0.37088591089426470315
-2.6458876853197792478 -2.3064355868736199362 -5.5149794801253246845 -0.61714222948771202404 0.0098472574797222219012 -0.78678999745982658443 -0.03586436936226297667 -0.99923450814489589433 0.015625131766579154757 -0.78603385142948922759 0.037860655733918474608 0.61702297781715864655
-3.4350922372095915591 -5.4065686790891849256 -4.7368207766383507717 -0.81786368524154573478 -0.016846751208455711113 -0.57516534956220044528 -0.24622540659238792426 -0.89318677852997685473 0.37628503532261942111 -0.5200692660710298787 0.44937018774391668252 0.72635693213141372393
-4.058060423542462658 -1.9268115573831143816 -4.2581676347697685614 -0.88571390497485746884 -0.010679375607369315931 0.46410863972874472072 0.13669094260820963127 0.94941589402533066444 0.28271018089390181904 -0.44365128732272063328 0.31383978573284265767 -0.83945108502408072315
-2.4958563469857160122 -1.6549266595806055857 3.5321528173358585079 -0.98052020039642506788 -0.0075177791721586367801 -0.19627434781629499172 0.19640280164958570652 -0.024985362138522530795 -0.98020491285404598436 0.0024649784195224719308 -0.99965954938427992182 0.025975165182515757428
-4.9021628236987968563 -1.5436447723412922706 -0.60688179198211433807 -0.89227049282995629653 -0.0067934712887566250927 0.45145012611900137145 0.13228797246092777185 0.95207188352047433799 0.27578800001461234448 -0.43168652974949422996 0.30579891654108470878 -0.84860695417555687126
1.0605352318958580771 -4.2739596715963026341 4.9321082501502386819 -0.95494086520747112345 0.0037194118132029812401 -0.29677282546163236132 0.11198930100921632158 0.93052277354864654235 -0.34869150314677760383 0.27485694536645766117 -0.36621514698745705196 -0.88901075679701424548
-3.0214713611932584314 5.4599248584229149728 5.9497003905626577591 0.8888052838620247309 0.012649272921229730987 0.45811042694250947438 -0.16982991474337702509 0.93753893488044959259 0.30360919887477855195 -0.42565592611537950152 -0.34765031493974229981 0.83543778408997493301
-1.1815920679084783718 -5.8671639955735930272 -2.4273345976583069472 -0.92451056128109831977 0.00043290774897804772114 -0.38115618146717916703 0.094972329614280995291 -0.9681977831371242349 -0.23145908782351837241 -0.36913477035817071625 -0.25018566169811456978 0.89506796166169599882
3.6637565455264007319 4.7691661834088669991 5.258344962978927839 0.9921028396804049132 -0.00029384848325616672818 0.12542674814852255993 0.063786371362029165022 0.86221012419014930739 -0.50251865693971886628 -0.10799654775273964669 0.5065507036784333561 0.85541985613883508854
-5.9529471846424391046 -2.1653484542791501255 0.60177714945060367668 0.97388373374581405084 -0.0074278965766708983376 0.22692575767779288309 0.049297844419691080886 -0.96870329234613339331 -0.24327690793247569445 0.22163076429228639741 0.24811037412823988557 -0.94303819995219861916
1.9627484420950687127 -1.3260196013055551845 5.9588798030398164585 0.55906145584944422211 -0.0071878992454596380562 -0.8290950625156712217 -0.82324010599671360033 -0.12375294519687471406 -0.55404055486355274773 -0.098620568148293633048 0.99228702634846677189 -0.075102868644163295331
5.4953154064760969533 0.34309495171501502853 -2.9154077545567091967 -0.95898961986766917409 0.0079802280802156420891 0.28332882829984668005 -0.097922722385162280778 0.92872683750524520629 -0.35759977871658216175 -0.26598881447658306865 -0.37067880605348169087 -0.88985795120125166235
-1.9241427857521629097 0.76533675589896210667 1.4016118195205879982 0.95656600699620053518 -0.0070753870215074614325 -0.2914299455408148054 -0.015348002320904307813 -0.99954124811403832762 -0.026110000833909723789 -0.29111151314261929368 0.029448806720923450392 -0.95623577359279743337
-1.7827460054961641323 3.1824642900434074733 -4.3499787523010748913 -0.6568411599637495879 -0.0017959974804918265798 0.75402683305740558772 0.014453414995650599659 -0.99984342500586043112 0.010209028726126823799 0.75389043592050031251 0.017603973006536880602 0.65676427335980303024
3.7971621744790331476 7.1669813284661287867 -6.8021432754534396636 -0.95015637310607226063 0.0056535655597060446853 -0.31172247888531606774 0.14613716810342128327 0.89127321340705600861 -0.42927379044356539506 0.27540296793005025755 -0.4534314680958545507 -0.84767511995794364577
-5.9143787287561488952 -0.021518742032726991681 -1.8864674332742403795 0.94803527086491834464 0.0087343976660358771391 -0.31804533559477038418 0.13346326676050307425 0.89650619503830009105 0.42245023219762023459 0.28881946198583929863 -0.44294508977484842172 0.8487537721994291573
6.9036751474414961294 -2.519160595520370638 5.3655919525130935099 0.99738001289340449951 -0.006143178871001260706 -0.072078923647505552252 -0.014853963457276193882 0.95776502215560144204 -0.28716810774315798538 0.070798796956112922119 0.28748638870132775525 0.9551644395919466346
-5.6728094671738125143 3.441062047337176022 -2.9230905878225561523 0.80377111777595089404 -0.0063027123720583262331 -0.5949052580420337577 0.32727669434134548654 0.8397350278528162848 0.43328402732864451652 0.49683191883200211736 -0.54295981325863962308 0.67701749284328727185
-2.7364863133527266292 -6.8936575484791324797 -3.7388851498935338213 0.98602020226731257324 0.0015496559595552755577 -0.16661860426492886011 -0.15430673303699349308 -0.36884957399221807162 -0.91659119781135167671 -0.062877602214423594651 0.92948781074950459491 -0.36345400920560910762
-1.4570454620928046108 -6.7334963390383819615 -5.2754629263808840989 0.92617163003365943208 0.0044322013502208403718 0.37707620889141041376 0.36372323004375661792 0.25348673081434042187 -0.89635366303017383061 -0.099556635375309718294 0.96732870984592156383 0.23316012407888506153
-4.2445067969631482541 -1.6913496860725489856 5.1537267595758367023 0.6227635788412817508 -0.0019401888566885940046 -0.7824076690165304715 -0.4097372056136633911 0.85110001253440337177 -0.32824410276481852389 0.66654403245744686668 0.52500000412488201373 0.5292391221972724269
6.4075838268736724501 -6.1798570976155415835 -6.0304934901841509287 0.86182335448087876717 0.00035935044628175073778 -0.5072084152876004115 -0.31172981051831172294 -0.7884643126585095807 -0.53023443201874809194 -0.40010627451408820043 0.6150804000545855299 -0.67940493857732775496
-0.74574804510873082819 -5.8325322986943435311 7.4580394775581648759 0.99518643171750575949 0.0029353927040896149459 -0.097955855337588410015 0.035031619165210886591 0.92285139876762800615 0.38355974951918919702 0.091524596606097269325 -0.38514501069368267672 0.91830635898584744847
3.037608695476438303 -6.0853834182101680383 2.4111124910405039579 0.93982273213870159978 -0.0005958400438132211048 -0.34166193397857647085 0.10758004338773824449 -0.94861652550427066899 0.29757893373848653962 -0.32428346615274716846 -0.3164274522144064905 -0.89146727425350780205
0.72715190725570633123 -7.4846247286179270475 -6.7656006769126086908 -0.94997935891491891436 -0.0018204728390136663309 -0.31230738626278636838 -0.26321455159264606216 -0.53356377918921604753 0.80375854170724014836 -0.168099129877420983 0.8457578728076003971 0.50639540195242749299
-6.9452794746995811792 1.6150244957668771217 -5.2500227470920872719 -0.99877581103727330891 -0.0069691742234943825779 0.048972542281234231198 -0.0040356192619415845804 -0.97524509401622150317 -0.22108984683638355229 0.049301045262992670981 -0.22101682562107122232 0.97402308480252752787
5.2849316130867336483 -3.3961557825765447127 -6.6161550871496395132 0.99817598401159379762 -0.0021145635303630259255 0.060334348124268556701 0.048065954781759873127 0.63253609439558367011 -0.77303800247973220028 -0.036529014952749704059 0.77452799685221018766 0.6314839769611254594
3.2327745905245075519 -4.9870309665166523416 -5.8565285978294792102 0.67370749722063960618 -0.0049820323807229678625 -0.73898131745136730331 0.37082347652586061804 0.86724762765402718667 0.33222206667478504372 0.63922465334666667136 -0.49785211828587372374 0.58611868326492821968
6.6187352806300596697 -0.77058109612688363566 6.8261669214669202788 0.80188362910680388573 -0.0067368047770174598055 -0.59744226568932790045 0.48066441819758587428 0.60120780566394260713 0.63836579755462330432 0.35488640781152025472 -0.79906432148489392464 0.48533683940170424531
-4.4188346027596701049 1.9268863292110323115 -1.2848832003929069323 -0.99984769282753227504 0.0016849704691177646437 0.017371010964287593448 -0.0041518171166666575922 -0.98971827040771498396 -0.14297030333518803702 0.01695150618774075163 -0.14302064919320120473 0.98957452490569119963
-5.6516000120432137166 -1.6880269171608364154 1.9707373954617293244 -0.82551836103225417762 0.002456320259401323456 -0.5643699160030863915 0.47791741857708441854 -0.52885135189300369607 -0.70136380618161708878 -0.30019056717236242138 -0.84871091314513635862 0.43540258300688300386
2.3683598796824458788 0.014470308119914851788 -3.9473663614909160202 0.99955472221636176844 0.0038372717605929954413 -0.029591090557667974748 -0.015140185555996325817 -0.78933417970866137647 -0.61377709921841194785 -0.025712488722100312194 0.61395181251389618904 -0.78892460972805278363
3.1343039287997811471 5.964149996081825833 -6.3622593450627435985 -0.99969249648626934412 -0.0084025953669698682375 0.023330427779242903646 -0.0019030884572687628304 -0.91206866539655673254 -0.41003308141675054443 0.024724294197945313745 -0.40995139467123070665 0.91177221019482679321
-2.3620616842847597106 1.9784718325859276256 1.1967391862967982075 -0.98681369663394091774 -0.0045470534879719082255 -0.16179633011964822398 0.10084155059773849961 0.76462885529358015635 -0.6365325563751048632 0.12660849027079140727 -0.6444548377947034723 -0.75408769532091379784
1.7532442424371448286 2.5184783950707108069 -0.52808618408502527863 -0.94201036947132421595 0.0091513889197890434246 -0.33545896304801292587 -0.15327557917377759855 0.87753465896627991238 0.45435615891252478793 0.29853485665388257431 0.47942587997901209285 -0.82524406387988258338
1.9061537183836636533 2.2474198032717138673 -1.5409700146898310802 0.97398927992563533174 -0.0044527389915454788916 0.22655033812668493032 -0.19726424058571645492 -0.50862566759744720635 0.83808516849255809689 0.11149754246610063535 -0.86097625018153600696 -0.49627431391070186972
7.2888000028126906926 -1.7868091138390271855 -6.320973668041928839 0.53272592398562446103 -0.00035497417799748749723 -0.84628775478979612057 -0.34302611117608650115 -0.91426079082244926521 -0.21554649942927270323 -0.77365119851592334399 0.40512600553177108287 -0.48717218996650041296
2.4495832253127072242 6.7614611150413672647 7.0138251029167726358 -0.96270013512938945599 0.0091650120435333801844 -0.27041533310082160879 0.19769873561322559574 -0.65850854434476591148 -0.72614165764120719437 -0.18472590440635081044 -0.75251744137878295859 0.63213435333172129926
-3.7837350134512064415 -4.5440940216951712927 5.5426383606931217685 0.76253815099115174192 -0.0041368329245123711818 -0.64693002318361891856 0.64541579023442041674 0.07353991108630697493 0.76028306517599497649 0.044430012368080480656 -0.99728369488866763781 0.058746965114844867939
2.4975777612631464564 -6.4194673573338336681 -3.8064910954531971932 0.967262585419485732 0.00760800667771137102 -0.25366357460642596777 0.11580074105079576907 -0.9026538306944844603 0.41449517524874018859 -0.22581691526503608336 -0.43030010477203084474 -0.87398429082762774112
2.1088208954022586994 -3.4805303492453729675 -4.9888650105352310149 0.92056417517955435592 0.013113321135620423577 -0.39037115695812918403 -0.38985885081678162134 -0.030331571512896095266 -0.92037496283280917364 -0.02390974311659510923 0.99945386915971701214 -0.022809813803316637132
-3.090963607658551382 3.1637700828988757351 -5.2980587577409137268 0.96317469158669521967 -0.011926127496018340893 -0.26861176625335630996 -0.038117738243240301133 -0.99498240455857744902 -0.092504338547790193603 -0.26616076254402259993 0.099336710746292924967 -0.95879646765106874007
2.5094251566201339898 -3.2921180569259211879 0.59970405082496269777 0.99805820416828017194 0.00083890651976689049191 -0.06228256038462014893 0.059886117501205204938 -0.28792797877406217655 0.95577776285589921557 -0.017131083527710172509 -0.95765169830945795493 -0.28741912027947918995
-5.8732949988719314049 6.4517896898712114861 0.35087399920117101626 -0.9724618025007489841 -0.0026313438861530072735 0.23304746020103941917 0.11404910809299381724 -0.87740450957441284974 0.46599799089869486934 0.20325069156099354051 0.47974410117034543832 0.85354247332633581546
0.53961808648580023018 3.79093766232966356 1.662122322837043864 -0.61819731545878608969 0.011463918095873810651 -0.78593934736817172571 0.61824346235457583454 -0.61037391453736655755 -0.49519562367624153643 -0.48539375811335677691 -0.79203046850120295552 0.37024402297731090483
-0.40121324580938227955 7.4146085296446218038 -4.1770549271588919282 -0.85118476323585057219 -0.0045535473538768963392 0.5248464194806925498 -0.49316894778524733578 0.349175693248708785 -0.79678147831437606818 -0.17963543017902075527 -0.93704621041375646406 -0.29945869794277496512
-7.324586304580825491 4.9139322427632290413 -0.42809592227556159116 -0.95107464439670308387 -0.0058587448747167087185 0.30890564237997664154 -0.30863719161300889882 0.06379297854363720488 -0.94903821832509238643 -0.014145838218826971289 -0.99794595595004498279 -0.062480110947898695462
0.47839867089362736463 -4.6444894657921258485 1.8747387969450446388 -0.82976142524243312604 -0.0031146657201660370162 -0.55810955558665775733 0.38017847991357966997 -0.73525970139168828066 -0.56112164003900311116 -0.40860775884747496667 -0.67777833424125244477 0.61127426662900175014
-0.30250337112661013217 -2.7463463596030899261 -4.5097996408332052809 0.99977748224852169834 -0.0097846945853056078307 0.0186881176337407931 0.0059946173930443243452 0.98117604697863836094 0.19302235465768016742 -0.020224998173809058399 -0.19286737564231187791 0.9810163733912143913
1.3857349155958254006 -5.1672997414199128841 6.1876012121130559152 -0.99747856634048803759 0.0041743771745952002253 -0.070845495738777145012 -0.026801086628672074474 0.9021885468133868935 0.43050845259314673985 0.065713099506796920912 0.43132169035863215933 -0.89980186040002541059
5.8935955680480960339 2.668006901202487402 -7.2296063292726948646 0.93009782847431776709 0.0038820553863131504468 0.36729138175738096361 -0.0076665705826094521572 -0.99952114095222566181 0.029978533738105335449 0.36723187928451539452 -0.030698834433272072231 -0.92962268066225262064
5.5756991953976617893 -3.484376825063246752 0.8379654851203074406 0.97618111217093994636 0.0058574286116460233531 -0.21687813806535016781 -0.18421565935396866376 -0.50568200333691648574 -0.84282281788639468179 -0.11460814582489650681 0.86270006493054585128 -0.49255819034844194881
4.2336355295764951379 2.8564822587938829557 0.85019198542770246796 -0.98437363101304209412 0.0075037025673574935664 -0.17593251266886222872 0.079007964013169437734 -0.87406392069545024714 -0.47934330511757333726 -0.15737311139039533714 -0.48575297939006895076 0.85981262309006734057
5.6109398302729269759 5.2645706509559371256 -6.8776528664769660537 0.98442823953506286561 0.01600448794048402873 -0.17505684097357532281 0.17155956535206040581 -0.30455269657660644089 0.93691780351538900273 -0.038319143285116444297 -0.95236101945302031879 -0.30255599793135251607
5.0734492730435585273 -3.6249412777263905205 3.1197973796400964019 0.9296850125584048552 -0.0037250074263196365082 0.36833666901885753209 -0.36388589141540589322 -0.16458784397456138748 0.91678672527724036634 0.057208700850521293502 -0.98635539534978056153 -0.15437032944034087545
-2.8370909027975255157 -2.2078331799299566462 1.5748708438375478291 0.96407371762665361459 -0.0014205229083080177926 0.2656310394063792768 -0.099425066011678178701 -0.9292272042543393562 0.35588124300432677494 0.24632605065247667464 -0.36950613660445286168 -0.89598476090930934124
-3.6579677699885508879 7.0358813939957016714 5.3998558888718957149 -0.9750103370777593037 -0.0090726176166429986503 -0.22197416561628346976 0.1309072701907018077 0.78381486531754729352 -0.60703998510682333212 0.17949409238944705192 -0.62092829257235615525 -0.76303992443421375658
5.4168853943462984546 -2.1355216733728195067 1.68019052863788243 0.98807050642470717339 0.00034927567338941521193 0.15400179330110727594 -0.10235902740437756442 0.74863388851303624971 0.65503429717731775916 -0.11506217381173225456 -0.66298354351845800725 0.73973881686798026447
-5.5687839032760484415 -7.2418212015111897983 4.6055220338126421353 0.99844076889227340033 -0.0032399871789058494985 0.055727313741283153459 -0.016014848599027815129 0.93972129164227258258 0.34156612633354210828 -0.053474813118778788401 -0.34192601029634128729 0.93820416106766779674
3.410670814747358115 0.021766186348184272947 -6.2059143321555509942 -0.98855664076916405225 0.0053716252662522924466 0.1507544813042004106 0.10336645619256819295 -0.70374752732745626815 0.70289031399979018389 0.10986875682146368671 0.71042984412436405162 0.6951390456965523823
6.5131217013773374802 -2.4451763222451008417 6.4905559401254144802 -0.99936518401381846388 0.0065041787249062827866 -0.035027484067315303728 0.020646670469852395485 -0.69551357570422644994 -0.71821624947472395561 -0.029033497541284362942 -0.71848351523902631577 0.69493776293305209446
7.3192606104123054678 -4.0671666458697313118 3.9696297459918610251 0.99817647130637610076 0.010770518441880910093 0.059394680425986647043 -0.056294278180342702256 0.52124099245782384848 0.85155081000824373039 -0.02178729846859211311 -0.85334156333445077003 0.52089681311307611811
-3.3959799293321544233 -3.8371858545183994416 -6.3199496333878313337 -0.8789159994493316308 -0.012186925427728121513 -0.47682087282392454641 0.45277817230852085428 0.29305101109222192468 -0.84208849391184203981 0.14999530856978007809 -0.9560191335670878976 -0.25204924848258031256
-2.3375768763470916589 5.6653299712368800911 0.71828488681196012156 0.95547287575737493981 0.0024953638632229857217 -0.29506839351422703421 -0.29384360098305994935 0.099451078780948887204 -0.95066577780562622202 0.026972613021232529074 0.99503932389064408959 0.095756054943287316483
-3.760019229822789022 -4.7493719887244090216 -5.8290339488437883375 0.92772310002284774644 -0.0068239742934420120207 -0.37320675644883494204 -0.21278112713313773741 0.81180627063042976044 -0.54377823687698767507 0.30668231383656319178 0.58388698593130949899 0.75167941706551366643
-6.3504531144657772046 -4.1500352664132815761 6.5783777448224522999 0.9762420300972454168 0.0016045194448658733032 -0.21667700429177630395 -0.15653013616467698066 0.69668644636710852502 -0.70009021698679629875 0.14983262376320016784 0.71737397566803950966 0.68038574638994331334
-3.1507246627974661024 3.5858963231142970685 5.9356576654408375049 0.76746417034662550716 0.0089178224535510081106 0.64102981184720353447 -0.63933068024521466644 -0.063418742861229893126 0.76631217160568976254 0.047487140694374409267 -0.9979471606736095568 -0.042970175378907030095
-0.24332299865051737475 -3.9880910120943728892 6.6380504719456885354 0.90784195922509480781 -0.0016803990260306149018 0.41930913814190157174 -0.16825165648844733757 0.91449875360687160608 0.36794484605770760854 -0.38407597836773771371 -0.40458522700497151492 0.82993761026373213952
-1.6577576977665504643 -0.28318933305812982182 -0.031630946246127222832 -0.79555601976649459317 0.0039009883595050574324 0.60586747866437096199 -0.47229439167725845161 0.6223739822965015378 -0.62417035635360329504 -0.37951103673467634358 -0.78271029662968372165 -0.49329095323782429228
6.692574055313353476 0.84259774534502784871 -1.2526501196350283696 0.49859621108532042877 0.0058702174512014768451 -0.86681448928733628723 -0.46912504232044560659 -0.83905152686529349548 -0.27552537076075683808 -0.72891941458527242936 0.54402028989009920679 -0.41559404619010831272
-6.7762157831192570967 5.8385288438443732062 -0.87536858005104389857 -0.95275360600308112158 -0.00066536280330441405304 -0.30374351604709765029 0.19606638907799248117 -0.76510706867553335275 -0.61332629532457882959 -0.2319882266887519362 -0.64390273392412444853 0.7290889739413016768
-6.6666225356158692605 4.8606396919723930949 7.3542011333542030016 -0.99114204498235003449 -0.0045093062317370265213 0.1327294723311850666 -0.093036028301833897936 0.73677659058736033604 -0.66970482527767627445 -0.09477206395255602378 -0.67612123300467252829 -0.73066978463219445228
-2.1047741913667072922 -3.6182658438216646068 -6.9252735739710926666 -0.8294306563820473821 0.0025190782852953386844 -0.55860401045664376252 0.19830160506737831705 0.9361878765650132328 -0.29022186892163076566 0.52222721078217582136 -0.3514909871068067071 -0.77700246222349012015
-1.7019933716132755741 1.6318832422778382085 6.1425757232753595005 0.89049699408806470835 -0.00077341891085314952436 -0.45498846726407848884 0.45443155115686068024 -0.047979769242440142851 0.88948856488253602581 -0.022518188944438355392 -0.99884800824087593973 -0.042374374332123321274
-3.9615667791462656488 3.7456972170784030851 -1.3586535466857661003 0.91623177783421005937 -0.00089960868006017102871 -0.40064762571480683206 -0.40032980467400969271 -0.041942152658773872165 -0.91541078392158392596 -0.015980512393087408646 0.99911963574660123122 -0.038788873263959966486
-6.340889903354066881 6.3719008778935490867 -1.8550538794899447126 -0.88358252239460455257 -0.0037845631508772242454 -0.46826018750330528073 0.45829022120571949461 -0.21238959711390356655 -0.8630531456318406569 -0.096187313436159216362 -0.97717774029065629371 0.18939816423190106165
-1.0252745413159956023 6.2602376961049097659 -4.4215773779615084038 0.99788955125249989564 0.0080224735574844982522 -0.064436662073049474908 -0.05840800608254392845 0.54447775835586509352 -0.83673919203130453504 0.028371611278905105313 0.83873691380188919453 0.54379724263704665166
-1.9724515276781326989 5.3681738103588818589 -7.5029405961940494052 0.99404573545040952887 -0.011365153540414011518 0.10836931815718703342 -0.023482325528743158705 -0.99352024070988464999 0.11120302013607824554 0.10640327166310971363 -0.11308565154180505452 -0.98787143859658166356
6.985723783998102121 -6.795090052726677321 -5.0223619642729930845 -0.9830054903880777184 -0.0030167365608211524353 0.18355136928801094043 -0.039088678698793025146 0.98037537893354020913 -0.19322575288631055335 -0.17936633202627391692 -0.19711675647038384707 -0.96383230037903766529
4.2694461612054626087 -6.1838226672707552467 0.30275408048971169661 0.94061154771328214785 -0.0018812062597411323157 0.33947956841530985139 -0.32783400563988751575 0.25469361995177980384 0.9097560248231311153 -0.088174718908091379022 -0.96701996929677014325 0.23895103667186792795
-7.1599375878860502809 -0.13972653618911309858 -0.44281578138065347261 0.7516503557763383192 -0.010605246982642821743 0.65947651315080713097 0.43756032224559726629 0.7561767152521501334 -0.48655702616110729775 -0.49352072606682922951 0.65428151742717655104 0.57302093233630801983
-4.0573102823757913882 -2.6740271137947559943 -0.26046981401118024513 0.97941162692318839422 0.005027502550447921284 -0.20181077589102455749 0.080046483253067596264 -0.9274137786104972303 0.36537137786393542038 -0.1853251886993211861 -0.37400321851750634172 -0.90872227163867802524
5.0477404378510808414 -5.7405839322971745631 -3.9788335345844849655 0.83005661865315649717 0.0044185480321226548034 -0.55766162344499614623 0.35238444221071729689 -0.77920021682440254729 0.51833601745271995487 -0.43223976531308017091 -0.62675952209290808348 -0.64833732481473127507
-3.9600106543103419376 3.5613005840407376823 -0.069404957708748743483 0.99961109021319571877 -0.0072926839644765067971 -0.026916260577235624762 -0.027556449709131798642 -0.40641846720641600088 -0.91327141179009796446 -0.0042790655867454884323 0.91365794818096668362 -0.40646136756588502337
-5.0626350693186994434 -6.4270248197561414827 -3.268991617572714059 0.90930136938712580186 0.0074425880979778714572 0.41607166151179308944 -0.039330918569621814429 -0.99382723442201403863 0.10373286347886134795 0.41427538965672833227 -0.11068891544987753683 -0.9033957413677057291
4.2186229212956796175 -5.1006626127964009854 6.9329201607651986805 0.82920370891814687564 0.0043559475416472693415 0.55892954371501379907 0.48649715747877553262 -0.49798607237067571418 -0.71786515968534636567 0.27521214522893766574 0.86717408716234090083 -0.41505105429642341619
1.3029253450311892859 -2.8816080849096374905 1.7977257202553011961 0.39826411864165733867 -0.0044871218249904927522 0.91725980918190430646 0.91139536831565959307 -0.11106562869850943043 -0.3962611622840517267 0.10365410949632580806 0.99380294417938586093 -0.040143912676629471548
0.1555103454018900988 -1.3369180108146765384 -5.7195852551329773306 0.49423298300290990914 -0.010212541541706589635 -0.86926949935405506409 -0.21518726471721671967 0.96737555646564699074 -0.13371228012556962694 0.84227560787159372335 0.25314074493866989268 0.47591129807590498713
5.2691786127354234281 5.6842096883312898115 4.5433917800390961617 -0.89329058223536517147 -0.0015404459883663866593 0.44947698797123464276 -0.42171910076798752032 -0.34311471559574291401 -0.83930047777244631835 0.15551506594861713717 -0.93929224364292596139 0.30585150857106091493
-4.2024310377799318772 5.765788677822667907 -2.0516671719933641249 0.99374627631097156577 -0.0037000228978178212498 0.11160039493068807381 -0.072102855357419795568 0.74188705365477403131 0.66663691607109121229 -0.085261460035804648161 -0.6705146601306241072 0.73698071479690097085
4.5338572936867542751 -4.0434215664950707847 -4.5850343797310912919 0.70889701716048159064 -0.012422144795165053141 -0.7052026016541145248 0.68835119092413832309 -0.2057632948306984122 0.69558184597778660585 -0.15374542924716316783 -0.97852294649604343313 -0.13731418778304407824
