1125 14.717824617146108679 14.977075390850430381 15.033177056927090831
5.4692372951578960283 5.8643966681308778988 1.8535051996094085158 0.94801374451077602412 -0.0019123767426374753062 0.31822363682450421907 0.023476544351666281396 0.99767737950766388622 -0.063942929899408224026 -0.31736224111245914248 0.068089567732649583509 0.94585676435812571228
0.13012256334880320519 2.0940189294844286927 -3.1137618349564384346 -0.99185689038650770577 0.0019832903282061063559 -0.12734196304537498401 0.10342486033733969131 -0.5709270571370891334 -0.81446030823666226706 -0.074318283463591566784 -0.82099839341398661574 0.56607281400432540863
-0.31288003165672856332 7.1553244438752328094 -7.4620886601734097709 0.52832013728000104535 0.00042291558952968662244 -0.84904514231384642375 0.47991762534458304312 -0.82507249978857144512 0.29821878374145222024 -0.70039767662953744676 -0.56502671727540321189 -0.43610538099977169679
3.0669541713195886956 2.2249610458530728607 4.0852215084663239253 -0.92033382720420553458 -0.0011283881327939595564 -0.39113216851071952451 -0.3734535574017127102 0.29979095845331232839 0.87787118741510739017 0.11626730824971938383 0.95400424945066530924 -0.27632916071679947123
-2.614696106723537472 -1.8968392992807883157 -0.53673244390251029223 -0.98267790169408053558 0.0042304091097144311956 -0.1852734335001314514 -0.18357541536904664614 -0.15914272000546125785 0.97003796912358652982 -0.025381260690586771034 0.98724652357353792631 0.15716263327439514152
-3.6402258968823981711 -6.2775810242986205267 -1.1653597695538711054 0.98958454573761844841 0.0061747235282333355622 0.14382037278032111516 0.14381635995457242583 -0.085905478565362056176 -0.98586870493075517974 0.006267491263083074457 0.99628415702640882312 -0.085898760244023708577
-5.331185727388655593 -0.70397506988876268341 -1.2011864059772983104 0.92863559446920007634 -0.010783212973530992285 0.37083642620810691737 0.018754785537199104156 -0.99693492392181171091 -0.075954035340789302633 0.3705188128885125165 0.077488578403988123133 -0.92558701887653338503
-2.9658967578123434095 -3.9349083937552040702 -7.3026519547324149073 -0.538026712876747637 -0.0047903478564958329455 0.8429141764133567527 0.6437989283568518184 0.6431484306984638355 0.41458779038548793094 -0.5441049495066234698 0.76572654953154561941 -0.34294701524400250658
-1.1224494410187282334 3.1622218797177028549 0.71516259097154377677 0.96908570190201914762 -0.010954620820857002145 0.24648103101817314675 -0.23718484895790578615 -0.31647257959229896374 0.91847071471608798809 0.067942989292116048872 -0.9485384033600486875 -0.30928732201168201987
-4.135957655504963526 6.2854610005521633909 -2.6506014081265023563 -0.87707188294221205549 -0.009785905179329409953 -0.48025945926341118142 -0.12309942925611709608 -0.96182696766878061911 0.24440829523968216064 -0.46431825579989338681 0.27348330904274786857 0.84238675025553422238
0.35130799960895631173 3.5856843685012602663 -5.8538847795882933411 -0.99995243275991785303 0.009018824871819385719 0.0037138949213926658599 0.0094386002696413302121 0.79878095410768668039 0.60154792010267643665 0.0024586668146461048909 0.6015543600979333938 -0.79882808338508448642
5.6314601630161975621 3.4639902478264046337 -0.51715910398698361483 0.91429481621037789196 -0.0016586986847535395775 -0.40504596994598851545 0.21602344153188332565 0.84789938966025846234 0.48414925149418031047 0.34263517297483797597 -0.53015457531961818205 0.77558833443264241225
5.2464314680577075478 4.2061286183455433019 0.50782153894368675662 -0.99994818399820439847 0.010166619026444747437 -0.00051882201463849630767 0.0020918423302372373025 0.15533290242412634008 -0.98785996660475361431 -0.0099626058025493978432 -0.98780986494476408222 -0.15534612065819874971
-6.3744917499991693433 5.5257291161421537851 -7.22566198126553072 0.94240521168449387091 -0.0076555455466975610643 0.33438571980937292771 0.33008562499514487731 -0.1401155579248003491 -0.93349403351021054132 0.05399904778423213203 0.99010556156904216962 -0.12951864648987831963
-0.0098447660922681146101 -2.4646638223678847268 -3.581773914512049739 0.83125743231784321452 0.0011363354766832610421 -0.55588649017404101471 0.021069063058633361041 0.99921498215620907501 0.033548681290460825866 0.55548823191684626455 -0.039599598182086449827 0.83058093887692097113
-5.0353374838490454479 5.3466623852818315754 5.7174509966421771523 0.82493786651490341733 -0.0044640666713951547909 0.5652057930511896755 -0.30213863490488618302 -0.8485949360922723228 0.43427972521899654845 0.47769212018579876311 -0.52902429674560069728 -0.70138686312550191371
-0.031708930911116720019 -2.6659200504805924403 6.3247059913474075188 -0.74704808322408733368 -0.0069494836718971197617 0.66473368052772696668 0.66360651662728487032 -0.066931236524948603539 0.74508160671636680661 0.039313514737421756395 0.99773338836285974107 0.054612574605670587136
-5.5732836888885524118 -5.737903482687324086 5.8875159210025085343 -0.99303559169327704215 -0.00017658167057053777288 -0.1178146105085308426 -0.073950697571258550145 -0.77753129574793589107 0.62448088718666727726 -0.091714818645043758027 0.62884421993980399446 0.77210319199533683499
3.0653525686660483274 -5.7041202449703893862 5.9879486095210792129 -0.97193513170835321713 -0.0013155382034538767866 -0.23524533812627754226 -0.23480150839216074043 0.067075541360797658053 0.96972631366172956646 0.014503496394904707295 0.9977470326242041665 -0.065501965481425422633
-5.1007447903367069131 3.8689608707324518733 -5.0682682329387045428 0.85590958426889285349 0.0068828957044154018621 -0.51707969337737902382 -0.12541485229886756292 0.97282255076603474375 -0.19464685855103536216 0.50168705223419407524 0.23144958515331917615 0.83351136234200318142
-3.7307554634834958485 -4.9005224401634013276 -3.2178547390389224958 0.94403808579050796368 -0.012346000168981831335 0.32960532285877836012 0.26711071990997536929 -0.55764054872538815211 -0.78593185565062007036 0.19350440792443346361 0.82999071964514758992 -0.52313616718473099354
-5.3620061116407731205 7.2671758521101308403 5.3047009179350634867 -0.98364998052222318847 0.0023269790446538533846 -0.18007582010595987732 0.17462141930113239674 0.25688162250772023087 -0.95053626545181280072 0.044046290872356209933 -0.96644007428615485988 -0.25308794335976592116
4.9501447147613699684 -2.4036338021564920275 -0.88992330128611485396 0.79096840726816197709 -0.011285819421364355619 -0.61175289863124271417 0.42332009008601262368 -0.71181377162771952705 0.56046521377400448927 -0.44177944727350326737 -0.70227756962695553344 -0.55824469112172725449
2.7894145839017836508 5.485984750704488988 -4.7517225872589765601 -0.99942199907204076759 -0.0063222496594497676337 -0.033402049790172964883 -0.029501375924929153921 -0.32692538182011593451 0.94458957412215971416 -0.01689190899454572764 0.94502900689928326372 0.32654990358217750313
-3.3149120013200277235 -3.0496191472557763191 -2.2397800818713520243 -0.86062166086127889209 0.0001858755358424635587 -0.50924485496330151868 0.0087420253372565686484 -0.99984718318106069468 -0.015138932521059265957 -0.5091698477417714308 -0.017480724674822607084 0.86048851846817475675
-0.80686898854267663506 5.7087723324300085892 3.0724542562281160762 -0.99786605077343315529 -0.002387039559009173674 0.065250645635686943535 -0.0054210295756100266087 -0.99285258822544075752 -0.11922395100146800095 0.065068864690184385902 -0.11932325882329369859 0.99072095100066404072
-3.7655375938077559894 -6.4888775566493253066 -7.4433650308930223716 0.94142089960316177599 -0.0088951181261424996927 0.33711654759750536714 0.229750031925476772 -0.71485286154005800441 -0.66045462310316527255 0.24686355061200801475 0.69921832300190434051 -0.67093377032137258009
-1.327013005439422022 -6.9243585976556545347 -4.8361486050714708185 -0.9067710599625178336 -0.002701633347592087217 0.42161468901308168933 0.26022365232354932596 0.7832082929134582816 0.56468435491251300906 -0.33173769093332122759 0.62175354529658599656 -0.70948758503972420009
-5.8558843890362490825 2.9872965898982006827 5.1892982220119012737 -0.22840349227476325344 0.0064933284981228550636 0.9735449046663782191 -0.71319569230573531815 0.67957161783230801699 -0.17185552278953533656 -0.6627094002601561229 -0.73358043384608340176 -0.15058551685010651555
0.26576604294457589761 7.1362234654844476367 -3.3895655152841102087 -0.99069525912672273815 0.0046911706198663818967 -0.13601800050722259727 -0.074634376481280503834 -0.85445632316582009746 0.5141343225744428036 -0.11380954876910411022 0.51950205458695586369 0.84685595108552480514
-6.0786565180124378927 6.0623918879696425677 2.332439033735912215 0.99978270733867780073 0.00014975689311995344852 0.02084503968138764346 0.00077600984771800107787 0.99901368020212955035 -0.04439667304796630215 -0.020831128513839738958 0.044403201932765555549 0.9987964856480101572
3.6924986823263798996 6.9057366343377664109 -1.9057934986557458767 0.96540616364122089355 -0.004306337753839351544 0.26071516000970168525 -0.1740856183626706688 -0.75503420814399579974 0.63215310013613967843 0.19412659962776265821 -0.6556712590830645615 -0.72966434977286265262
3.6359799324231487638 -6.8690663280870518648 -5.2099680414888238644 0.97600799862278242447 0.0091276612571883457281 0.21754326563787626525 0.19442440063873137057 -0.48631122612893290524 -0.85188059244077130039 0.09801805476899753955 0.8737379911283648104 -0.47641828659111423727
6.9593194546684866708 -1.7860153712915529667 -1.9967668569599403838 0.98925565893649192173 -0.0082064077295791147681 0.14596539361918739464 0.074202812240568405411 -0.8320748481984070466 -0.5496775324234972615 0.12596501068878809826 0.554602652236524718 -0.82252581370703303776
6.2143568246911051745 3.1531331787255729715 -3.3925396225015460594 0.9769792371891593552 0.0014176657292747606165 -0.21332969864784059877 0.21071946712582262373 -0.16250126652804469662 0.96394535350868204571 -0.033299793925716296428 -0.98670731658415933296 -0.15905909318189104251
1.8433087228174978023 7.0358086439662566036 -4.0287744492164616616 -0.97334938080553023987 0.0067688813530286575521 -0.22922732195468190075 -0.1934636072465891754 -0.56095329866102294769 0.80492436252880905645 -0.12313738488558828577 0.82781977444759069495 0.54731307811613894021
1.3498788317507057766 -4.4878323313233359215 2.874988048300061827 0.99853533603900146431 0.0012696196161024861284 0.05408854543723687347 -0.0048150012594528083729 -0.99367230851942056624 0.11221478977572205138 0.053888759907417725648 -0.1123108692316145546 -0.99221079928007649418
4.9844787339153260319 7.3964111210246166195 -6.4510506800888043344 -0.79610363949441065312 0.00094057317447496235907 0.60515957441472345568 0.33081541045252915723 -0.83667889581119492259 0.4364969524651394206 0.50673480183508956554 0.54769292548502945817 0.66577195794266430529
-4.1822842845550685098 7.4589713344061783218 -2.8875252611738191355 -0.74847811027980037935 0.0045409091124266279943 -0.66314395011669047264 -0.63439799797151197325 0.28639743101070674891 0.7179942142387658599 0.19318307017383112845 0.95810014698607270933 -0.211481464302036265
1.9806885514502907686 1.2747427718773745031 -2.7691279409838327474 -0.99857476202308226298 0.0042859182591383892386 0.053198454445468272567 0.027224579985075408883 0.89824102464085575637 0.43865918877498133455 -0.045904976803753855252 0.43948230061832016524 -0.8970774997445596366
5.6113866031801755696 -1.8625293316118265441 -7.1029036922229824569 0.99043834052707802051 -0.0021855493896836067358 -0.13793881610307442975 -0.10251052359745629894 -0.68079339388984783099 -0.72526681117196079018 -0.092322728327418612793 0.73247223715966069957 -0.67450792109832924393
4.3589181477721608005 7.4208607728694211403 -0.80329381213649875271 0.82577854169393916095 -0.010377008300294400522 0.56389903154426279652 0.5248117813296041545 -0.35202474542439537997 -0.77501688548478120389 0.20654876967794713605 0.93593316871865117612 -0.2852485047058151979
2.258595311675128503 -3.4911786329604246326 -3.9199314625330861084 -0.78075197117059547125 0.010546392423033635818 0.62475205731565330858 -0.51029298480518536785 -0.58777571440659859281 -0.62779039432944117038 0.36059316295776000505 -0.80895517994552157415 0.46428879769766051577
1.6045337754963631127 5.1383445827408289475 -2.2049406482175486488 -0.49954901047402633374 -0.0007269171173099791064 -0.86628532119967460723 0.32906428076434429686 0.92488584517804395269 -0.19053312707873076848 0.80135353325450575657 -0.38024419125193936742 -0.46178660630169104939
-1.0917228893452588512 -4.6417980126999198731 0.80968776632969086116 0.99952272077118242688 -0.020208234619880117988 0.023365742353373297746 0.023003366793773207671 0.99172365131633144486 -0.12631327933317842982 -0.020619790938066626801 0.12679048337033779759 0.99171517965007893736
-4.4015913534042923061 -0.47252101991002920522 -2.5540823436368946808 0.84362477978942984613 0.0028441591548400858153 -0.53692563887753907981 -0.41819994285198897055 -0.62369882549543620431 -0.66038517766089377403 -0.33675813089500422626 0.78165957157469390104 -0.52497835711753182419
-7.1929349444591466067 -3.237550840667479779 2.1531719442138350651 -0.89034392293125852458 0.011425424720781351268 -0.45514520602692498663 0.3093650688293619333 0.7486335877175348541 -0.5863795746181571511 0.33403735283279228918 -0.66288551878215717927 -0.67007599263167560988
-2.1303472329403283503 2.4019013344574418056 2.0628942695063172685 -0.87560462024757390598 -0.0026811710806445461508 0.48302107647880127006 0.39098049596593231758 0.58326549167597185885 0.71199411373559029492 -0.28363850368958898329 0.81227715561966784552 -0.50966167374360360487
-2.928673127384574304 -1.9949046094568481102 2.4164352695094808432 0.99853069565856922285 -0.0089537901372290125412 0.053444171522829660159 -0.052452296850147440976 0.087986476904533594823 0.99473973301417872861 -0.013609055173965545205 -0.9960814271554786492 0.087387551133856516961
4.6261332710006977109 0.8237315136578710062 2.5009649572916781146 0.97118488843970363078 -0.0086714031165848245303 0.23816951785309417589 -0.060615858209192297057 -0.9754621664211089449 0.21165840312780800914 0.2304899785239207799 -0.21999629235288636897 -0.9478797398145840658
-4.9784166139247503224 -1.5573649922779071453 -5.2944099961640240792 -0.96768036321820039003 0.011973354355646118746 0.25189552085568933659 -0.22776187418686805186 0.38729835484420727099 -0.89337814670043380616 -0.1082554539440276492 -0.92187668541973888381 -0.37205393906114009317
-4.1492669733793610121 -4.5514193093032924153 -6.8158780445410283022 -0.23950174857129438721 -0.0074744991241841741286 0.9708671609928652968 0.36594157798260901204 -0.92691689375352959157 0.083137437884562737089 0.89929176240805808185 0.37519222265023377538 0.2247334468383649364
-2.2321086432868089133 -2.9811686761944837798 -3.692492698591371969 -0.94270165261143135105 0.0051950432678517103127 -0.3335964713380170088 0.21972903762253742643 0.76208034690401404987 -0.60905885995383646225 0.25106322747308135179 -0.64746162541742580121 -0.71955590430672922153
-2.5015869179286198687 -2.3167045619518593647 5.5692861903983592597 -0.92314304989386208877 -0.0052832561141617218059 0.38442033848037782118 -0.040566185947870349315 0.99566231072328104101 -0.08373140129623278527 -0.38231046806264723514 -0.092890528097336957924 -0.91935306373535896629
-4.8879366628488361002 -1.6177905998961832346 -1.701219131008455232 -0.97464323746629644152 0.0007161585381502732009 0.22376337228908518839 0.14951151395887216089 -0.74192550260883705082 0.65359992026654578634 0.16648383361447122164 0.67048194285575002382 0.72300559987413470786
-2.7000275938714626278 -3.3361526866381931988 3.3797272224369279137 -0.99951198771878402294 -0.010274297722253404597 -0.029499579872471440312 -0.026994763834954235704 -0.19109743215624999668 0.98119980337783840874 -0.015718432868265144742 0.98151730001543280313 0.19072682202191457157
-5.3585386026502312973 6.739005433791733779 3.0220231843295404239 0.98142034539538380855 0.0036356803526692536843 -0.19183557405320361688 -0.18034376754890285577 0.35879433694128809451 -0.91582899565640052408 0.065499856108254178588 0.93340955941495407089 0.35278373437927285083
-4.3036631505791831387 -3.1787068388320403045 -3.6969723362762669794 -0.92819949965445980311 -0.0071922131407573704209 -0.37201338808086853449 0.35666756745269068141 0.26760494694542197314 -0.89508426346227532022 0.1059902597821123782 -0.96350187568079270761 -0.24582554869424433353
0.55699746483088841131 2.1832383933305701262 4.8570914709149262123 0.9892461731273767267 0.0078777592320484896016 0.14604776568754551658 -0.13005046063719236105 0.5042845824307287117 0.85368843122694382242 -0.066924484614267407134 -0.86350159283717931036 0.499886099553672969
5.5637324747141150283 -0.87347098872458750485 -2.4761834329318017645 0.9994437948657400872 0.005712120848580850771 -0.032855328025351383803 0.020871864010214132013 -0.87554045703671923295 0.48269376770840644042 -0.026008963781379193514 -0.48311104289514905652 -0.87517269954889109762
-0.89574168519745223094 -2.0686951259518182589 -7.3575554176124748906 0.80138709910389582802 0.0011771222055302304858 0.59814490867436032051 -0.058916609140650541554 0.99529059405248343495 0.076977052151370628508 -0.59523739008663745231 -0.096929086314969756244 0.79768239398206219892
4.6816180144106356309 3.19348695720114506 2.4089844355800060782 -0.99640364579081741603 -0.0035531784915381649237 0.084659019467961726946 -0.02950648014461711155 -0.92203596305352331086 -0.38597804401986340883 0.07943010943054149009 -0.38708791993362484662 0.91861515334621157702
-0.77077178453566830285 -1.1549486188963051791 4.250738837437268991 0.99357857645097391597 0.0022900084513481824139 0.11312103376056181769 0.11212865843068807459 0.11372544971761985866 -0.98716446757630538222 -0.015125355410548897012 0.99350957617322277482 0.11273839486123707343
-3.3665354338462583073 4.7489112611030996902 -3.2367976819541657285 0.94247837189142624759 0.0073505702912803920143 0.33418630677113297933 -0.2586397962005200224 0.64937185757054538549 0.71513750175523171926 -0.21175451432803910068 -0.76043550660895353754 0.61392008107728468502
-0.063983099823952116481 5.3942090730046414748 -6.2300731348499400752 -0.59743767354421584148 -0.0038520085690709046297 0.80190609690915992669 -0.43124912935574494233 -0.84153608411710434378 -0.3253324569709496461 0.67608610003466318439 -0.54018717233823543289 0.5011041849566828521
-4.2181447355244960917 -1.174471149004567172 -4.4406907863811868609 0.77109325904488801307 0.0048118806306886681076 -0.63670403772901662531 -0.62957151880701556212 -0.14368231373323553379 -0.76354115503195618686 -0.095157178198795697166 0.989612165712024483 -0.10776304056665395037
-3.7578686457715115843 -1.0095231601619854001 5.7951603676942964327 0.9548799253911507412 0.0054255991409169678982 -0.29694257181996303041 -0.2850611191634991326 -0.26380163195396466591 -0.92149273318869895366 -0.08333358522427251891 0.96456169416598336319 -0.25035225527499843645
-4.4037808334172634517 5.2507191163862572125 -2.7727899240658686608 0.90690568525995107763 -0.015638263512508424058 0.42104337396235952395 -0.41267710892116588051 0.16855789861337833191 0.89514570802054149734 -0.084968710804276745274 -0.9855676940369730854 0.14641256317304127132
-1.5290185735233718933 -6.4621776749615298385 -3.8191767223345807203 0.92739784464466701319 0.003896150845772651701 -0.37405622272194466449 0.02809835376670051163 -0.99784641142775376554 0.059270749247680817873 -0.37301973173541769224 -0.065477929177532354088 -0.92551008666918366252
-2.8661478369983663939 -6.996703146433564946 -5.3276866476729312083 0.99217035812154308339 0.0069177137193947267624 -0.12470014315063183974 0.082503367139158845234 -0.78589079287592589207 0.61283672873253525193 -0.093761265326292586586 -0.61832661830925339519 -0.78030828408684149711
-0.31861106370295055878 -1.9687749954218580761 -5.3948681985389903559 0.91415549490176672975 0.0015564685265581504683 0.40536071411340607318 0.077218992374574135784 0.98101265213767263607 -0.17790841341131857778 -0.39794089807089461086 0.19393749960126083209 0.8966779175885140063
5.0911241056533986793 -6.9296045285772942535 7.077522333665986487 0.99955129686546873025 0.00046026575554473892708 -0.029949842903588850401 -0.029316061939737850933 0.2201940389619473637 -0.97501546332250299542 0.0061460106463675154287 0.9754559822775832334 0.22010873038588649186
0.48827761721574414189 -2.6354280606036670775 -5.744566419805109625 0.83703935057245815177 0.0022564364482293036186 0.54713803933526283796 0.027460931610131716907 0.99855795539560454621 -0.046129241823432996783 -0.54645312958041381002 0.053636910897779582763 0.83577033864638816674
-0.044417087458504138364 -4.0914988702750632044 5.1236062939141762129 0.92150067470581564777 0.013594883898989901932 -0.38813874535851811132 -0.25307410225058118991 0.77909962924896469794 -0.57354796353417636379 0.29460143463117999252 0.6267526999031687307 0.72138134705387202406
1.3844501836929516969 -6.9133116847704956243 -3.4816004780406584196 -0.99515987695232011045 0.0025842836337634520275 0.098235130082867272439 -0.09815482630109030604 0.022058349000151619701 -0.99492666026864329254 -0.0047380774683982154402 -0.99975334493945577918 -0.021697923965620931341
3.2108833490023140911 0.47878766658719879024 -6.8280411842813606427 -0.99783626460818120041 -0.0021674991261639107304 0.065712182890969902949 -0.054558407058836237702 0.58503692296297449271 -0.80916943775014538165 -0.036690179230423621004 -0.81100376122269157708 -0.58388931316693004625
5.2573366129226410948 -2.9561677616261743395 -6.8245500474759266396 -0.43020276752584218904 -0.0046080801271815123588 0.9027205239777584822 -0.72848026829237311208 0.59235322916033072982 -0.34414263120425647724 -0.53314358058768529514 -0.80566520186795909098 -0.25818889398494454523
0.3533176244324652826 -5.5785790414926736958 -5.3018266973717365076 0.74978616460975011648 -0.0068682129261923557245 0.66164456848907238218 0.60987879788576526696 -0.3806798842404984784 -0.69507602290968972802 0.25664870786610993747 0.92468137938743177884 -0.28123973290575349226
7.2441252487185074926 -0.40961330134974932582 -6.444825667589469731 0.97840766474956009091 -0.0085805142668470453515 -0.20650621379106132158 0.13346286649060148943 0.78913408288030462145 0.59954571344044982339 0.15781668108132540507 -0.61416103263850785332 0.77324001523511665113
-1.7666940344701989041 2.1212692517495965738 -1.3132423872894511963 0.74947595721128923429 -0.0010050487746923772274 -0.66203079946414111756 0.66015554328241876636 0.076363680255949320519 0.74723707550632190166 0.049804098582708372644 -0.99707952451885240031 0.057896230875889548306
-4.2618980892465119226 -1.1334763291909353278 2.354661321039006161 -0.82208848896455088973 -0.0055589695431656344082 -0.56933260416870445919 -0.56928953454314612515 0.023728431754754981953 0.82179461387022811891 0.0089410386145476073577 0.99970298558325454419 -0.02267153379057540788
3.0260112045013856097 -1.1167645365692138171 -3.1157625625590368301 0.67875030501036948127 -0.004590988470867000612 -0.73435478229068029687 0.65828685755467941654 0.44704553032593108419 0.60564734539693698689 0.32550950311639320622 -0.89449942238125546012 0.30645447743573567267
3.11989229484957864 -7.1512160981057322218 -7.39094497690346941 -0.9410558130630484186 -0.0039929717118383977956 -0.33822775296736062867 0.13109039622698048788 -0.92608838969124585017 -0.35380164286810178442 -0.31181607514284870319 -0.37728550284369338774 0.87202430277287357185
2.6949789404207469268 2.3526931680572915617 2.5468552693119201891 -0.98770230362825783832 0.0053368144402600996984 -0.15625516893539692642 -0.037424260348739239734 -0.97843339698783560188 0.20314406808019788708 -0.15180113354237700918 0.20649359813431025779 0.96660064648480226168
3.4961482512395267719 3.3576779874762485711 -0.94056363902324013893 -0.99708771065736223616 -0.0028229051518059182155 -0.076211078344708110821 -0.070457543899721905567 -0.34834231421424260988 0.93471566084846979816 -0.029186157053849359766 0.9373631437891895013 0.34712894564130686303
2.7761587918508152661 -0.3274002909852981591 -1.9797612790396101889 0.88883203346420480706 -0.0012330380742493589341 -0.45823148724734358295 -0.30767372145672677863 0.73945498881924154322 -0.59878476987589490665 0.3395798836986569369 0.67320487158631614477 0.65687190795455741021
-6.4182367641878697029 -2.226452102797463084 -5.4579167659188838613 0.81985422296820853472 -0.0080065727906397220898 -0.57251632978763444815 0.2863363558568354228 -0.86015688294351921872 0.42206827414481312699 -0.49583318202390053164 -0.50996669647837611361 -0.70291068002055756558
-1.0987665788736526995 -5.8101917809744021426 -7.0979764265810230128 0.98991580217897279237 0.0033643128797621732126 -0.14161703991798615943 -0.10181367359208878809 0.71198680939007819024 -0.69477245132794296367 0.09849203249999340104 0.70218477956548330798 0.70514952661168239789
-6.2288880685196508225 -5.274038308084175064 7.2116401976988697697 -0.99984837655978597848 0.014501187612109063541 0.00964051080589593129 0.01732127869299840417 0.8850850677104333819 0.46510686537646950267 -0.0017880702449434883461 0.46520333024797289045 -0.88520204717963357766
0.8133393734098649519 -4.4593458091935049836 -2.8765103683423154379 0.5742227428146056134 -0.014426111987586823227 0.81857200595151047295 0.64158414836884547494 -0.61316055222551635318 -0.46087299525592351213 0.50856466864719496179 0.78982657874209594162 -0.34283516931088048318
-1.0001359986229756416 -3.6871438142128463156 -6.0199050672503977566 0.92689225944517061873 -0.0073264196362483151315 0.37525599656233743495 -0.061760126635020271002 -0.98915801521972579469 0.13323703570968503662 0.37021132632421815956 -0.14667223493890424457 -0.91729538827971923709
-3.7886623131981176371 1.85812664327924848 -4.9655641056577319858 0.73292030114546014019 0.012543393931074455286 -0.68019886462524958848 -0.23916166112539757882 0.9407621232987894988 -0.24035042586646004903 0.63689051807716312581 0.33883519686587898478 0.69250355764310567164
-0.66931578237482247662 -3.9641174517184789572 2.7376502887394953412 0.92742113812007542784 0.0011437026063725944103 0.37401701099317030685 0.054040126401095171793 -0.98991210507982785316 -0.13097209227574746482 0.37009417356462209758 0.14167821343058481509 -0.9181272169654073334
-6.1678514906523922434 5.471624578929828786 -0.58305302804132097538 -0.99263226552128935865 0.010077134337505799094 -0.12074616685202191335 -0.070674843209586418746 -0.85760379812513709563 0.50943183251401913392 -0.098418758289254254512 0.51421219044747745741 0.85199740094196274587
2.0729565905741380583 3.5914462797706372399 0.11621719244860341524 -0.96871091278920873346 -0.0021430259418032879259 0.24818254346944920719 -0.24748348486446225536 0.083833564834334017846 -0.9652584411060446401 -0.018737453468889248009 -0.99647746630168465565 -0.081740852641258118783
-1.1553495152000823332 -5.0768624590738458124 -4.762157431200508384 -0.9059904677567021114 0.0020195554606992072166 -0.4232932715385541167 0.38133234414057115558 -0.43021070702369301753 -0.81823247972358847946 -0.18375776349948608202 -0.90272624253310052023 0.38899667787234393224
4.6344213146741930487 6.010552417472197817 -2.0423893762132552254 -0.98134200874985455521 -0.010139782303483573303 -0.19200272570367432623 0.11370288170015387108 0.77467290396639698624 -0.62205590307722435917 0.15504682052814355853 -0.63228085268734235402 -0.75906614123480076195
2.3009044760075250124 -2.3979401283009846857 3.6369702013328244483 -0.9160334005510779587 0.0014978268196524759451 0.40109919669539789711 -0.2756054606953116104 -0.72888871996850246315 -0.62670795745522100972 0.29141798007288183259 -0.68463055030981057048 0.66809922202676319536
1.8880753190990786639 -1.8500710478329438491 -3.122876785524891563 0.5640837538579211996 -0.018190177141339441969 -0.82551719309117910228 0.25854026248052019987 0.95337731777511269815 0.15565546128657636871 0.78419796691271015376 -0.30123214869498476931 0.54248754942627774867
1.6323473854726309185 -3.0724280861891326566 6.0383476887831664115 -0.76030044603445068319 -0.0045229816870650521241 0.64955582854475890642 -0.61670639807910609953 -0.30902109756774842619 -0.72400219600926629671 0.20400110374237562239 -0.95104442792890986347 0.23215952657005800575
3.0683717978146702876 2.209758171105246749 -7.3980704014664908641 0.94486906590737118616 0.010427129600418232752 0.32728232958648295625 0.27898297933073035182 0.49765671491461410669 -0.82128331977715063328 -0.1714378766055622838 0.86731140259354133626 0.46731144368218530127
5.3104330260998313662 -3.4922655500997583644 -1.9302014585281102033 -0.99053346572851708185 0.0073784365841315464538 0.13707301683908126866 0.089626210601462807936 0.79110090250286380087 0.6050838821456107075 -0.10397401427770258664 0.61164116991313510763 -0.78427322000831267701
3.3093352789850625228 5.479231374497617324 -2.8337891388714853136 -0.98605255251088641533 -0.0022922513830562355266 -0.16641847634906734021 0.16543479909954919571 -0.12291557860298547855 -0.9785310867742821328 -0.01821238407364644124 -0.99241448302628443301 0.12158043817185258673
5.5335292482147755422 5.077653276285466255 6.9267903686422886977 0.89522113656250690283 -0.0019811291926661901697 0.44561776420923238096 0.29867270697045150696 0.74480681039480256533 -0.59670547952941332959 -0.33071699497104362075 0.66727722148785251211 0.66735850853997524812
-4.8452316865587876649 -5.2382923890247727883 4.4418252880212838463 0.85549085380760814257 0.0025630182325034230051 -0.51781157768923846696 0.45719281396610456092 -0.4732526434049080799 0.7529984504419292568 -0.24312574916965842831 -0.88092301959245333798 -0.40603510149116106565
6.1018516221911269781 -3.8883595592289097453 -0.010554608943162329532 0.96992769402840572912 0.0049824605515878866643 -0.24334223522341452695 -0.23813045837273899563 -0.18735808654889690716 -0.95299046805306830699 -0.050340372981076825232 0.98227904512501751366 -0.18053732122890647771
-3.6499212840580632644 6.702077928831576159 4.896662871991820154 -0.99420727794262386823 -0.0041646895093972761612 -0.10739899369711264354 -0.10747915740766930681 0.035313978937503855138 0.99357996840444939846 -0.00034526626979530100625 0.99936758915475554232 -0.035557032192047685615
-2.9982726686772802616 -2.9120194996337329663 1.2741826976563226381 0.95733695011390862462 -0.006320675471449693078 0.28890485113274966267 0.27811982186484585089 0.29158633963834107439 -0.91521952078293000721 -0.078455902469548227662 0.95652363044396671032 0.28090428222050867202
-6.1109523340801921165 -6.1891548535574045786 6.7068899060023561276 0.97296003398743391433 0.009051584295654200446 0.230796102837224959 0.048205722688653612762 -0.98518483215898700056 -0.16458145334122636916 0.22588709693822903168 0.17125686936747774869 -0.95898180594379522912
4.4778357091440064153 0.10510678435160522581 -5.9326787198549117974 -0.99930230551389698235 -0.0040481536102281046735 0.037128353681011964926 0.036308094547649279182 -0.33829090852677101697 0.9403408868482271421 0.0087535401429277223673 0.94103287597220230953 0.33820186556911374653
3.6740108815576757451 -4.1453911383416466307 3.6204340535144350355 -0.64736123893307673249 0.0052981944667673174995 -0.76216491356028492898 0.65663815369228950569 -0.50383010173188491621 -0.56123218341817759924 -0.38697514318436387892 -0.86378652323609839137 0.32268108223643382493
-5.4389650185217872647 -2.3612181843393882374 5.8084564462567849219 0.98527838396659295217 0.0035366662560960635681 -0.17092102878255419074 0.11820030118528991603 -0.73640912067998609558 0.66613083983478005301 -0.12351192204812312669 -0.67652723446368667748 -0.72598602337849249544
-5.0066825991130654572 -3.7541703978031044642 -6.4109865200025160092 -0.81423068636436390921 0.000910888160221916569 -0.58054074763560270522 0.58052262548627453498 0.0093331030155021071221 -0.81419062539834419212 0.0046766100015418910624 -0.99995603076874717274 -0.0081280900605530202047
-2.2261665229380334097 5.5090135352329161478 -1.8624522685273730005 0.64384547976916706169 -0.0098815971213479462248 0.76509172797717095449 0.75844338112522513562 -0.12391204342409217753 -0.63985111012011819387 0.10112683030843630516 0.99224400201414719724 -0.072285577115931143322
-4.4342750539774673513 -3.58362644614414938 7.2837531596376798859 0.98743149806711627559 -0.0052489098862155787392 -0.157960392409436573 0.12417171760518522228 0.6440813604103167167 0.7548116226708123655 0.097777406245547315855 -0.76493898457133768787 0.63663798874314192489
-3.1130876781874965431 -1.7752875137713677312 4.817045799950462559 -0.92227476497082816476 -0.0012419541904009545261 0.3865329422542300164 0.21802630637007011649 -0.82740558544238806959 0.51755630312973732732 0.31917673415924546765 0.56160346751827949774 0.76336607053432581349
-3.9780315537127846071 3.9788547485795868752 3.3258209292239588883 0.0020371574717973281454 0.011552802873149905713 -0.99993118900013433503 -0.32914163038805527295 -0.9442095638891239151 -0.011579577096485930976 -0.94427836845647050712 0.32914257124542406485 0.0018790048051341538826
-0.33917661921747199738 -3.0433154467177816471 -7.0778538067229312958 0.99990563254292763595 0.0016415618760266606491 -0.013639328556110890886 0.0091694647151693113585 -0.81905600925051824657 0.57364028330261640498 -0.010229707996420820196 -0.57371121566977500983 -0.8189937692614640552
0.4051859890900507688 -0.23147468862419889879 -3.4826378641051336515 -0.9937282081623253216 0.0064276200106070484341 0.11163751163248560039 0.092188362266557424829 -0.51795524803167636296 0.85042557987106481843 0.063289447502025864001 0.85538356702555051747 0.51411418877269210448
6.6747035907235314767 0.87518666617531726271 -1.750202642254386376 0.48490868582750668025 -0.0052299140874612574242 -0.87454914922356818963 -0.82290009743637948514 -0.34133672839940559784 -0.45422975187097319738 -0.29614016284226984954 0.93992653215255206334 -0.16982084120491150458
-3.872288152004324413 5.6023311225333092267 -1.5502092514261036627 -0.94436073104732221051 -0.001199604590630463756 -0.32890936533444387058 -0.16205244432078313999 0.87189433595673426769 0.46210309695579421252 0.28621987168179485739 0.48969258507277318992 -0.82357717135621866245
6.8476732326369198489 5.5377250889319187266 5.620589210867549923 -0.97780297539659166706 -0.0093073980752673389494 0.20931964467396813045 -0.18437398630169460345 -0.43636608595742659711 -0.8806763720012669161 0.099536799630131955752 -0.89972107420425040392 0.4249640151261783183
4.4718078531028924161 -4.0876532178687714492 -6.4230192538837576066 -0.99993786089790215321 -0.010944852425178147604 0.0021176752197194148239 0.010070413761545498818 -0.80537171767209569939 0.59268455618527160489 -0.0047813292729759152705 0.5926690531648721727 0.80543189178914065263
3.1630870723602351191 0.42188478927790296069 5.2887198794203600372 0.99952417650955105444 -0.00058168331409529224971 -0.030839620902612760456 0.029314970942651473462 -0.29308238561838839686 0.95563766549829287644 -0.0095944281500914517513 -0.95608701323930067595 -0.29292587810528197823
-5.5906549203212696497 3.6059176433158919295 -3.7055669943857569848 -0.83165244916165903533 -0.0019929331862349221327 0.55529292451880918335 -0.53169040091136277049 0.29132514544333465434 -0.79525780550148572612 -0.16018589632694485436 -0.95662201932088586354 -0.24334089415513984744
4.6316603763002950345 6.3591309583294632901 -6.5045351420206243276 -0.81116985311376299528 0.0048482296449581874578 -0.58479053007792447527 -0.38132855405161303342 -0.76253075915171697474 0.5226235501893080615 -0.44338696785585535176 0.64693379569856546141 0.62039073229596275461
-2.7587429195752100064 5.9940719302463723039 -5.5154761745410443297 0.92916984274144198697 -5.9465255238969581819e-05 -0.36965308033850258207 0.015731264699707644267 -0.99908767355327443571 0.039703247534825292231 -0.3693181970209599152 -0.042706170722174446874 -0.92832120105682303102
0.41340987460568046075 3.4435708224107459685 -7.0268515086617737708 0.98764174695891948641 -0.0095750048394901074444 -0.15643560638890977033 -0.10694768117276977348 0.68846266388079191412 -0.71734326088265820687 0.11456863949486080501 0.72520857670362237624 0.67893044350647646645
4.2070778031680369224 -5.7301911468258834859 -5.0662790598251161711 -0.99863090214486216478 -0.0048247318553681500797 -0.052086881688127958934 0.0058942406915145880222 -0.99977454139294230639 -0.020399125206506926733 -0.051976717943135783417 -0.020678209425527654258 0.99843419034341374108
4.6262580204303569431 7.1741951115553197482 -2.774272304923049326 0.99923993939827393529 0.0040476368186343888653 0.038770609326607495537 -0.034431230314957310401 0.55796617293718164809 0.82914910615453707443 -0.018276594058229855139 -0.82985382236512494902 0.55768144994744339726
-4.2802428343160459079 1.0883432577890790327 -1.320433218271060305 0.80434894350644581262 -0.00012787489958459175715 -0.59415718520256877166 -0.11805052628643310231 -0.98009763610698252823 -0.15960168213690220651 -0.58231164364403931177 0.1985160128187468398 -0.78835559383508369002
-6.8073017088536955654 -2.9396764313256933399 -0.30266108050306056443 0.89920497976883184688 -0.0049243089753155441096 -0.43749989204571382295 -0.10909028098829316733 0.96583298902148917442 -0.23508710707252183925 0.42370946998249092719 0.25911848351464095153 0.86794463910337849022
-5.3038867891506846775 -5.8151843399208731356 -4.9681061663340155832 0.97838845723354161965 0.0006798407652198208001 -0.20677418738480635163 0.053224641736600498965 0.96547083815240786198 0.25501607437454210103 0.19980781832584623703 -0.26051026562098100747 0.9445693395626869604
-0.60343048147060862618 5.4017835432131127149 -3.4165762892656554861 -0.97546875041092162562 0.0018890598366041633401 0.22012984446640809777 -0.071722826554591112558 0.94267369490668251331 -0.32591738382918200578 -0.20812629128222159824 -0.3337105577951711699 -0.91941324250481859526
-2.6013923090890389567 -5.8021926371437420045 -2.9879852575318950336 0.9822711691339635065 -0.0090797913715845186139 0.18724558119467329953 -0.15634332071833653699 0.51146351095630859795 0.84496262818362222191 -0.10344136674957640776 -0.85925702461419550815 0.50097629614199223891
-1.7965151008255675347 -5.8830812327100456827 6.8344981713151469194 0.9744068796187732584 0.0047486078651547743851 -0.22474137063524005087 -0.20300422615125227055 -0.41079248718248373429 -0.88884127752894992458 -0.096542825297412732111 0.9117165037432081176 -0.39931503814128133101
4.6275728189091793752 -1.0425974607553436524 0.7426303056987849649 0.91201074723901787156 0.009312037645711382372 0.41006058439642545377 -0.20724138504280620321 0.8732053319102583977 0.44109347835707007901 -0.35395960962543249195 -0.48726351626043729048 0.79830248682778137681
3.8104656156214837814 -1.5331176848426115722 6.63642254826993927 -0.97890330633282551798 0.0047199619973888832375 -0.20426952491587049843 -0.12763274821946582471 -0.79481510812311906289 0.59327803387722477524 -0.15955625475847262651 0.60683330977950677987 0.77864955898616838859
3.5850861335709747202 6.6656850869097530321 2.0300302774591418853 -0.97783282965437867684 0.0026168938231315563153 0.2093707456088346186 -0.18956536652020025691 0.4136021080022846963 -0.89050450199426567366 -0.088926537468563632283 -0.91045397913500292209 -0.40393764718218683196
-0.56242602003251251919 6.8734560881128059506 0.29814674305022292877 0.7229393097967946602 0.0030222713775475973375 0.69090492850051099527 0.67014939224405378759 -0.24637081394499768527 -0.70014370961326666265 0.16810278529954153504 0.96917092811940441788 -0.18013651951429454634
-5.6395918710034358412 -5.8377583103541725862 -2.2213737956553618602 0.93713450024941369332 0.00218639212207821787 0.34896152815440417694 0.069366088610812989823 -0.98119306649618431848 -0.18013470518136331933 0.34200478679869794618 0.19301654320146766075 -0.91966153548874651769
