1125 14.717824617146108679 14.977075390850430381 15.033177056927090831
-2.022893155948302546 3.907593616514738688 -7.2521715327642253257 0.7959770798792364932 0.0039684896931289122962 -0.60531375285585542478 -0.58639263888979287209 0.25320293410942329437 -0.76943612289408114258 0.15021371895660967644 0.96740504714825337196 0.2038708252527626219
-7.1049847579350098314 -5.4877931938052162408 -4.3617676800803382164 -0.81583390559731960856 0.0064023538170583701307 -0.57825085243637719401 0.55651024693033201984 -0.26312631945976983072 -0.78807416216307990542 -0.1571985481462969958 -0.9647401462950456752 0.21110439736666658517
2.2283070178658470617 4.3984823702425703829 -2.8562391948829417565 0.99579545188683504797 -6.0719941251228555902e-05 -0.09160466317004087311 -0.089051326229068916707 0.23381588055652380298 -0.96819419296775077743 0.021477413676728097924 0.97228089064466161062 0.23282738324581433997
-1.4329960632962683853 5.7932668231062747211 -6.3542215789987253061 -0.45593030441797061103 -0.004749804933264754371 -0.89000280722389990551 0.54214374406581278265 -0.7945338172301185109 -0.27348889200099102403 -0.70583830888069321041 -0.60720132792249903453 0.3648271221902005812
6.7474942201939054343 -0.36059884509760320448 6.7457988654777345516 0.9152212787152469442 0.010100624533576513589 0.4028250096144712078 -0.30214205279133027338 0.67863356770785032701 0.66945250818496782053 -0.26660868500840051443 -0.73440755590072481773 0.62415170504772155002
-2.5053504119957503704 -3.535234800596071203 -0.013062782343490252079 -0.9853240717522681047 0.0061970365959294572075 0.170581565132143953 0.16834295271474705724 -0.13001496149808672298 0.97711655397802810175 0.028233382666391665383 0.99149266589523699089 0.1270636438134032653
-0.8227815861909362205 0.025713293385176194672 -2.4084238964328856802 0.82925779887573136673 -0.0032327669108872109094 -0.55885691569651507749 0.19144838369938577127 -0.93783494062689276571 0.28950499221633363423 -0.5250514445106049255 -0.34706652583816949287 -0.77708803057316411245
5.5957298143555593839 -7.0627715997445763563 6.5708846284155795203 -0.90413502273498469464 -0.0025706905060297910275 0.42723910426650635319 0.15325013623791439166 0.93148766180005848625 0.32991685567333528528 -0.3988160683913281046 0.36376383473980627992 -0.84179665960854166418
5.5666232487128795015 3.2176868096877924152 3.1676019312263550276 0.86261413728906677356 -0.0067174884842704334076 -0.50581787779556330875 0.36008793530871013866 -0.69413624864771972245 0.62330694457742419345 -0.35529358141428774021 -0.71981229752048314641 -0.59635285472949794983
2.2679802352154463385 -6.6170595283776840745 -2.4132018619359385525 -0.99458063548897912565 0.0050298818791943734896 -0.10384632780496985682 -0.0081736573836428665779 0.99195475636434815581 0.12632874831669496651 0.10364627747903644439 0.12649293108534825913 -0.98653787943002324567
5.3460453758373427391 -6.102811278471086176 -4.3383888905843139838 -0.9971495295471245468 -0.0080010693548860055413 0.075025319813580584882 0.049369961716443831745 -0.82113223217352415695 0.56859868463259177762 0.057056310817204414221 0.57068190804943719208 0.81918663149552850555
3.1462120845874803621 -3.1335331041274696595 2.913409167344552575 0.7811066219364276586 0.0080526445007392411651 -0.62434573761948242154 0.45572081304011108349 0.67619100058248293728 0.57886463987113001561 0.42683836018924037337 -0.73668235057428999024 0.52450751054981381571
-5.2289211031666589236 7.4049226297848358413 1.7118846644118339562 -0.99978131477431908536 0.013507631047328287968 0.015964539821634288197 0.010260672251549069964 -0.34834409806535127085 0.93731057176804566389 0.018221998605440666019 0.93726940270477088202 0.34812932298254967156
4.4700850979385426953 -5.6450964079150462993 6.8860199631291347799 0.97932601941049823857 0.0048386308697791636374 -0.20223040166353553615 -0.18735668670649832657 0.39865357592138245257 -0.89775987789139488626 0.076275944124348710185 0.91708882560880067292 0.3913183694788792133
-1.1308006262680854181 -2.4716917700405849345 -6.5788327716705152781 0.91597262928398948123 -0.0068587221132206154309 -0.40118212863184293804 0.1997298234432527686 -0.85938235764208859013 0.47071218488674521074 -0.34799732761899521138 -0.51128751334690425434 -0.78580082633290693206
3.1094476564949036224 2.0741505669972704062 6.0599716195478618985 0.80846241617255454326 0.003561911281018351888 -0.58853702893237280769 0.19344841202843549022 0.94281316179764940166 0.27144254240031640002 0.55584731133652776069 -0.33330264734788367376 0.7615399607050697961
-5.5498292107962505781 -1.4826411868437225916 5.8421762419745340011 -0.93546926883207037751 -0.0050639272656758807858 0.35337176416833476766 -0.32957194742300077728 0.37349460192808431325 -0.86711251507656017523 -0.12759145168320101815 -0.92761853095512492029 -0.35106165054896792954
5.7384327817337545952 -1.2408218401664730113 3.8375230756427467504 0.83167624282909746736 -0.0020823397680580797015 -0.55525695941146835377 -0.54923247239879990911 -0.15003934418949030349 -0.82208995034485043973 -0.081598519450166981382 0.98867783380456453202 -0.12592784667118989139
2.4489186973183088014 -5.1377311816664157362 4.0334023260253504262 0.89894766337144438317 0.010384633233443575986 0.43793293768741731187 0.36395137189315701631 -0.5740711245325131884 -0.73347238726152563792 0.24378781227948326249 0.81873958214480524465 -0.51983939751946883767
6.1772019482736038043 5.3274681064088147409 5.0105959205955397096 0.95301407742543253754 -0.0035415505082328703652 0.30290530805640258905 -0.093598652930319548027 0.94756029951722686722 0.3055630392377947091 -0.28810321136434052791 -0.31955740673422949882 0.90270682029278714875
2.9607869952456740137 5.1789764776523794509 3.9471802027726581308 0.6191392569567996107 -0.0016814962056120228394 -0.7852794108249044891 0.6536009942865348421 -0.55319887139359757988 0.51650435521530635441 -0.43528418391049500391 -0.83304752641087131959 -0.34140811059211606526
2.3800676250845458348 -2.3317827289939483393 2.7767900797103934885 -0.84587373612067651152 -0.0059466236041440271795 0.53335003535071545677 0.25778184807398102363 -0.87996045704452918734 0.39902144408745104931 0.46695411053400281975 0.47500971748554166041 0.74586837106125458696
-5.8885923815230585276 -2.560708196216623822 6.1353065614600703626 -0.99626804912517308299 -0.016988568843164818245 0.084624835722044128294 -0.003282917915520686819 -0.97227100585335513028 -0.23383394455643280452 0.086250778212638670728 -0.23323910415176177247 0.96858676614550409667
-3.9989535119615053915 2.7809908020067588552 -1.3829870934709971309 -0.81804343467779694343 0.0040121103512743127445 -0.57514245361580040861 -0.094316624042086530388 -0.98737471094216389123 0.1272617563180467315 -0.56737052567961454574 0.15835113880986473323 0.80809380855672618971
2.58466588966695765 -1.6147115714100774841 0.40736945303656374451 0.86297806805213017611 -0.0024737548844043577914 -0.50523532595981901494 -0.45658623275771975658 0.42434437391969925812 -0.78195963091372688858 0.21632814453298282453 0.90549750571686093981 0.36507040557066505748
-1.4989473260039243296 6.5431787775434990806 4.5417633946244331256 0.99999248159825349092 0.0030144495943131969541 -0.0024392294893655053732 0.00068276858343990114771 0.48233369047287816267 0.87598729720344714611 0.0038171421141932073383 -0.87598237660833666585 0.48232800592299107656
6.0093172816236961609 3.6203081579930702638 4.9430882727065110771 0.93203365902845991542 -0.0041806703818254402349 -0.36234759614678935247 -0.36227776793824062462 -0.033517690386518056433 -0.93146732808450938279 -0.0082508966697587369371 0.99942938040982065573 -0.032754179547542283668
6.2045104870178402479 -1.8984370330893438616 -2.7636585685519818867 -0.96316496509917137736 -0.00042451846839379470122 0.26891089563175663013 -0.21849979238021366434 0.58414711649128281401 -0.78168407110841298113 -0.15675168495175234584 -0.81164768593214653425 -0.56272279426542226588
-4.4332871976699586014 6.3829192273093449117 0.908673886668050379 0.99968908622323804369 0.0039967947942590982893 -0.024612121356158717794 -0.024543828492046525225 -0.01632069881169409542 -0.99956552325156300398 -0.0043967452996083716127 0.99985882024498384801 -0.016217527835598578856
4.2884752190055959176 -5.8364143165744835073 2.8087379847587214954 -0.47654356464088415413 0.006569856763352242314 -0.87912630945807757055 -0.83050629873324377517 -0.33138096840623509909 0.44771189569011315967 -0.28838432475374153885 0.94347416009144835503 0.16337377536219060969
5.9927382928544394858 4.2561426712207985901 3.3954127203556221382 -0.87245240833485060428 0.013160816488642075248 0.48852183994166270553 0.078823883866381005969 -0.98275892752012650178 0.16724737878860368445 0.48230031155160896228 0.18442256718960456374 0.85637300645703040569
-0.620822950007942298 -3.2799223217579114298 -2.3903482680763499246 0.81291033385343169915 -0.0031425055298290836825 -0.58238038580768813901 -0.2452181696898089458 0.90517465562333521145 -0.34716983174116222699 0.52824694828128648805 0.42502819609547498603 0.73505523204408806937
-3.2759459315565151449 -7.2144440148017219272 3.4865146626197129898 0.98760241485546407247 0.0050506335716524568269 -0.15689474584031523618 0.15282344198980379879 0.19743588247263571533 0.96833055713977211898 0.035867335420600429674 -0.9803027916990502133 0.19421629910247661943
0.16443558741930924816 3.998433759180905156 -7.4761467294583043852 -0.70976491374095229681 0.010675709544516907498 -0.70435771909458344542 0.48384890205093633586 -0.71932057477984689964 -0.49846579690342734947 -0.5119804754153416404 -0.69459624237695583027 0.50538307536892279614
-2.5507884658620332274 -3.2043258269007970362 -3.7279197640688743753 0.5427057106686631327 0.0048108704191242648851 -0.8399091421895172882 -0.82350184819451510698 0.19981630189605764647 -0.53095965149604074096 0.16527316063990118988 0.97982156591004132551 0.1124032088052537709
3.2150377144834503262 2.2880374902790174829 -0.70975021355284673152 -0.87277315728256599225 -0.01210545683303835586 0.48797589473425606599 0.43301673117961808623 0.44223381373000664185 0.78544621999995478667 -0.22530762624752564971 0.89681810413734053267 -0.38072793651897596234
5.5984701300124912748 -6.0664190079559459079 4.8555623425881826449 0.92254103810821086462 0.003995895890645017115 0.38587830442021725519 0.31649250779592019711 0.56429278055504383804 -0.76249993463762177903 -0.22079521171260582668 0.82556507352804386901 0.51931857645894119457
-0.56448065617786002957 -7.143564220291308331 -5.8344001118165671471 0.98014522380405277868 -0.003340264575095690594 -0.19825282567125124267 -0.089352359691657459728 -0.90002229238641340281 -0.42658648481294814125 -0.17700705090928639529 0.4358310634180935228 -0.88245101172151174662
2.9452376273408789054 4.5494113617572011776 -5.8853834205007480307 -0.99805699490198451773 0.0059420696102655719273 -0.062023598218259964887 0.049440160231142164793 -0.53029033877416087428 -0.84637333793026703344 -0.037919724201397927987 -0.84779528685372662622 0.5289662050688649364
-7.2014315900569831896 -6.7412315914745617462 -6.905734851076582359 -0.84047632582849751692 0.0029239075078965380897 0.54184037915870708613 -0.25444383681489768367 0.8807446605334747769 -0.39943357000710760785 -0.47839092761979273849 -0.4735824043465198252 -0.73950106603342558031
-4.5447819946767964439 -3.1020769175517317606 -6.2661683351343775428 -0.91325031580647308971 -0.00018355252779552562112 0.40739885491736554934 -0.16047361308565744054 -0.91899198732335962703 -0.36014156485823128895 0.37446238820831295735 -0.39427616405731558125 0.8392402673093155574
-2.1035027051262318309 -6.7560362918460326043 0.40279201837753575433 0.99733714747321100536 0.010456971985461001665 0.072175245111304936474 -0.0097950519291182865794 -0.9614930157513114084 0.27465476078013562056 0.072268051223776066938 -0.27463035593027629311 -0.95883027506127160855
1.1369479538521081174 6.6980302601434686949 -6.8205279281396657964 0.97648167855539758087 -0.00048247253577408250047 0.21559985775961360011 -0.20432669561581462414 -0.32120234691646515346 0.92470517128105000904 0.068805035458385399583 -0.94701046433272872971 -0.31374678889193102771
-2.4692140546742731289 -2.7045307761070680463 7.1544726164663865475 -0.8467398357591775504 -0.0049261186944336574425 0.53198438312903217895 0.14505360476327783248 -0.96420876702515512235 0.22194797889827791448 0.51185066404539614204 0.26509844764999063171 0.81714852430252282733
-3.5925058574414818757 -3.9426216764226142963 -5.0273540970740198119 0.84875421649042981365 -0.001636199911728390341 -0.52878502516580327963 -0.19926041453290330163 0.92529036302294853655 -0.32269650028621627014 0.48980768388206064046 0.37925593857788875152 0.78501806722106493019
2.9224732371879214021 4.2593982140234816214 -0.70427658954990757234 -0.85819543690406152603 0.0029846082437443061282 -0.51331441065959670933 0.50285268101266800134 -0.19605274649221185457 -0.84184470170651459764 -0.10314927666055212496 -0.98058880918893809309 0.1667507541749267963
4.5661895954961417843 -6.7636823230416389663 -0.13198201010971938318 -0.99042395912799441327 -0.001773624174527241304 -0.13804794617290544467 0.10701815594410823973 -0.64157512549930773016 -0.7595580771993961644 -0.087220957823083242189 -0.76705815463873749938 0.63562118586353111294
3.8190482437029040774 0.42554846735216350639 0.67674850573662814757 -0.99010421327987430118 0.0047283629402629385324 0.14025437401151139016 -0.012508836868006883991 -0.99842751969805543233 -0.054644459094491781848 0.13977544793591251127 -0.055858128266374942883 0.9886064402282838115
-4.2723463391045681803 3.1441606221486844142 3.8590397059167567129 -0.52893911258438830458 0.010090833848046574378 0.8485997821415189879 0.20762494859802321789 0.97108148188495790887 0.11786702787356186095 -0.82287015737479085598 0.23853496727388076581 -0.5157380861343954237
-5.3980860848291127851 2.7546058836151279259 2.8051489783673675404 -0.99999498437304346066 -0.0030860678940021592578 -0.00071232978442842915731 0.0031546838837931785379 -0.95053704208578371215 -0.31059520214017893869 0.0002814220350632874821 -0.3105958914857275821 0.95054201011514605213
-3.0843261510837653994 0.18698325904567500433 6.0947527410817219362 -0.90402256711480255547 -0.00099696643881657179276 0.42748357185372209965 0.4053792209947795766 0.31540699203828603814 0.85801288834086253399 -0.13568671759790060238 0.94895597128175857016 -0.28473088915014399536
-5.8553385731040483719 5.5238569265754033921 5.9780220282773708362 -0.96201358659396052353 -0.0030220605959372631028 -0.27298484638999964691 0.0064805567231570986031 0.99940416189555103532 -0.033901675040830789309 0.27292464453278764136 -0.034382965779102471482 -0.96142079760680221323
-5.0107491965866506334 -2.3105668887332910799 5.0982710013136154359 -0.97738036709909048572 -0.0089435519367901308158 -0.21129986012314122545 0.20432932800557054853 -0.29769733080502341904 -0.932537304856229321 -0.054563208539155243215 -0.95461841178052964096 0.29279095642382563236
2.922366660456560794 -0.54605683412009786704 -1.3691553964684117783 -0.31261511885149079193 -0.0082085936609335545533 0.94984441170928313181 0.8604350374913615207 0.42116637626385489135 0.2868282234407523168 -0.40239698523076533609 0.90694625116100391349 -0.12460001517746178978
-5.8866891320509413532 -3.1740829486034338736 -1.3294197753442538179 -0.99171145724952369793 0.0073940576356674864167 -0.12827202918637484186 0.081882544577374177797 -0.73297364105902973463 -0.67531095830462972707 -0.099013304426445167272 -0.68021685470467063706 0.72629291344621149662
1.8082027678713741281 -2.9651070633753051631 -2.2015696754730442741 -0.99993912200644352595 -0.009089230921083208195 0.0062560500412463457276 -0.00042718198622704144085 -0.53465833265503026617 -0.84506821312723279238 0.011025869417249624382 -0.84501943954195146702 0.53462190097282225043
-2.8767205624335523417 2.690557493590736815 7.3610771526995684155 0.98913858596100934228 0.0088064257039318881437 -0.14672186145655150002 -0.016106515999787514998 0.99868644715730181538 -0.048641139033802946456 0.14610077996134482325 0.05047600549252012625 0.98798114099623302042
5.5904205779373450369 -6.1195405879698308027 5.9850217140414487815 -0.9872228705000146709 0.018331056414355353934 -0.15828763796508535378 0.09847581606524012654 -0.71077096354727942185 -0.69649633956571610494 -0.12527377064702063802 -0.70318461996036030204 0.69988418516134953684
-3.5263327115666691647 6.9897923883278512136 5.1203989664192945952 0.99752134870264141941 0.0048953033707068924207 0.070193980421002902248 -0.069104282855450699374 -0.11979766847170340849 0.9903903860194882558 0.013257336590231738258 -0.992786258282179368 -0.11916244539660027224
-2.3142088413700689919 0.68965745070613049261 -1.1611485816552131745 0.91908001821466178693 0.0092826900139654049127 -0.39396161206965385482 0.29021507187669981498 -0.6922441201119363674 0.66073692966711905505 -0.26658419340614347703 -0.72160370691706088309 -0.63892171507113015849
-4.9155700669464188479 4.5391845057270243657 6.9985286756666171826 0.86694377422842305858 -0.0033865277723063372251 -0.49839444595239779101 -0.49816279563339704861 -0.037119967199221816367 -0.86628859918724865352 -0.015566675086071048162 0.99930507827426884315 -0.033867966605457870688
-2.9158024410750593702 1.1515414672630790438 5.4707717966081688132 -0.99008481173582829626 -0.0080189874549136432036 -0.1402417962311660049 -0.088204686056626985247 -0.74151704790764050301 0.66511081860087795103 -0.10932519804507989658 0.67088610322652475482 0.7334574545056732342
0.59783636956414765162 -4.6345755509354145119 -1.1874259678917831184 0.93364781792320150622 0.0020070558962762704257 -0.35818671641192467714 -0.33979494843654761693 -0.31139515796503680622 -0.88745278669521643344 -0.11331877648625966748 0.95027839464162089378 -0.29005142229105179696
4.6991799477699647269 2.0761085180359875046 -5.6220514907544494321 0.97566110241463788189 0.0031691811376691847273 -0.2192609621571474654 -0.21904502758561278375 0.060740359516977072973 -0.97382230648910961257 0.010231770384223267192 0.99814856860916678638 0.059956199497085090055
-4.9325562707680861152 5.3141958352800404697 4.9956444978611500574 -0.96396723858410959807 0.0030907224309080919347 -0.26600302699662259354 0.13551677788537974667 0.86616448485425756587 -0.48103460175824780398 0.22891563041457882455 -0.49974946984668294769 -0.83537303136969232042
-4.2565975673829123949 1.5547762800245656933 -7.4586435455581039378 0.75975477361559462519 -0.0033398761437643470842 0.65020114518181526542 0.5616974801826207786 -0.50033473497570224442 -0.65890901779648824999 0.32751889216483071054 0.86582561650969414035 -0.37825570328931673592
1.754265394596320915 -1.025232695116325754 2.9872555110969920555 0.56833927720132459971 0.0067739076782492311027 -0.82276641895809354832 -0.80424579804228202295 0.21570240403646706584 -0.55376996056498883902 0.17372150794187110612 0.97643565434060919372 0.1280400351872379161
0.76966641905421728787 4.0542410912831465808 -0.44776645059573855212 -0.75565889661168439417 0.0067866646227699558083 -0.65493020479669827871 -0.56638465772993784597 0.49539573563511452026 0.65862848754268821239 0.32891952125082435376 0.86864089605418870477 -0.37050633225663609505
-3.4275178773832446488 4.8762578590269409773 -1.5749297551787946325 0.6622956194125577678 -0.0019405451411486649219 0.74924011290874426017 -0.54455714468872040701 0.68558937545129783331 0.48314048105775442288 -0.51460861698515580898 -0.72798588073712022783 0.45300610235600802245
-1.9448918262270162849 -4.3312644243841651459 5.7693084340284412903 0.9522075032715308085 0.0042580646497631250216 -0.30542223167064147527 0.30156161492929428602 0.14597140371124078806 0.94220642202212490091 0.048594887739987255304 -0.98927964609807639285 0.13771099702466196857
-2.3868351459598167175 5.1057789848298869018 -3.3107070065697321581 -0.84367186418264328296 -0.0038503053416445928714 -0.53684537879663662974 -0.52180303693176843804 -0.2292793068658861011 0.8216766943828778258 -0.1262512425101319502 0.97335305752422296433 0.19142739922163762301
-7.272739338467863135 5.9766698624491718661 0.32684847149030193947 0.9887188961001353027 0.0035877439479640748678 -0.14974001665521138871 -0.081004903533814093253 0.85370814625519797492 -0.5144128756369623634 0.12598869035766455116 0.52073940614377101088 0.84436800080955232151
5.2650485156500144157 5.5180270973052234496 7.1939504631647723798 -0.93517024598589582052 0.0043454479873389845537 0.35417189061867937472 -0.31897470674717159911 0.42438060646264830211 -0.84744099341131140513 -0.15398619249200637404 -0.9054734772152187583 -0.39548202813993110771
0.4390565845859593086 6.6496375530416136357 1.9617628745566346726 0.97637146230005922298 0.0083490662982166358869 0.21593763150021844099 0.066585208423059788485 -0.96225920402231257533 -0.26386290814279689254 0.20558496449214294644 0.27200646566987285446 -0.94007835046254883959
1.3201280417256104904 -4.7048802510054716919 6.0402712434585064116 0.77161183005085887121 0.006027318948424312435 -0.63606513436278511175 -0.61794884577959729999 0.24423596424680660277 -0.74732055890910675799 0.15084564204958489375 0.96969709971455830821 0.19217993412394868136
-1.6283562610478290456 -1.3078367274044744306 4.5235622226629308429 -0.99840103168467064787 -0.00026934988899188563871 -0.056527049999636334865 -0.056452780639854746592 0.05621558821302970882 0.99682139383117884801 0.002909207633953036793 0.99841861716036062191 -0.056140906818844038551
-1.9812778327045243998 -1.3088358090252851795 1.4441123818595671402 0.63670049910609249899 -0.0073671966905546667354 -0.77107600069708726043 0.6613307580106523309 -0.50902098035971410361 0.55094398087540030762 -0.39655277447920178613 -0.86072258362758102823 -0.31922175847874717514
-2.6965286507337657973 -5.3840631776980059087 3.4960183617225308872 0.99949638419053699057 -0.010099537880746632321 0.030082841035342047786 0.03147647402491162566 0.19525836276644123468 -0.98024660333643320875 0.0040261114149727911249 0.98069983741434196833 0.19547792540969741171
2.5997739804257946616 -5.2512392158475442727 2.0330175198116728907 -0.81835304076445047894 0.0067712751088978189243 -0.57467595260727233342 -0.25362167528944368211 0.89304279401053576759 0.37168617661841008015 0.51572700772304935768 0.44992079069456580864 -0.7291069438743109643
-4.8751699841005082803 -1.3186923813808510975 -0.7533566570457663758 -0.82795865341252217195 0.0015963527804311854891 0.56078687564620599559 -0.54252225637582496276 0.25087110477022461774 -0.80170648627051077639 -0.14196502941239222406 -0.96801918392619656917 -0.20684484517327128561
6.6761047422554842257 -3.761131266377964355 -1.9461459730183621186 -0.84923564300653719972 -0.0066113525061332863511 0.52797264386063691433 0.52348153409430564498 0.12019326363615939757 0.84351684205992050192 -0.06903554236400384625 0.99272849732167034453 -0.098611482576838577208
-0.41692962458733673348 -1.1402411286938107793 -2.2951648187604569706 0.99790570749335727463 -0.0049489638951540747963 -0.064495788300763523537 -0.02061638353409492308 -0.96940492220508378551 -0.24459979872138265522 -0.061312019067591289057 0.24541720510378361997 -0.96747673447831561422
3.0549779336532298935 3.3177308910067733194 3.8176409353337930064 0.80785689871535337758 7.1895905962738411096e-05 -0.58937867795604315102 -0.43337653732264741491 -0.67765753758419700059 -0.59410860846612845165 -0.3994396175849170838 0.73537762855986266164 -0.54741915870501500763
2.6045068429716833336 1.1900830979821277467 4.0263631181678798399 -0.83567662069659987001 0.0061444851086144645219 0.54918742786394925126 0.50811112678485492733 0.38823370473177493123 0.76882876724768933752 -0.20848901280030757155 0.92154046889594221081 -0.32755991166286624328
-1.814259165413811159 6.431770181791550911 1.1693864362533750167 0.99992233783795081425 0.0044443786831340030552 -0.011643272336523683569 -0.012148391409104798352 0.13910787205001665101 -0.99020271486184807674 -0.0027811649995068080804 0.9902672606079118145 0.13915106068381752347
5.1825522291920229634 4.0560637908792251949 -2.8986130228924569252 0.99587713836659341737 0.0009023168297533370151 -0.090707833746797389418 -0.079166010687737597973 0.49685082364217714179 -0.86421756624010581671 0.044288463853267491521 0.86783549412925975464 0.49487380926768198552
-2.1215011571986637229 -4.0228748498467963302 4.8928142271469790003 0.91725538728190592064 -0.010971395529467308644 -0.39814844340090732588 -0.29270173729731280288 0.65937391800873712544 -0.6924967359006454215 0.27012635466672196838 0.75173510276552513165 0.60160293199456482682
-2.3962032078604260654 5.0002866655405462382 5.8442167236031608013 -0.99911462799157624293 0.016429145901220895687 0.038730392434052157702 -0.03149333204909608025 0.31833104285692215285 -0.94745634051924909613 -0.027894984667264935418 -0.94783723830554511558 -0.31753179291503608184
6.5270909799992704592 -5.6555843475189950809 3.7335711114123557586 0.99990037606799386793 -0.0071692049758366573411 0.012158965379934643519 -0.0080359253792161057517 -0.99731417065644045739 0.072800198564805088108 0.011604388928192047731 -0.072890654461282053389 -0.99727242549358730006
1.1389687155747123537 6.7557788337338688933 -5.5209238300424958723 0.9821896542327642754 0.0021186436784379428927 -0.18788026630579177101 -0.0089333924879833586513 0.99933214520309243678 -0.035432443639209117159 0.18767972084593212423 0.036479787726248796842 0.9815526208363377636
0.99149130139649011006 0.28640450384884114099 -5.9197819474184498745 0.98339580127082826255 -0.0066399950701858632962 -0.18135216709069532093 0.16159067820684619443 -0.42276453189937890365 0.89171666087650713894 -0.082590258261216020763 -0.90621523990351682265 -0.41467190428937156232
-6.6502886501085125559 6.2622761282895922363 7.5110580090939977893 0.91812734352422720185 0.0011212319564543760803 -0.39628389307663025587 0.3846628157230901901 -0.24293237579762960721 0.89051579379002632209 -0.095271712869692798398 -0.97004257825535666893 -0.22347415308856208305
-3.0542837763675132479 -1.2326813537139589272 -0.51774111671173017601 0.97697409686811753637 -0.0049894837113925120248 -0.21329959939209824915 0.21216304983905262538 -0.082937940602705123583 0.97370844624650032539 -0.022548931937150080984 -0.99654222342101850263 -0.079969635535099434231
1.7114668534936261501 6.8467997586554663059 0.65476718487780150024 0.98851849915492617793 0.010137189703024783796 -0.15075945812191829387 -0.10468684442197011275 -0.67352639217983623077 -0.73171228200854609991 -0.10895798012662348542 0.73909365876184784927 -0.66473206793749317622
-3.7492948106512571371 2.5165925902459527208 1.1929630373650670361 -0.94017104352998881467 0.004634498283676498874 0.34067129367393883532 -0.3297272735482238426 0.23937559605018149389 -0.91322464328006658363 -0.085780732022326708353 -0.97091598268920042969 -0.22352588345074425602
-5.2793324730176074411 -7.1470133959615935737 -5.9386802814655563765 -0.77655543403917492995 0.0061865177430915144208 0.63001855914131144054 -0.58669220701237823068 -0.37162939033366115815 -0.71950250206053789626 0.22968219803738698648 -0.92836055670111672367 0.29222040426063405905
-1.032549538698838365 -6.1289285815686822545 -1.4696240489052527778 -0.93935450187112545795 0.0012274436574803470126 -0.3429454959559313787 0.13740373976746386719 0.91757010503155700398 -0.37307548116983857422 0.31421860561130232625 -0.39757212645541994966 -0.8620922642927378865
2.5567891503404123199 -6.0462309356672125915 6.5664644976193526915 -0.83377913592144003996 0.014170243779365940609 0.55191625876877858925 0.34970085452030363893 0.78712160430919286824 0.50808354861917248702 -0.42722554330229178809 0.61663504945863656381 -0.66124091746446622686
-3.7221178362208338086 -2.394469390206290349 -5.8838477925650840561 0.72392917741335183202 -0.0015984380358293436009 -0.68987244551828130756 0.10058581594476305454 -0.9890664103225744741 0.1078430786009149378 -0.68250204374801914931 -0.14746213401158358991 -0.71585325263797516815
-3.5048060415733250927 -4.37678106637255393 -0.44190982104553472309 0.99718027537383546743 -0.0056922692388612933928 0.074827110569355884118 0.011842935016231693687 0.99656083456208133242 -0.082013705604373488001 -0.074102923663266775933 0.082668622146893702696 0.99381822061016622527
5.7324288341464830765 5.8170777218437139666 -3.7636123289913832046 0.66684630563806723824 -0.0053050207510110638023 0.74517639617176922862 -0.29495556851528897946 0.91643024549110363441 0.27047517030392570492 -0.68433706406900074448 -0.40015929566106617221 0.60955337816924104466
-1.812059868055731382 -6.3947009264405378914 4.820016254793781485 -0.93574521501786334099 0.0032729648673361973893 -0.35266156619632188507 -0.27111230122565899148 -0.6462246297657997518 0.7133665593565643448 -0.22556376636154062965 0.76314023323700141965 0.60558894616703873304
6.8722109620708344835 -4.2791596100706703609 5.725601634803342499 0.70395977771028517278 0.006118565978764910554 0.7102134851693837625 0.10106225603724769413 0.98892489950733897253 -0.10869205830715886196 -0.70301283898007516093 0.14829061428408357726 0.69554499634785416085
-5.002357423415756621 4.1670432368291150382 4.9422806632309850272 -0.89871157720999939045 -0.010042873731953595728 0.43842518366981936273 -0.20353408194224753558 -0.87598940690685367372 -0.43728301644912331847 0.38844739473532424734 -0.48222577665875382413 0.78521775441544516827
-5.1839166210559479708 6.619910700878753218 -6.740638807771526686 0.99720548197863678741 0.0020495868360149663984 0.074679487850164830154 0.027584458343782744527 -0.93908884456559138521 -0.34256567205481430749 0.06942855586595039763 0.34366835933251438373 -0.93652108060857774952
5.6509541247514514239 -1.2956049588916522808 6.8800946033637737642 0.88307781303593735345 0.0028704612789404518325 0.46921779226241516758 -0.37377249999064582342 -0.6002298447500959977 0.70711968698524862997 0.2836682822847506058 -0.79982241399157971706 -0.52897675913254094127
-2.0824209763493541914 -6.7292593141991208228 -3.882002008770541579 -0.97595521517058225758 0.0050232432877313874797 0.21791325110752821081 -0.18537202734762078804 0.50679992118530137191 -0.84189729264543722298 -0.11466747341075952948 -0.8620490745390062548 -0.4936828573367822437
-2.3927385574832120696 0.3729062846602813619 3.1109711641414801164 -0.99473606046043649975 0.0014224730602807166696 -0.10246046354523738464 -0.099634123944578809051 -0.24705048714487171102 0.96386674294076812863 -0.023941832956423089729 0.96900156520603974997 0.24589175517441536067
-3.6710696083183842475 -3.9141914508653723459 -1.901364349400235465 0.86795202751057920487 0.012209117846580234967 -0.49649795103462013302 0.091484315471751509463 0.97866075544170261225 0.18399387430254249276 0.48814946272925135995 -0.20511963143385875119 0.84831364414201537727
-6.4899533755493301612 0.5610308278944999838 -2.3222100969319368069 0.99906003025104084259 -0.0091961795298361667661 -0.042361376711601887723 0.042372361593708406102 0.4133515361070336791 0.90958512002500357951 0.0091454320738884355146 -0.91052508909970863993 0.41335266201162196298
7.3160264891885162797 -4.4622833990709400709 -5.1003969375850841672 0.99358028515582808016 0.0034068479825829878042 0.11307789499455489501 -0.028860934279367530392 -0.95883885374311794703 0.28248026307168599969 0.10938584653461307095 -0.28393035402958749502 -0.95258505690497896623
-6.0451895618834292634 6.2906236799579042795 4.889730934108954763 -0.97359097717197073951 0.0042012272907631350097 -0.22826072561572752218 -0.0031661184880886154153 -0.99998297897005650192 -0.0049007615565269703473 -0.22827742959626257102 -0.0040486367292355517067 0.97358770723420373638
4.2585971889932414669 -3.6815278603931105295 -6.1875777129693547707 0.91475591358340246906 -0.0029028578998848020981 -0.40399652471298252987 0.38264996525471584032 -0.31459566468803618067 0.8686820890578859089 -0.12961721588840691144 -0.94922133413418463554 -0.2866674661864878626
-7.3244301341610507095 5.0994079301103178992 -6.3599178451085167652 0.96319357669052518833 -0.015528492444299398997 0.26835983258406770346 -0.2380110210998396536 0.41473201490152589166 0.8782642595773518801 -0.12493553400514079144 -0.90981109123724468457 0.39577126045831778622
2.7352499647354755474 -4.5822446210811031975 -5.7767186503749163862 0.28375865681023937359 -0.0037338303381833741479 -0.95888846233361046956 -0.95600994090307478412 0.076421558983977372348 -0.28320441065943513514 0.074337188403723677976 0.99706860537955366297 0.018115700007702625202
-1.5196322210064892033 6.9957964475969030005 -2.1488586952129877794 0.94136060248312347642 -0.013052352797917466179 -0.33714959910834391144 0.11453411118487857867 0.95227871853123291501 0.28292610273265156318 0.31736753688362440151 -0.30495061619692809263 0.89793260783514849965
-2.3240162639035850667 5.906525554261031985 -5.7771956143208091916 0.60664539996925381793 0.012874050537582488671 0.79486830199657598772 0.022870907363977947824 -0.99973762889075712401 -0.0012629236620686021958 0.79464349257543642757 0.018945506131712849807 -0.60678067495993615044
-2.1795573018222298423 -4.4946034157740202275 -4.8909677684654750962 0.87228064692847173678 0.0037833205348812674884 -0.48899096052957413683 -0.41375799949906527653 -0.52726443665922473336 -0.74215667596875933842 -0.26063535992739922387 0.84969282703824722258 -0.45835718477550069228
-6.6818063592351668589 2.5530770215704552406 -1.6946085132614554514 -0.99989479038683015677 0.0052077576534341248754 -0.013538368348617950757 0.013969558048739243519 0.094372544194583740662 -0.99543893552047368889 -0.0039063544696223469893 -0.99552333079756893941 -0.094435365368525245322
1.456574932452005644 -0.89568269394957977791 0.43971753005123503932 0.55799238500329706447 0.0049895656028547431815 -0.82983106866007794178 -0.47478263607714210615 0.82206527788013528113 -0.31430896802910124332 0.68060704283603434828 0.56937139297562844309 0.4610751241426038205
-1.961251399627856884 5.3953862277322013341 1.0090266184312715048 -0.99998579588554692421 0.0016595895667753947887 0.0050649570389432957765 -0.0043164398778158790532 0.30531097509643484456 -0.95224291902454116787 -0.0031267193857742381011 -0.95225125583959668862 -0.30529947490572967306
-5.3872090357058466381 5.5019458248385406662 -6.6276782257644981655 -0.84272004164786240565 0.0082751755865262434375 -0.53828844765035377407 -0.45622794192215110343 -0.54178572034308025707 0.70592088667343388941 -0.28579537507521257655 0.84047590964964724591 0.46034905113872942595
2.6860015829504777507 0.36429632642242609775 6.9880122969064126792 -0.99979095243381077562 0.0055963910719650329303 -0.019665498682900128813 -0.010816684806881813122 0.67142617727351661117 0.74099250185250042922 0.017350814426550450337 0.7410503146742120073 -0.67122528286709770562
-4.0752109536145919577 -1.9912420891056004102 1.780555589674193584 0.99219426841607494261 -0.014726779519741467483 -0.12382913908798681701 -0.078220170652120210586 -0.84686007935077234343 -0.52603194855951285192 -0.097119198027241435134 0.53161182075570811989 -0.84140164808934758689
-2.0388153691426680325 2.4382938108065466132 -2.3740830261261156586 0.85309124158304783236 0.010814910977619326266 0.52164966331316708903 0.25919039266358273599 0.85891746318215955736 -0.44167989742743102299 -0.45283073425405767631 0.51199983314566310799 0.72993184406051814239
5.0061840290325143599 5.0745912785823410474 -3.0436431381551476427 0.99809920183914901948 0.0042839524443214135885 -0.061478703952204213912 0.040201314093286776019 -0.80136538213621999471 0.59682273637895655316 -0.046710144865558092531 -0.59815982150684376961 -0.80001436880948628705
-1.8913565231730844474 -5.4929504310886736462 -6.8612026226321018996 0.97352337729842630676 0.003662063084233061188 -0.22855813953436365793 0.13664269721507502076 0.79224193649987062482 0.59471126384890160566 0.18325121323266832518 -0.61019611875605361817 0.77076565148166564789
-4.0358014847015217796 5.2393368465362550879 -3.2295769803913194629 0.88967273745918684646 -0.012225132579426790935 0.4564350625831641306 -0.35979814031385437545 -0.63422960974302911019 0.68432309646230360389 0.28111869103375003442 -0.77304808922777534796 -0.56865537304496116544
0.14486592064993278339 -7.3414441083079227113 -7.4076333263853477717 0.98688762800827900534 -0.00089283565467188563073 0.16140635839022332565 0.090277898165329023561 0.83199780633620901149 -0.54738428124545412956 -0.13380101190626408902 0.55477820171331793109 0.82116894492944647599
-2.7349550381158649337 6.1139978330320374766 -2.5263064943287769637 -0.55342334222266675869 -0.0073169655569642645665 -0.83286797651139754528 0.12329928944416083947 -0.98966351348300529711 -0.073235341899272457522 -0.82372318742741224007 -0.14322217738729159375 0.54860506596160363291
2.7644472196410614373 2.2280663442711743372 0.7142920926865066189 0.9999366547800574434 -0.00025728866017290293738 -0.011252565469232651829 0.0058183063112256976426 0.86761984083826215741 0.49719408594171932148 0.0096350266611486892754 -0.49722806194573820893 0.86756637825290405797
4.5797305859315402543 -2.3724761529432289997 -0.93808588062418607478 0.76047829634771912932 0.0084923502355607922987 -0.64930781665674264236 -0.0050685535489789837471 0.99996164849046886847 0.0071422204603941701756 0.64934356895949874033 -0.0021404522094084672823 0.7604921747890381889
-0.98885155003650859751 -3.1813329799397700448 0.41868705364494618326 0.7224800961734098026 -0.00024639551829926543275 -0.69139167620274666337 0.074771755625716182503 -0.9941070344674547421 0.078488142946017011581 -0.68733666801199921892 -0.10840269051877254869 -0.71820412244319442596
5.2591004985769584934 0.41120096468386524435 4.6466479805505027656 0.99886688668446421691 0.0047334711236220287922 -0.047355431963973293463 -0.0019724464060341439023 0.99830404620811130645 0.058181962666723485711 0.047550521979770998815 -0.058022629858497244693 0.99718219111843953151
0.064709804925955544119 3.5812849256523926478 3.0169662404500385833 0.99047117315607080545 0.0015167962282804526436 0.13771185307067707049 0.11120723810945529197 -0.59865856329816702353 -0.79324704523987288329 0.081239185982129036301 0.80100288633621885559 -0.59312272822921874305
-5.993236571974414062 -6.48811705262652616 1.7302317075050721584 0.99698137911203055239 -0.0058535851670132735616 0.077420057120769616987 -0.016470052485616362009 -0.99040484735648426362 0.1372114270174115136 0.075874021081044809578 -0.13807235014191121536 -0.98751159945148414554
3.0899713095695791054 -5.9527582268412482236 5.0134325110228115108 0.98604815745633866975 0.0098941034913000783235 0.16616599499665385409 -0.043445616136728579249 -0.94833616366162931666 0.31427853749521289517 0.16069072660123320806 -0.31711295685877716188 -0.93467527140538397834
3.306140377002690478 0.22095367814139310614 -5.6280678772265879672 0.99263451972371530285 0.0031728759964138532508 -0.1211059169103203409 0.027955869957179028257 0.9666780634991791743 0.25446412494591547082 0.11787781635111982403 -0.25597549571680572322 0.95946931478012065231
4.1780440284567941234 1.4032557904409963534 -2.3662919124031418505 -0.97641799001251705636 -0.0024101367974691269812 0.21587519547296840638 0.18197537339925648481 0.52882797233046874297 0.82899091620898479604 -0.11615882341032375547 0.84872561344724750665 -0.51591856026168436689
-4.8444218936353413696 5.698594025022568843 -4.8313507343881783029 0.84079201875967946034 -0.010248652209897278834 0.54126125514203327072 -0.4142969836427618513 -0.6557497039520694404 0.63115000999069204024 0.34846347087550150201 -0.75490879640829822161 -0.55559510308389692401
-5.7792009756098536855 -4.3492545869539487313 6.6424568391004399359 0.95620427884602432478 0.0090218083537268022737 -0.29256107753870624899 0.29241959433415182223 -0.073196922000753422699 0.95348465717033503708 -0.012812414527830134903 -0.99727670061212225772 -0.072629363554454998142
