1125 14.717824617146108679 14.977075390850430381 15.033177056927090831
1.7227492287698500384 4.6636807090160292688 -7.253990913111224792 0.98858079158094946948 -0.0042267852703314692797 0.15063250911877548721 -0.14152698099726457315 0.31724302992224584496 0.93772435908192308673 -0.051750673106223853137 -0.94833485344150947327 0.31302216148549916186
5.019171272378629034 -6.2080131891088621288 -6.9102184026749169377 -0.95258505170163332298 -0.0047208933130369864009 -0.30423581715648201351 0.24591345556242907855 -0.60078008105198277278 -0.76065094924311904556 -0.17918786691035573644 -0.79940040491459796179 0.57345505575823840783
1.5846400288772959364 7.1655026839474063038 -5.7896772918040557698 0.97584351868487728687 0.0010407263985353085514 0.21846817601018017618 0.21706781316206430477 -0.11775964713562708797 -0.96902746606871248414 0.024718242852496477568 0.99304158140287890344 -0.11514089662335595665
1.0266512027256420314 3.7354488725311107977 -6.0983712422124298769 -0.93682544617453988867 -0.005657731750367945775 0.34975144527407286965 -0.21272649414340225049 -0.78450926222206152083 -0.582488331365674461 0.27767881101964370094 -0.6200912896979641209 0.73374469016913212993
-2.7757548910625327032 -0.97686506631023128921 -7.0175660176713092753 -0.51571268060538766331 0.01103809792839037171 0.85669048754901400144 -0.081844078558016314373 0.99470949775825423522 -0.062085117979474191419 -0.85284346621625739537 -0.10213312618172153134 -0.51208089855856442352
-2.0400058805972873799 -3.0123207704983316901 -0.55646854756285613064 -0.066453345404720920442 -0.0046158680181906134796 -0.99777885658443099537 -0.98928104213449341575 -0.13000867907300958648 0.066488818901451446353 -0.13002681476428701313 0.99150211150967126894 0.0040731209326104788129
-3.9574225358142318676 2.1416922797063575601 -1.6927639740020334891 0.99004465664640806111 0.0032309603862098520283 -0.14071651907584856178 -0.11991555889066495 -0.50411744939795721798 -0.85526946394009328856 -0.073700994442185266409 0.86362906279698881118 -0.49871134467819633329
7.1490655697708493932 7.0421661383926270616 4.3901859673293737174 -0.95947146360005164389 -0.0011424005745515469767 -0.28180348730670162771 0.22620698576780931544 -0.59949328261264966944 -0.76774878944364588484 -0.16806222099897133448 -0.80037897212703024152 0.57545511627715428826
3.9667646926713762134 4.6571805833589436929 5.1540287648543774424 0.90859818216243448674 -8.3691976496577061978e-05 0.41767132576569548918 -0.29920575730431614447 0.69759373334843743919 0.65102910686774662086 -0.29141938536615369371 -0.71649352836482227413 0.63380735688699418873
3.114709999670381535 -7.4531629168851925016 -1.2383183798749259896 -0.94860113505438481418 0.015162158293455161445 -0.31611073301835712623 0.10458183368350856823 -0.927717994431613735 -0.35833219625270879005 -0.29869470473537829136 -0.37297376819792826819 0.87844865621126932975
0.8174449604492036725 -6.0440157462873900229 -6.369288984728640024 -0.99059854926040269429 0.0091127522516887757287 -0.13649714996868669847 -0.038698846486269908307 0.93835699423727025881 0.34349461516404294903 0.13121323669433546111 0.34554754971272694242 -0.92918242417930829724
1.8814952439347643054 -0.75119784687895629904 1.3455465099124612749 0.96049254327491906391 0.0014125263780574485138 -0.27830213632399841694 -0.26205177637312943029 -0.33214787573010817745 -0.90609417565036409759 -0.093717345315318834054 0.94322626840917778157 -0.31865540285683369159
-5.3862348424255319657 -6.1327784127569247019 1.6042680424500461722 -0.95735298818003078392 -0.012417064862360320532 0.28865389746727920794 0.22831482076091122457 -0.64475392209974702329 0.72949621147615362204 0.17705253074668753088 0.76428934078481580716 0.62009209390135011652
6.7823664452705969552 -4.971293096850912363 6.0200189014429996703 0.97649583965900055293 -0.0047433981229269388258 -0.21548404883662836129 0.21336718673413693215 -0.12020458234106727591 0.96954901991054276422 -0.03050112709274999459 -0.99273780957441559725 -0.11636718905100507104
-0.92011881716337518 -1.5877220529882063449 -3.1030240577479983877 0.99503745748583372066 0.012315719945105279773 -0.098735916678824170445 0.024464747836144207921 -0.99213013291178531183 0.1227977014513783327 -0.096446536036825319949 -0.12460386194117800684 -0.98750794593044821656
5.3620425663288235896 3.6923040028789673173 5.0607495929885750741 0.99702618234116491269 0.0057367143215437312737 -0.076849735426045256981 0.074123806503672770574 -0.34419676329379711444 0.93596701301242823945 -0.021082054825651820595 -0.93888001269952869876 -0.34359841198332363721
-1.6019910093507809812 0.66367225254079054153 2.43045048483757542 -0.99878055449778024855 0.012074842007250719683 0.047870681503507220289 0.042404644916726574877 -0.28675112972230709651 0.95706616056180993102 0.02528339468096724163 0.95792900978809125689 0.28588942295919195224
5.6404187055768222336 -1.054130323181398099 3.1089550521462401278 -0.95876167855423244379 -0.0081409557692300234949 0.28409464721307858825 0.18359957073607760525 0.74528601355495138758 0.64096798330728665949 -0.21694985909536204649 0.66669519485190265051 -0.71305699337434247376
3.7755460443412141025 -4.7950247307756059811 1.9793909402002036746 -0.96492218113487349118 -0.0064378798564446145306 -0.26245711660526910292 0.2620541218259464511 -0.084164561313293514977 -0.96137607826128634869 -0.015900364393928813345 -0.99643107153578047708 0.082899325028895576306
-6.4103967059224666869 3.3312111290395582941 -6.9414229886588998397 0.99951306754497026841 0.011640251556856787141 -0.028950515545522075012 0.031018780928899751526 -0.47133890649588305877 0.88140652961772025797 -0.0033857106111775392421 -0.88187535387209570192 -0.47147046269821257791
-6.9484631336949140845 6.229839960433803725 6.0595071460912519612 0.76590865387965079147 0.0059783439926373738854 0.64292160744168869169 0.58712084105643447263 -0.41406894625364931706 -0.69558322704437458572 0.26205543671028574959 0.91022588798136594423 -0.32064899959157566744
5.3395525181776282153 -2.8635797017116768615 2.4196497643777612474 -0.89819778957138596276 0.0022326141654005508472 -0.43958588039510598788 0.10277406329693704323 -0.9712069830406935278 -0.21492903016227024593 -0.42740873028312764692 -0.23822680690270817139 0.87210651055396071207
7.3366039052061378101 -2.4754879180917952475 5.0316071035993399363 -0.96034086107445670866 -0.010098107092373655863 0.27864575859675511094 0.053301630898396686054 0.97426583736715832718 0.2190091648374245803 -0.27368662132880317017 0.2251757233192875074 -0.93508904759562549991
-5.964951204693644371 1.7397011602963918797 3.8582950024724960159 -0.99993951412640125209 0.0064268919430749979829 -0.0089254214883001496694 0.01094225335809472649 0.66331559996402655877 -0.74825976902129909263 0.0011113866286013036194 -0.74831217409870964818 -0.66334580342042004375
3.9479332565921954057 -3.3251088763635197054 -0.73707400795454358633 0.99756454713832043435 0.0046085461484070668406 0.069596951047259575374 0.015029078057707758245 0.96017377488140231989 -0.2789990122611404888 -0.068110947030625423881 0.27936550132812959513 0.95776605471395637181
2.4663799039835230253 6.8013094430874616592 4.8286805576768783155 0.97886835758802925866 0.011056385758165457669 -0.20419229869605498573 -0.097139942228661596557 0.90382257822091460753 -0.41673562209370351717 0.17994602006330681632 0.4277645420461927972 0.88579733936794591287
-5.9684360443528499118 5.7068122814181121427 3.3728109557507539584 0.13792485606288845679 0.0078751005520190566628 0.99041138769275316456 0.87093027787784071947 -0.47715417756511740999 -0.11749188017824030439 0.47165367077515946148 0.87878431575870763481 -0.072670084772546397756
5.9951778851720547436 -0.33747368890945828035 -2.2313000499569008994 -0.46890796051653721443 0.0032031419911997868061 0.88324122664507564995 0.85501976661928713597 0.25243466242840362224 0.45300986732620890374 -0.2215096459625520986 0.96760864045652716925 -0.12110737244077715569
-1.660599113941783056 5.7054765805561968861 1.434679856575459489 0.96051029872605542259 0.0058124997371461571 -0.27818371787035195419 0.19089749253279919561 0.71360272941063240815 0.67403953290763873873 0.20243051495771882675 -0.70052648731118083436 0.68431317917270173545
2.5274182884476728006 -6.4124813598972414397 -1.4149983972105235619 0.98350684558484890996 -0.0082660593437920530657 0.18068192203589872324 0.16705095354857049661 0.4244891837747572505 -0.88988926939065859933 -0.069341644097650659284 0.90539527562341526323 0.41886887121470517403
-6.5614499637877843341 2.7814828376326765635 4.3217575788347266652 -0.86390916858051458593 0.0074516033525783946512 -0.50359251587957420959 0.21265870135075121139 0.91178316244206281116 -0.35132284501144522837 0.45654925822103542554 -0.41060435737412109836 -0.78928248208298534827
1.0881586886765426403 -5.9843901352797219673 -2.687195654371079101 0.99997646579480625739 0.0066214126246138295395 0.0017957593345148629288 0.0063119944357417079317 -0.99050082615153722809 0.13736182919360581667 0.0026882304544059466844 -0.13734726166915442458 -0.99051930982140623527
-5.4685170417852946301 6.4504891975434999196 5.7812928439324142715 -0.08138327459464676783 -0.0023397360082964193534 0.99668013336865213248 0.58184832249240558966 0.81179466156102086938 0.049416162070421272567 -0.80921523232641279222 0.58393831274926788488 -0.06470513638484744201
0.0087509784495163004531 3.9999350993228235396 -4.7627714293719911609 0.96017409609079851229 0.0040327555181324855477 0.27937330237382407283 0.061728958418216933746 -0.97824942522365709863 -0.1980343347559303524 0.27249814841378161567 0.20739286133460696493 -0.93953869541309631419
-0.82459666757279603821 -4.4802652100751023667 -2.9773202393381255071 0.98057831325260536026 -0.0041882278871996775349 -0.19608322295870364571 -0.016619227259698519938 -0.99795053776296349657 -0.061794218693037458734 -0.19542254952791804357 0.063852822378973869699 -0.97863826014022414768
2.8837641518978709421 3.3350452418177529701 -3.492604334614440198 -0.6996254146509408578 -0.0030243490020236173457 0.71450341670802330896 -0.57131039757304369342 -0.59818145234413444555 -0.56194606475737363116 0.42910221253140801156 -0.8013549796341217224 0.41677510460201860898
-6.6863347882884287543 -6.7486686266054425332 7.1822860507142252118 0.96042060694137310062 0.0056095285325774863622 -0.27849738051187999943 0.20425259114400923233 0.66562778585345672155 0.71778863860515440543 0.18940205060473316867 -0.7462628115412303087 0.63813688134853829848
3.4784433133885852563 6.7847386449020214982 -6.3717004480397303467 0.98040071625876756833 0.0010967983457651313273 0.1970107423279719161 -0.17366771169144412656 -0.46736498898866907226 0.86683879296180954555 0.093026670772947919752 -0.88406377829939941648 -0.45801449149992801146
2.52699452201927377 4.768459603975207628 -5.9724660920475365344 -0.93709538438648287695 -0.0004059686478648642273 -0.34907316675875621481 -0.29963038547376474874 0.51398423293780670651 0.8037672799960993153 0.17909179953982184985 0.85779953571954137281 -0.48177389287588473499
-3.8876252357078979749 4.6851175958321356063 1.3255956254543286299 -0.6316729800310194598 -0.0056085649796992816801 -0.77521467368579555224 -0.68878114240499499488 0.46296267737859231328 0.55789434234597434781 0.35576647420185125714 0.88636003032255783474 -0.29630408785691009221
5.8109473889971310356 -3.534942119585621878 5.3196881345642932359 -0.99907301615988952648 0.0046118857207857804834 0.042799987048805637757 -0.042835962048358294796 -0.008006523085782264737 -0.99905003675657144679 -0.0042648255145193558063 -0.99995731213787741876 0.008196655729991413411
-3.8771190426275712326 -6.5336866369196746618 -1.8687565810070854155 0.9866885033289275464 0.010948208246485218592 0.162252686062995366 -0.15832576168615578038 -0.1631405200044885595 0.97381626805017662551 0.037131530872831511325 -0.98654209614643939563 -0.15923549210582815805
6.5152033637732760241 -7.1796897129279004801 -3.8923691537274378582 0.90993748369921301222 -0.0016583423953036020675 0.4147421194667047506 -0.21130039549851870051 -0.86233511402890294928 0.46014160209093862841 0.35688362055631039915 -0.5063352654252031293 -0.78502145216901908498
-2.8810967194421439608 0.58845730077212088371 -4.9936368274830575942 -0.90499043781948218523 0.012257798316749569587 0.42525528078529906129 -0.21463115499161292132 0.84989724253355647399 -0.48125683833152455016 -0.36732243977506218169 -0.52680586890643676945 -0.76651797221159589935
-6.26356555002708415 -4.0015389288769700471 -2.0515587825748546891 0.58762416773947478976 0.0027747032826746101733 -0.80912924709852729332 0.69837388707748215833 -0.50674753003855832478 0.50545113972374755562 -0.40862177051258846694 -0.86209004275738354561 -0.29971487590998691086
1.5873872757972475878 3.1609184854955034716 -1.6166948618359360257 0.78690602117406904803 -0.0056921902032877474964 0.61704660505576447438 -0.16672507872899786086 0.96080565638342119161 0.22148417276310378154 -0.59412259842804215904 -0.27716437294937962266 0.75511472532640644406
3.5610948061879392768 -5.2925429560656631622 -1.14600802676458291 -0.6645769744365238596 0.010961017554514902728 0.74713941211998691205 0.71566022579383548052 -0.27818754301962905773 0.64065757790366428814 0.21486713630864823221 0.9604642351502816755 0.17703267136789585523
-7.0963376870995560353 -0.43473081377185973651 -1.0651288479649529961 -0.88588084450029147554 -0.0088011715783280885378 0.46382935302365851937 -0.40848130801369958442 -0.45913821022711509556 -0.78888219964250017036 0.21990486659228056232 -0.88832125004879014529 0.40314663133994727007
-3.9414325889890751142 2.6134001608299981534 3.7075889181204351175 -0.96372709200127115725 -0.0092206550405596419268 0.26673033510143900893 0.25249889452751272945 -0.35524062967704911342 0.90002689031442217882 0.086454614712623972794 0.93472941247571350587 0.34468322420395919314
6.7297851396651147127 0.13113928080023978806 4.849188752333820851 -0.97451269333165768671 0.0064714675264381724129 0.22423900339497382372 -0.21459009802956391377 0.26448272265574479523 -0.94021273084570944345 -0.065391898299121828386 -0.96436871036166571525 -0.25635305754396453537
-4.4637232463292368934 -0.46945948771961742985 -3.8302359052927488214 -0.96361166720487856363 -0.015333298742980935869 0.26686596781167049031 0.24796698256584367992 0.32155551955261124641 0.91384595168027882295 -0.099824497912738563432 0.94676656985497742447 -0.30605249847299770272
-4.428381240185374601 6.3243212530770627211 3.3259560952531530553 -0.94774205004174061351 -0.0093188648736303517084 0.31890149786470345372 0.22477462075182541579 -0.72886562069282478937 0.6467080305965416942 0.22640975343117103469 0.68459335793562581252 0.69287124187811421905
-0.51898021237915470394 0.38364193857489636841 -5.4317234000506866565 -0.71817841326848841366 0.0023113491006425891834 0.69585517486079373484 0.56347487954909036834 -0.58483410238784017121 0.58349390125474576152 0.40830849468552349313 0.81114963499319703288 0.41871284052209756243
0.26254780413370482073 -3.5382031994770417604 -1.0001849964830027417 -0.99388282748450518245 0.00055374600829921269678 0.1104383022169544426 0.095789850466810419483 0.50201496314818483402 0.85953783007093265134 -0.054965714575313087686 0.86485875733603212456 -0.49899709426052807348
6.8942907505733161955 -2.5891669149818188345 -3.5165840884980950065 -0.99994486577015651019 -0.010345178754725325651 0.0018007488279436611317 -0.0072240969867802765775 0.55327554190653849275 -0.83296697842764577668 0.0076208820050358170792 -0.83293406221900401221 -0.55331977206023352789
-0.37800791951335449559 -3.9525942065434622741 -6.1710140365863663803 -0.99988468255766149717 -0.011191276204949906006 0.010265326266964653473 -0.013050580712818112689 0.97888418156393786074 -0.20399863094374728889 -0.0077655604770063800524 -0.20410907481237344774 -0.97891735179724925775
-3.7648121595285637397 5.1512405701020123061 7.3638207417540701982 0.99884595688406252467 0.00075496675566885966188 -0.048022749207783037295 0.032296112139805377428 0.72950793779141143158 0.6832094333656286711 0.035548777151027895205 -0.68397192831607989127 0.72864167168689353282
-3.8962820946625860152 -6.887230109215573215 4.7201804852207809304 -0.97813429359424386433 0.0041186296798872423786 -0.20793350039030522591 0.061144282490244117323 -0.94992328778472401307 -0.30644269291845027681 -0.19878299830155651828 -0.31245605165189860308 0.92890071340925972621
-1.5344029553044600256 5.4654742729433936077 4.5863866814911249392 0.71117541960216068553 0.016195040249519912501 0.7028280324695185266 -0.52854702250355023452 0.67149998473321759196 0.51935134110345937408 -0.46353809720055483279 -0.74082757182411140828 0.48611412370876050382
3.2494259269744572016 1.1651327041627108638 -0.57817822762286030791 0.84375613315875608311 0.0037272060002504232151 -0.53671379308931999041 0.33237575329223212339 0.78153513751990877356 0.52794809161984235235 0.42142845938585854482 -0.62385009157411697167 0.65818623265951858858
-1.0394579810915527407 4.9603904014026136693 7.2980551568243861027 0.98742429177553425745 0.0025303260670950372679 0.15807234249407553506 -0.15687494432643261932 -0.10817643274367701178 0.98167617432702380942 0.019583662939754924864 -0.99412849111612855424 -0.10641909272781749363
-3.4672319502852539941 -0.036959899146970350003 -7.5037983684928999395 -0.98011866173701767124 -0.0013881459308265034665 0.19840736368800687695 -0.085401872348557270054 -0.89965204029233958316 -0.42817371077304972049 0.17909195714526399135 -0.43660540474062020655 0.88164720349876291028
-1.7917878957268416062 -2.098598356705933643 0.21046103575208083281 0.90058769111848291367 0.0024225925153378022672 -0.43466762204181030871 0.20927952810091476898 0.8740363283876575462 0.43847756587613967438 0.38097754490760171731 -0.4858545334812870431 0.78663935991782407697
-4.6584580075053096948 0.069699413048809499838 -6.1525007351857148308 0.89395874103689665358 -0.0041055267293133154358 -0.44813046534922601483 0.35789650975528863874 0.60836387053381724144 0.70838089283527250206 0.26971810771384524541 -0.79364762059699445196 0.54532155348186261978
-2.8059065681463857267 4.119805017970672445 5.4839716601210737323 -0.99935091162123335096 0.0091772859265013481678 0.034835798610398809039 0.020202483216711451114 -0.6578615548103746713 0.7528678731187301576 0.029826416373464940957 0.75308296496833782019 0.65724914055536320934
-4.4639470576305102512 1.042882304359350476 -7.0778294039540616822 0.081703759298423453417 0.015344321818168894789 -0.996538532874938765 0.56180402627230918711 -0.82659852885000184575 0.033333289179058804563 -0.82322580850031734645 -0.56258281514023322778 -0.076156709015471835134
6.341362947906560521 -1.7908740868125831991 3.5469094906295688396 0.93589748844761766478 0.0028661302206828285014 -0.35226080737872217385 0.34429666925299534652 -0.21902289929413942815 0.91295606308628307612 -0.074536532377214428924 -0.97571550919430904969 -0.2059697804505130625
2.5140906305176868862 4.8950036295732317626 -0.93400948484043833098 -0.57405243309588427358 0.0070376275405813351962 -0.81878829733664848511 -0.56140137181594873539 0.72454648500608409556 0.39982607567361855283 0.59606400980091034381 0.68919000490715054408 -0.41197673885316510312
-4.6710580751815324874 4.3329356359138184729 -2.0365095208014878381 0.84517699340654850459 -0.00087720192132039603861 -0.53448580929061295652 0.4384954387153097155 0.57292003045657091675 0.69244811280519003027 0.30561020932246063531 -0.81961080350259640781 0.48460347784501051072
-1.0057427475120033211 -1.2558463784260927021 5.5367889000847423375 0.93142041879237658097 0.014353170638484539709 -0.36366191710040018936 0.059912152137396396112 -0.99163688464149712942 0.11431020533956189056 -0.35897985665323844939 -0.12825862743351162942 -0.92449077172573379535
-3.6856366286559181233 1.8634145697208108761 -3.1515697462954554986 -0.80500508318726982093 0.0078431179872102650685 -0.59321606649084057672 0.068625881798372673215 0.99443143122273303103 -0.07997885310370836387 0.58928541844336546074 -0.10509335895585579512 -0.80106059790334049886
6.368421896554079531 -7.1761717638462654278 -2.6613840101922394688 0.82369742330982298473 -0.00078956218802995678518 0.56702903931308701324 -0.53024030119831089269 -0.35540528108285690534 0.76976120268796777157 0.20091734075979711394 -0.93471196781151100197 -0.29316507195102375904
1.3414012703998834386 6.4071150712963707008 6.3174022852020543795 -0.82822098708743385753 -0.0037780448339180330852 -0.56038890328509405325 -0.53568930018775717805 0.29901505817872603421 0.78970055631657876116 0.16458119641136392808 0.95424091368985353157 -0.24967440483193842349
-2.4583360977258954527 7.1010553065705108722 3.2138365267705593098 0.91879067575407891155 -0.00046877995809784227949 0.39474482186937653871 0.047274104159474916731 -0.99267167583881044113 -0.11121197356066175876 0.39190413779805860495 0.12084173216513975635 -0.91203531869327758574
-0.88686054782388590301 -3.162727009302517267 5.4479987438920272069 0.65161765737793320152 -0.0015808553062584198168 -0.75854593103507927943 0.44344508837243973298 0.81211552288575739045 0.37924244367751613893 0.61542739798598267154 -0.58349454014973101135 0.52988983706402448259
-2.7706301719781913917 1.7052627664733386315 6.117685155041518108 -0.85315910256509419618 -0.0088556620695712587321 0.52157561576406952231 -0.39971160833270469315 -0.63135969477028275332 -0.66454162095635904706 0.33518677759486281698 -0.7754395611965334556 0.53511055965733511641
-1.0639703766022670095 -3.1746901284046926683 3.9301354745601333462 0.96829518951620452416 -0.0030457683678300701349 -0.24979021048644181602 -0.22327303919932670051 0.43792891419168256117 -0.87084293422047287514 0.11204274151650110702 0.89900444348730823574 0.42336442300163978913
-5.4196901763508691374 -6.2669229392845391402 -7.3219076066899626554 0.93094618113554605809 0.0085247412546355146729 -0.36505689503935889739 0.010078516153301648323 -0.99994644657572928637 0.0023510620138108028788 -0.36501730279722960359 -0.0058679440170053467213 -0.93098224252223982234
-4.5010955488637911515 -5.029722586629251424 3.2198444011527596054 0.84123768514468610924 -0.0010015119743412822031 -0.54066454855694667803 -0.29412620867160155225 0.8382310348333490424 -0.45919332052486827589 0.45366169164363717714 0.54531433982238908253 0.70485696443961631807
-6.4080701217387767699 -1.3025654097528158726 2.4396792004418634825 -0.99703835876228641411 -0.0039170280031777214569 0.076806041742564987174 -0.061116857238752590742 0.646574692214802349 -0.76039851206362341074 -0.046682340534563535051 -0.76284062836149002518 -0.64489916638434652274
-5.9393467207245782546 -6.0172422240799630089 -1.6741463509167313628 -0.96781153462574487367 0.00017324317766198929491 -0.25167598898595416879 0.16768592285634825734 -0.74526042821531290894 -0.64534357160518851515 -0.18767595669425016225 -0.66677347286992727504 0.72124258828485454664
-2.8541388039950188471 -1.9968897413959731946 -0.88227973698774730948 0.98142097623367774428 -0.012885567968708820305 0.19143361655317886472 -0.19089961084645434841 0.034476415213709227237 0.98100393239408656409 -0.019240737698543498163 -0.99932243992219960127 0.031376027165255768181
-0.5772978809046567239 3.6268888468574407291 4.7975728961049615151 0.98210092131295245732 -0.016424408312226281004 0.18763800033060795691 0.18131293825377156614 -0.18742138507336111863 -0.96540087157561504938 0.051023512014084906885 0.98214228257864732985 -0.18108875722410841536
4.1169785238170018005 1.234699148380465461 3.5698309265418828318 -0.98525699809489486469 0.0030821428181372493085 0.17105305639081561098 0.096641933777603661326 0.83505881107599699842 0.54160605487750146381 -0.1411700546883166707 0.55015205392683008689 -0.82304540167561579533
-2.1557551315100020872 4.2393618294919148681 -2.5973333287557509585 0.98992822091265442186 0.0036703177688813199211 0.14152259963712718327 0.065430965997431339565 -0.89834955143858852278 -0.43438102182137505736 0.12554244751956589177 0.43926599253469905682 -0.88954172565054467903
4.8998453486683617442 3.3274100193553572957 -0.65915169919787441888 0.88238686040933267396 0.0015736433666240908988 -0.47052199972314173726 -0.4646445086765687571 -0.15468479416117736358 -0.87188192721957225029 -0.074154629886774930947 0.98796261978984178942 -0.13576064512400373707
2.1196716859845530223 -5.0291518766864236056 -7.3866387526024848142 -0.9195646389989915459 -0.0074289255966186401939 -0.39286853496720258727 0.19888668547804053133 0.85349059969039309248 -0.48166158511945444953 0.33888782958718366434 -0.52105528238822795828 -0.78336226080460580334
-2.3988784178243620637 3.9070051859766312674 6.5559476849939102294 -0.99263572705437586041 0.015230870799145038857 -0.12017626200634685951 -0.096557006791281943525 0.49959323363347807323 0.86086197810519249352 0.07315092490612039311 0.86612621567666336908 -0.49444344540408158295
5.9677254992950112822 -6.2888775606794133921 3.1988927699626725776 0.93227066823937898565 -0.001055392878173568201 0.3617599857452287182 -0.043299293320933129881 -0.99313260052457486005 0.1086867469986569773 0.35916092819022571447 -0.11698941798779748102 -0.92591409090717213815
0.88760527642487918598 -7.4453561402777017619 -3.0716174690271986769 0.58033883278982445475 0.005459227165255951808 0.81435682350853877409 -0.55056417545623204113 -0.73420247938043625702 0.39727296406326839673 0.60007160227784994699 -0.67890862132563201126 -0.42308055501227564976
4.5683414409009248658 -0.68220065382620609373 7.4783084620657573893 0.92669040767599120123 -0.0038945461711015691431 -0.37580542948648543167 -0.36422204769522265044 -0.25586260021517498453 -0.89547564443932270439 -0.092667083120971383003 0.96670531307183849012 -0.23852389688365685516
-6.950623200957008585 4.8173119664910650783 -5.8144360697994814657 0.99827897185597991303 0.0099720841240345178824 0.057789721303077440373 0.033307609932164881916 0.71465278056864722789 -0.69868591394579226961 -0.048266939727655208681 0.69940829331931764212 0.71309069673188718586
-0.69741293656313885219 0.2935537490912310532 0.62243605609669139245 0.97140541104305655473 0.0059095641587043837989 0.23735333249718998383 0.23738383968764659171 -0.043209969392843869396 -0.97045443540662357229 0.0045210674833563680927 0.99904853515559177701 -0.043377233110074311928
1.4201501593361427478 5.2688225722547183949 0.85509371853718318945 0.75604241063347565888 0.0045531583300677585732 0.65450679299189729043 0.45068957644079410407 -0.72876667143366469226 -0.51553665659690117717 0.47463541693693966916 0.68474696593457173854 -0.55303057205929917473
-0.94484734817125648476 1.6154174963824317057 2.0126230938772944334 -0.70092580739125520672 0.0045462853264693174615 0.71321970235177190034 -0.70580040501498941818 -0.14842062494309468668 -0.69268831834539523751 0.10270735520725024492 -0.98891387359127314038 0.10724061639652972266
-1.5623273850980374799 -7.1479089109547082614 -4.6307606604459783384 -0.76262155684544863377 0.0012670635836063599833 -0.64684368713357986991 0.63644755196636337846 0.18004608628130400194 -0.7500119468455042071 0.11551136147904508822 -0.98365735973691070804 -0.13811344613969173123
-4.5986160230632018298 7.0050058118481599578 -1.5614113193213436936 -0.80008807536323578447 0.017147320096925811744 -0.59963742467845815298 0.22025322632616781138 0.93817448493219657291 -0.26705271411271364057 0.55798529367220717212 -0.34573776946633927309 -0.75439897057854865547
-6.459772494703076795 6.6840937211541557872 3.4192016106946958587 -0.35083625422899344937 -0.0035573359884792164591 -0.93643006577065635021 0.89967189582371454026 0.27616937854905077021 -0.3381138184350687137 0.25981609377296355223 -0.96110239814110776102 -0.093689795090091537721
-5.9719729078565979563 -1.736643380116138724 -4.721143942465952037 0.72302364958747034063 -7.5246720477411838807e-05 -0.69082327441617918939 0.25783021475326206584 0.92777158644534252208 0.26974703658203919021 0.64090590767863542254 -0.37314860005423616807 0.67082019929341307751
-0.39779795607142837133 -5.1589719716987358922 4.1963486366555509122 0.99014664635396421044 0.0080873238280326636973 0.13980062198423912068 -0.029337187170780432144 -0.96419672139307188719 0.26356026237583651817 0.13692679855599479422 -0.26506466691732255558 -0.9544588907800664046
2.3709692391864853889 3.9961684153453576052 -4.9885580902179693652 0.97003709736675081121 -0.0088545881270475895047 0.24279544065163571887 0.076512983997042913198 -0.93735274771288668028 -0.33987584444169394171 0.23059443404394006083 0.34826918127247991075 -0.90858944764059013099
-2.7754451639828370269 -5.8778914689534405014 2.6321718392868334035 -0.99135890330142750759 0.0013817838517953071747 0.13117017770163552637 -0.016399790138489394459 0.99079364858766816315 -0.13438375200075206028 -0.13014826824936015504 -0.13537369239175350843 -0.98220944389668563002
-6.3655701255851466769 -4.1424406951300962731 -7.4951409725555064867 0.99241932176315916792 0.0045822384017417611482 0.12281242967366187702 -0.081717474093695244286 0.77099731061940879329 0.63157374980708536061 -0.091794031499149858488 -0.636821913967259845 0.76552707703406386308
-3.8019274922629988644 3.9232626047434786543 3.5500220147748287047 0.97420258957946936906 0.005217219065206778715 -0.22561492654940160096 0.15267769204445355569 -0.75144854066749644517 0.6418836445031494975 -0.16618915972062919817 -0.65977107496002118658 -0.73285966721977502392
1.4981794814226789825 -7.3995496577509456415 -6.9227737414254182369 0.99889719414140965004 0.004118223767448774518 -0.046770030675833851319 -0.01236279773949471722 0.98406283662015459068 -0.17739079687274517116 0.045294114059780857251 0.17777337769223591768 0.98302851912630817566
5.8045795443694219173 -1.0431776132965386861 -7.0295366970593553546 0.90175467389547336872 -0.004812776848079157628 -0.43222140771441242002 -0.33023995932695016098 -0.65284077467255408056 -0.68171877793469148887 -0.27889079829097918051 0.75747987438885377998 -0.59029159110104134633
-3.1323364583832726815 6.6778559423791215011 6.7014301261247766206 -0.9995982411074115781 -0.0024575868590350027389 -0.028236795884114082589 -0.028230679210110590227 -0.0024889867546747227768 0.99959833618127014176 -0.0025268807462453450434 0.99999388258724475342 0.0024186074359210389846
-5.3011446102775883205 2.809747637478345883 1.9845825052499870278 -0.99283144045151439094 -0.0024718640691032437925 0.11949736707908117928 0.11668793872042738935 -0.23650782302632467058 0.96459731214869193217 0.025877708708164075257 0.97162644032328127075 0.23510083933621339636
0.7533718259714938803 -6.0583064153286603215 -0.11500455400002403128 0.99405764893463643972 0.0027520890240561790216 0.1088201111947681432 -0.056029117414317208823 0.87002379296749909887 0.48981561599459783052 -0.093328069712220448895 -0.4930020544341683908 0.86500800327361926367
-6.7587274718672194496 1.8711579002710443387 -4.8782643729820751588 -0.98595050408967088718 -0.0016365966666887377806 -0.16702971303558988847 0.048593486075116716638 0.95389326244690519907 -0.29618628761213677825 0.15981325538413762577 -0.3001415756102321919 -0.94041201501985360878
-4.7843594670687821235 -3.7166279631422689533 -6.7467634889924497088 -0.99478024786028418358 0.001967088521057887892 0.10202151258282704527 0.091044778295892400677 0.46858443420239681565 0.87871467289911864285 -0.046077183203726328198 0.88341652609969179011 -0.46631763273768656042
-4.5383082681005619818 7.4398946550060562899 6.0078406151006236158 -0.998595515446906834 0.014388144233342434197 -0.050989977788785154078 0.01045373965075811068 -0.8899894672477621782 -0.4558612371273736974 -0.051939540397378761161 -0.45575402301407719197 0.88858908087473331694
3.3634109382753347717 -5.4014122995927076332 5.470956007916672803 0.9999136534669567089 0.0094207602598139986855 0.0091615984654012452837 0.011023502063923992095 -0.2218263693368213163 -0.97502386856375822255 -0.0071531819884154369468 0.97504067153266471557 -0.22191106516913369773
6.1119223857616962192 3.4140847792543471684 -5.7960539093341694183 0.94691799925578079566 0.0032037874351214419566 -0.32145923292316236353 -0.15833895372758532982 -0.86559933297415558862 -0.47504375639239171392 -0.27977683681451059883 0.50072700196909725179 -0.81914430418661421385
6.7292652505036585353 -3.6296905937014889432 -6.9634960559717411499 0.99859395192805111563 -0.0066287617925984351763 -0.052594473949996514706 -0.0022411806361030154819 -0.99654310483287489308 0.083047078933688373015 -0.052963159670987400296 -0.082812437031865901438 -0.99515677357416887361
-1.4868270602319064722 7.0278874717737185307 -7.2917991893174107787 0.98080602969453956064 0.00084474719677667033796 -0.19498414939905214793 -0.10419770531573128991 0.84750356898605172518 -0.52046185140000422731 0.16481010382140140469 0.53078902301947095133 0.83132463136881518118
2.1074124663391864409 3.557878591482193098 7.4755060314608074989 0.95573833121486451159 0.0083746610922052124731 -0.29409880533292531712 -0.1248994951862645586 -0.89350620996913809879 -0.43133139098460748784 -0.2663913631273397975 0.44897273614123733854 -0.85291214310322216452
1.1305725009567224593 -2.0935574900161304512 -7.5046781653270135948 0.95874469481207991173 0.017589953194392479729 -0.28372381591286399694 0.10639267850376230018 -0.94774701872288558135 0.30075934975111773273 -0.26360805778724455406 -0.31853756771927205227 -0.91051886845972662687
7.0227314451214049029 1.7817076674671530334 1.5358126771970161961 -0.99050567476168993597 0.015326808466728687741 -0.13661477667935836844 -0.041699490458750737565 -0.98044190793375807225 0.1923403693005319437 -0.13099488829869362916 0.19621099385461213127 0.97177239368587908785
3.9877149905193753909 -0.58631043766191182076 -2.4437611295492720487 0.99996867535790523451 0.0050844988304908685789 0.0060659850520535484042 -6.57016348353453572e-05 -0.76102590024126204327 0.64872149251066779652 0.0079147954049906786567 -0.64870157008725637393 -0.76100172731746351662
-0.048691870835061108747 5.5584758812057692978 2.12534431750899655 -0.98796131717853630239 -0.010476266216233284453 0.15434598668308283087 -0.064929243295354904797 0.93365590827888456094 -0.35223690650031141969 -0.14041591478205997512 -0.35801800622597984569 -0.92309613697265102683
4.5876859504979750071 5.0851560135166193888 -6.321680819612000235 -0.99651613840013342216 0.0028607071699245350399 -0.083351078351512286613 -0.057566888648410224905 0.69955221998638494885 0.71225890295834715094 0.060345996049643635395 0.71457575376348780871 -0.69695039485907295251
6.3293441655256907907 0.18498773882058983098 6.1081434337601745455 -0.97090941617160120281 0.0041810189177591307319 0.23941057760689726797 0.17344860541159384804 -0.67702449875315418026 0.71522962003034973311 0.16507721487235660351 0.73594860361911551561 0.65660426891778644887
7.2790591997285618575 -0.90148492594880691442 0.21648936794825718311 0.82804824078926186903 -0.00055925510628610126951 -0.56065657773680932507 -0.028255823922285597943 -0.99877035831031901747 -0.040735485455646543163 -0.5599443895069942112 0.049572760610697208516 -0.82704584036509598555
-5.2558571014926656062 3.8786862191487694318 0.48505109697397080781 0.97796243203322907878 -0.0082208119450708216913 0.20861903025019845614 0.19044057234865588435 -0.37440278015110084464 -0.90749928188321016265 0.085567925854760876203 0.92722973230258598498 -0.36458627730464093775
-3.3060609324577949764 4.1499977085944363964 -0.36273574035807271132 -0.93397437707436936627 -0.0051612979179367461657 0.35730270636037098075 0.3422288584851241322 0.27477835396626792974 0.89854118693110451854 -0.10281668827871105754 0.96149374267096998636 -0.25486959688448107553
-2.8914456236546235424 7.0945196116130837538 -4.4833665888685638734 0.79113231873932932103 -0.001315623087637531486 0.61164362449224218832 0.48929118031312351933 -0.59869149650319863909 -0.63416293874885865112 0.36702015627750367299 0.8009786271497919552 -0.47300046906474724207
0.20544094138785962134 5.4517974254795866784 -3.4982410448308085549 0.97833208728020426559 0.0033196252703914016363 -0.20701523394675375167 -0.14125216573094986905 -0.72033286758662318228 -0.6790937973141901729 -0.15137421403354242577 0.69362060231977584746 -0.70425585362383491539
-3.412479888853185539 6.2990333580497352983 5.6140307121865982154 0.93957130609794980991 0.0020012643696735508796 -0.34234741958775771753 -0.30987538419026550152 -0.42014903397561248477 -0.85290798772336229305 -0.1455438319902813693 0.90745291017782381271 -0.39413983404284547163
-0.52617795117173238317 5.2736890561026426028 -4.6704693059709301295 0.99593678052549650115 -0.011998596507324894161 -0.089252242988054911188 -0.041769219236152892172 0.81648547484031819277 -0.57585310774470277462 0.079782589083948016184 0.57724128668743124315 0.81266674315020281938
5.5859027784045114373 1.3302492859130707892 0.59644529980038185624 0.98151869653073442468 -0.0064373912277205930232 -0.1912579628528745801 -0.014914023781404986066 0.99382105800720987876 -0.10998762001267985144 0.19078422433492878141 0.11080733123570454812 0.9753579420342379791
-5.3462146181972851622 -2.4737763715996838876 -1.3706096646932122152 0.78692350870907390448 -0.013305397058230986063 -0.61690709012793831789 0.23139870283982713617 0.93316942442533690194 0.27504447938776016569 0.5720192582117165081 -0.35919046719925273869 0.73741180930886107703
0.57567427678398397362 -5.2864752880289760384 -1.3582778914862125852 0.98201421095442109621 0.0098911077749720306695 -0.18854775381984406613 -0.10581198623060650288 -0.79823747826884516865 -0.59297618152592257434 -0.15637107486185072847 0.60226164934691495123 -0.78283394961665697664
2.4832030438248904325 2.3112642074961109451 5.8325351460338152876 0.9954361636334712049 0.00019055988077595507543 -0.095429596130870444903 0.060794357096712270394 -0.77208022555060262793 0.63261060017911252551 -0.073558753904361354192 -0.6355250498609076315 -0.76856816270472505526
-1.3846068159875133396 4.7046856425882479513 1.5982471372492110806 0.90077890236809510238 -0.0081589245002675597068 0.43420133693905743621 0.27569429035254461313 -0.76176901471651603526 -0.58625986259064488682 0.33554437458508729053 0.64779734498434693446 -0.6839360880342324478
7.3420025158853015057 -3.9903282972325522238 1.3544009292760241792 0.96863754751752839667 0.00030117140084321173885 0.24847778740770354311 -0.064755223161101896356 -0.96513815932788316054 0.25360420833014180042 0.23989177270714528989 -0.26174079297113100884 -0.93484955724554796852
3.5980139255530900755 -2.9377956103417295353 3.6375427427962470084 0.82377752527777015068 -0.0092678714407024576083 -0.56683745060321832909 0.43275246364444486247 -0.63562025211542982905 0.63930603024722831851 -0.36621836936044016575 -0.77194624272660838926 -0.51959898410535398927
4.8095890681507960096 1.3022079586193895384 -4.9070547734472276247 0.9913591507675504344 0.0044036415208528328913 -0.13110164808549454318 0.12898609845920402939 0.14911730733626221701 0.98037065187466032601 0.023866725658268979349 -0.98880970696790237984 0.14726079862679777865
5.9103696532329283997 2.1007650522230121304 -4.4114594025848870018 -0.98802506824818858711 0.013010912118711678853 -0.15374388013501277817 -0.14799975332248060944 0.20177129832762483175 0.96818614748798537128 0.043618087184306757187 0.97934624078362442212 -0.19742948901664547634
-2.6293545479748874349 3.6461615886808469433 -3.5820114678430483579 0.99099781560452959717 -0.003185364312894734852 0.13384013942494701888 0.12702551766528277777 -0.29337043808656138033 -0.94752219178168850533 0.042282943712076200005 0.95599353528731700891 -0.29032484075587711159
-4.8041470598730482422 -4.3205196689322180603 7.1707645820548435722 0.86848762449967342736 0.0012226262284335464789 0.49570934152593709721 0.47942415356880213606 0.25215383602660662588 -0.84057773224853182814 -0.12602272440246306551 0.96768638936503936776 0.218406329514554437
