1125 14.717824617146108679 14.977075390850430381 15.033177056927090831
-4.5274326730588123624 -7.354751534624110576 0.3826503786299176868 0.99951405491990985563 0.0097963323132219531919 -0.029591990313612724639 0.024183766813119227101 -0.8426756664270024233 0.53787811503594751272 -0.01966721739952383835 -0.53833238160556651231 -0.84250308454901912114
0.10900120080458461369 4.9526172662394962742 -2.8165666157684330351 -0.8809886943558966621 -0.0050562646388040300566 0.4731102985615286971 -0.15914041098459441592 -0.93851607228260924831 -0.30636891431551133147 0.44557070147032323826 -0.34519851716824445642 0.82601739311965050039
-1.2630660164792002487 -6.5823339691476716595 6.5580523242003279094 0.99636144730161424476 0.0043417516635417298387 -0.085117656942560251943 0.013278884963226860599 0.97859731752786338621 0.20535569468931541559 0.084187514187334430704 -0.2057387647471966563 0.97497898599675236753
-0.19659530627068591557 1.5700575567029892987 4.9764793782392278132 -0.76002134109618157964 -0.0046657485888473050617 -0.64988136753448322303 0.030698490828863517904 0.99860028704398273725 -0.043070516324587013179 0.64917267636524178531 -0.052684888779727698238 -0.75881429793794963334
-6.5440653417168324069 0.59091482840444287117 0.84051265841766420461 0.88155856555695066845 0.0044373537542345955695 -0.47205381619567665652 0.31729378520551304588 -0.74597332909738722773 0.58553261749058971297 -0.34954134142216003456 -0.66596103652323812572 -0.65902712271173802261
3.0861467992273978744 6.5151506372950596102 -3.3356918064448461969 0.9679714161213214263 0.012029945700697800351 -0.25077204385373985662 -0.25073593244869973873 0.097089820429209050534 -0.96317446963056196907 0.012760476136502527794 0.99520291758791645798 0.096996510624403911582
-2.1067829426055943998 -4.0125671971665841653 -3.6945642851135476192 0.80722461475903173334 0.0033727592879339101349 0.59023473789835190217 -0.39471388101948556848 -0.74040896691416246966 0.54405469747416557169 0.43885005805825250125 -0.67214818768479256406 -0.59634506817316013105
-2.2344640210431330196 -2.6188192551862194968 -6.338832679333196829 -0.98190396772308918827 0.00089674786982072015543 0.18937738516787569476 -0.17783395012296293602 0.33945219296420531263 -0.92365972894540471216 -0.065112858587421482137 -0.94062288114574321707 -0.33314998290788411239
-5.2320976402550822826 5.4324499792301228496 0.95966970165748832766 0.87046948644970800757 0.010628005956712670288 0.4921076291314668838 -0.0763438153332889613 0.99058354538642867659 0.11364797169363083373 -0.48626586865658200098 -0.13649646551870531219 0.86308413256213323272
-4.1080778515595621769 5.0375526208749725754 -0.98745915063020639479 -0.95177937656324107518 -0.008473996588928351531 -0.30666628398085926666 0.28806034442774963722 0.31918221864648887998 -0.90285322686916258395 0.10553320006984436008 -0.94765547678561745659 -0.3013500306973826981
-5.0875205180887448364 6.2697090710313752027 -3.1847634418471533202 -0.96907905378084191472 0.00060772867625595236585 0.24674970757651648601 0.18271104370290885965 -0.67032123354566219842 0.71922605512237158809 0.16583866265813654306 0.74207080155717553005 0.64948322799290103546
6.3696329691661617289 5.8465028652236412654 0.87560416405856911215 0.72471560199680540304 0.0015712930155584621528 -0.68904631720996623034 -0.56360196310110211027 -0.57394625289656342471 -0.5940862950569423262 -0.39640903548090383746 0.81889146400735557396 -0.41506222035352557942
1.0553263039916658261 3.4922257381802239706 -0.41457283012732742966 -0.92787791712525857779 0.0091692288661107488462 -0.37277137249700337263 -0.27540603800496854525 0.65710630927930668843 0.70168569355225984818 0.25138433750275668288 0.75374214659089544543 -0.60718917259034754785
-6.1011244207920052318 5.2737021542845132771 5.6015616488278361373 0.91420584923949166356 0.0086680062899141610555 -0.40515741494310675286 0.081482810025443025426 -0.98328491578637555737 0.16282298995364810623 -0.39697382393149471813 -0.18186709447842028253 -0.89963111499063541654
-0.88828016645897545089 -2.018949680231484578 -5.2533315399098112763 0.94411353424885602337 -0.0023342105690817623737 -0.32961217500136213987 -0.17262997761033715971 -0.85536842239411614575 -0.48840941104895752023 -0.28079979572356966733 0.51801487761644138264 -0.80796785906965506996
0.77604285687478102851 6.4829506727339030192 6.0466139352941192797 0.88280960283844578385 0.0038314765846523164694 -0.46971536585831930033 0.066994507414617709973 -0.99077114795253373725 0.11783152532761402564 -0.46492896351216111972 -0.13549115163703448483 -0.87491897151417352685
-4.5920589675955394426 0.0022487833269214585127 -6.1043464201417165782 -0.88284100451032021528 0.00043255134768343281131 0.46967177225651174366 -0.33146895889105182365 -0.7090387970818819996 -0.62240847803058008125 0.3327462847980980909 -0.7051693393306793789 0.62611190119745052662
-6.1717494638099354987 -3.7770388153949023824 5.7780278849829107557 -0.97162824909027645237 -0.0086344592913221787644 0.23635564660594210462 0.10511872544367238669 0.87944032740961286532 0.46425721759274890532 -0.21186929728226050473 0.47593083177973716236 -0.85358142214479482135
5.511667634218626155 -6.0721075590559312474 -5.0751411328041378113 -0.75200592073720129438 -0.010942062105386389514 0.65906552515887073529 0.044843197922242054865 0.99669646319890314867 0.067714458182414935528 -0.65762921374907434835 0.080476279261119415542 -0.74903096444679229116
-3.1335372379534569554 5.5004954563645229726 -3.2385139302200869338 0.99845604561565892698 -0.0062110460771900993793 0.055199165573756182879 -0.054578068585725315887 -0.29453847359496526659 0.95407982999414098213 0.010332444186342600728 -0.95561943810241878339 -0.29442270652623769855
-5.3717693599116493886 -3.4662543196489439268 7.124221904728280208 0.81584575363439715279 0.0032287747130495831477 0.57826056522177615715 0.56104840564873748043 -0.24664338045456141169 -0.79018461728697009239 0.14007281247892575116 0.96910093276799547102 -0.20303445351085380732
4.699189374137866082 6.5014474227383161065 -5.4935399138845033562 -0.91081171396668825224 0.004030441487934710923 0.41280234645911950686 -0.097300488918036720509 0.9696846224342828835 -0.22415251029336846766 -0.40119152104335237263 -0.24432660222721935828 -0.88280794903930015494
3.2644226867237624568 -1.7371517304801862291 -2.6624419698184986771 0.73034220575253938623 -0.0055412201208645556899 -0.68305897064323017887 -0.30099698505407762594 -0.90026216085016763646 -0.31452958005535180952 -0.61318926726172418018 0.43531291804974847626 -0.65916734286069311732
-6.0057517549250700739 5.6534276863509509425 -4.8824408185255014914 -0.9885674325972211296 0.0052375991023562900109 0.15068841615691849767 -0.005755890585207879169 -0.9999789240417739089 -0.0030035305612711258455 0.15066950896518510605 -0.003836538531569590009 0.98857674463864397829
3.9530216134321687349 -2.4722660062708805562 -1.4987436022957962845 -0.98070494615863890164 -0.0016606362365723884716 0.19548670253300826083 -0.17174143275386369312 -0.47040502610065176858 -0.86557725922928807627 0.093395336369587494962 -0.88244906578597603897 0.46104333574835598686
1.9244955867214539325 7.4637726057753415176 5.2816816181153711796 -0.93029774605976345292 0.0015265744405818992488 0.36680209002465063994 -0.30957865375017928899 0.53309225880918442719 -0.78738408717725283381 -0.19674135512958723648 -0.84605573880693896172 -0.4954619319519715237
-3.6000503932643472815 -5.6626157724659682557 4.9327060184786857278 0.94931745065917205739 -0.0078035043101765018403 0.31422202849995167773 -0.31158227020262252438 0.10826753424926646718 0.94403105347391658153 -0.04138679462720315505 -0.99409116601450453476 0.10034882601412255243
6.9698254585192280786 7.244981292505913828 -5.2135386575863300607 -0.94939851504719396935 -0.0054868714791639593142 0.3140260401104277288 0.31218374761317352339 0.093044301008444546541 0.94545442289727388285 -0.03440592030838061921 0.99564685119340012864 -0.086623209110009549705
2.3679794219819192413 4.0988966607354981875 6.9225724520248226312 -0.81371679428761956032 0.013369563081615539954 0.58110776408289810391 -0.54128769206835813943 0.34690863726837084524 -0.7659386606013842691 -0.21183156778360193173 -0.93780363198893679222 -0.27504860428425287333
-5.2988544943000661647 4.8859907434731839615 -3.345020557338155065 -0.93658792965970949496 -0.0016203084900269703814 -0.3504289152111590977 0.14361806470078058995 0.91037706729003142758 -0.38805598416193676226 0.31965121852929451185 -0.4137764734161229474 -0.85241546709341509125
3.1846445777735152838 5.60872381152788968 -0.23566827668218492953 0.93111527154705164833 0.0072324386477729055156 -0.36465331881521945157 -0.33300295807305441143 0.42468207926257778295 -0.84187538357396995981 0.14877291758371913311 0.90531366022186698927 0.39783639301752560247
-0.31054386306698894549 -7.3862625642758441558 -0.34831351219854089774 0.89656700804170486041 0.006542719826254381546 0.44285978922073038211 0.17312028466960299733 0.91516789871982240356 -0.36400148926717984521 -0.4076726224891779049 0.40301973893356174417 0.81937666729215585804
4.5665112505196070458 -5.6668924208068913728 -6.6349721638179515182 0.71742248821333443054 -0.017982516356149724768 -0.69640620510687334388 0.27151458231910030605 0.92783174471503904179 0.2557500441586054718 0.64154875496248875422 -0.37256527294494373725 0.67052987435434685537
6.8697590977529454648 -2.2270575290174363658 0.87451031312232785364 0.81124795812951089324 -0.0071818340444503633163 -0.58465816653030122652 0.4534231536385103789 -0.62360099696167314853 0.63681177779069397804 -0.3691668920356783179 -0.78170980411417745337 -0.50263862563133998584
2.6717753506378163486 0.14999870030835185664 -4.115596636359431848 0.95803200220228856843 -0.0092784840471195669659 -0.28651106870437820229 -0.2839195797155971146 0.10718970484048281899 -0.95283788727689944231 0.039551928024579026399 0.99419529113251992047 0.1000568242527342111
-2.6494492554235686832 6.2219282475953967548 -6.287386049581718872 -0.98808402431878872285 0.0015441821931802012825 -0.15390768787541625473 0.15241901808553728892 -0.12928100332756520263 -0.97982389494460342405 -0.021410366919361545346 -0.99160679590242795101 0.12750513130225402114
1.0414360333295209493 -3.5022607913658436729 -2.8910013163076917486 0.53408479568706890284 0.0018962553520757395586 -0.84542878779443420001 -0.75297945795946319425 0.45576362930448505173 -0.4746592989651857164 0.38441561740764867983 0.89009882508556925629 0.24484426616585289183
5.5346939531432379766 6.777134586656927695 6.7531992410929149173 -0.84582335881494730145 0.0083977356729290318638 0.53339696635666911106 -0.14119733681078611154 -0.96774082853364562506 -0.20866480505007606316 0.51443771028229179354 -0.25180779738641217991 0.81972353596496105865
-2.359078450547115402 7.2441025795740570103 -4.536922801383307835 -0.95290914543585503171 8.7704298060394154934e-05 0.30325591973224541587 0.055855901602484783752 -0.98284035555798909822 0.17579804817720506849 0.29806757421906521222 0.18445820067082877025 0.93655266451186380827
-5.2661970605287233838 0.86463610312090044552 -0.41259100140774113141 -0.99794116436522672942 0.0038573074295711563472 0.064019947242620847683 -0.012846041194653655057 -0.98998376872718329977 -0.14059557917047404985 0.062836388272811821709 -0.14112851886152666392 0.98799510599642303976
-0.06108911378477035331 -1.8552075802260177273 6.5897496926659702154 0.99216564363434600615 -0.0043258424835765354674 0.12485440592345597999 -0.050162279019106678635 0.90150432258578194755 0.429853116916235789 -0.11441626350870898188 -0.43274847596014309747 0.89422462233982535906
-5.3262782572232545419 -5.0145797522006594349 -2.0941997169438684168 0.99996109669718913349 -0.0016118207310365578137 -0.0086722042215965928352 0.0087608679478206191726 0.067146898124535669972 0.99770463628521943722 -0.0010258094028718482173 -0.99774179831570264376 0.0671584068369853876
2.2558766134457752806 -2.0440966548758412458 1.5964640429907779318 -0.83809122960815296555 -0.00076172348093688402489 -0.54552956897980697804 0.53323287209745207083 0.20998496176456643569 -0.81949314820036711637 0.11517723285714874526 -0.97770431911195754271 -0.17558037880497942562
2.6155300573612292325 2.8584926575192572962 4.470883504017177934 -0.9202547858056920882 0.005207788914104988405 0.39128507272367507586 0.15973116880145274421 0.91781706512435234924 0.3634525948178682353 -0.35723533268009455277 0.39696941179533684618 -0.84545739288491073005
2.2917052012393814842 -6.2494971438242359341 2.1491878131064492408 0.97260096861878542196 0.0054840633376130355769 0.23241618035558492261 0.20631780784257985895 0.44039272262533857294 -0.87377755294217485105 -0.10714624589234589269 0.89778849118703663024 0.42719492867224856392
-3.4995919849958032621 -1.5166740404986047697 -1.9530670412120070267 0.98121526868499975294 -0.0013872881093085660809 -0.1929110466801519097 -0.16919071754640876981 -0.48663450044586964438 -0.85706555412754037437 -0.092688173979479052123 0.8736045663843202691 -0.47772791837705896878
4.3619675183042661004 -3.7386741987518856689 0.39035795534818706898 -0.86602214313271907997 0.0084807290217535150068 0.49993372044605333127 -0.4792320818933055171 0.27112976864735804927 -0.83476060055409151417 -0.14262629241488289367 -0.96250544195266574121 -0.23074014588601812759
-1.3872492816738055676 3.7764464352760538368 0.21269130488254944789 -0.82482952402118880908 -0.0027119606522486711109 0.56537500968153309167 0.27968030712466002141 -0.87102499627546658978 0.40384945421513979147 0.49136054187288685791 0.49123120944486220463 0.71920561507658908873
-4.5591766319747195624 -2.9458389301049794362 0.95705811865725198828 0.64688764980729351883 -0.012001552034511068015 -0.76249087291294270763 -0.11078457372642377954 -0.99074778266899432566 -0.078393937015449902117 -0.75449529272956616932 0.13518429600098083587 -0.64223209150872184736
3.7016875643091622372 -0.048008674869964233778 1.6659662912283450531 0.73925577097776495883 -0.0015558037177002288082 0.67342296111054655849 -0.0084859495970362811001 0.9998964119566493558 0.011625575929145089832 -0.67337128965785031376 -0.014308907402079518167 0.73916599044694664133
5.0369649455345548716 -3.3440402681047629585 -5.9398257015021442839 -0.98271629538958127359 -0.015298688080658413499 0.18448477692914125314 -0.091514982175016690302 0.90643284305824534108 -0.41231603056746807257 -0.16091516651051601672 -0.42207280316127987474 -0.89216638471671316779
-5.321565904049008644 -5.2822369213777058405 -6.5858176524545877228 -0.99827394980474393194 0.0017756063014523846416 0.058702371022793804756 0.056090969579603980333 -0.26739413088715119349 0.96195331586249444022 0.0174047198499880304 0.96358560906099588461 0.26683299971627472136
-2.7958062461696138179 -3.4455722826055121821 -5.7064634444477491115 -0.97302686977080798947 0.013463726216326628998 0.23029858614513024073 -0.045514546263098643042 0.9674688790625080026 -0.24886219906619924669 -0.22615732750133069051 -0.25263154221504730002 -0.94076041960509071416
-2.9811560494759588025 -2.2217417201506504121 3.9461306851348711966 -0.46817756384472553055 -0.0011581140813555004798 -0.88363365004057359275 -0.49610381948738968561 0.82786421854771563567 0.26176675865854903691 0.73122552540398100263 0.56092735217709588369 -0.3881619978531108961
-4.4217675661925808228 -0.87715933223381581385 0.11634564178986681049 -0.96393832475480423216 0.0078358586343665985463 -0.26601034827321845544 -0.031861242904241117435 0.98897892547425347853 0.14458750350044560773 0.26421159563799950787 0.14784885622603621824 -0.95306502844404672459
-1.3207371573566448753 -1.5434520277256114085 0.30331471086248229518 -0.8616521951224688225 0.010375602382827116624 0.50739318237015262891 0.046830035063777440685 0.9971508868132816783 0.059135917540226352884 -0.50533399099652698272 0.074715833680663798488 -0.85968314031446002588
-3.094131324921481685 -6.6650545707661175143 2.285519155425927984 0.34735591329802661953 -0.0064070732762032964538 -0.93771147956546829771 -0.90348672749602643162 -0.27006305940691144318 -0.33283280664950576355 -0.25110874683151351849 0.9628213195374399902 -0.099596706315489266781
-5.8709963931415218852 -4.1386740883831452109 -4.7953177690803618916 -0.99903028777946389916 -0.00055422194059517458815 -0.04402473097451491818 -0.03917398745919844355 0.46760652619575776567 0.88306825068381566979 0.020096835718120008296 0.88393655286854366793 -0.46717479351621138406
-4.3780275827377801434 2.5550793277722538832 -6.4042380611376392707 0.90531057644707013665 0.0031436739070445484517 0.42473859900819510571 -0.41511108905024968196 0.21837349127574762209 0.88317371001154798549 -0.089975240597416045185 -0.97586020290953390255 0.19900080516677229325
4.6563387913764522352 0.94340095046579830473 -1.6496868308414474047 0.96744124366343609012 -0.0013107261407336021942 0.25309231923515229656 0.21762078645612992212 0.51487151992392077293 -0.8291854504712965479 -0.12922319204021495698 0.85726635298961861853 0.49839318481568450903
1.8801716708843996262 -1.7824373936848432187 -6.6940101654701038569 0.20030155327709214808 -0.0021721373112592382015 -0.97973188657620913222 0.47647853528268235834 0.87398656811322150695 0.09547609215110711145 0.85606512203782048065 -0.48594522384426380723 0.17609584394092572812
5.0453280137963973928 1.5899790417596335601 5.6376622520356933776 -0.98800211914732305463 -0.0022868933482406064023 -0.15442338773359443049 -0.023716959435521163535 0.99027655736058184388 0.13707605836611899686 0.15260838245472119201 0.13909388937286443211 -0.97844957537100896161
-1.5283746053522999642 -2.4176116036820562982 3.7572369747583507227 0.68547630030966177905 5.3427794372271509432e-05 0.72809493808109648771 -0.70799724119479112705 -0.23328416702515869519 0.66657212953744471307 0.16988863462415371153 -0.97240860473410595244 -0.15987294100220314497
-2.2216989583805717423 3.0302951326824985046 -5.3503155454025437265 -0.82022230248392635765 -0.00089202791894803755424 0.57204421052415843629 -0.030920579948394866232 0.99860600430600909849 -0.042778100701584199916 -0.57120862409772588109 -0.052775490998799592934 -0.81910649814669356239
1.7980047878759051194 3.830055792597435893 -6.7038676035021413924 -0.84730835138832405473 0.00092122311423604389541 0.53110046979419311963 0.52936638138353186989 0.082226769321911266641 0.84439919035242005929 -0.042892795764703409156 0.99661321973713756783 -0.070159092900640540602
-5.0985330736346181624 -1.5543892906426477474 -7.4687749757274550788 0.85056775704252607362 0.00037883353126999010085 0.52586533177698679964 0.50335410405122871236 0.28886788405651053768 -0.81436477790713968083 -0.15221411437363827068 0.95736889548701342711 0.24551102081083586715
4.4449668942771749514 -3.4273460921460614514 6.1779429424752114741 0.96342800098104808271 0.00084043021481255628102 -0.26796600643142776121 -0.24170246580206955489 -0.42904011514244000391 -0.87034734308990091556 -0.11569963245812461827 0.90328504541785303861 -0.41314612641709075325
-5.7121511918456064905 4.5678821508338556256 -0.22000092502606377609 0.71774683334779609822 -0.00021363256003982273451 0.69630412721771950402 -0.096377048877328619358 -0.99040512998513896559 0.099041117465848538259 0.68960202121873648284 -0.13819418533466468202 -0.71088073505385507289
1.2234522510905070369 7.0354719887412491275 -2.8762017062239522147 0.66546002848206564639 0.0044382337317391698864 0.74642029217724992218 0.74397888194284833574 -0.084973649061173550656 -0.66277816966786928798 0.060484491530385001146 0.99637331409782969871 -0.059848519094026102205
6.221845549349770188 -7.1127702291241803323 -6.0483175197392249345 0.99646990505494525969 0.0046583079541957792338 0.083821408283998408151 -0.067574309505971097423 0.63696492857093578444 0.76792538209483640621 -0.049814064424704894429 -0.77087870637189770395 0.6350311638398721259
6.0909159166642465877 -3.9897362866265697612 -3.5076622620479032122 0.94689246455750375464 0.0093365914284896014269 -0.32141482328081311115 0.21188125428681303664 0.73376464666607821297 0.64551977303948182563 0.24186978861774235949 -0.679339584717061018 0.69281796598414280286
1.8142343580467954478 -4.9105396529821918605 -6.3100480021803635466 0.9806240715511123085 -0.0040935891398005668645 -0.19585625551014101964 0.16342231616219624057 0.56841017378376845759 0.80635167322908485321 0.10802581577880243646 -0.82273514381431323006 0.55806568274552803555
-1.3006733914046282319 -1.1466282503872793352 -2.4765552780842794434 0.97732948142830478044 0.0024026799138077807594 0.21171044343673509069 0.093400304325644611936 0.89248705324426058638 -0.44129722743656157879 -0.1900091257882913498 0.4510666102922597509 0.87202949789361949851
-2.7552896695528961146 -3.243133549051583131 1.313586176112643944 0.99937582624844556456 0.0022395139168839891392 0.035255389483691598751 0.02889348613778244812 0.52238546395822860191 -0.85221980351545267851 -0.02032546110270721032 0.85270652139086633436 0.5219946972990919809
-1.6656503300839047288 7.3017984018142829683 -6.7410466540554994097 0.9996193072164208937 0.00033375195832941644339 -0.027588571000296970015 -0.0042385379813482167849 -0.98619969649717009741 -0.16550587126988411391 -0.027263078255898159918 0.16555979958501956806 -0.98582284276919074362
4.3716932156232459761 2.2788540494672910874 -2.978769172589186276 -0.97088028571225759578 -0.010139024017169897401 -0.23935051912868257618 -0.22248310483397176762 -0.33235053568802325197 0.91653935512392603613 -0.088841087783879987838 0.94310143760876918861 0.32041682150214934044
5.8930953207940293126 -1.9115087536250714439 -3.691999772533224089 -0.98607456062008380648 -0.0064046151572448219852 0.16618044951982913204 -0.12687417380528559496 0.67500141803770774551 -0.72682599683037574234 -0.10751699828006283655 -0.73778863270712358169 -0.66641430696599190941
7.3112023754847905721 6.7500538073197118294 7.2167814674200645442 0.9846702704611773882 -0.00066897333439222377016 -0.17442480025690143552 0.14716387316099180382 -0.53361949591958468542 0.83282232679645462614 -0.093633609917814303314 -0.84572441495399974798 -0.52534080466355348449
4.7897511292591472554 -0.36450365596210676511 -6.771743720442990444 0.72378803436430716456 0.0037476180449848820082 0.69001220037773103311 -0.33046619328997700604 -0.8759624272466910444 0.35139994471336327697 0.60574167464649897319 -0.48236478044222291794 -0.63277266232455819939
-0.83664266722160107737 2.5292205736919624037 2.3780818950693594083 0.90191712926114264715 -0.0030452959708870469199 0.43189838864917073913 -0.31942556018234985471 0.66836359583270754658 0.67175696145835761541 -0.29071085884007819011 -0.74382849497583602982 0.60183583028467713127
5.94388033734912824 -1.1821410319844625203 1.199434127592325483 -0.999329280684820076 0.0092851756985009130385 -0.035422793200093449784 0.009263203483174366204 0.99995678799173581819 0.00078435355563985335869 0.035428545370631905898 0.00045569893316490129448 -0.99937210813159393918
1.4166198739515540872 -0.26343777727700296021 -3.1375043191208566995 0.99903549328170337951 0.0041659502192555779645 -0.043711875070420791456 0.029101741092316717185 -0.80827291097729825342 0.58808842026151542104 -0.032881177424065211046 -0.58879329670011337772 -0.80761456272911247289
3.539920409616247543 -5.6576892198367216835 -7.0064502708433860079 -0.58239732792449216969 -0.0030608398436317452856 0.81289850761707771465 -0.76117416543398874751 -0.34897514076014335416 -0.5466536755637878553 0.28535459047016892287 -0.93712698306630082268 0.20091235727726863836
3.6439269699761864807 -0.052818859543175382398 5.6049997876696604493 0.96561124443564705366 0.005405483060359298278 0.25993404042620155137 0.24924902789779226908 0.26515792317462805183 -0.93143233671036351762 -0.073958412039771312396 0.96418984465230983538 0.25469216077052736491
6.1585736478540011873 2.2317916459148876562 -3.7827749396870524734 -0.99994221018720341743 -0.0077094234915643204686 0.0074927348338504479175 0.0051610221918634829191 -0.95563503932276849806 -0.29450812462209430276 0.009430807801990653827 -0.29445243488194006165 0.95561960185855654437
1.769639397999576591 0.15711710458658831313 -2.1051048537757641732 0.98833400859382081194 -0.0025687393396973314669 0.15228029759289610223 0.12701933190893086034 -0.53778878808213015361 -0.8334562428433751613 0.084035568530154022837 0.8430756911402035314 -0.53118866914732065787
-5.9859310994582015653 -6.0957273464618948466 -5.2800368367782004597 -0.98323969312872128157 -0.0053365477542719821913 0.18223947737616630338 -0.048119511911537633797 -0.95653192988353807902 -0.28763028297923465271 0.17585283173626442554 -0.29157878587332997089 0.94024336913319073172
6.8654020996829938639 7.0431877165290348586 -6.5920515939601438404 0.94562268193487641899 -0.0056412985765769002588 0.32521672644658300433 -0.32153855633727335128 -0.16714002881291997737 0.93202852293103155557 0.049098881848997362465 -0.98591702821226112619 -0.15986529730493523327
2.3792995607200824182 -3.8619719214021004383 7.4310505734512410925 -0.048629547233786873939 0.00069611470766519235182 0.99881664111092782754 -0.018770155052129072065 -0.99982380156151529071 -0.00021704893515146414518 0.99864050008755966825 -0.018758498213803927873 0.048634044964542530454
0.72980152071073955966 -2.2572804765662013438 -2.1179365198190622799 0.94402053186241863258 -0.012978430427586683943 -0.32963130277015323388 -0.18236927591729024112 -0.85318465735126036709 -0.48868945933141144655 -0.2748939479576381073 0.52144750531952277495 -0.80779070096927640954
-0.63696335913687496255 -3.81687935721094318 -4.4333919579207439199 0.99962506228485503712 0.0048606519860716485004 -0.026946408190154143986 0.027301107676205825514 -0.10167412771596066878 0.9944430709060130269 0.0020938891398626221715 -0.99480588348454879188 -0.1017687074341141612
-1.9409830038774293914 4.5101873104103473722 -3.0107310756565572873 0.94517392063271976621 -0.0043161422491496065704 -0.32653886548431676484 0.037752714491865395352 -0.9917644027501323345 0.12238505622106887749 -0.32437785421357417937 -0.12800289197446235168 -0.93722690280531695262
-1.9386311910067892672 -1.0211502155932155045 -0.47731503011963172245 0.98236478459583764788 0.0064096593859687134298 -0.18686451309007331978 -0.16514445509549940949 0.49837829281690626537 -0.85108541651247249238 0.087674049393678427089 0.86693598005587491073 0.49064780397698271042
5.5864227776461943265 4.8728204149904463804 -2.7073916652677554318 -0.98181972199747635788 -0.00058907104601124953697 -0.18981487426418039433 -0.052820482841204045854 0.96134547606064757463 0.27023114596596914394 0.18231848531912339673 0.27534438191647053751 -0.94389906306649251633
2.823398441693123484 0.87800612316266990476 -0.023850135346741109521 -0.99018454898651153684 0.014017862781180180295 0.13906134787021753874 -0.03445978237229371105 -0.98872801423173783952 -0.1457032507261733778 0.13545140216063680794 -0.14906513139016622227 0.979506255343178589
-3.8591494852133094717 -5.6126257288043914784 -4.8497470541136271649 -0.36458478638533314831 0.00042785291573942292598 -0.931170097500095717 -0.20613415926516978627 0.97515245703799746657 0.081156601191680624585 0.90806753158586661634 0.22153442729022190805 -0.35543755514118968719
0.36023797937083507081 6.664864241329804706 0.1722374165904930754 0.93071278697844372907 0.0060470180749693201727 0.36570089106708386639 -0.26630081760149204584 -0.67418057516845908417 0.68888636697946648013 0.2507141453919477514 -0.73854179681169651595 -0.62585815618438900287
0.12823089267229542676 -4.7353185142188838341 3.1866719647760781697 -0.97847921708325891199 0.0080965605947225204042 -0.20618648705181555347 -0.15539689373041978837 -0.68632329783848289306 0.71050132741830329675 -0.13575797271309780756 0.72725152220589506236 0.67281126350123576785
-4.6867207460212902959 -0.69943188136209288874 -1.1333693475412405238 0.99819053835980509071 0.0069412489371489813697 0.059728286365416098647 -0.037907620033094988066 0.84370343787271684377 0.53546944008513475133 -0.046676133862873309122 -0.53676468585857262106 0.84243991509346904945
3.7481485295765439858 -4.4327836352226297478 6.248366408288556606 -0.99464492464723197607 0.00041214869934140405333 -0.10335039432413289928 -0.045564938516495692711 -0.89931023802532206179 0.43493095102644946381 -0.092764811493908194695 0.43731101737352084946 0.89451314346531207722
0.85892209962946886037 1.9445401183353663299 -7.1617798425139369556 0.77364473488506468879 -0.007179787130581214219 -0.63357894128619396401 0.57638682288506393192 0.42327261030031770872 0.6990125376372267052 0.26315785108772776768 -0.9059739223766039018 0.33160096107308084656
-5.7616314006813924564 -3.4086393430189532161 -1.0251384980772830779 0.82402675803737512883 -0.0043700259032783943941 -0.5665340280265372952 -0.22885386664076609597 0.91218977957359637099 -0.33990544827207824774 0.51827194576009172344 0.40974468747631487275 0.75066868945155673654
6.0804700710380288342 -5.6155348816341739138 -1.9536404490050665039 0.72430599816802765378 0.0039381986495903107542 -0.68946741156435675801 -0.47700559329678260401 -0.71918146693388274038 -0.50521647002300029694 -0.49784182727196185647 0.69481113132295846402 -0.51902890748810703858
4.9672880724391559326 5.2159624996093469917 1.0777586152482283577 0.9678329585117649847 -0.011329565946104019555 -0.25133842792900140672 0.099395528551976128351 0.93493974991761874538 0.34059975473839665394 0.23112743957006520734 -0.35462558418628287171 0.9059916123884599326
-5.0827010876847387166 -3.1536286165083939892 3.05063060404217401 0.6001910924402125147 -0.017873264861234635509 0.79965692578667568746 0.55228914928011962893 0.73242646209710993155 -0.39815596593202140507 -0.57857354601030552832 0.68061150741308096279 0.44946704866326081529
-0.35404078479208583863 -2.0654374191611943878 -2.8404893008921923148 0.7769303189116959496 0.0043628136772749766606 -0.62957147760403386894 0.56173956394300672557 -0.45636303818163437285 0.69005901173944061977 -0.28430255337739007704 -0.88978297535887140857 -0.35701304584667847841
7.0544669288426993248 5.8992543766493739099 3.2380434806854054841 -0.82584690884900091579 0.00056217910135614645659 0.56389410982838528152 0.512707746373159301 0.41705007866654586479 0.75046652070108821331 -0.23475018626926580367 0.90888333455894121382 -0.3447077518821063391
-2.7884525951179832681 -2.6036962102185476908 2.2616715717530126994 0.97637955830572376037 0.005774109734338291923 -0.21598522583574789047 -0.02805392773427674985 -0.98779262504874554285 -0.15322763144403014901 -0.21423336635830891872 0.15566756102690348929 -0.96429854048554741741
-2.6453621646010958557 -3.044446105480471676 5.3399912752544347327 0.81746160379071020063 -0.0013732694229576757061 0.57598145843331638449 -0.5442291836854061815 0.32560302448540240361 0.77317350321321731688 -0.18860308044406240424 -0.94550557088624154201 0.2654205972979944983
4.7037711790217073826 3.1621774783091534111 -3.8261115456728149731 -0.99199783383337170051 -0.0075246618574045329858 0.12603046113490867786 -0.058587337412351413179 -0.85680454614931511603 -0.51230215068149964619 0.1118383725064006351 -0.51558641289488649218 0.84950740389552081844
3.5687031449043642439 -3.0200824529243095462 5.2201220932951990505 -0.9956055563392872676 -0.0025155819777687073863 0.093612221603526363234 0.087034981516218204445 -0.39378732680835315527 0.91507182955083399278 0.034561368299078326638 0.91919813592749088915 0.39227579421738056897
2.6789439954208704719 -2.8172330921255044345 -6.9161236308847078291 0.83845497416916292543 -0.0047059878489887907449 0.54495055736228614762 -0.27367387034623391617 0.86109450746386728692 0.42850771510582158497 -0.47127048388453562922 -0.50842315338103016842 0.72070106710435266617
-4.2505931731339909874 -4.3605969118403828944 -6.7409890156294256514 -0.98861806379215055873 0.011369454319640813142 -0.15001686389285967538 -0.088054855360302983214 0.76477949814775869619 0.63824655240765160169 0.1219863369039169837 0.64419178411499589121 -0.7550736910311400818
0.27441841653023935077 5.6703167396826508195 -0.25614412527894658833 0.99189028711874616118 0.0009758983168291446254 -0.12709329621150297629 0.093733836216987054257 0.66971236430134872819 0.7366812859372035005 0.085834877919692159631 -0.74261995443467032629 0.66418971462092657454
6.8721716873877118914 -4.9634368035078653136 4.7784957913128209839 0.86555223853690099745 0.001377290988861181939 -0.5008167583392963973 -0.48807463647768639659 0.22647337044062995637 -0.84290744551724605671 0.1122607304050940169 0.97401638361520959108 0.19669675355260055061
-1.538997218381968457 0.30143858047186455895 2.0271638545437267176 -0.68446754328245873467 -0.0010243934669661005146 -0.72904261385105462168 -0.39775458333734686756 -0.83753041182032328393 0.37461193348603666342 -0.61097911063062637638 0.54638975090507591048 0.57285492620647116002
-5.1271423742656105915 -6.4941234941352945498 3.7787710365458382356 -0.98824365798647006986 -0.0010871992014763222356 -0.15288325757726864418 -0.056718693827635301152 -0.92600863362808571999 0.3732170952899557248 -0.14197697778176832095 0.37750076615037259087 0.91506049490497942678
-0.75548242191920744748 -4.0470148345431367076 -6.4083382904797510093 0.99892357428603495428 -0.0064193175413432600543 0.0459400163019741542 0.044816310318535002022 0.38904719708232698983 -0.92012704382157206595 -0.011966246903554364836 0.92119545743820929751 0.38891610680241556208
-1.4091727416297852304 0.16968968381982166282 -2.5869809596500896731 -0.97748298209101902589 -0.0030793208696149082688 0.21099179487704178282 0.1600615472465465039 -0.6623837885180799967 0.73186612013502161389 0.13750389381944583267 0.74915835074526204718 0.64796176175218611615
5.8418692817234703085 0.23504309308235263321 -5.0639272332790392639 0.97201352660397122296 -0.00566127914732682605 -0.23485666696371948481 -0.23454546960241920428 -0.080180909417952639373 -0.96879277683819930989 -0.01334641479448679495 0.99676425080530139944 -0.079264755905805395209
4.9972176578274654091 5.5920048950202918547 -1.8023468809691285397 -0.99836042911266253963 0.0038079827898528408048 0.057113508464610024395 -0.055606039381699452762 -0.3012442546121706366 -0.9519242971199722847 0.013580204945058776261 -0.9535394057563334469 0.30096209014334640575
6.6618697913998161653 5.0679041111495184424 -5.8264746309365049726 0.93352020434459559439 -0.003224174816682111918 0.35851029661223876577 -0.21274055430852417681 -0.80987317495195088046 0.54666890989488248209 0.28858531603797976661 -0.58659615170058720945 -0.75671888451216717808
2.1242736863441407102 -4.3554331402339574453 -4.0431762271950724141 -0.9832679808369331198 -0.0072762988445821972019 -0.18201959602191908338 -0.1121695017590134541 0.81149063991058800749 0.57349886156174290086 0.14353424934833161619 0.58432011501618619231 -0.79872894178906883589
3.6416972813059045322 -0.15000395216819792377 4.4456413531937011285 0.99306535832609843517 -0.010114177259587140215 -0.11712769745459905568 0.11032455726398426865 0.42437731381514226525 0.89873933238937719903 0.040616328701138432189 -0.90542895852603733076 0.42255025133750356847
-6.7490041278078987119 3.9962059012816588677 -2.8199265860149385077 -0.88819037450141269385 -0.0061291369019819234853 0.45943475306489989229 -0.26724036013622920471 0.82027902325346802037 -0.50569250926282915959 -0.3737652318732310186 -0.57193072805283329263 -0.73020188561217724832
5.2706993229621907915 6.8092003486275398672 4.8709446575440606964 -0.9479507868551442229 -0.0071506336533618342424 0.3183365736750373709 0.18952833509822636371 -0.81603061452485314842 0.54605223775126687791 0.25586777033398255821 0.57796444924984480274 0.77491211082788957754
-1.3821787646605772082 6.3245757489173124455 -7.4695156371688344876 0.99162535346840052775 -0.0014793601983027499652 0.12913934277406330375 -0.074124467311648775669 -0.82535561475846419555 0.55972642650886628157 0.10575784464750029312 -0.56461130052464814089 -0.81855321000869019077
2.3862748639720416932 5.6796900619011578826 5.643107335846928585 0.74864969272211501217 0.0011209669226153943893 -0.6629648414661579725 -0.065376251365005133565 0.99524938287525654967 -0.07214299441888259723 0.65973447942682139633 0.097351986725655134669 0.7451664292868284134
1.102630856515890434 -5.881367894292874432 -4.2953849405703730113 -0.98203277032602642738 0.0072009982428685457082 0.18857301935912618163 0.18691607484758623881 0.1745920242940665057 0.96673678217829239756 -0.025961875307369781246 0.98461452897929269135 -0.17280107162082161687
5.5398368088126552777 -7.3253116259886104089 -2.3526003792239955636 0.93057779528335637931 -0.01049153823578047838 0.36594384070653879215 -0.088957975057782509576 0.96314962948502247375 0.25382921403283942308 -0.3551217334931863201 -0.26876145342735685562 0.89535235273733015937
-2.7666331384299129859 0.72838040176044649421 -3.2971888643040210276 0.97967677209383186021 -0.007509045083818510942 -0.20044210251706745529 -0.19631457095680615588 0.16915524779951404688 -0.96584009617113197876 0.041158370346615472113 0.98556081313318477655 0.16424333218309519755
5.9785965735541815036 -1.4635234403914740842 -1.8855151414769466545 -0.88621688832727063545 0.0015224068822009442607 0.46326807479123732758 -0.44797791771326289645 -0.25762990565408955268 -0.85612067896641386167 0.11804834638734817975 -0.96624247163430387886 0.22899797799388924013
-6.435815784078792845 -6.059995549597239517 -7.0732173715688064775 -0.99964357855610452841 -0.0024869871681591614737 -0.02658064608599039827 -0.0048440182790558047876 0.99602145470160863283 0.088982005265626731849 0.026253596676167282459 0.089079047306316480603 -0.99567849830782018117
-6.0252044420796595503 4.2623036387194392915 -1.9484280422996012039 -0.98777635054125001446 -0.0053617219148611354809 0.15578553607326317554 0.045918306707998068905 0.94505290110553141769 0.32367657193735799304 -0.14896103658539086578 0.32687347101006986039 -0.93325470453102754576
-4.7044640929337671054 -6.1339120733406797825 -2.4421943692506959955 -0.85056108485758508131 -0.00053159865268806449912 0.52587599139801277648 -0.43178080234587762343 -0.570122402003466755 -0.69894619639805644074 0.3001852422280630317 -0.8215595925657042109 0.48469439465685348889
-4.1708896711876795038 -6.2788724059118949938 6.670594226382004166 0.99992531837617548707 0.01062797764841991871 0.0060335529686615010231 -0.001811590644547671821 0.61714091853803954013 -0.78685056065652414503 -0.012086182592451486309 0.78678086705073901896 0.61711408299692271928
-0.3935860726456054115 0.32583203838565499844 1.2193569794748460033 0.72790805214032239245 -0.0094386036006190478231 0.68560978726345933598 0.63009771504102696227 -0.38513942483541052653 -0.67427330730026591166 0.27041955759423763617 0.92281013009156309668 -0.2743988459724333584
3.1956164215040847587 -0.16424129911285281769 6.735077821076937532 -0.99979826646572966808 0.0047486434328153515755 0.019516064091254319707 0.019817085711663250808 0.074904089874783835734 0.99699381163272082773 0.0032725350974818507438 0.99717943606224557218 -0.07498308348192425643
-6.3894190028084629773 5.9705093731232121712 3.6936432864344066473 -0.91338262010890913789 -0.0034679364458053748427 0.40708741407680104629 0.043751440074298222904 -0.99500840790363942467 0.089688793572155173228 0.40474436472217978356 0.09973084586932159934 0.90897511385504792258
-3.8438569039167274077 4.6696021021006561824 1.0425343552733228325 0.35667055999902763652 -0.0012327351289849663649 0.9342294107948834192 0.16206413028325702963 0.98491933317576696449 -0.060573301149387477615 -0.9200659374770576715 0.17300979018742662641 0.35149151226422203909
-4.6344063649861846343 -3.4083107178639715507 -2.6747063645921111963 0.84583373425907337761 -0.0053802335525115155962 -0.53341948509255099342 0.014211698617187872029 -0.99936693910985296974 0.032615159616053934766 -0.5332572752545522432 -0.035167799210141410804 -0.84522180774458810504
