1125 14.717824617146108679 14.977075390850430381 15.033177056927090831
4.8478007609486297724 4.1425812838703786056 1.1753827950755308951 0.97719898257947812592 -0.00042508593705569775248 -0.21232514629114643268 -0.031587342135303321522 -0.9891611301096612241 -0.14339629875649129165 -0.20996282590600731655 0.146833504290256045 -0.96662067728523837218
-0.71182033404852451675 2.6335814743474861288 -4.7254410091228402635 -0.85978671045299615017 -0.0028054734369295786234 0.51064561277582953824 -0.42582953672339518558 0.55585880647939633903 -0.71392590155649193751 -0.28184396069879397162 -0.83127198712464256403 -0.47911466815325332025
0.48367470283380759044 6.5219246087501421272 -4.5826885382106237188 0.67008237524245395367 -0.012772449138948819419 0.74217684882534595836 -0.060267949278751682674 -0.99748704627299877856 0.037247373159404996434 0.73983605256783901982 -0.069688284959079596637 -0.6691682585570982722
1.5827248433721021748 2.8670370948786803034 -7.3716077858470683282 -0.98251189845080555418 0.0061623719095185349598 0.18609780916243898186 -0.038173808178834547911 -0.9848890221886540397 -0.16892712731056441777 0.18224469751335198309 -0.17307697462331164684 0.96790042415710098034
-3.5297919762272025324 -2.4768612772569160718 -2.6054253727068856783 -0.99302820659967161454 -0.0025361131068986049811 -0.11784968828045858102 -0.047151213395877765444 0.92484746545209095547 0.37740419807180525247 0.10803584577718462756 0.38032976977520488449 -0.91851920080636895172
-4.8946710794014984813 -5.0842015077533293521 -1.5879749404011711533 -0.99724327311064686619 0.014929888028029258268 -0.072683923112978360281 -0.072515703506735307293 0.011516217103676763822 0.99730078185495252274 0.015726632841841337029 0.99982222179102442361 -0.010401818704680845101
6.9902624689795862523 1.9125109254025025596 -0.57448038304649728936 0.86170415551716339486 0.004231102190260781562 -0.50739338401152844771 0.48882962263705997952 -0.27505288083187751091 0.8278837555953371119 -0.13605715121585604255 -0.96141978891659529705 -0.23908249848687718186
-5.542741214909760572 -5.0429354720280405999 4.9214959151111195013 -0.99946922975792096278 -0.011460965501423600599 0.030494344345135787622 -0.0060501259730519774821 -0.85448288763993962558 -0.51944430953305664733 0.032010228724185185722 -0.51935309857582045989 0.8539600132655770226
-1.6960049989641172719 3.9533278301549286127 3.1177017823314132627 0.72629375872909562872 -0.0055780611836367876774 0.68736181248645833453 -0.27208377203587974513 -0.92062874809182637659 0.28002344398586098695 0.63124305701205762897 -0.39039927435946120138 -0.67016461377308877978
-1.4020800120058185545 7.1676883530729025296 -2.0475145787510933282 -0.89563892497530617209 0.0087061856389386259314 -0.44469665885935921734 0.1938418222028406579 -0.89222432473111601414 -0.40787388041311367637 -0.40032020188119260551 -0.45150853445953759158 0.79742321215032685444
-4.2587447810327114794 5.1820896661641340231 -5.8547290304619714618 -0.99705288601572061857 -0.009548793487810338862 0.076120713545279314327 -0.067157615894721064964 0.58829300468836709381 -0.80585432632835840572 -0.037086346747201653917 -0.80859146741580001372 -0.58720051235270598333
-6.6201064818555606095 0.67857268578273111093 1.5693318960688031893 0.95598233949053779135 -0.0058813127795114168717 0.29336526164864901167 -0.24954420826388212795 0.50964549738729447714 0.82340096861414135976 -0.15435496332847128964 -0.86036438626474576186 0.48574444736198396644
-2.6458861742635524372 6.4709256127893040045 -0.23330730775871366678 -0.85333784172825444259 0.0038265831880298513921 0.52134430574781642775 0.24252704913771336304 -0.88227715358844616134 0.40344473561140503648 0.46151398495732198768 0.47071475600101964076 0.75195243212041029679
-2.6791462070738503165 6.7836839972116882436 7.2444617199076812852 0.8756360632821067469 0.011759284322011745449 -0.48282833793407786693 -0.42918144067091662519 -0.43954968092431168092 -0.78904966192448466877 -0.22150570119889187448 0.89814130137289438505 -0.37983868563480505109
6.6527019524025208241 -2.4782698236413924775 -4.0787108348117868672 0.99826125322328851386 0.0062848975361946887025 -0.058608620321803604758 -0.03493243076986986273 -0.73780360831463531746 -0.67411094104633917379 -0.047478369744325468749 0.67498617439238173255 -0.73630120792073927571
-6.0999510541019938969 7.1657080381685585024 6.5254763204119523579 0.99894695855248527572 -0.0054184634196952508739 0.045558909698783865705 0.044459704233940383622 -0.13083857313103683384 -0.99040628152308518573 0.011327342945443156716 0.9913888783091260315 -0.1304598914095073392
-1.3918965485555079287 -0.54384298920033213864 -6.8306776084665896676 -0.52111910940850392215 -0.0019805071221870576212 0.85348166436122208101 -0.62625312837050328696 -0.67851869429755584662 -0.38395234169739927976 0.57986368485659212091 -0.73458046467376958422 0.35234875890834349565
-3.6188503068875150781 -1.0018254144093701186 4.9341790486649959036 -0.92836325310369649522 -0.004465532344983712959 -0.37164731844534082406 0.040549527388886098811 -0.99517596027038135453 -0.089333890145985056508 -0.36945555363981963382 -0.0980044239865785205 0.9240658671133206159
3.2138258639178216569 -5.0376982568100885373 3.7572498651355688004 0.92997523582044283597 0.005836730396798640863 -0.36757583345320032908 -0.36738519550674181291 0.050651289345499110606 -0.92868862651059391755 0.013197684761138687992 0.99869934387979697465 0.049248773091640711541
4.9964855367791312091 3.6827673475142694848 6.7005202965116508196 0.95249139869311838513 -0.0038329035983097519205 0.30454136708418011459 -0.11715428420410543831 -0.92759596376990183231 0.35474018899793491322 0.28113165796138972485 -0.37356530466262910517 -0.88397621803103521021
4.7009926984604915035 -6.0938824920885048542 -3.7418332922819352859 -0.90922370036717758968 0.013486537275016603071 -0.41608938463146555309 -0.26322873167053545407 0.75569829367125151975 0.59969219084911085105 0.32252580906614708445 0.65478103382323260551 -0.6835487548313903261
-7.2040435842841974434 -6.5092492697708710381 2.3011966526957792212 -0.95060012572334573466 -0.0029514626755499547006 -0.31040407510616269127 0.11084040202663104913 0.93080883502051658951 -0.34829487209308879203 0.28995483485030348891 -0.36549446167594218382 -0.8844998542854801693
3.2550377920022559586 -1.7503370120002257337 -2.6395615143724935336 -0.95529515955605781574 0.0047166276645232629514 -0.29561615577013788947 0.22452199317263746292 -0.63895791839976978643 -0.73574632387531724298 -0.19235652500146130373 -0.76922723036677742581 0.60933441996301174193
-1.4207778671602211418 4.6844793429133941842 -1.416773278361662225 -0.78086162243343959499 0.0020384735268647261736 -0.62470070532728294577 -0.61474852572849081334 0.1753082284248693723 0.76899367693186881922 0.11108274719942823339 0.98451148783154418531 -0.1356383190783823911
-4.6145495858715346316 -3.8639584691156567686 -5.3722095091949562118 -0.08415614122021207455 -0.012901131663016698545 0.99636906048746054498 -0.89783866120478661443 0.43469175456922870548 -0.070205533652930543487 -0.4322076842686289333 -0.90048689013858917995 -0.048165115465107419257
2.9292824602145004498 4.5983355131137315652 4.5065777377372420176 -0.77215958099838821749 0.0087154928100732047269 0.63536888628368137777 0.5240764261551605907 -0.55669413872886075456 0.64454288876174026246 0.35932364383762327442 0.83067182213550994074 0.42528912858107981165
7.0341026669272181948 -5.3694748661512612387 5.5071339438681823353 0.98572012480524506817 0.002047878881431968584 0.16837945761335262884 0.1663776428974738375 -0.16604214540816469858 -0.9719817312543431731 0.025967585524210128056 0.98611653071041083241 -0.16401180555585961884
4.8747704323904761381 -3.6636469909529658651 -2.8386313768606061814 -0.99372988575995413463 0.012261817196314993283 0.11113308232233368167 -0.085512727818872744101 -0.72370798783150014355 -0.68478779321029770166 0.07203115665040527027 -0.68999738853705883113 0.72021879750794004504
6.8585521808014142664 1.6471337525934475199 3.8788400396930517999 0.67422024297058580355 -0.00021466900436094673091 -0.73853030938892105794 -0.68384311148732646046 0.37746151772292074744 -0.6244048378332744953 0.2789008118311938067 0.92602524617611703395 0.25434539627131513839
6.3111015575420612578 -6.9515044242986094858 -3.5430526654621057325 -0.94472364974809386329 0.0018690262778486670114 0.3278623679950323222 0.32783451425193904649 -0.0088414193198098813692 0.94469379196089664497 0.004664426196295288346 0.99995916718896060704 0.0077399666068776878936
-0.72450758882725452281 7.2871424772855890595 6.3178915136156499344 0.67990061041393479169 -0.0089433170516949947459 -0.73324973715563712684 0.56144916598313210354 0.64956679803961647757 0.51267710003611843828 0.47170965007679638292 -0.76025192664316665336 0.44666208039147525799
-1.1268508930615082075 -6.7645325039678887435 -2.2741256377971148517 0.86469752943299882375 0.010841010808149411856 0.50217592044755343661 -0.38462551094711372457 0.65729193520789641614 0.64809762246085500514 -0.32305014923586156117 -0.75355808296070092567 0.57252844181171780313
0.93822919946640814803 6.7527125052398639937 6.674127591085878386 -0.96923355068819150304 0.0071190692329289127077 0.24603992170716554311 -0.19201704873313796273 0.60351977092917052925 -0.77388199300241311551 -0.15399927667436993928 -0.79731625152816698598 -0.58358462782444320283
4.5614988902237696422 -1.6803072744689140361 -5.1380044717902917384 0.84222234221902769757 0.0066659686338753146306 -0.53908913096949040433 -0.038949855238334107899 0.99806295312542459008 -0.048510312053105547614 0.53772152183464883013 0.061853912250952269858 0.84085055657656992967
0.073519160874062794431 3.6488270922768029081 -5.3790801727240449281 0.96717753576400355975 0.0070488111660061292946 0.25400379637839631819 0.13226204473492575442 -0.86749292254027066118 -0.47954434713078775143 0.21696627810800070413 0.49739958142698220689 -0.83995195729296168174
5.3239580240575650194 6.8495108547815792832 -2.7468724637099000141 -0.99795317560835261617 0.001675103016598252989 0.063926937380728854343 -0.062674901646192174298 -0.22416400116344611937 -0.97253398772791699312 0.012701023448821246314 -0.97454999595307079119 0.22381016373494544425
-0.25312211769983011811 -7.2828914028826705618 3.8122567191406098175 0.95501869956279894502 -0.0073246862450071920092 0.29645511035699484426 -0.267901235769974988 0.40734367133667853667 0.87309796775317605189 -0.1271542817142678472 -0.91324557616959134432 0.38705853077840041143
7.1618511549116652404 7.2960690712442106687 -5.6809490018283774759 0.87117169184424714246 -0.0012950762629296403393 0.49097678774726133399 0.07348495063853770215 -0.98838857371765986848 -0.13299620060016623113 0.4854480871924740093 0.15194193009803758088 -0.86096097734989107675
-3.2698136933978330099 4.9457144639889598636 -4.389202803204412362 -0.89738314437393795764 0.011070479361286132344 -0.44111329234136958943 -0.15742710407373097792 -0.94192933257588373763 0.29662407072969065869 -0.41221377839232825613 0.33562862947015675852 0.8470142997513889771
0.83192568250430198873 4.1276475508977332751 2.8345418800006889626 -0.92507277043826341423 -0.011098537041559556476 -0.37962770166225356938 0.37018490521233299306 0.19702977511510902375 -0.90782289223774159659 0.084873466682596793165 -0.9803346827454837431 -0.17815836904187185019
-6.2613792210471661548 0.034770893934558455562 4.6300885443642085804 0.94028838274261428154 -0.0054486307743045721622 0.34033523135586085662 -0.33918930575054012655 -0.098518528226644599965 0.93554514293025348159 0.028431886040357769174 -0.99512030027460285364 -0.094483944866033842125
0.6923950580229184526 6.630550708833589546 -1.804208831396975965 0.96662558751984406502 -0.0050574836700955829588 0.25614331029877529522 0.052846199008938554709 -0.97436728347238632519 -0.21866795867009952703 0.25068357106557176417 0.22490624437212114461 -0.94158107905817234329
6.4657562214939101608 -4.4628804208908716689 -0.21397953744760839223 -0.77216954639225643398 -0.0037630143672891251845 -0.63540540708061121755 -0.46532224596790705551 -0.67761010401485377574 0.56949078512670658903 -0.43270012598996304698 0.73541171234884805674 0.5214788723510406232
-3.2836306054203738825 6.5214447545059526234 -2.8434235990369622904 -0.97140339187427504619 -0.0012305323054312370529 -0.23743196087616583179 -0.11714284302197540411 -0.86732533695943292429 0.48376059595319093054 -0.20652603851323722561 0.49774013868529137783 0.84237862612810865404
-0.57037587196051897642 -3.7470610637370560525 0.36828996294563498548 0.99436317952722996782 -0.0088413627260092129967 0.10565840007146108659 -0.10268647511035429443 -0.32849906964192415737 0.93890566569476219261 0.026407480567406750593 -0.94446291168552787276 -0.3275552677344678032
3.2069294548026352487 -2.2808358906384094134 4.7709838717038248745 -0.9724592879926948763 -0.0061549598535538367627 0.23299152273429241111 0.065210055089173005194 0.95254311598701624231 0.29733694842893848564 -0.22376456804450187144 0.30434146719594373787 -0.92590803508389452059
5.3071424388722325816 -2.3372593309723375121 1.9273734163266538211 -0.97743156333526970414 0.0007281651301904397194 0.2112510562613411913 0.19612291660880665223 0.37475205949233170166 0.9061438602601165071 -0.078506946041875289022 0.92712478323133951097 -0.36643730124180601271
7.0989477004736416532 2.370779454871686287 0.70901797723111492644 -0.8264202441094935514 -0.0032896921922195704324 0.56304418836472591714 0.5049286466637564752 0.43816341953720611135 0.7436799577491023383 -0.24915184507492529886 0.89888931226525947693 -0.36044606030726733525
0.14357911083294347399 0.55832456392050400229 4.8581757660337325788 0.99347183634009683662 -0.0027254319117497385894 0.11404508941574631464 0.10475809011110588653 -0.37396433842127896341 -0.92150768642777414197 0.045160302869055278518 0.9274390791906452769 -0.37123752697533718425
5.9130576836888479875 2.5515350037249198145 4.6133577490296353574 0.98332081713806074319 0.0012603708427857650276 0.18187518260693874561 0.16963914683397240957 0.35428768761464357606 -0.91962100577692174053 -0.065595201382387210987 0.93513562966549990119 0.34816465025275605827
-0.68291829205153664617 -1.5026432672102514321 -7.2441363486287784212 -0.94254047045271305283 0.013682011861219452523 0.33381171955158817077 -0.20120087445231740753 0.77440546371631147071 -0.59984530162866278591 -0.26671271000505308857 -0.63254168267222932176 -0.72715565734166542899
6.2038625369124966724 -5.3075807479644554476 -4.4426282303056892076 -0.91220814965028718113 0.0069763443289496303301 0.40966769744707470791 0.14986465762742912089 -0.92489043384288949223 0.3494542456176734091 0.38133564756782850624 0.38016972000116711072 0.84264708383063557928
-4.6929719753443910335 -2.4265620430457284229 -4.1286107991930700578 -0.68820888266455582105 -0.011672027544724059012 0.72541870502120919806 -0.60498796543338462239 -0.54264692991503282737 -0.58268676931490936965 0.40044736920405615832 -0.83987979689172298503 0.36639300112137346277
-2.3342655421617477529 -1.770685780570910195 4.410366916485111588 -0.99340298346002364749 -0.01163339529201877845 -0.1140840767441015785 -0.078813309345909590697 0.79191434140076988335 0.60552468005354787017 0.08330050853687695489 0.610521367355809641 -0.78760693577414975231
-6.7821386608238434235 -2.0776600544855496899 -1.0779829917344165846 -0.83469772818989529384 -0.0029999927745526259668 0.55070019302519757076 -0.27317643804506958061 -0.86602807810366944086 -0.41877201629663901583 0.4781781428000174694 -0.4999863677936062234 0.72205214200143497116
2.5635038336695732397 -4.4227579200127786763 6.1322695887999296716 -0.99713578883263775943 -0.0001844267910964332742 -0.075631902103327652842 -0.071063452175517738407 0.34457604301848199224 0.93606481417824050073 0.025888306122767101858 0.93875839094226365411 -0.34360221047251460202
-4.4541965999902943807 6.066992656886769808 3.3789810881163000467 0.99478886380601050377 -0.0040881754869678231523 -0.10187444855642943664 -0.002315623048792207414 -0.99984397921662804265 0.017511570861641831409 -0.10193014439989185604 -0.017184412859761157705 -0.9946431227416653309
-0.25889738983105087256 -5.1456085854618995867 -3.703141865365934926 -0.71735530594963525797 -0.0013260816936176041125 0.69670625555774912119 0.062598084319491528738 -0.99607632299427062428 0.062557482445119286241 0.69388964891071358565 0.088488418890174780351 0.71462364560432167782
4.535834365053943884 3.4039091275248241075 5.052606202327565299 0.98381983454088717256 0.00072261282742452481037 0.1791591778129559831 -0.14971907414615337473 -0.54591221289406766104 0.82435675204971814445 0.098400873983605002815 -0.83784206963121676814 -0.53697107403988408869
-5.2345248302934912488 -2.6271383404234649461 0.88844312748608933461 0.83298121301707162001 0.011281665091309260249 0.55318624602684129954 0.041553965801415612691 0.99569301066918680654 -0.082877599087721562365 -0.55173867608374860261 0.092022565369271502878 0.82892477389454755077
1.7246447741160242373 0.81357419917391116115 6.7687511466136207616 0.9592126697346308184 0.0052318887234480086074 -0.28263701378421174359 0.01433351201463801787 0.99764246092248254349 0.067112372910947848403 0.28232181044650672685 -0.06842621942496826537 0.9568762970422859393
-7.2720428998534343279 -0.13861869847270447131 -2.1320437538932548449 -0.82585674943099385281 -0.003844385509072868138 0.56386687269180779669 -0.37254668869792928465 0.75436633400668262617 -0.54050013770348803721 -0.42328429472332274042 -0.65644242307861200292 -0.62443074157449030004
-4.1413448407521489258 -0.43027404277550973521 2.2537139763982199092 0.97252479829210769502 -0.017806270476854978158 -0.23211732688156297422 -0.051278487857568694208 -0.98896659327931690786 -0.13898055281478294276 -0.22708155669270119192 0.14706465962076017973 -0.96270761527096992971
-4.2213380920691969678 4.0775896465334300345 -6.0752855704387958014 -0.85905468855321043264 -0.0081872969473732980228 -0.51181833715051250344 0.28295800328752618302 -0.84081732222481508909 -0.46147697561442796443 -0.42656747467462763357 -0.54125705428697767907 0.72462472407043410083
2.5511650708457520587 6.6654889636863741131 -5.4073072886329738296 0.8513606835970241038 0.001328670029806582227 0.52457908942425368615 0.237474035062247818 -0.89263975474184575898 -0.38314533916737258945 0.46775107599705800787 0.45076879094543154114 -0.76027391643614383732
4.7367896127993276423 -0.093889775278121978541 -0.33007812474192127494 0.84043444690659985241 -0.0029151561127474627522 -0.54190538133306664914 0.48032893974908269508 -0.45898723654563483576 0.74740539623955215554 -0.25090645685682438915 -0.88843807806351671186 -0.38434845043858467672
-2.6196329974610148561 -2.6891172631496766954 5.8266988432649089447 0.99559933632581265606 -0.013116943927451503449 0.092789586105845714425 0.074134205898043148419 0.71592634452733305839 -0.69422877261570381524 -0.0573243493077463806 0.6980525875560216198 0.71374820769143576538
6.748995968040043536 3.1183868682540283324 -1.767373100622013915 0.99025026555311645993 -0.0097298894559337077009 0.13895949346216660003 0.010701622658392495949 0.99992321938176453866 -0.0062474485813480626351 -0.13888803708223396161 0.0076736296805404932697 0.99027835913086115216
-1.0800973238646129904 -6.5990436240824248415 -4.3911828247579762774 0.83795870888526502451 0.0076298294888870517999 -0.54568029825655672838 -0.23005618215836531881 -0.90177601589120204295 -0.36588819359761132199 -0.49487306984117851449 0.43213632439920368622 -0.75389577653709483052
-1.8388493631127642569 -7.0563483707462149042 -5.7402952081468585632 0.98464300553750694345 3.7374917003085835962e-05 0.17457992510339950809 0.1171293464305891846 0.74138735869702243608 -0.66077643766180904628 -0.12945604601845614456 0.67107733009495140752 0.72999749943531244689
-3.1779946298503167768 0.076839906913806529931 -6.4336149678628835602 -0.99617589730312650076 -0.012474373836781845609 0.086475265998997005723 -0.07923500389299900637 0.54604443479382025473 -0.83400077301452091305 -0.036815700323330931287 -0.83766333644730406327 -0.54494471185760118281
6.1934267920278278652 -4.485030667498664414 -5.1676657045573630711 0.93712580838526338134 0.0022993247188567945624 -0.34898414342787714704 0.32183784146636440493 -0.39241458139677021233 0.8616444743091706826 -0.1349652661186672431 -0.91978557795452209334 -0.36848184151799756592
2.2387945992634437076 -6.09431484832337933 -7.1828563619884153724 0.87457857830907215213 -0.004509326913970967618 -0.4848628428056128703 0.22942880573470328387 -0.87708868002106288309 0.42199273747069160345 -0.42717061399625394502 -0.48030731136395787839 -0.76604840133532015045
3.9791967452946077621 -7.2678964207404197495 0.4410201418092271064 0.93872599892167907232 0.0098903935982915941461 0.34452239268724360599 -0.23750285086319333772 -0.70582039537719309941 0.66739041445130542485 0.24977168530540996838 -0.70832178392597711092 -0.66022295903393668492
0.69668809552795329942 -7.2924351235429529794 7.2009807697892442846 0.88323714994381441468 5.3057486282412575154e-06 -0.46892657946743299124 0.46892610576893178909 0.0014114422133451351264 0.88323627368864399134 0.00066654899891672688469 -0.99999900390094254021 0.0012441501938343329896
6.6111028135341483036 2.6947110958531852454 -6.3935947478784234121 -0.98998423679373614981 0.0075599387180368179256 0.14097538163278089396 -0.14096482799427043076 -0.10777910735551661514 -0.98413036803356113147 0.0077542355186471564193 -0.99414612172661864786 0.1077653027987019313
4.1478362030736635191 -2.8850643446329939934 -4.3538128835160758712 0.99182724238074271295 -0.013593547412432542207 -0.12686188056374936295 -0.11064755198878127584 -0.58672393381017162728 -0.80219208717945122977 -0.063528265443912157462 0.80967292221183917444 -0.58343287405370325427
5.2179266520458940093 -5.6910465791713722439 -5.7991073574943516888 0.69035418333069742403 -0.011278148254438562226 -0.72338364989116321624 0.72335336845200537415 -0.0073129188303006041616 0.6904392989736636288 -0.013076922689252860887 -0.99990965821429633742 0.0031095824229134330641
7.0713938959186464217 -0.36804909065093988074 7.0040109036559412559 0.99684088466219633595 0.0022947902101402265114 -0.079391338342897632696 0.079310107154318035261 0.02486820729118039211 0.99653975292976582079 0.0042611699281222782318 -0.99968810446255607083 0.024607645698622688385
-2.0925107735901598005 0.96789101066651928029 0.3945842761602469384 -0.98705313154296037137 0.0018490603036566239607 0.1603829681954915265 -0.14023366102615159035 0.47538791581130135366 -0.8685279787178735722 -0.077850085590136453018 -0.87977435202248177593 -0.46897383050339858102
-4.0858801565695079816 -2.5227253007887293634 3.9138551296639478849 -0.95216356561972781414 0.0042401131512562161008 0.30555943079329006551 -0.057823375638455076775 -0.98434015447192935166 -0.16652602656625753452 0.30006832811214340095 -0.17622849297037301852 0.93749800892019996557
0.091279789083285156615 0.040130163935069261549 -2.4306369746345901639 0.84786364818627968365 0.0058286140742298065201 -0.53018229067200262072 0.42867597233167187287 -0.59600220288593663831 0.67898327291664739569 -0.31203228171090513499 -0.80296164379938428368 -0.50782718887158861953
2.1508861476324532269 6.1268873376009418408 -6.9075489764633477563 -0.99321732511637517149 -0.0035575664126661025316 -0.11621828087743409086 -0.02618680031960692739 0.98069627640319811945 0.19377581102385926792 0.11328546498957599298 0.19550487761216783777 -0.97413769368193880993
-1.8434970388203686387 1.8555268161206432964 2.1591902329076599898 -0.95659659643476679936 -0.0066219196742951080131 0.29134018237999614875 0.036510858771979730342 0.98914085137224216915 0.14236338482303792508 -0.28911919493714804963 0.14682140963215048468 -0.94596699984331977795
0.95561477008715334236 1.0463661553865704068 -0.31268098246621989222 -0.57300897715579890423 0.0017051027191306218113 -0.81954731695215354836 -0.81038255642802270451 -0.15032474898508998984 0.56628842658102618302 -0.1222326647662457938 0.98863520191589382424 0.087519216157666432365
4.3232402082632095386 2.6349112798103839772 -1.0587225270814157874 0.79412600254581433568 -0.0042702020473309957455 -0.60773814875733345175 0.30586193306210601728 -0.86130172464257870324 0.40571888917234932848 -0.52517841728706826654 -0.50807588459033559136 -0.6826760033235190761
-5.8904044330657248096 -1.1913954018660717349 6.0746849094046639905 0.95025004523337597284 -0.0015173416492640220618 -0.3114844285167986393 0.18184484096079286952 -0.80918998328979796497 0.5586985097165418912 -0.25289781602469574295 -0.58754512049527984896 -0.7686568974725462855
1.7807007286383775835 5.4885718427224050586 5.7628589703425356916 -0.97580990199040007482 0.0065356726453534713661 0.21852304263051008926 0.059636158132848754443 0.96960301494836365066 0.23730470295855859986 -0.21032965511452481056 0.24459615366184786489 -0.94653798539380429311
6.9477060403078052531 -3.7500320846370698291 5.752819355276301394 0.96964077180793151189 0.010429508411539386431 0.24431127481564693382 -0.10071036989929349481 0.9274562844680797058 0.36011423436921224939 -0.22283221275767584046 -0.37378612301003277807 0.90034978713980540199
1.5824742125553985517 -5.1868686602972253752 -2.2287966717851590559 0.59030996266111845916 0.0071799339764855672069 -0.80714471845587942855 0.64929408710479286082 -0.59828639239608161216 0.46954294917958094846 -0.47953241437237159595 -0.8012501739293010905 -0.35783630663272775196
1.1300055738424248375 -4.2548026066349180496 -4.6611119221475929564 0.9330633230214532281 0.0049346530495101605107 -0.35967830686810492447 -0.29430302765681698451 0.58540538060972391321 -0.7554377990710682278 0.20682979269031637193 0.81072571783091162967 0.5476725730792220137
-2.2023522315643186964 4.5525356424215877027 -5.2788019230245284419 0.6256900370620864793 0.00500072275445033812 0.78005574819565492994 -0.47735808562985893033 0.793341506485929715 0.37780750676839963687 -0.61696129182065218011 -0.60875631155550391505 0.49877301203692742115
3.0665938658361162616 -3.017919450031132822 2.6429338364866841182 0.96987080684054893798 0.0088396535814527586045 0.24345939818136907995 0.23812445198123402545 0.17666346328136439681 -0.95503233773007512042 -0.051452535475742217086 0.98423161972476302939 0.16923579800717322708
-6.9215506620292499562 7.1586483387029407055 -0.92550618698215258995 -0.98633751589430529449 0.0087073515853370361123 -0.1645067985452809689 -0.12043466424073159815 -0.71946020732397097941 0.68401206255922031296 -0.1124001618702410582 0.6944790796745351491 0.71067926064135911179
1.5640200734056644016 3.5018656509033667668 1.8328794668404706503 -0.99244024953489218266 0.0062049889097087560647 0.12257181248480890357 -0.0092135499567291105627 0.99213592819516538412 -0.12482552015298030434 -0.12238243991842118197 -0.12501119188657519588 -0.98457845817526568055
-0.36120441715242446179 6.8107618611682996246 -3.0950155913524644014 -0.98814226660069459651 -0.013735590913837567029 -0.15292545406033022926 0.13181771030868966177 0.43483692986777550127 -0.89080914660343091249 0.078733424962294573657 -0.90040445243537392539 -0.42787015533714506388
5.9587821472594715289 5.1388170588640713632 -1.2279714694237817696 -0.44808388364059609232 -0.0062306142207555256091 0.8939698052328152178 0.028148470129434818854 -0.99957823753586816373 0.0071421757146710425704 0.89354826218338323507 0.028364176191092486945 0.44807028093600032026
1.3001721928295477682 -6.3820511112306972379 2.6806514413000752661 -0.77655946140909093423 0.00039713326295112705289 -0.63004384385631861942 -0.57905701730483671863 -0.39453483931876631718 0.71346704988652742685 -0.2482909052021035623 0.91888089698771913127 0.30660972513113049498
-1.119903233483623195 -4.0297283703777724284 -4.1310995020951590817 0.70061601398439632415 0.0098607742089317912404 0.71347036804665198151 0.68526217409409173609 -0.28799439640044810496 -0.66893570722280781826 0.19887924402599407858 0.95758132436565324141 -0.20853070162860831704
3.1716526895247101336 -5.1948253536535640151 7.5139356128809078328 -0.94676959416516548451 0.0055472363615361825959 -0.32186420076328342565 0.17585543883540594168 0.84638807802025961546 -0.50269482394098774503 0.26963345526143828179 -0.53253774472222237257 -0.80231000881820335735
5.9924988563107914885 2.8983629903900012259 6.4944665766902112125 0.88965069354789094724 -0.0031543689779042378973 0.45663080647939352508 0.41089108254821238297 -0.43074037711732571232 -0.8035118205746814013 0.1992238985465830392 0.90247037484742953506 -0.38191237315740134139
7.3324680180803252227 -5.1182983028872257592 2.3910180161198368864 0.99435431114015604415 0.00054179793562825987602 -0.10610942640454917862 -0.089626349476378042169 -0.53102574333835372844 -0.84260238392228459237 -0.056803357263841877667 0.84735551356375704568 -0.52797917784376935391
-5.7890427846985117455 -0.44786715763696394177 0.046710177589552696886 -0.99334439872826940654 0.0028787624265269404905 -0.11514607349830807692 0.068285032850080210065 -0.79034705104738778303 -0.60884209216297580092 -0.092758071367673500252 -0.61265263537149428075 0.78489023982246841626
6.6940023983572460864 5.1423866099515516126 6.420126562665541492 0.90229166113026115781 0.0043626125010592297845 0.43110407776656117784 0.30870549738276253926 -0.70455668750209754503 -0.63898418601849182874 0.3009496206019254827 0.70963430138928484947 -0.63706238638870649194
2.9741627208384198155 -3.8973175280752454519 1.8605798325964060247 0.90721106356088654366 0.004657737620439750259 0.42064996331026982546 0.13543936135826412093 -0.94993032319061343483 -0.28158224460677749867 0.39827661938349184778 0.31242708999572871287 -0.86241813981932469169
1.7171909350286203022 -2.6195631650062245477 4.1013396469246172771 0.99987554892606156365 -0.00034271387028931774021 0.01577241918393057149 -0.0063285922773742920092 0.90708310256260238358 0.42090401989673631444 -0.014451144573941521881 -0.42095145514979442902 0.90696804620003368402
-3.5287495818475331788 7.2257072522504763867 6.5433818653053075209 -0.86162785709755762564 -0.008770319112936825201 0.50746479422330592612 0.32026365604846385171 -0.78505319647519200554 0.53021002378170845049 0.39373674769826294551 0.61936625691649216385 0.67923251785037719319
5.4728409226407368493 -3.741599518869641372 -0.34130602197139686682 0.72435277732982028542 -0.0052380228358999848109 0.68940961488157581627 -0.54513463594947098034 -0.61653257526851090731 0.5680808149558581599 0.4220678649965023399 -0.78731197548959430677 -0.44944251088185749321
-3.9524478610849822502 7.2497631837378087027 3.4310259063915982125 0.9324366875609527705 -0.004355055300155542819 -0.36130715075073871478 -0.31247829751010747223 -0.51181235858979223785 -0.80025334937124548151 -0.18143631741047569483 0.85908622564208902972 -0.47859348056205963662
2.9943736163164280661 -1.0150784705301125754 -4.8889877577841582834 -0.88051211492432102101 0.00016615937759388880665 0.47402361530062009365 0.051809269213893338613 -0.99397536421145560315 0.096585583625465251667 0.47118384426369597229 0.10960359360816966656 0.87519874152846954818
4.9695770960258851545 -2.2225301202298415326 6.6198110250364381457 -0.99879396273268850059 0.0059504373251264772171 0.048736149871708100978 -0.03837744151103374135 0.52450363592721938044 -0.85054283130369590094 -0.03062338961879875962 -0.85138741369297521455 -0.52364270243509536407
-4.4431805620797053535 -4.8724353417482237916 3.9335750447983892641 0.99239904242137677581 -0.0046069644328010916912 -0.12297526775692781131 0.10777201096785776757 -0.4498777168065891674 0.88656372222913559789 -0.059408200217918337438 -0.89307828089121299442 -0.44596171354419711363
-3.6037151984922743964 -4.7176942528421559331 -6.5317438221589219083 -0.63045310134771825883 -0.00028224315695384158062 0.77622729103002796602 0.32699575976858286097 -0.90703509216276412275 0.2652566958223036564 0.70399052557146857279 0.42105493931786031059 0.57193537920083181714
-2.8829032122282876038 5.0690044030664962449 1.923811443337075211 0.99912562605381272096 -0.012869538015353407592 -0.039778868181548236727 0.015665217751653245232 0.99736839674280086676 0.070787584586938845366 0.038763182471647179839 -0.071348834399203142631 0.99669792791738898163
-6.2765503087949818806 -4.9398134631945129769 -5.5697722379091842981 0.40797068280964227105 0.010671217954107784301 -0.91293266294696140406 0.74476741500118925909 0.57448813141548571437 0.33953627849638451375 0.52809224527567633078 -0.81844334682992248009 0.22642673982899971796
-7.1341009474448275895 -5.0663862968106698759 -6.7837727226993456142 0.92870992603491553385 -0.0032425727261527225766 -0.37079287885048628493 -0.14819417156335029651 -0.91987710739060801757 -0.36313164942387460288 -0.3399064000556661358 0.39219331078028862869 -0.85477953074493928654
-1.3795084639755070821 4.3266617220353777995 -7.1984477065640986027 0.99955365165110010572 0.00044351227725156292664 -0.02987140384745518365 0.017105545271186524403 0.81126450209464917585 0.58442904442028897893 0.024492811025604317027 -0.58467915213215804204 0.81089480900424015797
-0.58736822893259399425 -4.1257658386818230056 -6.4780943591306705542 0.8168254932966060311 0.0011489810688906508702 -0.57688369134783934467 0.17528999478068782447 -0.95321037333385882917 0.2462994151404930554 -0.54960852543468363685 -0.30230558051622641313 -0.77880793829951133755
-3.5242051846490904943 -1.1648775965052828862 0.58465166043177896338 -0.97181452751302088711 -0.0051947971623036333366 -0.23568949530490032607 -0.23574079692378530071 0.028511100855405580728 0.9713976496747943612 0.0016735532172701649001 0.99957997739563964057 -0.028932127629579692391
5.3980609912078625356 -0.074350572688178059866 -4.42429450618747655 0.93829090771322520848 -0.0015818382859760645679 -0.34584341874663165894 -0.094760798068062757071 0.96054482233169369287 -0.26148429291501218419 0.33261173108020986033 0.27812073291901939776 0.90112057698651981674
-4.0727048455048713294 4.1360476720591936584 -0.2313430571866273433 -0.97040511441166299456 0.0059167743886357031247 0.24141024357864931948 -0.093124652372496230512 0.91320445802571115212 -0.39671830933597035385 -0.2228042033812175915 -0.40745872137280458869 -0.88562727901348825554
6.8525776191216154487 5.348365630283286265 -5.6904473677229541195 -0.99979491535780729006 0.002468917224650404342 0.020100539102292733912 0.015225374005920963225 -0.56282414488848497847 0.8264364282368391601 0.013353471864837242189 0.82657297704334820043 0.56267112811206643208
-0.062050954413480324812 -3.3510592302911215157 -5.4900891919454481993 -0.99732416358552655744 -0.004943237377188521367 -0.072938858865894046213 -0.072571152401429792067 -0.053542127551503830574 0.99592503152414113554 -0.0088283955255712281973 0.99855335610147055725 0.053040121143750167121
-2.2478083848779917275 1.9951976635790540371 5.9579650251122391325 0.98337666079053098755 0.0014145203597973948426 -0.18157186495877181143 0.0024634393306926290895 0.99977369289202799862 0.021130415704697480539 0.18156066335831705372 -0.021226448910361538081 0.98315063107729538938
-3.4219798800979512876 3.4351839385309523855 0.43633402814472704856 0.99901848350007804722 -0.01044663864660071162 -0.043045758979826660717 -0.037577406202296825821 0.3146411003093790848 -0.94846661329702453003 0.023452252946544488443 0.9491532256369293874 0.31393971729395192538
5.0634234827780861821 5.9560794690219793779 -0.37993024622037363525 -0.71190469395661792884 -0.004228050525058950869 0.70226336250111376369 0.43899685633657792305 0.77784666949077985176 0.44970692555114355482 -0.54815460122963965972 0.62843987966294068137 -0.55189659430009485597
-0.99107384325126990365 5.6017745684344477652 -4.4086266963782509976 0.99837851572478186757 -0.015497804539030851645 0.054773692532620273099 0.032116458339162948232 -0.64109387262993466905 -0.76679017963198903285 0.046998642990387785867 0.76730597842766701255 -0.63955661440278233076
-5.5261910177956510282 6.3654321929951382941 -7.3447999022585905848 0.93011202314608354413 0.0098542114705765446181 -0.36714373059523774945 -0.36507314277670527281 -0.084514006036116987031 -0.92713482471898756021 -0.040164970088173386487 0.99637356312786784507 -0.075009985187321465139
-6.129071139072045149 -6.886145850460757778 -5.6937561337767998992 -0.61734123812055596847 0.0068542636441766089522 -0.78666563086596930088 -0.66122415907127674028 0.5372571031566056865 0.52358133710842746922 0.42623046251555368746 0.84339067114690113858 -0.32713876053754259443
1.0913753505358492202 -7.3951483845377037341 -1.2155314954786118342 0.99150288089682592219 0.0065166179246275782178 0.12992140264069432232 0.12359370517183709826 -0.35874017650925710265 -0.92521893722515413661 0.040578728605081479386 0.93341470925243374968 -0.35649733145674888934
-6.7808845585340016271 -0.86427382417711895446 1.0369178768384008649 0.79613346997351419621 -0.0082497244483522285535 0.60506482300186403833 -0.60511865209058657289 -0.013674947725223016853 0.79601784697124355894 0.0017073019314213407072 -0.99987246079245040153 -0.015879145722540070201
-4.4050809635456893432 -2.8469630369514908885 -1.5953060517451831402 0.99830399653228318879 -0.0068178453843315191957 0.057815633629313425979 0.029671036440128702172 -0.79486243039918957898 -0.60606381374937556838 0.050087524436876029732 0.60675137719190419539 -0.79331204842204139371
5.6594274938908908368 -3.5144484837831391211 -5.4052843514564745675 0.93097395602082400057 0.0015828098934115085276 -0.36508216598967857536 0.29287199986928408313 -0.60028640310922554146 0.7442326423470477792 -0.21797588147195071095 -0.79978355131562561819 -0.5593145681469805508
-1.9185249998322233544 1.9627116619515667661 -0.10216697818922103325 0.97631520096637292028 -0.0077992226057614225457 -0.21621239670479894257 0.16229803256950425805 0.68723513573796735088 0.70807288949044489001 0.14306633771141782918 -0.72639317200399344809 0.6722239081436209851
4.5700547550869341507 -7.2139571970912363952 -1.8257172535987660211 0.63093435566946831639 -0.0031243355850599603338 -0.77582992811773132669 -0.7582349823837288838 0.20931431010629916734 -0.61746840491981902499 0.16432148467388393853 0.97784342208346997083 0.12969460884197894779
2.0876961932741591177 -3.4776616261718289458 6.8841420124233767552 0.85994990819863825759 0.0057696567508839996866 0.51034583024670210349 0.48962853676290801763 -0.29154733166207075223 -0.82174451588576169492 0.14404878123965306203 0.95653900310528217066 -0.25354108969088079428
3.2012094563514730261 -3.4559563576844651855 3.585671537348420479 0.98718777012239911084 -0.0048502004191286361354 0.15948912839680021158 0.10408252048310384641 0.77718617333781514489 -0.62060332008662988379 -0.12094269490448011917 0.62925203816001884505 0.76773350651172944659
-0.11144406084218692887 -1.4292217016967918575 -6.4140672494698529604 0.96393890198838039218 -0.0083296396647889025394 -0.2659932524264625453 0.26356841552498183612 0.16805671411103803581 0.94988874673823742167 0.036789720996534339137 -0.98574213562427659419 0.16419183440030429844
-6.6282326063627143853 5.7295164995713943057 3.7850875660798868338 -0.97462776888473001691 -0.0043344891271271425437 -0.22378991112812357533 -0.081738345239373136342 0.93765559469165837836 0.33781774473960729521 0.20837359486331302749 0.34753877186209780614 -0.91421947420532534423
-6.2492859329023877635 5.4783665540258699167 -2.7917492258572313979 0.77739040872453202269 0.0047442775981206978045 0.62900051212478846896 0.49218273615764684958 -0.62726899563783522495 -0.60356421476086796751 0.39168904331308052047 0.77878822470659991861 -0.48996795242840768259
4.3421843527674708341 -4.6263603617202333496 0.18292220905960435151 0.93331566429967616205 -0.010535337793129442852 -0.35890232296617546881 0.3344592398514267817 0.3891099739640914712 0.85833003270292529407 0.13060967671251919042 -0.92113106278069822874 0.36668607490576643482
