1125 14.717824617146108679 14.977075390850430381 15.033177056927090831
-7.3209684555985932164 3.5360558077708508229 1.7559322125010778937 0.99436908327481798864 -0.0025192501944808942844 0.10594234094831363191 0.10164533159781850846 0.30542742388637705853 -0.94677469088612586923 -0.029972533952160713977 0.95221202582018404925 0.3039636575182038114
3.2164466590660838463 6.2896664618876823027 7.0901317827989007725 -0.83031119657456320393 0.010961821475245259877 -0.55719220679479553038 -0.36180915470963015412 0.74985240717724865878 0.55390929132734989526 0.4238837722905326455 0.66151432782708796676 -0.61864476209566288123
1.7700809442907836644 4.2776426075964160134 -5.4143257426842748004 0.9790001812022127714 0.011916522559702043965 -0.20351079012191755635 0.20380687639643896292 -0.079866961786414114588 0.97574793135756476836 -0.0046262662611752033981 -0.99673430005452356983 -0.080618439301378283512
1.476457483451049546 2.638422381339099676 -6.9427116852478425457 -0.99612305897655828435 0.0028382633879825546613 0.087924943196665231171 0.031291858756994868351 0.94554270188976086153 0.32399046047453267105 -0.082217218091644672651 0.32548570347095290289 -0.94196570313640359817
-3.0688564095763162243 -0.99338185976808213162 -5.0392891406533060206 -0.99334044353109018921 -0.00027027054489535222697 0.11521584178980713575 -0.092894341777585362485 0.59343650342152054478 -0.79950219366340735672 -0.06815720439696247579 -0.80488076344302506016 -0.58950958612063397712
0.19527265656104875191 -4.3917922184397824026 -0.92263349699422225747 -0.94913664721810298008 -0.0011341800543809331739 0.31486241208375465028 0.15611035648918067387 -0.87012518380280845509 0.46745237309149906269 0.27343953902902123909 0.49282946152563872344 0.82604475686731870798
-1.0228717805181704037 3.0034644383672648438 -3.6573061720876305358 0.92804001147445558395 -0.0090916927501928021527 0.37236954524418702794 0.30599356026897955863 -0.5514267596134158067 -0.77607761844816136598 0.21239039096996448208 0.83417376481482841122 -0.5089640968854356462
-6.2925152639544563726 -3.0299297282885668814 3.7741828584707457495 -0.52059067288945792829 -0.0050080342928387651391 -0.85379170228644529761 -0.27478105876113573247 0.94776368974266889111 0.16198567267357594224 0.80838154422683394795 0.31893401825128631089 -0.49477304994852727704
-1.8170528933714082953 4.8845976239523647422 1.6930741538949356517 0.62826911223049142219 0.0044984865122972830451 -0.77798308865700627202 0.65250399581993068221 -0.54763401226693553259 0.5237704879501284827 -0.42369382584142800674 -0.83670589350589597011 -0.34699681513854735426
-2.0292087086270882423 -7.4128320017282174348 -3.2853326228547756749 -0.98500231978745944605 0.0041614009136101415276 0.17249090629871263736 0.040345199977809234615 -0.96643979637862043042 0.25370531097022103184 0.1677578458732979505 0.25685949995705537052 0.95177754881583043201
3.3748181703851467539 7.3108379823202822578 5.4431512430331272512 -0.94500819468287500236 0.0048953627532489687318 0.3270100111704978274 -0.19180475162367058295 -0.81817227891051369504 -0.54203787623842281107 0.2648970540357095671 -0.57495230884482306788 0.77411846206973256024
4.6665924691366766908 -0.90209230536106221887 2.1490310466968827185 0.92484046987481127733 -6.4815603981341687878e-05 -0.3803552301213229403 0.35789822927431785837 -0.33837555601346469558 0.87029353701768319418 -0.12875932107620832734 -0.94101114706009858502 -0.31292021082773457952
-3.6019136326646519208 6.715692801919463939 -1.4744111488378091046 -0.98254431752098969621 0.00640970928944091696 -0.18591820710739787037 -0.061383699099366709206 0.93226045741272556278 0.35654239723997066536 0.17560952591497988595 0.36173105364562818664 -0.91559376321400842702
1.7093949135393593508 -5.7809422354305555203 6.8319739930408438511 0.97318508784424329061 -0.011184192845005540284 -0.22975138438780151606 0.15009536903204045988 0.78774964040092831929 0.59742939686917562181 0.17430480484719682033 -0.61589399889818641221 0.76830489854519856685
1.7512650689789457381 -3.5863447768749465716 -5.286005887209566545 0.99875174254383758399 -0.0022069055965980429942 -0.049900764857700757871 -0.042255868190280460039 -0.57003869314015442882 -0.8205305173645506267 -0.026634533395292873253 0.82161488417065853262 -0.56942039280310685623
6.5341380137997022715 5.7925643028122255629 5.697375688334906485 0.92679428306793187886 0.0060740290125381535616 -0.37552025650316123162 -0.36100904303086239766 0.29011505738488241324 -0.88628760813203255609 0.10356074411931423529 0.95697249680956453233 0.27106975601741467585
-3.3697822193574351601 -2.040442291265345709 -7.1700566879416900434 -0.5237857511055047377 0.0098725909143851202365 0.85179282627143537709 0.76080597965790008885 -0.4443627068813231773 0.4729863064084647295 0.38317456629535906476 0.89579256342179591766 0.2252397279847661582
3.1804429020512423598 0.26540249003671234629 3.7192394830118744586 -0.62724946273935200391 -0.0042985208130022108108 -0.77880654479276667512 0.66708130166999779487 -0.51905471816255832618 -0.53440128790601104658 -0.4019460765520525003 -0.85473020437568203445 0.32844425595899368053
6.212142627716972676 -4.8017376449246746972 5.3755833649172410915 -0.33553519595003861165 0.0036362635997960824144 0.94202065256855216369 -0.88250239972193889049 0.34861848010158613675 -0.31568127885059626969 -0.32955370846619935765 -0.9372576662363304445 -0.1137647586798626459
-5.5806137599974787733 1.5770165227227972427 -7.3583418687409940517 0.9999625188063197001 0.0047030582756549862283 0.007269265797995890302 0.0086477558039164594689 -0.50170751401160085248 -0.86499409634037283112 -0.0004210723710523453533 0.86502453816488833471 -0.50172938031467739783
5.8557780876828804395 -6.7945181921273398729 6.6229587046788829241 -0.9654307005784713569 -0.017344492506565972745 0.2600821619417709174 0.20022562521636794175 0.58950579374919620523 0.78255518536571111454 -0.16689296386403659755 0.80757791433133974124 -0.56565417959816433058
-3.0354834354248065864 -6.3043470877463763102 2.2112787998479972451 -0.22306120117070160624 0.0081179483912679813867 -0.97477063940492170158 -0.87255861264770728791 0.44416424089057016111 0.2033705844227723103 0.4346092130023410105 0.89590860361311264182 -0.091992423304266199291
7.153994769364382833 -1.0664322395807226407 -7.3953480418162769183 -0.98497716239600874299 0.0011013480186241168292 0.17268114138760881637 -0.12918635339905873427 0.65886662859912015211 -0.74108410576253491708 -0.11459003296018839546 -0.75225896654742707703 -0.64882630310063527102
4.8168131926129431619 5.0994263858243131793 2.1060569492844161132 -0.99592874388992280732 0.01411911133493151671 -0.089031386539087389864 0.067095035982469408697 -0.54348652243699890896 -0.83673212922408390924 -0.060201272747896168724 -0.83929914251386283919 0.54032652732868002854
6.4403575196768114708 -2.517333643035313262 -3.7858903103185861383 0.90231831244990823304 -0.010811743675547741406 -0.4309347621348068591 0.08748460973519676942 -0.97428866556691362533 0.2076247557668866317 -0.42209963998678584618 -0.22504377873303910151 -0.8781726433775226548
0.98749079819430773952 6.7230544261002638251 1.5778289937238441087 -0.9563946070721635051 -0.0063702943848107278571 -0.29200817610578461148 0.16782468915558484968 -0.8302327137814945468 -0.5315529274463242082 -0.23904859186576235541 -0.55738053456895297888 0.79509918275048496739
6.4443557532694120127 -7.4258225042901031543 2.9706599350044267105 0.92194874896806167097 0.0054570123348890347062 0.38727345028128279392 -0.25696272344318571434 0.75676294470766014566 0.60106572375913291939 -0.28979417357328207672 -0.65366663256877077792 0.69909889888997689411
-0.23016569332267514114 -4.4879073181263278158 -3.5421010335928011514 -0.91680932562730899082 0.0073270652331932813184 0.39925803004797166817 -0.21010259895852329004 0.84140141955281522179 -0.49789612278603501139 -0.33958439062126960506 -0.54036095833212305362 -0.76986523259394212815
-6.1510655199679415972 4.2764991949925494907 -0.27951806237145554457 0.88303668342155117177 0.00063253708668085766031 -0.46930354316677008741 0.37828273360732384001 -0.59280546666458355798 0.7109738758541859216 -0.27775598857018846122 -0.80534544053432055577 -0.52370825105593776794
-0.20997910142421366553 -6.6401954638387170604 -3.8269010849237279359 0.99996083573921179521 0.0046642595935272434388 0.007521414098882990909 0.0058461865932501709542 -0.98615991738250097232 -0.16569381234766897282 0.0066444781525718176959 0.16573129466225658413 -0.98614856329039080052
-0.22724194669505612398 -6.9271918514056327609 7.11517422553228851 -0.99951868711561109304 0.011535483800164315904 -0.028798033267792084305 0.01701126898083702918 0.98008743789235663879 -0.1978363738377434955 0.025942452356216939152 -0.19823104373207570128 -0.97981194239839086713
-3.1226865931525140674 -6.685990906185788063 -3.9500340444291799358 0.99766274055323589387 -0.0082645500835893427605 0.067828853181577081211 0.057415115095336470563 -0.43681808287954176917 -0.89771569387422078812 0.037048085923586791812 0.89951190080033005536 -0.43532261559449375588
-1.4685411051097083668 -7.4495427983725956977 6.2649890827388485803 -0.81583283972505915571 0.004758881859404277305 0.57826821689387697401 0.18428461956872652094 0.94997214575685706706 0.25217474353405155973 -0.54813862901324306165 0.31229837548331285113 -0.77589546206565185305
1.6552020392289386042 -1.4439715463635156567 -3.1731927204342769144 0.67370282298959516254 0.003712677903043389363 -0.73899304619109429382 0.55973653954149038547 -0.65548118289472234732 0.50699055728198083592 -0.48251374342919128857 -0.7552023800900966588 -0.44367764481460747472
-0.41041490765403643159 -7.3917227224625117188 -5.8257716611438112864 0.99203074359649690006 -0.0062016860659727139279 -0.12584332659840408164 -0.0088328475592954359269 -0.99975367459173658524 -0.020361015307136506869 -0.12568605556465622941 0.021310308075739227418 -0.99184115976620479405
-7.1841821942980903515 7.1463130075894278903 -2.9294465791691650658 -0.95155750973606356702 -0.010944295456593946397 0.30727598028751501591 0.2861746143110708851 0.33393198070768376207 0.89810551851354025743 -0.11243840886709877136 0.94253363582284854783 -0.3146235044522530111
-3.029541803421337498 6.5212944516816930829 5.1658459742796214442 0.99557398949575304226 0.0061614779521294137793 -0.09377882292369101036 0.017397201563324062035 -0.99268532938160070067 0.11947039050817975792 -0.092356747545980527603 -0.12057310238958045268 -0.98839888616026116974
4.8308803245808604743 7.3684810239486253636 -7.3668143596120287953 0.99995035651978425584 0.0049079245634452480646 0.0086716072545098329266 0.0099512594834730398741 -0.53616728284044234965 -0.84405308911598975197 0.00050688321059909682842 0.84409748079713498026 -0.53618950566136136526
-4.0233711538948284669 4.9255327078039723432 -5.2532975033685733735 -0.99512366241741812001 0.0015206743674076369371 0.098623445723617433889 0.014688983717561384518 -0.98644659857018190952 0.16342381077070716744 0.097535276973370846343 0.1640755792887929887 0.98161401478717114077
-0.37516778792352667438 3.916703756919816648 1.5262997195280731955 -0.59737613037662895543 -0.0059413964935857701763 0.80193918638765393503 0.045444164809452625153 -0.99861656368750828516 0.026453480179338635658 0.80067258398239515849 0.052246134177884338834 0.59681970034718823115
6.0565038863955269477 -2.6422820090694476569 3.376367414289842106 0.98008581283612006274 0.0086170396809957788137 0.1983873637724673511 -0.10261455044157670458 0.87730398681166155139 0.46883682530481995965 -0.1700060396430369547 -0.4798577511631740844 0.86071742467163436796
3.5812805355017456321 6.867792119940718365 -1.0279956911212204673 0.53897047489362359673 0.0037056321528403718055 0.84231650552701531343 -0.4947341636426786371 -0.80793706913442764339 0.3201184150330237399 0.68172496985055930363 -0.58925712605694391399 -0.43362092301171295539
4.5414974602541109405 -6.344633549213853918 -5.1680280098088235974 -0.076862515026130687201 -0.011596919170411203182 0.99697425505861325679 0.41901183171771871905 0.90696891809207114132 0.042854013760075172768 -0.90472163600993027455 0.42103787606410369992 -0.064852665751268454009
-6.1526676433979048397 3.0149063141628902329 -4.9552290427310961007 -0.75119705722551566307 -0.005736570061047433465 0.66005308345598767694 0.65692943447268437041 -0.10405009187194788622 0.74673776957165849399 0.064394870441600721156 0.99455551385797669184 0.08193064454427222143
-5.8354493803060067947 -3.2432385179524758634 -1.3455638887932048764 0.99023885700882363636 0.00019415728396949584467 -0.13938065996717916017 0.12392243296782204376 -0.45895335401372300277 0.87977556765735853705 -0.063798406541882013432 -0.88846034303308440983 -0.45449750514198927753
2.690121479212829847 -1.0509235424644918222 3.030673771029642527 -0.94602221206125503006 0.0024816031122122965066 -0.32409229539261108499 -0.31168984463607762869 -0.28104990087068482119 0.907667556967509781 -0.088833636858899639455 0.95968994725721856742 0.26665293940975748344
3.82835403757679682 -3.7099305843798977556 1.5009827495076042414 -0.93914980246720225487 -0.0024617676049218297635 0.34349903671783071912 -0.27483340439505299369 0.60526422674415736314 -0.74707550866856964333 -0.20606855256069037119 -0.79602082606173441004 -0.56911035495892825509
-5.7409134639225722907 1.4634939256806203112 -2.431839653444789473 -0.91578684916223229706 0.0058275116259200150995 -0.40162231886411386972 0.36705829058009892263 0.41816731347398256036 -0.83090571622678377484 0.16310321338929606449 -0.90835132963528320005 -0.38509116288469164013
-3.0169882988749776587 1.1773524136341502189 0.64208061172793784444 0.96432602902920305787 -0.007309723644801415128 0.26461647279960087698 0.15600905715791382744 -0.79188255729031931107 -0.59040934066466066454 0.213860898299250618 0.6106296614147750379 -0.76249257883538634761
6.7877629681773257175 0.9262677118465402204 3.4659274844246015235 -0.89235715316187425028 -0.0015922798373094924039 0.451327127309871734 0.20201338424864775933 0.89282129459018388928 0.40256766948029709674 -0.40359547047172783518 0.45040825988343852204 -0.79639380688412575449
-1.8151027180895835667 -1.6749056161503050877 -2.8468826935417741453 -0.86462327967647056859 -0.0063352479787087568469 0.50238078075730385752 0.17232888733198462039 -0.94300125683211089012 0.28469524794768347187 0.47194209266842529482 0.33272885995375994783 0.81643258565643472835
6.95114919042677748 -7.2415302364724034589 -6.0519623554899348861 -0.7846371632906320448 0.0080024165432048596086 -0.61990360808182998209 0.043329414498897184105 -0.99676364394093730503 -0.067711150904958036789 -0.61843923211788232042 -0.07998874575319211977 0.78175105802954836243
-1.3282678046182532228 -0.76833377117008461177 -4.0287439416247465829 -0.94686835694904603056 -0.0032384514063344286075 -0.32160507931484533239 -0.26785079171391901198 -0.54558468567958384732 0.7940990518381436658 -0.17803445730213535159 0.83804943958245059488 0.51572945313288032221
-0.9849721819634214004 -3.868668497598242606 3.2674804799341794492 -0.45513866098374317071 5.5002271558250021011e-05 0.89042057268040541995 0.56616296322014869613 -0.77180491869510214897 0.2894419916944217519 0.68724689766907787192 0.63585939047313144723 0.35124711698662380854
-4.493541950646446459 -1.5004296792152236328 -2.0403949280290345492 -0.9913840163736555855 0.0010130799826338623623 -0.13098360869874686729 0.099739526130371486401 -0.64237417307156374768 -0.75987331095255394864 -0.08491029976441304139 -0.76639049800969993864 0.63673844359701226026
-0.20273102340439685953 -3.9542918222373115711 5.43714943247017235 -0.99082990510858592881 -0.0062512251993431496369 -0.13497044612032821354 0.088771631609368378824 -0.78319520567801526045 -0.61540626193137171196 -0.10186116317725914249 -0.62174447483392958347 0.77656816278400064846
-5.5097979773693932515 5.0190540192868642322 5.6643354166492221324 0.74717347420517987722 -0.0020995870344220467912 -0.66462575271981527703 0.23698053463574419997 -0.93342593131286366592 0.26936268664450646604 -0.62094446261148894539 -0.35876402061370149532 -0.69693353475438379885
-7.3078131838855364677 -6.1596512672945751277 -5.0676365391923967607 -0.87319030136499220518 0.013780349260868391889 0.48718456418123651241 0.48722220728043585947 0.050068130990957464277 0.8718415584221350656 -0.01237813940100668253 0.99865073185434938274 -0.050433098572759176015
-5.8770783522986507208 1.8907969734551817176 2.5968887367364130725 0.91529326761903428977 0.0038829885250866447155 -0.4027693591267124118 -0.024413435899830089604 0.99864988604935633898 -0.045851818297478703912 0.40204753251184055518 0.051800844527195147315 0.91415231450106748667
-6.841037589863161017 -0.22167651417577888262 0.83711398756221644391 0.79071115418864079682 -0.0044489890744559531036 -0.61217324111545556864 -0.35412319962126903583 -0.81901771703593273521 -0.45144959704388593069 -0.49937223604396363541 0.57375097880292158514 -0.64918193458462736256
-0.68405197618957302996 3.6234039328376574929 -5.3445858732177269346 0.92000492312766324332 0.009064614057429337679 0.39180195787258365048 -0.21579573038764693349 -0.82280895486039207221 0.52575434049362657074 0.3271439196549864592 -0.56824577127636455298 -0.75503218425394114099
-5.4816896457038488677 1.704251231969189373 -6.1915413357584219156 -0.99673612926459564942 0.00071866638217621230111 0.080725288089772945233 0.066414329094811860865 -0.56117124715518640343 0.8250308892745387146 0.045893632558700291069 0.82769941094873911158 0.55929192699850704962
0.83418148148983073398 -2.3281612154310749041 0.92498464910270883355 0.74618443258179711908 -0.0059709243464625702882 -0.6657125059927103683 0.24906400517717053322 -0.9248406951416053845 0.28746618920362027039 -0.61739445567462092335 -0.38030781831636434331 -0.68861458700039979153
-4.4683478038687960421 -0.63249229047686361671 -5.6966958741144138045 -0.97208693494780118449 0.0076463398067837433716 0.23449632063522812819 -0.072009404816586033982 0.94150706819252338864 -0.3292097905006765024 -0.22329719326903804677 -0.336906476683136058 -0.91467611177237140296
1.5017293309011048308 6.0883736072830894059 4.8087575520444989507 -0.97159864126068717916 -0.00025499846964142111692 0.23663477190851320286 -0.02787303990639030879 0.99316136860452619572 -0.11337367224330371918 -0.23498760381507255435 -0.11674943634702769635 -0.96496134387127652232
6.951346137509435863 1.0607307369726508561 -2.0013076183435605238 0.99746583841296909689 -0.021792006778887845764 -0.067727465918410542645 0.046713951461631632311 0.91860029204544724202 0.3924172654116043768 0.053662910264139870864 -0.39458663420706835412 0.91729040121831906252
-4.1062320241609491234 -4.7848107548704970071 3.7965080367011223572 -0.024299543113131427674 -0.009387960251445474566 -0.99966064162138124072 -0.37728315924017058469 0.92609783136967882555 0.00047379955181030015271 0.92577910429981402629 0.37716663815161199924 -0.026045673482818301053
3.5042153879079904755 2.210683518397079883 -2.624073499580333646 -0.89283245208136752247 -0.0048572792846265210737 -0.45036276416733178607 0.41233982305610750174 0.39343503393633988408 -0.82169626042328247628 0.18117969762781491183 -0.91933958954751615611 -0.34926871640330175994
-6.6164377531994889026 6.1913674530156264098 -3.4976182620012288282 0.99158905031965249854 0.0038196983913098428789 -0.12936987744597347461 -0.1176925068733976204 -0.38926072552474300092 -0.9135778901603170965 -0.05384820435301251873 0.92111969768749568654 -0.38553712327069256105
4.8839364355362855363 -6.0852140873036093538 7.3311267456094144634 0.99903825866299345027 0.0027887562492433801489 0.043758205699821028922 -0.0034133642215768613543 -0.99000031327309145901 0.14102385849172124899 0.043713918517743505232 -0.14103759271125757002 -0.98903867000736989112
-4.010640336226639846 -0.16743508483068633708 -6.7136526056002931995 -0.98721270496158330943 0.0066010497963316944886 0.15927178439360809015 0.14553209883175252659 0.44504163695462084505 0.88360531324027447031 -0.065049852974222485691 0.89548554846979278032 -0.44031142286984042977
-6.1748024931113434377 -5.3687473075642024867 -1.5428562549378914692 0.9687973670029910167 -0.0044388658103154789505 -0.24781436229235079272 0.059770049599533560392 0.97451622086621825236 0.2162074846982204035 0.24053939980581745539 -0.22427311862768375961 0.94437406010657987121
1.1354144482719361609 -6.8308515661301827393 -5.262684595191185366 0.13124527953141423842 -0.012160578768364790209 0.99127533860407635036 -0.21441362481043368948 0.97590871790888666926 0.040360522854106822832 -0.96788505210919473232 -0.21784006663930885472 0.12547601870557256731
-5.8791527396092062574 -6.4149948345012335338 -1.5858207358770148865 0.9724804844225003464 -0.004400586464447658018 0.23294278751685773554 -0.22062350437660804836 -0.33873017402029004241 0.91465137540202146038 0.074879748490032857489 -0.94087326672984383791 -0.33037935652680561205
-0.20517054146664914782 -5.8203820586476462395 4.9052271164476506371 0.75190914206994807767 -0.00073658159384610427667 -0.65926633428325198683 0.48661216669978196725 -0.67405858031547660758 0.55574601170225756963 -0.44479348161975401643 -0.73867752622565374665 -0.50647237926451948997
-5.8386114320646642639 0.82482236428254629423 -5.4573199042508475642 -0.98285982116278114429 -0.0018675264951954068104 -0.18434501427672680962 -0.14669471441401127354 -0.59770979499055199025 0.78817743036385456978 -0.11165676292495091415 0.80171036747500801223 0.58719098594585128481
1.0507027929021992563 -1.3555477630766266106 7.3631704216071298674 0.59654142373358154394 -0.0043866688442613021789 -0.8025703002892641269 0.65682281405545861475 0.57732743443065903666 0.48505342426388120547 0.46121808367220901159 -0.81650094341047829705 0.34728099387024857769
-1.0974482356933004112 -4.8679763691987805174 6.1516560993788003131 0.90788012240811888365 0.0089493320049793493448 -0.41913433740625305468 0.22230967802103368536 0.83735153017622665494 0.499420486133305086 0.35543225851708704077 -0.54659155168012341086 0.75822528659856336386
-7.2238185792294977716 -3.1246966565976244112 4.7912015828351339763 0.95274197835188023653 -0.0054907425748048008241 0.30373108901167961138 -0.08365566040686843452 0.95643569708456566136 0.27970071116151451474 -0.29203502044804724447 -0.29189143373579456986 0.91077710651041599021
-7.3338200410161080711 0.70144481616869458485 0.27354536282212443821 -0.75219058988863285453 0.0050156723448949369279 0.65892652057255796105 -0.59990742276002584354 0.40849359590826156419 -0.68792736987224778478 -0.272617682112352544 -0.91274740488969186014 -0.30425609980214118888
-5.5843605890521414992 -7.2603092401277118384 -0.38887587681921731431 -0.76940984795376710093 0.0091843034272047589794 -0.6386893880770417864 0.58775656682014565391 -0.38132472624645780135 -0.71353603364712536727 -0.25010138750431909482 -0.92439553315857991844 0.28799686499133614337
-0.95560699656404968216 -0.37278147854014459517 -2.440318447789775913 0.77834885047217150511 -0.0045776348390698037849 -0.62781534883110823309 -0.35538957542508037291 -0.82755568131933621157 -0.43456857225899142572 -0.51756286250826288864 0.56136497893558734429 -0.64575385695852161039
3.5828975773881843736 6.8180754856214500492 4.1424681361381781031 -0.94212719538059619406 -0.0018515932444116962961 0.33525053217997657917 -0.079453765421060876251 -0.97026300486309091653 -0.22864120484832817226 0.3257045392451568544 -0.2420460142132939696 0.91396404749782134136
4.1939958963398753511 1.1341680756935919039 3.1957860762135981147 -0.95116533519647428196 -0.014035965857134072993 -0.30836260600632087181 -0.15531458237278630841 -0.84154132557141358983 0.5173833954214355213 -0.26676185188838619222 0.54001036010240699436 0.79826494684358229037
1.046894762346183283 4.3900344368616757151 -0.93592042541832187741 -0.92835949347046542446 -0.0025075722235728598909 0.37167507713683606285 -0.34937677529930721843 -0.33532197409952740896 -0.87492573545834451121 0.12682476006108472921 -0.94210025250369033856 0.31042325052731356561
4.7130510633448947644 4.0180361718923220948 2.3973405639258427158 0.9972032803648979149 0.0040531130406729213092 -0.074627005193231885083 0.072306046824556075014 0.20027964895126737499 0.97706698737016706158 0.018906433350455706388 -0.97973038867373640759 0.19942645834324546072
-2.7218317775932612257 -4.1083534668482464269 4.1261162019908903531 0.7953997734266652353 -0.0019650257800272489736 0.60608195741718440264 -0.054291483373307317106 0.99574363309680202772 0.074478533688479606201 -0.60364860247169305207 -0.092145297334949846646 0.79190757599164884883
-1.553278194393164835 4.6161068863934628936 6.5078013690657048329 -0.85226694729045049392 0.011605495412311784068 -0.52297835809176762556 -0.21167916346864332211 -0.92189460046994242681 0.32450312383339563471 -0.47836490497257511123 0.38726690808880848138 0.78815693842663270274
-7.1851021153454093238 -4.0130773538693684799 3.8576193999119068323 0.80590818204085645782 0.0051082494827253870431 -0.59201850301055547465 0.46562386116871318231 -0.62307052800444484575 0.62847238367532987091 -0.36565888753031372538 -0.78214897744582012606 -0.50451615935528015822
2.1039970292609524449 -6.127693972183147153 -3.7136750777790390465 0.83325077955613979785 -0.0023318657023386384422 -0.55289031531716403833 0.4737047237727149418 0.51870303618332391782 0.71172395978314006992 0.28512624053999791052 -0.85495129841212791355 0.43331432505634104313
2.7128980720070168253 -4.2955742415058377759 7.1608157287761091681 0.9440558290117964102 0.0010763439540183179083 -0.32978391894180547617 -0.094207582854937146899 -0.95744483742950370342 -0.2728082011457576006 -0.31604354611593599156 0.28861431836181056232 -0.90377997997025638632
-1.933645367308643559 5.6386493900498928511 -4.7221471461904735989 0.99209962458383194051 -0.0044283021748547906488 0.12537433964073496639 -0.080179042061241337369 0.74624709545624523521 0.66082266436421888134 -0.096486559243421296528 -0.66565431168368138781 0.7399964062225763417
1.8244050137241669685 -4.1588722491816687565 4.2835183083983858765 0.78987942058993498851 0.0014084372949107991368 -0.61326056226754099843 -0.55876618622740059639 0.413754194174198342 -0.71874043710666346563 0.25272682892285636136 0.91038754555831835624 0.32760291029681065655
3.1986159618684464334 7.1741764160168788322 -2.7726797663775299974 -0.8638867240732485131 -0.0033711511580580919706 0.50367485872302142358 0.473801086542319283 0.33388374074531984581 0.81488292291420905133 -0.17091593945904129392 0.94260823410660798949 -0.28684047593223044315
-0.997877540934431706 1.8368542641801093307 2.5482615481007608871 -0.91757196856768941107 0.0027538349716590840646 0.39756018272938409286 -0.052185142601332827617 0.99048989429009504093 -0.12730467470150630405 -0.39412991943088115931 -0.13755793580209663141 -0.90870205287946603789
1.1360467809361023406 6.3490446853291926388 -2.9634463242544692996 -0.99983323192002526714 -0.00037035798987058348233 -0.018258455120827368767 0.016191035001594161757 -0.48044414615174257932 -0.87687585940899970272 -0.008447409899887035889 -0.87702524779133972377 0.48037001988308286604
7.1712526820167452613 6.4027835718579737545 -1.7583505749615748748 -0.94282285767488938077 -0.012242643621790800373 -0.3330693272021775786 -0.13155074724761142702 -0.90452142680439362454 0.40562962089839404989 -0.3062343219568093855 0.42625239721174362773 0.85119294753123320163
5.6363060774215592019 -5.855897742726568822 -0.28063729311076901496 -0.97727519167153276136 0.0012803115158001318954 -0.21197065963439903902 -0.087337511793062400089 -0.91359069104924783833 0.39714507206048554888 -0.19314595200840550815 0.4066330164049945517 0.8929413369265499778
-3.5373068647511103357 -3.3601678128238448018 -5.1243135418565977091 0.93803745382297520905 -0.01491426580742572644 -0.34621279569178331492 -0.21439494805881492701 -0.80988931211707571034 -0.54599826773100479382 -0.27225087965363353737 0.58639309920379478758 -0.76290405145988982039
-6.6017349734585355492 -4.3889455777909045509 4.9590417843800276287 0.46540035497047888002 -0.0043597796913465627217 -0.88508954457403932192 0.37061634772811186123 -0.90714073371155667935 0.19934696395429787885 -0.8037698877103777173 -0.42080480220898436317 -0.42056781385151181807
-5.7293457174021753531 3.2911052284018973424 -6.3703986598327704272 0.82389448953303701106 -0.0062823155008762451151 -0.56670839294024699662 -0.35425438082109600435 -0.78622911527253336317 -0.50630782333164692233 -0.44238185291217618778 0.61790315649764337991 -0.64999537337144763782
6.5580661194661598046 -4.9355177806843348876 3.3584696081125406941 0.81778055109065916906 0.0076601329929455392112 -0.57547918521894281252 -0.33201263954850734894 0.82303459094677133834 -0.46084885731130953435 0.47010911226841645139 0.56793959579131003679 0.67560494232541701276
5.398813406740710974 -1.9055614372956184432 -0.93066946580058640404 -0.98316894464810955512 0.0028699657223610359341 0.18267618776476196585 -0.036752617259588261922 -0.98254333585882924762 -0.18236731692923088821 0.17896388295991633166 -0.18601171053498349872 0.96611157333913466605
3.0811942139634393989 1.478267612704064593 5.7988650632200471335 -0.99850090728933138529 -0.0009366697077878736663 0.054727148584901158523 -0.037719351342223310375 0.7363118396349739303 -0.67559020518925982923 -0.039663442572437881961 -0.67664170538271950495 -0.73524337049718280213
3.8031587815917871076 -5.8603838167582980034 4.3804314743766630258 0.85581165935798864108 0.00053183152085539350806 0.51728727111937078398 -0.0056385738686746834231 0.99994965267202107206 0.0083005184047270554742 -0.51725681261027989244 -0.010020442919004817622 0.85577157029907535701
4.0368962527599947521 -3.3726996541619094216 6.5680732353408224355 0.93715645639122213684 0.0044898987681670290972 0.34888051973884254275 -0.12529622809355051016 0.93754939026136885349 0.32450269035269035944 -0.32563573432554049347 -0.34782320455905207934 0.87919303164929940575
-0.79599332890337803903 7.0572314842164400872 6.9377601102409824918 -0.79679711053495105855 -0.012042064176610852572 0.6041269347856742522 -0.41994081142330974554 0.72992013240987474454 -0.5393202343728092929 -0.43446988335709574303 -0.68342635959783393229 -0.58665520662708137145
4.4727282872901961142 -2.8487925503862894239 -2.5361749582291031047 -0.99987095865067898703 -0.0053017716451531195568 -0.015164341866570802547 -0.0011281466503812705507 0.96481321304924394511 -0.26293381526664127978 0.016024772446388151764 -0.26288277833094331193 -0.9646946934262974338
-0.25303543718752991021 -4.3675626643612996958 1.3465018876220939958 0.96747316094810431597 0.0033623417589041027821 -0.25295133425796340054 -0.079066818227769938843 0.95383659792030672797 -0.28973122497086084559 0.24030006471145226588 0.3003072412142671066 0.92307715808263202106
2.507252631555966893 -1.3843129939639406967 -4.9037738580145395773 -0.9365013057763444948 -0.00080489957689940886537 0.35066316660855750831 0.29626705588364948829 0.53314741815323674068 0.79245167809437500051 -0.18759300593917618838 0.84602197527790223841 -0.49905478804389841185
-5.1678569578807964646 -2.4540634499535456392 -6.8005992590505721651 -0.63863537809315196192 -0.0082681467053932113792 0.76946506847146800556 -0.50906048877454812551 0.75440697250197374935 -0.41440021550298478115 -0.57706349097512654733 -0.6563549021607399947 -0.48599996892309665908
-5.9001336273468236726 6.7434609511144500971 6.0761989723246774275 0.90424144044272292131 -0.016187727467161721479 0.42671462930813852665 -0.42125297380017956428 0.12988178533517524826 0.89759492751606440031 -0.06995247994573923489 -0.99139733675132868385 0.11062536432413384857
2.2289483726170793432 -5.8810827636211806535 5.4441564576731797942 -0.90785836079964488121 -0.0005435311485216644603 -0.41927664053700425262 -0.014170496438559724434 0.99946763935485161134 0.029387666002023304923 0.41903746104228933866 0.032621196425898113525 -0.907382754843235384
-6.5429105737671378051 5.0337001634914075865 7.2183508324242806609 0.99982889300015198586 -0.013216904677698289652 -0.012942107743728267777 0.0092761251603113593217 -0.24708565390657236116 0.96894924177471586368 -0.016004318920831657469 -0.96890350038823724876 -0.24692077415955843156
7.2683468041399628135 -5.7061893402491259408 -3.3708533197977343931 0.18039295712716224562 0.0016445467503072009035 -0.98359324747842524772 0.01479676246868640542 -0.99988997901641352151 0.0010419611202294178868 -0.98348331802802879675 -0.014741958096433246256 -0.18039744408421776178
-5.2240835675424577289 -6.3495296435430157445 -6.96105381947218671 0.42556067018563864535 0.011578059854534543741 -0.90485582526778429724 0.089557966564530411269 0.99447043640056032032 0.054844523427963129403 0.90048736060870437914 -0.1043767198911277061 0.42217059789718108798
-1.6521707386252262317 4.2563072708876132921 -7.2465466387537036397 0.99193042193721592259 -0.00054597311138843314382 0.12678225407702775618 0.085791100285129373582 -0.73338509025508935579 -0.67437837784383913853 0.093348407310278130877 0.67981321795392379848 -0.72742014238519614455
0.45464705713785680263 -4.2018204705529003107 -7.4830030358267576318 0.76593024336135095975 -0.0050640608980714908738 -0.64290373897769503841 0.64163684050315672458 -0.057215534510647043931 0.76487158890879214379 -0.040657437369965680751 -0.99834900605848442279 -0.040573820237043409231
-5.4955494398974620296 -0.40747300452400986304 1.7998172980848239355 -0.9997713654559294838 0.0022214532659015650586 -0.021266921727512471535 0.0012617031770712336305 -0.98672702831621195152 -0.16238281835018752997 -0.021345372319714644993 -0.16237252457122350324 0.98649862561722889698
4.0971407218051112409 0.78041968444920528647 -1.7993518827451220332 0.98290429920460498092 0.0050063084625917081069 -0.184049111599934756 0.18403625868071912808 -0.056349643477307746753 0.98130289573136664227 -0.0054583968297848405732 -0.99839854494869295642 -0.056307649111731965241
-0.7768436681388705134 2.1427223533943999811 -2.6210628978812429146 -0.80838128507600459649 0.0024283442296957995221 0.5886542287993570266 -0.12801657886778705642 0.97533316525878788195 -0.17982483777609295506 -0.5745706688249175853 -0.2207245339570121645 -0.78813020918848197827
-1.0679508729944595657 4.5884546624806219484 -5.0210153688936873806 -0.97727515554896604577 0.0018670032659641750544 -0.21196647056858580749 -0.15104712030684214197 -0.70770577826277958344 0.69017193427468204181 -0.14872134276396503649 0.70650480940493565196 0.69190528000171580558
0.66151133767408987207 -2.2458520323259127949 6.4795602719529190594 -0.66637735133764630646 -0.002689131866311170356 0.74560981363848066739 0.636022236298004362 0.51982907359802343894 0.57030995886157587194 -0.38912329737341461167 0.85426606090370793556 -0.34469197354929020927
-6.4952495404919492472 1.0989929704780019293 6.8475870325981622599 0.90296919970322842008 0.012134287512169720374 -0.42953391420689229774 -0.36650668671795610942 -0.50007567370434047316 -0.78460000583758682247 -0.22432002357875735488 0.86589669108728894997 -0.44710563336403269519
-3.6772729684229492619 5.0088416093122152262 1.111477401443305757 0.93216507512751511921 -0.00019972411011234206951 -0.36203346920243950624 0.27842066922828917486 -0.63879707460907353411 0.71723094496631745187 -0.23140916934930622073 -0.76937523847671607236 -0.59540871572379272525
4.4475205363421173033 5.193113398908041134 -2.640814587486221221 -0.98766072331279375351 0.010170212201442546326 -0.15627815717221077429 -0.15478235008700019781 -0.21534611813344720077 0.96419317229814460735 -0.023847845330629308114 0.97648482639962064233 0.21426307214361858811
0.88961151113447600736 6.2531274646870897982 -6.9678353032934108313 0.84156233695345594725 -0.0051313730374370437534 -0.54013563299615108271 0.5299706430807366031 0.20115184355299844943 0.82381372488435455903 0.10442198281015299677 -0.97954663229788430101 0.17200129261151561599
-2.5821578809507661489 6.0193009003897763876 7.5155309702059840404 0.99844419798756578466 0.0042994314507010435861 -0.055594049989107142962 -0.047605555508947614007 0.58484834028681853546 -0.80974448435804546875 0.029032646962874004981 0.81113126789258893634 0.58414310888466580707
-3.702748794880335037 -6.144324965727617105 7.5065902068371093137 0.55343081754288436791 0.0062353620591775217596 -0.83287180913625691314 0.62940671877731391159 -0.65804736131005647781 0.41330479386385082785 -0.54549199128103353917 -0.75295072251300099175 -0.36810826792575784827
3.2557524363710981241 -5.9234069456055715719 -1.9550687398269313011 0.98739117032604628577 0.0084423741330798100779 0.15807404303413072344 -0.15085595867934578629 -0.25242140633648185721 0.95578549547171542944 0.047970370991685842843 -0.96758057025859278699 -0.24796508537458480936
6.8288015242630111246 -0.51119617370482106633 0.15726756539415900904 0.8473719289052377146 -0.0028744985337703613144 -0.53099204453687387506 -0.32538230796112899146 0.78743659363986084898 -0.52351691917522980013 0.41962741541655507183 0.61638895857646047727 0.66631635427610391709
-2.539152231872102039 -1.816101362499702665 -3.7160089811259626735 0.67382429286465550522 0.0028117167821526513685 -0.73888626769900522806 0.32753737115943698521 -0.89751233570442701115 0.29528101488639080241 -0.66232929335747792177 -0.4409803867600878835 -0.60568655726667541828
2.4311030856003115197 -5.1300389014716225589 -1.2844397896391743785 0.97756206111464705177 0.00029933956070385143305 -0.21064739985362049279 -0.20370014168492239781 0.25604917000746818534 -0.94495771059671285208 0.053653228670779151699 0.96666371243274518132 0.25036492989010600274
2.3129793125749977811 2.9401611663744451342 0.29917616300017624287 0.70177205038893908373 0.0063111213404874466626 -0.7123736091689576444 0.21039325706765876767 0.9535218934792718537 0.21570970315733187239 0.68062520279035554349 -0.30125764455558751154 0.66782719690308067761
-6.7972871504347045502 -6.7087140524992401325 -2.9160373230478349171 0.99315686065355157641 -0.0029179861489812058614 0.1167515973925640077 -0.031038769727139089299 -0.97033039988374047979 0.23978221334215629734 0.11258794300768623642 -0.24176517619023835115 -0.96378086444534549759
2.4287612398329039287 -2.959828894159697743 5.3444368111713043135 0.55983483152982371767 0.0017423501086046774833 -0.82860239296184567959 0.49113736281848097143 -0.80609829276405819964 0.33013578001598314904 -0.66735976223450788058 -0.5917791028914868301 -0.45213763516338312254
-2.7564895683717094421 -2.2013898316305828828 5.5426859350491772815 0.93400047791082363435 0.00049492180466473604736 -0.35727141267513279344 0.2779470093596748681 -0.62930635517786159827 0.72575407082627085842 -0.22447397900533788695 -0.77715716968014691979 -0.58790999852388214908
1.7260967083991121118 0.16435080002828739154 -6.0665950157743653293 0.26770023102532214399 0.010016599740855204603 -0.96345018243736502139 0.8024230456476024731 0.55119763560541579217 0.22868848313101253211 0.53334214358387255217 -0.83431458948803693954 0.13951818392107140365
5.7990536474380194321 4.9566902361105906749 6.4762457256459207144 -0.98930093119014361758 -0.0082943958698608565017 -0.14565325448968327593 -0.1436350850242356092 0.23020320033975436025 0.96248399929734584912 0.025546622014861769534 0.97310723435315249485 -0.22893160671509446558
-6.6597207708366932266 5.1821942990674036977 -5.7152796973596968755 0.99921795121207745982 0.002087976378110590215 -0.039485773770446978836 0.037148607847765628687 0.29250654649194790524 0.95554167946476809004 0.01354499577621225137 -0.95626124077790419786 0.29220022668610518002
0.84300528325121337758 -4.5252610140407574235 -5.9111528087764240169 0.99883771757232098221 -0.0010439454376076071681 0.048188423224495291475 -0.033855538172377123984 0.69641904988065828075 0.71683631987960305665 -0.03430767392287737555 -0.71763459862346279383 0.69557427092205004193
