1125 14.717824617146108679 14.977075390850430381 15.033177056927090831
-6.6675504525857096638 3.3271133970006245839 6.3699639583450196056 0.98606992782798885688 0.00072411422687941118595 0.16632971199353624447 -0.12968692003435380866 0.62950625550563210631 0.76609606254784545776 -0.10415085311832383841 -0.77699507716442939298 0.6208310960775825782
4.2546253205368733674 -5.8235100403372417333 6.1815685732965448551 -0.98173646832349725777 -0.012027872288607233814 -0.18986531292442337948 -0.1071892560794906607 -0.78954388557793631076 0.60426063592424827942 -0.15717496666075506107 0.61357622430691649562 0.77383476713097854027
0.014943175405979173404 6.3271801196208832252 -7.4489844201996051609 0.94323852966148147292 -0.0055533244919732313583 -0.33206962635724951438 -0.21966791153118836455 0.7394797869371836363 -0.63632983063415937686 0.24909252258043232398 0.67315585513198838985 0.69628593975185504306
4.0366202732462097558 2.6723269427189033642 -5.0481329116428721449 -0.856604594108610784 0.00075865898175788348476 0.51597286148455800969 -0.46037625042746288528 -0.45266899165970569952 -0.76363898016801790014 0.23298557336082292846 -0.89167830994500463238 0.38810760644351238735
-3.6595990641029674251 0.19436274869860034609 -7.4420496597139216277 -0.7640915378863284424 -0.00088911582352014769184 0.64510722457867253343 0.54590228174424082486 0.53194414711812099128 0.64732227146393361839 -0.3437365568526681292 0.84677897577809713159 -0.40596865108428820124
0.23874648626386923977 -3.6790356396507433168 -0.020681454675858464837 -0.88190265084746177759 0.0036245795260002469998 0.47141762467208175869 -0.46566366486248111922 0.14924660873200687461 -0.87228596286351645084 -0.073519151620676931325 -0.98879336173199738891 -0.12993314488509935534
-1.6466489768678875816 1.764729290468631806 -1.9417039653831318358 0.25605204685815352583 0.0003068072241761302197 -0.96666294806878672041 0.46150828839344326671 0.87863410620072013302 0.12252431254648762926 0.84938062671804337445 -0.47749556363410472493 0.22483446725517663989
6.9849759024206434788 -7.3185893602075466902 3.5223361537688271383 -0.76265433761964385173 0.003824576940917928311 -0.64679497054423529256 0.46045321643492426178 0.7054916985877005553 -0.5387618200082611164 0.45424794637370363715 -0.70870786353403003588 -0.53980734283639530968
1.8918607237458229253 4.5355656787202596192 3.407078430437219474 0.83240477771008836161 -0.0150114964861226656 0.55396474709023646454 0.46794680424765111582 0.55453620679393611503 -0.68812454087112129297 -0.2968637304216567574 0.83202418854731052811 0.46862316975611173486
2.5646816955867932641 -7.4313926391458089427 -2.0990519115628405444 -0.99513100165400658614 -0.012416256154363980446 0.09777589749123767604 -0.0062741176304423051935 -0.98204119583954985195 -0.18856225794704914445 0.09836119659224043521 -0.18825760610725522648 0.97718173782967043817
2.9067345997744586938 -7.3061562698863653509 6.4257621896264218719 -0.89157298140311180834 0.0084935578621878511651 -0.45279739211572922475 0.37495324033995419688 0.57456789968045640649 -0.72751755732454670422 0.25398363409981689065 -0.81841284699817085091 -0.51545390237907695585
2.4433825512750027009 -0.80450748903293800574 0.31793228132186229784 -0.03105351245628362733 0.0040993420030798147918 -0.99950931699472744807 -0.7246451961104741768 -0.68884083575142351918 0.019688645336029410304 -0.68842212276917325031 0.724901026621076916 0.024361495963191280578
-5.1486187458278189766 7.2801157307186832313 -1.1681718617797585136 -0.91661396684521645462 -0.0017527465166651875345 -0.39976963824678579673 -0.28892193005293059782 -0.68823606033137418869 0.6654736986494546036 -0.27630228757426422703 0.72548470220899474725 0.63034037847975965541
3.1433738812341505131 -4.3637873952577885817 -7.1781675076939119862 0.95264500082235248346 0.0050986641896754829328 0.30404194781601112663 0.21508225623410437422 0.69550572986000036568 -0.68557377632555072111 -0.21495842728660874421 0.71850245883745633702 0.6614734243967477223
0.63720204397262969476 -4.6493075409068369552 -5.2435985691464956915 0.99992041009497767412 -0.0011209052731133660723 0.012566504960324527407 0.0048763414712779023022 0.95297536662615511815 -0.30300853436429325827 -0.01163592580787919592 0.30304569651308438383 0.9529049853240668666
5.0399449933200726193 5.6803025834377054437 5.3465568792466502401 0.99231313862554060279 0.0029604106981906499509 0.12371689811695239791 0.061990627623689308068 0.85335196663060486344 -0.517636535741471282 -0.10710647505177053884 0.52132682361073834354 0.84660885064221547136
-1.4589728200430669425 -2.2426772166909962891 3.274430041367794697 -0.63530558756311961144 0.005435668209487182212 0.77224171340468605873 0.76430014792901257437 0.14763634935435007711 0.62773305809481427797 -0.11059879875828240725 0.98902677509789926891 -0.097948679688818027222
4.0724939366553831732 -2.7411756256651136354 3.8473248014793095528 -0.75197520084943869634 -0.0031931961314668861306 0.65918366242345249884 0.52699009403481944513 0.59781441551363612152 0.60406900714521205575 -0.39599840668461067095 0.80162817322162815969 -0.44785883244697194394
4.6694970842765437524 -4.4235708802093043346 1.9925606503913295686 -0.99814731620023711134 -0.002804074808451344214 0.060778880596804939207 0.01808177028874615247 -0.96747631962821412088 0.25231452701330325805 0.058094618901919276022 0.2529460577340296723 0.96573459456078836194
-5.3672675470610302639 1.9369546407443536395 -6.996272812286684406 0.68600956615687935791 0.01444169216209651059 -0.72744918218977228097 0.68611368412670903361 0.3199106861901987453 0.6533798017349462528 0.24215467700438303433 -0.94733763273135496163 0.20955314842799288577
5.6653527660309954683 7.3866553583095715396 4.7000768688790586225 0.96062395416655499414 0.001008391013001080222 0.27784996280186813333 0.075554237791629411114 0.96136471712238469323 -0.26470632373215724487 -0.26738207836943850282 0.2752759775563961564 0.92343378774396156494
4.883683475948369157 -5.3578642010300185916 2.4474985541910347919 -0.99590236638714102479 0.0039173972498164569972 -0.090350044952903885154 -0.084187129484343189989 -0.40505543793527420959 0.91040794121554224905 -0.033030347460730906384 0.9142837339676000985 0.4037254635873052111
4.0720403646490348493 -0.60262533303248266847 5.4054356096634412765 -0.47459826097952090285 -0.00076786016457248799927 -0.88020219328630411315 -0.62623502209707282429 -0.70242471136483852767 0.33827388601998109596 -0.61853551860361410952 0.71175763800244451485 0.33288868555568751351
7.194478664173144189 4.0166917171635327932 3.1723602885805197715 -0.87148510487090946608 -0.0015880241656149370749 -0.49041940231552577645 0.47337359855516641938 -0.26409746149618235078 -0.84033919759952913076 -0.12818404026689333985 -0.96449469102248985841 0.23090873264199546222
4.1145199078549801186 -3.3000745714874164527 -2.951128686734861617 0.82160196223168913132 -0.014611868613042089393 -0.56987429223700436509 -0.21653750040914954145 -0.93274383704489238767 -0.28827147859489349324 -0.52733454900426823819 0.36024356725753620134 -0.76950818428143130667
-1.1744956455256061467 5.7482230215443212984 2.1984780663761536168 -0.33017390815899427814 0.01253830843454238099 0.94383684034504011784 -0.8399099631757490636 -0.46019261760144847262 -0.28770472443662292727 0.4307394155740151831 -0.88773055908120401813 0.16247464523494251076
-2.8867328390980588892 6.110641498353301948 4.4016861667762388066 0.84218091934564998091 -0.000527406243451905999 0.53919478941557497098 -0.45970585467619801134 -0.52330201116121455307 0.71751343701081238269 0.28178329664237100616 -0.85214712752979060451 -0.44095742059305753635
7.125689836417050671 -1.6464569734504252985 -2.8504135564874482078 -0.97872443277467047196 0.0019682508083781933249 -0.20516971189374749729 0.12070481204414648668 0.81413624197746925493 -0.56798990118499614876 0.16591815162665163319 -0.58067056537039174469 -0.7970526089746837739
-5.6587312804927361043 4.4053946770484522233 -1.3085676220178694695 0.95693847262148712396 0.007066148558912422814 -0.29020480554525729389 0.19167533199511849196 -0.7661709614800128465 0.61338619554838769155 -0.21801221690899427741 -0.64259795154458232425 -0.73453287601657035744
1.680034137402685035 -6.4452593844116679023 -2.8243969117565468352 0.96930260675315094154 0.0078282394235692914775 -0.24574616011030994689 -0.13328226047367619511 -0.82316979388398492379 -0.55193054769590332853 -0.20661146043832365193 0.56774132235062668705 -0.79685726156643532647
-4.432728256143308343 4.1910930512541284543 4.9932495277817512402 -0.89520434245829016984 0.0098984913878297584727 -0.44554596296228243801 -0.24761003085343405439 0.82019179397774610862 0.51572734435194855784 0.37053806533805283552 0.57200300782401425348 -0.73178828985962074416
-0.0050190191841109794979 -5.4996495938042748719 -2.2718416975480359987 0.85381951753124563087 4.6212712101783908966e-05 -0.52056913983379060618 0.48809760313674710464 0.347582637755203816 0.80059168103556688223 0.18097779227026100646 -0.93764935226107926081 0.29675028375630180255
-6.4693209090874130851 -6.8832913867529921248 5.6961047753897871004 -0.99461665518689446053 -0.0047722604795820480761 -0.10351296901742960965 -0.0092868849332493064175 -0.99081383803884870431 0.13491364689659907095 -0.1032059251841350167 0.13514867324772780743 0.9854356260691983227
5.720932119523831183 2.206603043020080257 -2.8172934987904527659 0.81811453846291026792 0.0030264571335044225531 0.57504733936689300666 -0.47031194820944438595 -0.57189476460888533094 0.67211833004644105927 0.33090070010073779905 -0.82032141186866680549 -0.46645204244667859417
-1.1969014371911708139 -4.4008977548317895767 -6.0919551225875485656 0.99989026706007699818 -0.0055521701444772794676 0.01373416343533527019 -0.014621394261121628891 -0.51888444407889366961 0.85471933903638863672 0.0023808965629455759727 -0.8548263607889319271 -0.51890868583206661846
-4.8994357866741848895 4.7440972706637634104 -4.6565982541432262565 -0.99996579221465320408 -0.0016965721912453773142 -0.0080954334743090529403 0.0054798277787371334202 0.597238914302892554 -0.80204466878704772093 0.0061956345802276734103 -0.80206159419643829889 -0.59720918715891380124
-6.7371646842726811144 7.0465483261405328363 5.6846347533466330404 0.98828629596240036292 -0.0030439951363335892437 0.15258090085752942788 -0.14581783891203001224 -0.31381449478844408718 0.93822045421933863985 0.045026159817523767059 -0.94947943471893037071 -0.31058243346629182957
3.4890465119160385399 -7.4808271616761352618 -6.164198461208735047 0.87365939261383884773 -0.0056552261380135443458 0.48650517378018343084 0.38331705572868518539 0.62383116324903631345 -0.68110404091216159017 -0.29964529111111215531 0.78153867350032835137 0.54718369981049963524
-0.29522268761487580058 4.7563919400109950786 -5.6268525226113776938 -0.99692770452582657459 -0.0039429857309728876674 0.078227903029360543186 0.069793588980124082743 -0.49804413810716929856 0.86433841256448362689 0.035552874512703863674 0.8671427156821275295 0.49678919448105418599
0.77366467134120275873 4.1077374283473515604 0.67804991716306439731 -0.99313627936924075978 0.0082128385990151986373 0.11667424687111083159 -0.040104584667210153859 0.91314842429501774657 -0.40564957475151142141 -0.10987243917144647043 -0.40754448160855399896 -0.90655145613530063731
6.0312836746145972455 -3.0612929620788347229 3.5170648587829904663 -0.9751861889827672103 -0.0081892559752280071755 0.22123479135052168121 0.19559789777341729522 -0.4999551343439497253 0.84367430091806705494 0.10369840502122937287 0.86601258635746980463 0.48915114337630266617
6.613826279136967301 7.0938408855438126466 -3.2558866186590620373 0.89132384073875314812 -0.00081012765388346072784 0.45336646834964944297 -0.086352019063815801947 0.9813884425604439965 0.17152274954764398784 -0.44506756760556259733 -0.19203142581872376105 0.87466495972106650392
3.0847354141216065671 -6.2045202919597191027 -4.1138348284961185897 0.93566045924886920293 0.0019671074191606337765 -0.35289606895892611238 -0.33173930647119548309 0.3459793372631539965 -0.87763735718623270277 0.12036834110450243818 0.93824006985176788831 0.32437175244529053986
-1.5527063635263960162 2.552720251100094373 -4.5224963640909114915 -0.97002667327774938499 0.0049764226394669007492 -0.24294750121679312138 -0.23391075528237600945 0.2517409863868718678 0.93910182319928725558 0.065833211170268815526 0.96778185093059343469 -0.24303143277427888269
6.1295273336651767693 -3.3890485066433391204 -0.42411090741209833688 0.92821644929439894867 -0.0088571545535813551303 0.37193517455678004602 -0.082516229147222439066 -0.97971846577297205805 0.18260010884642949303 0.36277444119821461443 -0.20018311276576294944 -0.91012165460269722761
2.1884067313610437999 0.18907984947438061241 0.46420084166468811304 0.88295308433245855984 -0.0075558231139893671305 -0.46940042650708313499 0.46871907621615443995 0.070388264679355827536 0.88053842607044119362 0.026387088869188026624 -0.99749105345990185523 0.06569109382946594633
3.3916847154310119095 -4.7237841808311635816 0.25970043098715628327 -0.99852326311604489018 0.006499711397445715258 0.053935579795113458568 0.00014495876201568678727 -0.99249464847431778658 0.12228798688653173821 0.05432561093117319051 0.12211521814069292713 0.99102805282964967493
-5.516436077772262081 -0.52977388568644201428 -1.7795142415421500992 -0.93796784223428331106 -0.0060958825314977507087 -0.34666867056393374513 -0.30494847661566082397 -0.46128804160647579602 0.83319851732981109471 -0.16499319241775067812 0.88722949843148402049 0.43081441894251981672
-1.995560866156816715 2.7722723565748932373 3.0729051418641666338 0.98846213050985765047 -0.0030676813921248339591 0.15143713507160416754 -0.1083575011133192656 -0.71291251780507824964 0.69283071085894742946 0.10583604537346442964 -0.70124627007044482152 -0.70501943250657883588
4.1199034449016203041 0.51318011094643301018 3.6754853619119538521 -0.89103797367245429761 -0.012451013280143722814 -0.45375797705608150734 -0.36667857193166497609 0.60899314005599958222 0.70333077584516423553 0.26757831444243823649 0.79307775635995614305 -0.54720153326458886855
-3.4052885336515306136 0.8189344788250025875 -5.3822866391730643798 -0.97841547268068052023 -0.0051845808266603819053 0.20658238777897428018 -0.095594402106332146407 0.89764539011775146271 -0.43022606137506058666 -0.1832071862803673068 -0.44068795504530378082 -0.87876575557611713574
-4.268683326328623906 6.1493603414575916943 7.472972499818566483 -0.93778101581597017589 0.0018651847925315397266 0.34722224505498772151 0.27499294404978885664 0.61454301846095948925 0.73940229860601380807 -0.21200388462994271266 0.78888110609059391987 -0.57681968877211442503
0.42185495927461674759 -0.12257177703550677095 -5.3519926962679527094 -0.9824135390171063742 0.0026614779575031624614 0.18669910254469174182 0.15117279490773002926 -0.57554165398626944139 0.8036781635746140795 0.10959208199361558655 0.81776813404649772998 0.56501757008297814888
-3.3283458623301913626 -3.040956019900141527 0.74066302183569965312 -0.91204432869157203712 0.0081024430654983384953 0.41001157656548431474 0.14269904040518652244 -0.93105281661362826462 0.3358238177131970259 0.38446342656846826946 0.36479446691571804084 0.84800523025448315551
-5.7495354580281681223 -3.5558688192727996302 -3.5306623069428306749 -0.81157369881500718289 -0.0060829438747132015541 0.58421839168714462254 -0.52376110710632128864 0.45066067055813952003 -0.72289643981345386159 -0.25888691367943533761 -0.89267460914151952611 -0.36893035673356050497
-1.3048790447433153972 -3.8572155405911066062 6.3886267414497162065 -0.79407971037302205186 -0.00060099849928943634148 0.60781333678571725088 0.50597412440805722422 -0.55475434608302964801 0.66048300578550944717 0.33679014089385816977 0.83201397482421557417 0.44082326015530054475
-7.052446491290199404 3.1318624570539101981 5.2371894448240876585 0.96717682913239655385 0.019439348465289194717 0.25335961185745969892 0.18006279447334969102 0.65109388901675946393 -0.73732905661670944397 -0.1792940914692042198 0.75874821872359343722 0.6262226196394080624
-6.2154069711391137787 -5.9593796911739209676 -6.6338481918928957626 -0.90991466097532858193 -0.0019799353462747280169 0.4147907781017796669 0.15406782850602440682 -0.93006328780825342495 0.33353468319026469135 0.38512129772536685124 0.36739401264499615962 0.84658326555090024357
-3.017705898622538907 3.8761121307401089631 4.6233420630010506613 0.92628300283032127815 0.00021705550708358547704 0.37682854397526382995 -0.37605660445951627491 0.064510305278008939212 0.92434833842840613549 -0.024108689511949842749 -0.99791701729158788226 0.059836424443367633441
5.9382078889446781034 0.18101216549500806496 -0.029049564822429350258 0.97280508283536548664 -0.011869908866440105621 -0.23132093738592024446 -0.23033043089808569182 -0.1550253915416380246 -0.96068466240465233419 -0.024457379497870676555 0.98783917377312135955 -0.1535434900842166106
0.78527075782005084648 2.6248059822477105563 -6.4774926498539171504 0.98018383246105478257 0.006571502801559423769 0.19798098376571615642 -0.10299051300986405977 -0.8368400247798463143 0.53767250920640841105 0.16921172776099849266 -0.54740806376716555359 -0.81958026020079310925
-5.1477857335253291993 0.32309110173117078224 -7.3375090619048934926 -0.58735468859239692296 -0.0050188192792447097051 0.8093140807137151338 0.79430702273041497996 -0.19534971392587860417 0.57525198210015848765 0.15521218840547398865 0.98072080671417949382 0.11872605378888380356
-3.3357651147992632978 -0.7972474381142136135 -0.71843904604811104075 0.99798766635294744454 -0.012697467417655991864 -0.062124006057738996589 -0.025430676883481780071 0.81734558358666165034 -0.57558620350456768389 0.058085269051046453659 0.57600778754513937141 0.81537790637633988933
-5.0506256984029676005 -0.88938035196676834548 -6.2183980072221967106 -0.99435662421874282391 -0.0059405436798158628431 0.10592267846513515883 0.034344166602453332637 -0.96269039905292952408 0.26841697746541509639 0.10037620282136011651 0.27054002571162300006 0.95746159839181133044
-3.2645241214200440005 5.4658119199423262913 2.6595022093790339213 -0.99533510853362150428 -0.0072895695662455375213 -0.096202307123487762475 0.069189033797684387772 0.64099656437324914471 -0.76441891791333171913 0.067237633230898388725 -0.76750913130543951812 -0.63750202669500577457
-6.4357177526796798261 1.1743827358526557347 -3.1735005713607549183 0.83993437098242285099 -0.00098921013953074733195 0.54268708654779795886 0.27646599470299088042 0.86128577846325016232 -0.42632541748066760112 -0.46698694437353849285 0.50811989656023903716 0.72369701153480636702
-5.3122270746417461496 -5.8428456773640977673 1.5393025790717931311 0.98176743964561075106 -0.0046382464337862746445 -0.19002942172677422805 -0.024066557945379370848 0.98862435692179673197 -0.14846777997109639191 0.18855634500182888447 0.15033418630140710226 0.97048757703980281786
3.063783369744363938 4.7960540770362225516 -3.4755564382406634039 -0.98986761811298873415 -0.0070808942300363327677 0.14181664059043055937 0.0024193736737367172937 -0.99945191002517164147 -0.033015544491992447618 0.14197269188992187039 -0.03233791094024007079 0.9893422129240504459
-4.1845091191831080835 4.9633165332090607436 -3.6522314090989875801 0.99769542278891643061 -0.0028600405747215250363 0.067791323294086547335 0.0087447510925967100737 0.99619875262687318518 -0.086669340559206206609 -0.067285753873861722796 0.087062422620586388256 0.99392794602668399495
3.5047843994612271068 -2.0243363912640739422 6.3169504303953170066 0.87740947057929419284 0.0090699733627330764857 -0.47965649846619623498 -0.1969898822848287212 -0.90483396055660214596 -0.37745263292347008832 -0.43743297454018625903 0.4256679919921609323 -0.79212319330909841675
6.892240054156807183 0.42695207018661057718 -4.8531882050193875244 -0.43361728962684781274 -0.0013559981531389413839 0.9010961144104644438 -0.76538205732857189645 -0.52721234941614714131 -0.36910356939842353663 0.47556950328648206483 -0.84973248725233174738 0.2275705333554381149
4.2426402461018586365 -6.2433010019681400848 -1.7914216592128373584 0.63532856769469359115 0.0084934504528095498832 0.77219522944033081036 -0.63058113821414796263 0.58293281121418882851 0.512402932991749549 -0.4457858669805761509 -0.81247596820425027619 0.37570967766489832274
2.6496691534855272288 -6.4309795373771088123 -5.2337959118070864761 -0.77914752143806997875 0.0050446731054558276164 0.62682030208831640561 0.60033136953184751405 0.2937318882230547934 0.74385739533659389622 -0.18036459351237693616 0.95587453628298690855 -0.23188894819054925445
-1.1158924090754820391 -7.2050705893050999151 1.2554358828849427887 0.66961017437455483403 0.0060836461537988103382 0.74268782380184616976 -0.71485356751281647902 0.27658725763284819354 0.64224906845345031137 -0.20151077238761430643 -0.96096955111202997379 0.18955455796985823391
-0.77991443194586940191 -3.7763233238249429569 4.5794297905933873949 0.98069006842036698934 0.011586020050821854363 0.19522488017956832196 0.17264757742879871527 -0.52021534370887723142 -0.83640230163358531001 0.091868404305899209472 0.85395653303272900381 -0.51217031930901957271
-4.8456231715540107885 0.44064893025346352218 5.7974014398262800896 -0.78934139079927923 0.00075265653906631327374 0.61395407179952732335 0.11594490366992299402 -0.98182259315244946318 0.15027033934880662525 0.60290708080436050675 0.18979944437004542257 0.77490594450723859765
-0.17562108108279567142 -1.2209356486899753946 4.9676491253100119039 0.66214929292257229676 0.0037054783721529390046 -0.74936278484602547589 0.48868111092504340487 -0.76024087653079164273 0.42804740564205601139 -0.56811009998694572687 -0.6496307251675775829 -0.50520375613312262786
-4.4985734913443913285 -4.6113900118632491498 -6.6239466502654114066 0.99830182820224555584 0.0089786545103742662621 0.057557306845622026314 0.044683517376333338478 -0.75194180631097284895 -0.65771338985649940856 0.037374363981559792502 0.65916834244738309323 -0.75106607780690126663
6.7625466104181901628 -5.0826401405270855705 5.8117820306408969344 0.86310522648532328471 0.00098593969701576619769 -0.50502316376254985375 -0.36051270663770579317 -0.69909196180036059509 -0.61749576298050712353 -0.35366644789477569288 0.71503108804373682883 -0.60303448223498412606
-4.2738094680696860905 -0.89563210341419496885 1.6900157481296091966 -0.98308749146711682521 0.011363280197930036852 0.18278364255039858399 0.16006513200525721019 -0.43163803667910621842 0.88773180567552689713 0.088983917856055888551 0.90197532181039719035 0.42251908975575164229
5.5640171649435661294 6.6882335642555350574 -1.0956292960092095523 -0.93881231754666305545 0.0010721370831694517108 -0.34442747123977968116 0.28289635661562617663 -0.56802370753482600563 -0.77286397192001954348 -0.19647158531505590218 -0.82301149335859780098 0.5329643496176683648
-4.8339240993518499678 -1.5470135996994671679 -1.4506329335855492335 0.82068635043923254813 -0.0053258712026935089295 -0.57135413650261857033 0.4617681271047989755 0.5951135945589116627 0.65773095286848026753 0.33651762359917392065 -0.8036239448069550928 0.49086092158571931199
-6.1674826586858078059 7.140427306619018033 4.6208835136332764293 0.9967967878057036879 0.0018180670948358696598 -0.079955352869548634853 0.010331530591507247924 0.98843727248959789566 0.15127794891842194502 0.079305884372406459937 -0.15161943472183650461 0.98525231474916130647
2.400298858127902335 3.2912055088924785373 4.3158298818696758659 -0.90707797439985138332 0.012014902232225021378 -0.4207911482944576842 -0.23462983784461546866 0.81549952589998753183 0.52906461084618217061 0.34951164151093910837 0.57863301442381565032 -0.73690260351495606717
0.99212389828037583772 4.4369988403763693796 -1.4702850021818956172 -0.97336890959560473657 0.0026356159254853914545 -0.22922918523002033808 -0.15000817207849012624 -0.76345657004713185501 0.62819711393908761465 -0.17335084119256707891 0.64585379086952732219 0.74352025303775415299
4.2785404135250146851 3.4141961114000998201 0.92821598602761967722 0.98952161602506671922 -0.0056680961898388790635 -0.14427350451369946871 0.036979077537247023733 -0.95595233620779807016 0.29118323908392323984 -0.13956904830081609536 -0.29346721040773465772 -0.94572589959885489108
-1.2632089653891716008 -3.4575999009824789354 7.4554536930342010237 -0.87357168169929744206 -0.0055308318952133044694 0.48666408007141076508 0.32842405783469924563 -0.74464836037276382896 0.58106493409053505683 0.35917983680678788883 0.66743406362930568498 0.65232017869956970824
-2.0788310656958759459 4.6365885435429996519 5.8771379007264616945 -0.79729652332279410398 -0.004118756327573535464 -0.60357376495635095548 -0.5424929733644506813 0.44327856067908616433 0.7135863588189744755 0.26461222146286095258 0.89637444937296151259 -0.35565885165974164828
5.458965876848946408 -5.660277090065058303 3.8296451463279637117 0.98772184306955312927 -0.00034851155425885942812 -0.15622240320451785678 -0.14384584432061889303 -0.39212499390361116314 -0.9085958189578752231 -0.060942052763068951804 0.91991188039713089886 -0.38736055363095106552
-1.9056478140372219432 6.5763351642876406444 -6.0848568786508003825 0.99213374756346695005 0.00015006379546537965846 0.12518228479539111886 0.11856345514833907528 -0.32198871671457202082 -0.93929014335911775735 0.040166329792660625253 0.94674349418912495668 -0.31947366426927009675
4.2663059074822564654 -1.4893716655080266875 7.0023483875381513641 0.66970467909261455208 -0.0013869087064512903261 -0.74262623121310888941 0.58119404326483492529 0.62347938011241788026 0.52295979448545226731 0.46228684479982568023 -0.78183856329743195435 0.41835312125769646974
-3.2606558997682304479 5.6978055312554225509 -4.4735718704374614063 0.98589443950146826712 0.0015535018831883103466 -0.16736110895866029846 -0.11082083127343630991 -0.74329090651126472622 -0.65972522435759373138 -0.12542287477102151416 0.66896652751067298137 -0.73263421129139472132
1.2005932913042711707 -2.2670422759772352883 2.8131282175240164278 0.49764735782180580248 -0.0083168240503081677928 -0.86733957461335808858 0.19700578209953811815 0.97490402409032350661 0.10368638113088138319 0.84471050015510240616 -0.22247016485448550815 0.48679687414502109677
1.00710149622717271 5.2721628640997302284 -2.5254228021681996985 -0.83408879595507778859 -3.9626566335920776225e-05 -0.55163020121430050846 -0.54305570432854510798 0.17568994987773031702 0.82111116391642235968 0.096883344586411804245 0.98444554950564577833 -0.14656253818779613196
0.5452795729461173968 2.3882669632702837603 3.9719019721655999255 -0.9404337792213832703 -0.0038147894639650081934 -0.33995551809144969324 -0.2406236542190017258 0.71387238672292763209 0.65763703705373477426 0.24017611023946833226 0.70026542314745121587 -0.67226763510855624961
-1.1962207533100392975 6.3588757402474227476 -4.004938182089685661 -0.99973249540248598777 0.00071738415314025281294 0.023117590626110160607 0.00079149519778162627862 -0.9978722576151631829 0.065194562791183352513 0.023115171894946051623 0.065195420407879373093 0.99760475439226714567
-5.7336510957981019487 5.7191848061384344959 -2.4395968451099596663 -0.85596276091809553321 -4.6816769089451718e-05 0.51703747420245915745 0.47146958367780811283 -0.41055571599093299007 0.7804873065807726995 0.21223615052135927361 0.91183551251054018039 0.35144247685295787464
6.1250554704137556428 6.872355563400492251 2.4377856047045738386 -0.98675114791562845706 -0.0037361393953300008064 -0.16219806826725152726 0.064696248632890987484 -0.92587072552357374544 -0.37226038606225775318 -0.14878362645151196886 -0.37782196982278309916 0.91384571543516912584
-3.9229645853868961858 -1.9799516506658694226 -5.1685057882851390687 0.83796488276818681395 0.0040550863480128731403 -0.54570909056196847953 -0.075946420374462850211 -0.98937514674069115816 -0.12397161063711870099 -0.54041372713834390229 0.1453285081680988633 -0.82875365955992741362
-3.3836445579779210746 -4.4085681613992528938 4.0699876571831445915 0.98280225830212930571 0.0016767247538146969575 0.18465348539954215545 0.11138234485877612778 0.79219588848334310249 -0.60001637271304775201 -0.1472877942324462841 0.61026458431080432554 0.77838515068443692169
-0.40127853907499810848 2.4123310410799998493 -5.4842791066294793723 0.9788734115569265315 0.0046522107116528325227 -0.20441428786229515202 0.18879150960511709156 0.36333408929243971031 0.91233004195797762215 0.078515030712641778465 -0.93164730262776496161 0.35477978163737988737
-7.1413251392144578844 -5.1360402557016540115 0.89511228026210154507 -0.95040274328009222149 0.0058542636015930255705 -0.31096680395705700306 -0.064027812030995445713 -0.9820902183700622734 0.17719831339044417318 -0.3043600907676844991 0.18832028722253452147 0.93375607337688171228
7.1767709163383486271 -2.5912164464844371636 -6.6330694578937263728 -0.93626523187519850033 0.0044861942776672214528 0.35126526962192200498 -0.33365988249403999433 -0.32418063600473873143 -0.8851994114625416632 0.10990222197813659388 -0.94598456081510684523 0.30501592139397376569
-5.8480638537290037249 3.4343541146609428694 4.6965462114847955633 0.88240365259947506349 -0.0094347427889857823913 0.47039853263758579782 0.46209432416068052518 -0.17068837885845675184 -0.87024956931969621454 0.088502143802047170129 0.98527989066619969805 -0.14625630786827165108
2.2594794738886756491 7.1928758759989657179 7.3043419883485931621 0.99891963017456508744 0.0088050279215479646672 0.045629419623534915595 -0.042663689856130504463 -0.21548284497460337694 0.97557519089482891417 0.018422323950334822118 -0.97646792830339856906 -0.21487438883059614692
4.9507011605393325127 -3.1416410904146458982 -6.5469131111604523809 0.92211116489102928906 -0.0021498157292426317913 -0.38691908440344119358 0.087822487409793467683 0.97504833266503299072 0.20388222009877696173 0.37682649892018693638 -0.22198226789458710972 0.89929175602364852526
-2.6232958491953799474 6.5642921836177361428 6.1235009604281041007 -0.89748473565994091317 -0.0073857945501763768922 0.44098367236924734813 -0.43532699204095454126 -0.14565332972670894107 -0.88841179502536715695 0.070792367229701849696 -0.98930812064722983834 0.12750640440234176087
-3.0087006745625823889 -0.095097696218579358396 2.3033977356317278939 -0.98740805655745034208 -0.005255897331416171242 0.15810662664329480642 0.091233997313649881078 -0.83540916111003804545 0.54200358971832751642 0.12923500910918284124 0.54960341072146168262 0.82536925272494832129
2.2858439099652110293 -4.3430031951820788905 1.5434533400183285679 0.98717643381281716675 0.0060424813298482239754 -0.15951857867929730705 -0.15618465059513736426 0.24313991733358375491 -0.9573344951047385587 0.033000658220170925317 0.96997240631800896171 0.24096573934606999035
5.8389586206865180529 1.5928725809375559042 -4.8735783040028932689 -0.84492507913163017452 0.0012063047771823983551 -0.53488331015584555939 0.039458507178330007314 -0.9971321653782040384 -0.064579183793510519518 -0.53342725545822211597 -0.075670268910250915173 0.84245437475113715831
6.0414102436602536983 -5.2960473540888983734 -5.7010684755628870946 -0.99451043780601089406 0.0086523401565871162211 0.10427907798115858273 0.091883600941178228405 -0.40460102883063797652 0.90986560070550859258 0.0500638889108009702 0.91445237409012214425 0.4015849381490272374
-4.2014173465690003439 -6.2503758787698924237 5.7365725266604172816 -0.78937116574497823152 0.0083578434759031573764 0.61385935615816356048 0.49278417679872238422 -0.58771568767672310862 0.64168062582205709354 0.36613783987345382975 0.80902436113573772403 0.45980720449091105895
-1.3605706349185435755 -4.5675875840887236734 5.1619417855199083434 0.98975794795107352453 -0.0061746184950656722579 0.1426221530971531759 0.082762827573488240152 -0.78921181998426970239 -0.60851870765747206882 0.11631645988280159276 0.61409004004578859881 -0.78061764256056476174
7.2863179885393938306 2.406941702831284946 -5.6786004418139821581 0.77863488277702841422 -0.01732879274761110755 -0.62723793911461045436 -0.12688607356909348267 0.97461906547110233046 -0.18443861188666471618 0.61451415252796615096 0.22319809623381497987 0.75667361932387544599
6.3926367565763788647 -5.3484067044912526612 -6.7704830208759130272 0.99334557098105735751 -0.0078450741489004688356 0.11490444475372713073 -0.068747783439230991664 -0.84083050917669344138 0.53691507439244878785 0.09240302421867706284 -0.54124163702478911286 -0.83577459369498730002
-4.6898560604309018629 -6.7864107298705684812 -7.3564020406470334024 0.99874544265088005535 0.0036511689276773244897 0.049942063928475673162 0.04738908195939110779 0.25335184032555008171 -0.96621277155427798267 -0.016180719854999241203 0.9673673107817946093 0.25286097036888099954
1.255666540325310665 4.7549389782654305492 -6.5853332334150218585 0.99971908572604895049 -0.001238116885645791556 0.023668897347620510008 -0.023683082251677124719 -0.013081640592023852099 0.99963392414142882014 -0.00092803563257540288081 -0.99991366514610746652 -0.013107288196557431714
0.3344973765539763777 -1.4318967424522275333 -6.2575755953498024553 0.93853023547250202796 -0.0050235904573790908512 -0.34516048534368065637 0.0093491654164956118633 -0.99915739963233407561 0.039963531701153118258 -0.34507041340835958865 -0.040733945290480980117 -0.93769246317292131998
-5.6176587890536282544 1.3042573362981553231 2.6128930447597134012 -0.96951338464295788722 -5.1487940236296823523e-05 0.24503835280863406343 -0.23180909695904194923 -0.3239404306753132512 -0.91723886743907656616 0.079425056280836778266 -0.94607747818171372689 0.3140526479937654214
3.0575005576949805253 0.19971997680915923312 -3.6458677605429294921 0.96893844360360537049 0.00024419455419512781785 -0.24730190633329268701 0.16759309596625443506 -0.73599952391250877959 0.65590948688442951564 -0.18185391579930923478 -0.67698200948743181282 -0.71317915851416002759
-0.19284457467172821943 4.219555168210877838 -0.23828175930720763009 -0.91414812571488790471 -0.0040789184110975890835 0.40535979903872831898 0.25669079781051856726 -0.77976534405265651717 0.57103050928451903889 0.31375633630494348392 0.62605860000401913901 0.7138680485842160417
0.44876280173090532521 5.8562730533245659359 -5.5729766349918437029 -0.99972793628650158393 0.0018611779753878888305 -0.023250579017591928299 -0.022012030053549465347 -0.40499602789549593584 0.91405343821998796816 -0.0077151760208159598717 0.91431654989148702928 0.40492681147779113759
-5.7349672586639899308 -0.52297108812273229717 4.0478971527820135634 -0.93821576119463456767 0.0072470631956873107424 -0.34597494926792976555 -0.23448656940969420104 -0.74857648361581508034 0.62020101333664356957 -0.25449407500448822939 0.66300884477695898322 0.7040255943750391987
3.6830989395503492823 1.5237379951601992545 0.51680658554924863157 0.99728148700760488321 -0.0049637379198401200553 0.073518684548889101649 -0.043559805037171987763 -0.84444050426199379622 0.53387524586466172938 0.059432138250753621667 -0.53562635863793450763 -0.8423611012358903638
-5.0137491631404209613 3.6880477418710926329 1.0310614027073836674 0.80111893253411392557 0.0045375238268567062716 0.59848798385000967492 0.59462169984088575347 -0.11976386959317215919 -0.79503562789243731324 0.068069743746164063092 0.99279203583503672359 -0.098643213495676507208
3.8874795421294767728 3.0931178899480622491 -3.1480292719349143304 -0.98319351876265081991 0.0088945790508129993213 -0.18234963977682386305 0.11966739213864031888 -0.72292394473708554425 -0.68048562467144113608 -0.13787755409044319399 -0.69087036163756143647 0.70970974594469860008
-4.0356501634601151807 6.7975362238097032375 -4.6608944236202587419 0.88509984606482028369 0.0036743269787639968281 0.46538667988810750176 0.46172021153385595094 -0.13245131215423602833 -0.8770810088981428887 0.058418393996764503284 0.99118270224517512901 -0.1189291470286915342
-2.5368088507530219822 4.6913640322259455573 -6.3378866544890595236 0.99660317348073279575 -0.012890465449030124104 -0.081338493400626696306 0.02790345535869985516 0.98210709645124749656 0.18624459261683262712 0.077482332097229003609 -0.18788157706509847622 0.97913073754860258102
-4.0202677707611780278 7.4555556252445684962 5.8547088120218342411 0.97571655344144414546 0.0034076057384028668115 0.21901049190290863833 -0.097756652921812833834 -0.88799949378853104687 0.44933343503555994713 0.19601235713582204623 -0.45983180322209321611 -0.86610268940553236661
5.3158130841407045253 5.1633327021997823536 -3.4591462925818725616 0.78894662454621766745 -0.00091709236595218499889 0.61446105048144317173 0.61381023579782045818 0.047213458825146006892 -0.78804053432272791468 -0.028288125548531797143 0.99888440184398619159 0.037811819654679203195
4.5996264355519711486 0.020599948041362454998 -1.4437201438976563495 0.3095134044587523614 0.0066479663226427197775 -0.95087184047270834064 -0.45520343621214393037 -0.8769154892883331831 -0.15430183507271741372 -0.83486003864176505651 0.48059861546819254707 -0.26839092139832620987
-7.1551577039064850894 -2.4863497660764650732 -1.3573842950465306867 0.81499929051563280158 0.0033297709402947154797 -0.57945238724548531195 -0.14766084410436433605 -0.96577806812127986458 -0.21323460848155315062 -0.56033242952498651945 0.25934848324487280724 -0.7866167635267211633
2.5143379628958104632 -4.2006379911572926389 -0.52198348338093902843 0.99417241504685094355 -0.00063033388861255491495 -0.10779986938335298086 0.07888973226540535455 -0.67724938419629820974 0.73151191497402967556 -0.073468491906241273348 -0.7357532699790845232 -0.67325292900367161852
0.41483614770820081974 3.3301333894932616531 3.3780271050446040171 0.93185711427389372741 0.001086744053662437072 -0.3628238381977705318 0.23871130922887912051 0.7512452652816767884 0.61534336937854272609 0.27323841132502824092 -0.66002224991225300066 0.69979382692142155786
-4.6307768094375143519 5.3951724736684818495 -1.8272704719297452325 0.95996355851856596253 0.0047444477751863922341 -0.28008473098654385058 0.28009409052352357561 -0.031088738588779293859 0.95946901502170778286 -0.004155330350640326284 -0.99950536794371824811 -0.031172947910114712222
4.8512704036821192588 -3.6151680399846948255 2.7164944827454320375 0.97683782687243536635 0.006032719800567641448 0.21389592395123235846 0.21139352998319804744 -0.18218614752032996629 -0.96027130704459551236 0.033175826627001386848 0.98324555119433365569 -0.17924159836404071622
0.093673341717313285404 -3.1415275482147642094 5.6832126503372659698 0.58757420521796588364 0.0045412464151913974064 -0.80915754364870473569 0.60274429825053499332 0.66471844294144122323 0.44141669943499789452 0.53986652451235517258 -0.74708016216106765128 0.38783420042128163852
2.6782610146182257438 0.24403641883014415281 -6.2155008030077594228 0.99989549329887639217 0.0054363234979091391158 0.013395852617783466504 -0.012043444095551589582 -0.19935830677220858775 0.97985265268576926534 0.0079973704959314974305 -0.97991158371945819017 -0.19927200043508286331
6.273199920457304124 1.7667064544686763572 -6.8399367015573044881 -0.91238052631530575098 -0.010918649533231589849 0.40919745636176796388 0.39697749886358607574 0.22024687452398203358 0.89101076293072878354 -0.099853095077623216236 0.97538305160319438425 -0.19661450111486297732
-2.4557851890013662199 3.4850078773712986902 -4.3915625180903079539 0.97514560527779958754 0.002022605294725350264 0.22155576628754686253 -0.10788361623138457979 0.87774667010792928323 0.46682106685890684128 -0.1935256413405449516 -0.47912074906260093687 0.85614901387635655716
-0.72428466497460441964 -4.1423411530151712512 -6.962219139594211903 0.98657484044337562246 0.006025910524225800563 0.16319856802833077047 -0.094874450096734563864 -0.792238161443670319 0.60279145172387638141 0.13292450083788320825 -0.61018225470335984983 -0.78103053277212675098
1.9085162368783328279 2.5007807662904322221 -7.2980837244453669044 -0.99415777823639406297 0.0060175270097622057461 -0.10776874009119873088 0.031945571393646496339 -0.93730899320217075932 -0.34703217679472775359 -0.10310088477070970814 -0.34844747183934410284 0.9316407928640535463
