1125 14.717824617146108679 14.977075390850430381 15.033177056927090831
-4.2387892447046651156 -7.011325967202081344 1.0543503731269658896 0.85556692124024202872 0.00046254984937167155368 -0.51769202169539563219 -0.41038199334641972671 -0.60898721452259996223 -0.67876445994548528784 -0.31558178467157993463 0.79317990304569763182 -0.52083949407458429715
-1.4244896233492776449 5.1655173551432254087 -2.8464017184826189144 -0.7897115794937071831 0.0029699618650285814457 -0.61347110815429073405 -0.42526906425515226262 0.71807733427772824086 0.55091847399058690993 0.44215590485835098988 0.69595698237978975698 -0.5658109529478976274
2.3927348318937200489 -6.9526648133982522637 -6.2692266637089044679 0.72165558291136144842 0.0097371464094245831211 0.69218379613549507745 0.63835941280115404695 0.37743728097212586592 -0.67084898376645951679 -0.26778812471989527078 0.92598395607708117172 0.26616392194821131278
-0.67775443469034479804 2.4496814934884456605 4.6089955426454070064 0.42771270664309257725 0.00081361457761229126918 0.9039143646426809342 -0.49987191098475020068 -0.83296282817260225428 0.23727831652117201133 0.75312011869583717072 -0.55332835180756900773 -0.35586208269704516782
-6.1008334532016101903 0.60655300811899315327 0.11483733968682260929 0.97967914593879434904 -0.00079263067063375946836 0.20056954591693790246 0.11184780238160520194 -0.82791301371961989464 -0.54959085765337167828 0.16648975979051169882 0.56085596497704681695 -0.81100046019383420504
1.5851681567756101821 6.0501222327792447686 -4.9820740707834705319 0.99734874149983321345 -0.0048419242992227551348 -0.07260883966737757822 0.020452605824260870065 0.97621534658494735215 0.21583625276370466128 0.06983680078413234682 -0.21674905504099975517 0.97372617731841437649
-2.5606419620710361151 -2.7382618964196643319 -0.010075589043672374123 0.84647577826460607131 -0.005822840030656677851 -0.53239539004890734653 0.24390315846174401293 0.89308998897032865205 0.37802317507455052148 0.47327582455030176023 -0.44984037850672425884 0.75739925254866979909
-0.49374228965639777034 -4.3822265120842995856 -6.0696153660551521725 -0.93922815253140956582 0.01064364237000841977 0.34312853330734915946 0.29638564462260552634 0.529488610957363659 0.79485681762702120601 -0.17322247877851609799 0.84825027187941881568 -0.50046523266077913572
-5.3445928481693307788 6.9987322661801893986 1.1736940733006417936 0.2620594593102984482 -0.0011777256794094125361 -0.96505101043843377617 -0.93931364555153873397 -0.22972127084645552197 -0.25479013521211163473 -0.22139267166446258139 0.97325574782936385976 -0.061306885831502302975
-7.2850947685857274649 3.78668755776575372 -1.0537508229204648469 -0.91648200546600855354 -0.010833559815758649417 0.39992920328310255229 0.026931790655705008242 0.99569518123538514054 0.088689259308742912635 -0.39916840094008837481 0.09205291981448499028 -0.91224494936645861287
-5.1121129553703532622 -6.9915563276009340399 -3.9750214108774666322 -0.81570794155288461891 0.002161383594044473562 -0.57845992299255066804 -0.41541383234655776535 0.69371268456065493524 0.58838257891856937665 0.40255670654300451661 0.72024859576447730625 -0.56496907731009915477
-6.9657519944535799539 6.8243487297026099725 1.229399736961913403 0.85110785965063828762 -0.00074040336359297229119 -0.52499034566713465022 0.45116446028567291915 -0.5103124488109732626 0.73214194959965228637 -0.26845118926167194084 -0.8599887536422808898 -0.43399689237664590413
0.55758334622951799542 4.68223218273420283 0.79012725185892440649 0.83874830374775732889 0.0063264543700699005235 -0.54448256072658840488 0.38162536337630742489 -0.72009205426693001506 0.57950799425869814474 -0.38841133478335193585 -0.69384970228204556619 -0.60639032450645347083
-2.6136863208177132378 4.3988155442227556691 -6.4847686094934182677 0.96228384256861232426 -0.0076052557215874200258 0.27194110836158802424 0.064053983000915443169 0.97784018623525925662 -0.19931296356536307157 -0.26439911798877407945 0.20921455558558069154 0.94144695874912553979
-3.5509145042434164807 -2.5416839867461495928 -7.3294764547843529456 0.94147892706552049891 -0.0013558346622010173169 -0.3370691199203438293 0.29128927021680661724 0.50645888856986387427 0.81157252001598512159 0.1696112936924815684 -0.86226304333475711772 0.47721531110286197208
1.60074870462820118 4.7829597239704497724 6.8453321717764685772 0.97669240878520746652 -0.018250603866512490892 0.21386643981660768965 0.20962499495397676763 0.29530640730076285205 -0.93212203455212239156 -0.046144339976611395415 0.95522826657580606202 0.29224930901971934993
-0.60396769396498395377 -0.44996610339145654001 -4.8756558526532565168 -0.71709149482427991806 -0.0011251332027958083071 -0.69697813604585756586 -0.62271458479917973783 -0.4481316518977933594 0.64140826970482134328 -0.31305963318368862369 0.89396686551721049607 0.32065075928227015911
-2.6468009343772593844 -3.9617897648479649675 -7.0880952107563155451 -0.96934754331013872619 -0.00025663301600202872987 -0.24569345619709606621 -0.20063519230522677828 0.57802008841155372298 0.79097300649360313685 0.14181276348495644446 0.81602249450140962317 -0.56035384230021489937
3.2153443246305912773 -5.2093181705594711062 -2.790702376510611149 -0.99654669007720730889 0.0019205394781561110299 -0.083012083603203293269 -0.080174125624581815686 0.23787625624801639335 0.96798088632669321285 0.02160564917719018721 0.97129356954611845154 -0.23690081823855910215
-3.2637439115540898271 7.079311245058229396 -2.4247340733270692503 0.9965901771962518696 -0.014053756298114433027 -0.081305046889777216057 0.078677439871211146682 -0.13499823880581590663 0.98771723482710294117 -0.024857175445917999157 -0.9907461670142844179 -0.13343220516667461673
3.3325693389000110578 -4.1917576375253213783 7.0695080732217379094 -0.97820901320249853406 -0.0067562995921329888072 -0.20751259938914445868 0.19071776544056529001 -0.4242679655367223579 -0.88522507158614271994 -0.082060102575958679405 -0.90551148299463546376 0.41631129426194579679
6.0119517384042389097 6.4618743118283905602 -4.234729495816283773 -0.97895457363691995578 -0.0060306790399208337269 0.20398915085208227382 -0.18208781138522045495 -0.42554284058725200257 -0.88642953457672601925 0.092151894717134447133 -0.90491818510584876023 0.41548899692380703019
0.3807184185833693002 -2.7157606840542367621 -4.5787645647267245508 0.96033509783377790647 -0.0065381358344105090438 0.27877186487969085604 0.27594252277546421626 0.16623662535083336134 -0.94668955234351215289 -0.040152509174138595327 0.98606421554166001631 0.16144701556621671168
-5.6881458446098118742 6.038665697093771989 -5.2878432340164582826 -0.88272206277879450287 0.0081511668997814885201 -0.46982477410392448069 0.33258619126542043887 -0.69548110747705838008 -0.63693991437343711048 -0.331946057761140223 -0.71849814726323413261 0.61120555226224781986
3.763390691079672834 -3.708635713221602348 0.19117850743024200622 -0.76558303195130694707 0.0026249605970141351441 0.64333174239273527295 0.61772290425712628181 -0.276361767338971831 0.73623541554955063138 0.17972488626880300799 0.9610500939780732832 0.20995638147121706285
0.56994811872788020413 2.9076153278877292507 4.0347643830789117203 -0.88679368535562030917 -0.0094823742202656026434 -0.46206822460801444397 0.34764474057002375806 0.64510055252969311645 -0.68043251794715686742 0.30453258276788086611 -0.76403884829568791126 -0.56877459887699266528
-3.6821186624175914481 -5.4736902719643989457 2.582892145465880418 0.71975916409460094503 0.00086067439312240492932 -0.69422331057203601201 -0.65240479962958752846 -0.34099216189078368489 -0.67682517901555461215 -0.23730723360708980141 0.94006574491823968742 -0.24487072530028047845
1.6507901178906614348 -5.9996472487551226749 -6.3806993404066822961 -0.99639706910134651086 -0.0053179711551584385107 0.08464395943544936185 -0.084361561818672534119 -0.040446901449554546748 -0.99561396889085052031 0.0087182322538279163893 -0.9991675371758359514 0.039852541706241743913
6.2490541690284926446 5.1545844493354655569 -7.3866200289346473085 0.99864497372828320287 -0.004242237400803389874 -0.051867329497584824249 0.05202789633455780216 0.10334522503236476254 0.99328387808619134081 0.0011464948215227713235 -0.9946365003783412817 0.10342590422504970016
-5.9960641323089225452 7.0079405689567426663 -1.1096006142355607782 -0.99451973389710768281 -6.9880792579987374051e-05 0.10454900289258135804 0.057054130687535335731 0.83760691036845147384 0.54328582705088146465 -0.08760893253920887247 0.54627342862309402616 -0.83301261462221842802
-0.12177993701235646784 6.4912856457137841915 -1.3421168785763339937 0.86527551362071075669 0.0016103041141409778214 -0.50129401796648132006 0.18538515723923071343 -0.93012997668770325266 0.31700247624003635716 -0.46575812285313511474 -0.36722695079141814967 -0.80511721979389594406
-2.6507565873941643098 -6.2930077024235515637 -0.21128620048472801507 0.89260456675004495875 0.015001755612259935757 -0.45059076194003966354 -0.35222281811262634577 -0.60065767802432556977 -0.71773911711100357724 -0.28141814763430472723 0.7993655616544049769 -0.53086582581957197924
-7.2493420240797279419 6.899310480256437117 6.4745601639970749019 0.9705493337873865034 0.0079672040051695196261 -0.24077066753509107633 0.21953205616427809432 -0.44079021426914788417 0.87035031069153512284 -0.099195095651342199417 -0.897574793911353086 -0.42955770547602251108
6.0372643318611682872 -2.7587417433748901985 -0.44433578017185193509 0.99472924756403879876 -0.0074789037662394263623 -0.10226333673053542017 -0.089263754616065740799 -0.55392095612720626541 -0.82777023169176233708 -0.050454991355105123507 0.83253566912273635481 -0.55166897092895827992
3.5704990208958125031 -0.81811278025000278014 -2.6414415636571084711 0.85271792790050515709 0.0060870526356852942482 -0.52233617836347789876 0.40151922505581749689 -0.64726780340724188179 0.64794035418620787858 -0.33414734376869859034 -0.76223837377990799613 -0.55438092877530342761
-2.95010612466735056 5.9916981337176657973 -5.6304607525078838037 -0.81786498318769218496 0.015981849687205496729 -0.5751881863840305753 0.32240045210274298482 0.84070007824283965459 -0.43506473877614770807 0.47660761403814971837 -0.54126514659914493066 -0.69273171092260710235
1.4485837390113680545 -4.3450372444010820772 -5.0023391748929810774 0.99871551232080291172 0.00025268868821255128241 0.050668151715149462033 0.049543647445113643546 0.20469415152109121658 -0.97757134334570161549 -0.010618495544840898456 0.97882595004494343804 0.20441870528621716718
0.48017039743004230612 -7.2376696436090197651 -6.3847299398518586599 -0.90232100503532397529 -0.008245154896383336679 -0.43098587133770388524 0.43012595760456101557 -0.083170528976196672621 -0.89892954323718521348 -0.028433509575512536105 -0.99650121953289771959 0.078592970440565290691
-3.36384060609623603 6.6948888607444780874 -4.5800904925027339232 -0.88118977085534289095 0.0059377551376021972876 -0.47272542855641824788 0.19486629318256448729 -0.90646588203462663547 -0.37462879292518602714 -0.4307339265964489905 -0.42223731214934856482 0.79761139454470830756
-7.1738796852560611228 0.27590237704841330535 -3.1542791599769905986 -0.99904531487895165132 -0.011676954682174691541 0.04209640777942492279 -0.040919042485292558831 -0.087359739981322098723 -0.99533607781113986324 0.015300025511839246417 -0.99610838996560846503 0.08679852913266092318
-1.7553253445776464403 -0.70409624323314157213 6.8077960550636449355 -0.56608706960584642687 -0.00092354324179084752028 -0.82434493793133267747 -0.086666453618935032632 0.9945241530294114396 0.058400640904958708854 0.81977701568301275525 0.10450290000221007514 -0.56306730365821122675
6.201395160655917671 -6.3778671120858039245 -3.0247370196025786804 0.9791585914893269349 -0.0051955692943200411371 0.20303068431233559088 0.16472768592969413981 0.60506253048759395252 -0.77895065548991948567 -0.11879916750924068847 0.7961610014687082737 0.59330802922217462658
4.1329213058705533967 -3.3144800384007635508 -1.2468709707201717229 -0.9999216357650630993 -0.0036041421573927995975 0.011988848497475449589 -0.0013836805105414242203 0.98361197832834945665 0.18029298798669718407 -0.012442176547134989328 0.18026227072860043221 -0.98353988530952474179
2.4112087422465466879 4.0329905660141696089 2.5180243940858759721 -0.99829640893026749815 -0.0030992943731054344025 0.058263833476360847585 0.054978095765158108144 0.28440356417644402365 0.9571269621475385625 -0.019536860111379620447 0.95869964381868433279 -0.28374866350144700711
5.661006641465816891 -6.0922814229099504502 2.3023604539135766878 0.98728685679842920209 -0.0065247767092503385078 0.15881463938166689998 -0.081090737508098309494 -0.88002493830613781611 0.46795341675171553408 0.13670755166930745328 -0.4748826541873941709 -0.86936615420000118437
-5.8090273790487989558 -1.3084515037833770457 -4.540562216831015796 0.88998918145565242277 -0.0056303968895099624006 -0.45594687796153948733 -0.45282944354717147295 0.10645811445295574882 -0.8852187102201836133 0.053523377591120302466 0.99430124635244321318 0.092196960650820156125
1.5330508470112709229 -3.3559059092399547986 -0.82553152696632881025 -0.78977889722586769317 0.0010160809990367133167 0.61339078985262818211 -0.61197593849444464897 -0.069206732566317707978 -0.78784254700499634083 0.041650260509736206083 -0.99760182224519033944 0.055279834049795799344
1.4394840308661507322 5.5898592725661080394 -1.3831680432940407499 -0.9973922634865837189 -5.2801684233118675611e-05 0.072171115753434378348 0.042238774729788000628 -0.81127357950549705556 0.58313897580729445735 0.05851972869417346873 0.58466672250801943189 0.80916022204830451159
-3.7104754403208874969 -2.0099562973634004237 0.88616089309857448697 0.94707033310863741882 -0.00013738829319794899908 -0.321026113065451979 -0.18721631318308071257 0.81210587331007744183 -0.55266092915408548958 0.26078312104811518513 0.58351009559373256952 0.76909565862550977045
-6.2612336540584108135 0.6840263931788729268 3.095358332473763241 0.89351805680573759272 0.01074881088005251624 0.44889859125064074385 0.42405305859442121719 0.30855815564100386172 -0.85145221127446168996 -0.14766342017851977197 0.95114474589937669791 0.27114421751000850058
2.6026576311563127675 -4.1902361264420129316 -7.1442097028587747687 -0.96341471165437131408 0.0031516583936952347229 -0.26799656792035353448 -0.082856980668666965761 0.94744501989717311297 0.3090026780248802396 0.25488588450959409615 0.31990311239723079328 -0.91252133375408939209
-3.4200713019760646816 -3.4140987498141650569 -6.3514044668332543253 -0.97244091965349499507 0.0055377181581048101275 -0.23308365764520463936 -0.22084238305970668725 -0.34238985039954572542 0.91323481766085468081 -0.074748241639357379529 0.93954165635222131048 0.33417686387728134934
-3.7826229502898325308 -5.4909557461538156531 -5.1771175839348364534 -0.88222367157847636499 0.0020305897745688953129 -0.47082615689004742032 -0.23507239361535212097 -0.86833703176204368734 0.43672848433631827891 -0.40794897115526901343 0.49597043861088380146 0.76654481992739464946
-5.3973830208870179348 -1.9350510696216718376 2.3506066251246946486 -0.9286745572083802136 0.0073682341665157764093 -0.37082243179037610581 0.30843749598288916491 0.57060495732091420784 -0.76110202584988129182 0.20598513991426453673 -0.82119162916219179404 -0.53217894577714663917
-2.5009072333525907972 -0.66337588193068142139 -1.6719814957048784176 -0.9835118564655351836 0.0089775390099938491562 0.18062068537446995808 0.013526903787819970562 0.99962112540148495565 0.023971410578438916844 -0.18033704851118867452 0.026019405153216736831 -0.98326066711210768911
0.49194916501716462465 -1.3941798037269577115 -2.4354263829131892471 -0.78496986446997552012 0.010844751029413013388 0.61943902302727738007 -0.56536986062377991846 -0.4213908576615414403 -0.70907451355792638914 0.25333620462166928089 -0.90681427892065014085 0.33691041980549507606
-2.3466891915745389241 -6.3815249891823464523 2.0031668820547015031 0.80639952288826666216 0.0028042463833830052859 -0.59136447787110757446 0.20459176857238547953 -0.93956100398182806899 0.27453110575846989549 -0.55485314968736521024 -0.34237005710017293092 -0.7582352710625187564
-5.9163402580220001425 -6.8708891835565299999 7.3669747184432541331 -0.9067518272300315596 -0.00067243402389919465501 0.42166416927162758688 0.42126863430939431865 0.041888015478710946549 0.90596806340313229544 -0.018271878999668780125 0.99912208562902493636 -0.037698759211454581364
-3.9850051218068354153 2.7228457502556131509 -6.2194598516232870722 0.91870046181415421227 -0.0067945079758013077892 -0.3948965638288375879 -0.26811150372240344364 -0.74490581110125453357 -0.61092679934614246839 -0.29000979816923966315 0.66713504423699543366 -0.68616699841725681264
1.0934925681395550878 0.98037624739986073408 -0.96575192505685547584 0.98333207801520439162 0.0091827528390439686068 -0.18158662229496885798 0.066944904397000071228 -0.94684744343480176099 0.31463995079472328875 -0.16904556818050930911 -0.32155185571093491959 -0.93168020262711048751
1.1190497458376453821 -2.9406471996157801385 -6.2083402708949684268 0.98684075760684808465 -0.012095086122675966292 -0.16124214094818981047 0.14318119228366343876 0.52870138766534469088 0.83664448175845962385 0.075129656608505498983 -0.84872171621347636261 0.52347586680332924836
3.9147533348622607363 0.13241836708561721681 6.0017765276607581981 -0.85926353308084557625 0.0015298681688826381089 0.51153087904907723615 -0.066970848323945952885 -0.99172471162304520753 -0.10953082593918439525 0.50713024578715093504 -0.1283735013915905665 0.85225533612194792621
0.41074439834957521267 -3.2399078355253303485 4.4282772960582921229 0.81400193903315931632 -0.011582502699750727576 0.58074666497667215559 -0.0070674397801775345682 0.9995296773565792714 0.029840834079017976299 -0.5808191582112887108 -0.028394888884975474919 0.8135372368490514372
-4.0508450892003713406 3.8609731576234556094 -6.0628176898627073044 -0.78701333724186084417 -0.0087752910666976813997 -0.61687356992354935858 -0.61688502301867365052 -0.0016580274916497723947 0.78705153536481053944 -0.0079293996451562133443 0.9999601218105984568 -0.0041084558821796561545
0.33720222055811732709 3.0146607847901614186 6.9653755160048520523 -0.17952877116581922312 0.012703252740302829402 -0.98367070084126062568 -0.61107377417885022641 0.78217362377021992792 0.12162756590919564237 0.77094634238354164957 0.6229310151597213796 -0.13266004491735280957
-6.3777008496230038759 -2.5756945458920230685 -6.2153115849830404827 0.98750152910652821969 -0.0030523611392935319671 -0.15757986262164874747 0.048611451111287028171 0.9569672687058753402 0.28609539221513680118 0.14992550427874243302 -0.29017982307071454873 0.94515502085614921945
5.6550112253824460495 -2.4715578528370691913 -6.9578546479769958211 0.71903413721215114762 -0.0021916419492578618003 0.69497129885285846562 0.42258122490118588122 0.79527154140658928849 -0.43470482374791408198 -0.55173817874477637524 0.60624943062594316423 0.57275353336410228522
-2.8351601651663487225 5.8794830307665586488 -2.7756393149683309396 0.88818134229624812193 -0.0027434087849702573289 0.45948490389253748845 0.42325335179083489745 -0.38436102307975433812 -0.82044085962059376538 0.17885889241167565733 0.92317878964224819871 -0.34022113244172907942
1.9997623521871361607 5.7094408728840457812 -2.7476648146647049131 0.92017282746182482711 0.0056902209594968883657 -0.39147105766112122449 0.13020199311264213371 0.9385343306644921002 0.31968852208617898336 0.36922812540536548154 -0.34513900322841833956 0.86287291060726445391
5.2267153034574240777 6.7094833411228904652 -5.7290142075063172911 0.8304852581420129054 0.009351681907947334213 0.55696210109328125881 0.54882372930754186324 -0.18483910034605854911 -0.81524660142332316948 0.095324446799878698178 0.98272430163739121767 -0.15863857290566085734
5.4689410384706835799 -4.1063905034408829664 -4.7524641011548593994 0.98125514756911702552 -0.0056134264932280967392 -0.19263131835732733022 0.1814091970868060566 -0.31040108922006726111 0.93313550303447467815 -0.065031058590519330576 -0.95058910852899813904 -0.30356433941521759889
-1.7483506117334393082 -4.793909938740950949 -7.3563575069932269912 0.90496198537570615716 -0.0053404356630629805369 0.42545891079133218993 -0.33378066726114408169 -0.62904403945402587173 0.70206414421340013199 0.26388306347243961625 -0.77735132094460557273 -0.57104347701218582944
-1.961545573390034658 -1.0654269671352274429 -3.8070329307196995039 -0.59608340353678523904 0.0023026951869169966398 0.80291921986134617839 0.32267020743094443347 0.91638010822420779 0.23692073460840987198 -0.73523364535661905883 0.40030262907679992068 -0.54698198497738237389
-3.4576211278004769234 -3.4128238593067350415 1.1586942477672041996 0.99889508281901484565 0.0059452783841992392841 0.046618313835820504587 -0.0040800365179573258936 -0.97724966664804335803 0.21205292343721657278 0.046818445317740847722 -0.21200882694168876608 -0.9761456297483194211
-1.7814382696325374855 6.956002486966115228 -5.3887272882030536891 0.96438547210314140568 -0.0035182019470102691289 0.2644773779579052686 0.0041788059432304701379 -0.99958407467419985171 -0.028534457042871181481 0.26446776510067243615 0.028623415465288907372 -0.96396965787825317218
7.1176743294197866163 2.0433933470051082182 -4.2000776353240691918 0.6790310981506977317 0.0022708242929305164949 0.73410599445937962937 -0.58992866246693609344 -0.59348218805018326805 0.54750622431788142919 0.43692212228724858214 -0.80484392016342920506 -0.40165323754685794411
4.7319616686665488814 -4.2613401702072586374 -2.534977858820912644 -0.86623332436031841297 -0.0011917651934250307784 -0.49963827661962212368 -0.0030949930718846812433 0.99999076841798462123 0.0029806202120434147421 0.49963011196838957861 0.0041282895594962516761 -0.86622901616128078484
-2.1154073300833715621 6.9809625236501577916 7.2987072040899825254 0.80911128135261412009 0.01751375121733941484 0.58739441851816853735 -0.22764556011252115586 0.930852076376544324 0.28581796806083731299 -0.54177156934358006168 -0.36497627378179731128 0.75714984397240925329
2.9788543280624155685 0.81702003569814218853 -5.8216296175747848096 0.97914408323560742087 -0.0020962113212021071806 -0.20315627030162985989 -0.12282017581086970837 0.79043431329217794801 -0.60010732438803138233 0.1618396387742117859 0.61254322481635448128 0.77369162400336766172
-4.2971917746578336406 2.1594912785595110627 1.0448612647331072534 0.99926544136991146683 -0.0070518922137708436176 0.037667605445030852285 0.011082438946239173833 -0.88774665235806593522 -0.4601989360853145361 0.036684563930324161352 0.46027834192286021242 -0.88701639822834854598
6.4846126258303069534 -2.1899446766022525601 3.7855021522747067664 -0.96922424167933907135 -0.010614105075875530232 0.24595062535888281841 0.24023969818309126589 -0.25892100042224486245 0.93554519022720361576 0.053751807020091080247 0.96584018155892037427 0.25350243968899111024
4.160812999231139564 0.090388027635552189998 -7.4287689812709274406 0.85394396201111644196 -0.003925143239725452024 -0.52035017343643552579 -0.47270508569679020594 0.41221577183205670991 -0.77886331240424522271 0.21755369843144767295 0.91107779618611062222 0.35015373423020407229
4.0276950105438711347 -7.3849692654557044236 -3.637903155282314227 -0.97181302827140914058 0.0010830505412671694379 0.23575042965744480439 0.20719926631757540347 -0.47310829590169362069 0.85629259274300995042 0.11246289218934921172 0.88100361369892588037 0.45954839846295958417
0.27587364023288074577 1.4719500063401944612 5.1107246466575952937 -0.6290685222034657631 0.0078701188535146553854 -0.77731001254450104998 0.63751989400572606215 0.57738597081858999971 -0.51009197744014633802 0.44479341173136160981 -0.81643340324311874934 -0.36823269674118369599
5.3762044683339791362 3.8266717909445668866 -6.2711926206924344385 -0.99892763229961145655 -0.0036854415428795965493 0.046151954984067239396 0.044607059678004816472 0.19039603852470995959 0.98069340710585473087 -0.012401437622523388271 0.98170044618240004386 -0.19002746725191660415
3.5166570645520054406 0.85794039565433977135 1.6772824668586909791 0.92930631851485323569 -0.00035105096419512412786 -0.36930968458940183208 0.33101842489888660959 0.44420690807356877361 0.83253049505542386921 0.16375765248005560992 -0.89592415950409931558 0.41292049073799746983
-7.3540229021019163369 -5.6022826539763030951 -7.2576131748343248873 -0.99963048195338433111 -0.0095979985340992075155 0.025431829935811060134 0.011149111983765239153 -0.99804058777901061283 0.061568518317128416439 0.024791063948869384442 0.06182930995843528843 0.99777880293093901276
-6.0267587716164321421 3.7397191341467275194 -6.171269311985033923 0.93698151845416655092 -0.0060048165211087876914 0.34932731964994667706 -0.083277951011235265555 0.96719487207458698652 0.23999762979666122709 -0.33930873397342620201 -0.2539646070050025628 0.90574365106151810689
1.1153130614097397366 -6.1585025678601397203 -5.4215283532657663201 -0.98946412411478978921 0.0016813773678066236579 -0.144768505068992831 0.03591250400148697508 0.97153183936089471118 -0.23417125605895244833 0.14025348176103816233 -0.23690305628677663097 -0.96135628295440433977
4.7889076665359624485 -3.5066917520471938552 -6.5068069415287368429 0.99828458736116620909 0.015057690812459589499 -0.056578693734073079447 0.014892042550573438703 -0.99988350133274306319 -0.0033482579123250170647 -0.056622519424105399732 0.0024999419538448220193 -0.99839252830958447049
1.5963562174601304555 -5.0752591627450591716 -7.0288154373130398156 0.94809177953396650551 -0.0037090066243285497311 0.31797518904794253025 -0.31265488778780137213 0.17163964208094842356 0.934230568119467919 -0.058042215004556536873 -0.98515281887441397135 0.1615704946491293148
-3.7942718988921719792 4.345148985026217936 -3.1878623966643391263 0.98250023220183080319 -0.00032800225200830396277 0.1862610698395919806 -0.15666837319214083069 0.53939059756684160085 0.82735288970176290579 -0.10073884337524061094 -0.84205562504567776916 0.52989999977773294404
-1.8128837324422413246 -0.38582616627480331717 -0.16008939243432435129 0.80689775913340200386 0.011174749669548844633 0.59058541403865105757 0.56418905537304786524 -0.31070175674321315329 -0.76495433076365249025 0.1749477524937842754 0.9504417621961308571 -0.25700922273499904325
-6.7188823494934934999 4.4583124114951715455 -4.1620078359086924991 -0.99348637063145617265 0.010626447063938457629 0.11345444016060757253 0.03093341128874466453 -0.93310478434288790517 0.35827166438665153381 0.10967203579496830057 0.35944754841160297953 0.92669817335813930992
4.1822123470176393312 1.9746387594230485618 -0.2973034975197905716 -0.99168962310581953989 0.00022614470021405097544 0.12865317828514932774 -0.092662613921965938935 -0.69496888983418259045 -0.71304409551144531942 0.08924870534321725779 -0.71903977012486064435 0.68921439158901465216
-2.4228445398306019953 -7.0969041119554612251 -4.7743067725958621139 -0.90299241899467386219 -0.0056763180740588940754 -0.42961898311336760292 -0.07494991760754189658 0.98666264027120997859 0.14449686551563481474 0.4230687900198519813 0.16267948151605038376 -0.89137432384201664703
1.5645599139475279138 -6.4800722125876806246 -0.50809005234604043277 0.84507857939355701671 -0.0034168074015828867399 -0.53463120005982656124 -0.13177427362107710374 0.96779900510685812343 -0.21447756648580473815 0.51814837205363106776 0.25170103524065184919 0.81741596106078784345
-0.301430529835083727 -5.129140027882399977 -0.34214087045649527186 -0.99128848249653522817 0.0028350812975863077386 0.13167804214777439897 0.062102612537600847264 0.89171465325402821112 0.44831712290317926595 -0.11614822420447706852 0.45258915087105355823 -0.88412253139937613255
7.3432494797436209666 0.86222004662099693828 -1.0474393170156672817 0.8853291299784382673 0.0041570139828979932317 -0.46494628813051996907 -0.46184686905047650507 -0.1077480895400350358 -0.88039071936762247628 -0.053756870815615677428 0.99416953706857191797 -0.093472618476739363635
5.5278321953864084648 -7.337215031273602861 6.703190500527877127 -0.97787542890543333041 -4.7037551491043144009e-05 0.20918805733229034471 0.019616622657549209752 0.99557276555788432049 0.091924189389287910834 -0.20826625664880751843 0.093993969310962433017 -0.97354522240861340876
-1.2025930490472018786 2.9343702913048002046 6.7671055280441212432 0.32552602950146591887 0.0044057578992115122712 -0.94552281485657896365 -0.42193905586841334854 0.89557817070006429105 -0.14109278258799151651 0.84616797224310091874 0.44488237710984324114 0.29339296734454256566
7.2725635293451578178 -1.7233812863492223855 1.0590807570168947471 0.99349508508019779285 -0.0016981881226723230353 0.11386233827990431544 0.1130347994670348466 0.13594525109826008369 -0.98424693182822209359 -0.013807607718675207406 0.99071489585089977936 0.13525289316002830908
-6.9522899504943040938 5.900332340369413231 -1.9973437265119520223 0.88488898794460402186 0.0047098043432328992944 -0.46577816260259741199 0.19885050431369358237 0.90043339422552848283 0.38688264305572450663 0.42122435346095232767 -0.43496841299872346376 0.79584704795887506457
7.1836073784992890978 6.1797855722049215288 0.68760200869574195082 0.97065657600438637331 0.0064326419651894832519 -0.2403839274510156665 -0.23691616450324329279 0.19680617300716593543 -0.95138744014378262559 0.041189106041426039317 0.98042131320342928991 0.19255520288968994147
-5.0639473032379589412 -3.1063063604164287135 4.164274082277841238 0.72620401528432354521 -0.0044863602975534298128 0.68746461782129064666 -0.50065464919889024475 0.68184903199803981177 0.53331680997206987183 -0.47113973555671051496 -0.73147916589238737295 0.49291538771377507722
2.2685380989820740361 -2.1214895605560930569 -2.8098715599923513864 0.99961489823570992552 0.0059736289416186787865 0.027099280109152776991 0.024941675346108822114 0.23466687672979244517 -0.97175581798972221481 -0.012164212103371218471 0.97205749455638290613 0.23442751378792614503
-6.5699575569550177079 5.1197989261923257942 2.0784912570472187099 -0.97860318174681582004 0.0060275153897544246975 0.20566837805839177644 0.19992524824130472605 -0.20843208890370484854 0.95738495884930552293 0.048638542233581161245 0.97801826842522665562 0.20276725286879720977
1.729060980269895742 -2.3348708815921330739 -0.24973621743749516155 0.95750166953532711567 -0.006952949041756084636 -0.28834390809671683886 -0.27874348823756767146 -0.2791847030615123848 -0.918889530543006261 -0.074112216280666304291 0.96021224636845781131 -0.26925790855949138791
-2.6996185952732689728 -4.2852450900634329045 6.5047675902008839088 0.89009077416981707831 -0.0047323930811297709731 -0.45575872804968253771 -0.41556820772115299345 -0.4191118949666085558 -0.80724735009096515448 -0.18719369238618457918 0.90792225655785308014 -0.37501426316563279961
0.27801624907675354104 3.3737369238112355774 -1.4881776530450487872 -0.97619841125096828982 0.023767337141939792744 0.2155731327329707403 0.16202212089726109046 0.74067192147650351419 0.65203829417936653989 -0.14417175247279898076 0.67144636302647320303 -0.72689358737537212996
-7.2056347611030915346 -2.7033129518548655312 -7.4448404439183120118 -0.9999884844969526565 0.0027335152257133383744 0.0039444604047199939567 -0.0047625399884747288137 -0.46406401690175214103 -0.88578886108923371445 -0.00059083519861473886292 -0.88579744643546676208 0.46407169144681637007
1.7407685549463753905 -3.2191817179595285658 -7.2957192211855899089 0.94038158292176221575 0.003758745321357318328 0.3401005003455190856 -0.12066351241868572552 -0.93121112551946438884 0.34392754539221570553 0.31799810576858505984 -0.36446085049334137063 -0.87524024883759166116
-4.7126630313019264307 -5.6243698074292431954 4.6731914433757051341 -0.77043313410125024987 0.0032984439675124029544 0.63751227921211184313 -0.30030558719147981694 0.8802158572297688055 -0.36747326294953164272 -0.56236050730863895719 -0.47456207702316854924 -0.67715692041867392437
0.56238749412706057207 7.1147702196921773776 2.0150710715938058293 0.99804096054018232032 0.0023814195744914327946 -0.062518556643308506593 0.052209923916151063095 -0.58230232616137078683 0.81129410499019793956 -0.03447266929931500079 -0.8129688369108025725 -0.58128590666169810408
-5.9839329353778625276 -4.2516002612134702332 5.3265868928455502029 0.97627583997372247016 0.0085616531490873021976 -0.2163612312295127571 0.19968278355155291703 -0.42202813401246008773 0.88431840422726104567 -0.083739299238080266985 -0.90654230579569083925 -0.41372548575815470961
-1.4056974280080498652 -0.71030583578244388399 2.358582273648523131 -0.99828002826712591844 -0.0023233776343662376589 -0.058579749736645335412 -0.0045948023768049503501 0.99924146829769611156 0.038670089543789303022 0.058445469918214358607 0.038872740456188256686 -0.99753347667914571417
-3.3003770146986961542 -6.4416630306809201656 1.4692610659409361951 -0.68799103875660716501 -0.004249713352143406897 0.7257067386534850062 -0.6839598242216595736 -0.33052197408421113423 -0.65034927807914399978 0.24262582187657205646 -0.9437887287861512764 0.22448952308484310114
-0.81437976066072448322 -3.2512159982795432178 -6.5793995872377406542 0.94115352143179142885 -0.0066453559557421958137 -0.33791402507250206666 0.24474704140793737683 0.70291173683046892506 0.66784277786619927753 0.23308568128169904199 -0.71124604003832869736 0.66317428758308960557
-3.5795698961196840138 -0.18384174333463271234 -2.5372670944893700451 -0.68194319297803307478 -0.0026831921759203625211 0.73140022014674421769 0.32614620701777791156 0.89395257305299136164 0.30737184122796351593 -0.65466184645109626317 0.44815354245131100441 -0.60874975908781059353
3.0989785668412577202 2.5457487216302827626 -3.3336421762014412096 -0.99749353224133008311 5.3656364994819323935e-05 -0.070757686915808193362 -0.039321440959948064653 0.8309492339452061449 0.55495693065920614906 0.058825822710125451331 0.5563482432136208633 -0.82886437663569834111
5.3478825413816242218 6.5442952343717548658 -1.0414564025439554396 -0.89712127013726816749 0.0040235937580780246209 0.44176604369355532143 0.36186253622161185239 -0.56694428671787977514 0.74002005421280681041 0.25343427460900125325 0.8237463119499750519 0.50716179075532430431
7.1535055921201617934 6.5405943954821639252 -6.9969524805383080945 0.98349605346970514486 0.0034533851416295156291 0.18089661948307420025 0.012148445581922608094 0.99630106264779960679 -0.085068253988959674494 -0.18052126766479437148 0.085861904811444803021 0.97981620992044482499
6.6418331954700322584 -3.2321699312444427399 -5.3873751883110818639 -0.99034547826643837265 -0.0099921032469657555808 -0.13826059290315778627 -0.075446767873567688323 0.87558363163864116885 0.47713843821670426371 0.11629109550889223101 0.48296320965376798862 -0.86788416233174614511
2.2346492155573414173 2.2460062588371854098 4.8837880932434050152 0.76826564598344160295 0.0050792561847006860443 0.64011100471578619153 0.46821133583938068234 0.67743594708564258688 -0.56732590509146141322 -0.43651579833178777434 0.73556423156164463251 0.51807260017682033038
-6.6946847330092538186 4.2154670480125489007 -2.997711078799606188 -0.9853586562084991618 0.0039529871919430654287 0.17044850403322611698 0.042423503040377126549 -0.96260303538757763242 0.26757362099492615348 0.16513196245632666415 0.27088700624945410977 0.948341533847592566
6.8058795553372526399 5.9439034049050736286 5.9724639761915687686 -0.71028460080255217957 -0.0041771830847136736872 -0.70390222119578405024 -0.46239699590090327375 0.75673882018066485067 0.46209888142416516432 0.53073986475928580653 0.65370399201251971899 -0.53943144771352924405
-2.4412986724889860213 5.789975502196750945 7.3291613379010538409 0.98952429478029246823 -0.0058400822714553390219 0.14424827027963235682 -0.084716865867284413261 0.78556587483585171849 0.61295131040804595735 -0.11689620471695554016 -0.61875047453107201445 0.77684176483406019997
-0.51062880775903196628 3.6179536937234924032 2.8895222944957996702 0.88465376854764810055 0.002064857903633816015 -0.46624397707242126732 0.06917214895730709745 0.98834263313530046347 0.13562467819566434435 0.46108884567197977455 -0.15223198050633746092 0.87419820436105544204
3.2962298884752039285 -6.3830485273351751374 -3.2453367872777687531 -0.99751931204554988852 0.0086167425972336654516 -0.069863966702006660703 -0.04711452801555952169 -0.81912666410689383145 0.57167449601932163183 -0.052301466004284972999 0.57354795779954881318 0.81750064021850399332
4.2242183215166591026 -7.3581095165524548207 -6.1441478230793000748 0.85562341939785124811 0.011894957766255631268 0.51746214756024977444 -0.39725897250944935957 -0.62578383596892217522 0.67125248558256489506 0.3318039676354600509 -0.77990582804568098219 -0.53070992683538653623
-5.9548678236785530515 1.2490349163205951566 -2.4802307383259440954 0.77480915456897125893 -0.0078920559097798367865 0.63214593999278223535 -0.55277406156766251133 -0.4936748912087965957 0.6713612579289183202 0.30677615757080506365 -0.86961072741969791533 -0.38686634888888049577
-6.2559820539750523594 -1.3969665408602580658 -2.4325339220075798963 -0.97011441864875813668 5.928619065343268546e-05 0.24264791615612871234 -0.24243043065158792482 0.042093523185376145734 -0.96925518910135999295 -0.010271369132563811302 -0.99911367310783960605 -0.040821160997071719023
-4.442037844205621866 -6.4307317588453942747 -5.9973600259729424877 -0.99743944753488766874 -0.0077289365217415887874 0.071097201362109049838 0.056284871685979620537 0.52847089123113555331 0.84708354389680162733 -0.044119856307271249074 0.84891623889615719367 -0.52668269158745095737
-4.3581286103207581561 5.2787905126813754464 -3.7706666040187788447 -0.99513427617981176088 0.0068625181206603495104 -0.098288749189435087317 0.036060787538815308739 -0.90298900722225250437 -0.42814772268213641127 -0.091691831556893851896 -0.42960884381129599285 0.8983478442924562879
6.6855214019601350017 -7.1199971998196520673 -5.1214557868285330855 -0.96275639890377762153 0.002424815154715369292 0.27035945820588436206 -0.1837882465551554656 0.72753122005338788369 -0.66099939809036289962 -0.19829774783924750126 -0.68607029094623928067 -0.69998968498317792886
-3.3204595151221294458 -6.9614767469877323336 7.2139901150898078086 0.80955013812233944659 -0.012355272820879264345 0.58692071108425780679 -0.49808039691724115272 -0.54362183556496390668 0.67556733054808926209 0.31071609561286644974 -0.83923932649186427923 -0.44624305125854701881
-0.95913556698956781155 0.076307165521750333625 4.7690376342153015798 0.61172708552068999488 -0.0053713038991993321963 -0.7910506443552500766 -0.70186075878473908052 0.45762978811794452483 -0.54586303438256911225 0.36494033501185546564 0.88912660860058523316 0.27617462910247492225
0.46654489821750927403 0.7445081921443893469 6.3525754511205896335 -0.99946808441166123949 0.006397117349673221709 0.031978510472792209818 0.017937033399957100221 0.92676347434434336314 0.3752169045418975446 -0.02723620890016600557 0.3755909204317624539 -0.92638525971315233143
-5.5054800675013142452 6.5067975742434400743 3.9931545278128113274 -0.91305249969624713291 0.00023342037532898905067 0.40784197713490444315 0.29777548700876044219 0.68369551923210636346 0.66625085089518976122 -0.27868421579822061362 0.72976734819859145897 -0.62431940973196842215
-4.7941287996790276082 4.2801738299060687609 -0.76149424793331199623 0.96909429969146310135 -0.0067781561417482646265 0.24659743491144167638 -0.064615019874246740206 0.95774882911473169234 0.28025359861382681537 -0.23807800719981103699 -0.28752606304243616409 0.92771096013742637698
-7.1155764803118248807 -3.5714023750487107201 -4.1027007382891138576 0.95443038790773870872 -0.0060744303664692373551 0.2983718082093981816 -0.19574202800591861129 0.74195111434240257342 0.6412437932630262738 -0.22527248635939972621 -0.67042646518614990025 0.70695166855144730977
