1125 14.717824617146108679 14.977075390850430381 15.033177056927090831
-6.1290934251687501089 3.2962623738712304444 2.6951537084501859809 0.9885206410457086923 -0.00034523635259605376692 -0.1510854825534010959 0.10620231486471076732 0.71284809564549411753 0.69323059716951129783 0.10746167011502162636 -0.70131838229605181212 0.7047017213755522036
3.7384705648719820381 7.3113408053927537722 5.6017536845635120812 -0.93871549975200008209 0.011474407906158055545 -0.34450188459358999093 0.33531307388170189521 0.26196773849643317789 -0.90495195810111916934 0.079864591712040203242 -0.96500841548164772998 -0.24976069554760932379
0.35118277257157681781 5.4089805515353450716 -7.1802392842798186123 0.99365676417689030586 0.0055186462411818786034 0.11231998730901994465 -0.067548845805713034207 0.82782278540022546931 0.55690806189403496695 -0.08990766616781095677 -0.56096254822932722917 0.82294448843674505856
2.2400964868483739245 2.8524709328327984004 -5.8673371838988899185 -0.9912951206232100132 -0.00052721596806137253216 -0.13165753253019193969 -0.13132978167076256315 -0.066669794633745060874 0.98909434682932440008 -0.009299046989345711306 0.99777495485042855261 0.066020202955523729638
-2.0288429477824130309 0.33519638948375252152 -6.6566362945100845394 -0.74325101719320907367 0.0010277360373836688743 0.66901186028347159329 0.55126757430043837882 0.5675274575875715044 0.6115690038001906359 -0.37905406865799484706 0.82335382955498359614 -0.42238191768935068326
-1.2322591501176360929 -3.7784979053087872636 -0.97448570685348834264 -0.82579153494937529434 -0.0079616114317750674712 0.56391927928506802026 0.23720828903466359416 0.9022523984365238281 0.36010114846901586372 -0.51166450767983961967 0.43113480752418692488 -0.74318383279095756588
-1.4065945306835541118 1.9716078695659218223 -1.7366600818679467366 0.99117290759682630252 0.0066685327228040991443 0.13240769583880154792 -0.091477674590381058417 -0.68848828230889558277 0.71945515508257318338 0.095958857316825282857 -0.72521680606192040486 -0.68180091075613280527
-5.906644485750385698 -3.6127366640664195785 3.3083258215942188407 -0.99236261379422774365 0.0014464113451061501314 -0.12334646585064247548 -0.089288195031943795588 0.68150681296916781893 0.72634432750905120191 0.085112049508640208462 0.73181033866073996741 -0.67617273477824890726
0.28650068069220147038 4.515043616970156215 2.7923011811487490341 0.99317717303114116945 -0.0010587705534051260886 0.1166103853645695243 0.083486151794150920136 -0.69170676220712123961 -0.7173366138540678838 0.081419686983871059072 0.72217770259255820164 -0.68689897397617483144
-1.7292191872829423271 -6.7206399233943256988 -2.4522421055872025697 -0.80719381762982578277 0.0022467594659631544285 -0.59028221458221985518 -0.57722815063548371661 0.20617031337720184703 0.79012749856968111928 0.1234738955980928532 0.97851354306107640735 -0.16512250952545878824
2.8253387614545379947 7.0474241227495664219 4.3390701273769876067 -0.99895407238617761614 0.0025740824674254756017 -0.045652331402946451366 -0.044286681770377908651 0.19396678201250014406 0.98000794756654918682 0.011377657089350385819 0.98100472046529008097 -0.193649909227899375
4.0080813153948273708 -0.43168561735297805715 1.5046028024241715482 0.88600860576039364158 -0.0059924705901878705383 0.46363006892857649976 -0.25953880520409955412 0.8221824443719092379 0.5066119192831147755 -0.38422436038300034067 -0.569192514412050099 0.72690544256142075596
-6.8513842972357981154 6.5130138916213198286 -1.5780881058782416648 -0.99927833561348933245 -0.00093801388756808946542 0.03797272841765489404 0.018280503371600233253 -0.88818421287418547472 0.45912376021905249024 0.033296113437144891911 0.45948658754213045352 0.88756038932509873085
1.9188796721731702366 -6.4228872172319109168 -6.9972972910964985616 0.72181282569620708323 0.00040931779549798624762 0.69208820039032536986 -0.34913054481200239687 -0.86321983808555002859 0.36463594695936668577 0.597573516263799287 -0.50482803368532380706 -0.62294024518063573215
1.7282222817272681059 -5.4736067074014345124 -6.2328937954842684732 0.90889213478200170382 0.001528505610616792687 0.41702847744733623214 0.19402583476990070688 0.88362092500837097209 -0.42610801016783256268 -0.36914639748117439311 0.46820051746866681031 0.8028195392918173745
5.0725941764916795407 6.4591130502068203612 5.1817137073057901731 0.93654875819814420446 0.01332843034892835371 0.35028385127205613481 -0.31408365231760382308 0.47562730279516185483 0.82166302593126960829 -0.1556530849818394957 -0.87954591794862224674 0.44963440188153186439
-5.0332221417561919807 -2.2371286057099495359 -6.6740693712926129066 -0.88568859707175806584 0.010961732892089180377 0.4641503521802690102 0.45066167625212644188 -0.220057573314017485 0.8651466453641317722 0.11162330659259850352 0.9754252943404947418 0.18996245046376655785
4.3014680148518342762 -0.083948148761732066525 4.3626091656085321802 -0.71052197845041109581 -0.0012132964170319931324 0.70367396289103534279 0.60446998241181493228 -0.5129958549125982481 0.60946804116844344179 0.36024236078230581493 0.8583902263857114967 0.36522823103318979854
5.2510007802353459994 -4.9894459704650264698 3.8677977738618629644 -0.78344074312749889533 -0.0032556603685169188678 -0.62145796533897346148 -0.3372114395216545546 -0.83774886251782643143 0.42949422394941344505 -0.52202399088881201727 0.54604600907407907506 0.6552287454857694815
-5.6581691736883117372 2.4991658605161490847 -5.797983307526784813 0.92179663572938819183 -0.0028154783213584265791 -0.38766355959731357839 -0.072714309480386651874 -0.98348181932081313317 -0.16575928409001594588 -0.38079337120639861203 0.18098503846205041268 -0.90677495791315709806
5.9641260571476664154 -6.9933910928014473285 6.9128658909644471464 -0.96021128513421993844 -0.0010327455964377631713 -0.27927266485902746407 -0.081188916611587738648 0.95783584852067160664 0.27560632632073828185 0.26721273869402789591 0.28731414988669240484 -0.91980863855178551791
-5.6235601765174507705 -6.110892722705311364 -0.29921181318224682189 -0.96778480281108403283 -0.0028904852905263849969 0.25176223017438487117 0.087855130434586620192 -0.94096099812122502293 0.32691570178116635681 0.23595349436691734346 0.33850265155457820443 0.91090169798197739848
6.3387815065789077096 -0.74004549837240407584 6.5988109183585974549 -0.79055364480181289366 0.00039396876151519353432 0.61239266772165157349 0.60862355341929308405 0.11128447753889839089 0.78561640466713988928 -0.067840289754073496153 0.99378851364239217947 -0.088216127995843204856
4.1718812538577196847 5.5318310029208968004 1.8508759204386957542 -0.99088116775614809573 0.0023274642255108621627 -0.13471857443064527704 0.043145622265098507175 -0.94172189316711540918 -0.33361404528152888149 -0.12764390571312270173 -0.33638439149288229535 0.9330340693105989569
7.2310296376670804008 -2.418817395967376882 -5.2746905262218826138 0.87451097574831437864 0.00027104472190164633286 -0.48500564927681533156 0.42969524462245251017 0.46333028750368021598 0.77504002569580610071 0.22492787742857334177 -0.88618563022463292533 0.40507095519047381371
0.84527988335401771369 -7.4281844980245042009 -0.099084915120236413677 -0.96615283649660566034 -0.0039915957475995791567 0.25793945741753482315 -0.067675768199384811474 0.96878196760566515078 -0.2384984059498835296 -0.24893510585711259298 -0.24788216233806795175 -0.93626158025755978898
-6.2150072351046299346 7.0038088309527264386 3.3782909634111524255 0.99804827089820291608 -0.0044263160290516903247 0.062290101008738753274 0.018462356403330881793 0.97380917743279971077 -0.22661603505432867389 -0.059655597837107818271 0.22732376398896775305 0.971990285945592003
2.5189749093589264284 -3.1237263854003400887 -1.04689443631399004 -0.94458397661007942325 -0.012106828256218745907 0.32804654523552095879 -0.19263483009003601332 0.82961059705328388247 -0.52405923280966348887 -0.26580619512642206237 -0.55821114460972376392 -0.78596907360663215147
-3.9106874579695554139 3.7205260539410001108 0.32979800129327807579 0.79101405181664941058 -0.0075025905920639776592 -0.61175197667290326375 -0.039279382268330886863 -0.99848459977769044027 -0.038543924752922592569 -0.61053574830419676811 0.05451802583689966536 -0.79011004607051582571
0.11595785771423569588 -6.4483383660058910536 -4.5318032453141476878 0.9319336295850890739 0.0012272910793565405818 0.3626268106536449376 -0.094805941074545402314 -0.96438941882398754313 0.2469106769606313756 0.35001649044759286511 -0.26448353940618368751 -0.89863057693247383462
-1.7976523370300780957 6.8776935255050002382 6.8902288654983205873 -0.95365055421576139238 0.00030627973310545265895 0.30091614552329054577 -0.080232605273480347985 -0.9640579174801007234 -0.25328849321463065003 0.29002301545716246967 -0.26569199825475936505 0.91939894092193796826
1.575811122079294524 -5.8206778522439286405 -3.1737274637656249787 0.81699186652050181934 0.0010193481099491112293 0.57664829052811450438 0.49821429045334908459 -0.504770361611853291 -0.70497475332549830451 0.29035635145037319571 0.86325305847575439788 -0.41290113369273578892
-2.3233216605318629533 -7.2511622070126007245 4.8299804981594283149 -0.48098758055366702679 -0.00099127513241708924141 -0.87672684727159055917 -0.63992091868636136187 0.68395338694724194806 0.35029841893868535196 0.59929305450744252415 0.72952503854017103357 -0.32960742249260088776
2.2704849464894287792 -0.75428431165185871876 -2.8217556687103124702 0.94934686429903936133 0.0049568951512227862541 -0.31419096173531912974 0.30720058473308281544 -0.22494880199009442689 0.92467607150986508291 -0.066093358103129454251 -0.97435797614310915016 -0.21507720088604873054
-2.6347689275212995419 -5.0648226115278704995 -6.0422454046582672049 0.99460771696608174519 0.00024143156862370949208 -0.10370839436779083487 0.082535087874328644242 0.60366801147265924943 0.79295201065023479536 0.062796883848832515951 -0.79723577041896798168 0.60039293612052802018
-5.2402057904254100151 5.5301527247296133893 -3.9865244011444098682 -0.81902116803814828394 0.0060204175044484440835 0.57373171507098519317 0.031116907126963844893 0.99893940877036846437 0.033938115685465286564 -0.57291889862008615886 0.045648791643384464822 -0.81833985814284870841
-3.825640469753136319 6.5458829579955848388 6.4562033554782018996 0.98303823648369248467 -0.014343385888361497374 0.18283898077891108658 -0.18307712029878273063 -0.13594238906313493853 0.97365416595358900143 0.010890070436873356893 -0.99061290832342774326 -0.13626251219182863861
4.4354154096225961723 7.2618550174753595527 7.0987294276954600036 0.92353133422479427583 -0.0068725524977281907818 0.3834613966581924549 0.037786204156738674442 0.9966053897597837441 -0.073143009763096233922 -0.38165701549993535924 0.082039412016027796204 0.92065599297227418418
-0.35822690188506406406 4.1805838488482791604 -4.5775638373764380162 -0.9994295546910779704 -0.0057181065384247602157 0.033284658141253628538 0.0020537701192453149124 0.97344765077634198835 0.22890053129352322392 -0.033709749899134146267 0.22883831509546356808 -0.9728806084540018162
2.3063265254207743205 4.0651694458840559321 2.1496515820921380246 -0.98222308110237921408 -0.0032762365949826448286 0.18768879887643175053 0.17262057336866981627 -0.4086143577668369109 0.89623459221153323195 0.073756061444151949091 0.91270125062948970207 0.40191599930796517715
5.7066579345452925764 -3.1388075442580074537 3.8967666801794957898 -0.55262164138399805235 -0.0024487566388169731274 0.83342865625382711592 -0.79991591320651911357 0.28229271042193837538 -0.52957091823612956194 -0.23397404401544258379 -0.95932519472460831 -0.15795986038702797272
4.8652838806853520026 7.1406063729409394725 -2.4108819272340547002 0.96954756012043818991 0.0021587478777381373038 -0.24489358601650090819 0.10033043181373145492 0.9086953711914630416 0.40522404522347321709 0.22340844459530201371 -0.41745426358205545148 0.88080679192479383044
3.4185014279550811622 -6.3951645258791147697 -6.8749056241638779596 0.65549188741523112256 0.0030239626501838323853 0.75519616073095319209 0.44088922676580699633 0.81035661716567497503 -0.38592595499334397813 -0.6131452317801673324 0.58592918400232862908 0.52984895591075531485
-5.1315039101032224877 2.0658001703618453782 -4.8401402502448522824 -0.98938831114882763718 -0.0024405349932009323677 -0.145274958444719271 0.12207930324136240241 -0.55614152624718515838 -0.822072531169585341 -0.078787140335656549728 -0.83108401896100148054 0.55053786422487438479
6.5502923879072323388 -3.1335043849173969122 -0.38750444221327673411 0.31203965483508916412 -0.0027583325092375376129 -0.95006507430399289582 0.27691279297887133604 -0.95631311866288015722 0.093725792383178463396 -0.90881822104044551747 -0.29233133714151859905 -0.29764379790273426396
2.0312899926119238891 -0.11056485651460722097 1.4787405572045309032 0.40541740171412438132 0.0020785686751762007946 -0.91412931795220553344 -0.81512916526229151071 0.45345216476237942826 -0.36047965020399597158 0.41376463638920085719 0.89127819104061523081 0.18553170038865521296
1.7606064696113687962 -4.0624258115244957779 2.0912491159728938683 -0.49383834316860358848 -0.0099790015114745254238 0.86949646942660918647 0.86940258140998349923 0.012976985227216979515 0.49393395235804821164 -0.016212410495996264909 0.99986599971355327732 0.0022672367900197919373
-4.6593495194427898554 2.4393163878853068027 -3.3541919567771683042 -0.9784544621461565006 -0.0049669459650315975555 0.20640299163065772836 0.15131745669810231503 0.66288287921428723504 0.73327301582900739074 -0.14046313681775068893 0.74870663005768378628 -0.64784912541654204876
-5.6912738371101712076 0.92485863061121276196 -0.2474728297384374831 0.97542460135575181912 0.0017539617544191209858 0.22032650927212626968 -0.0065898455659060472742 0.99975320475646400897 0.021215643158658030465 -0.22023492231093153015 -0.022146177940663300254 0.97519542954079763142
6.6227472002443086296 1.5676437427673886038 2.1669334304488270249 -0.45668439496800844468 -0.0071092266984118203041 0.88960037223940358064 0.88825678830949061915 -0.059158119798165341441 0.45552189287029043463 0.049388676990853856708 0.99822330956435945115 0.033331409021954361283
-4.1005716239991896188 0.13738995668894049551 -2.1859848978860791924 -0.89914006677467395168 -0.007417137192564631637 0.43759813344674625135 0.037051033052461823658 -0.99755705606613398473 0.059221118213257380181 0.4360898545827823769 0.069461543090776928233 0.89721833059822431178
6.5001534352876717548 -6.7383223278493513675 -6.9083035257951399544 -0.96845128177302230998 0.00037702381469506779463 -0.24920267391302430848 -0.19253563377570456772 0.63375338300341377273 0.74919068284277356984 0.15821550037501042052 0.77353507185188197237 -0.6136866855784318675
-1.7161435424797917282 -0.72712087110570011728 -4.2266281959007487856 -0.95636644551794980362 0.013045022450783242199 0.29187848375076735907 0.09245836489193698382 0.96117457684364515647 0.25999016056584939305 -0.27715460062733004998 0.27563247308474508879 -0.92044123502392682923
-4.9623041728948686924 -1.4701180168087295552 1.6565220671415432641 -0.96763391733516168625 -0.00052848859191292766116 -0.25235752955329465719 -0.092059161372531631007 0.93182474841650897446 0.35103810198623491834 0.23496747185468161434 0.36290819629564174953 -0.90171388379670147639
-4.44415701212953973 -0.68464892884752293067 -4.1196150585477635531 -0.82017911486199557292 -0.0094328327639368533819 0.572029056263919089 0.46112060840188945354 -0.60272872002570065941 0.65121876091167141265 0.33863550323504798545 0.79789041335404875532 0.49869518167557719268
0.40363132861771583437 -3.5377965403196731664 6.5958257274439962003 -0.86512076025265205459 -0.0002625555663749168378 0.5015635565353014913 -0.0034956702387922387876 0.99997873170332240989 -0.0055060358279803182577 -0.50155144349248292901 -0.006516686698881848927 -0.8651032784154246702
-6.0773268443642027847 3.8577819895312468468 5.0031421349280122968 0.94302161667077388785 -0.014058340537051603608 -0.33243434472524940881 0.32721698654867553691 -0.1419611023393195226 0.9342248600505409506 -0.060326397253390645625 -0.98977240236529684392 -0.12927226040599357204
5.4687535427351292583 -5.8527826230029642574 -5.0641527388349887318 -0.99865383992414269443 -0.0032150001899816827051 0.051770375492791197158 0.014543864948630054815 -0.97539621821625011044 0.21997884780564749829 0.049789396433808350007 0.2204356624126843911 0.9741299372975587012
-5.8078063150299215067 2.2147525982243934095 3.2651169005926323763 0.7868508734763370871 -0.0053824051060535607269 -0.61711970688414974351 0.071784988787677334043 -0.99237598935787374455 0.10018388658248436607 -0.61295400993414217439 -0.12312970990499011448 -0.78046553815311725533
7.1888901975729870841 -1.1239843412521199895 -0.51717042574691873824 0.97730173901580108531 0.0019741142513971907287 -0.21184289884139370641 0.19635968145375207183 0.36692146904972749999 0.90929176343439976904 0.07952475347954976459 -0.93024982581196857812 0.35820535333900466179
-0.37222856593922570845 3.4312880410225266026 -5.4677254022665131572 0.99707638668942721871 -0.0025590205227764345128 0.076368386916621969207 -0.076398916658942495062 -0.051342947491469177745 0.99575454167987420551 0.001372821771636416853 -0.99867780247526738435 -0.051388346962415634711
6.7494208611820134536 0.91792309622799184154 -6.1353209393273155925 -0.9097528805844479205 -0.0096972859867693363134 0.41503693680525755028 -0.4060811460780369142 -0.18703512905241889697 -0.89449201410646239641 0.086300631910568109673 -0.98230536145582980634 0.16621786241854175081
0.91526784026450636045 -1.9073325272527421603 0.4048736525963056998 0.99732279581404403856 -0.0052117165337835615405 0.072938871395747381654 -0.055924545606177447632 -0.69701205318084002993 0.71487526388842426162 0.047113545275835902459 -0.71704047007924809343 -0.69543747247333354
-6.3073687362126298339 -0.21426660757333962359 7.380916000459241566 -0.93581257139265028311 -0.0083593278127272255262 0.35239885479683419334 0.26438023933773696639 0.64458541009566661106 0.71736513585448202779 -0.23314785066841547945 0.76448660598489426299 -0.60100108901588844557
0.29055832619018723273 5.2911397573494891589 3.5068664469981891685 -0.99999245557212346203 -0.0037004751866356582618 0.0011812206569313029453 -0.0037098408019237963038 0.81967635876202282752 -0.57281489502964277882 0.0011514686587021328787 -0.57281495560960704605 -0.81968390294665338658
-7.1950844854129458739 1.0103143839923631742 -1.8266212601447822106 0.95296949600643010569 0.0086604399720882161567 -0.30294246394460166982 -0.29708133277102644065 -0.17097641555319956219 -0.93941989921643953565 -0.059931806249825116117 0.98523705883622025858 -0.16036245350934660858
-5.0847368092849567489 -5.2892218126551240331 3.762254844014167432 0.99991949685537573345 -0.0020326359953366564953 0.012524703568493866443 0.011552569252765522434 0.55407322795586844144 -0.83238776793399782417 -0.0052476615962113830338 0.83246545060646037761 0.55405210548674221904
3.0945527594650372727 4.2336859831235109652 -2.9445815198712250726 -0.95632362220596023317 0.0060416823460617717287 -0.2922475452171228727 -0.24834382813529104483 -0.54412300679659664215 0.80140844548944167869 -0.15417675777535344572 0.83898370159915103272 0.52185809930742921292
-6.8520557933839425502 5.4170735142182406818 -3.9384280621788736454 0.68997476285293590781 0.0021336737298430670517 -0.72383027987399961578 0.67305605053638917212 -0.36983001838629836477 0.64048521476825270859 -0.26632757923713179515 -0.92909698360111003801 -0.25660946124566191839
-6.7786730502819354527 -5.8467942846824634273 4.3687820656334945824 0.99984180017447787936 -0.0027434076133849146992 0.017574081438078648087 -0.014630479236195393158 -0.68874661953866767039 0.72485449791761569216 0.010115517833782885701 -0.72499694329610520072 -0.6886777973117488294
-6.9138900825031690545 0.059456120391693123572 -5.4807148953981590367 -0.99459312871945682044 0.0022038169343735485202 0.10382510050502682941 0.091518250249644467198 0.49111286868233566816 0.86627510646786487492 -0.049080731200808247472 0.87109316000381609157 -0.4886591740868265199
5.1987949163670821306 -5.5535287316433414873 -2.3004117861757062968 0.99141409415886960765 -0.013764488622527028261 0.13003319866898330193 0.05904751167910406856 -0.84015024741297206212 -0.53912981102558321655 0.11666827018363332136 0.54217903004907386233 -0.8321240376936147598
0.076164530838180727335 -6.8098446703546899883 -5.6141702047198869252 -0.96549833896836545488 0.0037986216874546442808 -0.26038150457073988564 -0.26026382634076244971 0.019331217814388151899 0.96534400330465430784 0.0087004682465072740588 0.99980591841172972156 -0.017675614874795034237
-3.6933915846436655706 -7.2740885183036567696 -1.7344281699797472474 0.92017144629217051399 -0.0046191400117796604582 0.39148840720269956206 -0.029381190546693934651 -0.99792547023747457668 0.057284391359229178131 0.3904116482260497345 -0.064213856735877872239 -0.91839823907299711347
0.12368753531853513006 -4.8345202131899300824 4.4652628765615229867 0.9890202311019260506 0.0022695222606210615698 -0.14776275491438931042 0.13745727661676646059 -0.38127216683975101441 0.91418654108369701294 -0.054263059039030558939 -0.92446005000876529945 -0.37739784890966426856
-5.6415444532823988411 0.18522256792524713354 -6.8462009300828086111 -0.95085060035397372946 -0.0042755741958443102546 0.30962050202113794439 -0.30557051872269985759 0.17472932520585382488 -0.93600017147449399157 -0.050097843207538447774 -0.98460722238781794857 -0.1674479731963227358
1.4875385234808908841 -1.6814584872157070095 6.7360161094965480544 0.9431004176407545847 -0.00077781439377559637594 -0.33250713864615077942 0.083846072642954641574 0.96823855133619385338 0.23555029995501511331 0.32176301581795413442 -0.25002700396419441642 0.9132113988230841084
-2.6927752485706348828 -4.5676099326759427299 5.3107603149245745655 0.91242191062041100302 -0.0019133685061648413039 -0.4092463757210755837 -0.29656523395948708455 -0.69219669936897243456 -0.65796108653106843978 -0.28202006848162253227 0.72170635884933265203 -0.63214287354217912895
6.0264126640490465192 -2.1351464027224529296 4.7721011441441252288 0.88716712260941910095 -0.0043172290566503585679 -0.46142806383478029986 -0.45989096969590764763 -0.09035503940962287539 -0.88336643746830378898 -0.037878655640941956417 0.99590026026026734485 -0.082145474983568000926
-4.6876941142755148562 0.54319671352563292377 1.1207765243304739222 -0.71391898327979153027 -0.0062140404936379340164 0.70020073622742218244 -0.30354037070808026488 -0.89837761300347851456 -0.31746008852227086683 0.63101737588051098893 -0.43917997467428221414 0.63948261992173471846
7.3498502543193735548 6.6292933896964045815 1.4048985510579432567 -0.88810389207866013983 0.0042380818504675924971 -0.45962323215529049536 0.28428196586897974685 0.79082809116985153253 -0.54200986531457695516 0.36118588116968841639 -0.61202366692714005314 -0.70354231597303118484
-1.8861573229314456679 -1.0919779949368422223 -0.95185807355960205811 0.99998154084207691028 -0.002906049336392710087 0.0053359959085617619107 0.0050802165930944644112 -0.081861895301570772321 -0.9966307347743955658 0.0033330728238609962089 0.99663944582521668547 -0.08184562083980134739
-6.9540832238956760136 6.9026500407298785333 4.3972398237937238008 0.99698280434973640673 0.0018677181676401760288 0.077600254252226177898 0.0040743145663394691319 0.99707325365405041762 -0.076343479149062171141 -0.077515726094639456067 0.076429303782091076447 0.99405727889868522595
4.5592621467788880807 2.2611248091638529445 4.089423756305888169 -0.99977928794291903714 -0.00045272807598706446596 -0.021004057645810612909 0.0047898409033843587085 -0.97834918180266627896 -0.20690562073104984409 -0.020455630628700632173 -0.20696056026034367892 0.97813541683773064239
-0.17036859151149835734 4.5295201308539345675 -0.076097296700424782445 -0.74134443917467018892 -0.0026195578417719774314 -0.67111963197432744632 0.48427595693686242839 0.69022882087068648804 -0.53764390852329768666 0.46463450155752222814 -0.72358642383349880411 -0.51042870923005123629
6.3838703692302480874 3.6207790658181240318 0.86998805520093847043 0.99657661057771818047 0.0046709249114512763415 0.082542363122445991386 -0.0025951129533540425245 0.99967810613038632361 -0.025237858711852842464 -0.082633677384803011501 0.024937252937548386178 0.9962679402539980078
-3.6327866394713179687 -2.9673489584940067054 5.3587965998153324065 0.9893823919059112626 0.011678357373133935529 -0.14486579498193391524 -0.12404540719350809486 0.58724776079168194975 -0.79984548782838948977 0.075731232268278589337 0.8093229784296094298 0.58246124080909544851
0.42274975592391417223 4.380255202952596072 5.683318266008609676 -0.9327378961670319546 -0.0014360766309456140036 -0.36055229126677779128 -0.26137278302142252784 -0.68613699404997730014 0.6788963792006496023 -0.24836321255267065911 0.7274709362442407512 0.63961062496690979096
6.8213341721089832959 -4.544657858631583558 3.8112187747588106568 0.92531407925439190798 -0.010950235033479020774 0.37904346332095401051 0.21970924970227490025 -0.79922196503905051923 -0.55943909069202879536 0.30906585112064838272 0.60093622203338847854 -0.73712546877675377832
0.85279852059176286527 -7.4767028559868116133 -3.5541649201186262808 0.99571719385836221505 -0.016068411665053527332 0.091044362820981633577 0.073239110721626338174 -0.46389039767002643311 -0.88285997282130568298 0.056420763160487961974 0.88574686287683157548 -0.46072680884480349262
3.3385123104751031065 -1.9676636352064547086 -7.1288673114835239275 0.68268182081734007927 -0.0054179453456470634543 -0.73069568042643018302 -0.72589771744362541206 -0.11967137030126209774 -0.67731179447911182834 -0.083773715065331877394 0.99279877568342644878 -0.08563034313660218555
-1.7803474581834166646 5.0513986978773495196 -5.2659716937201777043 0.98844017565073127862 0.0098600501655496924219 0.15129044441131866972 -0.13618849423049284031 -0.38076283626829349194 0.91458862695548182042 0.066623668456984586062 -0.92462016089188725498 -0.37501845937721206559
0.5800786788878865563 -3.4125325995946029778 5.3229875866095710535 0.96822093017428045858 0.0015912209066786271033 -0.25009138007592313091 0.23826700899386138444 0.29803571549532453799 0.92433951809627579177 0.07600699176620835662 -0.95455339311390718926 0.28818528223597095206
2.4342788381614250959 6.4449545006717263718 -2.622513622195764782 -0.9955709884897346873 0.0018083232846970321434 0.093995408633903820839 0.081169754674489336121 -0.48790937521738869664 0.8691121403484342034 0.047432876820320088451 0.87289241693446817383 0.48560163782118936915
0.28584358104253487776 1.5311467711988611118 1.5112506314978433331 -0.99514070091090545134 -0.00036685819684324419551 -0.098462433474379301712 -0.078563171369446099801 -0.59983465940847557896 0.79625762757833529193 -0.05935329388515393767 0.80012389464848832077 0.5968910618510022692
-0.46881927185510191558 6.3953751934896843068 -3.4777102975744949021 -0.99605459891770398162 0.0023354099645996966549 -0.088711790846894095219 0.0065502258070675436694 -0.99499199281462102906 -0.099739805377899892758 -0.088500454896210445366 -0.099927374103573676778 0.99105105286654160412
-5.9103995757087455232 7.0536079574773893341 -2.5240192729557930917 -0.97060318621497665426 -0.0056145870904898654771 0.24061988970392064746 -0.080768165588252949227 -0.93415888316457429408 -0.34759701441764467855 0.22672882114287506994 -0.35681319680804562955 0.90624410853080750172
6.1040777091786138087 -6.9696278415573766907 1.5374345943948388715 -0.96846577391028443316 -0.0073366802080537842079 -0.2490385871464944334 0.22186310608056197813 -0.48019703070411673407 -0.84863865918493341933 -0.11336139962394110869 -0.87712997031593342712 0.46668212762962213436
-2.8215012798919194559 -3.4868783101158857818 -5.9469358254063235947 0.9806788195862549129 0.0032212840547965609916 -0.19559825189383400756 0.19247633554555512725 -0.19455274050033780076 0.96182227642045359239 -0.034955873180439855918 -0.98088676945545205665 -0.19141377285175795175
-5.5383167215373179104 -4.2641061186361834956 4.1633691426868022489 0.8831267231144122043 -0.017850892557776165681 -0.46879477018837828473 0.31317483660743949958 0.7664503141968640465 0.56078109595751324257 0.3492974558124091744 -0.64205549721371868443 0.68246320476678179467
-4.7779702920693436496 4.5644762533679141825 -6.2434866699541391455 0.99735288984338066332 0.0098776209480182716738 0.072039195757111804119 -0.040999462367389348516 -0.74182773861745476829 0.66933597714696868586 0.060052120749517004517 -0.67051773937915171153 -0.73945906172783548715
5.6556778351779728453 -5.1283724618760553327 1.9643227729039354212 0.28196729781676677096 0.0012918563572262933316 0.95942314651511240164 0.92225658442857827435 0.27527568250738415623 -0.27141497950237220005 -0.26445649063704856907 0.9613644624840043118 0.076427317319693835462
7.0596165963944237376 -1.9423710382713941236 -3.5753203806351021576 0.44002569405510782996 -0.00076580038609177884801 0.89798485628716018248 0.88781034195282804156 0.15048125175876578274 -0.43491170321197381021 -0.13479682968428624568 0.98861256638732664115 0.066895502750067892261
4.1844139009472316459 0.99172506717557318279 6.3846082085006905515 0.79501580189256704223 -0.0039888910216217716986 -0.60657560410020683328 0.60035475024146156553 -0.13782115523397184265 0.78776868624770579608 -0.086741273933543458496 -0.99044909910523826202 -0.10717524657307989089
3.5829668840700361621 -5.8905880846730651612 6.1796674769796355875 -0.36101748354090368309 -0.0061016545977949677992 0.93253908571648269632 -0.93048944090206742175 0.068940931033590835408 -0.35977291226264862534 -0.062094902750223633647 -0.99760208391903160141 -0.030566406610074061539
5.3959497286228854662 -2.3289905559780854638 6.0594621420184422433 0.99757170774534298374 -0.00618392128871826912 -0.069371802798372850241 -0.067064073622964778809 0.18344753473368097252 -0.98073921713639011788 0.018790900326925697589 0.98301005138184827103 0.18258735155346741963
-4.1742294766716971921 6.5766606499681268261 4.3383556139249881412 -0.9507178423276042567 -0.0035175263457834404952 -0.31003743530154292962 0.29573954435355209736 0.29006563454025086068 -0.91016484746686110441 0.093132734231992253537 -0.95700028979477214097 -0.27473030256479835653
-0.82549116199784366987 -0.93681720757750708284 0.019291976359453899548 -0.95556426579626740914 0.0029335705513987477694 0.29476826168519043581 -0.25551211565403830761 -0.50690725759477694989 -0.82326094948788819394 0.14700507707929985624 -0.86199560692693955044 0.48513202424843721028
0.82558995505754451116 -3.5248590779262216621 1.160204454372467886 0.83074680072100970385 -0.011409070440431372251 -0.55653354454460690626 -0.45884047153988083423 0.55201626923659730117 -0.69623520463643639999 0.31515896745732857598 0.83375528280775179635 0.45335080635348634637
2.2079257709221318251 -0.015842290866299353624 -4.9498239494645241976 -0.98394617605870027255 0.0012960731705177826363 0.1784607598714132437 -0.084549453751155495551 0.87724646697506991622 -0.47253574050029173437 -0.15716651198620554264 -0.4800384946795056007 -0.86305372436245131329
-7.2691654556383360486 -3.7427945001681224291 -6.101305400650877786 -0.69392938075582710766 0.00032886052565377684592 0.72004298925445697765 -0.16192121616395377393 0.97431575634339728786 -0.15649385514097657879 -0.70160069432676541723 -0.22518592050050745268 -0.6760530799638673205
-4.8544853646371022293 -7.4387015881613960389 4.0477366666740071111 -0.97855246300857900987 -0.0062958425338060708051 0.20590152866530145315 -0.17823883886946742527 0.52698957766199450159 -0.83097105927583581053 -0.10327629669192261996 -0.84984842613398403621 -0.51680911286394792814
2.0806604165237660986 -6.0663688090182654733 3.6689471303594802798 0.65721218174552942237 0.0059387544772506887028 0.75368221377479394096 0.65242361798874781709 0.49620119158931486059 -0.57282440604060058664 -0.37737987606072898039 0.86818725437580812621 0.32223488402673317044
-4.741313788969784504 3.3909834662516633585 -6.3245532279805942721 0.82657264453415646432 0.0027751451654693974277 0.56282320659080109504 -0.14641715919187001105 -0.96449771083126034643 0.21978667224303594097 0.54345163428045850651 -0.26407662594563213743 -0.79682109461743788614
3.9783579850795560695 -3.9719787653732629984 -4.7480030835519091426 0.74782541844131567021 0.0078390107057775722244 0.66384914961493923791 -0.16211151939644846687 -0.96750560651479888818 0.19404318241407458867 0.64379888071681901085 -0.25272801837859076857 -0.72225449110009354303
-5.6663053404461543039 -7.2250931972510841206 -7.2776336472326752514 0.99999136421206047398 0.0037485357355113635078 -0.0017944305578782445386 -0.0027209746815785350663 0.2641767363899061305 -0.96447044964949135704 -0.0031413051379342209549 0.96446700328747725361 0.2641846546865491141
1.2399468451678077319 3.31057467232304381 -7.0632150745694666227 0.88080637721909815774 -0.0022478351619917018474 -0.47347130122876157632 -0.25223320206359378659 0.8440507283552866058 -0.47324072071150047325 0.40069756378963522492 0.53625862715655692181 0.74287828557116264427
-1.1594238058238344191 -4.3101736401606363103 -6.9338601008246900648 0.91171769324796414491 0.00076815204092840652476 -0.41081657435026552871 0.0073853188236248680509 -0.99986729678462127335 0.014520533273336270683 -0.41075090369268824064 -0.016272638480283124762 -0.91160237842635527539
-3.7445499183362995765 0.025148691062493983006 3.2509441703156385373 -0.85520720048087317533 0.0095655992864892812333 0.51819797718240845352 0.21427785121656564571 0.91690400727208021259 0.3367076535013500127 -0.4719169913486592205 0.39899315878673818903 -0.78619260522952216785
2.9809074016548278152 1.1648339066725470481 -2.3385746814050816234 0.90764710733570785894 0.0090501653045678438075 -0.41963653684246110531 0.018720628040017537469 -0.99964548650356921389 0.01893249584265528293 -0.41931642780963646056 -0.025039884604463803763 -0.90749475896453135615
-0.39738771752427271 3.0781365280815440322 -1.5910872738329291387 -0.98008159768373126486 0.0074907966101101907536 -0.19845389854587677791 -0.13033477664189732637 -0.7782386662740775618 0.61429424896671702694 -0.14984294404339421058 0.62792393351590136685 0.7637137067240962196
1.0565675855018903384 5.7512611717529562583 -5.3970672216469628424 -0.97640591648795038715 -0.0055431433979476786578 0.21587209131415421859 -0.15995467354089609735 0.69015181730630714707 -0.70576552160134486957 -0.14507235663459613906 -0.72364338083762624887 -0.67475496938552514958
-1.854727895646908431 -0.58829449375581366333 5.8469023305466887308 -0.99898033998927104893 0.016002404492588294393 0.042216150527370446821 0.028357718943019596947 -0.50519366850773417266 0.86253996839336488645 0.03513004542042483247 0.86285762461152126779 0.50422475103719299749
5.8210727034657345769 1.5108397589468753885 -3.4185332515869730763 0.7366026558768038468 -0.005058162220620403618 -0.6763068403840071241 -0.51993936114183747499 0.63527161468236126307 -0.57104556413166351891 0.43252697961021180362 0.77227222569112330408 0.46531282094466774879
-3.209922868172871091 5.5181627413775080626 0.7759809691013048738 0.99716258302660698565 -0.0013379547613541786268 -0.075266147029801139245 -0.061517118388156918907 0.56178165501108523472 -0.82499516134226713593 0.043386946848921824349 0.82728446254599474763 0.56010533908633275413
5.8537985855311918115 4.8939169410556537798 -2.16936161586995091 -0.97949456692241798628 0.0041755011164761757919 -0.20142730341242853775 -0.019281163266517273996 0.9932534483038955031 0.11434957007122743822 0.20054583045443902245 0.1158885353380257055 -0.97280584767187117112
0.66865616947485817523 6.2478988020609378395 -6.3341012375975651594 0.99010602531404190429 -0.0055093221332179146549 -0.1402130735931108596 0.083745656110389393723 -0.77856077531755685239 0.62195641665600487347 -0.1125909575384691913 -0.62754503145723439239 -0.77039633291837283924
-2.4685977238042333681 5.9491699530727837342 7.4506849953624891825 0.97413499060408936803 0.0088668776646714988349 0.22579282220939303483 -0.20586563595049622855 0.44681714067253736067 0.8706168978004944492 -0.093168449678409676062 -0.89458136649594455214 0.43708559654022172136
-2.3805506811596974792 -6.2733882444651145605 6.0130378238981476713 0.88426066626986987718 0.0001507785844496642685 -0.46699363095643126043 0.43793848236158877674 0.34695546157709361568 0.82935625237208110416 0.16215103994378721186 -0.93788159431110362796 0.30673303587570383
2.7517692661615549277 6.0728127968306386819 -3.7581857301306449415 0.99479567725090090047 -4.4668426838019234526e-05 -0.10188993339706187147 0.052892153840875824611 -0.85448057469143257059 0.51678367576494865787 -0.08708605275823351477 -0.51948334475676161137 -0.85003121938853953843
5.2344506158900570014 -0.30065479092475089207 0.64224897099937006129 0.99221875610682241931 -0.011234863416688889437 0.12399886238861562715 -0.055559806192882046916 -0.93121598825589713133 0.36020812199667406883 0.1114228341295713659 -0.36429460750955477977 -0.92459417636815488528
-3.931116208439623616 -1.7513974690253288902 -3.7658866864914459782 0.7076902880474964519 0.0076544469888338876815 -0.70648132717329592545 0.099930102919072241741 0.98880439936849828797 0.11081441386421313211 0.69942006743721596429 -0.14902103620227161174 0.69900236053634234867
2.6558055436149059503 -4.6080715776236118586 0.45456825762347369269 0.89334004927139210039 0.014303817845299358208 0.44915360085702377146 0.26391160488828491193 -0.82567467456378473845 -0.49861006466919527425 0.36372272567587626835 0.56396518738227130463 -0.74138319798044094444
2.1615656830411986711 2.8926483751757774421 0.54409840776908613424 0.94212457491778378582 -0.0099163265845123062248 0.33511632577829125745 -0.32688237245465606717 -0.2492647223200084583 0.91160024834638708757 0.074492952112896790307 -0.96838461608691772664 -0.23807989291768938411
-6.3809555587009922917 5.7551164447865588158 -2.4471418579882149302 0.96472446623599672488 -0.0054061659029397586551 0.2632061504144588282 -0.20612004200011119215 -0.63746762449943217277 0.74239447465675456606 0.16377189176292319961 -0.77045817607792932424 -0.61609493293086947663
3.2581906522360055689 -2.2534599292668624493 4.5080587001743559483 0.75856541501608121258 0.0028321652500589650572 -0.65159073810291834317 -0.1133855290122029319 0.98530800549461727833 -0.12771787705342005359 0.64165585242562062085 0.17076332495123314192 0.74774170266173556332
-0.98577366124134169212 -1.3891517034419884613 4.9145841974032178356 0.91489698781792183624 0.011854062810104089992 -0.40351329950413089565 -0.35400420727169967794 0.50397607611165318175 -0.78783826762931796761 0.19402196503427501795 0.86363626365621437575 0.46528258207485312381
0.084925819818787481874 -0.64870387576396160156 -5.2638209039976189274 0.82386740476756747942 -0.004258010011197372463 0.56676659103397253325 0.41688154989522047122 0.68203321810725403562 -0.60086642671674206362 -0.38399514673819162835 0.73130879849005892002 0.56368002318017984553
-6.2999737887328963737 2.2904975486122993722 6.5168118513107149425 -0.92133967158263241348 0.010907558635645856621 0.38860550013170247485 0.12415907796775124683 0.95551186501060458856 0.26754737745331330645 -0.36839887747682753538 0.29475091346514442625 -0.88170526032526630456
-4.4793877871299248028 5.6402029161203808272 -5.4827909726416539371 0.99760995935055840622 -0.0012782911945966039975 -0.069084983724926343762 0.053692122410197891391 -0.61498197847467850341 0.78671107920410776604 -0.043491665819254586578 -0.78854012714827437236 -0.61344351238017236216
0.014003243959199086766 -5.0054057845083548273 7.3553147009169475012 0.94404728977414920088 0.0010315303631493605296 0.32980850597764854726 0.31777534464436846262 0.26482615619727917222 -0.91043173128470977762 -0.088281056893611931091 0.96429562009742231243 0.24968062010272165652
