1125 14.717824617146108679 14.977075390850430381 15.033177056927090831
-4.8665728116571775885 3.0655461028918167266 -6.9672748152440870939 0.6563600264894318137 0.0085266462382816883558 -0.75439963675142407418 -0.40796737515811049013 0.84514119395808295909 -0.34539684868532988249 0.63462913298504219917 0.53447512437823785358 0.55819548993832102113
-7.0325294384728769259 -4.416832995909916626 -4.1466223600072824595 -0.71913388073168693637 -0.00031944554790600161731 0.69487146979733016572 -0.43881973822157860354 -0.77515721998389941483 -0.45449809862518392167 0.53877982416845870972 -0.63176829792374122885 0.55730164077256238997
-0.16440609777643744316 3.5567724348102012222 -3.2230133570826535738 0.89450062383530248855 0.010683680108385487303 0.44693902597279094868 0.38642023558258176141 0.48427790430296230317 -0.78495497510128653396 -0.22482890270276870148 0.87484899861825637934 0.42905849732431672328
-0.12858919621754949514 5.5243436502232086127 -7.3062781980177264884 -0.99512025241613477622 0.01413749406354661807 0.097651495087503384362 -0.075801484620207484899 -0.74309844824169080102 -0.66487504927622265161 0.063165007405864920242 -0.66903275516407478829 0.74054395842311904197
3.6487090765481746679 -2.1815683897702311533 5.5326445648595168336 0.94651227858354192168 0.0016805669319413414631 -0.32266341934812903247 -0.17241802772279399281 -0.84261666291121661843 -0.51016583882157295893 -0.27273894149319660718 0.53851122094072789714 -0.79725725754868359552
-2.8452029285017101934 -3.1512120694413674471 0.97915503872094689086 -0.99587772820907383142 0.014877797871222505494 0.089477380312589269162 0.088402516847656445464 -0.061692885170791231242 0.9941725116569455345 0.020311215426521731647 0.99798428797740723617 0.0601233355536174921
2.5684390122347182661 0.9930373516860711014 -4.0124161529917659053 0.43945206774475881195 -0.00077114993992182054999 -0.89826570984456743929 0.89699574690304118008 -0.052786439314619210128 0.43887608941733369239 -0.04775468765114333769 -0.9986055262977369118 -0.02250539168940045992
-6.7198703364277090344 -6.2771505834569749638 -7.0843568772271776623 -0.75172505584123894273 0.014007084946474724491 0.65932787139017490219 0.64438234681174944019 -0.19707788961481653711 0.73887190807501601508 0.14028838703877230532 0.98028776744183632186 0.1391224693059309736
6.1607036346551939943 2.4630206841576871568 4.4196558947388089322 0.56476011790934632639 0.00058512677379211463363 -0.82525491022217789538 -0.49085069343769571759 -0.80364525708183343067 -0.3364816451482791626 -0.66340907890291744842 0.59510835853361321313 -0.45357958026409822549
1.8422744497221599236 -6.2015756846158422988 -2.9186834354127926261 -0.9621121051460352902 -0.0038486368474458620796 0.27262700733021144606 -0.15442041772573464331 0.83176738750566103775 -0.5332141667956158404 -0.22471010596068488607 -0.55511098086469745638 -0.80084778029452874382
3.697412036257458734 -4.3911353504220596022 -3.5268346751857686527 -0.73699163030687464548 0.010576227885699522949 0.67581911800518923439 0.61597666488207536428 0.42211293662801380178 0.66512661730840860752 -0.27823746185301456713 0.90648155642297023604 -0.31760841091913621925
4.3655115787327893884 -4.9129169434900621383 3.3577697519709093221 0.94958969822669825334 0.0013654683644191917616 -0.31349248877423813164 -0.30550146460396127024 -0.220352893841560038 -0.92634413545954241709 -0.070343870710550177039 0.97541926250800481402 -0.20882768538116974755
-4.477983789484179411 6.6783340472043706271 0.25164821181879643008 -0.96498375061252783524 0.003681085787545973053 0.26228383606559063645 -0.078398781095615432957 -0.95824453285088317944 -0.27499281151379983967 0.25031977983488667983 -0.28592632769467668519 0.92497899595313548549
6.1802154346067839086 -6.1302666993697600972 -7.0694546571974932192 0.89057237668758237881 0.003707932507166438775 -0.45482644285223783331 -0.35338343249395548495 -0.62391627092789814224 -0.69702843307166029163 -0.2863581525291797325 0.7814823978236477009 -0.55433227433740084322
4.2225386912992135535 -2.3610750838439744648 7.139183090291524536 0.98679502275225949859 -0.016674177519556007687 -0.16111348446187478967 0.13776596175537911271 0.60951231337360212148 0.78071459550053257104 0.085182878872477399423 -0.79260123116857272851 0.6037608512457051102
0.64292054386851738013 1.9141435960203372346 -6.369549527728356253 0.84998288891027429237 -0.00016036204208171359574 -0.52681027215103393146 0.510879029266598228 0.24431538246374848167 0.82420422914903113121 0.12857568205303884779 -0.96969581218826517155 0.20774582019613788142
6.8433784207715628867 -1.9238112920670993322 4.5971421756116956914 -0.95544964915831431806 0.0024977911885728960872 0.29514357347305181234 -0.17269824215994059036 -0.81565443896364053789 -0.55216225274259467248 0.23935597982531056638 -0.57853400698502155386 0.77974811168983071408
6.7004921955694509705 -2.1936604895006661664 2.888453801413345623 0.90878448911300580004 0.01548571385024349184 -0.41697835077409156623 -0.26251058800671311921 -0.75555363916702433791 -0.60018904482334300976 -0.32434386618536864555 0.65490372651883721478 -0.68257026411929888621
3.7805024768732669038 -5.6676532424943397714 4.8086144456580068862 0.89703034217763955027 -0.0077286491021673082297 -0.44190138401637718557 0.27714639930135892554 -0.76900571863170430476 0.57603826093938237385 -0.34427668896810853516 -0.63919517574434148166 -0.68767949565067387763
-7.0844964406545303248 3.8260812834773725299 4.6675335608336787629 0.96361000215203107544 0.0018771916734042987454 -0.2673055179074768084 -0.26717718919386995724 -0.025003654128585531269 -0.96332298158741425098 -0.0084919565962923472535 0.99968559729141870385 -0.02359222841369052609
2.2658496376923786819 3.975965615042206025 4.6554642446055334304 0.95994299352428558159 -0.0059587638346222894167 -0.28013200873378585332 -0.23042064843320586576 -0.58563115605114834938 -0.77713735841078313005 -0.15942325413587749017 0.81055576131178752597 -0.56354554726744776616
3.4906969732969672648 -3.6870553418516238686 3.9878583809410010907 -0.98181727641202654056 0.0020500701541322167293 0.18981736735838852792 -0.16995584260570953394 -0.45490507260256163313 -0.87417182892422962137 0.084556769703338141575 -0.89053757480118833634 0.44698208080909768158
6.0637041155802116066 -3.8666986006306269807 5.7690669834877228439 -0.85604395485614037664 -0.001972130280824166762 0.51689927264065227419 0.43950497977088970325 -0.5291267143556797059 0.72585142619665055097 0.27207374020823971161 0.84854052988488415377 0.45382248625623666793
-5.8111094439179504789 3.7920502098325332696 -2.606704598416427654 -0.95466891319367397362 -0.005858587349294692298 -0.29761206819616958796 0.025017067955006210001 -0.99784822279455598348 -0.060605862560192506894 -0.29661660859206256946 -0.06530391427779141944 0.95276124306532983255
2.7955511603142126908 -1.1219942825351791882 0.61595054876435539892 0.873202479745094573 -0.0021302074119484747453 -0.48735294354638686309 -0.074539457464765784822 -0.98880883864052793175 -0.12923215508193380829 -0.48162360682156463154 0.14917286228624263011 -0.86358911439964813894
-3.977954775929159581 6.1198605883313206277 6.0822754459947825367 0.99837431834598688862 0.0048527922417262022922 -0.056790587904662244434 0.031866474111337667052 0.77857649683053731238 0.62674011074028068702 0.047257256530737069833 -0.62753094663967323719 0.77715613792511439861
-5.6550787332915293248 2.5654599738587431368 1.4515347663348272533 0.97000932488613877958 0.009968312783467400337 0.24286321741752181502 0.1124049376601177902 0.86750692390787886854 -0.48455842471426491258 -0.21551575261161398656 0.49732521523867601054 0.84036931801685987864
-6.5758255353809893506 -1.3870416321168705931 -4.4462614888732083784 -0.99485705284899916823 -0.0074740798857394511942 0.10101278397479256099 -0.04238333217838036876 0.93648618366194547047 -0.3481339985747444743 -0.091995095249333122545 -0.35062482219610974221 -0.93198666112241668191
-6.122607371309269908 6.3954138529081916431 1.6398866070849580368 0.87118750238718334344 0.00475075425730250335 -0.49092745494471834444 0.0016028059215809249693 0.99992032926470841847 0.012520628428755157038 0.49094782482223192632 -0.011694676441051142859 0.87111047970123467454
6.2166379961303759316 -4.8855982902056185324 1.602270307021523621 -0.99598030187902186761 0.0019439415360111614826 -0.089551434160403703411 0.067278854036591867471 -0.64378580352922898378 -0.76224234661530487767 -0.059133696556267621725 -0.76520328035462725769 0.64106719278568558007
4.531658183049818156 4.3163909031243345993 4.049488162809284475 -0.99559491248159492915 0.0010219716469338311488 -0.093753537611412293695 -0.0094765679057882759584 -0.99591669775094859851 0.089778203376520149259 -0.093278962802112078134 0.090271184299027001918 0.99153928231998844645
0.12276282126239930481 -2.9276267668896993612 -1.9761695181450886771 -0.3835800710692741089 -0.0056852915694546903025 -0.92349012259930596258 0.074224265558499438744 0.99655624990454627632 -0.036964837055282404044 0.92052000927781607587 -0.082724350925221498687 -0.38183713057167872895
-3.027922220307196266 -6.855235266394095639 3.3362905317666049498 0.95209825353009702731 0.0070395887829495153859 -0.30571123599701788276 0.3054468175854769818 0.02561409199876289039 0.95186457015584879926 0.014531250874797028982 -0.99964711897799507501 0.02223691226694114037
2.0178232921500516284 3.7138343026121884982 -7.0234157503490450836 -0.98821787750183731625 -0.0059964013101414439383 0.15293616235929144431 -0.027700690033687996872 -0.97572320891866293202 -0.21724845534363826371 0.15052607201912809876 -0.21892524465869056538 0.96406101409281685921
-3.5159614451416838499 -4.4615978730350613901 -3.7207678590860520096 0.66296633368533308683 -0.015719665047172128036 -0.7484841564994676455 0.56629174332433873662 0.66447407409361236574 0.48763497239239395054 0.48968285843240416666 -0.74714596765846086335 0.44942585725479317071
1.8058683698105455484 2.8046309537175222459 -2.2113697933637856963 -0.98566595123237943366 0.00027034885737060691813 0.16870850450543994903 0.16740306896048082197 -0.12260297630622725429 0.97823551494686478147 0.020948629634248164266 0.99245576078338659798 0.12080032203640361788
5.5104235817950319998 -5.8414826030882327501 4.8000853448588722827 0.66473299403802965646 0.0095682448428693108594 -0.74701974226111833577 0.08267948736920720243 0.99283349094772199717 0.086288826743685764775 0.74249185113747584452 -0.11912223949820945068 0.65917808144027933981
-1.4681772478727193043 -7.4241550309668209451 -5.9276612362577703053 0.94239195599067260289 -0.007219531404044236822 -0.33443277299086693333 0.27325322396169238193 0.59329564947282420473 0.75718752493103513856 0.19295097014161924354 -0.80495226608973591276 0.5610898078190840188
0.25690741500682801046 5.7294266991678153289 -5.0733451331943095752 -0.99956085600708055594 -0.0053917772879053978141 0.02913801427776743086 -0.0099285249291257010595 0.98740856570873691833 -0.15787890536056312096 -0.027919876989438114495 -0.15809887128887056829 -0.98702848356363814819
-6.7278501124725549332 -5.9356422206155139421 -5.46240773190810458 -0.93539894080286278832 -0.0082732161871600963521 0.35349734855999043193 -0.12882698706854658899 -0.92303887506706938648 -0.3624952999939762277 0.3292907969376185906 -0.38461771801209737598 0.86234377254287009062
-5.4787309315594576731 -3.43517586746479342 -6.6218817976168375949 -0.99987901087514829968 -0.008819863938918754212 0.012813025074078825127 -0.011831378518256059629 -0.10354998164641007752 -0.99455387977887732553 0.010098618410792806199 -0.99458514532490682747 0.1034331020760348302
-6.0337415532043703337 -6.1146092539874370431 1.9968751136664559809 0.56969241859831221131 -0.0081975522973089312573 -0.82181710150611397836 -0.81688346559784918988 -0.11550108000540859621 -0.56512025636185614363 -0.09028815993510558302 0.99327352761163667516 -0.072496534549020955063
3.2613940606586391269 6.6861445566938018104 7.3347194947833287415 0.84593573379534137135 0.0051655404902865575956 -0.53325983486444283876 -0.52750402770309667844 0.15494020104620390144 -0.83530415709285521508 0.078308588578580362594 0.98791034577601954947 0.13379429608034756893
-2.4894840277157297415 -3.6022723483398348954 5.9309730676619540901 -0.99267713605168883539 0.0030844934753499640354 -0.12075839291851218904 0.11731793764644031508 -0.21360006870052455907 -0.96985128352627025805 -0.028785500979660816334 -0.97691632013754281516 0.21167403804480564022
-0.96279578380918606761 -4.2705642540294261877 -4.3787992788532354993 0.99859812208041187631 0.0011674176125272793525 -0.052919067580718098798 -0.036819938188366874154 0.73356597721599958728 -0.67862010670394634637 0.038027394458422035528 0.6796172409578432605 0.73258059151438814638
6.7012202465275194641 3.9084500417733787359 -0.80178410925941878684 -0.99999158545606825488 0.0034277843380148978816 -0.0022537328390916456025 -0.0030255633977224077359 -0.24524332586939207035 0.96945683611120958556 0.0027703760220539590947 0.96945549738557157404 0.24525163323748075395
2.4759456908294761313 7.2212942151889212283 1.5313922323381201629 -0.90496551919971179867 0.0033741711134248637133 0.42547153139655957688 -0.078875413475785166595 0.98130607456700991165 -0.17554787713585359721 -0.41811012689077242666 -0.19242401873771342036 -0.88778202212261381199
3.6724558034971397369 -0.49966858203270320127 -0.99250635186297420098 -0.68883136284271817562 0.0048678528083770829238 0.72490527489687528462 0.097974416263590796694 -0.99017742854005574848 0.099748051447463501051 0.71827039986491481027 0.13973175737389068041 0.6815883425199352752
-3.7762432861838783893 3.6744240188142205383 3.3125487680036167504 -0.84862050385307064015 0.0069076881242427570773 0.52895701553612672896 0.52865692585890544652 0.047190766797283886791 0.84752279395332708045 -0.019107464027068820495 0.99886201017647802125 -0.043698849465228589706
-6.7658124164810793388 3.3574722307482671724 2.4449344137357158502 -0.94157983040746295877 -0.0044582094677610168559 0.33676037079535309227 -0.31084835787982229016 -0.37332421012368888213 -0.87407226963166739786 0.12961759669610817269 -0.92769022766425612847 0.35012871936313222365
2.3085052755818051828 0.99025768512693523871 5.3197575679424176087 -0.93970159630614114032 -0.0025851905602970377297 0.34198571123539844852 -0.23694523503526995767 0.72600034894805531849 -0.64558535370730163461 -0.24661278452987772658 -0.68768947215809539397 -0.68283623541033255933
5.3846843473990615436 3.5527928213455224338 6.0973320988660359987 -0.6239126132627593746 0.0059938471644167354985 0.78147112858249689893 -0.59200823082955800203 -0.6564016860551494803 -0.46761424398129086688 0.51015615809451131391 -0.75438776523767403503 0.41308569815233381339
-5.8008142315648942855 -2.2975441025576732734 3.8646568649276646923 -0.97631837070876892337 -0.0018740361216326023586 -0.21633059655364988982 0.1353307654898922574 0.77486398912465115352 -0.61747176637470879701 0.16878395340952892512 -0.63212521413605859966 -0.756260332640116828
1.320050671112576568 -0.070966961502225575642 0.12381922721103613694 -0.83170416174653749586 -0.017107920915047210297 0.55495540935760101497 -0.36313802256244798183 0.77285814667495289498 -0.52040470951727046955 -0.41999876654922835284 -0.63434817266243026523 -0.64900187360051664331
-1.5801140171952194891 -2.7030665691221935631 -0.11116910034849805666 -0.64809924331217616533 0.011271119461019706368 -0.76147247664255068855 0.72274051038178144246 -0.30604372094003590155 -0.61966393757129489828 -0.2400281764111981686 -0.95195073545809083537 0.19020060932992169378
2.3479907132691746341 -1.7149546241124473678 -1.6507041254009102715 -0.91431070789891921713 -0.01793312090547622209 0.40461627821412460282 -0.25867969152231323759 0.79456287788403279215 -0.54932199144266091739 -0.31164201676798575225 -0.60691699289375744542 -0.73111628153226393412
-6.891860206747504769 2.6411786421897227584 6.9807208978091956908 0.88198998517175153378 0.0048239915724518373646 0.47124345635979436597 0.18419036267189561884 0.91688189281336851533 -0.35412074908088747582 -0.43378286775231050809 0.39912945736460370139 0.80779211428959596386
6.499632504141770184 5.7423495571290779083 4.5134078474989722807 -0.93306147246947634954 0.001428518762528390839 0.35971411972201078333 -0.24116552084726511351 0.73948150735412943035 -0.62849525999470901017 -0.26689975673962174074 -0.67317535576951059717 -0.68963719464427519767
-2.3217614620845976603 5.9055429373158823125 5.1637654911765533683 0.99727448228900617 0.0020866200357446042929 -0.073751291459834764086 -0.04686377304400349969 -0.75414407894629087448 -0.65503472806132112538 -0.056985908356714902456 0.65670568309347676639 -0.75199085901477813465
-5.2394471724973570304 -0.42691072838487448271 0.73445607841059656895 0.80946476515473664293 0.0052830466106387839048 -0.58714468693105537067 -0.47635674534195548979 -0.57872850715310886205 -0.66193471443596874071 -0.34329440010005629613 0.81550316028002622915 -0.46594372024216346162
-2.7048222584263039714 4.1877724916919829568 6.2889732651003171782 0.99826035586380201803 0.0033423620348907979137 0.058865019550461951392 -0.041142003419208039716 -0.6756550841842096089 0.73606897962801953739 0.042232658752416281367 -0.73721030637938955721 -0.67434217330867107787
-1.7305538780012361677 0.60975963846761516152 4.2574299016386634165 -0.89942272207008000517 0.0038476033597408185183 -0.43706288217182581723 -0.40619610935466027302 -0.37656690142800403054 0.83258758668021604077 -0.16137994847285641598 0.9263814358552769912 0.34025570903898388897
0.45314266978676487341 -3.2298659727682621501 -0.14530405862827197594 0.95791562874235147707 -0.00023830773857425480849 -0.28704980651556533111 -0.2678002382217061772 0.35929073851743070778 -0.89397606099053994466 0.10334737838768009999 0.93322564711062816478 0.34410639481908095183
3.9097038495459877083 1.081198992680111548 -6.8851789665316953659 0.99761478882334675422 -0.0011259480589630519853 0.069017862630044987671 0.062258108033843087559 -0.41713128246605307714 -0.9067113218507146799 0.02981041940474944002 0.90884554541958639806 -0.4160662368730745353
-6.378545508814778664 4.704672886007669419 5.1056327598582518235 -0.99778072588070443327 -0.0095458833736336880238 0.065897641623904434915 0.047148366769739553928 -0.80011827458826501047 0.59798643645223281684 0.047017598534255237996 0.59976630680669240636 0.79879266561947215308
-6.0274183143200685819 -0.244608191889715193 7.4511865280154632174 0.99303941518700555857 -0.00033793343146270313562 -0.11778202615904322104 -0.11772048638431276135 0.029601053768710101216 -0.99260549298371902882 0.0038219066696749213335 0.99956173567065642604 0.029355231435568555909
2.1761241280391763198 -0.81928493121076539918 4.2986699485132930931 0.7804199489299348258 -0.0018500428469837553597 -0.62525297332660678684 -0.064191636981390159944 0.99447460572101309406 -0.083064386578159538077 0.62195187679905217237 0.1049611162165400291 0.7759890637300451699
-0.39001462362951910823 3.1637965097801212799 1.1456239783374402297 -0.99714741435068920961 0.00058206339252388867786 -0.075476454978200338553 -0.0064123185111186770807 -0.99700840749298225152 0.077026732760216293228 -0.075205825739651371853 0.077290986477142512023 0.99416808799327671675
-1.8548488518616073062 3.8445320918717884595 1.2351243200540942269 0.71884872832767965356 -0.0026898170103327977143 0.69516132707891509224 0.69458655747504804978 -0.038060404992464595686 -0.71840164236081671678 0.028390490601696002915 0.99927182010501769405 -0.025491362991087299084
-1.2227341118011829657 -3.019272964816782423 4.9936636150823492386 0.99469837943246919298 -0.012737556910606580296 0.10204356225739977249 -0.091551328845280957602 0.34223875949171206345 0.93514222751842990267 -0.046834689503618756601 -0.93952668197631084013 0.33925819918400007547
-0.69704777048879384971 4.6153429737580218273 -3.7364955133985038316 -0.93943632081967898273 -0.0028824811405747195053 0.34271138065024731034 -0.26573117088576508893 -0.62538146834025865051 -0.7336790605410216104 0.21644016250317998917 -0.78031385375308537355 0.5867401006378026862
-6.6857247439540588019 4.9067847914226145889 -0.13108648038731451901 0.99991261604169145993 -0.004117800842325139779 0.01256200608443098013 0.0057155612227766175448 -0.72218306224603201482 -0.69167836236572444175 0.011920261765216915578 0.69168971968743209189 -0.7220964194886145826
6.9584333104496636224 6.0624263304271215347 7.512919231594292313 -0.99382242224383665619 -0.005728734490594496534 0.11083399589691418641 0.039551742877494903972 0.91481332090431854986 0.40193562610367417065 -0.10369499833980849735 0.40383631522831370253 -0.90893540904852743179
1.137699868589179264 6.8035198962865051087 1.2761829664996524603 0.78304941699491881213 0.0028239850954562242986 -0.62195308155197537303 0.51802938473327564406 -0.55638074620365651768 0.649681477192215584 -0.3442080288091182716 -0.83092267411713194303 -0.43713652620341991728
0.97807303086630059674 -4.7070023864140733139 -7.0456782365728738426 0.79962678338969050973 -0.0022464388512641216 -0.60049309804397343893 -0.45994188332047386547 -0.64520474842964892215 -0.61005269983137910828 -0.3860705521709625887 0.76400640449953993727 -0.51695622893059733904
-1.2347493174237436087 -2.2085366110254938121 2.4119845334980909435 -0.54368248693829301921 0.014008003615604967818 0.83917407564302559653 0.73758186852311946602 -0.46912082856018122445 0.48569397302890671142 0.40047764060222040827 0.88302288987632859829 0.24472072926506144297
-2.2158303553748659454 -1.7537801580228506992 0.26819305706020718505 -0.27539283905514005957 0.0034023005918260799257 -0.96132575568737266281 -0.48474745668384311426 0.86306333100444609929 0.14192106931042255957 0.8301678670219020395 0.50508426131317873953 -0.23603220445097053415
-2.0422276466601378964 -5.2625859273984074704 3.8960610586977413305 0.99987312653446214217 -0.0017229176486104132333 -0.015835478808449158367 -0.0086010924319599134369 0.77835146135699184722 -0.62776988125609167746 0.013407163879547767671 0.62782643633275592165 0.77823789023572775836
4.6704892699178186533 -5.4060439805174924643 2.2825341800881013832 -0.99975444110627686989 -0.003361506681761971746 0.021903373283684884898 0.021800586350864140095 0.028056000606868990166 0.99936859829829172153 -0.0039739052749049388891 0.99960070083144714204 -0.027975828389711427518
-5.9529657647570370926 -1.4014166097314004755 0.49128158348644518361 -0.88690915515287305215 -0.012000812005891521236 0.4617879719277169781 0.41057721893211684971 0.43765543846192378474 0.79992753701733887439 -0.21170379732051283761 0.89906267728997935063 -0.38323335515610562618
-5.7564438635360462015 -3.7089979561634103256 -1.8579857576734277735 -0.99484960698917901389 0.0030593095260539010342 -0.1013158432753010485 0.011620889593739584106 0.99639614074643234609 -0.084021935413562939821 0.10069366612856983645 -0.084766569653556098074 -0.99129986092542998755
-0.21307681414382520502 -0.32026476251982421983 -2.6521876340024070906 0.98430648884379345898 -0.0022604623213112514518 -0.17645290116656253687 -0.14223965548993811048 -0.60197630291152304238 -0.78574322214008973653 -0.10444432213434556855 0.79851075198965082436 -0.59285070846776954934
3.8371863833570403202 4.4807447926075818501 5.1788293029815397617 0.95261697669518086151 0.0026216232558726494661 -0.30416117898878797243 0.16268411347030364844 0.84052961118231406257 0.5167628585242123318 0.25701123503985057184 -0.54175926371152260952 0.80027628057195043798
4.9121043086042881498 1.2477083004764584206 4.7876049707363117491 -0.99223288288588984418 -0.0055580114339106928209 -0.12426992648598056412 -0.045318141630344796478 -0.91419614062129284093 0.40273028506959057671 -0.11584546671795009631 0.40523391390897911535 0.90684359338250997151
-5.051019239204325828 5.7065284782243486106 0.25093262469278104776 0.48379443543302474984 0.0060393326321025782993 -0.87516082562307706549 0.8555827326324597637 -0.21370292676398142118 0.47149681516796920766 -0.18417690372316739 -0.97688002618228975127 -0.10855543552083986303
3.8693356481816709724 4.7553107081272987244 -2.7518134263079607749 0.99558858023002261284 0.0023235835517273757504 0.093797547275921794308 -0.019925016906686486562 0.98212752091820632039 0.18715909370489075547 -0.091686272782664779424 -0.18820237409407467033 0.97784124159739649329
-1.0000126799779462949 -4.1877066115882186637 7.0547056315791891734 0.75581039290277973741 0.0014565068211405927945 -0.65478891909389225212 0.4195996270361990188 0.76661605862261972266 0.48604112136021787594 0.50267962259404885828 -0.64210411714132198391 0.57880523475412226642
-0.59363192014222676551 3.2204065600796432101 6.3471454316570392606 -0.98637940956725456143 -0.015869589509634605268 -0.163718711546478074 -0.14577664387303396198 -0.37669497203858592904 0.91479509626035626635 -0.076189438131322034797 0.92620141123286259255 0.36925074860803502874
-6.7007615279075647408 6.8371441311580056777 5.4540031416535610376 0.99944498720915986301 -0.004259229821424820317 0.033039014873715327747 0.016234818225890471077 -0.80376321120738491999 -0.59472777889274230922 0.02908862698157140339 0.59493407976924683744 -0.80324796452247593237
2.5284810134004094273 6.8226373348246545092 -5.685845542876913683 0.83691786263939194068 -0.007729212959096299837 -0.54727392634968030638 -0.23253674620551026408 0.90014859395385138363 -0.36831938649337675473 0.49547467428644059728 0.43551437182917124291 0.75155311127757717937
0.79016924552953504701 0.14189787110441121065 -4.8906991943176576498 0.96324271340964884303 0.0081407301195841573482 -0.26850922437872476456 -0.15027897035280307625 -0.81217258952718951459 -0.56373035743215571536 -0.22266500877561015703 0.58336044889415339387 -0.78109594835269646751
7.1815813503583685318 -7.2961856144651990874 -7.3883019393824316268 0.98919999906107192178 -0.0051736589249900821752 0.14648069876546401802 -0.14656185604522029009 -0.02313550313503041217 0.98893092319303632642 -0.001727486631448414689 -0.99971895137987609736 -0.023643900734031247923
-4.9634438789836528017 -0.73242647497815349666 -1.2109798598607934839 0.95561582984986137568 -0.010942613081639273806 -0.29441237229286082444 -0.18879680068831775075 -0.78990314945416828518 -0.58344561231740432738 -0.22617284052262587313 0.61313397695890869965 -0.75690988400766423538
0.86826632214445031988 5.3880265650954628498 -0.63023621112462147043 0.88784431640425665044 -0.0033708123292702498949 0.46013161970537669321 -0.1614973986814569884 -0.93864373532382405774 0.30474009968568310791 0.43087244057556789434 -0.34487182511988107025 -0.83391388295831991861
-3.0911973343342622478 3.0858796101168080028 2.0406456497685949714 -0.83170934280207653444 -0.012494321266126175857 0.55507068111361612672 0.38093706173229757717 0.71447014844362199959 0.58687252617724017245 -0.40391400581632858069 0.69955435737262816609 -0.58947194758228249611
-3.4264617093106299883 -6.6196914830692437093 -2.9535864552219566193 -0.78265493362334603855 -0.0038836129288040361143 -0.622443710246719073 -0.52329428150278189946 -0.53739621792669067801 0.66133833996281032874 -0.33706727788614360142 0.84332094869551821326 0.41856352883357716976
-0.4092936754899433871 -6.3290477449865605308 -0.57298872235827180699 -0.95661506550002772808 -0.0010735741112760164954 0.29135281686806602242 -0.062593924372878279039 -0.97588590585148238254 -0.2091140822418399714 0.28455160707671128817 -0.21827859766565529953 0.93347996053003190475
5.3541149397028791057 -4.7935568957935252854 5.547075595825418759 -0.89739972925179334329 -0.013302728320945936269 0.44101787192585428787 0.3094286228840515407 -0.7315123739369107092 0.60757186745043700871 0.31452766695287259768 0.68169838212841704639 0.66057525122028315501
-3.9514391918433098283 -2.7286035347681263374 -6.1421196981916148516 0.61834114891088209909 0.0079285008359790912907 -0.78586981265217725756 0.27147891053958089769 -0.94055060065436879579 0.2041170466686651197 -0.73753198215104875946 -0.33956104971419631688 -0.58373355978663266086
-4.6214855675194783657 -4.2479778313591243233 -1.0010695436698731076 0.98732356547068500507 -0.0071488034335768380761 -0.15855936325433162004 0.15820157299447878962 -0.036386425454830069459 0.98673618072133373325 -0.0128233914479658484 -0.99931222480862191837 -0.034794223366613696857
0.4982555934975528289 4.0966583238239424603 -4.7741633899041158173 0.97302953892473997843 0.0015464928925200327123 -0.23067536656413065166 0.13933289010084798365 0.79302028345927266795 0.59304736384063772014 0.1838473881129485954 -0.60919326849690402792 0.77141668344817460046
-4.3703184602137730153 -6.9886278227357143678 5.3633641644783960345 -0.99033450608216100353 0.0036708121004528845854 0.13865096898845025164 0.033487838179787385307 -0.96374722467091911149 0.26470710536968722337 0.13459617660600534106 0.26679170166568999534 0.95430920417090081553
7.3237237891644513255 -5.6490653694215069436 6.5233020654071456335 0.8210692554829397416 -0.004758514653507966638 -0.57080875452201784714 -0.12487380810473880377 0.9742477395696618192 -0.1877441716613155176 0.55700252221162505073 0.22543003012392692774 0.79933065233876865463
-2.5271412302437834541 3.4338772065563030189 3.5780528556734694234 0.84646568638784436267 0.0036623486867656735756 -0.53243067996692916566 -0.080810438276968876714 0.98927568520844322286 -0.12166877874291839867 0.52627513225822752929 0.14601440291083281342 0.83768387790931264636
-5.7730842972930087598 7.0864640890859975642 -6.0978167187346299372 0.77996812592316266954 -0.016097443366000267762 0.62561217608114971789 0.62500480398582569652 0.071020423294270926262 -0.77738349253746807932 -0.031917354818624205093 0.99734496128087724021 0.065454645894680932305
2.8282318398216479416 -1.5553115457507811215 -6.7991994114175318131 0.82939846439873232686 -0.00067993617830389499468 -0.55865707275548370792 0.43699062827777551687 -0.62221769710247309959 0.64952623365802775179 -0.34804795366501473097 -0.78284396599787120508 -0.51576927676084094454
-6.3545822391513624439 5.9258845914753131012 -4.6644576468695690963 -0.9948068717836165975 -0.0055638853027117204583 -0.10162839678205351501 -0.054414185563097003384 0.8729010097727732953 0.48485350730639159567 0.086013860869385116992 0.487865627317805306 -0.86867067719609625254
-0.94261760718479581378 -0.050538456117676960888 3.136321134389164822 -0.81736095702079225589 -0.004086455436646579259 0.57611141875497939857 0.48697193071900246597 -0.53925387576454986149 0.6870688438320313729 0.30786263922353357403 0.8421333376341598731 0.44275505306581353082
-2.3600320598720694321 -4.2685257548047106368 -0.023824812387831139499 0.61365466964390291693 -0.0014657175645038428204 0.78957317463053311446 -0.37681430995251558036 -0.87931667064866858574 0.29122700515969474067 0.69385799861289665369 -0.47623528259818909136 -0.54014908439192599321
-2.8873373385360197041 0.73315289398533178833 -3.4359128267866041462 0.90553484286650798296 0.003415692682026828797 -0.42425815419185675115 0.39227191392259175284 -0.38772398719069584017 0.83414198749639112407 -0.16164589045903021702 -0.92176919171793203489 -0.35243746012209759
-6.5944174611872856673 -5.6567130461567920463 -3.9652147676655489228 0.97350685334918463099 -0.0045129655734742757378 0.22861329712818662108 -0.054302404482984095724 -0.97576539246030946639 0.21197440351162305516 0.22211631040842005902 -0.21877278628404661642 -0.95015936170317960574
5.1193137579916276891 7.0662239207423596099 3.7268835154491961603 -0.98413159738719824254 0.011965987200246160777 0.1770361945323271069 -0.072843716903378458172 -0.93701849759627253711 -0.34159936778347266273 0.16179861535835216024 -0.34907470591936839988 0.9230211578048487242
0.90213486890257843509 -3.5339373449341633382 -4.8260994337282214772 0.99824675996647993514 0.0027944982286749026588 0.059123573944890685239 0.01965723033722660204 0.92653799347974152845 -0.37568729008834622629 -0.055830095036931280672 0.37619082580276219652 0.92485861788163015174
4.7261172878028725464 5.4060293714831528789 -7.4032021497628104356 0.9439292319695805622 0.0045306052479878325748 -0.33011676517473648174 0.037216244938186995861 -0.99499274421557315495 0.092759851613137239701 -0.32804352782220802531 -0.099844441881812323603 -0.93937134897733098882
1.9650334197591126095 -2.7619412315338229824 -5.5961689344501577281 0.82511903392696062109 0.001733354375004781886 -0.56495625966469975587 -0.33924276008393283721 -0.79812089385893036919 -0.49791303308556666973 -0.45176645468901088787 0.60249484169451128501 -0.65795671297534041866
0.5818575899883096092 6.4874502095055781581 -0.93934296588161181329 0.98221670611314870758 -0.013943650776622525111 -0.18723225372549787138 0.0029028647088650584573 0.99824704349221726751 -0.059113564732795831347 0.18772830263065590217 0.057518820936706245572 0.9805353994780500182
-1.4555804855872769288 7.371622561784244354 -7.0825362602791699373 0.91512365589729816051 0.002554680069396129613 -0.40316518702252185369 -0.29782361398640566641 0.6783055830273312381 -0.67171618335868088501 0.27175317729377340692 0.73477548247307344909 0.62149432900639633992
0.90449699110218095832 -5.7759756445953325255 -4.615238729559121289 0.87640477546762840522 0.0049956006221682173335 -0.48154928461354995495 0.36441725205107777796 -0.66058434208962690803 0.65637519254890319687 -0.31482492903997172373 -0.75073522027439887339 -0.58075975505763499651
-5.106546931012582391 2.67255959833682466 -2.2625999107132046539 -0.8117044330445032374 -0.0049648497296403675677 0.58404731284641198119 0.26282138403488281009 -0.89610922803773029877 0.35764950932386541105 0.52159451058261518952 0.44380581529850093858 0.72868070156767261736
0.29462078419736364987 0.33130721829474762963 1.6553653386360358546 0.90804182475491135307 -0.0024809965691715962083 -0.41887216325735149303 -0.41568921422850946268 -0.12852004568116637273 -0.90038051679954667073 -0.051599628583339079979 0.99170380785507716848 -0.11773290031222186092
-1.4574489775538197467 4.8466751136297538949 0.16246090910004998276 -0.98313193264434128871 -0.0031135968138125795501 0.18287128951835363022 0.082750675494832545698 -0.89923682648843583642 0.4295642624708467805 0.16310710812340420417 0.43745106629416113941 0.88432609136995365962
-6.0781755022881975847 4.7724376394486851538 -6.2709196718542932203 -0.99586507246404942784 0.0086561076534058464804 -0.090431351014229541252 0.058328552887011282657 -0.70223234454807959004 -0.70955444765613207014 -0.069645799328225871383 -0.71189522127267212959 0.69882376645701771434
0.86775194464770077918 0.92067263927772124976 -7.1814628077628963609 -0.94988464546199569138 0.0057868891586032051438 -0.3125470720217586873 -0.24476673687408964653 -0.63568192438761994545 0.73211866218996279887 -0.19444383465550865719 0.77192940280883670656 0.6052409373494777034
-1.1624698318971280475 -3.2956011945056000734 -1.8069086725177319064 0.15607611986604374987 0.00086444093217129475484 0.98774465199739691634 0.85669036126012265697 0.49763346091812465932 -0.13580340017401437702 -0.49165218369472812876 0.86738699051610612667 0.076928141481109033051
-1.0697766335109462066 1.3972049877698973219 -2.6388323365817072386 0.9941441337688963209 -0.00017560611204523162571 -0.10806206760599434968 -0.038928358510260017977 -0.93344030620687123978 -0.35661432620129607241 -0.1008068658201673462 0.35873271932006201013 -0.92798104069673792438
4.6369297455265856556 6.2685124917505179454 -4.9051860891483780591 0.61793191302630867678 0.022691575168326628964 -0.78590409292749063841 -0.7593281327463937691 -0.24202417162200548506 -0.60402407830366444674 -0.20391404484134958985 0.9700048416205051538 -0.13232410796729562885
-4.8980836469520809828 -6.0506158630870610082 -7.0684067093441971252 0.93127879372053345985 0.011679584854365130525 -0.36412002919925268163 -0.093936041893528540725 -0.95799027808487091651 -0.27098089808740266626 -0.35198839242199236876 0.28656275820927484821 -0.89105889659877302034
-6.5282878764535352545 6.5548297554529053599 -3.6581544043228717555 0.99743218934317057212 -0.0089252628083188959712 -0.071058900539792940743 -0.040221080026635380733 -0.89076131378135459116 -0.45268813391989748407 -0.059256159035256925072 0.45438378223062453332 -0.88883299109696256579
-0.3497741482420863024 -6.6401991955380195165 -7.3763612167203564951 0.80536363022950574475 0.0045559389553004444803 -0.59276358400621909084 -0.24867926665787595808 -0.90512590713903295914 -0.34482707921546834617 -0.53809668781560782147 0.42511920169048994511 -0.72782251882987114566
-4.6032688968141588504 5.9708537012668445598 -2.1546647020978797471 -0.32142870208110180252 -0.0060468778235923340697 -0.94691447594125277565 0.91241231284940371715 -0.26952239761075769131 -0.30799585800297962779 -0.2533522465645215993 -0.96297513594825367989 0.092149480226385110937
0.76334347509101996287 0.49649133083314972437 2.6986091636666067473 0.78413272434736347449 0.016226319561426203603 -0.62038099355226627996 0.35673958230729468921 0.80620309446955817911 0.47198881436202022588 0.50781171808316694083 -0.59141633137846327806 0.62638165838104686856
2.2725156115763485154 -2.2291009660032390371 1.0964108181810385823 0.90677804948137930019 -0.0021005135915005976668 -0.42160307971050398068 0.3998000627985216493 0.32173407422964772628 0.85828147787647723899 0.13384124463344165834 -0.94682774215922527183 0.29258118174741520878
1.7178077000729672363 -3.0811118534236743294 0.46378734045106034811 0.7477972127163088345 0.0066973223910428243341 -0.6638934210597672303 0.62200575268960023312 -0.35675828883614596476 0.69701676232920950493 -0.23218133489756653809 -0.93417271915822364114 -0.27094862705996886065
6.5730094383203248043 0.78433474063628227935 5.7452854175236147682 0.98044133607518713092 0.0023255821004902269 0.19679781041229635341 -0.0060221957876086798164 -0.99910747278308986719 0.041808982132525471243 0.19671939323075915418 -0.042176409246847477996 -0.97955226038736098459
-0.7922576265770596704 3.5456695816910084318 4.4360650037438569271 0.96964492184370254524 -0.0094650191212021315273 0.24433407244152363647 -0.085512316851006395235 -0.94927889377565233264 0.30258424529177851969 0.22907721233154920704 -0.31429284949724867193 -0.92127283447704966246
-6.9583188462251914785 -5.7947716990391162639 1.2473659161188079825 0.82533335071001923122 -0.014133729481443080972 -0.56446886353167424755 0.53505559040408168237 0.33895006084362133691 0.77384001669058788409 0.18038951018049104169 -0.94069819493025819135 0.2873091204116868802
3.0634545294915129787 -5.726461952676332956 3.3005540535285025072 0.97945416289177822389 0.0041812019694313293239 -0.20162356098485503808 -0.16826506011002209662 0.56802825334012652103 -0.80562446149160227282 0.11115940059345646995 0.82299843314401466277 0.55706118757481526416
6.4630618484395032652 -0.2538983074410899321 7.1924635901468345622 0.93052118864592869851 0.0033353668006353975883 -0.36622287313766199723 -0.36274075555198054266 -0.12946799872661376996 -0.92285274099792868885 -0.05049219486722828637 0.99157799120081280275 -0.11926284259334234139
-0.76030709264717988294 2.2023079633238107355 -4.9219726009537279054 -0.97692126020972058775 -0.010842005140898095319 -0.2133244061863248664 0.19732345973928436256 -0.42819021321592026785 -0.8818824148051769285 -0.081782049294085321089 -0.90362358990377733559 0.42044750466930846944
-5.5998355434303261902 5.8276404611933676492 -6.0175413431886006776 0.89930746677567718894 -0.010715511081743081534 0.43718561049487919545 0.11016772195875863816 0.97300934266995553479 -0.20277054055104495878 -0.42321289351804042278 0.23051680394103923888 0.87621507055113467821
-5.9691565003815574286 -5.4034022808967145934 4.9572982176429940537 0.94022126681845341611 -0.0054982371385026446858 -0.34051980678178689343 -0.10823165358354258636 0.94320982150276999612 -0.31407187359495331025 0.32290846781238624619 0.33215207662942003441 0.88623084995161405253
