1125 14.717824617146108679 14.977075390850430381 15.033177056927090831
-1.7235803127573192661 4.1118247534838525681 -7.1212758709630659126 0.89449729708405056883 0.0019749933889867373263 0.44706899345670297885 0.40757633898347028767 0.40735154762730607647 -0.81727978351756580544 -0.18372836855012142365 0.91326930094400970983 0.36356989774056458486
4.2827230550183603697 -6.221250252978789419 7.1293421363639550847 -0.99069401265411072277 0.0060553307933167675736 0.13597318213616929605 0.019884144541954980323 -0.98185266267777993043 0.18860002541978618251 0.13464766647475548411 0.18954862637722558194 0.9725951491507722757
1.608263754772909282 6.6232091060334834509 -6.5495667836692836872 0.94832949996084670019 0.0017526598264986296798 0.31728234695216761541 -0.033188511590447986044 -0.99395116244500436586 0.1046881529717858389 0.3155466402964473005 -0.10980899260883346391 -0.94253504069607174642
2.8382811592673320433 2.3957650193181767584 -4.4586456451499056897 -0.98959989456931995999 0.0033699398035098304671 0.14380783071204067403 -0.025757367822151405745 0.97941679173062123898 -0.20019816702180920354 -0.14152245995336079631 -0.20182019616900215286 -0.9691439530570380434
-3.3859344409677172294 -0.59356377337140109329 7.0058412149514834866 -0.59499234758406471801 0.017397977942555129666 0.80354303971842833132 -0.085079354201972420824 0.99278516426638530046 -0.084493319861169008389 -0.799215621597158421 -0.11863780163206553986 -0.58921936680570985434
-0.51012009577687333906 -2.7188525083472576682 0.9271067627490869878 -0.99483921151040577424 0.0026347180847641916285 -0.10142978606880297121 0.099183321795426548917 -0.18550863709347878427 -0.97762427048496780557 -0.021391865719898390391 -0.98263910151405708948 0.18428994616278937535
-1.8517275172260008187 3.1384244902697568946 -2.3947463191313786979 0.87929665614179497446 -0.0026937278049165929404 -0.4762668730116814686 -0.47625130221312939049 -0.014840484267407015942 -0.879183972310095041 -0.0046997487241201632568 0.99988624545861448656 -0.014332079566702224382
-7.2951709147915240194 -7.0990754309020500656 3.975007900451206666 -0.99830900165560743087 -0.0014334943393024615621 0.058112669079211753953 -0.056607269554313104087 -0.20336830146683432252 -0.97746455229442896773 0.013219464706932849279 -0.97910126087769400183 0.20294325980523425512
5.9191692019202761799 4.8425313913409029354 4.5220573760678748343 0.99845167296500081378 0.00095308794352227813387 0.0556178782125976226 -0.018509072218642043384 -0.93718747325303719542 0.34833468708020570714 0.052456372340316914649 -0.34882478639139280485 -0.935718759777647624
4.1499772134551395908 -7.459996274274663719 -1.2738095305022485437 -0.81681759487962168897 0.005250445679984598428 -0.57687212579152302716 0.47911434337492947444 -0.55081588989227692199 -0.68341151688767065586 -0.32133854836846037495 -0.83461026129710702559 0.44740054656887895401
0.99389456912861073867 -7.174582961178430196 -5.8573870296668513191 -0.99966908885937444396 0.0090200634826265290583 0.024090480149573344215 -0.019183006957735462827 0.36254066566196674337 -0.93177050714514242369 -0.017138407835245887678 -0.93192430175210749788 -0.36224766497623711592
2.175304810339583117 -0.42671894762582446292 -0.85303823169048265118 0.9782586075387738056 -0.0040547298812457933243 -0.20734911608653205928 -0.1886874076960780855 -0.43231509039566268227 -0.88176001541971982256 -0.086064853181843162244 0.90171349207031958883 -0.42368103481865948545
-3.8766417189767605755 -6.8244477466206534544 -0.37111950410145000401 -0.97431971269613715236 -0.0022307780662305046887 -0.22515799137715389322 -0.22500297253040923984 0.048043189253514126391 0.97317291080207191101 0.0086463752076418841364 0.99884276820509898531 -0.047311358046424632773
6.390854854877059843 -4.2974289047708840172 5.2576174435419869013 0.98829184542597248164 0.0083710662413695111073 0.15234550703784638381 -0.13234723365876546741 -0.4497891800247878491 0.88327453448835591132 0.075917310328500908767 -0.8930955261240071108 -0.44341509131956496903
-1.2088246868226726338 -2.0928240330783389744 -2.2052807586148528429 0.51203546055456039543 0.0019875962296080590223 -0.85896201114830950107 -0.8007333622067461798 0.36302663316644817604 -0.47648478072326244659 0.31087902757138019538 0.93177664333948295727 0.1874740439186624863
5.0036173470202802704 4.511240247126922398 6.5249759960301769723 0.99420648187206628332 -0.00080089987541271962651 0.10748409167413473797 -0.090004678720035841133 0.54044353980536286031 0.83655241204066976834 -0.058759077699764176994 -0.84137990161512610232 0.53724038562432951949
0.14011901984063845905 -1.3616505997382437609 2.1554895796147013343 -0.99966499689534715767 0.0060975671023641396518 -0.025153800064004333548 -0.022619211430672938462 -0.678196291032334031 0.73453261473150144312 -0.012580352001592956177 0.73485550314703185215 0.67810701532881278997
5.7730229922443196955 -0.6137698229558351537 1.4754555433463991676 -0.92410349435327299172 0.0073032898335721949112 0.38207249793954378703 -0.15748947267495044811 0.90368351867938712108 -0.39818734794556648326 -0.34818069693873593407 -0.42813871586790358537 -0.83394690613635025223
4.3955121543185455835 -4.4490991004173574552 1.8726791733491510161 -0.99419110304324553873 -0.0017895666576153010027 -0.10761434886063876715 0.04687794744071298314 0.89284004143022999145 -0.44792758171681945623 0.096883995960491520183 -0.45037035634032163145 -0.88756973441902675681
-5.3589812245352517195 3.4048231087941633888 -7.1353271964742610578 0.60428346564353452308 0.0061697419986277389492 -0.79674552238046825181 0.58957303126311866315 0.66917444486099331158 0.45233748811258928102 0.53595254823246929465 -0.74307973773262392392 0.40073353916858550638
6.24587732436715104 6.1292849186306694875 5.2468774755470901638 0.83861238236548674152 -0.0043815991693327204989 -0.54471100019371709866 0.38934860064211906927 0.70417163893188605694 0.59375918527791904378 0.38096842299762728734 -0.71001627059713079415 0.59223302522404142056
6.6651615431723998384 -3.851746619940976224 2.0216849387389852488 -0.76926886021501583723 -0.00077146945639313649519 -0.63892474168563972992 0.5475277218970584503 0.51460120236993500686 -0.65984770687915950127 0.32930049264712024648 -0.85742930166525865854 -0.39544427949847249515
4.6307134675481496089 -0.71013594882456387847 5.3556781228273973028 -0.75000360099600760222 0.00091513629422169256999 0.66143311152270389819 0.33250700716716102834 -0.86393471241807695549 0.37822731639026879735 0.57178115453189226614 0.50360299364147009804 0.64764985610867575883
-6.0143796660036228374 2.5531993578122809119 3.4965877507306739602 -0.86958847887071799576 -0.0026100092488099951166 -0.49377025555125136913 0.23483340461762527984 -0.88184306625548647407 -0.40890839875555262672 -0.43436062147837495306 -0.47153578268131474127 0.767453487945749524
4.365165692681832077 -2.335377305528129277 -1.6911699823171972845 0.73080912558605948259 -0.0029876810085946109777 -0.68257534069308145597 0.68196029983630246374 0.045861955475593838005 0.72994988217486211912 0.029123382483367002416 -0.99894331911386458067 0.035553815415142464573
0.68856941774871571749 -7.1842459383930306061 4.0197008216573113515 0.97841330413769689311 -0.004899479016227777789 0.20659961614585611867 -0.099543375933034722314 0.86492624524756256399 0.4919285584205411177 -0.18110362391209539057 -0.50187506950159455066 0.84576763476653626928
-2.8559490700857015355 -7.1812802756195583953 4.9702211690342696926 0.70936780510848285175 -0.0037276703217052481465 0.70482864694171487585 0.59603283216417246582 -0.5305890131349676464 -0.60267749428932526623 0.37622091921904210476 0.84762102593934607331 -0.37416094976296154773
6.7854443920414420077 -1.0824712948180787997 -1.8520486294983866671 -0.99968717490034952888 -0.0063141250690513257143 -0.024200912468064599004 0.016219068847155817398 0.57291885768155548231 -0.81945159974128045643 0.019039279014877862062 -0.81958777097851831517 -0.57263722505367264937
-3.4826481972938632126 5.7107959127761320772 -0.51054309597957714395 0.8832721385157693561 0.0057157548312148278441 0.46882583063292976311 0.1603060180946991875 0.93598298010394354041 -0.31342916507292722939 -0.44060448237001226257 0.35199885099583327897 0.82581141855336004376
3.6826444557972997096 -6.3771101956023139579 -2.0144601490421139012 0.98564083321689455186 0.0066878929437906185426 -0.16872290888727389802 -0.13821459439149577642 0.60595588131775091068 -0.78339912930350741327 0.096999349444295640543 0.7954701389646340326 0.59817922416531743579
-5.7265308445739275811 3.2295341406336386392 5.5748950329145827709 -0.88653896045957480965 -0.011468127186627982 0.46251178757520378104 -0.4589893911705695273 -0.10377350857262788997 -0.88236035592685990725 0.05811549173904781429 -0.99453483648246943094 0.086735509698034826687
0.10062889799234048249 -5.7152215445273863992 -3.1954700599825498486 0.98497370602172196197 -0.0048330763994777967141 -0.17263672789575970623 0.13015527543604590854 -0.63626770088705508766 0.76040976919299174686 -0.11351829245627041709 -0.77145320932668992597 -0.62607790497464177459
-6.5821285860709748405 6.2836601019598141704 5.2650175946465918031 -0.95680873598421034565 0.0093132734136282917248 0.29056893447630927074 -0.087971672589534977149 0.94335278778730402571 -0.31991639938536353682 -0.27708848327954033186 -0.33166064088498747875 -0.90178888423052372403
1.4183041055462612956 3.0442531372686452151 -3.1182690664723953233 0.98215225349697643509 0.0020585584791425193263 -0.18807634962405930801 -0.12705681333845253445 -0.73003675903644560385 -0.67149303543660443516 -0.13868495641269157348 0.68340477960911560906 -0.71674569414280864255
-2.7631700100464047232 -4.6542804149747389886 -3.9775721411533764282 0.89059747940192202087 -0.0017398717048676122336 0.4547890747692061586 0.40475230620727259412 -0.45298046120305213158 -0.79434518465724401892 0.2073926235497592363 0.89151874608152215096 -0.40271903988068391556
5.6308580243113590669 3.9922794347830352635 -2.6738058522173622222 -0.93908485494488203038 -0.0062561647499949158205 -0.34362842666985060625 0.30802246125124405074 0.42818789064560947022 -0.84957477226497901679 0.15245261092438286421 -0.90366807551605032867 -0.40017772391181094527
-6.0770756871990787573 7.3880645734557246485 6.3404587055651919769 0.94704426382228901193 0.0089114450643372096483 0.32097935838323465862 0.038778198608452704721 -0.99547276905472337205 -0.086776825149583930452 0.3187529037890108885 0.09462849579928372945 -0.94310234551122840152
4.4375947184319448624 6.9309721320027479763 -6.9143149027785737459 0.94029348848610627698 0.007636746621623333349 0.34027905549945652863 0.32386336707466473195 0.28743940592828165492 -0.90138288611813943696 -0.10469324227296550323 0.95776837910876821969 0.2678041392543638044
2.3788613955638671094 4.6311202562176632114 -5.1878266799618169003 -0.94571152676340852761 -0.001154596769429866096 -0.32500519234791230838 0.23526652818793786226 0.68748862781425412738 -0.68702914591785546605 0.22423061535211344375 -0.72619422576363001909 -0.6498942818691554324
0.024233282411048707311 5.6608088800197000623 2.2266714203011970241 -0.99884601035129294555 -0.0067970802414094016325 -0.047544161635844822689 0.042178926802350170944 -0.59758400415716772525 -0.80069613219322266495 -0.02296923462522068235 -0.80177749885845206457 0.59718109195211832585
5.5681578135923492923 -4.4113632984714712393 3.8371344799614135468 -0.99953060457348896772 -0.0032649742299031567563 0.030461622811633309871 -0.0067813927340438871078 0.99321905774833141312 -0.11605996742184024328 -0.029876131503724562277 -0.11621206163154423896 -0.99277498633755878465
-2.7700460934338164698 -7.1302400421102340999 -2.2205231212574223498 0.97315503430074146163 -0.0026698898634802568572 -0.23013507099779922926 0.19250609941032600925 0.55747116961750131647 0.80756875666107763578 0.12613754756164691218 -0.83019200594411768357 0.54301984527433433403
5.3935659242305149519 -7.1551370938522982357 -3.6281884866589959593 0.98732524000857702084 -0.012190854445397787328 0.15824112458516911839 -0.055460705916293227824 -0.960689593575174694 0.27202870233765397145 0.14870433934940965881 -0.27735696829925277074 -0.94918919694370806894
-0.78482499520044624042 0.567194722924377559 -6.3303583689100495491 -0.79318736567298109286 -0.0023692582672493918416 0.60897306143382068377 0.60220607167443196417 0.14566036228911438677 0.78494006528925197586 -0.090562962491721063496 0.98933181767950406638 -0.11410917733314604461
6.9972586820876490066 -3.0432748378756073748 -0.7408620226217516036 0.98804833175492012831 0.0028055755929951050991 -0.15411885952725282167 -0.060981570058978105953 -0.91115056731098176268 -0.4075363686862382151 -0.14156886038082580614 0.41206403923964551872 -0.90008970960455092492
1.8841383511010882934 1.5009711066649069622 -0.5965021458897109552 0.97509505771052118472 -0.0027024762198950003089 0.22177088413710699388 -0.21792349967928564825 -0.19750832526477710149 0.95577183979165802885 0.041218645249782220885 -0.98029748447778120024 -0.19317832489795483397
1.9651648229415619173 -4.9427753627039772155 -1.1909635671792728751 -0.88553897692975458433 0.00053151511875922444195 0.46456478324330174878 -0.3767449704447164982 0.58427580035225046284 -0.71880805251981294557 -0.27181601789231246702 -0.81155499296988775626 -0.51719874884104988233
-5.8860570774621523427 -0.56765011223082273428 -1.6579672287783460138 -0.91277386805875038167 0.0026897294198487964323 0.40845640054324522383 -0.012191718887381563022 -0.99971219052409399097 -0.020661512723476094938 0.40828326904210965331 -0.023839074501729031613 0.91254395551510769646
-4.3056652533059391885 2.4109096463575592217 2.8162576231511629032 0.56880961276184383024 -0.0051674723384610406554 0.82245299054673903782 -0.43640540408588240906 -0.84949940530331780053 0.29648116917261790881 0.69714126811877830114 -0.52756426870948480712 -0.4854585406259664393
-7.0935439039640080239 0.51137824629295181023 4.2216659622144421249 -0.5868047636136993761 0.010152343901709055818 -0.80966480676488949975 -0.6714569471331434114 -0.56495389085407632379 0.47955465731816943054 -0.4525546790685945342 0.82506001667888473339 0.3383344962176723647
-4.9856329448219245393 0.31570501053336341712 -5.3498525286540044021 -0.89732975558674865635 0.0054143452772209875803 0.44132753664778379132 0.4158228382796879119 -0.32482842143201784424 0.84945739374909723374 0.14795498269188694929 0.94575746441423391708 0.28922679959064578892
-5.4250465990736094213 6.2779187729700813847 4.1307854000099855085 -0.98970632135035596644 0.0044320481503720863745 -0.14304458895228874815 -0.14303433048813182782 -0.063818954208096384528 0.98765799818849575598 -0.0047516082680160234841 0.99795165115001183143 0.063795957441638434515
-0.48972567188537852179 1.1280483493418778096 -5.3108593165709816475 -0.99732638713767218785 -0.0016964378844487012013 -0.073056140176187014945 -0.066314537683308263927 0.44100203659658943067 0.89505283967463522554 0.030699505057781961703 0.89750449905069051848 -0.43993546637319785875
-0.46275029896762387427 -3.4723140157529090999 -0.11070184475409905467 -0.98641991574688592248 0.0016386428266619440259 -0.1642347851930288094 -0.033879899906565161261 -0.9804745691227243487 0.19370537340536289617 -0.16071061632659988661 0.19663909619768235593 0.96721515892098186562
7.2229371512596474147 -2.5901886782929652853 -3.7178894766383110415 -0.94675659727105476726 0.0084368081333291884694 0.32183965851364593203 -0.25146775096361390078 -0.64359946325011829771 -0.7228718428114312422 0.20103710042924077817 -0.76531598126044841912 0.61145362299877126233
1.2804389969701179819 -3.0113316450679339376 7.250231874868119597 -0.61457394796464404063 0.0089383238755735717335 0.7888085755424691925 0.38881066617272946884 -0.86661089220669407229 0.31274882474440135471 0.68638555371848264386 0.49890446768391394361 0.52912116171215617388
-5.5878088592682475522 3.7876610466298767932 6.5291787570116222028 0.74223256244728530451 -0.0036044382952962732841 -0.67013269676044262546 0.59809769464807771566 -0.44749082811712176388 0.66485419936067613467 -0.30227466135867470109 -0.8942812570861756738 -0.32998645779016860802
-4.0970799483157644971 -5.9285015056940473244 5.1760839529178443996 -0.9987611628510127959 0.0068297202777730121187 0.049289902632590719411 -0.017651034588650613838 -0.97475022703782254752 -0.22259927193897371955 0.046525053020399893822 -0.22319352546775445001 0.97366322187428966384
-0.96090139725980672214 4.4130313620274108644 7.036468847950186678 0.94326563997352208535 0.0014202864257533470618 0.33203601496188356323 -0.30143973671455059904 -0.41564080187655949583 0.85812400557548618174 0.13922649738745562775 -0.90952773822577093199 -0.3916315562150364249
4.1858788808104439028 0.56043231467506338106 -1.0403316373553739282 0.91445531354273212887 -0.0007408107351366249177 -0.40468621267945670272 -0.33207919979720068593 0.57015271636300002278 -0.75143149061363967434 0.23128961194884689601 0.82153839303058118215 0.52113317317283958108
1.1458797709276364873 3.9522490129598133457 -7.0810762400874951439 0.99829705995044926148 0.0043535229045531661715 -0.058172389778821588513 0.03577994566357049766 -0.83330323251367288684 0.55165706573055928175 -0.046073588774650682531 -0.55279903176516154151 -0.83203993587861857506
-5.7322791262132879453 0.15068605176981658689 -6.1717642131764671731 -0.99152190748766155792 0.0065114630898824256075 0.12977637620296289533 0.10232496275345573378 -0.57643758769320907476 0.81070913988427684149 0.080086883879023698651 0.81711523565702193217 0.57088421127908961505
-3.1221770246274296312 -1.624343372113655537 -0.33057448450046589272 0.8161980813475171459 0.0099569030509513937327 -0.57768637865744620896 0.54272472930670434543 0.32972294584689443298 0.77248472294355752243 0.19816801004120071505 -0.94402523221775358486 0.26371537826337104748
-7.1219031598146518292 0.086980913534631484896 -5.2384276457995415655 -0.72526812308179222644 0.0041292414868320274565 -0.68845413718436476724 -0.43939284074231044208 -0.77261673576003275787 0.45825463568621382926 -0.530018944138591519 0.63485929857579614932 0.5621686489532690123
-2.5819818384817487811 6.075312736290889859 5.2187361653335768708 -0.83919733128111062559 0.0017125715376694735856 -0.54382433401732921396 0.52826102477536140967 0.2401093395573072331 -0.81442482449923314647 0.12918254090213018848 -0.970744339234621334 -0.20240380176757299946
-5.7624493666117162505 1.127394657575491177 -5.654711979674236666 0.7219068297224761066 0.010119828043458647254 -0.69191626536778161327 0.6155212879180066432 -0.46628839734022570207 0.6353807320228440636 -0.31620258272179502246 -0.88457488071184331435 -0.34284574825110902818
-5.9992745834200196242 -2.2929956212042128527 2.5857955443086941827 0.86500342676929398156 -0.012226653174035321398 -0.50161696605043093466 -0.44874851896252204719 -0.46610909249839832524 -0.7624743147274898325 -0.22448571982727960616 0.8846427656644260118 -0.40867265476314568184
2.6793273123164200733 4.1840617761409450992 -2.4099733712248418982 -0.99865748591650416177 -0.0031342360430539244545 0.051704955154282583596 -0.051768635022399124568 0.095043660693966386388 -0.99412610416881563857 -0.0017984023468706001117 -0.9954681708252912653 -0.095078318362693786669
-4.077006768415233573 4.972196811254122828 -3.8507267723374427604 0.41307605196286856231 -0.013180744340621958904 0.91060114390077195878 -0.70430454417950516532 0.62926600604045090925 0.32860219519954630973 -0.57734156644300038685 -0.77707822104359580706 0.25065145927490661837
3.7936744545879768076 -1.6867053982186344108 5.9878821489929201505 0.77921158705265824995 0.008378727358176176962 -0.6267049541296370041 0.26158533919148191371 0.90431221356321944693 0.33733148492316289424 0.56956335286152603992 -0.42678942972880279383 0.70245880288372164468
-6.7343756868795567883 0.7338766727399169687 -2.7271666647737968781 -0.9472144409200126125 -0.012641486381882508644 0.32035136293546251363 0.25735225193140165434 -0.62587468536151835696 0.73624092296580223582 0.19119262888087992791 0.77982117889014479495 0.5960908551687833512
4.6708840606275963125 -7.3426086777627190827 -2.5949844515953306434 0.97693635616081220263 0.010757123359016422873 0.21325956088361952556 -0.21337557247926744464 0.08724128326138193279 0.97306722458632111117 -0.0081376335877026573923 -0.99612912957711086115 0.087524488731142602305
0.64403097770687933732 -6.5500884676734418832 7.0179049900545642515 -0.98149314447010183038 0.010592960696443918384 0.19120407041114528823 0.15478565657719614568 -0.54399636731287326352 0.82468742737376510288 0.11275020122413804968 0.83902070387688321151 0.53228906675777554192
-0.99316792842511525397 -6.8487161761273176452 2.7668393805224504867 0.933075737260733451 -0.014476059304365684888 -0.35938852547391714198 0.1581496080712543606 0.91393138074364821399 0.37378888795534437328 0.32304546120044475011 -0.40561049665774240314 0.85505657999848383444
-2.7887803369783488172 -2.2478785839634678467 5.5164192612820910355 0.99790386689502497131 -0.010114914759533886329 -0.063918392778993304848 -0.063621815587485086585 -0.33402233763525257526 -0.94041551589825056467 -0.011837948192042941492 0.94251088400088756103 -0.3339657115970909862
-3.4994808039578986225 1.5291522324908806141 6.9066869621866491258 -0.45351135834538064406 -0.004215553163680500065 0.89124052699778921749 -0.59698188613541314229 -0.74107384780818741365 -0.30728192221575029164 0.6617704099442748289 -0.67141029274657115788 0.33356879847496317959
-2.0020142477611369003 -1.8714083161797998578 7.2339730549706304785 0.66432220345902937009 0.0050475773062438368533 -0.74742928224327798148 0.65371156505505711998 0.48092253287664277206 0.58427280193836272915 0.36240474569832242802 -0.87674856106803489286 0.31618785707300695043
-6.1900416142078640291 -5.2494809058772036181 -6.8640814861052330542 0.98589409758962309738 -0.0080604194608095616065 -0.16717612860736119629 0.010748387325460288799 0.9998270037449543679 0.015180077475243546059 0.16702484997132421851 -0.016762822565532700669 0.98581017811331173029
-3.6516024101379351841 -4.6918364852892713301 4.3195194254306015225 0.89788530721852743977 -0.00049929309108745663359 0.44022917416682300074 0.2393573179020000441 0.83982607230075001503 -0.48723735760986291998 -0.36947266400628359095 0.54285533891661286177 0.75418700039297470461
-4.989580647043391437 -1.1967001000245991449 1.4594967121226640749 -0.84857581905709755787 -0.013882847494926475046 0.52889162014248303212 0.47650451018277850679 -0.45447247512868377273 0.75259432706195639184 0.22991853141286525131 0.8906525899001463964 0.39226959226672047931
7.3332795323482908856 -6.912150087995365233 -2.4520351442542942522 -0.95948436670186476594 -0.013635350168006207111 -0.28143174533159959205 0.25769430174971774683 0.36146062168163861639 -0.89606911888493390173 0.11394470983920937379 -0.9322876681579145286 -0.34330206364115578577
-5.1243535489826497198 -1.3250560869936696129 -1.0070580317521549141 0.95429879005416762272 0.0046059205548781186057 -0.29881868214180057342 0.29792684039645850325 -0.093369314537889422367 0.95001145723306767987 -0.023524818224444125903 -0.99562088999702957892 -0.090474451249790699414
2.9355883909764535211 4.38420636382806439 5.7845516944557306971 0.97744614553670128299 -0.012480660315962137721 -0.21081571500662785179 0.071903757393942280274 0.95827696878061874308 0.27664978000581413875 0.19856707241710183642 -0.28556870315690563444 0.93756153586259494137
3.8351491655156499938 1.2755168294933614259 4.3007730776850729981 -0.95102189809171755464 0.0092962827054310775976 -0.30898370260878366134 -0.28470458671130188799 0.36303153740161125951 0.88721553252705376291 0.12041863500116549435 0.93173047711215672972 -0.34260424744125494989
-1.2008287047361172473 4.159068857302960609 -1.5728714846930265114 0.99973880203150133905 0.0045996930532099297023 -0.022386838461450026677 0.0091015457718722578978 -0.97864080602095115946 0.20537608101988727438 -0.02096400670304365485 -0.20552619203967198436 -0.97842705134755902918
2.3319147613718032019 3.4170648782373049812 0.56096186854769591879 0.64852294431915813444 -0.0088786357986536234427 -0.76114332455714484027 -0.057490304039759652921 0.99650465824990519526 -0.060608011250429742744 0.7590209849754061544 0.083064047052075193345 0.64574569952454319299
1.85701065287031164 -4.4322657708981703095 6.4740159967336898816 -0.90795722908784670668 0.0097687621667266726772 0.41894897234983013989 0.082230662021743089474 0.98444559210532656124 0.15525783203419135647 -0.41091579231110997306 0.17541792231755609643 -0.89463778377565639222
-1.2600561263041316629 5.2056972585360385963 5.7958880727549138001 -0.69842230114900938354 -0.00052752735445953623239 -0.71568569286559058362 -0.24289683457804420175 0.94082011243100649445 0.23634433311867145133 0.67320681592631670398 0.33890594235012799773 -0.6572178826159619236
-7.1286750493577439869 -5.2090678314630087797 3.3453085425384698759 0.95424577494681950274 0.0011738850254473360245 0.29902110793403147149 -0.27154214063504072962 0.42215937620474552894 0.86489671460915318324 -0.12521927509560409897 -0.9065208674246584275 0.40316256035029346405
0.887774497531654605 6.9548115873817213384 -3.5959341568473948136 0.95959201511964020703 0.0025266216969437758563 0.28138368947304476242 0.13332472652736018781 0.87651513888614196457 -0.4625426775980844285 -0.24780573402382374826 0.4813676635234632184 0.84076006725994834046
3.3729871598860690085 -0.20701551881564794755 6.9313374315397178194 0.94335202263967954384 -0.0010753127803340180313 -0.33179180985090361844 -0.24321555947796413832 -0.68243082509895358623 -0.68929990612414659967 -0.22568374555902256939 0.7309493913105933327 -0.64403403196814767995
-6.0085997906912478328 5.2942104404272773976 -5.6238482700338066067 0.99512848541131404545 -0.0051879396791620641799 -0.098449899973342760995 0.052319366503239712884 0.87417932584943036645 0.48277654266367620028 0.083558251606811545509 -0.48557552609194376547 0.87019217822790295713
1.7757319383619643016 -0.93248766593998100305 1.158010242266673373 0.9430154461603934557 0.010303815525218701019 -0.33258938601272236557 0.029860247296499265596 -0.99810823842790197258 0.053742999673534158633 -0.33140644823857823287 -0.060611680129657737048 -0.94153916025716566374
0.26211688768565227781 6.1472770004301970914 0.41199368141868547566 0.99766193735094599315 0.009871813549594788198 0.067625483792773111169 -0.037349417201421049317 -0.74991614421458419049 0.6604777041513694158 0.057233554805522057762 -0.66145923830835995361 -0.74779408680505943252
-0.78637025247448377741 2.8145542734776234362 3.6651413386235986991 -0.62438968473671252468 0.010531494086244101022 0.78104200221677999583 -0.057662278745841448468 0.99655943013875425418 -0.059534559806536130333 -0.77898176050813183746 -0.082209426672599922314 -0.62163415845807978855
-1.6912193582824353033 7.4244779339301700816 -4.0355083949553609557 -0.91867587284636964551 0.003318385800984362255 -0.39499826450972586045 -0.33954533148173188239 -0.51761386079409532623 0.78535651712006915304 -0.20185046078466009623 0.85560790051840451831 0.47664610776909610568
-4.5342509555024950174 6.6325772910080349476 -1.4756959098530633145 -0.62085244972121478302 -0.013578796232768183816 -0.78380983150762673084 0.10471914449181633777 -0.99232554649542059622 -0.065756448727974078916 -0.77690162598108358782 -0.12290494727749542991 0.61750970638742097574
-5.1436224640269374575 6.9333134767216755279 2.117959224922303374 -0.87645880855744162652 -0.0020102554585962385293 -0.48147265319544235718 0.47987660196364395615 -0.08510938627114200683 -0.87319805270987260748 -0.039222490868002932163 -0.99636958566666944392 0.075559545846859393903
-5.7855095375147937986 -1.9206462191504298787 -5.6944975631007519468 0.48782534840126251519 -0.0047533828782068679106 -0.87292831023421091352 -0.78893231271899166845 0.4256254377425907065 -0.44320287983508793728 0.37364720714192822815 0.90488694989900031462 0.20388078010788926453
-4.5358303744517387557 -5.5894573068663842008 3.3811161356352386065 0.98724817083634142101 -0.0065206431227998479933 -0.1590551174701565762 -0.1524371184021315051 0.24917681103205391313 -0.95638582265580540653 0.045869097586833378066 0.96843605780509356418 0.24500536285851948204
-0.29288825855231082063 3.0777696928894919814 -4.936792847476202617 0.99994781649514807853 0.00095205745380726744878 -0.010171424336543118117 -0.0043651569218805218175 0.93999818459634043588 -0.34115151818601185951 0.0092363245654256756478 0.34117811556749289004 0.93995328807681644001
-4.8473235962202378957 -4.9289253641883492563 0.70611476496351288645 -0.83801512418103019098 0.0044172927627684557828 0.54562912236097471652 0.29682096504556365613 -0.83538034670821614824 0.4626413200775879031 0.45785146756692524095 0.54965458595224370164 0.69875021988433172471
-6.6818493695999512383 -4.5317812357247380106 7.4621293725299340238 0.99294118126253450018 0.0056377485163946611246 -0.11847373694027282798 -0.10206671232484434975 0.54942278286386658781 -0.82928703830780103878 0.060416858476108808995 0.83552547624943862559 0.5461199334854253129
-4.6308939761205349939 4.4850272725522870587 3.9076743226174737167 0.99983967978311205638 -0.0069558873393969038179 -0.01649940491461716896 -0.016459463510333654374 -0.71983786913301339716 -0.69394706442420195369 -0.0070498788760753536287 0.6941073820334813238 -0.71983695474355924304
1.6700970423678769272 6.2990637844303956072 7.125742262397659843 0.85944460869072869524 0.0013174799428512335916 0.51122717928433925039 0.29447466378312836532 -0.81871335291724645078 -0.49294332143241376132 0.41789907511533197493 0.57420093173180641877 -0.70402674169117351877
-6.9677204233653693422 -0.73757655077499506557 -6.5470341779049370246 0.94801689581954518005 0.0082588289237500236983 -0.31811280544081482757 0.21570605907015916181 -0.75162866629891422754 0.62331793177978489506 -0.23395482752245194691 -0.65953479039588414068 -0.71433815447344106708
-3.9496463304931479499 -7.4204645466076870619 6.6547510361853605687 -0.81219058435502966553 -0.00032410064422021093999 0.58339210625770854257 -0.46775773548994037387 0.59796824388946634432 -0.65087378207234869443 -0.34863900466584307747 -0.80151972792850911809 -0.48581577801381553572
-3.1985024807273401137 2.477414940919778541 2.3775292392017717269 -0.8126641731136330371 0.00062864427478883603412 -0.5827319680125223611 -0.51375058214800861656 0.47117992942870179363 0.71697267273314368996 0.27502232832992024036 0.88203689203443125244 -0.38258808137485705858
2.4146412766264573335 -5.2362080108952566704 0.70084678230794239528 0.66376385401729898206 0.0032412889309627324064 0.74793518445520590365 -0.52739682192821935036 0.71109925312666122377 0.4649628419805985069 -0.53034907214028625955 -0.70308416725782352241 0.47371142632538787431
6.4260718910234411183 1.4775509133259365768 -5.0511648520504097704 -0.87853493509937763406 -0.003322948412011075478 0.4776665424999589904 0.47404847506509467658 0.11697348560319116573 0.87269424597293965284 -0.058774238391075456223 0.99312947880910051879 -0.10119005495540198125
-5.245096557361237366 -4.7533037475026027607 -6.0798765147278786003 -0.9904627606886051705 -0.0061826578302054159553 0.13764190652253915914 -0.10464937684234242032 0.6835679551324221892 -0.72234573345628749763 -0.089621580077054910363 -0.72986068907582968279 -0.67769561524799448726
-3.5682900740348619806 -6.1341824004936640335 6.9644845057822859502 -0.99944581558387679543 -0.005988256148055245108 -0.032744503359408087817 0.032635564156818119841 -0.37001196939380304185 -0.92845358659300858406 -0.0065560402767180633518 -0.92900768742440886783 0.3700023446442951558
1.5632215126644390946 -4.6038187504444127995 5.3102038545155432203 0.98773744234316318558 -0.010455971427178228222 0.15577361026454841775 -0.10503755268347436669 -0.78268462029354179954 0.61349156284515060644 0.1155069587497473127 -0.62233066597868957892 -0.77418517465966718571
7.0948466149906677103 3.6417529820983443045 -5.7080396270964213201 0.93859983687740800029 0.0077690030381036487284 -0.34492026441704393136 0.28799082451857377363 0.53286603644635244237 0.7956852846416685443 0.18997797558374426852 -0.84616394971301400751 0.49791057329547050436
5.8582413590067972109 -3.9895671939426473607 -6.3353889170041544077 0.89213261144601863073 -0.00027919678359905305068 -0.45177353358062066757 0.14065672235351889263 -0.95012564478554617509 0.27834680809667078361 -0.42931933342382511132 -0.3118672492744221092 -0.84759880177981483662
-3.4466503233681464735 7.0788289262226129495 -6.9330020486303221006 0.95290200752551945662 0.0048373035652378784666 0.30323978061584455634 -0.28253814574118296665 -0.34924544784839905986 0.89342028931416372917 0.11022685813738440641 -0.93701879258178766285 -0.33142996559428672398
0.59503417493111365744 4.7952855619842829071 -6.5728041538058707971 0.99913014658851195815 -0.0040422947162104920504 0.041504337501993011916 0.038659634918318398766 -0.28332562208065087406 -0.95824424052561507636 0.015632747872160207558 0.95901525103931184457 -0.28292289668369413613
4.0369496910267042011 -1.8942949106921709301 -7.4725691139452825595 0.92045151816287373858 0.0047273092766613828905 -0.39082816589710550614 0.26935456508602334535 0.71690441700405127534 0.64303668258307522532 0.28322627169603464825 -0.69715544136667617625 0.65860243667483586716
-6.0485299811116828295 1.8420167615265352623 2.1755738746421333651 -0.81272647506988837662 0.013969590721347298345 -0.58247791997258313579 -0.56506760849938542091 -0.26260616384453799865 0.78213592203377346745 -0.1420361733687955097 0.9648019761825519236 0.22132074509360871728
2.6438075887416201404 -0.79300866658623536676 -4.5632433045302800423 0.6131402036079310891 0.0054520263035848122446 -0.7899552937532881014 0.44346814479996032876 -0.82992039726617006234 0.33847915556091717759 -0.65375461395500311657 -0.55785518695337310557 -0.51127536134837059389
0.84554679980964686514 4.7725703679577327065 1.8368073150992585418 -0.99415219036799606922 0.016669230518540634201 -0.10669376336315472553 -0.011875607776373284935 -0.99889795644372281203 -0.04540751647442863026 -0.10733309054807912974 -0.04387492867628714488 0.99325454859616646441
2.9768063197826681865 5.3976015328158464257 -6.0700312812613814728 -0.98084471034787734656 -0.00017605556585975385038 -0.19479122974818169345 -0.15765617925200092753 0.58803092819937607949 0.79332474852649215169 0.11440359839646802032 0.80883842421430807157 -0.57679478169323761261
7.3547110704130478354 -0.54742056498621161076 4.6539888593887823731 -0.99168125667800255396 0.0045236106986799654028 0.1286383383743797959 0.059536833252821511064 0.90217205747310902364 0.42724810614079705706 -0.11412121029725706689 0.43135265811266187974 -0.89493644115066894873
6.425944296398279576 -0.051836220551938219647 -0.091031610273327484562 0.59117735723500131062 -0.0045871048673719397315 -0.8065285430544996137 -0.2046534805701113735 -0.96810943348984701551 -0.14450286391166000666 -0.78014504111946769704 0.2504856947154722735 -0.57326314338159711781
-3.6065168921638668387 3.8168815442259274029 1.4415616200927288126 0.99139280133328633315 -0.0028340305570317336423 -0.1308903424064338239 -0.07024093408055134824 0.83217992138713237082 -0.55003889827857943562 0.11048314189939696661 0.55449846411947878444 0.82481811852375208627
0.41469916204080947697 3.4971279436834206145 -0.92007560313280367659 -0.85939087776774636396 -0.0096966722527548464966 0.51122724277655562375 -0.1294180213353687825 0.97138954200034766107 -0.19913144765707027628 -0.49466988483565593748 -0.23729376780612432274 -0.83605823529054024146
-4.6194176265451227792 6.9513926294384109639 -5.9226374730762003651 0.82022746494412535068 0.0099609675324190249251 0.57195077137558814062 0.29493851199895404491 0.8493396551725977961 -0.43775955077093492429 -0.49014097960809610566 0.52775271603015705413 0.69371383929672081337
1.2365975300162965755 5.092006356115122756 -4.3546362431196508069 0.98847377611283049337 0.0077467439370865545656 0.15119385535011875543 0.072174371645834983768 0.85378046672794849492 -0.51560622059006533391 -0.13308062975051490606 0.5205755493606493145 0.84338048554209499308
-5.2700969307659937257 -6.9809859377575804729 4.7994361825661613352 0.99846081025268795806 -5.860476540888457167e-05 -0.055461761197311026939 0.046437475788134036092 -0.54587890674903172261 0.83657622486473848245 -0.030324432922161952825 -0.83786407950929986388 -0.54503597407502712979
4.4841007693576475646 4.8640168664066987247 -4.0629952273000391472 0.99062576934175061716 0.010928932724167466153 0.13616586777019196175 -0.036668052886295376958 0.98148637032880570175 0.18798925170428840148 -0.13159042143570556793 -0.19121993433829020947 0.97268643338841909163
5.5723661037823335462 0.89958959770117352672 -0.31044085539233079452 0.94648319204403030813 -0.0032584199856430743486 -0.3227366571636847703 -0.028125703851062451577 0.99531234729758766289 -0.092532567779121346896 0.32152528976871264099 0.096657715760851428688 0.94195476219559903797
-6.225563402419374448 -2.5759478340391774864 -2.5664099118600733895 0.82133193315225427877 -0.0039763648340347583846 -0.57043671349858926511 -0.57043285458765247142 -0.013606265613138103857 -0.82123153126448655836 -0.0044959972577703370342 0.99989952398170212078 -0.013443509582154313658
0.097400650605450930786 -4.7800049380253710751 -1.2091086446804786281 0.82601636203140849091 -0.0078109790493733916722 -0.56359201401603131742 -0.21840272472639363222 0.91735328694894691104 -0.33281105263525861959 0.51961256671528421869 0.39799740643669745399 0.75604288567591260151
2.6199573721914051205 3.0098903044827056696 3.1128264913418655091 0.98491843935009260047 -0.0026265260814921217655 -0.17299933291487212816 0.057983677771837202619 0.9470745893123369008 0.31573345624267773468 0.16301399001404603961 -0.3210028405475946478 0.93294352209555875266
-2.1841468818968055032 4.9206451482442101764 -0.92978967638502685311 0.99659830258355808219 0.0057458604042269576656 0.082211972217677481423 -0.073557745659909523628 0.51185818353427747773 0.85591498292902812306 -0.037162902754307711173 -0.85905074648543133797 0.51053964941200746797
5.4665207313595463035 -3.7409457538691963663 2.681220904735504007 0.97302655976870189303 0.0052150643943639834674 0.23063416288147062239 -0.22915703568696241255 0.13702784897087888494 0.96369622890295070228 -0.026577565348546709767 -0.9905534673654465827 0.13452680517412288208
1.9573344023974568184 -2.8033694710222962776 5.5025105745148907843 0.88562605116330295196 0.00049985860018711414376 -0.46439880236971919913 0.37380476307978388606 -0.59414835584483050024 0.71222028217809130179 -0.27556577545097421522 -0.80435532035806323048 -0.52638011171761478479
2.9952051332013716056 0.76595647091185370403 -4.6600747608710983982 0.99296880447230340128 0.0027953049111741445736 -0.11834331250742498309 0.02229175598143390627 0.97741978676645036028 0.21012767084032302201 0.11625846618650326203 -0.21128830234530615595 0.9704850448779769323
4.9787208623545522457 2.3937961694847587069 -5.4802038799478891562 -0.999962582290967128 -0.0055760313528173330311 -0.0066137653648580254848 0.0010011060431237054323 0.68480991016201009369 -0.72872106099012645686 0.0085925435488943685547 -0.72870041499801574414 -0.68477870394535766962
-0.48768500947617715591 3.261366214649064954 -3.8310731076445607712 0.99056378573988279612 0.0023516895380376076456 -0.13703231712647157003 -0.12953427781612081304 0.34267198839370799357 -0.93048201446399314563 0.044768931765220246199 0.93945216904674166969 0.33974308649626194789
-4.3389527004817169953 -4.3636607964252061009 -7.3498404815836337889 0.91725757936806306958 -0.00065179623500709999405 -0.39829399726024794504 -0.25311676724832682384 -0.77305253587608324661 -0.58165426063383307564 -0.30752306454907213373 0.63434166813905434879 -0.70925327833793883059
