1125 14.717824617146108679 14.977075390850430381 15.033177056927090831
-1.1007787663266328515 3.9629394098756707265 7.2279172207137785122 0.78414338604890210238 0.010771394534072855492 -0.620486202244265872 0.61508152662276049938 -0.14628899432607950226 0.77477367388581863672 -0.082424909603424412197 -0.98918325258712735959 -0.12133683314635312911
5.7160494490907298726 -5.5535464974728903087 -6.0060473914527303663 -0.98184273913520714316 0.010899460572287470589 -0.18938330804655717499 0.050013066459459486202 -0.94815207605664686419 -0.3138571870337324432 -0.18298505073023013656 -0.31763004018619561686 0.93039111602636304088
-0.85310648732763472157 6.2170075762430148103 -4.0768545833579183935 0.94163414621201435573 0.0010603634197542326049 0.33663631758460849097 0.24077472135059005409 0.69676084415311445586 -0.67568621386972282927 -0.23527147775725931744 0.71730272666742100895 0.65583849389120496554
0.002570056040092090488 4.7726888580984265786 -6.9508051685824758792 -0.72928840532370375893 0.0010886720873038487761 -0.68420555146349493203 0.39243863729818373454 -0.81849161978112483506 -0.41959907567046822452 -0.56047331588212201403 -0.57451743501931251679 0.59648921117057729369
-5.4703095780772077461 -0.84564452133808742929 -6.4108939596009255624 0.99847120114298604232 0.00068334059632749882818 0.055270186662948417311 0.040779507209145485214 0.66589959262131726003 -0.74492601266067559607 -0.037313432968696505498 0.74604106159943572862 0.66485369979240294125
-3.8411787030050437153 -4.7481982553913848477 -0.4981259805558087006 -0.99601420739427592999 0.011588481827216544698 -0.088438711872359354604 -0.083337357666854405824 0.23247911860735756551 0.96902442911857766816 0.031789675773784005497 0.97253234727718529395 -0.23058675160057184872
-0.23408193824333953237 0.89573053524781465207 -1.8367268114856900585 0.90919954589793083866 0.004332304090489948363 -0.41633810404549681516 0.38010329805164283501 -0.4167565557097439588 0.82573328386540600921 -0.16993430656940902712 -0.90900781317557899364 -0.38056159427435187759
-7.1817645044903901663 6.7624293172177525335 4.820402864759985917 -0.91488884317349483677 0.0037334591014539829715 -0.40368857541416702794 0.39164324883107820563 -0.23440578915549159511 -0.88975810850786196671 -0.097948814601285086323 -0.97213167178801551671 0.21299305722172798272
3.0160112638158955711 3.630322501452430739 3.9846144755553170036 0.99534333505221894711 -0.0046766705220702428983 0.096279666181718084883 -0.043870373762922285077 0.86740399024032732722 0.49566693254760207932 -0.085831437557232256874 -0.49758260265814840961 0.86315961319952150266
3.5730841607652759073 -6.1865953389845715904 -1.966304628674222954 -0.96825312799722218493 0.0027809316706381981277 0.24995628926402468917 -0.24655527316227157653 -0.1753814023867671934 -0.95312741067124795435 0.041187102343974352214 -0.98449663794043063003 0.17049924482125167202
1.0019523103175407286 -6.0821783942451892457 -5.1269337103766483565 -0.9290361086062760565 0.0031941619573018758399 -0.36997527787014911071 0.2110912955557729398 0.82581942228110039039 -0.52293665651203280476 0.30386242585468575816 -0.56392559714270718008 -0.76789032227327103097
0.92137634163303294699 -1.1983636171056968323 3.3493260050371618242 0.83365174270800690426 -0.011129473150305036616 -0.55217832871935979 0.5139994161727731159 -0.35015436263671467776 0.78306865759035815255 -0.20206279235406221506 -0.93662588964524151613 -0.28618625192733793128
-6.7023358478161974006 -6.9810121323626379564 0.93624831506451744456 -0.94670934490141911422 0.0023661451583319188102 0.32208045211329933144 0.31535643104275712378 0.21019899712131032143 0.92540083369820003156 -0.065511355324372813613 0.97765575892864275964 -0.1997435339560969525
5.5756733832357587843 -5.8401891738593390002 6.5299156479048781065 0.96125096715991875662 0.021685358695812124996 -0.27482052935042655673 -0.19763043498633425799 0.74922663171932391002 -0.63214054251387541417 0.19219466512193755792 0.66195860863109734495 0.72448051123410517338
-1.8626948314131563933 -2.2205540232703460113 -4.3228344100600182287 0.73664562240502973189 0.0028461718215855033934 -0.67627296729760633109 -0.53046916134008281762 0.62268918806120010512 -0.57520487127529573712 0.41947073301795939626 0.78246410421027734472 0.46021107088349100245
3.325732937813172807 3.7430491078057963605 6.2991048885560418924 0.97777754571893582547 0.0076989461661748862659 -0.20950369284540543147 -0.20890732609398418584 0.11954594621688706402 -0.97060110027101709207 0.017572711577266076494 0.99279881797415414635 0.11849770814994640966
-3.8739597058036268074 -1.0502717862786170588 4.9220005310991492564 -0.96121771966938329701 0.0081973598421332619784 0.27566882066204395629 0.077923865702464775729 0.96690207084514545599 0.24295731425374253454 -0.26455314503437227236 0.25501605574362101736 -0.9300421736488758695
6.2528751606257459983 -0.65119385262022522198 3.0406038366973993092 0.82862079778464914348 -0.014675553721328126605 0.55961790679160605677 -0.51820483894612978659 -0.39828707770734961269 0.7568560950565743628 0.21178129844645313118 -0.91714340855421749854 -0.33763389902981078006
3.4230552219794354585 -5.3401755098944185818 3.8221362729165990757 -0.6643135014661538662 0.0053371409363677114329 0.74743500499796666769 -0.48801592103807917011 0.75432411750731098721 -0.43913048921732611429 -0.56615195184959477004 -0.65648049527271679082 -0.49850308599190346071
-3.5581425216577757809 5.2050616783644754193 6.6856790036577358194 0.9450115119251589757 -0.0091229312827936399899 0.32690979559130950438 -0.22775300098258560721 -0.73572023326600610726 0.63784348307893956598 0.23469514880410446978 -0.67722412131270204316 -0.69734186497034000851
5.3238759750697237649 5.9126618640807224736 6.3414705703771785394 0.91012818498749892271 -0.00089340616154814011737 -0.41432582434215792233 0.040813617270523933067 0.99532747439420055091 0.087506956073450478661 0.4123116970650368418 -0.096552682724941607528 0.90591205087576187616
3.2935549692801924238 -2.3178164501358802241 3.6936710195540767288 -0.94023772739530453446 -0.006888118587793749803 0.3404490707939847316 -0.22921980578243322801 0.75215859281481456389 -0.61783147531668192176 -0.25181599754428191096 -0.6589461321512681824 -0.70878677915404009191
-6.6303016570848054556 -1.6094976264498821461 5.0494664044029358152 -0.99996957368848504721 -0.0046551038210761478894 -0.0062595291928899954303 -0.0077150255536196747641 0.4715414778428133058 0.8818101343568822692 -0.001153290079672931838 0.88183159655471821115 -0.47156304481986860422
-3.986338603137869363 2.5457362488227111008 0.69114643932862329656 -0.7335203346679196601 -0.0028066653824620861613 -0.67966171089610594169 0.59963348161475993336 0.46811357636105499491 -0.64908348257600789744 0.31998063434412543637 -0.8836638513914224502 -0.34168785665993606226
5.8542796650590034346 -2.1821501382995101004 -0.15516699768014491356 0.98917992312874591931 9.9845408804216949404e-05 -0.14670742895245772464 0.056680657994411312584 0.92209128686330199542 0.38279885279351849592 0.13531586266315245859 -0.38697241338587062831 0.91210852895371841154
-1.8402541459235550736 7.3637262801635747778 4.3574218818294951916 0.76711062294665643968 -0.0083276177214644635238 0.64146078831474850901 0.15057317008277684711 0.97431961223158758401 -0.16741867778726543525 -0.62359362778458948817 0.22501543059066028696 0.74866484048772141691
6.785332419446189256 5.0005038038106892628 6.2607112007386449548 0.97901959099875968118 0.0072506640946562676137 0.20363709954471165275 0.20070575452542033235 -0.20686756559512564646 -0.95756096954981928526 0.035182958107319327323 0.9783420864784390103 -0.20398264946774360973
4.57842443048763581 -1.8741372924888686224 -4.0460203510927277293 -0.97466064475555802549 -0.0048399564867765403758 0.22363631723355137382 -0.11614860120017586609 0.86537723776449049229 -0.48747485965767861638 -0.19117042136225917415 -0.50109760644037337762 -0.8440112906922521141
-4.5536309354802213534 5.6285262033834104756 0.26866173434893358962 0.57940401592898160832 0.00082568330194022392446 0.81504006317026900241 0.59864852644398924841 -0.6790377521446527842 -0.42488548215809357478 0.55309215155508839601 0.73410288748203145204 -0.39393149465197124792
4.3725019933303208575 -5.688216040965842879 -0.067090019108309251195 0.85616108332050522289 0.0057322334821511469055 -0.5166772115225183315 0.028032251332182941961 0.9979505725251456294 0.057522584102889053048 0.5159480519322487968 -0.063732223371929089262 0.85424575586386153336
5.4276557830091887169 4.1402614056513105112 3.665167664316103302 -0.91334128315368234841 -0.0024657388445848749982 0.40718745145087337223 -0.39774832782887686866 0.21954829901760605781 -0.89083938625758352092 -0.087200735068415899387 -0.97559851605581315859 -0.20150326864117579229
0.40211760695200599036 -4.8957490025066086048 -0.78027745388431279938 0.99010265896009763686 -0.0069308727235277882775 0.14017377687590182322 -0.13918216969757568613 -0.17679655588738321659 0.97435686556038303419 0.01802909755492936375 -0.98422301376756027302 -0.17601139398266169023
-5.137493592076727289 6.6518226515243643604 2.9324346149108388992 0.79935616109490026382 0.009200613241883067242 -0.60078704749327871415 0.29562231136000544085 -0.87651487544465300772 0.37990672822468440906 -0.52310340922801934482 -0.48128683946294703588 -0.70336747253050801998
0.66642129035079267219 3.7983318324977886071 -4.5867866995518928874 -0.85318159820363037582 -0.0097656355242603937183 -0.52152257175468208494 0.46782968211838688033 0.42785266765831514446 -0.77335469437169135354 0.23068712364543786375 -0.90379573308382332719 -0.36046736862541045587
-0.76245943592489129337 -3.3400360861339883911 -3.8492540163247306317 0.98868522505915390486 0.0062385017068871239515 0.14987530432421461435 0.088814419534269425927 -0.82952986183729993108 -0.55135488317685665827 0.12088641210910815171 0.55842751491726627666 -0.8206979870517183695
5.8276666992661905198 2.1424224692518651914 -1.5737279227890867972 -0.8596719776481449582 0.0069826823872339328914 0.51079872062584352754 -0.39974440960759949348 0.61337992720952660974 -0.68115304585959957073 -0.31806995745253535679 -0.78975711902009737564 -0.52451424682556035961
-6.8819117864051655431 -7.1907285007927175258 5.2087208215348406171 0.98572185444069304605 0.0095375961755644837053 0.16811145094001408995 -0.0045671876121213704144 0.99954162129157819727 -0.029928048766748219234 -0.16831983387372748129 0.028732935193925154826 0.98531358052134421222
2.5529177413900012716 -7.4017723857991484238 -6.7852498106786240939 0.99555364308050231514 -0.0052079992110951600637 -0.094052222160360771097 0.037009622212546562647 -0.89654878227444245731 0.44139615864426506864 -0.08662119609407260834 -0.44291439099043289351 -0.89236966030949294026
4.3478811155611891692 4.8896808601787231652 -5.9454297743496322681 -0.74213460859396307434 -0.01153368751197806838 -0.67015162223144442155 -0.15891208539246631792 0.97437084353514780144 0.1592118349399333499 0.65113990189764281435 0.2246518046245122302 -0.72494716692704086469
-3.999269681134617116 5.5351371164949494386 3.3291395566796047056 -0.99342264991987805356 0.00218198363842578031 -0.1144843988224336917 0.076528608265152925361 -0.7310672250578998943 -0.6780000623621593725 -0.08517517680253548773 -0.68230195030761986441 0.726091755815474027
-6.2475391769826531529 -3.7314343822212272528 7.031286619668818183 -0.98853476683588092921 0.004804979973920400077 -0.15091695373380689671 -0.022655898001411524378 0.98345827674980812461 0.17971234842908240248 0.14928404148661122974 0.18107106356231522648 -0.97207383716345796554
-5.2877336607966771709 -6.0976630551030552851 -1.6869178948263854334 0.54493211787809903157 0.011601108996391336359 0.83839990528083252475 0.34473741075835623304 0.90838256359061597678 -0.23663735078848729954 -0.7643331109723222605 0.4179791052608211599 0.49100749794363313105
2.5198972297289778943 6.760342781907561438 -5.8167717974057540076 0.99161671546764429408 -0.0024557084374819014225 0.12919078566722469459 -0.1279721331296775344 0.11962669462950091537 0.98453673729025059647 -0.01787240183877356059 -0.99281590611160530635 0.11830956776366402528
-2.8584157814117197027 -1.613131872611601958 -7.1603427478746946022 -0.95009989542579631472 -0.0068500397048198401195 -0.31187059122008781165 0.13978295968840270813 -0.90311665808897867436 -0.40600618968553481292 -0.27887436757915801122 -0.4293406326429740627 0.85900856123149238464
-3.6477038106991788169 -3.143528049114238776 -2.6926438643405936624 0.97101730461414392792 0.0028679797103684130655 0.23899198487044440165 0.21382200569957954261 -0.45722273878576641382 -0.86326561208922314439 0.10679674161015004219 0.88934759336812418962 -0.44458442859796343249
3.2602173307223814014 2.9833359628573155042 -0.18572387937035036987 -0.39761331422692164361 -0.00034199186184680706833 -0.91755301503029995658 -0.060043435657573918096 0.9978662230222988816 0.025647354361491625507 0.91558639034444133653 0.065290764989221428127 -0.39678543045737579842
4.0924811644474425876 -5.350566652539986201 -1.0869291691870393013 -0.79244653547796439774 0.0046503860516650223633 0.60992365286038330296 -0.60810511816088586023 0.071511479508740510846 -0.79062903663157080292 -0.047293273047389901287 -0.99742893591873027503 -0.05384110062418727416
5.8351874548002822252 0.59048337018233243434 0.92701828550102804982 -0.99996311880959787288 -0.0056563101536889672655 -0.006462752980467399537 -0.0065448658471835103809 0.014620968832602734833 0.99987168776866819364 -0.0055610926699429337125 0.99987710916181149479 -0.014657449385025788507
-4.8753454469180104169 2.2309431884484665076 2.4659180004589336122 -0.57664666475546111357 0.0036568022608505059215 0.81698546610301581161 -0.81044745171386300964 -0.12889549196406624443 -0.57145505524217643512 0.10321604544282869664 -0.99165144075351396857 0.077290801616777995986
-7.0943591781832049392 2.0254896487849776143 3.8698615880106670417 -0.94485614906445924976 -0.0040474513236224401308 0.32746064757903792231 -0.064088900388020758614 -0.97830362427104822221 -0.1970142928451756037 0.32115334409303786245 -0.2071367588719746633 0.92409679833976055008
-2.7515868079256260437 -0.73948229476758375878 -6.5229380110843147023 -0.99957424887225465593 0.0013772518215912758245 -0.029144882374718423385 0.012086736866050228761 0.92869404154365087223 -0.37064981855283513079 0.026556200465163624924 -0.37084428049889506251 -0.92831529548863167545
-5.8567368876799665856 5.1617209362408189577 5.3969905166072500435 -0.8874078885376298631 0.011810838044869367489 0.46083374818479944102 -0.125056427512109547 -0.96835215815351449731 -0.21599765678699908711 0.44369824126225304584 -0.24930824676344864876 0.86080036523955283378
-0.81881136342719906818 0.032635840721059392044 5.7102897308451181502 -0.89603864595881754784 0.0081663258927684168054 -0.44390095299484877422 -0.16414620131132659497 0.9228931161270779171 0.34831640903129162945 0.41251759907110369108 0.38496961870620782786 -0.82560742676518650285
-0.26783681594334235454 -1.9099579439304479322 -0.36464492591541808331 -0.64058488544860636704 -0.0051951768992731309216 0.76786979018031753519 0.62298057125576211668 -0.58814439552206321249 0.51573382461691252843 0.44893898513342750389 0.80873925350077369156 0.37999290450536110653
-4.0635849968844546254 -1.9181164515287745242 -2.5861155206288364283 -0.9628764825169473518 0.0039946166535074004167 0.26991280527880584517 0.19075391212996856138 -0.69742018376349212971 0.69080969324883823024 0.19100215816272742009 0.71665133106497935778 0.67076750462431822264
3.3307321880046623086 -2.5711471560507503931 -4.8443888215850723356 -0.56691275608142144282 0.0059615105886758378365 0.82375626697680226496 -0.23675448268484913794 0.95660620181605016121 -0.16985843981290388305 -0.78902296666242710543 -0.29132290510453684451 -0.54090084400071158921
-4.0737835376016402478 4.3463994918301738224 -7.2022155351663492695 0.99954775025062148064 -0.0028898793266980693506 0.029932316420281854935 0.023251901394299154258 -0.55692902018844292478 -0.83023455454064110093 0.019069453331421164916 0.8305550644414563255 -0.55660995398960233516
-6.9481066148470889132 -6.4182171916800285771 5.7032622031072079949 -0.9637424497152768943 -0.0001503083183457994132 -0.26683415827875028858 0.046840091427088226261 -0.98456742956969811598 -0.16862082453158824813 -0.26269087622528985992 -0.17500558287670264779 0.94887646693859539759
-4.4213895989748177584 6.1811855993730242531 5.4770194311440798529 0.99957348210610574846 -0.0075610264740879834858 -0.02820788451673344327 0.025621532192268911543 0.69055968975087989037 0.72282145235136563421 0.014013955843177095667 -0.72323588528919446894 0.69045887876965361674
0.70149615737836035212 0.041695168922310399395 -0.19182724959610061854 0.99987251513192354491 -0.0046636073628257036783 0.015271026488727789186 0.0044561980698066775558 0.99989775097749822308 0.013587858138226946783 -0.01533283347642423744 -0.013518075173157211716 0.999791061102804135
-2.526998928190259619 4.2664763600346109484 6.8002234297497672344 0.9845297760667089948 0.0018608974291921785704 -0.17520746872997652877 -0.17474148729686397874 -0.063218009701777197473 -0.98258276794709487056 -0.012904753204863034233 0.99799800616538014708 -0.061914836950599766441
-3.6842367955895172216 0.04082953695093919505 4.8462482677816645094 -0.59077298870358607719 0.011327784876048956064 0.80675830154263084015 0.41895169459325531935 0.85884411611894628802 0.29473082941095851695 -0.68954097297811955958 0.5121117705127296027 -0.51212769997992990678
3.5745111596238796636 -2.4693194075606053062 -1.8196954556432636263 0.99098962327088602198 0.010484752302109231689 0.13352766207298688572 0.085018483565600322382 -0.81958201512942774336 -0.56661907656622467755 0.10349600968983045657 0.5728659445679422646 -0.81308867015388830435
7.1758433281961950811 1.5838904639134652186 -6.482318827335743272 0.96195672502948137428 0.0037782672806138707655 0.27317573806441314277 -0.088296123905962115019 -0.94194403474628496387 0.32395251181165529708 0.25854023608294696146 -0.33574865614365345667 -0.90577579246952033554
-4.1775984856790993049 4.4303011979573749812 5.8954091556941348173 -0.99262993960678058691 0.00202659672636381228 -0.1211680481890261285 0.12040617066396769319 0.12966827649547396639 -0.9842197377297002836 0.013717035476573796737 -0.99155535951169093689 -0.12895662821785375263
-5.6197451870435628507 1.7856148623363550243 6.6434140593781689788 0.99608081843081808238 0.0058918064016049102177 -0.088251287648360279836 -0.082755544509237499717 0.41424502814714814214 -0.9063953753790896517 0.031217351060892184478 0.91014633069238637386 0.41310910631465341813
2.7883261101327092568 -1.0764675679060922153 1.6319259542626516346 0.97246918580583852076 -0.0018418594195279307853 -0.23302422666351232938 0.017768695326739133294 0.9976436537389743453 0.066267741931198470562 0.23235308503358462207 -0.068583873528348396342 0.97021043911471893662
2.5707774166840771102 4.6981083186682424113 0.88050970679886109149 -0.6011112819122685913 -0.012185158141896110934 -0.79907243018325735395 -0.79537233631291515135 0.1064237752023922956 0.59670497458952342917 0.077769360200819329099 0.99424619787690460271 -0.073664269637522983292
-4.5757583596443707208 3.8582422099734325904 -1.792669946776908052 0.88645502447418289549 0.014582154399735253528 -0.46258496555505795866 0.20425672275105224984 -0.90922301874796818133 0.362757072143032544 -0.41530311917370754671 -0.41605391832296356736 -0.80896381640494685605
0.68808836146167340342 -2.7481195070218324972 5.1329743998510863889 0.86537537357169902474 0.0087866422268901116233 -0.50104716118733116925 0.033787192530856553774 -0.99859414554998315872 0.040843091143473113369 -0.49998388817680583518 -0.052273582158171467971 -0.86445565772450461139
-0.19009155304923952556 3.37932567212512458 -2.6210838805508354099 -0.97593764127550897136 0.011358275663293067315 -0.21775378278117218933 -0.16186934559404192457 0.63136356720476960458 0.75840514302285300108 0.14609597974794261144 0.77540378873227711054 -0.61433291391635747036
-6.9381337642516136555 -7.4573850357952524703 -0.0946283475661029716 0.87373362554116706935 -0.012885778001884212046 -0.48623400572561448207 0.32116792809976713041 -0.73546396526328039478 0.5966103567315963474 -0.3652953785072411419 -0.67744129821305132388 -0.63846109820158336579
2.4807264352004532171 5.345526629638486682 7.3074881155229469698 -0.83422512336002041522 -0.0016725164517103104089 -0.55142147785846740149 0.33391800922400061147 0.79426696519457828938 -0.50758127538005959334 0.43882480179544913756 -0.60756661419903190691 -0.66203897365634667427
-2.8388565261539890905 6.2267442704964599542 0.88230446504831772092 0.78682605316087272929 0.0034657727176099356603 0.61716509175965561518 -0.61113380434298081312 0.14394575766111414317 0.77832839601326475609 -0.086140787415123903914 -0.98957951033287994136 0.11537832323570230975
1.6630337282680973665 -4.5555061147603135296 7.1381782542189915475 0.96353457925582575161 -0.0066796772778663889361 0.26750046072826100252 -0.26504242708118297411 0.1136287769815164661 0.95751815277242502411 -0.036791662442749104023 -0.99350082181808552217 0.10771485794246482559
-1.3993106890920778973 1.0735590764206996983 5.8806756888811770878 -0.99914788760295081271 -0.0020528851220831460626 -0.041222376948593118795 -0.041165437688545088168 0.12177974955871886942 0.99170313064796411506 0.0029841981386363371914 0.99255502530588723964 -0.12176048743899005322
-0.98986390919076494566 -2.239695990051682184 2.8372369703442865685 0.41352803215117639457 -0.0014188494562786275327 -0.91049028193135694842 0.12039816449742697657 -0.99113207414776371973 0.056227160530655670434 -0.90249589949804143174 -0.13287286578493190392 -0.40969006935401386382
-5.162973729320385452 -6.4350312701112803992 5.5095933878085991964 0.86989382007912074979 0.0025447729908850374829 0.49323246640776552407 0.33636982051524805248 -0.73443940982601985112 -0.58945237054475785321 0.3607493390636610231 0.67866949056570313736 -0.6397402886644987241
-1.0434301350609984649 -4.4860438152848374216 2.2591497992004518913 0.59183665950986352744 -0.0037003116782163341866 -0.80604942537899437749 0.67686834467150147621 0.54528502703930170625 0.49448304649236979325 0.43769694132117065166 -0.83824253469994403076 0.32522429272403424738
-4.9671914964154941785 -0.55655956940052875304 1.523901794438271784 -0.98921301884376366953 -0.0045095050607880955013 0.14641471139896905518 -0.11591966503315392911 0.63517730446919795639 -0.76361798246625867126 -0.089555762564539370674 -0.77235319398016499814 -0.62884839917112245189
-4.0756016434048740749 -3.9265528181590862999 -1.8344528801181143596 -0.97225480442436296169 0.0074852135731506546507 0.23380454839761632968 -0.21853520704675788444 -0.38559640405178280398 -0.89641384218638642256 0.083444344054390579002 -0.92263719021077295057 0.37653373910619891696
-3.262597947438142576 -2.6882587416677758974 0.38891288642960858413 0.61762132070613684487 -0.007171422837910649932 -0.78644292539489146776 -0.77993863455120349126 -0.1342435274432599579 -0.61128913099610926452 -0.10119105960314228598 0.99092242180404721541 -0.08850493445172523399
0.86922073186071480144 2.8026755706220227715 4.2577629574555855285 0.69921279228990718124 -0.0066496841466018863365 -0.71488268464072290964 -0.06597869871609185477 -0.99628939976764163688 -0.055265208100164942007 -0.71186254460675968403 0.085809169739469171034 -0.69705703064716262318
1.4151535243422346255 1.5845087572679199539 5.0593692779654384495 -0.67646274749417723005 0.0022600497872997133558 0.73647338270132689519 0.58269393770955935086 0.61320852696278327354 0.53333205174316222763 -0.45040640116349339728 0.78991784043344392963 -0.41612964224612752906
-1.7581677533995503371 6.721328748579862733 0.33592208982580223919 -0.11624665160589461865 0.0052228421556158761974 -0.99320664411295478402 0.94892044908457839902 0.29590223619645145137 -0.10950729620859205038 0.29332012767519466401 -0.95520395127628709986 -0.039353705884313319729
3.7785317377012588302 4.0017447006170021595 -0.66687786968608309124 0.99955120422085141918 0.0025263855094108849178 0.029849749025229910249 -0.027517054174031718716 -0.31642207454844389902 0.94821932192301017217 0.011840687065919021023 -0.94861514225468290817 -0.31621054697004241651
-1.2673354766008062544 -6.5479894048074953616 3.9710993073838172229 -0.92511389288275569509 -0.0019644808615236720659 -0.37968464020867953579 -0.058727402478567974908 -0.98721230722160557836 0.14819903059204106444 -0.37512048383624141401 0.15939887479291728334 0.91316845177716787774
0.14182188267353382227 4.8709619779041242182 5.4960628712238035476 -0.73322729409483067275 0.012485119906534707795 0.67986899986334636825 -0.069632172273145678809 -0.99595395348679049974 -0.056807421333941385266 0.6764089708000913248 -0.088993507150843975673 0.73112998837843024003
4.4309528178092065787 -6.3723543226350720659 5.6458359924869787605 0.98781310548894185608 0.0045772009007356857097 -0.15557736935756630303 -0.052515144307808965529 -0.93115132670141764759 -0.36083149308292800095 -0.14651767211712360406 0.36460424574330158043 -0.91956311134330814827
0.56072269696489651647 7.35676290573699454 -3.8696771815707418085 0.95112334232382944599 -0.0035122988426750261816 0.3087912748825966669 -0.076905083623246994762 0.96573761652632350572 0.2478638015902049907 -0.29908192155279061941 -0.2594966662265841828 0.91826547600224550649
1.724838894759102903 -0.23847171434158698222 -5.003841515615777169 0.88408530741311064372 0.0019324520078155184993 -0.46732155401350528034 0.4647488637850683002 0.1012298847578694122 0.87963685918825984533 0.049006763072345672916 -0.99486118431726577871 0.088597748910537468814
-6.4218641377946834581 6.5494209018859326221 -7.273671737209579824 0.99452164703221901387 -0.0098419501891868019922 -0.10406646722502607694 -0.095900791455892656079 0.3101989534192605702 -0.94582220712769315973 0.04159004426963945622 0.9506207158031785287 0.30755572324958629915
-0.9870093960988954862 0.89596289268669360162 -0.52485451472121535943 0.99931663849471352723 -0.0072791040965366222287 0.036239076574610729065 -0.023575149948292684066 -0.88063218119591601951 0.47321366606135717436 0.028468725513263924698 -0.47374463172242520237 -0.8802019970335511756
2.0478836902052104385 5.8022978263777629238 0.63108754528397992267 0.71553156942545803609 0.0068097281735089278468 0.69854720725055674535 0.58381375030685789262 -0.55496718843713244151 -0.59259845149206535897 0.38363534522770331714 0.83184436486652635345 -0.40107215626560610566
-2.2999106898524437348 2.1053420479398150533 2.6998168333077829928 -0.71162363359317692968 -0.0023143384892434478231 0.70255707807202516513 -0.62670413743950714736 -0.44988617546239439982 -0.63627380367573960207 0.31754326985137631967 -0.89308290374702203884 0.31869922937928074624
-4.3209785185246705197 -6.2125562698765737224 -6.403558669490408306 -0.92684422323286352885 0.012771841013818658814 -0.37522881810574404415 0.35296450508962989856 -0.31100439457983042324 -0.88243545072659190787 -0.12796813668548068232 -0.9503226539597486866 0.28374461997381700273
-1.8760729681350705178 -6.1362686730662581169 -2.4089442739594524312 -0.99832092038710040782 0.0057651662555079068867 -0.057637685375274867738 0.032493492512036079023 -0.76799899866234966339 -0.63962622757187015399 -0.04795323619675875837 -0.6404250939115008201 0.76652213681450231952
3.6336734306654077109 -7.2100890401775377114 4.3050184840862693036 -0.821903533813673981 9.8218509017207467071e-05 0.56962669482542327426 0.2005330888877175366 -0.93593392637468908468 0.28950676282597870292 0.53316138397834922369 0.3521756320559679132 0.76922770544250829161
-6.0123786815148267948 -2.2753297413767579194 -4.7304214112740066156 0.9017834612135141592 0.0016639315354912915038 -0.43218493774486910208 0.43025638467118743069 0.0909857453987454462 0.89810970242154597454 0.040817061767020663965 -0.99585080482265952995 0.081333523239996666221
-4.4744086773691318371 -6.4282162562971532083 1.4001044525689059217 0.69501193509740544219 -0.002200199290647512039 0.71899483252323292959 -0.65333545624345157332 0.41557036432583921437 0.63281439135745221058 -0.30018526227502667636 -0.90955837163818165081 0.28738889487187246896
4.7569222355313334205 4.7194116555617435793 -3.4404956465088702977 0.59992204262446746643 -0.0060450068744229597251 0.80003562462243760223 -0.38706981058809508678 0.87295955678715397852 0.29684772854992508284 -0.70019319084412301457 -0.48775513334651815489 0.52136784077053266451
-5.0017997386343910904 -6.2638237591970229445 3.8275821652156749586 -0.94556987208423082247 -0.00021707031295349697286 0.32541906810602888589 -0.25137115803441656414 -0.63458395279410928502 -0.73083222956072302345 0.20666436053407621909 -0.77285390581703083956 0.59998890185428610522
-3.1421683431959670507 -4.7097106283291809703 7.2170211022049430838 0.97312617970131731759 0.0056733026856060856519 -0.2302026325143833041 -0.2284025296974687147 -0.10336451958697223663 -0.96806407872533317693 -0.029286905055196394559 0.99462736224542069863 -0.099290923377183024079
-3.7433970171094950175 3.6953525840953691528 4.0856280275582870232 0.92627829507266912223 -0.0081235242542214650824 0.37675260905662355526 -0.37154772247187406453 -0.18665554160779718185 0.90945698013321207842 0.06293496645931359601 -0.98239183483008385434 -0.17591325378147004699
-4.1117101418056307693 7.1973110955545038792 -4.9713170277136509156 0.86168532010386800213 -0.0067023277248794872751 0.50739874647123539564 -0.43477737067411692529 0.50585184615889311477 0.74503862160787637237 -0.26166208565100201877 -0.86259433602410917619 0.43297108955692925614
-6.3027237432090146285 -0.11987572583423113104 6.6215792235472727967 0.96683238079102229445 0.010696951424249319385 0.25518762251350507464 -0.25539150418668365994 0.053059790727318138781 0.96538067009720018863 -0.0032135717128139022238 -0.99853404240330778663 0.054031834307537378315
-1.2539489960623950715 -6.8777261339669770734 -5.4010698535943699738 -0.99978114309655219394 0.0023005357853458103384 0.020793591408560414824 0.020661061395949201908 0.26461495303324106265 0.96413279540389285049 -0.0032842732162902841739 0.96435140595454460488 -0.26460457173506080064
-6.6264121693295177096 2.0312806520614543615 1.639786962699970152 -0.99906349578882358564 -0.015612020831567168314 -0.040353391277827686812 0.03951985621910446278 0.050448172311028702253 -0.99794446883324561259 0.017615684672655340659 -0.99860464985693520035 -0.04978394256656445277
-5.6128385975371521965 -5.2124055546516832038 2.3073795575125819468 0.9999817984591997666 0.0020200259089422269859 -0.0056852656504298090812 -0.0058838766421214485844 0.53502291552322744916 -0.84481705703696652332 0.0013351950602918825559 0.84483513146670419225 0.53502506286500928212
7.2655787899403225794 0.38557056427008601363 -2.3842105903423718161 0.87532361199376607086 0.0095583007413734336066 -0.48344308162716576049 -0.18358729062669795762 -0.91836954211406574 -0.35056110856386435426 -0.44733017001604125085 0.39560842130089074464 -0.80211576221216374094
-5.639870585810491832 -4.4166134095528652992 -6.1214580765791577477 0.99178263555289247755 0.0010621633284046750646 0.12792996374863738196 0.025945035029410777605 0.97751663163052471273 -0.20925603944207923912 -0.12527593133956829718 0.2108556536940191517 0.96945646335066959498
6.1231346065572198611 5.3505248176581172714 5.0192570700001013506 -0.97602705059835737078 0.002725719849982048866 0.21763218271115908342 -0.16386125692015021671 0.64891691319297195584 -0.74300493151296975736 -0.1432504275068186006 -0.76085439488997252955 -0.63291382098650761368
5.6553242262583474087 -3.9171695409137265997 7.2044996079265564148 0.66198045357457768745 0.0093497466799425076045 -0.74946278181254266659 -0.16373628975083726056 0.97757513833941456216 -0.13242838184933447554 0.73141801078711277118 0.21037925548318550661 0.6486665263126250025
6.8625177474605649763 5.2032436135076425288 -5.7670999134769562744 0.93740609826083232115 -0.012841027828829650395 0.34800131457758742837 -0.23663100685518775879 0.70968004971785214607 0.66359625799683352732 -0.25549084824732032351 -0.70440708048468092528 0.66221982107542187723
5.9140179416960796388 -4.671869487728932846 -6.6776788856378006543 0.988262274486472303 -0.00036658543879942301347 -0.15276630008678956929 -0.01612610219511846632 0.99415970749902371484 -0.10670719194809774599 0.15191321751276157248 0.1079182171858292516 0.9824846221414380576
-3.3117393080977270969 6.325463321678022055 -3.8702367824657679662 0.96363255111010881482 -0.013550361994152016268 0.26688704376703487053 0.18830258201314878375 0.74307892980806566907 -0.64216496453976001924 -0.18961657113265376062 0.66906658246024575121 0.71860661295798777815
-4.2924585545304827505 4.956759936104690567 -6.3969148722712185773 0.99931774636952896973 0.0086856741939251771306 0.035897086995372501361 0.0020595766796686404074 -0.98354639794707099387 0.18064396261471526994 0.036875465215512839845 -0.18044678481208450971 -0.98289325865835586171
-0.16387909987353671548 -1.8716574401228824875 -5.0094010074275763245 0.48195995593418156089 0.0010320876021021503643 -0.87619263616567388819 -0.47570463190035505718 -0.83947429019528529981 -0.26265570484897449166 -0.73581227501616564002 0.54339842739594401699 -0.40410202305755610341
-4.5252530717123491399 2.1811048778642887491 -0.96296586939237638347 -0.97856955009221346931 0.01123830072410257272 0.20560966959069193472 -0.19534802142474361197 -0.36644587965962460707 -0.90970136187975947362 0.065121318765810676243 -0.93037149455319012592 0.36078815940226943715
2.009442058372692852 -1.5612060062215367129 -1.7566635311942118136 0.84185914657385463311 -0.0031629062430586912802 -0.53968803336197601617 -0.47123365883451695524 0.48314547429355980679 -0.73790872704630483536 0.26308176696875656964 0.87553437779098730598 0.40524996877839042364
-1.8606848944010807578 5.5528137741062835175 2.4337676085080350852 -0.67696923330055347456 -0.0058868071332134255108 -0.73598777344898480557 -0.37917084532517414397 0.85985011318913884271 0.34188777823131383249 0.63082654289427742 0.51051261331164443646 -0.5843241775159460083
6.9126345375419706585 6.2678047109079475518 -5.7466999478202751561 -0.95976780495101476909 -0.0082077214657275809201 0.28067489001984297081 -0.26547098303530503038 -0.29917219859307964125 -0.91652667869256965183 0.091492719631767790989 -0.95416383755488520801 0.28495693246008352295
3.4966179551406848525 0.88976500781807110751 6.5426959275126295168 -0.76876434702464957471 -0.0031086783678151530368 0.63952460067032246283 -0.159387079712316998 -0.96750298152343960911 -0.19630012624546228084 0.61935219186219092613 -0.25284049687888388025 0.74328631466855055177
-6.5168279172437806324 -1.6007877196556259403 2.0737566251624302005 0.57744511621505789645 0.016467348170607812308 -0.81626341594097240328 -0.40676908976889053493 -0.86106603033030393313 -0.30512980683632490164 -0.70788137803452899632 0.50822644348326662112 -0.49051996572659994911
-2.2812577274133412075 4.3592782532853995292 -1.6733338644353081825 0.63088928624958162672 0.0065660032361964286787 0.77584508511487115801 0.36194603568783229042 -0.88697928567353223617 -0.28681494737167617659 0.68627529151592181478 0.46176253029820774065 -0.56196226729842524428
-6.5657255471224535981 5.091772351963394172 -2.4069377119934856069 0.9340721998531504866 -0.012822014814544074185 0.35685392165100981998 0.25744476507223007511 0.7167071796186792465 -0.64811496790303635418 -0.24744962800239100886 0.69725634785142820427 0.67275721250869824352
-2.2809286794717325009 -5.8170246469318716009 -4.8202740745729926175 0.95456812168588900391 -0.0049989832086710294864 0.29795085371236751381 -0.15491360102499129869 -0.86245782451130548196 0.48183843470267173625 0.25456134285971981912 -0.50610424924731811647 -0.82404915606742523693
0.40068554751234897182 4.9053509911444894698 -3.2353876171023565611 0.99726027301576836148 -0.0064611045226412294057 -0.073689904280493212507 -0.070275318451523322016 -0.3937534397670511277 -0.91652583612684523917 -0.023093884061647709793 0.91919338705194642003 -0.39312871902096829801
-1.7360877703738737399 7.2187711090565658267 6.9597137847630721197 0.99264754216271267051 0.00064537341404981448355 0.12103900417465872363 0.034578152931646920221 -0.95982529766047053332 -0.27845960085954679641 0.11599658778717714114 0.2805975435818144903 -0.95279053844879146862
-2.0649317766056425327 5.4503107041259442056 -2.9621554228545479148 0.98843426837166725729 -0.0069426339206178173599 -0.15149091373034928587 -0.090492455459320941813 -0.82861083271088109559 -0.55246285252419413681 -0.12169146483442418172 0.5597820002004990636 -0.81965559818611732901
3.0420793314889049697 1.2644854743736158031 1.2767618005463943209 0.98932045917065225549 0.0053391961452637498597 0.1456589236906140894 0.14357148154121832095 0.13669966064528382699 -0.98015326988562800903 -0.025144755998880524706 0.99059815049489285954 0.13447321473728243713
-7.2418611274000213029 -1.8258386344746773133 -1.2250065446622573351 0.98817567673451622845 0.011608746073575711144 -0.15288580354260630778 0.055559520294635567073 -0.95647315528722687272 0.28648253510375587538 -0.14290546390846436964 -0.29158933490343086348 -0.94580848386750571155
-0.70392742531820617913 -2.9715925101010109977 0.18540626046030492247 0.9299170938898982941 0.00069067221752866329865 0.36776857052120798253 0.31922263747667745104 -0.49808414505126719085 -0.80623141353528238184 0.18262285238654585307 0.86712842614022378473 -0.46339743888557249907
4.9333586906109694326 -0.31432776767644643456 4.0148936785081152934 0.96886529821226841097 0.0061545051783242852445 0.24751193099757495819 -0.13158348598267763374 0.85962091886434111032 0.49369794618525703056 -0.20972796698767570689 -0.51089529056047278122 0.8336667091508165317
-1.767573371878217392 4.6116043973409839296 1.9440440260599316513 0.65600650871879684356 -0.0012475061433909490766 0.754754201211972231 -0.19089517628967311857 0.96721077227206098126 0.16751821892007676129 -0.73021537383703705171 -0.25397197823622752466 0.63425841900825363773
-7.3229985229704714911 -4.462171748271845928 2.9086436553338521627 0.97730888380223113199 0.0036317811263443088715 -0.211787997315972365 -0.18430652575143105509 0.50736044615021280713 -0.84179361024418219994 0.10439564266147749461 0.86172628360058545205 0.49651723227410066164
1.9065906375416084018 -5.4884350509811694607 6.7431768671058209819 0.99096559173182274805 0.011637480887277781155 0.13361049750059639241 0.12398268261083487951 0.30039586300219439652 -0.94572227419251564395 -0.051141865593407637158 0.95374362096415798984 0.2962391180345332331
2.7327668983540127634 0.66467157658034958789 -5.1620788354086171168 0.77051784289348146384 0.00062001280910964524928 -0.63741812757940041756 0.085691084375125473049 -0.99102275685993723719 0.10262033640771378584 -0.63163224414312513222 -0.13369185079847156761 -0.7636538464439310836
3.7929088994548121327 1.9417049183324093242 -3.7473753016083612977 -0.98944098310667016882 -0.010427187049095645172 -0.14456076479844293114 -0.11936843976212804797 0.62433887219049544193 0.77197937035947383766 0.082205331564496469943 0.78108402009136301825 -0.61899114454107029282
-4.7884326406546797728 5.0042032885676190901 -5.3736880591753015679 0.9875887526782138881 -0.0080140189169180843509 0.15685735903777922595 0.107702842317905223 0.76145845626825392483 -0.63920350212916665633 -0.11431777350936420112 0.64816417278212001829 0.75287093965801865636
-1.2657317436855275439 -4.6747605760032007183 -6.5647191700762679289 0.96944389823235521675 -0.0059375980796871992082 0.24524125490858791898 -0.081278066675105092864 -0.9510150799653188658 0.29826866003029056662 0.2314571322246832541 -0.30908746756822946811 -0.92243836289194003353
6.0717013012447456077 -1.5861561158604766675 4.1561124373162936507 -0.71483527329985463439 0.0033608856829924404694 0.69928480356280520169 -0.41257612914690250383 0.80537392776787197768 -0.42562163259178831254 -0.56461621452511256969 -0.59275757348120761137 -0.57432307055883125013
