1125 14.717824617146108679 14.977075390850430381 15.033177056927090831
4.7190623410800736082 5.3208054778452629208 0.71458232864135418083 0.93523475219317642182 -0.0010966053929082932028 0.35402649017657195074 -0.010042266975793941522 -0.99967498905603779935 0.023432224176875099397 0.35388573178940813113 -0.025469858902311331289 -0.93494180306762320054
-0.6202611489998555161 2.1065867373825777342 -2.7247852622209118856 -0.52598529034676888561 0.0013244929145142482138 0.85049263374665307058 -0.017687931186896484886 -0.99979953702351642697 -0.0093820497692973601339 0.85030971500343588421 -0.019978275352664390946 0.52590327730944541607
-0.67785440746631298037 6.6918770161063809709 7.4524065272370254576 0.96679647093033549421 -0.0077613051589382302253 -0.25542972798554619551 0.068676709295125551447 0.9706585576491707501 0.23044624983452319245 0.24614648767951693986 -0.24033669425337578218 0.93896228891175903541
2.0945235837347664365 2.8934844919439961508 2.6936394617337287016 -0.90463163957725145625 0.0050382162013375419995 0.4261645375360071375 0.4138771123570941235 0.24904306817209206915 0.87560452606319383317 -0.10172183906489348781 0.96847930621824429576 -0.22737744145863139633
-1.697003857291411455 -1.2408833139917814226 -1.7953541068426319693 -0.84279141390838097081 0.0061650207659314703798 0.53820500291367845414 -0.31830907150317122589 0.80062507940421967501 -0.50762074152643121838 -0.43402991560620668432 -0.59913393723603314278 -0.67279756064579587793
-4.6270426276116927156 -6.9626215054921445358 -0.032552388903794554631 0.65961585107382347815 0.013121724758940533223 0.75148835609844288896 0.66022368686310484165 0.46769926754060803242 -0.58767514703859213832 -0.35918186523963130385 0.88379025536681543596 0.29983857690707427235
6.7846451869221020559 0.34762820102677061129 -1.3407643686772576785 0.88922363322174680089 -0.0069771254312770624936 -0.45741955559486296989 0.23306715315706255653 -0.85348090676028343093 0.46610089456571823785 -0.39365090148403170112 -0.52107740453448669893 -0.75730925403334414803
-2.3790027089243768188 -4.5471437390472742024 6.1601360692537561192 -0.99611783188037084091 -0.0033912030156261867286 -0.087964565321441909318 0.049715768947158824054 -0.84631459354281879381 -0.53035832328198617702 -0.072647142600891639885 -0.53267260911235359 0.84319765427402593172
0.081522667664435749524 3.2510406147536219379 0.85521142377832648496 0.99496183130199100653 -0.010224653546797402709 -0.099731693618912473087 0.060089844009127854618 0.85711607297489222912 0.51160653640776776463 0.080250637998732055056 -0.51502183828260528209 0.85341217544206326995
-3.9965355147961418858 5.8558607597230452058 -1.2135506693401754141 -0.98865657581082844185 0.00090631211206386452783 0.15019105733816576209 -0.070666230894080361846 -0.88519067251411653885 -0.4598301394051065305 0.13253097342589464924 -0.46522752701496195016 0.87521362488848908345
-1.1733153795927706575 3.2629957168128012057 -6.5074917559017402269 -0.93711879596545466509 0.00010186640388347781294 0.34901053260829167924 -0.32367077383441611449 0.37382891527221290273 -0.86918880128078157554 -0.13055876996101981047 -0.92749767208853151068 -0.35028913179919907162
6.9138621229264405343 2.8687499389484960588 0.86839276390444342102 0.64201507437154925473 -0.0017376873490807381861 0.76669004475234314722 -0.15632642797402082624 0.9786930768692109206 0.13312366132686312414 -0.75058556620580563212 -0.20532131338676479215 0.62806406207684628562
3.1443542137602560338 5.1387781127685023819 1.4732153067740014762 -0.96557140761172510768 -0.0026226307573930050104 -0.26012492885278554189 0.0096733155014614852218 -0.99961958471752943023 -0.025828527185074737216 -0.25995823466465090013 -0.027455557857203782141 0.96522945902666146267
-3.6508423144845747466 5.7340955462609537463 -6.8927335050904670055 0.98172792243050754912 0.00065630539150097425699 0.19028887404065669697 0.18778918691313079004 0.15824834624473493871 -0.9693774714678925486 -0.030749107286669064704 0.9873991240497289601 0.15523357313112154388
0.19560459833276838681 -2.4187845780455812239 -2.2215260488657233573 0.95814689455514079341 -0.012242456896468668914 -0.28601512320759775454 0.17987312720409814881 -0.75149950374142726606 0.63473943786892972341 -0.22271099336171004679 -0.65962005588480754348 -0.71784482676295835457
-4.3762996896139050307 4.3853480776054709622 6.348806431488193347 0.99834940962253992947 0.00010607865023180449923 0.057432090800214906368 0.057221057988448967291 -0.087504055753180973176 -0.9945193767591086198 0.0049200436022669514005 0.9961641576436454093 -0.087365692333334243891
0.90818573570690641628 -2.9452605034623178248 -7.3083232209298838455 -0.90649747367993005476 -0.00089385366486928387753 0.42221029267125703699 0.28509626501949186794 -0.73888722632378323052 0.61054548270172903646 0.31142005375994491478 0.67382851512917185666 0.67005423833823873903
-5.7987069171476175455 -3.9230909171565717664 5.0253496162638091604 -0.91911613817236492707 0.0016845597692164869172 0.393983104725944 -0.39299348448461368655 -0.074880888724408928292 -0.91648730141594714205 0.027957927387328405933 -0.9971910623157467235 0.069486254280883313905
1.3487602045948461349 -5.591921243352288684 6.1807468504026932266 -0.95022919428039365197 0.0097530778642514991128 -0.31139902987845230475 -0.28066378536770814067 0.40710403600620354014 0.86919166094169408865 0.13524909582005570363 0.91332972213744767487 -0.38410480437011773613
-4.9044142115585174224 4.4601686660747166258 -4.987315605024479126 0.99399173426951015209 0.010457006190776971938 -0.10895450071148932158 -0.10944435897292163762 0.1089378430335123521 -0.98800530294330668468 0.0015376907268438867044 0.99399356002794381215 0.10942777586389428046
-3.7990784966423429836 -4.9024576844766158956 -3.7164145212538746144 0.94332197024148689568 0.005957575059328250322 -0.3318255079995353074 -0.24366693800745986564 -0.66638660067089239281 -0.7046668161395985841 -0.22532217774068435956 0.74558259485162337032 -0.62716545701472692365
-5.6858104427221460853 -6.589270175963342524 5.9608574703030949848 -0.85542031226665271593 -0.0030114140124079431804 0.5179256903716510374 -0.20170858605720928813 -0.91909586454937286515 -0.33849141507436958376 0.47704269795494208539 -0.39402249067015238104 0.78560584339340144844
4.0354965082235674245 -2.1939599163015115479 -0.52897601148906869817 0.96940852380632225316 0.0062832614568161370555 -0.24537244058204235597 0.18826917404246024113 -0.66043784768253299688 0.72689515575071983466 -0.15748597422336035878 -0.75085442661940171583 -0.64141702343248063745
2.0056053941799487639 5.6743934472450714424 -4.9821490370867111963 -0.98058101281294263174 0.0031101431759378772232 -0.19608978637420321212 0.016946820932000849352 -0.99479032498056185752 -0.10052370160990245496 -0.19538086541714538846 -0.10189473163265040656 0.97541979736645811894
-2.4005200775147206294 -3.1786237297021782133 -2.7539138488990406728 -0.92225592096129982433 0.0050087799803177346369 -0.38654744647308975081 -0.35029923149677111294 -0.43374964913819236134 0.8301516068075942556 -0.16350677253417816859 0.90101950811053321821 0.40178275391039619535
0.022403025835409554056 4.8514621235524799658 3.0713044755451703871 -0.99979434102605324597 0.00053546093652671617608 -0.020272862002039773732 0.019145368201972875338 -0.30475231710630423798 -0.95223919268992118781 -0.0066880885594199374761 -0.95243148756216367001 0.3046793904606439618
-2.8712566828985854883 6.6652592178848424354 -6.9053582308145404767 0.76110800891466245943 -0.00090121139487411264409 0.64862453436802425255 0.31249487436283535091 -0.87578167227240499848 -0.36790408533855073481 0.56838503873959700385 0.48270658823954548655 -0.66628282088549561912
-5.8470331154298795795 -5.6635389524650703308 -2.2745428482019258709 -0.65995855778860146312 0.0037950553933435451047 0.75129241947196423457 0.34185814343458681419 0.89198625896510985722 0.29579304181279375552 -0.66901996365509985853 0.45204658097589101029 -0.58997133562495274184
-6.429260084437206757 2.925574074197311969 7.0005501064663704369 0.43953849285429325011 -0.0020964630731332865518 0.89822130799827359926 -0.30357367197563461803 -0.94150064440243974584 0.14635423558260901578 0.84536911404584713647 -0.33700466084655111842 -0.41446220525525279132
3.1172392646160891339 -7.3182718162985684884 -3.0537050806719734375 -0.99070934845784919265 0.0064196695090813788581 0.13584467130345923014 -0.13476431890280102244 -0.18048892179173325889 -0.9743009429642285335 0.018263768198452035724 -0.98355606701088782451 0.17967720450112728559
6.0990540971302014128 5.4213558507028780653 1.8853250225602777856 0.9358558172878373993 0.0060253980107407446171 -0.35233163898128588842 0.33363565541570788797 -0.33693234436841157375 0.88043389573194741349 -0.11340696047316482786 -0.9415095803533027885 -0.31733038212409003798
0.48370723568200552078 6.9464364260711697341 0.021622421957002799231 0.90162571169222693879 -0.0069581734303419684462 0.43246116569953374498 0.37675896441717188212 -0.47843456788305371852 -0.79319168363387759779 0.21242353623589810274 0.87809563720426608846 -0.42874735354978976698
3.1830182955124004529 -7.181759672850156484 -7.0151958485759138284 0.48402426148655630644 -0.0028547345706265406413 0.87504992130905157044 0.81374516082055137201 -0.36624985563675116484 -0.45130904764603785306 0.32177527489473317646 0.9305121674307526014 -0.17495078945196068654
6.1141366421377334461 -2.8247001311501187537 -1.0249815621575173452 0.97994951197338253657 0.0019037864890035418458 0.19923686802458059897 0.19901445873458678548 0.038837203497174059563 -0.97922669328357658802 -0.0096020413359306222567 0.99924373764440621581 0.037679617575824518594
2.26300465327707645 1.8790566293893482541 -4.8631424838269854405 0.80782111379211862801 -0.0023043036283973477793 0.589423225107783888 0.40437833485066165817 0.72971314418732768914 -0.55135912933736064279 -0.42883937600813398783 0.68374952825216139818 0.59040949535043674157
3.8724839924141987169 -6.7215533334689787637 -4.2221436411677411016 -0.92368289124523650369 -0.0075822382659628730778 0.3830827927269908062 -0.35432612163499893621 -0.36359157837278260894 -0.86154173646052345514 0.1458180919769925532 -0.93152760227443287544 0.33315673526572692209
2.1690974907670077521 -4.4667580274791376382 4.0538288307973813218 0.78280093724470789507 0.0016600739413894106261 0.62226998706616154511 -0.61021310297839725933 -0.19386653940575743205 0.76815085357771262231 0.12191251618371302945 -0.98102650782394840157 -0.15074590987629896133
-6.4082526725269532974 -7.1348501326477853368 -6.5561186907485451414 -0.98193091276718469373 -0.0080227327028955935928 -0.18906961234457522747 -0.1774892343507201431 -0.3075320039908237546 0.93483776036862809011 -0.065644910250107740834 0.95150391606204609563 0.30055123269894945537
-3.8241377630879687111 5.9267237944848822906 -2.815330751804306253 -0.88086139733179180666 0.0014467212478116633217 0.47337205841524998551 -0.12789435113540220668 -0.96353379954738427315 -0.23504393648337448819 0.45576993498725704157 -0.26758274258163883275 0.84892475652088783544
1.1706128810452038902 1.8303092694858806855 -2.5945974891779588489 -0.96198567820046676502 0.00034590696006366581945 0.27309968012747121158 0.08361938058363804771 0.95234399844647332767 0.2933406003500306225 -0.25998337279177591297 0.30502588246127931848 -0.91617021175138702027
5.3419254980881190065 -1.7437722830404422947 -5.5162623008276518988 0.87038796517641980888 0.0074153686569448000812 -0.49231067669087030803 0.47815155016414911948 0.22579653747136785302 0.84875615976639351423 0.11745588598151712745 -0.97414626005210425141 0.19298491877520446147
3.0309452097922515712 6.2947024770116488668 -1.6351045203109790815 0.9064153119780551382 -0.0029996587410559246226 -0.42237694570032113806 -0.41481034961628054925 0.18223760019287282841 -0.89147172188868695208 0.079647071904161856337 0.98324994743122340335 0.16393866174187837759
2.8225588045980050111 -3.9738133808324191953 -4.2236824350911899018 -0.88755843183293903209 -0.002496905718535257987 -0.46068839310766313 0.14509359088854689723 0.94758099086337066463 -0.28467194388865990629 0.43725036302489261875 -0.31950591734136740696 -0.8406712132686385841
0.17287881656886502912 5.4107283571235864628 -1.9806912989700786731 -0.7323194586672151507 -0.001942710721701065282 0.68095846887493394206 -0.25778386417735166258 -0.92478258445507111052 -0.27986541561697320102 0.63028223029621754936 -0.38049099511513811978 0.67673548215611167844
-0.77056656660646083434 -5.2079045819920946059 -0.96440893736804655934 0.8745017722668231297 -0.0062179096168143805842 -0.48498246143772150152 -0.42202950796650229304 -0.50254748556340478327 -0.75454431225699591934 -0.23903502820239125315 0.86452724789560297936 -0.44210280810954949438
-5.3147945216537397783 -0.63913866977255828772 0.59008799507947728991 -0.35503346139461400277 0.014826294534729137983 -0.9347360174298616764 -0.57069134225521866988 0.78850967423613149698 0.22926815197706229554 0.74044758974897573189 0.61484361802530274055 -0.27148608105855104311
6.4384425217251033402 -1.7337541016611164313 1.9107326456083881805 -0.9508681399335202622 -0.00030241187438712372956 -0.30959600935153364087 -0.0064106650006210625162 0.99980435196276584708 0.018712593902176236083 0.30952977858939467737 0.019777925658580063767 -0.9506840431094790711
-4.8023704267947504576 2.5111009529096270931 2.0668242429276917349 -0.99684425332833259681 -0.008600533491631629987 0.078914925267185881408 0.070089012681538997995 0.37138118181177243171 0.92583127409767285165 -0.037270161088759100332 0.92844065433375477792 -0.36960639398240691111
-0.75903089211320484697 -2.4258455063951824826 0.62627722519246598054 0.89887249655149525918 -0.012628157342589719711 0.43802826916235648724 -0.33359847914286328008 -0.66787951529409306239 0.66531872644931910887 0.28414835853266146026 -0.74416226906012461484 -0.6045512613918359035
4.5277576452413255126 2.2566322355422574475 4.1741318869874453057 0.98519231078086988429 0.0037483548433419593832 0.17141196170118735975 -0.10873200102998314964 0.78666008654621299989 0.60773617646733091302 -0.13256493778635017322 -0.61737497363522897409 0.77541903458615446532
-2.9168698359525566666 -2.2794648443489475831 -4.8679263598886794995 -0.86367606009475073048 -0.0014491343327902393018 -0.50404519958895011023 0.33486153707370736043 0.74577292918154669543 -0.57592576699489650416 0.3767378587395173728 -0.66619864763426794863 -0.64362096585077588351
-2.2532437167241163856 -4.575058604063115375 -7.2078207399172464775 -0.79920830610286286433 -0.0087902051627091540298 -0.6009898632669162799 -0.079395899814938303285 0.99267506730490429057 0.09106317501532594505 0.59578718897681048894 0.12049457682610745235 -0.79405206529965433049
-1.7394115344349254659 -2.1299721403496389982 -3.6299760173331576674 -0.91675921776160462784 0.0038504251242625336243 0.39942172058560193593 0.17516661221929855086 -0.89479935810105293292 0.41067111744760936842 0.35898355758001732063 0.44645188203028440821 0.81964109366165538439
-1.3660841682795250573 -2.5689312347304835704 5.3146502938940693994 -0.8685867496037681379 0.0045436962859362866468 0.49551630975851679306 0.16421652557461069444 0.94609315338354416092 0.27917857698828540958 -0.46753608538910856884 0.32386277949944869414 -0.82251012693704372847
-4.0728345961312388823 -1.0047970398942074333 -1.6510914033173249571 -0.96698338355010826639 0.0066159097250995720779 0.25475353908536046976 0.025598751698005829669 -0.99208501059143283651 0.12293101997216586418 0.25355046805226544304 0.12539362622720467977 0.95916036128066173294
-0.943748135954975087 -4.274674634223012859 3.515592206063776981 -0.60715051983491163945 0.0087452326776952041265 -0.79453871344919146935 0.10536050131477540936 0.99199594704466043105 -0.069593144846348181654 0.78757057526728435626 -0.125966511233397499 -0.6032122570214097923
-3.5891669790991307387 6.2326831316088906476 3.779892424634860415 0.98689145326410121495 -0.0028297876397208633625 0.16136062647422128036 -0.15296124148577883162 0.30241291396924452339 0.94082372847820872064 -0.051459868609989266319 -0.95317281841570733469 0.29801587232243442749
-2.2257219239813701428 -4.1251292177294534014 -2.1139679136019888794 -0.70147518030718525317 0.011335551516265009175 -0.71260373047358971377 -0.0055420788151081092424 0.9997565120222882129 0.021358886476471473925 0.71267233479025660081 0.018932034780448334793 -0.70124155701413115604
-1.2717296040523253797 2.848137583740642409 5.1333711130017833923 0.98080828308634471213 -0.0030056665582129946448 -0.19495147549519889485 0.037688544173197544018 0.98394582522575702033 0.17444250244402109695 0.19129737443921762674 -0.17844208861529897714 0.96517549468657704015
7.2892062424528267783 -1.4278169941418026312 -2.1779896566052894258 0.94616044523170894642 -0.0019673943804457329904 -0.32369204691829561726 0.32334907566561382763 0.052164055482444932066 0.94484087897470481199 0.015026215258996482999 -0.99863659089524625667 0.0499917211147552637
1.6822606656906660128 -1.1572504203610027851 6.950900567127478169 0.98008697229627605996 -0.00012707294221768038883 -0.19856865459453007516 0.030581437332788403982 0.98816578158198131732 0.15031022520448472646 0.19619964940252390684 -0.15338960839255533219 0.96849229507078515855
4.7581119073376179074 1.5797085232775822661 1.7846665166233603994 -0.94507988776813578458 0.0054845846067954374947 -0.32679339813984420449 0.31800523158132570911 0.2463258099020774472 -0.91553059373402112531 0.075476343466025816453 -0.96917156102918378124 -0.23454169537468988471
0.45113962413918118344 -0.96036027427067438555 2.1990753561814444517 0.99561557145389689705 -0.0011716042141952133504 0.093532140049220321987 0.092790377847277047407 0.13866426184695287982 -0.98598284379879030936 -0.011814383503963974201 0.99033875508841417989 0.13816501189671415162
-0.40939278816333152244 4.8218259250523614057 -3.8759842973895146656 -0.80198883610557747392 -0.0097658862373952541602 -0.59725918513494768991 -0.13354417488560910154 -0.97162740302917660618 0.19520794819086742522 -0.58221976960259858025 0.23631508023977226829 0.77793015286400457597
3.4401219200369026474 6.0184334220116531 -5.6999967966111029227 -0.99899802880435806252 -0.0028538984561865322377 -0.044663113512582480746 -0.020705843245078261322 0.91420631347128977762 0.40471976040804746866 0.039676271253147536722 0.40523903029298308232 -0.91334939745236909392
-5.3822987134091864192 0.53552988007377611002 -2.2993360270829108494 0.70441719459001328474 0.0076865576489617898001 -0.70974455460929386508 -0.58061793999234534436 0.58139893003608422717 -0.56996323733391340838 0.40826366936721791845 0.81358232588014378628 0.41401035650142037348
-5.3025405689513958052 -1.8488261139142512235 4.5774529728218382729 0.97217488533536766671 0.011249028457733425274 0.23398600744918857108 0.22610118531965367472 -0.30631639480094507988 -0.92468833683197726447 0.061271904820125455693 0.95186329146304682336 -0.30033652465991972358
-4.6005497001117685585 4.2224599362375334621 -1.7300796922738959083 0.99530673621280629781 0.0056475102559852899398 -0.096605416398029067548 0.091463149660058362667 0.27116002589364390785 0.95817886253648032469 0.031606852165209288474 -0.96251771203716540715 0.26937086128779230698
-1.6920907737288601869 -6.4321695585589644395 -3.8482585383698975079 0.89271933832535443898 -0.0084514401082044828678 0.45053385681881868985 0.23346124847104704481 -0.84649682795285907666 -0.47847566889878068164 0.38541928914142442597 0.5323266792353392729 -0.75371100438547211642
-1.313673827326099941 -7.2270351014054821093 -4.4444648619938051937 0.97685284344751210917 -0.0022921046626381384737 0.21390013675693836381 -0.19927679347207685745 -0.37326333636318131948 0.90607021875268833888 0.077764270921332562247 -0.9277226029278224928 -0.36508011474852380962
-2.9376733048220819988 -2.759528142962418773 -6.1980728568022058766 0.96598333313330342342 0.0038317794539426928979 -0.25857594160086844193 -0.11891663054108231323 0.89448601912602576647 -0.43099141124723089336 0.22964110060988141004 0.4470794997025634987 0.86451424849813085505
5.4671374355557800229 -7.3946104432491974734 7.1065492447336513493 0.89691917874915982889 -0.010627925554541447356 0.44206677548795603183 -0.23531191433401496549 0.83493674382209759344 0.49750270028238602338 -0.37438521573959288036 -0.55024329256633808249 0.74636990106881340168
0.15608445310498933467 -3.3160167100232511572 7.056951581397827411 0.7623353587435414136 -0.0034741318435361555166 -0.64717287583546267982 0.040016923589541709971 -0.99781912033605790757 0.052494275098668191637 -0.64594384170429253178 -0.065916109560856125937 -0.76053377299411240031
-1.1622777015461909222 -5.6676136246466990443 3.7513731324019494728 0.94953222874566334255 7.2170767578748373262e-05 -0.31366947789777277489 0.07075949539792211751 0.9741739102896592728 0.21442547964733815746 0.30558409707360384422 -0.22579899756711824255 0.92500441745611394762
1.3975400257853898278 -6.3509169075342697397 -3.267950192586753122 -0.99975034738841150883 0.015701991804589178481 0.01589623698171541491 -0.022298891637980971375 -0.65610516722162626202 -0.75433995584015522962 -0.0014150365814187167157 -0.75450610136609042033 0.6562915058668463697
4.7579300764338965379 0.80212834779749875302 -5.590654591556403652 -0.87344646879820952989 0.0060274951383146703823 0.4868828765178480622 -0.48588220504683166112 0.054466095281346868506 -0.87232558559479789206 -0.031776547369434374191 -0.99849742802223906413 -0.044644565964032781324
6.3782672137144933444 -2.4319716815018992406 -6.6604947568753045672 0.95566177496483872833 -0.0044149285360798179445 -0.29443349041355859619 0.2682661597864965386 -0.39925341473534997627 0.87671544889760755215 -0.12142421251337529031 -0.9168299838182415451 -0.3803668510626230792
1.6782669704475607908 -5.9973115303673951715 -5.6464085471164757735 0.99168107024757012891 -0.00060250802090548879163 -0.12871787714531776614 0.072921180448302480581 0.8266732801567202582 0.55793708365447614028 0.10607146814652738953 -0.56268190379548010949 0.81984017880708470738
4.7625452662078044952 -1.0264813687137015474 6.8371117718545937336 0.99973585047970969786 -0.0076887589721807876597 0.021658999311843583901 -0.0045414434677381303879 0.85771501327435539785 0.51410536983681920375 -0.022530081157186410135 -0.51406793227089875309 0.8574535302007399995
-2.4749845161085484158 2.9239448412676822819 -3.2530101792441259434 0.99554407453392546046 -0.0045219804569458076776 -0.094188891877367592054 0.063722005031160239286 0.76853859108371203046 0.63662228997251624207 0.069509004705448254602 -0.63978745354047705796 0.76540219006550003211
-3.2184817060164050417 -1.4784633537205875697 3.6315964116746597412 -0.67798162913465598312 -4.6846594275153086162e-05 -0.73507884499639397635 -0.22549238702417015445 -0.95177381869747512688 0.20803793268577636111 -0.69963854521459567515 0.30680057993337778166 0.64527460061786090506
2.4596878267174271393 -0.34826249791844998693 -3.2351186214027580768 0.85602960452303078487 -0.00020836697884474286724 -0.51692675763916839937 0.43879463332078444404 -0.52833674128147223303 0.72685594004652576139 -0.27326285138852096646 -0.84903488997518217207 -0.45218046138213185969
6.7320304221536613198 5.9938901302966636209 -6.4940287054983469872 -0.99842484035555478794 -0.0053990963209468688377 0.055845213940874480207 -0.029272686277336777694 -0.79901495224469376577 -0.60059821505525801122 0.047863848563308095119 -0.60128691641209397467 0.79759833008373515195
0.20697708311624563038 1.5892018622145662743 2.2548198133827423995 -0.99771881076235113817 -0.0034508764333922329823 0.067418588703410636809 -0.066963656697406157003 -0.075845118727857194219 -0.99486852731747066336 0.0085465392199427833025 -0.99711363916910722427 0.075441018354500774534
4.3894075299384036626 2.0065805470045634529 -1.3783397731126132424 -0.93409204487686003926 0.0039840599163948522271 0.35701005443017552743 -0.35564809345558601184 0.077582221017008332065 -0.93139434859964798097 -0.031408363838699049353 -0.99697799687286692283 -0.071052012162370253856
0.7507559333346777164 0.4821513588194494826 -2.5477945653511735458 0.98923715695676850412 -0.00064777600685491840658 -0.14631960798968834947 0.10744169959876126441 0.68204782320681089924 0.72337199838409893538 0.099328387097223941327 -0.73130728647074538795 0.67477664769288125957
-6.8520203314864600586 -0.46737642131832257686 -6.5934988601063064806 0.59923695887091155132 0.0080689868489622097736 -0.80053104785168538449 0.78043479025747497513 0.21697678298972616906 0.58638094597222134574 0.17842815158775432449 -0.97614341522886471925 0.12372318952527595892
-0.5609516635557960651 -7.0698006384429223914 7.3062348407974511133 0.99964374945784972848 0.0043313061738143839377 -0.02633655172281222992 0.0085021836911956753108 -0.98701734358393244939 0.16038851684910471196 -0.025299941547354203031 -0.16055529655356268193 -0.98670254368092480401
-4.6101272211381090216 -5.7855022882755724467 5.2783952908600539899 -0.3849962460849166157 0.0005305833456048405887 -0.92291798605393415844 -0.92276382407222201643 -0.018507289192838189545 0.38492129744951408821 -0.016876477239439115208 0.99982858467242596845 0.0076148399814026284174
-0.157783427878626481 -4.5786735805195855065 -2.2174911602826719026 0.89991035896105497915 -0.00098251729317762391373 -0.43607382459218374526 0.08603566487374293692 0.98074158958737289726 0.17533909667611408123 0.42750346221332297114 -0.19530737086257113355 0.88266404746226889699
2.7474720880752609986 -3.7401336661318573817 7.4861330896886606467 0.91496737124180005374 -0.012580755420990791596 0.40333166768302886052 0.40223672782370656353 -0.051456746554653300108 -0.91408851760855214241 0.03225405947461762457 0.99859597827500734546 -0.04202080223360686595
-1.9947928650449888721 2.6169611726425032749 -5.4350610420715961268 0.99291942609377248363 0.0069716567507856919833 0.11858502977898771613 -0.0021294231226077053182 0.9991605163367385245 -0.040911222799462465538 -0.11877069858637359645 0.040369030158429068667 0.9921007320637542648
-0.35045320534014712255 -3.7487968892950092048 1.8331107958026906513 -0.19511856405993849295 -0.0060680334016356175797 0.98076089080348893834 0.47508593124216508263 0.87424724622646488026 0.099925524273355714744 -0.85803385941058241126 0.48544302594244143068 -0.16769903001764346895
7.2725511639863249513 5.8504969213697179953 -0.076274037882699263768 -0.90755922605698280403 0.0020648802934940266654 -0.41991902489415217081 -0.41951305770163394016 -0.048692955863707379494 0.9064423812173804107 -0.018575403535300665653 0.9988116600833448766 0.045057985583829132659
1.8206565305400310706 4.2747374868437697515 1.0622405959877725401 -0.89846076173280242649 -0.0044627406985207219298 0.43903114191596287474 -0.349791518571729243 -0.59707605044222367141 -0.72190448365664539043 0.2653566527559591548 -0.80217222211554661815 0.53488837424683366439
-0.088955761748383155307 -5.1170858667724328228 -4.522950265575540918 -0.77981381077580702588 0.0024424365523010162053 -0.62600675318010001735 0.50394859692804228057 0.59569934716127248553 -0.62544232303712343768 0.37138421099674345793 -0.80320378628052935266 -0.46576544046002199551
7.0471820047073050475 6.1601405247532010634 1.0156695603187686494 -0.98493133348063999222 -0.00070427923143640794486 -0.17294441973888904918 -0.10174833657159093603 0.81097770848909689345 0.57616181089913454105 0.13984829041847313125 0.58507662773730728656 -0.79882901508557480064
3.4244903787577105625 -2.1706175993790539636 2.5724032601362440964 -0.92724467549287492574 0.0075955529821824380177 -0.37437897823602755976 0.081022369484768902437 0.98017943387601791372 -0.18078620812894113934 0.36558540372009967756 -0.19796612079211534097 -0.90948157078929114938
0.51616762274166305691 -2.0330073190430022478 -3.6162153470682536494 0.95929165603495036851 -0.0039154462838139926506 -0.28239013428613440881 0.080030503099834768288 -0.95514766349959046021 0.28511060921118130951 -0.27084061223404964913 -0.29610405298069514268 -0.91595182874048142185
-0.9508407074198250708 -3.6662144259139664015 4.8826369936454936393 -0.99362041700693992663 -0.0057888319720077584946 0.11262751143186684744 -0.076095034876636616361 -0.70266520343286809069 -0.70743986143818715639 0.083234683720545224461 -0.71149708454002980051 0.69774199108047274542
-7.1810916817486178942 1.3097518459416015446 -6.9259568497915031671 0.9109671577344302662 -0.0041230460851182891557 0.41245828640018056266 0.21666762956171492505 0.85566898426006632317 -0.46998481643079220715 -0.35098999391621388266 0.51750709160973451528 0.78037967317482648255
4.8031243065966764405 -3.8492002141343810706 -2.1942775369511102745 -0.7739751092891983264 -0.012592986204709629913 0.63309078882823466294 -0.12779562462012228341 0.98233541262272627836 -0.13669460646026387884 -0.62018610797780848731 -0.18670445577387553837 -0.76191248688116453014
5.4020651865460020957 3.4956926278476694314 -2.3772950519287867621 -0.86400873929704768983 0.0066606508460151543638 0.50343275037349943801 -0.31296468484630024509 0.77615563765632211712 -0.54738974430787079584 -0.39438813934674016304 -0.63050619494550774746 -0.66852070549684761147
4.7170504989142472141 4.0321789508202492414 -7.0685447848328459841 0.99524052114628058785 0.001737051504042543687 0.097433504096590212162 0.03566040120465727159 0.92399900355230224491 -0.3807284822813084002 -0.090689805680652837983 0.38239093096769383173 0.91953930588050347694
7.1459632486680053631 -4.044613563830428582 4.1832736427312138261 0.99046759675488327268 -0.011418326079191415054 -0.13727185293464230775 -0.11568212869742984517 -0.60994547269898147235 -0.78395418580040121537 -0.074776900701941789729 0.79236111853346824496 -0.60545212276275228724
-6.6202116836602185046 -3.6531159296875639342 0.9121597273951118634 0.97843133150951200339 0.0037092051605000795136 -0.20653903097844267256 -0.082504751046828209149 -0.90961255871094937042 -0.40718295530399029047 -0.18938082156105309761 0.41544101245848646942 -0.88968739992900158775
-3.5223248855177065053 6.0243319005937694399 5.5111941651602656123 -0.99588442531451626394 -0.00078206218602021836117 -0.090628912575678233221 -0.03087500523577150352 -0.93722325103288073311 0.34736049253633916045 -0.085211181587843132235 0.34872907263676794498 0.93334189257227595515
-5.153888150514263522 -1.9825073610550580927 1.5914987160615499118 0.99762590247584814751 -0.0055585711315428868243 0.068641539872542678413 -0.0072583437053158643068 0.98269847702112256282 0.1850703101714498422 -0.068482663176538630112 -0.18512915909521671098 0.98032510898006419708
-2.1680587696088542415 -6.4213487759374237029 -7.2455154332836189113 0.35984703465137868328 -0.00010234483056929637168 0.93301130817266986206 -0.77451466371301458391 -0.55761225795947999551 0.29865633337802904856 0.5202279763199938456 -0.83010153553580356967 -0.20073438508398352975
3.9015427466764109887 0.029597092605841261032 -5.9825095466810491729 -0.82327841313130334377 0.010330523999735663487 0.56754377341839434834 -0.45130504386878067535 0.59452043785610042548 -0.665484189406509552 -0.34429117306522993847 -0.80401413497858320589 -0.4847936250653381296
3.7250144113316183692 -2.7638918962419820602 3.7456306571793454019 -0.99881689300958886868 -0.011210345457004302488 -0.047319577273508724169 -0.0018682958570504261397 0.98119382738155491719 -0.19301601637904364228 0.048593453357433258333 -0.19269925081066266448 -0.98005391434755362301
-3.4386180980392664353 -2.5375088548594284532 4.0458141136705751961 0.93445484475815399072 -0.0054089096613913079797 -0.35604056904288011731 -0.11137341023651047001 -0.95415735305963111923 -0.27781236310588836025 -0.33821606496496536831 0.29925656099488573414 -0.89221936994280770516
-4.8987695862645077582 -2.166050334652546816 -5.2345456679737916161 -0.7351252263809412435 -0.0027280632244063383191 0.67792585081950251791 0.55713086348120433033 -0.57218788538599030247 0.60183571244494848962 0.38625911315467281737 0.820118028998543247 0.42214963699671026465
-1.4068267304505248649 4.9873930741489118645 0.90929231353327866216 0.44138763111876117007 0.0070600887651487281849 -0.89728875744764879929 0.69904741570899631142 -0.62965761343239279313 0.33891591942154458694 -0.56259192109916389413 -0.77684068186051657978 -0.2828584192148100307
-0.75683958390371308678 -4.2365331332879287984 7.0430868340602099664 0.99775436755947055634 0.0029688260859930411771 0.066913437274513751229 -0.024798967493957047026 -0.91164556428872600691 0.41022844406976388676 0.062219235188589266938 -0.4109666059235724811 -0.90952471961362779673
-4.1638454954199319857 -0.98509166034646478138 6.4457441877686258991 -0.3510321465297162602 -0.01250891251623437693 -0.93627985090479981523 -0.66039346596054715466 -0.70556346702232164425 0.25702269183873166503 -0.66381993207449985217 0.70853632307114355893 0.23941465424984126331
-5.4161137419110856328 4.7278780774405104737 4.0662253591724715207 0.99985337242257699142 -0.0069409649496065149374 0.015654285700066390696 0.0072642317709820129409 0.99975957055254116579 -0.020688934852553408916 -0.015506920777086912605 0.020799617643630759212 0.99966339900680001307
-1.8577933655265610469 -3.5604291998322610269 5.8993798093374314462 0.99940317032075842718 -0.0053410047534426536436 -0.034128826832247875778 -0.032437073071381564149 -0.48487332688243989232 -0.87398266182377326583 -0.011880212257536510584 0.87456808228189686361 -0.48475718665177341959
-0.21024346025987544762 0.11671409014873623811 -3.6723332093188383318 -0.98887256164540560111 0.017278974986919048984 0.1477582276838328712 -0.1278743488961467667 0.40882782798716627015 -0.90360829896458660926 -0.076021100486919748751 -0.91244794048021926614 -0.40206908385751993773
4.2374440900421470602 0.46408617730693307868 -0.75674573443486881086 0.84586670667464380902 -0.0046020992930476479002 -0.53337447934963355678 -0.42856593527520536746 -0.60118791497116863543 -0.67446595912194762246 -0.31755433182547365689 0.79909443220107923 -0.51049714471700513574
-6.7292853991457706186 5.7201875723454804756 -1.5752130237028114657 -0.98670669354608442347 -0.0091582956766569894452 0.16225297079499068076 -0.015919937543735416391 -0.98816134508593422847 -0.15259001168646307844 0.16172957830932002676 -0.15314464306059250021 0.97487961400453959637
5.274959057997931744 5.731501812220140657 5.4491359717217981995 -0.6634454730801419009 0.015380287606891003896 0.74806654182792009511 -0.053131394033455667247 0.99629644497143377002 -0.0676050937817946479 -0.74633582201139436751 -0.084598111623822594418 -0.66017119014108827102
-5.5302349187141608411 -2.949071245843421174 -5.9525989390920548416 -0.96805129948680124219 -0.0070824911319252014524 0.25065218906149022704 -0.17396290520166210469 0.73888424756481396738 -0.65098922903098543902 -0.18059232867358349095 -0.67379515211971308108 -0.71650994675876122919
-1.1133756532671690298 1.4064850875909133965 4.8837864015672947104 0.86388793373460359692 0.0011336458136600433867 0.50368278985381220725 -0.1129405372048499917 -0.97409804936969113243 0.19590157036173000416 0.49085850609277786871 -0.22612320770201269071 -0.84138351655772047888
-4.9318443742315603018 2.5102553410137633527 -3.9375901029020390354 -0.61291556494013699208 0.011824812266491171661 0.79005992435314009725 0.75978975440599516578 -0.26567919155316999102 0.59340887781970397263 0.21691943055822815456 0.96398897347964707105 0.15385454057583816678
-7.2545883537890913928 6.7765304800083256964 -4.9062042214510048765 -0.94862093336069441829 0.018303553856983706405 -0.31588495485887080338 -0.1425951119345265361 -0.91593116037080046787 0.37514896176615009082 -0.28246231402150034917 0.40091780875648574956 0.87148146955605498842
-1.0562717370670826611 5.9699781022063493907 -4.4642772982365004353 0.90661623690061310388 0.0011976359130777148448 -0.42195445803595010847 0.23201167168074363079 0.83384659880250844299 0.50086967753035782636 0.35244514919646841022 -0.55199494140225890959 0.75570100004852236442
-0.030408145448823410001 3.5523082220863764213 7.2486766512283198338 0.94870873426523560923 0.0029197976688819619884 0.31613796404485117186 0.099632496909876230862 -0.95176535328959399607 -0.29020006519100394193 0.30004183556359448337 0.30681295125685625891 -0.90323901036924214569
6.4622378759652230329 -4.958968209999762955 -4.8329369339406937911 -0.91871738567359695349 0.004244739499664557103 -0.39489283033219324537 -0.35354606001260396875 0.43670911057180616943 0.8272184331802189261 0.17596462346367847118 0.89959276060343484893 -0.39971154143841297612
5.2961074893429147536 -6.7813707305540598114 -1.4878232221808664892 0.99786380714138989134 0.0055875588295857918364 0.065089181771439574842 0.035798963224488999924 0.78665513046989443691 -0.61635390802483114303 -0.054646652499551306992 0.61736738243254274394 0.78477465458488404604
-5.6114805873604396425 0.81801981430444881127 0.8013144045108804292 0.96922132496188639905 6.4113246684310756102e-05 -0.24619102162426881319 0.056183055670543942395 0.9735544884099115448 0.22143875530806889085 0.23969457126605878128 -0.22845492769115599563 0.94358616910124015753
-5.2971088500776897234 -2.7535788550397359842 -0.39656845638167709245 0.98140631713875770004 0.0070536279233949497267 0.1918121138333225284 -0.18444415603986261121 -0.24191968431521868044 0.95260444028125912386 0.053122443306356799397 -0.9702706388807059712 -0.23612050597786685135
5.1492997777606142051 -5.9698263563003575172 -4.159101462685931061 0.87704616600198548326 -0.0031359657353118124135 -0.4803958663644682936 0.058331750448681024546 0.99327501341905366505 0.10001077245510427149 0.47685158025402885063 -0.11573639633399716853 0.87133096867539561181
-2.7509516374438360842 4.2667534814871395099 -1.402386838460721874 0.48120127831948894537 0.0020242588272432471275 -0.87660779834541646682 -0.50497431954939198118 -0.81676972479987441922 -0.27908449123164891237 -0.71655164945690741352 0.57696024042093718709 -0.39200843694247183846
-5.8916059418743733644 -6.3856024949086389597 -0.64603928687271650055 0.32895453937876317774 0.010589360456237232808 -0.94428638477282766939 -0.8305517940232604035 -0.4726253332285023645 -0.29463369093734287363 -0.44941364962231500346 0.88119984103252058105 -0.14667723646644661994
1.1516860140782876343 -4.8737697638302064362 7.444208880195053446 0.99505338719056324326 0.0054670318690669614248 -0.099191069170591783521 -0.098888998853514986642 -0.040694334382666536021 -0.99426602931763208293 -0.0094721986052435092063 0.9991566857663563006 -0.039952405958688305687
4.5899902273402242159 -2.6871058119004853637 1.4656816745614984487 0.94619696491314098097 -0.0018355497672585237637 -0.32358605400469092617 -0.23566776614949785928 -0.68916861040308596831 -0.685206049618160562 -0.22174762137931144923 0.72459868699319041063 -0.65252182739006170387
4.6668966538969938185 -1.8516553876952228652 -7.087060286238973994 0.73239075369648365399 0.00461577931292674222 -0.68086891431551799236 -0.081342278392185773939 -0.99222238744876711802 -0.094224028737326631644 -0.67600829702436038282 0.12439223620007129611 -0.72631904417220227721
5.4706864121345448737 -6.9777946121818281711 3.9236805872293536446 -0.98436851906869471396 0.0013696493187014412325 0.17611570834881801195 -0.1689820469684769344 0.27447287178426205134 -0.94663071493416861557 -0.049635536350580357345 -0.96159386786482115017 -0.26995100817731570997
-0.40194388223069427157 6.9149790782159792357 0.89049848195886016633 0.95653036453675677198 0.0094443110930543076875 0.29147978781932520898 0.25141678014893514836 0.47976643420748210644 -0.84060321868727838623 -0.14778113674872558891 0.87734541293370738035 0.45653670391926770566
-5.3837470624374974548 -4.8036420978847100827 -4.2584753788411644493 0.99443034424917853276 -0.0035507128168118921342 -0.10533604736761714715 0.012381673182443438119 0.99644749714429226017 0.083301138072776101384 0.1046660623399411072 -0.084141415922925955062 0.99094159137706894214
