1125 14.717824617146108679 14.977075390850430381 15.033177056927090831
-5.6332401941043031002 3.2768099759595461506 1.9787398003005127745 0.71513628026982778429 -0.012855193471338489941 -0.69886682897573226825 0.39710313171645084118 -0.81533877177879376941 0.42134521477676112333 -0.57522969622814112967 -0.57884145604400483176 -0.57797349882333348692
-0.45906457905587449986 4.0666241771429501028 -6.3389852532601613788 -0.7448166501318609356 -0.0021964989759488129373 -0.66726556413362769771 -0.13858575264796754722 0.97869841019207703958 0.15147082574046305536 0.65271904127993796152 0.2052914934423030191 -0.72925527483247354343
0.056895029427470898697 5.3611902103016468857 -3.3303990840419208652 0.99948862648512937223 0.0071500985422823463283 -0.031166674792389364307 -0.028124392706607187487 0.66035001148840843932 -0.75043112999271455177 0.015215257528588830085 0.75092392318938050444 0.66021341816132417257
2.6170573193329689232 1.9478577430475674248 -6.8736686306947936131 -0.67291121933836084423 -0.0065084931150781229897 -0.73969461969514271882 0.71825088328888331279 -0.24493095954943824855 -0.65124841167476787973 -0.17693546717181662942 -0.96951867675233571742 0.16949152157284450015
-3.7678477306008835157 -1.5866028876811204551 -3.0031519095705094813 -0.98535838201219771992 -0.0065887630624529855763 -0.17036856282672105389 0.039413199393455805586 0.96338448092919681809 -0.26521112649817074614 0.1658778427395067312 -0.26804277663488013106 -0.94901928915167577117
-2.0847073252271273169 -4.3524945033192325994 -0.044572470959681288749 -0.98788317811911940947 0.0054123944459195227202 -0.15510490764533907404 0.092512927777208112112 -0.7818923201919352195 -0.61651095514914677764 -0.12461213658150611938 -0.62339001083691403249 0.77191755376166926172
-0.85713679396411390776 2.1085457201611239597 -0.40840469834347525868 0.99053495609382691267 -0.010907685584240954524 -0.13682661711581076136 -0.048153919399518990696 -0.96109587178301947308 -0.27198515637465092709 -0.12853676829072055443 0.27599954282012445494 -0.95252430497104823015
-7.2960734194295602251 -4.2877680199091390278 4.7916881319163460162 -0.96042478982666079634 -0.0044234835164825474577 -0.27850431932043412386 -0.2615176433386163235 -0.32985602953855069908 0.90708517902110841202 -0.095878805317801879537 0.9440208856643329538 0.31564508885800335314
-0.45729297975777999374 3.9954645339960332961 3.3026029726962349287 0.78315027720276220169 0.0072663849199959733641 0.62179003125452603218 0.52520255464355014574 -0.54308344567219346555 -0.65515085868279954173 0.33292329433843870223 0.83964728945373290347 -0.42913227494536665407
1.9553305959209135167 -7.4383066720030566188 -2.4163394056531455334 -0.98069564060043901144 0.0045451273821324762042 -0.19548760145939891864 0.1937244892015363984 -0.11334787483465300073 -0.97448606021542016897 -0.02658726745779498371 -0.99354496681713988515 0.11027926424121577142
-3.493651579522638162 5.5492163663748312885 -5.7946832625751376611 -0.92496739286717588602 0.0073459573644445354951 -0.37997547163321904184 -0.10410463507381156889 -0.96646854087473343942 0.23473556282698421205 -0.36550998220108371628 0.25667994937261345845 0.89471663475170781776
4.6215521838114508313 -0.71285857110979966578 2.9725373566121473523 0.97106455708305394747 -0.0020760148019231803619 0.2388081157322616277 0.052378684874222161683 0.97746629115431804546 -0.20448990935430161331 -0.23300235910373198744 0.21108135829442362108 0.94929161000848616414
-1.5471929381383109359 -7.2091800695610492866 0.1511541525801732011 -0.9919651362337090772 -0.014797422875354895519 0.12564316445032489011 0.0435046234920780997 -0.97246731632725125216 0.22894249585915601997 0.11879611202251247337 0.23256903265836445516 0.96529743023420910841
-0.86437192501781268117 -7.4461014817997082105 -7.3173613453208856683 0.58876362030691942184 -0.0028532919394684969072 0.80830022771759746369 -0.62472155850327693027 -0.63615667144749543649 0.45279980533810187948 0.51291361236031129955 -0.77155463066334895039 -0.37632841795115540284
-3.9168765065463619912 -3.1015916840983797087 -5.6695490453458896596 0.76116973621550887419 0.0013917044461656848109 -0.64855122837627210419 -0.59388142827119982936 -0.40035997250243293699 -0.69786584783351346406 -0.26062517496243703397 0.91635689312439916332 -0.30391538723664790478
5.8821363510946316211 6.5073922585553924947 6.9204600449408397722 0.88199443296093138489 -0.0044321720428464692759 0.47123897979361967225 0.436681179612541992 -0.36828351921208840603 -0.8207781654313571762 0.17718737990645777591 0.92970296618199443905 -0.32288856758036144079
-2.7913342218273715645 -0.46245547347391502413 -6.9873518900789397534 -0.57766698986191844511 0.007144856941481958143 0.81624126325683576955 0.24188095440542117798 -0.95355264705136433268 0.17952981144446780726 0.77961173203063027781 0.30114166154924149055 0.54910768248096253341
-1.5065352264921549885 -1.3942256201233271806 3.158656833033671063 -0.89387530676237569871 0.012342004817816696477 0.44814574736079593187 0.12802037744965735766 0.96502509249969303795 0.22877358633323827131 -0.42964836659549460185 0.26186684739227161778 -0.86419212870680395255
5.4837436489398800887 -4.6480480284589216211 2.1974989918632830133 0.66438255189059503003 -0.014342638210393117426 0.74725505249034651634 -0.73725727081705028088 -0.17667500553824563858 0.65210249121245911219 0.12266842042966692727 -0.98416473780931024162 -0.12795400533810444288
5.6798765748478299287 2.8630583592207043964 -5.5141081427599285547 0.98902859666061371247 -0.0095277925830478740754 -0.14741660746305090823 -0.070158988771714295152 -0.90848574422099492853 -0.41198467063912108665 -0.13000058185245380593 0.41780722075582060748 -0.89918684098610512923
4.8390173652808572413 -6.7880159577870671228 -4.7290772543416386142 -0.99835669456752140771 0.0034334474689504345356 0.057202463677270505571 0.049008624582908791312 0.56849335304194092977 0.82122680318140828248 -0.029699581289326527217 0.82268069078199868027 -0.56772741336457110961
-4.7018545610832056525 -6.2460018407221751247 1.7407540087668000872 -0.97576999236467953924 0.0047825918734863354445 -0.21874654012181707352 0.086938720071767700004 0.92592473479886039378 -0.36756638099801269837 0.20078491216377983286 -0.37767778899824600014 -0.90390536382116271064
5.2484562157075123068 -1.5067685317796393196 -4.2095529957092354678 -0.97713894486937880046 -0.0047883357279198393228 -0.2125477693615895336 -0.20862321399136771194 0.21409949330043928639 0.95427342075130650034 0.040936988207693154884 0.97680012224071788296 -0.21020391096988375046
-4.8809654502812378496 4.2576516121004006621 1.4559118217989555077 -0.85397159006239886647 -9.2903102660976157046e-05 0.52031962747471849351 0.028728539337000813525 0.9984661502894234264 0.047328825823098899517 -0.51952593235946109562 0.05536549552968143828 -0.85265905701567135111
-4.7118243861290736163 -3.9464231205231712352 -4.5057797106889090344 0.98795894513376969481 -0.0042248186000497147535 -0.15465857117502185281 -0.11196035381572873313 -0.70943292993683526593 -0.69582310761762355966 -0.1067801568810959334 0.70476029175112331338 -0.70136362128883877887
1.678802159705448771 5.276958389993435361 3.718558290907937991 -0.93628410240157222688 0.009748096196205853145 -0.35110832261642443974 -0.31047920037777632096 0.44444624128536835972 0.84027983716141074755 0.16423990295526233463 0.89575248435478904696 -0.41310136897543187073
6.9832959916378438692 -7.2577430398311264526 4.253735036817626991 0.95446465830156568266 -0.0011744472352858610111 0.29832170006071878632 -0.034759191659577304279 0.99274343663588837661 0.11511849378609123606 -0.29629211033804647712 -0.12024595498436482788 0.94749770219314788378
4.4832595322616795031 -2.2015508437024187138 -3.5807886192644367007 -0.99398866204895663934 0.0022808091872940196645 -0.10945929666996548346 0.10854680444206329937 -0.10994056276304510489 -0.98799325094087697696 -0.014287440759277464028 -0.99393554648625814796 0.10903209833694836595
-7.3273575748140702402 2.7446495272623461226 4.9283094821282817932 0.9988683908290554303 -0.0022134886020532215135 0.047508296864690914563 -0.045127048216205049858 -0.35950189924069619885 0.93205253819813482785 0.015016235282740941076 -0.93314172820132768038 -0.35919497180143972193
3.9620893866832038732 -6.5002862830242227332 -2.5008801594773419907 -0.94684689134274790945 0.015131381868041603178 0.32132850112810545928 0.00017853412789725024018 0.9989176676525274301 -0.046513023735937790437 -0.32168452322124996279 -0.043983343827589109487 -0.94582478979233608474
-0.63231308043209666359 6.5544467718484460406 6.5184024278748493586 0.6786986525625418043 0.012287111496106398884 0.73431407851191965452 0.53963579253969051752 0.66986575513563106909 -0.50997360863740404113 -0.49815795729846912288 0.74238056075543668033 0.44800642025814829683
1.2625370787976879505 -7.4718640868449099912 -1.4908033400611373498 0.95724807118734311917 0.00067235696833525555177 0.28926748546019392938 0.28696608217471458735 0.12370490345001561305 -0.94991976742448436255 -0.036422491535024810461 0.99231882215274314074 0.11822333657893434322
2.7078236425303514601 6.888770838178444933 6.3999473568837927928 -0.98875386671457865528 -0.007471199402772105147 0.14936523101605198027 -0.11246807987840166942 0.6954489327396368159 -0.7097194607446758452 -0.098573434887193694953 -0.71853668182690022537 -0.68846809280014886756
-0.72252566329676914947 -1.4560040188140499495 -4.6399120712339430028 0.98600605021661191785 0.0039581609555818780127 -0.16666253897705210485 -0.12802334082072658328 0.65831619225916260252 -0.74177477391355961522 0.10678058410369718756 0.7527311100062605842 0.64961048551207811741
0.36625928524983847323 5.4783149367457006917 -4.650826336721451959 0.96218552160449410948 -0.00027934418052071550986 -0.27239483104780548572 0.23135194155507676772 -0.52703148427719870295 0.81774940765449544156 -0.14378908565469264436 -0.84984571337826841919 -0.50703743678275237095
-6.5698333780349020827 6.5244257602489579284 -2.2238823527333217989 -0.99622260855362865239 -0.0026875560862180108285 -0.086794534670573755819 -0.068886142168121583529 0.63301306161050963084 0.771070141587396507 0.052869779870973847291 0.7741364484847931271 -0.63080705885681342959
-2.0334529455168000034 7.1867503682316682401 4.4673921906446585339 0.98786144702007283591 0.0040402242796094374119 0.15528502206962499499 0.10340344671013704247 0.72889100631413439313 -0.67677590687221911292 -0.11592018245264493204 0.6846178331755633506 0.71962555110146764203
5.1363998819011120744 -7.3596649076671134537 5.9751533583585851872 0.99117816530191926727 0.0093617860594357397291 0.13220514963654750318 -0.030182487636314706686 -0.95534812849137484836 0.29393701847193437482 0.12905371776409141349 -0.2953342349776406639 -0.94663764323074350848
-4.1188273664745427283 4.5471007337492377332 -3.856116502243189359 -0.91905359019571486456 0.0039376469120068055205 -0.39411291945983428775 0.38257226102505587084 -0.23149545019257358747 -0.89445420320688684424 -0.094757392548274990696 -0.972828017419710811 0.2112502901312353909
-2.1169929699808212042 4.0288009296276481308 1.6430683312527427642 -0.43625114987645663422 -0.0054601977560657490376 0.89980837986321571265 0.89839161172523462895 0.053776456888445692273 0.43589058795312046746 -0.050768555357836496478 0.99853807084410350914 -0.018554645291390520906
-6.936152430459983087 -3.0995238877999229388 5.2261052521412594274 0.86262179396850524604 -0.0041533895191969401675 -0.50583237334728503587 0.50336980648967555307 -0.091841264150616191975 0.85917636147279341507 -0.05002477871138651111 -0.99576499815698016338 -0.077133585163404766449
0.48697265196979627744 6.530963974621468715 -2.0625040493064039637 0.83002190680016063595 -0.0046556038567893585564 0.55771135866548526838 0.1093387152531201667 -0.97920303261121699467 -0.17089899435568867148 0.54690829174423183368 0.20282935260391277144 -0.81225093052813068795
7.2330503010095013039 -6.4884374404897338096 0.27050328379137150714 -0.99213875514578941939 -0.0012653802869785830184 -0.12513628310978233693 0.1250932256547034882 0.018081415814347589349 -0.9919802151743554175 0.0035178733777774615771 -0.99983571711305441188 -0.017780982875526731707
-1.7051695893539731141 4.4080992013212396685 -3.24389302845483396 -0.84954102871551273601 0.0021573088334918407924 -0.52751813859588436717 0.43781446546018359944 0.56072462961327351749 -0.70278473487896431227 0.29427628916185699648 -0.8279995385044560674 -0.4773030796815151966
-3.1177212991856473323 -3.4713242601044349556 -0.95869496866261916246 0.89881642918894466554 0.0030644685980046773403 0.43831453963139743735 -0.17550163718528383194 -0.91380582596757353731 0.36627597214793444769 0.40165682113633111028 -0.40613978069109391011 -0.82080587021224105104
4.1370620525199068851 -1.567345967269520024 6.5352965598967056593 -0.97383791494046878512 -0.0031181758820195745047 0.22722234133924229527 -0.064956549071477048818 -0.95436588917173659219 -0.29148995920645159874 0.21776216879247053959 -0.29862355326504036457 0.9291951416565854549
5.5056625668622141134 -1.5711440653310642102 0.88523778589143209405 -0.96203717370908570228 -0.0053138134011391554429 0.27286670699992410238 0.0085414795139057801687 0.99873443590242771961 0.049563793946408710167 -0.27278474944458341866 0.050012897634364367194 -0.96077426617318262281
-5.6407271610705747023 2.2074968936355992 2.2164487674756467861 -0.98861257852313344507 -0.0057660488568867813292 0.15037261142388189117 -0.13221504100054679021 0.51048275996465786175 -0.84966260051390463115 -0.071863429636265949152 -0.85986865535350864853 -0.50543203600629926786
0.20044725003618565906 0.46742853158549729775 4.0745532458930968644 0.73148459924979924995 -0.0071672981057400581006 -0.68182029223112228244 -0.67435826834611789504 -0.15550442973757191978 -0.72184437259374878426 -0.10085240192262330539 0.9878091931996811903 -0.11858242220748088647
4.512547144235758978 1.4043202076993295258 5.1989621892823505434 0.97511639552980733381 0.0020452617655366562427 0.22168408168673289782 -0.21997593932181808141 -0.11530616212215345773 0.96866664807673474868 0.027542717521766055255 -0.99332789444416391689 -0.11198702081294337196
-1.8169030777001913268 -1.0703281308805381311 6.4527610991876516167 -0.93281036666542982427 -0.016436756848284321542 0.35999257334781853412 0.33008128303650624558 0.36188779186436181856 0.87182771961468041866 -0.14460693769729948688 0.93207674529723083534 -0.33214721803136260103
6.1605122828830216619 -6.0208035734803591055 -4.5261112119828359468 -0.53090897609055509587 0.0048807294455610987505 0.84741479665316987724 -0.54526130916041370966 -0.76745954295845608684 -0.33718830741109101501 0.64871084763488717773 -0.64107880046229903659 0.41011243307009204173
-2.1746969317558915158 -1.9827912842894661605 -5.1655684393104017715 -0.86823747242299376126 -0.0019392787651616406538 0.49614507019464132442 -0.35628982756476484939 0.69836054443753281529 -0.62076574385742966378 -0.34528430351592359626 -0.71574352192025791908 -0.60703373923922199218
-3.4194034175525720443 -2.4584181237741127291 3.9737445527864569961 -0.9534598949559069947 -0.0049829721747993854786 0.30147868697277652172 0.11583665204889360967 0.91708037182779089669 0.38150420921733352309 -0.27838121120632375316 0.39867124500868839077 -0.87382214417498516035
-4.0055355019225755697 -0.48577391300940830909 -1.378791016303453798 -0.9788621527548221346 0.010620964426611615924 -0.20424514931532009032 0.12766183917728066155 -0.74848133495017821204 -0.65075198505201969912 -0.15978529570037539043 -0.6630708004020662294 0.73130415897359890565
1.4136353979621885113 -4.4107238537342139395 4.5388082777510554422 -0.93925839267435207169 0.015555331859342026724 -0.34285813894587890971 -0.21764570942367514328 0.74542334477669502935 0.6300590307513578292 0.2653752380312596193 0.66640983539613130038 -0.69675958143910832199
-5.2056497154505141367 6.2741811182493361088 5.4017358771056347422 0.99800275764528278977 0.012128667524057074739 -0.061995089776994187492 0.061975122272983629301 -0.37799619294624492438 0.92373045978643919529 -0.012230288288448179154 -0.92572769945715338569 -0.37799291859260270021
-4.3821164125462015448 -6.6943858565011495898 -4.2506757077694334868 -0.86340557951016416727 -0.010602496219920629766 0.5043990407848648605 -0.49505189881548905539 -0.17488190721897722835 -0.85108162711149104585 0.09723385598617412251 -0.98453232836777637704 0.14574522856237329127
4.6099148494134558618 4.0801017263813337266 4.3842705679155562493 0.81992369387579189244 -0.00031861564681256028357 -0.5724727370845748009 0.059088366007160816884 0.99470591061773916408 0.08407565869369285072 0.56941522742524741663 -0.10276210325920302757 0.81560177103180642177
-6.2765110053502439769 -1.7585281735610727161 0.45191969115898461551 0.98169586534482200513 8.5494646224467361895e-05 -0.19045529831283400379 0.079618553134149089301 0.90824282662632782603 0.41079904318106541528 0.17301477960453032212 -0.41844349746688097591 0.89161142066820564533
0.81623592131099709235 1.2817268597413356002 6.953789884541819788 0.78554176773804629264 -0.0021149426853783147295 -0.61880502434639061971 -0.59227210866703194903 -0.29227047553333057595 -0.75086065180331651447 -0.17927041148490849287 0.95633336036597105245 -0.23084328757210567651
-6.0859006158353299298 1.9276388205798948849 -4.5597045009759975542 -0.99808779880032250098 0.0030681116194755230636 -0.061735990936695663012 0.061615589016386355936 0.12897769570759470836 -0.98973141467778180669 0.0049259593997283968037 -0.99164274852441725017 -0.12892010790777197471
-4.4903355703274243638 -0.3181670695686115713 2.6023916293002953282 0.92500656372016021312 0.011714477565973484274 -0.37977049396971807038 0.22322673753574978628 -0.82558458592931394104 0.51824696345007470466 -0.30746167358517595414 -0.56415677120050700122 -0.76628614549975448966
-2.8394901420632971956 2.4092371110675592227 -5.3658616229603639525 -0.95641645240623618385 0.00065444236088266390106 -0.29200537884079619255 -0.039213141626207516366 -0.99122760288333522372 0.12621477253460777757 -0.28936119140362642765 0.13216433326481449861 0.94805205021771399299
0.052082635754742777345 -7.4058380182659719893 7.0915793831682547577 0.43462595609026466459 0.0008150062354198375509 0.90061068950877676276 0.6560004103387445662 -0.68544386612051622087 -0.31595912399101799828 0.61706056423008548428 0.72812501822326758383 -0.29844634008375187095
7.1180846212063766387 2.382060496303514352 -1.6043020230642419666 0.77234015770633324127 -0.0050957635525163405207 0.63518872312728369423 0.57733928832749026316 0.42264006607175308439 -0.69860913299545301935 -0.26489625695318508303 0.90628329331662094148 0.32936387978577635893
-2.6756796760697847404 -3.6700867429918959672 3.7841513007396234691 0.95332882754083636545 -0.0058797259408705721331 -0.30187675532001440049 -0.2742947209399634878 -0.43475960988323492096 -0.85775665994415040139 -0.12620044629132121106 0.9005273512986522455 -0.41608164693824645219
4.8903130775160814636 2.1842891848224956775 -1.2401257642589276209 0.97449119341312029352 -0.00063347802458379749019 -0.22442484859299927091 -0.1689157595547721713 0.65633911007727374631 -0.73531383691393603641 0.1477646105616125527 0.75446575223039469282 0.63948967824112656899
5.4245958926684822998 -7.3521475469126658098 -6.2509778042420460764 0.9975093419921593485 0.008281515423737112816 -0.070046621193908795155 0.036103642006561131872 -0.91307623069004473226 0.40618754779381088804 -0.060594056410270207003 -0.40770481166059757694 -0.91110106293227521856
2.8968793101844290128 -6.328019885451004356 -5.2062576615525051338 0.99964924757188056148 0.015379041225854754582 -0.021560772709901563499 0.0053314755658991977438 -0.91431118734110661261 -0.40497731797128927456 -0.025941418565014959241 0.40472032046076322764 -0.91407248345460545558
-4.5348600118884574428 -0.34728175448947073978 -6.9713663336793789682 -0.85261649041859399745 -0.006629406434179734714 0.52249513991664253698 -0.16150558897245592682 -0.94761628178312129478 -0.2755709114370491486 0.4969517733108920754 -0.31934218867836633438 0.80688258224673548025
4.7888535520935215928 -5.4801515452134959006 -6.055949186816262042 0.83592202025105155627 -0.0066266168518107565824 -0.54880822152049513196 0.49702913233447065799 0.43327208343291240267 0.75182268077559688546 0.23280124069734595138 -0.90123880834489122904 0.36547529692577707117
2.8218079596257008568 -5.1613439981927564659 -5.6579238422596098701 0.61458286491928981743 -0.0019707636514086235985 -0.78884980714843211391 -0.68593484387088121679 -0.4952044437909781105 -0.53316596741862964937 -0.38959118587485286334 0.86877423703762124418 -0.30569598124338193124
5.5922247877660433701 -6.2007133245850907244 -2.098558114097688776 0.97402440435420734044 -0.0068135964919163304748 -0.22634052802198245669 -0.19868864459287449709 0.45376588310384669001 -0.86868829037858830144 0.10862450106793282434 0.89109488733456687637 0.44062525975463745498
1.4843682902289794256 -6.6526946234859405394 7.4758283429097316386 0.93498573757547198682 0.0038039576668932265774 -0.35466491289186763414 -0.27534439961824036525 0.63810426464549840908 -0.71903296797868254675 0.22357802246512631372 0.76994056741250849196 0.5976657849695102831
-4.1462627513139116431 2.3793773610382649153 -4.7783331427894353283 -0.69221843665775861787 0.0090599499661843663212 -0.7216311753643385174 -0.53884034042831130407 0.65868888488191812414 0.52514763682204057549 0.48008824551131712433 0.75236086437253146819 -0.45107472361276101935
2.4854960788852840103 -1.89144789136056235 -5.5539291675051281061 0.99912052699613507212 0.00082904545317184601128 -0.041922371338505640126 -0.03190542113148282094 0.66376107598811784349 -0.74726386109972264826 0.027206922601304858039 0.74794421361942431403 0.66320376708500927698
4.1945130653345161775 -6.1999372320799261971 6.3092329769689872165 0.95748544058057893924 -5.3606949526633848602e-05 0.28848159075165585863 -0.27914718563372553639 0.25215123020175633783 0.92655091919464493966 -0.07279065756693331446 -0.96768783925091950149 0.24141616751367089844
-6.2103810299041084519 -1.4724680946714929775 5.6235118674669708483 0.99895132139345155231 0.0087901727716754515796 0.044933176484917611293 -0.041751743527198646733 0.57764706144361277484 0.81521816976685124168 -0.018789608798933508937 -0.8162393063729295184 0.57740830036720180996
-5.3481833176810029684 1.391209527145043312 1.2714188142862539177 -0.99369494389060064599 -0.0036763799875457105898 -0.11205731888812901775 0.10313978551572997033 0.36190915949746310654 -0.92649012132649266604 0.043960699835058639207 -0.93220611696234612076 -0.3592481208969401929
-5.9777611954960852003 -4.8662083202719195185 2.1887603243413389364 -0.74736730508578130827 -0.011682059982859633804 -0.66430839281413056607 0.44101687253039262293 -0.75654255646673773672 -0.48285347508150927576 -0.49693684652313868666 -0.65384011021749277592 0.57056715716764716539
2.27064419704644882 -0.27465449791001328439 -3.7295251578701673623 0.92727354874756540148 0.0067345998635626649204 -0.37432393853156353813 0.11522152413629606349 -0.9564427985973792401 0.26821851797908308201 -0.35621309095648395759 -0.29184211172454099792 -0.88766007889017406463
4.2934656438398581813 6.5938939797022948497 -6.7201407312254817228 -0.79375259887162152861 0.0028689557403855136045 0.6082339853031279997 -0.41351322024431746982 0.73079655338081284111 -0.54308674652393051918 -0.44605339194752086085 -0.6825893103907575421 -0.57888531236542140057
1.611206904111426752 1.5710437066981988163 1.1292051673703558112 -0.99302731037526059676 0.0041995019157563219167 -0.11780969838048981069 -0.0014142170065912739157 0.99886896594086937995 0.047526717437765875207 0.11787604014008563891 0.047361936867188494937 -0.99189822365861157749
2.3035936780221972775 2.444841264262795022 -0.81554953817918318659 -0.9824286679354636842 -0.010691352495073806056 0.18633198168932185723 0.11007721503077844138 -0.8394233385359213262 0.53221374038268165485 0.15072132944455218784 0.54337294163672023029 0.82585042661943885989
4.0811500158404268035 2.8868098903815297973 1.4606552421193785829 0.9118201973451065534 -0.008240161580443106093 -0.41050703702929697281 -0.3078033621445371848 0.64796966867207494989 -0.69670108277046316481 0.27173703826671091743 0.76162156496401745009 0.58829548172322843058
1.3406452286227052983 -3.476821364373024803 4.8845370742904172801 0.9715584680777866744 0.0058503690681802264506 0.23672751485252038761 0.12400782765563422849 -0.864223787566594015 -0.48758517582496685439 0.20173299627628168973 0.5030735713450771307 -0.84036943068360769882
1.2509172331826630131 6.1986772959110485459 4.0871058011391339093 -0.97883091833656377112 0.0040993940628072586541 -0.20462949024186094515 -0.086581531591468960385 -0.91422805348724089924 0.39584176712958030198 -0.18545530915995978027 0.40517929510937622517 0.89522961698057545998
5.3422610084655488549 -3.8833219576338211532 4.4728212010580499225 0.80488644536347953018 0.0073214277952400111382 0.59338369270245283627 -0.34849064225612003121 -0.80351300735232999983 0.48261902083888719162 0.4803249757509164275 -0.59524217232206300121 -0.64418527921651780321
1.8696637005192540126 -5.1629379354534492563 -1.2480051009209991442 0.86605791117612018759 0.0013718247943918107992 -0.49994180919991720868 0.32076625163805383423 0.76550780386368644237 0.55776949901700789702 0.38347451844855029446 -0.64342514741070822026 0.66253405450606428495
-0.26171623115480840971 -4.3910871494428471706 -5.9732984891893767809 0.99004040158995931797 0.0010944217822124856915 -0.14077927923032307334 -0.14052970960640701059 -0.052337523469860869341 -0.98869215853829472973 -0.0084500850649483986304 0.99862885291684289069 -0.051662463979039875694
-2.470383997572422885 5.3404016036136630063 -4.1676017104772968835 0.99812545395948415461 0.010297538070232002683 0.060328590798667224016 -0.04624154347840342405 0.77262361882956853698 0.6331780660158448093 -0.040091118901710659506 -0.63478083173367405578 0.77165147433849401448
3.5114672585434973939 -4.5808971334355961247 4.315567827017251723 0.99396793846250908189 -0.0040110050579104097532 0.10959766944072493744 -0.004048281599333703254 0.99730804687975771472 0.073213871944373593026 -0.10959629886318728031 -0.073215923591944731541 0.9912759856912231049
5.21781257683441968 5.8195442874692488999 -2.3332811804017201673 -0.99997403017306663031 0.0061594768841941706719 -0.0037416338324098314533 0.0053958623092991977663 0.9840421742766847224 0.17785354625287705388 0.0047774102987501567211 0.17782873808608634647 -0.98404985456090332541
-0.19816339018037809616 2.6003608667545807798 1.2752149421441385524 -0.99653130703776959809 -0.012951873391038502825 -0.08220464140968447575 -0.062892640076459310761 0.7640935353463579327 0.64203238630623149508 0.054496512896184630403 0.64497544001113693568 -0.76225770698935779723
0.17600608864477276794 6.575691622233793332 -3.3564992041807779621 -0.9071207503108589254 -0.0056358173351637843099 -0.42083272439118407648 -0.3079751105656336474 -0.67261523443884896345 0.67285962701966062216 -0.28685061552592466816 0.73997093453989182255 0.60840754466766766573
4.4680816798875087059 4.8385251417227621573 -2.0599621100010763186 -0.94538185803941221508 -0.014828943257224331057 -0.32562746341769521763 0.25801993888655849752 0.57641914463155707882 -0.77534939275082992438 0.19919551608142110899 -0.81701962775936964878 -0.54111003892831599504
5.814900363156780827 -7.2254375771320811239 2.3245978024174855925 -0.9999374392112247989 0.0031374945471930957425 -0.010736563310155714662 -0.0062839350966978069213 0.63650241997233136804 0.77124910471849916771 0.0092536383896237965618 0.77126832263310562965 -0.63644288406682925086
-2.8813707947649400687 -4.2614567704253962788 -5.982016505312408583 0.91825729261599597919 0.006185543992467849167 -0.39593595896694561143 -0.21119204107691932903 0.85345132210331808853 -0.47646485975961677672 0.33496487329767798968 0.52113585545953355904 0.78499423807507962003
4.2752811853177448143 -3.4511658691832969303 -7.1030142884085423205 -0.58380678419390574785 0.0055523068053423213844 0.81187364202700518234 -0.5467986930540145174 0.73649338291659161015 -0.39823195024302793232 -0.60015067108476438662 -0.6764219606200931878 -0.42693383935603190782
7.3074829319333485245 3.118308110937973332 7.1879704701402706846 0.99985551543003958752 -0.0083940993511013445305 -0.014781317942357014017 0.016858038615449873893 0.60121145876506021377 0.79891212807396816409 0.0021805499467997388127 -0.79904588162743317437 0.60126610103700206533
-5.0930888544099319759 -6.2956947301315233645 3.8161552081059193497 0.9811255271410933565 0.012285424893441790686 -0.19298126418697172935 -0.10662110917795557252 -0.79820051479163178776 -0.59288099755691370252 -0.16132153938541241023 0.60226655769813652874 -0.78182501521036773529
-4.823719066596334315 -1.9030719919528897854 -2.1325958355958092305 -0.99721005181909305737 -0.0019434504342225400811 0.074621280821015087414 -0.074629228702960348496 0.0044012077797654924893 -0.99720163838279307633 0.0016095881954434933248 -0.99998842611829941163 -0.0045339668450664512289
4.4531789090053361946 3.8856210326337556893 5.9853491746952949271 0.94978595459494685738 -0.020365138777749390575 0.31223693179492556515 0.0026453663167011706205 0.99836667790085520391 0.057069943878027058759 -0.31288918564118267662 -0.053378250062717048918 0.94828852145801278972
5.5398325583141163619 -3.6161428367394661265 3.2106159233726354607 0.9779723045038333229 -0.0062000930845178010148 0.20864259025701739625 -0.1160451214072075049 0.81470232832328814965 0.56814931666080747963 -0.17350418271908854551 -0.57984625123420152626 0.7960368229603356216
3.6445584976275142708 -3.4848835210838808862 4.8015231498264361321 0.99273960212664558167 0.0054365622588830823242 0.12016041844203487199 0.11858229309413745312 0.1231763988075232491 -0.98527448690271468568 -0.020157433713021470634 0.9923699000713964713 0.12163740912446166509
-1.5041230555308504613 6.5367558807954155853 7.1264915062891951436 -0.82339018586774526121 -0.00029999935066183074789 -0.56747556054605663434 0.4112726818020978059 -0.68933710655706936787 -0.5963800254257947131 -0.39100304732825674758 -0.72444065562616688503 0.56771678983104867378
6.1416946860879519932 -4.5438432928487602069 -0.16723048343831123375 0.99861150681627730563 0.0023616338756365391066 -0.052625859987041910537 0.047933437800185475786 0.37363424634721731366 0.92633678297750166042 0.021850491861564975277 -0.92757310905493894904 0.37300225651241974978
-2.9615853241839040777 -7.1207361690589197067 3.1154188558591702218 0.90599021516960287492 -0.0046799173063745078127 -0.4232727588575028177 -0.17207424958996991871 -0.91766318898103627077 -0.35816856955510584237 -0.38674563041474652181 0.39733156175043843339 -0.83219916329686627332
2.9825730182072724972 -1.123268686592133303 -4.6674601852483972309 -0.94684070861357927384 -0.0034446256411390175148 0.32168432828850196392 -0.27010346495348824813 -0.53465312125238295682 -0.80074350334876476243 0.17474779178107396893 -0.84506459782030163286 0.50530093486793425939
6.2720618033840187522 -2.699152491199897419 -7.148832622586937191 -0.9995183471341648751 -0.011846779242318760533 -0.028683227916654598089 0.030567441765553746147 -0.53539850346586226326 -0.84404625109667563709 -0.0053577276940779839515 -0.84451648670002354979 0.53550275297695804078
-6.7849146757791372053 -6.5415780843092603547 5.0050285384953054901 0.96722085765747189967 0.0071122384944419360722 -0.2538370118323797775 -0.035356000580227045504 0.9936431321289050933 -0.10687974174726008747 0.25146324927381541459 0.11235097701661708736 0.96132382277153727301
-5.889307920796302831 -5.6121209980384882954 -5.5134479141824330739 -0.87285499077155848102 -0.0039708542938827447524 0.48796352056410424725 0.0099522552785116045332 0.99961404381759544346 0.025936769602605928842 -0.48787817915954623249 0.02749537631543350763 -0.87247858803593247856
6.4525727144830771209 3.6507586593871645952 6.0570618519880303765 0.64521842454389177757 0.0089618394099308384959 -0.7639455936540777703 0.75844870104045636339 -0.12781590326070824126 0.63907641386917801718 -0.091917095903119902522 -0.99175742009240464014 -0.089266271192911958443
5.7329685580414926349 -4.965555358007132547 -5.60757237397668451 0.90099297372417153085 -0.0069855290711946507395 -0.43377743565510828994 -0.37468556271205538666 -0.51653613420671584677 -0.76993580976202380395 -0.21868331073732244496 0.85623689738437602781 -0.46801280448574378301
-3.6731489205407168441 -5.4882289962436461295 5.8875315525486753288 0.61135469119082297418 0.017102997644168178859 -0.79117187072749917132 0.68759728504542905192 0.48341955580270629111 0.54177071410849864108 0.39173385755776790607 -0.87522169793670401283 0.28378083850715057901
-0.065250336657155835751 4.9240294318659199035 -7.1597042473351253378 0.99941856257809758013 -0.0069637225815016839253 -0.033377287818905559957 0.0292569345281058317 0.67784949048654796755 0.73461833630059392153 0.017509099244634077075 -0.73516771883355247486 0.67765910060195611031
-2.9569856078471170591 -5.6824473429681257031 -7.2362178322507206829 0.95519013856841694654 -0.0061659482449079672586 0.29592867428444208366 -0.22391314071637805072 0.63882079927368307093 0.73605087584344319751 -0.19358384384048371585 -0.76933085697744008069 0.60881469094163520595
-5.2357910380046170928 -1.6627139474150227638 1.8926488782260113553 -0.94944403673500255003 -0.0035582602475527193645 0.31391616698146396214 -0.23269121286529770298 0.67921184840419779327 -0.69607906479264791688 -0.21073874955395938136 -0.73393365079634187431 -0.64570161503976664097
-6.7503404236964978935 -0.22467517406448841988 -3.3686710182801342661 0.9464993109117438852 0.00064632577845958293083 -0.32270518543498072361 -0.31129420998386486685 -0.26175026695775865937 -0.91355498607257279442 -0.085058622573878570061 0.96513542055539613962 -0.24754524983387557469
-0.034828708580798582728 4.7261220459690660434 0.49154811592586944435 -0.86001183678322512538 -0.0084804624580120790273 0.51020360871856773599 0.4394764602531686104 0.495791821117511744 0.74903331768102765498 -0.25930692523766324387 0.86839999531861244986 -0.42265987111902336704
-6.1775216457189374708 5.8622885843538892203 -6.0064290023438227095 -0.9919688033965907703 -0.0031827010609073022249 -0.12644272814858792398 0.12275155664453835103 -0.26524879859647004787 -0.95633421468878554439 -0.030495055812974181109 -0.96417474829883431653 0.26350921485573775005
0.054616119358367069825 -2.8411573495789337329 -6.4888292824306708084 -0.65938846326248357066 0.01075424810699248529 -0.75172548224999280464 0.11544641104300089329 0.98948671795285170205 -0.087110052072968083281 0.74288557712045799608 -0.1442233723865258832 -0.65369766571701282132
-0.24889262441163240158 1.1958518692350834645 5.9561674667419453044 0.90722930649321487095 -0.0065017683068549405462 -0.42058615342009725291 0.22906879636911642306 -0.83097421807886284739 0.506960881546493769 -0.35279239216555519087 -0.5562729329180006177 -0.75239481134111607652
-5.4495924637954287206 4.0401727249069274706 2.7816532870230181729 0.93245134216496317059 -0.0045809880235971227672 -0.36126653462982399878 -0.28292055125469417476 0.61262255746689553426 -0.73800376947572920994 0.22470081480145126518 0.79036233249781884247 0.56994467029357520627
4.7450567288181728642 5.2553351342714114125 -1.0502134043613120529 -0.99999506111301528222 -0.0030903283774810635931 -0.00057238115194756071513 -2.3024531907794246882e-06 0.18283973175186318816 -0.98314273251016004451 0.0031428879016554781695 -0.98313787556145670887 -0.18283883584234097985
-0.36760823406403314584 5.9918048160434418392 -5.5239931186398889551 0.99995553315763929803 -0.0031904689293606120284 -0.0088742670356871927034 0.0073155075876658107181 0.85627630051823866442 0.51646624334950197444 0.0059510550446936656688 -0.51650819749431342576 0.85626156451470736286
-3.6115735350989188746 6.0355287936018164885 6.9822852275452840232 0.95735395546692836355 0.0082699070527672245701 0.2887992600218829975 -0.10660303569577171678 0.93916998236270243794 0.32648971960711259399 -0.26853155630631292405 -0.34335310231020171878 0.89999969466762186343
-5.1625647766761124657 7.4118847046384557231 -5.9117528698877732651 0.99802296641372179042 0.0033664018867303651186 0.062760065720095209452 -0.062465988376207301491 0.16338662391330713297 0.98458255693586471669 -0.0069396546772700368894 -0.98655637368799775633 0.16327388869142922534
-1.610485460833893212 -6.7658265301106608192 -3.1401589178219286858 0.99805793543254517353 0.0030239625195959303483 0.062219074011137007196 -0.019907260748632533975 -0.93095952492271627499 0.36457929717033249473 0.059025913712563396474 -0.36510987196504746111 -0.92909134260517800552
-6.8453661902127178607 -0.83639834135139778937 1.2376303700590352008 0.98632099511335202813 0.0093223566202428418542 0.16457213696573669282 0.15216360294891895233 0.33239991479595398793 -0.93078275369777152548 -0.063380853071192150283 0.9430924611673024982 0.32643449136587759929
-1.7644973251500484235 -3.7172717986699850279 -3.0923532271047915465 0.95123671643714857726 0.012721380621573203512 -0.3081994091118914203 -0.26907896477924586609 0.52273212886155451251 -0.80891756821643390207 0.15081518496223264569 0.85240206940794283064 0.50066504976274406324
5.8264586919031939871 -4.2931725095975137307 -4.3031188240869449046 0.9793252410677958375 -0.0014817536543010947914 -0.20228661995686150754 -0.17524252649961741257 0.49332283719926645071 -0.85201093608230737964 0.10105507960261270184 0.86984503372943677846 0.48286384021036360403
1.2211859564309530679 1.6263782037952299042 -1.0780678805536947351 0.28988582555768438453 -0.0072166327128854526607 -0.95703402674780069237 0.79784901419472753492 -0.55046319741653282342 0.24581948425324076646 -0.52858599933151317884 -0.83482823892241597719 -0.15381369512643297548
4.4481467219611561248 -5.4804051616467024388 -2.564178381204054169 0.95539240186955065592 0.0047332482484592200075 -0.29530146428864534336 0.18595289001972040155 -0.78644043855328993331 0.58901015212081586636 -0.22944908180972262146 -0.61764798467181891706 -0.75223938070771856346
0.91780127129020749877 -3.3527820418494003185 6.7332578921975834163 0.58261411033476495636 0.01330766119063539997 0.81263996000226745853 0.38351222892119513075 0.87704826430775872925 -0.28931766683493825854 -0.71657460791372906694 0.48021791743799074892 0.5058770434252629622
6.3437727853865499839 -2.5261891982330095807 2.7014046386006369538 0.80928683405504875381 -0.0025629967604819600679 0.58740807899862945707 0.57625875232290790784 -0.19049071607473988532 -0.79475728210612051061 0.11393274593593703814 0.98168565138593832931 -0.1526846792135799491
-2.5707863470473397705 -1.4411649467287028781 -6.7496245362140134816 0.44625921066379214963 0.0087004538510242791782 0.89486145240503245368 -0.68537670296455199814 0.64629216732677885471 0.33550739110425098488 -0.57542288095900639977 -0.76304045538542586424 0.29437692082413413619
-7.0905240688934449977 5.245996496180147517 6.5851132860600296581 -0.51507174999671823112 0.0041355773427614343427 0.8571370890092852024 0.85708376979410039187 0.014637349960872150095 0.51496908600581481341 -0.010416521051980189017 0.99988431580163916745 -0.011083821678881047509
-5.0626286123620021229 5.7575480129382219374 -4.304624485814017909 0.90407309137310043479 0.013223794011196488701 -0.42717323971322945786 -0.37538486569171075624 -0.45322948061214662907 -0.80849813884366850125 -0.20429891841309494316 0.89129578097064410258 -0.40478856549960579025
3.4830056531675834819 -3.3087743574661550028 -1.2089511311071547972 0.99823062145281205026 -0.0066338479635852654059 0.059089918388571367747 0.04677379811237419166 0.70117828660226411142 -0.71145008412943100407 -0.036712916039349154096 0.71295511952635570729 0.70024792704959581968
