1125 14.717824617146108679 14.977075390850430381 15.033177056927090831
-4.4458794735912290363 4.2781915854281660216 6.5996524653686092776 0.90522223209571950342 0.010480608921292787483 0.42480921289002493424 -0.18081220359010302667 0.91418202617445842861 0.36273705359736585496 -0.38455124177734895108 -0.40516833520917117095 0.82943291626945869766
2.3720645194103346931 -5.7734051903291314645 5.4226075087727583224 -0.86421226782635607311 0.0058426664938293817325 -0.5030934499540195004 0.083439826068577208074 -0.98442141524823556509 -0.15476521775343035636 -0.49616020755808248888 -0.1757280297757834453 0.85026155269260805802
0.17454624889867689785 5.7958073908333833657 -7.0303575556065389662 0.9245564000433200702 -0.012491891364297409706 0.38084040724298173775 -0.10268085354221063998 -0.97065838253864267227 0.2174372247876017461 0.36694973150926663008 -0.24013799586412035159 -0.89871109789950576197
2.4029099491638041819 1.868236710428276659 -4.5383393071373188121 -0.99298504851243529767 0.00064036071784200759849 0.11823824833315912941 -0.051197208075925558501 -0.9037121091914083193 -0.42506854692622181302 0.10658113958842342639 -0.42814017989320463098 0.89740539726759827044
-4.3499669107840972515 -0.45271455429857715425 -7.3270146632511004015 -0.52094628622534722151 -0.0018071619625718289386 0.8535875473750156317 -0.67896845347749534838 0.60692480087663736033 -0.41309094066955120983 -0.51731692998627232249 -0.79475720836393382029 -0.31740222699766412751
1.46186326555093693 -3.2869747687150789872 0.52846521341826302454 -0.67989180077027322469 0.0041120603654910842933 0.73330091381703699227 -0.30773435813003630068 -0.90927177821369953303 -0.28022205154178719821 0.6656175358804728992 -0.41618256126798824912 0.61947184893653062243
-1.8989053137825409046 2.099202827994212317 -2.9283357482374881009 0.67558458561317780156 -0.0020334941052120528854 0.7372796840979316535 -0.077107531299915987866 -0.99470720691057223917 0.067911715756216420314 0.73323931720739121687 -0.10272992466575690818 -0.67216565389755078552
-7.1448651744921489737 -7.3839734396020615392 4.4786390634491821672 -0.9904649794607951474 -0.0047783312580427957095 -0.137681850700315217 -0.11414015485127614047 -0.53116715131588132515 0.8395436155516575738 -0.077143693925043874127 0.84725357769278497599 0.52555706214851460878
3.7507934353499545743 4.2016349102223289336 3.4497244038844905312 0.9583439524147010502 0.012338097184972272868 0.28535003106380496529 0.24926569278179230849 -0.52388048898470740422 -0.81450343625011123461 0.13943989125153238851 0.85170241552961600817 -0.50513316274889152879
2.7974653858488758296 -7.4371135735365108133 -1.1793323408791251961 -0.77844317238774529688 0.012166996255295050092 -0.62759715707213969971 0.58884708903743931963 0.36050736452852055747 -0.72339031362946781822 0.21745190984456627681 -0.93267700964639710381 -0.28779899684000798121
0.91782500153706381152 7.2970876691692536653 7.1691318913087185294 -0.48596373688792721124 -0.012436883722664476143 0.8738904796101146788 -0.85595487485353516366 -0.19524828464701496356 -0.47876858664387567099 0.17658000635533979694 -0.98067498758033866402 0.0842381747776150408
3.390478904664153692 -0.09463753526275593686 -1.4424087965190379723 0.89941363267491281075 -0.00092513705840457146484 -0.43709754229454389485 -0.43648433189654495257 -0.054894509085478285226 -0.89803564566277827019 -0.023163448951197401771 0.99849173105918431759 -0.049776677661312641876
-4.9484326924980015505 6.7152177757835254113 -1.6134906053671298487 -0.83679295254063401632 0.010408408569935429649 -0.54742051442142913853 -0.10897372075938135949 -0.98298206457855252793 0.14788843396590434232 -0.53656526421507988456 0.18340644958142543475 0.82368670712218761132
4.6472661023972365868 -4.1885234529328148056 6.9038707253354152371 0.91074886986423075896 0.00057389291557677097472 -0.41296024831459110516 -0.019742702871588989344 0.99891610199934233183 -0.042152661243259330337 0.4124884504133850549 0.046543440069260727521 0.90977304118238677688
-0.3794602518165368088 -3.2238794192842452624 -4.1642044107325224545 0.89043634141147298688 0.0066354757978495902682 -0.4550594382657451864 -0.16939716809750884896 0.93288085820586374997 -0.31786459984344428431 0.42240705644468840019 0.36012397150704666959 0.83179504916275626147
4.1921210876143497615 4.9476736508424687955 5.5466055209901758971 0.96622622250152034873 0.013764514784360675631 -0.25732746663200978254 -0.031590404140363327612 0.99736761612583901826 -0.065267791977590888797 0.2557517024707717801 0.071192530760815872504 0.9641175707593808708
-0.26742703494398728514 -1.6832951244726774842 2.403469492482830816 -0.74397918047860600588 0.0034124985379965777632 0.66819408398168433916 0.66692877557120855414 0.065513758975451363842 0.74223578174327498047 -0.041243027646746532877 0.99784583089711431647 -0.051016766184183562349
5.8671460773267982702 -1.9010754453919675999 1.7730538394447441508 -0.9664685616006480906 -0.0041081796065951733943 0.25675210281121335631 0.15822409432020859144 0.77798232298450031852 0.60803671032292105902 -0.20224652138965901194 0.62827273375823311508 -0.75124544364801193463
4.5646461762827152953 -4.7011515934098655478 1.8338085634752832043 -0.94477991588018284119 -0.0050084594315035115691 0.3276672487195196326 -0.32159559522461639292 -0.17800907960937872865 -0.92999410788930469973 0.062985583123601904254 -0.98401609890834240701 0.16656870476723273367
-5.3570096662037185453 3.0389392710343621218 -7.4461915843686758976 0.59739629298760088538 0.0039118571809807030012 -0.80193663496431832893 0.41850581862752306295 0.85149858563181513027 0.31591618895165357594 0.68408372945092010831 -0.52434230807786008643 0.5070449635489318041
-6.5519613814453903089 6.5612784074539343138 4.7340417839681032675 0.96676764191068687015 -0.0020854987798154343143 -0.25564815127303164299 -0.079733770264097697522 0.94763086198784329817 -0.30925438604414379196 0.2429050276012085785 0.31936092450846664814 0.91597256916521330172
-7.0065639010751183946 -4.2367136365912356766 2.1557890622105633227 -0.9532969894702907343 0.00077829621182661868142 -0.30203351489790419837 -0.1329285013746605848 0.89685960939827846783 0.42186829052717833566 0.27120999868895673268 0.44231463381290897496 -0.85487010786784112248
3.0803200665913035294 -0.54016277444989035939 5.4794271028277190538 -0.99897545936044807036 -0.002548987199624629281 0.045183340512623820784 -0.039814025450075819779 0.52415195795191837913 -0.85069358076371870414 -0.021514529348314204854 -0.85162094128753840216 -0.52371642841092991283
-7.222073755658641403 3.2816191377229317894 3.2255668566663189267 -0.99980243340111241146 -0.003348542023403953613 -0.019592892375998850751 0.015946400237345666889 0.45332574798158048468 -0.89120226578282135677 0.011866190829802883075 -0.89133863008583735787 -0.45318278876403600419
2.6179912619419467568 -3.3567176343946418804 -1.4190482194152767015 0.81524270292858969089 -0.00034240487019557286352 -0.57911934700936174014 0.10900779611762009824 0.982215485928266685 0.15287262537236592785 0.56876764650187194849 -0.18775681601902485807 0.80078133240678817106
-0.37357276743815609477 7.0493873872259182889 2.983458073558399537 -0.094680624334726723457 0.0064737796891039828956 0.9954866496101330009 -0.80356230912898896079 -0.59077835122839450488 -0.072584812922916450151 0.58764206343894609397 -0.80680792627259689809 0.061137348493521627424
-3.5636511061964872837 -7.1544447290390182914 3.8962302187156998556 0.93111457310568201962 -0.0088489187118235071439 0.36461945695201886108 -0.24352491754557731296 -0.7593026170136442099 0.60345269104601084731 0.27151660406825439686 -0.65067751800247064509 -0.70915266429829992845
4.9346211957684902316 -0.87338342511145972136 -2.6548219245266140298 -0.94826506656786524463 -0.008117628081082767233 0.31737590904366452804 0.16743986320997555906 0.83654975071710324652 0.52167845152290004407 -0.26973552924149069021 0.54783083035686541695 -0.79191169051570597937
-6.5048943304013402411 4.5950238991182921211 1.0254686418625629241 0.95886971567238943326 -0.0060287360990555951407 0.28378252713578194788 -0.11244639265915444548 -0.92604576953047934573 0.36027078914700544354 0.26062363120878984102 -0.37736307063051954813 -0.88863515335591625188
2.9251777544554893318 -6.6635201260881036234 -2.114073551219985081 0.94530999765796230871 -0.0039077480931252461804 0.32614987020179475596 0.14069164336126191439 -0.8972395235279051473 -0.41852968700869613849 0.29427006272495853656 0.44152685866677043869 -0.84761970438384548476
-5.6847776077005498507 3.7677084351260141659 3.9233024220386836234 -0.99989666949546374131 0.0038826014758299842028 -0.013841088742791097382 -0.014374554238137896012 -0.28009676138099298681 0.95986414479045445436 -0.00015007418574607220979 0.95996392102492456022 0.28012362950676783502
-0.97510596957627637682 -6.1475286185547508566 -2.5338857126757421412 0.9051484278767082392 -0.0053285760043941410996 0.42506226578030875674 0.41864542248102359911 -0.16235501081335507179 -0.89351936783683649779 0.073772174620042985094 0.9867180229131581326 -0.14472459884296631771
6.7944247077504478227 7.3881159144621655344 5.7840307361016627397 -0.90131931062311021474 0.0014518854121041660944 0.43315285099683559222 0.27593757227890980399 0.77275035988052498404 0.57159018318136511905 -0.33388913804237224658 0.63470841599375549258 -0.69689545138718267392
3.4697694153808433803 3.4664822179475343056 -3.1495550366272557774 0.83063181727752710692 0.00066692001062881867135 0.55682164051340399258 -0.28138747431195393345 -0.86241377077583825095 0.42078923141707896827 0.48049128340344621213 -0.50620355904906344513 -0.71616065472727719055
0.24785299914778285979 -4.5487576991158187312 -4.6004289568523306642 0.88874647906064341285 0.0099541871466092696208 -0.45829096665284074774 -0.40714999670558932321 -0.44220730780318184827 -0.79917556088014751747 -0.21061475765004511462 0.89685763144646646339 -0.38895734056101283205
5.8642168304132047396 4.2447565588076612286 -3.0111474140433336366 -0.93730856286784869358 -0.0014998346471327105023 0.34849735791030606036 -0.34591419643547854923 -0.11760034137541383603 -0.93086708418155983402 0.042379554963427878977 -0.9930598724166658231 0.10970899287060263683
-5.7543433110841109013 6.8318018085140073126 5.581551381093861508 0.99982961534820269378 0.00048895416282696696486 -0.018452674507009693416 0.018452945102960496143 -0.00055480931168465277142 0.99982957597956700901 0.00047863311764921416536 -0.99999972655516045084 -0.00056373742507021245424
4.6567257655267635386 6.3435179203234088874 -6.6890825779674925045 0.8868555517721071757 0.0071001804432213495855 0.46199222691361174764 0.33548481342911645742 0.67762956699194254462 -0.65442196623948911682 -0.31770610672344140601 0.73536913001291748238 0.59857754082048963973
2.1468335273290852783 4.1385094077386863631 -5.2623697533860678277 -0.94219339411818481267 -0.0013335098670051465791 0.33506690351551043916 -0.23224673415399135767 0.72340602885594529337 -0.65018856640963029747 -0.24152238520443866654 -0.69042156626685391441 -0.68189808496477655186
-0.48158629229345556455 5.4708505520444825621 1.9903093168238177313 -0.99948712284228402591 0.0081753227323768107304 0.030962160306403963689 -0.027946012811709768087 -0.69479061440859068988 -0.71866892412122995726 0.015636867990196923195 -0.71916560417470742905 0.69466273984689197452
5.7609037607469000264 -2.5127428667122346795 3.0549147462367072237 -0.69527310674029585424 -0.0076249322495748174736 0.71870520204877363923 0.71842714310251665211 0.02239284517098558136 0.69524168498340432887 -0.021395025058170390186 0.99972017129453494277 -0.010091184738362724699
-6.4098358735911418194 7.2346395346257796888 -2.5343937434433674305 -0.039102636578973962167 0.014731896190890438406 0.99912659610638088203 -0.81039742132805703267 0.58449049861502744285 -0.040334557560496857309 -0.58457420685269911864 -0.81126680461084055285 -0.010916428866879527085
4.419960294244815735 -6.7747689001767064099 -3.8868968865301463111 0.87714869757610003376 0.0010740328020582094997 0.48021766814037203375 0.46087917600207572999 -0.28281523717843709553 -0.84119315662172611248 0.13490940466929662866 0.95917380493492943039 -0.24856601629859223501
-2.0195530698063568487 1.8930213794926664672 -4.3960889715185800242 -0.62979649566895934409 -0.00074445358829411303198 -0.77675982120087805338 -0.76300272336544083807 -0.18678086804033078305 0.61882125971160040212 -0.14554455737006088967 0.98240131978886413577 0.11706591603452592976
-6.7560720350823784131 -3.4995561280805427273 -0.39279111151871620722 0.63446438959883266762 -3.1451517883516067614e-05 -0.77295209252698315883 -0.65282341788000952665 0.53540035556451870402 -0.53588062507315303851 0.41385567943240081368 0.84459840058580681887 0.33967192749689312237
1.9924878182653160685 1.0458639997588783377 -0.29027470823890227924 0.8837780372761113723 0.0027796110711163757832 0.46789812415827330971 -0.45298652184507698371 -0.24542454066449362338 0.85707059561416543136 0.11721600511565663516 -0.96941171263915626444 -0.21564169249660200545
3.0110050592240042988 -5.1326856879420503788 -1.0345219730497061672 -0.96819690148290693532 0.0063719969947774804386 -0.25010829177217219765 0.072836695729426720325 -0.9491955443449606733 -0.30614152666838556627 -0.23935240904174834298 -0.31462233908279840788 0.91854406972986690771
-4.1841066397492943096 -0.76628646598356509045 -1.203526189319522377 -0.99149180315076257397 0.0086482433998919180929 -0.12988153129283827592 -0.062800365455778286994 -0.90576773469748927958 0.41909536489864590569 -0.11401806165467573417 0.42368622666663247056 0.89860439735707264841
-2.7131039825093510309 2.2060338449892333834 3.659018644099755857 0.95802648668660272957 0.0056420068865129149177 -0.28662417651887983627 0.27497498118604801753 -0.30085518467713956436 0.91316751890036029771 -0.081080272129350289267 -0.95365314743417750609 -0.28977864631510408255
6.3177116920180376169 0.28973689728160118007 4.1879164430228295046 -0.9832801947448690516 0.016692048250597869841 0.18133238582156746554 0.18201151987858024683 0.059220008175021224273 0.98151148605775495604 0.0056449317130100448367 0.99810538830168216151 -0.061268006243166715785
-5.1176099845443125957 0.93696151967437768526 -5.3353418136955141904 -0.86018586896647908357 -0.01186399253140436004 0.50984263896948966988 -0.10732447326079805339 -0.97312916828831785843 -0.20371813681111522465 0.498559653672036307 -0.22995405521043335573 0.83579866249159584513
-5.3804927287063151198 5.7239017075759504039 -7.482520968802097272 -0.64933965310310171049 0.0018527344725430823329 -0.76049627368127015181 -0.46143015444128110403 -0.79585252939594686161 0.39204714515793381846 -0.6045165237447011064 0.60548767025356842186 0.51763351291294112944
0.26927065498735747173 0.13139483785254077453 -4.9520865699874621058 -0.95752048543387724422 0.0019472029043815656038 -0.28835868007631942911 -0.2159077324157873401 0.65801884551749401098 0.72138412099728155269 0.19115012701434427878 0.75299894245926968228 -0.62964610822085287367
-2.3386542600502187028 -3.7928809555813036702 0.55248515885277282855 -0.92427454947749632108 -0.0044996342554600183422 0.38170186072318629256 -0.14992303359958000786 -0.91530331268146714052 -0.37382205631935788714 0.35105504010657045955 -0.40274011357963107605 0.84531695814628582397
-5.1320149476818075485 -3.5892682510236957327 -3.9182170563197846747 -0.97835858550107823728 0.0091364627555769965112 -0.20671478714546973054 0.1491662351382688767 -0.66122017638326757716 -0.73521242687979426744 -0.14340122897294954596 -0.7501362565507458946 0.64554758471940643094
0.77160948266279338892 -3.8498992724621690087 6.8514969399954868123 -0.90446894409875533416 0.0051080542398404798349 0.42650889433005462203 0.1643009094342402221 -0.91859674041898708996 0.35942348233061510721 0.39362563473414130533 0.39516317676809725734 0.83000296590236433136
-6.4354925076063995704 3.5737536536686813626 6.3186283794007813697 0.76982331992835428824 0.0064165589463719141516 0.63822479101464835161 -0.0652350079958836232 -0.99392176245609142882 0.088678767739316599616 0.63491452166906003907 -0.10990158273327488292 -0.76472556664891389033
-4.7738213812206691244 -5.8979714220208201425 7.1399770648544675922 -0.98953068961489420996 0.0015515975904261724086 0.14431426421283891082 0.098486503153262322519 -0.72367215382910299315 0.68308053878666885605 0.10549608052919356993 0.69014216384545079563 0.71594299401250993675
-2.4076124002935865853 4.434031691494319638 6.428626717451156658 0.84856930331781654786 0.011517655594606508035 0.52895886520246904183 -0.27156234966021541855 -0.84854325079504133722 0.45412359746797664739 0.45407491420887763356 -0.52900065703160925601 -0.71691999354643276554
6.1297967522714911226 0.40787646736388299962 -1.6174236497779435062 0.99960532041007554849 -0.00054778787203006544526 -0.028087423097200595046 -0.027219839526718681705 0.22841370434227137309 -0.97318356953077744809 0.0069486505117449318125 0.97356400898811523703 0.22830864341712800436
2.0739268380623507859 3.5568794132448120493 7.2501881496884061917 0.93120377771053108873 -0.0068038594818143633552 -0.36443549754895404602 0.21387332808919320981 0.81981917140892357487 0.53118238461220756985 0.29515711732845967274 -0.57258207593883825304 0.76487387352679847563
-6.314235982748761522 -0.28677189649765832957 -6.3553793690811266615 -0.8157529815994122302 0.010056958495250799962 0.57831300400165208675 0.37537302257126675675 -0.75148131178930632768 0.54255961143184416873 0.44004791436541279559 0.65967772102533495104 0.60924800980018478658
-2.6465691472899655068 -1.1785194689787910072 -0.35307464974230712285 0.95604965987504597624 -0.0043209266641176611451 -0.29317294801133336746 0.21511364409569810885 -0.66910246912251969409 0.71135645490722743123 -0.1992364624680046381 -0.74315759796086866551 -0.6387656977455152818
-7.0713410413388126941 0.28193770195243689214 -4.5837397538327095958 -0.88405750886496192731 0.0074609456970580181542 0.46731858010237725676 -0.13105337953734624845 -0.96371776773968831353 -0.23253618181834706524 0.44862827901438884215 -0.26681903686232150141 0.85295971114486424103
-2.9681526821537467242 5.4645955204590963561 4.0749004465355396221 -0.92482878906644960804 -0.00054096754548485156966 0.38038325182373317057 -0.26198834565714645972 0.72590627737237478634 -0.63594196528550095415 -0.2757785663420410649 -0.68779341653254089106 -0.67148075067032630958
-6.5236387287150936487 0.70546465368795008288 -3.8252194011356386305 0.90870522218939253634 -0.0053291109207979758117 -0.41740438395229056967 0.35238826201181960851 0.54582754036705094514 0.76019392852967493379 0.22377965046461786858 -0.8378805981486232568 0.49787425248166888858
-6.7541678882291753538 -3.4628316465517596789 1.4416050187963500573 0.97888327850604051061 0.0033538033893415900369 0.20439246332530880412 0.1534984925129525557 0.6482702311070147605 -0.74577739323246494685 -0.13500274018554320188 0.76140295472451224867 0.63406608541942344193
1.9355425650810569316 5.813683161549939804 -2.7926156953376612968 -0.76827656942715083499 -0.0010471303887582099346 -0.64011718957339514002 -0.43274558149882719205 -0.73601405295876920487 0.52059060262408141107 -0.47168037330653800332 0.67696544768928956781 0.56500921060825404219
-2.8344582275289043061 5.2171259822188353894 -2.5280202838049827818 0.91570933705368051658 0.0053238411036664523221 0.40180600636204594212 0.073938956779903142191 0.98060762835508719082 -0.18149851206575973173 -0.39498030419622209841 0.19590899909834805226 0.89755792201345574455
4.7746086462979766551 -1.4924429402674879164 5.7238594408240182076 0.51306858262991394959 0.008138012601940724719 -0.85830903657652946048 -0.71329200723343466617 -0.55219611273636770576 -0.43161784659088525684 -0.47746742499882594002 0.83367453231443222617 -0.27750969755167281816
-6.8632053067649145817 1.6251623699855592964 -3.3140012224687338538 -0.99991922621300644014 -0.0031082174579824383559 -0.012323961772559018091 -0.0072053549926359306693 -0.66013963482095938673 0.75110834464672648902 -0.010470143693760949194 0.75113647330071653396 0.66006391703247357938
5.0099629009250490341 -7.478287941997638022 -2.006612160690337987 0.95124317330661289915 0.0049538267225348268236 -0.30840214791464592992 0.17289534001663733886 -0.83658152976816346769 0.51984473206080250574 -0.25542831996092735247 -0.54782004677781814816 -0.7966489626619771558
1.3710413913981482903 -6.5422205663690808919 -6.7709316626076532231 -0.98210414731993667115 -0.00050461975241492820158 0.18833796530651319978 0.12205966590360103896 -0.76326964899234872597 0.63444533325307084226 0.14343249902446936206 0.64607986215790380591 0.74967188151725971945
-1.3793089578235404602 -7.0879905238511851095 3.197378473666275589 0.82772150177254621983 -0.0030378607640638424434 0.56113089997372977979 -0.47779158678931471504 0.52058461246844844883 0.70760643076105234073 -0.29426572191931771316 -0.85380468062836401 0.42944761291717298279
-0.62800518695636298183 -3.4833901102521096504 5.0575031148209470544 0.9921326485327677247 0.01567350868078468476 -0.12420607409087149053 -0.052368715135185664455 -0.84919857805252296767 -0.52547054409242777151 -0.1137115886377455809 0.52784099514841054113 -0.84169683286222973795
-2.8945934518599623075 1.4990970824580731602 5.5805974243243410271 -0.73869806693424655553 -0.0012294437785132432232 0.67403535098364109057 -0.19736694038386587424 -0.955773467827797929 -0.21804441987715489359 0.64449317820372442611 -0.29410128640328792038 0.70578536155453641676
-0.33402919206204073621 -1.4025048525973315972 5.7771465548768041742 0.72248033810358502915 0.0086563033094030090303 -0.69133727620227014565 0.68566602775655094426 0.11944633029940350533 0.71804921318714864942 0.088793352421992224888 -0.99280292233200773122 0.080362291994654361238
7.2326229765950600381 -4.9138468027747368438 -6.7721589439255334142 0.99724155905385236665 -0.0041366636193062560761 -0.074109114891718563811 0.033155570842853532287 0.91812298738210218474 0.39490617640461000981 0.066407687943694060362 -0.39627398104655459088 0.91572755278390005618
-5.2576090553331376043 -4.6279716827895702735 5.5124991371787634975 0.97471843847680184059 0.0065054273503396412362 -0.22334199136848287282 -0.12572585548684461765 0.8422855049589874632 -0.52416422750706070932 0.18470780967668465333 0.53899240027197281577 0.8218091125641183714
-4.3153589966929724042 -0.8213707292340155508 2.25506134286942439 -0.98089880956063291162 -0.003231691301228458487 0.19449185477499753016 0.16608810091739556469 0.50654700109757944126 0.846064346496575026 -0.10125348456299602951 0.86220629309368734816 -0.49633460489219127787
6.6517232235694443432 -7.2604634717759610751 -3.0724118720929340931 -0.85591097905493773723 0.0043028188188873146489 -0.51710529071294497605 0.10193614042875000225 -0.97894125879101090426 -0.17687010802039485058 -0.50697674424735106324 -0.20409678485177940033 0.83744795850576481122
-5.011419401125719375 -1.7703980617436168021 -0.66088495028941485199 0.92713589652920302964 0.0025456988503446834407 -0.37471662464363858502 0.2049941147455671131 -0.84052508174500706328 0.501492771510437918 -0.31368207198788516932 -0.54176665306645144238 -0.77980282850120030691
3.1993368759025413439 5.9033684915251027903 6.0209131366911039507 0.87390039834959354348 -0.0090308255139932794991 -0.48602112912422984481 0.011607572417136644699 0.99993000442487012247 0.0022913998925229283471 0.48596641656309985668 -0.0076439807314252813247 0.87394405514966222448
3.9962663774590394539 2.0657929792291529481 4.9372877833726347419 -0.75191636421813723423 0.0052857211491743934934 -0.65923731870462465299 -0.6282513460585231746 -0.30881063855467294488 0.71409819751278980071 -0.19980497340305164444 0.95110885321678773074 0.23552053400080469325
-0.20617546666302188907 4.3506806681557526062 -1.2323478417970770149 0.21507384417837618895 0.0049916310763504379705 -0.97658503222678616496 -0.86380787540889103493 -0.46554791884468116336 -0.19261643138846076817 -0.45560859949281545811 0.88500859819474564372 -0.095815370320260384585
1.7923645003085557637 3.418371932396485402 0.94540098904983471684 0.99295390877935163498 -0.012208456425220254316 0.11787064363727048355 -0.018658744506843384647 -0.99837868269878315974 0.053775990796404861405 0.11702301608303329605 -0.05559639848425208114 -0.99157180989707449648
1.1756575774994886263 -4.0109689896076821114 -7.1645657916721638969 -0.82001191275116647184 0.00015448696185542355394 0.5723464327486345038 -0.56083386010908520269 0.19934476447112497999 -0.80357143194192293123 -0.11421840614128606073 -0.97992940613682055773 -0.16337844009170965354
-2.154762157766477948 5.1971667855434962036 5.3239869431216728657 -0.98003236692018069753 0.0061511601746078274633 0.19874285651873205283 0.14354606315636064817 0.7135277086129937496 0.6857643449420767201 -0.13759028868728059858 0.70060000875681571753 -0.70016322396210395329
6.7073422464868679427 -5.4924438260497243647 3.3471875573445339924 0.97213019183530491318 -0.0023396390740099788294 0.23442998146837290552 -0.12584437393287994933 -0.84888571019232428316 0.51337729262275466624 0.19780314373568322339 -0.52857126021028078 -0.82552185871000527406
0.13515880028835863813 6.4179701009211429508 -4.7516131915374710815 0.98690037015160070322 -0.00026982319792249114887 0.16133067467200892797 0.14059101088512665489 0.49193088282578700809 -0.85920787599994230543 -0.079131707001564521864 0.8706342135005246119 0.48552470506600592381
3.6972231753683790778 0.1944796956034103852 7.0872193691533738047 0.98644206771072018292 0.017098360959667685544 -0.16321670595614873323 -0.14682489881672261545 0.53623851826195090275 -0.83119835215179627141 0.073310955103379649156 0.84389329751144825931 0.53147869785825696543
-5.8231187702158599961 5.3628709759195762885 -3.7836385447236722257 0.99996454340346796474 -0.0040847648207272243062 0.0073638734462771167702 -0.0084193662605889021955 -0.50177773234412892389 0.86495561828078526556 0.00016188743811799863022 -0.86498694904607120737 -0.5017943321446566296
1.8071850478536750639 -1.419862366033326051 1.161509520314865096 0.62788026814893960204 0.0048722308116011794552 -0.77829469369636883336 -0.59509298472780636224 0.64750202535751233412 -0.47603095139482287657 0.50162805782476038718 0.76204815367857614561 0.40945317568442685108
0.68939363026094735432 5.010734358345567685 -1.1634702944285306714 0.28814054980920605908 -0.0078878357706616587797 -0.95755564099549816959 -0.85629033320047132083 -0.44974354500167224025 -0.25396379465734381098 -0.42865124381371805251 0.89312290631021373777 -0.13634362985017048353
-0.8443407653005206015 2.2228858006508755984 5.6472536471852512463 -0.88150201549570805781 -0.0052465722731931813128 -0.47215110945171162582 0.036709656506705171108 0.99615024118257144981 -0.079605892439405329108 0.47075109962295186294 -0.08750525967792593951 -0.87791584547299650332
-1.9785171001111820921 7.4777180668892091475 -3.2381939107450943283 -0.87432831788084186542 0.011192445997572700311 0.48520585497735579938 0.32867852232282479541 -0.72193002719487475716 0.60892320106746500308 0.35710001612350766864 0.69187554154418506869 0.62752514969319239668
-5.9038582293870005557 5.7815643101812694837 -1.6805692742434157338 -0.92493720993492467564 0.00028553387828615054561 -0.3801198181471151516 0.1283576084300135367 -0.94102731010421813984 -0.31303662085449085462 -0.35779251254869925969 -0.33833048947485627744 0.87035452423470438532
-7.0785642785195630466 7.2727538873240966666 2.5825937674595604854 -0.28838626082392249117 0.00042211443522634098727 0.95751406589533294422 -0.36671194197975526263 -0.92380386229117927854 -0.11003988197595332421 0.88450874284965363969 -0.38286583268189849916 0.26656713598521558639
-5.1065320097272257627 -1.7548585976870449965 -4.9488396277430171111 0.90498273330509337864 0.0092983796167765524199 -0.42534667338079668042 0.019814085215943445795 -0.99959746851718345173 0.020305244665137757443 -0.42498665208056651821 -0.026803751050180256443 -0.90480268814967501623
-2.3141665754098199592 -4.7376016850916178313 4.3039111273452679285 0.99661581246727193317 0.00047208336769463243171 -0.082199145235094625561 0.013425809767565704059 0.98562037747138220301 0.16844055077422623312 0.08109667053694627481 -0.16897410644933308355 0.98227851517653164137
-0.55630120139753969077 2.38386305406720167 -5.4935241626776614154 0.80320021838527733138 -0.0093044655007231830135 -0.59563649662141859853 0.025074632701856138656 0.9995199154780115558 0.018198938367035684405 0.59518120936460672254 -0.029552757647395198892 0.80304792044733697143
7.3476885242379230689 -5.7439880789126336325 0.63621641928957251011 -0.92623497531698339991 -0.01083836280003326602 0.37679079127715442432 -0.20893662448725019987 -0.81721966699884907026 -0.5371196354800493733 0.31374234245208709737 -0.57622438837844047743 0.75467290715282187019
5.5653209497070150746 -3.1230663070848350138 -5.3218182609659212545 -0.73411740870918273938 -0.012202663795416924045 -0.67891289958755107747 0.51982854240480125263 -0.65336733434748106575 -0.55035389787751909374 -0.43686372787335675527 -0.75694268039529288838 0.48599162736066436885
-4.470104468608284698 3.1276740752618392705 4.379481113554218652 0.99273868066275872124 0.0078767639595115276907 -0.12003278096203398584 -0.11269577025323043729 -0.28805324711336172117 -0.95096003606589118995 -0.042066320055194561522 0.95758199827325751752 -0.28507392251841207065
2.3455629690790664732 6.4529301631160853603 7.4490146200915523522 0.9382829069895921581 -0.0052127780399607286793 -0.34582945709733298179 0.15889192431770249314 -0.88163233104679927798 0.44438473110538151412 -0.30721090937308476176 -0.47190810524733917131 -0.82639227813685933732
6.8957767451951745841 -1.372265371946081336 -6.6808513222318497426 0.93507704036784744517 0.0025620641779059739884 -0.35443527533810903485 0.19844108117809886038 -0.83234639600298099271 0.51751387842435803144 -0.29368702027455473313 -0.55424986503202966492 -0.77881642332090350589
-3.6129225736763861399 7.4433612627031848774 5.626015524420552083 -0.98951750511061398186 -0.0044954654801943171732 0.14434298690890035033 -0.098880792398762171191 -0.70737279267531194549 -0.69989022073281192959 0.10525063408009399657 -0.70682637399366565756 0.69951324580229290451
-2.336293160791969914 0.65343083529234002871 2.7547881330712149506 0.86006685673744942555 -0.0070272222496833578256 -0.51013294354418259324 -0.47383357898522493468 0.35965592627715708973 -0.8038217178701592136 0.18912097019552798205 0.93305853666369298338 0.30599840815136741812
2.7045060553801993919 -4.6122004972599679462 1.926634265119091749 0.69687691585389566207 0.015025374625397951503 -0.71703333413949366104 -0.2100710810957509278 0.96020709925161895626 -0.18404474302194753776 0.68573515662908068879 0.27888450058072378202 0.67230255859891363546
6.4115724300065268793 1.3350796126847770395 -5.5912213511068715732 -0.87088841172312414507 0.016175135768367366468 0.4912145552702493756 0.030767446087044427599 -0.9957036751490851989 0.087335877827382529803 0.49051680765061494993 0.091173221274062299369 0.86664912457968057424
-5.5278629133824308539 -5.1956894529768895552 -5.9130313607672126963 -0.99354466313761369278 0.00011217200104728574858 -0.11344156984151826384 0.11055128723138470115 0.22525198883086303137 -0.96800824088389858524 0.025444355801522114402 -0.974300533175099015 -0.22381031212318755474
-5.6217910426846771088 -6.8242480535691303345 7.2413456949950036901 -0.92568640606305507834 -0.0019327480138955047302 -0.37828685162882702553 0.22923790348129557959 -0.7983341689728363777 -0.55687748945156667624 -0.30092301546671329504 -0.60221160660978234613 0.73945014681647569521
1.372607001844675878 -4.7401168119834951042 6.2383988390963471815 0.9973999811664521209 -0.0088281556999263658542 0.071521613768430802871 0.028678309054564112696 -0.86187149073305446834 -0.50631520622168602053 0.066112269352021232893 0.50704989609348238844 -0.85937743204754291071
7.3031024124049066515 2.7368362588068033681 -5.2875885959962465321 0.61892608226700207563 -0.0089937883502568313071 -0.78539774411488760819 -0.27231319539993464884 0.93545849591328689154 -0.22530629382011757578 0.73673334952400237885 0.35332211110406730459 0.57653053475454529853
4.4738990306003989517 -3.8656480776882915507 -5.8990793741398350747 0.86572615714922140917 -0.015329889673006982798 -0.50028313514499955783 -0.13637831634949593163 -0.9689364377814805307 -0.20630834779282647418 -0.48157987463920287619 0.2468343047915948496 -0.84092428334577096205
-4.4118750104944579604 7.2271426778222789267 -7.2369410660249098299 0.89129188373175294302 0.0068915289748040925444 0.45337764040827799317 -0.40228271429360268341 0.47335181768877254704 0.78364958653162963831 -0.20920658635507957679 -0.88084650394902908044 0.4246669762373085355
0.50614859878132278936 4.6069724434116530176 -7.2178040914636536485 0.98965371044627081787 0.0092790024919853740515 0.14317623235963586326 -0.0054098607858799642456 -0.99478363496995081405 0.10186389449732505263 0.14337456819896013394 -0.10158454463463248429 -0.98444111732752659361
1.8324040239079180115 -0.89063805773232862517 -7.20710768422877468 0.95232471512257077517 0.0017455410715520088688 -0.30508128433734998941 -0.16060756527361891299 0.8530709114364427581 -0.49646271767165989219 0.25938937322768584881 0.52179207846361541634 0.81268085981472792945
-4.0856476358359286039 1.3046311244848416422 1.8958725363397219699 -0.98463451155486536592 0.010442599734276948598 0.1743153199404265663 -0.16904265378620234039 0.19343966898808187538 -0.96643969064949308834 -0.043811640645537199001 -0.98105659702812098022 -0.18870212921786580496
3.8910008413584482589 0.04661252224575328923 -4.0333805125654231816 0.76957554114407200618 0.00026191969214074337091 -0.63855572808559246667 0.090190788353044684666 -0.99001962461616221933 0.10829018686436481245 -0.63215433888349126246 -0.14092932368013533218 -0.7619185111007498179
-0.12140629728838980839 5.488363899822334524 0.9217953126631475147 -0.9818962721184886222 -0.00018881728871202301673 0.18941931038836576362 -0.011702317239632506821 -0.99802883125442509726 -0.061656368333143168892 0.18905757475225803965 -0.062756803080105005854 0.97995857927561480505
2.0609624702217574921 5.0476589205752278033 -6.0213812578167225098 -0.97645175942225870269 0.0064527292325717586566 -0.21563933733530851744 0.21573583307215557503 0.028701629629609447247 -0.97602984933107994614 -0.00010885594682934120886 -0.99956719571129426516 -0.029417841666697027575
-6.1377709364655297364 -0.38298456647631029526 4.7520904289553378419 -0.90769778860879990479 -0.0037091064830561560478 0.41960811131783770644 0.41277389815268095141 -0.1878424452088933716 0.89125356929535948236 0.07551445926744518311 0.98219216974432865808 0.17203519446460099895
5.2332629180104062172 -0.5564613521179500033 0.38595712768893930544 0.850171689685998766 0.0051111336774970232352 -0.52648074453774762471 0.2298563529554238094 -0.90323114715090324633 0.36240799083720159901 -0.47368149115475194355 -0.42912395776642059397 -0.76907637709686504923
-5.7648588141154863962 3.6203978962980625234 0.56347851935850656879 0.98375179212693353303 0.0092846259973370579011 0.17929363403944453825 0.17928402064754755951 0.0018643698955485114854 -0.98379559059046994829 -0.0094684437702192234682 0.99995515891707331679 0.00016949214686775952721
3.3914086564009560121 3.4862793098926818658 -1.8119879901141828782 -0.99126533965555108097 0.018453336953027275891 -0.13058522409896033967 0.064530767104307412696 -0.7956668837254996518 -0.60228729875323738785 -0.11501654878584563479 -0.60545328845237333937 0.78752619575965643328
-4.4302264909395070447 6.3468258824135350693 -5.0552238762999124333 0.95369166722873388586 0.012540064490254267809 0.30052445930580246047 0.01666943443220349208 0.99539154075609259653 -0.094434159852093607634 -0.30032371503792137934 0.095070644122387706898 0.94908758226633949118
-0.66861652921320235965 4.598347750865205974 -4.9257852457563577886 0.98884826539847647808 -0.022693153655404012942 -0.14718739346705542181 -0.07176558167366609009 0.79339153574815901582 -0.60446635331510945033 0.13049447998091898149 0.60828849387469863252 0.78291525653439242305
-4.0616562448749338188 7.0264577923492295142 4.6380029956855546303 0.99491952186784660128 -0.00040512350929759418684 -0.10067264216894612761 0.027357588520339426452 -0.96127329039238307296 0.27423570797507118568 -0.096885021322615089145 -0.27559662017738401074 -0.9563784792591598638
4.5689982499908152747 4.97233163516296095 -3.9490752493569409864 0.98885263566783732081 0.0036215836929674436774 0.14885344827839278037 -0.14215203154196387469 0.32045273340238678017 0.93653769042334333861 -0.044308744749709923216 -0.94725758365210099843 0.31739534551116160843
3.6252123804508529226 0.10397927021724735763 -0.32143597512673743877 0.95669557107392222406 0.0056065475679949947074 -0.2910363395037742773 0.098373786797804591009 0.93476251209063343506 0.3413819621201688026 0.27396383403366053599 -0.35522895801770326685 0.89373161800797740195
-5.2110220887319478322 -2.8432607147353468058 -1.0280454576434912006 0.69149581321359998576 0.0092081869348577191636 -0.72232177705051858752 0.33814306735631316503 -0.88773210114693801298 0.31239555469318969205 -0.63835163218005253061 -0.46026831944697171872 -0.61697671577343848881
0.97609996211113170261 -5.0238952922787412092 -0.50691412247722589246 0.99148851232349011209 -0.0014747537852376523329 0.13018584804724186998 -0.047434715433013620312 -0.93529882939484998428 0.35066515011412324743 0.12124552652487198545 -0.35385579666580890823 -0.9274079994606677646
0.65369646020667970809 2.7266873125368089603 4.3648510374283295832 0.99891999833917044516 -0.0036838406459099252294 -0.046317018861653423689 0.045570194579063243168 -0.11683281152956404014 0.99210556470375699245 -0.0090661063395505395862 -0.99314476460795197976 -0.11653875856401922639
-3.3991742355925160801 4.7112568485928125739 -1.2239852595207469932 0.83583980944722569006 -0.0067697697670959103636 -0.54893167440097756504 0.54860073592783509255 -0.026538139782210160011 0.83566318554565599541 -0.020224872875072848893 -0.99962487831897983703 -0.0184677330223158645
5.6243945526283578573 -2.9215677785637508279 1.7486174749828780062 0.99878026496713545601 0.0014724662648422938947 -0.049353967979003578181 0.048222729154290606968 0.18567653337200124009 0.98142691696736084062 0.010608991709091623867 -0.98260981920495582553 0.18537905085754866064
1.466092921715495434 -2.9238172520639751362 7.0798121995796128303 0.89037938240251157662 0.0032470222775052796221 -0.45520765837033028145 0.4349540666085408569 0.2889716791125203077 0.85282491087660072804 0.13431126286857186791 -0.95733213960322938174 0.2558821196360090422
2.6489448215813009568 0.27312557392901859465 -5.6254406370143907878 0.99630103217871235355 -0.0079585014602976608677 -0.085562348811090607748 0.082177405039035755774 0.37933536965590275436 0.92160270801966515108 0.025122248717290473347 -0.9252250210529302521 0.37858622932802865613
5.2702807764651886657 2.1601177397651327716 -4.6230222584724387502 -0.96861763583750337681 -0.0023422898870992907294 0.24854454172765252928 0.19491131790511156963 0.61335307210842504588 0.76538068115652757584 -0.15423830165369251111 0.78980537008379392283 -0.59364806383056734074
-1.497713271006206659 3.5417988609593713534 -4.4899186894039528894 0.98739656131723541055 -0.0023825385998745983625 0.15824776209716479025 -0.15692938060234343234 0.11492187080518037612 0.98090067443875339492 -0.020523162590389710386 -0.99337167622220234886 0.11309956974640926475
-2.6173020842199874458 -4.6874269947880984333 -6.7245543155426403814 0.94435106165727533689 -0.0081344706489473728173 0.32883871842294976062 -0.099182295749861773548 0.9461262700067459841 0.30823360201814653525 -0.31363026728391890652 -0.32369570832894173362 0.89266855206903761299
2.8969116521601816494 2.1924937078843100835 7.1996972667244820698 -0.99002539774873921097 -0.016523931533145554129 0.13991665911971806757 0.079371483059287428752 0.75509432630711204038 0.65079391980563172648 -0.11640394963024447428 0.65540790204700061228 -0.74625103178818252836
