1125 14.717824617146108679 14.977075390850430381 15.033177056927090831
-5.6102726039620129939 3.3255009380402582586 1.6430307149766050223 0.99136783714426002234 0.0044503177983785616872 -0.13103437009940460678 -0.073741121377037657791 -0.8074371732628532472 -0.58532679611596760694 -0.10840691165195161239 0.5899367812780563769 -0.80013907266256834028
-1.2830070199230099171 5.066332790225911431 -5.4994465404044623469 -0.96571994729499732735 -0.010202651139674190697 -0.2593855996508517836 -0.25375719986487560442 0.24766730168452691374 0.93502309660940596814 0.054701617099109318965 0.96879141903001930736 -0.2417662497138623745
-1.0135757940643335129 5.2085364930587232379 -3.8143993458852407663 0.96715178800875400977 0.003788586861019188276 -0.25417133111540524126 -0.045853795278299927518 0.98608697320506577544 -0.15978082091996656522 0.25002969505635286307 0.16618702682485200772 0.95386950035379358681
1.7999523746802246205 1.9367086624842284603 -6.8180884223497209007 -0.9873026489765438507 0.008009048703008973466 0.15864846189858120007 -0.12454154052436312849 -0.65897673699606762465 -0.74178100864190932295 0.098604685526182844768 -0.75212067863938703027 0.65160693731365881831
-5.0607120111945382845 -1.7901519201432165573 -2.7971191849427428089 -0.97769785037436740538 0.00041869166665128030105 0.21001604241262800121 -0.039984245952940006275 0.98133622002013154439 -0.18809700516553398697 -0.20617510385335380274 -0.19229937070604086191 -0.95943357173757304324
-2.4721904768268263552 -5.4885301072643786213 -0.99575791986657213872 -0.94759689015590919947 -0.00447644433177915059 0.31943715377682163625 0.15939345598404350279 -0.8731801274603585572 0.46059764567107258637 0.27686433493020112806 0.48737708856122746726 0.82813628925998761243
-3.3711970160559832088 3.0792585680259008107 0.83467651623713179365 0.99766260126400663211 -0.0060566550626772889046 -0.068063580338901252809 0.066911393770419991256 -0.11549705209686592089 0.99105161134053898486 -0.013863600643494735157 -0.99328935758241077014 -0.11482183020153080566
7.2601030353497097991 -4.1774981302826112994 5.2508265049782485434 -0.99158970747407304547 -0.0033284589233723137908 0.12937841161806504231 0.05621773566933127575 -0.91151012283395682623 0.4074173071526338008 0.11657366009450183253 0.41126416976491475541 0.90403117448435155179
-0.2287413517700785659 4.1596140863654236242 4.0707813309160769677 0.82383680282684501606 -0.0020110866922517013113 0.56682349795895281552 0.47669081490724818373 -0.5386030393349429124 -0.69474645231359533071 0.30669005411186084364 0.84255725119986146776 -0.44276233936429759686
2.2290247588985860894 -6.9957392204523021206 -2.4039181186906537491 -0.9404511378805392452 -0.010838231666095321515 -0.33975607425552112328 -0.14489341748184600411 -0.89136618672657341733 0.42950229188102656552 -0.30750212166691603954 0.45315433783093445053 0.83671595614967853027
-2.9767552569687532049 5.5116379770527759163 -5.1980519413520571703 -0.90607722766416876059 0.0032916031863955332731 -0.42309954249190268039 -0.42281584508356417906 -0.044473135566530465346 0.90512369395527703109 -0.01583725527628657842 0.99900515792528532533 0.041687837362623728077
4.7345667362909615861 -0.74895054461538235202 2.7230765715716747088 0.97185315095170243804 -0.0010335969567168493133 -0.23558519618714876542 0.1024650865165891156 0.90230797174503707403 0.418737662708244196 0.21213759457091765914 -0.43109077443451598866 0.87701675307085136257
-1.4116753392562126912 7.0179034964878663772 -0.56001112408833531031 -0.9913716058005875853 -0.014708640332517503371 -0.13025358003499626358 0.07040133960227408505 -0.8979492176031985684 -0.43443164478215623436 -0.11057120147026001933 -0.43985322382073044345 0.89123686576577576535
-0.98164034232508190492 7.0401290470235231567 6.9552162822386867091 0.75454028707555353961 -0.005321637566248942422 0.65623215050291161532 0.41429421584117226418 -0.77164896997800480616 -0.48261596518616223239 0.50894917025235542063 0.63602637312120269275 -0.58003551166623357194
-3.7852331051185550415 -3.1872218330586354895 -5.3404051414361459749 0.99009912629960949992 -0.012313985282918564826 0.13982877338813098911 -0.033557612275770441757 -0.98802437515443353178 0.15060451772445321295 0.13629969464055266548 -0.15380572117809004906 -0.97865529854682720146
6.2726637439159231846 6.6934801738488785006 6.765180441952125534 0.83083745709653678002 -0.0016024855331528767288 0.55651284973978987214 0.21868625607759395457 -0.91861313523886067856 -0.32912950212538844008 0.51174743896580754399 0.39515483016999181087 -0.76286775977562326645
-1.8969884473946423409 -0.41929419182096860919 7.3044447515794610482 -0.85286508641229263894 -0.014257381328050624386 0.52193665463979088681 -0.39008031547297356001 -0.64707382695625403901 -0.65508229250126637222 0.34707130659195228883 -0.76229403090009839605 0.54630515153592362765
0.14207035222352767945 -0.33334161169436388183 4.526709742974012407 -0.91270252821483466299 0.0018115610578523094754 0.40862062262787501865 0.12222864842525811568 0.95541581250454465923 0.26877645492225427093 -0.38991569921513652419 0.29525809635458910574 -0.87223185222896371105
5.3290367951925450285 -4.528613483653057159 2.156962729993631811 0.97351791830353240353 -0.006809020634281052857 0.22850929954776100228 -0.22766834488245943358 -0.11954084324433300601 0.96637317405594347353 0.020736139474549542677 -0.99280593472967815227 -0.1179253513255530128
6.6713187989214510765 3.1518028021040684905 -6.8965271820640703382 0.98887707270472002818 0.0062585307486928126036 -0.1486033844557155259 -0.14464586141148005893 -0.19220335392697790455 -0.97063661867642825332 -0.034636828021147973711 0.98133516269027587509 -0.18916021942399663391
4.3856524426703558106 -6.894236642041604135 -4.7395121746118755723 -0.99861300329987290336 -0.0067221647292575389954 0.052219557081833858914 0.049302225903859790701 0.22865483114770854267 0.9722583292076568684 -0.018475934655475576007 0.97348435051319626155 -0.22800626996738687646
-4.3116381553935401172 -6.1227367197484490191 1.0794775283284063772 -0.96878165873751609372 0.0016663023384356962821 -0.24790990526796835569 0.24790301546189077997 -0.0035263594946423632709 -0.96877843685419062769 -0.0024884972229766559072 -0.99999239408363838066 0.003003191026099057484
5.5342379816665090431 -1.8850551899526364341 -3.7659434368320412467 -0.97830945751597575555 0.0034415026811203067864 0.20712016172782854451 0.17549457485632780074 0.54498465369930315649 0.81987400338603155792 -0.11005571103252190235 0.83843895621062403123 -0.53376760596498329381
-5.5966280662033067728 4.2012288850492147674 0.916639046964513593 -0.97551775946933438899 0.0074637881924138459871 0.21979397813832149411 0.19720194792077705426 0.47207974407499248004 0.85921598388900810583 -0.097347278833475547888 0.88152425213376073287 -0.46199404780126585024
-5.2287777191529256626 -5.0826185593178241362 -4.8290777952611430024 0.96762454754440230253 0.012386925794533647227 0.25208986306231984109 0.25193562326392376916 -0.10757109619221898178 -0.96174679671656160274 0.015204496704519992328 0.99412022579437309133 -0.10720914115214784379
0.52027153146638316361 5.1007730828161514935 3.6954655740421236132 -0.94069433508456112847 0.0092590545487957875287 0.33912893985705533373 0.25085752222347157403 0.69196035947774836572 0.67695004576057693502 -0.22839586573229991862 0.72187611874906187914 -0.65324589374606134573
5.9188296540045435279 -7.1763526004934234948 3.5505484712181467621 0.99642297082528008545 -0.0029196304850892590074 0.08445554433967325525 0.0068279204732476072442 0.9989169737144485417 -0.04602454918003474893 -0.084229702088321561915 0.046436573765111344159 0.99536375356099981992
5.3962753796905964521 -2.5365764448158851785 -1.4616912715470928852 -0.93889503455228329187 -0.0014900405735422204284 -0.34420036878547810577 0.19338666534709694766 0.82495596378662505721 -0.53108309658543129128 0.28474148232901025368 -0.56519504384945928877 -0.77425890414590947675
-6.3928533901980415521 2.8151065997110058525 5.0794773661083647553 0.9960030327157481933 -0.0026868310441889790667 -0.089278999547350260113 0.060610509182785411719 -0.71386175740549162594 0.69765876866166554038 -0.065607354754158297983 -0.70028149500957648232 -0.71084562511798676798
3.7840834079896872311 -7.0412065008568909263 -2.9317995556220335374 -0.8190876203850154802 -0.0030479973007521039829 -0.57366033490589696253 0.48657296405240163528 -0.53339501287201207536 -0.69190787746374060596 -0.30387862837849494158 -0.84586078639202921803 0.43838032489964767757
-1.6100469804146591013 6.4400335900052647631 5.6721792170208145123 0.9919562308597520417 -0.002934158972746976797 0.12654733015582150801 0.10188179884872343439 0.6117956546552690833 -0.7844272917283662272 -0.075119472321008351479 0.79101040932211763579 0.60717344904246695059
-0.68362690064433706549 -7.4375496532913381031 -2.4772448590289055659 0.94248665308815804398 0.002557509388407536513 0.33423400170639055995 0.28068955366561781917 0.53686269439015243954 -0.79560783168293236489 -0.18147254121185515952 0.84366575521230291468 0.50526805783491002266
3.8879830941291886326 7.0458302938120329628 5.486124849613940313 -0.90443993145925494215 0.0099747979603771359802 0.42648436523237920337 -0.40913056033746464379 -0.30344990851766440176 -0.8605407239744755632 0.12083292175573895344 -0.95279518073215019314 0.27853320913978896201
-0.10651517616489838969 -1.0264613514465315003 -4.6914902058503500371 0.95441095700695555148 -0.0024635793459221594359 0.29848560421242620322 0.25932838124347107334 -0.48833072704655311469 -0.83323579598084662745 0.1478124346152589752 0.87265516201935056095 -0.46542932049250651527
-0.9347453881788079233 6.1793735459391561093 -3.3454464871660247738 0.95883713981727380915 -0.0091744174870216198964 0.2838083321025732797 -0.28080953646283179914 -0.17902674181729053005 0.94291857015642277506 0.042158552378075524192 -0.98380143107138773306 -0.17423375299675958328
7.0256074793157017311 6.701457848062648992 -1.9266693755155455126 -0.95557860072092160042 -0.0024272947730862711943 -0.29472639190292554412 0.29404277657918104216 0.060711201113633414539 -0.95386214706364347293 0.020208497856143228105 -0.99815242237809298498 -0.057300596113605328785
-1.573416992536443626 6.8321765505641645078 3.0380730209396666908 0.86095546573904058185 -0.0061845145507171753185 -0.508642740824868822 -0.50639621547537538859 -0.10507294433593869498 -0.85587531178360176654 -0.048151417074216648628 0.99444528665397546874 -0.093594940490324490812
5.3503529632614839073 -7.3778446195191964563 7.1892000687443982088 0.5472698842584465817 -0.0026937123938923597175 0.83695186103933949529 0.097363501271963526218 -0.99300051870731553816 -0.066860440225341252751 0.83127373494162770662 0.11807926897052803406 -0.54317700967143833779
-4.917346471382653128 4.759536851972573146 -3.755924458517740927 -0.92493766733394500168 0.0073358643414458248391 -0.38004801886235295427 0.32234936511168038598 0.54499869344880402799 -0.77399438689911503886 0.20144775590439237267 -0.83840480034016995337 -0.50645453143147300956
-1.2720146677147732284 4.2657293096218831252 1.7633833227625419493 -0.55119245554818441235 0.010448339914583337079 0.83431271663562911467 0.83437469005770559249 0.0097767273964706816192 0.55111096177846297106 -0.0023986533346742403006 0.99989761865628468129 -0.014106688758673338602
6.1921692534036525402 -2.8792471787900204561 4.1129398950656153033 0.98534982893793243708 0.0038515536300700176087 -0.17050184792758568686 0.17033192262123694749 -0.07222482677557456876 0.98273628737991747251 -0.0085294049164025050741 -0.99738094022881784717 -0.071822763243285847601
1.8664418744051767263 7.081970920843053463 -0.83753376794291301 0.74921009333352628357 0.0033569772784523897562 0.66232391376928156923 -0.22690324802385561376 -0.93817492832272764147 0.26142440571388858572 0.62225328611696806291 -0.34614525068271972952 -0.70212841656391933309
6.2306599870009202746 -6.8821810410979615824 -0.1023665676418747672 -0.99135850932193136931 0.0096128765467904490893 0.1308277439977349188 -0.13014418107897696153 -0.1971805409382653973 -0.9716904478312422544 0.016455945014564106466 -0.98032006348941069795 0.19672766707786024099
-2.3229583920463863222 3.8424545175515008033 -3.2134665778918845014 -0.9904913693420748233 0.0073547104276133765458 -0.13737814780191381914 0.0042468936231610755414 0.99972869946628040161 0.022901776307498809826 0.13750931297011337318 0.022100581395332774548 -0.99025388317764173607
-2.4270965977320133611 -3.4826259377105301951 -0.3043812656362983593 0.99412986605275699414 -0.0027439140459904363609 0.10815858892235569177 -0.032562552716270141973 -0.96091613285209731554 0.2749179255433860658 0.10317698184460888378 -0.27682604024939438947 -0.95536477528602536946
4.8728921726325591379 -1.8537002158869324564 6.1772064666833763624 -0.99970646096201853936 -0.0012248431958574376721 0.024196935137866762422 0.0031475601832899168658 -0.99682320956223280373 0.079583803270296460397 0.024022588865677110825 0.079636603626814905788 0.99653445830388664994
6.2473884940243475938 -2.3401089622716542138 1.3193417004131693382 -0.9974331484417375826 -0.00175107327357540421 -0.071582456873205427272 -0.029178574881457339935 0.92287194808595751638 0.38399997161965998549 0.065389029336010484617 0.38510297477219329609 -0.920554166610547564
-6.493107615011483702 1.8570132147615441287 2.1598982762538501134 -0.96002610898906148851 -0.010330399288270886854 -0.2797197756861181106 0.27967876324767571017 -0.076053948806138915728 -0.95707658327806410803 -0.011386810245325677121 -0.99705018916880217006 0.075902969842432874148
0.42298464557499554362 0.44928767481326831179 3.6736066305523880082 0.86371277920349942558 -0.0034729188864834085668 -0.50397239396109827503 -0.47187413693144741877 -0.35679943079225406866 -0.80624373801075999157 -0.17701704419552524716 0.93417455811035166047 -0.30981100859002042025
5.211240515455767941 0.95194550681132772407 5.2274847239060218129 0.9700984375272303506 -0.0018241466629793654311 -0.24270495255802673751 0.12525898353637174298 -0.85275278871645943113 0.50707284326790580398 -0.20789230036405967339 -0.52231154862324635779 -0.8270256571739720286
0.43345869417396432066 -0.66613691261756280415 7.0951022179612959206 -0.77563409011775630297 0.013438870755098784177 0.63103974122062878038 0.62204448779513388246 0.18578519076765451223 0.76062113965833499929 -0.10701594951517144627 0.98249847818930280408 -0.15246090287387498163
-6.8614214705245792914 -5.8478544228108795267 -3.431409060620113749 -0.97358933120231239133 0.005753474211254656738 -0.22823389692094583903 0.16143378736407071328 -0.68954771693409877553 -0.70601917705424288574 -0.16144022567662921763 -0.72421740078899699 0.67040749542940603067
-3.8884736235907348956 -2.194163993333138496 -4.8677237892109364026 -0.97793364250876702037 -0.0081870542002189551634 0.20875527057560153144 0.1780640392404627681 -0.55527548569660967193 0.81238065764384503886 0.10926567978525704439 0.83162618232468732415 0.54448039826348448855
-1.512730977572651625 -3.4532828081284234756 3.750652614999800516 -0.99230451775554118221 0.003124107646763836163 -0.12378200189527548136 -0.091137115264534163117 0.65829823022577960145 0.74721982461863556413 0.083819867949260010165 0.75275074230001770559 -0.65294758572474775882
-3.2676199032019122015 -1.1164259918575862862 -2.5515708283644773502 -0.86466138139956083553 -0.0046166832697429622395 0.50233393450151242465 -0.24827335831198152349 -0.86537362600693434889 -0.43530314375637124691 0.43671619510697379241 -0.5011059505206635345 0.74710895543023003729
1.8514119119687348913 -4.2460787918119295981 5.0031799769781866161 -0.89456156659662244834 0.0038088823446441799278 -0.44692851328078275763 0.2674612237419463634 0.80571461186634329987 -0.52847749055137338559 0.35808392502674707414 -0.59229169894597155643 -0.72178005375403897492
-6.5201548098442589918 6.0311684730285106681 5.3287968564838141816 0.99916868345620235559 0.0088538200230686512487 -0.039793867258127321729 0.012285142254189564126 -0.99614757462780845199 0.086827903595662059288 -0.038871805722810300054 -0.087244595443075875774 -0.99542823110751688098
-5.0161119656463242222 -7.045767932525382804 -4.1800773521700440583 -0.72533050456469261302 -0.0010696561793754411421 0.68839996730364805266 -0.62608681467118032504 0.41677201278379505389 -0.65902685063291921441 -0.28620090783023149905 -0.90901042084002781074 -0.30296715195100598628
5.3772877519877448904 4.1149220888111903704 4.4626756633944131281 0.88601971142168745033 -0.011178877309047291488 -0.46351278695877545788 -0.10396699884531637736 0.96946102777974541009 -0.22211748865716671175 0.45184060698808420353 0.2449905065882567734 0.85779934574380600765
-5.4795801914417783252 -1.3881425028882594663 1.0049330625503940517 0.99986057933064897973 -0.0074761808731361231034 -0.014930794353062357832 -0.0040643966644191946436 0.75831060970710939539 -0.651880740538659742 0.016195758093305822473 0.65185053956031346889 0.75817449936978342784
-0.90680830925950783872 2.495118576029833779 -7.1125334339495944747 0.99766651351236346201 0.008251489903122105618 0.067774927003881255128 0.013253738070508306809 -0.9971929598095534697 -0.07369219316386334262 0.066976609672039194576 0.074418504557100681462 -0.99497538659821127549
-6.3927006123454352959 1.3981636362254785677 -4.5022104823444379917 -0.93667281474141539377 0.005957969652619596844 0.35015502384219737708 0.0070985427715712446153 0.99997285664963819762 0.0019739945395527646287 -0.35013375846215377685 0.0043345774351032624952 -0.93668968320551448947
-4.2852447599139233958 -0.1143940611937106222 2.1939634141767605513 0.9998549897375725859 -0.00043520658384466753832 0.017023809565763509816 -0.0078617010543630908709 -0.89856609554956823338 0.4387677809337003354 0.015106063465846896951 -0.43883799120420685647 -0.89843921570825768796
-2.1673593096951244696 2.0584244778542228893 -4.8108321378770639853 -0.81963416848784909075 -0.011751361671659573543 0.57276673729032012705 0.39916993661011801464 -0.72885953953341431344 0.55626174894362234724 0.41092966740554542904 0.68456239827342901805 0.60208897292342566931
-0.94204635929421765006 -7.270843466463299265 5.1182308075869613617 -0.96890528354222649199 -0.0033221905010379429446 -0.24740960889634552866 -0.10495280353315476762 -0.89998360392413201403 0.42310095922636653532 -0.22407021344762606541 0.43591108694096064591 0.87165019573648661044
7.2324198909977619465 2.3284207939209133897 -1.4188179246711589698 0.97848882048725716043 -0.0030340777457304500889 0.20627753768595560868 0.19857712874363758759 -0.25716763986186469415 -0.94574411388498336173 0.055917368692284932785 0.96636204363598154909 -0.25103316214870563527
-3.8934444388895959044 -4.0756856693165621763 3.6927129369986104734 0.94271736810866102463 -0.001636515404086703613 0.33358849752903629859 0.077731504772636586531 -0.9713842160054746433 -0.22443377210462508997 0.32440989046592511036 0.23750795084094125653 -0.91561356273001914818
4.2734956480690851066 1.472355053055780516 -0.4372066800422979016 0.98479686487281614671 -0.000279249599286672881 -0.17370969160198301839 -0.1565572462901772266 -0.43471153562003894688 -0.88685720915657417773 -0.075265952268071950604 0.90056971013824604899 -0.42814627595090853918
4.1888782238598665231 -7.0689761047675467864 -6.3324317298185217595 0.99676403110077693714 0.002474819881680175547 -0.080345140303015219474 0.068061234166946482649 -0.55778764601246699772 0.82718837658635735455 -0.042768384437834518208 -0.82998001013420374949 -0.55615110183293336998
4.1570162216372761321 -6.2914327565164818168 -5.619035156131769071 0.96138218007455200631 0.00011959309898238270654 -0.27521680459683472986 -0.14881113371752768826 -0.84098627671379044823 -0.52018970468552372388 -0.23151576688581546049 0.54105643705304506952 -0.80849142333523493775
-4.3530136997101633867 -0.30800356575565812633 -7.2317277827001698043 -0.75600899896216733342 0.0096212433071778298566 0.65449050807887765302 0.093129313995455792474 -0.98813883613299613451 0.1221006609339950616 0.64790224907993221315 0.15326145047926320597 0.74614583255154731667
4.557988934140651871 -5.2705262869223039601 -5.7702363310193041102 0.98823125921304388886 0.0041900541780264116687 -0.1529098484734580099 0.13166791878385430969 0.48552159474763617597 0.86425247479940070505 0.077862298176407260253 -0.87421463295909684899 0.47925592123938126621
2.6597974111696105481 -4.5869484510217342077 -5.7710734640427956421 0.96590039380301140337 -0.0029669700950670559875 -0.25889694154148018557 -0.091287554841923121418 -0.93962323122914759299 -0.32981019642428732741 -0.24228704377674589732 0.34219786735586715798 -0.90785329651604096401
6.2947313561743305499 -6.1271154389687314534 -2.4583906044958365733 0.99262629030130733465 0.0028380022310392199331 -0.12118165515452511416 -0.035407218840787943459 0.9629133021530914549 -0.26747766521831711772 0.11592832551454054779 0.26979606794768756783 0.95591354476399337248
0.18602350770295303373 -6.9331475724835751606 7.0564606070538848925 0.99148290396155269733 -0.0090337899508248706293 -0.12992321498166495286 -0.12779264776189067088 -0.25984807203283927235 -0.95715621433439912469 -0.025113548734855824923 0.96560725458130391985 -0.25878937298512771914
-4.7824413780134147345 2.1786003754094593887 -4.8419779449557607265 -0.86636252836346538952 0.00032530467201407221173 -0.49941552201002653577 -0.44594969397078160211 0.44966572105713248364 0.77390542687927521559 0.2248217958628962454 0.89319686155003708006 -0.38942846149451471049
4.0170126905299605724 -1.4903742502717793883 -5.9275022758248852028 0.99804972789930357369 -0.0010907675754264481091 -0.062414348240344232066 -0.037864750192375333515 0.78432670989878339185 -0.6191913055206448302 0.049628634204923638418 0.62034701769696820595 0.78275575775678118973
2.134015318570305908 -6.1828984329979048695 6.7516037865627867021 0.98719257001992366529 -0.0016721042442643652397 0.1595243986509910783 -0.090097443245135161449 0.81936849799171040942 0.56614283994362579744 -0.13165591676119717257 -0.57326474561596152402 0.80872384100864402878
-3.8498687318570659066 -1.7447743200934522356 5.3685827957867369165 0.95677100228261735548 0.0074096631167476934704 -0.29074790813301143455 -0.2553762336512768738 0.49980291200910820226 -0.82763520250973132697 0.13918415311130558076 0.86610746795051662961 0.48008918492605318074
-5.27237708873276123 1.1746369489817256593 1.4409812386503755288 -0.91315306903227078106 0.0061807475580464253662 -0.40756995826055930632 0.3144897351568761712 0.64679928414269349801 -0.69479989386399676476 0.2593215744936848699 -0.76263522367649660971 -0.59257053302538720274
-6.3513788806995528091 -4.7696835008093785291 1.1859123329923255685 -0.54888854731281722099 0.013680004994424892206 -0.83578359644832456166 0.23555250890826273658 -0.95681431070048594822 -0.17035665641759606403 -0.80202018564114552213 -0.29037774071381577956 0.52196205755019819961
0.6734530175557071896 0.20313169535841141267 -4.0092106298732064218 0.94638187590522271364 -0.011380284884689270686 0.32284955331247344734 -0.32264189152774502833 0.016925571115329041821 0.94636976646223680554 -0.016234370622681060931 -0.99979198544411440608 0.012346297101549802422
5.577350720421081931 6.6196944510268833639 -6.8857770927709127662 -0.95646610702841217133 -0.0062043274346082538315 -0.29177747073276877332 -0.047422933821411397681 0.98979056075015958704 0.13440874673067096379 0.28796467049601631727 0.14239435442117215347 -0.94699535182340710548
1.1551890048579491754 0.49347982697256553841 1.1891558451707566757 -0.95284265266246293002 0.0028552791976813457486 -0.30345135796011935003 0.30339103654754578931 -0.013081883218483841141 -0.95277633433770603233 -0.0066901576747758380315 -0.99991035183770204942 0.011598710192303936586
3.1658833557525070113 2.3706602632176632106 -0.66951554024679693633 -0.99597743761754642389 0.014337638427505029412 -0.088449849525013252149 0.064632103892692624458 -0.56874104268643055349 -0.81997336390288411145 -0.062061541256121767474 -0.82239166975851607511 0.56552657462643063369
4.0220700554147246208 3.5505548696756821236 1.790212323039150899 0.73039820955294643134 -0.0090091446976843653216 -0.68296214448063707891 -0.64465648576179535034 0.32130875827413524215 -0.69367045289648365802 0.22569109607395174133 0.94693163278470704469 0.22887553819663586374
0.35553827175310614983 -3.2793424263610062575 4.9050589828391482072 0.87090308460648457878 0.01708093961734557728 0.49115787556023116078 0.049780834662436948546 -0.99732162796543999406 -0.053585808688109984321 0.48892707607915625312 0.071118295074031973035 -0.86942078557073576572
1.7730115396222865254 6.0898424809406899172 3.7716087100692057277 -0.96398810504373011465 -0.0040000241909333243001 0.26591527436498618719 0.0098989214750655769165 -0.99973367558908676767 0.020846804235286883755 0.26576106691493445178 0.022728345730964532451 0.96377096740496781546
4.727221173586961811 -3.496580737996567656 4.4976313574562150066 0.82077913762411858212 -0.0099432656335510152118 0.57115911855591128266 0.3218946484805831898 -0.81794312317829409587 -0.47681535474945158093 0.47191677499389761419 0.57521315937122519113 -0.66814996727201736437
1.9083471011667270112 -5.9499430053335347068 -1.5873069112396731573 0.77528803903517740093 0.00020655982071005182452 -0.63160780066598998239 -0.015869236032479250298 0.99969063079783326842 -0.019152285570860672764 0.63140844457195821615 0.024871671191963255765 0.77505146673973779325
1.0249614033030272076 -4.0613043107771886753 -6.6356153990127166864 0.96210448522083602541 -0.0041321466376271738866 0.27264974762901539318 0.086307425306598822834 -0.9438642299415825887 -0.31885944203342025949 0.25866191806091098915 0.33030779706373275539 -0.90773937412891481102
-3.9248491907737834694 5.677791633028228091 -4.1456227534496914444 0.99514898047458821839 -0.0068196181902736036778 0.098142750460845709637 -0.097797566058878043771 0.039760979550736548493 0.99441173594153808857 -0.010683760257161983159 -0.99918594731560028688 0.03890115620213089459
2.9467673682700410431 -4.1503880485897282071 4.0738242393343702119 0.93557728934828654488 -0.0053431022763016991495 0.35308155844451372118 0.2771436028535750884 -0.60851949077381306541 -0.74356940008706329248 0.21882997750048069352 0.79352093898429776342 -0.56783620907851894977
5.5829970486467184188 5.9783394657677613182 -2.7149050555937392915 -0.66799864855909629746 0.0029559014706747352257 0.74415661535022814554 0.12837861716587906091 0.98545699925122332008 0.11132579791459014384 -0.73300527704618156921 0.16989927979020841287 -0.65866341825624086237
-1.1636345470518516532 2.3473762166902454318 2.038401986734268867 -0.99137756814170319153 -0.00092681494737981498511 -0.1310330431590876199 0.10453140352656506429 0.59740808813802703803 -0.79509544200931536739 0.079017106136788639592 -0.80193685364957023598 -0.59216009633921906641
1.2721299767179787832 6.9245976187647748645 -2.4602364123813948993 -0.93195830370219945316 0.0038679395310442852944 -0.36254483750893562455 -0.22861131839515333453 -0.78238322332880005927 0.57932146253651417567 -0.28140821818525707521 0.62278530080401872659 0.73003279641413332257
2.9484421980833745991 4.6906226428472637124 -2.1189992681461413682 -0.9846314281505936794 0.010262325468478248475 0.17434344086921840788 -0.045330218934047428192 -0.97907672018172375861 -0.19837829329204770268 0.16865978165980566317 -0.20323252858255680398 0.96449490272183879824
6.4516783453368935497 -7.370930786772391663 2.5253219129292299172 -0.99382646763444926208 0.017106823720966654601 0.10961892542560203179 0.10141353247256840175 0.54075182698072776777 0.83504655980876729693 -0.044991639898171197076 0.84100821529823988065 -0.53914834149810719754
-4.6205275048075460376 -4.9722959718337138568 -5.792731406269036043 0.98064098288168266571 -0.0063815459183262594062 0.19571034352981164783 0.16742102818912640849 0.54567938568249652054 -0.82109938945365490426 -0.10155521657174808314 0.83796973925841589104 0.53618397409302931411
5.2727628532634636116 -3.1282480360272644226 -6.8236706272278411234 -0.99913045429934665975 -0.0082945617840557029493 -0.040859950272547893024 0.0064859806498050896414 -0.9990017224801567286 0.044198309204880846524 -0.041185766309205139313 0.043894859908355947364 0.99818684319472772426
7.1838252966931648302 3.5716366309708251769 7.1800835720694662356 0.99999168640180846612 -0.0020067806201240034718 -0.0035496420531799183565 0.0040698825638886201861 0.43754081952605461403 0.89918933896284514162 -0.00025136244621863429102 -0.89919631009035039249 0.43754534934894495635
-6.0278399034231506803 -5.8441823531024050808 3.5260072309122456602 0.92806059247893779585 0.0067387951808512373125 0.37236826573575576571 0.075760539686409625326 -0.98234670232254728273 -0.17104179916758485702 0.36464212224312841926 0.18694797424836753774 -0.91218779733692367806
-5.247331435918289877 -2.6831731639088967079 -2.1465333598020253092 -0.96893931856160542271 -0.0059588800797751913935 0.24722679606701941646 -0.028841816079234781217 -0.99016440631945967787 -0.13690360880318583336 0.24561096594132145188 -0.13978175920441560098 0.95923736019984040535
5.345278400228210991 4.4813680756054985466 6.5824854245003434627 0.062623238839900091657 0.011697592239719716012 0.99796868502622448904 -0.67591688104729896747 0.73620306199819351978 0.033784928884804499294 -0.73431239937265890827 -0.67665960263658320173 0.054010020248601887938
6.1344299656209155813 -3.4952403989723688227 2.8673920255878533325 0.96422554232063262258 0.0004502604249897153646 -0.26508281876043110481 0.12028191373218681537 0.89038379552113644522 0.43903184155848767878 0.23622312495888600492 -0.45521038426083604289 0.85847663992441958225
3.7283943560954253549 -3.7639241302561208258 5.426788654827719327 0.82137304786841569548 -0.00072204512196135414541 0.57039091409850273262 0.37223995494161082886 0.75837670481727381677 -0.53507213488988802919 -0.43218483566688070674 0.65181611842707198878 0.62317895951193269521
-1.8801034143752171079 6.2907837181369465895 7.0217057531461328779 -0.68046762055590992446 -0.00012520448105482993861 -0.73277813947934788974 -0.23350721025903514727 -0.94783196543732284312 0.21699988030481154322 -0.69457771352964436939 0.31877037130050378533 0.64493972605894833716
6.5163748291973977445 -4.3469723680356793238 -0.023156615756417017749 0.77077480468861747642 0.00042297774356720146266 0.63710754315646822565 -0.080353903499602405414 0.99207893796418678001 0.096553772790799075043 -0.63202013468670126262 -0.12561529340651644837 0.76470343755785052942
-2.3190467435125019513 -6.8067451044612941047 1.8332254865559294288 0.78375338422503448843 0.003320609322903701581 -0.62106328684718337119 -0.082942556026836797289 -0.9904686490461638293 -0.10996539299413625457 -0.61550886680490390912 0.13769832537224196978 -0.7760077358339732001
2.7540692234829062812 -1.4483142212459847453 -3.8724430421814588499 -0.92224765385537454954 0.012416072654658051946 -0.3864001890503910297 0.36945866982514896648 0.32261883354062542706 -0.87144556888882263035 0.11384004677340342493 -0.94644753123706404363 -0.30212168800972794003
7.1901338163624757271 -2.2414447881348600333 -7.4124447720436208442 -0.95067806972194190962 -0.0017130632367088358212 0.31017458497442318421 -0.037901729136571027379 -0.99184966185158607299 -0.12164582694563341736 0.30785494421592923819 -0.12740217305517759216 0.94286479392473410144
-6.9176945995788168275 -6.8648234106444840918 4.7445800382699605535 0.96312527762092448036 -0.014308621890347263464 0.26867259433604750996 -0.2608924808412765306 0.19441220665649686095 0.94558923817023676772 -0.065763310805582300689 -0.9808155571984803478 0.18351029864653073398
-3.5375392910166008065 -5.7360427881816899998 -7.1323271360724733725 -0.98843005227597846574 -0.0016727446939729790059 0.1516681696429590942 -0.13762568744264880305 0.43022413897959815854 -0.89216946842800981532 -0.063758935950856576724 -0.90272055042762289201 -0.42547668082047429561
6.9647593735082571342 3.4221853850709709199 6.0672343453467618701 0.95248295999660903544 0.0097286360192146530135 -0.30443647047832833596 0.3024782388205624617 -0.14775354680002128482 0.94163464488527570673 -0.035820747565250082856 -0.98897636121876875137 -0.14367543629526496884
4.973600474028782692 -4.8160846673547590413 -4.8663947458165610627 0.97566040062287517909 0.0042609726515610733474 -0.21924558551709774634 0.0089631895608951305671 -0.99975055392267520027 0.020457056586259004388 -0.21910372860714724674 -0.021924279767886783316 -0.97545521786865130309
-3.6826251414777253501 -5.7844959633904098339 5.218667738285490465 0.62615637843490612457 -0.014714856281401709343 -0.7795586332982256117 0.54455936451834996426 0.72381024550289208008 0.42373792256576642279 0.5580172831199895489 -0.68984215695310568961 0.46123151478382556911
-0.75866228304874772093 4.4399558262351250804 -7.2753744509526852013 0.97967045366043381538 -0.012707192021171589622 0.20021071273962981474 -0.11783767297366620763 -0.84413111761886805429 0.52302670973438103452 0.16235789187143181977 -0.53598617849559382353 -0.82846770088440646607
-0.78182259627580563688 -4.8904158604711147618 -7.0079321502584797088 0.98935245253336490112 0.014716755326220534728 0.14479344522025852648 -0.14064314415982409612 -0.15920719551612688702 0.97717581575516421211 0.037433015733799021585 -0.9871354952632463986 -0.15544221860396398305
-4.4493627575564875798 -1.1666417098340855496 2.0128285913608268132 -0.97645806807925406012 -0.0072140944943685624685 0.21558663716367562624 -0.17456605749686643358 0.6135324475370287356 -0.77013286346526299564 -0.12671358590498177366 -0.78963655732223947403 -0.60034804446018175117
-6.7193697847112892063 -0.39586424795526348186 -3.975582293544893453 0.48036573382797204124 -0.010465532917300075788 -0.87700583486354477536 -0.84834808226334335046 0.24824683749919645992 -0.46763130668482194574 0.22260793580645832357 0.96864027393688278966 0.11037085948559202664
1.2872132404253135984 3.6098866755593905786 0.37357432646148513999 -0.90941802476565991586 0.011106554156971305131 0.41573489231274318723 0.38314899488809583961 0.41111313844612690227 0.82715345318334876357 -0.16172725171632257313 0.9115166657015152385 -0.37812916338282015483
-5.131763859933787586 5.6248023728793166143 -5.9742127066546455438 -0.6366300370117428109 0.0074302819773500250813 -0.77113357266035764681 0.55514100143303302115 0.69849329025228701351 -0.45158121307292109492 0.53527625064283868017 -0.71557802815784854467 -0.44880666340364477884
0.47206485658890412482 -3.0467193185296119751 -7.2859820782919912929 -0.9884484976219046759 0.0051022336076880564146 -0.15147123410472079774 0.13559500762841661392 -0.41668440452509619698 -0.89888158337557744204 -0.067702004809668980823 -0.90903689377149110573 0.411179236230432954
0.44163284216539416827 1.4075690627672416966 6.4700582687189456266 0.98343413640571319956 -0.011590240617326007938 0.18089490228964144602 -0.12003632137284987735 -0.78942436777301350226 0.60199705075491904971 0.13582555320417058486 -0.61373840835383308701 -0.77773812122604490948
-4.5984413903291354586 4.1058867882976048946 2.3168762921258574394 0.97750547770194684549 -0.0076020557105737594783 0.21077298169267091876 0.21069216310677654769 0.080608630432027386647 -0.9742233117233368711 -0.0095840214960491061646 0.9967168391517911008 0.080397071359028293713
6.002057687813082687 4.7751490116056443114 -2.2832120339428598754 -0.99442152905623648618 0.0013970325977354959568 0.10546976272599870028 -0.10124111689218204257 0.26794212511846943192 -0.95810085786276355524 -0.029598290490907668004 -0.96343399664273632332 -0.26630598061827143175
-1.0263589227918235025 6.1920551057815087503 -5.3203677507285744852 0.99692999459944175999 -0.013982266802526573113 0.077039483922237944613 -0.075524428565211049191 0.087841924506120022675 0.99326726362493722444 -0.020655424416878270105 -0.99603629076166944056 0.086516246613230068929
-3.2822070257346762645 5.2183758794774259826 6.4391811529206171016 0.99788676502107465094 -9.6832602999601162736e-05 -0.064976879112718155529 0.036451781953824168026 0.82865214516339691375 0.55857576917401241534 0.053789141917088979794 -0.55976389034972195979 0.82690453818594522595
-4.8255606730520623771 -7.3103429903371077714 -6.0537351577405544845 0.99085407360788846365 0.0006519330251683747024 0.13493620640168482727 0.055202943143143390348 0.91052082037108705848 -0.40976148030173642489 -0.12312936239205723998 0.41346270769451387572 0.90215727534766332329
-0.55925265820133351902 -6.7717845851641289556 -3.3553496895102443709 0.99617070608027691314 0.00079008805197401318909 -0.087425969301959227664 0.064525255633362477159 -0.68138883448519960151 0.72907183982403922506 -0.058995048376753705943 -0.73192119247884324107 -0.67883057699782944905
-6.6217979563691464762 -0.28873045179421075179 0.65821845667815237491 0.99680968990329366086 0.0057405893817298863507 -0.079608339690470458772 -0.073800599784458395525 -0.31355178991465015859 -0.94669886791563140349 -0.030395946870974729914 0.94955374817585991298 -0.31212780353394131705
-1.2657859497297714313 -3.3086740126126916728 -3.6014759503254620832 0.85504231316177747857 0.010398141924296923355 -0.51845397225544442854 -0.51355022787765813863 -0.12163526268483837445 -0.84939450570295993437 -0.071894409725246674614 0.99252039853908347045 -0.098663328213330653282
4.2496247749814441974 -3.8825052335707690432 -4.4379638279096900177 0.98926151509186621702 -4.3856668266242793131e-05 -0.14615626170195830658 0.026464207433830870542 0.98352430341630991961 0.17882838229573011501 0.14374039266330618236 -0.18077594603872929047 0.97296390315918102054
0.99116442824241013376 2.3637544628316269346 -1.1184285764462242874 0.89295401995124601413 0.011623828349468776078 -0.44999778318064365124 0.43600010241569131519 0.22632165723450470285 0.87102377588685386822 0.1119688749005156303 -0.97398326170483073838 0.19702684327873687398
4.5357939702648852887 -5.5197996741844246316 -2.41231954015947192 0.82553771047244350889 -0.0044098064303002837416 -0.5643297282575525653 0.56102993205958950895 -0.10184615145782750789 0.82150640701482835482 -0.061097495212426453093 -0.99479038748900128208 -0.081603805292900552515
-0.20400932010857891763 -3.0892648381883449638 6.5582933419467916991 0.99787937691371664251 0.003544884578106554697 -0.064993714493412652056 -0.03235260182487004893 0.89345084406716623882 -0.44799430620376784473 0.056480600966017660558 0.44914699490156345663 0.89167085781990618187
7.029804857158625353 -2.3837830554433998564 3.2999647212137075414 0.93740516069290114043 -0.0059886679086592576812 0.34818917352940786936 0.34649576110728502742 -0.083926396932898522651 -0.93428959505747999348 0.034817412900682069565 0.99645396067988289968 -0.076597989558212509209
-1.7759153807724263885 -1.6202491231976219321 -5.7406976327185628151 0.98121192200563545072 0.0044169606750568543227 -0.19288248902465318646 0.083243693892294259862 -0.91158589175447224395 0.40259365293239746109 -0.17405071542830766185 -0.41108594285457777939 -0.8948266290439255144
-7.0408745817421261037 5.2795475490872556534 6.2376060272410303043 -0.84710062670446617528 -0.003143985539227950668 0.53142322455063573106 0.49489907069906891035 0.35969536243592503677 0.79100831605192611917 -0.19363738806869015829 0.9330645002340227645 -0.30314221142052333313
-6.6520848648999972852 6.2520924838485418817 -4.4654763983811616157 0.99204422475786324664 -0.00089313187860278202453 -0.12588668889154330799 -0.12161145155072067281 0.25168174531861614573 -0.96013902843552489941 0.032540912346828113066 0.96780964109109468563 0.24957080685615737337
2.723685149267023764 -3.9173954380104936135 -1.6151130675990597041 0.97892598615490233893 -0.001762446932965913704 -0.20420775551262887459 -0.12922442649780815915 -0.77964472653259087043 -0.61274394977539470286 -0.15812957100747926376 0.62621960538689125375 -0.76344223396553567706
