1125 14.717824617146108679 14.977075390850430381 15.033177056927090831
-7.1985776977444766445 3.6163437824533701814 6.5616105310328745048 0.85552142150468857285 0.0083757544994804943028 0.51769966590980209808 -0.49558374488296447202 0.30278425866999619798 0.81407520814079137317 -0.14993281546872042065 -0.95302231843652107646 0.26318930716773092371
3.923003904378210116 -5.9749369528747822145 5.7971179470491467356 -0.95669815127734170179 0.0066703963252344421198 -0.29100541774226867942 -0.25449289471310970745 -0.50442609263279869491 0.82509859023738141293 -0.14128699120243851106 0.86342910704017428181 0.48428107874762871266
0.21265934749955781036 6.3430787015036225185 7.4940650374653676735 0.91602575160656474207 -0.0070758965255931149593 -0.40105704591977631157 -0.16552623216737100131 0.90407488626267629162 -0.39401734288434087095 0.3653736291223431687 0.4273154943569569264 0.82698463070635308547
3.4437064348947674652 2.8358652757822979673 -5.0761693098111395628 -0.77235319091053911134 -0.0028637617272836094623 0.63518686019082326588 -0.61794944607780610824 0.23481103491368557346 -0.75033476527135734013 -0.14700010402161622913 -0.97203681861925583796 -0.18312671204975899952
-3.4713424131733878752 0.1733004750067518307 7.5130300821062316885 -0.89020557134850963887 0.0037089740137646680894 0.45554394327207881066 0.17892665658225906378 0.92245594270401187753 0.34214073907439090938 -0.4189502265238282952 0.38608454680528797587 -0.82183905383823097068
-0.4029349973593546741 -3.563583071971156091 0.53389919512384276246 -0.95713684137285115483 0.013404568885709395101 0.28932574102520025594 -0.089735910871586249682 0.93605124013911356062 -0.34022866154099057345 -0.27538433722139049609 -0.35160829536134663442 -0.89472625615114576014
-1.8797203661008603515 1.9682119507404023384 -1.7046623582485118664 0.94306539170594072541 -0.0040519114471823337517 -0.33258269494985581716 0.11318122830951804492 0.94416207014037945022 0.30943172892669951191 0.31275817579219328257 -0.32945647257551252673 0.89086517282546873187
7.3247941024220279971 -7.0421354831147917608 4.1408071934846226725 -0.95168610109972129329 0.0035528946661740942042 -0.30705201825302030905 0.16058903277263211762 0.8580539617957096965 -0.48780586425327071565 0.26173407788609687197 -0.51354724766679982206 -0.81716858535234360161
1.5235403129134579281 4.6429404961663562901 2.8763078141522595566 0.54366173479565294002 0.0038044143584566219099 0.83929580277186277559 0.81638506940061472683 0.22969845067611902034 -0.5298622841992386423 -0.19480076123767012253 0.97325441082397379233 0.12177239109438266207
1.8795836897844178104 -7.1535688886658048702 -2.0153994846560028265 -0.99922885834302344055 -0.013889663409535745603 0.036725548394537732566 0.019032023896171913063 -0.98945114774257170165 0.1436113097824403273 0.034343423255715481435 0.14419952663371246593 0.98895248915091660269
2.0771768137446966485 -6.956349642142623857 6.3059999422156858273 -0.68553058133801125784 -0.0022117976695558124248 -0.72804047277705619123 0.71461691345783762142 0.18912181441553135852 -0.67346537127924099853 0.13917790431826673747 -0.98195114301234676102 -0.12806819935619193074
2.7922894503274258149 -0.74743587909342934505 -0.20032057529481087088 0.48511570181495916598 0.003692556032428413737 -0.87444217698057413735 -0.87414388572580714598 -0.024408473242950871201 -0.48505328932191982272 -0.023134884928895992767 0.99969524929538722269 -0.0086131083490037681216
-5.6526808191373945078 -7.3371774800874325351 -1.4078300799223608664 -0.71217920788921862396 0.0036604958665609858837 -0.70198815988614160499 -0.64963708358731553361 -0.38239406944859871684 0.6570741474741348398 -0.26603089196271301198 0.9239920867738029564 0.27471109934069098957
3.3806491379948244713 -4.8127650729990003597 -7.4802277210005003738 0.98214316125427469917 -0.0020348861980567902255 0.18812408149866638452 0.093176532552607327364 0.87395287819580957933 -0.4769952834932950636 -0.16344095136482567066 0.48600640523711019503 0.85853644621858238306
0.73192667579826764523 -4.2343198323749460243 -5.4071537669673652715 0.93774092776293049845 -0.012488643448163239819 -0.34711091337380656219 -0.28793597078978372394 0.53095810882217386872 -0.79697952508287439599 0.19425454724066776313 0.84730603707324614327 0.49430521989507486547
5.237261991185728327 5.8426954695096204873 5.6810994161498866717 0.98808816875384086753 0.0044565414688911616364 0.15382428289081534478 0.033252131289521973112 0.96978339957656145565 -0.24169082247855624979 -0.15025334117234800946 0.24392682743761090469 0.95808331387337042351
-2.0540433055470326273 -2.1730173651792763501 3.6187273554997738678 -0.50692582815261888474 -0.003158535263807859747 0.86198389103670569611 0.84546075174183243917 -0.19671270219054928785 0.49648789518082303562 0.16799500592558544443 0.98045608593754607352 0.10238916706465367445
3.5364398963853882485 -2.6252370060224134996 4.3019872850431060129 -0.85627530491014036684 0.011667683658790936607 0.51638790396287470585 0.44274761058876088704 0.53147422163631952152 0.72215628852358249024 -0.26602096819442039299 0.84699410676474373716 -0.46025409024457542007
4.8443634911362680739 -4.3668247725527988834 2.7079084017605690171 -0.99951019003674079766 0.0065654252538225738034 0.030598614410176513956 0.016055321770081398824 -0.73169162880221561007 0.6814466868242093911 0.026862737303685508411 0.68160417804767781114 0.73122782893742166443
-5.0889836378021504615 1.8590603299659838044 -7.2483266695445713879 0.91058864173970266442 0.003317192934642303713 -0.41330052233877551116 0.36368265820900219643 0.4686779277972538682 0.80503162926279492329 0.19637527759997552845 -0.88336289045154470223 0.42556639214211300359
5.7852659522614997556 7.1115239853800931158 5.0200585162005433304 0.91457579710532566075 0.0033341550193765898472 0.40440078481562147239 0.18385945711140311287 0.88722153998964925492 -0.42312366869387507684 -0.360203846980954423 0.46133157532144947188 0.81081833121328605873
4.8722656367180743331 -5.3532494046146927857 2.9326247490282630892 -0.94722559137993289635 0.010163870790858333878 -0.32040657728141952454 -0.20509102264519929459 -0.7873904755990799309 0.58133803536863914996 -0.24637644259340182873 0.61637077694059350108 0.74792092755087702383
3.7842007706252558386 -0.56782358303186852844 5.2470767533076996259 -0.79530510336348603229 -0.0010229569906011395236 -0.60620850053676256231 0.072798232481320834797 -0.99292304830202160471 -0.093830898419313635284 -0.60182240728608771274 -0.11875509972027140093 0.78975123702268390513
6.0227913050500028191 4.5214413505948432004 2.4377975132516089829 -0.99597026745760341981 0.0068267096103953742517 -0.089423835616999333697 0.089435620187613709686 0.0014403241549847747849 -0.99599156387391440948 -0.0066705458704973321499 -0.99997566045492713993 -0.0020450710417176942713
4.0538529504086255884 -3.3082711493516425705 -2.7674657563339835065 0.69211332273567249818 -0.0043274452398837804507 -0.72177588052624153114 -0.060433332015842146367 -0.9968182350464244168 -0.051973249468857805888 -0.71925444793426696055 0.079590699812220389031 -0.69017270275653130884
-0.80636109357212903959 5.9343594451676597856 2.0997592923646002383 -0.96889969849724244533 -0.0078147499261670607534 0.24733035384973497961 -0.2469074496347272718 0.096911328802623514234 -0.96418095068534515057 -0.016434280231628219104 -0.99526233930214880186 -0.095826877231637130894
-3.9524736116287457754 5.7171484908147780502 4.1120654891488221949 0.69920397845288295713 -0.012016741692329484595 0.71482123250145157556 -0.15107603104170733155 -0.97976277838169323342 0.13130472551468252984 0.69877738183231319358 -0.19980114118016334412 -0.68686947422540634012
-6.9176755735307846606 -1.526811038865999226 -2.5461862380647657389 -0.96014350047679497546 -0.0077964862079417194402 0.27939877110482785882 -0.27671866790934906977 -0.11434171642510679301 -0.95412407511570140883 0.039385750247511029654 -0.99341088512653785703 0.10762702258110110054
-5.0257408172624238318 4.6236245151759867156 -1.2711603637252768539 0.97979441352730678449 0.0020107998790996738786 -0.19999715974156226372 0.034554291458995640973 -0.98661508472733083774 0.15936334437448337886 -0.19699976691003712181 -0.16305407468777924351 -0.96674943008265834532
1.630584622373782544 -6.4053460651404421355 -3.0478136100176373979 0.9398225545330797237 0.00059073330625069014194 -0.34166243139239471649 0.23358155847203079802 -0.73090973869503483851 0.64125705409173261451 -0.24934558655119801185 -0.68247388588494339867 -0.68706344215989056945
-4.6401254274516370302 4.7421808881790878942 4.703515492592641678 -0.75706233800754263452 -0.010666261325847808603 -0.65325557574337411726 -0.070291256501166438087 0.99539289004023567831 0.065208386859478953412 0.64955042577915433899 0.095284969048891457466 -0.75432421348073697143
0.35430209792675870784 -5.6190726354181155244 -2.342185360845493669 0.99981322212876155842 -0.0038668186768337077346 -0.018935906897291392842 0.018497698047054998705 -0.092419125711703478676 0.99554836164281834687 -0.0055996449584523964177 -0.99571268592705985956 -0.092330336619878022875
-6.8595629489645366661 -7.367777812132130677 5.6638828977692021738 -0.97072932583820636943 0.0069322835870902722519 0.24007607003202283136 0.15878592909384792176 -0.73144142455175642503 0.66315946134506453813 0.18019879211458975088 0.68186903866798820317 0.70893089185516888762
6.3068882583963903343 2.2072936510909717533 -2.4844439756236185168 0.91728959411101662624 0.012943892670629817548 0.39801037194812560749 -0.3981460926721070992 0.010452009410991197624 0.91726247300826713182 0.00771293884817554707 -0.99986159599308499502 0.014741079761042264612
-0.98209742372717645509 -4.5587126353995977013 -6.0852703524712792316 0.75590172925706167195 -0.0021840425603850601582 -0.6546814535820715264 0.65220348128918681496 -0.084474311839241561506 0.75332244731825026562 -0.0569490535518935026 -0.99642326377771983648 -0.062429838235941816083
-5.1383147279881118408 4.7004275817378227131 -4.971995867935437019 -0.973057594694222594 0.010004278057922939144 -0.23034502779146748264 0.010595664490556433446 0.99994297914758001333 -0.0013305440144941299823 0.23031858218936879235 -0.0037353545899209408473 -0.97310811209451886228
-5.6848236331778831953 6.6585674375849759343 5.6812812937114163248 0.99054700012678520427 -0.010236725531175241283 0.13679126430514426671 -0.1237706839800162828 -0.49662270299011584962 0.85909644898681869485 0.059139312871575790143 -0.86790615870903042861 -0.4931951351624966895
3.3364795434963183673 -7.2009760826627351449 -6.2507736212809410503 0.76397386001579337123 0.0023382340746233402917 0.64524295724472535696 0.51263853308125884034 0.60508166741252988885 -0.609161645346777747 -0.39184904697196359935 0.79615997665208859679 0.46106790819198306686
-0.16754883628146613472 4.5775430418919533793 -5.3262642090791390004 -0.99956689652012964409 -0.0018804280397427890984 -0.029368067207091959336 -0.029257036369372831086 0.17097951623535523336 0.98484010420521450602 0.0031694169772242732769 0.9852727891391926951 -0.17096048016348058818
0.71813241232352598153 5.323868461422254228 0.30999633483951549717 -0.97096022584168639735 -0.0056549798761774128231 -0.2391741228398944763 0.097650085322588148218 0.90328483274368231992 -0.41778100934771938979 0.21840490074648230556 -0.42900411669090166011 -0.87650143593281182319
5.8314983068149244261 -2.6297500699502744936 3.81896809903815182 -0.9556503439496092378 -0.0050427741094328445981 0.29446050760389569367 0.28769631611244311786 -0.22971819015686542609 0.92976361662856554791 0.062954346985576573048 0.97324412330113130309 0.22098105496914635659
6.2012929863069876646 7.2778269881746009418 -2.8891104240840168593 0.68712887172688774662 0.0012783791051424583853 0.72653443097084369207 -0.078852440884512570163 0.99422262417837781179 0.072826273682012235278 -0.7222438689293120273 -0.10733004853590030758 0.68325987330990078927
2.7853221616804120231 -6.0932898047689372234 -4.5610574900407563348 0.90667417713601894391 -0.0056376786551134410591 -0.42179396995946893956 -0.36695849616771425428 0.48261299075046587559 -0.79525226390693204426 0.20804662603629370254 0.87581557290238953861 0.43550394218273036362
-1.9504597595060795268 2.5768843329037340872 -4.141200016085957003 -0.99606002621048483903 0.0031637259003692926214 0.088625137653294883133 0.087506389105218240765 0.19722000441371587143 0.97644605674090034775 -0.014389442359118025799 0.98035415065038733484 -0.19671980899518415331
6.0946960793557725111 -3.4038469454302076045 -0.54908054871299449839 0.94456522491720906753 -0.0039544074709063313511 0.32830001300445610379 0.21181655743134431003 -0.75666499646082252539 -0.6185400788379298298 0.25085908768689035853 0.65379082724718795561 -0.71388183359177981302
2.3694696850097409779 0.26304699303784034869 1.0713985482514176706 0.9593798021101979101 -0.007166828244589147634 -0.28202665100318297098 0.27583723037234497699 -0.18593191718337348517 0.94304991623621847729 -0.059196432693491798926 -0.98253649232254391954 -0.17640244785979380948
3.3329055125708162421 -4.6239277942586864967 0.68655055043029622475 -0.99768902933588521353 0.012188414646556424564 -0.066843423694682352343 -0.00036711965089288034481 -0.98473159689959677277 -0.17407914088337705927 -0.067944580107474589203 -0.17365230956119673267 0.98246038567364646354
-5.1739471712999467456 -0.60531029286636717224 -1.4912785651395006337 -0.81275806195225808182 -0.015821066424999318673 -0.58238649245053097925 -0.5369630752778198346 -0.36750212738238691168 0.75935027632678209208 -0.22604200609588509518 0.92988810091675211389 0.29019498833293982942
-3.2054717549783937613 1.6299769569274908942 2.0432169192475839736 0.8861702454233217896 0.00430385662565991884 0.46333980289245241257 -0.22214234030698681854 -0.8736035156391807055 0.43297768776901873755 0.40663875463264975707 -0.48661933200504375874 -0.77320537307346648426
4.7458159095743059908 0.46231231279609252827 3.3524773970227226272 -0.98314629070759629315 -0.0057797616300339377943 -0.18272921338264735969 -0.17356766565942510772 0.34345748206287113335 0.92299037018413099265 0.057425051201236317067 0.93915044181985096738 -0.33867212924010703379
-3.0136714139866547235 0.5171065389809551549 -5.5404302948848425103 -0.94951669988315690052 0.0022201356591198236415 0.31370863494717576847 -0.047388599598353037257 0.98748549449247524645 -0.15042180292454829238 -0.31011668331595809711 -0.15769422679545877508 -0.93752875879331398767
-4.0073145156948823953 6.2387216730458998626 7.3063340921266988204 -0.98334253044911712482 -0.0022100173335357943538 0.18174868261830326444 0.15988522083370121374 0.46508775154674464325 0.87070666674850116795 -0.086453362971473046716 0.88526182521595908614 -0.45698721737734809833
0.16432736082827795188 -0.087212283651347199953 -5.0322497905960021924 -0.87177672668879169215 0.00078659867481385703503 0.48990276593047216158 0.1157612021374730682 -0.97134961952681664332 0.20755544012364898765 0.47603012812584377667 0.23765373531199479595 0.84670893417325532315
-3.2241893434524642181 -2.8491913329098834673 0.77355151966235258243 -0.92857395753250837611 -9.5045645050167125445e-05 0.37114740516208943877 -0.10779653296629500281 -0.95682371838101210049 -0.26994125180153122345 0.35514829701495398417 -0.29066881998262544817 0.88847134124705418046
-5.9827181293789744032 -3.3153030395137954578 -3.7955916377514977711 -0.92015505648671791494 0.0048405050425819294568 0.39152425407990848472 -0.20194981708045989244 0.85079788283432000728 -0.48513836577405805572 -0.33545632115528828399 -0.52547077185672885768 -0.78188843483020642466
-0.80280932119286552151 -3.9009745401324589231 5.691282386124214554 -0.91402027616456182901 0.006823582772554449144 0.40561111113737285949 0.23225970778638110881 -0.81096141624737072551 0.53702607897290521866 0.33259940303455054478 0.58505984315809278495 0.73965033429650173247
-6.8746747291233294419 3.1136024773062356275 4.9005824878554928858 0.85394437987393090328 -0.0039272724246643582469 -0.52034947161782207914 -0.20661053481334407111 0.91521200241331279734 -0.34597554471749436544 0.47758882209052971879 0.40295355460619791677 0.78072872999809894701
-7.0920449210724187949 -6.4278479131751184994 -7.0741417376506463555 -0.99966067396703917058 0.011860608218224419352 -0.023191871346694668821 0.0033878148135062530893 -0.82356622518753630491 -0.56721000999737958281 -0.025827497646066718828 -0.56709611064004294967 0.82324658618312396285
-3.0116883206823494845 3.5875610973210143584 3.8363083571174758646 0.88412178073750646856 -0.00068746001218591718668 0.46725603711909857729 -0.3818794410075090906 0.57517698227571167902 0.72342209780738975233 -0.26925224114443790935 -0.81802870760089418933 0.50826397096371012108
6.5335987684146239474 0.26759505039145425886 -0.71671236216435729727 0.99998518865907448649 -0.0035056547956318199512 0.0041632735738812588072 0.00091882863958126274016 -0.64521884388770012198 -0.76399725081052027864 0.0053645331883189822583 0.76398976032179100049 -0.64520606623545606606
-0.14408010252499386938 2.9041242787755350285 -6.096750097829733761 0.99887476715369105662 -0.0043610853662745538775 0.047224786691368418612 -0.041626588820004258029 -0.5577616173194483995 0.82895669690779927308 0.022725022482358359088 -0.82998973438204992625 -0.55731554273461103577
-4.7106198135383499093 0.59046222022848993127 7.1484341647009443932 -0.83119936512875070012 0.0023773389654881873362 0.55596939094604469478 0.46261760363779624861 0.55760157800968768171 0.68924990606126557147 -0.30837082905795409893 0.83010531166868650743 -0.4645778764917116721
-2.778456506873823173 -0.71553572441001145332 -0.025492911127118791231 0.99824219619915532942 0.0055102012310894680353 0.059009790797492189807 0.050713562300201971145 0.43583633433178936567 -0.89859602952340345006 -0.030670055858999741016 0.90000907070910129981 0.43479077763332690809
-4.2650522125157932507 -0.76514281706572351283 -6.5754568339154833012 -0.99451218542474217887 -0.00018362504697638803476 0.10462064482540132937 0.040871680719395675485 -0.92121344090790846515 0.38690477123674565929 0.096306898802856977237 0.38905753118579772254 0.9161654974241726368
-2.906625283639796109 5.2769479730578110477 2.455501229748897174 -0.97897581251419940607 0.0090313717597430218098 -0.20377633041225171051 0.20361007261616209663 0.10311166623420937871 -0.97360717058554857584 0.012218708662460997516 -0.99462878432635037917 -0.10278270549109426446
-6.5405537612184456719 1.3249591995750884532 -2.8409352446109821244 0.95192038183460547796 0.00063437404712277621621 0.30634487790316577982 0.16862373400811561663 0.83379027719995135737 -0.52569935322027683267 -0.25576087069192143808 0.55208094625383385967 0.79359498852154808368
-4.8113179442236546635 -5.5632158260785056214 1.6634309014474981669 0.99770599214782085262 -0.019174207001462280353 -0.064923824735493684823 0.032108747870762871512 0.97834228453780192059 0.20448814781166360643 0.059596824937164685765 -0.20610367311412894353 0.97671361943315526677
2.6695414827836438931 4.8282800099012535 -3.386590808110870654 -0.98159143294385897693 -0.0058585975615596270344 0.19090294813325112133 0.041383109217668620494 -0.98230869659368624802 0.18263916028041174422 0.18645561681756370187 0.18717719260386544988 0.9644682480652342349
-4.6538653018551352503 4.9104943989620979394 -3.5040593644218804847 0.86198834592303386071 0.0078375959244094718648 -0.50686750101284161474 -0.015772022199861571862 0.99981105279399784536 -0.011362307277209993117 0.50668267664148147755 0.017788501934213649114 0.86194909037026234966
3.7840333473412206544 -2.1756721532578429112 6.1546806465994725599 0.89718788745865085676 0.0022811186626048637199 -0.44164317168391226121 -0.34179646486226850088 -0.62970131463714285047 -0.69760406460391954919 -0.27969460346074836998 0.77683399181668999489 -0.56418071391443358475
6.7738789278707143282 0.52423022459668233708 -5.2971535946325545297 -0.48827415358299181003 -0.0061460058062580442267 0.87266865278603766853 -0.64435704912453917181 -0.67185426535006376181 -0.36526133024795409687 0.58855105486804737414 -0.74065786483605811075 0.32408885057968600529
3.9526465847592198166 -6.2884683780876029502 -1.9165913984211320198 0.65615821079262171001 0.0084261526666544496467 0.75457630651952367629 -0.69533981862592375567 0.39524858082475405885 0.60023420094939083924 -0.29318754926285750528 -0.91853555146622722916 0.26520464107928454212
2.9831535755950029376 -6.1125812880397312199 -5.7693128125260102479 -0.89287974593259822331 -0.00079486238803434881416 0.45029448974758562452 0.3915794479429332009 -0.49511593796597536121 0.77558090739831553329 0.22233149856015049783 0.86882655125510943606 0.44239024467338017299
-1.0109169558617920881 -6.7400223901609059851 1.256880997275579892 0.6021911133133460714 0.0037767220418810087956 0.79834303367476355806 -0.22006670571549855064 -0.96046169735303943416 0.1705402385164020429 0.76742198827101559822 -0.27838653754867209722 -0.57755036804566206587
-0.69890117909082294378 -3.9023341084430631653 4.4714475970206004618 0.98823513119873163113 -0.0030212637477669071484 -0.15291238481589017328 -0.1188236539693663385 -0.64464517386001463084 -0.75519106130600988092 -0.096292599518795193858 0.76447594585075318019 -0.63742000556431210878
-5.3731880963029192699 0.33306977601238579867 6.2384900358839310286 -0.92083485193101699551 -0.007683026373407495814 0.38987709162626477122 0.050756552715460208358 -0.99366190990339753331 0.10029846042292206443 0.38663541977638410385 0.11214713510614719716 0.91538848160859731529
0.10066713211832320485 -1.3513524614114651445 4.5657878939444236366 0.23018659369478641774 -0.0076777872181831643972 -0.9731162231032034482 0.44933892701333433273 -0.88615008285016261258 0.11328088689310045201 -0.86319676827109936834 -0.46333474103303862179 -0.20052994040322508207
-3.9602817960573841738 -4.3167872397982165467 -6.554148840723572178 0.925521321452470902 -0.01223217304935077937 -0.37849789626818852728 -0.17036854265283665755 -0.9060709337497027116 -0.38731127363936762587 -0.33820828377091388672 0.42294897677646237089 -0.84067194542970979931
6.6084912656742140769 -5.0199235242014239589 5.7529438324614261546 0.93010824230632127563 0.011057965533454047757 -0.3671190256472804947 -0.31252661421055621949 -0.50124671248715613192 -0.80689457095143568566 -0.19293981705183793629 0.8652337572119080944 -0.4627577901849935782
-4.5432455899024697388 -1.0285551661627347908 1.5302280866483357613 -0.81574793641696152768 -0.0097826676272533413803 0.57832482537542773127 0.52350766354837308114 -0.43765842401805288286 0.73102313923168171783 0.24595737524542532482 0.89908809540564194052 0.3621402577210184881
6.1873755136174874991 6.9743410168322226284 -0.74856448474060222065 -0.88821067591302660382 -0.007167552996961580776 -0.45938047561695016796 0.27971929456457717 -0.80163953633908724417 -0.52832865720718669156 -0.36447072782650691281 -0.59776473629847981517 0.71402969727846110626
-4.5473844244314474139 -1.7935911177395844618 -1.560819925108974271 0.96267092904540374487 0.0080541873724329342971 -0.27055463854202910223 0.071405591323025138784 0.956591815399939982 0.28254794325499732466 0.26108604692449716156 -0.29131980498347964659 0.92030801763628078405
-6.6045065172291028688 7.0944453312898678732 4.7369150093567435889 0.99608788153991867365 -0.0088620803867840020063 -0.087922669322317056895 0.06813216730359372697 0.71063866150034182834 0.70025045559394127892 0.056275572214378725977 -0.70350135487591491934 0.70846235161773762901
2.7332769812630206552 3.1111506854761383778 4.4346372680486263462 -0.98766097771371619274 -0.0030779468283935896428 -0.15657687998187536094 -0.15549881158623102273 0.13801153146463832067 0.97814770703507136762 0.01859872836571958149 0.99042583943781015154 -0.13678722117606914588
1.4655828255167986374 4.3513475010352129502 -0.43354066607477159678 -0.83398715180086535614 0.0021379633485383666737 -0.55177972030844346651 -0.55177761770422295573 0.0015261084908039668911 0.83398988698508413897 0.0026251155276839840957 0.99999655004686394122 -9.307455041420061026e-05
5.5792838707642271601 3.1994684612069161922 0.16208015170283451845 0.79427262527356157218 0.0059475390905015541182 -0.60753240532480834446 -0.17751202377547115052 -0.95404846889223982043 -0.24141458203589130638 -0.58105118376631414989 0.29959330063138667199 -0.75671882232485276898
-1.2595523570135898073 -3.4543816886461917726 7.185552605857086661 -0.662050815645420343 0.013854022376683141834 0.74933089057329416161 0.73100020984640567967 -0.20859799424703609483 0.64971191308203568582 0.16531004418314479421 0.97790334024382319367 0.12797517896864066267
-3.024269214021515495 4.615868216824379644 4.9413531712711780131 -0.44960552527489527908 -0.0018287424688619097549 -0.89322535081756004871 -0.78385864641254254792 0.48027738045795048683 0.39357243331411001508 0.42827618902595671058 0.87711475504720248786 -0.21736883951478230825
5.0220845235575621857 -5.5342843402497132743 4.2679303512023265554 0.99362684773330645083 0.01549921608300901775 -0.11164883234678241175 -0.099717843248171039727 -0.34095108065926704732 -0.93477735976817544206 -0.052555106331478501636 0.93995326208173413107 -0.33723259910695330133
-1.6134348827310285301 6.4808056015040813591 -5.8664823458774399967 0.9462335820022526045 -2.4939801721328945516e-05 0.32348416911691268982 0.19271908378736185563 -0.80311869409581659873 -0.56379049117361890175 0.2598102442848811422 0.59581906865404177243 -0.75993307231159634707
4.0066275341589703274 -1.4056667042648651744 7.434209344487219262 0.60483611943891291141 -0.0036360162080594444003 -0.79634166537253181506 0.37329087791986764744 0.88461495156474923007 0.27948221397805383948 0.70343954188255475302 -0.46630801714574754424 0.53640436618440112682
-3.2571016029830119898 5.6889757223886201487 -4.7036307804862680371 0.98853293672673014925 -0.0042418798899160597288 0.1509458163093938543 0.12723754396020783841 -0.51492531844714328759 -0.84773965568989884112 0.081321832328754131702 0.8572245463571414037 -0.50848091086053770482
1.0000308324671582927 -2.1066270851730330982 3.0538922053793005063 0.82681928983346653084 -0.0099843952602910422678 -0.56237903037930270234 0.55458806876321964374 -0.15230068385536310593 0.81806880864805187059 -0.093818633248342483966 -0.98828377177230841699 -0.120387916781280635
0.024206571843241687925 5.5002745409463535964 -2.7199693647997529311 -0.90862638747218071877 0.0059008210007241409037 -0.4175682798064991319 -0.33768669666942491281 0.57789435675993650054 0.74297093302329242359 0.24569449094667894506 0.81609024791157280809 -0.52309743297195387957
0.09001241667919510081 2.3755726323189483296 3.6907216347527684874 -0.9984788520146353763 -0.0029676557038039786708 -0.055056108646105800242 -0.022622788089046750454 0.9326757632083727545 0.36000573631925197882 0.050281125073953644722 0.36070363699761021081 -0.9313241619962862039
-1.3500294240827601655 6.3359338612822755366 -3.8226693520243890667 -0.97635538849024394725 0.00082664783179621417059 0.216170007215360227 -0.096291977966347155893 -0.8969671936923439004 -0.43148314963527223398 0.19354072012231959832 -0.44209633576082718598 0.87583835241517948855
-5.9550910444172737712 5.9099503057924520633 -2.4928624918581960834 -0.71619860567044080213 0.0013058939683905455148 0.69789530151496115273 0.41476740977085413409 -0.80343762393528062038 0.42714866292319192409 0.56127315366735264224 0.59538750330024037272 0.57487926374694686693
6.5654067093398156274 6.9654826298686769448 2.9191355419297351226 -0.98392230595859275777 0.007391241585517035681 -0.17844401190561381965 0.14876503976590466083 -0.5189338308409078282 -0.84176994609701238925 -0.098822359719913668852 -0.85478245697753396648 0.5094910131326012559
-3.6061904430605458138 -1.7246242514790275369 -5.1816208569659751859 0.84520343781193518762 0.0037591843373456553662 -0.53443148975707610582 0.17262420843619147304 -0.94829668812328427041 0.26633489060956921923 -0.50579840981618218176 -0.31736297803518992433 -0.80215254708811345452
-3.5223211118703288136 -4.2520813130915708911 3.9889501466152261777 0.99516901634694632239 -0.009787836075236222913 0.097687395133037813189 0.090403043166624910687 0.47940052887256845437 -0.8729275014013422318 -0.038287317601654928534 0.87754164071088092136 0.47796940292162332087
-0.993639202429284496 2.6065887707747505964 -5.1394804746551523422 0.99803225126496386554 -0.012356377631664529695 -0.061473127191184064044 0.059865676386362615125 0.47933926845083679735 0.87558549925853357276 0.018647418739627864837 -0.87754269733893863759 0.47913577211632984998
-7.3548732796966991287 -4.648880121173211144 0.83572056877007738773 -0.83217344347866861742 -0.0064896894656515814043 -0.55447745120915814532 -0.35667830528395494394 -0.75936008592982739973 0.5441992708893168551 -0.42457972927183762479 0.65063825880998482631 0.62960456610801818211
-7.3322483443153103622 -2.4693254771837147565 -6.9397167180104784023 -0.9401597553097713611 0.0036491418591336893806 0.34071442332185097879 -0.34005996475149302682 0.052814457563124916906 -0.93891951382721416941 -0.02142089795192169549 -0.9985976751605716295 -0.048413100447380716385
-3.8978725160892313539 3.6307894425603857158 4.645491836106569572 0.98657912761379285005 0.0038386190972680275454 0.16323875140483939949 0.12057726717675554262 0.6569927751372003355 -0.74419192152136659502 -0.11010334961739901005 0.75388709925354091546 0.64771250874298080813
2.494043080816527258 7.1900695501913647334 7.4102554310216230959 0.99947402029511589472 0.017713858451160698071 0.027164351158618853938 -0.031847898842302414801 0.37819437534575811588 0.92517821299257574363 0.0061150710888557696654 -0.92555671553706442278 0.37855960195193427698
4.6807793870961598159 -3.3112499740155167949 -5.850318466097631287 0.94690994384441040665 0.0061292098707065659213 -0.32144049376967653853 0.31683852091253505989 0.15182988097637442615 0.93624838526363618474 0.05454273475440218899 -0.98838763652185357422 0.14182725427936365703
-2.6892063951707139147 6.4098441257835752083 6.1495035221095690758 -0.99642703418599620768 0.0025021858153176884491 0.084420996259514366478 -0.083425791531832715897 0.12664157788239885361 -0.98843413946445479734 -0.013164454055830264803 -0.99194538650963270943 -0.12598034502185692651
-0.96874425186989110426 -0.04652464313064245266 1.903225680396924524 -0.98963031805306034272 0.00098800595757214193862 -0.14363445768431326588 -0.060854023982400140547 -0.90868244870966508042 0.41302904882358593142 -0.13011003556678440995 0.4174868036851424602 0.89931982486400696697
2.8367364534984886859 -3.9893891217353130152 2.3113376200338331401 0.97540817277854541256 0.00072296299652760474645 -0.22040502217778948357 -0.22034529806393365892 0.02670652216310216015 -0.97505626057937011542 0.0051813220137172273649 0.99964305579460321916 0.026209061481258046078
4.6872475986592059272 1.6826042156977727426 -5.3470133904441405903 -0.87744245658890895889 0.00088921496729405728569 -0.47968108642309670309 0.2605488082967631347 -0.83873781845366168763 -0.47815603142775237044 -0.40275185147980779865 -0.54453473827869880441 0.73571248795796795328
5.0734607775162290366 -5.4903601335998351018 -5.6301931048602398278 -0.96490562735130713801 0.00062004553267505386344 0.26259616495526361124 0.2624500903093578974 -0.031156381547049000202 0.96444244513886456804 0.0087795445377964811962 0.99951432977848087003 0.029900236876611085979
-5.4280103117550879688 -6.3818773147773617538 6.1286641002330775052 -0.95263121975166598077 -0.0059468358077349962182 -0.30406971946972982668 -0.062760132531973711334 -0.97444485795270130435 0.21568121052613054012 -0.29758179534220557949 0.22454811055390236363 0.92791336940881352646
-0.62333577052230770832 -4.8403132750741830748 4.9090419046929412161 0.97796016357185044932 -0.0046348939148913217284 0.20874011647228954414 0.19442709618012543604 -0.34419823270748678423 -0.91854541579171611332 0.076105339743155031584 0.9388855597778266171 -0.33571101099483890984
6.9985485234640529839 2.8600840522360071461 -5.4902134007357554779 0.74135264155788649365 -0.0043774505080669268153 -0.67110140722712063877 0.29644678499389442994 0.89926871558686138908 0.32161324729209544993 0.60209265443295434395 -0.43737468501730597525 0.66797291890026699868
6.6758210730025560053 -5.3217994898387557257 -6.6398426133019032847 0.92560087999094198263 -0.0031686475702251016423 0.37848774172067306543 -0.1825095243234088338 -0.87977214964681194065 0.43896610146691134036 0.33159204527772384585 -0.47538502750760541771 -0.81489618426532173245
-4.5616014442972181442 -7.1875087768291150425 -7.1165144229861354574 0.96332088953902050843 0.010458564756244514982 0.26814824668617015524 0.26346841284359545643 -0.22662832895872361827 -0.93766944919142658499 0.050963312405340979727 0.97392516085002334147 -0.22107130490421492142
1.7954324446464386966 4.7170451720979862387 -6.2561043402707605665 0.99145132668022939448 0.0041465141645540435841 -0.13041116993685525349 0.12863829241610394427 0.13614444389314450667 0.98230182740398419572 0.021827884649753052232 -0.99068032019277130207 0.13444718901632563002
-0.25131677742647096085 -1.5108066808616451571 -6.1330739065182413583 0.82726786732962576121 -0.0017468096544275596611 -0.56180497002052198763 -0.29270814384801419061 -0.85488580588658547033 -0.42835989707108568236 -0.47953083134334650861 0.51881326847889908116 -0.7077308628578009575
-5.4282848511348174014 1.0781242591316233526 2.1568799990915925591 -0.9987956367565767879 0.0094037763942376919463 0.048154386981610182439 -0.049055789750295730745 -0.20935371239807687438 -0.97660869983689480023 0.00089748984497586142828 -0.97779475969880813579 0.20956288415964510752
3.6377514438054694423 0.44406272573317573382 -3.3969574162893603209 0.9757638129495522783 -9.4746321030565565369e-05 -0.21882635207242145947 0.19832654345047187605 -0.4222108382389632153 0.88453637021692621545 -0.092474664104255629993 -0.90649765531787529493 -0.41195926667832982737
-0.4568993296069895349 4.3699658960405542985 -0.28275935942355345798 -0.86364550785669269573 -0.0025993501745701216507 -0.50409292807754313426 -0.3729859502654173653 -0.66940714641748721991 0.64247611101868629113 -0.33911342890487350399 0.74289118698758671577 0.57716095383565013677
0.36902449264486664182 5.9483928956216356454 -5.3667254689214818342 -0.78035345997723470912 -0.005105961106890597942 0.62531784450990257618 0.15419704246249685275 -0.97066085371594079678 0.18450143403035718093 0.60602949564959196493 0.24039849463883705694 0.75824587976339630213
-5.1037404911958779152 -0.32318205807493627368 4.3262550713724996498 -0.93375541133532469207 0.013473760240366923838 -0.35765806238210917645 -0.32671819424165371437 -0.44010346154000096197 0.83639952456462773878 -0.14613710464292198332 0.89784597839805435626 0.41535111137569452611
3.2421069653246266107 1.5878273581777564427 0.19622158521683405463 0.98300310489619646681 -0.002891442371191300497 -0.18356616062195849071 0.11042332449312852738 -0.78948405226026618919 0.60375625929242315859 -0.14666828277569832206 -0.61376426320521426661 -0.77574599195865745482
-4.6826043715014860069 3.7207559748846255054 1.1993959762462402807 0.99479984110892727411 -0.013161546130585316527 0.10099529609361827809 0.098182720273009838063 -0.13974644189393112259 -0.98530760954013618669 0.02708190483289167963 0.9900998463192118848 -0.13772750178957701706
2.5849726223904494482 3.1373757005799847164 -3.465537670836206896 -0.98868339097608626265 0.012322283155700422888 -0.14951024629092479756 0.10059858411986533078 -0.68487247161202702284 -0.72168526554245726601 -0.11128826209991035667 -0.72855875464220920534 0.67588243338101516855
-4.5145503656863441577 6.7539491799235005232 -4.8633613096166863343 0.98786599169503874762 -0.0017030179980376629594 -0.1552993309131383004 -0.14130260578796730031 -0.42483819657578225648 -0.89417340618461749191 -0.064454294270445924853 0.90526769878311497131 -0.4199238472511488407
-1.9093763100076215355 4.6413752791838387424 -6.3120397422355907224 0.99989722720358797936 -0.0071577354134384268622 0.012421829751247885631 -0.00043585571883081666855 0.85087070732170888565 0.52537496081514534207 -0.014329866029031029448 -0.52532638068683246146 0.85078014121994727237
-3.6521287523075622872 -7.4731969486304699046 6.0110426771437115434 0.99616282959127677721 0.0035783332401729383426 0.087446054639393200336 -0.016302350972239195576 -0.97409000328722761264 0.22557238050942868268 0.085987500798375776645 -0.22613239711981136804 -0.97029391870670755882
5.6397195229898198221 5.1882349056328411763 -2.177439671663481402 0.8151384583398819661 0.0082584188865954498426 0.57920729644300317229 0.56939230396821260971 0.17240705751904453202 -0.80378368402167377216 -0.10649740803020768531 0.98499117002893221695 0.13583334291604129418
4.1157301344029084689 0.052369178201753255331 -1.8723537194068047285 0.44585240479335319641 -0.0063416529853949979434 -0.89508402766289318908 0.12324897803530004969 -0.99001530193718068062 0.06840607680194579765 -0.88658069150708018746 -0.14081720550977588902 -0.44061910090139982943
-6.6592913354230152123 -2.5877847591939158178 -1.4015613043950851946 0.78639414291766485121 0.0010615832821653996103 -0.61772414962159372109 -0.074780285200949800362 -0.99248042113421786059 -0.096904708917972454119 -0.61318199658016270259 0.12239888359851706923 -0.78040140463984397634
2.2131254267776507838 -3.7362529651257081476 0.32944484892926617636 0.99515732463413741904 0.00048100465440848762244 -0.098293783432710515879 0.0011437855865601455341 -0.99997699018001906524 0.0066866183670358340929 -0.098288305415878574056 -0.0067666642576966976735 -0.99513497640933978872
0.64275131830206244654 3.807264988538783701 3.5105442701682871842 0.97382182062201172457 -0.0097564885881812127288 -0.22710322016857051319 0.19171595919459705204 0.57204009084639317884 0.79750556452891563364 0.1221312927574049606 -0.82016763249647550715 0.5589355973048384385
-5.0496933518813333919 5.7196006974609634455 -1.5448308026229256029 0.9543315944283042862 0.012737264279780823387 -0.29847775457263886478 0.29805526685409505783 0.027473467707381987735 0.95415316719729692529 0.020353520005634468532 -0.99954138016933935518 0.022422389537807778381
4.5476179423874576457 -3.3815333726866150243 3.1320652148690895089 0.89812071980456931186 -0.0096740219712762864912 0.43964256613369251392 0.33524410656637826378 -0.63194204376996809813 -0.69875649716373877673 0.28458840747685232309 0.77495526749275744915 -0.5643170843727312036
0.42673821230786057601 -3.0271783038906536767 5.4244440420891999466 0.81400757994612782387 0.0056948154099811035267 -0.58082633279477757782 0.21021961912641531911 0.92927812818845623166 0.30372664059153492433 0.5414788744953202837 -0.36933687813177601411 0.75524227829699197567
2.5438298789982010106 0.14082088829773475869 -6.3014515758653448785 0.99904185795079170074 2.3422962728259465182e-05 0.043764889049668721788 -0.037461393291760222701 0.51748476342370397507 0.85487201593984918357 -0.02262763962076641544 -0.85569242083565721924 0.516989816968796978
6.6681604013033011213 1.9638980634420453164 -6.0795310088117258118 -0.91493044750118890374 0.00034364533643702890528 0.40361139496194503584 0.33142610474577255397 0.57135015764392538262 0.75081005217916363392 -0.23034542176541270009 0.82070632949191746341 -0.52285954844834070521
-2.8106898929230808015 3.4896570625759983919 -4.6220239409721939339 0.96299674243874167079 0.010102740100819091601 0.26932361332581838953 -0.17992709679966259473 0.76809533667728990824 0.61453705633741273484 -0.20065770329009680051 -0.64025579920615438567 0.74149106379865781236
-1.1148881556519234515 -4.2807123187347544402 -7.240905128381703193 0.94717696518983773846 0.001710869686147818312 -0.3207068280200890964 0.20348019096767591685 -0.77614633339108651811 0.59681880084956839827 -0.24789434946676169869 -0.63055050716707794489 -0.73549605669505768724
