1125 14.717824617146108679 14.977075390850430381 15.033177056927090831
-7.1444627768060300355 3.2102441660531191303 5.1282422705956189901 0.96874771484913713149 0.012418394684601676697 -0.24773705505635093549 0.24714328731007181861 0.036906098464452127828 0.96827585709534502723 0.021167439904215806096 -0.99924157407981573087 0.032683575666039563212
3.0093602971633064413 -7.3413792142292502163 6.452512604877260749 -0.92322899531764857084 0.002898569092654330534 -0.38423927506432792311 0.25280757726197328195 -0.74848057954609681364 -0.61307842151004310338 -0.28937268544849581442 -0.66315037535965282167 0.69028619323934914398
0.66032117385534805365 6.2482357632926959212 -7.4229645360010447774 0.90015476101459934721 0.0069905412182088592574 -0.43551410833192466532 0.30569380893702985391 0.70211915009445102775 0.64310185371233918872 0.31027842561206642191 -0.71202516205832899754 0.62987893058555366466
1.955448675409345638 1.9733082451711556615 -4.2779242834122976902 -0.62290383202275467767 0.0021965622910530865734 0.78229533500173531468 -0.34105118881444845824 0.89919976722627947829 -0.27408733138978913502 -0.70404183303239775693 -0.4375328030378351496 -0.55936584057859717323
-1.3028950763513331701 0.80300857247575507802 -7.2543456968269373064 -0.83660587830858279546 -0.0059405677087418073262 0.54777304975223239936 -0.48989221519317116549 0.45559145448940685519 -0.74326445097919580096 -0.24514530767015135782 -0.89016916159316183954 -0.38406072680734271163
-1.3471716960404158669 -3.2421267738572985273 0.9383502403025755223 -0.9634460060649466806 -0.0033654192516220805126 0.26788144271445391009 0.24365362581101587813 0.40469450118037836317 0.88139393652521824674 -0.11137640695709392913 0.91444575272000583332 -0.38908130423563230815
-1.5578432212801629486 0.84388287834296693557 -1.1289441046077179909 0.78384136998475983926 0.011690927641137348336 0.62085105211417468407 0.23035207834147861106 0.92300957541592354438 -0.30820649521754200917 -0.57665468584258738893 0.38459933164447263065 0.72080006062327484084
-6.8356379460542608939 -5.6067977978115424165 4.1751505701479434407 -0.87940857813575679103 0.0050381728882611092474 -0.47604114267083819101 0.39517811065295616046 0.56532674050380549158 -0.7240441542697068078 0.265470927903824927 -0.8248516795673962454 -0.499144160691600558
0.65812671918032916718 4.7744357324986452795 1.7774053943101870701 0.98697835472397710266 0.015873782931515222072 0.16006795532488285461 -0.12114089366556325678 -0.58132427211085468954 0.80460361330084884113 0.10582349072094843212 -0.81351712561581024374 -0.57183150939884885844
0.63686730649447231833 6.9293796733277934763 -1.7178356324982315684 -0.99889103358152697698 0.0060541356343683091698 -0.046691010614021331848 -0.040139495385275426875 -0.62781736245544528252 0.77732501587805713505 -0.02460739605601810695 0.77833714214428517675 0.6273641440328830976
2.7386738816619780046 7.1527330332468759266 5.3026408265370230666 -0.91298343371035473037 0.0030228940533457981932 -0.40798543096782041717 0.34157913148454654984 -0.54120227408191090568 -0.76839039261494634925 -0.22312540578055284346 -0.84088700824795148403 0.49307615299778684292
2.8499387610824316042 0.015161015911557100544 1.5308526565455622404 0.47267332096034109234 -0.0069764800649680727695 -0.88121011136857285706 0.25584454207626616817 -0.95581199693399465644 0.14479985085176350079 -0.84328138953852316284 -0.29389582379273465618 -0.45000193645697378342
-5.868046929715284854 -7.3560807288295171347 -0.81110744639648701959 -0.97306112938101796406 -0.0015286714256430855574 0.23054219061039846195 0.18598458714328441888 -0.59614055640172713968 0.78104172126611792759 0.13624159362304166798 0.80287863352862898214 0.58036551240604139501
1.5391084960621150834 -5.5177055793304257136 6.8187316634577337382 0.99686032736457319547 0.0039153247023613136149 -0.079083234374795779997 -0.040138676693031803688 -0.83594531450955966712 -0.54734296175520325001 -0.068252284650725345005 0.5487987804124279112 -0.8331635639284441508
1.7532154527694483459 -3.9069463028121651504 -5.672977503604863081 0.89603788435170805826 0.0058723261908445413201 -0.44393876333529996847 -0.11570127412744729556 0.96845050994995551807 -0.22071888216223961576 0.42863658846600560803 0.24913676076155760741 0.86844778165726477237
3.7206750394054561859 6.5039416256208779643 3.8380689444316717918 0.98186778284901554681 0.002541089609541150908 -0.18954999305408148924 -0.09181835888122961975 0.88116608264043816412 -0.46380569614482619611 0.16584645300860714756 0.47280003983458418482 0.86542190656158679563
-3.5673705984716890249 -2.1372726927296477051 5.6732545689864988248 -0.97920214234416702581 0.0074640785816953054976 0.20274972739691918266 0.18278406410335451548 -0.40124646399794955398 0.89754735866084489615 0.08805197521038464481 0.91593971562552012333 0.39153708253689673002
3.7766522028020825807 -1.1004692448820601047 3.6012671804814471166 -0.98132442974885569775 -0.0065401654717241117232 0.19224877064304046748 -0.022366592124920026824 0.99652232889695491203 -0.080268197728972312532 -0.19105522535353064439 -0.083069093202911115092 -0.97805798735029592095
5.1474184649386707235 -3.9018960168129797061 2.4732286841281374556 -0.91786330692877449167 -0.010057888411689657263 -0.39676918816149508995 0.13168725098102568305 -0.9507669605020122594 -0.28053636974001500137 -0.37441343154690748252 -0.30974348370633730809 0.87399860216065472507
-6.0887437332980622884 2.0322683461611461553 -6.0377453856343379357 0.70401830394492259657 0.0028064836892901811639 -0.71017628189039361253 0.55801190261040012341 -0.62074947162810367729 0.55072026476093671743 -0.43929596430608158775 -0.78400396499170699194 -0.43858504149355648227
4.5355806251035142296 -6.8141117603329712793 4.6890181952892548978 0.95107072487187882537 -0.009705951637571165122 0.30882077455138579047 0.2477048791062237687 0.62137932362249537199 -0.74332363681056423665 -0.18468018074138803364 0.78344976270157817844 0.59337989531506640795
5.6483793007692879584 -5.150676866147778199 1.0103292675407253842 -0.97689310273501039905 -0.010474405255719087399 -0.21347166712003570743 0.21327316514111821499 -0.11293478429564851595 -0.97044334792240338761 -0.013943559775550713395 -0.99354719129517921061 0.11255912139910169423
4.8311827970769165574 -1.2335613388098962684 6.7298752364672420612 -0.44384593270160022094 -0.0031556312966095076758 -0.89609755608160401863 -0.89473625067423845358 -0.053650926868227352684 0.44336059790596693553 -0.049475547026537884665 0.99855476566753820222 0.020989287961309468361
3.7085019490125796793 5.0364554631179787592 2.8641613194838368983 -0.96935758209837663557 0.0015422600472915748947 -0.2456491389410054571 0.19368647315996090352 -0.61028527310593994049 -0.7681389428644265216 -0.15110072184919082217 -0.79218022372689367305 0.59128594181893656678
6.3384596720263122194 -3.1930993869515771344 -3.662636181014945258 0.89699508854278553471 -0.0035751568403407391755 -0.44202605057127497545 -0.10047568688739649811 -0.97544200182754647876 -0.19600392193808727215 -0.43047003086692281482 0.22022742636696207574 -0.87532590113700114998
-1.250582181562908568 6.2125317661414829473 2.6423994996566086968 -0.98545712838820598289 -0.0053173784084411916673 -0.16984102447768106847 0.070850742683850206904 0.89562418050402714531 -0.43913266737690159758 0.15444876292774090132 -0.44477978009714191909 -0.88222249282520914804
-3.6483788684880282815 6.1707795183673930239 5.0799272218737989704 0.95657920708434618362 0.0022628433730652154979 0.2914637200646053028 0.18305279077164296475 0.77350359626110576361 -0.60678156066402944013 -0.22682128728302919374 0.63378787153985061131 0.73950323699376807607
4.6872401654597508625 -1.8547769654008918749 -2.4400446060736817877 -0.55497616438834218577 0.0081165711527369649447 0.83182665155273149971 -0.17852581800418212965 -0.97781568944581875868 -0.1095673755252706133 0.81248383938809032312 -0.20930981521727390349 0.54411341831188075879
-2.9875759716650134301 5.8201930406146420438 -1.3293968070748758414 0.91732457667850797467 -0.00051218934669462691696 -0.39813987326544830747 0.014365145306163933786 -0.99930547689904147823 0.034383229049551197742 -0.39788096664966210447 -0.037259918164317069877 -0.91668011589450759669
3.0217313594646100228 -6.4806964454977302736 -3.8495767352954151086 0.7083620247236070977 -0.011032608803053609026 0.70576307885319478075 0.65802863082519680304 -0.35144656342857244491 -0.66594566900644602825 0.25538512670804203175 0.93614293491821132243 -0.24169162678733746574
-4.42065801837984651 5.9293824750676860091 5.9948902639113113011 -0.99751858866113596314 -0.0029789846899819383969 0.070340535437444229316 0.00977077203092918678 -0.99529370486611667967 0.096410440657511142781 0.069722286891061177605 0.096858488033204764855 0.9928530787616374198
1.3392412740293986317 -6.5620596528895589472 -2.9455721765916331734 0.98261501353107338907 0.0030094346343349735046 -0.18563048910864646257 0.17966758264466956008 -0.26729235157646702437 0.946717676255910634 -0.04676852499423063414 -0.96361078350751483423 -0.26318617550695255769
-5.5189282512452164653 -6.16398195149046213 5.2118176098744672942 -0.99937296279527376708 0.0041499428058073186548 0.035163321921632184619 0.014816022613931389973 -0.85296903743894736394 0.52175119227881028294 0.03215846245954196575 0.52194501544243576685 0.85237270847156465514
6.4463803700214823422 1.429202850747507858 -2.9490793522700622376 0.955968341824965262 0.0059421134897506546965 -0.29340964659638185674 0.23592457996011056975 0.57906245382251830822 0.78040135003967137095 0.17453974332281274595 -0.81526153218483266016 0.55216348316461461021
0.28439821016357075267 -4.6925805432166720621 -7.4972599096147840569 0.91854856467748557947 0.005657381615515752471 -0.39526766673007263098 -0.3500710536346777757 0.47610927277784725886 -0.80670330220104113916 0.1836267729284406236 0.87936792891727255661 0.43930997468270133188
-4.5411240982765850305 5.3402462932863583589 -4.8075878527493385306 -0.99887447087547798219 0.0080557174347706192452 -0.046742880202805717205 0.035050959776582152339 0.78931068779178226169 -0.61299271476610461828 0.031956558822534349151 -0.61394115642636482022 -0.78870465625218144634
-6.4145318820096788315 7.191720306307547439 5.9112675389940010362 0.86390969344195878143 0.0035565404190848045815 0.50363418529448178429 0.50358697707706501223 0.0093049039464845727937 -0.86389442368890556612 -0.0077587431540280787229 0.99995038366047994671 0.0062475692774569052332
3.6867392690228064644 -7.145446369189178526 -7.0319973148661505391 0.95469682306883352219 0.0004528556140015503953 -0.29757985641506234931 -0.29356436488190995604 0.16516401567669974915 -0.94156296209922196727 0.048723091996714817942 0.98626601018556159239 0.15781450332259397418
-0.14432575106350906124 4.5991288280881486017 -4.6289253579587832377 -0.50577502846082367238 0.0024554991094878648311 -0.86266192167589295092 -0.75620322711360055123 0.47997540561213064558 0.44472495917203691551 0.41514852750373376633 0.87727850796164974501 -0.24090271808320479208
-0.23969467054970208797 5.7355970983111719264 1.5159427862755734395 -0.8489212007786591796 -0.0011205677776360747216 -0.52851824868828289894 0.34677354121890463512 0.75347168260866670408 -0.55859514374657670555 0.39884947784731095144 -0.65747940487492673167 -0.63924950229651167355
-6.7430494431495127117 -2.25570839886935115 4.1659720122069678894 -0.95365562403288017812 0.0056756067532526188399 0.30084670222310327947 -0.30026408955401517886 0.047029333433030465206 -0.95269602619145321576 -0.019555747871146986205 -0.99887738450956808922 -0.043145607428465654332
6.0839597742031772398 -7.248646017209137149 -2.1762683030393565886 0.45757850658626164631 -0.0017327583924088131671 0.88916753643988000189 -0.87103478026871816731 -0.20180518005993566821 0.44785386105647639887 0.1786625922583878201 -0.97942415063622423332 -0.09385100573883818631
2.3709860735436181223 -5.4327860314376641426 -6.2753543637889102058 0.9896493653427642645 -0.003420679921469659511 -0.14346578904253995401 0.052124738578114171439 0.9400061975090860944 0.33715183563572426184 0.13370544231584369221 -0.34114021690982931911 0.93045483882989232782
-2.7146281259305347078 2.3848535420111174332 -3.2483939589375712131 -0.76082775924254397726 -0.0024739898738468969752 0.64894915065833325141 0.54150189149181993109 0.54870063201399932318 0.63694844213503709618 -0.35765461310713025922 0.83601524854605702153 -0.41612700215391468239
5.9495362752543163865 -3.6440395395910218923 -0.54329686906580532124 0.95999995722610631521 0.018219000805174641322 0.279406782551201327 0.27817935838917595692 -0.17567428268739512798 -0.94432769257732396273 0.031879879111231593236 0.98427974398134332468 -0.17371545382003239499
1.4748685696456151906 0.17977251551540593399 1.7687616822741971667 0.3714151403430097087 -0.0047619795871583249502 -0.92845469306506989149 0.33496647802605999944 -0.93195385156241139502 0.13877851835531657132 -0.86593778767461082602 -0.36254564141429090895 -0.34454666704054404125
4.7772422666452092344 -3.2935286555289264854 1.4114303856987382435 -0.98943014204011281443 -0.0086301252212993631585 -0.14475328998386591262 0.14484647939385811299 -0.011378987334749884192 -0.989388708271120354 0.0068914025915582698481 -0.99989801459240423842 0.012508756309920068123
-3.4475683190320780547 0.83778924842832480646 -3.0132200206030503864 -0.54841721766301798624 -0.0070501781327577976374 0.8361751313924035145 -0.35498802967514270224 0.90734797011557222213 -0.22517362171103880164 -0.75711429398610907704 -0.42032125346621285189 -0.50010797806722750991
-5.4118660477042084267 2.5404588394960256892 1.1613583570052519178 0.99998256599951573786 0.0011044188107942739738 0.0058006858221526739344 -0.0058648714786287909143 0.071592629260713525063 0.99741671267233456 0.00068627943013168399376 -0.99743334398571381616 0.071597858389216090247
5.9991849109096611059 1.2289724525067344807 2.8088657507052814388 -0.92102822350226776216 0.018176344996246852903 0.38907149984914951579 -0.14591014396473075965 0.91006995689438996422 -0.38792125933815846395 -0.36113327373763709494 -0.41405590690257010333 -0.83554800254595784637
-4.5974314118657231276 0.072886601925371552468 -3.3290915895804076285 -0.92776075123157419888 0.0019912356548672420845 0.37317023388067815937 -0.35761559972425199794 0.2810027263869044889 -0.89058887855003787681 -0.10663522545568773769 -0.9597049039906627721 -0.2599912035979810021
-5.6183929459722827815 -7.1851623626499501185 6.9486371837681257801 -0.99575607895226481148 -0.0046340951086826596278 0.09191494107217017262 0.0039633977846237145384 -0.99996418389833563456 -0.0074781280185767032287 0.091946303393735301368 -0.0070820959599065093706 0.99573878161347162408
-0.96398478124873887563 0.54995431206761669074 -4.1855002703581272172 -0.84828054245110529052 -0.0065617767149262103132 0.52950643469672387109 -0.34884723041871418259 -0.74536629860462200181 -0.56809743066992679505 0.39840397980958525137 -0.66662284988658826457 0.62999067047142365272
-5.4479849914239588671 -2.0899016379245347608 2.5044154325607905776 -0.90048024981835017577 -0.012382808830295466418 0.43472058351586989611 0.43473767412731595394 0.0014172339529775462158 0.90055602054647376775 -0.011767513814476389389 0.99992232573008410501 0.0041070823261397226139
6.6468439798630694071 -2.2154294334096702457 -4.4366533796370450915 -0.97121234790853594454 -0.0012972521465328002571 0.23821186453833373409 -0.031398029515465636363 0.99195804793916986242 -0.12261074533405733056 -0.23613711909077292339 -0.12656045300846444079 -0.96344263592690682074
-0.47193212452860067163 -3.8490725506645664389 5.9450327234550908173 0.04556392568207558863 0.0082510953781893530551 0.99892734876035849112 0.66729886978938901532 -0.74439389792814569802 -0.024288744411848812998 0.74339501414408315494 0.66768978137483059321 -0.039423454863773431389
-4.2923901291959518645 3.5421442257302482304 4.9626969432630838597 0.92620109655286819716 0.0047199852063554651599 -0.37700033220653106358 0.056948749453520464137 -0.99020068557722928926 0.12751251788699172196 -0.37270413021572434964 -0.13957193135389972527 -0.9173937580441212658
-7.2783488990958415954 -6.6026592133335579859 -6.6226644947140558273 -0.82567939991315375536 0.0087592054901658392835 -0.56407163098170398641 -0.17878834458602349544 -0.9524001795400400816 0.24691825743023410045 -0.53505911486422963463 0.3047247517537178263 0.78794325256914665712
-5.2311638565678650892 2.7250092834269410424 3.3320346603614661163 0.96634259539813438522 0.0093175697309400562496 -0.25708981157075766477 0.046610301928778533065 -0.98914582825521857323 0.13934852062167690789 -0.25300092504434285035 -0.14664144482253993473 -0.95628804164193037529
-7.3279850886172095414 -0.65695392614480030424 -0.89658414057336888181 0.94374834948052865879 0.016289244352068382726 0.33026309719848273572 -0.15808759502881028491 -0.8550172557867060652 0.49391679927377701853 0.29042617848727575458 -0.51834366285825694831 -0.80434599646164373077
-1.0983924953115231649 2.9621505857611167833 -6.3964209432929219901 0.73955741965258103843 0.0066864023472952638719 -0.67306026109139394098 0.44455882653306233454 -0.75566661331263296209 0.48097340807579375133 -0.50539318632955876343 -0.65492233245492692539 -0.56183134984035076886
-6.2822192490330772685 0.72319488313125568357 -6.7720207109078147667 -0.9882764484328537824 0.008910919824555304028 0.15241475315967448201 0.0028847556086816347407 0.99920694523801956155 -0.03971345833738903347 -0.15264776335707458399 -0.038808196246599709067 -0.98751839691530407528
-0.18810615168246544449 -1.43215965508690668 -0.58915540504877550454 0.99949783376090906017 -0.0056898295749157525719 0.031172201506001799565 0.019272026019573992861 0.89003969430554341624 -0.45547550051980995045 -0.025152918725728112825 0.45584752757915036891 0.88970240096314612277
-5.9426701485589612517 -0.53551023335965042271 -5.9805499736168137304 -0.79547690622068123467 0.0054763434904491229901 0.6059591581383019232 -0.25088925158363972745 -0.91320707641876508465 -0.32110343974872190831 0.55160771850058876176 -0.40745901050369326413 0.72780909560805251424
-1.6170884843078672244 5.2497745970632383461 2.4004729553181833879 -0.99875920319744770914 0.0041028163938363684804 0.04963084651738595976 -0.034868957459411341337 -0.76915434355452139137 -0.63811108092311041862 0.035555728569317573973 -0.63904989061008610207 0.7683430402347009025
-6.5948282703035987495 1.451915229924044981 -1.7354233402882750514 0.9676408418431446945 0.0090402871583147685619 0.25216953504587974466 0.25228667734908710729 -0.015819541031951940557 -0.9675232165451806976 -0.0047574814032503723663 0.99983399388587124168 -0.01758837801111477403
-3.822426366104940243 -5.3492683789735044897 3.0521240354859768829 0.95902198809667793533 0.0047300650504551499179 -0.28329216867361900478 -0.033069224218566305173 0.99489562532525654959 -0.095336882255364435723 0.28139518964749854479 0.10079841860471702719 0.95428320012979561682
3.5706666543682894499 5.1497922101566269149 -2.8042483364144716873 -0.97805227386639914666 -0.0069848646653296563025 -0.20824255388970505654 0.055076220785974752681 -0.97255631931420827296 -0.22605489524888752739 -0.20094864888529934133 -0.23256271719182980418 0.95159561951672344549
-4.9834433580331900515 5.2486039610533756772 -3.6358199741570644825 0.8793216365465265083 0.0086408780320323154422 0.47614997083690024926 0.036722449983143772012 -0.99808866834187293104 -0.049703840845159934225 0.4748104054971425958 0.061191056163043246185 -0.87795827547615734598
7.0738771044034027824 -3.9331655079347327408 5.1494667230694872728 0.99177283827170403807 -0.0025656439635285336991 -0.12798458789020339399 -0.12078879907319309273 -0.34981569411431939765 -0.92899894842232300096 -0.042387536904594610987 0.9368150284993794763 -0.3472476048769564394
-4.2797289076069144897 0.16781901537028262594 -6.74773370835942643 -0.98707246257193870242 -0.0013405364053740813357 0.16026901320674419305 0.14675949559103024233 -0.40946467452790374919 0.90044451842836203959 0.064417420671619984862 0.91232498775151604775 0.40436804106911922174
3.5528696850474785762 -5.7144965256049200519 -2.6654495516543907918 0.97271691633942591881 0.012772876933562462426 0.23164337737552809227 -0.1618946254691139286 -0.67779899698739665137 0.71720195895379013074 0.16616838120218663244 -0.73513629572876848517 -0.65723869012022562153
2.7218562542967674744 -6.065961581582315354 -7.2524804579981534403 -0.94614502888361107225 0.0074453918943165860525 -0.32365745852409510963 -0.31423747456794071109 -0.26160005037936429062 0.91258984391603381603 -0.077874218428836433636 0.96514764662255914107 0.24985120836822621859
-3.790082393590700871 -6.5430389897425165202 -1.0779330767876758035 0.98652717955251090221 0.0041065107148243818261 0.16354589745352790531 -0.14608335567039734681 -0.42791384737394921878 0.89193575577038841651 0.073646297939549562606 -0.90381019898831183035 -0.4215487480759101957
0.41747303119859463516 -4.7621493507835408465 5.1288040264226593123 0.80886445807385110029 -0.0052532925760183403485 -0.58797167566310981623 -0.21201251184970279495 -0.93530120103914893281 -0.28330612092586204831 -0.54844232448286178716 0.35381360382543169951 -0.75764566286886791957
-5.1176537515221669494 0.47847422376698117708 7.0504950829776209531 -0.9988253188099763813 0.0035408242540916831653 0.048326442738770361562 -0.028605274777678942055 -0.84808721148700572101 -0.52908394415887960438 0.039111644801539564853 -0.52984483037535534677 0.84719226564298333315
-0.80625222889370751211 -0.65413406155684827858 7.3043344810211188189 0.55741140778858233595 0.0033892906524309479067 -0.83022950753153068604 0.63861421166087939394 -0.64075839819990809687 0.42614617656525916045 -0.53053219613131963328 -0.76773510265272204567 -0.35933048997108490985
-3.8161168247299301903 -4.322898698654006111 -7.2913277372479123883 0.64316311406750781288 -0.0053197281595741569699 -0.76571072161448150428 -0.40907221936439530641 -0.84770852556897779984 -0.33771315494339898544 -0.64730296465204206768 0.53043562867686300244 -0.54739100813126939649
6.3198512353391524954 -3.9917784067823594008 6.9971193811274874363 0.91321618973000517894 0.010624975688185839956 -0.4073368393685145028 -0.34289497430457849259 -0.52001821161978289965 -0.78230690664241286925 -0.22013456659898353318 0.85408908755195567242 -0.47124579904001873132
-4.6645950030483991355 -0.30233319779577971786 0.62553397323386150664 -0.75771320769159478115 0.016929388990845763152 0.65236806380912604197 0.64157528616233572283 -0.16354854414834102405 0.74942179438061151675 0.11938110016017017267 0.98639001895565936451 0.11306141441354315702
5.9173384067627230465 6.7709459714189019763 -0.54761334745161882598 -0.78383497721207717746 0.0026824444821866100588 -0.62096339102273734323 -0.020723232140119354772 0.9993206627397450692 0.030475574991446749418 0.62062329649193370695 0.036756190131549661138 -0.78324689998649255074
-2.8743342024365778897 -1.8293399842216302442 -0.9127633172896881808 0.89636235800565067233 -0.0094532156592578176629 0.4432213440982151198 0.18201057300971396069 -0.90377870841500540511 -0.3873708785238516028 0.40423591436586980841 0.42789564490585069167 -0.80839262899118935479
-6.9209073946058401461 -6.9058235015206870244 3.1074321184556739084 0.63114787983424303075 0.0025681838635304697106 0.77565827412116072903 0.73684017032947546344 -0.31438712809603308607 -0.59852092451006488893 0.24231986540452701839 0.9492913873617602194 -0.20031711038041258299
3.7381022173488602789 2.0327557865302088302 5.26307048605386818 -0.90949908569497328603 0.0089835330523109959561 -0.41560884164544775743 -0.23320846835395073193 -0.83865272770557452997 0.49221480331246808548 -0.34412966075010459344 0.54459241497273624955 0.76484892504740165098
0.027671917459473050621 4.4900101526117923711 0.39077159433143227041 -0.77135563413487873152 0.0027613663246779662774 -0.63639835051975091051 0.20250782124249566696 -0.94694758327671157971 -0.24956132885903500873 -0.6033250102755004507 -0.32137618048368621348 0.72987415531296584437
5.3720962841616533012 3.9099304172629381071 0.69450731654591790765 0.96215477594828646701 0.0077458963098116055679 -0.27239344377243779327 -0.22202696865154866734 -0.55727069238344895119 -0.80009586963183665365 -0.15799434265591305593 0.83029475278419428985 -0.53446086029560357922
0.39472072179103068201 -2.5295775456186930796 5.976186218890201296 0.74729703426864879656 -0.0014077093302515271238 -0.66448864619937797471 -0.66194292084790207209 0.085898363467947325134 -0.74461603574793633342 0.058126690192524768652 0.99630291051863006935 0.063259769042364619174
-2.3297682245578017479 4.1025093115499924323 5.6460411302580277848 -0.99466331216105163815 -0.0074533632969535886306 -0.10290453253512771292 -0.073494814385831511161 -0.64881791132527888433 0.75738618300174809228 -0.072411378243390819853 0.76090719888773061808 0.64480758911619040497
6.4587664258307482257 -4.8940526046052115205 2.7366450914327908883 0.99998315533386050724 -0.005237030221876375069 0.0025025113431781731768 -0.00085105913129994437138 -0.55878989093521247433 -0.82930882877665379471 0.0057414934401526802193 0.82929272956118427196 -0.55878493532850814773
-0.064492103570508663157 6.1715017151665083617 -5.2591515709513760868 0.97364124258717288374 0.011613127261657512496 -0.22778908228577349204 0.0084882393410388324445 -0.99985601916154531743 -0.014693220855315667142 -0.22792691926646874157 0.012372397561494531681 -0.97359963190849785342
3.7066303511939473481 -2.1521706302444973957 -7.1025607323933543924 0.87367212609660271916 -0.00022911730819277038515 -0.48651512164289079099 -0.046368374186254272817 -0.99548701605665490533 -0.082798398161571112874 -0.4843005161645203005 0.094897567766850085547 -0.86973988161677329156
-0.93306078814212378703 5.2709016332881208911 -6.3170625854685136247 0.81944111359524385296 0.0073080415461253787901 -0.57311678903905460825 0.15388574065275709146 -0.9660107519546557997 0.20770750090427297918 -0.55211904529139854692 -0.25839856740489125508 -0.7927135297127679836
0.79706641780044784618 -2.7985501022995915577 2.8384352098448735191 0.99988933474470331753 0.00076270943490577532489 0.014857204916087496382 -0.0027715628223093711872 -0.97165023883910817126 0.23640670845726260985 0.014616316332216992488 -0.23642172412530526593 -0.97154059702028283674
1.8822316185141132472 6.2550379433566689613 -3.3038877881089816491 -0.94386265414845971211 -0.0075425206647766734197 0.33025202571012074459 0.27002888271942776521 -0.59349175282280630661 0.75818991145267100595 0.19028319053705897157 0.80480472769062838534 0.56221139946253440023
0.59362050703410773611 2.4754964283725766627 3.2433305510427303808 -0.97764621541569018959 0.00021053017399132135587 0.21025658886347195486 0.20935565224218846692 0.093454463268965573541 0.97336348512226555929 -0.019444494277170706192 0.99562353275334247726 -0.091409478010512898449
0.1693354465929878816 5.7331951756879107052 -3.7623347442396730678 -0.78550706704173756112 0.0025196445910089723674 0.61884755717275585774 -0.6106177029484537444 -0.16574774830793678748 -0.77438601793741534962 0.1006214116058236907 -0.98616496354409866054 0.13173456723452578454
-5.3323798000710009859 6.8700872191188819826 -2.1554795410480749318 -0.94935858463960898224 -0.0062707267673194544075 -0.31413206738072713131 0.16473209367907851175 -0.8612984336081368486 -0.48065408099394324459 -0.26754740716960689895 -0.5080607111850752311 0.81871405183187306864
-7.2386877461888126106 7.0577016017273619397 3.142678666904320739 -0.49341058168549262186 0.00092209797679988336067 -0.86979603794001048023 0.13732200709962802399 0.9875406037439244944 -0.076851950678961430952 0.85888803941310232215 -0.15736170338547797454 -0.48738960807631620531
-3.7065673367358393797 -2.2055249032109460749 -5.1744520332570367316 0.98218026182506168453 -0.0012329296915226254164 0.18793725858807339146 0.12814996669164804843 -0.72707199395315058599 -0.67449529401305530207 0.13747552261450948774 0.68656011790171789233 -0.71395776148770850877
-2.6220443131185962038 -3.4619197669717940435 3.3007693606853885093 0.97316382034852355609 -0.0027557266911980627701 -0.23009690292339091133 -0.039832657868671232648 0.98281627378717428822 -0.18023743048018869839 0.22663966583912123487 0.18456591762666801904 0.95633147178104249697
-3.0924856728325185173 3.334311166936223092 -5.2074193286477301612 0.9874991507500047172 -0.0037945947825653004136 0.15757864169457566628 -0.10838652483416560957 -0.7422017271809588923 0.66135388212662238328 0.11444557004207697726 -0.67016579830668554507 -0.73333485821810273642
-7.2466379893254675437 -4.2762945845018904834 1.1687091073400186492 -0.76189762102101821206 0.0082734732905190341151 -0.6476446284206495152 -0.5526065473702010955 -0.52986730884988664236 0.64332467605075227546 -0.33784318682789082899 0.84804020226156839879 0.40827661757934996523
6.9738570499037795258 -2.1125834105384102557 -6.4463521952344660093 -0.91673609590526450308 -0.00064443653742574525788 0.39949282242100703222 0.27964946328853346191 -0.71516698390509914063 0.64057190292309451607 0.28529126896350692766 0.69895333881001564524 0.65579960507734558206
-6.2534983508282220299 2.9667939202345161576 5.9368637126495791279 0.90555851945506460332 0.0011148201656951501823 -0.42421990172354667736 0.37328275217538381403 -0.47720598038571027111 0.7955717687377016345 -0.20155335465009249774 -0.87879076546131995595 -0.4325540842128428598
4.4897092066242292319 -6.2017378240490206309 6.7330777531147489867 0.79059694129678137475 0.010212913607681412681 0.61225172340125544324 -0.10515735611506003833 0.98727126673482523689 0.11932047743229406978 -0.60323992479543253609 -0.15871717700181969812 0.78160760670400841743
5.8383212710122025513 -2.9524854929257080549 7.2518722218361624243 0.78753788062991991747 -0.0042525087953437738092 -0.61625157423071619256 0.59355131135496397299 -0.26375646377334360793 0.76034818905990064764 -0.16577372337542131686 -0.96457993136226194419 -0.2051941243105557533
-2.2692170168863676771 6.6108746605455506185 6.3669518714536215143 -0.93592069279921785707 0.0076548418172025217004 0.35212761917661150601 -0.35150671559774965269 0.042884109379552032282 -0.93520264223990134944 -0.022259507629702593445 -0.99905072772088387989 -0.037445397055069044867
-2.5939752043670618598 -0.95328577232567646149 0.063978742319588499665 -0.91367633944338400021 0.0066318553233652892745 0.40638844131712037466 -0.22698580530984335812 -0.83774039481593498557 -0.49665730144782893607 0.33715425390916253789 -0.54602843276560386609 0.76692891436060584009
3.2997125547619066133 -3.2970729881657789839 2.8304225504656228551 0.99261908106958296472 0.013016802860167450348 0.12057330857096043575 -0.016370081292447016125 0.99950509217930771921 0.026862448623919357726 -0.12016397269948995985 -0.028637973931281375528 0.99234091224443254919
3.2783014882541223756 1.3920380065241164669 -5.7085722236657616691 -0.95884098588368937843 0.0039402657491528405437 -0.28391625190450520133 -0.043160551511439347594 -0.99030724348769849641 0.13201791654559499878 -0.28064413513001501554 0.13883817127021408355 0.94971723771627547528
6.4029331089412115929 -4.7354243727053431101 -5.0175333780377382453 -0.99543688684323261562 -0.010477259090831178567 -0.094845302222544627946 -0.048277696291238104964 0.9126527615830603013 0.40587461218402509644 0.082308373526377515139 0.40860147309658295667 -0.90899404169160280542
7.3368913607834977952 -6.6372804180024616016 4.1816177745843283731 -0.92034658101918576101 -0.0033270074708583335411 -0.39108963400691415524 0.38518712565404922277 0.16556706904207629805 -0.90786476078714761773 0.067772037276943003503 -0.98619292061448793341 -0.15109756547751293509
0.30359390128170760104 -5.6161134124552685165 3.0680544087210721571 0.99623346681695135185 -0.0014037389723258329906 0.086700110211694492168 -0.075071863911964326066 0.48642031141059705046 0.87049382300851219085 -0.043394640713017434974 -0.87372381801345444519 0.48448281186572872414
-5.8728576760076629526 2.9924759178156992157 -5.5589862605496778158 0.98780683363795329655 0.010482635513286868434 -0.15533117449784905606 0.027883391502697321696 -0.99351015663580433124 0.11027277606029393942 -0.1531671501872711727 -0.1132593617077487097 -0.98168841344355328715
5.7311639192620864591 -5.3302379386192395572 -6.0408133534249071062 0.92801165870234381128 0.0031547248515351893929 0.37253779543006837471 -0.35540175759593622962 -0.29240211471438953827 0.88780098783920291527 0.11173160703434423247 -0.95629025458889937994 -0.27023137672716951441
-5.2979165031696755506 -6.8472238776003298 -6.7939994118182891469 0.93613722250336939279 0.0033090488483416237095 0.35161932660091316238 0.30939664284198359345 0.46742292275095886911 -0.8281241022244016925 -0.16709523644234949846 0.88402763615324664315 0.43654818803391193249
1.6096449392511322785 4.0040133919441718291 -6.8404671187462851023 0.96847460298251653033 0.003175734831183287931 -0.24909206748939463627 0.17952500937133078485 0.68433596078870428947 0.70672134804428066168 0.17270701893116907621 -0.72915993271686219135 0.66219187410612778688
-0.96126377394667905651 -2.2647391690012987908 -5.6759748199067772134 0.72991021376301146173 -0.0091115161279886683343 -0.68348230417334965292 0.64698015607670367189 0.33185564920403759492 0.68650455623716255538 0.22056236643482712845 -0.94328617522218227709 0.24811979797557323635
-4.9879017009752626421 0.71817062249914198624 3.5001292983616534293 -0.98596333509736555634 -0.0060619881126133829535 -0.1668518928385385458 0.16238934024752477159 0.19746096731744400277 -0.96676722563397010646 0.03880726758814674604 -0.98029200684590200865 -0.19370487163760749527
3.0226905197742914844 0.24297582816118412641 -3.105828640989466205 0.91599216458454491008 0.0038730513570108494534 0.40117745935301835081 0.30854019619269856811 -0.64595849630688084719 -0.69824105320606710823 0.25643966493718683974 0.76336270574492870455 -0.5928879132895369386
-0.3666791354666394942 3.5040751321862373402 0.83562529327781642774 -0.45804391747371292487 -0.00049158653568268442791 -0.8889294280246334834 -0.61888473859765380514 0.71801104331264153924 0.31849932811848341574 0.63810457606594828128 0.69603153665881745127 -0.32918482647289087906
1.1766380192493695045 5.1952984645125628305 -5.3162546886416004455 -0.97942395246964009115 0.009016830342068696269 -0.20161204849682951012 -0.20031576474269496835 -0.16492135504247523725 0.96575076549102389922 -0.024542121425797588236 0.9862655035139434867 0.16333413866791646196
-5.6593183289567203786 0.13268815914740106354 4.9139416280257073311 -0.88706573970174285027 0.017306191387435020113 0.46131862003068274669 0.38987542420268139765 0.56320305034774742481 0.72855986554417040413 -0.24720745751325606809 0.82613728872297953476 -0.50634538916758164984
4.6730684414115506442 1.9885197733723487534 -0.62499516793576403995 0.99231939555675985343 -0.012357089322474429025 0.1230833845218789746 -0.07021815208837631217 0.76289146997149570595 0.64270212086331157675 -0.10184119166223583319 -0.64640846791205341937 0.75616431038004905396
-4.4082809519819763366 4.5700047406525934335 0.85988139986846312546 0.28877740381302985373 -0.0046467534846940158205 -0.95738498981809616595 -0.7856432609870936945 0.57034025756501671722 -0.2397428978429748947 0.54714922782768915521 0.82139539704254360686 0.16105068830895274967
4.2899584805234658447 4.2758203704387218735 -3.1660820979343360371 -0.97881085736474149339 -0.0010384214925549285768 -0.20476383270935949454 0.0572480856994415227 -0.96149856210120587807 -0.26878089917446956747 -0.1966010228578958241 -0.27480799980723924492 0.94118467956784723771
-2.2442883557016397589 6.9612268578616678383 -5.2133946959032773094 0.99177403153614374087 -0.0098237496732703454005 0.12762352570308183042 0.10589660179927892769 -0.49711662756808577823 -0.86119740380630716015 0.071903964410165638332 0.86762811880310086732 -0.49198706015958565407
-3.8089312041469560732 4.9786441073189893203 -6.896010778989083434 0.99927475780488328461 -0.010697147016723690741 0.036544896493664505432 -0.0033086668686094456923 0.93170772136348378734 0.36319385274957594056 -0.0379343002780087174 -0.36305136413081462443 0.93099661431465208228
-3.0501224808925515575 -6.6404272865993405617 7.4203790354552792152 0.99129267869644033251 -0.003095186709129149269 -0.1316405901770718867 0.1011575039647062968 0.65790398602113897564 0.74627709637181882663 0.084297002049647060118 -0.75309545543487255159 0.65248850598973784365
5.2292504101775305614 6.0312969868061054868 -2.9632561255269096456 0.82343748957354068185 0.0033333540426824211436 0.56739720612253929932 0.27494229865944325164 -0.87708739386600420573 -0.39385839578362635827 0.49634406732894525982 0.48031926077581904577 -0.72314312176427708589
4.7062312988491399324 0.08486997973793349026 0.50764085585490836827 0.71160319807722127727 0.008100457695380973433 -0.70253488957576759599 0.37767679500324802255 -0.84758250517221600528 0.37277893642483861392 -0.59243660167335177036 -0.5306018088086742468 -0.60620177621531345924
-6.1587868130805754063 -2.1912714826959467374 -1.316604723451239467 0.97277495441063022152 0.010508160141773657814 -0.2315134264828534183 -0.23146040785297908315 -0.0060253556213613231052 -0.97282566510456558451 -0.011617558604580836834 0.99992663413878246637 -0.0034290920076219472482
2.4978282166216350113 -4.0726319405120223749 2.1117912776639347072 0.99732194376872163044 0.0043346830458573142389 0.07300788313775702365 0.037202778430968468093 0.82937665599048615572 -0.55744983251876345509 -0.062967402315658213552 0.55867304662116779035 0.82699427641583667103
2.295741378227539542 4.1668614244308681549 2.30883620926261246 0.21161629695794084705 -0.0041454699798829201807 -0.97734403253947854662 0.45979192198441037887 -0.88199847953381904642 0.10329603369903164745 -0.8624441612879514274 -0.4712340153031311929 -0.18473919855189654959
-4.9460099915980499929 5.8850607828433094681 -2.0190123247389162309 0.94210713557835146226 0.014744244907961997354 -0.33498768982541260453 0.092138586918942194659 0.94919256392482875828 0.30090522991524926155 0.32240444459260486632 -0.31435025661169457845 0.89288257362047651622
3.6211104749270788261 -2.8451497233943472409 4.9368615187965758651 0.86178112987138322243 0.0054991252733844302181 -0.50725047443924842216 0.46819426663067292838 -0.39351982108906430335 0.79116134833824836026 -0.19526242058271903179 -0.91929968455951149853 -0.34170261496933623802
2.0783833716369946032 -2.9331202044203479318 4.2781265725546955281 0.61095983522491059681 0.0059070818636325368028 -0.79163955568550059549 0.42009315864611346258 0.84514999188885819859 0.3305196352247818381 0.67100657060925072983 -0.53449658333262328735 0.51387117510621438399
1.1128871165435105794 0.13766455406297473107 -5.1594408260650999054 0.99992761874567703817 0.004864119769360075729 -0.011004435851298628724 -0.0028048768461024766938 0.98367521676224234373 0.17993109957352990125 0.011699997239926360204 -0.17988720984752448739 0.98361766037301912036
6.5225900214405294619 1.6627200992638988541 -6.4163043303330749012 -0.66868879800068825592 -0.0062691389871057743438 0.74351596440475509198 0.57280499414689123316 -0.64191417160953712084 0.50974565713420905144 0.47407776799669565371 0.76675086839416584095 0.43283180995398023994
-2.5402992893039724187 4.4955533601737185379 -4.8571512687159650312 0.99770016589398036189 0.0035508044651645911602 0.067688778706855537437 -0.044436223540834547674 0.78835537389938370456 0.61361325481234663126 -0.05118399176112769372 -0.61520987982287334006 0.7867000716637625457
-0.35934200437616942159 -3.465469921913741036 -6.5086814398688312977 0.33982104722991257617 -0.0010026640495767137271 -0.94048958023168960363 0.12664387099927912339 -0.99084288081472882137 0.046815760992025397258 -0.93192434553350778081 -0.13501622200218296732 -0.33658228414223678726
