1125 14.717824617146108679 14.977075390850430381 15.033177056927090831
-6.9812616768725845873 2.8274821810533317112 2.3574059786832655128 0.85440913839823884324 -0.0091861105819589609911 -0.51951962387758465756 -0.092335843823379448736 -0.98661422316776992147 -0.13441155675204932707 -0.51133073070855528108 0.16281274524874619902 -0.84382041562026477433
3.5064576078850056007 6.6575289723048376445 7.4431367819217264525 -0.9886964388077171817 -0.0067435079707392009754 0.14977942779023142861 0.055550892083934287624 0.91141261330175116218 0.4077268040037677066 -0.13926036865382168672 0.41143841995462038241 -0.90073579717241170073
0.19397195677371312228 4.0067043920137717095 -5.1370128576853000268 0.99984582839226021633 -0.0083269086405391521538 -0.015459043922731318874 0.017125831782836845041 0.65680711532900004634 0.7538641251173697766 0.003876252347415639829 -0.75401264965896908077 0.65684845955674497908
3.2863436690703893284 2.1401722029378698053 -6.8041084329415930654 -0.83372952086449358955 0.0061093368113557767682 0.55213925964633159271 0.19037025656511621929 -0.93545106648074005662 0.29780944853266144712 0.518318677508767367 0.35340342135249469546 0.77875013343297860846
-3.1032533154736179348 -0.6312532370969661244 -6.1597112321465106177 -0.90356744369561459163 0.010073166203849468273 0.42832745185902126872 -0.37875998332711996452 0.44851654475001806466 -0.80955159447412372575 -0.2002666964911007097 -0.89371776328329222139 -0.40144963553155338376
0.051244449397774019528 -4.1516741652603030843 -0.44906975896298262363 -0.86783238840805210224 -0.0027685946661663708539 -0.49684935394300627776 -0.49205326276488958737 0.14350702768791620545 0.85865553023697216428 0.068924104871882455048 0.98964542533566046689 -0.1259023426305018456
-2.9739408382031538025 3.5887747089261385902 -3.4027506127507423095 0.9985238788762547113 0.012303020205108155735 0.052902731571275646294 0.044052405439717390312 -0.75320212602192171403 -0.65631238212535680798 0.031771825393714259178 0.65767407813447753551 -0.75263228608746501891
-6.6848542338235477089 -3.3724102844258938561 3.8848149644734850661 -0.55277467346745434718 -0.0063845839498231577239 -0.83330630470487632167 0.02355487929454067389 0.99945139124839643685 -0.023282701585551051487 0.83299779593604084127 -0.032498517189066496169 -0.552321028339525677
-0.96671967049870455302 4.5740093674490989173 1.4458431364620241144 0.40914513028328108879 -0.015433518106895163097 -0.91233879062792055947 0.73363534462007029546 -0.58896541587693740372 0.33896743210104313127 -0.54256745524374716538 -0.80801085724125099041 -0.22964975743623144977
-1.1017898050072438831 7.4496087141058753289 -2.8155507392264889077 -0.9995734475898824245 0.0011279943634528982049 -0.029183051622077915005 0.019536418237812862991 -0.71693177117752537875 -0.69686954578227700008 -0.021708321807536790082 -0.69714242669992987356 0.7166039252330063114
0.2890403216759090399 6.8236980767810520021 -6.8320738347078266983 -0.99400394678930203973 -0.0025362234635500314692 0.10931478096676885969 0.078948267175524097783 -0.70833680413057964476 0.70144575201802850106 0.075652659419561077425 0.70587005849845951833 0.70428980940953322953
5.5918564341171093091 -0.98937630263878195702 2.0152232751648275766 0.98917195478693065169 -0.00050346204463093749415 0.14676031612442461127 -0.076873419425559474938 -0.85361405566772707854 0.51520240813896411858 0.1250172838002110709 -0.52090574050620297442 -0.84440978692737056477
-3.0607292233858065522 7.1178905233370768357 -0.75919626273917484305 -0.96731632250803634143 -0.0041533646113081192433 0.25353871848681136525 0.24035840212324474652 -0.33358113387534754635 0.91156539296494420999 0.080789669750121612113 0.94271224490026517273 0.32367677175976516946
0.54331976262062386951 -6.4750295060367646371 6.5096667728953878651 0.98994085893141403609 0.0073516371582398997581 -0.14129065520883271612 0.12385208565680740078 0.43773055777543906641 0.89053501877701313205 0.06839412764772966058 -0.8990761437280456736 0.43241684874965935492
1.0694398838428580412 -2.7884027406495479617 -5.2661556959867699135 0.99984928904807002237 -0.0088171956738935606396 0.014955141274799639561 -0.0024405910264918501476 -0.92426119822930641323 -0.38175290563810754252 0.01718844686235201924 0.38165887191071778961 -0.92414342111291825077
5.5739511277763629238 5.4740691475668983301 5.8036246137589078131 0.91704499555488550033 0.013385544593608141029 0.39855903367469602827 0.2718252729218932906 0.71029758761390648925 -0.6492983582535042375 -0.29178673226985635258 0.70377422816243095927 0.64773631876364046178
-4.6798489111522432182 -1.3272366905846442187 -7.5051927740583517235 -0.99700105112369397098 0.0068736607498559700383 0.077082143497161387247 -0.049965442577935149926 -0.8177916661686382982 -0.57334129913441478354 0.059096180978244032544 -0.57547332130436723574 0.81568259627184436233
2.0757566633692747793 1.3813855128955550011 4.1910444111303490899 -0.99988871856107863767 0.0084853665436574084169 -0.012269843068055412763 0.011278882675180262884 0.96831309953229016685 -0.24948452473031645926 0.0097640821326752808007 -0.24959515185387537439 -0.9683010497109204584
6.8921477511376201264 -5.8323378432897943213 5.9326874695443061469 0.4524399910843386885 -0.010516640301372134556 0.89173283821122073523 -0.64843250301538357672 0.68259429693073681022 0.33704645797113469419 -0.61223634611222377266 -0.73072185274183032444 0.30201362622365329758
-6.9004540981878053074 2.1837028481131031121 -5.9988676816498935906 0.93783025158255184373 -0.012763136015262374276 0.34685951273610793333 0.32136234122933549084 -0.34567073835167921869 -0.88161101756208237745 0.13115130520144663295 0.93826906748902227928 -0.32007888424183633669
6.918450128270977828 -6.4083080330814210512 -7.4855630397913328622 -0.99099930566237748319 0.001988875204699019645 -0.13385223402006041216 -0.11681270937193949377 0.47552917293199042925 0.87190985578770552333 0.065384762031572965513 0.87969770379715050979 -0.47101675429654354943
-3.1588128473547913977 -6.0897688115164889666 1.8165099065892180707 -0.99988140582912654608 -0.00098142394335051503888 -0.015369160155659778236 -0.011948947457513754006 0.67903403684783303351 0.73400953635278198828 0.0097158083298602634925 0.73410613238768940292 -0.67896523435238564925
6.1103163292025541864 -0.13660991184980739166 -6.3810334707859368564 -0.82468070454361419586 0.0018810072706622500693 0.56559543612477902741 -0.52857445447088713397 0.35329315924971277374 -0.77187627875725683957 -0.20127290337810577192 -0.93551077248690539534 -0.2903597990885471436
4.3691552831808513346 5.9395618814561066401 2.1615758827239033302 -0.8590348456863220461 -0.0046657030032025807731 -0.51189585377525104182 0.24782664964117090411 -0.87875847738719548019 -0.40787925927629714584 -0.44792977755938084838 -0.47724393095739464643 0.7560404385613164191
6.2500610867517032432 -4.7629947884317767048 -2.6995476961495148416 0.73205235280459091118 -0.00016025812866456379474 -0.68124835931584859505 -0.12607257806357446972 0.98269511915461338347 -0.13570559255256878228 0.66948118555618729708 0.18523033527731763703 0.71936406991134571598
-0.015061149075112061774 5.3801054627821418563 2.5843332838661980944 -0.99402536173873301539 -0.0015332707283671771076 -0.10913857842647570195 -0.0019823001362112295694 -0.99948281826625406943 0.032096206577139511917 -0.10913134612131120127 0.032120788772154164337 0.99350823057601433952
6.5410060328456598455 -7.0111490005845862328 2.7164676902195181718 0.79258670431765754216 -0.0042596843319059451288 0.60974434907463181954 -0.60247818265861152742 -0.15954206785816382741 0.78202708904741546903 0.093948685777864332502 -0.98718194051194230187 -0.12901728863870454145
4.8885292149907968451 -3.6502219965124336198 -3.2220699304753548375 -0.93991241898161581592 -0.0070348380234845795875 -0.3413431641296257868 0.32590574705648361897 0.27943075554022805962 -0.9031632725558180752 0.10173538558244121788 -0.96014007515171184703 -0.26034774323624010339
-6.5608991217279735153 5.0878333279358640695 1.5964580273574418001 0.99979284901961584797 -0.0023377270752665520528 -0.020218656769066079698 0.015236584806109466569 -0.57266597867744017947 0.81964719443723421666 -0.013494648304796496782 -0.81978546699580701063 -0.57251173138171207455
2.3082821796065520203 -7.0093656258109264812 -3.3819188812687310808 0.98367076752464854827 0.0070881625043766735214 -0.1798376464193349733 -0.030185097486245350551 -0.97857306338896854481 -0.2036752795484223777 -0.17742796004877350868 0.20577783544806740879 -0.96237975946675036187
-1.8289367938667051572 -6.7037093054528593683 6.8395358609981666831 -0.25410309357790089591 -0.0020839012359103277136 -0.96717489379619969725 -0.947735035908249146 -0.19896172641771719958 0.24942440364343895776 -0.19295056244056613126 0.98000504528109566582 0.048581803973632660398
-0.6657579885701309097 -6.579439600140959854 -3.5951132729666803733 0.86563113741941166701 -0.0010994501609636465715 -0.50068106129504741375 0.2387005644658588277 -0.87813026365921664773 0.4146194406555682721 -0.44011904577488031309 -0.4784203499593079334 -0.7598744595596663709
-0.47327333318474890111 7.4737947410252489888 6.0019262558860981827 -0.88205294035533932107 0.0027134778998181871383 -0.47114249166065902408 0.42753520922853188724 0.4248092879967453328 -0.79796661189648288026 0.19798044166128672683 -0.9052788000773366317 -0.3758643889094230861
1.9593630665272261382 -1.2540759851263123537 -3.5496351397305039299 0.99863337497807913579 0.0046417043853278164983 -0.052056094364179378298 0.02552425068624020188 0.82586354905614933752 0.56329202991637417064 0.045605865927116129299 -0.56385091373590601194 0.82461642723890815621
-1.1702401959697401601 6.8997314879843143487 -5.2287897694698521889 0.88805717843576081894 -0.0093759871684532848646 -0.45963739914564272215 -0.45934337642843625638 -0.059250092611529789344 -0.88628047990287861513 -0.01892380405984634209 0.99819913714158770013 -0.056924267669953114435
6.9729536765859227998 6.7642001931915176627 -2.019923214452378879 -0.88588135348113383749 0.0095797654269897270646 -0.46381295329969673968 -0.15614036530523009438 0.93529938784680377584 0.31754565249056759813 0.43684598415988468156 0.35372769638193207742 -0.82706849954253081059
-2.7284548213578587728 7.3202817445955581377 6.369660521823307775 0.88646180929877715915 -0.0033927367564919857362 -0.46278931490694147355 -0.40478948304885448151 -0.49042614641873560899 -0.77176918137599170855 -0.22434557064438617746 0.87147615242537934677 -0.43611739323955212022
5.3912223446511431391 6.926492986946796826 -7.0144580325407668298 0.98019604101458723822 0.0003247852307576036871 -0.19802933038773079533 0.015171365813494513963 -0.99718283209421521018 0.073459029642118742198 -0.19744759010586371284 -0.075008625445034948775 -0.97743959162203786217
-4.1619151293134279967 5.0866813630879201824 -4.4667869321514572789 -0.90513514498369607164 -0.0023500083384297727057 -0.42511745056647182173 -0.42136032657350608321 -0.12780785403401659361 0.89784220642451162409 -0.056443285740978739462 0.9917961634871713672 0.11469318021012797626
-1.5645186168787137415 3.6867346590594012312 3.1700916022119258741 -0.46040499218501906853 0.0020412362343239084592 0.88770663877537681064 0.8169413880860593169 0.39223217940975224627 0.42280100031500644775 -0.34732407288166478043 0.91986398494025622963 -0.18225322385847808615
3.4670758064934728004 -2.1468263977161341494 3.7546388420330409907 0.91353588555939746474 -0.0093262232027092883957 0.40665121093642492278 0.40536017197612000951 -0.061941098560959070851 -0.91205615577354526291 0.033694462018714808893 0.99803623274392949671 -0.052804936885038178396
0.92843411101421990939 7.159337036534028087 -1.1968806426777129914 0.89245232992014789097 -0.00017012626871301672615 0.4511416738421455408 -0.14814408316334168325 -0.94465755458969902225 0.29270366444633688641 0.42612459380296235922 -0.32805803695945723319 -0.84308703877044199881
4.0171217533523213561 -6.7157141394963151271 -2.1223681345212743743 -0.86951484078264473787 0.0025230040188690128211 0.49390037063107472548 -0.11244847418304323994 0.97271405797959220596 -0.20293521641813433432 -0.48093584012075291101 -0.23199352546893875493 -0.84550560129897422978
7.3219926238148032027 4.0007242746945079759 -4.8029915382851617878 -0.80544689472715869094 0.0058568718028393926614 -0.59263901055125911554 -0.58467298858223748503 -0.1715439327457315144 0.79292507562851455294 -0.09701956605128342348 0.98515906136559139306 0.14159388268005881906
-6.1957526518628807111 -3.6838242035344404002 -0.91034297368996530686 0.26202991823937477056 0.0021641447163476736776 0.96505732390630216688 -0.69171863781460529719 0.69773679206717509338 0.18624901367697757615 -0.67295293152440638362 -0.71635095133147419499 0.1843248938131711312
1.9411323980340069451 -0.43416780893914602713 4.1980726089699071935 -0.91582442584850320966 0.0074601266767987239187 -0.40150961075591107274 0.30835945973607137294 0.65356188372339218962 -0.69121003156439697612 0.25725486314284878864 -0.75683631694964226266 -0.60084833754906896708
5.0102980291447121175 -3.8894099424139598753 1.7925192869011459251 -0.97869766550941794669 -0.0080276970076733622506 -0.20514978822114746104 0.19716615467562526032 -0.31533842649412996417 -0.92827107260035957026 -0.057239732501418977284 -0.94894532658995156549 0.31020377200511045634
-7.2702075121409865943 1.6736942027425305568 -2.1798314758564409921 -0.96968321458877315688 0.006769319862321539899 -0.24427165135031073118 0.17115369924536003032 0.73229004545828857431 -0.65913405355610454883 0.17441580943087522937 -0.68095922464658886764 -0.71124795942714325037
-3.3731336530011026831 0.35747769921622379874 1.7941391574121101637 0.73989760212856958699 -0.0055562738527359413487 -0.67269656323276061372 0.20912669738027714339 -0.94852105656367513564 0.23785253771652278831 -0.63938842874041212916 -0.31666533292462367699 -0.70064649011932289557
5.2380507748366600396 0.70976025567895739687 2.8622659110149331063 -0.98777621876795451694 0.0048189479395443291301 -0.15580410577794506777 -0.078204757620677814445 0.84930608068924196008 0.52207585386593335919 0.13484123079379606303 0.52787873517031269621 -0.83854748430421555128
-2.7794760593643594859 -1.8740128825611035435 -3.9417006303873485251 -0.51238316535892103332 0.0019260047663911955551 -0.85875478593261611593 -0.55049352607436363716 0.76677280237734679602 0.33017623670491008658 0.65910573477027312173 0.64191569543051674174 -0.39182122243816602802
6.1890528653710088491 -6.7236069007774830197 -4.2376709629976945237 -0.88255044175511987437 -0.014212769288476187479 0.47000288823278174588 0.40433250287821331792 0.48731878288332841631 0.77397392137295906167 -0.24004154822498843802 0.87310847037372496526 -0.42433672252992105101
-2.4480579169859102429 -1.3767297057454035425 -5.4301313829273460954 -0.99515158612258325377 -0.0079635702108203244159 0.098030108574935756471 0.036994825368233397178 -0.95382764191023927669 0.29806746287380941896 0.091130146130081732259 0.30024891519793706074 0.94949770162377833405
-0.099317413413256894206 -3.1171899500582331832 2.8157039466509723447 -0.97632412404959834085 0.0025981240693781753465 0.21629714410954611892 0.20051099585698789474 -0.36428906843286423811 0.90944423422273079627 0.081157534086957222597 0.9312823011158574138 0.35514325319414780102
-4.4824615222389470048 -1.1521152939590715292 -2.4295183997786189423 -0.99820352382165422611 -0.0019420295387868489675 0.059882831857373752804 -0.035257707886981320966 -0.78905500689474061815 -0.61330994621723067262 0.048441914336122236795 -0.61431948090192745049 0.78756901686126712381
0.25384025931108772367 -3.8026553579701847241 6.042703118687844821 -0.94711645992730308929 0.0076098771248721188559 0.32079978351741711418 0.22719823419999737868 -0.69008574320481907982 0.68714090942238514881 0.22660841491675998149 0.72368760995029901562 0.65186261550528978859
-4.3213297850515663967 6.1521942500016004729 4.7225752404970684495 0.99999461655652721603 -0.0022253487276095006847 0.0024113649538137623893 0.0031626776262571910936 0.45787417222531423544 -0.88901138343616958881 0.00087425861881493217506 0.88901422386372397355 0.4578787453462492274
-5.5424556669384728025 -7.0601199491440826961 -3.9425299341993378377 -0.87163227731750825278 -0.0097550118708257024108 0.49006327436544300236 -0.24039276846219814754 -0.86279646985291125194 -0.44473988856468327224 0.42716330601939211942 -0.50545730912985065153 0.74969621756929971657
5.735935529236438235 2.5162410761840705575 3.8243162251301159316 0.98613484467927370325 -0.010808573191761133153 0.16559360753032986713 0.041016225072340900537 -0.95104010743372424663 -0.30633377765645786184 0.16079719335293723992 0.30887843692635436055 -0.93741046175728015566
-6.548098040800621078 -0.8419726528803171961 1.3161485275814310825 0.95576198084940389155 0.0068032921362516166064 -0.29406249536254680521 0.23514546715244383224 -0.61827004722343770204 0.74996583787786752495 -0.17670779620712517843 -0.7859362976236353715 -0.59251876834171934849
-2.1182076367790836358 3.0393536034753019237 -5.597123929191346825 0.92658197912317352696 0.0028479701616391833903 0.37608207219978573299 -0.22494685768906574896 -0.7971904397382175711 0.5602555791830065024 0.30140462368700554618 -0.60372120374878268656 -0.73802165345211045988
-7.0521912446044456857 2.1381945635991153054 -4.7158985851623551611 -0.95445611548618336517 -0.011109558310482884474 0.2981444303103810145 0.25075414514086308282 0.51161790135645890398 0.82180866490093140708 -0.1616659590192795759 0.85914125772529892355 -0.48553106694484898798
-2.1292153789462719971 -2.0566186982171128506 1.4223472298105948042 0.96960541094406094142 -0.0037450351051272457413 -0.2446452978908710274 -0.18856950788251489182 -0.64856496879258818122 -0.7374313676215329405 -0.15590666363246025172 0.761150087674725917 -0.62955830251675926057
-4.818655347887230711 0.092520025923678431146 -6.3495097795906998428 -0.99458147580324041126 5.0488837458496221844e-07 0.10396003072769156861 0.064132421818144547121 0.78704845165913317473 0.61354850436841923411 -0.081821271445107493503 0.6168911854944464368 -0.78278384295937963877
0.3372394763485263014 6.7258865355860431023 5.4545635679752866309 -0.89698603277771749021 0.0075958042317590956927 -0.4419936207229532843 -0.11856956244268462841 0.95908110956344938547 0.2571083120800904398 0.42586067658793036461 0.28302955505841498329 -0.85938172839516902002
-5.6621873086739391567 0.68040780556860236405 -1.4391736164229902428 0.80055337104420931649 -0.0013916594597228118535 0.59925984630523920771 0.291631595334435334 -0.87268900134370830379 -0.39161833401499523966 0.52351247617656548883 0.48827448245629612167 -0.69822827003041443295
-3.9728682353390807336 -4.7374897331524348232 4.0278295596882989216 0.49476074416147275414 -0.004638258541138611489 -0.86901685403365858118 -0.67522030661871290658 -0.63156527275481300077 -0.38105490914006850955 -0.54707343525933849193 0.77530883704994268957 -0.31560555068902801379
1.3950262835984021947 2.7817794646371907241 -2.3411976833278922427 -0.95710865569762693106 -0.011166273349054636754 -0.28951396430619391609 -0.21346214545165542731 0.70282458265044323031 0.67858051731644208893 0.19590031558924037025 0.71127555867027025815 -0.67506306815752059602
5.4392027158336562209 6.7208212699403544477 -4.249143345362176305 0.99746672133959135564 0.0033327158065744365636 -0.071056546675260678914 0.011626513483303057075 0.97783125361369960249 0.2090714319089782558 0.070178087778790254614 -0.20936793560990904495 0.97531538670008954828
3.9750548883610874462 -5.3689733334762781425 -6.9380154532053825989 0.9591159107662647898 -0.0036133065433510240527 -0.28299048346311883595 0.07374265284477704574 -0.96218769716992014196 0.26221528667540422441 -0.27323742581550114483 -0.27236332247693412212 -0.92258307468918099303
-1.9184483560997138696 0.40093716957590541661 -7.3914255558197412554 -0.97894373132660073011 0.0024947654299195161365 -0.20411503384538512429 -0.15771573264871519005 -0.64406152243355330178 0.74853891214533208043 -0.1295952104490678547 0.76496962780622390632 0.63089345373251404236
6.3624784244195220495 -5.7100643231106600339 -3.8288630058868022843 0.78355742729442123817 0.008210795650140465668 0.6212651132701105805 -0.04873640831104255472 -0.99601953598301773418 0.074631403880325047906 0.61940497304814823298 -0.088756221049575229065 -0.7800383404604820381
0.69421539107958118997 -6.9425122280169171418 -4.7707649698940830518 0.98592789666258640047 0.0027177174335126217698 0.16714902510736054375 0.15548404863152767708 -0.38219301106955927416 -0.91090790583389658064 0.061407598907108035258 0.9240785228007174501 -0.37723731323259990234
7.3168567366657013551 -5.5240094269137376415 -2.1193189271746546432 0.99924457651733078478 -0.0037737171096831499326 -0.038678616312491545526 -0.035519655106234809816 -0.49250922016360271227 -0.86958209627097327044 -0.015768018322127264064 0.87029904464667329211 -0.49227120826347769977
1.318765026029385945 -5.6484869668755273153 5.6433573468185649347 0.98110203544394658515 -0.0060802573991391509201 -0.19339551834979326617 0.17348315175550177436 -0.41499038575774099824 0.89313301125070909681 -0.085687759363830551251 -0.9098054793189556122 -0.4060930899394233351
-5.224659295669223269 1.3086264573732349081 -5.423575036738167654 -0.99994614818601912365 -0.0013435498341330485289 -0.010290558866997003701 -0.0025529756943934878849 0.99295868301006429135 0.11843367827464662545 0.010058978231266408471 0.11845357195291716934 -0.99290864043394289062
1.4301985284431812939 -0.55680574612548539015 -7.0354728805923327783 0.32659932869670210698 -0.0026975203529326771332 -0.94515903523103306227 -0.93652258094185725223 -0.13582908206338845103 -0.32322734391131746623 -0.12750817182048609921 0.99072861261283229339 -0.046887975742507130572
0.056821553770865292077 -4.9510532619266376386 6.4225864682798832206 0.994358346057921616 0.0014789362243129225427 0.1060626813383979683 -0.064832044482001513486 -0.78292388151376679506 0.6187301526219802783 0.083954068593037320389 -0.62211575169186761336 -0.77841101345218322027
-7.3065442048316162627 -2.4932708017241891341 5.6345890162321801142 0.99959716149888844239 -0.010916632233441529026 -0.026198127111388899713 -0.012006182589241881642 -0.99905392195690034818 -0.041798476074899094945 -0.025717043047279751489 0.042096177537048085071 -0.99878253165220975962
-6.2841536121244878643 1.3977215388871493396 -0.61551417240427808153 -0.97070760313083503945 0.0021672934594770165879 -0.24025414057409491542 -0.10232456298716466336 0.90101180891645682447 0.42155356006392541435 0.21738544807190671171 0.43378914582102062747 -0.87439724606978774801
-4.9341581235476068557 -5.2621734699216000664 1.207550372128530114 -0.94609121546872809727 0.005485198446550076587 0.32385386304752616926 -0.085468008671858497483 0.96019184483406239128 -0.26594518346427026279 -0.31242060032346263831 -0.27928754664720689682 -0.90796026057381173935
-0.30580436777557590267 0.063636279010130636369 -3.96736023350086775 0.92603923915521468846 -0.0097914145324306881002 -0.3773002196478290049 0.24525931497146066795 -0.74422224148264204402 0.62127379125650827874 -0.28687836440648656344 -0.66786030237160776135 -0.68677756264418210463
2.4287248428363397146 6.1697921789214555943 5.1447068756053617733 -0.85606379164256929393 0.00061050737473689791271 0.51686982105701784196 -0.50355399358844998847 0.22454190288569106371 -0.83427472057448914811 -0.11656826403378417467 -0.97446424312503909793 -0.19191476934028381396
3.1790862674346751504 1.4189594162085568119 2.2799372964044604117 -0.97620598934630486987 -0.0096946076411693928032 -0.21662843983896332145 -0.21235185424296826318 -0.15957737203280702998 0.96407559471994985767 -0.0439153317642765606 0.98713782062983168597 0.15372171843383275469
0.73657170188863418936 4.0280396521881653982 -0.21848034592495607642 -0.88592640286150714513 0.0022668021000788940097 0.46382029959993409385 -0.40420198380579258624 0.4867017150227589406 -0.77443024016448591684 -0.22749761537242671472 -0.8735652821639204868 -0.43026565375093911436
3.2515755643574495437 4.0432290637646479681 3.1020080492079546985 0.95019232451117840998 -0.0073365363454458449449 -0.31157779393665008261 -0.27645856847642202858 -0.48140546310361975735 -0.83175683947292611276 -0.14389303789957638702 0.87646731560770108072 -0.45945602435447085998
-0.70063869460029437608 -4.2183533293880888237 3.0926020659288706582 0.74427953204204500004 -0.0017398183489416036568 -0.66786596800222042258 0.43663738556246478595 -0.75541647694199443031 0.48856293340141521142 -0.5053669673737849477 -0.65524264161962386677 -0.56148135221991990473
-0.22425426132823783609 5.6708264241060470923 5.3856106198823905373 -0.92576709871799534035 -0.018321026136823712754 0.37765012767439865016 -0.22841316417449497589 -0.7688593538215613421 -0.59722920262905110356 0.30130168496540216116 -0.63915540680061455614 0.70759992975881169652
6.5642097879112064618 -3.8706362623197407835 5.5460382179677587544 0.67657818660301860536 0.00098672833384856085959 -0.73637014047297311148 0.70374127892361804104 0.29351238415712344043 0.64699203448364794866 0.21677216092461437658 -0.95595476185519323575 0.19788967515892816329
0.71632557659418383267 -5.7043106546799799972 -2.1700575463988722724 0.89722884375801015278 0.012923311748627481013 -0.44137669845857485651 0.0027603926366223112583 0.99938794162309352309 0.034872946113498705378 0.44155722410713726944 -0.032507386108291388971 0.89664401391370496253
1.5086814452806116549 -3.4884780880722323637 -6.5613357937176495227 0.99652119430520746945 -0.003232323544761144668 -0.083277015947349347647 0.083305865828298311659 0.067114174383412189551 0.99426144464903032372 0.0023752934932658844105 -0.99774006619026445186 0.067149968722851879899
-2.7931921363883236431 6.2653216466215377878 -4.0589215621060255046 0.97812152836848298421 -0.021337994730106897567 0.20693710571785453589 -0.17388835298800195406 -0.62990017247233964781 0.75696011348985947631 0.11419770767007136891 -0.77638293560606896904 -0.6198293481778983649
2.8667200555029808129 -3.5597786764125949333 6.119172034494471113 0.85049698599005651989 0.0066665760946447612245 -0.52593767081739373204 0.51464275330585063095 -0.21703536850674173819 0.82948085287549078171 -0.1086172789726929655 -0.97614097628384421945 -0.1880188318447039153
3.5616207825194439174 6.9789972176525472136 -3.2425564465546066195 -0.99981884010944976904 0.010704724111847023493 0.015738355812489883412 0.0048242143440398368298 -0.65734433491000010541 0.75357491486756222887 0.018412330595446800563 0.75351432252033379022 0.65717360859862061773
-1.4975187460248360338 2.5837850589334978579 3.5237963074220810533 -0.48948316822684601046 0.0099327413457591766377 0.87195617359590993356 0.48561875825117256644 -0.82742465373826157293 0.28203344486192977181 0.72427940027119608324 0.56148889840807381102 0.40018691546248957858
0.49316835085972721142 6.6055902364093039836 -2.380967902052322227 -0.98252358566293018782 -0.0029710107374419088104 0.18611441833272254764 0.15592562542565416295 0.53294300490394030945 0.83166035907679347616 -0.10165924921887033172 0.846145925132980814 -0.52316581542477280653
7.1133823877901436461 5.7819032998457995376 -1.5929870320745480594 -0.99599652041486119725 -0.0090060128681114601928 0.08893718600072499092 -0.052516537607437373258 -0.74616639253271099808 -0.66368496135764432076 0.072339094542541823585 -0.66569858523724600996 0.74270616599965733062
3.7298401244175241054 -6.1192337207347833328 0.27822616744000505662 -0.98955414562705845682 -0.0037299480404008496237 0.14411342879811919748 -0.13657294266563535512 0.34432002541396716788 -0.92886573380148118595 -0.046156518542720854914 -0.93884493266279300805 -0.34123271855058745494
-5.8182333247382551633 -3.6450324032102110472 -4.7601996671070150313 0.87360679454876433159 -0.014860917432040749928 -0.4864055115346671565 -0.28860150378681803662 0.78896200250351711247 -0.54244643110403412134 0.39181671803308409929 0.61426224997034650777 0.68495368290934344202
6.6199390011702439196 -4.310228505121281195 -6.7096914946093324517 0.76002957224900846711 -0.0011449415813261252725 -0.6498874813501586134 0.60996861707874661107 -0.34382001625134039902 0.71395103655912262042 -0.22426175662816549838 -0.93903486917877154738 -0.26061500144923027689
-7.0429910476630945837 3.0298973041203156598 -5.2474395873733810092 0.95490213426283654385 -0.00029415419138308009517 -0.29692057431821472502 0.24709110083996008167 0.55529450211828612627 0.7940994923829767238 0.1646447747907193726 -0.83165373166394929161 0.53032458810014826422
-7.1607474528430854477 -6.4785841430151842602 4.0793875141991584599 0.83638151179123376711 0.0069718987895693819087 0.54810342031496450677 -0.53773575418819219429 0.20440207531346427094 0.81796090999218162843 -0.10633073592048936096 -0.97886218858160012335 0.17470715601767047853
6.5698392486511361099 -2.7283887773462631721 -2.2491084171323842966 -0.89259872475879131759 -0.0038510923961497869894 0.4508355416849170183 -0.45008498400102542325 0.065915209858538492682 -0.89054965739486735554 -0.026287330327849581929 -0.99781779609141529885 -0.060569151121454389841
3.6653305660183748138 1.6871273476277468539 6.9384953872127024255 -0.86825717470226859707 0.013999551677871350033 0.49591681876180893074 0.24964733754692208789 0.8761517687833916268 0.41235213703029999222 -0.42872565287576541726 0.48183201492897170803 -0.76422001017750973428
5.2558668208398371391 -4.8887200129618069155 4.2259228116222011806 0.99139972822663480212 -0.0027770135222484021269 -0.13083908845602726378 0.13084904511346737155 0.038297326598865144565 0.99066232499687656432 0.0022597046299287579935 -0.99926252955439764936 0.038331328749596181582
4.6130750459703442345 -1.9029841150618371781 6.6062478400456310368 -0.19414935066391605933 -0.0024281069955014106601 -0.98096897704929564288 -0.58585562212224684409 0.80236236776935887516 0.11396412073704319246 0.78681587405486708153 0.59683225037188258888 -0.15720065283404802137
-2.0983787900109134306 7.3520921599935933344 -7.3506312175122321406 -0.99680012279014551524 -0.002317743409574075323 -0.0799008339821687813 0.062447317295797999392 -0.64655851253639029519 -0.76030416441667403316 -0.049898374403553789891 -0.76286087718037220995 0.64463434154536580767
3.5348887894856040326 -2.9047368605653067775 -3.6890760158114224154 -0.99778379417751494884 -0.0057562974205781405196 0.066290007667611644537 -0.032660732207615561506 -0.82561031607182011616 -0.56329466761844104727 0.057972205825095268761 -0.56421137088471207122 0.82359258879373697937
-1.8074379942784133402 -4.7337966544018037496 2.8498752434809273559 0.90096322960437369431 -0.0013659903592175438175 -0.43389329675748844473 -0.43310482116965048904 0.05750910959918503762 -0.89950704065764397477 0.026181535103134756515 0.99834404710170576713 0.05122197610582502475
4.8920763343179718419 -1.1873505110744484448 -4.7245278405285597856 -0.79868339642205232742 0.0027351244210748050338 -0.60174525455063965218 0.42688346234732921225 -0.70222190581463239667 -0.56978496344537932217 -0.4241171322337150551 -0.711952887548323754 0.55968539739520006826
-6.0748311797629694908 -1.6175583557461599149 -6.2941937593549237562 -0.99011302456145822148 -0.0092342073858683315635 0.13996759627731916731 -0.025392261974419533949 -0.96954674532204287996 -0.24358641519420953792 0.13795445489554597485 -0.24473217616265763308 0.9597263830515688765
-6.7421475123403995511 7.3155297098218694529 6.5124650890340269882 0.55844056811849818178 0.0034837859221672710236 0.82953721743825115098 -0.21806161936779960842 -0.96420650692495979417 0.15084741350843572372 0.80037070288596734446 -0.26512954425930340685 -0.53769234951104571962
1.8774358473890884191 -5.5780609917481225324 6.6960457871701892785 -0.83529590896412420076 -0.0088173483791010691391 0.54972993263535940844 -0.39025179453441305455 0.71381514402285206611 -0.58152513017601092926 -0.38727804137388588401 -0.70027865491606477999 -0.59968785558695103521
-6.5186172827824107046 5.1219255411931090549 6.4569670800182681347 0.99113379249328459331 -0.00091327396177235146621 -0.13286448475254150625 0.13279634358367484182 0.039559661279135974188 0.99035355521677248536 0.0043516098979353825052 -0.99921679285849285268 0.039330196556203379787
5.1177758798212886759 -5.4632982504857796613 -2.5128630440536507962 0.070458552160448925661 0.01301699694658627407 -0.99742977207330141276 0.31349015797428209096 0.94896345390999614633 0.034529465626251129584 0.94697387148788847444 -0.31511731297038414468 0.062781890586526722942
-3.9937733399568964288 -5.7752695377499216889 7.3750951609318535773 0.83077402923560028647 0.0010706880947947312877 -0.55660880874681184505 0.51584241372670158743 0.37417810202170304068 0.77064735915200799354 0.20909595057816013353 -0.92735624308814257333 0.31030514313716589525
-2.6430509981015744003 4.3955027338020995487 -6.935551100866854668 0.97111473521090951877 0.0078128996669753168758 -0.23848507218499265248 0.2217561751948658455 -0.39854049064765112442 0.88993801810978789835 -0.088092961235394021124 -0.91711746025959128836 -0.38876110179351275331
-0.54153009455184386578 -4.2215283947931050434 -6.0306885324391883429 0.6368081282238623464 -0.0026079642967674725174 -0.77101790274292880678 0.75979188789390583736 -0.16793258619475778803 0.62810423783366386985 -0.13111710383702654403 -0.98579503194946260791 -0.10495932576588583307
-6.5415706172822787323 -0.64923676760815540732 2.5130626219237983676 -0.97004267069285543545 -0.0016623098079036591722 0.24292890680440021312 0.052492542406693973311 -0.97778774031035486924 0.20291788459975726444 0.23719559445059995584 0.20959096265072854615 0.94858308984935080233
4.8163020810936050253 0.0013568577803899292689 -1.4378506679913789501 0.99093460957578816117 -0.0081250991918535107189 0.1340991510339712145 0.12160162003876501258 -0.37008100383601100214 -0.92100656707955685931 0.057110818142003215436 0.92896395697731581897 -0.36573804982297397626
-1.4282224659957052371 2.9585807938646477844 -2.2957174549348202675 -0.71235909710426670305 0.0014681830687382241719 -0.7018136228454723291 0.69859834704392920202 -0.094151676865690384077 -0.70929247229250014239 -0.067118300636699185224 -0.99555678199778108173 0.066044133257981890717
-0.26886769454040304606 4.9868733948079935203 -5.6590821859819726569 -0.99962774515286878518 0.018477980529937203247 0.020073249758678156363 0.024800219602318249179 0.9220648959587589566 0.38623992122538569616 -0.011371905205955870274 0.38659396254476585675 -0.92217991080698902273
3.0336849174926450168 -2.4379993135277615579 6.052355609395598357 -0.87311356281787755318 0.0013830500939169259201 0.48751491628040527493 -0.37960410865348181986 -0.62938697438853374866 -0.67806545197599588093 0.30589773963999516981 -0.77709080784833672872 0.55005131509774962684
5.5220583355628996003 2.2733625836484212535 7.2005735765480176624 0.97606681425750108083 0.0010189161227954128628 0.21746847108290981443 0.2173471500792351907 0.029154034236750978742 -0.97565888436498426906 -0.0073341978190338396465 0.99957441148610437498 0.028234826804815447987
-4.4025449784162971056 5.1825681816178432726 2.0856657769143218673 0.9776441620575347935 0.008847992547952326578 -0.21007999767383736534 0.13711853704446136382 -0.78427306892369286206 0.60507376423020575729 -0.15940639633826336752 -0.62035269515722024636 -0.76795321108615210992
4.4210934253340141709 5.1887714904565216401 -2.1634632202255597022 -0.97220745277168008069 -0.015614985935233444136 -0.2335997452685981135 0.22001945706993156215 0.28011514493897926581 -0.93441261982404433262 0.080025666419846167021 -0.95983940208251994353 -0.26889443081619257558
1.1727479780878757865 6.2161364038345858773 -6.0792448733014508022 0.94811767244268319033 -0.00037529252055536373167 -0.31791938971597372143 -0.22437172199840499376 0.70767071885004562137 -0.66996976353394654957 0.22523367769796881488 0.70654229373611576737 0.67087090978288166365
-3.3695988029057217794 6.4177352328413066473 -6.5678291801578208009 0.93731405250868682355 -0.0054734772111514895521 -0.34844283321224756023 0.19518076024872837992 -0.82008927529210440266 0.53792011616915547112 -0.28869852406706414394 -0.57220942110215955445 -0.76761288459977294885
-3.314424403035067801 -6.1625372915620557634 -6.815060042409447405 0.93048583088127190255 0.0089997682230873524145 -0.366217316222508249 0.30313021742119555801 -0.58023685609359165749 0.75593469434653115524 -0.20568954717104021013 -0.81439805685089450282 -0.542630274848305727
2.7338830901963251385 -5.2270517704630563571 -2.4995125248501355308 0.85956977322262639873 0.00027048014590284105013 -0.51101832824517645637 0.18382876327592193033 0.932892561329926151 0.30970704675194382638 0.47680896673027800547 -0.36015468323467308975 0.80183652535262794903
5.890068384161017967 -0.38865133713344335309 0.94864262048934655525 0.99496823284630142581 -0.0080910819373227697154 -0.099863657151339824125 -0.0078886759308298762261 0.98731295487616477224 -0.1585903462564526023 0.099879849912824267277 0.15858014858977662054 0.98228119805613001159
-3.513264590174343116 -2.8497853372711001718 -3.8185015865155880199 0.87118060405500130639 -0.0088797491405014795235 -0.49088237407096629861 0.10134038412808453467 -0.97505287781548355408 0.19748927061617188583 -0.48038992668779906259 -0.22179503041978657074 -0.84854727789206030319
3.1091975866416170504 -4.7508385656224740856 -1.5535107306830586715 0.98733104030239537963 0.0023285022560015121787 -0.15865684647251421246 0.15110260514342710447 -0.31897879564194386859 0.93563910277940176563 -0.048429532046517786981 -0.9477589915205256732 -0.31528950889251022849
1.4840179666068136211 2.7772792019604879421 0.82638022033190317028 0.99991169957275738422 0.0029273254959391379997 -0.012962400358940411038 -0.0043365947479745980964 0.99391499469043531612 -0.11006442329633739363 0.012561329691424635846 0.11011091723805296883 0.99383992619607275376
-6.3080199424115699358 -6.4958901720019364134 -2.3818834417564933581 0.9987646281069277876 -0.011790512816020878861 -0.048272160196682241395 0.01781550482423371537 -0.82189739106324066764 0.56935690594851029456 -0.046387772423106654607 -0.56951353133265769646 -0.82067198818933506654
3.9988411613343806117 -3.2679367453370917751 4.1527232532259112929 0.63964115079227745753 0.0031874947942603214929 -0.76866705281941172245 0.39340464562322574604 0.85774169996903604218 0.33092591457374298525 0.66037260922537222019 -0.51407102234152357578 0.54739291279070334539
-5.7591975517577278509 -2.414044281195109054 4.6902689671089401457 0.99839517876843042465 0.0015256923215905215073 -0.056610416665218453447 -0.021124652698770979287 0.93751880436455181655 -0.34729273028863649753 0.052543468294609818603 0.34793126293265042026 0.93604648400266399211
0.18861873766393613683 -0.66863786694822557877 -5.047023448661912326 0.87631518305297262383 0.008821760020835187413 0.48165742649826742694 -0.46772784822998880738 -0.22379521276244720984 0.85507096941416016467 0.11533585713473856749 -0.97459626476537453144 -0.19198896000614476542
6.8671487680515266305 4.1189764608403347523 6.2361977071895591251 -0.69746597693681955388 -0.0029573249001808871866 -0.71661179535713270816 0.61902771324562189115 0.5013127272675037549 -0.60455788781017849587 0.3610344876177543072 -0.86526111880117040354 -0.34781790500417908429
-5.9284694649387512655 5.4890323970916830021 -5.8843771742903836497 0.99796164822606825417 0.0075273913832463587234 -0.063371026888773510088 0.053292792781352987808 -0.64456869362866364703 0.76268674921715107207 -0.035105938351399697261 -0.76450934433323569639 -0.64365599159778752458
2.1013255583467143062 -4.3546946973757387767 -4.9358000452736723318 0.95516893412921588524 -0.0045272309790976416471 -0.29602670733252450797 0.22743078182273249177 0.65136952366812750359 0.7238735960898179389 0.18954563237908114703 -0.75874715671047465726 0.6231975653273782445
