1125 14.717824617146108679 14.977075390850430381 15.033177056927090831
-3.6671760028061557435 7.0897766241478343829 1.324093241037848756 0.97985532120320417704 -0.0012806166726811486767 -0.19970455560810476681 0.0027478085058869373969 -0.99979832970209281395 0.019893453028099077062 -0.19968975701851479632 -0.020041455683298365492 -0.97965419459927050028
0.073378216085940140001 5.2041546156454927541 -3.1429480919390182514 -0.99860488556305926355 0.0072696022884586458668 0.052301390154793334086 0.013601555459116660904 0.99246750181940368574 0.12175079269319875885 -0.051022350187425943857 0.12229231666342631202 -0.99118177397818152397
0.10960290089185519002 7.4751237418795355438 6.984572661373221969 0.93804384798689577352 -0.017789404585441735002 0.34605964274719819285 -0.030518908309562286368 -0.99904181655309887145 0.031369491768850135682 0.34517000954524207357 -0.039987321274857268172 -0.93768794310677694437
1.2311780213520335803 1.2989231996247614376 6.9788688089470651832 0.029818248896637988138 0.011033026356819830224 0.99949444438783863198 -0.99670047734781608284 0.0758490975444268134 0.028897627174167158509 -0.075491923325318344151 -0.99705826646745443487 0.013258309905613042262
-3.160932276739627067 0.19421619918993998644 -1.17540497705323288 0.99935277943990863392 0.015403031703759263726 -0.032507981175702110876 -0.02834021794136901834 0.89369762394757334967 -0.44777381455101578078 0.022155231274378829609 0.44840528940334001273 0.8935557297462434212
1.814110702775320938 5.483566192901066394 -4.103251573899497906 0.94227151875919756829 0.0080655982775353941838 0.33475264160233780819 0.12833288562686762102 -0.93207317890136254235 -0.33877759612971825032 0.30928151480811894025 0.36218025249477919791 -0.87930109137933076813
-0.85228037011514423682 -1.8842455279014511671 2.0230666838728299517 0.89142227742081781017 0.0065009206547672710938 -0.45312698148371938212 0.43987325695543361137 0.22805676971706684286 0.8686205314184783921 0.10898550882266147544 -0.97362613349118076744 0.20043530390076819137
-3.6298815981868806091 -5.4793706796809944493 -6.9206129713421775662 -0.95183878405837951675 0.010215886836548174893 0.30642872714310853688 0.25790819404801956782 0.56711697898222268588 0.78221588809805020492 -0.16578990501617008047 0.82357389942020176044 -0.54243869661780919067
-5.6791849036781574256 -6.9000895454616646418 0.45403964124799756075 0.96844710445842585589 -0.00025109074820009078758 -0.24921906592303938455 -0.16374920361558542581 0.7532064533916285054 -0.63707631951322607478 0.18787337273121079706 0.65778414052230371745 0.72939949293643335793
5.7263947950041158563 3.5807433969558197795 -0.40709743937238607181 -0.92685529224435903028 -0.009453218229174085302 -0.37529975206980931146 -0.14262279198508406863 0.93359937498003342515 0.32871103760490094636 0.34727223678969343368 0.3581938632947519463 -0.86665976591342264168
-3.9128613306518316151 -7.3841583934742907047 -1.8162649277094038425 -0.99324953158883733106 0.0084419364358740700549 0.11568967848427944012 -0.049651186689235453364 0.87042339181222128097 -0.48979371029701240792 -0.10483380971295447326 -0.49223150315210095762 -0.8641284740394564734
-6.3028559643156283343 7.398655062043789421 1.3629176251834647093 0.99266747490354001471 -0.011732366286272279468 -0.12030642480719144771 0.086238947963245576878 0.76614409948190265176 0.63685639094161783369 0.084700225045453700345 -0.64256172498079067168 0.76153811557056949599
2.7195642253057585869 5.2895525625008392723 0.944913622576520007 0.84905479465760769209 0.0056738367315885551712 0.5282743257491253619 -0.23066692553110895725 0.90357686932929526247 0.36102854551862006982 -0.47528804438470367844 -0.4283884321384042182 0.76849503972053900824
-1.6469365051386750665 4.1710184822590425924 -6.5397605744445508336 0.91939163491545661255 0.0050079366091470723515 0.39331150786437235611 -0.10636785730890138679 0.96582984325824605687 0.23634422523802869898 -0.37868839509436108548 -0.25912860599092274461 0.88850856212991224936
-3.9830517733208430364 -1.4461806139181805353 -7.1765616154400451165 0.96528179703325356353 0.0036390103639794991325 0.26118539377185451267 -0.064937512402342717488 -0.96516861187273617073 0.25344165036275001501 0.25301022074049361876 -0.26160334145259084293 -0.9314233838280138178
1.9070377361457808707 3.9870848116144812501 -7.1123890107343683553 0.64091013657910500534 0.0073671999715710350526 0.76758056332524693399 -0.36312052875066858082 0.88390492649415330906 0.29471267790700156342 -0.67629703417202058358 -0.46760860266237108673 0.56917880871134796106
-0.044156330978564577172 -0.52640458429351932867 7.3635623403591043967 0.77316543051106878526 -0.010911584793111800407 -0.63411052221197139467 0.1035381161878100309 -0.98426588090733291292 0.14318007605108037938 -0.62569567327810871049 -0.17635649406536246797 -0.759870588614985909
-1.8771265107588543941 -4.7589776151486828937 -6.2300200086060879556 -0.92634558829016711012 0.0042119538323349085124 -0.37665117881168858061 0.21978582308082056374 -0.80602578318962558868 -0.54956039595883288129 -0.30590528440685460509 -0.59186543764490584518 0.7457327005660406849
0.26343461304337406625 -4.4642809818159392421 -3.8544024355947215099 -0.99587958071050841635 0.010662940476537638435 0.090056440214743307959 -0.034711335081040940731 -0.96225757151689161883 -0.26991756014639400885 0.083779376583111242471 -0.2719313658975039405 0.95866279175765467535
-4.1210595724327099276 -7.2913903971878175625 -0.63003355354861179105 0.99649378858226478339 -0.0013817314939318066716 -0.083655365248822832758 0.065207747148155789652 -0.61364697730672546072 0.78688330580463550223 -0.052422123466182135587 -0.78957930447828994502 -0.61140530167078122048
3.4011263268109783731 -5.5504714435013715601 4.1701789210169373234 -0.73858830427361210624 -0.0022089192707736883536 -0.67415312612633193634 0.64892426945353609558 -0.27335481840886760585 -0.7100524176191942427 -0.18271455690348187284 -0.961910735946065798 0.20333009311769545402
4.9432978608280473409 7.1786496910987684927 -3.8181650340337216498 -0.98450673628969564977 0.0065216025853808406304 -0.17522544021804553616 0.05018528243039201836 -0.9470253668520559609 -0.3172134801142132976 -0.16801167705634587057 -0.32109254622074046015 0.93202556463551933241
-0.50161147714310505563 -2.4524888591107192326 -4.8080836028794129433 0.99310175084193519357 -0.011890128876615344358 0.11665134937100110624 -0.11363759884503282782 -0.34282491935630465818 0.93250070820195729571 0.02890343584283327702 -0.93932406522118749859 -0.34181119334045517721
-5.1538087051781555914 6.0005992428541858885 -4.4958282427427667116 -0.75545697773610009929 0.0022624582082869850591 -0.65519434984802693567 0.19919667414758415735 0.95345146033264027707 -0.2263868322100379693 0.62418381891750807089 -0.30153804747064821834 -0.7207422327914518867
4.1648037953479937201 -3.8865094819515211277 0.21935686354151887056 -0.97482114047853163363 0.0014577241629428402958 0.22298345031945171479 0.20362098077762649795 -0.40180295429429935261 0.89280058361737224537 0.090896866080486610207 0.91572499199309653761 0.39138919092901097718
3.422987012060545009 1.9023924343516533941 5.2093212768648902156 -0.98448033360807141179 -0.01805599803843528986 0.17456360924783725919 0.10862078592484997186 0.71857825628661076145 0.6869110673567354608 -0.13784047882917832561 0.69521167318085497211 -0.70546490477497703075
-4.5350908144523618404 -4.2172000198206180954 1.4006630554668242361 0.78170243399058603195 -0.010602853134247813144 -0.62356145182233935209 0.32908189343361637924 -0.84231433695165480735 0.42686258348551864295 -0.52976071212148756473 -0.53888230372795709044 -0.65494996039499631113
3.3160944405012382497 -4.65617021150145316 7.4148082447439636056 -0.99778992613124761757 0.0075825622384412894386 0.066013393040975934523 -0.02005605726986209314 -0.98150024873195207409 -0.19040750065551584336 0.063348384964985168799 -0.19131065440531663802 0.97948313698268962835
-6.8364009237131249108 4.7895923608561368212 6.3079290153231877269 0.99996113141087827891 -0.0035938644242772721689 0.0080510748422949803688 -0.007665764015604843197 0.096725970409318656751 0.99528152937265246258 -0.0043556549075051418166 -0.99530456182362248008 0.096694661090684780325
-5.2171507947509976333 6.8471343600130305518 -0.80086165035677114865 -0.84389650435502805426 0.0041916951155547832464 0.53648962676772327107 -0.025965292359568476616 0.99847859463452925954 -0.048644626108013074017 -0.53587731201279920068 -0.054981139935079116621 -0.84250375709631486476
-1.3547929390164847874 -6.6401733222279295532 -3.7847210266806179391 0.84512893812834644081 0.014342039077901134331 -0.53437008136032193573 -0.11052157303876745942 0.98272926166260299308 -0.14841893465828770449 0.52301248534907573973 0.18449255862267305295 0.83211804209602557858
-4.7743586730673817087 -5.4173477012297137634 0.4124428290122574281 0.95434366064520259609 -0.0072410577642379649749 -0.29862308093810069343 -0.10289682891922409536 -0.94649063164922009328 -0.30588842213901956679 -0.28042899276794497343 0.32265004460373936102 -0.90402241605638677946
-6.0651918530463602153 7.0543072872636338744 6.997845329320415253 0.95204907397659499502 0.009562604154094638681 0.30579587528637786065 -0.24981022404905914303 0.6013336619071347755 0.75894181530462856422 -0.17662789332637426898 -0.79894078858147354882 0.57488799225587394748
5.9174701778555167664 -0.59462783933595997343 -2.216229688446760715 0.72374244276561083833 -0.011481374040257249711 -0.68997467677439006106 -0.6862698921324799084 -0.11676502182327795631 -0.71791334075302049023 -0.072322276597366563777 0.99309320193465733251 -0.092387123448145119786
6.490633469767606023 -1.6584432828541233462 -2.0421442206431952293 0.88490491790026404306 -0.0050892458943220583029 -0.46574390586699926375 0.45415925314068794627 -0.21246365653139434593 0.86521590799061010024 -0.10335694975511124094 -0.97715571646981824738 -0.1856988064253088655
-3.7725715728593161025 6.8576355887429443214 -3.9518680190762602855 -0.85031039387751317093 -0.0040834209721666517995 -0.52626567410085101084 0.511624241642628097 -0.24076890002783274403 -0.82478540975390468581 -0.12334046143593507816 -0.97057388304674740986 0.20681747537435382633
0.40129468982729410431 -6.0886240375953937232 -5.057238127644843928 0.89002998330539984106 -0.0019931090422733253181 -0.45589763799975752123 0.42870337059430996263 -0.33657111144078277754 0.83841118014040127981 -0.15511301962908538576 -0.94165594271992847375 -0.29870392813237139906
2.8340037171095451285 -6.2946111931829218378 -4.6006837498817940713 -0.97615521721948672607 -0.0079751270208196032435 -0.21692715192920855594 -0.043167404395544319018 0.9864979383030736404 0.15798225508442254039 0.21273825958879410969 0.16357938462042287409 -0.9633193747840512744
-5.3903004095718065614 -7.2309136896616017509 -3.9814596576878709122 -0.99976135875347771353 0.0091683437466847476915 0.019828439584671866264 -0.021818701845486430241 -0.37413709686949586652 -0.92711670085052044765 -0.0010815697850419369458 -0.9273280833765709108 0.3742478536849902504
5.0954549403092279647 -2.1485403770983735328 -2.8415916123084721256 -0.68431974916761117989 -0.00072765962979169391406 0.7291816998600600952 -0.094592815722450304672 0.99163816379041325177 -0.087783548162842409135 -0.72302052537466654503 -0.12904736582290093905 -0.67866641088330681431
-1.6329988287592112073 -0.38416150850538216543 -6.1389879645165486011 -0.99458957079061860451 0.0076521368045685631692 0.10360034013918043017 0.022644036902175822962 -0.95733283456241569098 0.28809910007029826406 0.10138458101405654899 0.2888862902092722007 0.9519799777630116866
5.5567772269069308777 -5.9465504223584488841 -2.6025486452466264353 0.86970228194074206129 -0.011669757962531866063 0.49343870696990316249 0.49180245837964919886 0.10517821643702382484 -0.86433088844424987851 -0.041812470852449004632 0.99438491517935356789 0.097212950500413328192
4.4275229049517310642 -3.5807227298123027737 -0.89464331517846462649 -0.98334538359024825649 0.0021927927046752004013 -0.18173345380520966597 -0.065313512677304633169 0.92886534063371772874 0.36461393833899691241 0.16960542925737659425 0.37041108329730376703 -0.91325222569509922899
-0.45159939088148987052 5.8336930937631494842 1.496352912590172668 -0.98516812572216960753 0.0024985213975907962988 0.17157366188294828624 -0.12819226218641449622 0.65395074020791144065 -0.74559719238811950071 -0.1140636137276907075 -0.75653300441707105328 -0.64393113393516232534
6.8561806762770949319 -6.2153672961799406593 3.2395719732043546379 0.81920312284418606019 0.0018745111031070460506 -0.57350041824782294064 -0.24168719378957767563 -0.90573124359470624789 -0.34819278386323548879 -0.52008993826109528591 0.42384832261610583259 -0.74152481788208823854
5.3332107523279272954 -0.58959138426793700205 -5.4696983673863925901 0.66437723580917074084 -0.0031720690565070139288 0.74739067863906605282 0.57389639849695162077 -0.63844705186514327799 -0.51286283327704274004 0.47879621169230873745 0.76965921026297701157 -0.42234924852129029915
-0.86110304496339273861 -4.0780006091815090841 0.19946603421191144712 -0.81384768200402812788 0.0068835731822217260251 0.58103749183408937018 0.10809507482632908781 0.98426953880858603085 0.13974594724648747857 -0.57093555266326012632 0.17653920639274078841 -0.8017895629848069694
0.35471557174511170185 6.2747752486563417307 -1.668773056250064446 -0.98714773795433186088 -0.014973798418752119754 -0.15910728711339075514 0.030080085540177121245 -0.99521494020810330472 -0.092964569812310479668 -0.15695391650272427775 -0.09655572560653598313 0.98287459014210354358
-2.5862630615755621832 -2.801822085814041241 0.37041264747384466949 0.97253795245280860726 0.0098536307915324007622 -0.23253566822983440243 -0.18327718845196391828 -0.58338835881712636233 -0.79124427011502918017 -0.14345523075869306973 0.8121335658356113596 -0.56556137422132413128
-4.6381818784088864049 0.66456618873006900738 1.8878307875106112856 0.99975474920853735217 0.0051300467805324018178 0.021543538591502372354 -0.021139666624395168915 0.51097149625962368091 0.85933767781079350989 -0.006599691661358224673 -0.85958234778887598893 0.51095462757438003809
2.4673080072678383878 -5.1857412450058468778 5.9588893096219077705 -0.74765498331485191752 0.0076925841914366639707 -0.6640428074098132516 0.66334493946755912486 -0.038618221737869287691 -0.74731661578784491784 -0.031392948364599056188 -0.99922442779300690852 0.023770269134290783475
-1.5368688516854132065 -5.2484775449576375195 7.0961109638913004716 -0.97936450928079721301 0.010523776681852076847 0.20182766927689957392 0.1162118206350276628 -0.78770798350520787601 0.60498838457197823271 0.16534802903597892176 0.61595891327800644799 0.77023025547389334378
-3.6484753567005014929 -6.1169164855847162343 -4.6630432324688735335 -0.96203468398268587869 0.0060022022592884881342 0.2728612108425350069 -0.16518540971822684438 -0.80865847406721580448 -0.56461070901602150585 0.21726262271876042864 -0.58824777593071175819 0.77894897578852084763
-5.4906612289319367548 -2.3919938798401885194 3.26753733094393084 -0.99319866646859555903 0.0062559174595859150594 -0.11626380529464779012 -0.075715846492936472734 0.72387606877887222812 0.68576274879820098285 0.088450661471212665976 0.6899016600546544753 -0.7184790741136048986
-2.1237239443643995962 -1.6102521512069627452 -2.0065783903077050176 -0.90729319589641754806 -0.0072924488661914241283 0.42043534207973976002 0.4195044657369630392 -0.08440885658713109807 0.90382030744862495997 0.028897403117472606621 0.99640451881711789017 0.079642796120391851078
-1.3441508592330442262 -1.7413913559230063122 -1.1324258158879583203 -0.95736902190730033269 -0.00502915846319567858 0.28882393158688590695 -0.19867147289081085737 0.73729208956357406013 -0.64570118516716845658 -0.20970026645561326561 -0.67555538798240888365 -0.70685975696483793751
-5.7355454566030896757 -6.9356193467380453654 2.9022145982233120698 0.93686088372776110678 0.0027357371295938675594 0.34969157879936357824 -0.032537531869266722584 0.99631350063632218017 0.079377058836456002022 -0.34818528624956346373 -0.085743362378845791594 0.93349616081015718283
-6.3226392321394211393 -7.122439256837977517 -5.7085213855154757212 -0.94919832161091155509 0.0065533041454200295639 0.31461023577732999401 0.26849151224543343908 0.53829613430650957717 0.79884265011508115428 -0.16411841488164125025 0.84273028069212352342 -0.5127092937535486783
-2.0108367699528901795 2.3089866716068350172 7.4245347070522038635 0.63777564900452732299 0.0070200416597342250175 -0.77019019764727236765 -0.75581524061026461592 0.19820584005467373201 -0.62406551501385087999 0.14827522921279520651 0.98013527840982261896 0.13171671275353502573
4.9638732636331672765 0.5068460375433846421 -1.8522984770741370841 0.90852168857236981214 -0.0019425538876500971636 -0.41783318187753576423 -0.040429228880824411019 -0.99570584495019220928 -0.08327873548499756251 -0.41587716797824147985 0.092553210729110990673 -0.90469889153134241955
2.9838139082756276466 -2.9396133878557932917 -6.8087864759429086448 0.99982819837769343341 -0.0098773781271562777206 0.015684741951487560924 0.018397095242532413017 0.42550166822720159043 -0.90477062133032326585 0.0022628776791375872571 0.90490373396134027306 0.42561028141645573797
0.21908564868664071046 -1.045939120745141393 4.6754764641021546723 -0.99403275389775846982 -0.0028218398031384832672 -0.10904550150504233041 0.029509847175008183801 -0.9693461921860508923 -0.24392033251470401911 -0.10501453755584595762 -0.24568271594580778916 0.96364513696039855173
-0.74036796683460859292 -4.4580950105375505288 4.7585242144515982332 0.99898426931018236008 -0.005902691715506065695 -0.044672003552285823036 -0.043493324137038255617 -0.38547900081676250705 -0.92169098437869045881 -0.01177966155606305701 0.92269772848961828515 -0.38534418564935390972
-3.6668133037681260866 3.766612675090815987 6.8710669710380463115 -0.95837891457980406429 -0.0092212082943162656384 -0.28535035553952403653 -0.13311383987955979769 0.89862423169494187736 0.41803731393645882086 0.2525679348639640609 0.4386222287211606341 -0.86244998623118551695
2.4370082851841927685 2.0458665899349095518 -6.8108763477366345285 0.99994438620330938772 -0.0098974199282726039312 -0.0036421942955547070842 0.010052073484656774693 0.99892619969191587259 0.045226136113355186463 0.0031906612452922422651 -0.045260232520971541148 0.99897013520571276146
-5.4663381034360751798 -1.8749348993788685913 -6.4108969051614712598 0.91459185923925223616 0.004294382334161427929 0.40435539973365658417 0.22984984546474929168 -0.82822451623128945375 -0.5110902065717373155 0.33270223857561370684 0.56037996840898773865 -0.75847446328329137799
6.193768971601230966 -3.2352629371160119831 5.287391336040694334 -0.96528324828676237424 0.018624157816389843439 -0.26054057519447465507 -0.088289072601851467659 0.91548503989950724691 0.39254576978897498529 0.24583183324405930015 0.40192074152219425809 -0.88205806345051218642
-3.3351396435450717526 5.4686808151263788247 -2.8519890592334609103 0.95224236975161602459 0.0034938980269475436446 -0.30532320895476150469 -0.2996779638537924173 -0.18103058424000942339 -0.93670755604417621498 -0.058545599580982911336 0.98347126050855282475 -0.17133794828759815743
4.4639924498565299871 5.0986233036193979729 -3.5139685424554474302 0.99530989721591589525 -0.0015094842291365501846 -0.096726056269218652073 -0.056705784987527589613 0.80097842386026252282 -0.59600169333592079024 0.078375139253371584047 0.59869131108414930242 0.79713615623624423101
6.8010604313550580002 6.7522398671994610098 -5.1320323365720428299 0.99395348094803803729 0.0082708322283598315755 0.10949004998405099942 0.076724441784140492984 0.66101568624112705397 -0.74643929597532809872 -0.078548314712459460507 0.75032649951699992297 0.65638426731477894638
-6.367617865678626643 -4.8665206887491274657 -5.1895971331960568662 0.87071420435903579271 0.0089336086771234293757 0.49170821120191160469 -0.4811765294589669395 0.22206770156410507444 0.84803011940610162345 -0.10161654306860336272 -0.97499032126376428131 0.19765614490000063541
-0.082315273593492943593 -2.7573975085553832365 -6.632929272750543781 0.98604551828100794886 0.002731017900433708144 0.16645352930810292102 -0.16634443114244742978 0.055896886143375817957 0.98448213206102108686 -0.0066155956505357538938 -0.99843281179095400013 0.055571163686593878783
-1.5030326055178300226 -0.58918288823308717639 -3.8240757296371019613 -0.96205334453078605872 -0.0040562510059456600639 -0.27283128322238409114 -0.27165384566797207144 -0.07972857293847077087 0.95908682755572727263 -0.025642745773319475938 0.99680835745138796078 0.075601244065373343628
-2.0583186364309384864 -4.2582223024822383195 -0.86978789825069202646 0.99310872203603028918 0.0068599007977978038869 0.11699576050848346787 -0.10457997232046178926 -0.39870675504360264529 0.91109601737248979703 0.052897028322615724516 -0.91705281486049894379 -0.39524174773293480056
-0.45674451719668091032 7.215993927398852037 -5.5753104586945942955 0.92331068380706959875 0.0010499426374069170675 0.38405244275778266383 0.31815074196241488469 -0.56222396683538899964 -0.76333761633025676296 0.21512202713003522603 0.82698434612538473942 -0.51944143530065922665
7.3273439386495589076 1.1181447714046157671 -3.2530106048818145936 0.98462490599864360696 -0.0040227657987165106601 -0.17463565455662372061 0.13437097541639553278 -0.62135774423998146876 0.77191903373237691355 -0.11161646586750811894 -0.78351666927268892593 -0.6112637675496535028
3.101997027027937115 -4.3883145220159063271 -4.4734673432963383277 -0.96405062245822614742 0.0068220493017864310831 0.26563105424864469351 -0.21995321734910144862 0.5403984743999177276 -0.81215150744437469843 -0.1490871540935246875 -0.84138157129188517747 -0.51947095392779951695
-2.9623925339545560398 -6.456261618018717563 -6.6959560949208585257 0.95992421967965702034 -0.00023732345073194938134 0.28025958707962261851 0.27947903765487092098 -0.073775870313724498106 -0.95731321335853147847 0.02090358782585939601 0.99727481901284187327 -0.070752917812523685726
1.4922481241832497023 0.22172532261691466071 -6.5207395514729507013 0.13762358091300039287 0.0021368656515184094799 -0.99048229857072100923 -0.98136818393253333337 -0.13506903901773600896 -0.1366486087154264728 -0.13407549195029297429 0.99083388542377492936 -0.016491632856395151835
-4.2005856259613922887 2.7932967513533051296 0.80652109638590174789 0.99806323146208109076 0.0081415047770362711926 0.061672537675913602362 0.05803993646279740487 -0.4786426261108753244 -0.87608938028324445657 0.022386419517421901615 0.87797206810334138538 -0.47818813855170622107
7.1950536957315645026 -2.1658605704310280871 2.7973841202121803029 -0.65412377548212485845 0.0092346380682323814248 0.75633114956918878757 0.75023813012195350591 -0.11932421776938867408 0.65031106338803223998 0.096254010099095191344 0.99281239542697563571 0.071124630237071426175
7.0122769259447164103 -0.62248803860506651819 -6.7472338927809083486 0.73623970770847824152 0.0035565451726769399532 0.67671149227702176443 -0.004437553303649767987 0.99999006256162870088 -0.00042766656961377047964 -0.6767062885136566619 -0.0026880782079974113903 0.73624817373051376634
2.1411134954273038922 -6.8457134892263029613 -3.6307513193399665319 -0.99978971835817864733 -0.0092451857890537801621 -0.018304251014199430375 -0.020481142281271749739 0.40575703806791746375 0.91375146996833622737 -0.0010207234293201751865 0.91393421677826613969 -0.40586106677727845637
5.0753315723848650975 1.0458751978670437488 6.0996828662999034165 -0.70836898984853902128 -0.0096774423928512980086 -0.70577597106282818906 0.075292645836787949754 -0.99523694857445221817 -0.061922804160637792692 -0.70181506944769467271 -0.097003934461215995944 0.70572363216433020572
7.0745406475363648013 2.6859348751300795577 -5.4928982194103426195 -0.9602997455862072318 8.2536585233295442846e-05 -0.27897023463930203935 0.053587422729039858871 0.98143182695928643522 -0.18417371461889586737 0.27377506597983464198 -0.19181126718468169412 -0.94247315666216269214
3.5373363719834198804 0.56086418460984688306 4.054194276314341927 0.81165265881554027327 -0.0023900792221270496414 0.58413547140960886406 -0.33099467951233663143 -0.82584344097191542122 0.45653601516007058514 0.48131329045870191452 -0.56389440370078447451 -0.67108912813646515172
6.7157636718460009817 -4.9339099043794956145 7.4728649119760257591 -0.98553423530454142831 -0.0018254798609068200854 -0.16946662994841266148 0.030750568356145389914 -0.98527026019188468364 -0.16821687468042073599 -0.16666335406610624514 -0.17099468414175000852 0.97107370698967099276
-3.4531255884167983972 4.8196668638803172868 -6.0888565818078408398 0.9990634070357381491 -0.0038310014293376540816 -0.043100256961451775817 0.04300662119781463455 -0.021856681730524993995 0.99883568017813095796 -0.0047685695173342312891 -0.99975377413235777535 -0.021671452488936197855
3.9575438384711416617 -6.8788065271343485918 -6.1623246603731676174 -0.8678834085224932382 0.0040407791884293949025 -0.49675150861869882268 0.15777576667713066882 -0.94594976029815713847 -0.28334759296874223455 -0.4710469155624262827 -0.32428802490275054904 0.82033656522417852663
4.134052384731875307 -3.6545797131737023378 6.6132282699962470218 0.81189532343485271149 -0.0063048425145966115885 0.58376898919484887518 0.15876925186307216942 -0.95986876060375125874 -0.23118020477469625185 0.56179917092098807796 0.28037869280265476091 -0.77831194271633818982
-1.1185605164639518261 -4.2622776420590708923 6.5098883024837759237 0.77236868243297840397 -0.003774898194098895432 0.6351632613277194972 -0.5628452776240771005 0.45936668693947652065 0.68715896296755918371 -0.29436679815007388283 -0.88823870500779955606 0.35267575912295068274
-6.536401480433083222 4.5360472941221452459 -2.9353546126651677284 0.94391484156290661467 -0.0031452700906133171203 -0.33017401344330615798 -0.30994287072759174606 0.33632506211633583781 -0.88928109699782120767 0.11384282481707069801 0.94174070734390546988 0.31648736368008217879
-0.79933433645565399317 -1.1243239626954604216 -0.36768625877559102388 0.86243750811612707174 0.0054950779985099605998 -0.50613372611607010398 -0.34863714221141695049 -0.71847528744233402076 -0.60186826166979801034 -0.36695188739820866486 0.69553077965859633203 -0.61772424825511929036
6.3283261617170252222 3.6164171399771776194 -4.9740793907811724495 -0.97529501903186865963 0.01650931873705555053 0.22028860217060558524 0.15994044311987604123 0.7406233026712858436 0.652607215861752743 -0.15237677154362905263 0.67171762365968668007 -0.72496672582866383827
2.1083188640606791431 1.8760293798644362973 1.8549356409110451249 -0.98877623339015907611 -0.0081846157468587650563 0.14917966465941684406 0.11589354131899289035 -0.67216476134951930188 0.73127506499294281372 0.094288108281734200888 0.74035636396606097076 0.66556908504803258264
-2.4557870359129592153 -7.2203530147999259725 -4.5376728433503998872 -0.9998739481476603963 0.01160664364557041639 0.010833911527765752864 0.015696082004292441492 0.61979611665064693327 0.78460589265863311947 0.0023918247052659019625 0.78467704159616369353 -0.61990016903245648283
-0.070765605007997001152 -7.0283182591029351727 -0.51089341184813630292 0.96837468696674067203 -0.010425474557844271323 0.24928252069164064109 0.022387464714810317856 0.99872712864539703315 -0.045198716035115306389 -0.24849399804779959133 0.049350096127794909617 0.96737547051100114537
-1.1053037351354231266 -6.4579527847878290814 -1.815593636533312738 -0.94043106647121677 -0.002384404445377607748 -0.33997606361533300179 -0.12145916743441841079 0.93634236897666811572 0.32940953038039433309 0.31754854725228731649 0.35108016559571536552 -0.88085506041762151597
-6.221121992238079379 0.39535978895316270521 -1.4218410538146062372 0.99995479750224280924 -0.006427866495074575047 0.0070061033779804660071 0.0032105887574559966932 0.92185065697366830317 0.38753200946110410996 -0.0089495850211795992257 -0.38749199832956976453 0.92182962425735082146
5.6908693144324935531 -6.7696441375187177414 -7.3873535662344096409 -0.91250204800533030181 -0.007796297498057479583 -0.40899783634068670457 -0.2827477128384180971 -0.71051867819338310195 0.64437329151891376 -0.29562432794124299251 0.70363515097217621541 0.64614536371131381376
-1.4075347574073351353 3.1425489273372830823 -7.1388467932040118313 0.59026415289189682056 -0.0057266773799431623312 -0.8071898382517874726 -0.69327319424902100753 0.50861621294179459873 -0.51057009907408901217 0.41347370889402984551 0.8609743045521356386 0.29624776615955172865
6.2830678213274575583 -0.22656235431675900149 3.21803259071777914 0.97809529814826789984 -0.0023594984985723906415 -0.20814423005952320533 -0.072516810161341718755 -0.9411575762539137191 -0.33009654482268790954 -0.19511765677214748527 0.33795983404345791845 -0.92071290345524370302
6.2480325258639997088 5.7041405368827060585 -3.7343776647882616082 0.9326065237421744536 -0.004943986263011681051 0.36086095504138127055 0.19942479578286090303 0.84043865033953768506 -0.50387759013723354418 -0.30079033013134376384 0.541884149994609432 0.7847845215625467441
-5.9412823173469826443 7.1022880639229999389 2.2770641515691840695 0.97153886665498268016 0.0078586853677645451821 -0.23674980811615303766 -0.19064119461097706054 0.61915927970132045299 -0.761772749103718394 0.14059930830565872673 0.78522609955603017706 0.60303549404650624854
-3.8853246549623339234 -4.4974920844947066101 4.8056265107306392892 0.82929002259495798732 0.0020588605441186659528 -0.55881465578285016704 0.023634304160837376479 0.99896923347248456349 0.038754228699977688599 0.55831843789298951641 -0.045345690738581523327 0.82838655846185582643
1.0256680997660141408 -1.8740268336895200552 -2.0789427012048684595 0.39218412166662797169 0.0094773710395068041373 -0.91983791732605257874 -0.2190824005569383115 0.97213612015883399398 -0.083392239739775622653 0.89341732492654857278 0.23422541134718632971 0.38333267562321854394
-7.1510833591512232843 5.0461770655869599977 0.97195822392297726022 -0.98958254531434253209 -0.0085664658374069481417 0.14371152240575224557 -0.13564016652203203517 0.39003594425025711612 -0.91075447153372224296 -0.048250712274483527342 -0.92075978292704896422 -0.38713471932803839026
2.8403176481037104573 -2.1108693703750831538 0.6616112652783303627 0.98504083447922641259 0.0059259827402316361811 0.17221915438427518041 -0.028512929242614226677 0.99123755820268710792 0.12897719207024443966 -0.16994577745349218056 -0.13195827346894570264 0.97657843862571636073
-3.4413469563216083635 -3.1245467882572035556 5.907583332495249806 0.98998447459960037254 -0.0048601858951750863402 0.14109258890806208875 -0.1299613596716875652 -0.42174164450890516687 0.89735390469934595004 0.055143313683487710231 -0.90670301856783175332 -0.41814931672305072352
-1.7244828109400269778 4.692412870803124747 -0.85541325965731673797 -0.85812594999133129381 0.01042283086731297416 0.51333343797987263102 0.23311379156351455522 -0.88289670639824868736 0.40761669005831391299 0.45746892149566276142 0.46945156345244348772 0.75520686929982860924
-5.221734512759750757 -1.9300949425162248207 6.4594159347973514329 -0.97212599585530146129 0.0040906954156151838567 -0.23442336571517141675 0.04760996155924616946 0.98246078798296421208 -0.18028891157274326562 0.22957425757815050349 -0.18642442513465357079 -0.95527042975839104866
0.37290823543812390284 -4.7300712305821814851 6.7588439098951305084 0.59712668545688063482 0.0078551940909749110031 0.80210848233961740128 0.1897579969985335735 0.97018635401213415559 -0.15076584846608795387 -0.77937899900527696229 0.24223281035892738067 0.57783357595000472973
-4.8835125106314958288 -6.7030736904763275064 5.6575395719360859204 -0.99995417179269585617 0.0078879280514949183523 0.0054253944886694478386 0.0065942087214425626485 0.97832037481004596735 -0.20699217531780281232 -0.0069405133558125779031 -0.20694691305378948298 -0.9783275547850728282
1.9246871140359373964 6.5317403403096090386 2.9797587200544732866 0.99011663995201149024 0.0072993904205685081893 -0.14005626794088832376 -0.036396478937586088098 0.97780292448602978972 -0.20634131236287173161 0.1354412625864237496 0.20939952188626226315 0.96840461823714030221
-3.7540264722717946455 -3.6000729112883513849 7.0727882253366933796 0.7359829227117139494 -0.010283718550452073531 0.67692199152464138656 0.34001195251168686573 0.87024723329361575175 -0.35645704522985061091 -0.58542378635142788834 0.49250786600580442887 0.64398368946459838558
-1.6091172046687827191 -1.2656164033480454822 1.0513477667923352143 -0.98772267289665371948 0.0051255156966192516252 -0.15613343823337494376 0.11961364105176360006 0.66768165342803864615 -0.73477465018185283974 0.10048133319210558745 -0.74442927049147777918 -0.66009738896284564369
-2.1381711745254796675 -7.1485782992095696642 -0.88520097563915933758 -0.010637683963195350076 0.011990096087280785464 0.99987153038567322394 -0.15028327137426533699 -0.98858978048474688283 0.010255938089518881057 0.98858574642004581889 -0.15015486511213502197 0.012318216518189322936
-1.8780330943786056608 -3.7611438853603957888 -6.5243981695503956431 0.89171505416835006308 -0.0025004944484645725764 -0.45259033318995878226 -0.44737885860373438618 -0.15628331788803898061 -0.88058371630658838214 -0.068530424221000349472 0.9877091029637635744 -0.14047885562848599905
-3.2607063859484073376 0.33462806182824744727 -2.7520275053448117752 -0.79235602488869782967 -0.0018658626444079361162 -0.61005610264895149264 -0.59919767970636461651 0.19023660121130731016 0.77767099482629409302 0.11460397225731440429 0.98173649932965878495 -0.15185313769126695949
4.1913123671515526425 3.0518757475237623389 -3.2734807267942067632 -0.94449671746144625573 0.0081411205380986038233 -0.32841996416315000218 -0.2990266104716199913 0.39269109397704210496 0.86969925315648244357 0.13604792146304797718 0.91963439847993333487 -0.36846103755770953647
3.4464037946694516812 -7.2923850571611898985 0.063842556641165434939 -0.94328450358996218661 0.0022939787467094402765 0.33197753380103511844 -0.33127641461855955596 -0.071824624394661640281 -0.94079602488955516026 0.021685995586668286444 -0.99741463844883326839 0.068510996222099065922
-6.8872934511968484372 6.6302984716442736612 -6.002674302152179564 0.815101025165262838 -0.0081630016741611882702 0.57926132632691196278 0.41929285383750536376 -0.68166140661454577288 -0.59960923062690518748 0.39975470165488019569 0.7316222332159668662 -0.55220022307936955652
5.0848468996303690659 -3.2348156528155778133 -5.0177848237739848258 -0.99716575671140106341 0.014915009023021666076 0.073742770140892616171 0.02030980205000273639 -0.89040100849427794572 0.45472360397609989935 0.072442843558878491916 0.45493250771763804607 0.88757447453093007983
5.5922082899973970527 1.4964543123824425308 3.9491916892614105095 0.61489040087460489215 -0.0022532907480229749653 0.78860935677498367191 -0.27340132497382457766 -0.93858633560580939648 0.2104932448245372123 0.73970366391876662959 -0.34503711872055947696 -0.57774378083217137192
6.8072216793038977656 3.2326745735420092664 -2.671712073734534787 -0.98510007585750480885 -0.0011555912130150800508 0.17197821127810208885 0.17127253522019625365 0.084150362164332373482 0.98162336729866161988 -0.015606384101194501618 0.99645239783765837682 -0.082698607114748981517
6.6941848279229398955 6.4955915828318566696 7.2229784517551616219 -0.55802238285553040775 -0.0042024736957326485481 0.82981525621501051049 0.74897156758350813544 -0.43309934853815246214 0.50146440077778486888 0.35728505592007037128 0.90133639309128144035 0.24482666379603734708
-4.4804973795466231934 6.7372599871242968561 5.9404370160883130936 0.99826528252683488507 -0.0040730190148527013055 -0.058735306398863144917 0.041452724443682101296 -0.65981314064053719903 0.75028547305288495473 -0.041810253979822867287 -0.75141867820427543645 -0.65849971352159442084
-2.2028435765079752429 2.6030702180297291548 2.6204704371525884277 0.97162891629914260871 0.0055221547480584255718 -0.23644609283791087617 -0.22935437656556234565 0.26606266298744912779 -0.93627305275442440635 0.05773923242968061198 0.9639399178222017861 0.25978070726568497362
3.3723935713474073594 -5.3518537302489441743 -2.5170011782368750808 -0.77631429764553727679 0.0063219351093377201822 0.63031432191227265704 -0.38124195234113167352 -0.80103590846473515796 -0.46151494788917740708 0.50198673791872727712 -0.5985829152978803247 0.62426581555224036624
5.0159117363393743716 -6.1035681634884957347 -5.2700039742580155888 0.97174072460504834492 -0.00071744926675832484259 -0.23604967572655774499 0.1729983007142861795 -0.67818374858412788786 0.71423972943709657102 -0.16059748470649265473 -0.73489202500965922216 -0.65889464976049327838
-5.3537287400702817664 1.2540499946525081043 -0.58945922153292718004 0.97817703578758352645 -0.0070433686087136718537 0.20765374452723611709 0.19325332859243057881 -0.33621027702197064935 -0.92174606080670673514 0.07630752024200633532 0.9417606068335041547 -0.32751201775057176002
-6.727077196249851454 -1.6871653879037329382 -3.645869953110710604 -0.99198908613108771615 0.0073300600780347125937 0.12611075773329233352 0.041811189544183766098 0.96109801765575109123 0.27302458659814993203 -0.11920351264002895797 0.27611025094592289708 -0.95370522274805535901
-1.0715163990181233444 7.2572630829882065484 -6.8729822879195223706 -0.9727758822701598751 -0.0049372849169718492635 0.23169528715778878181 0.18806998268597810431 0.56736184662844724169 0.80170456940380119271 -0.13541330985533733822 0.82345379846594135564 -0.55098736583154928059
-5.9253908698388642051 3.3268279693617177628 -5.2968499598432261521 -0.85702594259326614345 -0.0071037363421235216049 0.51522429159756488737 -0.11072884823825905609 -0.9740056622057021718 -0.19761602202023209607 0.50323518943933032155 -0.22641224993640290952 0.83396153219962299019
5.7717842872643494445 -6.6622023873434486063 -3.6862487975225013415 -0.99889895747976908957 -0.013254392511854510422 0.045002153560208923988 -0.035909275289590814051 0.83331361677031345891 -0.55163297585748360952 -0.0301893473612102059 -0.55264159921624655958 -0.83287205867506008961
-5.9720545417705777069 -6.3078721228632588236 6.5174179295549823365 0.99183750730775410709 0.00023615786714259131597 0.12750805200861167754 -0.021586950345434029186 -0.98525214505170477519 0.16974161023724837483 0.12566766756944663941 -0.17110860557146451155 -0.97720493368946126367
-1.7440000850058499093 -0.066428490158058559056 4.5721543280516012686 0.98520419770365608159 -0.0065544809941944434661 0.17125924093631228473 0.045581984980743971148 0.97329905005264383266 -0.22496942417123214075 -0.16521189870102651054 0.2294471571966108514 0.95919707598700931772
2.4916050044379720596 0.952740253006982174 -7.2910501020057694177 -0.44710705760975899548 0.0084650062176473798992 -0.89444039639609951298 0.0035149544506896564233 -0.99993087143297687547 -0.011220403311797171736 -0.89447354579696536359 -0.0081606387621175509317 0.44704639562827830357
-3.5265086202913744629 4.3067401118233217261 3.4774850397191103824 -0.94316268431611705036 -0.0035819371748697769603 0.33231208319835314757 -0.32496753093400337908 0.21927326892447812634 -0.91995398655246007902 -0.069571939402398280672 -0.9756569085806786612 -0.20797437819726374841
-6.2480787249786100546 3.3458810643388252615 -0.93072324482009449742 0.97934223848708590321 0.0018930470323432759764 -0.20220088102698974275 0.027155381033597412316 -0.992129477870802301 0.12223618294401795981 -0.20037805567495017844 -0.12520189899810599266 -0.97168571014048277235
5.6126976139629141116 -2.2089660764633265444 -5.4644915036984826884 0.99109245717312932644 0.010505553671841793076 0.13276059158021835671 -0.03206545358914990318 -0.94873178051719087023 0.31445161046331215893 0.12925768070334264781 -0.3159076478638784824 -0.93994404620727389776
