1125 14.717824617146108679 14.977075390850430381 15.033177056927090831
-6.7529216034408836578 6.4387764587235976066 1.7943019966473336968 0.99711476690253331157 0.010948404767428086479 0.075115072108862854239 -0.072175556811308494432 0.44324824767160009298 0.89348848897741472985 -0.023512350453618154761 -0.89633203857112064838 0.44275958036734724965
-0.7134125836207455551 2.1537991052277094539 -2.887063746037216827 -0.99992776141307548876 0.01195405492923849386 0.0012540040487322751291 0.00022932680073609349944 0.12328435381274477356 -0.99237135968051826129 -0.012017460822654356736 -0.99229938459912836457 -0.12327818931046327644
2.1325973186574009866 -6.7728007278813366909 6.6133821798153125116 0.84937684827788106912 -0.0044671595613841623071 -0.52776795478208216039 0.49329527608334677868 -0.34884063845196561227 0.79685003580236768439 -0.18766656655708524593 -0.93717141092218214649 -0.29409353333049220725
0.17351320846809814569 1.4624501567811170055 5.0931682720514350748 -0.9024229465170897635 -0.014008121973016212855 0.43062349926381804366 0.24494643245937813836 -0.83891673584393566809 0.48602464499892417127 0.35444896787108892688 0.54407948209762968528 0.76048895214559986133
-4.5315546093079559498 -0.35174445105481016993 -0.34665716230009990806 -0.87015786079844359424 0.010293913286279560843 0.49266553831173198752 -0.45498971680506683501 0.36715190494584287739 -0.81128529895243828296 -0.18923439141015077625 -0.93010403398968843902 -0.31479649150483823838
0.68509424529321427677 -7.2647401665638735579 -4.6169254210386601045 0.99556790192294530861 0.0046872004001257362368 -0.093928604871917939501 0.08603322333105922759 0.3580036149947429247 0.92974818963736260979 0.037984696182066790549 -0.93370843511404710835 0.35601365290231351546
-5.3178843156014314886 -2.5707732911371112827 -0.53515945675132226 0.96654690555742195368 -0.0073813356214744302308 0.25638368755015594758 0.25524816357026830493 0.12592169725823490478 -0.95864075708979934465 -0.02520821991713291868 0.99201272272293627985 0.12359329918960554329
-3.6799025413129475837 -3.3884866929336734387 -5.7839025742117025075 -0.91872259320695048856 -0.00055515141276894254541 -0.39490313817205946467 -0.19909654919935895756 -0.86295533315524342033 0.46440139650508749369 -0.34104158225662850601 0.50527990736402905725 0.79270603276747919619
-6.0904980322949535676 5.3636131010282568354 -0.14981161343160920296 0.99614488667802736366 -0.0068033735012848397389 0.087459012424477802772 -0.060637398756768885744 -0.77385525326522908163 0.63045313296541283243 0.063391408071460569884 -0.6333259517048525078 -0.77128449244090580006
-3.8505582846130907981 5.9474941117441497695 -2.6136336112119842312 -0.93159133753227596486 -0.0085992532818095698821 -0.36340560353105044733 0.25501844654266403456 -0.72788191711348471102 -0.63651669786599096579 -0.25904279908496574691 -0.68564857440402982025 0.68028145694266461962
-2.1235158935184115236 3.7893693037373497035 -4.6878510793482490726 -0.99983223225979367399 -0.0022748173386388133299 -0.018175052696541352942 0.016618772511920055363 0.30458166997590546687 -0.9523412322875598468 0.0077021902497209542363 -0.95248350721721986023 -0.30449276632557498168
6.5239575442893755763 4.7497564162003218513 -0.57610238212588971152 0.99947310798718380642 0.0068920996195217711783 -0.031717587758886757465 -0.0084328143253588373762 -0.88849999816743474579 -0.45879912913923970308 -0.031343165969052726172 0.45882486007102313286 -0.88797373481858032918
5.3145887890998562142 4.3582991220607354421 1.4926571590488126873 -0.99433531141888331639 0.0025179235407755120799 0.10625887504847587872 0.10315671478795494787 -0.21803865868754646051 0.9704729957665281237 0.025612119390962723164 0.97593688493615349255 0.21654379686686545115
-6.4618345974816335797 5.3512896988293743306 6.7877795653263977016 0.91181126990967731327 0.0032055762121731236 -0.41059704376305977691 0.092149369395736799304 0.97286509374872864875 0.21223101348623732432 0.40013585416176000731 -0.23135088857967209264 0.88677396475525216424
0.16133171605954951811 -2.1770377383465380206 -4.4455565939985079993 0.9698761301215507169 -0.0040672641222287003737 -0.2435646722801941555 -0.025233533109042333153 0.99280435929395560724 -0.11705884406436017908 0.24228817764638710397 0.1196785758998170357 0.96279461851597258892
-4.5470607301608065853 5.6063542386690290442 5.7249613161976169451 0.87169607357333112052 -0.0033652734145120715911 0.49003533571744495312 -0.38267746743161029643 0.61996712498812034386 0.68498081714310599111 -0.30611094596070803631 -0.78462057000100871029 0.53913509428914907495
-2.2076404198261583289 -2.2746610170447443267 -5.9798908470294218631 -0.99986577973524448648 -0.0046158792211703006392 -0.015719929181450636307 -0.016375699080412010888 0.25175981273141284644 0.96765119396043952626 -0.00050891461267007663191 0.96777874039087985469 -0.25180160971179327278
-5.2667728771207498184 -4.2795866975821912348 6.9177627769196456953 -0.99717976186758783275 -0.0074241548108213359369 0.074682022247865895159 0.033762398107558495852 0.84433997498575041885 0.53474302904786741308 -0.067027031828313959894 0.53575637053285396494 -0.84170807792125645896
4.4195570731734630243 -5.1895474477231937627 7.3589927009451558959 -0.83022841434632665969 0.00012575835683655564937 -0.55742332584551557151 -0.55216492431322383716 0.13684684988909737169 0.82242740471949160597 0.07638505331570000223 0.99059220866121022731 -0.11354470383812928502
-3.487527848194469815 3.9639696766374874493 -3.3419252177419567218 0.90666347947640946181 -0.014687017831608566859 -0.42159889289562929582 0.22691563035341819066 0.85947680783448543451 0.4580490295763300912 0.35562709638737438622 -0.51096370546438696358 0.78258894702997128245
-2.8914973217217112555 -3.7449387221312528951 -3.6784608700325809316 0.99802952832838998098 0.013941236251765461857 0.061177630849912165156 0.049834344114443963891 -0.76855490630872402846 -0.63784002236883385883 0.038126089903358792443 0.63963192378160127483 -0.76773524300251205776
-5.2080033630694044788 6.2889560236456585329 7.0661051157301439929 -0.99938331924533896355 -0.0040612428273428518438 -0.034878181153208745457 -0.026972772106870344933 -0.54718104906431930257 0.83657956531926680466 -0.022482232512016434023 0.83700442403340924447 0.54673407006488417004
4.1603285591792742437 -2.618936118551908887 -1.4075506701999944692 0.98817126785876696626 -0.00034695098751999671471 -0.15335392073074660679 0.051790506542300586423 0.94199996248272466204 0.33159284388340792837 0.14434434111027191761 -0.33561279818803529951 0.93087526601679393412
5.2753854309289263114 6.4806532418438314025 -4.4852917071006057625 -0.99767834678509093038 0.010110232180198675672 0.067347602492847338795 -0.023778835622951785544 0.87496273469468843764 -0.48360601719994622538 -0.063816011569910707779 -0.48408469930461095476 -0.8726909650996323986
-3.4233812324144068384 -2.3859719318981769121 -0.83489492151896971261 -0.95041425398937917635 -0.0021191053235211591149 -0.31097950930305551243 -0.3038187776379238092 0.21978597823566162206 0.92703197039020579506 0.066384457279892283843 0.97554581294969133776 -0.20953155053135610886
-1.4309730574578409801 6.7369062490002606935 4.3794926347287645996 -0.99658451698573258248 -0.01005071668995187982 -0.081965136480149206055 0.053825818964870389416 -0.83180555563993885393 -0.55245117324457204688 -0.062626525665667967524 -0.55497612624379000223 0.82950552595050297544
-5.2235166250605402638 -7.2843467594374171625 7.372136308641636937 0.98153101280412857754 -0.0046627523563743155169 -0.19124625393545960361 0.16797369378541687768 -0.45742053653795478052 0.87324182844702769035 -0.091551674479296171749 -0.88923827599457405668 -0.44818922276896255852
-3.809853040641040689 -5.5163294743541921861 -3.7322491612337405087 -0.99316874223860807103 -0.0060028772408721089299 0.11653246288014966481 -0.10373243270500034918 0.50275938169582179427 -0.85817981013416388958 -0.053436240934299050753 -0.86440555850930245185 -0.49994759582697867462
6.611225542738582206 3.7699593915934062061 5.3661128452306501302 0.97902620663352535324 0.0025947400747213539979 0.20371782948202205032 -0.19885622364706773135 0.22967009220874506914 0.9527370314318590605 -0.044315787725567108712 -0.97326508006234979664 0.22536901936485331799
-0.67470886415167707906 5.7121580033820178457 -4.3075646225001094081 -0.96236499189635482665 -0.0020256643596331105547 -0.27175267994292690021 0.21057654765733563318 -0.6376717888880283347 -0.74096707567404052064 -0.17178806695752651956 -0.77030551493563870213 0.61409956335336757238
-5.9376326348349373063 5.4929279627472276104 1.6770402635508350198 0.9989147801493715173 -0.013906268132755743305 -0.04445084594973703479 0.015225637190194929449 -0.80445028883045743839 0.5938248165686229596 -0.044016382986071474204 -0.5938571785430861727 -0.80336555161491607358
2.9342816454955169547 7.3940349462950250015 -1.3570054263009487805 0.99562468881523846775 -0.006259903659981917029 -0.093232465525290394992 -0.052872829805211192522 -0.86040778969152265088 -0.50685589599669289562 -0.077045070511624513809 0.50956770800788298015 -0.85697421668654905069
4.1741646878892222361 -6.0362389899215855849 -5.5685603404954395756 0.87397219094050526689 -0.005960102691319828748 -0.48593938576599859935 -0.48525991419340896993 -0.064962518434491245412 -0.87195337425555585753 -0.026370914653350133183 0.99786990553612209265 -0.059667633485758014844
7.3455766337123264975 -2.5901646040733492526 -0.21904745893935084755 0.98419063697493835985 0.011161009137544683489 0.17676035179300456091 0.022978801207332383988 -0.99762374805180575876 -0.064952536656879278354 0.17561538880759069992 0.067987419410654476026 -0.982108418666654992
-6.8866106550006094267 1.3548131100073725896 -5.605562784798062026 0.83000311552780026148 -0.0066102329728537946585 -0.55771958279606215214 0.14779979829066375308 0.96679040113907610543 0.20849829709266806677 0.53781971685634766267 -0.25548507800917824584 0.80341603610785228273
0.2627705052296476218 6.667039179845587249 -4.5138287119735958086 -0.99206039640529863899 0.0072645666183463091306 -0.12555236340206230028 0.096454778312473885005 0.6845738083428081211 -0.72253385849500095794 0.080700964211557493777 -0.72890735145340290746 -0.67983926583599407767
-0.14945663897270150544 -4.4860165809582186469 0.1477650124412386301 0.99954327495919936819 -0.0011286666353972553845 -0.03019880122613534737 -0.0075989451041049019611 0.95780650211232032376 -0.28731334905381283873 0.029248889161389478308 0.28741160488544864604 0.9573604712227928859
2.5837106262144962088 -7.2145386249278962154 -7.0247936371758372687 -0.99945589195705808461 -0.0013203658110964308983 0.032957194455911512088 0.0013865192963521113731 -0.99999706969472690332 0.0019844813581352642451 0.03295447763992863377 0.0020290973719641973959 0.99945479395884717633
-3.266384935853110516 6.754747034264630301 -4.1148967789243489079 -0.99765640293566359986 0.0019379442047682453668 0.068395511941292355673 -0.057658307099971779774 -0.56201797843704448532 -0.82511290835620521023 0.036840484576367182878 -0.82712274559805520902 0.56081257333477751992
3.0958293503479237252 0.6662252247571385233 -0.27339655374947263722 -0.99434004217682747662 0.0084152842572439365276 -0.10591063929015268053 -0.10529266605790114919 -0.21118630951078326552 0.97175809600413787237 -0.014189256442519351809 0.97740959974116636833 0.21087707162116203774
1.7271917256774707017 -0.90217141868237027413 7.354346502263023666 0.87775716440333229063 -0.0026980470699395249501 0.47909819544714937756 -0.42007586794085044479 0.47652918322234061321 0.77230577021737634169 -0.23038798908012814159 -0.87915451319967818922 0.41714352015601730006
5.2741486946925384416 -6.9051389058422723011 0.44846982832768783611 0.7616385461684531677 0.004184005023167153281 0.64798859487829074677 0.62729400786211209073 0.24601782141898254075 -0.73890287537978727173 -0.16250831575857932476 0.96925627449415086012 0.18475205455719198588
0.27234213385019739873 -1.5335203871456630775 -2.3376871492057742508 -0.99986430529057590544 0.0079218518166001231778 0.014443519988121666237 0.015537850393782453445 0.16225897711981790428 0.98662586604500623899 0.0054723131299905013528 0.98671640738761279277 -0.16236004798345990419
-2.5174558199084713372 3.0682151396762140649 1.7800495537644218658 -0.86215601833349253535 -0.006693640233983873776 -0.50659865301025874817 0.50660045208233794867 0.0015494440225798378208 -0.86217955274595792226 0.0065560659979369863282 -0.99997639692322903837 0.0020551386794697874827
2.2703054302590328639 -4.82613623684393378 2.803985657905557094 0.91896095964672153134 -0.0049976006032309023414 0.39431685055724630118 -0.3943097730063830908 -0.025661548573944845814 0.9186192289716083037 0.0055278890012414785143 -0.99965819604152672539 -0.025552564063039143183
-3.7257866553427767542 -0.81969721800664352429 -1.9178165835927116767 0.92040690221494836365 0.0082165681190826747593 -0.39087545633301101766 -0.24697745982311436475 -0.76280771970615457445 -0.59760063344679881236 -0.30307304184714073392 0.64657317510475298405 -0.70006418315790619467
5.4049380838192035981 -2.814013703853466275 1.4367401718681780398 -0.97117316388299779195 -0.0051013037222907512552 -0.23832050363697962481 0.025844524848147532037 0.99162423206475780457 -0.12654423304656817195 0.23696992697140578654 -0.12905564335704006185 -0.96290700206657320326
-1.2074376419180594677 4.6588513339965933469 0.52743357220052855538 -0.99740210456445388409 0.00088918447577783846225 -0.072029515903997420878 0.062787359784820612196 0.50087084146817939523 -0.863241650766519375 0.035309903166702516497 -0.86552158235244092133 -0.49962546094093823745
-3.8258634010133847347 -2.5828761636144972336 2.0506958153595107319 0.9089862646991931916 -0.0022200034935991657878 0.41682015566988050992 -0.25281886136556769307 -0.7979832294650917035 0.54708809969723093403 0.33140095643494904554 -0.60267556535586919164 -0.72591705379953408439
5.5269154450553976687 1.6873872015596087515 3.0130900145466865681 0.99940721478036753656 -0.00050492982972058790721 -0.034423307377663948936 -0.016344867913505624346 0.87305677509424883809 -0.48734455240099128215 0.030299576529095456623 0.48761830616562901186 0.87253098693068520397
-6.6891984032316633701 -2.3347533849990202981 -6.0607294272311857952 -0.54437493108832535338 0.0011554191847395092578 0.83884122419495199541 0.83727578807851477105 -0.060331674583662564526 0.5434421254737903384 0.051236599223070659892 0.99817771666594912183 0.031875646685414829595
-2.4787748941463858543 -4.7826262062524680374 -7.2886127580226798273 -0.99267811470078815006 -0.0026514508873748412164 -0.12076063266853678813 -0.082838797803897898375 0.74254932318119681867 0.66464895713576566116 0.087908441987738131229 0.66978613933961583804 -0.73733210521170022833
-2.3352489961358036119 -2.7490067220937945969 -3.8800293297053904951 -0.95941403934325752978 -0.0035283760477691173893 -0.28197916886459017949 -0.28186606030652999744 -0.018959022364105300451 0.95926642780741144811 -0.0087307020560354817174 0.99981403572540106239 0.017195022772508901376
-3.3537608045285369762 -2.6232839917552919218 5.8924392104381624335 -0.99528514446793081571 0.0042254589654800688014 0.096900086160101095434 -0.0070680545074660958843 0.99323467647910101963 -0.11590910251200049752 -0.096734294884515750756 -0.11604750292947459134 -0.98852185269577730331
-3.2712267382742692412 -1.3184508339345386574 -0.33462540117025618702 -0.99994464040246733294 0.0083612236932937896577 0.006387962802450972491 0.0059842984469978786899 0.9512558185115729259 -0.30834486524031246013 -0.0086547271771873421353 -0.30828956791679001936 -0.95125319343018377438
-2.9163704111295856158 -3.2164229309446414895 1.5639769026397214446 -0.80690990136829243706 -0.0038460979913506761728 -0.59066201723484046404 0.47058403345994126443 0.60019050866193912608 -0.64677818513351903462 0.35699730885019526072 -0.7998478360552764288 -0.48248975184081099865
-5.6349725369547600806 -7.2061597560907735271 2.0955249427195132839 0.82672686666765771157 0.0028248910988541873698 -0.56259639877989620071 -0.0197158766181094805 0.99951864284240110603 -0.023953430224662716763 0.56225792314471534361 0.030895025499708156369 0.82638461097745508077
-5.4738486110449029454 -3.7578680701859870084 -4.3017969962983810817 -0.93585111906342799415 -0.0082276993851117599665 -0.35229957126086491881 0.14710183822312933311 0.89933864104016392194 -0.41176578041827499588 0.32022450271510438657 -0.43717538093413688127 -0.84043676393044086659
-2.8850073138517355886 2.7085887653589599822 -6.8130703168015225302 0.7553932419039643964 -0.0038125194523178423597 -0.65526064644631931699 0.35195868669734037271 -0.84113174639524579401 0.41063666186104630373 -0.5527260921507104463 -0.54081683581555162199 -0.6340433874384945323
5.7458693479303981633 -0.85626251197067348997 -1.5999226427589861022 0.79114748103407572799 0.0015064561788377759527 -0.61162357201394201844 -0.55165591690033122241 0.4335954922040370918 -0.7125101392184129967 0.26412385844929320289 0.90110636427118651071 0.34386902690956533402
0.15666669796709653539 -1.0780723769090203579 6.2757219962374106714 0.95964502928113215585 -0.00059302096487381331796 -0.28121355959847432748 0.12355271734431506891 -0.89742265347439031942 0.42351777656639033598 -0.25261857376837215661 -0.44117142853665075597 -0.86113391921937287865
6.5850437125248513226 4.2810703015702697982 3.4550419281824531481 -0.99656936475547686083 0.0066832372481188603852 0.082491427255495838877 0.072941188125394268438 0.5418664680314226878 0.83729344551236961625 -0.039103507587144460678 0.84043801982240518011 -0.54049500509380354885
-1.9934447447807575049 -2.4703156678426232418 4.188893308135021698 0.91261281795225634994 0.0091621912434643633383 0.40872227583158365904 -0.22519472236054466352 -0.82313915484486521734 0.52127657609218058798 0.3412113443751676467 -0.5677657844683967614 -0.74914406655647436395
-6.4195676342657916891 3.854480966438542211 -3.5446071203847928643 -0.99707685726921890801 0.0080840221357089073889 0.075976241577871264643 -0.076124616462995509103 -0.019980445488814474464 -0.99689810139572831993 -0.006540907165426532166 -0.9997676882076419469 0.020537432879313095857
-1.906350167955279451 4.8890947301775469214 -5.2832694328446443421 -0.83620705513541560006 0.0010209413849910460234 0.54841290887474658522 -0.22566092471838641864 0.91077699594784666814 -0.34577797892216655118 -0.49983488073256687745 -0.41289734962938373641 -0.76136776308960207871
-5.3413069202549348091 -1.421855981492287313 -4.5466499874523176317 0.9697627893576393765 -0.0030658467285709714578 0.24403018862679723422 -0.036916247395791836061 -0.99025797601660980884 0.13426217491889666511 0.24124121342675583501 -0.13921114006991813783 -0.96042851656173866548
-6.835923705752185775 -2.7778722289345298968 4.9398481323359977324 0.94606801652127459068 0.0089816259029863784041 0.32384354017293198735 0.24062909457384740186 -0.68878671036609850908 -0.68386439186984659955 0.21691691257285444783 0.72490840664122069281 -0.65380031739108779298
-6.0399138732571833188 4.6011528792005771393 -2.3230180685344801184 0.97037580359060138235 0.00097159737965842821877 -0.24159854263742069902 0.18868843332354387488 0.6214862927354045663 0.76036271809708422253 0.15088894901849495001 -0.78342443409722617442 0.602891931546206572
-0.62986568182886237821 -6.9666369100386447144 -2.7360837709591216971 0.27145181642198845662 -0.0053496192446917216479 0.96243716310994764651 0.8068641564930257859 0.54640082169430448378 -0.22453591030971820075 -0.52467527512535827583 0.83750673049569923645 0.15263791156279765682
-6.6548193770015950932 -6.3829445191892837386 -6.2474463835592288774 0.99909332627249303194 -0.0091133986311971067196 0.041586913363189127735 0.042542603875326705232 0.25107706017025938072 -0.96703176613378993842 -0.0016285739749879188723 0.96792419941935514682 0.25123712290411970294
-2.8393562881633944706 -1.8314197593794734331 -4.381585512552224948 0.94626530425666977031 0.0024988551761850577755 0.32338170894896894891 -0.11305232982810055342 0.93943328295857519983 0.3235494978982618175 -0.3029870371491024672 -0.34272271969126943958 0.88923562272717027177
3.7846400708082978959 -6.2372664126394603556 7.3362695225130378773 0.8810022154123872129 0.0028603337570924829494 -0.47310349283136188259 -0.26508145490112966502 -0.82529498083808394693 -0.49861810724341537604 -0.39187615225471228442 0.56469461932476738841 -0.72632848505328129196
3.1264101327812072739 -2.5950178019856644518 -2.8897057665873839838 0.89027002880994532408 -0.00082874113019122978493 0.4554323099986611334 0.44168562220867235713 0.24541428754388866507 -0.86295170119967046229 -0.11105443231464760812 0.96941793910439810755 0.21885102788382182482
-0.39118686266156688092 -5.2130664813764715504 5.2109199752356936131 0.85079018972662079356 -0.0076453807831766166722 0.52544990362317711696 0.296420748127135536 0.83262301010619566011 -0.46783935610573840203 -0.43392487039195981602 0.55378738807810712341 0.71065373823041433354
-2.2162217779008579477 -7.1238197726349996586 -4.329886871980457741 -0.99739413637303897531 0.012836479014707205537 0.070994095072953872227 -0.064258425974257446511 -0.60543602974641741454 -0.79329570059109566493 0.032799259443284406457 -0.7957904489823930394 0.60468319795453895349
5.5749303017100571012 0.10567642673816340926 -4.1335230600019041702 -0.88169745101435426093 -0.0091005500982370493568 0.47172744764601504119 -0.46432539093662000829 0.19417748684442284746 -0.86411633182922742424 -0.083734916290890359925 -0.98092419869761193763 -0.17543141167725068152
4.3300801184093105078 -2.2115079245213418169 -6.4268367438901572442 -0.91916014852762406573 0.0067522596400207482437 0.3938261397475242287 -0.38559074800818071704 -0.21951991523047653665 -0.89617564230894997124 0.080401470192969434758 -0.9755846523018476546 0.20437756673336948676
-2.8512899287619184463 -6.6276622590075247032 -6.310773751253901942 0.98883265400127118294 -0.00042306461055076404008 0.14902953867345555827 0.11419389798996912311 -0.64039261831713867323 -0.75951105855456557681 0.095758738727953790493 0.76804759971059322066 -0.63319282097646667484
7.1329983162182148959 -0.55912537020339958538 -6.8840887407075630477 0.92315223692151293644 -0.0070480571894291320356 -0.38436996807339868232 -0.20884338806712143821 0.8302367512612531808 -0.51680883904578245325 0.32276057182927364586 0.55736636222954627495 0.76496297395844936595
-0.47501841389473964394 1.3684587268909313984 -0.049496505718102865035 0.9908577337040058719 -0.0075395032729674866384 -0.13470006477096349573 0.080859717248844942272 -0.76604243744695799112 0.63768384812283529506 -0.10799378540146929717 -0.642745781721435816 -0.75842943138697138661
2.7562767072811067415 -1.0981787354774130705 4.0316320171536164096 -0.98087962838378239816 0.00025497237664776940813 -0.19461523478568404366 -0.18653965089803084543 0.28384690765886705366 0.94054978159338242794 0.05548074679039319973 0.95886957820214169246 -0.27837208684423181415
1.7581709396534692669 -0.78530668852429541538 -3.4521862948621691025 0.82812349473316504422 0.0075551213916638477672 -0.5604947792902931214 -0.32468807316468339952 0.82155125504119730362 -0.46864825880909755096 0.45693449488472104303 0.57008460379219361158 0.68279895423428282886
0.28030487735535619676 -6.8851109268009365039 -5.5422373305799483845 -0.99345514450416383401 0.0120114010051186864 -0.11358962146387435732 -0.089745489994687455138 -0.69725393960127368675 0.71118400624324573656 -0.070658494776104890933 0.71672356592793917685 0.6937684823913325971
2.9450701994689056917 1.6333907233218170063 3.886089133187314193 0.67137881914482222534 0.0049287199244074141394 0.74109796175915532146 -0.70910490759298328012 0.29498283816431836168 0.6404337242963076271 -0.2154546616603264797 -0.95548983924920583011 0.20154020904129335556
4.3420318834430249311 2.9597833902044436982 -1.0748160488209430596 -0.66869874225675174362 0.0033620786015651354939 -0.74352584926929210507 0.65631139261259652251 0.47261521569968933942 -0.58812431833411515925 0.34942430944496077894 -0.88126247753811515206 -0.31824377079885929342
-0.18500357266756747854 -0.85765510302668368503 -0.84853034531207727209 0.99146440656961765114 0.0041691116388691273897 0.13031097042694331223 -0.12817373053740538369 0.21416599762860616396 0.96835139296635752704 -0.02387101392054180593 -0.97678838238795562265 0.2128723343380427846
-4.5845564325554990504 -3.9398383388132796057 -3.008374116344437077 -0.89205343072859066833 0.0017135279161200204015 -0.45192669820180020324 -0.40188924969695938305 0.45436507898393585503 0.79500780246358826453 0.20670197798644276976 0.89081391930188014161 -0.40462927906230994335
-3.6089652349197627323 -6.9383711856464520551 -5.2207366462235311744 0.99995813290242352434 -0.0064317563243681628166 -0.006508836519247466687 -0.0085966991095653109978 -0.4166048008669190339 -0.90904704864989072099 0.0031351565623378360725 0.90906494399756632152 -0.41664265070695560844
-4.1976844076338668543 -3.6825835144983640745 5.9932902936728060794 -0.97246528479447735815 -0.0083699946901476651034 0.23289743033890297763 -0.20928885153577228562 0.47097279469100256089 -0.85696137794164717327 -0.10251559146009878165 -0.88210802617919459312 -0.45975643949577887915
1.7113761867136263461 -3.0066276909297444675 -1.727643618192092223 0.97004635449406440006 -0.0042788664676175775653 -0.24288219661934473681 -0.24232621691022157573 -0.086903903471097845856 -0.96629483914554414881 -0.016972764384844914176 0.99620750994125861766 -0.085337696277180422055
-1.3271509731872845883 -3.1303736497139107442 -4.8392662859866328873 0.69989646951314121726 0.010944933382826390819 0.71416044443552673116 -0.22928565797276845295 0.95040465790562389525 0.2101406035953304885 -0.67644143797599121104 -0.31082341395826840191 0.6676943809290986076
-6.3845069722407332691 2.6694922197131489838 -3.5868728318722897797 0.99997959565930749637 0.0020796282021478080734 -0.0060401499603857378151 -0.00013785982109768045792 -0.93828086517066400241 -0.34587425323280029943 -0.006386646981998990967 0.34586802859070436833 -0.93826143347107382464
-0.18736205566882216389 -2.7878543374021784729 1.6545111472896623095 0.99993225352424353058 -0.0085810278935251442511 0.0078647518760379415276 -0.0016102105065793227007 -0.77114710306419964603 -0.63665497143893912124 0.011528034693986919518 0.63659917640227525748 -0.77110867782696268513
-5.8660658807561052441 5.6382666553205815774 -1.9290769760830255297 -0.96766039277157411824 0.0060478645827095126042 -0.25218403517074139408 0.24202827071261964753 -0.2595289813314504701 -0.93491551705213404855 -0.071103308199273865253 -0.96571638237264101345 0.24967216180433884909
1.6373555902252732164 2.8143759576246609733 2.2763523267905791947 -0.69195797804416858678 -0.0039451696231827936695 -0.7219269992580467088 0.42388140547506036881 -0.81169063690858800353 -0.40184930514729239048 -0.58439602215755170889 -0.58407426376406879065 0.56332809595736677011
-2.092435602050683574 -5.9898990062572465831 -4.3010806238452463646 -0.97863922248018031524 0.0025743640332712442592 -0.20556907567361795697 0.20405858805099830189 -0.10946639428888219059 -0.97281920271147381829 -0.025007296257611954376 -0.99398716348411586541 0.10660278590482397121
1.1270489805037349207 5.775415745134124812 -2.3088648776223239523 0.93873263836378229019 -0.0080354974673721712985 -0.34455255687783065133 0.22119087894314379272 -0.7526243612523751958 0.62018639611142012402 -0.26430215425332737045 -0.65840109479694330918 -0.70473567358778010927
4.0750425637862210948 -3.0039997802689728523 5.6180652686981531474 -0.81369008026061617755 0.0034744281073304738271 -0.58128855281594904447 -0.30436325487297644088 -0.85450060524890192326 0.42094147421286870481 -0.49524888931595256736 0.51943877789276804435 0.69635615431520780927
0.75413711367750002612 -1.932429432545164083 -1.2886435561635483094 0.99502444891010843886 0.0026883351539341267603 -0.099594773583951662355 0.015075888057328125716 -0.9921880124615480856 0.12383725419595310868 -0.098483824409996228999 -0.12472257526852603693 -0.98729185935461771795
1.7433778678241960147 -3.4668337232897386002 5.260586846631873037 -0.97489889478495794783 -0.0068779054123056983933 0.22254176993139576646 -0.17607433296420235691 -0.58794145590658053457 -0.78950786804034966959 0.13627169265211813709 -0.80887424167389943008 0.57197245295396637044
4.5020936788788272764 1.4604545307972502943 7.1237286207776646663 0.97214743734801378761 0.0024832592695466560763 -0.2343569787333598109 -0.22805503041572697254 0.24058300893606632265 -0.94345679228748269285 0.054039459284028756869 0.97062539078410281501 0.23444847537494492573
5.5068220124365216961 -4.342503337550596143 -2.1289629211568597 -0.99003432260065804549 0.0071478174470580562588 -0.14064476093458042061 0.017063542322721246547 -0.98526395061309679502 -0.17018749409311023646 -0.13978868193099616701 -0.17089135826024401399 0.97532316084254655486
4.4278886610030818716 6.409893333109507374 -1.4479285878778525021 0.42353644590685946003 0.0029694385927592961 -0.90587419734917662417 -0.8628536526917195415 -0.30320128001445695309 -0.40441631746779749257 -0.27586310558898102796 0.95292190982895563778 -0.12585460159552300241
3.2094504000255779097 5.6517335418305236772 5.6414847911422620896 0.9635541966505196676 -0.0086248810969249689595 -0.26737412280027877953 -0.23527550682430053985 -0.50298989222372392227 -0.83165293494903325122 -0.12731357353288666467 0.86424925788039874686 -0.48668724479628894253
-3.9899107590193625406 -4.3757855621475645336 5.1553858109936507859 0.99088241403617693948 -0.0032529032238064166729 -0.13469023785863151743 -0.029837256648473947651 0.9695869081015260349 -0.2429217276278951565 0.13138409214769708466 0.24472565508881274909 0.9606495584093148743
-6.7135011996990723304 -3.1060254502543713784 -1.2857923223051175299 0.96458146371553055154 -0.0037042196173264988618 -0.26375912991472383329 -0.2626009838012544062 0.081153157755280175278 -0.96148577123795775368 0.024966440734993971401 0.99669475956456154986 0.077306099977073883256
-5.4472475919483960283 4.6832550128815766399 3.7313645686929683976 -0.90919627813001646643 -0.0015632532852236323811 -0.41636484490605091269 0.32407891687916157153 0.62517204774070711526 -0.71002307452515089903 0.26140960860106998709 -0.78048540470841198946 -0.56789748156534280987
-1.6690571165134535647 -2.59151647650424799 0.96939807309336345487 0.96755635363313297059 0.0020918763394715666343 -0.25264664374849016282 0.18014407293145570654 0.69542478105602556493 0.69565256190200031039 0.17715195604809055863 -0.7185958516068298163 0.67248582626077502145
-4.6502060307406161144 -5.5341990434024470602 5.8692243794131435664 0.99637102211880335112 -0.0066271875413503036553 -0.084857920473903961089 0.070210234911471949837 0.62759234367788185871 0.77536982986865454759 0.04811765991341224874 -0.77851392443683675726 0.62578012133843985421
2.2969793028411675806 1.985017714649014442 -4.6167286241352991638 -0.89650686310938521029 -0.0012107040619515486556 0.4430281916464606784 0.43714572992763400805 0.16002171457976305247 0.88504048589263861757 -0.071965652945701716336 0.98711275194811842759 -0.14293131125645691659
5.2531245582820513818 -3.602563730482385651 2.3352557178643293945 -0.95688466858073006893 0.0019259948074180684857 0.29046173858023516257 0.054176144686168374587 -0.98124746970207243901 0.18498202223495685548 0.28537112044146728529 0.19274255821485672402 0.93883631686834811969
5.2847520312741069759 -3.767802391267865314 6.6032732534236524558 0.99530523197624420906 0.0085291309674881132796 -0.096409279251400664679 -0.042292891055317034799 0.93430175703094442419 -0.35396544771349935932 0.087056341337130818681 0.35638108919213667969 0.93027614862429086617
-5.0065076232456178218 -3.4248243131259337169 -5.0736850814728651216 -0.91781163932972875674 -0.00152294643105278793 -0.39701319291047298954 -0.3561111169186667591 -0.43893237723045336329 0.82493832534661482025 -0.17551828143451073116 0.89851880829110319926 0.40231490654623125458
-1.406267024947263522 5.3819792821621579293 -1.9878833575017731405 0.99996711580541053355 -0.003404704872999219506 0.0073603867081731121774 0.0078948994656799116598 0.61620548453493073637 -0.78754585351689321282 -0.001854149452657906632 0.78757806521897322227 0.6162121009165817398
-6.2705782424138281073 -4.6375302651648064867 6.0350202636922638533 0.99298768099269874021 -0.0023821149139559329166 -0.11819387008423867802 -0.0017376836518992419024 0.99939483899762560082 -0.034740987902016885747 0.1182051007887374855 0.034702756568004561322 0.99238262421012291004
0.4270267845504266413 -0.99221214155964110315 2.640410246376125869 -0.99125813116901195787 0.0081299806307448888032 -0.13168606914234934346 -0.044964498701344876586 -0.95916485221029368358 0.27925074778931396891 -0.12403834587642224851 0.28273077246617506209 0.95114551938861968683
-1.8107047436258969508 5.7838209725933609207 3.9187855050201250151 -0.98561203440017985944 -0.011774944281206583055 -0.1686127763033143101 0.15892778772364238304 0.27503926480405621602 -0.9482063916179924723 0.05754021145935407644 -0.96136088619371073971 -0.26921064347822759588
-1.371831399299093146 -3.146781516146494706 -7.0495376705900643088 0.72842478221047390896 -0.0070575559189201674676 -0.68508943034174674125 0.29356043341433663008 -0.90028977960700040661 0.32140408315512164483 -0.61904733954295954046 -0.43523384937257836302 -0.65372156746217635614
-2.1632357935088961653 0.010925825908896541483 -3.3674460438479232316 -0.98072905769162077583 0.0043674743904408373091 0.19532393751603158161 -0.13791513027462923291 -0.72360302217720029461 -0.67629733338033393153 0.13838328020635226601 -0.69020257277366825477 0.71026085088212809193
-6.9053244848308041881 1.6476792731593317143 -4.0529012313677146295 0.47863227784286060951 0.0014497894215762673238 -0.87801425997393467426 -0.11635982624561420906 -0.99107344739691549673 -0.065067754693516888231 -0.87027095403857823719 0.13330911437482562132 -0.47419104439193993095
-4.763330711483841462 6.9797006179489864408 -3.0943281800635999979 -0.82152987029013235798 0.003477009163146952634 -0.57015487600164960202 0.53375287082631051039 0.35631949703855636535 -0.7669056584187986525 0.20049076064937926267 -0.93435770796704298302 -0.2945829738065749992
4.6080765837525401452 5.8960391894798185319 7.0499718505937716273 -0.67586382621964691264 -0.0066537286136019672261 -0.73699648323657984683 -0.73264865985670091231 -0.10276269552503690397 0.67280440665805407718 -0.080212403141780061477 0.99468364634389427881 0.064578743238414393346
3.0181309514838070562 -3.6412662989930546509 -5.7006881623039848961 -0.99622662682301466042 -0.010014461698479816196 -0.086210315889361954778 0.0060551902596821475383 -0.9989200777387919894 0.046065311908611149272 -0.086578534751840005579 0.045369470431293676405 0.99521141898241949342
1.6330238601461890546 0.67068893922175032429 5.7948640848650967428 0.99894284239513242429 -0.0072235615306776804895 0.045398433743151098141 -0.01399395888406039859 -0.98848987873400395721 0.15063840398564562473 0.04378774648536482017 -0.15111445926642541604 -0.98754597536441046657
-7.1639636266419604027 2.8829589737022760509 -1.6866774417760934668 -0.95485286227164867245 -0.0028429378123752905433 -0.29706553000337604376 0.25802128068956931006 0.48768272616570490507 -0.83402072954503425617 0.14724479659022565725 -0.87301630930013196519 -0.46493170850454840215
2.3680688386252972677 5.8111009236375048559 -7.2734168751017849175 -0.99935968486790227594 0.0022130412433765496091 0.035711660690758269265 0.033415424383877206926 -0.29909962469515566363 0.95363663096618467296 0.012791781505332312785 0.95421932329826864017 0.29883415696706294717
-4.9318674115621625731 5.598147948974417254 -5.8118597566670748833 0.86028224381199280835 -0.004116360042115506726 -0.50980144817549211123 0.45457318889871661804 0.45892753644219008713 0.76337980863360899164 0.23081957654467680219 -0.88846416465447175526 0.39667839770866319959
3.0174410102380271326 4.1080572687844849611 7.3510355917270731041 0.88938306002069922318 0.0019825256228035853523 -0.4571584431467596854 -0.23165140190493554995 0.86405963039919309043 -0.44692122696254110714 0.39412612263548185698 0.50338556267187872795 0.76893925296470899688
2.3966364803015478557 -5.3865812787830966712 -4.4185037290832323009 -0.98306415449865569567 -0.0073811089442615308853 0.18311304533186106847 0.0026558341407531514677 -0.99965745037612052659 -0.026037059213711091776 0.18324250239767012061 -0.025109781724187887897 0.98274700924331970242
5.2907537808737581386 7.1781914775063100365 -2.1517688429183556842 0.61242985949301809168 0.0045820270152884604031 -0.79051165217840724253 -0.50734237485918276533 0.76915483420160457584 -0.3885930463821999914 0.606245314929203305 0.63904604376573603819 0.47337804350606743631
-3.4067277949928969072 0.4170623707440327399 -1.8793515578186539283 0.91057742847868994307 0.0062346753366504300414 -0.4132915140289414313 -0.1869213756192064646 -0.88559197887389773385 -0.42519083514435257465 -0.36865857657400108449 0.46442219561257253035 -0.80523467271396775846
6.8773513732088051853 -2.2628533301959761204 0.72578336349038130582 0.97224679852971063188 -0.0008354771742640742507 0.23395611709589458904 -0.23030373639922588347 0.17262496655467093887 0.95768513088726447968 -0.041186790955873749109 -0.98498727042534783838 0.1676416575641494211
-3.3507395230840382183 -5.6350927129320584896 -6.9434190832369750979 0.9972450106723091956 -0.010708494313311169369 -0.073401068375598968463 0.02502247396685799638 0.98008890766365863723 0.19697616320599772854 0.06983025480205298785 -0.19827017230111798618 0.97765672620297228157
-3.3525600072753110048 4.985446246786149338 -2.8847764919378535708 -0.99892522319256460417 0.0030868385759100988586 -0.046247917762980997325 -0.0055666064387076977585 0.98256858105733546616 0.18581710473411891527 0.046015338340177472376 0.1858748367763308762 -0.98149535591916114985
-4.0760635223561028084 -4.7961391586403934184 -2.5657382495287732738 0.31189615037002615949 -0.0066809290873760945884 0.95009270946101476163 -0.62646442663041113086 -0.75325871972070468363 0.20035873659840267025 0.71432703543328746054 -0.65769040311630400097 -0.23912385932360349927
-4.3886874885284177239 -5.4354117760890430233 7.1954243013908589788 0.96897551306811902094 0.00229103349392521978 -0.24714612325493945377 0.094533434137741179093 -0.92735798640947264548 0.36203673138622638472 -0.22836349293296337448 -0.37416829930952921757 -0.89880375994272532214
5.1432009218974235054 -0.60205979206728932329 2.6668201662853538991 0.89997725725366428673 -0.0006146364607328329635 0.43593641583185194222 -0.33012761960345882173 0.6521251599205202254 0.6824577133960089137 -0.28470456828305756858 -0.7581110723507282767 0.58669490433961535292
4.246660270551497085 -0.53949915189251607117 -7.3840037661927864221 -0.99054624188997297818 0.0055994267844550332791 0.13706490833653994788 -0.087789611671662423631 0.74189020826509932682 -0.66474950392078702155 -0.10540932956883293514 -0.67049799798359199787 -0.73438498618892500414
-7.2833466327025950804 7.2032903331174891193 2.962736849351868873 -0.49051076376970847992 -0.0049118481026283146093 0.87142128983301514467 -0.87140873825692344301 -0.0050182651698062550466 -0.49053198458825097994 0.0067824417047739702508 -0.99997534507749930022 -0.0018187142763919309646
-2.0677654760098773679 5.7258797817471185354 0.48850925449503829201 0.97089904477421851148 -0.0043449448333783384502 0.2394497156209393629 -0.092092075958719252227 -0.92973170080816658345 0.35653613289255153829 0.22107486153377681193 -0.3682120122520916583 -0.90307575520058480656
-6.6466199118643887189 -5.0753314588783480232 -2.7289707130283180625 0.88973859012127187729 -0.0057878817504561242552 0.45643372100884488374 0.43268643301701709136 -0.30786088967883812328 -0.84735123962221281513 0.14542246020523807992 0.95141377593095677323 -0.27141137602696002729
