1125 14.717824617146108679 14.977075390850430381 15.033177056927090831
-5.9346875993903607238 -7.0774896377513458745 2.0503335394486854604 0.43021266590823886711 0.0015720519833449003895 -0.90272619921248786756 -0.89675857820943294385 -0.11406248126826000477 -0.42756730788822333578 -0.10363934822246897993 0.9934723342999667306 -0.047661373045089432121
-2.812842613120084323 4.8828268441885240847 -3.2402505983979081883 -0.74718310696205725296 -0.012913924271786669795 -0.66449276537100609996 0.65653475699330188231 0.14111940824148433427 -0.74097734478005738978 0.10334175114753252345 -0.9899083508979814594 -0.096963597768937231924
0.61405840999571781325 -6.926667838062788185 6.6455527840789612171 0.77461945718827174279 -0.0071462007721411931194 0.63238724557010839167 -0.13380390451981435951 0.97544817028260621949 0.17492107428069159081 -0.61811100271752261737 -0.22011315023595381946 0.75464494261391223962
-1.2859991681220552806 2.0859886132183524943 5.0690847626705419771 -0.166642652634037991 -0.0020387797242388599681 0.98601524820884356437 -0.96834289963796027489 -0.1881522795499531997 -0.16404495853535841499 0.18585546815674369725 -0.98213775157939375848 0.029379957093438803517
-6.1163503402391263819 0.50355753248498780206 0.48360420301239886998 0.97391999639792448118 0.007349905702029154754 0.22677261629773287632 -0.16366337002251690746 -0.66947272495225818023 0.72458303310107063933 0.15714369834393268621 -0.74280027559989403318 -0.65080996353740871996
2.5483111274632377352 5.778452646260249459 -4.4662281284276277304 0.99852889620106421997 -0.0083166817182503925687 -0.0535805585706889409 -0.024936498680076933654 0.8070303591753956729 -0.58998319501733176295 0.048147839880219658881 0.59045138002588593018 0.80563574482544930699
-3.3105144861404665058 -4.2801562137644557637 -1.0790662680693654529 0.56019918747874131171 0.00092474324728390993461 -0.82835741995717115937 0.017445013759694955047 0.99976442541642862594 0.012913758816292326276 0.82817422191419043376 -0.02168498378531037718 0.56005108662974933953
-1.2065668364796344747 -4.3024862209134173696 -5.810210243320178769 -0.9794694880335322873 -0.0078764878645420643988 0.20143853392625091225 -0.021975582472097854314 -0.98910991206083476168 -0.14552888248757325784 0.20039110705429508119 -0.14696782913956002448 0.96862988876631939128
-5.5552521602550646307 7.1122080609686468833 -0.68170515045589674674 0.79824686745973949531 -0.0035712530956691522152 -0.60231983591947024781 -0.47751529047540081097 -0.61324976955452459304 -0.62920892198343714163 -0.3671254362652468517 0.7898809823591356194 -0.49123003547663429691
7.2044842110025753001 3.3519101724924902364 -1.4749140531021469602 -0.89339649667326648252 -0.0066986828668434503925 -0.4492191306920603755 0.093242184153347146269 0.97535276906215617743 -0.19998217664865292065 0.4394867402165614223 -0.22054954892422037882 -0.8707521470792937146
-5.5870284320388510224 -7.1437503370830608418 -4.4421884068412182955 -0.99706254930697912897 0.0027369531509947482573 -0.07654267996976189814 -0.044046236627413727638 -0.83806495517218715374 0.54378953644886662833 -0.062659411172343040808 0.54556359849218849511 0.83572373317493819922
6.8062325076489864628 7.3906240063292321096 0.61182327164897853944 0.59134143124514382261 0.010359169256368854634 -0.80635476020495477911 0.80571429938873617704 0.034271662780425884987 0.59131203343977156717 0.033760619860825465122 -0.99935886484404867769 0.011919723320104567976
0.10113988264104897818 3.4651794096640240461 1.2907939276453788136 0.84744550763071502253 0.013890016902961448489 -0.530700649167648697 0.16809101852371771679 0.94120542145984642524 0.29304908139499608044 0.50356878486278955354 -0.33754914019327825203 0.79528551908525579872
-3.7338836600339835314 4.0221375668744192566 -6.9040689451607599736 0.9949321747020658524 -0.014248602025984425518 0.099533637947484696062 -0.089033558364595144496 0.33514320799834390607 0.93795098785470709668 -0.046722513071288857001 -0.9420594500736249044 0.33217615703023561924
-3.6629139700884745245 -3.0029184043348924327 -7.2275247176559300755 0.83624637184739836204 0.00082178572810605191121 -0.54835328962287266386 0.20324284336162326547 -0.92923937436494086217 0.30855555699434406014 -0.50929790122712848 -0.36947734679951932391 -0.77724007745843071149
0.075710550434262183228 4.9168773709760831281 6.3928333869124838174 0.99109430601980241793 -0.0076822569538824523466 0.13294005981339140909 -0.0091250328951056752791 -0.99990586213766319279 0.010246981864454857147 0.13284882517262988633 -0.011368807798597068554 -0.99107110736782288996
-2.5299805692163799264 -0.52978146258742753183 -6.1637221258230576737 -0.99992099130414580088 -0.0071501508795407172497 0.01033859234783177615 -0.01024137925144654078 0.94029205034277463238 -0.34021460023520122551 -0.007288710473293638116 -0.3402936017684771719 -0.94029098650105524815
-3.3862070445748031489 -3.9881805546532884676 6.6402988093947188375 -0.12067828115269527145 -0.0029570459648406450387 -0.99268726613026336825 -0.86510609508314773031 0.49075081227123074079 0.10370672352985609022 0.48685541663644293919 0.87129495358024755536 -0.061781122986823304444
3.7385327521618703095 -4.887605588396256806 -3.1780029428738609809 -0.9954689817726681822 -0.0028918011057171453745 -0.095042852517811235447 -0.077678175887028300117 -0.55175490495621759557 0.83038101245612172541 -0.054841656787710565957 0.83400129636781705766 0.54903026358996342982
-4.1030661989256511646 6.7476818312491690932 -2.2763754917352105878 0.92896595821246430447 -0.0062841605575324347224 -0.37011181797989139985 0.15206902981019870813 -0.90510895535692470482 0.39705514617635917496 -0.33748667922595537716 -0.42513325941244500816 -0.83985978180090714584
4.7791566374592280297 -4.2337094442863012489 7.1107266188145272778 -0.89107796559300844752 -0.0039846519247458533214 0.45383276852129156298 0.063264137306066545174 0.98910825878189823079 0.13290034364274516676 -0.44941930106034244652 0.14713590642151747057 -0.88112048942010423591
5.6680778584654136765 6.9504203306806022766 -5.0490994461860472242 -0.93040974977584400829 0.0050724995508514636802 0.36648597145052563828 -0.35406825795142871094 -0.27086555979331500277 -0.89513547423232864286 0.094727853522359545257 -0.96260382207123751375 0.25381196878960859964
0.94604782135495979478 -2.2016208466388440534 -4.4294657364025447066 0.99302300289326672633 -0.001785011280044478902 0.11790729180019612898 -0.048719400510122572168 0.90434660275975309318 0.42400901180386896261 -0.10738591964903580755 -0.42679507472752226116 0.8979500144492842395
-5.8779696857857208769 5.6803607307814294458 -4.6094384623330890705 -0.98558848322195591329 0.010948936329132654549 -0.16880599081069366796 0.16478758589546343982 -0.16329316378810357357 -0.97271804455083765717 -0.03821509224184459208 -0.98651683384187194292 0.15913561283260971302
4.7001069851821339896 -3.4732187193897599009 -0.80593113984889630519 -0.98818739654412068862 0.0025507360798269823263 0.15322911948045617181 -0.089279299628187910876 0.80308487834151731644 -0.58913825613100334611 -0.12455872498229349221 -0.59585918800059622935 -0.79337062720152073947
1.2154764345199735587 4.3924560877691209981 3.1454791738723208994 -0.97886861320700713218 6.304111385449506777e-05 0.20449018094732657191 0.039629899548520308716 0.98109978444649115215 0.18940085538572778989 -0.2006133324079568403 0.19350247798127054311 -0.96037028373186905661
-3.4525373597405430992 -6.5614017462700617855 3.3042696202291104157 0.99892262338677473288 -0.001422316961929664253 0.046385013751448503361 -0.028012275461750970468 -0.81537492509939279994 0.57825517199824649772 0.036998714973859689326 -0.57893152318186602567 -0.81453630155851453054
1.0217013635735454624 -6.7838766930312610626 -6.5416023462922048282 -0.99967663593259636912 0.00038854449533710921916 -0.025425825523061613975 0.018440888460669983828 -0.67738370578371209785 -0.73539870055055867049 -0.017508775032399070265 -0.73562977384816863324 0.67715749912783829156
4.6523438114081026029 3.8233037309221087341 -6.4769742533097245385 -0.53038786198000409389 -0.014380467955540581632 -0.84763312701062398791 0.78178466059697182544 0.37840324983417999993 -0.4956044037033513483 0.32787415317395413039 -0.92552913657883706389 -0.18945806138595921997
-6.9681283827676390175 6.6746438910395609057 -0.8063769916213843203 -0.84333579484526099979 -0.011821929223148326324 0.53725690234941470003 0.19020130342454411032 0.9284763887038528507 0.31899068919785011911 -0.50260143385024036444 0.37120322952367706959 -0.78076882691543836312
0.86034472603764799992 6.2417135252360864683 -0.99787525763409112844 0.71250784397615529731 -0.0025804726491628010923 -0.70165939987521930288 0.70026121534671192936 -0.060589410575538689419 0.71131086987845404401 -0.04434864770798194189 -0.99815943840996368408 -0.041363425383530674773
-3.1281793113877753854 -6.526821696020915553 0.27778389927520952263 0.9709130156295535663 0.0051053083747140360835 0.23937805226819514059 0.17799618801141151025 -0.68407568754132408451 -0.7073597463584770928 0.16014141605067874763 0.72939316526914388383 -0.66508671413885422918
5.4522960046790016619 6.9279750498940328995 6.6129069053886428975 0.90590735604716177143 -0.0018161655129527924483 -0.4234720342626613343 0.40487850567400107682 0.29680506687031560364 0.86485845542684613996 0.12411791934664960502 -0.95493636113776447782 0.26961321976887842045
6.1184676592539872786 -2.552489342278100537 0.17923371831976317448 0.78413734908319265848 0.0047150124135078028478 0.62056940500708701602 0.57341962523478717806 0.37688852570419345556 -0.72742351665874294131 -0.23731529906110732098 0.92624662366486942844 0.29282868879442336407
3.033243737437160803 -1.2705786828261051991 -2.2987265091095019365 0.98215388562589200916 -0.00036634509076838544638 -0.18807873548416159659 0.11215303230823570058 -0.80161357525713217154 0.58722855287149688941 -0.15098159587875584209 -0.59784240545046130055 -0.78726680099645485189
-4.094227320595609676 5.6426128828011004046 -5.9982324664112445234 -0.80722641672779482658 -0.0014882116225891327266 -0.59024003368354260868 0.57936888850321688338 0.18905981341445673993 -0.79283546715959185569 0.1127705775950047784 -0.98196444547537387049 -0.15175185221612885744
1.6334322348062237928 -4.2262021212869163023 -5.4744431353513292038 0.59330356077334001075 -0.0049582363532881439452 -0.80496353996063296776 -0.50817130427300971629 0.77322897304979698596 -0.37931369702350803408 0.62430185830822682025 0.63410753908815498114 0.45623986956902518042
-0.3296318338650713331 7.3241494623804728192 -6.1572947518194656169 -0.97274069657425799029 0.0096572199303525882441 -0.23169435757345421822 0.14116831436802973476 0.81732802933943415891 -0.55861113439909426681 0.18397566210414142973 -0.57609168589677972605 -0.79641153004834652762
-2.6069274897352392451 7.2443146670732110337 -4.441202113936363105 -0.95737003164428313706 -0.008170025816345946601 -0.28874880638297861779 0.19423523407436985022 -0.75809016171856058453 -0.62255279338357905061 -0.21381135693293709665 -0.65209857949821603551 0.727359708990507281
-6.5196312794093458365 0.098010763330327335674 -1.6353842270830805106 -0.8893601117364713371 -0.0071843179288753125644 0.45715093484336549734 -0.42414623186894295781 -0.36034354190101086646 -0.83081436302075928335 0.17070022156859074314 -0.93279200113756899349 0.3174279713105520595
-3.170782069201220299 -1.2270496222779485596 6.9139550689133946193 0.71344795159825369346 -0.0011644534640385326152 -0.70070726013681405853 -0.49011890864078705432 0.71383932286311713167 -0.50021682951191126509 0.50077487532126074843 0.70030854998517755305 0.50871648200601926604
-6.9691176688455493959 -6.0244851614128007711 -2.4883504747284646008 0.9929068134829295289 0.0062246505466556061731 -0.11873210797728375732 -0.08205569236636259256 0.75854831068420291995 -0.64642967421708297238 0.086040241105125189747 0.65158707329389453644 0.75367855404470907033
4.5400377956211448449 -1.860091302544519154 -0.49587451723263215042 -0.77858012057533010353 -0.0043730849631478888734 0.62752997695159939973 -0.018923386194529951548 0.99968458276082960978 -0.016511827432702873286 -0.62725983555452857754 -0.024730772696001653704 -0.77841729655891578332
4.4880834248928112018 4.1758030891434732013 3.7482332811028533648 -0.52027006945734022292 -0.0039670990300337723167 -0.85399257429569197519 -0.85381141511920877196 -0.018697207938330195204 0.52024655868870572917 -0.018031146357742007524 0.99981732158456193549 0.0063404432359928410146
3.5727039472368833373 -5.4854371966179238385 1.3183173150247522454 0.99986181372603721851 0.0041102156140524880729 -0.016107749068254840347 0.014782007433003235483 -0.66313095355349460647 0.74835742175474673221 -0.0076056366394738079278 -0.74849211389749381595 -0.66310007519570790535
-4.4799705227972896893 -1.7444403396725791655 -4.8579072019868085874 0.9988945088779576098 -0.0039832553175029577347 -0.046839020171701474526 -0.0055896792065506066549 0.97926949409384134171 -0.20248460046030339332 0.046674571448964093101 0.20252257062925949072 0.97816465524256779318
1.7839965813981224496 -3.3753745311887599634 0.60207222737261245626 0.10393896072978493772 0.0015424861870900769684 0.9945824818378314891 -0.9826577648851431146 -0.15423594513969957065 0.1029319694642253924 0.15355914024675557106 -0.98803284052872419885 -0.014515387816037603197
-0.60542067543105648753 5.4087706360443776887 -1.9779891644448832633 -0.99730464685365949329 -0.0099371285032093369799 -0.07269590663316716217 -0.067908047243699184992 0.50019292519112834583 0.86324708786546533457 0.027783780946168873394 0.86585696917320054133 -0.499519539608323071
-4.0963499464297603581 -1.771864383501328355 0.90533993166127324503 0.93786710347442070468 0.0022422801043364953139 -0.34698741821629064397 -0.34662984046249728509 0.051896937998888767463 -0.93656524680735997457 0.015907542910211215637 0.998649928656823338 0.049449672115009446483
6.1950828506167558984 0.010650922629533314534 3.7551611669817086536 0.92527631628583528745 0.013392214683785839957 0.3790572346050532504 0.37916831321546479172 -0.058357720898990897429 -0.9234856613206591236 0.0097533980680257984647 0.9982059031068081234 -0.059074920472063946475
2.9734777674402010916 -3.7237141684507686357 6.8730000003818654264 -0.64505004627998885347 -0.015290398127555065652 -0.76398733073205427058 0.48669669938535981002 0.7625540737253155843 -0.42618963789885211391 0.5890982605656305271 -0.64674375789030102979 -0.48444375424655311546
-2.5546632986121418085 -3.7016681400287820836 -6.4524847784475145573 -0.96840162876475510689 -0.012173645777608111881 -0.24909855028573715807 0.12012996866742391144 -0.89806964877617623255 -0.42313082678428387551 -0.21855680276289285446 -0.43968478287937373672 0.87115453030474576668
-4.2950676465513550895 -5.0945318607045368964 -4.3339067557098278627 -0.98008856480866957117 0.0033872531264949670704 -0.19853194112690444872 0.15645076911405650377 -0.60250982712935341468 -0.78262702806396833299 -0.12226840137571461098 -0.79810427559867569425 0.58998305339743917219
-5.3894337642228888896 -1.4221269736163395514 2.0101261738180782324 -0.85004090032934909171 -0.01104073623745640588 -0.52660095889625058163 0.44802100103398462272 -0.54086663029666981473 -0.71185705788748532274 -0.27696146013432970667 -0.84103590314269194295 0.46470523907662419916
-4.6898699096338427594 -1.7306049031517700687 -0.048941414434130803279 -0.89347962992211416022 0.0015697758441408091526 0.44910097608237226074 -0.052777748366281830583 0.99269768045899942077 -0.10847038530778878307 -0.44599177143944118695 -0.12061861802904998153 -0.88687230692645935282
-0.61704285200519004562 -1.3441560204610458751 -2.0435640546994600086 0.063153802148036841668 -0.0097255764852213905103 0.99795641710255755807 -0.57900658559614626153 -0.81481755769838515313 0.028700548820959514984 0.81287328109029166612 -0.57963588642217400704 -0.057089999659292303691
-2.384896501001769753 -5.9792083107203977121 2.6864384800959140165 0.99490583985581082516 0.0045926509868507974649 0.10070390944586671278 -0.058303129970881141519 -0.78872373378946258882 0.61197681066580922327 0.082238159368775681779 -0.61473065590878750442 -0.78443808285268490366
-6.9265389060999442705 -7.2443707164376345276 7.3349581988607290839 -0.98704282029222722983 0.0088100820865056536646 0.16021502227709391586 0.16045650610515047041 0.051550345963688598561 0.98569583111608605197 0.00042492135749169117689 0.99863153579515762104 -0.052296033857143695012
-4.2483611003776209358 2.2600275824515771994 -6.4434892443441347254 0.95398043255296793852 0.015903866121823023033 -0.29944682557746588047 0.010929278111880817714 -0.99977316726748455267 -0.018280177568177010533 -0.29966962673252495186 0.014166194067225888059 -0.95393785634068051227
0.30457214519729641777 1.1675991105263858749 -1.2498920839858651544 0.997836549902344494 0.0019419729762394973699 -0.065714902570494365674 -0.012059463563331429548 -0.97719689351125615939 -0.21199245422978629794 -0.064628082266552505653 0.2123263056070874566 -0.97505935764428941503
0.82129853957397469522 -3.4756840213639934589 -6.1267127989702441226 0.95048887039962903778 -0.00085154995165421815823 -0.31075743291037261073 -0.019292262580821662593 0.99790566158252413942 -0.061742199393689752018 0.31015917824703043149 0.064680487352375803933 0.94848179671775412203
4.7677218090623743052 0.3185634467427071459 6.699772923319735618 -0.99638746023146818054 0.0021273510146869135592 0.084897016856074147828 -0.03909563379588221893 -0.89894315847873729197 -0.43631723463821314724 0.075389392566197671597 -0.43806012395778615165 0.89577886070536427709
0.97317604685628833483 -4.0159610125285620796 4.9407006261139478909 0.93716330911184320129 0.00047386737089768625648 0.34889068130907224807 0.22390870436810778044 -0.76771113165387994126 -0.60040362294297211498 0.26756274808497582107 0.64079590649797646407 -0.71957680761173969941
-4.0619515888139412496 3.24751489177936703 -6.1651069349307388023 -0.98121777654287722914 -0.0084247144921339514601 0.19271922369619887139 0.077797357173597037061 0.89691345696642355012 0.435308881059590147 -0.17651981818803194613 0.44212585866279896507 -0.87941200747345160682
-0.34266157961785159713 3.1824533196203308449 7.4262981991146119753 -0.48240894896155989136 -0.0050312575027673910044 -0.8759316710850133525 -0.42549428160118990538 0.87542713091279578119 0.22930755501399724405 0.76566064433701785941 0.48332393372322696168 -0.42445465341269972281
-6.9487936650467423405 -3.1283323251581451885 7.4618548451238071451 0.99438883289367052676 0.0092789676107924469461 -0.10537907655964344478 0.090245516151386498405 0.44534731206707234286 0.89079824789312578304 0.05519597658389383682 -0.89530981922176045007 0.44201100865726383748
4.6582650207707478884 -3.0985125260026356031 7.3903759868078058304 0.84989646103355276363 0.0076470695994268990045 0.52689422833171906113 0.28196895224803142366 -0.85130167641896048458 -0.44246916920200179968 0.44516234734175796905 0.52462079452944887503 -0.72567451826311180074
-3.1961331407394082404 5.402206763126637945 -1.9056016014903609523 0.62442368068491060917 -0.0011632591664108822907 0.78108495941740119228 -0.26450293070355374025 -0.94123171568678676291 0.21005012981334600375 0.73493759371064082409 -0.33775953608074044121 -0.58803505774514464033
1.3427741070809309232 5.2518011929644536906 -2.4992436496221683839 0.95715114821924929256 0.002014516804054929458 0.28958180395977606292 -0.28316746492228883625 0.21592473772508702368 0.93444780188506715302 -0.060645414270557494729 -0.9764079318400219476 0.20724305625899558381
5.2450852792390501023 6.42625254545869673 -6.1682206305992917095 0.99927770542220906158 -0.0027661730928552246203 0.037900075626535738305 0.037318603131460389988 -0.11670964470336353536 -0.99246469997354913595 0.0071686335092661576662 0.99316222598303804947 -0.11652211624398438328
5.6710125882002886399 -4.1847616707982631112 -4.793067515743223872 0.94760483730998490426 0.00059802795667380365119 0.31944438431319860383 -0.064710623106475045896 -0.9789062791451295098 0.19379120699220891977 0.31282200620135985902 -0.2043089303306976634 -0.92757762662929654773
-2.2133328897386252976 -4.7477349764008218713 -7.2389125364145083807 0.87420741103878896183 -0.0074720514449536984056 0.48549518116250578448 0.049989644682526743202 -0.99318328404505906715 -0.10529957130975441115 0.48297250222904086758 0.11632339721962842161 -0.86787466223527287568
-1.8588642744777961191 -1.6144041434607672159 -2.8132179922705686792 -0.75108941729825429157 0.0088914336937243008963 0.66014061352814468187 -0.54292521691837458686 -0.577228537414341214 -0.6099503458713393389 0.37562866777792885964 -0.81653423565783755933 0.43837762938136792812
-2.1379954300226082786 -2.3627745943754359104 0.8577987576601040498 0.52658782082716970585 -0.010527262388978306934 -0.85005555330405879744 0.8492270427459375215 0.052351591289727300582 0.52542624673535587299 0.038970460934690039079 -0.9985732259759044771 0.036507746280922612203
-2.8980609136606689802 6.6813054666942557347 -5.725936496183342328 0.93536476391437184397 -0.0011967692566208412014 0.35368252172081943163 0.006578459413861934349 -0.99976241651306707592 -0.020780625587208001459 0.35362336220791856789 0.021764151060834766721 -0.9351346637942220541
-6.0811107923254015262 1.8850360227849389805 -4.1329669671041493473 -0.77670050897424047776 -0.0018566142775808711866 0.62986734503583075018 0.62946356488714272359 -0.038209612673497296564 0.77608997286306413699 0.022626087565245506239 0.99926802134495662511 0.030846096652988107961
3.828161136123672037 -3.0360145401750378014 -2.4231500485539343437 -0.71999820402347769477 -0.0065410946800168482881 -0.69394509889716005091 -0.50201191662230559842 0.69532316178446351707 0.51430510035911924938 0.47915198191407615269 0.7186674577066082259 -0.5039151351778404786
-4.1623894032040507085 6.7176036541863677343 6.9659559386788405533 0.98282356092469502773 0.0027177346424473941902 0.18452767274799125596 0.17103795199270885319 0.36211182221075549625 -0.9163083799645280747 -0.06930993485442298041 0.93213070013476528874 0.35542719479076839706
2.2758456867254142075 1.1525307829947164517 -5.6782295101764646006 0.90162699561384862523 0.0080457608553543523422 -0.43243962181173761783 -0.41478142459325650915 0.29944126925434666475 -0.85923878874255787963 0.12257703941934054714 0.95408080999439404124 0.27332156411008928787
-1.7698808631372855427 2.8497053430046350719 1.6554799795531105477 0.87875532650581689165 0.0090583304792315119669 -0.47718657020764243537 -0.46126491161400878793 0.2728890244989057301 -0.84425485584731618793 0.12257143815497180406 0.96200287263447170627 0.24398097383127645421
5.4796038550314625226 -1.8693957046806581879 3.26646132479951401 -0.94435786397437415651 -0.0021034143729149294699 0.32891305902566209118 0.22302443824829182306 -0.73909450158732470371 0.63560948519310256355 0.24176088329941455846 0.67359846598058104039 0.69843881760312476192
2.7729369507904024772 -0.43142838702035796183 -6.5344631700822928266 0.88409998626756058915 -0.0060147292696272718071 0.46725906873333172831 0.22943134591071071005 -0.86551466071178573269 -0.44524782942377721939 0.40709761949111966661 0.50084747690769282347 -0.76382153221794990561
3.178922937358136469 -7.4443212908921871929 -4.0038870618524518008 -0.81447305237388889498 -0.001365229940754877783 0.58019977861437010969 0.12889110916950818897 -0.97543579223808785095 0.17863957343765565766 0.56570374661472744293 0.22027971165802801012 0.79464213310014586433
0.77699822479662428165 1.7945696225192309115 6.0176638241700404208 0.15238338217764471616 -0.0017187624190798307146 -0.98831996372217689739 0.62017736560257186174 0.77877706907448929208 0.094267236503495735467 0.76951890167194580972 -0.62729843180062205832 0.11973862129713144786
5.9172849139050969214 4.1413017411389070332 -6.1929631873168320411 -0.20809187587282088061 -0.0012825652210693015871 0.97810844297660681779 0.97302926285890944946 -0.10205768334126059937 0.20687745863476253438 0.099558147913229533277 0.99477765570879828072 0.022485348265347562119
3.2995811955890967937 0.75783681745037767552 1.2677323634775916616 0.99151766227590698577 0.009263339132768347306 0.12964149005222469491 -0.031717355816165263005 -0.95005586648028694796 0.31046394300541579891 0.12604259095589706585 -0.31194236825824689374 -0.9417033631408433525
-6.4613532127918684722 -6.005967433040854786 -6.9071224364826298014 -0.79894831710595171081 0.0045673262497465186294 0.60138234603669327161 -0.23019699259047998741 -0.92614004664625571017 -0.29878748066214877444 0.55559961410707292551 -0.37715216230193593372 0.74098941643925464451
7.3568678448889670562 5.3262111788454387096 -5.8523284882649040384 0.93625995065045164445 -0.0019880281684981544223 0.3513023662771948552 -0.17185990064509384934 0.86956572401558207552 0.46294667745598833131 -0.30640084751551854847 -0.4938132231535620198 0.81379789953068881747
1.3127481026210334747 -5.9308519842760771823 -5.8697839564845821769 -0.99227001363540501266 -0.002894988975847405735 0.12406385081412073246 -0.0026312132027537220996 0.99999391645267310391 0.002289928948631501579 -0.12406972538493438174 0.0019457893868906894763 -0.99227159444709867042
2.1409983702878339074 -3.1438890859207151429 -5.5669845487779952009 0.91795011403281157047 0.010442193052874578635 -0.39655838000413268229 0.16938903127870860721 -0.91425605291211820003 0.3680261210781273773 -0.35871289944707579478 -0.40500225964511488153 -0.84101024099159427116
0.78115930052989046573 -4.2752426951209585582 -7.1375466112925876061 0.96916346716199908151 -0.011403097983999296167 0.24615471410270398089 -0.24583909463100830917 -0.11321625227761560051 0.96267607208827810084 0.016891224634350478218 -0.99350493183303523193 -0.1125283828808504305
-3.2867323591880821532 3.7722033326331634306 -3.0408752842757285073 0.95728986983012098744 -0.0026617202051383969524 0.28911765834361469185 -0.12140023704147365202 0.90384025801189582516 0.41028620552405420385 -0.26240824599622530888 -0.42786178053501067176 0.86491398947565201194
-1.3192964449336226362 -0.66859919598742545421 -0.58234500621980833657 0.99990078822188488417 0.0063970585684843574159 -0.012549555960553382059 0.007196289901834664049 -0.99787811481025645577 0.064710751768803476125 -0.012108968774560803852 -0.064794641942877415075 -0.99782514863610527467
7.1814727194875462857 4.7666870077391987337 -4.7655268743406056231 -0.97009087515063308071 0.0071700983865443743831 -0.24263611363199619197 -0.2111095425065135367 0.46846814441633943815 0.85788714801524934561 0.11981842517743816756 0.88345129314304093882 -0.45294299600691778629
3.704790097376220892 1.0080050960161195395 -0.68892690174342874343 -0.99957148302011555874 0.0024789895803234212809 -0.029166846652849600513 0.0072017363044447396322 0.9866073460995841149 -0.1629542255250720495 0.02837226334308370207 -0.16309444881093007607 -0.98620242112859901606
-2.7797052375184274631 -6.5438746107473138025 -4.8004020652667263036 -0.99996331445495734158 -0.0013629294286756641133 0.0084564867250601326309 -0.0041776230508589907303 0.9394792584566278304 -0.34258031232928032317 -0.007477781088239826221 -0.34260307259764311016 -0.93945048695323007948
1.883796334667360739 -7.3464876626828425898 -0.58501041716480084443 0.97530446827620143058 -0.00012113026298006795284 -0.22086461800839685132 -0.21838531388219808993 0.14888721285043013398 -0.96443789459459872138 0.033000740008335867348 0.98885417690226673493 0.14518391089173043884
-0.44685017132271404039 -4.9457754986397786112 0.25745597911311979278 -0.99416579513161607018 0.0014400722515186762523 0.1078531315370442889 0.085109464270821555409 -0.60379671220683273081 0.79258179982881482584 0.066262741280219347728 0.79713703747865938265 0.60015147471105245724
-5.735560578150929345 0.51595618563013734281 -0.67311480241386212331 0.99943320305087068878 -0.015973729376014256937 0.029632964908536434806 0.01979945351212843152 -0.43298920460544665367 -0.90118163004782259051 0.027225985382881685848 0.9012575595604479517 -0.43242751653309818849
5.5427761793616774355 -6.7253801721046828632 6.2411851067913515223 -0.9968695512132249581 -0.00018293826496835596113 -0.079063673058556049877 0.071183272042660811207 0.4331382993010124971 -0.89851218993393167089 0.034409877146135213477 -0.90132745448710605007 -0.43176935989316000963
-2.0988702306438749012 2.6950820247630504767 -7.1145579944693748686 0.65408020948604184142 0.0034308339607786787241 -0.75641741712958299182 -0.75253019551242172902 0.10430085928846954957 -0.65024582704831224156 0.076664101121124442195 0.99453987357479300968 0.070802934044228438282
6.3677995561654343604 -0.74072693618808460592 1.4722379180372080487 0.94961697545908274609 0.0032735160292584734344 0.3133957306867923287 0.30962827949244614567 -0.164724930548023063 -0.93648065959445903061 0.048558505521164842256 0.9863341124328416365 -0.15743916346573241793
-6.3369123531807352023 6.3678690189452167303 -2.2657189487498352598 0.99399892144737866939 -0.001633131936741182141 0.10937768072854904544 0.013476518146626597847 0.99409984611138713095 -0.10762843221034659735 -0.10855656415033730633 0.10845657583334178398 0.98815618377788239091
6.8598362636338494625 5.4863132061116033356 0.99415127832768823701 0.80114045078532958311 0.0048389635423425484198 -0.59845681761285673961 -0.31819969060396180449 -0.84347175304557586717 -0.43278673583389198898 -0.50687566031029118729 0.53715173484411316007 -0.67419958375756294799
-6.2303373667941048808 -3.3205045270930733103 3.6236697235637631564 0.85051878879966036351 0.00025010023483565835961 0.52594460482887317454 -0.52572554335333809838 -0.028458735193653141027 0.85017807161613290212 0.015180347970685365705 -0.99959493688250722343 -0.02407320490585226555
0.36189519221057642184 -2.2413510385405479575 -1.9423723791927787197 0.99675048425437440258 -0.0094141348539307535825 -0.079999038766511987308 -0.066855841431879989289 0.45728312730626796689 -0.88680462219560585169 0.044930708931095943159 0.88927133966298099743 0.45516778867695595334
7.2159121273991635448 5.1770749009345156111 2.1057577968862055684 -0.99912310361285039395 0.010855071449718875845 0.04043749807767570148 0.0083942069191007308293 -0.8942646727105518778 0.44745975509770213874 0.041019033596164253264 0.44740681998117853846 0.89338937553410047165
-0.080352737206278140869 -3.1912870329832978555 0.94640560389162975419 0.82769956997360949469 0.00092701928185090314016 0.5611707070941597264 0.40620545993009854469 0.68896391936652645605 -0.60027147369672240185 -0.38718283302377359822 0.72479504582065035212 0.56987857949334752572
-2.4769769817769993203 -4.5041634530447645091 4.9344852292614040934 0.88326605938995839118 -0.00030570084217116863523 -0.46887202398597233044 -0.40181504992806260645 -0.51583947030548249479 -0.75660710182116308609 -0.24163140106580421884 0.85668520905979783642 -0.45574633141375558987
-1.1200208927345414178 2.8435693463925506563 -1.7405707984906224617 -0.84395802353407878282 -0.0056013684697868663248 0.53637997649406266021 0.51160603762421119622 -0.30895600806079737133 0.80175148727625167311 0.16122691083989959537 0.95105983500221336069 0.26361159585000043526
6.3062082512649242361 -2.8731540935548585125 6.4151614788980477755 -0.95029749741452806955 0.021009279302444512638 0.31063366944162029704 -0.23041770383657367294 -0.71844819043827168326 -0.6563077627261005853 0.20938564460411274171 -0.69526312129952938523 0.68758042729174284613
1.5955399374282155378 -3.2890672487334349228 -7.33549602552303881 0.99111567724728477646 -0.0072299979519533852032 0.13280602939765939752 -0.02724890751986648596 -0.98837896096157673576 0.14954774009469101737 0.13018145549086035384 -0.15183792891786249135 -0.97979489281596676697
-4.7524779410363411358 -4.8044169519788004763 5.9918614576197235522 -0.79986569780313598876 -0.00088223933181240908608 -0.6001783794269646144 0.45808937297218571549 0.64519978775826358763 -0.61145021076664585191 0.38777440844875216142 -0.76401338700989052111 -0.51566903399542685094
1.4631573484919280226 6.6905475752115988186 1.5140635316391934939 0.9952590242015452171 0.01073423723971372 -0.096665665549818119429 0.05938657221033506739 -0.85417341423972004133 0.51658592068240249962 -0.077024085755102777995 -0.51987744186214668307 -0.85076126831015908003
-5.160378120125459489 -5.5862003390992231999 5.0204031285759658232 0.92400334323460286967 -0.01705447985091659846 0.38200388271389196237 0.060247356038213045748 0.99302028883135784465 -0.10139507907032056788 -0.37760836561424399038 0.1167041159783409332 0.91858155409954311832
-1.9112745876373531395 -0.45803453790725906503 1.5874455548366708246 -0.99799537786339997947 -0.01561219283560662946 -0.061330948125902957913 -0.044819070397611793233 0.85855526587020936091 0.51075836397965546087 0.044681950403476965172 0.51248328253844965818 -0.85753391094865416555
-4.5278596386511225091 -6.3570276682013782121 2.4181515142297533849 -0.91167266814025371691 -0.012472677611371489614 0.41072786425963564438 -0.30251179745243494956 -0.65609467975500179726 -0.69139452094964148898 0.27809990752991148311 -0.75457551213263818202 0.59437045512166797323
-1.6293407691238164237 -3.7133850996391188914 -7.2465099816769624752 0.95135614650257216418 0.0053331083141316222226 0.3080471400084986433 0.0086659916910289021275 0.99899135465235000542 -0.044058755291971882229 -0.30797139980807891613 0.044585101610067554012 0.95035034887917824165
-0.92092774218276152176 -0.70970663868384031847 -3.6915710588017351945 -0.96154629907088740026 -0.00066979835150940371033 0.27464206908862548451 0.17826982355336179475 0.75918139852270694057 0.62598999524543075257 -0.20892243717067135456 0.6508787563803345444 -0.7298686592389931338
2.285362766333727258 2.1339982528685403906 -3.6327287362157125727 -0.99724987365819195428 0.0038264407294094212805 -0.074013835463547963944 -0.053646886626057217751 0.65176127181352172535 0.75652445837482262814 0.051134147533909816985 0.75841453237355493933 -0.64976356933939505289
5.1414562624074582331 6.2494119138694115279 -1.6318249961646895674 -0.30443172895866354999 -0.0027590566162110832099 0.95253016225729991717 0.89482976352344334448 0.34193805887059991466 0.28698093701201771166 -0.32649811135097245307 0.93971844267434434528 -0.10162790847935014582
7.0770779447971783327 6.2003512381402652309 -6.8753998104996965068 0.95586481714594884185 -0.0061660628434153930133 0.29374211650932691153 -0.28776990677857544609 -0.22127766050781619289 0.93178574667825120326 0.05925311886315542953 -0.97519135385277377903 -0.21328593782947974367
5.8774209305462603581 -3.6360373866910964402 -6.1308427711404851479 -0.98004416392021831417 0.0046356335702275189639 -0.19872581026966906759 -0.19872112505167308094 -0.047151551336186904584 0.97892116417245145232 -0.0048323104335093952991 0.99887699047880973424 0.047131801025113266579
2.9195721221578745386 1.4804852771679011258 4.7909006705627730227 0.75983186120007462083 0.002444988911155888088 0.65011503961564609533 0.6481773416790078679 0.074392017221013545525 -0.75784692485216575975 -0.050216296550404035393 0.99722607757874481837 0.054940638490601975685
-6.6929293597291490414 4.1326936404673553227 -2.2777726250969685395 -0.99648119506016230584 -0.0054178582588295300798 0.083641345656788990137 -0.083585874183239400326 0.13823268252711179427 -0.98686631674118774349 -0.0062152657558282621564 -0.99038496166546574617 -0.13819912509979048743
-7.3485959827879403505 5.4991229484424515306 5.5731144277253434893 -0.87228922750591297852 0.0008678504490289510459 0.48898951973724386066 -0.47434241054263182047 0.24142459358811019232 -0.84658930017541245139 -0.11878880897570039121 -0.97041919418700683941 -0.21018041396786840691
-2.883510880903425555 5.6636221784003808466 7.3874607880043994257 0.75047843701483607504 -0.0075074182828359994901 0.66085229381953869421 -0.66033454909807709488 -0.04968701037085664074 0.74932602001250347978 0.027210270914156318295 -0.99873662177337407808 -0.042246437549713411475
-0.38126176725840432713 3.952630340317001334 2.5891660181360336423 0.98955718811010251468 -0.0011456843038245793226 -0.14413625105130647985 -0.038628432695204509284 0.96128314609196618967 -0.272841633969041375 0.13886833925398206491 0.27556015758251062309 0.95120039103547782133
2.8085017483448697639 -6.3909346664192936416 -3.8224005649536296758 -0.89309626171503997405 -0.006500093670987192214 -0.44981864800497078916 -0.40140814717722406169 0.46294059164887096935 0.7902895089671244655 0.20310235520659289388 0.88636547619252303853 -0.41605970235463574092
5.0768089875074595696 7.4598357903466361307 -6.3139469280765583292 0.86071163031719988279 -0.017880380401204206547 0.50877871558607401514 0.39670589041047582546 0.64989437929163307306 -0.64827596922823449432 -0.3190610066278585788 0.75981417975825982225 0.56646490296201723602
-5.4446867408768255814 1.1051202493317280329 -1.9543968468597023858 0.87902486166741611306 -0.0015200632623300395184 -0.47677351224453184964 0.40203054797025489231 0.53991739916421954693 0.7395002640827191831 0.25629422753753372533 -0.84171663372383254131 0.47521192897853631321
-7.1259978584475280883 -1.749505288252230395 -1.8509402579161122748 -0.97885230884645091365 -0.0050364731870596070318 0.20450621360679027694 -0.10706734536708116534 0.86445299129398600613 -0.49117981371276170366 -0.17431219412884746411 -0.50268843211352298717 -0.84671104823150022956
-3.2742682076964797488 -5.6458564897108720615 -5.7018190038715808043 -0.94913914778945163153 -0.019687999107464684151 -0.31424076887736313024 -0.24519154287455288688 0.67233759025886519201 0.69845778113483358851 0.19752464513650555555 0.73998280210829592285 -0.64296925832236906384
-4.8213399440012709718 4.7656642333697503133 -2.9720953339720903585 -0.99416274261690884551 -0.0064254582094286638583 -0.10769937176851786254 0.097121899940639883075 -0.48802959903117765217 -0.86740673678582747019 -0.046986995482290072612 -0.87280342801591848101 0.48580489736031184922
6.7947712509004700721 -6.7885238261425078221 -5.3327110446603986915 -0.91381475700320424771 0.0073204356407497502696 -0.40606526705110196351 0.40481684659152217254 0.096793474373168014724 -0.90926032797788958195 0.0326482863085217484 -0.99527756658171084858 -0.091414740935627902818
-3.1936863473251766443 -6.6617885065363040553 6.3479252405717909724 0.90453932106320211748 0.001025446095837601046 0.42638898333663405316 -0.26068162465392474836 -0.79001365938725576221 0.55490855872789102143 0.3374221498632233307 -0.61308838387456532359 -0.71433110413848510678
-1.1527062864008221776 -0.32353250244466208452 2.8283036037677056207 0.9994207565108835789 0.0012266639759994403536 0.034009509711045486646 0.020846284250956349099 0.767846663461416723 -0.64029441184833957301 -0.026899514646624919645 0.64063249738577066061 0.76737632189499860313
2.0020204755233450555 0.20002175830184493188 6.2094921263905513698 -0.99318594349531030829 0.00061050867535995985425 0.11653887300997828325 -0.046667834911106161055 0.91422556079437000687 -0.40250930073095719797 -0.106788551951878391 -0.40520519649845843091 -0.90796748504695667936
-6.9607761817331406107 5.9182466312369204076 2.8726559835878857641 -0.72814005158562589148 0.0030638083437695435435 0.68542153333204125509 0.25031824698613058811 0.93210852234170771258 0.26175270352696555776 -0.63808529249826739793 0.36216614371904154446 -0.67947247467504612306
-5.1939314499987920826 3.9918188832085697015 0.02972270711528113285 0.90087406870589459285 -0.0057335589817040372163 -0.43404266914068179162 -0.12962137505481324817 0.95073830683186011381 -0.28159362750491467864 0.41427552602376310764 0.30994160453845209791 0.85575229495098681376
-7.3250472645444109077 -3.4707498090457913342 -3.4755846740794114069 0.5821047504092232705 -0.0020710560459746151125 0.81311116723238430204 0.48642153109308866599 0.80221572737755142413 -0.34618495177769242899 -0.65157359802271053173 0.59703068386400903744 0.46798099201232618016
