1125 14.717824617146108679 14.977075390850430381 15.033177056927090831
-7.1621367890379463716 3.321053437157873045 6.2780221137630833894 0.98224342326258995417 -0.00036726667872772960841 -0.18761056093016736934 0.16829692313878724663 0.44364718580611206544 0.88025753060588030063 0.082909608124509398541 -0.89620145036782294934 0.43583134035906145876
1.9972614443957150687 -6.7917723253639108449 5.6919637589852571935 -0.96538182580742737393 -0.0018825197482542233712 -0.26083402101737906964 -0.24975783902429690708 0.29506187905593977971 0.92225783237328318176 0.075226007780701029115 0.95547629151516388912 -0.28531754959345040357
-0.12893659900774384619 5.5951388397453767354 7.1182531698922932861 0.90173834768593419398 0.0031070745620165153913 -0.43227109364405180703 0.16420521111301825123 0.92255956612410805473 0.34917115516069952008 0.39988073341428015395 -0.38584218670410325158 0.8313971409642583188
2.9420991760838703932 3.0396060253949257479 -5.145338448878221449 -0.8943733417370978156 -0.0081368448159276525466 0.4472472664494036021 -0.39892913356835058014 -0.43781085493809168696 -0.8057153353937801521 0.20236568874281474217 -0.89903028150049912881 0.38832033292726764184
-0.91296075455585812275 0.26062567552665377724 6.8894443057028276201 -0.63837008020937024977 0.014228253804940003274 0.76959807528811829958 -0.11687614028359624707 0.98644439572462139232 -0.11518429570011025354 -0.76080457972193249461 -0.16347786069426425981 -0.62805364463309309997
-2.2173600936538973016 -3.2160978960101718194 0.52432032390092797591 -0.98637286805179735794 -0.00095179618553432919839 0.16452251899142397717 -0.11514860878912194786 0.71823828413884960309 -0.68620300574327608434 -0.11751324633928524055 -0.69579656601712658315 -0.70856035427731234311
-2.5947069507454383341 0.66008959863073601859 -0.68810576604677364809 0.78737518275455642414 0.0092410299631273222498 -0.61640483851720628827 0.011693697091837589042 0.99948385570396136579 0.02992122382962152799 0.61636318760175412557 -0.030767280548723192901 0.78686072173997390067
-6.2581313232330142426 -6.5094024351264510031 4.1635762333836545679 -0.97175392178299402346 0.0017115461662200841253 -0.23599022460528251699 0.19643241876909203758 0.56009684490068978313 -0.80480173284409606271 0.13079992490839051356 -0.82842537077390421274 -0.54461250876368150209
2.3136678434227055945 4.5451440276941816876 2.3262338919658431813 0.71716354105007074082 0.0019641666306115680013 0.69690214337313105553 0.47196795998762086644 -0.73713330520875508522 -0.48361217426490726856 0.51275988545678230501 0.67574450230949112406 -0.52957215510711075357
0.89244146608598207138 7.2564672904157490052 -1.825643011226217638 -0.99961813443122282674 -0.010770366474090756204 -0.025447682060631401924 -0.0091238180108580251015 -0.74062649259000312707 0.67185500996781311045 -0.026083352183973437799 0.67183063169222045907 0.74024540596951993177
2.7489376498318041087 7.0588850930312725396 5.2139219325180592435 -0.98132318802609608266 -0.011016033210111002977 -0.19205063825621382367 0.19223724795841307111 -0.092724757088553155793 -0.97695801338663335045 -0.0070456468606687229495 -0.99563083843119426497 0.093110646142781111623
3.0155662917283363456 -0.56754643783654667999 1.4499311907393532817 -0.1637095714188984974 0.0043519276950053625147 -0.98649897970102140565 -0.3822228117704104533 -0.92216153638896392053 0.059361797200972787891 -0.90945307651798046322 0.38678050820840031987 0.15263007594147623425
-6.9093546064931068429 -6.8697824550544845934 -2.2773848711765061203 -0.9698425826053084231 -0.0046074892257344790547 -0.24368860459310962008 -0.23273448612672198443 0.31445167021346426273 0.92030147564124520354 0.072388009592863677977 0.94926230207624084922 -0.30604094158162137296
0.80384783355415545536 -5.035906443087339035 6.4576041420785701419 0.96913996819823244877 -0.0019044355031897445413 0.24650374270229763463 0.18529905501280136138 -0.653872967798472704 -0.73356281407517343052 0.16257915688107638097 0.75660195288409526349 -0.63334153711877039239
1.9772970989200109315 -3.8116262780346863437 -5.8129881856474936441 0.73955484781007052586 0.0067570983276342110047 -0.67306238098921011836 -0.18081680312270934086 0.96518809372276659353 -0.18899001943035184659 0.64835477231917204577 0.26146947309003837345 0.71503133067924751209
4.971118608547693718 6.2404118345182046923 5.2481199762494279426 0.96412056816971536399 0.0045596765191004574175 0.26542558162732388105 -0.17125197763234056847 -0.75330044428658760047 0.63498913439095017175 0.20284055361079092461 -0.6576607407984259579 -0.72549159872678781191
-2.6591670402963591968 -2.0115235117933978337 5.237840523991867947 -0.74168334432753302288 -0.0040360994934682320121 0.67073804622073551762 0.17535207285954926282 -0.96637255969560642566 0.18808435982630450356 0.64742371542214194324 0.25711434376223246678 0.71745017035388236604
3.0020019526527867981 -2.4355267829936928514 3.1712994514783243716 -0.99207566948830105957 0.0044201798861213132535 0.12556403951447292489 -0.041015970707057480826 0.93323498186113085229 -0.35691757981046867698 -0.11875839404599689009 -0.35923937790925497548 -0.92565842145099164195
5.5122221950837433369 -3.7085305814464821772 3.5096663510137613429 -0.86962096470484540056 0.0094560206582156164368 -0.49362937657617977916 0.49253670141729843923 0.085793989983230775631 -0.86605253249430458329 0.034161023151041809698 -0.99626802365433142494 -0.079265689558629726097
-5.6087418544655447405 1.9720584154545199862 -7.3002569150029934519 0.88918152437104569508 0.0011804787014414687071 -0.45755308237083663903 -0.0097018341880681074202 -0.99972320707475792467 -0.021433237024640797164 -0.45745173639471997662 0.023497142507264565797 -0.88892395240744559448
5.2043818675259956308 -7.1200164958723686226 4.3038548801231319985 0.86028864455958287127 -0.015069836697038986942 0.50958448569769809744 0.075437788991945101125 0.9923221605566399095 -0.098009538617779903835 -0.50419499009198487371 0.12275842003701399607 0.85482032163262422486
6.6320210242309380888 -4.9662031722011734658 1.5915770846554708751 -0.93528069150143722243 -0.0024486429025398432149 -0.35389833604050419114 -0.34862145463254745614 -0.16580032701262589767 0.92248215859844628906 -0.060935289235119517726 0.98615630389422481716 0.15421619504903771869
4.9262233983569343465 -1.2108774476157022626 6.3984273758922247666 -0.37862375994147789982 -0.0045587380752409329548 -0.92553944611506877571 -0.36103960160033593541 -0.92004198004117154763 0.15222733341336935897 -0.85222910915084237882 0.391793278233645903 0.34670386880873260704
4.3327806788746441313 4.6939677469117455644 2.5841829280086194842 -0.83659647578850571126 -0.0047411062503682948124 -0.54779910424343258857 0.52385326632417517079 -0.29945885953977757765 -0.79743472886791166854 -0.16026257223634257643 -0.95409743388959167287 0.25300987052985196568
4.316508666246106074 -3.6485987464971976202 -2.7345685115519593467 0.97787079242346597319 -0.00072396237763905878226 0.20920848262805361029 0.17128172838504643338 -0.57143592008252097614 -0.80257308624251422202 0.12013027447940527459 0.82064637031918297172 -0.55866649446297700354
-0.40606083233171613722 6.7000711430916810585 3.2196411038091889978 -0.75576635498897692944 0.0014636664833817328302 -0.65483973180235577338 0.12465705870447513215 0.98203303847862200016 -0.14167472975625497456 0.64286688698493676952 -0.1887033889912518303 -0.74236998632852380098
-3.5266050173069993789 6.1905433173890846987 4.7564434901237309106 0.88373374372527002674 0.014377654871855216623 0.46776912386544167166 -0.21573277279170322007 0.89950866758529279821 0.37992568705281620778 -0.41529994094030164842 -0.43666627987438993985 0.79802789367016679911
5.4665580852013393454 -1.7203506093241074382 -1.8846886413438648233 -0.99999015988214157158 -0.0044197045293894853674 0.00038255806254901270069 0.0019051035712308733716 -0.50571633874551136234 -0.86269771954386120782 0.0040063348813219774869 -0.86268850168400601497 0.50571978243207937886
-4.7039142809571945492 5.2979779178980965781 -1.0461977685534558091 0.99975644442398547973 -0.0026424742289524573782 -0.021910480661746792319 -0.001417648249341802065 -0.99844489281182668972 0.055729581833960213644 -0.022023671499558670345 -0.05568494722895889204 -0.99820546208976212998
2.9194447099358113995 -6.0354448166082237393 -3.3791920670133319682 0.95103737493641637979 -0.0013165720415649129812 0.30907309509560554339 0.18819524095383574624 -0.79077573844099635636 -0.58245710809920636652 0.24517435175048829521 0.61210456470367591297 -0.75180950985785910401
-4.3351647885408013394 5.778214756368167393 6.1221421545986567381 -0.96495370470001551322 0.0067718623171704956168 0.26233278420050476498 -0.25065099903954102256 -0.31980350414332991971 -0.91372851297204493726 0.077707299953821959426 -0.94745968812306358142 0.3102929501543527091
0.88081199677719057561 -6.3516330166467787066 -3.2211076895725465619 0.96284868876394402726 0.0017277953777629778687 0.27003595551127379526 0.17773412182024952988 -0.75690567357804583448 -0.62889139225003909406 0.20330515115593333908 0.65352185581553978722 -0.7290927235166705378
-6.1226456736539249803 -6.3670584466117716715 5.3330077725764404306 -0.99150281554668595607 -0.0070660664012456081071 0.12989317714437767504 0.018882210889670049403 -0.99576607224203950164 0.089963278528253781685 0.1287075323164156293 0.091651514320549784531 0.98743828720983328751
6.4799304434704358968 1.8033203350367783546 -3.2943923699346404632 0.98803448121938475257 -0.00098528354518463484232 0.15423000077152401732 -0.10648569852056403995 -0.7277515100152976979 0.67752382665193788824 0.11157356287329610323 -0.68584019194476053549 -0.71914850426109278025
-0.98120693214657661585 -4.3563633489071298399 7.4896573991927501979 0.71548474010195772799 -9.7907631477573298789e-05 -0.69862835405913847886 -0.4814001486548895592 0.72463071823187485965 -0.49311684119467719123 0.50629584588102627407 0.68913736846064854724 0.51841508835567551294
-4.636282432156529687 5.2830639507316190517 -5.6450616483933879763 -0.94761384538191772986 0.00039773557445546038613 0.31941797358120632699 -0.21304022623878968168 0.74430301678615429228 -0.63295093112109357403 -0.23799550845439604307 -0.66784194313422440281 -0.70522711018935446692
-6.1615352121201727442 -7.4182062434448727828 5.5202671231084998738 0.99953669899946917532 0.00845841015267577781 -0.029237692297839443234 0.0069497272188340534702 -0.99865795114484012807 -0.051322489287120388879 -0.029632560550815627981 0.051095517540560402014 -0.99825405556020851972
2.8328209428977069173 -7.1357131527248087721 7.4748177743958139629 0.93025140601712696942 0.012107643127418413892 -0.36672295616854233558 -0.35429059846036076165 0.28963129343511995195 -0.88915234111243202086 0.095448904895382435942 0.95706171109338100678 0.27371954207419030292
-0.6387668846122629418 4.8979823911228557165 -4.6032390667454361477 -0.95026604734812580855 -0.014462164956198245158 -0.31110333499036091354 -0.25603109447042837754 0.60501997362785653323 0.75392235022961306967 0.17732038213820983108 0.7960789391109331925 -0.5786327028281326168
0.90500966876414778994 5.3917676650839396757 0.54393655798764228848 -0.96332735019254545072 0.0066983746141813151759 -0.26824531337694973443 0.23007843312045622719 0.53502803306311019771 -0.81290154290009297711 0.13807364333559865588 -0.84480775068306446229 -0.51694828890514721298
6.1573668077326768611 -2.6417142834326714507 3.6887683024071362681 -0.92430558866020651188 -0.0040502874438348938219 0.38163172554598612241 -0.22988669519730664526 0.80409983829178055537 -0.54824771538989880426 -0.30464944796079679312 -0.59448048347327986374 -0.7441650815688710674
6.441012930207197229 7.271798275419557811 -2.8504435863077404179 0.45250398099178268385 2.4686840333844502215e-06 0.89176238268970176026 -0.88870113685917317969 -0.08278658080457748647 0.45095085251487454503 0.073827071808184763224 -0.99656729929932486023 -0.037459063464507183494
1.6432389181794506694 -5.6154037234308669113 -5.8999708538869359842 0.92599783033528360043 -0.0042822277786101134445 0.37750454399869509681 0.17596300903242328983 0.88957510701215125604 -0.42153665135602397251 -0.33401352916714271979 0.45676886004794248208 0.8244981326988789494
-2.2702398310003988335 2.1801384759023649806 -4.2510888044050556545 -0.14132442990760177293 0.0014293229755883481852 0.9899623035990827713 0.94284850207340764605 0.30502177260117407931 0.13415819161422840033 -0.30176830126645531882 0.95234430500478117754 -0.044454663148778231219
7.1955870352176845017 -3.8960155561559970394 0.31119158521955642138 0.99548296852487105912 0.00022203074864024616338 -0.094940034123285707568 -0.070123506433092216983 -0.67241557177061661577 -0.7368446190927079309 -0.06400275949134345832 0.74017379684964079711 -0.66936267989387276955
2.1189304792905176988 0.22244519964114028987 1.4865397161919668978 0.52420334000814039488 0.0081913937028784047228 -0.851553732534634511 0.53164831201705220476 -0.78429762070726916079 0.31973006502740225487 -0.66525253148991092544 -0.62033067248219653234 -0.41548637297040041938
5.6239710579276387392 -4.1171023711948189217 2.3247966042559280453 -0.98863387737862185034 -0.00064868992017324753063 -0.15034172973832451992 0.1438651692080281097 0.28629293726805393749 -0.94727987794481438577 0.043656266309179514451 -0.95814191708313523055 -0.28294557275229909044
-5.3182369804798046431 0.64848271401661383706 -2.055736348677307479 -0.99031951577914067997 -0.008187324568551077042 0.13856487427708455429 -0.097679641941299952257 0.7503553429703371247 -0.65377790328677509724 -0.09862020187179292019 -0.66098398391507506844 -0.74389127484498263065
-4.9125566036101426803 2.7379792401095874865 0.57672364547493504272 0.8638034172572739422 -0.00048968572088927027341 -0.50382875716104991159 0.50382833026828821588 0.0024641261732423341835 0.86380029040356487435 0.0008185069594486525657 -0.9999968441400207686 0.0023752381481637017957
5.1006747001853707246 1.0805818194864005299 3.1636217228288256997 -0.97007757216169288039 -0.011239318616716757401 -0.24253490822138104588 -0.22146192373441095369 0.45041162201475987148 0.864918485806586812 0.099519446967709784824 0.89275027217635372079 -0.43942329387982986821
-2.5594603033046099405 -0.0037914222330645008796 -4.9132214730241372536 -0.99508354959564615516 -0.0017384332299136412425 0.099023770751271847357 0.004489503977528475423 0.99802635241571446834 0.062635806355801348921 -0.098937220892466731792 0.062772428132988597471 -0.99311180064905379972
-4.51775566831524511 6.7881329047205527516 7.4665945264018303007 -0.58745361602106427323 -0.0027280174148490016206 -0.80925324030548906329 -0.64026346497005248715 -0.61002134997968926466 0.46683685372262290203 -0.49493529319341783568 0.79238028148735850653 0.35661259801304784345
0.35045276878975512025 0.46404955802491376637 -5.7080396697551396556 -0.03822451072668271721 0.010286022558336084531 0.99921623511613699709 0.12775008928036807321 -0.99169150356219515352 0.015095577217933215525 0.99106952403382808647 0.12822698429973827805 0.036592882215293810744
-3.9418097828065121746 -2.4894446257844085046 0.78492167993599515352 -0.68694605627787030944 0.013079847066919506743 0.72659069176863022577 -0.71852236348096487628 0.13742458119663025773 -0.68179182868443677368 -0.10876915436848050289 -0.9904258690501189788 -0.085005111460151730474
-6.737670827290943798 -2.6384923433134748194 -4.0468869807979990227 -0.9433402111187451089 0.011810538533831802313 0.33161688326433508278 -0.22354106115557481615 0.71594766471418203047 -0.66139877182215967011 -0.24523180883366982319 -0.69805404702641682402 -0.67274208086471976031
-1.1320583265597754519 -3.937556732231061396 5.9253198127938055961 -0.76038051460012334726 0.0025538310773386913369 0.64947282542318829357 0.20706887673467275213 -0.94685348155845561191 0.24615232021744110069 0.61558423737473921822 0.3216550363470279672 0.71944011862586321193
-5.2171168111684886881 3.7109893831923752572 5.1890987523905032219 0.99933131587320711553 -0.0063227274583618937875 -0.036013111952909376834 0.030733023232051556728 -0.38835688507593379981 0.92099642295556705118 -0.019809149352369145869 -0.92148735907315304505 -0.38790288046153231782
5.9463447980612809118 -6.0892008481063273351 -6.7169044600689478131 -0.9684425043775426456 0.00052699852927808737979 0.24923651014171785412 0.022458432431117364425 -0.99574519116797366447 0.089370761878188195726 0.24822315469713285285 0.092147905773820773523 0.96431013109558949559
-2.8751540653469489506 3.1017873570027538754 3.0842017728560842116 0.98997683239645839492 -0.0031672356148079814503 -0.14119433394020644568 0.13517754897552392013 -0.26828401697712689344 0.95380853240450569341 -0.040901119437408664514 -0.96333465361391001913 -0.26516682216225540003
6.9292975512315893027 -0.23940887567409011027 -0.49364401315105166379 0.99550019112699295043 0.0038668980094222231078 -0.094680602901647592518 -0.094456731092288623297 -0.039319229702323384157 -0.99475219232071254716 -0.0075693736461630647949 0.99921921782725509065 -0.038777046138219459226
-0.51686540989702711713 3.1758406207065283944 -5.6978577455402259488 0.97463748324531818135 -0.012198547707547736235 0.22345686762105793077 0.067357592673640317993 -0.93622033777235813545 -0.34489771505550159691 0.21341211531305745441 0.35120175764811445429 -0.91165376896191352429
-5.1225846948830069394 1.2347345150807547132 -6.75896904756079131 -0.87785592670983236818 0.0015862826554794789112 0.4789221812024008762 0.24205790204331004145 0.86433863543390876405 0.44082501670682827655 -0.41325167150141745021 0.50290775198198722773 -0.75914876605163483791
-2.1012949033424095369 -0.80044963783377276467 -0.59435062640652247534 0.98138984588476685378 0.010128420834701491043 0.19175866469536428927 0.16224574772008112933 0.4904191724122181073 -0.85625075338795564317 -0.10271459361311513492 0.87142782284130981818 0.47964910282098605077
-6.3385680574439673407 -0.93711801836941521771 -5.906346113058472902 -0.70844656196707145313 0.0019193620411103173851 0.70576184714571121859 -0.60750874733643289716 -0.51063178845862577937 -0.60843101377661312767 0.3592166348413718957 -0.8597973555814463209 0.36292136419379711354
-2.1963828781754362041 5.2302062922368248721 2.4245076487432308809 -0.96027494042407013364 0.00052858366763451885423 -0.27905511891532008839 0.27891457284360166025 -0.029972335050188841921 -0.95984807140873462661 -0.0088712935354932527521 -0.99955058888026859787 0.028634252566887119507
-6.8731005042520845194 1.5299938312673719842 -2.0897853168325744022 0.88854204186988994252 -0.011861729054364061539 -0.45864184197868784754 -0.3746860364198469906 0.55814562274500467698 -0.74032684533442594255 0.26477049295914589777 0.8296582207117266794 0.49149142705012749399
-3.5043754911213294001 -5.6886167252178267972 2.683605420802721131 0.96169389511231484491 0.0032303437688407394407 0.27410657960531692456 0.19569067215879629162 0.69213716753556897565 -0.69473110060353404638 -0.19196357189273544064 0.72175875900117159034 0.66499194045582654677
3.40638320460540589 4.6873755661000817696 -3.1600637916789251491 -0.90062362689886144018 0.0009262735513900810817 -0.43459892393905458219 -0.16470267522273798755 -0.92613209581110378377 0.33934108192650519475 -0.40218168959579780886 0.37719820138207210691 0.83424900684861891254
-4.8400204139914961843 5.2062015036850199934 -3.889743642148752123 0.98593916056618802202 -0.012759281380713125009 0.16661684308826574252 -0.021515219974171412298 -0.99847439580497365785 0.050852494838755049611 0.16571381044294578033 -0.053722264104554481867 -0.9847095263922938102
5.3989941033879205179 -3.1886622977784515598 6.0116250004873474921 0.79856311909459321008 -0.010503937240254189456 -0.60181941820138040722 0.022087708226419450197 -0.99866291462493461673 0.046738807196405364464 -0.60150567575634983353 -0.050616699371748313796 -0.79726336412601239712
-5.5335267436257531415 0.14016991919696811242 -6.1435797352761500889 -0.6342380334458892488 -0.010035532848507033518 0.77307270357392099402 -0.11443257484479439634 -0.98768395086342741784 -0.1067033224471550662 0.76462232686796338665 -0.15614000540320394084 0.62527833479785710491
3.5567717060965526876 -6.2427011852792757551 -2.1513674715057136133 0.95975641676281198134 -0.00022841938020018957844 0.2808337022281696127 -0.28061384866091021451 -0.040349795003396700388 0.9589722425508206971 0.011112534469724797553 -0.9991855893015494372 -0.038790072310951773105
2.7558534685499198602 -6.1221763077281243781 -6.5712235406633912049 -0.91427370592112278125 0.0076045055241235537044 -0.40502563148139969496 -0.3393502717895460763 -0.56040983165914193265 0.75550129954630151907 -0.22123513215025675249 0.82818053108938682882 0.51494856464212235281
-3.3716774277283301231 -6.6704261525553514289 -0.073765841036204232717 0.88891350703954019608 0.0015349992153718052413 0.45807250602938431872 0.23758831603896721218 -0.85651665430965362447 -0.45818229229419099591 0.39164342083633946201 0.51611710363784724098 -0.76173392089885638701
-1.3953384893437266179 -4.4004858097924977045 4.7940486067152869865 0.99738588092643787331 0.0047793203793679052416 -0.072101058420706742869 -0.055679288331735452 0.68681744449268833375 -0.72469415258545344383 0.04605671915749674078 0.7268142513995173859 0.68528813106832253688
-4.741825983171940706 0.67186333837558387394 5.6916833348688262717 -0.82912775408186090154 0.0044711360142681523186 0.55904130111642424961 -0.012340698349866988451 -0.99987073881920207619 -0.010305960266490216473 0.55892295942771819117 -0.015443917751601714608 0.82907575699022251214
-0.48048321519760822662 -0.6786014156064588132 5.1847903640194514807 0.0047317058883931213328 0.0074716344660400463989 -0.99996089205418747792 0.3652931142991972524 -0.9308778759378976142 -0.00522692405584894524 -0.93088052488221162406 -0.36525409616848480976 -0.0071339769500235218624
-4.9269348721128451984 -4.3154562291251279404 -6.1444134287043503662 0.49337865473599845645 0.003599712196951331683 -0.86980718847516513836 -0.83131305041853376103 0.29617494667165267241 -0.47031799154160719434 0.25592208825060219768 0.95512692509230578963 0.14911888448238452831
5.3696357294138481464 -4.1176532101366323246 6.8778832822106332756 0.99599644071910697907 -0.0036627449595053969064 0.089317827863934357024 0.084151915118743828015 -0.29867185811739482837 -0.95063850981881914404 0.03015866802132600305 0.95434883845897500176 -0.29716788062491839018
-4.3703817069160297848 -0.5066842463132723573 1.7555718511506093193 -0.99763212941120649191 -0.0067113997426878364144 -0.068447728084357367662 -0.0036980887547824439938 -0.98855294263611326322 0.15082905471105267914 -0.068676477093484650238 0.1507250368019996678 0.98618735784589284243
5.8690848364754950595 7.2128393585034942248 -0.47860849462746057892 -0.98634154960847386651 0.0034764317031756326176 -0.16467623367828998493 0.15447082809886189536 0.36657192430052859544 -0.91747685942537737791 0.057176138224939852817 -0.93038322144008622772 -0.36210212714150430413
-4.1995160268066911158 -1.5059724937390830402 -0.47626602601565465323 0.99797079766032692483 -0.0093195414307003197896 0.062987563571841320709 0.053254464313855227886 -0.42009398666905828357 -0.90591666525961622725 0.034903424586155876175 0.90743274599937373548 -0.41874522378182271742
-4.956104461441115383 -7.244084471586384133 3.7424340990210458457 0.97734769766067319807 0.012687832610495382996 0.21125931170310044416 0.056628191191860431652 0.94612840317132884671 -0.31880133731657622764 -0.20392333324059366828 0.32354298573164175234 0.92397792751988838678
3.7862593083867412957 2.3402599160208987783 5.1371830824354143274 -0.98655348162701239634 0.0019525238989358908483 -0.16342709548908695982 -0.13190099265694174568 -0.59997147490175828377 0.78907310018795961959 -0.096510911433348112176 0.8000190103707437439 0.59216148728172190996
0.3513601026238158398 4.4569865410738067624 0.57319634971117405797 -0.18624880976246088737 0.0075232314876547586036 -0.98247380720806420928 -0.78583269393941646008 -0.6013528881527202552 0.14436648172680602298 -0.58972735903793371826 0.79894812403458570493 0.11791326093276593978
5.5882420543654438561 3.6014906278823981545 0.71602725326809646411 0.99726514676468613896 -0.0060703208649856435844 -0.073657167016814004135 -0.068805356903799658186 -0.44010903387896654904 -0.89530433996463176793 -0.026982399998684940962 0.89792382165908724012 -0.43932307085743260711
0.50881079116629535086 -2.8269129045601064654 5.4958204328624455925 0.49486612348524827709 -0.0079445605856315725662 0.86893291097986302685 0.74972990511718806683 0.50946065991720923538 -0.42232085594934987149 -0.43933198062485812052 0.8604572737526139381 0.25807109649548087837
-2.3128847389803071088 4.6362822810630142101 5.6432985824535588648 -0.99848795738863804772 -0.0089149538050518548071 -0.054243179741055129461 -0.052278245415155667752 -0.1510477571900294691 0.98714313050551505402 -0.016993646050205923892 0.98848626629135927235 0.15035330840191180046
5.9652696697854850072 -5.1518219611634545885 2.7196664921308282281 0.89488023949794281986 -0.0028976422637860977521 0.4462969422093689964 0.22684378575889060925 -0.85822702851213572561 -0.46042183309845519101 0.38435823630923582339 0.5132620882166024634 -0.76735309667768147879
-0.24524740052595084272 6.2625049740148392985 -4.776868562737839774 0.97192010628029767982 -0.00022488956236829893637 0.23531097813925622164 0.2353078909392570528 0.0061396673086734606176 -0.97190148726444869354 -0.0012261606197763107954 0.99998112677695583095 0.0060201843918108212395
3.9653466144880851196 -2.0891228586447194715 -7.0687050559691195772 0.99734209444094956698 0.0018370872735215403211 0.072837982993571095958 -0.025765756670531408945 -0.92619617477881299727 0.37616056625922228429 0.068153301016358122655 -0.3770374927451695668 -0.92368709887333577679
-2.7969233433512954434 6.1001824620472602234 -5.525721441525714539 0.58543198134839968816 -0.0032320723197924935977 0.81071508492372890142 0.75674386291691519979 -0.35660365652980802187 -0.54788005812156626018 0.29087475165810849909 0.93425017305760726938 -0.20632133430580928968
1.0523324733632959394 -2.4248673798322841755 1.8271384382921258549 0.86107113207627017371 -0.011703129936717650977 -0.50834982271499151718 0.50625674373925888538 0.11321171928239147364 0.85491942078526683702 0.04754592435959096447 -0.99350195941771524133 0.10340813174010576869
0.41475691517744561754 5.6911349952831118415 -2.9995739430937273795 -0.99023613202167648506 0.010795618865001497394 0.13898150039433929126 0.13709939822772526652 0.25581173068372331514 0.95695564863278348433 -0.025222169695506387738 0.96666634008726770588 -0.25479409156791327229
0.62295473007309321023 2.5554941717082830799 3.2602133363949841183 -0.95938227790866503764 0.0066266173202541751863 -0.28203143934278029903 -0.15074152988991113 0.83299654481480123192 0.53234739361911553868 0.23845887696058787331 0.5532385057726103561 -0.79816321622164843053
-1.5174151069707175754 5.7219537214555922233 -3.6509648527045253097 -0.94380597103248753399 -0.00028888778870607824487 0.33049993280987594035 -0.32798146147585588439 0.12403819823203460215 -0.93650557195762573759 -0.040724071157710199642 -0.99227740169931755165 -0.11716274196662310181
-6.6517906948687244295 6.8806941012776992039 -2.3989004188414040364 -0.92285897736604449726 -0.0020150974298627157173 -0.38513276577985566806 -0.2056044081130524448 -0.84299244385208427222 0.497082052555336662 -0.32566568019882391471 0.53792162904138751678 0.77754883174635691656
5.6522967574693838699 6.8188963975151866137 2.883034797851161013 -0.8195279446027995407 0.0062574200199584798301 -0.57300505469833462602 0.56623806470705317917 0.16244442582885040838 -0.80807565400393699395 0.088025008332399665156 -0.98669785304919954694 -0.13667093581384132106
-4.3786747270316812575 -2.4160456000955270461 -5.3668721930263512121 0.97768454382596081675 -0.011037408890141636036 -0.20978824649818547665 0.0082658480913546487912 -0.99582443178415658291 0.09091411780862151959 -0.2099157176561976812 -0.090619405573984818103 -0.97351092177447762221
-3.4589593514931480378 -4.7562394000495142876 3.2523007166819795088 0.98685541854090297331 0.0056424605720406147136 0.16150710676318810743 -0.094854109915105011552 0.82935489346516810816 0.55061162221431403374 -0.13083990495457309411 -0.55869367575086537059 0.81898858108486394247
-1.8599567039413242853 3.2686827777692952779 -5.0546059848815305671 0.54928538550201089219 -0.0089366873107673792942 0.83558703968746472768 -0.72533151485478175591 -0.50163370337402057864 0.47144227769443636245 0.41494548898902072764 -0.86503396653496045232 -0.28202212308348917347
-6.3560474153313073487 -4.6027551477579713435 1.3828913040696213521 -0.92815535289175543632 -0.01030005902975841825 -0.37205046657982204783 -0.36852986966922463008 0.16533381263947158346 0.91479531347713927136 0.052090076404969820612 0.98618387696310805257 -0.15725134262716153333
-6.1168683893943711638 -1.6381564926924834236 -7.161926615134015961 -0.72394594582117532955 0.010004160675040240508 0.68978415776114299085 -0.48663149874029004716 -0.71613117545024285171 -0.50034580440134923673 0.48897039988417034806 -0.69789401510364068582 0.52330860084630648199
-6.7729857381873941335 2.5511248296167154948 5.2831101152449804204 0.70671690747023785395 0.0036837016777348024696 0.70748685008106682037 -0.66409205067284993174 0.34831848286176075868 0.66155572911884352738 -0.24399377231561841795 -0.93736901209654099887 0.24860887802401132607
3.4719966850870922492 -6.1736065050530211096 6.6688336863145361022 0.99944363469439312375 0.0060640517353911255888 -0.032797078305804014398 0.031331250992616070661 0.16645391505102430374 0.98555134157251422788 0.011435636409332297983 -0.98603058849151270504 0.16617131154078351729
5.0832515151395787356 -3.1523580993572837272 -6.7261745207434993077 0.92829696002754757966 -0.0073077675496938734878 -0.37176787184614301651 0.23975462158768512388 -0.75245772154463308468 0.61345342016758019899 -0.28422258079003320796 -0.65860001049296279518 -0.69675214441570476609
-2.9773654471445185621 6.4502886690555349958 6.4057029363120250309 -0.88865042232419544366 -0.014739327426825181086 0.458348316381820442 -0.44843390995338267002 -0.18120457278128529466 -0.87525535200144044534 0.095955486070220710748 -0.98333496583328006135 0.15441790590101153735
-1.3473067559760634193 -0.44411400927189287335 1.2679557663013143465 -0.76644675222770120016 -0.0051385512633311839978 0.64228729653510097108 -0.1174933652678447904 -0.98197401072572809699 -0.14806198491583855148 0.63147025671642054157 -0.18894612340575456244 0.75202704561224786861
2.5031278521398618864 -3.9464906509300061721 2.3732148069349423558 0.953797511497057382 -0.0039461895012399229518 0.3004242577594458119 0.2634221425399982941 0.49187355126740678335 -0.82986094279896638337 -0.14449595801101761117 0.87065770378031070997 0.47018728286332461819
5.1539866865701879917 2.0295075447145469738 -5.1830095372767663875 -0.97906557581445774474 -0.011794203992597788316 0.20320308808519640942 -0.15419925285281343985 -0.60868189171544140326 -0.77828590191352631233 0.13286530274988228584 -0.79332669906526842585 0.59412082935657972715
5.7726038554524965463 -5.0580510510192313589 -4.774668876814165408 -0.94903280978878068463 0.0070962166487553678118 -0.31509739709109729766 -0.31508322065591193306 -0.045785597843100711568 0.94795898808501422028 -0.0077000003510136021123 0.99892608472274901921 0.045687933365077822156
6.6582809689579303125 -6.8746318497099290212 4.1709670721498151025 -0.78831428617690701977 -0.0064191718687737764348 -0.6152392871411795916 0.46856875466738157066 -0.65431953201698411782 -0.59355646081097268585 -0.39875294150491119582 -0.75619094430810407381 0.51881725818214263768
0.25670070695980951037 -5.3653534816618382308 3.6843348336530943321 0.93130241788756273902 0.00073527527117338894319 -0.36424616100515838646 0.10001988944829236228 0.96104217886239506896 0.25767023918594095244 0.35024538276968514294 -0.27640077752717367998 0.89494736271516539539
-6.3049820070130770944 3.0661277769043415731 -5.1299105344175961463 0.99413961168028119886 0.01414127771682993466 -0.10717488862947524564 0.098052129445998628676 -0.53542640848504119422 0.83887087266643745043 -0.045521559719686501 -0.84446348965580264601 -0.53367518420785631239
5.5968528553656788915 -5.1100379341617019335 -6.0620914186288370473 0.8010654758462105729 -0.0069890216346841548337 0.59853592789749576752 -0.57689848326007286961 -0.2756816245793923259 0.76888736618667274936 0.15963158653499914807 -0.96122359284710734428 -0.22487098775623626246
-5.0560036337798521799 -7.0404568741605251248 -7.4772763774469614972 0.9999177228414680707 0.010304988527508747789 -0.0076390286597036172189 -0.012768274589089773086 0.74235116309488080599 -0.66988933549923579402 -0.0012323601066094366091 0.66993175612377597883 0.74242166147385846298
1.9041267138068340703 4.2276957506894152772 -6.4988456478787304249 0.99408477823128671425 -0.004887384299322062621 -0.10849685324268751319 0.10720211927623794768 -0.1159981693547410958 0.98744727977190738244 -0.017411470688417387404 -0.99323740272956873021 -0.1147880765037043449
-1.5163729856559808873 -2.3709156894437968255 -5.8237750994643091573 0.94775347128278120135 0.0062777960194012241008 -0.31894191782895098264 -0.083815121007137102782 -0.95977931735575494621 -0.26795277096296621355 -0.30779600900897446936 0.28068532425712272582 -0.90910800545637993064
-4.7012044924513025634 1.651948028370214816 2.4782246557659681763 -0.99708840691742461892 -0.002796160426958724677 0.076202954521115848219 -0.073651233729368936753 -0.22356086716981005136 -0.97190330508769995355 0.019753596154214122377 -0.97468595976187311081 0.22270400823027144965
3.5814423027972313029 0.46048779547267959522 -3.2175978795068314042 0.82832512579442940659 -0.006507878865263470175 0.56020990127839431771 0.55647209769445826755 -0.10633560270570592554 -0.82403370324564761962 0.064932969015692870718 0.99430899981345666205 -0.084458998483983943606
-0.093134003180832397595 3.4656448111653221922 0.81301800840444138352 -0.5081802539349654646 -0.0037065295338782160151 -0.86124275970806796199 -0.86019672168117489175 0.051642343616609152901 0.50734078128477178016 0.04259612094465908827 0.9986587655373159178 -0.029431963846727540735
1.1636298475501076766 5.5351472231285319126 -5.2631959285000764481 -0.96408409635551528538 -0.010781002677462280318 -0.26537826801644287533 -0.24341118241251555321 0.43564402687116648982 0.86658252816913505789 0.10626782876639777331 0.90005447159203200158 -0.42262169458813253486
-4.4071070227900959182 -0.087698862866343749167 4.3186243234570147465 -0.99423910856168384864 0.0095452691843494683055 -0.10675899420008425067 -0.10569021374335201002 0.078449612152273168197 0.99129977154845005938 0.017837424850557850875 0.99687238209780404397 -0.076988830913050962379
4.7867519754850231806 2.1163038669247691281 -0.6209851479601438129 0.97045411831232930577 0.007841225710673830826 0.24115828708551539927 -0.081980602475343930524 -0.92929800298190479158 0.36011720657558221603 0.22693167489013246763 -0.36924752786354214651 -0.90119824572529649842
-3.9984789019733395499 4.8321403529788984343 0.95318424565396508985 0.69613442690671023527 -0.0098139819218636750731 -0.71784437410488932674 -0.69835590677469250309 -0.24104785586343868697 -0.67393987762740292791 -0.16642081344619763517 0.97046360928287900283 -0.17465536324274197333
3.6095755248306700125 3.8466922621821364459 -3.6735981966716009239 -0.92008392509212677535 0.002365978473690476952 -0.39171414696567863345 0.23165177654669127927 -0.80310007802191762938 -0.54896968869322315676 -0.31588451245659787681 -0.59583946397246179139 0.73837138891152387377
-2.8699527030072773393 7.2571255675535848439 -4.8397127809935991394 0.98404233882477187834 0.0010570049165285711965 -0.17793132984627491044 -0.12085871722215169033 -0.72994050143754729554 -0.67274068914592943802 -0.13059037434540088363 0.6835098734486432237 -0.71816460997930187116
-1.7964443564900716144 5.2754605124173599151 -6.0813868875268202174 0.93473723735668001744 0.0010982835104202072138 0.35533799525546799769 -0.35398893480219828511 0.089987834968147786818 0.93091031984569927449 -0.030953693421006123199 -0.9959422590347510873 0.084503760463844793116
-3.2085069822928500294 -6.4463934217543954475 6.8770931930297019008 0.99709129081456626675 0.0080723044602385787827 0.07578783334101095448 -0.049724861734918884837 -0.68470037094876456951 0.72712642652298298263 0.05776154349796137899 -0.72877996674122802467 -0.68230738246725231022
6.1535570173169400476 5.4324163320444140979 -2.6673371034276440739 0.95141515458841663389 0.0038825827872952202099 0.30788655243518031623 0.088963041764465358718 -0.96074194406650093025 -0.26279363407699640742 0.29477920689816394795 0.27741637021326009949 -0.91440985160815380084
3.7412788595587258555 0.398049182057018891 0.44576335503770597724 0.49567665712094305386 0.0040967053933461646323 -0.86849747759573969752 0.24152736394725468627 -0.96119314092583674203 0.13331270870316777599 -0.83424767548374911819 -0.27584590416024851178 -0.47743046939621619495
-6.1468789456545067651 -2.3247349550547946606 -0.92569136235238691501 0.98693924710169966819 0.0061870326947219920349 -0.16097404497858688877 -0.024115137670634910483 0.99367668095397176931 -0.10965908016850960116 0.15927769041981829079 0.11210876127537244829 0.98084771650846691582
1.7393818201682336166 -4.1680126948530107356 0.68474442016824510482 0.99511439461457129596 0.004964030476923794212 0.098603752627798593733 0.05399110382422853821 -0.86352443117834787323 -0.50140853349948810713 0.082657742158282435097 0.50428257471347437413 -0.8595736050516891158
1.6264270209560116598 3.1870064313660786404 2.7040542718805764544 0.95852437581096072705 -0.0022402288551469028664 0.28500175850503417507 -0.18665454663481970132 -0.76062291889590305516 0.62178199995727312377 0.21538593546664286382 -0.64919007742338097344 -0.72949375746346289962
-6.5785535642111589993 5.9051283021818630203 -2.5315506039629882551 0.75619731971331483056 -0.01151390119491677369 0.65424234327792774035 -0.086535901754358726667 0.98930342823765471394 0.11743195725498473125 -0.64859629305603005989 -0.14541718246628995703 0.7471122349938914553
3.9017916396598151252 -2.720835727332977072 4.1296354767033713884 0.8734594423885519987 0.012194475376815649623 -0.48674418052254408984 -0.32340795850635811748 -0.73276973853159244054 -0.59871178597659957532 -0.36397238202516885019 0.68036740446813270822 -0.63610085683022510317
1.9195952368138220478 -2.3195552898365017214 4.7953963106427703877 0.68149605526597312188 0.00328612184793066614 -0.73181440820760823573 -0.16605357235088183399 0.97460158077359471118 -0.15025967477418561424 0.71273370747183428797 0.22392177240483979173 0.66473280502514753287
2.2626644483907529803 0.11782395151162113056 -6.1945826607794476359 0.99191081803951686169 -0.0033512669426998160926 -0.12689246654544919513 0.029708456757586404473 0.97801668914616879391 0.20639952361561719751 0.12341125010787254435 -0.20849969966775580565 0.97020489515622065912
7.357187370181767605 1.382055917249214616 -6.6219934754086580142 -0.67078787751990232024 -0.0058996155372111700604 0.74162579371866488298 0.74013008500770383069 -0.069296014354035970206 0.66888378636434397961 0.047445554468214121147 0.9975786971117317492 0.050849409338168574668
-3.0480565834657431523 4.2898937231010192406 -5.2855992068684711782 0.98556057764850335534 0.013905869873526731373 -0.16875122093856581573 0.016044868512462347188 0.98446758611418305751 0.17483173077256730643 0.16856129442912981542 -0.17501485272281180894 0.97002932499323402116
-0.7943010326061036297 -3.4535475396668506853 7.0129664911914533221 0.69292491115884113917 0.0044051380035530695797 -0.72099629836408407613 -0.28963333013676884065 -0.91405133135143878942 -0.28394136318740659242 -0.66027842730888219869 0.40557460277244450353 -0.63209306278164190118
