1125 14.717824617146108679 14.977075390850430381 15.033177056927090831
-6.6617898776850852371 2.8930982976198840184 2.1411347207280297944 0.86055755412011114558 0.014243131565764901095 -0.50915403293105965243 -0.50232815321653712104 -0.14171462761949749076 -0.85298498861630356327 -0.084303751594294568106 0.98980508056979732423 -0.11479886735190283908
3.3683254124395651807 6.2778333017556828821 7.25555907294955027 -0.99828949610695660866 0.0063447306197365205965 0.058119070500686244307 0.033696500119597835865 0.87481105960243565889 0.48329096399262261308 -0.04777685467032388722 0.48442270218339766874 -0.87352848709547636918
-0.83765954592471414397 3.7698479391676644745 -4.809524725027817027 0.99770132598521510392 -0.001311397282108868554 0.067752080148403170945 -0.055990391500511660361 0.54725058848670071754 0.83509392852576869171 -0.038172505640575601915 -0.83696778530489823744 0.54591921213217264874
3.865838215034546721 2.5701752428707331788 -7.3339165632314129439 -0.41457622156496892751 -0.0060124433597436108961 0.9099947291263688065 0.87878063571634590367 0.25709320570637550496 0.40205432203813579184 -0.23637079092569321381 0.96636790825466034605 -0.10130111101384964289
-3.0664372296117430317 -0.65794300209579892336 -5.719161747317544453 -0.99275478138262762684 -0.010519242932306266738 0.11969665647002986075 -0.11238091852703221973 0.43384534320790557604 -0.89395119963446256772 -0.042526147168478689586 -0.90092594795849056943 -0.43188420103318297949
0.60864500549124378459 -4.6532410530545673666 -0.61875601543160996254 -0.99751200362965475321 -0.0078771876816663560783 -0.07005535332153522976 -0.065927314581883958433 0.45618690842634351812 0.88743850140297819706 0.024967815418936868677 0.88984911894921081554 -0.45557123888427975
-3.2694077002632058182 3.3180236984204571904 -3.4400971496091914403 0.96291137653505209926 -0.013854623510856502872 0.26946192745301622562 -0.091729892444399330209 -0.95600512674940352209 0.27863923711677796025 0.25374654238329291678 -0.29302260499186899567 -0.92181909569743258892
-6.4350284823129237921 -3.3382516461948585906 4.3489580115196577736 -0.92271516580796275608 0.00022237566163030026822 -0.38548239043724480402 -0.37234345432535242981 0.25834361548066314684 0.89141400502880563383 0.099785143228826311823 0.96605306629050702316 -0.23829477187159375795
-1.7569401150270691492 4.8517987633458128371 2.334579900656840401 0.2940802309213329524 0.0050326597019179257833 -0.95576748747677298113 0.26202645636543603347 -0.96209837426397293303 0.07555696131566673468 -0.91916209340125087923 -0.272656176484236068 -0.28425280206034159169
-2.038018239838955914 -7.0042579650512557521 -2.4678257343595597639 -0.96577514537551079066 -0.0042648057512668490626 0.2593456766688108095 -0.073668751520285763457 -0.95417931812368339539 -0.29002541942830573074 0.24869918299891868863 -0.29920501382333020146 0.92120848676006628075
1.2053393416484670109 6.891523584720360418 7.2019289032503470693 -0.48426283702314232293 -0.0035663685809297993728 0.87491530201124390054 0.028934153602605868633 -0.99950999698898890244 0.011940714989057089543 0.87444400588807669195 0.031097378254315910517 0.48412873663118566325
5.372133892222842988 -0.66920188676190062171 2.509073516159460393 0.98139744716483612308 0.0081032505641302158411 -0.19181602651658224978 0.065604987472803841242 -0.95312051206791736924 0.29539342425644576906 -0.18043014248460795268 -0.30248244049125005972 -0.93592165103563307316
-3.4110193590405333275 7.1361688493055712712 -0.67615264493724713812 -0.97395576601352562562 -0.0012004070689791484713 -0.22673492203864556438 -0.18768702891951252743 -0.55679122444282902471 0.80917063191823423995 -0.12721534901238862325 0.83065160651526093183 0.54206472267555450006
0.50961448385692009744 -6.5025716094803698297 6.1951558444680401294 0.96387048167544642219 -0.00068387385732091585458 -0.2663704692179799105 0.25302632335466213043 0.31490152298226581351 0.91477577061987180862 0.083254875199353317594 -0.9491241031288729646 0.30369732072496552489
1.6250010165553319119 -2.9698714090457682957 -5.3898296482612639835 0.76749487540280503239 -0.0019973995328436211852 -0.64105196874010694774 -0.47486406348245085995 0.67000180314470125786 -0.57061519870729016102 0.43064572149661661804 0.74235678361413215409 0.51327445716568520506
5.5391130725586394945 5.5124970537553164007 5.4674043837807344559 0.99522556486580759927 0.013501034848385499304 -0.096663318252531410524 -0.024001937082785990835 0.99382732973273824051 -0.10831041359199836127 0.094604344793620204213 0.11011339943082162907 0.98940641660127470747
-4.3180712426806637794 -1.4321393754654283548 -7.3465422826036377302 -0.99995516177790200185 -0.0025053408481285240061 -0.0091322341704150218622 -0.0072163297291031776315 -0.4228464284471897261 0.90617262292276257174 -0.0061318038903871163736 0.90619789296639485787 0.42280938939950851729
1.8613952333824439478 0.86128744897777986811 4.5339641570561965978 -0.83039481035641371509 -0.016865630245234387863 -0.55692011047329248452 0.049091067665141693843 0.99343990530225645408 -0.10328224256225070066 0.55500858192343671682 -0.11310484105304774438 -0.82411938996836764382
7.2132090873657945806 -5.2619688951704111091 4.8602549537054215989 0.72019613623641287603 0.0089683330387341914092 0.69371254446818142458 -0.4760594783938940644 0.73374849281422971359 0.48474789563672798787 -0.50466315338199729812 -0.6793619935611669991 0.53271228944262027927
-6.5360541457063501269 1.9312597723568325492 -5.7853823593012370097 0.99891829472726401118 -0.00069292186621909969239 -0.046494734307570215193 -0.040649673650769727051 0.47252018441960685902 -0.88038189403689548485 0.022579736294502841809 0.88131957607638511387 0.47198088979711305679
5.56248975585622496 -6.5499389313775191468 7.3131642964616361269 -0.9678110320262645061 -0.012149233874661252014 -0.25138457073687375809 -0.16697796463041528203 -0.71634438189912408301 0.6774725720273696572 -0.18830869766470187399 0.69764111306442611049 0.69125734118777815151
-2.8913329221888424136 -5.970644665862828937 2.9718139830332073181 -0.981279076427088226 0.020473183452412356542 -0.19149992930913356526 -0.19186694908083273825 -0.19007391675187060298 0.9628390208238618575 -0.01668676171301494357 0.9815562922878211527 0.19044368473022776911
5.4794669622782796736 0.068604236948095032034 -6.9994879477940941115 -0.99974356822703103198 0.0064115529789728811089 -0.021718420227088214985 0.022150661444352293117 0.47619076024117040769 -0.87906297161153224007 0.0047059522248609937656 -0.87931862930872251027 -0.47621066993960298186
3.8824695995114519853 5.9206380941630900594 1.9300176992856437064 -0.84193753509919944111 -0.0073496031468171527448 -0.53952494875102374738 0.072897051312168573145 -0.99228928135671579103 -0.10023972273790823784 -0.53462810148847461633 -0.1237253629542996447 0.83598135604851031566
6.0187088980154834772 -3.0627458473188498012 -3.1793220587747503814 0.9918082842661415377 0.0067972520961220583846 -0.12755439868907175738 0.11897376983569052378 0.31430331898843488769 0.94183791905182645543 0.046492680629062602127 -0.94929827822287149441 0.31091994083862511955
0.57009203790587703597 5.6605293112726302596 1.5638563907470814929 -0.92398108294743863667 0.0085979785695015041591 0.38234151372783270473 -0.36847886220800774026 0.24762895802586304406 -0.89604867460023773784 -0.10238303795590750211 -0.9688167906840904342 -0.22563629944531379823
6.5419611252071891982 7.323690179464724892 2.483045279538933503 0.46241402807285653109 0.0065383303793456358163 0.88664001538248671253 -0.59044642898994115221 0.74827452705928376719 0.3024206452067701445 -0.66147281209017660952 -0.66335697960456674327 0.3498731719858044209
3.7318603179090992228 -4.4441242853817222169 -3.1297415165932642722 -0.94393846208617226967 -0.0084201364138070701471 0.33001406196869281784 -0.32805272207466951162 0.13566529442083749557 -0.93486701697571050751 -0.03689974706829525497 -0.99071894561102646914 -0.13082193804487754485
-5.81793597823645392 4.5863851356821481176 0.88483035235061735513 0.86323442742540268391 -0.002235647756281804871 -0.5047983014896453291 0.14022271391970358989 -0.95957421875869997052 0.24403874527335006617 -0.48493702045594772043 -0.28144683436253364883 -0.82802401270657843835
0.99643081294434521222 -6.4784998411202350255 -3.5906715746686139745 0.94066081613481711265 0.011196524697995211342 -0.33916348096918436106 -0.23935265610654649082 -0.68660179704515422738 -0.68650439059699608357 -0.24055671889013263698 0.72694746036352797525 -0.64317948884263909104
-1.7943243793429304311 -6.8412746207574057777 7.0058733894877178727 -0.99846405107536384538 -0.0011957921448439250405 0.055390511743713011228 0.049755674881989911396 -0.45912092575480911716 0.88697933930340455699 0.024370300103167208405 0.88837297663488024035 0.4584752369077679246
-1.6746222733934001958 -6.2558931318538153477 -3.4558644856702716019 0.91021254932042738872 -0.0070458166316897524739 0.41408147933445177413 0.27342209803909728327 -0.74074479481974631057 -0.61362651935147538573 0.31105220038395914317 0.67174958534823303591 -0.67230872612278480549
0.17901146702090015017 7.4455857522956767625 6.279470392250709132 -0.94829778867370206896 -0.0060810627735558859391 0.31732369068846444371 -0.31360920409007336795 0.17165515884659307555 -0.93390779713592841915 -0.048791096591755511724 -0.98513832892493014004 -0.16468728480513020185
1.0958094558540585339 -0.98781602787356359574 -3.5476393725733856854 0.93432098505205962713 -0.0054243520074581646345 -0.35639146075179523043 0.31216239400060913356 -0.4701725274905257379 0.82552555027994456438 -0.1720434150535427309 -0.88255785691279164951 -0.43759878032080862242
-0.55972086082319449929 6.6580022997812040586 -5.8030671540593221636 0.8003263715743541562 -0.0030620021833270309394 -0.5995567722120123122 -0.52612088798147982338 -0.48314797809196041722 -0.69983201019620044914 -0.28753175510235856605 0.87553335482341854146 -0.38828705154752118922
-7.1156215726242004749 7.1244237964696806031 -2.5514802760418824334 -0.74817984878325227704 -0.010358182586572509815 -0.66341512036428840204 0.22602977960515746592 0.93609116841514738994 -0.26952525511857866602 0.62380882697034256701 -0.35160493806056836164 -0.69802329110505578758
-2.3569955264278434903 7.1025242814489972787 5.9926372961389997585 0.96864923726477636379 0.0014809705580816753465 0.24842798125928955422 -0.018299629823548643759 -0.99684031992786159559 0.07729489060924733812 0.2477574997748448471 -0.079417776927929714659 -0.96556151435996084853
5.503580509078583205 6.3059540512983733862 -7.2241807478263924125 0.95463878118149592122 0.00099645155082945819497 -0.29776467982040732974 0.054080378659997804802 -0.98394345718709796955 0.17008993416054593584 -0.2928141221120280635 -0.17847767407447609478 -0.93936447119781740778
-4.4695805508406962758 5.0704662932559347865 -4.0323041059175075418 -0.73044434853958972731 -0.0092561446649351893784 -0.68290949434936143447 -0.62740503968932470613 -0.38596715528036601439 0.67630782282727097687 -0.26984063789401946387 0.92246608546365538306 0.27612017548548306589
-1.3317684689989111035 3.8833440057602923723 2.406850770966642461 -0.57003740437559569099 -0.0053326799174047822411 0.82160143630458637443 0.81629920876470118962 -0.11728239509946823682 0.56559742005221669281 0.09334323426368468235 0.99308428762351774743 0.071208414478696094307
4.4799227095408618027 -2.6012014292385363667 3.4066758035150641604 0.99096893488743065248 -0.0048306719486470757474 -0.13400460699796970521 -0.050456909422267173793 0.91246848604690700135 -0.40602384445089823028 0.12423634886664508548 0.40911847499183240373 0.90398418295925242472
1.5978286512281500986 -7.2460924769303307613 -1.4899002121016293732 0.81569217602580712523 -0.0027622519804855159842 0.57847959681757277206 0.541987444255935924 -0.34592703770300314847 -0.76588778215542208105 0.20222730834181620874 0.93825734985138786737 -0.28067287223888415237
4.781036170898412152 -6.409435269976972549 -3.3879723217274637648 -0.63376246543721703741 -0.0080506891709941214019 0.77348582650677777384 -0.76458900373310201282 0.15809667361250231976 -0.62482725385740356394 -0.1172552462507308324 -0.98739081836759756694 -0.10635120605874509581
6.4824293292341259587 3.2408130988741228329 -4.9257644953721504422 -0.97995555329994810112 -0.0081728503826086484896 0.19904853195472649308 0.16004691015062724735 -0.62725973616537600286 0.76218777865892184398 0.11862588295960131701 0.77876724886342663101 0.61599470126752708943
-6.8849975760301180827 -3.5440764379139380047 -1.3660955304426640744 0.8975485989002761622 0.0079350618290218999373 0.44084413051100490577 -0.41377836010013940848 -0.33019312880992640613 0.84838668447795473337 0.15229570356719313029 -0.94388004136143766054 -0.29308102325900442509
1.4392138055447760703 -0.446960736278248838 3.6222022722119140425 -0.98798160699097159476 -0.005079562476454456757 -0.15448800048134925245 -0.14886786426916975845 0.3002661525911848317 0.94216696853374837239 0.041601721546033795796 0.95384193431258668117 -0.29741361957928508231
4.7993139509816922228 -4.2430431721317578564 2.0147063452290292496 -0.98233292828034335376 0.0037532588619618332745 -0.18710406479841332206 0.18516281723872968223 -0.12551825665652799335 -0.97465886255556655193 -0.027143123040105680832 -0.99208421028346338577 0.12260575262933454121
-7.3087646519671478629 1.7543770950023731547 -2.2384630125626152619 -0.99648486026244642577 0.00087153456133312514481 0.083768512552530302595 -0.034096920798972717159 0.90915235024847707024 -0.41506554184813598818 -0.076520084028831730771 -0.41646277680624527173 -0.90592683604970980493
-2.8186638639369547832 1.0724417649341326797 1.6231432809086971947 0.66411876830833005414 -9.2425262932589041798e-05 -0.74762708153069112882 -0.2166069244262316118 -0.95713344301910985301 -0.19229407828903175015 -0.71556110980907372543 0.28964730917437170321 -0.63567030323649664769
3.8386100656655877117 1.0600334803954418739 3.0698092604011115725 -0.97702348065295485657 0.0079457953548338101923 -0.21298352656717942089 -0.2120412530491380676 -0.13719451985119965332 0.96758264284154460455 -0.021531958994703854354 0.99051225538047260599 0.13572710371496096715
-2.3212848478143612851 -1.8114717123838630641 -4.0516873049406552099 -0.9958044177949166853 0.010220750503129450229 -0.090934579556133807166 -0.084202793270232015321 0.28670624174019337937 0.95431096637978629627 0.03582528583858363147 0.95796402187472728951 -0.28464272639262522269
7.1275815485568783103 -7.2938047111200496886 -5.6782186608212672496 -0.98798863356434352134 -0.0078718687316477794352 -0.15432593311072384523 0.022081228704289933285 0.98126070359825767753 -0.1914153883909381626 0.15294077051828547376 -0.19252393424350155993 -0.96930060118453831297
-2.1991994958938132498 -1.137138118836744205 -4.9345670429512322741 -0.99195307771032958932 0.002590950937365682754 0.12657953465804391846 -0.06850921268536475095 -0.85175328018914786554 -0.51944473956751724408 0.10646867801491272099 -0.52393667237594809816 0.84507679174228822472
-1.3310133136746220561 -3.4721801574832618087 3.865319642629267971 -0.273429118467658272 -0.0029162804917075117739 0.96188773382444814342 0.018624526815513246097 -0.99982398749921075343 0.0022629675819614120634 0.96171183011069938384 0.018533465123100122812 0.27343530586905046009
-4.5120577016791347802 -1.6030091150322622884 -2.6838155647069319443 -0.99687610217330746565 0.0032530505161792030652 -0.078914222913523304759 0.078446524237227588383 0.15684863139842508684 -0.9845022344634978273 0.0091749523598903849619 -0.98761729657331231991 -0.15661384280578863337
1.339229297108657013 -3.9735583187058525212 5.8321731849768525535 -0.96153808101524551599 0.0091942899166850937387 0.27451772946450164747 0.23631325496192373548 -0.48172976440127063258 0.84385572203970671268 0.14000201529520828192 0.87627158981837627305 0.46102878065313129818
-4.4583869646598115466 5.7577228054965923221 4.792578162128786623 0.94553991753378507923 -0.0013694532914826460391 -0.32550328561757030377 0.13242594615454850171 0.91511381393792434746 0.38082814539492626515 0.29735102679366642864 -0.40319329376559953637 0.86545799131281664351
-5.106065670623663344 -7.1974280279808677818 -4.4485407656630489015 -0.63163507655754980163 0.011640134786626503416 0.77517845514718797251 -0.65215134076587555345 -0.54864532904016527493 -0.52315096450239328973 0.41920849084846678601 -0.83597416837156057756 0.35413476391897780182
5.9240367062764738293 2.0091813050684690367 3.6320550789288592597 0.98202926356275399566 -0.00025179979983041330532 -0.18872854077541437179 -0.11490441334463946665 -0.79409481311985619101 -0.59683364815506168011 -0.14971807272428869218 0.6077938502264970122 -0.77985327743546251078
-6.8731620624473270809 -0.46049614420040746454 1.3317852327524584144 0.96923184461567291059 0.0019611598699237958385 -0.24614179904028399282 0.03182048245153819982 -0.99257584931640929771 0.1173909717577361761 -0.24408418277175683575 -0.12161141889495059865 -0.96209852640720294747
-2.0322245342661227063 3.2437024013982433956 -5.6987101677543892109 0.98000376315422654816 -0.0035544519344519326376 -0.19894720424006950843 0.19649930139769397619 0.17464300175613145516 0.96482529324624688449 0.031315311809468754367 -0.98462540481597193853 0.17184924625156941524
-5.9092443084661008257 2.1180987793624890259 -4.5433450119744671625 -0.91423999884858231368 -0.0077922722884344155017 0.40509814242705882714 0.40497207355455966393 -0.049063360295248312215 0.91301172299014077272 0.012761040168792182892 0.99876527130710268665 0.04801133912621861205
-2.0157417768134506808 -2.1299583464658105036 1.7362677367645127369 0.74644550230896133947 -0.00070607067718619995894 -0.66544617629601132691 0.11937064983728645773 -0.98363645237245600494 0.13494434972129801253 -0.65465239634496208421 -0.18016334540761508309 -0.73414672166493288863
-4.5508813671078689467 0.098641607354596538837 -6.0034390549302338869 -0.99471879134160245961 -0.0038374822698332687089 0.1025660756869772039 0.060518761619076474889 0.7851766888215255813 0.61630759108044352867 -0.082897561146804188414 0.61925991397887936163 -0.78079776721931970496
1.2133606079770034025 6.4978289892746508016 5.5562703683726999415 -0.98489224802268471315 -0.009879493279034964881 0.17288624987950310108 0.08059256224076499775 0.85750815147344239264 0.50811869584580771075 -0.15327132378982599725 0.51437551046786122999 -0.84375691732548840918
-6.75965409334835865 0.99308109855298909441 -1.070930918859825276 0.91753897740310408349 -0.00062399889018982849197 0.39764536407650319383 -0.28325004306561052392 -0.70288227767799915657 0.65247675577738817321 0.27909073443870097142 -0.7113059217746721119 -0.64509863400793066024
-3.6831412918186012817 -4.4013720914545677587 4.2986032441691373052 0.77108061418757889438 -0.0010710217249351484947 -0.63673663263286206515 -0.62722495613553685967 0.17093109854644805701 -0.75984959955925024389 0.10965190752949746655 0.98528240239135644885 0.13112988489650748147
2.2515056606112890947 2.6722188122547478883 -2.3727088784932797161 -0.9931577621230149866 0.003847409644655707707 -0.11671699522323546183 -0.005838485860369739891 0.99657140557385470725 0.082530877103360766878 0.11663435007649979036 0.082647631736293608595 -0.989730163908591698
7.0886666149696280215 6.5687195611214441726 -3.9803294889959550673 0.99998563720794197973 -0.00076552650686915199932 0.0053046533352646982676 0.0048278497693052526904 0.55847345721238250693 -0.82950834200496914583 -0.0023274974639415661401 0.82952203801848956033 0.55846913182108304241
6.0703563501901678379 -5.583948594724519765 -7.1547709379945780839 0.97233257675000317466 -0.0031827983213544124019 -0.23357917284170945371 0.060333615896094872078 -0.96255971715994648186 0.26427002420607531574 -0.2256750207344061232 -0.27105102968965577581 -0.93573614033049212768
-2.4928734940074650517 0.30081784519586945992 7.4850622429848749917 -0.95481232581841912754 0.0048730094276828016947 0.29716944029332187371 0.29720935368640938323 0.015149838575306521712 0.95469214015436465459 0.00015015474953450911114 0.99987336006623239726 -0.015913556588380110834
-6.645190499203305734 -5.3700031980084528271 -2.9891931034574032999 0.89869949293258544198 0.015929107753928330865 0.4382755810319108325 -0.29071092066572667978 0.76987886933982885296 0.56813175157682194172 -0.32836927689477724002 -0.63799121472812059253 0.69652051507579704204
2.1951046203652473388 -7.1503387656922088311 -5.2551208136078022548 0.62596111715753355309 -0.0023369916573685997271 0.77985076667063912836 0.68707469687396405256 -0.47140635846284939525 -0.55290542239727524798 0.36891874542016078742 0.88191302500348500715 -0.29347636294403345314
-6.5124216214618799725 -5.7899185073082284347 -1.0193588216034881189 0.97866071367302309714 -0.003148138053216765174 0.2054587470510323699 -0.037001108656494245686 -0.98623842918565240989 0.16113559121328896451 0.20212403486759300542 -0.16529927411902392564 -0.96530928955670836089
0.50832592458091063747 -5.6560467606013533626 5.5605956026068295017 0.94822186914926043233 -0.0013069963692157893914 -0.31760601163650686862 0.26810268127334296873 -0.53284192424699683421 0.8026209790797517174 -0.17028282109827228008 -0.84621378830969939955 -0.50490195613950383802
-5.3635046353892006366 0.96759882432988886247 -5.4494581180809031906 -0.99779519407912053985 0.0078031570228476532583 -0.065907976854915048537 0.037364059982942163241 0.88678357974457588941 -0.46067212821769354392 0.05485141469665156394 -0.46211902518242253812 -0.88511995168455703809
1.499307075567039238 -0.87022470758074144115 -7.1839274113224025342 0.019040946838779673755 0.00074774062974214405841 -0.99981842512902341369 -0.20331800471767991212 -0.97910192994234224173 -0.0046043176412348786955 -0.97892759247100413766 0.20336875784462832284 -0.018490998664948299357
0.031987626522232297244 -5.0867563123524455193 6.6058083071724178481 0.97696686283475875356 0.01298625063379849412 -0.21299555445451529012 0.20406014207114706038 -0.34878818947507594928 0.91471649012167410842 -0.062411596204796013221 -0.93711160283998673481 -0.34340447941453522418
-6.9886872263274835149 -3.0351566929517010962 5.2080162148588255988 0.96868806514008998221 -0.019315266667459477651 0.24752848912564071049 0.072077255273869184071 -0.93215650527024673799 -0.35480856663075566182 0.23758851345857504023 0.36153999800290970157 -0.90157669009160334994
-5.4634474031026254437 2.015284158641251544 -0.93341545300754658054 -0.99051895099793185739 0.0030456992187072877594 -0.13734238759453046286 0.1050983778003329594 0.66062392934387437204 -0.74332385604256090428 0.088467726870592205968 -0.75071082827845692087 -0.65468061954498557586
-5.0788718558097754041 -6.197903054649866128 1.4424526692051129473 -0.75024466380894494488 0.00060059937050975032227 -0.66116002881790758572 0.57101703327950337208 0.50466494010345308574 -0.64749737137309781865 0.3332753998284784247 -0.86331508588163252682 -0.37896513079478177932
-1.8807160632651618304 0.065843764396500081837 -2.9249906776650163032 0.47786833774814296838 -0.0012593524073046392757 -0.87843056971473199024 -0.18536332616707493215 -0.97762611134004517854 -0.099436531206470391009 -0.85865143631743057195 0.21034638208828687622 -0.46741000251630743234
3.0416659026233285879 6.3915399096709881732 4.4363273523708430801 -0.9927819209038954984 -0.0080006366848692552635 0.11966640021007696193 -0.11835916389141570848 -0.095781648228418267421 -0.98834052036007369324 0.019369198474018141376 -0.99537021538487402417 0.094143340046910481411
2.8123460339773629357 0.79437057806977884322 1.9205601677219290568 -0.99992000782953116556 -0.0075217352755332939768 0.010168649890847054201 0.0088084984299557442938 -0.9910659699839284853 0.13308137922027593603 0.0090767999629345046814 0.13316030428850325618 0.99105294765933837908
1.2870511402868889395 3.8873477206314834831 -0.63880001926404494927 -0.99498929868463636961 -0.0041196693006941252635 0.099896565645536616884 -0.046618859152315561545 -0.86477228034696673742 -0.49999558509520930505 0.088447597334552957582 -0.50214732048297272549 0.86024711046158952588
3.0129399977159505575 4.026986021226043988 2.2762171362496679272 0.79144729998185381348 0.016434369439719567069 -0.61101643419182805061 0.56032142851759614288 -0.41893843890748749814 0.71451415741733015352 -0.24423568145430216147 -0.90786590194092597894 -0.34077622569319176993
-2.0495176392735108273 -4.2677050249175030316 3.8693309602703136463 0.66597466260991833309 -0.0016872120735381803194 -0.74597245396674616291 0.36324858475925692058 0.87416379835602731063 0.32231679961527170963 0.65155829703261380903 -0.48562826005004849916 0.58278381807378765167
-0.27901934520058407907 5.0627452892414694929 5.7446137444108256176 -0.85604764180086900804 0.0066215448305234556048 0.51685451542107152534 0.23724991493640626428 -0.88333580888472007508 0.40426516867607398265 0.45923296139300689989 0.46869393412556825673 0.75460657516631401975
6.2463694092659869384 -3.8713544247563040912 4.8524010307875329318 0.90801970736059445244 -0.0019190266016690686254 -0.41892305783008976228 0.4185302086800501975 -0.039382332508562031825 0.90734860792771265814 -0.018239393274498701125 -0.99922237225911780811 -0.034956763435533833029
2.2680824429958192923 -5.9359983999910772567 -3.11998348557614813 0.87160180892310146206 -0.0033961181607221964558 -0.4902027672948117698 -0.030868576318483265802 0.9976112712874226629 -0.061797106697276199538 0.48924167614593822018 0.068994331517302165402 0.86941495532367696342
1.7974021678933300716 -3.6543754521873781371 -6.6804323599719790394 0.89172755977638284985 0.0080842549790885939731 -0.45250039111227785549 0.45215358877773137447 0.027100362811409848401 0.89152829595647931082 0.019470266837046022734 -0.99960002758950694535 0.020510815497433321913
-3.3654952192439826497 6.1866455511999562944 -4.5661705561278953525 0.97874614682428551227 0.00086048182172322068041 0.2050737419747899748 -0.11466914705235849159 -0.82675910326347357149 0.55074528766519270651 0.1700204893264120054 -0.56255545925902172844 -0.80908861595446524007
3.826528319658895505 -4.0358946313239822956 5.940881215250191083 0.99925843912173661909 -0.01322132872282790611 -0.036163079385023513823 -0.016497971330392876416 -0.99563478940359639857 -0.091865026377682762471 -0.034790642215826776684 0.092393520314961508078 -0.99511459069700680669
3.6556486792514477635 6.763852496027964456 -2.8086055107688085997 -0.94186471211634037459 -0.01103702634946122918 -0.33581103037149179213 -0.33596103074491884266 0.017288716140781180963 0.94171720071100917249 -0.0045880159769106235515 0.99978962004180582657 -0.019991642399516444673
-1.6914677453184312483 2.2838318505247947598 3.1368080637357387275 -0.78454082948064596259 -0.0014041150811053763718 0.62007557228027831986 -0.022708092081146897395 -0.99926159056390773117 -0.030993808699554214331 0.61966122150081748288 -0.038396641578502671566 0.78392963235465173977
0.67600145873169636968 6.5332842232193977239 -2.4571335469481931923 -0.95098819119114996745 -0.014767255831601868929 0.30887438930779992363 0.027995646757788653775 0.99064549915528532509 0.13355799776184409944 -0.30795730869334259072 0.13565921700619024137 -0.94167875247537680128
6.3185850809510606396 5.8341021156169317052 -1.7210344754132205214 -0.99150098326003921478 0.0049482765796806070513 0.13000505664505188075 -0.090895435084185294272 -0.7412811986044276491 -0.66501143183879940501 0.093079643721105220777 -0.67117635473428494119 0.7354308130411422173
3.730660436242998923 -5.8375490961505827059 0.30910286496355382502 -0.94979880900701907365 -0.0001783588556977951621 0.31286129609940177554 -0.2283195867953571323 -0.68328804208462678993 -0.69353270855074222734 0.21389808015606903702 -0.73014890243853114438 0.64894544576055834817
-4.7292219039498410993 -3.5320819756489174601 -4.6768157720381084985 0.91532234039745541399 0.00818401040369849328 -0.40263883958583307487 -0.38676915320779742258 0.29647477754651097026 -0.87321951902459415962 0.11222582276937931312 0.95500561686955121043 0.27453531002636943903
7.0364738472817256465 -4.2969231757073345079 7.4647287410118190465 0.58667367384305524336 0.0032724040877417422818 -0.80981682607295479848 0.76075245934306623408 -0.3450326524202858014 0.54973463086035556646 -0.27761429362137007848 -0.93858497757805958717 -0.20491106324900426605
-6.7853863583759963518 3.0201779728213495879 -5.8334573004422312081 0.99949689661675455987 0.015459619301098402253 0.027693931183718070027 -0.030812941611168168099 0.26633549028067032838 0.96338775643362706269 0.007517731214252598021 -0.96375640427863007442 0.26667785234129448568
-5.8247309726387186402 -5.4355737489478768154 4.0545439201177408961 0.99873836282214478732 -0.017844972823292115649 0.046938678849705463281 -0.041972817063143118277 0.21649103698747340641 0.97538193213320723007 -0.027567467330237564738 -0.97612150260557162262 0.21546890006672153595
6.6037095549446753751 -2.3631094139051387337 -1.1510830482629479388 -0.75396837433313801391 0.0067249072461394747077 0.65687629438727901388 -0.62083376199779127802 -0.33411401870939178016 -0.70917787787376762587 0.21470242306296924428 -0.94250867270516192065 0.2560864529929368083
2.9673812494836977471 1.9115208732975075279 6.5452407205900522413 -0.71602700187140022603 -0.0037315696164275471459 -0.69806261035757555256 0.0026383373583554270772 0.99996410440247851525 -0.0080516509189089008336 0.6980675982790082168 -0.0076069241309913264437 -0.71599145451480616931
3.5872014904740989749 -5.6178528575672581624 4.8799838822740673194 0.70005375592093577186 -0.012014154864714892551 0.71398907477904349772 -0.70235824999740592567 0.1689125043556276573 0.69149219412285467534 -0.12890937701149413064 -0.98555782476492415078 0.10980959231015682831
3.9839448267858479369 -2.4176308366001855177 -7.0055573362224530243 0.84925193153745892616 0.0058797677230914289007 -0.52795509762797598885 -0.38966815790801767605 0.68171147663409792372 -0.61921578576291980145 0.35627220420978411575 0.73159749244846972172 0.58123594654043908569
-2.6095598651904818865 7.0492614871005772059 7.3204844332905443238 -0.99501989645592558986 0.0069268762244868234412 -0.099435527064635320649 0.070311475591661967699 -0.65832272535179103823 -0.74944478494786681555 -0.070651978436381115967 -0.75270393095249832349 0.65455717112551325965
3.763339718265739986 -2.8622214111422228378 -3.7999486046518011761 -0.97492184628790279355 -0.004499793915566408474 -0.22250201231707850136 0.21952074304257426784 -0.18377645687678181852 -0.95814239926629796162 -0.0365791881331450075 -0.98295776397173617589 0.18015548074652179555
-1.9234073120536041568 -4.3079986514815598042 1.8800313221386824036 0.90995082787816961023 -0.0064948134677198666315 0.41466529664508494646 0.40805833638718780332 -0.16442227826881106179 -0.89802767691969165309 0.074012735043883740027 0.98636865917710259133 -0.14696592545361664151
5.3078362076122527213 -1.2893323502647879852 -5.0439761334044517227 -0.99563459687875621729 -0.0034585568216890689996 -0.093272653456731663413 -0.081234380720759349903 -0.46001014038583920573 0.88418982471590812366 -0.045964387160685862832 0.88790692593703479663 0.4577210569615067226
-6.3855995151476623306 -1.9736100086347003746 -6.5072061784431056708 -0.97602983862119296887 -0.0045029122676387145496 0.21759016039824624622 -0.19047800960431982009 -0.46596427679524154986 -0.86405753315839495254 0.10528001699376567102 -0.88479207531026382583 0.45393733211757991697
-6.5821750261319440511 7.071709445197698507 6.0188653929422866184 0.5233265159354935081 -0.0022039109114535822102 0.85212939187400760233 -0.7622486457493827805 -0.44823878409559264613 0.46696787307656778543 0.38092828691495200788 -0.89391114503020141502 -0.23625516929554674084
1.3568505082406514539 -5.8407919882141463574 6.7163371203419997002 -0.78809304372904354086 -0.0018377165988680867204 0.61555339104217177137 -0.48815129280837421533 0.61105245383554807059 -0.6231558504828367262 -0.37499022621306965508 -0.79158797455438567603 -0.48246327195495919415
-7.0857452788911290398 5.2929181141532604116 6.1809147508420938522 0.93521831478731320964 -0.0063685490437856021387 -0.35401432918664099692 0.33711785525326054547 0.32169813636117755573 0.88479481278509075626 0.10825089078562355471 -0.94682086512975338621 0.30300494055267990223
6.4775366807613021791 -5.4188026421124595444 -1.6437851120712911879 0.84219325430027358603 0.0017311730126220656323 -0.53917300141176494055 0.42079531605825004625 0.6231148261891410467 0.65928689913169424841 0.33710803074790096634 -0.78212845263632757575 0.52405463377593630714
-5.0367289151071155118 -6.1598006556478956952 -7.1982614352918936618 0.84205514650029422707 -0.0081683668268092233383 -0.53932959128500290724 0.45591960662663699733 0.54509119690172147532 0.70357153108520642526 0.28823678208325681505 -0.83833696378229938251 0.46272096625361941458
-3.5567134383691971777 4.558080175683791424 7.4793202136733221153 0.96408788207212814392 -0.013189525304777363623 0.26525571070940767715 -0.13137496148139435337 -0.89169512077304158293 0.43315174140849005413 0.23081415714270037132 -0.4524443037674785173 -0.86140523381901334954
-0.67902842705870469775 -4.3873462055506369239 -6.4074508367193274694 0.63102280794692822141 0.0032927510109603645716 -0.77575729042104801803 0.73523359695305823269 0.31646118155554014972 0.59940293499448216163 0.24747075334714774275 -0.94859974613075304095 0.19727328222173726169
-6.716416481159924956 -0.33170582711985319158 2.7086353663610203135 -0.99212899208224847314 0.0032682665816547791689 -0.12517740013044159619 0.0037584862895840890316 -0.99843170036132811163 -0.055857080969155703531 -0.12516364029005747072 -0.055887906984716968772 0.99056075280720834453
5.4762776092350931023 0.60918271215276886821 -1.2089930178995991206 0.99892263972943151629 -0.0052117261660356243441 -0.046112880482400697701 -0.032502347914616126767 -0.78782326724041540356 -0.61504316675715531293 -0.033123363598163542421 0.6158793205694169659 -0.78714389108917637294
-0.47363726981609355349 2.73832218562748686 -3.1681645514051708368 -0.90192738846716846712 -0.0066944191549316682532 -0.43183581450034824734 0.063996904302245166685 -0.99091325075189984339 -0.11830184159160858637 -0.42711986862314316182 -0.13433582633235968684 0.89416022255012150843
-1.1122019333330059876 4.8457040598050848956 -5.1333112500343425211 -0.99990027775638401497 -0.0072298253563903144489 0.012131123928533623854 0.011633018905540628771 0.065355227118991526813 0.99779425091514761803 -0.0080067105352384770195 0.99783587022796982335 -0.065264605054073110413
2.2117451722110215151 -2.0208294333833167755 5.9646410491640411422 -0.94404455014678567704 0.011899298845742633038 0.3296032372794881482 -0.00061433987122514084611 -0.9994106711468214721 0.034321028311491981466 0.32981738875422023094 0.032198091322646144041 0.94349550766844147986
7.2954458161393409554 1.3407981165771378773 -7.3500445891452308445 0.98806419315715099394 0.012791388811190114103 0.15351068553358174218 0.14336033078601856383 0.28828150096695387417 -0.94675318418124643216 -0.056364578927216406334 0.95746026370425851848 0.28300685092391014708
-4.7691553861770392686 5.2713474630704464374 1.588901103967149897 0.98115281204870730125 0.0047107700352248659675 -0.19317600279158506082 0.14368762537746279651 -0.68621657296044358265 0.71306428974372160212 -0.12920149272451719735 -0.7273820341746399798 -0.67396019959462105664
3.8409106383990105904 5.5327812152903179665 -2.4768108552369807462 -0.99648841816252142767 0.0052665877264242988431 -0.083564918008625227452 -0.0019368349471437034358 0.99630299113467490901 0.085887126663182794539 0.083708309853043907922 0.085747378442590935221 -0.99279419113520595008
0.65301034958018766563 5.9480820503156150991 -5.6080219490747920119 0.9100636997452307142 0.018175852651365433099 -0.41406968107601543894 -0.24870720294956252805 0.82313124606000576122 -0.51048964628159809731 0.33155510794896198012 0.56756020838337195578 0.75362233263945255235
-2.9053836645827821883 5.9736035590680085505 -6.862842840963508273 0.9637086697827375037 -0.0059802705573848286003 -0.26688918327589716828 0.22195257115632432976 0.5734550515891106981 0.78859771744778850433 0.1483329226528147804 -0.81921519771730255677 0.55397094137366742483
-3.6073313058156730726 -6.0081386519262185431 -6.8448137599462395286 0.64472208098937344722 0.0019106298631144840242 -0.76441467004392149587 0.76381627442045707532 -0.041249133927147137169 0.64411428169284778988 -0.030300779118624332487 -0.99914706547318665741 -0.028053597648329882397
3.6941257807886351827 -5.6261076702814687422 -1.9891618430176087884 0.77502616894875642206 -0.0040918344185610078245 -0.63191589182081897569 0.54147902259309810269 0.519827364132672054 0.66074199169613678784 0.32578352557525591671 -0.85426153395194692752 0.40509545303997995802
5.8969181244455786128 -0.59632306474758522974 0.58000490867279375085 0.99667836806775678138 -0.0039179133247240708476 -0.081344210493557486674 -0.080772032374627794615 0.07996936337311946752 -0.99351939070546324562 0.010397567586438474091 0.99678962217552502523 0.079387276760269340214
-3.4110413805687720412 -3.0419590836093286512 -4.0985302352513839352 0.93615108629952792363 0.00053061804753204346724 -0.35159758540792707127 0.13742692123550107053 -0.92099969607352050183 0.36451803954291323029 -0.32362784945044337226 -0.38956293237028000176 -0.86226778716545171566
3.2838463221372724554 -4.8807708947037440339 -1.0739276051679713664 0.95342388189247972985 -0.01652506431810107923 -0.30118071599346452061 0.18152372225598828459 0.8288802508519005352 0.52915656284901513295 0.24089840118896929666 -0.5591819489191998116 0.79327391757668275218
1.5211803631851248397 2.8365618927846254493 0.86378361640947265432 0.98448846828981995127 -0.0070555951458231144433 -0.1753073711558952863 0.016396473517262033504 0.99851810493784542988 0.051891711935301038094 0.17468145711737728676 -0.053961214668652335291 0.98314524656881663311
-6.5920952344880738849 -6.6638903034144254534 -1.6468204433678730325 0.952341440875528078 0.00051600141979488926142 0.30503362721796500878 0.16393348862013074063 -0.84417497322535550719 -0.51038654556009421803 0.25723839390741309874 0.53606748485842681262 -0.80402740026537877771
2.4439382053220763957 -3.0415656696858932584 5.549996453689465703 0.95369004806211965519 0.0072367010728463347646 -0.30070404451033683202 0.23171930065511409103 -0.65509299237576334995 0.71913791239529478716 -0.19178492623562973241 -0.75551360113353838166 -0.62643255069553360759
-5.1372604943113264753 -2.4617741368667078738 4.8529061037307492654 0.99974602719374872084 -0.0023736881085888788742 -0.02241086154514843401 0.022032628139013687996 0.31199811218311856997 0.94982721654603108341 0.0047375529253564415549 -0.95007975644102138357 0.31197117173440402915
0.34182661317613510787 -0.70559068942154234971 -5.4313876750520151404 0.99985953403612337631 0.015228706936917326548 -0.0069999058607926158485 0.005857605200733781263 0.073802295975421969287 0.99725568916411266862 0.015703523755589116062 -0.99715661136736810644 0.073702725511812894332
5.1540180100066566027 4.8136617552641798312 6.3643337055165467575 -0.99721185692276459456 0.0076098434071450501287 0.074233433814861499167 0.035424655058024022425 0.92382511583363802199 0.38117220408757207517 -0.065678049808469599058 0.38273913523214292409 -0.92151893531010642402
-6.969164024499894694 5.319328113689850035 -5.7032306929212293056 0.9943709149231045874 -0.014992983130578022011 -0.10488896039097492241 0.093642291446541514599 -0.33881631750936569425 0.93618087154248685877 -0.049574235321233416085 -0.94073307236766301465 -0.3355051143367363542
1.0386511802873761301 -4.3988846673183630287 -5.0795345380468903684 0.99380731883748796296 -0.0097768455529010575566 -0.11068616135768136188 0.10776122868128748533 0.32776200822304640825 0.93859447236751192278 0.027102225335972174314 -0.94470973280518932835 0.32678584749830702494
