1125 14.717824617146108679 14.977075390850430381 15.033177056927090831
6.8695543611145311047 4.9118071429284828611 2.2100077028648672517 0.96683694534108155505 -0.0051660367556718485987 -0.25534218842122169413 0.23522573271757460378 -0.37140145422785197926 0.89818139285167686303 -0.099474498194058735834 -0.92845800759200181052 -0.35786946271972225331
-2.6882975954840135913 1.6850698509800021707 -4.6111282719261810215 -0.99955022169055829373 0.022477454785878970417 -0.019852414077075934695 -0.027461981144754836481 -0.42006057151468939592 0.90708045720892438446 0.012049643560912794149 0.90721765871546145021 0.42048891282055644858
-3.4615185863643458397 6.5720527873747940362 -5.9488352086060629631 0.9888541351820751002 -0.0030642618986118194853 -0.14885600301030299519 0.025874082967583367232 -0.98103866267502726206 0.19207726093252458499 -0.14662206915662689966 -0.19378790631969500247 -0.97002485339318911262
0.15763394104552092001 3.4626798616895109184 6.4447504748109958328 -0.99544782188755942531 0.0040880597297927173672 -0.09522038472388522079 -0.022007495154391945591 -0.98193921201347078576 0.18791235740996625747 -0.0927324326023336587 0.18915250904482144856 0.97755921777951526597
-1.9148860708030686073 -2.4954803845624429215 -3.3373692743210181533 -0.99207296776531816995 0.016917376822293033606 -0.12451919125506424879 -0.069733314251273478823 0.75021477534530911502 0.65750669634400071839 0.10453942563885086636 0.66097775546166481764 -0.74308809388387853101
-3.0182207263170806044 -5.6685198578736057939 1.0056771468080929477 -0.99803184557435287161 0.0006800090273052527591 0.062705444797347256736 0.027721782235678570777 -0.8921438559207126584 0.45090003674046541526 0.056248893404087577097 0.4517509025232952502 0.89036912798021938809
6.1276898520022307082 0.34482464463363571294 -3.4473042610649025086 0.94704080259701750588 -0.0051843371622681076044 -0.32107139527611910923 -0.31951607733999698446 0.08438731467761680094 -0.94381579635159484898 0.031987412174540381937 0.99641954204532412476 0.078261751147657529493
-5.7586655750723219072 -4.5687681115700815582 5.6929655936480045852 -0.9831545907552481367 0.0020403843334014732172 0.18276456852682185228 0.043812487683262048288 -0.96815420344782077144 0.24649118497288455276 0.17744722201268695039 0.25034631049424882487 0.95175585536508611195
-0.489281926428204339 3.8155671361254834828 1.1147249815428592612 0.95936092307861231543 0.00062057348820564509594 0.28218120801777801798 0.18354194820520519649 0.75818482865092895473 -0.62567413151951556394 -0.21433378762771373993 0.65203940102739077478 0.72725899581164454855
-2.2255737967381414855 5.024682917165661955 -0.86160848505568787825 -0.91590504001685923985 -0.00015461607703718890927 0.40139498472899620696 -0.36732470220998691968 -0.40285814536726261004 -0.83831848235481554177 0.16183485662265922889 -0.91526241636224525688 0.36892301144929989798
-2.2392450345471415218 4.5452690653000962229 -5.9221908835651992931 -0.93993452262338494929 -0.00072724975375681316647 -0.34135401607209514552 -0.087025543993371048956 -0.96644372829848557149 0.24168796975699416429 -0.33007521547885171342 0.25687738542032362288 0.90833053509514127821
-5.218390888603776645 1.3930112182171652258 2.5638524495901626743 0.9775486911657766953 0.010101543599984167537 -0.21046737328374484632 -0.20438063892777841302 -0.19751477484519200378 -0.95875777344917778588 -0.051255349296744801002 0.98024786280542319794 -0.19101574970067561332
-1.6362762793446004039 6.3893683549040707348 1.8593894846358989259 -0.92424110233052314545 -0.0027164443724271730186 -0.38179969315446654621 -0.3767303054390718775 -0.15607525046658318746 0.91307983942025605639 -0.062069813328498729676 0.98774143232013855709 0.14322779461960877256
-3.0334826128317375904 -6.9514503250029058279 6.1432565973890849165 0.56746334783940133306 -0.015140859432528935846 -0.8232594385943500237 0.47889163905924181375 -0.80726595429812630922 0.34494126611707720542 -0.66981202355456781472 -0.58999358759810438535 -0.45084301003233856475
2.3947355512222134877 -1.7264680094375359776 -3.6033267072772807715 0.68807486960403529963 -0.0039323392026576701325 -0.72562904471071332235 -0.43722445067863413559 -0.80032628095895108622 -0.4102592152958103866 -0.57912671631359891045 0.59955181653864975111 -0.55240371625923601062
-4.4612016253007400479 7.1931370859235030935 6.9163033721200948278 0.72002064581108615737 0.0037348047042344185986 -0.69394259189045903735 -0.21551497402479616317 -0.94933606476338883162 -0.22872326534605783022 -0.65963896608434402502 0.31424049289246680505 -0.6827366601038012961
-2.1491153400165106113 -1.3635081589643385236 -7.1588590429602234622 -0.98725091502797945875 -0.0029243222592084481409 0.15914483691192132797 -0.0099028925650114629081 0.99902275795825534743 -0.04307507168103372891 -0.15886334849564770488 -0.044101898154190563583 -0.98631509117726035019
-6.7271400988583955893 -2.5918017963471493559 5.9898173145040818355 -0.98488575431076186284 -0.0056595028786574179402 0.17311274067176227187 -0.17316850217134677203 0.011593539838977533207 -0.98482397396180199056 0.0035666246599915518711 -0.99991677646759147269 -0.012398359865907954136
-0.081798996492742845343 -6.1831799557248583454 5.8111626206297524178 0.30882862370543739949 0.0097745611550155101638 -0.95106747349188780483 0.33199333393360219713 -0.93816021841482721833 0.098162267738217817703 -0.89129417556934331657 -0.34606337936581699211 -0.29297581821386670109
-6.9278894691869599143 4.1069599607523272766 -6.4539897568977142583 0.99627861977072162958 -0.0089204783865104164686 0.085728273358188181175 -0.047214885391141513116 -0.88860489688591581814 0.45623688126646694263 0.072108712269151054031 -0.45858670095811149281 -0.88571923955593201416
6.7878169198288249575 -5.9440712867853635615 -3.4811477498769800576 -0.78384837147319486039 0.015711833642433545299 0.62075346863504887729 -0.55195347699802077557 0.44035928534079121777 -0.70811796972247564863 -0.28448038556043625524 -0.89768415274955604133 -0.33650270746853316872
7.3472069640280386338 -5.1810678816252835333 4.2908030456433774447 -0.97206252759114608608 -0.010164346738747302365 -0.23450187314423293072 0.081509346081482081381 -0.9515070943532254466 -0.29663188617687785698 -0.22011512659100102018 -0.3074588353761866788 0.92575288041400494166
2.1689575917831027674 -2.1609460013090706632 -2.048956250056787276 -0.77120193264010972189 0.00091086554039994122728 0.63658993819900533406 -0.37870387402788080466 -0.80445984414041271648 -0.45763275119015867087 0.51169420056171044386 -0.59400633792036761083 0.62074593484126905363
1.1958390503338325317 5.8887001919024468677 -2.0629487703060696013 -0.82143301853048522609 0.0042348527120778384214 -0.57028927930526807089 0.39585632175334284355 0.72407969778727332422 -0.56480648347926443176 0.41054301674231435948 -0.68970331105106363889 -0.59645936502780705357
-3.1813625200084625355 -4.3445817976967822105 -4.8845317228059847992 -0.87032473584413327927 0.0042281913451646564728 -0.49246012688919876821 0.19527201468528482264 0.92095984353111470799 -0.33719698528288988282 0.4521102680304026622 -0.38963455827370568896 -0.8023597799867773217
2.5785542992694456821 5.8750532062944813561 2.2777568527798135456 -0.98915349340656266719 -0.006024155615254258786 -0.14676197065525384278 0.12136921584973890675 0.52925902070124508647 -0.8397347214747995503 0.082733789502876825539 -0.84843891857658804145 -0.52278726220042592843
-5.9228000918688410437 -5.4523528644431147328 5.1714557440151445178 0.95890569101590017453 -0.0020783556858665519669 -0.28371738786178390956 -0.17747321731394202771 0.77580037723807948602 -0.60550560015045484796 0.2213665125390512356 0.63097500355792168758 0.74355054435550038683
-6.4149347234487992253 -5.8166652014095374668 -3.0754157361528227099 -0.98135450642195853899 0.014999867823095083472 0.19162029300285998712 0.11813910668142414695 0.8334696399723385829 0.53978839438882308954 -0.15161294205224257192 0.55236162358519236282 -0.81970125813782890312
-4.2907690088059302624 2.0819637843661702448 6.0656271742595926355 0.99568930748600903424 -0.0028596955074931531757 0.092707200905994283091 0.073918594471003490343 -0.57928603889323104781 -0.81176580769011152938 0.056025390223102711218 0.81511932088808014552 -0.57657753022930946507
3.9311096806264345105 7.4064962210013236543 -4.406789636994338899 -0.61047294456216838476 -0.0021235030232669965117 0.79203426358485728986 0.74992646604941348709 -0.32327551159521583646 0.57715096735719606524 0.25481969993730069213 0.94630250677982652441 0.19894342458633590409
2.4847780895355584541 5.9594507695577982886 3.5778996874394861649 0.94029322999352249468 -0.0032755560473844850047 -0.34034969128948056039 0.33677673599531254833 0.15377877826432057029 0.92894214967773758307 0.049295757633110393048 -0.98809987252705056004 0.14570027519276279593
0.023965744217462874727 6.7094846122157685286 -1.7557133078923456981 0.97502277564635941864 -0.0087148484361301865181 0.22193386039052578895 -0.21273704509285118469 -0.32378348256039291009 0.92190411977944786148 0.0638242635388345525 -0.94609106741257797957 -0.31755024097918393977
2.8677253890567211414 6.9027594175782365227 5.2328953354881333482 -0.98018148989087772183 -0.0058534899529689701433 0.19801510934956870202 -0.16718799244300536211 0.56062928009445578414 -0.81101355443890388308 -0.10626580850976574677 -0.8280462227171984102 -0.55049707627351207595
4.7756709437039104316 -1.4940015412413392148 -2.5330856057964905581 0.6722321305849213724 0.0095167298559942561931 -0.74027926788629616617 -0.64841544311805587864 -0.47500403337536356574 -0.59491897045158059765 -0.35729732119809831659 0.87993215654960255101 -0.31314217878573935572
1.3847890826298878686 2.6404937441429727762 -5.0647332722348394896 0.96539342436149677695 -0.011499917348340535361 -0.26054421525063353737 0.18602273852133807686 0.73055811893872935059 0.65702387750046487014 0.18278697150677006289 -0.68275367941428521945 0.70741525025525786585
5.7234521692001019133 7.2055769759036127908 -4.1946347337741363148 -0.98476197326539161025 -0.0072535872489288485965 0.17375627033941393185 0.10277278082761343025 0.78172433127131102371 0.61509741132549955456 -0.14029116697491753052 0.62358195561639762072 -0.76906692367979856417
-0.50195384223208483476 -6.8566293769999173691 3.5108228966984751374 0.86411155120485871883 0.017639102507060175351 -0.5029911422053831016 -0.2704814350999539263 -0.82652417308147829722 -0.49365735543807470753 -0.42444201057453662118 0.56262478915761593434 -0.70943803554977136194
7.304494972617345816 7.285122599029613788 -6.2632792211862522436 -0.024588457285058096247 -0.0014346636650687215331 0.99969662873715481322 0.99825646928607025821 -0.053711723339058770055 0.024475953597647492205 0.053660313984373889107 0.99855545289990066404 0.0027528506999391598453
-2.7370957897906893486 5.363707223687376846 -3.3601383961961825975 -0.98515470757964707094 -0.002649103212903217066 -0.17164843251776923383 -0.074063447076656366286 -0.8954792380639208238 0.43889809751666108983 -0.15487029392614182211 0.44509540151385773576 0.88198938520273073571
1.1841590948108740022 2.6572716403325116197 0.24974139180205592869 -0.17998698576865859722 -0.0051283094761399809075 -0.98365562337434853113 -0.021945373703303107382 -0.99971658622655934501 0.0092275563635767377663 -0.9834241635871150411 0.023247530306195543504 0.17982343230987737903
4.0160141411066039296 0.0028725828575970474565 5.1826746882352239254 0.88847802222861549382 0.0021119044339224838334 0.45891430994956528 -0.38349073693013574493 -0.54585661119841233369 0.74496672053160661875 0.2520747085797572784 -0.83787594539436971441 -0.48417170655027008674
5.9938471197965084158 6.031659826216253073 -2.1249406532072794285 0.8621345927071752957 -0.0059559981946405056441 0.50664432311347384896 -0.1007535991918999535 -0.98197728521650284872 0.15990410741665145311 0.49656082840624204966 -0.18890510158369305804 -0.84719667509280105477
5.7972497904178119654 -4.2748234301167569171 -2.4308239991381039857 -0.99423360607688637813 -0.0049583485383126457702 -0.10712119924236980506 0.091355340314117267075 -0.56229122463726655123 -0.82187759459171527698 -0.056158154736753097824 -0.82692441823644591281 0.55950180355469403271
-1.3237488268165809036 6.2112296910240614167 -2.9429540990071596518 -0.98334286166328666035 -0.015560244137180436266 -0.18109305679216952667 0.15533688162962763779 -0.58928434956693809266 -0.79285207230675136536 -0.09437833237307202694 -0.80777585638458171413 0.58188563843814500309
2.0872927859998111622 -4.7810839636038489076 -0.7869479385089661605 0.98747419528596824811 -0.010335371036178691434 0.15744171540565013445 0.14652794068313215736 0.43015228147786072066 -0.89078537108469812988 -0.058517315757801099951 0.90269717782037661724 0.42627869863695938557
2.3787552950410146835 -1.4894728111622921318 4.9420696515864257492 -0.99999372173417866438 -0.001885346983260645197 0.003000326496952775146 -0.00024989463303461308119 0.88212247754671524458 0.47102003371357509254 -0.003534691642636218073 0.47101632675910370951 -0.88211741048535774468
4.6909550743070109746 -2.9103792226785083486 0.022722227367238681528 -0.81273093487509162625 -0.010666588626656321737 -0.58254154477095343445 0.016278709834583574706 -0.99985779690919573959 -0.0044033584912742066569 -0.58241173674913482294 -0.0130617704371271421 0.8127890003253365192
-6.5024337148177311363 2.8203424368579379511 1.5920112264705497118 -0.70178426007141558873 -0.0079979003356161725014 0.71234463983821361133 0.60326186971086515065 -0.53852654978509406636 0.58827227686629923742 0.37891155810941667959 0.8425705838484722765 0.38275428457993732057
1.2284614649640472894 -2.2792915401028652767 2.2961709733354922491 0.82903852217732865171 -0.0051089551853661253206 -0.55916815657088869695 -0.50468476243688054073 0.42378171302031603096 -0.75213187026855110595 0.24080784727666779133 0.90574994247116180635 0.34875295325408484093
6.5870217018169343604 2.9218933923888417148 4.8645822955934017173 0.77999572419107876531 -0.010015471826510550721 -0.62570469118247418194 -0.56410445373906947797 0.42160558968881667319 -0.70995414782569954415 0.27091112106273107507 0.90672400269714248378 0.32320078498871140926
-2.7843718877827039471 -2.7858460851281914294 -5.8778319223731214649 -0.48109487147465640478 -0.0038002380058726730611 -0.87666030070469624924 -0.18498174621809934659 -0.97703567621790787801 0.10574989817282187676 -0.85693026449463116645 0.21304188693439188307 0.46934387841392960494
-4.0677342605174366952 -5.3188038600498490638 -5.2077222231749571435 -0.99404157933785852741 0.0021141868661735904213 0.10898104771732952667 0.052480817258225807842 -0.86701561213831201957 0.49550952778773460494 0.095535869533812295407 0.49827648802884111356 0.86173861414589114638
-3.7395965227573682022 -2.516663736356103076 -4.4425663103036505674 -0.29557106659843385144 -0.0042674062760347051398 0.95531122354632636018 0.94823969489090387253 -0.12283924636780513273 0.29283442520492419803 0.11610006728320812486 0.99241740653593002452 0.04035425109426292456
-2.2367107695949224322 -2.0629162660591586764 3.8877172612852999301 -0.91327053479077990872 0.0052262688091790979183 -0.40732004173271485481 0.25102875255662920884 0.79471188620068511366 -0.55264598371962458945 0.32081380218544081062 -0.6069643350689946093 -0.72709889305487751532
-3.8098827793750089654 -0.98656234012962273905 -1.4720058654166190415 -0.75652862974342549585 0.0042521214676071797389 0.65394675000461033321 0.61255002381302903203 0.35479385653605644002 0.70633121670434062533 -0.22901288327354113461 0.93493488480603237356 -0.27101634723287088002
1.6507667388553648458 -4.4558712529917565703 4.3222900334452729609 -0.78878663166138140994 -0.004839663592900805833 -0.61464805162670443917 0.55243417265131544713 0.43285899537022015648 -0.71235495015763194981 0.2695034964509185893 -0.90144864955435544118 -0.33875979338961798026
-2.3996259371868990939 5.8895614894766303848 6.1438138699423463507 0.93504097642555394909 0.0048731905633710792883 0.35450616978949511804 -0.1568575948327368963 0.90240642428417094933 0.40132074498316350208 -0.31795293259910173411 -0.43085832639546944867 0.84455138104637794694
-0.67073013455887331435 -5.7654060763832752912 -2.6476400715294756694 -0.6134203176870992591 0.0015695046165809748567 -0.78975505728292960672 0.09202060533529168862 -0.99304461405973309951 -0.073447958996663217923 -0.78437728297188535898 -0.11772820877896364444 0.60900931586903661596
3.6212224741143561602 4.8864542997096327426 5.0602445308692809434 0.96626480216223975539 -0.0057740273376308019412 -0.25748590779040408938 -0.20005242984681917418 0.61282440491589018627 -0.76447712460994965422 0.16220776003242637353 0.79019801907363418358 0.59099554417743294099
-5.3634486034438388913 -2.0466706739007438642 0.8933861595947752976 0.97705653781170354044 0.00090950252503431156664 0.21297815550999910084 0.21241688651199036597 -0.076837144974945426057 -0.97415353999074794089 0.015478638307061112073 0.99704324176896796939 -0.075267428539214323302
1.5904562521128664532 -1.0863605849266260162 6.0446351153531407974 0.91532350357615932523 -0.0021641683400008748447 -0.40271354605523940196 0.15188780215668573614 0.9279917656343199539 0.34023723851279052965 0.3729785239889987225 -0.37259441661164394155 0.84974138498296891697
4.0554960855188815216 0.45005792005312744708 -2.0532646706837192063 -0.82250402883563322742 -0.0021267359944612904826 0.5687553072658588782 0.54436876979134518617 0.28675834520756265933 0.78830977028680893071 -0.16477185750281225785 0.95800058896006301534 -0.23470216557847903283
-1.8288739273110306005 0.61607998884680970075 1.4278119339566701651 0.99004534077435191186 -0.0018301609492329777573 0.14073689538276804023 0.05084179764477685104 -0.92775011666300966073 -0.3697226428610653759 0.13124532305315086966 0.37319749669957957838 -0.91842163173236113227
-1.63478376759585875 3.4660855629098623609 -3.416184560854569785 -0.81502902500524632146 -2.9090330552226061067e-05 -0.57942013043456785937 -0.29321339974525911787 -0.862485620133720432 0.41248570553704300146 -0.49975352986128551702 0.50608156873790344221 0.70294228438387351687
3.0688739278615151385 7.2025903872255154781 -7.4160135912853295537 -0.86405808591953792153 0.0023827311263429282184 -0.50338647851274642697 0.28927708294715176462 0.82073647816191241944 -0.49265647534156470355 0.41197377761052744738 -0.57130198319872027568 -0.70985325987451086682
-7.156572828554190302 0.32906869076906580807 -1.9391378381119661611 0.72039366296663009948 -0.0071819256954666066406 -0.69352821882092341443 0.53700437907695663942 0.63860172021578176516 0.55119337785378896832 0.43892968367358631276 -0.76950390699529214178 0.46390135795164827437
-6.6681396717060072987 -2.3642754554475198248 4.9433450274113139855 0.99103394381967180315 -0.0094738371949081908591 0.13327403575380139533 -0.093718251034264454802 0.66165475165825027304 0.74392867872601986523 -0.095229258216049772479 -0.74974878193753213829 0.65483444653039191152
-6.5648791256978382691 3.7827119222542937571 -2.2803282228204904136 0.83151901452643428581 0.0054973024030825993341 -0.55546908838150532706 -0.40208979414921330875 0.69589166965519977381 -0.59502821911706982316 0.38327526129677780276 0.71812572977911570682 0.58085756456040893436
-4.356891639737023425 -7.2235420926868636471 -3.4006523702520534691 0.96620824325918730491 -0.00066289757880197766604 -0.25776188861979093536 -0.21228887577390692654 0.56514819556442064119 -0.79720822265765167725 0.14620213363934816964 0.82498913787820959964 0.54591011943546097207
-2.5474278675561126128 -6.1626830207772940184 -5.0283401970246615065 0.99942510821382946062 -0.0024436978947886827014 -0.033815401998264993377 -0.025433630351381696783 0.60547923836865080727 -0.79545460106262189104 0.022418374581042010973 0.79585734918080031086 0.60506900121883500088
-4.4040966400543259951 -1.4370847981278673799 5.8897986025079323014 0.70410054625771179015 0.0064508594996200707694 -0.71007098741689000931 -0.65165942914930996555 0.40312636406298590908 -0.64251779975203437978 0.28210354333178994102 0.91512158810127208763 0.28804525656667234745
5.9231641904164504808 -5.8092094419535884597 -6.8501762637501402153 0.89114720713791839568 0.0064252205076958763749 -0.45366879080634869847 -0.3687404236403818425 -0.57234658006527339147 -0.73242739726281858026 -0.26436178843360280677 0.81998665161643558008 -0.50767581780814152737
0.11785538699383932282 -5.4413942796266177027 7.1444238999768678866 0.99719279665789839484 0.0061926350804413369047 -0.074620222220472001706 -0.0016540054199298184073 0.99815273962687711684 0.060731973797717997421 0.074858470192375917152 -0.060438064545910386016 0.99536096457234735091
2.7560280136910688675 -6.6451013852466642717 2.1609242769626382241 0.74034921831473676779 -0.0014615410490257342221 -0.67222087057641610741 0.34479373945707042504 -0.85761107658697421918 0.38160256622115407144 -0.57706179233419252483 -0.51429670931587245786 -0.63442775996549494177
0.61794342276678249082 -7.4076977244008075374 -6.6137374002946742735 -0.90124404362038879057 0.0021941265404310881376 -0.43330631157132154518 0.11973445033945112614 -0.95979120909183024413 -0.25389859462409875013 -0.41644067433520365329 -0.28070628913323064646 0.86474339777787956329
6.8279544310438620158 1.2707156536234220923 -5.5672709461287901433 -0.62826206476131574163 -0.0038352736621175172183 0.77799233200449413594 0.20007191613010139042 -0.96715322006100701291 0.15679884343109007361 0.75183642260656802225 0.25416518172489493965 0.60839300952655861465
5.5872474873259037054 -3.4505645267984976776 -6.4521979711674370961 0.99967103800655465751 -0.00065290200523969725739 -0.025639607834148456927 -0.022175529150270573142 0.48027264222478355249 -0.87683888773108875636 0.012886492068229645283 0.87711901293348437658 0.48010017233148782889
4.280210992131982195 -4.8574645373452973729 -7.0444417529446461401 0.49385402342176892843 0.0093420718708177395012 -0.86949464014644461951 0.64944247719309922129 -0.66888731851512284177 0.36168249051739964628 -0.57821507448994957645 -0.74330510614613098941 -0.33639983176241711194
7.1677599102223208405 -1.5103790141559778615 6.2097406833557080574 0.76611736586739276333 -0.00082465181787037995786 -0.64270016466925172782 0.14012193747816342748 0.97615769859393519692 0.1657769287723166729 0.62724000538377921998 -0.21706097628361772922 0.74796691652831392982
-4.8704743145790514447 1.9660212880601533048 -1.6335305411813523246 -0.84868354229395603916 -0.012040969346446944374 -0.52876389825376823861 0.25816966885981235125 -0.88197878307351817995 -0.39428650533455950056 -0.46161094779062877835 -0.47113526854325571414 0.75162949091591357842
-4.0734575712711906803 -1.653561854596095726 3.4331895940745384976 -0.39394998862314184462 -0.0024884429997957609355 -0.91912850794390854592 0.55291203924398157898 -0.79946706332475336865 -0.23482055173679045046 -0.73422863150585992997 -0.60070477133969402139 0.31632593059492858378
2.2382370289351882775 -0.63640900231692942857 -3.5040020287580220248 0.95453723209282492768 -0.0025858193476416355822 -0.29808050269491981332 -0.1978573504154042817 -0.75342537798244446634 -0.62705874421666618623 -0.22295995477915334093 0.65752833653790865309 -0.71968419825261220613
4.1446029388446588015 5.7685450873931038984 -7.4355345279592528485 -0.88852040281653921205 -0.011572800835963016966 0.45869114233845620365 0.13618146599635738703 -0.96128811642800082726 0.23954073877616835486 0.4381621869787235557 0.27530206591153522089 0.85570010541479857302
-2.7608218407853688525 1.7568270692187255566 1.1854498486542095481 -0.91965696167836075148 -0.0085101332518986889941 -0.3926304247871155173 -0.023180068172102691326 0.99919842408514947252 0.032637306035304534946 0.39203795387187356791 0.039116325718805508571 -0.91911705227694762144
2.2317522515278573891 1.8444398328954476618 -1.5720643023716731612 -0.92760525382232383862 0.0082423560990298964241 0.37347095823780968038 0.26724181447099215614 0.71319878605897846224 0.64801952452230082713 -0.26101782636326986697 0.70091337205808079691 -0.6637696431675281783
0.81429546181403300587 2.0307015636063217023 -2.1456052605220978791 0.96309117576656955162 -0.0027485244965128655635 -0.26916135081686004549 0.23897227383226218866 0.46894775989860976173 0.85028245355618181645 0.1238855903642682027 -0.88322162796169512156 0.45229627060254073978
-6.2043476664292418477 -2.1781217479582704044 6.946394738777748934 0.98051465324052367034 0.023052798612461289363 -0.19508865486466017702 -0.0083666725832114343525 -0.98728905078972772902 -0.15871461489318267057 -0.19626770893513870164 0.15725424848613797635 -0.96785850606502654703
2.1511810590494651052 6.2169038931591185104 7.2313576451944490131 -0.99984238206514530756 -0.0079830100745622595976 -0.015858202179908652274 0.011958547444960984651 -0.96301177929682613144 -0.26919380765281902823 -0.013122658619239002675 -0.26934101894395540144 0.9629554565737296068
-3.4614675724040817606 -4.3957251838593540683 5.6630328972285584044 0.89003466945964138102 0.0012918901774332646609 -0.45589101568209006166 0.018723596981933734312 0.99904866803151926025 0.039385096425019278099 0.45550819320401064738 -0.043590020923560929278 0.88916376219452697427
1.9876211647617021416 -6.3757019883383749814 -3.8006046263907751204 0.99999729825828154173 0.0019543809286331516317 -0.0012585195385583947559 0.0021335899656686023451 -0.55680304628192034411 0.83064180935277909246 0.00092264299780739876533 -0.83064225033786454055 -0.55680571179151050476
1.8063502937901199097 -3.4439942461827572906 -4.8104565839603612432 0.97328531348987790128 -0.006098454356579503452 -0.22951798927190761312 -0.14236947592321433365 -0.80029283899186220985 -0.58246227704788688939 -0.18012948362304115335 0.59957833576015251431 -0.77978150043249472301
-2.8426057350117637235 3.1494791409001083871 -5.3594318836988872334 0.93127215184587486263 -0.013928539621508003246 -0.36405792805580894367 0.10052072241151295551 -0.95065737155364382627 0.29350663753431377456 -0.35018247180885986314 -0.30992992384544681972 -0.88392062921003700104
3.8721594600258555374 -3.5014251957540785121 0.70788751301540053795 0.97826815086432628021 0.0099759882060840958384 0.20710360852390991004 -0.20105362699332646192 -0.19852123344180455655 0.95925322983333505267 0.050683962721884925906 -0.98004581501688015077 -0.19220129133476085426
-5.5876878007019517014 6.8346965576826770317 0.66672715469034160574 -0.98406036238486815915 0.0087009931618871431958 0.17762177766470191309 0.10829312713886800335 -0.76293621323919902366 0.63733894682708935875 0.14105956825852047909 0.64641521272794111308 0.74983302871800261435
1.7030532907596096504 3.4896001266309011335 1.4474771457572910283 -0.76298817751028247258 -0.0053570892431912854603 -0.6463902401602651393 -0.12794119258742750467 -0.97893198210370324652 0.15913272967486760678 -0.63362456724700400024 0.2041163295998522087 0.7462281365452522186
0.03615495245431771254 -6.743583201031453811 -5.3121141547814847428 -0.95488962311132030703 -0.0033202332909651639803 0.29694239125677501789 -0.056762711215222347305 0.98354111860328652384 -0.17153676758135169567 -0.29148550957101154735 -0.18065393454794947958 -0.93936167350091148709
-6.8158073235032050619 4.9647100894818096961 0.10195628976731241355 -0.9955852096691460984 -0.0044302247319091998812 -0.093757471152283861082 0.086746833349030313953 -0.42492489072221784063 -0.90106260834002360749 -0.035847973331309075651 -0.90521776957455113433 0.42343324438987162139
0.37857101607308507596 -4.4311491766545163529 1.8498082652332299425 -0.99003999058764791119 0.0044872902057229548459 0.14071489353959235058 -0.046553126496646654586 -0.95370306351488676189 -0.29712501250443956735 0.13286693889233364141 -0.30071636282209907032 0.94441306941425373633
-0.77387082316155164641 -2.7579852208104198574 -4.3740100244984274624 0.99965603126520563571 0.0042141247205012936916 -0.025885523134624031233 -0.0053519282124651172683 0.99901523868356290059 -0.044044406481874610881 0.025674423450627575222 0.044167794044676245147 0.99869416236885988347
0.53469183544914156148 -5.1303232019314464196 6.1124274520345638351 -0.97879613680368626749 -0.0053153598312851825861 -0.20476784300272635186 -0.010558748739798529473 0.99964351899992354156 0.024522392753789881703 0.20456450181584803771 0.02616451549682938596 -0.97850333812696210778
5.6086429909729282883 2.4727890541699362181 -7.2381667352762448786 0.98850678264639391113 -0.014831800785684612007 0.15044719454824226346 -0.13787616841787436739 0.31971551733822900498 0.937428477354718237 -0.062004055063968638306 -0.94739749084462432371 0.31399600554308804146
6.7150359933365972864 -3.5273677426556018233 0.95632731458792930024 0.9300428514577823158 0.0038097017668276209057 0.36743132776703957276 0.24790114266494825412 -0.74460281494164382021 -0.61976743335416539793 0.2712292718672164038 0.66749691696171808974 -0.69345695463301604278
4.4836468317963600327 2.6598566491543675916 0.8162338601151335471 -0.9909693775167297547 -0.00070143712062076778169 -0.13408654224070348793 0.010978376507282896005 -0.99705346527479898899 -0.075920106907430007226 -0.13363819840661511629 -0.076706553628340695683 0.98805715247507464039
5.7741475611108192822 4.9507804629666587459 -6.6150826468723256113 0.91868223248630120903 0.0071244492919438091177 -0.39493315628883124413 0.24506610737319950433 -0.79441896037533754615 0.55573475544821349104 -0.30978308335177984212 -0.60732837708966647128 -0.73156454510222768128
5.089008208306957215 -3.9822570713836573653 2.6550774676831800925 0.99202728409666096621 0.0051183009430147159008 0.12591930194856532088 -0.0040164707055403148228 -0.99738324693326274595 0.072183978138342846931 0.12595926155235892541 -0.072114226975426243271 -0.98941083615304037391
-3.1993689310538213633 -2.8503499345023382006 1.2727490467847004663 0.98840450275593083607 0.0018616202504941441187 0.15183238554986214219 -0.074570148705753111495 -0.86508790377451783016 0.4960465821524059904 0.13227181050296965559 -0.50161683894489217383 -0.85491795807160031462
-4.5260070730527175442 -7.4381446475818746578 5.4768903153858623511 -0.99739727287317470061 0.0073279036127030326014 0.071728529148065156562 -0.07014970841789804068 0.13130110829160596131 -0.98885744036757916575 -0.016664287382950847966 -0.99131544968800500151 -0.1304453170335971024
7.348760374667520523 -1.1507883465651993493 2.2984333160028489473 0.931635287550437452 -0.0070295214142926387701 -0.36332668057730987954 0.35585310902571165581 0.22028062209978688246 0.90820978431415622101 0.073649547095503128946 -0.97541121244112161115 0.20772267776189939914
-4.7476987936156440639 -7.0151771225085424177 4.6090135374032126236 0.99290386471179337136 0.00036115444235473815812 -0.11891923733267538432 0.064128857970323083215 0.84050841535979436969 0.53798986355205402621 0.10014691715546070183 -0.54179836957738758407 0.83452089351165126274
3.1581826609932854844 0.026586163976205497844 -6.1591567614043878365 -0.99628904076313340443 0.015332394838547824117 -0.084693948567197460675 -0.029350938497443045117 -0.98554520153629121548 0.16685076607002768956 -0.0809114927850206056 0.16871743655406332141 0.98233790364512652005
5.3542511859976631428 -2.2974711563042942153 6.3584174166882601043 -0.99693573951718228443 -0.010923381617034402108 -0.077458446972032982125 0.073230375795323154886 -0.47847506291121244537 -0.87504224254197648936 -0.027503514941623126433 -0.87803319635775090024 0.4778088140247661042
7.2955286332032649455 -4.3623714790085932336 3.5424384576207890163 0.98137836454805471575 -0.013338166552017886521 0.19162097721827511809 -0.15133579348686265753 0.56067839993067281057 0.81408673337724390962 -0.11829616733749591384 -0.82792621963808510355 0.54821910914254801117
-3.8125841073393029745 -3.6972917451996836213 -6.056316235014427285 -0.98366244491268683969 0.01671611982506973626 -0.17924498823218568133 0.15089342604431901784 0.61957995347017891241 -0.77029335660800468677 0.098180285419132165559 -0.78475553683665055793 -0.61197988443998629915
-2.0417600161051003838 5.5508379388823154699 0.86500003965202254541 0.99196568387217476381 0.0054635394762029276805 -0.12638920743620313258 -0.1263241108714454608 -0.010958576059644020012 -0.99192848967223612444 -0.006804486203673113312 0.99992502686320605676 -0.010180354628785751731
-3.17673549372276387 -4.8022382150646869547 -6.0398224318689290868 0.99930886064416046821 -0.00037524378130754550142 0.037170690475046695711 -0.017512710142623968967 0.87727223953933552991 0.47967355849272758084 -0.032788809398149876273 -0.47999299674656842329 0.87665935063315669762
-6.4174980528555263248 -3.7046992770683702112 6.343176377865099802 0.97960066479627738723 -0.0059486359070566093704 -0.20086600324950598662 -0.19741580722302606854 -0.21523340053001818739 -0.95640032536315144895 -0.037543795613304960235 0.97654451871241587657 -0.2120171370050499271
-3.1432996659469272238 3.7275976138696744755 5.5150802980578363943 0.50287448678680402026 0.0033683756838464463251 0.86435288197829085455 -0.57016552470100201333 0.75286923736994626477 0.32878440635827038685 -0.64963722567383985762 -0.65816150409094087426 0.38051926304917249588
-0.70869504423307194685 -2.9642755281629296071 6.7044739348450201888 0.9880120322547665257 0.0044326332630831785653 -0.15431323949039291166 0.13459313195939978658 0.46484187621456429795 0.87510383323736906647 0.075610270129306864084 -0.88538261891667724424 0.45867276480219443258
-2.5956580070727484078 -0.5817967820126043188 0.27855252003268127226 -0.84135428254964550465 -0.0010605656379828732033 0.54048297515824628157 -0.33622463319304152218 0.783978706420142335 -0.52185283741107524325 -0.42317368451913994765 -0.62078680968612298674 -0.65996043036690021921
6.4034037397780378953 0.61441642657795125793 -2.5318370831203553806 0.90407606119197891914 -0.0074274545865639267708 -0.42730704241563105539 0.31318044720139021075 -0.66882084963468158012 0.67423785015725967718 -0.2907997301759832065 -0.74338651051278914483 -0.60233878583178102062
-6.2681994251182606703 5.7764974705790796961 -0.5948820894158660666 -0.68334820668718032621 0.011961816138736170237 -0.72999461872828608211 0.6778861065960124499 0.38169466373233862377 -0.62831489729456135862 0.27111926324321550252 -0.92421106822677501214 -0.26893911293358963022
7.0776231021628213114 5.3879650693850980048 7.0102297336899113134 -0.96548089600876596528 0.0047468504254381885255 0.2604306181172758583 -0.22768218287019706403 0.47027197261626035862 -0.85264593787514397771 -0.12652060324461394947 -0.88250877569725882932 -0.45295783222281721381
-2.4284213986084117742 -3.5563540467920398136 -6.6285723012996546899 -0.82313404175398952045 0.013669708548022775629 -0.56768255951188761887 0.31692578334203697077 0.84058025130378100087 -0.4392981777461442694 0.47117767047978043049 -0.5415145244463455132 -0.69624250276387811276
-1.733381262859355898 2.2746236639987391648 6.3967179891819698767 0.9994641269376264292 0.0061095936257665730759 0.032157920183627286548 -0.014766566641432847876 -0.79262429574246695552 0.60953152035686308796 0.029213138729525231496 -0.6096797509058077269 -0.79210933201240063539
-3.3111012135540307533 3.6929043478934078237 -1.6922688322393417693 0.9897713648025889821 -0.0046270827039358438867 0.14258764154862665907 0.13982300994365973179 -0.16696118867673734321 -0.97599871278903194138 0.028322628886589453628 0.98595261122486721472 -0.16460643095476287789
7.2993700334504163507 6.2376864854769475954 -2.2849154472003645466 -0.86027708339524988634 0.005236521533359023671 -0.50979988096043804546 0.49426432478135529092 0.25374348572565291748 -0.83145476166790854844 0.12500446805386986049 -0.9672573712792722489 -0.22087793161044863566
-1.6494112457358744983 6.6011329543022805311 -4.8647481526318427925 0.98499727331817765741 0.010688008131991704602 0.17223860786112463184 0.083775695459025578682 0.84296524166573350012 -0.53140496252269719957 -0.1508708202606350024 0.53786184827114758011 0.82942306922846043005
-1.0683009238085658943 5.6374493097424736021 7.5138802460194087374 0.93994600054172972037 -0.0016140059647399302573 0.34131936811490365402 -0.29726361295286068964 -0.49529845710341224851 0.81628045597395382238 0.16773747488200288491 -0.86872137844984476107 -0.46603358907329417438
-7.2327047517821814182 -6.5574756995781680047 -6.1878115105803042084 -0.96463487908008183069 -0.0021271318171057073017 0.26358115519222913292 0.01316398071936658587 0.9983308744645364996 0.056233217073831477661 -0.26326082062063549394 0.057714299797269712211 -0.96299678084870821149
6.1741710187914184971 -6.1242214794306226722 0.72469511505428518827 0.99198383657244226796 0.0006681818163680047773 0.12636305437939407414 0.018050874201740126079 0.98898162004018086435 -0.1469337305157542295 -0.125068916680315112 0.14803684931718058548 0.98104172048107507464
7.0519139374901431694 0.28721269065461174641 -0.092371858444499077567 0.97694102831243745388 -0.0031865040723936957981 0.21348553438449549557 0.20347749664057079855 -0.28899535900700656921 -0.93545635431763252132 0.06467716413478241666 0.95732519483409272976 -0.28168304133414973078
-5.3443848095028876344 -2.2910195914213518087 -0.45927921754594147608 0.9909058996955539822 0.01473427436466848324 0.13374752000484274594 -0.063855934939467326461 -0.82343364872119095832 0.56380798657582309463 0.11843950996823952859 -0.56722123312919681126 -0.815004389660533346
5.071789978650212305 -5.8314664573051659957 -4.3832822858845981173 0.77957713892013846824 -0.0033718639017956885881 -0.6262971459354057524 0.56926498317073315203 -0.41314020804377604712 0.71081118972147916413 -0.26114529176058742799 -0.91066118783625826794 -0.32015517731232512322
-3.4789718897175121448 3.7048899923397971001 -0.30068812302338038256 0.69726888700917832864 -0.0057563987765554512632 0.71678655336313323865 0.65810218860607949676 0.40147939352900302579 -0.63695824503929443505 -0.28410844507149324301 0.91584996612151947648 0.28372738851642048674
-4.1346562441689345135 -6.2704163356707240951 -3.1247256017659617022 0.98373169399816628999 0.0055794839773885968048 0.17955729888292398799 -0.044242965258185884547 -0.96120608643308380614 0.27225983807594378305 0.17411063795397818676 -0.27577477905449021556 -0.94532203877235376765
3.2045863837919141837 -5.0253244452187004754 5.9599712050978750355 0.98538681887095225242 -0.0016841476600354451237 0.17032316589975404764 0.025586390598098855687 -0.98714144065364195502 -0.15778818954720380541 0.16839879397312648712 0.15984035720392814062 -0.97267307272137470964
1.1411640845942250255 -3.2389541096098226625 1.1899300470500386862 0.44374956405866350373 0.0010373276959487298492 0.8961502375991995395 0.38585900678832335542 0.90233363666993549046 -0.19211151713127957996 -0.80882578549288164371 0.43103704259076031091 0.40000989567324163332
0.26366305110540599888 -1.7099842939760185878 -5.715922715549072386 0.87270331502349396402 0.0014131454457523770496 -0.4882488371383115755 -0.010357909477041460367 0.99982434801709685335 -0.015620077577760814458 0.48814100182038577813 0.018688930740388097484 0.8725646601882524056
4.6019083960670821298 5.9256561262712343918 4.6472795405323292783 -0.80075616090333490149 -0.0011232764299226095407 0.59898940643833575859 -0.59825532787807378376 0.051028120673101952376 -0.79967911912593203638 -0.029667043007621376333 -0.99869658513013170875 -0.041533088117189108368
-3.0043874021975276456 6.1188706471438658596 -1.1309653823282657115 0.94161180069238648027 0.0016572641351941244311 0.33669640668186751054 -0.18012940506304833677 0.84733137502612954073 0.4995827642423090742 -0.28446548864233678344 -0.53106194965558173315 0.79815574382419374189
3.9033123517621510778 -4.1016218407247881927 -4.2894742533363032777 0.99402911688139539148 0.0016160367998118937462 -0.10910317693416059226 0.099112957277254595811 0.40482800687727527045 0.9090054491297970829 0.045637007919271756207 -0.91439142235316706042 0.40225065597874509749
