1125 14.717824617146108679 14.977075390850430381 15.033177056927090831
-3.9698960338019584349 3.070768779484173816 -6.4810745388154797908 0.95118297418276265276 0.0011862058586308589763 -0.30862524611648678441 -0.22240797668507369944 0.69594346100934922905 -0.68278649004299551972 0.21397579660246845989 0.71809560087364088243 0.662233392750789851
-7.0967343604765824594 -4.7722027853949322562 -4.3140921603230912851 -0.78407861226688657652 -0.018656258889690208874 0.62038107143098197849 -0.51159873908950148635 -0.54649995258900618822 -0.66302679582515700041 0.35140782567792872015 -0.83725130386559076801 0.41895440590584798191
0.78118497108299911336 3.5081738089821210558 -3.0597393552843556996 0.87502594993414706259 -0.0099825645446082449802 0.4839730729564060141 0.2507642453542174299 0.86453024985148141379 -0.43555107661868802671 -0.41406144494957758395 0.5024816369748340561 0.75898967338789558035
-1.2066753325586445644 5.4990581661873179087 -6.5575165035738667285 -0.99992488216227315423 -0.0082966637661636283285 -0.0090219400958367855503 0.011566377913263503965 -0.8822848425809803885 -0.4705737725943812122 -0.0040557286288341598546 -0.4706427752788672203 0.8823145295998985338
3.9902390608250666304 -1.7336133909495381467 5.3645765567379575245 0.99649384057675127746 0.0060655475981271390895 -0.083445999454648311922 -0.011835295879864416585 -0.97711989404829102668 -0.21235969115269645591 -0.082824823960512078402 0.21260273231392437521 -0.97362216837360637811
-3.319491780997641861 -3.1402282781594155203 1.0324698993743801623 -0.97393214444008158193 -0.012503451380798179943 0.226494683668043012 -0.13275830358356360827 -0.77820041421288643768 -0.61382354805634353756 0.18393316953695262872 -0.62789153444082801414 0.75625446122426309703
0.95166803682340228576 0.60893719958427072747 -2.6190964747052047912 0.85013654660286919196 0.0028599771197849251265 -0.52655452961774285026 0.51254657324036601018 -0.23367738937868531846 0.82625110466046336466 -0.12068082859209457169 -0.97230998052273676091 -0.20012356029794328705
6.3260677171369446015 -5.9102092217585902034 -6.9606807446074157042 -0.9671703724452821449 0.00024842324900011219894 0.2541287251572650896 0.25411636445697804998 0.010856620067089609027 0.96711271686187139096 -0.0025187257338688934759 0.99994103430473957328 -0.010563329686666494273
4.7901081140060792762 2.3434244472533656278 5.3871231406632036354 0.93083747437580277584 -0.010855636629241093363 -0.36527216079408236782 -0.32043152132929630937 -0.50479226296489010384 -0.80156622395748544641 -0.17568504898373549228 0.86317259363591036792 -0.47335804330272424068
2.8882798186393943141 -5.6128366042735571284 -2.9349401222087005969 -0.96481905588779193206 -0.0034768458199778869144 0.26289180462478262124 -0.13823572844353229638 0.8572537396190283987 -0.49599083589418446749 -0.22364049896531851269 -0.51488245013059852351 -0.82757536803010445237
3.0949036220585370849 -4.7174176345289122736 -4.195986324278301538 -0.47143462705470673413 -0.0012889700096194852894 0.88190006858492053787 0.52787647564732242955 0.80065976591220644476 0.28335554645650229411 -0.70646713927257409615 0.59911791644533618495 -0.37677832119460918925
5.7812431202443521627 -4.0811773313756845027 2.3027456226241556081 0.85307469601306806783 0.015381252010278895562 -0.52156205777338049412 -0.47502292232203480182 -0.39071370614534683963 -0.78847702762896243467 -0.21590920844372632481 0.9203837335137068365 -0.32600152881916871772
-4.118155921414930809 6.6129138070371213942 0.075072504573139242634 -0.90299032564107273302 0.0066468167791809184067 -0.42960946407803796143 0.26782132094653532395 -0.77315639007096415014 -0.5748921086073898179 -0.3359765049005282167 -0.63418058652032338607 0.6963725811917008679
6.7389758294418200535 -5.522064394376006824 6.6779278099764827203 0.89985458605336787752 0.0060185953342967507193 -0.43614848442818071605 -0.39694479313165065282 0.42580813612493856324 -0.81309425186481409931 0.18082188795746395593 0.90479346136017446689 0.38555445415086203598
3.0942586033661809708 -2.1826273858392508664 6.571223066010767333 0.96376195806324238546 -0.0023022635655326776846 -0.2667537961728044249 0.26327438966913002671 0.16941522026867830708 0.94972895021982250974 0.043005626776823048518 -0.98554207557246076288 0.16388207144692013006
1.6011237931063311279 1.9901640917484397786 -6.9582368418089268758 0.97886191018375579009 0.0091407153183233093297 -0.20431790943272912231 0.15250815812695525664 0.63301629283897531408 0.75896747934615604869 0.13627407125419435663 -0.77408450464001465896 0.61824150392857257774
6.0380371161619210696 -2.2568367809874385621 4.7381755017104048022 -0.97503097500382129859 -0.0012323387076560061992 -0.22206548386551680507 -0.19172792538559674247 -0.49988977099883896704 0.84460086400504441606 -0.11204909821354450128 0.86608815844123709926 0.48717173706767380459
6.4966522436357712067 -2.2962834203696314006 3.1209780974111764884 0.62619470002905186501 0.0064583109987888746156 -0.77963997324066003358 -0.73744411889618410871 -0.31970040204870359135 -0.59495195136703915573 -0.25309359762946764816 0.94749667184069885639 -0.19543205389596127186
4.0918534510960000716 -4.7432651916165839978 4.3455139876581059255 0.65609010488690333585 0.0015497663935997506128 -0.75468097398403022336 0.60642942808856192816 -0.59631103230896287393 0.52598146497272058042 -0.44920944226230924423 -0.80275198596503583026 -0.39217359168056703522
-4.4661936378681126314 3.9850109712725703126 3.630374699552791018 0.99914421741292458456 0.009270848940597065449 -0.040309852021991804394 -0.020970019164018624536 -0.72648714080479592781 -0.68686002397964707189 -0.035652364667441274748 0.68711751950105259823 -0.72567101588019544689
0.71951667488889570201 4.2745218316553827975 4.5449899715082153762 0.97843070861288983231 0.00036526541299546425035 0.20657496224005517105 0.13849133869323890234 0.7408245835550070213 -0.65726637332772519517 -0.15327588704770583883 0.67169844646359888607 0.72479493614959444869
2.260728149351844074 -2.9444306886204341112 4.0557489674681743708 -0.98239710087591070042 -0.015584987165089400282 0.18615328190850988221 -0.11024557451583183454 -0.75609750920210883063 -0.64510655699514629635 0.15080401019172035015 -0.65427338686016334179 0.74106982515583852411
7.0420812010581874674 -3.1401172397606411657 5.2978773921721229456 -0.89115237919460765781 -0.0068481225997814795803 0.4536524443587419686 0.34006910004674645309 -0.67196634129505439237 0.65788619331909203858 0.30033388794678417266 0.74055002490270094295 0.60115323867329584218
-5.7800477830526553191 3.5367156949665092824 -2.754010160031680865 -0.87772215348826854164 -0.0058174392377024165476 0.47913461435879983741 -0.40922229717745245425 -0.51109579183781417289 -0.75585594067816230801 0.24928083112996099469 -0.85950407152405394751 0.44621947320212362875
1.3191734856271215559 -1.5414622009632927835 0.86549922516139066175 0.86432333545747108694 0.0065943279516949733499 -0.50289331534876757779 -0.048131827699067132598 -0.99423994432409923405 -0.095761475931885067792 -0.50062810443079241995 0.10697405269124116156 -0.85902738786658994208
-4.6756666872336936081 5.9949393143924742944 6.2237823391188236144 0.97441053037083058541 0.0070952552362837754962 0.22466369456474574728 -0.18827950107812074787 0.57172561317815939752 0.79854909223527170692 -0.12278007890580187877 -0.82041421281517423747 0.5584313490794737822
-5.5486594987000570356 2.9447454844176812472 1.9999990976675341425 0.99053369524131296142 0.0011020372849065945657 -0.13726537839387550899 -0.08408047404433641181 0.79530067482140509583 -0.60035598648897747776 0.10850563338495551602 0.60621417184234083209 0.78786477607600990947
-6.0193548392952962445 -1.4451613302617913881 -3.2660948508250986499 -0.99941160349945934449 -0.0062193172603604313792 -0.033730800217710167621 0.0025368041276771858064 0.96732688254018306395 -0.25351975650786545691 0.034205429617696084255 -0.2534561548035605405 -0.96674193359808502368
-5.7845600118219664409 5.6532318577794891112 0.80356036159350130443 0.87043619594934629191 -0.011531568517203409294 -0.49214616904827712673 -0.08381326856462631425 0.98165821869690161883 -0.17123807309490826634 0.48509397521909819462 0.19030019598589204 0.85350434715583967105
7.2292456306686654344 -4.7278243943535596117 1.241908198925305129 -0.99237013776794447129 0.0058017598672388814851 0.12315782252370383043 -0.032495574033002523617 -0.97588172377511928079 -0.21586778099064976577 0.1189350551124329497 -0.21822282370094542303 0.96862441218534867104
5.8789882178784802491 4.456572559743645634 3.0711096248291820388 -0.98598883940248394087 3.8946337908829162244e-05 0.16681129175466338777 0.095754852516396690709 -0.81870141211506486378 0.56617930553872053423 0.13659069072677168522 0.57421946700189030466 0.80722672584763122128
-0.44312474152448344533 -2.8973497788855269164 -2.9668463707044767652 -0.30272648729587375849 -0.00086968719430091049466 -0.95307707848521050487 0.39526471246681427196 0.90983201976295258184 -0.1263784114974867423 0.86724995299397622528 -0.41497582996882492745 -0.27508649471335605563
-2.9465666821108813522 -6.6370070870384090256 3.5896445897987923068 0.64321990649982752064 -0.0059888327886738123781 -0.76565807366232363496 0.5680776481048083193 0.67419584600199189417 0.47196159479067223419 0.51337699364713840211 -0.73852833061133482673 0.43705831107351006404
2.0221759472911111644 3.3632770420467319461 7.5049566362282265075 -0.99958341970218378414 0.0042142450466723692382 -0.028552183721546081641 0.027268057303298186972 -0.18626884273432112171 -0.98212034460008890147 -0.0094572780168423707658 -0.9824897751962368142 0.18607633252889937969
-3.3494388461244630761 -4.3603874586178585915 -3.1416167578173630481 0.95939872646095336606 -0.0088482507019079312954 -0.28191451208605883272 0.016606601685147440867 0.99954592716019330378 0.025142797735280157656 0.28156403258526713218 -0.028803610138399354801 0.95911002893169228223
2.5103914759219461139 2.6003032178370664163 -2.1351166480034016182 -0.95857753311625160109 -0.0097354835309766754592 -0.2846653005987354601 -0.28467393228820059292 -0.00051660388111398995725 0.95862426705977732411 -0.0094797299634687848952 0.99995247561102806877 -0.0022762335055178314902
4.7186385888176038961 -5.8445334317039829841 5.5046747390163925928 0.84431057707919721089 -0.02325655518217700779 -0.5353492150673652139 0.07207960649314121282 0.99490715464318302264 0.070457675007604206319 0.53098416149632521321 -0.098075921003822660871 0.84168695722293951356
-0.7797778616603262547 7.2383050830290178723 -5.4614644852367701944 0.99498058858203242139 0.0014633663340563448849 0.10005741803531754963 -0.094998652316893458791 0.32803083672574212537 0.93987819754210644163 -0.031446532446342490008 -0.94466588205357238106 0.32652333282799339553
-0.11971337011227510538 4.9348412463101762881 -4.757419890418081998 -0.99954486924892305133 0.0042478977458919988178 -0.029866531818570501294 0.025992484451322715039 0.62377325301801955781 -0.7811730407351901162 0.015311600509949438442 -0.78159381022631679858 -0.62359976804485106605
-6.3513843279624886407 -6.6421974158509078379 -5.7523658577782157408 -0.99706303538620622007 -0.0094677877985845076275 -0.075997792473115860501 0.041518175638575481601 -0.90067906778431738868 -0.43249677218074883411 -0.064354833215842316418 -0.43438183416133513415 0.89842689051057789129
-5.9488001244826147484 -3.0892532115792401548 -6.3135337625093930214 -0.99399169238627593792 0.0075302569705376007358 -0.10919620275968312806 0.099493461665232443836 -0.35368079786884887294 -0.93005964556288178713 -0.045624188245348279436 -0.93533586932642787115 0.35080656350495947882
-5.5200094941639328283 -6.5008091839231285647 1.493189713810280983 0.52401754935061461982 -0.0056470326892623197088 -0.85168874537260208513 -0.53458446084266364462 -0.78064954563175881219 -0.3237371482090538044 -0.66304227783620117709 0.62494351578907703093 -0.41209287772917280179
3.0525389625589425258 6.860829791429097213 -6.6765208644057585374 0.92862841378413607529 0.0015519474549106847781 -0.37100789826085384115 -0.32024229049313862605 -0.5015717283933097681 -0.80366079701332771013 -0.18733431210684819979 0.8651146702811639555 -0.4652767593291864956
-1.922711415847274008 -2.8096306518815676867 6.4415676058519881764 -0.98977717233010176212 0.003282254471371347411 -0.14258462729151272219 0.10830518834797961403 -0.63317272904499366515 -0.76639564284425742979 -0.092796203107598299042 -0.77400356717479912305 0.62634442816187674286
-1.4623059692037956303 -4.8534077972578959503 -4.4829394596314040555 0.88235468997857302575 -0.0065784311315734301379 -0.47053897321761162242 -0.23414905127825996756 0.86120158774498156706 -0.45111644511251386414 0.40819654929741283622 0.50822096523978699256 0.758344926555482024
6.1348768268762627898 4.2298815744288091878 -0.46417779938715847399 -0.99864742026040020928 0.0012878788221378251622 -0.051977604557222625847 -0.032465387193108367903 -0.79630145955084152831 0.60402813192078386173 -0.040611927333861666534 0.60489860876465229023 0.79526620981460427462
3.4301805283450614859 6.9053337023274572459 0.99001050536468604424 -0.925341981118934509 0.0036268470124570396235 0.37911616156487165652 -0.32745147959613007949 0.4963656219456417662 -0.80398799609248761122 -0.19109617078643093002 -0.86810599314322645093 -0.45812033155000286833
3.8756569443763191352 -0.64203185202941503995 -0.71156636702321129917 -0.80046127685089263348 0.0071507309189267377614 0.59934181508518546977 0.38900701723754105288 -0.75452722497629376441 0.52854726118813577518 0.45599921579121627246 0.65622978735871906331 0.60118814141739806978
-3.9416332157794466973 3.025620557297829194 4.0002627119022697855 -0.72415100818489741563 0.0063230363654842251103 0.6896124538868630971 0.35680578898333720206 -0.85228548310702434421 0.38249063286956730412 0.59016518559873598626 0.52303869311555994948 0.61492729587416150583
6.9952006260343981836 3.3055258274486383208 3.2176799408671103997 -0.69889595757995637282 -0.00073983672645531702635 0.71522296741648094809 -0.34754635058377120194 -0.87364762170900045479 -0.34051632453998031957 0.62510477095785632606 -0.48655861489016560828 0.610331663607405428
1.8355041472105462219 0.82922451912827122023 5.5208444568010497377 -0.7216139763948153929 -0.014092391250321951654 0.69215220405647892576 0.31224422758774772468 0.88570000063802112322 0.34356811727507596821 -0.61788090390427452547 0.46404408559818377533 -0.63473323153259419982
6.1712393678247234874 4.7620671269385876911 5.5228813617449725726 -0.71022510451407538934 -0.0025261163800521864616 0.70397011275635779093 -0.66077325068364034522 -0.34252539768116213592 -0.66787353827241591198 0.24281476911226360094 -0.93950517331172334057 0.24160094623471070618
-6.5463716757655898704 -2.3746116691429390855 4.28968711934310587 -0.9999666480425581927 0.0079014022323244115231 -0.0020665539814547452188 0.0074527082198267771695 0.77929630661874882414 -0.62661130186960622979 -0.0033406500542225384814 -0.62660580457992887116 -0.77932920240679404156
2.9566702902168899847 -0.29594906909194007572 -1.5477925156023628617 -0.97665914039987256068 -0.0052551240478397121328 0.21473077828861650285 -0.0015951378667962731565 0.99985055112629839247 0.01721426582195097546 -0.21478915011804081137 0.016469944864737434687 -0.97652156243871179875
-2.7888583548306629112 -2.705045807735305452 -0.75494994937958936898 -0.9801797635723026314 -0.0037990660003696941072 -0.19807371905615223096 -0.0072041835877974151961 -0.99847130233202530114 0.054801078076331374844 -0.1979791171362135227 0.055141867188441759384 0.97865399588460000313
2.3060988041401344617 -2.2855012016480409365 -1.9565643750753194396 -0.8693253525317568009 -0.0065202595096896858937 0.49419724570392309371 -0.49402190522769162673 -0.018255784576520946161 -0.86925777735069220675 0.014689744745025016745 -0.99981208861735904048 0.012649065337171305767
-5.7430710574515062561 3.0362615310613718655 7.1682398776450053646 0.99961629924553918602 0.0071983008663109434785 -0.026747686763024757645 -0.021600173508865339045 0.80708367327442553929 -0.59004184329425668487 0.017340322572593391132 0.59039319846896809452 0.80692947920788127281
-6.0405037422161038663 6.0129664997667209292 5.1034802376520023159 -0.99996311871863763354 -0.0016000146144459874431 -0.0084380777352152380733 0.0083913630302018191176 0.027246235067392508833 -0.99959353124219230136 0.0018292701079785553785 -0.99962747192530798657 -0.027231803887845226764
-3.0948874380653226268 5.8703550135281021838 5.523554407237967645 0.99340738622719182427 0.0083454007568452039101 0.1143333690374381123 0.11463440842604999403 -0.079685071115771652361 -0.99020666622989705896 0.00084699118090738722414 0.99678515424728642014 -0.080116408297247143633
-4.9103992203670694394 -0.12960147532270718806 1.3669989151276811246 0.62382474515945895988 -0.017930932469688992681 -0.78135854061203802168 -0.44370988357073704034 -0.8311300639090661857 -0.33517809607435089525 -0.64340051798877617717 0.5557888974486137057 -0.52643563227093881363
-2.5603331015179815466 4.2520001246036605025 6.437630829486764128 0.83685202702780203676 -0.0033801398394195537184 -0.54741872411719072478 0.54046267313815343769 0.16412576697431061068 0.82520472099922181908 0.087056210598679240054 -0.98643363044338561174 0.13917582019314700403
-0.24662680031783040802 0.97529144832403091847 4.4492221511531973022 -0.87792059265231447984 0.0006812116018172680379 0.47880577372006255521 0.39292013535904002364 -0.5704422447191718204 0.72125544203778668706 0.2736223679204018433 0.82133743454835694831 0.50053533180302578476
0.67130759487780256034 -4.0332568173344025553 -0.57360255699988749178 0.75807458279757800046 0.0033468579527105007249 -0.65215927920883076663 -0.54088114218233507291 0.56193555579305554115 -0.62584025211491156604 0.36437688860286870929 0.82717424384311843966 0.42779931436912754794
1.1414011684007359104 1.4066000144890478118 -5.8914238205978479712 0.93639601759799628855 0.0045082667967077019039 -0.35091619192793188642 -0.16116468251782761767 -0.88271980767859803407 -0.441397424370359448 -0.3117506108023966882 0.46987808702074984613 -0.82584873917799894727
-6.1789319580765624806 4.6540604261150360088 4.5838373659577058561 -0.91064264416128837265 -0.0024798465560851093437 0.41318739694719824884 -0.26053204973420046597 -0.77270422360722634814 -0.57883610277939911981 0.32070707147847715701 -0.63476139862197555885 0.70301133783396496657
-6.9037809034753134796 -0.13160388532107952786 -7.4382196514731449 0.99998372504512633707 0.0021030822948972576966 0.0053034601739587166475 0.004994837717627001461 0.12649725331786348947 -0.99195438226737142617 -0.0027570348437699868267 0.99196472817738889916 0.12648469002608281331
2.632406466814171786 -1.614768787144289508 2.4369872314525196089 0.95948537991282656368 -0.0084400912482870942694 -0.28163197722090160813 -0.27439354164682155934 0.19905256250477793012 -0.94079023255065452602 0.063999922157316604943 0.97995246936773483526 0.18867211702806738205
-0.57466817751281051851 3.010692009647256473 0.92874028929535723531 -0.99864060986964287014 0.007653864746541927909 -0.051559195821640410595 -0.0063280511291483217129 -0.99964635340598051449 -0.025828741570552357643 -0.051738651782208079644 -0.025467361006830498832 0.99833587806665002873
-2.1260297728105332915 3.8462306303792157536 0.71718063592404279749 0.88342805958678938261 -0.00058930774572509350695 -0.46856644806376934742 -0.20229392829632827921 0.90152292479881313003 -0.38253572726816270633 0.4226488259880961107 0.4327309427098753325 0.79631143474902632562
-1.7167002482771105409 -3.6598581967327801223 5.8187988254271321154 0.69236677232649224134 -0.0058625757863486442634 0.72152192120763714023 -0.30540706133392786503 0.90359363214424970323 0.30040818037403993479 -0.65372377918004209718 -0.428350531870127893 0.62382773453978435096
-0.46381636867259906643 4.4459594332048908427 -3.753201124641408537 -0.99675065907850235458 -0.002588461144116825912 -0.080507288461407394697 0.079564442941356255945 -0.18742449769499869294 -0.97905135569248635807 -0.012554801708378401925 -0.98227560161725491206 0.18702144107395010653
-6.682325380957601979 4.6503075791557533236 0.25776231895132534211 0.99655119127190838757 -0.0048758592533323331583 -0.082836882914966492031 -0.079753153813259314298 0.21940938990860534008 -0.97236770517991455431 0.022916318015290454424 0.97562069761592096206 0.21826382373668112846
7.2779885264330896888 6.0785740132089962628 7.1788958254188619534 -0.99665443044753654345 0.0054753392773144128267 0.081547329380229488516 0.022107044448364962519 0.9786210658475726909 0.20448004319518336969 -0.078684336783169356311 0.20559871142389002374 -0.97546806457511392452
0.87835521715888498218 6.6703959489718585019 1.7045366192484068257 0.83643640777948946585 -0.0011978339853987085215 -0.54806267974985067859 0.53316536998515318135 -0.22980083638680384728 0.81420283949668348367 -0.12692054203101502119 -0.9732369396963590491 -0.19157514249203827505
1.8390368869811799524 -4.0886660127331664327 6.902281327140293854 0.9927112665924935353 -0.0094013157657036414833 -0.12014972510294623376 -0.080169601985629293517 -0.79589127159620176588 -0.60010825582935500844 -0.089984310287427635155 0.60536658237704643604 -0.79084393203923997184
-1.0685340561846350393 -2.0667674441702836852 2.3712808228629276286 -0.75938163236547551183 -0.014560945783338751988 0.65048252496425140734 0.61443495215131305187 0.31282067453384093669 0.72430167413768153928 -0.21403089963967641962 0.94970058673349810885 -0.22860352043956452817
-1.4948771475946993625 -1.4293335840341945264 0.42145530551346588322 0.34785315202208322294 -0.00090602334339347050107 -0.93754859274069912711 -0.81672169728812560319 0.4907695995036913672 -0.30349772549715181569 0.46039532339855349097 0.87128891839887234738 0.1699757831811018749
-1.5258047958642226849 -5.34701346047156445 3.1627704999727983548 0.95657971611752978802 0.0064901244653375739224 0.2913985672528976445 -0.27664620538129475191 -0.29456401421237027316 0.91471247863965554625 0.091772129542118260903 -0.9556097110304431208 -0.27997849278784325833
3.9604279976894480875 -5.5128984975546329039 1.8102873903961109736 -0.98243705368678724277 -0.0018563037035792349233 0.18658507357203787946 0.1862335732700530766 0.052393384090286959642 0.98110753207312806357 -0.011597056970611661908 0.99862479812994242589 -0.051127495826538707502
-6.1718298239183218001 -1.7074382200158937373 0.9750862274559009002 -0.86899746307431613435 0.010167411400268862656 0.49471207071964257151 0.3458203415338604314 -0.70260277339354026971 0.62189841147977253932 0.35390916991763649024 0.71150963912312592541 0.60704392994497724523
-7.1068400274136456218 -4.2332559496499779783 -2.1055376922254502858 -0.97498665040991805419 -0.0025311921472227004275 0.22224901482040726464 0.11585430675384644772 0.84756245671737717728 0.51789541566784191851 -0.18968081381345996972 0.53068962212334436224 -0.82606883117671925376
-0.69405127818867606848 -0.070265772533067524797 -2.4236823443993631422 0.97014354740252184417 0.0050052914447829199504 -0.24247978161241118267 -0.004805727738563981763 -0.99919400406676595061 -0.039852819447869732017 -0.24248381887073344743 0.039828247445741746247 -0.96933756158068629105
3.0574315811703773882 4.2780992836323781248 5.5213545739972840209 0.92344780852832741846 0.003163349793128579935 -0.38371100862828155798 0.34972307338391139808 -0.41846326731555077982 0.838201804967351638 -0.15791743686917963929 -0.9082282131302136241 -0.38753528356395444687
4.6638220854700742635 1.3193121070609656886 4.5722232049843674062 -0.96672873651539159567 -0.003681291297066647053 0.25577724310366511951 0.24896691225124939484 -0.24316709163329774945 0.93748879574670707093 0.058745438966646766621 0.96997742944925857689 0.23599313498409404954
-4.096761892536658678 4.9539426778910051752 -0.44994710422472822264 0.71474607417460900294 0.0067040067861609377656 -0.69935191838218957461 0.47103043363211805072 0.73454513839182822288 0.48844013989139389853 0.51698005768514265768 -0.67852670983386464965 0.52185546274613259232
3.9265771861222513728 4.6347872915691663565 -2.555907363744465588 0.85594889027747256272 0.0048075820640843831139 -0.51703808794653038916 0.16146099522007301141 0.94746807176678171647 0.27610613902119540697 0.49120448313842052235 -0.31981422754053179247 0.81020800761751232688
-1.2082776136094210973 -4.4992245290687824522 6.5589974596023976616 0.60665990130433233851 -0.0068005491415836080357 -0.79493239755397293589 0.5941196007264021306 0.66827755410417510884 0.44769075343737541051 0.52819093534646077703 -0.7438809469343264924 0.4094575345573935321
-0.86508229722590523902 3.5587004909912329786 6.0954431521774283809 -0.90461325105253087564 0.0024935112140014193544 0.42622605319464351714 0.42066059911941716676 -0.15595087093478510187 0.89371359293858898543 0.068698809076862349388 0.98776166571527890259 0.14002630243962199685
-7.0287167153558947064 7.1037316126626279811 4.9016227511752719082 0.99927236314794143368 -6.9568544120013038959e-05 -0.038141046248929971751 -0.027302094505620443793 -0.69959037776273147458 -0.71402233786999214082 -0.026633435458990033923 0.71454411935302197811 -0.69908322938954148285
2.4615775503788399625 -7.2692722173525821105 -5.7429771246056384726 0.81452316408596536768 0.0025155860681731964656 -0.58012557864153446729 0.19530915748040922342 0.94042695536450338079 0.27830105035364782751 0.54626582189595085381 -0.33998649009987175207 0.76550822227976988987
1.7824250366722729222 0.20758015945304864047 -4.8355044965282454328 0.98110354956017586936 -0.007688063439980295441 -0.1933305943742474331 0.026444037811971465857 -0.98450572600761465658 0.17334701705712957098 -0.19166778003810888698 -0.17518381528819793047 -0.96569875890795719986
7.21365969920592498 -7.0952962133599575267 -7.3957392725419950352 0.99506953933193786899 -0.0069567963665260789188 0.098935407604949482385 -0.087643106485185778842 -0.5286173430970905196 0.84432362898521806649 0.046425184752080295159 -0.84883173100526199129 -0.52662073132322972935
-5.2401040743910280995 -0.74617333806813268549 -0.074555618121290301303 0.52984252827718969492 -0.00019565001504726932391 -0.84809601870879525176 -0.54440232382561648539 -0.76685744919285636634 -0.33993493852630429775 -0.65030224130181168984 0.64181743069085361864 -0.40642020203140361012
1.0472392082751147413 5.5615212127958058019 -1.0928322318009264791 0.4902000346130337971 -0.0099876876305689081537 0.8715527363051354115 0.26575080769637704492 -0.95061031972219223185 -0.16036373731730743653 0.83010868822932093458 0.31022615320669416628 -0.46333497557649200305
-3.689657474304582685 3.0693452499350515339 2.1642761183456977747 -0.42986469712569747026 0.013503668449325762282 0.90279233110584988786 0.62378253430022734261 0.72733912333133332595 0.28613484508800562933 -0.65277231257695766953 0.68614535676488042082 -0.32108076448612854481
-3.7309599744682677702 -6.7819708395433888626 -3.5442745236050239299 -0.99290276837386381992 0.013420884838609722575 -0.11816925321637705704 -0.11809398928824309249 0.006271242699582638136 0.99298261878503191191 0.014067773440037886767 0.99989026966215377445 -0.0046418084072029925508
-0.54591488264688503573 -6.2826612796125633764 -0.95550854730241929769 -0.96668690686473979223 -0.00057080239211586725635 0.25596112650334373884 0.25447608538587634941 -0.10972967027849590826 0.96083365960350808344 0.027538083864011284052 0.99396130389727288534 0.10621949111109568742
5.0643812356081134851 -4.7847523783207579484 6.0410909252337257058 -0.76599807893353555333 0.0020104855846326324595 0.64283971642846304828 0.27284162414427198806 -0.9044396632610532949 0.32794259201039271945 0.58206906051117557332 0.42659682777534829734 0.6922505004170889098
-4.5140693047648046132 -2.7828867224421340865 -5.5423377276753820198 0.76126698426852690282 -0.0085860845072165958847 -0.64838172230210655567 0.14236616518965883316 -0.9733021063379120319 0.18004134193892773474 -0.63261714620437603518 -0.22936714880475503331 -0.73972039134881883982
-5.0526979687559574472 -4.3575768928289511095 -1.030772574233399741 0.96211176271308840313 0.0088584779823848072006 0.2725114372221056902 -0.056812731410314946945 -0.97102078270375247193 0.23214425064370108887 0.26667071380025003657 -0.23883083327963944287 -0.93372724254789152276
2.6033036159944233923 4.2109874091393422191 -4.7398431640627096684 0.9886710560942920667 0.0033805639125276476867 0.15006036994782095961 -0.14168519660912623492 0.35102815877021364965 0.92558334946790854492 -0.049546421697853011701 -0.93635880064113041765 0.34753035631282236384
-4.1838721737129915823 -6.9878757878311104079 5.4351300480626729694 -0.91570064596072753282 0.0023385315401584236619 -0.40185427490228398106 -0.28841927315286525202 -0.70015592010812988111 0.65314317757407602816 -0.27983325367260258876 0.71398614749011257707 0.64180770588327795689
6.9863188026792819585 -5.8156553969973492357 5.5040742987089661398 0.9326749248431601691 0.013391335627037169453 -0.3604693561163403448 0.27581704545823798602 0.61754599211108729406 0.73658801582851807233 0.23247030348731245741 -0.78642076508553071523 0.57227610315207200209
-1.962116702538685864 3.1407234941189949851 2.702748209911429278 0.99188458341040897093 -0.0045434045748584750771 -0.12706034262362297937 -0.12412006789877463864 0.18197215582757891861 -0.97543853893939269639 0.027553256387694322754 0.98329318719207547961 0.1799314482910191193
-5.5950870095044846764 7.4216925887747784429 -6.2748059748052256168 0.96438138183637334144 -0.0016516790451583558685 0.26451053348345143768 0.13353962204352681775 -0.86015268860051941058 -0.492244371870095343 0.22833247625298630501 0.5100339442132072465 -0.82929467382750887694
1.5247472052809005749 -1.5006603828953541946 -6.4238959818633523113 0.99953477800716206136 -0.0048149556319044056404 -0.030117167136668412941 0.015525763946624275211 -0.76961913457842512365 0.63831445099161532308 -0.026252203868418828164 -0.63848508509832502256 -0.76918633496644472913
-5.504823314563587644 5.9689467782901006743 -4.5869679120788164894 -0.95177211186733556847 -0.00055760306892162951956 0.30680537177575500918 0.082969358763201564444 0.96227040480895020824 0.25913655383866718296 -0.29537422463388190996 0.27209439007043739744 -0.91581587140336517816
-1.4866349805721730259 0.037578585220987580084 3.8641317986951793095 -0.82868388490784927747 0.0028736590911110663701 0.55970953268397805047 0.50592147445747637224 0.43160892325350169729 0.74683143951676511652 -0.23942948978084033218 0.90205625071342476762 -0.35912120512713308074
-2.5885628575258605721 -4.2158429950416254073 0.3423062022972915841 0.71661410759518096025 0.00066468253991319118518 0.69746955416890632495 -0.66275531610260873805 -0.31090666045879655766 0.68124330415793732385 0.21730074038799546132 -0.95044021730956429472 -0.22235957714316403888
-4.2258882271246358542 0.68261481422353220694 -2.8431098468027014015 0.88614792176150347647 -0.0031195525299803836261 0.46339198218120503103 -0.39263278652208521979 -0.53618495383214503924 0.74722499304553458011 0.24613280095449197038 -0.84409475989127014106 -0.47636402112075826309
-6.6242078073964494322 -5.9755953794677880708 -4.9612965987286736791 0.99371031003697085637 0.017656598285408262039 0.11058057814614005721 -0.095147962829860752154 -0.38757787174539642949 0.91691344111786243776 0.059048157426539585324 -0.92166785658956507099 -0.3834601377382690357
5.8083153608785913491 6.2609654646843386772 3.5003956922127343887 -0.93533992248891884014 -0.0046534839283766671336 0.35371962694454917031 -0.27079731728177575123 0.65279400099035433946 -0.70748060413268032409 -0.22761380088095883867 -0.75752117947836750123 -0.61184444125137149584
0.11566189231594954656 -3.519950576644494955 -4.1245682076629508472 0.8772532059863766829 0.0022708174516925558155 0.48002255777688757066 -0.079897705237099672648 0.98673062815819523319 0.14134717596153248409 -0.4733319863313851239 -0.16234996409771160208 0.86579404010017324556
3.9241754751433748361 4.7359680746134049656 -7.1863854113411358426 0.98585234294852330805 -0.0039411099274664898248 -0.16756976324944652945 0.16352520073362433739 -0.19690885955424586307 0.96668837261771967118 -0.036805796119258105126 -0.98041387621852482681 -0.19347858974681522715
1.9204656487588500635 -2.9261710477480433745 -6.329435138054189558 0.8611384491330950075 0.014829473846770897458 -0.50815416767980092771 -0.47924667678354548883 -0.30978653702485575705 -0.82119116183144869048 -0.16959715273782971501 0.95069047969550224408 -0.25966212199633093016
0.20078822083106023788 6.5875053294756922284 -1.2952644806435085201 0.90069375282249064529 -0.0031993973581038240295 0.43444277814570092522 0.33366282566927601971 0.64552178015299765956 -0.68700127373564079392 -0.27824428546312429678 0.76373516038258970617 0.58248495465773009183
-1.0071571477206169298 7.0058939602950527359 -7.3724804664477501248 0.9999687670772927639 0.0010434870503483184567 0.0078342839298096451223 0.00044720013391000117131 0.98218747331263511757 -0.18790307948436313357 -0.0078908099683554968479 0.18790071421475268432 0.98215633007965619239
0.29181812406766327594 -5.6304655775616447855 -4.8113134560718906485 0.94773436474728112167 -0.0070411815117534777911 -0.31898275132026387979 0.24867226737389197533 -0.61008654212319757271 0.75230081387656355663 -0.19990417033192678375 -0.79230349796217314218 -0.57644903486855469943
-6.8978724742661690073 2.9001100205207386296 -1.573208065133974376 -0.97563914519772487743 -0.003261703231166194171 0.21935728766086673436 -0.066399594417305030092 -0.9486006115899802138 -0.30943169448573742963 0.20909173158957800043 -0.31645890883825256168 0.9252753140539305976
0.19474947442571244327 0.67079710176379492292 1.2384029310256738921 0.60543259377657820952 -0.0072878668572994116312 -0.79586321776403989858 -0.59820028359330812417 0.65541842487941304185 -0.46106735846024432535 0.52498361412703298257 0.75523080930622799034 0.39245207296293094235
0.26966606256851916035 5.2441869348184004807 0.22010873896876489986 -0.96260459813159138243 0.0054658166282865496 -0.27085515041201674302 -0.069864335804391469731 -0.97098682597390617577 0.22869971221603047074 -0.26174675210724374086 0.23907050975329047215 0.93505824905593282192
-6.5758468263883855798 4.8040401921412909658 -6.2862458044422622194 -0.97486564930089869563 -0.0072176095004150477713 -0.222676608394411224 0.21931160140933722569 0.14492429795863889797 -0.9648312647030332645 0.039235026445821337415 -0.98941642091405967996 -0.13969881433108016777
2.066391186928848267 0.91018648285893621885 -7.1303468922049901835 -0.97760520385302840385 -0.0057768546496359853004 -0.21036799507008493992 -0.18038997378992960297 -0.49182988243837050257 0.8517997558679423209 -0.108385989664400606 0.87067215109425577513 0.47977336582327151371
-0.65673368290757572208 -2.163791381500129507 -0.8501369325680327993 0.056774899162401248898 0.0061299233444384584532 0.99836818602403021305 0.89861239694211814122 -0.43606285854116960676 -0.048424616291891188491 0.43505444588825348262 0.89989533138076016616 -0.030265849931794572975
-1.815802743061857516 1.1378202448356500298 -2.2940077755597769738 0.99422342574713173935 -0.0060200294440022200648 -0.10716127537983111129 -0.058516690918211308747 -0.86738796430137776738 -0.49418004438562590508 -0.089975422085815687234 0.4975960998947269176 -0.86272970552188965598
4.2763802724990931381 6.2984385314749360418 -5.1722755413915564304 0.63164180891153842712 -0.00034524426955449220161 -0.77526028277057601468 -0.37546712987688984908 -0.87503204775958076667 -0.30552143914252682944 -0.6782721132532596453 0.48406486776071744327 -0.55283645337737297165
-4.6761634916406702445 -5.6815206492720964349 -6.5601667465843140903 0.61084746758319741211 0.0081583689200763198635 -0.79170626646740571708 0.74330078959933643112 -0.3503278284285038513 0.56988976899887000549 -0.27270736610548340639 -0.9365916151905681053 -0.22006098887962582955
-5.4344775574924835126 6.0449436480864200405 -2.2154805724794006672 0.95634537437593980513 -0.009546733645360202733 0.29208283891128838938 0.042866204164415389055 -0.98407316239985154205 -0.17251811378740702918 0.28907786745152691532 0.17750738272230628945 -0.9407045846751993512
0.76047592522548335126 -6.9157283308286885415 -7.3667805244737616377 0.94014693051266551294 0.0049826851605453414962 -0.34073291871540306586 -0.217515215155127839 -0.76092559483264377018 -0.6112931950419756566 -0.26231828038424181981 0.64882001508671516277 -0.71429805249564615188
-4.2265117429136518368 6.1280583039661173927 -2.8064569820408165057 -0.78847501560346666682 -0.018984651177279217305 -0.61477372486862957857 0.5727975213338167837 0.34147386919794597837 -0.74518359899347530462 0.22407621320199977433 -0.93969951562963249803 -0.2583692532061983016
0.59666844172787703027 0.31392498893500475621 2.7358979307804647263 0.63640750669685264285 0.013361115109802779513 -0.77123729553409636761 0.29469991290933711392 0.91978895410142558209 0.25911434009752615237 0.71283760194796419452 -0.39218587495725681924 0.58142307550786109793
2.3108583900709152026 -2.6551629521489759078 0.45476974460929509014 0.65414148214572342965 -0.011118959308954748377 -0.75629047996127884979 0.3161475972727734729 0.91237792550592577978 0.26003310902286663753 0.68713144162881090171 -0.40919786142328262724 0.60033948073719145544
1.572963982953328399 -3.488978356067843567 -0.19375626553885400005 0.77270268714601786364 0.0037683950012808997698 -0.63475692708025488464 0.35013587898670534004 -0.83662669461052452391 0.42126077447517196184 -0.52946711278748892493 -0.54776050703227563421 -0.64778314535976977417
5.898156264851768249 0.3070399292455421314 5.4493523225884503702 0.98593235800417344805 0.0069661482241402420887 -0.16699957550644201065 0.1634304044723749183 -0.2496417036095111841 0.95444723411669318835 -0.035041237626499570357 -0.96831322029490696224 -0.24726831391775988545
-0.71763883754111412738 3.3551259020817982837 4.1278737666009259755 0.70347427362122505468 -0.010401065042638546476 0.71064461174287041345 -0.41738139241432969939 -0.81535396196429055227 0.40123645145395042677 0.57525361330407609461 -0.57886935879794754189 -0.57792174714707922334
-6.7185370296603830198 -5.8160470110447946013 2.0524533631473498296 0.48825936332928510097 0.01557807546826467035 -0.87255952099900258023 0.86450498611181858521 0.128053685400573658 0.48603845798802997047 0.11930600617423033072 -0.99164488463360156434 0.049056086989317751468
2.8039859639577100481 -5.5722008526055137878 3.0182638459907553674 0.95651738163037824947 -0.0020522125681268197674 -0.2916681111515338487 -0.27631310807770342874 0.31387238313237514342 -0.9083695247042086196 0.093410732485979072748 0.94946296164223331626 0.29965733684671636006
5.3651159061961877228 -0.13202322894689408339 -7.1168631302016702733 0.9776558696887720501 0.01335586038309026502 0.2097870860097231227 0.18345364357319104975 0.43304616942181267669 -0.88250539704236852234 -0.10263411286089654806 0.90127278675345834369 0.42091994813112426632
0.86601030174030102504 1.8114960588269990449 -4.8041142117976258774 -0.99979393465251320539 0.0033438124224210337421 -0.020022665918855892669 0.019691638806837347825 -0.079900939749388513733 -0.99660828773809395642 -0.004932300996014057394 -0.99679720041020325461 0.079818629788040398876
-6.2036532376688677815 6.4484778763304735349 -6.0034975356110891198 0.90308880703002769597 -0.0016084281270533663799 0.42945083487641738662 -0.0094809425888587178788 0.99967459631333654979 0.023681495167199518442 -0.42934917997440313897 -0.025458091929464264636 0.90277968918814710531
-5.047049647968004038 -5.242439925304259063 4.5446025555880602553 0.96949699927118981879 0.011159513405518208667 -0.24484900176382912163 -0.058777038700963374351 0.98039950253843433092 -0.18804806604719542795 0.23795131461237459258 0.19670353500406725922 0.95115029894927183296
