1125 14.717824617146108679 14.977075390850430381 15.033177056927090831
3.9325119311374288067 4.7867054271745770322 0.78816815130836515024 0.92145310857452722431 0.0040018712319758523166 0.38846898682513680834 0.38650036590526437585 -0.11050551333379801666 -0.91564512704322587044 0.039263670910792157487 0.99386745421581978999 -0.10337237347155976697
-0.45491682494252999591 1.9817759126088156929 -2.6007318757131847597 -0.93314554340830246915 -0.0008547505308794842941 0.35949779445600749117 -0.11481511794705712148 -0.94691697431205612556 -0.30027609370459618088 0.3406712249486683608 -0.32147708030473126639 0.88351321627400136727
-1.0969229607856145758 6.7924107009034830895 -7.3945388531998554882 0.99946250880523002103 0.0099028938882864889215 0.031251018947761020905 0.014169144772426761278 0.72914880978022889035 -0.68420848323626282106 -0.029562287277105563782 0.68428352741293574368 0.72861658317819710806
0.30084936337373924253 3.1798441900421359207 4.804283979745496147 -0.87177548562147244571 0.0054488210241420030264 0.48987530354050218273 0.48982283321693720346 -0.008686077665152235755 0.87177872428391733894 0.0090052611741181370908 0.99994742982030171419 0.0049033526230260401912
-0.81845373605824578433 -1.7636409675731441471 -2.3771133289448309611 -0.87188036869649154781 -0.0018638648953348199711 0.48971537518171354142 -0.40272415777823739047 0.57169550851192529883 -0.71482690092718759178 -0.27863573967371840778 -0.82046375395561366162 -0.49920071416371358808
-3.9316557459720828938 -7.0710350931177856637 -0.88034467575817942908 0.77743821249675448826 0.0061128811068685744504 0.62892961325927343452 0.12547237822844151123 0.97834581251488483833 -0.16460909281159560869 -0.61631688931226524808 0.20688669319010308256 0.75983642195497724803
6.671385444914957219 0.5559892905696245391 -1.9807476553300329414 0.75521573877888492632 -0.0067650799404578411747 -0.65544139447705762613 0.57665732498510413606 -0.46854826614869388157 0.66927487016182996005 -0.31163362694312463086 -0.88341199673907799816 -0.34995389207133137388
-3.3256370774514056876 -4.341672399369108426 5.2138367166151891041 -0.99754611764336775792 -0.0022924787384990766986 -0.069974907759952825748 0.06717133756690379931 -0.31316814867982684101 -0.94731922922632572082 -0.019742203125643984635 -0.94969492743384120725 0.31255365974826715414
0.36721808949491530072 3.0266341642977749871 0.81980191514585898371 0.99999434534223519133 -0.0033330706897938275693 0.00044712793348320768738 0.0011945487895862220637 0.22776804636898023704 -0.97371468619228684904 0.0031436184248915381191 0.9737097142850112963 0.22777073993415358766
-3.7381843072145031215 5.9226658213674223674 -1.49160016340885071 -0.95118974955122737036 0.0031080657962127954813 0.30859099189002564545 -0.018502975965101118444 -0.99872473063125577486 -0.046973953485496107441 0.30805145711241399553 -0.050390994757289350736 0.95003423486652305296
-1.6767147657148224749 3.7381570864032709345 -6.5912705914450091527 -0.95016038246919054533 -0.0025197690027278689742 -0.31175134057483377958 0.29789511190803719121 0.28757100865803120193 -0.91025349067212357745 0.091944275990023 -0.95775600532890503569 -0.27248795270452397244
-6.7804021219820853617 2.7304978907894472684 1.3871800065701083149 0.91985919981309316462 0.00950828178684553528 0.39213345317207237706 -0.055860416915002812643 0.99269224987021542628 0.10696593321986280767 -0.38825077764413279402 -0.12029833591941084536 0.91366823521099915784
2.1411799995403515418 4.384945819536629763 1.5401402340874084107 -0.95093529052879377517 0.0070550528498613531911 -0.30930939115429639807 0.28096297916315382537 -0.39891005749438002148 -0.87288634447434265695 -0.12954488630107974245 -0.91696291760312131913 0.37735544275142363091
-2.7100645485984626859 5.3890143102556731236 -7.1530469375156062739 0.99591804123505278667 0.000508046778168792703 -0.090260716987829087143 -0.05997285741754148497 0.75106339324553805792 -0.65750059749010536514 0.067457479317425558807 0.66022990027343020358 0.74802805246142589635
-0.10630268240654268397 -2.850456268302989038 -2.3262643575014698705 0.99605442653861642199 0.01105350920890320679 0.088053388958014483512 -0.087307094292544837333 -0.055801990912753118845 0.99461731791494745192 0.015907566093328107115 -0.99838066775369549433 -0.054616770287570032272
-3.8542751119502161039 4.8994858607031996911 6.2632679648413747131 0.95476093734138955949 -0.00027468421795943400408 -0.29737430466603548274 -0.21691382175011444944 0.68341191320495653372 -0.69706280263918485307 0.20342061464059468801 0.73003293174893357786 0.65243541603832622133
0.33142822684724293492 -2.4039452348001018045 6.7322192807163281358 -0.94326338655885721973 -0.0079704528273467373928 0.33194977851965951077 0.30491853351933623228 -0.41655522549303447555 0.85644990047922098242 0.13144912131286914936 0.90907547321232318183 0.39535163147498136871
-4.3804263401083201046 -3.2350023979294859622 4.653102641373067172 -0.9622079428832698289 -0.00037018636331747310775 0.27231551115276186881 -0.25377292190480371659 -0.36147843404178214843 -0.89718038645012643251 0.098768308481291838818 -0.93238039698660646337 0.34772347714100076965
1.5852750606828396318 -5.5047455371743030383 6.9559589159113572876 -0.9453440862638232689 0.0080947768637739669906 -0.32597397619037737915 -0.3259452373441227846 -0.051601270657493293614 0.94397934888389101182 -0.0091793691794851747096 0.99863496006001362115 0.051419410025888588611
-5.5893943688473513021 4.3857138592526334619 -4.9948011033665302705 0.87438950058720066316 -0.0041741762866988199945 -0.48520673688138316049 -0.44998725362747998835 0.36713331834525964048 -0.8140789876501451916 0.18153366860050787479 0.93015896642097684044 0.31913919275359931005
-4.9162250300042176221 -5.4686180295771515958 -3.3391028401384530433 0.9842690029298512 -0.0094768243098910919658 -0.17642199316553275334 -0.10252534001260586727 -0.84386745669569307449 -0.52666523540593968011 -0.14388566477172745617 0.5364679909658243151 -0.83156419484142607423
-4.8761388331038171273 -6.1453367114573866914 6.0836118149206201977 -0.99595740610642524704 -0.014508292325504507786 -0.088647361355209591816 0.088927789878066182405 -0.29852005024369149266 -0.95025134979641501243 -0.012676490400170121325 -0.95429308341632446133 0.29860344528286231203
3.5960417875959787004 -2.6141947407662446956 -0.96932979103004324184 0.5760505090190236599 0.014165439113980668809 -0.81729135037250089102 0.78206234698755972001 -0.30041302203201480925 0.54601327970840640713 -0.23779044657690084907 -0.95370401935208293231 -0.18413133081704491367
1.7037277213323234193 5.9697107211271731586 -4.8686092958671141062 -0.99645836371652229957 0.0023256467198899226367 -0.084055462325985458305 -0.037485604367250097146 0.88250828837535011395 0.46880054438324608723 0.075269906634223171515 0.47029109317122030909 -0.87929558672789420726
-3.0717864087325361666 -3.2333970099059965442 -3.2570759014815391374 -0.84691144006363916485 -0.0040311131247140457451 -0.5317186876688058117 -0.3359722820225541362 -0.77101753688105234552 0.54097558497070075134 -0.41214516666079620277 0.63680115259706082664 0.6516292301986704727
1.1168041322484774103 4.4209344272089632355 3.0399146219212127562 -0.82918860872266697548 -0.0083071348006227650057 0.55890718610146372658 -0.52644068983010328111 0.3477236173154076293 -0.77585339211237724921 -0.18790010978100651906 -0.93756027938069230743 -0.29270167623675363844
-4.1158035114582807168 6.7511036128697305969 6.5586461149177965879 0.9994600777656288404 0.0053058767099911389661 -0.032425308405888877972 -0.0086680203468333175132 -0.90933420419039645566 -0.4159761657989167194 -0.031692560264910095424 0.41603263425101916217 -0.90879724298768471691
-6.5595465258087131133 -5.8167628272492590824 -2.7354122562513940586 -0.82439491177440249459 0.0014200825726687778781 -0.56601326204061097602 0.28068047215821001483 0.86940901049824781399 -0.40662814095126659231 0.4915195845431503674 -0.49409104002196202465 -0.71713495395267090604
-6.5812929501431041146 3.2130576743975889364 6.12039873059279671 0.77981925808148477852 0.01606360342538954572 0.62579859808919735542 -0.19839122921401161626 -0.94179945254734542814 0.27139401495321907598 0.59373634291350907422 -0.33579123250383130506 -0.73124647231782102796
2.8905939622342819995 7.4536827305480981565 -2.8483313574704545168 -0.98598623238638360977 -0.0032940195564819477886 0.16679418149201225008 0.0069228532198742634071 -0.99975171822147546052 0.021179613224886852108 0.16668300347580752852 0.022037498683383369841 0.98576423398505275131
5.5013935924279477874 5.5169110277142756615 1.6065870244613726925 0.89894788190489838264 -0.0027128481699476066774 -0.43804719617116549824 0.3578946864314492271 -0.57206767232837230086 0.73800404585675516422 -0.25259473280878963486 -0.82020193777598149332 -0.51328810840076000144
1.1067118119082086647 6.7180920435074291674 0.41942118101087177973 0.64187589911569509216 0.0048968584835403939498 0.76679289962259034041 0.65382197723112300825 0.51897110093408316267 -0.55062311837130950565 -0.40063967879394635219 0.85477775893639118543 0.32991336833120588068
4.0377534866514901424 6.7238329101663607545 -6.1480544791723135134 0.96997331411598908257 0.0089960475157910817917 0.24304493624017414755 0.23441363803198950189 -0.30092706260872353896 -0.92438798634246210906 0.064822960496436279887 0.95360472635094817306 -0.29400001645191536914
5.0884924708796237525 -0.98032474296500282662 -1.5353489848178698551 0.94308347178737472749 -0.0050271948757984593822 0.33251810860954239546 0.26923598036886636775 -0.57537894874645523213 -0.77230243571688395043 0.19520643461833706023 0.81787150130759755928 -0.54127687483625153142
1.6072432751359679859 1.5239831851334775248 -4.3318189298943261534 0.974559839891005808 -0.0058935149650067644722 -0.22404996084131506562 0.043899008048792084735 0.98531088143614242725 0.1650313425258225497 0.21978624971545984712 -0.17066848978327850417 0.96050313431616307636
4.8751092764005106162 -6.9538135920815955515 -3.7824285068032956758 -0.95098989161365865552 -0.0090127281287743325755 0.30909059639547364906 -0.21414543665929100524 0.74027829998423033686 -0.63728311646424851133 -0.22306940177101572398 -0.67224014258599940064 -0.70592721486663523311
2.5681496616676295908 -4.3928784418806356982 4.3258593997708638668 0.57144668211693550042 0.0097763095819986614576 0.8205809608250181908 -0.71603096516283981643 -0.48258892694156485526 0.50438832710642411694 0.40093434178862291661 -0.87579241339727220694 -0.26877370074141776479
-5.4409376776422533339 7.1635164071634083172 -5.7670529369154053256 -0.98386047199653003936 -0.013317743322522057614 0.17844105288724310121 -0.17838112064992286965 -0.0055695981183194543176 -0.98394570753295629295 0.014097781328613551502 -0.99989580321632165472 0.0031040734551708660041
-3.434413714507172255 6.0062709337098612039 -2.7753507471854987898 -0.91420648105166113506 -0.0032979166329587710285 0.4052352819646865556 0.36789271769136711043 -0.42610101792144572386 0.82649432593099503297 0.16994545675822511632 0.90466957850485385517 0.39075759167919982273
0.99407252116972599776 1.7718606730022663509 -2.0604807238560587379 -0.87550616516192358851 -0.013544589331504111596 0.48301707926682724281 0.48307991873087741119 -0.0016152255263344010572 0.87557477302934616503 -0.011079119213683508507 0.99990696324527506 0.0079572590199548029477
4.5278751384224618093 -2.2387349590548892841 -6.2265440866181327451 0.40443836344136524508 0.0012719528602830180216 -0.91456437297375725581 0.8218892965443089782 0.43812634266772221281 0.36406495586137777032 0.40115781732711625063 -0.89891250408279377293 0.17614969656747850313
2.7684859235979804026 6.5797417813736034375 -0.87049141103996030555 0.87923631764022291968 0.0033484489061230042831 0.47637410260461393596 0.25484833586613103718 0.84154917254049199649 -0.4762849104293511715 -0.4024870475540233139 0.54017013809204950103 0.7390672489462567496
3.7749875153520746629 -3.8104823967178695909 -2.8870969642135748678 -0.99836692434104767901 0.010738035887507079921 0.056108635405891456316 0.035808612310575076154 0.88290196607905213622 0.46818998449136645101 -0.044510983658195460433 0.46943456719647791431 -0.88184463453317185611
0.051370095482980583645 4.991400159304187234 -2.6098014627447825298 -0.73797700467530802371 0.017874377998950852914 0.6745890950657983387 0.300113281758840722 -0.88665880854987288995 0.351807014331621426 0.60441869484856958206 0.46207863381908309552 0.64896947346188182948
-1.3611751931932238868 -4.9630820265879469488 -0.37741851884851984611 0.68614412022957638193 0.0075841312040814757092 -0.72742609743414499146 -0.69027038569465015705 -0.3088620710923235535 -0.65431721334032555415 -0.22963675861516294474 0.951076601538739963 -0.20668879287046590387
-5.7757436848285541586 -0.50213731910099335121 1.2076544639207240639 -0.59981085374670606303 0.018562576251836684221 -0.79992647817824968914 -0.67474800286006109129 0.52558683228171543256 0.51814439528808231561 0.43004891857089549978 0.85053742568744050701 -0.30272762533509628424
-7.0954313437846883161 -2.0546242341318579072 1.6449254923463358935 -0.98959286916039013171 -0.012552302158215592962 0.14334710676331507972 0.12688445045009263956 -0.545979920011708586 0.82813420601855247671 0.06786965110307183191 0.83770422384902154533 0.54189052750957045212
-5.2860111062306192053 2.3980897740534916629 2.3944520820027079822 -0.93937855863775565624 0.016093117012503474483 0.34250391991401013536 0.10142640063394357808 0.96723735137937838502 0.23273287552676280576 -0.32753718693614986002 0.25336321295984587376 -0.91023429593296023565
0.64709075825174111607 -2.7758898170891321833 1.0583610077514244985 0.99315557550079558435 0.00066983448256404884424 -0.11679706406154014009 0.11628316555828245582 -0.099547066954953355999 0.9882148586559832415 -0.01096486476777472005 -0.99503262900390598844 -0.098943615045053306956
2.8992324416133938847 2.0505540731624929407 3.7996142288043008861 0.99966721291226257051 0.01075097425032941513 -0.023449519844326027762 0.01230311497019260375 0.60027488832658915108 0.79969912580078839071 0.022673702615371129493 -0.79972149839627126866 0.59994285412234038546
-2.8736863178855132084 -2.7868640399445228084 -5.7727630466321189218 -0.99125018661513109031 -0.0083295630908981760365 0.13173338951821134124 -0.13126107019830848821 0.16740549352868758226 -0.97711101323589000245 -0.013913985254897176524 -0.98585293990289724064 -0.16703407406631426424
-3.7152890248460281875 -4.7503904199265809538 -7.4801886018404202261 -0.99751689673287780025 0.0066483351227918331336 -0.070113054224644338897 -0.059492270428466248466 0.4532585343558747093 0.88939157337638818923 0.037692313432257276706 0.89135430703718943057 -0.45173752205724593267
-2.4128123494652902181 -2.2436496960818952395 -3.3363042155225599572 -0.98403351010848350011 0.0083814167660083566114 -0.17778583418439203312 -0.13244174292596860854 -0.70178183538550786835 0.69997245678225405996 -0.1189001081344568389 0.71234261937357257199 0.69168689224943757932
-2.3666995735185909489 -2.8384582333647965235 4.9732959698076983912 -0.42222139273763525935 0.0083694507251446826485 0.90645410684111282773 0.61292046973145708488 0.73937304456823493837 0.27866825931613870004 -0.66787543247146097247 0.67324397751536402268 -0.31730892429998658333
-4.1012399985303797934 -0.16801743760932685845 -1.6189071881962948662 -0.83136529609647380479 -0.0097571380360912118856 0.55564065969274656354 -0.54376448464523974291 -0.19204964412515102001 -0.81696824872818751828 0.11468186292943086113 -0.9813367069710204893 0.15435782411751808318
-0.44606780948170288159 -4.5314654033839136815 3.6842344146215859624 -0.14273242944507344432 0.0022714960873323371271 -0.98975870488221251442 -0.18056166186886329905 0.9831565888417829191 0.028295018644267047603 0.9731520640926812904 0.18275109335503689212 -0.13991818334190078699
-4.0689135071078696981 6.8669528891310021024 3.1977003594370296824 0.83074723326004851209 -0.0060028643077898579533 0.55661746294097058652 -0.36464245064484884784 -0.7613961594019126311 0.53601471214474305516 0.42058877495533653068 -0.64825909485948329802 -0.63471665199010995906
-2.1492854523175681791 -4.193279388050350498 -1.8254680443062205608 -0.50560991159604862233 0.0029644697674953389421 -0.86275710904917257693 -0.65034244007178099167 0.65580073692827445253 0.38337984308763833896 0.56693326585880887691 0.75492821205947335805 -0.32965143212078551471
-2.3350699336210287704 3.0703450192093622029 4.9109881532230188483 0.99985491099440437779 -0.0085414133386531136682 -0.014737748082473068473 -0.0052465699346240582401 0.66871226767521618761 -0.74350277508870943333 0.016205877461152182889 0.74347222363644949183 0.66857043175494901277
7.0586641434548251794 -1.7515835083766109204 -1.9515799217489699924 0.87300466936550513708 0.0084991392744342281196 -0.48763778760212117547 0.37358916252742691011 -0.65439191965827037123 0.65742098622412670217 -0.31351871540300152441 -0.75610778339960393879 -0.57446238778051728069
0.72610023316532568138 -1.3493471492157105285 6.9021787820306954586 0.90056056359519165433 0.010375124883774634529 -0.4346067510757792296 -0.1085305746615348732 0.97342587699454263817 -0.20165112536493173812 0.42096530220509081888 0.22876717155433559658 0.87775497467024643505
2.6105901625447627268 1.3529692203386458615 0.74931968597091536122 -0.98141369747703421922 -0.0077430194168502265023 0.19174775110726491323 0.0089258113086510063039 0.99626249345424389148 0.085914923201892021143 -0.19169633355091761362 0.086029586693297216415 -0.97767654462838715634
0.79072070664804439133 -0.88898850787280059293 1.6009352952164777051 0.9891520947132721453 0.0036267705661547585717 0.14685019598115897632 0.026429551270525823009 0.97898713876238685483 -0.20220203005316614298 -0.14449779356128503172 0.20388974636609563662 0.96827132508546409628
-0.99324683020597115402 4.9049786428962338647 -4.2033043942766159518 -0.24530075107741663998 0.014660322458527231745 -0.96933617309286357333 -0.70354769069045663965 -0.69060293796332028471 0.1675954325169608794 -0.66696940592875186837 0.72308551155565747859 0.17971965538915518623
4.2746156793699441323 6.0046665470745130833 -5.3720464688678211118 -0.99836152944183353952 0.0024936888540209160327 0.057166756480437765087 0.0066142284368237401482 0.99738241883892442274 0.072003906652346225115 -0.05683756251608893667 0.072264044357525036855 -0.9957647309381228995
-6.3149325179776436556 0.51309028155775859847 -2.424454211289832628 0.70140850779650454339 0.0032244979853081560256 -0.71275220645292924893 -0.7017432697107935935 0.17825829801449144529 -0.68976833981040241994 0.12482983860634287721 0.98397844580146454074 0.12729465657209926288
-5.3433491397182359961 -1.2626604227201596586 4.8911903345946390331 0.70901605737298700749 -0.0081251896290642985909 0.70514552517961948119 0.6937895147312657107 0.1871289839670730315 -0.69544148036214936681 -0.12630257177195286511 0.9823017482692825153 0.13831462580239814453
-5.5577376895877730334 3.8169220970380055569 -2.5066142500131562976 0.90364435042220847549 0.0099695044113732589341 -0.42816760378610196902 0.37513728542444380043 0.46392193743360976566 0.80252629430586519543 0.20663713372606692942 -0.88581998450568177894 0.41548050497683808313
-1.0878182427444615943 -6.3186144803430277506 -2.9773603323305062318 0.52864405868112751552 -0.010059714647010522398 0.84878398981270186674 0.78008773385473539896 -0.3884710256379755311 -0.49046242438050713375 0.33466189910202925883 0.92140602580010189104 -0.19751543967105872346
-1.0919499664759291235 -7.0752494497915572325 -4.2942964691293790125 0.85765255246619687135 0.0083067579624646822878 0.51416252004622164939 -0.4227930619468323048 -0.55775190584722245113 0.71425404324613661622 0.29270826093191726347 -0.82996614948798363987 -0.47484530605893293664
-3.599704421545211197 -2.3327284176918952063 -6.5187431114914007324 0.99327214728398804944 -0.010316958511948083957 -0.11534297463135229078 -0.066454665272806912046 0.76491762843038879627 -0.64069087646068534347 0.094837855802552314954 0.6440454813780333021 0.75908576526187443445
5.9762622445184936382 -6.6258424803413564774 7.2419951502745405492 0.94420320172506888579 0.0018906839913025812443 0.32935807135418637692 -0.086516296759263658367 0.96629160143176939801 0.24247777505896297989 -0.31779748936572344009 -0.25744313219921088898 0.91253919884923440087
-0.40795237055725758202 -3.8885200524712746351 -7.4004960210202161974 0.84675868850643754016 -0.010925723864762537652 -0.53186497534312826563 -0.4877276302908961636 -0.41515933594578191546 -0.76796125190520114767 -0.21241817739914137242 0.90968310654594253251 -0.35686855223645830293
0.57522671866645413985 -5.530898381930509089 3.4359927663181943913 0.88211342509140944212 0.0086330680323460102371 -0.47095793380072065171 -0.29612091414666108502 0.7877153955313298539 -0.54020075883681695217 0.36631722520023418666 0.61597883549622978183 0.69741075754696923994
2.0898036075814840906 -5.9598608482477937187 -3.7021848357929338924 -0.99902409608027120669 -0.0058276713887161230715 0.043782344583704002616 -0.04200765246650009499 -0.18088721813688271589 -0.98260631559596978146 0.013645973227000805783 -0.98348657975646480711 0.18046588279722047821
4.8029960517649117335 0.71055799857544676978 -5.7292774773891173012 -0.86904577524294823743 -0.011807934470212524264 0.49459075326569640341 -0.48535318039746733199 -0.17338508486676515452 -0.8569538509298367801 0.095873514645124474631 -0.98478331882153058441 0.14494855694454811257
6.0499570948998639963 -2.9767218801748258628 -6.7276763325147665995 0.49815431335436066718 -0.0079752007045512593453 -0.86705171487068422032 0.8332348185489167891 0.28108838499610522277 0.47613974522003760237 0.23992085620954178848 -0.95964874615349660125 0.14667060633151468574
1.8498771640008344619 -5.5462855279442742074 -5.1899262635502108054 0.88010380549684874563 -0.0050488874497110359379 0.47475446315497432659 -0.42076603501318216027 0.45492253773888313706 0.78485758481166856271 -0.21993916279109104739 -0.89051670023235685036 0.39825465631694023649
5.1588429150201475792 -1.4058189041287811882 6.386435348799417433 0.98342867320471205606 -0.0033299950208292069392 0.18126487760206114186 -0.15138241439936503396 0.53506822014283617062 0.8311349856695010585 -0.099756750796791582303 -0.84480229102809778485 0.52569732712282291054
-2.1324034818253734258 2.2928239157358256683 -4.2735178518266883074 0.89296923875828237982 0.0016475542520468259775 -0.45011467893903839288 0.31242498326446455081 0.71760876877049095679 0.62243737421195444171 0.324031739901487148 -0.69644449925940599133 0.64028781886566332737
-3.0464248476280824107 -1.5184559917412756569 3.690157018901936592 -0.98404308331988687986 0.021497793855810139185 -0.17662688082379648935 -0.12114460591433040548 -0.80800267720101881519 0.57658967914267300614 -0.13031958650970687508 0.58878647954532203901 0.79771378756829958157
2.5468934279610788707 -0.5323861644869758436 -3.8182710096540333211 0.98485752612281829421 0.012168494933283395196 0.1729380842101943816 -0.041352895335243805564 -0.95225116307697399431 0.30250233133961801357 0.16836148991572588707 -0.30507318818530204663 -0.93732852221818219185
5.598583447963936699 6.4547852655468904715 -6.7744704125759609425 -0.99506263336324307645 0.0067376940423601525132 -0.099019993755810553626 0.074869156631600791707 0.70590788508787538635 -0.70433562110408720613 0.065153396455415360511 -0.70827160132944833038 -0.7029270045179394355
-0.35806433038612295316 1.7288529355000910037 2.7152556746189864256 -0.99955461972586101549 0.010963991836386638087 0.027755234959522080002 -0.022316514064619100838 -0.8920992487075833921 -0.4512880495374766987 0.019812505764127803787 -0.45170645483362786843 0.89194660337771802805
3.3640753065296644664 1.4635674351226899415 -1.320073901662759619 -0.95862083922369756284 0.0040165076485159881964 0.28465760884307239609 -0.28052456645116274903 0.1570120663089883406 -0.94691772538624241484 -0.048497981641548046361 -0.98758851689338555957 -0.14938830970661257092
0.86154083150948812531 0.098727123456107443444 -2.8960818859437340578 0.99929339690049201472 0.0065205140903430826652 -0.037016074980897963054 -0.015973748393121704747 0.96514813606326188555 -0.26121622234446212341 0.034022731713726120373 0.26162293162039124139 0.96457031645042301538
-6.5489617501833548019 -0.50903527847202678647 -7.3204485198745192776 0.55289545297793585288 0.013010708438934079356 -0.83314905001589756317 -0.15518681410981674529 0.98399185499051178283 -0.087618959357282297229 0.81867189447471611086 0.17773787097385368439 0.54606371278347065612
-0.14310990637976983564 -7.1204779294588034233 -7.2455462531484924327 0.99969108723080413181 -0.003016735183232483429 -0.024670415888221081113 0.0075996777482838133791 -0.90796356651898468826 0.41898019854439289 -0.023663791103380692887 -0.41903825742169947821 -0.9076601587641209834
-3.8554354474471397296 -5.4732123965866854576 4.8991428952047915146 -0.015499374075796906736 -0.0059651061033003313638 -0.99986208394580744496 -0.84949088267109273964 -0.52735099916009986476 0.016314531664021900137 -0.52737558690359642721 0.84962658926964240713 0.0031063071562604099851
-0.64585089431983266905 -5.0227496488900316152 -2.608061500467359739 0.99965887404914299808 0.0046463997010230354695 -0.025701099290007866499 -0.025581142500923498284 -0.024256976223551895283 -0.99937840893861229485 -0.0052669424949431291674 0.9996949585120550319 -0.02412984132658414424
1.9483067651104957196 -4.0838494111752519089 -6.9993852856126688167 0.99391507390526789845 -0.0090775363845300768156 0.1097744241485329314 0.080153269864557105673 -0.62397971211779279521 -0.77731896425825885988 0.075553154758571175464 0.78138781485166264318 -0.61945524746130009586
-1.5043078443310484715 2.5806414355809796923 -5.7343046383957387846 0.99505309703518662889 0.0055662521504521340898 0.099188461615234688185 -0.043096249467248388954 0.92377672637901453445 0.3804987162690675051 -0.089510040567793158761 -0.38289107672750405387 0.91944677714376843447
0.2204896965196480596 -4.0145982937809892022 1.4981757206915116143 0.047935595452437529396 -0.0046856772688770960064 0.99883943810653419426 -0.72555585528266075546 0.68711089278267412084 0.038043683898207898697 -0.68649171848882184488 -0.72653744944634357505 0.029537349209001764749
-6.7484535823595699355 5.8026963087941290098 0.099558265520072228294 -0.97703336851099065186 0.00024083578732825988711 -0.21308622389546708065 -0.2130863534464594311 -0.0013521862180063994041 0.97703243424528629646 -5.2827879609677712291e-05 0.99999905679474376807 0.0013724498751516882918
2.6564277771041493459 3.9617430325379747735 0.69778581833227426579 -0.959220592031540642 0.002115243450967699973 -0.28265063518035737911 -0.11987510981598001325 -0.90863491197118673171 0.40001569318426305477 -0.25598010444044738687 0.41758606596992930982 0.87183488324250246748
0.56499827854681350381 -5.1754062158390619075 -4.5472454757643161471 -0.42291329907604757743 -0.0074657432291004100292 -0.90613939553621558609 0.25063748809706370979 0.95999171930730475832 -0.12488694255998789018 0.87081869009858814401 -0.27992885085252255939 -0.40412206996813926363
5.671420173476287907 5.6004162523730993684 0.20695554182744202443 -0.92621337230876288338 0.0040854756988810050217 -0.37697758268197639753 -0.040964900408656884645 0.99292992319783712762 0.11140935576839222643 0.37476748243536639471 0.11863168424385574229 -0.91949761152627951244
4.0579456734186898359 -2.1756863141281859164 2.762501594107827696 -0.99812484611524210365 -0.0023957496742153701341 -0.0611641394198500013 0.0327911688492251302 0.82282927408992678764 -0.56734180609771689419 0.051686853386227478435 -0.56828359652926996315 -0.82120778314797260311
0.17639714709494996869 -1.8697493749786018302 -3.9285115428481711675 0.9305466017403879464 -0.0042561646811347542824 -0.36614874989769718994 0.0030335825474073901953 -0.9998085250575694527 0.019331595874270069563 -0.36616092004248440572 -0.019099693304482110584 -0.93035551395650228912
-1.1302863048295948012 -4.0696352714138290807 5.19954348512375919 -0.91173964877355651026 0.0090790139516733828207 -0.410668216885502535 0.36835254177232701345 -0.42437908586263772825 -0.82717519090708169216 -0.18178893757347919236 -0.90543909954673151841 0.38357896082537101812
6.9437868819048516045 1.5056872583340585869 -6.5832510180922128029 0.99936563405841150054 0.00071431154406327492662 0.035606449162839573508 -0.020766655839355149804 0.823917920302060236 0.56632853240006242324 -0.028932256535103964556 -0.56670869974284154846 0.8234100886968072075
5.1281842290494141778 -3.8226324126854458463 -0.41710447756364288363 -0.3264020476103891566 0.0099040205634583818733 0.94517914370364330967 -0.41082601111517319525 0.89907310506577875486 -0.15129289586299912718 -0.85128355552476475676 -0.43768648839560292396 -0.28939047318280225474
5.5325173648532111059 3.8459478703668676935 -2.3087633684916544219 -0.9806959563253494494 0.011464531512357371834 0.19520247376585087018 0.14973847154483915789 0.68603498532337681137 0.71199325070665908655 -0.12575305716571547054 0.72747822196243616677 -0.67450841742997924566
3.6671371447620160211 3.9913970025769009986 -7.505528431479706164 0.93884566173772832087 0.0032402864929028251002 0.3443229936842354677 -0.28394047880369194248 0.57297978137867167092 0.76881205416404430064 -0.19479894233015326854 -0.81956309743343092045 0.53885963050901020122
-6.7265653632919866212 -4.6194167744650815877 4.6254997325704545474 0.90523857515418471031 0.0019842969739884215759 -0.42489902873306734099 -0.083448697331360399687 -0.97968404174373591164 -0.18236088743556444491 -0.41662865595941739327 0.20053738035117485428 -0.88668219905186917984
-5.4250393729983557023 -3.6338759167013923168 0.68098712049206544528 0.99756182180737706933 -0.0039334209783816343614 -0.06967739857134906678 0.030733449806874646448 -0.87162357032781756505 0.48921141310483778897 -0.062656737349077201715 -0.49016005533744777534 -0.86937750915034983645
-3.5436653109203044565 5.6696017065331067997 5.4427635315362854485 -0.96858782231442186461 -0.0021801562379887419289 -0.24866217521555269987 -0.19633177100982121543 -0.60699437144286016999 0.77007250874763932824 -0.15261541913020520989 0.79470313951530457963 0.58749932245775782214
-4.2370146537664670205 -2.1335378752175628847 1.5728656611662588105 0.994955953767992618 0.007881825537924743233 -0.1000026344036194087 0.098592221560126230839 0.10701069626447157201 0.9893575110811897444 0.018499294832803752503 -0.9942266279430654885 0.10569384267538317612
-1.7496548067802333293 -6.4333643735683558873 -7.3270279101628412732 0.20033614231574189968 -0.018229984917106117903 0.97955760306982497809 0.32431956931007660527 -0.94222271428213077993 -0.083864018823946312464 0.9244902633584504148 0.33449069395222252865 -0.18284892292471088826
3.5534891956990120043 -0.36086487501466335548 -5.8106731323254070531 -0.96881865596800453844 0.0029302541244161264648 0.24775355791434208741 -0.15162322359641122738 -0.7978532037360592799 -0.58347293283783463469 0.195961245951055546 -0.6028446556940052492 0.77341936307961001162
3.4558759533878729009 -2.8756385387188854175 3.600494312114449702 -0.85588624309070215901 0.0049300304981800633503 -0.51714063240795238308 0.51026698165519779327 0.17081595582553901758 -0.84288167417959813932 0.084180439060947589991 -0.98529061907380111052 -0.14871465847325757159
-4.1735997973293024188 -2.5850058547481866711 3.7096148827559423111 0.97683973516418232119 -9.7678219453146107598e-05 0.21397224647934606767 0.1941946257512607299 -0.41949794370854770476 -0.88674118126630840919 0.089847532708445934646 0.90775628099357241751 -0.40976329164887903556
-5.6386707636296327095 -2.1799994558782627152 -5.487694467026035916 -0.94800240625701648334 0.0056779698590976313 0.31821250507973986021 -0.031894784753414930079 -0.99650235998084746303 -0.077238392384000612023 0.31666095502344554502 -0.083371501190858454677 0.94486773272917401467
-0.25472217646075567821 4.7083875926208058615 -0.20173016130967030834 0.74727076063435582398 -4.4360487914518915986e-05 -0.66451968242712255996 0.46568015410475083193 -0.71334537683304177769 0.52371783187520060121 -0.47405527565249078181 -0.70081265070154907804 -0.53304148454221955689
-2.2511719138757011471 -4.0666707739089780205 7.129247502486601995 0.99949174438658261455 0.0070090271463541676394 0.031098656590697808938 0.027546697854203189282 -0.68087970895878069388 -0.73187703978572382635 0.016044698208830959069 0.73236172446864611363 -0.68072672357763153173
-3.9005552470570896695 -1.3330812832465770423 6.3124216383412496967 0.74244675275546156978 0.0043177193520082786729 -0.66989116774471446636 -0.52795855953207826428 -0.61175096267429696084 -0.58908447533767138715 -0.4123500681940289736 0.79103863177898414705 -0.45191293884305000494
-4.8706282812244161562 5.0381373122251460472 3.7484887576884626803 0.95739611597460372305 0.0061629207751599541371 -0.28871213262395811761 0.10088515264863293086 0.92964011905176213713 0.35438881898902629963 0.27058245155930471526 -0.36841724641625311909 0.88941209203111237791
-1.9000420855361532801 -3.7004753171649316101 6.027516835113622129 0.94985560720282669056 -0.0098650821346865074507 0.31253320722720834279 0.22367655763313787354 -0.67699971559821858769 -0.70117058027656220531 0.21850199777267120815 0.73591715922001876837 -0.64084538832307491596
-1.2320317284593751417 0.10835674928018884655 -3.6108903038416495512 -0.97599760110925704026 -0.0054030081337870950603 0.21771423961719679752 0.003522157556755009869 0.99916984279161780158 0.04058595399778221896 -0.21775278881129325748 0.040378617594829968596 -0.97516833941934910612
3.9129094504697676804 0.54449389132205971986 -0.68467570377459974207 0.99586579486783721737 0.00057426296379017459284 -0.090834953813521052135 0.0098496066082119290708 -0.99476667414447927928 0.10169684980951185227 -0.090301184166859227442 -0.10217110273245987029 -0.99065976091925433966
-6.3262830598331731835 6.1007377464389254129 -1.295431354417853953 -0.92597476235459585947 -0.011531507715712433632 0.3774092789165278683 0.035042676194477921647 -0.99784417848207118684 0.055488794494756243925 0.37595578241012483911 0.06460665444952906622 0.92438262092768297418
5.9055882579341876237 5.7952195757435136514 4.761177548334025289 -0.99790191498503411083 0.011370902676831365699 -0.063737513610959736776 0.049852002794029494359 0.7630891213783622673 -0.64436772936835384762 0.041310360521531593048 -0.64619323379797710682 -0.762054957799850885
-5.1484062208131282645 -2.9740786210571430459 -6.7791134801838524027 -0.87346186048028717774 0.0013185664203293448633 0.48689078823586912081 -0.19710935038517146678 0.91343043619779962228 -0.35607968520854427208 -0.44521037979485267311 -0.40699275129926482109 -0.79758674645005789294
-1.7258333130021445978 2.0159106444129317737 5.3327143906139271579 0.99998690616146979071 -0.0047422693809296917813 -0.0019231190100091463333 -0.0051173590813370466168 -0.92581135051976670702 -0.37795126125593014876 1.1901285829244746817e-05 0.37795615371373014746 -0.92582349599067303991
-5.0433819433307851554 2.6130194165103652892 -3.1171141044819705712 -0.96943342921241459909 0.016048352660644346623 0.24482907650491497753 0.24446532952627575419 -0.021696005171762337838 0.9694152804753468633 0.020869331205741199764 0.99963580054754008763 0.017109566872388463216
6.9139152975656479327 6.3829477767920099751 -4.253737087299660935 -0.93844076652274777128 -0.00912009548162817478 0.34531978163247856184 0.25382024435543137919 -0.69628110910119633825 0.67139250864467359126 0.23431647676509090306 0.71771125180488182238 0.65573344260387056437
-1.0649732775056637291 6.0208662702038742154 -4.6990249732747750855 0.97643106585146000054 -4.6967923150496556153e-05 0.21582949620988453598 -0.055512125177554640099 0.96630256046676177295 0.25135187604952219376 -0.20856840028746301274 -0.25740893424538446865 0.9435252317624196472
-0.026063401414762953079 3.266275370123931765 7.4959724825469438159 0.84572547140319864756 0.00019891591641765403106 0.5336182038239406511 -0.11080698280276490841 -0.97813719645163843541 0.17598135548887750002 0.52198681935658630682 -0.20796053796342606201 -0.82721350029365292578
6.6381652666713524269 -6.0095694389788638645 -4.7465765700686182171 -0.84757987103027876419 -0.0018507475854139896626 -0.53066461815141552361 0.13443311003246929958 0.96662567966018775323 -0.21808836362464345537 0.51335767370454843395 -0.25618620211640252826 -0.81904366714707577124
5.1958414570175204261 -7.1305166885719000192 -1.8485385836168559681 0.97644881808305428184 -0.0064365287383246275188 -0.21565313993089205158 -0.13210285223646078823 -0.80811163872139191167 -0.57402475190017154816 -0.17057708549284911204 0.58899418542194736936 -0.78992993831334878951
-5.4955913549522241723 0.76132015189471580197 1.0509888376099734142 0.96199613671543504623 0.0038774301262806069174 -0.27303552604005953963 0.059035194529359159843 0.97329823721491082189 0.22182287357523639004 0.26660509888452260663 -0.22951145280774798429 0.93608023923101069119
-5.3261190762466235071 -2.7847091750923187448 -1.0767189670799617307 0.92163938059793759638 0.0012508477856552687336 -0.38804547093197699903 0.38796765300554719724 0.017313209324511417281 0.92151036510950523617 0.0078709816653456839142 -0.99984933273106890717 0.015471247038283673578
4.5746443760221424668 -5.9422788295647324119 -3.8326270438863496715 0.74081793479563917693 0.0018572961441849938392 -0.67170331094620694401 -0.65301821345358368465 0.23623052691738286035 -0.71955705197733643708 0.15734039653881576326 0.97169526529839611584 0.17621665929654517502
-2.8503723773110216655 3.8691227549946018982 -2.4878358058307261658 0.99981773187887534871 -0.017322438467354737274 0.0080272128559914779355 -0.0066184293354998634598 -0.70885126498846229293 -0.70532693165470805585 0.017908082360265843713 0.70514524549900570172 -0.70883671133513581619
-6.0031410559057620802 -6.3772807368048329835 0.23299246097668668831 0.23978842398139088576 0.0061016166736137938953 -0.97080599606646034161 -0.9621098889867708559 0.13518378663595873035 -0.23679084725681706636 0.12979242365531931669 0.99080175318010210717 0.038285932885745665999
0.29809273369483108018 -4.8860471526340809589 7.47037842076374492 0.998682771847033246 -0.014112558642256901181 0.049331094702764685667 0.043464296869449574323 0.74363132210594118376 -0.66717562281663833623 -0.027268592073094122252 0.66844094164823808502 0.74326518243133676833
6.1860839512636136561 -2.9499367715160476067 1.8661392989170688672 0.93957097545396828231 -0.0076724852153578406572 -0.34226819170822386784 -0.036334151631530198223 -0.99633724483573327113 -0.077407518875715147777 -0.3404206390773215074 0.08516588239369951574 -0.93640833025255876265
4.8324414986455606069 -1.3443610057079908859 -6.8768929121154451778 0.85465779065691083183 -0.001064598986464822955 -0.51919064658215974273 -0.51742040910890019223 -0.084279764456018507746 -0.85157092572543890974 -0.042850683857278443201 0.99644156272813755315 -0.072581202530180480292
5.1946710425990563209 -7.0952290956880847972 3.9430627851435198217 -0.85528222431169720341 -0.00097829900659715703093 -0.51816151893732886879 0.51598470590502043542 -0.093193587235071179142 -0.85151320516496054047 -0.047456296194219572959 -0.99564752710449300199 0.080211605907216917966
-0.47674760698019413852 6.325973411218855702 0.615173438602630962 0.86035160773527963318 -0.023428217172483244146 0.50916228229070925604 0.3759984962773963435 0.70360436242792956385 -0.60296437039807670999 -0.34412242278653770722 0.71020561798150994015 0.61415611885175647178
-6.5469239469389934882 -5.4194190967274984416 -5.1483397981614231753 0.99984204960929934369 0.0021925712068520900738 0.01763713311888280566 -0.0075804524317848159115 0.95017963403144534151 0.31161065420318051489 -0.016075216144091197118 -0.31169513262726805669 0.95004617346872455297
