1125 14.717824617146108679 14.977075390850430381 15.033177056927090831
6.3705484709963275947 4.102376595409203297 0.59575754814345194266 0.68224101084451693744 -0.00059166202210626621383 -0.73112711142309672052 0.44051051110869221539 -0.79777948865130132727 0.41170180603209816095 -0.58352180141322318452 -0.60294903385230513848 -0.54401725142869028495
0.086773026736758587796 2.1385696101893092447 -4.6782519909650037704 -0.95383127802732392553 0.0063025446881909896399 -0.30027682392620808072 0.21143815483094993701 0.72414524670799784722 -0.6564355020502001814 0.21330682065618736254 -0.68961869145252296942 -0.69204498456458674038
-1.3446541927379225267 6.6734118636347723452 -4.8286286689679442929 0.98457265763918566659 -0.0089974438217296330567 -0.1747447505187873229 0.16657571947763799569 0.35391948121015553985 0.9203225143939560704 0.053565021326712064509 -0.93523261642471999799 0.34995819988345888696
-0.3387610220109669168 3.0677435231936276416 7.4368646510850249243 -0.99617881586273493433 -0.007196006585513189599 -0.087040130489056372065 0.012611482562977262278 -0.99800706099283620354 -0.06182925453215938616 -0.086421741095018350665 -0.062690698653561582887 0.9942842445540489571
-3.2307297959544123422 -2.7951613439301814523 -2.5443557786003401233 -0.86035784130015247051 0.010858777829160601303 0.50957479515517667412 0.507780782653579843 -0.068203624029052389854 0.8587822438995214025 0.044080173333623365317 0.99761232581266956476 0.053165644033759243414
-4.5048473840479505981 -5.5771291865203940219 -0.48970121483513973093 -0.54884145904401415716 0.0033929827032844082565 -0.8359195777722066012 -0.61678060754511920827 0.67332557440945040028 0.40769394526090368958 0.56422932836806338752 0.73933832479763139656 -0.36745626473744330553
-5.7624365506727679431 1.8239287925939675628 -1.1582347119194376095 0.8638291067310528426 -0.0077819338228837390062 -0.50372484142651863248 -0.38048392610650638712 -0.6654355397732142352 -0.64220520426211735732 -0.33019881335154444013 0.74641475327920969729 -0.57778348864302597754
-5.0173259350613301777 -4.9470066001557659874 5.9606462416079182276 -0.65574798632949149457 0.0021466799894765647809 0.75497680109391462899 0.71694964650074821666 -0.31160899757172239033 0.62360487250729201847 0.23659624427991526874 0.95020799007227640942 0.20279791122017951088
-0.66447266440273167198 3.8241472849541877643 3.1476865010211643181 0.999755484551667295 0.0040234402181926918682 -0.021743574631235534217 0.018426385668882362678 -0.69518333966810996749 0.71859626533900389234 -0.012224541713851712343 -0.71882121294292133928 -0.69508749406323278031
-2.535232154790478365 6.2513209017636830467 -1.2026544433522348143 -0.95176081327026251788 -0.0099915509926290398124 -0.30667820795073658102 0.086596386106851622189 -0.96758770826737883208 -0.23722371871964120782 -0.29436783152441359235 -0.25233746396186473859 0.92177729633846827717
-4.1958270368082724033 5.1547831010836002719 -4.9839547111776498767 -0.97706013847462136468 0.012120047653598409881 0.21261841465128544781 -0.18055532934009829726 0.48227667171441856997 -0.85721000050571993789 -0.1129303274184862288 -0.87593510967704524273 -0.46902497245266294712
-5.4433617720534188678 1.4005920407036753783 2.1444530424115253453 0.97388067312191739511 -0.0019611160776893165128 -0.22705195119911752988 0.030799568508346236023 0.99186153694055989583 0.12353978354155195629 0.22496182142593895703 -0.12730610967870026329 0.96601518276838749255
-2.7363207311856529991 6.9999753598098326535 1.8437721116336904803 -0.92045187050908461313 0.0094154289405120484419 -0.39074250315803227274 -0.1525758547391479758 0.91173815692143811429 0.38138450645543442441 0.35984574837971572414 0.41066395375232628284 -0.83777452483447101272
-2.8690102047785988049 6.8636803134853483499 -7.1234526531272601702 0.76828218031397199628 0.003208297615618885875 -0.64010327154182944387 0.63862941480896373569 -0.071846543927517311778 0.76615308174450036383 -0.043531160711677958919 -0.99741053781893240782 -0.057247332645469592438
6.156733000155821145 -2.2090421669341941957 -4.4818006711877771409 0.91503242554987063162 0.010130883534989459233 -0.40325305379020692786 0.26936144541281414888 0.72879553615413139589 0.62952480348822548173 0.3002666680092992979 -0.68465643331571590657 0.6641426777447564378
-5.3862501507773297149 6.8116515505861627844 -6.7852548104842602683 0.99683912993018186643 -0.0065901053296679983767 -0.079172719745053993234 -0.025726499277964116896 0.91608137401687317336 -0.40016629470032705207 0.075165791920134950033 0.40093825795374921084 0.913016219480159541
-1.6570961143522615622 -0.34616791774293620421 7.2698356760379292396 -0.98572525191911242182 -0.0015358300533184327495 0.16835488990526265018 -0.094182264814069313608 -0.8238307241213935761 -0.55895674160717345735 0.13955439342229092325 -0.56683381975645363848 0.81192610012050014934
-6.1137751050364741445 -0.97341248407538083498 6.1190287670101781714 -0.98482736649212954116 -0.010145896469575506685 0.17324006174387895918 0.04571176827054646008 -0.97820000831933273666 0.20257141448342125267 0.16740816124003429777 0.20741698220996745983 0.96382192496399099468
1.4390890408279899404 -5.6929795402310858776 5.0213563569043433432 0.97113999889656665854 0.0063228932232968883612 0.2384263483012874496 0.1590461156944556198 -0.762114047162203323 -0.62760378599922750364 0.17773979752860927239 0.64741192461936014624 -0.74112506652734300161
6.5122679874837681169 3.2977170627086573873 7.1296323099513267962 0.98959329468345857972 0.012588110645688656633 0.14334102897560205281 0.085933656433827165788 0.74731089004806305898 -0.6588944075550717816 -0.11541454765039660391 0.66435530635792428011 0.7384521034603425127
7.287073672930274526 -6.1960760207365943586 -3.9853074693760652814 -0.99976436146772706959 -0.0058238983720294481422 -0.020911808789101645617 0.0025407379417653336295 0.92532355919720343795 -0.37916995588424573516 0.021558436626790456608 -0.37913374025836910075 -0.92509072031225869637
-5.9481810269584656226 -6.4556872711818673594 2.9038198316000380927 -0.85101499133888103277 -0.0028198728832206751589 0.52513382373742323317 0.25006909839380586646 0.87715158041533491939 0.40996408501647407796 -0.46177801002728108282 0.4802053240977562365 -0.74576398154060474788
2.1704392029235815009 -1.3178823684019929097 -1.9752395327366116806 -0.99507359027342234814 0.0075690669443127661653 0.098849679645613947043 -0.098659842208214429404 0.02231203672667745122 -0.99487105121849317424 -0.0097357832702794112889 -0.99972240259120970229 -0.021455355541543114778
-2.2455256832523851074 7.381544450994461215 -1.771100331593201016 -0.94393088225967414218 0.0092162638725473422507 -0.33001446937492961986 -0.30720927097776662418 -0.39058412189110253143 0.86779404673682269955 -0.12090059281041992678 0.92052110470472880976 0.37151573647872432327
-4.4174978829214586185 -3.3454240825240133539 -5.5481619054761885934 -0.93537624436755861801 -0.0024233846500972631294 0.35364588033739791095 -0.30754672363655966016 -0.4881262829189788599 -0.81679112672952780549 0.1746032481175724127 -0.87276964837838466593 0.45583642528472123612
2.3140838178465323871 5.3045277059507176531 3.2966821781484529907 -0.98793916965328809621 -0.0062875676146056996493 0.15471478131758298336 0.084348996612996315902 0.81605985093718480528 0.57177929873223498625 -0.12985162238121744638 0.57793320217983956688 -0.80568714150285347664
-6.2498595254166868784 -6.4556817040081542203 4.3940540486347972049 0.64747184592016360227 -0.00046444011215280526367 -0.76208922905147480353 -0.72180198665286898763 0.3204596913756865284 -0.61343905831583855903 0.24450378484760496023 0.94726203898327510089 0.20715339412237110395
7.0795872329504385689 -3.95869300621252318 -3.335830230180551137 -0.57813931887183056535 0.0025636575439048799041 0.81593403877661252466 -0.55619890551635309262 0.73041972581715941537 -0.39639601617520636712 -0.59699054052541344895 -0.68299374213623698093 -0.42085845925448656102
-5.4901643534381499023 2.6740112874132400123 4.8733770839444492395 0.98699253861018976242 0.0063501289392613258569 -0.1606406069163956174 -0.099540437735368580974 -0.76051116715393884959 -0.6416498000385957301 -0.12624353442237457035 0.64929380136934178314 -0.74998675289630534202
6.4615368350201798364 -7.0987830071915611896 -4.5330274456539765282 -0.99003790302387184585 -0.0053717752849482738181 -0.14069859489806266217 -0.13801828967769463885 -0.16066346486919047543 0.9773117224153884397 -0.027855022714758273517 0.98699462768880386054 0.1583215166143147612
-0.77631826912911794381 6.9586164890207138356 5.4010579406993661777 0.98956475930001197572 0.0022224876989277693798 -0.14407167556419930854 0.092183693992511125948 -0.7782401504531171188 0.62116377452700088924 -0.11074183361916498103 -0.62796284027883519929 -0.77032390428667096849
-0.69859081999953143161 -7.0541167440640268893 -0.80594043563231465566 0.98149417959071316719 -0.0063717816950115656327 -0.19138593424757202599 -0.044639366543323968917 -0.97952420965328501623 -0.19631517938708195614 -0.18621627851606659121 0.20122555280383899734 -0.96168174284141094699
1.6935011556812955558 6.4416208263135681378 5.078319582091592288 -0.94885059347258593476 -0.0075588226162187511364 0.31563494018791699025 -0.13309075141602103032 0.91612603362658806549 -0.37815333186302285684 -0.28630299187097624225 -0.40081910472463999628 -0.87027274008416788398
3.702944229942803922 -0.44805975139560350051 -3.435095389372386343 0.7971277588524811053 -0.010250977474950651383 -0.603723656591158786 -0.28252885180014841726 0.87731673002413568252 -0.38793401902934043779 0.53363356712959753025 0.47980232667274508307 0.69643732191203899795
-0.47750762932264856353 3.859782079434365798 -5.3266516684939473336 0.95003125364818497012 0.0033122568933977988501 0.31213722310218044997 -0.093717752294853171047 -0.95078710376719577368 0.29533179005112714099 0.2977542610887365937 -0.30982722970111342686 -0.90296704687341688977
5.071574946426690822 7.2583077575492715994 -3.1909316983554818492 -0.53189798124790599321 -0.0099803365236922191722 0.84674962676522957938 -0.51940768045718366253 -0.7858949859718432629 -0.33553648461282536974 0.66880505308078463944 -0.61827943836674970068 0.41283209306732759902
-0.29562862273983592232 -7.1628444016314185561 3.7270856520323936145 0.94878945679824144843 -0.0041636719938065325924 -0.31588167168102893045 -0.18347033970950052395 -0.82125995224613401735 -0.54025061340402069643 -0.25717154025151411911 0.57053900363790377437 -0.77996669429691178888
5.7785791211385175714 7.0400783447303174611 -5.6087161669757970017 0.78947403288934681065 -0.0076260286851939015906 0.61373658443979861588 -0.34234748073524862155 -0.83540562816270957924 0.42999492888678370051 0.50943984318822432833 -0.54958100414820099111 -0.66214180207249850874
-4.1359961904305189151 4.2119240074218629033 -3.495352624728583546 -0.80971075868146491494 -0.0098434799476749025582 -0.58674661752580870022 -0.53704933590640024921 0.41543792894049286213 0.73415893238472529347 0.23653012086841079809 0.90956826742141005937 -0.34167099499638375892
1.7422022818990814397 3.1915515279075714616 2.2149921460909585136 -0.89817475000227475768 -0.008796958896888440807 -0.4395506022890643405 0.23461652606175534275 -0.85512219065410077778 -0.46229982127352564625 -0.37180264140702851128 -0.51835186173586489389 0.77011307174841681089
6.1074716860812454655 -0.013403192558421747616 4.5267414112198309795 0.97862831689341811536 0.0018184686285013366459 -0.20562906055879481837 0.20483708283533108574 0.079499553723547056183 0.9755621919965452582 0.018121447788338101992 -0.99683324288944274993 0.07742802464514829397
0.14578389902009858403 7.1557055708826444729 -1.7140074583949691522 0.99570725182376851325 -0.0030826837580722370527 0.092507111760934748745 -0.089676507549581355172 0.21532866773950182226 0.97241538904073587801 -0.022917082257845527993 -0.97653676935919497826 0.21412787168048275088
-7.3574620643297281575 -4.6200368964432465546 -2.3591007837376909428 -0.99923767365808302543 -0.0048650304433466001058 0.03873503609386144686 -0.0090509190597748492846 -0.93630117447907912354 -0.35108145996783451936 0.037975681779062180066 -0.35116440899922424235 0.93554337443313728695
-1.8590347972838121571 6.4884622823206035136 -2.220893364739090714 -0.99753367061630171531 0.0089869752783428291654 -0.069611854322415983587 0.06132761875614022723 -0.37078835487541639271 -0.92669030375122762866 -0.034139407794513368377 -0.92867390948819239505 0.36932271886696299568
0.095833439177565732381 -4.154505916773369556 0.60381747238189797944 0.78372304708841245002 -0.00080237962365408712316 0.62110992718631918841 -0.59968179933725251907 -0.26138236010918419749 0.75634714342509778984 0.16174030111894344142 -0.96523500662307670783 -0.20533255217646415036
3.2149192136452708901 -1.7619121147715990361 4.2412614962301526944 -0.91978131703635335192 -0.0069921676713440902157 0.39236900797876939073 -0.26530040086999812088 0.74782444802527359151 -0.60858384158137501796 -0.28916781655159695674 -0.66385970244244552063 -0.68968998060277397766
2.7915492659224718786 -2.8767133175207693085 0.46031824560001405322 -0.95618998199213611766 -0.009995840282219378703 -0.29257614652417296419 0.29185737860263583077 0.045298817885556785789 -0.95538855323546378884 0.022803264964673962412 -0.99892347067989772924 -0.040396916116549400066
-5.9854642420126467073 3.1108986327289467333 0.77084128644895566485 -0.99459541472925250272 -0.010973413650367254413 -0.10324507345344367815 0.077305351888082809997 -0.74208159811957297158 -0.66583690518151661397 -0.069309765322025554402 -0.67021972958508324592 0.73891925844836203741
1.528191855643226571 -1.2356341197296762946 4.6793804974094630467 0.64458428991667782171 2.4531760129297124767e-05 -0.76453325146177852911 0.46956492018497025809 -0.78917471494708824054 0.39586873458248322821 -0.603340599433068836 -0.61416876238249396014 -0.50870114250831932612
5.4920127607571265216 3.0106760259337796981 4.9743185216406029525 0.96871207572478224002 0.0045172723023607390044 -0.24814614362501102862 -0.11599922558866218592 0.89214771188165076232 -0.43659665579022222115 0.2194107882668074605 0.45172121317826657849 0.86475826191878069071
-1.8063801631496083644 -0.72137688272540057 -6.635020457333022037 -0.96240368956211352902 0.00030005863620800616448 0.27162298923660410654 -0.27156775587359860413 -0.021258714123032314974 -0.96218450467863048114 0.0054856437072229626006 -0.99977396297297882466 0.020540951157824460099
-6.2142699804473391367 -6.4047146884730832284 -5.2048404498681239971 -0.86739088121044849444 0.0046495661567786316856 0.49760570809396670322 -0.38119580782228745797 -0.64898912678729014925 -0.65840934790651139963 0.31987937615887784837 -0.76078347435161963741 0.56469964570709707541
-4.9003365478440201741 -2.4680244949159906298 -3.7883643914770512851 -0.80083972647750856222 0.0089905737569680142796 0.59881124077541303397 0.56025224772775961135 0.36452864016266012248 0.7437985543258655019 -0.21159667155095501778 0.93114877440974197498 -0.29696600563674974138
-2.361457410737241247 -1.4440224498498017702 4.2953369450707059585 -0.88500260942791120211 -0.0066357586580341248669 -0.46553877176090824319 -0.12392947692550912442 -0.96046811284005084719 0.24928395248523371741 -0.44878933371319601475 0.27831092491071812711 0.84919442003623379911
-6.746589246042949739 -1.5374011183192985985 -1.4877423214243683525 -0.90552967432653364011 0.01057391949791897795 -0.42415115364755295868 -0.42411792905482231797 -0.050436592602241842043 0.90420137822335533428 -0.011831786355006090883 0.99867128843934049875 0.050156420112679858669
0.26813674132094933444 -4.1754670359008363434 5.9063950250681145349 -0.9994405916570201498 0.0092881028787912059408 -0.032128412551293838995 0.028501735865353376026 0.73914708833503417473 -0.67294073502682483223 0.017497279811835544233 -0.67348000189366130641 -0.73899833034216633187
-3.058048561287214806 5.9465835082830649228 4.2919835112475981376 0.9991898966615679889 0.0028350673060699668228 0.040143652085454784029 0.00063956031720664718865 0.99627084590569758848 -0.086278575329276796513 -0.04023855578904189656 0.086234355054246342176 0.99546195037097984226
-0.90998346815382058494 -4.9635975725091601163 -2.6539595134955029643 0.91447668281020833003 0.0029708968501126302442 0.40462769352627936392 -0.19350562573731097671 -0.8750064294050319269 0.44375592537789187997 0.35537018643169770993 -0.4841021816433306868 -0.79959809174584772773
4.2471428429127993098 3.6631640888412118073 6.0743389956496258719 0.94511626071559040607 0.0019975588845111622027 0.32672811860849459986 0.31052309542411066223 0.30558079659071329948 -0.90010876229667791115 -0.10163985900811656204 0.95216405441166274137 0.28818909165227651892
-4.5820417148420062858 -2.6657886227606804042 0.40754497734624306471 0.93308734944578120007 0.0054155034373671610479 0.35960905248150343283 0.32111340365081403325 -0.46284749357974619421 -0.82623143227704232139 0.16196968944814621461 0.88642138399822811845 -0.43361613172325674803
2.0392721627976242438 -1.1203703559492583786 5.7475788534441774047 0.91658302718862239011 0.0028917750012941918249 -0.39983395542025129688 -0.3351659151272675663 0.55084259375522282021 -0.76435348252088675114 0.21803523478218733711 0.83460414241862768137 0.50586219650326091912
5.7482194342638637252 0.23810125087365813235 -1.2813599817272878223 -0.75298651121780113549 0.0076191760995890055186 0.65799184043536662614 -0.40657382996783525408 0.78084887741235731173 -0.47431292563993021627 -0.51740606365724550741 -0.62467349775652014632 -0.58487091438312077685
-3.6526913776375935505 -0.5991869882635425526 1.6448519476422636121 0.97834249771801340412 0.0044231577839772672628 -0.20694538611468499267 -0.14989278216566914725 -0.67435092731944623612 -0.72303733007237835917 -0.1427519212255224379 0.73839776712741900244 -0.65908317114590531105
-4.5330124652627370452 4.0064178845305615795 -4.980653080336530536 -0.91905727279613702585 -0.0035457903325611336322 -0.39410805205110077676 -0.32098645651013058 -0.5735041180130351357 0.75369803061914664166 -0.22869504598400938744 0.81919500364251096602 0.52594497996404021567
2.1958725577233773052 6.5916303355969780853 -4.9570964208345884572 0.88225060782023490003 -0.0057252962474006012517 -0.47074524531186662246 -0.44829746820470900426 -0.31553258548806684125 -0.83634237456706506109 -0.14374715650086583585 0.94889746995030221921 -0.28094545114628599602
6.0380467830203672364 0.57309137599506287941 -0.17778349618565966739 0.65217615353000324419 0.0052023487355404279125 -0.75804960281933431165 0.74649516078719047041 -0.17846644503941361259 0.641010688613364632 -0.13195165663335747808 -0.98393224541266266492 -0.12027508781580689701
-4.608712390803747283 -2.4331511530315301783 4.9880283048436151461 0.7685125886493784364 -0.0093345738648497947332 0.63976657213258691925 -0.58223338139505309563 0.40441705619623491419 0.70530215811860741404 -0.26531620884660539472 -0.91452704191199130079 0.30536469824609280277
-6.1679068730229094086 3.0678662515818597711 -1.9003921081807915172 0.99610173518607358911 0.0037057239711152552275 -0.08813399326729352834 0.08583238428830325395 0.18977757799239564074 0.97806813295333372427 0.020350306306748021379 -0.9818201151438861185 0.18871970361364162616
-1.9578247139610100991 -5.4580521465642313217 -3.6404574821756443548 0.99982188645977687624 -0.012379165739554259112 -0.014246108650029379664 -0.013835154517458914808 0.032671721828770344809 -0.99937037533251971144 0.012836816410436574509 0.99938947105125897075 0.032494634881821395089
-1.9761924627069906713 -7.1955778809355663839 -4.3904922892209015117 0.81075747532488728897 -0.0013734665213793689851 -0.58538058542667159578 0.097539944636841027781 0.98633440746076816996 0.13277950090015364082 0.57719864466661252589 -0.16474996281868273251 0.79981196186740444176
-3.2508716679019435958 0.30671012636712463584 -7.2666700505065140447 0.45331674042185471363 -0.0089727330522213349928 -0.8913043379871751215 0.8748864026388470938 -0.18681884796971268137 0.44684728993355293802 -0.17052189106085702264 -0.98235340285700056828 -0.076837989069121023777
6.5615713958091790303 -6.1517719659024354684 -5.1275813093889546224 0.9003024021531579324 -0.015282552556977753444 -0.43499658419876063853 0.3832642329494654887 -0.44586258233615694291 0.80889745049312067326 -0.2063107181385928357 -0.89497094995311943233 -0.39555389812423957796
0.41882111060376980838 -5.884586967316959516 -7.153528692949580936 0.99323566195402246404 -0.016597260760046871758 -0.11492367361815672422 0.056984551648733637597 -0.79267810341206956792 0.60697132159960698328 -0.1011715409392641013 -0.60941443641111814333 -0.78637037329600056879
2.3335703073021210052 7.4371391541702962513 1.7383157494105723195 0.92025602291950125977 -0.0049837082360664926306 -0.39128508140816009586 0.39123206768889251528 -0.0090919836953526206313 0.92024714345897251633 -0.0081438008484740719017 -0.99994624779766394518 -0.0064171662779332373783
2.4064277888805030159 7.3645800144279833788 -6.9939897957829648689 0.10183795762991065814 0.0049008393276788742021 -0.99478892844648680871 -0.8268509620307515906 -0.55559129904716653137 -0.087383036180105580493 -0.55312432325366522878 0.83144109243954555932 -0.052528019459091704335
6.9772854656971485809 1.9209779333160614812 -5.9545221878859475595 -0.99771076610081954605 -0.0066386196704031757987 0.067299003970322679447 -0.062011857228015020149 0.48680147610649088241 -0.87130870099141666252 -0.026976967391798008233 -0.87348740780233447012 -0.4860987468004507317
5.171983607424953 -2.4374080688383505944 -5.4063775804882903131 0.84563652779454190345 0.0076410832126181695012 -0.53370448443586404608 -0.43316237794384548909 -0.57442458999479673043 -0.69455506962622071132 -0.31188013273314502127 0.81852184103825831318 -0.4824445859885356791
4.0207597235766678878 -4.704267049106640286 -5.7687280822915196765 0.98177936876544658062 0.0052853221688643862997 -0.18995087900876933551 0.13389280853125665183 0.69008088223845298614 0.71123912419983226219 0.13484059807889947624 -0.7237129550716396853 0.67679950633205487875
6.2255935144383531821 -0.21789012765642035152 6.6461478931854314212 0.99966302214422053662 -0.0096379177224766628823 -0.024102960390047771522 -0.0042880633866693614042 -0.97707514939259554332 0.21285150916037659519 -0.025601848956250020106 -0.21267642789322935282 -0.97678722470582879378
-2.890382431742807956 2.013271409070614304 0.45663131037622817221 -0.84998344944787496136 -0.00013671868167910937431 -0.52680937441606889848 0.52409275577873426499 0.10120516403032298047 -0.84562657131491403284 0.053431442100525083916 -0.99486556683885407626 -0.085951061153775196177
-3.2700136709225953169 -2.4506943469710358308 2.2880208549939693441 -0.9970730989330747196 -0.0016454195891872046287 -0.076436430962625687147 0.027707318028985253311 -0.93958178340747589008 -0.34120137282325702088 -0.071256858698486594261 -0.34232055866272359523 0.93687731064704837802
0.011777502505097535435 -0.51348982197801640304 -2.1434288879230605218 0.90195194420788205036 0.0038923839728978795738 -0.43181887370357757705 0.34862125773922536531 0.58355499822275058719 0.73343492056321257788 0.25484487240663716845 -0.81206429141802682903 0.52498159740294014775
2.7821983569753760968 6.3987702195829658791 -6.9605644352668702979 -0.4100416728119190557 0.009330053222109361763 -0.91201906595459281135 0.91065694690400444955 -0.051389074521445837762 -0.40995498298634752699 -0.050692717555254257489 -0.9986351251216447622 0.012575184299325902273
-1.4065852183624070193 1.2997087414338841516 1.6519147288775468674 -0.98592910378038511876 -0.0028323799743263378126 -0.16714000102444220852 0.03557343546035268006 0.97339930823340992116 -0.22633673457971059673 0.16333503300984031359 -0.22909771791605310076 -0.95960195010086901668
-0.30605645182055662978 1.9690809725306144262 -0.27253866166998375054 -0.94825482751952960836 -0.0047133233500063140275 -0.31747530087994463299 -0.17857417972930217376 -0.81884359843082421548 0.54553315540188562771 -0.26253389194500470483 0.57399733962082966077 0.77563071734454591688
2.4609501696212698896 2.3848309670759202383 -0.036995770867290687922 0.96421551537786021058 0.0023570849346742465957 -0.26510919270204769127 0.023254204111621705475 -0.99685840784273771487 0.075713649392831941509 -0.26409786423918407694 -0.079169178749420379693 -0.9612411556111353228
7.1659914089186509401 -2.3413414687913949308 -6.681479290897942569 0.99299385693862751712 -0.0092897452069304053968 0.11780025770888270797 -0.079361048467619613178 -0.79104400788602469152 0.6065898132789740993 0.08755012317754684581 -0.61168871022902426837 -0.78623908431847122635
0.3944361167682025604 5.7100484131206883376 6.1317860599859095316 -0.92468781375227904196 -0.00077315890111434755483 0.38072542510749224354 -0.37988655020348915947 0.068251007453771023181 -0.92251179339675382085 -0.025271645622421016336 -0.9976678817156462431 -0.063404587536510612078
-5.6860651899510212814 -3.4989434048498826435 5.5315394921153240304 0.97999951647120520093 0.00019037261079252198754 0.19899977757397382949 0.16172067439974716074 0.58196587411795797085 -0.79697060474883607561 -0.11596280087981614138 0.81321318553034727117 0.57029548805135477085
2.6098899932817589686 -5.248939988990680483 -3.1696262756303257291 0.92497385959062305982 -0.0079926483075229461106 -0.37994667605752779904 0.3727335925155756402 -0.17590034520536385054 0.9111140090937503988 -0.074114965320953976602 -0.98437553104988195773 -0.15972409269057191716
1.7543714880612664153 -3.9736548543911398568 -4.9045936294368770447 0.96537187904168442198 -0.014616765860270140159 -0.26046782010713631639 -0.063073726157818532645 -0.98188541780206461951 -0.17866933529946066317 -0.25313798652933650057 0.18891102790355634999 -0.94880650467430727169
-2.4948228426372289768 4.5423227146486482297 -6.1609623218969931102 0.92377816856876049378 0.00065133888894119452984 -0.38292750101463385315 0.32502120448776217199 -0.53008105593613341622 0.78318279524711198469 -0.20247249667311265076 -0.847946725859221484 -0.48988900599589529916
2.1012599509411642451 -3.4944096594759899155 1.6904183239106498338 0.99687605053224526142 0.0026645512590207291563 -0.078936937118408975755 0.03445751642369417056 -0.91397524844967148461 0.40430424779289247939 -0.071069117322175828777 -0.4057611925604017733 -0.91121184977756242152
6.9985930195797587672 -7.4068066322948196145 0.60072930259686418974 -0.98082523883373529117 0.0096655449376534998546 -0.1946495006610746703 -0.09333720325921048 -0.90007283239754298787 0.42562549602620447509 -0.17108482502629573929 0.43563226880114380712 0.88371630573657200536
1.5350899087527123399 4.272365214208060813 2.1565458578436071946 -0.8368427218515754884 -0.0056193884456223397103 -0.54741454251564047873 0.47681126457021794085 -0.49877745222908309586 -0.7237900739349516499 -0.26897077325062190845 -0.86671187578190655998 0.4200776684324395438
0.84839321340673656824 -7.4029482590245443419 -4.8714649560904810244 -0.99974817459163556332 0.017406722854534213696 0.014163099951152974265 -0.0095502532546756814524 0.24110084902689954411 -0.97045307628007360101 -0.020307143165180327471 -0.97034395272911133645 -0.2408738950954908975
5.7440615545787503393 5.0209957872588013572 -0.90686124528243972076 -0.98369096084790441648 0.0062361163293811238198 0.17975873942387651794 -0.091012357162420454149 -0.87927305603307093218 -0.46754213048441051193 0.15514136904730679856 -0.47627723416862149941 0.86550052098357355135
0.098459809552808752464 -5.6610028507335901082 2.2941332191288519304 -0.8870855814074068979 -0.0074142299628865565575 -0.46154544787395723748 0.45728397295376943532 0.12237432067510038702 -0.88086088215958879832 0.063012215789827422108 -0.99245632389209514912 -0.10516608687156026036
-1.5140282531748889827 -4.1420378895228955329 -3.7035000108737206048 0.70125056599086643683 0.00075821245818474478084 0.71291448912991617348 0.0823102275231510222 0.99322593786262336479 -0.082019892720583659207 -0.70814735058640654319 0.11619664999767347069 0.69643784244303563735
3.5723411453662827775 -4.6916371393782840826 6.9372665480749926559 -0.89360501157253613425 -0.010132334993578847454 0.44873981222969422378 -0.19106735117197193308 -0.89605733776775520205 -0.40071749992800781426 0.40615680544402521512 -0.44382269344863495286 0.79878536927727927797
5.7569545951495149083 2.5999365642658607278 -7.1467380367963748711 0.8716825498798874694 -0.0038088620891552566264 0.49005614454302787175 -0.33872845992569883267 -0.727341035330249297 0.59685680758547243752 0.3541645982748955479 -0.68626562706749605347 -0.63530065829849757808
6.0312820086434930644 -3.0626805419596814239 1.3125723141693927953 0.98189714497503066681 -0.0052864431089477501718 0.18934109487657385662 0.15900819148093486843 0.56619861255107328812 -0.80878645277181315798 -0.10292906164814498438 0.82425189394046405322 0.55678938891083784579
-6.8000055698646741931 0.9188914250288694463 0.28062963463448520329 -0.93641800168797328929 0.006244989720147301436 -0.35083090829928276211 -0.0004504106643802366361 -0.99986217703911250965 -0.016595904822372595233 -0.35088619699974066268 -0.015382686047482611175 0.93629175459633029455
4.9356254923030027371 4.6482251703773354023 6.5794988019913169808 0.99631646150822295027 -0.0024419438869279237042 0.085717824504440903732 -0.0084691214414809642269 -0.99750955338699021091 0.070021174537876429422 0.085333361059597059861 -0.070489203511608838904 -0.99385586967050754126
4.7224613268029367319 -3.8002570184049733193 1.5271394128794359979 0.96937924459066160399 -0.0062972559027750871913 0.24548772825723924607 -0.18764506579194689673 0.62586094024206850861 0.75702537128104463449 -0.15840836291289475679 -0.77990924346841783432 0.60551495647253605892
0.96179551227212733977 -2.8275581720582088074 3.4831668358319722856 0.98013591037194969235 -0.0057573148031764267638 -0.19824341231306641387 -0.05967398463928304253 -0.96181899724695885112 -0.26710153891766380552 -0.1891364923978032242 0.27362578435012524514 -0.94305690039486067544
-2.3327545646167044957 7.4751550913521516151 6.3258321016354299715 -0.88806097368928016422 0.010926670341130866049 -0.45959581687095224511 0.14518922755807203706 0.95521808921139506054 -0.25783423016438722364 0.43619696836542076746 -0.29570087913058473728 -0.84987834121733374371
5.2223067255062822767 -2.1487033217172260002 0.68599745210266327433 0.97415674937971519221 -0.012079598917348660994 0.22554979700227617556 -0.12059247744011272752 0.81652617083913636709 0.56457281790706881353 -0.19098712527975467146 -0.57718202988720634927 0.79396777160818643448
-3.9949903476187089701 -7.1964710964257161407 3.8124912041872103252 0.99279221786437954478 0.011511981285806599865 0.11929411735168238273 -0.069284847231008625523 0.86731907403100250153 0.49290692201078467605 -0.097791728136978173236 -0.49761943100000805007 0.8618652329681050217
4.523597551926973992 -0.77599144235219830179 -5.8222364601498721726 -0.29398591529516998611 0.0055481780974179217836 0.95579364892636209383 -0.18065023445356986898 -0.98228263412939975652 -0.049863007126603672847 0.93858285430747090405 -0.18732336855718043078 0.28977953894712843441
6.1860109053505825116 -1.9489670238336795904 6.9040202868384668022 -0.96992998892665094335 0.0060334982843185591336 -0.2433092959160058355 0.22589740449569475911 -0.34977024550535845693 -0.90919257476133064078 -0.090587964006214508061 -0.93681608240765446016 0.33788969874748625566
-6.448264147570182736 -4.4861193642471599574 3.4343234795390857883 0.96856101954041085023 0.0015312602113378512986 0.24877139439464582282 0.18743868636272781325 0.65300867706531118273 -0.73378907496090250984 -0.16357350115937555057 0.75734887794169825082 0.63219173262462113883
-3.6081006561910125008 -5.1510231515819295822 -6.0791575586905661766 -0.92892357979309558846 0.0062315907859686126349 0.37021905701980284409 0.23076937921373941176 -0.77217338451989614434 0.59202513279110113853 0.2895625606353071646 0.63538132764133348207 0.71585200423203332321
-4.9180047357033744859 5.7903678685685546768 2.1378236021094418895 0.97985937536602163433 -0.014882260362124467151 0.19913342972430969624 -0.078102719125779984655 0.88921706138439493561 0.45076932349951975842 -0.18378130963841396439 -0.45724341008870883485 0.87014532933199595366
-5.6867772050987719368 -4.332687961865532067 -5.310205467431983628 0.90097180002940469024 0.0075997221081783019811 -0.43381108765898174218 0.10724775529488436709 0.96491894356423324464 0.23964421823835943548 0.42041376587376083629 -0.26243794804630915518 0.86854970432851097417
-6.7475914157834679941 -4.6809896934979580152 -7.0177032341725817943 0.64109054963433620422 0.00039096934676787018642 -0.76746514859790371244 -0.66909413065405731746 -0.48953561375923732024 -0.55916717284335204496 -0.37592013978205540692 0.87198321658415800517 -0.31357506039533211695
-3.2444123251467260616 4.620156847387964838 6.0486671486515621865 0.81979389311687789199 -0.011328068712838208765 0.5725466336181994631 -0.42391991678965018631 0.66017749982840179257 0.62004642799495934824 -0.38500633365863573543 -0.75102419640086959252 0.53640728878633570087
0.075617985078318697423 -4.2579534334979305399 -6.3937915743848305894 0.97247213000054144594 -0.013539602051369684088 -0.23262552643326522839 -0.17602747716944519563 0.61144788616015244287 -0.77145693968729645018 0.15268360636764155558 0.79116885788471780216 0.59223268624759184409
-2.9156584294378369293 -0.61863252070389940229 0.28202678374591139132 -0.99280260054568592043 -0.003322589033976420126 0.11971615075598195099 -0.06061847485798581292 -0.84816816992013799315 -0.52624723851074262093 0.10328793180048216616 -0.5297166373980864984 0.84186215451690837863
6.8502698941293793666 0.31379189494508474834 -3.7646589538128125696 0.92547340792436494361 -0.00043461513983860262369 -0.37881233128631108809 -0.14621598229635290878 0.92209459989051001383 -0.35827703718471337613 0.34945651767558993939 0.38696428770941365682 0.85331048410980447905
-5.6719106584737479793 5.9918573114767301746 -1.3411908787865891579 -0.98660356217892442032 -0.0045215956936899793714 0.16307349958969924453 0.032669540498197514877 -0.98484269679539382381 0.17034542462987653511 0.15983151197335615512 0.17339093903977448319 0.97179703129776529025
7.0084622859259013694 4.7828094303914863161 -7.0851674193288012304 -0.97055958904690808886 0.0048233806803637847838 0.24081283003132164522 -0.10771046723671977297 -0.9029516545341765843 -0.41602495696961283578 0.21543569656991354289 -0.42971507370902467526 0.87688791534079824075
-2.8283039416022281998 -4.1829110679086713986 -6.4437127660865529677 -0.98354275942916935538 0.00081673686510215645021 -0.18067366525134204158 0.17740075297681903721 0.19389360635426380886 -0.96484933655890403603 0.034243440506366081 -0.98102222317125842288 -0.19084754236412088124
-1.9883095759669839886 2.4552686411721098558 6.791390313292626324 0.99723227387891466567 -0.0075388053167286649819 -0.073965926943847196129 0.029142782734526324201 0.95487047795247681492 0.29558935797733498774 0.068399489389543405293 -0.29692682052889862732 0.95244735975379535287
-1.9700015460162227932 4.0515561090517486775 -0.21200756124951569692 0.8964646050873297245 -0.0022266129096816678762 0.44310975392165796727 0.33753879497589778236 -0.64444299475115329745 -0.68612009765221582125 0.28708670068776726003 0.76464911476503027998 -0.57696876655250795007
6.3504897633895538434 5.8609782271058357139 -1.392913441651719042 -0.99845596910655887157 0.0061459098148967175601 0.05520783955295950618 0.050540815557584911621 0.51291222697439853295 0.85695196678864693496 -0.023050026428006131773 0.85841905571385668239 -0.51243089394477214782
-2.5011533925751732177 5.5998147215229048257 -4.3737099349326005182 0.93102080746962512237 0.0020842124836494609758 -0.36496015140962489998 -0.23997169851989744171 -0.74993087098900279575 -0.61645541010450854991 -0.27497970828426709922 0.66151292111038306754 -0.69770109304489369428
-3.8748139958670106964 5.9121349130983915643 -7.3050778077113269759 0.70549728916396692302 0.011243948037910919333 -0.70862341805419359897 -0.66639761046637235875 0.35084751310477646502 -0.65789075636670213409 0.24122147447293446065 0.93636509769470965825 0.25501490951002470098
7.0827284645298611565 -7.2738510883637745863 -5.7959428603459777207 -0.80042718322684791588 -0.014976290880688102047 -0.59924288486645360674 0.18064160923136743375 -0.95924069623251373429 -0.21731519897522080798 -0.57156358645897753501 -0.28219319163085354596 0.77050766980687968033
1.9333014196344278091 -7.0858105501563475315 -0.90460857404353500755 0.98616974661224632293 -0.0061957681148441454133 -0.16562259303674017885 0.16567028715480316969 0.065505647890307910908 0.98400323477544671125 0.0047525593951763039566 -0.99783296325174508645 0.065626142864309941483
-6.8978029366766575592 -1.0344064024392951584 0.70762939065579566478 0.94258064432870902749 -0.0092147493100741620364 0.33385148993502067327 -0.30637841143195454485 0.37405123498256159786 0.87533875877650213493 -0.13294358933452499194 -0.92736226039402291921 0.34975025382643748495
-3.8173770548140981695 -2.3421477319675867435 -1.0434284637088118153 0.96288323141545917316 -0.002103311835799693847 -0.26991009380571678866 -0.15479955974590403622 -0.82348011189846093139 -0.54581828625481432216 -0.22111756818795577639 0.56734123892686827428 -0.79324078289736954517
4.8839298253703118391 -4.9911860582755736004 -4.659149188917082185 0.60968610573465864544 -0.0096479395481723490002 -0.79258423510470932261 0.79177966201146010583 -0.039242754919080871656 0.60954489007086021246 -0.036984041142243850864 -0.99918312808453213503 -0.016286720110359906299
-4.0379572420034222091 3.3540500203415413161 -0.28935243392896281556 0.97098617963923750107 0.0010266436507092714485 0.23913340409173414192 0.22736322128094610395 -0.31385459893257261488 -0.92184665554401445942 0.074106710616759136068 0.94947050335002891597 -0.30498189898727140479
7.0730221762210341296 -7.1904273360536006265 -3.2563349542428130512 0.97993942507148135146 -0.0053362050012864988002 -0.19922411527430589073 0.025648185430365552651 -0.98795207808225915525 0.1526199921276271132 -0.19763829025463139355 -0.15466808439077042725 -0.96799632741871610708
3.6420756931030116021 -4.0517258524989232527 5.8072850363796852946 0.9857890212146031006 -0.0071301441250679192807 0.16783672630737758724 -0.14956573866746902812 0.41764256550571393634 0.89621692535614883024 -0.076485916806217621455 -0.90858342958835114356 0.4106410305944848127
0.60084815874768238153 -3.0340305429310481244 2.4763863626226783055 0.99906138266481459009 -0.0063975238912448413944 0.042841864525822143106 0.043310870754309886699 0.16403066626057524746 -0.98550398730840171879 -0.00072259427829107596153 0.98643449463928856158 0.16415378656411191982
0.0058263857147544308862 -0.73419310796361303417 -5.3500094724589724038 0.83315428578754335831 0.0063343708655971987104 -0.55300435063344843822 0.48539279634426807375 0.47083992438428917682 0.73668419208163615775 0.26504295751988549146 -0.88219592004918623296 0.38920764293309206838
-4.7481401556339664083 6.0705136065904810039 5.06999340484635308 -0.93636449240906483027 0.0082566724420470097301 -0.35093213690916469361 -0.249053872431036466 0.68888811640865399433 0.68073881312734008109 0.24737361618121378459 0.72482066087486130002 -0.64299401520256038722
-5.6543477819301308784 5.9369516670762143562 -2.5489572143243615088 0.98376532436266483916 0.0041694775946379486822 0.17941126508185342714 -0.17004023651078439827 -0.29797709989006809783 0.93930610873585129728 0.057376864231607926925 -0.95456391268355222923 -0.29243055936970951958
5.6850790253059289014 -3.0945242710888942739 -2.3258865482893460452 0.98144714872633886937 -0.003099038833906955781 -0.19170782512807318931 0.19140098824544274358 -0.042969125630528751114 0.98057091326499867812 -0.011276344961877661499 -0.99907159413181267915 -0.041578766737953708199
