1125 14.717824617146108679 14.977075390850430381 15.033177056927090831
1.3816642868286674872 4.1486770471213549882 -7.4087618079634038892 0.99864220945710713284 -0.0099431789448907008377 0.051135806271676041701 -0.049267997207803893023 0.13861954745318749715 0.98911944956868869117 -0.01692341400895620851 -0.99029579129484179845 0.13794145063017423936
6.0517602939338077661 -5.700643191473963256 -6.7107770699897724143 -0.9799846437404120536 -0.0038714225526173210584 -0.19903544940627104776 -0.19851712173487523483 0.093675597386487619023 0.97561049340006833486 0.014867764157515925977 0.99559524634356633133 -0.092569190594120942528
1.786343950905375344 6.525232526255980936 -5.7373206513621122227 0.99589843689021118056 0.0018442364555995871024 -0.09045939526367877126 -0.077965901031454495906 -0.48980449284768284857 -0.86833914864100314457 -0.04590884093416944256 0.87183034908070056179 -0.48765174125187127352
2.1118822485909278797 3.6066912092727823058 -5.7045327131358440909 -0.9901556758877578801 -0.01548618977781635736 -0.13911116214525992563 0.10772376316593593182 0.55027352658502359795 -0.82800642315681871608 0.089371854387295265876 -0.8348408374448960112 -0.5431882249990780398
-5.0762613267048894983 -0.96982799760816229551 -6.5292003202460069389 0.2514464097686984756 -0.0033462359011491677949 0.96786543781652234486 0.94138759942381367019 0.2331732074245666253 -0.24376144689106701846 -0.22486460518611819936 0.97242946173212518879 0.0617806708432099283
-2.3512432798420075386 -3.3720707253788737567 -0.42311894394978566414 -0.82153869096859144516 0.011012255449015522987 -0.57004640992773381036 -0.35966244865612140291 0.7657767362202647643 0.53313123458529809717 0.44239925663162554814 0.64301222421797621376 -0.6251545226886332518
-2.071177503929328978 1.4708956042310028511 -1.4173453802182394146 0.56294276194078485265 -0.00092870157012484022552 -0.8264953625349849009 0.3460539134548764606 0.90838884154216925637 0.23468362010202123424 0.75056121386672447482 -0.41812539994013814271 0.51169230418673583571
-7.2562079279309514845 -7.331786780127925951 4.6399070764564580571 -0.95022638495471190012 0.0027162810683135081395 0.31154845394124924818 0.021923707947837073329 -0.99690027619399856906 0.075559184446312127603 0.31078797976404193282 0.078628628002330863689 0.94722139465514565426
3.3292957174790371866 4.4987588453198066318 5.1591713750838046337 0.98305775318548682673 -0.0077663643727990325227 0.18313147595766118836 -0.054999615430286037665 -0.96556230476112103744 0.25429211141320468004 0.17484992480559830019 -0.26005599244945393211 -0.94963065693276094148
2.3217912538072988937 -6.7670053886324161851 -3.0015436840077658331 -0.8961135101937394154 0.0064736912760813159623 -0.44377772383201169459 -0.41506037781439214518 -0.36633400808207239319 0.83278105003129343498 -0.15717970485048909923 0.9304608996856928993 0.3309638266326278
0.22636135555683781218 -7.0428714445765123742 -6.7181829327927164996 -0.95994557014704029463 -0.0052533943417883812235 0.28013729527312491996 0.24354358362267480853 -0.50998441394448612574 0.82498631528649069011 0.13853167591307796735 0.86016759958834976274 0.49083670949423913177
0.79396282180481569934 -0.74149578328391196891 2.1281380906787403795 0.99528999685840735534 -0.01561348700906783557 -0.095676753587326704431 -0.055539000132073496063 -0.90075727299911190205 -0.43075718752376040976 -0.079455909899303622801 0.43404211104739176541 -0.89738186087055082929
-6.173616353959131331 -6.731816721477189347 1.1531056207056777918 -0.91050398075706928669 -0.0058672793036594981381 -0.41345867515290318783 -0.28466314463710878924 -0.71634233387467594056 0.63704046557847726628 -0.29991564665897962882 0.69772432645898552206 0.65056234840061955005
-7.2146613762249147683 -4.9532002176839489138 6.6034876617322249004 0.94145346530119933259 -0.0057912430579169218645 -0.33709321288972232677 -0.087134904681979763463 0.96170226296498650953 -0.25987740531681235989 0.32568831888559762744 0.27403506876301275685 0.90489330864455852499
-3.2894348142214977493 -1.9244795237194127768 -2.1387312824144704138 0.63913291972703922816 -0.0024422554829367382895 -0.76909241727466226557 0.18768726892846887555 -0.96926597025195126989 0.15905020589017246357 -0.74584354928055718315 -0.24600307782562028103 -0.6190314092974893434
5.7276369315448976138 3.7117266054687001464 5.2989777545234098 0.9956249253446555203 -0.00015769587771231408438 0.093439730117934466369 -0.087295135210084029431 0.3550780905025122669 0.93075190518939043827 -0.03332517668602686528 -0.93483662999314975917 0.35351083126506116505
-3.2257467583059584726 -0.35059823194945261005 2.3507370800581077752 -0.67027642489388328251 0.00016240490178861437601 0.7421115063493632924 0.48973642374133236066 -0.75123646616975492396 0.44249520580213691501 0.55757308892426793445 0.66003313971459320886 0.50345655719840698428
-6.6410820976265991789 -0.21647633884683789574 3.60637540364394793 -0.9826658025199459523 0.010493400203412129104 0.18508865202952129447 -0.027983819369951496575 0.97856061433687968609 -0.20404908704089458338 -0.18326163376826881679 -0.20569154727637956048 -0.96130440598585542578
5.1085693047523177412 -4.4255953673094019507 3.1161755584407515585 -0.94476107714742563193 -0.0052169233969746198892 0.32771831016497038336 -0.27324873076680933348 -0.53963234831840733996 -0.7963240921777768877 0.18100176308933063618 -0.84188461938598879719 0.50839812096418712795
-4.7215361562411191088 3.5839750450399479043 7.2150709204012883902 0.99229205175349854962 0.011034900943503806597 0.12342898763187913624 0.062648644366228883884 0.81469737645349871169 -0.57649226548036192064 -0.1069188074463785082 0.57978135168426780943 0.80772640965469066909
7.0684718123185437122 6.795006161571124359 5.1546633367496079714 0.94350401033174691179 0.0053056460429784062238 0.33131862701636266566 0.28230652014601109734 -0.5364098302436098864 -0.79534113605480549758 0.17350276992304783374 0.84394096010208996539 -0.50760264448773084744
3.7837827349223411844 -2.8881322937583324695 2.8891346383140517062 -0.99744689367184502515 -0.00081749612242996028827 -0.07140746462488190005 0.027619645503693498328 -0.92653451537309139407 -0.37519454554227127385 -0.065854760544083970619 -0.37620888283309389388 0.92419155319178891705
-6.2691533318178116474 -1.8533134881719599552 4.9651819870773792331 -0.96813933281999253744 -0.0076707225692608967116 0.25029461093308275066 0.17752007457125290601 -0.72599008739259640599 0.66439823609930148685 0.17661499192060059471 0.68766238302160687113 0.70422126608471125042
-5.7321286185731841201 2.2855707515539087638 2.4273319520039566832 -0.6276187057168264305 0.0016084736119978447835 0.77851921816170899238 0.7775862813142202512 0.050279915136361472139 0.62676271845554587525 -0.038135748927563058175 0.99873386993061441519 -0.032807342275982920299
5.9527183228034825646 -2.7811753334863666964 -0.10828609051631633842 0.956861399502037413 -0.0028197063188374910797 -0.29053108508253266962 -0.082311142362028411057 0.95635558333744352666 -0.2803727412968488597 0.27864159414208072851 0.29219179912429271706 0.91486764864571190614
1.1528649736316642915 -7.4352923733810003526 4.5321940736874211098 0.98748127554042941512 -0.010047568687327149833 -0.15741593572577156079 0.14885927965513612303 0.38942760807041737481 0.90894832247660894975 0.052169390618556459038 -0.92100227167795756245 0.38604814498514594678
-6.478424290906547256 5.4931990556875920362 4.9462555504405711915 0.52658107017516242454 0.0040575760769054475263 0.8501152349003761044 0.75505699203547760323 0.45727400696530118296 -0.46988234839401715748 -0.39064218322092064684 0.88931660202107076785 0.23772813476348633732
5.5256523300667916843 -1.6831940909923783778 -3.7390300108895546671 -0.19500576969992872156 -0.010672827186932827906 0.9807440239652124303 -0.91156150575295480376 0.37101400630089087507 -0.17721238206713993413 -0.36197841235785033209 -0.92856593620941485501 -0.082078810289346507134
-3.2092695197308955812 6.1340022966229463819 1.7449137450071372513 0.93129550915165060232 -0.0042891972826382511463 0.3642393133927222526 -0.18317740269684246179 0.8587882009156936336 0.47846511378488670863 -0.3148566559171585566 -0.5123128231409799227 0.79899991080726795456
5.1122551026544149622 -6.3641569325325333395 -0.1186505936493597313 0.91324128311418928394 -0.0053631544400072382953 -0.40738384281943418319 -0.091676770134626217601 0.97156501646394222149 -0.21830434856180708225 0.3969706898923475169 0.23671217830475027588 0.88678160558768115429
7.2553351853352454626 2.9429354874978299605 3.4389607055521511647 -0.90021222794489264007 0.002199650143375674223 0.43544587057137151831 -0.18436864662904994816 0.90400754927450044374 -0.38571823005252725558 -0.3944947994570209282 -0.42751083307203413542 -0.8133931034913548519
2.0446743326720584477 -5.4809957522948922204 -1.458042260651029709 0.97923782584116525474 -0.0064821627504958274565 -0.20261111027816403052 0.19762238194373679678 -0.19209489076416422226 0.96127256649569714497 -0.045151684320069128409 -0.98135494827734870427 -0.18682556274422118525
-5.7549678316755166207 6.4035829409121500788 4.7459955486121971902 -0.9993428407120471535 -0.0086931688896799488853 0.035189707761297928101 0.032300436135534169035 0.22697980477834853175 0.97336367820470337531 -0.016448967843522111637 0.9738606661312335655 -0.22654984974494027372
-1.3942918172386502551 4.7994644204862551007 -5.1480834847704493029 0.3637055410953458634 0.0059772389546980039809 -0.9314947943982984091 0.11128609220501997634 0.99253880166185037837 0.049821008394520693852 0.92484251905843295471 -0.12178259239393959823 0.3603266783510553628
2.0157702379321142949 -4.4305537071800058513 -4.4001074245679197006 0.9664631449425333809 0.0095904134335001445244 -0.25662621346621389273 -0.077427541709384400948 -0.94191814062981860101 -0.32679533677407957004 -0.2448549882127483146 0.3357055857781403585 -0.90958660633538601648
3.431480455921756878 2.8201171397509989802 -1.0475890682389334962 0.33060380810192824264 0.00097069478074419436597 0.94376913480997115524 0.56390537721786238023 0.80166292906195824042 -0.19836147234900119996 -0.75677727741596567679 0.59777554811090527487 0.26448543715552186306
6.9457705305388346417 -7.0006685913242634456 6.9089919556639998177 0.96845283633456358263 -0.0052715596958275911729 -0.24914115367373701471 0.12934923816657994955 0.865177878176798143 0.48449562815270974525 0.21299736707580096962 -0.50143738369989476755 0.83856584228486452659
4.0370875484899997332 6.9405524504141409281 7.4426688965444629531 0.95849927093615128193 -0.014352745392458022763 -0.2847334653926419934 -0.070356496984403729678 -0.97975038050781626531 -0.1874544083954563789 -0.27627723566535566935 0.19970776298012116179 -0.94009983430412280558
3.3610407703073161834 4.729895283215308055 -5.2926778794357529634 -0.97861606962662328613 -0.0044929011139633384317 -0.20564630341463466245 -0.14028368645838207307 0.74575821026058586316 0.6512796474193731644 0.15043628412781323567 0.66620155033476502471 -0.73044124934812204586
-5.0630614189515039669 5.843962896003870533 1.7025177098133927878 -0.87643165440166970193 -0.0021025298007996597732 -0.48152168646007392772 0.24498902213165352215 -0.86283772431649952139 -0.44214413999422230717 -0.41454545492374361704 -0.50547664720018981033 0.75673339092275582196
7.3570111195776970447 -3.8996394025485177082 6.4426457752651620225 -0.99965276392403579209 0.00076176477146280537414 0.026339538598291981075 -0.025341507627945136089 0.24617320301822279149 -0.96889450514838848516 -0.00722215828407713617 -0.96922555364065265948 -0.24606841853339789239
-4.7106812438482350558 -6.2659903526858098388 -1.6112962324055450924 0.65043351520151826417 0.00081408921143516499441 0.75956275551220309161 0.31953993921264101097 -0.90749763475933742374 -0.27265778946181234987 0.68907943631383239413 0.42005640117131537448 -0.59052701063080692556
4.2128437025646130465 6.5703239614752124709 -5.6564257394193901973 0.70618845407377639489 -0.0023858622534590296846 0.70801989731524550553 -0.43499370578046120395 0.78754600787137007956 0.43652234927564881328 -0.55863972582012155765 -0.6162512419031436206 0.5551180627475600371
-4.8420182341186004393 0.061363975815304533379 -4.3634660702032350699 -0.83216929113411364227 0.010670053867402957276 0.55441899394218929764 0.50435379842971039821 -0.40099859512638041936 0.76474006872676902891 0.23048105541007307684 0.91601652641045649972 0.32831723445462290822
-4.8483520249394329582 -4.0773143450281486011 -2.1289524621522715186 0.99737013552953202034 0.0010397034767693292059 -0.07246883309760927816 0.060556445980034921683 -0.56133593397541781123 0.82536954516031757478 -0.039821220525253761546 -0.8275873900951653539 -0.55992265729415779951
2.2734451175747008023 2.7728895935901030079 -1.2096390824795164587 -0.0084713880579944441512 -0.0021945270602389856107 0.99996170908465698002 -0.96364908758435718905 0.26706369111482208822 -0.0075776570311664173327 -0.26703683562821622921 -0.96367638185190518385 -0.0043771541628415122638
4.3580647303857293906 -5.9336902924899384004 -2.7392333849499155285 -0.81436936459300446334 -0.0063672334263743116459 0.58031198191223709593 0.4008344073699577903 -0.7292874217172823359 0.55450124832439329214 0.41968359019714379654 0.68417783862340952883 0.59646154046658317327
5.3895636327982341385 -0.20822703432455730299 -0.26709499528225683074 -0.71364757720613114511 -0.013425297097853221284 0.70037625384196811051 0.010920346643039417767 -0.99990805075779543021 -0.0080396553951464465315 0.70041978953845351885 0.0019108708781956536271 0.71372856675024820561
-5.2367609227231310953 3.2686760604769400373 2.9281402172479338297 -0.91727789226082656615 0.0080033735801655556119 -0.39816731957909723416 -0.21402446333814023616 -0.85305411040728040817 0.47591198115835559035 -0.33584936722029978817 0.52176108587027270058 0.78420059411425191431
6.2339735223269610032 1.1996350532709154635 4.8931978833353069192 -0.99832050984290465756 0.0013757249285492232325 -0.057916034117897877143 0.033267956874587154004 0.83205956472029674043 -0.55368774937048093054 0.047427868099006655067 -0.5546845843706866841 -0.83070789642872189251
-4.0776681435087303029 -0.33628517446016031878 -3.7905555431986628356 -0.84415927573560245456 0.0010316720821918912848 0.53609145940037516986 0.51656702099437901143 -0.26586073052877873257 0.81392664582486229374 0.14336537242393057601 0.96401089600453149231 0.22389587395558285809
-3.1106964906877769828 5.8922091609583517879 3.7311334291822557674 -0.98753270714984286993 -0.006411307599931640594 -0.15728333492251522774 0.026058152353942178742 -0.99204309567035509065 -0.12317251734375422867 -0.15524214957733928344 -0.12573540260311447114 0.9798420707067461155
0.22740040192374072481 -0.11643351486700420638 -7.5014188517712367954 -0.58831037349595560748 0.012650210997305302851 0.80853625558709862897 -0.17023225024545737827 0.97553285895036057074 -0.1391280779880053331 -0.79051368452004833198 -0.21948943771848489215 -0.57176262672247124552
2.1073659120877974438 -2.7660990652976580328 -0.19682245143571142076 -0.97670139925568011385 0.0034818850210489122807 0.2145745864926089097 -0.12207746977943932654 0.81331646369149879217 -0.56887030267079274903 -0.17649778487014530781 -0.58181114321152760382 -0.79394226841179682541
-7.0035540632256019222 -3.5342609420961021982 -3.3143662331658729769 -0.96292005270575731224 0.012083222313669811712 0.26951617360664392731 -0.055254975009405966901 0.96898670952861809536 -0.24085606592681590987 -0.26406790761798759615 -0.24681724513407954369 -0.93238907526345737864
0.30155519367431710132 -2.5924188382545261256 -4.8906179988986160367 -0.97669338059616106484 -0.0020762999951829974078 0.21462928336522174577 -0.2010101180722028702 0.35949438009969592045 -0.9112402115300388683 -0.075266013127827380291 -0.93314494032549688551 -0.35153313871212105157
-2.4915170050543200553 4.2414253941525998925 7.3050249789695191893 0.87916945480069863539 0.0090704017136220352335 0.47642291880019943529 -0.47597273375948934149 -0.030715787885905745935 0.87892348762099614667 0.022605894426136058373 -0.9994870025104503064 -0.022687118589474562086
-3.9923682395137194412 -7.1270739913763438977 4.9101711065219539876 -0.98845307312899810537 -0.0016459369020690034491 0.15151835899876711644 -0.14889258066052213358 0.19620872066258276956 -0.96919200231961710745 -0.028133994494229652705 -0.98056077263348329076 -0.19418818070655219366
-1.9109676235611812167 5.8999052041298085669 4.8301637564568036254 0.94408251869747961127 -0.0042140460829537314952 -0.32968233150321696323 0.060621305497912753024 0.98509017197467207971 0.16100438006059927809 0.32408834476045683681 -0.17198719398432985028 0.93026187167705653991
2.0968584459914394458 0.72569505847406834409 0.24467412348848177617 0.72312999416364265315 0.010881671630247977817 0.69062623810808398961 -0.68971142499019688632 0.065174544452505672743 0.72114522046066198424 -0.03716398496885783137 -0.99781454588406481854 0.054634881195970319556
-0.79354014826486418688 4.7593287087144888758 7.1376989527021095228 0.97115789989025880224 0.0089595396834651896967 0.23826888199968757065 -0.23494617015508711955 0.20633342329510998003 0.94985620783395319222 -0.040652559700051299485 -0.97844072129074444177 0.20248734357944489504
-3.293664555186667009 0.10202053449078073155 6.8496322324830822836 -0.32838921826771921841 -0.0024290168794716252877 0.94453936985307218599 -0.6773150818751204616 -0.6963802133776035852 -0.2372738466005841762 0.65833487010030666831 -0.71766893362692540936 0.22703854412156593279
0.044944801829281122441 -3.0712367000890186119 -0.36379337944076928224 0.83184981806907298818 0.00098648750934999997891 -0.55499991623508115879 0.53204944294473166533 -0.28601725851940240641 0.79694260652284809598 -0.15795338059306121559 -0.95822395851465436145 -0.23844826459380749628
-5.7876803021598712817 0.70317243084011060716 -5.4928123251412204198 0.90765996277327776198 0.0065242039870613850044 -0.41965560492009651439 0.38824245543564706029 0.36678776595429762875 0.84541973631064548655 0.15944023261316830897 -0.93028176887889546531 0.33038559701609615527
-3.3886881574135476747 4.9712794833997175914 5.0956041575329269477 -0.99627751060500546743 -0.0013328088172611367995 0.086193651061624937393 0.055998170343103489954 0.75017831567272907911 0.6588601517868790669 -0.06553874259465493346 0.66123423861366659171 -0.74731114999313230651
-4.620064652162843899 1.5092952183111825182 6.3671993035769878233 0.69295947620888653784 0.0055437451057720344566 -0.72095522137133016827 0.49013396086383148598 -0.73698001480855357403 0.465434375804970768 -0.52874934017961550126 -0.67589179952350741942 -0.5134144627848780118
5.5131950312799666847 -2.0921933058049706489 2.8038068349920952649 0.99896556159151206344 -0.0075967890442520911998 -0.044834089156484076277 -0.038756890240272054426 0.37345867370661778306 -0.92683683703881536431 0.02378466340264494272 0.92761571128860176305 0.37277792579136048712
2.0860598670164276491 5.4917518089314816265 -1.7267310394558808007 -0.47570261574105465741 -0.0073939857466269716738 -0.87957509648241050115 0.86188832272968851633 -0.2036112753134486919 -0.46442541673286230619 -0.17565745221704195944 -0.97902389017834801077 0.10323120623440884547
-5.3488553831452785303 5.0293756713247068646 -2.5312800462765046028 0.75963718319726236672 -0.0015369253809534690405 0.65034528349523812452 -0.37851093526654155941 0.81213186067851883543 0.44403976483468499126 -0.52884858115317889826 -0.58347191768843031934 0.61634381596721599106
-0.3853661557060670817 -0.94648047130917722924 5.6630679649501400874 0.87970707303921047426 0.0024258286214374202849 -0.47550981167599143395 -0.47032672018125482039 -0.14289152090752227364 -0.87084716772593095957 -0.070058846181186074098 0.98973538312429054642 -0.12456174960043986388
-0.0089376293617892260679 2.172520653430528359 -3.1937045772860188642 -0.95340009659021562882 -0.0079287360047007211794 0.30160469321132282738 -0.28578382959420134402 -0.29674970000265005199 -0.91119000120221382844 0.096725687199487625501 -0.95492237940765567483 0.28065528810635126389
-7.2014891308349886501 -7.3881714618639815484 -2.1139257548592089719 0.51373226666568427845 -0.00086103422760994228341 0.85795012489456778937 -0.85340595038243693971 0.10227834669312649285 0.5111139047704202909 -0.088189806885564409056 -0.99475544653843406273 0.051808875144194452278
1.6850937636051999124 5.9762708692604418204 5.9515468480126587636 -0.97373274471883308756 -0.0078523378805453857704 -0.22755852577319660157 -0.18655783181951104965 -0.54545908719504143658 0.81711110602116943102 -0.13054009824213141933 0.83810066518655690349 0.529666458976606358
-4.5752742071956218339 6.8161030932041466457 2.5974581389104254292 0.86340941076973354296 -0.0068764261812001067214 0.50445703896089733043 0.11735970351117128163 0.97521400312303707647 -0.18757491331320766403 -0.49066372332378332954 0.22115687390557917102 0.84281596314865858677
1.1406317916490484876 -3.682762197406179272 -7.1296327115385063067 0.23881808419345695871 0.0071287219297643516364 -0.97103815784236513498 0.53941043722713555297 0.83053112286729058322 0.13876034793617211816 0.80746659551511390518 -0.55692659774202357692 0.19450054461317062282
-1.653576331108997266 2.4580299285294460176 6.1096124699204024111 -0.99960250216696788783 0.0039577327492589051833 0.027913688632014283658 -0.023967736171992465311 0.40205581619541835847 -0.91530140843651430771 -0.014845379225527555525 -0.91560660603491272891 -0.40180114198539268466
-3.3468038651254530258 -3.4705719454375110189 4.6034165936367053007 0.96948415785478225803 -0.0033896172540394710337 -0.24513053290749564628 -0.046481609936879601797 0.97922570357860216905 -0.19737396330012815793 0.24070714074648355552 0.20274499240666374322 0.94918625171651327399
-3.1471519052698662122 -7.0611770913010953876 7.3815936609454002593 0.98330387999692026035 0.005209027699316096105 0.18189652446798321161 0.031530351589375865684 -0.98934772703609952238 -0.14211583985263187557 0.17921862769190613496 0.14547831810537492636 -0.97299370113559824347
-3.5102105212164249615 -5.3380174973168976749 2.1874562916015531933 0.86881040000148834768 0.0077644869240111073425 -0.49508403487909952156 0.21535954552999914124 0.89442186487123431782 0.39195636720092191796 0.44585732583245141214 -0.44715684092165519647 0.77541086181354912377
-6.528750231402541182 -1.7232889585447173086 1.6814586206500372612 -0.85642948779235084089 -0.0023128802719297484811 0.51625883336219247077 0.27864097287571415462 0.83976163417677562872 0.46600386908223512261 -0.43461217271785368421 0.54295031849106167865 -0.71855216301662494516
-6.336717166738763396 -5.7798780264803575335 -0.75476368404980032079 -0.9981311076619902023 -0.012621916957842675353 0.05979112918867124371 -0.050529941328466082551 -0.37977342078337655851 -0.92369847563792573109 0.034365927118061981305 -0.92499342488404967533 0.37842588042385050251
-4.1871873447870262552 -2.6139356956716675029 -0.71891580175525260366 0.99457407585871027145 -0.010856628127347972557 0.10346275298613263893 -0.062922115448440493757 0.72921915949846993765 0.68138111568183090672 -0.082844523157867680507 -0.68419408872487796902 0.72457934964819037393
-0.16518675923671871653 3.3227177225246333769 5.5962026174170054205 0.99837334766720131629 0.0036420641870124614847 0.056898102222056622101 -0.043382359941947085114 -0.59901723658971883779 0.7995600797402721005 0.036994993092031212834 -0.80072784742187153029 -0.59788484246488671214
2.7556173083713813021 2.6723412006289071208 3.1045697025003891056 -0.99780694603398034648 -0.0037915929397813906074 0.0660826926605410786 0.046531289231144773444 0.66986066242568065299 0.74102734906143574722 -0.047075870345326974176 0.74247714898005101603 -0.66821519413559382627
-2.9843010991525646958 4.4027100400509473488 -1.891124147006319145 -0.34335005669782925342 -0.0031240718580237188812 -0.93920230980364616258 0.74946920625891100265 0.60176867315746740417 -0.27598980574615916694 0.5660447397822516713 -0.79866432509619600388 -0.20427591239185463601
5.0668387255307854034 3.7705397399684081883 -0.40507999462434129967 0.98000715516007719241 0.0013883795876120860746 -0.19895740307192349983 -0.061492027913690613938 0.95313171382928485453 -0.29624089284902588304 0.18922131576028192179 0.30255248882640639607 0.93416127363910361758
1.9522361546582673864 -5.1736344390638384638 6.9152158915606554146 -0.95735664243975404641 0.0029498165748091977056 0.28889367898724466199 -0.17527144265521599209 0.78898445938619254925 -0.58888321782569119645 -0.22966972061236051728 -0.61440607209671205258 -0.75482249436832682399
-1.5914647156660008953 4.1534352874936768529 6.0729120028451220037 -0.99803078042741910636 0.0052960120549601936296 -0.062502108569619907463 -0.035296322089853671145 0.77628949035433458814 0.62938763636758210396 0.051852974516995546661 0.63035432847070649309 -0.77457387614872885706
4.8535167134888039797 -6.1635297606508716584 4.9862509634698231054 0.83014422708292379127 0.0023246777473892440632 -0.55754386205417505451 -0.1035720035616854301 -0.98194303706687569022 -0.15830575489869963546 -0.54784432306914843114 0.18916254340960955704 -0.81491357201348002537
1.4050833998151286419 -7.2536995422746439743 -4.2477762777831618024 0.98944754075287810746 -0.00094735952601883704344 0.14488846264639304584 -0.14034654594576942421 0.24222930041824328184 0.960014485859337241 -0.036005709813850123036 -0.97021856740059853053 0.23954022695987453595
2.6449358750876275082 0.47583747583720276131 -7.2045784722324093252 0.66134065137328734707 -0.0046287165645886316559 -0.75007140848335573935 -0.16293183588496581993 -0.97699109632015868065 -0.13762853834315727508 -0.7321760441972576805 0.21322985882445280592 -0.64687809331386814105
-6.1736123641034561516 5.1447741884865028084 -6.0725805175120859403 0.99958403161928310876 0.010355007513416444181 -0.026917235204315333175 -0.022201855172308573166 0.87198756331581361856 -0.48902430108290001476 0.01840764402507742703 0.48941849499389056266 0.87185474443822885693
-0.38859806853518980008 -0.052601401499500911874 -0.38720601167009838228 0.95019688059458029539 0.0095023955342155505543 0.31150536526235916845 0.31133227582085831742 -0.074083896196953047397 -0.94740898790155370079 0.014074876209183856055 0.9972067392488827009 -0.073352689496053002927
1.2544859790359508267 5.2954447486717812765 -0.758142500643597117 0.36283893092828212179 0.018428802836474543481 0.93166962461413227459 -0.80405808211039941913 -0.49915182770191851569 0.32301401439375437841 0.47099735752516247445 -0.86631855118520484371 -0.16629388767001401783
-1.5790085160021098964 1.5164234427069152034 2.1387044121755360848 -0.87509428139126932411 -0.0039886866489398020361 0.48393603818605540612 -0.46188010822031416724 0.30543146174811852678 -0.83269345368195746282 -0.1444879382744283236 -0.95220570915811086898 -0.26912362055378930004
-1.3920875477316763114 -7.3567063945638651035 -5.4201781579490750929 -0.99126388935288856086 -0.0050989667822829310567 0.13179492479907392588 -0.0090902967364768667846 0.99951750673922690194 -0.029700508871293319207 -0.13157989272785047818 -0.030639096914314569581 -0.99083196232758063982
-3.3770117787767088835 -6.9216860114863996145 -0.48424116896122837428 -0.80613929896154945531 0.007209160825356246069 0.59168188975996105494 -0.59063695661728621289 0.050829327691692710589 -0.80533493958980273408 -0.035880581761622586112 -0.99868133428365724047 -0.036717521782429964061
6.461625629797289605 -7.4417123307077526206 3.1409801871561442432 -0.85742426909476399111 -0.0074797936831482812053 -0.51455580402302436571 0.42120961003339724149 -0.58464317474016480602 -0.69337927762892470618 -0.29564520490426504651 -0.8112560698793713776 0.50443780776328817073
-5.9534562927913530217 -2.6788954759382224147 -4.2100398900455484608 0.96385987677018802877 0.0014555517649769188562 -0.26640574190801835641 0.17537736914508561537 0.7492782394173038707 0.63861169604639389519 0.20054155764881956281 -0.66225372879628474632 0.72194396067220634183
-1.2784360240279388776 -5.4515874433337492277 3.4479558054173873316 0.99629217163475070063 -0.0020899703687385050299 -0.086008957458223622705 -0.081357247117120584656 -0.34801501958473912701 -0.93395211038083814081 -0.027980476777736448812 0.93748662826048556607 -0.34689467385932781784
2.5803623678744127545 3.9396078503014302363 -4.4667553546272644738 0.99140555502204752436 0.00084036678442363840075 -0.13082170788874880607 -0.095562871944902288979 0.68758614771060777571 -0.71978679272553514057 0.089346309251762748294 0.72610232285827625009 0.68175703426000855423
-3.9662184485988767335 -6.3693484270943399039 2.7159274409575671072 -0.92060967386940351087 -0.0051818645962068759711 0.39044971079164375594 0.12475239935298439165 0.9436060645432441385 0.30666664933270065818 -0.37001982005516542706 0.33102982227671340354 -0.8680464212988326933
-5.3298899718657866131 -4.5760515270784241082 6.8808930804566577066 0.89149584793080538514 0.013887202626026891317 -0.45281596562548276363 -0.35714244145354173687 -0.59340211293324929276 -0.72133432531589647407 -0.27871926670887170463 0.80478635548178045767 -0.5240558103825565528
-6.1224563450217424077 3.9282541679399387569 3.5983475622355896029 0.97010569265743351597 -0.0040137319874821338062 -0.24264961370086665648 -0.1784676694572095712 -0.68934534578372541613 -0.70210560829892465495 -0.1644513181223055398 0.72442175850941181725 -0.66945416554533199172
1.1681914946170024461 -7.4007170812778442226 -5.8947191637017848365 0.721692745103630795 -0.0016058685325179697032 -0.69221167488786450317 -0.53203869635391121129 -0.64100893106549416967 -0.55321096868764041421 -0.44282548170458396752 0.76753173972199006947 -0.46346587929714333498
6.9955664641047068386 -1.0876954248438781558 6.9535428869855664402 0.94290663313949696356 -0.01539373676001154663 -0.33270123842577570272 0.33289662025133764933 0.012546282066077527745 0.94287986033833992572 -0.010340280785378824779 -0.99980279239208491582 0.016954495521710119532
-0.080959392885437700405 6.6648432613838952676 -6.4008879041529445075 -0.98620212849134758493 -0.005715342075243064375 0.16544696015370605191 -0.13163367799592062823 -0.57897764486075176116 -0.80464741444241527635 0.10038892656267764392 -0.81532338468650067398 0.57023665421217095695
-6.2033541013874415881 3.2448746643842349968 1.5424627216042192668 -0.93675024343293344931 -5.66771294907395147e-05 -0.34999854030534705007 -0.3498940483958710157 0.024585971392923802736 0.93646659572446067088 0.0085519778610135873537 0.99969771771182502906 -0.023050745677744611389
4.1555309599222045591 -5.5946985707903529317 1.0249802083339338843 0.75195393812655497712 -0.0050703456994456407025 0.65919615178665835753 0.20814311859825801454 0.95064263240705315638 -0.23011959419032029794 -0.62549317911231139266 0.31024647789245368701 0.71589482875575427556
6.2403512625402184355 1.635215563488222168 -3.8896560306367011783 -0.9977330859241156924 0.0027675562306005430102 -0.067238604126697562591 0.058738702114000652943 0.52339607045227332094 -0.85006253788122421167 0.032839825309523673624 -0.85208502748709247232 -0.52237213919381020322
-6.0474792923892319862 -3.7793939137395109462 -5.4922485117913932839 -0.29484844507381818834 0.0095093815428814766622 0.95549671171601857633 -0.48257297753144390295 0.86158049092656852075 -0.15748771066691905074 -0.82473493668816699742 -0.50753189980274882043 -0.24944669749006723181
-5.5777541907176937386 7.2806674752621871605 6.4596452891732933921 -0.95371953823116395466 -0.011982621482554339093 -0.30045874788161486268 -0.224342939867289759 -0.63697838678020701764 0.73751527449032117101 -0.20022309489143677586 0.77078852583395829345 0.60481051637254945597
4.3593207310474202387 -4.2832869911258786288 6.4257476867408884758 0.88106187825901005617 -0.010538114264341235868 -0.4728836165764337407 -0.46048934578813927043 -0.24753472753411240315 -0.85245300227060338827 -0.10807187004170470956 0.96882171053927423898 -0.22294610131903958017
6.2021466867502166309 3.3776068855062231222 -5.1815738221644069839 0.75846429944255877587 -0.001747637280927437798 0.6517122464977085361 0.18558337063499125152 -0.95801570823940396249 -0.21855140198715017341 0.62473251797474249614 0.28671039138945930702 -0.72629638058750745078
6.8060124296264650212 -3.661143672280105843 -5.4769952686630158922 0.91999403985476424506 0.0054257160285535203578 -0.39189479230724338921 -0.39105674039555682331 -0.054093100776117654382 -0.9187755777335531171 -0.026183819872644772953 0.99852115553654685609 -0.047643567486834986768
-2.8203208228743745778 6.6823031567533908159 -5.8119667289448315728 0.99945295303995373981 0.013642709227672423708 -0.030127581126391418664 -0.00014632925005064398305 0.91276905236262084742 0.40847599150585101047 0.033072242853279962271 -0.40824812741021493379 0.91227172115483257109
-0.10836196683967601329 3.9138166387986403905 -6.6490252799021991592 0.99974415457107823624 -0.0074067130528363391354 0.021372084660918638788 0.0053572546153460506857 -0.84044698648531468432 -0.54186729254555388025 0.021975559696821411748 0.54184315397491999988 -0.84019228231783016358
-0.54445187575737563623 -1.9503006247883531987 -7.1205757504597517737 0.59654559479004587441 -0.0069534004828606570461 -0.80254906613749632527 -0.40452831465718636084 -0.86625562265605549062 -0.29318601408904010341 -0.6931740012270872775 0.4995526463132434758 -0.51957382303606569618
-6.1071514287583905656 2.0571516246841534681 1.0211728906740327183 -0.94528681893440835715 0.013424142843757147503 0.32596414271788037853 -0.18319001863344755443 -0.84860462477616649402 -0.49629790235455983893 0.26995230508736239861 -0.52885724273881018487 0.80463393526529636279
3.0312601306208888374 -1.2714986214760357619 -1.5832266053076391454 0.15923888992623991268 0.0093351398086470357279 -0.9871959436200499205 0.69939398805999686282 -0.70681268162421695411 0.10613144001996425991 -0.69677186036799942936 -0.70733916070015390165 -0.11908100746742719678
-0.5100893627049281065 5.5158644405938721533 3.6187403939606141989 -0.97695098360460330689 0.0025928861108962019191 -0.21344800906958463771 0.043007295986654731079 0.98181253626168329962 -0.18491759281158204331 0.20908646088658014439 -0.18983524588693045931 -0.95929423603653141139
6.5280879320029816526 5.027954524392803215 -5.3211016703973763597 -0.98504017340288174687 -0.012139390449364042407 -0.17189674802545740206 -0.015935613561193030796 -0.98682452203729587037 0.16100751201810986624 -0.17158645926364815559 0.16133814770645876768 0.97186834967094248849
7.0344085048579003683 0.12555055012084159749 5.1006536457401550066 -0.7859650790213945637 -0.00061647357223871103796 0.61827058357905606556 0.062434541119081858607 0.99480856941361395229 0.080360676306463096896 -0.6151104149940603838 0.10176212547651088125 -0.78184630662576193316
-7.0351462522362036012 -0.97542217574183565088 0.10534490861301282205 0.50968380297147208857 -0.004615750855380664798 -0.86034941496614314449 0.1194633003034941271 0.99067851365129966368 0.065456874890334290629 0.85202754701312244379 -0.13614248945082146891 0.50548420519049752642
-4.5517419971961041725 4.2122722275575572581 -0.92060096156789639199 0.8451964612444755609 0.0099833765266306717656 0.53436249315689199335 -0.46744310112484893649 -0.47092491020179755301 0.74814883289497302599 0.25911366060185075932 -0.88211680697313132882 -0.39335740713109851319
-3.5479465316692646581 6.1637853031826113082 0.28080233884834487901 0.71770531168037898784 0.0019686351911277948437 0.69634417500354595099 0.56896504929701019471 -0.57819231360553424715 -0.58478408080754984422 0.40146962309029682325 0.81589813884033424163 -0.41609177926597101793
-1.4931702883545647786 -6.601590504906325485 -4.449883165021414122 0.96345833541563874469 -0.0083518468619951449772 0.26772800109833644333 0.24635213516960915991 -0.36477669177159399716 -0.89791346500515345497 0.10516017029035552854 0.93105757705649361267 -0.34938964894567203778
-0.25351654379382598803 5.3641020517588096084 -2.9070861879820797391 0.99347170225688319345 0.0026354155472114704738 0.11404837306910020622 0.090565080309285519999 0.5896897312785412959 -0.80253597243554919416 -0.069368170246837168591 0.80762557872422724436 0.58560138451606325027
-2.2547446997898408227 6.8904284513607381157 7.18226408901783131 0.99445401515974585216 0.00037819997381733586744 0.10517161545550388069 -0.045396207934845528298 0.90358532968692928389 0.42599616932515771417 -0.094870417084976274569 -0.42840799355206821142 0.89859122799121882164
-2.4288854998232993765 5.5284476729909206583 -3.5222820335429103622 0.97910083826655303074 -0.0045313541112766454744 -0.2033249009238624061 0.025090998486844845461 0.99480542946718564234 0.098653937060823468364 0.20182167946159121352 -0.10169377725601523588 0.97412852610247302465
4.7542195531077027226 0.69117464310130116711 2.6290687199275022401 0.97814255457016741069 0.0012250790214753670693 -0.20793182084560041245 -0.19875458029902595691 0.29936616463378162845 -0.9332076490699012794 0.061104498598258685793 0.95413751558868598046 0.29306627509357929817
7.3285247271089852816 -2.4663806650856683333 -1.5279871514685761102 0.901222308354836521 -0.0037710462596240645547 -0.43334066291276152061 0.42136689455997056175 0.2412203172415097463 0.87422119553277011228 0.10123384361197886039 -0.97046305326895476728 0.21898212517808990363
-1.2355331786035139707 -4.1204511280691553665 -0.6308277174326697434 0.93928898265513149912 -0.0080623606198529616795 0.34303236786618884757 -0.0026457814237130280327 -0.99986437239802805621 -0.016255357574741825105 0.34311689976348874742 0.014360889612458469303 -0.9391829203867377851
2.9744517885625354481 1.308916318017474989 4.1255915756392651517 0.96442961647482472465 -0.0065314129129938145596 -0.26425906892984862839 0.25551872170137307494 -0.23306450899102668095 0.93829159513923077185 -0.067717779987186435542 -0.97243934273256327216 -0.22310541674164230397
-2.567169181844870085 3.9855730467507850534 2.0962434889280232575 0.94682983246019847279 0.0036140010309742053377 0.32171448111652750645 -0.22319901006147621625 -0.71280560665391179409 0.66489876600147679309 0.23172283070742827338 -0.70135234092383980098 -0.67409897167227061932
6.4082717318709452314 -4.1265113989015285156 1.6722178248032839587 0.86740614438570795564 -0.01019125642173149271 -0.49749645121797941849 -0.02790170141362970091 -0.99921341498712168416 -0.028178828368507859159 -0.49681795029988590207 0.038323486304681221581 -0.86700820910600473468
4.1679991472255188967 -3.3329442691471995452 5.7166426710049025317 0.70817381590179717676 -0.0074392111589759082196 -0.705998940940136821 -0.42202721143656551916 0.79718537932417199432 -0.43172734891240838184 0.56602374444745873205 0.60368876843052576842 0.56140626251635217248
4.4187625388672993054 1.7832077877784902054 -4.819330997980615372 0.91358369308880815751 -0.00028931301391840573423 -0.40665065107550074641 -0.16296695670705613201 -0.91644590067113063103 -0.36547049424654015626 -0.37256758681315371717 0.40015850289744353541 -0.83729717891254951123
2.8010637716852939683 1.0526196784053025723 -3.8662074102237187212 -0.79456091710405718498 -0.0046271247599245857521 0.60716681293297469768 0.22365509334868921565 0.92743067878694929185 0.29975112220627392334 -0.56449211529472642646 0.37396647678793160097 -0.73586529066733186166
-3.8170076516402229316 3.6563955202516678078 -3.6962728391359247482 0.69892495567422319169 0.0001319237063173318153 0.71519500063405938572 -0.47998090226000506009 0.74143622451431201448 0.46892500300542760971 -0.53020961873719574253 -0.67102332863630620441 0.51827160121352300326
-2.4716888063029158751 -5.1472094033296240667 5.581427125453789273 0.92334239493812741983 0.0020084761546424862409 -0.38397237886794860495 -0.36471245385800749039 0.31735784606540673458 -0.87536782185648143173 0.12009849170942937802 0.94830372959533648647 0.29376246990532078884
