1125 14.717824617146108679 14.977075390850430381 15.033177056927090831
6.4037868340301962178 4.3280489655788123571 1.140948459264420789 0.99998751962008658456 -0.00048239486546605182815 -0.0049727154786066794095 0.0047326671746557294126 0.41037311942601650827 0.91190542531231477685 0.001600770268031574857 -0.91191757859342159609 0.41037028082798160389
-0.80743600508287405315 1.9592893102653212711 -4.5847153458644704926 -0.99980580924238959817 -0.0036513460030614835507 0.019365213077127671482 -0.019307309798918440014 0.37827504829928432217 -0.92549187766424889645 -0.0039460858436903903379 -0.9256860458636153588 -0.37827208844960197309
-1.117587377292300177 6.3330834970007687801 -5.3954903075378943811 0.9974652367335302694 -0.0029636199070030683732 -0.07109373013883817094 0.069237095977901452759 -0.19001356945741892934 0.97933705534028081541 -0.016411156222564653867 -0.98177699116404038016 -0.18932673760550233766
0.14814939572585295036 3.0316651039999999995 7.1050500621629879561 -0.99884470773349998129 -0.0023534931022354509123 0.04799698847847694988 0.036685641138862558341 -0.68247859355646123269 0.72998433755212577267 0.031038904088573605888 0.7309017925872829391 0.68177647071870872697
-3.3662151317271189477 -2.8847297128586446568 -2.2037835875765234839 -0.97615007275652176943 -0.015744447968313392966 0.21652516670275070987 0.21454990505950746749 -0.22228852052476957835 0.95108156952069378143 0.033156804677825266192 0.9748537972440135535 0.220364925300039316
-4.5610132216391576776 -5.3878817290534772866 -0.58770197576137483964 -0.91393697943114804438 0.0077276878402130133247 -0.40578255318453954059 -0.24406614851247565579 0.78836765142261711059 0.56471954219826747678 0.3242698147817154597 0.6151558575117542782 -0.71863228301437065415
-5.1903308657258033776 1.7325841541100555077 -2.4579475469945344379 0.89513476244823875216 -0.0073406032768231349595 -0.44573520457803611494 0.11838788075989387094 0.96787646314533692937 0.22180951687988148535 0.42978839763994475254 -0.25131905545118138345 0.8672489063823290989
-5.1972865473142428883 -4.7994716101762939786 5.7786228890643034362 -0.20879119255983311088 0.0094685027894362491785 0.97791440594998946256 0.81267351115593022826 -0.55458399623107257348 0.17888084131594900184 0.5440294129685845359 0.83207387807764521259 0.10809745254038423401
-1.1948107113189647688 3.878991381556087692 2.1941391549406215056 0.99701828718088669756 -0.0052761271988166907887 -0.076985047306272522127 0.048203259702155568101 -0.73647522666098019783 0.67474490458901925649 -0.060257620107744075399 -0.67644393928579737985 -0.73402494250700933698
-2.6052839839784245335 6.1610651355927128492 -0.80384766522125350452 -0.99867778778179083776 -0.0031018849726717452955 -0.051313297505358686224 0.046239657465516739721 -0.4903637722622377626 -0.87029033369920738572 -0.022462641624029354437 -0.87151233448671761028 0.48985883738985153135
-4.3294233159865234128 4.5850558799176219793 -5.6373696173194289827 -0.89459858319278973138 -0.0071396568521032693216 0.44681360795022417864 -0.38047598108514457671 0.53658195239799377774 -0.75320504258676002074 -0.2343744925685760927 -0.84381800979879484359 -0.48274192232748464049
-5.1576998574841592671 1.2068716343681906711 1.7069222527352205798 0.97363972292622835703 -0.0026818867839034608858 -0.2280756396974540634 0.063306641407490274465 0.963822332593177733 0.25891848205222495194 0.21913000500572599183 -0.26653202186192481715 0.93858549010104697086
-2.1912250023246140351 7.1869190934144802085 1.9805277702809003237 -0.97235216212090225252 0.0086310250431501367441 0.23335976136757197175 0.14380521113208627471 -0.76521901596452113203 0.62750292338576563189 0.18398732040580773051 0.64371217404450609134 0.74282117829047678015
-2.7598509200742364911 7.1455930886614771325 -7.2284800985419606079 0.89820076113311053678 0.0040192868862441027966 -0.4395671029922205153 -0.23010442731579566766 -0.84771707911628679799 -0.4779411117537310516 -0.37454952306703509501 0.53043340685490703024 -0.76049526998050698268
5.0080857862898717769 -2.365875228977056377 -4.8615002786499665888 0.58718991119116126232 0.0059251150060618765908 -0.80942751448630967381 -0.80676622335786374318 0.08563381737727844556 -0.58463245733558455441 0.065850353409656378623 0.99630905964642291206 0.055063496277185153271
-4.679338567238697344 -7.2267349447811417562 -7.0064441753214179442 0.92780436043209957298 0.0058385580383197542564 -0.37302142030085105873 -0.35212418895841351985 0.3440022603026643977 -0.87044299092873556045 0.12323807980320031219 0.9389506675787049339 0.32122269462125724315
-1.6106252559910387845 -0.21101651474501359473 -7.2805056442733393496 -0.99928513106379179831 0.017340785243703662338 0.0335935113068870847 -0.036516882135851573554 -0.67273274113922487683 -0.73898388095978273515 0.0097848941676835152204 -0.73968233463189059229 0.67288505681111621115
-5.7148225556012013371 -1.6439699086311669873 7.2996782219666531688 -0.99974437778545954814 0.0060573006090297552839 -0.021782749957340055008 -0.0023046516240103438397 -0.985727271159381635 -0.16833429678395611662 -0.022491502112244571299 -0.16824106514809539226 0.98548925733907988267
0.51696441231163059449 -5.7374282926257258453 4.9552138638439506835 0.99944404289723010049 0.0021702578729538568592 0.0332700330300208999 0.033073535649278652804 0.061547538773424309566 -0.9975560343713038014 -0.0042126424852115826672 0.99810179363214102111 0.06144154288095404759
7.282708751634226374 3.3877508959950080047 7.4068201117521450527 0.99731878883647195888 0.0062432191519689759704 0.072912657668272914946 0.062980279266743613431 -0.58060446404347876292 -0.81174622928359851937 0.037265504922208370076 0.81416182577397211428 -0.57944094055871553373
7.0989904432603481155 -6.0250878688731868138 -3.5827873978051125725 -0.71218225781225885651 -0.0026612527843718411513 0.70198956501581721845 -0.69860566324333994714 0.10082830615386378925 -0.70836698113506713081 -0.068895275177320580706 -0.99490028164219357354 -0.073667296994539721577
-6.5474161842761313679 -5.9699621758247749526 4.1349296435463056554 -0.99830861539377224734 -0.0017348394951144921125 -0.058111089838084779846 -0.038129016246549220226 0.77409464425632046325 0.63192061198677829115 0.043887202580121902062 0.63306750987996007751 -0.77285150021460202741
2.3946062979963422812 -1.4070709457685297572 -2.3367607226767774797 -0.98756291337013046849 0.010435733587801816757 0.15687761982026715568 -0.15140510212913890764 -0.33207409729964887379 -0.93102271129758984447 0.042379089009062287374 -0.94319557323342950728 0.32952408629363272308
0.42313990339291712717 6.7229438432320565155 -1.5056715525340631512 -0.98691447560661893501 -0.00011239108854343765262 -0.16124455093573494824 -0.12182362794358506108 -0.65460487599212136001 0.74609078536194495257 -0.10563532322521355933 0.75597119237150245397 0.64602533602914524735
-5.0205186801653489681 -3.9693626342092138692 -5.5003845105290007922 -0.9991188569935910424 -0.013655664659540959691 0.039686678148505419306 -0.028645768085173786699 -0.46922235215492780203 -0.88261532062897285478 0.030674575311918510917 -0.88297446569020465734 0.46841772315810564775
2.903126482449764012 5.5548266992177071089 3.1432204105510179737 -0.99736156277645615642 -0.0093852893518756586033 -0.071984925086914702819 -0.0021985569594688016658 0.99505782027856815031 -0.099272859582730216266 0.072560867161876693721 -0.098852671416670881421 -0.99245305677922723842
-5.2531054044174787521 -5.7222647759792897304 5.2617881764356155827 0.73201038814660990273 0.0012297467831859170383 -0.68129235968741908014 -0.55561400178574693598 0.57979401645904371509 -0.59592950883303674736 0.39427639120949997675 0.81476216542076429494 0.42509850756460382248
7.0152457042776186213 -5.224353074877207348 -2.8401194251627419618 -0.71353979801220379642 0.0036516336896408865473 0.70060518284122841326 -0.28872371158497323052 0.90959339069596134575 -0.29879505011092677425 -0.6383569338710860519 -0.41548348844886295872 -0.64797677103828787981
-5.3308683401539669333 2.7519183368136155288 5.1815925291007998155 0.75633055065340604184 -0.0032897201041988599277 -0.65418137843426216183 -0.64915958407645335537 0.11999380447223371993 -0.75112803255498750143 0.080968713402773423438 0.99276919000840335716 0.08861942687693231957
5.3150407433408943803 -7.0533140581056601448 -4.7781659573467214486 -0.43989299034015866274 0.0073864207825829926446 0.89801982040349415115 0.16837724985550214796 -0.98155453477343690416 0.090552730475946210942 0.88212428760389849369 0.191039619067813915 0.43053525426588451497
-0.67705284234630325191 6.6310953920879152079 5.1038950065741932605 0.98082721739720934995 -0.0072240272413757605774 0.19474543137953384542 -0.15199948841789906462 0.59703202289215506759 0.78768579977172614726 -0.1219595225206718675 -0.80218487711478703162 0.58448720926527697461
-0.43638402379453467006 -7.2569449767732576717 -1.1934862140632469529 0.91399677180068195081 -0.0119621416686901752 -0.40554507555247398809 -0.17053224845943393273 -0.91830886958911006612 -0.35725001367308484301 -0.36814216462323157142 0.39568387280853589694 -0.84137127323544891322
2.7455342950426304682 6.3289499366416617221 4.6893741227202205835 -0.99694942360281435523 -0.0019389766767042393263 0.07802619526491166857 0.024763956005973530861 0.94018044439662662448 0.3397756295808546656 -0.074017519959731659096 0.34067135533179759843 -0.93726433539079156976
3.8928364508016288781 -0.24269183046948331062 -2.5458864192932586512 0.81893710659219665082 0.01269154146378575175 -0.57374292171829799347 -0.13757012389384287721 0.97494665521613910197 -0.17479553911559650436 0.55715031765080458293 0.22207643787253347756 0.80016596983594767689
0.20048337313948288996 3.5685865838316463972 -5.2060056110135830565 0.97936088713566060715 0.0055523558185791316993 0.20204312434163038126 0.11835095970371138641 -0.8260840216872205044 -0.55097934575652773859 0.16384536333409799314 0.56351961852093546135 -0.80969150696793623645
5.566448034736070305 7.1462946291247728681 -3.557875634369974005 -0.46857965883062552281 0.0021542069936789660228 0.88341862258059089541 -0.77982608172620160314 0.46886279137770853209 -0.41477580103110173182 -0.4150956342696129342 -0.8832683863093843124 -0.21801966002306910619
-1.4557288979158309328 -6.6864337298512843688 2.6193551392578462433 0.98940217934240826114 0.00084422110552527063025 0.14519853581629488248 0.040969738573792768843 -0.96097462520965837296 -0.27358591013467564723 0.13930114153756237294 0.27663524177837184315 -0.95082497599320270343
5.2705242456631911097 6.9531625849634872694 -6.1897559044590684252 0.98027211410945602754 0.0015885891141702453665 0.19764629691424551172 -0.067374189586469498958 -0.93739385838058786327 0.34169207314184835145 0.18581523316688661196 -0.34826746999251784187 -0.91879402940384335974
-4.6097219886717901716 5.2209712313926646132 -3.3846808198331661544 -0.96735999761855884227 0.0010382978313956507666 -0.25340394027128343435 -0.17769796848982982729 -0.71570069798940572081 0.67542278825356139027 -0.18066008690908455514 0.69840635222995894882 0.69252472891780347819
1.6554220001804351714 3.0844603547606701532 1.5526031629809131651 -0.92361321885608960169 0.006785879089974041975 -0.383265669998522851 0.12435115653564357552 -0.94046742975252117791 -0.31631914808121625038 -0.36259538306867061808 -0.3398160758698387518 0.86778431811007294971
5.46881198473690322 -0.22824356327215541973 4.6680364498058990463 0.63591627415350027164 -0.0015659259804943499034 -0.77175646427006949768 0.48181824092023889383 0.78197859204286201962 0.39542466324575575864 0.6028778275763767569 -0.62330332059306514658 0.49802740442099568963
1.5478388233959494702 7.1548611948760463264 -2.2595047292605761058 0.9944446822520220941 0.0056945071488402384391 0.10510635817566413297 -0.10359870090588396696 0.22968114752674140266 0.96773647220791148005 -0.01863016669900094055 -0.97324927077251943697 0.22899513931444542836
6.1026995955879170808 -4.2586901758194848355 -1.7131378057862056696 -0.80086983442822323731 0.0025949175115127344829 -0.59883284371019984693 0.51353174890080899306 -0.51142584880386854351 -0.68900561974920948582 -0.30804650813434264478 -0.85932349413848096997 0.40825296232600805091
-1.7920487989486995062 6.3767031064329726675 -2.7412092663602689591 -0.98570072887602655509 0.00087761120915947363284 -0.16850312427943742177 0.12194679672025900141 0.69382415066175573415 -0.70974433898990618719 0.11628865749949728048 -0.72014392850113195799 -0.68400999289473063403
-0.099522547054432225488 -4.1513796491240038122 0.38548180900183515174 0.90065482461634116529 -0.013969152621810441983 0.43431066032316534287 -0.36320354156745193741 0.52448306879836126271 0.77006538549440584074 -0.23854574883688206555 -0.8513062746855091234 0.46730456063784753251
2.6830664635347600822 -2.5175722451645174971 5.1743012935748584624 -0.83399441782639094356 -0.0095841498880433091678 0.55168963657609149109 0.13710101024173551587 0.96489307239991151111 0.22401935591679295046 -0.53446854353206207922 0.26246809883414812248 -0.80340143954883835864
4.5964650582211001861 -2.412161646365421408 0.054723857684516957756 -0.97798747441048061724 -0.0038249913021262283569 0.20862854391896662465 -0.13256359704290981982 -0.76074798477707106237 -0.63536556122963661064 0.16114401209871628828 -0.64903611078208078844 0.74349494568930674099
7.2845362689246062615 3.078009202121263943 1.1078144196356283224 -0.98753213743909529221 0.0014129753521022491748 0.15741118456333463849 0.12936713845660549604 -0.56245557371640797495 0.81664427450564069932 0.089690696354301602256 0.82682630043798766017 0.5552601623486718152
1.8214002163691822567 -1.8744799321073608578 4.7139924983419776439 0.4976658566467069833 0.0017461374336112120767 -0.86736707692423298255 -0.039897206013354245824 -0.9988934248506259328 -0.024902585058168363874 -0.86645075340748911596 0.046998689282899810959 -0.49704548597211301031
5.3741885667826911899 2.7560350746124089305 5.3952771972658455368 0.96983785185722792832 -0.010954490173068494319 -0.24350470272672877781 -0.2167238334391218546 0.41845905013994177946 -0.88199932164115757427 0.11155859950922558665 0.90816960007528513277 0.40346332717427546566
-1.4056124722443701369 -0.86595274335004590593 -6.3022152655669305688 -0.99786907995386286974 -0.010013471165958976947 0.064475031345611055755 -0.029301511477966578345 -0.81413494328801117028 -0.57993595813897702573 0.058298547983037150855 -0.58058937685136635665 0.81210667697689309374
-5.2203131492110275147 -6.0544214742442914456 -4.8924469263830969723 -0.91983147894448613613 -0.010318474817167577751 0.39217799456423435567 -0.048676910356794875212 -0.9889275959065347843 -0.1401883320848311687 0.38928217110607576945 -0.14803965391768186821 0.90914446163792039801
-3.3619457774894838664 -2.4122432823330850482 -4.6301036790889193995 -0.75467819609463004937 0.001012590893898532296 0.6560943491595373489 -0.051138621958551053193 0.99686577378132501526 -0.060361166387301462555 -0.65409912221588295544 -0.079105017054109716401 -0.75226108140281011671
-3.5223564355575898155 -1.6605788979083875301 3.3961869552340417933 -0.77262531335201400928 -0.0041615145654095046443 -0.6348486488636900793 0.17702347553361674759 -0.96172982534291995282 -0.20913735236940456108 -0.60968255205288024445 -0.27396792666778851943 0.74379349343732670263
-5.7234633707891786614 -1.2048714662803130526 -0.55635620294888044057 -0.9997899948790328617 -0.011459023666901475488 -0.016989906309700979203 0.0033950705101958777651 -0.91021660360310818749 0.41411859173617365792 -0.020209889560324156843 0.41397394278133936574 0.91006435764840387659
0.13356755309379744756 -4.2901868833084098043 5.5813050831821433562 -0.97042693897289378224 0.0044651307454762634991 0.24135372117085338028 -0.18842714581033367938 0.6109425401924396537 -0.76892419867299810488 -0.15088660257749975102 -0.79166234923140388346 -0.5920337473253067806
-4.0827014410229072183 6.0100631728790654407 4.3964076292488583064 0.92626073279632992197 -0.006583239320489944757 0.37682584284997650004 -0.26189605252442094141 0.70775398966541047674 0.65612098563048748545 -0.27101939515771994449 -0.7064283056847939779 0.6538406047162128587
-2.3586305109484477782 -5.0254250477961335264 -3.1586416923878006813 0.99583295935898774598 0.00049852867384461057101 -0.091194673767369643924 0.018880336744284277606 -0.97944695445926199806 0.20081632474729615989 -0.089220232788292858084 -0.2017013011106759679 -0.97537497158343910986
4.1600897046657721035 3.7127709182528878529 5.9219990168950884524 0.95671260377460887181 0.0079412459609597800536 0.29092598782399387014 0.23303292135839046018 0.57793206338617886253 -0.78210625088501428692 -0.1743463545416631677 0.81604624055435581731 0.5510643174216131035
-4.6543918567617792448 -2.3997434124531453747 1.0317669962874638223 0.83821181943592548702 0.0018754142618981341998 -0.54534157055843368589 -0.29742774895320556183 -0.83660274833704695308 -0.46003540692795746869 -0.45709701367478416945 0.54780683118785955532 -0.70069251158651346678
2.2950455416781361251 -1.0306422744996255325 5.8572267736688443662 0.99096079165835904146 0.0054757129268834092012 -0.13404001627764175475 -0.11414509404802564152 0.55936249172350382963 -0.82102649187315002166 0.070481252120843107534 0.82890507262338908312 0.55493132338934370029
5.0802636985413851534 0.1992647314486011012 -1.5861051556718765987 -0.72845451860285159729 -0.0058762938926561029962 0.68506896258485627804 0.017287775813588684287 0.99948712508121206888 0.026955882554129596829 -0.68487600858435937479 0.031479453091536727105 -0.7279793244994022805
-0.99241036593043308045 -0.10157842236046259188 0.74963937272002711953 0.99960364535624379734 0.0038033805505014862784 0.02789420167290741423 0.026773726983362160226 -0.43469380616833180886 -0.9001802388535690147 0.0087017086828190103737 0.90057027997563021682 -0.43462334393206097927
-2.6271246952925424445 3.4404977236336438118 -3.9427875464131778571 -0.98823187380162080817 -0.0009415259764115396432 0.15296037765197606495 0.10875905633082823265 -0.70748932052145818705 0.69830532649703624948 0.10756036104736005354 0.70672340761912255669 0.6992658963902246283
3.0961208107367981235 7.3758530167029885405 -6.4422940119410201376 -0.16260302849768407119 -2.43066960316775868e-05 -0.98669157011327113249 -0.24594980104328564852 0.96843575862112807329 0.040507737417690897752 0.95554641461843980998 0.24926327614209914385 -0.15747656548421323786
7.0808846008847154962 0.11402934884821065709 -1.3205840639695518579 0.94348683535086919072 0.0047647730312096788635 -0.3313757511612365203 0.32052672772002410717 0.24102012835717095962 0.91606326994594788893 0.084233059642827332048 -0.97050842070786869087 0.22587208105147388304
-4.2851907545942644617 -2.8462797779275885723 5.2331601060784729285 0.98647558349146602374 0.0076517120006135029217 0.1637295772874183819 -0.07056488301645809369 0.92142549750054769664 0.38209377100477692757 -0.14794093571465999348 -0.38847973416802061841 0.90950369745294323831
-4.1400178760728589822 3.3531658139580957645 -2.8821085473457146442 0.98476187160473815929 -0.0098229810648736183565 -0.17363054246484885268 0.12282733085408169271 0.74609074363423111276 0.65441733554260828054 0.12311581144965370871 -0.66577181624515768821 0.73592824763334430127
-2.2371032469525706787 -6.2022407117864934989 -3.7246561610153081645 0.98617825150198712425 -0.0076513786781837612311 -0.16551106509493720975 -0.16423486423511510224 -0.17714346443809753096 -0.97038502790210900972 -0.021894420161607454356 0.98415529740531026981 -0.17595165516306854325
-1.3656572471495247445 -6.7580865757158141705 -4.6639960231672832336 0.99139239693401992604 -0.0081508612829170965647 -0.130670114263741588 -0.05712821445298125328 0.8711019920741898126 -0.48776806631617802834 0.1178027266864692113 0.4910345027233303794 0.863138247745053655
-2.5368859685323905673 -1.4122190173500668298 6.6035053757916344352 0.50458213801637996632 -0.0067651244927813009716 -0.86333718736383280312 0.86136181212737294999 -0.064112244592487821482 0.50393000377234753451 -0.058759634133231264386 -0.997919762898703544 -0.026522673557157573632
6.424405376318881089 -6.1407996244539990727 -5.0367157299751008637 0.97286278813627891093 -0.0084423306477237215067 -0.23122872337348668315 -0.0058114312659374445236 -0.99991042793358886343 0.012056673520766270774 -0.23130979816324703791 -0.010385719184456188025 -0.97282470883033478337
-0.34673797227336428106 -5.900571229307731258 -6.559291686234778318 0.92652265009319112465 -0.0099183595808842034414 0.37610823576118479483 -0.35397077945191240955 0.3158272595851601694 0.88031689146412661628 -0.12751653288255265783 -0.94876486457189801449 0.28911030005081311822
3.2789281198805566575 -7.1736322357508930381 1.9484763333017114384 0.48487111272449412436 -0.0094994712781934255441 -0.87453402683413672403 0.75484482366881355819 -0.50047738203678104885 0.42394773528117263295 -0.44171177958675011954 -0.86569749342078217147 -0.23549639839963310006
1.6902644130136046385 7.2493611335469818613 7.4236884721642528717 0.056481558667265556462 -0.0001180617442219627361 -0.99840363560635903006 -0.90032086912399855727 0.43223022799526794602 -0.050983944797518415681 0.43154625030281307252 0.901763281614868073 0.024306743528082798422
5.8682503724901451392 2.3341571755535426291 -5.8026295744220481865 -0.99934159150074453049 -0.0074073477245643649935 -0.035517808159438696292 0.024746783417948156614 0.57672658480139815662 -0.81656233264427013907 0.02653262533616430538 -0.81690365257036812174 -0.57616355508642591587
4.7090501845708772066 -3.475244321102576972 -5.4199830180735055762 0.63755993029680679829 -0.008563384676906832943 -0.7703531681786128793 -0.20229776074005889619 -0.96670942517190405763 -0.15667961987287234993 -0.74336596053319137223 0.2557333684265944429 -0.6180675472743291099
4.3274681286582072914 -4.5223211987036853188 -5.8313687638657922818 0.96449237255900233112 -0.0048648892630259290074 -0.26406589353432463607 -0.044287438634284116701 0.98269427807736886571 -0.17986266597920230748 0.26037105456416270721 0.18517097150045075393 0.94758568227830530795
-7.3561348501650902776 -0.7911227741380124634 6.9130112736770117365 0.98709586402752336198 0.0039519894711128877862 -0.1600816572849297903 0.14646394202411616714 -0.42639667334731184978 0.89259968106936427024 -0.064730741588658907704 -0.90452764398745555408 -0.42147321665297932114
-3.31200290010160181 2.3734518215540112429 0.27042957282139529207 -0.98678237028446924572 -0.0043049174187511978981 -0.16199389303840858179 0.15564965746058118112 0.2530119319305224046 -0.95486027586927968436 0.045096982472673664832 -0.96745358027493921771 -0.24899765497903389444
-3.5491436679565118162 -1.7302790857406404879 1.8834927568362835881 -0.99998709167886279392 0.001873979527595643832 -0.0047227826870555661073 0.0032963491233923636684 -0.46806844528102120595 -0.88368606677635663793 -0.0038665951477097181693 -0.88369022781338268935 0.46805622601252144799
0.89210894181858613194 0.26111337535109774288 -2.7919973865389398071 0.9947463523042743283 -0.0053590603576387655163 -0.10223001051263641559 0.061231087393644453853 0.83144567764028431966 0.55222172998703522584 0.082039310784101301954 -0.55558020627573734274 0.82740569606489133836
3.656836436427732373 6.2274602988269016635 -7.1969787440564676473 -0.99069896911636790016 0.0011302746316886802189 -0.13606717117379080184 0.11315920203047456771 -0.54849214200490137294 -0.82846325516267249611 -0.075568165174260834571 -0.83615494535292289591 0.54326269867722887241
-1.4135919897550306423 2.0070328360073794727 1.5529638731444705968 -0.97399398862929120746 0.003387655368314050966 -0.22654852439391645613 0.19637999326478106088 0.51133143358549071333 -0.83664512385638711844 0.11300711640984528739 -0.85937691894682410876 -0.49869901024792234745
-0.1464454825452617126 1.9840827744121241061 -0.59043158581089449921 -0.94830480708939357548 -0.010778641499504427667 -0.31717788973773491934 -0.066695744665945383423 -0.970334872133844617 0.23238311807083855687 -0.31027354140258267545 0.24152444350067464596 0.91945433420979993944
2.5985138324611911642 2.1930840042029289272 -0.2951797974312549977 0.99683072731467092797 -0.0020749454942703571964 0.079524811740830508855 0.032727092546328197253 -0.90045159982123368358 -0.43372324562196329367 0.072508196051743412092 0.43495127426024904338 -0.89752991622836275631
6.8260777866268647074 -1.8783872211772147942 -7.2539298346255636218 0.79335548170224590159 0.005095153637854801798 -0.60873731531962793628 0.55040946659011791287 -0.43320270685726369742 0.71371201044931231738 -0.26007018041504453842 -0.90128211686516401802 -0.34648816296943324433
2.1678188232375910083 6.3231225773977932647 6.3169111555641936917 -0.8177680596042729011 0.0084487821937223733793 -0.57548589797703986193 0.57483016955790733338 -0.03793075888876696472 -0.81739313289029036369 -0.028734593386508425206 -0.99924465252994598696 0.026161948194805668966
-3.9728400592367147937 -4.1054824707303811948 6.1889048863410538459 0.97475542535118420151 0.0049606823816216172318 -0.22322018810751606543 0.15735811571775762396 0.69399587689735420248 0.7025725202903492228 0.15839912931014660247 -0.71996188404645722336 0.67569564254484648647
1.703451311893030562 -5.4309612115377658981 -2.3924632291522489602 0.99672038670322693488 -0.0025532174391689130277 0.080882333120372296165 -0.057856415660350442309 -0.72130150404197623804 0.69020053276823090105 0.056578316493322088065 -0.69261650380814954175 -0.71908363404784891859
3.022424730956847938 -3.5524634517529953825 -5.0924950020154868824 0.72502367655036781269 -0.0062010387713731544498 -0.6886960255145865295 -0.53473793790174029006 -0.63526061281272616643 -0.55722463296009283606 -0.43404608765663649228 0.77227294457791195725 -0.46389491575454055994
-3.8668639946005525232 3.3139343820027997722 -5.5254468623585388798 0.83324091459283877725 -0.009336896331391095899 -0.55283125871761995551 0.41054880371312951759 -0.65927648352257306463 0.62992396211284540364 -0.37035018295960281387 -0.75184263023661124237 -0.54550288848066530445
2.2577430668408506875 -3.3564636756256658323 0.78096285983998703362 0.98135878627964223675 -0.00078538836916594025831 -0.19218302671326101261 -0.14757982700973332202 -0.64363625642294441942 -0.75096775168960372415 -0.12310616252396590353 0.76533113916986650338 -0.63175400288848870822
-7.0209816867578318522 -7.3379926864191364899 0.4659195838806212131 -0.9675108430968601958 -0.004797286862585071511 0.25278400765982472764 -0.21027868148930536907 -0.5398548357629477934 -0.81507032360061781873 0.14037679509422784641 -0.84174446380238621135 0.5213066401427319807
1.0900089614711130359 3.9781059534690057511 1.8341771729993023854 -0.92439794833760946524 0.0054111187457596115341 -0.381391076066558532 0.37049665937655401615 0.25041950974876420188 -0.89443965393309365908 0.090667847112751831506 -0.96812230060627080253 -0.23349208245428018649
0.44254265267103892745 7.4589479597046315362 -5.3473819107523885563 -0.97172505385596585903 -0.0056881849153460036297 -0.23604674168700548464 0.15159314901039372403 0.75142714281332112503 -0.64216568439670362878 0.18102468583539782498 -0.65979155314073778538 -0.72931829095551914399
4.9266565498635790377 6.0368866564260672547 -0.59899223683495117498 -0.99930452875331265972 -0.011241348896031530188 0.03555405586025998238 0.0070038013168027199451 -0.9930908848483488427 -0.11713855555765798067 0.036625204166415514795 -0.11680807551714061931 0.99247895086685555821
1.1191172860648086473 -5.3200274660586259756 2.5691843047751055096 -0.89560932096360257315 -0.002333957180046605448 -0.44483535925894723828 0.096272262455634388667 0.97527012643016475213 -0.19894680689725596778 0.43429897039341769371 -0.22100392108930033697 -0.87323632035000287033
-1.6523447559053032752 -3.9490760911061522087 -4.4352633565929551196 0.93944146348192203444 0.00091639778253158228616 0.34270818038976269548 0.33001894495885714109 -0.27202591341089865651 -0.90392997427959920209 0.092397146379920219728 0.96228949004340758044 -0.25585485082911024746
3.3225361308001857275 -4.6910733131084203507 6.0440511788985205044 -0.84925209910576893169 -0.0046647698272273829811 0.5279669611697572762 0.39738048418013977026 0.6527682778944593478 0.6449669186612043692 -0.34764870624973515101 0.75754327618760586294 -0.55251114173904292137
6.193773555914504847 2.0673302912049749125 -6.8834035624384304342 0.94808109859046041379 -0.0010284550663520919574 0.31802700007322887155 -0.1802756917426944494 -0.82555218240688743592 0.53475627073458109617 0.2619979111789524362 -0.56432485006725852106 -0.78287582548861966991
5.0519301157145459769 -3.3718554319498075245 0.79257048922703932092 0.99830576154318162452 -0.0041578623989774951553 0.058037217799322193823 0.048273602141937571597 -0.49768208004040881409 -0.86601513066626356618 0.032484855022873224129 0.86734956008915975456 -0.49663817292591838637
6.431241555061542492 1.5351590287263185974 0.52787055482711564558 -0.58936669083238157896 -0.0042095001781714495165 0.80785467990570059005 0.34456618003590633315 -0.90577839818416472362 0.24665692967851399198 0.7306990155411462462 0.42373077949473791914 0.53528606856150617865
4.3010960422041737417 4.442782167727017395 6.7910195679042386629 0.98244516520713076613 0.0026029422630809099376 -0.1865334341417002606 0.18617320250592914177 -0.077333909355790569906 0.9794687361689519145 -0.011875859119020025501 -0.9970018511293072816 -0.076460923450259871137
6.5229322338120780955 -3.6735369416563465883 1.7577880245131118908 0.97817834461151009773 0.0044981975241177619973 0.20771830047466674496 -0.19685487063616732839 -0.29967751878197712578 0.93351033451346976388 0.066447618767247404459 -0.95402995286094005589 -0.29225256714776987055
-0.52118273345216781234 -3.216328751321121171 2.5288721138617344941 0.96109274882335549162 0.0086412634914896195582 0.27609066757924727309 0.26102883374025509511 -0.35537045474340661633 -0.89753873891421520614 0.090358597351268027387 0.93468559872338929928 -0.34379958613111805121
-3.6715935559047778725 -7.0640294566447234814 5.5714581713371824634 -0.78641363481924020373 -0.0032985571292655745113 -0.61769143954827598897 0.5929140838359401311 0.276398444098475915 -0.75634435893247009552 0.17322379790150466139 -0.96103747045621246148 -0.21540774410361912539
5.7703423520565850779 -1.8777869046906678907 1.8336600463039558484 0.90229706382446861479 -0.0048746836748608237885 0.43108728358957393301 -0.42979408083894327097 -0.088382605842939249152 0.89859087635036294373 0.03372027119412421281 -0.99607467212216271868 -0.081842475934723379893
-3.614374187151316864 -7.165171027284189087 3.6262385321438883601 0.93859821615052452248 0.0028358730601643882679 0.34500050211986832416 0.12988272973656911358 0.92349786966391156362 -0.36094620269835203663 -0.31963082635307460411 0.38359306895488592959 0.86642512215111677776
5.2344062970567506454 -0.27202195661977557339 -6.0278141700510543544 -0.4875557564404565114 0.0095205824345287078103 0.87303994345733360039 -0.75664988168627667076 -0.50352459916769387593 -0.41706586359613789794 0.43562637765177636417 -0.86392843253539064463 0.25270006440624220856
6.8463794073353678726 -1.7395298582762690476 6.3930535523057923086 -0.98758508833696045937 0.0045878919310644774437 -0.15701797521955671022 0.12780939704969096482 -0.55766372013731158042 -0.82016823473499256281 -0.091326071415620699301 -0.83005429129078678319 0.55015399861277247684
-5.8627878508469288832 -4.0835271102684913558 2.4967398785250667359 0.99675844750225650603 -0.0091843231580904741845 -0.079926500868467850736 -0.045773586304605096142 0.75225440920515196375 -0.65728082478357341412 0.066161742191041761352 0.65880873706978959614 0.74939553763733823821
-2.1829215697427035714 -4.0498292610791111201 -6.1304173131924910578 -0.98670394363156965767 -0.0030069056012038144175 0.16250011120176469093 -0.061179799444825662402 -0.91941635550843703317 -0.3884978730487579357 0.15057343644134946192 -0.39327410764282255684 0.90700778193791964377
-2.8640086392705539353 5.7094652544497881408 1.8337917867099089442 0.93208197176623963642 -0.010169764162651539346 0.36210464482684329157 -0.33894116264541307437 -0.37724208055085578506 0.8618626926177982428 0.12783616926711810491 -0.92605884724395370888 -0.3550674939621375481
-4.4664715568433335235 -4.8747704878970594677 -5.1606592661213843698 0.79936541690221907253 -0.00624378685041925615 -0.60081273737057483419 -0.11461762850337943453 0.9799989724394463364 -0.16268009482992173975 0.5898116050885727768 0.19890457295742372534 0.78266163912607855657
-6.9286583540896593547 -4.5397332153954952361 -7.0864643664556981051 0.73463726685781993719 0.00029288937796928017632 -0.67846002119459636326 -0.62713146379267359354 -0.38126358314232805524 -0.679223238185135747 -0.25887103597124710985 0.92446632950335927426 -0.27990675652778912452
-3.4694356634122400784 4.334977257238580961 5.5572246331099579564 0.88387454213740435094 0.0072596537688057200671 0.46766771450311600544 -0.29736110821462941045 0.78051419771119778801 0.54988540487319115257 -0.36102931332886484261 -0.62509590032123074632 0.69203536782365004942
0.46423799311158864267 -4.0310507423500441249 -6.1924376524831741264 0.99478456079651722543 0.0065492901765823305013 -0.10178793837638527853 -0.015624142280062463389 0.99594341040252076791 -0.088614950509811524215 0.10079466145953019929 0.089743133854477810663 0.99085145513710071175
-1.3495084118842286536 -0.2719274883551530686 -0.50577444071821142657 -0.99905764813519837286 0.0052569972245992378779 0.043083403797245747868 -0.042551224932770914666 0.077051249484621261998 -0.99611871692562470315 -0.0085562234248087072619 -0.99701327420093077691 -0.076754948424582192246
6.2495562132811244282 0.86775559173319671835 -1.9783022038885682559 0.43984524219627707531 0.008316966629279559306 -0.89803507224574274925 -0.89778081013140931255 0.029603245500896130382 -0.43944654375201469554 0.02292989047231420649 0.99952712615617089753 0.020487659725481423278
-6.8920294734737526099 6.2314468964622840019 -1.0964157808417063222 -0.99673994172794044832 -0.0038391605099843666843 0.080590008133419988035 -0.0081577308246045202728 -0.98895267005180886866 -0.14800698573079479337 0.080267926297889355403 -0.1481819059260933158 0.98569730788101228569
5.8914008974099472127 4.8675128507668263822 -7.0863466980120222161 -0.99768616279641075817 -0.005394853583847109349 -0.067773269946032277389 0.067917833256425169663 -0.12425006412155964464 -0.98992377963733402257 -0.003080339286175334812 -0.99223627081488874335 0.12432897646682837534
-3.5361685375765041783 -3.5094654856005025323 -6.8547958473430341542 -0.99893654780433260854 -0.014449366050963200619 -0.043783436154434099419 0.03281315314897215174 -0.88990780188801343886 -0.45495868067245831545 -0.032389356912208011607 -0.45591152646041582797 0.88943555674335483818
-2.2111828334340186686 1.6502944360388793754 7.3359091216015208659 0.90395294638592149639 -0.0055448992837903495617 -0.42759598315714741901 0.3024902919774975496 -0.69850164801176806151 0.64853301456778367218 -0.30227254916652357419 -0.71558696314064651478 -0.62973534457234559003
-2.5352681381658213056 4.2254029744848775607 -0.82693144294201503808 0.99992522087149326993 -0.0081396832948835741439 0.0091267859013461714174 0.012193726837111319716 0.60683547128658132941 -0.79473393271844561259 0.00093042509225715365473 0.79478579274177552083 0.6068893457334987307
6.5748278114408291728 6.2737601526140585051 -1.9780185077488938727 -0.76683956759312665863 -0.0060295842887060054419 0.64181050294224817332 -0.51451066688904023572 0.60358264701583796974 -0.60907040798149369998 -0.38371324088574609856 -0.79727763817553332082 -0.46595334147771055866
-2.0381408197674124594 5.9592110643728917196 -3.9095225531856896417 0.96397754155065329407 -0.0058990000020137317929 -0.26591822273949339284 -0.24621821739026086839 0.35840118497767692318 -0.90051384222104935429 0.10061753729408046132 0.93354903053118531986 0.34403825191872422495
-3.0005406042524711552 6.0371913770650245112 -7.3623654178884310184 0.996761308158719328 0.0020874806916241286925 0.08038990597125450499 0.04597439816242102073 -0.83497853520412945727 -0.54835864218759078348 0.065979157855441089575 0.55027855507246214994 -0.83237026770312527724
-7.0378403576364227945 -7.2442484603167605073 -5.0524169780003864716 -0.92776440086375533411 -0.0019019558384662251481 -0.37316162591293100537 0.19574502263888549081 -0.85384808917414634077 -0.48231455164212533315 -0.31770600026136980309 -0.5205188019444051406 0.79254215926988502705
3.4433532055366700142 -6.6513800209965570076 -0.097154565129011369318 0.8709010940390887745 0.0019761847980798484883 -0.49145435097796746904 0.226570777511229976 0.88576952795400365481 0.40506545906325625017 0.43611577267902462696 -0.46412114586800329308 0.77096990523531583328
-6.1950285441541810272 -0.83979777332400329382 0.6482507766027266749 0.99807830603793623592 0.0092090560221355349108 -0.061277143401350112062 0.030739432041580871252 0.78505404619617047413 0.61866407029075698443 0.053803181448720670266 -0.61935881186769403683 0.78326233142398926645
-2.5754337679892969071 -2.3951945066980924182 -0.9960905374712889504 0.99996160983148052459 -0.0076788183052134166215 0.0042207360303476533156 0.00079304544117007164626 -0.40040167013547423025 -0.91633938779888135517 0.0087263934206026298052 0.91630755661090312891 -0.40038020899599996438
5.2095096517982479867 -5.2162757657036271652 -5.0049216011408832472 0.9947699397453436676 -0.00020366326645463914656 -0.1021407142145715069 0.060173459525113832946 -0.80687397586110476411 0.5876508673072600164 -0.082534367070769748542 -0.59072357799516594934 -0.8026417212260807954
-2.7175014835828350535 3.2305131759337881725 -0.33911409326293356914 0.98085428765707982635 0.0060948632599232589746 0.1946476792223632013 0.15069143807469109753 -0.65687822925852934475 -0.73878486883343297276 0.12335703010283344261 0.753972044951334186 -0.64522027134630721701
6.7577941671970664927 -6.939803008562179798 -4.0070370809083506458 0.99152144664800978546 0.0044282396103098239926 -0.12986766930637830275 0.094864531928549600259 -0.70766837951313787958 0.70014725966698865278 -0.088802823260878460676 -0.70653085943307947225 -0.7020884582797675133
5.0791157585536481633 -3.8312958408832673562 6.0263071235203833353 0.99985033545614909745 -0.0072153548809047131016 0.015724037084758148153 -0.016719311556475456582 -0.6365863383901294581 0.77102418794503646549 0.0044464940546897098461 -0.77117168803645741448 -0.63661169975232212437
1.1094188672622813385 -3.0756564062313604957 1.8835355476710817779 0.68365956823394335995 0.01335502963820697428 0.72967885946192478919 -0.070470936270042472405 -0.99395226591095264812 0.08421840791568913076 0.72639069508323572677 -0.10899787279571346299 -0.67858383551525636168
0.19212043775506870702 -0.11149962347996177081 -5.2652391146113153297 0.61530182187168824814 -0.0058714107940165630867 -0.78826974731789523076 -0.16737387632404363003 0.97619896825620455783 -0.13791867132428803355 0.77031789121475102711 0.21679737293351586391 0.59967428289316715428
7.1625282508404826132 5.8590310461148904508 4.7081557808985099456 -0.99793584385493694366 -0.0053035995289965991162 0.063999401415307355379 -0.021397752333776852429 0.96709605085450545126 -0.25351008780059475223 -0.060549052383529776422 -0.25435624673603685064 -0.965213298707475853
-5.5513654259395011081 6.1690760374254773879 -2.0485215576421746952 0.9219167989442673683 -0.0011104577737229733014 0.38738634811767147514 -0.28580236596138847149 0.67310204825290831376 0.68209283843816792547 -0.26150797967802702493 -0.73954878102891852265 0.62022671422910002903
6.868640533545758764 -3.3400775802995550379 -3.7272870074262907103 0.71514021019697027182 -0.0066308313599837574379 -0.69894957746249009034 0.69083091290499587522 -0.14555118405893718858 0.70821430555589715006 -0.10642898822403561165 -0.98932850201271749224 -0.099508721080622503097
