1125 14.717824617146108679 14.977075390850430381 15.033177056927090831
4.8112665073196971832 5.7423425292904264339 2.3590089056521073019 0.99470173112308091223 0.0035401749675806940508 -0.10274207152827641298 0.081465310348099131965 0.5824429981063522499 0.80877905336800803848 0.062704619531633920548 -0.81286383922402771773 0.57906865704451215837
0.023697503405145550759 2.3987730106724569623 -3.2394298027350201252 -0.91491625852997193746 0.011175992139980436141 -0.40348895533479800513 -0.032835442735949266213 -0.99836437978806646942 0.046801697305729757226 -0.40230594524296453551 0.056068372279262659874 0.91378677165529753612
-2.4755100977460147149 6.3406869384788082655 -7.0191835399061570655 0.97158231330585720364 -0.0045943655114794104688 -0.23665734781892205918 0.12965610506496022536 0.84680706827593954511 0.51585568091984246308 0.19803308534322780488 -0.53188032575332477858 0.82333845785678938523
3.2514251278959909186 2.4795602755724144295 5.30743251852185427 -0.99072214304211470015 0.00010258990764518702635 -0.13590299761726332139 -0.1092113697620328977 -0.59577365828875461506 0.79569254414247592155 -0.080885796038232815608 0.80315237505996051048 0.59025735949229141131
-3.2566339471605130207 -1.093195165791072121 -0.42755060311452247612 -0.99578006245950223541 -0.0036213999157323180714 0.091700341716066446907 -0.070635256052660716497 -0.60768415375507944809 -0.79103137098184006515 0.058589485495024157258 -0.79417054512094598095 0.60486396607150183513
-6.0342117240413291057 -6.7312822529512033043 -1.7088193318282660638 0.85047709321365239088 -0.00013829996076802930118 0.52601206715437565098 0.49965949516937602226 0.31276281971464231502 -0.80778698150639038911 -0.16440530041925408011 0.94983124789473294403 0.26606671666480313787
-6.0199235057467648247 -0.237086901021908103 -1.6009614963337588378 0.94601260240344808849 0.0054778086789577240534 -0.32408355358752660713 -0.037503667686405707526 -0.99129182173711916093 -0.12622994520810174035 -0.32195283972023003294 0.13156944086398980609 -0.93756911810647747263
-3.9496293574887517686 -4.9238351433737355123 -7.139267070318393138 -0.67420975359514223602 0.0035674390673479366293 0.73853130030880786983 0.62090810631329107494 -0.53871986505659463784 0.5694330781644928452 0.3998929002516802278 0.84247740644589241832 0.36099513564086749273
-0.65123182453965500205 2.6875987976111228583 1.0020871763850374148 0.99705525939036920846 -0.0060276891485741930163 0.07644917714130440578 -0.027323022838840183707 0.90355953959658574792 0.42759047092636143228 -0.071653765741955199875 -0.428420150515325171 0.90073409643877178077
-4.2064207206591337496 6.4559980445512401559 -1.3698212064551915645 -0.99702285064251972013 -0.0023055454892813081677 0.077072172388174819968 0.062428927659416738605 0.56252212326852712998 0.82442191250890917154 -0.045255544278415972548 0.82677901841639311886 -0.56070347815811194536
-2.6505904881898421088 3.9299282207766044195 -5.0382213489859060118 -0.97033901089271501483 0.0074709543539759944858 0.24163275601793809955 -0.22706264641761531031 -0.37122834022743278481 -0.90035108375227990152 0.082974445111840808287 -0.92851155310694677425 0.36191371513847170327
4.8710331358276812708 3.9596819599002235357 -0.067321020623334448807 0.91864801392017270132 -0.010492260940545353187 -0.39493763935698522616 0.087628323480707384641 0.98015938091073406824 0.17778882117993516365 0.38523642538632102417 -0.19793307069044782653 0.90134088783459376248
3.2020789583085131902 4.7303304151722684878 0.64474292447774350645 -0.99043702725825721878 0.0003943891092124604536 -0.13796499372339623979 0.025753175259622101273 -0.98189134294547719684 -0.18768634636801931337 -0.13554065441745449805 -0.1894445436167360719 0.97249138602563223177
-6.7488940632488469973 5.9347069301665165142 -7.1059621381908417703 0.91338137070326530509 -0.0018007559039296800428 -0.40710100580881392052 -0.4067835510919448061 -0.043767119490435935081 -0.91247552395267728098 -0.016174492678957805292 0.99904013759699950015 -0.040708589473078919674
-0.69257774976021724278 -2.1719111121415215493 -2.9633699585862607329 0.78570046455579201083 0.0064084948153510330401 -0.61857393348815548073 0.5584333741182178068 -0.43753846955887654158 0.70477815965519441388 -0.26613332498535130499 -0.89917685626924315212 -0.34735289617617348679
-5.5282552904174764308 5.0948838918635166451 6.2404319754906163453 0.98509077599121375179 0.0045846046792121951038 0.17197425521571602092 0.026791369250978271793 -0.99153681315672259622 -0.12703137678767592589 0.16993641631713440887 0.12974486330816342727 -0.97687659653317560071
0.165674343374898142 -1.9635887551898631997 -7.3962055886091757628 -0.72682452021944277121 -0.0034368215797605560294 0.68681460749260725418 0.31262058921504731757 -0.89204939304203023642 0.32636826986119549243 0.61155088423340120407 0.45192484843254715488 0.64943779329713724469
-3.9844732706411178924 -4.9432487327907725927 5.1341308268923029345 -0.63954425140675252859 -0.0067368286315122802299 0.7687247658509239745 0.27739451755771121766 -0.93461563844117201416 0.22258906085051041734 0.71696264346307347903 0.35559558985091677119 0.59959681816800369791
2.5280294389076218842 -5.9027628462243306728 5.9273728141167669747 -0.98635285994451227243 0.0083743252357289434812 -0.16443207216341659826 -0.080131637237189079492 0.8480256703022839293 0.52386198871658817833 0.1438296088877245027 0.52988898194362998861 -0.83578149681717761599
-4.2562667570215548807 4.8727285865745662008 -5.0584290536062210819 0.91813336351201835228 -0.010923561684572652072 -0.39612094441736289685 -0.38565120947278236363 -0.2545064006412960933 -0.88684814746644535788 -0.091127775338652725057 0.96700939387011997095 -0.23788350243151026864
-4.2459092071787436495 -4.9204165799484229638 -2.7089151608774599822 0.87257225382052605589 0.010749384808019291082 -0.48836678079987771994 -0.33397807277236601919 0.74271293440138552722 -0.58037586440179322889 0.35647764133227727301 0.6695236723216840824 0.65166075793393407611
-6.5743407625564849184 7.2944448507362382728 5.0800096333921525016 -0.94516954432235267269 -0.012623088762350031383 0.32633600799676115711 0.22304979555541615266 -0.75483665223553220169 0.6168228409718253813 0.23854417030799190957 0.65579134339503952766 0.71626419199909174829
4.1556617454960695923 -2.4977242788864910672 -1.1439927191032925879 0.87256384241632201082 -0.0022947023933339010665 -0.48849470339878026115 0.30501676325536897227 -0.77854126679217705576 0.54848725603689552077 -0.3815719002245046565 -0.62758922094199964814 -0.67862703653515898949
2.3788476098971633732 6.1382336788680156303 -4.7250578602137398576 -0.94948304907696656763 0.018067297864505345306 -0.31329780124266842778 -0.23599801594974617602 -0.69915423301089618668 0.67489872938886974474 -0.20684988755957961493 0.7147425628929717778 0.66809893938386355483
-3.5162946863211330673 -2.0554925149381926275 -2.2015794434732680607 -0.99117157875787242904 0.001380502945413571679 -0.13257826244967524376 0.086184844267725574385 -0.75315676149025378994 -0.6521710398661091368 -0.10075253883209514538 -0.65783963610677353984 0.74638859790721978626
-0.92331128548166196968 5.4391553103342777931 3.2938395160287305963 -0.94621123097543546887 0.0090253166701991082571 0.3234236386457101653 -0.30777977943109102732 -0.33337745303141469444 -0.89114032631434625387 0.099779325259271398063 -0.94275024129895546032 0.31822330018634031878
-2.3895672115903288102 7.0747458172208821381 -5.9011026619173900798 0.82131269893202329957 0.0099510829541428168221 0.57039146778435823038 0.24360127530854600031 -0.91022579255904678686 -0.33488419674329389375 0.51585256541104651529 0.41399273243426892854 -0.75000409882244267745
-2.7150429839129874843 -5.8994559676486630906 -3.413349514941646401 -0.98208034678353250957 0.0081556861983679181105 0.18828615786630520379 0.11266499408700257623 0.82629300097471425346 0.55185729645222447726 -0.15107875948922441789 0.56318146393756485235 -0.8124049772794933455
-6.3943630710560839248 3.2185382664304711398 6.6576635603700475841 0.51340918660548773289 0.0079352177004989171705 0.85810724238249280749 0.54492955199305692648 -0.77548598550889780157 -0.31886246195482076393 0.66291989747911717057 0.63131491238474291006 -0.40246576367054359702
1.3873925289584536635 -7.3815438729065041557 -2.9678805733778612641 -0.98467181737890319138 -0.013532584714608202753 0.17389157889502285248 0.0032600418632994874329 -0.99823934995375862567 -0.059224761129325773079 0.17438688077576602886 -0.057750059348209592525 0.98298227169092522448
7.0568364153275711104 5.7458365325024667314 1.1626530943659834083 0.97973309286253118522 -0.0070485320500561950141 0.2001833782956776997 -0.0055535729301885317782 -0.99995234918209663366 -0.0080285237070655858516 0.20023042870066889987 0.0067540773718959218677 -0.9797255523160728341
1.1376717056196812283 6.6945804724172610634 -2.0056051608466134439 0.98613172258595871433 0.0079670717564014753576 0.16577319287953271032 0.11427503746659881112 0.69175663697110456596 -0.71303153578121414302 -0.12035547981640142001 0.72208675446521775054 0.68125272660307367723
4.7859985063854910692 -6.165022587487080763 -5.5833101308746773128 0.99994597440632826402 -0.0059130225091581795765 0.0085489434109179592014 0.0067799774107467321652 -0.25238686853669828336 -0.9676026563091539856 0.0078790973433689251437 0.9676083426444543889 -0.25233314302728560019
6.6803334870754733643 -2.1238178868937378496 -1.5372425491410419696 0.96514355108661731286 0.0068767415993749737152 0.26163072491775118955 0.031183983957516713675 -0.99555505623896378697 -0.088868943628009025582 0.25985666229781401171 0.093929976163082878893 -0.9610679864803925998
4.7525103154232395397 2.8932370165818559471 -3.9441438012158251958 0.91431259071028059271 0.001590318486569911819 0.40500612014607673128 -0.12420740717798135766 0.95290702342651723011 0.27665994416710082415 -0.38549319899418649227 -0.30325843037175387318 0.87145241863095845858
2.4466794609402517935 -7.0358747508917556246 -4.0448177780961485084 -0.92450490028152476629 0.0010747380156822714491 -0.38116864285175083849 0.066613677823164935132 -0.98415141875534450921 -0.16434294292321013908 -0.37530428625598533099 -0.17732690123042171848 0.90978121700647052172
1.8398237048975134567 -4.3916169179108033305 3.3279874992059705896 0.79358978219346876237 -0.0015706528299466856677 0.60845114072358030821 -0.27149383374099006483 0.89401455072540225721 0.35641139338091276656 -0.54452397177597422484 -0.44803517288361138782 0.70905439002970083173
6.8216083785649050952 -7.1260449128044403011 -6.0795410017136237713 -0.99631328085800696659 -0.0058759129501756920955 0.085588083474905957138 0.065451230143514699256 -0.69702747265076014926 0.71405100577119595684 0.055461543961633559541 0.7170203456089468963 0.69484231385561567862
-4.4749695967833797994 7.1522575352956572203 -2.6049392992724933471 -0.97938184092741187303 0.0071505474034311324039 -0.20189125620847728215 -0.16481508330094490899 0.54962752424211902547 0.81899058169929028761 0.1168212222933769362 0.83537922781644069481 -0.53711669845067866458
0.36035859275748949315 0.96203755993521999912 -2.7601981449398316215 -0.99864253595596386148 -0.010346352414707734799 0.051049371899279154252 0.034790052817644814831 0.59691284967005331374 0.80155143448418819663 -0.038765159674012707181 0.80223936757708713685 -0.5957426117922279829
5.9879438784334722001 -2.1502563888669166126 -6.3725231546354521583 0.86846010014692387458 -0.0045452462458815089119 -0.49573823252745641277 -0.055255305215896478865 -0.99461504806287281966 -0.08767985750570740644 -0.49267017942869983926 0.103538625175779192 -0.864034633216908321
4.8728341413007321137 7.1352497905435487979 -1.0679308989468407898 0.98330322920050361457 -0.0047504776997494557733 -0.1819125955107472048 -0.14641155180575810002 0.57300088737620424872 -0.80637065953810094232 0.10806672448840397294 0.81954097885815002655 0.56273809807999175536
2.401395078764437141 -3.6608205978419152693 -4.17331220585694318 -0.99261104003617828262 0.00095302613848995782961 -0.12133595897141455366 0.11147620010496611664 -0.38775432794486675014 -0.914997069924309403 -0.04792055935075313633 -0.92176226484993051269 0.38478298700742030736
-0.23849158988584134855 5.0862096657672069 -2.8626059732652269219 -0.94667466747419914963 -0.012458267725723122521 0.32195009788471423695 -0.078756005641148832397 0.97788731558251773546 -0.19373665011639271127 -0.31241729391653955128 -0.20876108255165545802 -0.92672231270951577198
0.3743984179036005111 -4.4152463471091154545 -0.89095543105127505967 0.92309209254715041126 -0.0033845434437908047259 -0.38456408249157542079 -0.38429623054220884981 0.030219621417789849921 -0.92271511403701766962 0.014744350373473068261 0.99953755274478639503 0.026594826283044555038
-4.4982665344911723082 0.21900448576357023356 -1.5928593096560046405 0.29341482184995804072 0.013162349870735097143 -0.95589460447517937691 -0.8053917098548625253 0.5420910027909934259 -0.23975307795757044849 0.51502615080776725787 0.84021669659617292947 0.16965838247839776232
7.2621098421466632189 -2.256574244428910081 1.6570218444943078939 -0.60545183495938514895 -0.0096396843006617723149 -0.79582356840625145811 0.6812818467745312967 0.51064626171001648025 -0.52449541528698651049 0.41144030040790868785 -0.85973686200378607314 -0.30260437424478697777
-4.7607274927165033063 2.3805980551222343244 1.8195967157012942206 -0.76623073148003617572 0.0013877466595413430125 0.64256403594876243535 0.47267848986810129253 0.67861957129485328544 0.56218370900579639482 -0.43527636204081404658 0.73448863273351228109 -0.52063512850531401543
-4.2233826833461920458 -2.5479695404985669427 1.872416815890922237 0.95188475182973286692 0.0019558376579314647181 -0.30644998602229628348 0.30526204964772196693 -0.094244113912897192753 0.94759333473684870253 -0.027027768662810407879 -0.9955471971191653946 -0.090306577995585182728
3.9112817753828710288 1.7871648399942841046 3.5503423202788351176 0.99566601502380791544 -0.012965072855441238039 -0.092092852124865731689 0.084275168651268925202 0.54455403544786151748 0.834481035390418735 0.039330426840182383663 -0.83862554776449338423 0.54328658014090236428
-4.517844113687705665 -2.0814623541062284851 -4.8013051667457169458 -0.95593208096324744361 -0.00072037522012976477198 0.29358701886254345848 0.085110217026489604075 0.9563750336119136719 0.27946922199332197012 -0.28098061773498633764 0.29214084983682370167 -0.91416826477072077317
-1.6088363665532761093 -4.8157753573559789473 7.0653253567887404074 -0.9686322339532554837 0.0054405488403962967356 0.2484391188505695458 -0.22540525906920416688 0.40164662384797450434 -0.88762179938054519557 -0.1046138830694360311 -0.91577857038689791658 -0.38782153819678555351
-1.7358393767718216516 -2.1627531658470457998 -3.9439733272234906991 -0.88523996056516784936 0.0090427026527033528558 0.46504670921034146902 0.43514400069888908851 0.36930010844401250925 0.82113770377393535682 -0.1643164960507434158 0.92926619406500565734 -0.33085409124506176548
-1.1680640135503654875 -2.7554828522998624507 5.3374256576364151883 -0.73665023558368181167 0.0018080061318890335714 0.67627151465089241356 -0.41802069705700689584 0.78486097645831998104 -0.45744064583843663252 -0.53160617683260491528 -0.61966924947651824684 -0.5774122392248883795
-4.4012912354000599535 -1.0989487626994014491 -1.5613426031714299214 -0.99799308502163663892 -0.014051772752478580014 -0.061744229945242222468 -0.012081599275038931024 -0.91490298690570948104 0.40349294852582401338 -0.062159771620975121098 0.40342914152749931311 0.91289708650995859962
-3.0508570652590307759 -3.6919672128214959805 3.0494017401577822035 -0.98253220771414562229 -0.015812612514583084672 -0.18541958388941123803 -0.17272057109868674263 -0.29338911119537491867 0.94026083282845629441 -0.069268067127723376153 0.95586232832842177309 0.28553308767805407609
-5.1162529022856162442 6.7949065935440451369 2.6424905457055998248 0.83963005607157237264 -0.00053009156204067257867 0.54315843723920398389 0.1263126030741779926 0.97277407782626845734 -0.19430831123180783426 -0.52826744670276104543 0.23175485434412421148 0.81683731075537380217
-3.9903248257500467666 -3.9299231204219053915 -2.5121527154726925879 -0.80513672675188052708 0.0026482832039999436476 -0.59308333127089996051 0.30989098155003891311 0.85450733564741332415 -0.4168750326882193491 0.50569005407389389095 -0.51943257495163674964 -0.68881591829005273109
-0.13278337918271326812 2.4185706434604705706 5.4767742218320707437 0.99973206882182585886 -0.017463313929641038902 0.015192867926326521222 -0.023078745815683414377 -0.701593462735252138 0.71220361171420010216 -0.0017782184358503955179 -0.71236342249853668029 -0.70180851535556010301
6.24867654130448269 -0.44896338424072840256 -1.0938707927595361369 0.79633012726674745618 -0.0086692111728332091336 -0.60480011010650358561 0.57341993013264969115 -0.3073656610273720613 0.75941815500272469297 -0.19247834198649615978 -0.95155199290357539432 -0.23979343749834353128
0.016475927676045328679 -1.0284623222881670301 6.9941182150250913452 0.85938463652246466218 0.00095301998017209782824 0.51132879662890040606 -0.26437921022776722513 0.85678636343087755112 0.44274231855348561426 -0.4376775979055850252 -0.51567064992268341062 0.73656099618421477793
3.3284769832771581299 2.8541101228429068826 2.7794736900062644303 -0.9997986577881438075 -0.0091120097841438582598 0.01787778405248365704 -0.011308717511285287793 0.99185109979791308277 -0.1268996010154524734 -0.016575789368338193774 -0.12707622557866704582 -0.99175444344831464871
-0.12301832708241956793 -0.9718917236365411938 2.8409562521348989961 0.92992303467268067063 -0.0027565378773135714927 -0.36774386614082105185 -0.25658735439506519249 0.71149272469339819303 -0.65417202039911848122 0.26345033526231392829 0.70268805611551532486 0.66092618093312183181
-2.1185164756123606722 5.6591499039759032286 -3.2748648893052187958 0.99999886834556639403 -0.0014877847392042299699 0.00022316855705398750721 -0.00078103164334757883402 -0.38662625866838434829 0.92223615527566349392 -0.0012858060535083464231 -0.92223528592468073661 -0.38662698314793275678
1.4170834355889325717 6.1485880393489642515 -6.3214459640936588869 -0.98445087173069412145 0.0072690060851892893817 0.17550966554360833416 -0.16746664475832465091 0.2627520624803317828 -0.95021906766582686643 -0.053022674791855427257 -0.96483600430997618069 -0.25744918089795165717
-4.058125792706658963 -0.20250702639599046928 -4.300954103092355929 0.82722024936690274899 0.0024553240110009185403 -0.561872432516018816 -0.45956413683025393313 0.5783006604134646178 -0.67406909905813261474 0.32327614074813726397 0.81582002767123940057 0.47951039537600975704
-3.4681661602637525732 -2.0112250790307628634 6.0144215406185672634 0.99953349902878751987 0.00041170990796722366223 0.030538742841116094107 0.026211597520734188083 -0.52478517757471010441 -0.85083104642061113676 0.015675984012949957525 0.8512346021472537716 -0.52455115635407101315
-4.0947653385726283659 4.5964919071328678157 -1.8752050883119983915 0.96262343672841022002 -0.0021381605672331615436 0.2708349078879698224 -0.16465556811315215646 0.78934093098229873853 0.5914638100217258776 -0.21504572293029144969 -0.61395140112670343324 0.75948601968958617814
0.20063649658802765186 -6.1479230150246761966 -4.3954985063974012505 0.988998355457885725 0.010096755450001555776 -0.14758153146983543635 0.12389887638368454748 -0.60159482379784112727 0.7891341688271701349 -0.0808165907004683437 -0.79873758112973958223 -0.59622726804326431349
-1.3019018527975119159 -7.1668795977474486492 -4.3917908085570065424 0.83839889082145380161 -0.016745570580491947466 0.54479985842069800217 -0.41640890346577608128 -0.6646219738382018738 0.62038798908899750462 0.35169720639172635801 -0.74699211358442918485 -0.56419133036481639021
-1.8761927225183205881 -3.6794497031679784804 -6.3523163564817073379 0.96115947764199594072 -0.0025824172003564272414 0.27598150238787577671 -0.015396355298999089833 0.99789738867693966728 0.062958350640014926203 -0.27556380528358725979 -0.064762124681095475931 0.95909877302826762602
5.5207508953933510654 -7.4836938105291368473 -7.1106722302845115635 0.99940083504547327919 0.0035983841110477070985 0.034424156375523533302 0.0082049895641476341956 0.9416001260522437466 -0.3366331545832900729 -0.03362512537709357735 0.33671390563834413534 0.94100642755149932484
1.27059654286199053 -2.8990862736777907038 6.6860884307035588492 0.99426333178745385233 -0.00037145607102228228244 -0.10695928703547535887 0.043202737044005248834 -0.91339624616927306278 0.4047725546473348035 -0.097846566493967598865 -0.40707144275203233086 -0.90814034703955059946
-0.84507752828675208878 -4.5665655153028863467 4.0027338516118904366 0.8150263309970749992 -0.016033638778333116071 0.57920203919613943988 -0.3320050471649530488 0.8063246234587791994 0.48950306460846182421 -0.47487338148022367745 -0.59125588710095333678 0.65185255045135392926
1.6262842533765684561 -6.3382133789738288598 -3.2332874384638916609 -0.94186574674485468162 0.0016786366584756714018 -0.33598526349793439438 0.26028753646026037138 -0.62868839009676436014 -0.73280372987664099682 -0.21246014560919723735 -0.77765550878052502881 0.59170313180780931273
4.1604612417383277645 1.275801959328863644 -5.7699135337115041722 -0.83710894029093896318 -0.022770605744223740979 -0.54656209308641368061 0.54538509874149487811 0.042829752402531041933 -0.83709062017176516513 0.042470179603667633506 -0.9988228630858618784 -0.023434419584361956129
4.657938421936011153 -2.8101213423645710066 -6.7340059296985401716 0.13612547969548946525 -0.014509470486493576333 0.99058534667332620582 -0.42221960980731693125 0.90368851565538732551 0.07125775583678106706 -0.89621451387032136093 -0.42794455474852521881 0.11688884972159238607
3.0406656836986694081 -5.3457818339254226103 -5.4457926239734462115 0.97310736790164853449 0.00077950927218145994041 0.23035069546435230081 0.18440293592444986781 0.59665754651508196016 -0.78102197754541069497 -0.13804929466701978957 0.80249558537850973483 0.58046811082955362959
5.7744348206967579529 -0.11302276108429447354 -7.3948324463585457522 0.98431736495904231798 -0.012708626885640311732 0.17594833287891570306 -0.076333730011004324867 -0.92987309142109109139 0.35987386055900205672 0.15903611760480718118 -0.36766088268087920854 -0.91626032798732393037
-1.8815812692380149418 2.8316743628892102613 -2.134254519453492982 0.8955717448322875196 0.0031537229628255747729 -0.44490594948760753269 0.12972737427452299408 0.95467252392734824884 0.2679014378871448776 0.42558437262407294854 -0.29764143879783416802 0.85456861379794457623
-1.8764893634347536988 -1.6918684506313270699 3.2028835307521332787 -0.83326496215437129145 -0.001300160841693902801 -0.55287232922943663205 -0.54998759986234335706 0.10399644336532751221 0.82867266140801110197 0.056419348130041485634 0.99457681922973417699 -0.087371664785807476306
1.9782844405139452526 -0.62212892576506362285 -2.769760271899898818 0.99989322480960696193 -0.0050246654489638237912 -0.013721942900461511772 0.0087044553529223127331 -0.54945695655627524445 0.83547668151115339619 -0.011737607799076198167 -0.83550691536870802523 -0.54935455120907705773
5.579295119959835958 6.4761499773700377247 -7.0911001286020933776 -0.95310136303216053122 0.0088836533124914372761 -0.30252086290082030873 0.058847852854264373623 -0.97505181222616743586 -0.21403479550988144253 -0.29687492652778008084 -0.22179955856208299902 0.92880042733669165855
1.2919946052253117319 2.0704374351249117403 2.4300717007752870025 -0.79510347383659929488 -0.0062161581525811823376 -0.6064419389115074388 0.60582386430350987361 0.038140298396762993549 -0.79468406494564336473 0.0280697583394516198 -0.99925305954802001729 -0.026559586795301268897
5.138263907475246306 3.0866356989585699289 -0.8201992329038487739 -0.97930375970034388988 0.0030739938024895749162 0.2023726681119847326 -0.018005496982401784228 0.99459697056148288485 -0.10223829139922172016 -0.20159352250278123053 -0.10376616361764628982 -0.97395720387138406959
1.297997588216604159 -0.0034880405089840567021 -1.7318797718861311807 0.97941896600601185963 0.014419366223003134489 -0.20132205767218128156 0.025479979018566925597 0.9806320447111820382 0.19419465377501088366 0.20022302489184970464 -0.19532760880970234663 0.96008221811469807161
6.9812309876009672749 -2.3795511185337248072 -5.9941413465287638473 0.86799640706695713188 0.00049320913388218267075 -0.49657023074662037798 0.32391628221403095944 -0.75851705806587754743 0.56544682750882613309 -0.3763781070089306513 -0.65165299766659423586 -0.65854983956911450349
-2.6945868352481698871 -6.6393207753225702561 -6.7092326653682610171 0.97215333581238017047 0.0024780027971611881706 -0.23433256532318103016 0.02990877940152078529 -0.99307877864514815247 0.11357818593116902894 -0.23242925070548736688 -0.11742401333134663832 -0.96549896142343882843
-5.0009013591231408213 -5.5368934651702819139 6.9611645898137712862 -0.14782305014208793614 0.0034227482141745819121 -0.98900790221380807665 -0.70392002963318500708 0.70207537029685929131 0.10764184271745044774 0.69472652009822155605 0.71209441734729062023 -0.10137358164261854598
0.45962277821495489682 -4.2302838331988512621 -2.8914081275998597675 0.9713342066899747218 -0.0089609022004165511666 -0.23754907102701650068 0.084662970091288272667 0.94680552324287381438 0.31046977735674352594 0.22213068317848694289 -0.32168152478564848717 0.9204232484038716855
1.107852507536806419 -3.8234845437333211393 7.4957686796027847009 0.99387171868683399367 -0.011057701788342342436 -0.10998515366036641649 0.005769422649445189212 0.99881697114595424658 -0.048284282258578004043 0.11038895124439039586 0.047353831757204166431 0.99275973632145031456
-3.4499256160976496943 2.6222428082179569664 -4.7938904421475081463 0.80601809964607173953 -9.3480915615309218003e-05 -0.59189088040295778637 -0.18574161482423431901 0.94944565277714221274 -0.25308695135300346424 0.56199188211700235041 0.31393143150056013191 0.76525301747244545147
-0.20905075279042370506 -3.7221131100387383484 1.9900697024614453223 0.90604631671628155232 0.0076451934898369554999 0.42310946926440090587 -0.42198781063291129767 0.091274486347177330448 0.90199515288020970516 -0.031723172005066052614 -0.9957964245560336769 0.08592509062767123007
-7.1767237271682695621 6.328432432230941096 0.28822468150847468937 -0.98722088867938095902 0.0025411765852123135295 -0.1593375642354806776 0.057223422960697802042 -0.92753221734029600576 -0.36933652088632806798 -0.14872927357983273255 -0.37373456920294723105 0.91553376505890782244
2.1063638409508165239 3.7794635051062295261 0.20667565584334984807 -0.99329592849239667363 0.00056165479093712479541 -0.11559793676521802619 -0.0037219304742643864736 -0.99962513459630986112 0.027124481871834593 -0.11553936850282514603 0.027372884889375132672 0.99292566665327053332
-1.0873386043802457657 -5.0233064451337758882 -4.0029057495953228596 -0.6800206594890595424 0.0079855207610223903625 -0.73314946233787803287 0.26815503204355811695 0.93337223094576404758 -0.23855640274204689688 0.68239635217212768481 -0.35882099988387156086 -0.63685375761196827415
5.5772231039347310855 5.3480600271678726543 -0.013902168867557858356 -0.99972658308510342628 0.011452818945700955072 0.020386073952145367105 -0.015135250002973834119 0.34761345442421132113 -0.9375157654730346124 -0.017823671909352557796 -0.93756798113067874034 -0.34734506974796658385
4.304609373244413284 -2.2956309909345136155 2.7283454134355547005 -0.97369555633356463797 0.004757903642660649482 -0.22780326145434878771 -0.029122749162129299427 -0.99418066335234867026 0.10371438712931192738 -0.2259841345262404988 0.10762049511736715424 0.96816785733319876694
1.7776798529648414338 -1.5472411286649243589 -3.3601692787714458888 0.99999913648967009294 -0.00044115065355220726929 -0.0012379038823151196705 0.0002279964470632929105 0.98592726340237912819 -0.1671746969412800099 0.0012942324138626648197 0.1671742703465320945 0.9859265126248066835
1.66043965229085555 -3.3732682188572122861 5.6263749453361366903 -0.99073071813097002281 0.007692775945670491354 0.13562251048377063634 -0.024436094901610628388 -0.9922012405691309489 -0.12222755613581433309 0.13362455394732872249 -0.12440867900278225477 0.98319222900260594411
3.20994743910829472 3.1009604716075132025 -7.3747540194009566505 0.98751881867667867798 -0.0079892780460984278573 0.15729829686190155424 0.14844595271757146659 0.38096653190545615164 -0.9125942694810972311 -0.052634417267909322513 0.92455431046765867986 0.37739759553376750478
4.7527041412560384614 -3.3511879477043713393 -1.9186455968450468745 -0.88370206913166060581 0.0089160555217668510664 -0.46796490997326822825 -0.41670093868909374724 0.44032070919584220814 0.79528485509843371837 0.2131454449618695457 0.89779628925895171854 -0.38539699309256353343
6.2392991947604254932 4.0438447421508829649 -2.8610278151995682805 -0.82302832565552097588 -0.0026592109698164619058 0.56799410539693795386 -0.46629501038692222625 0.57416936385251415853 -0.67297734352765425925 -0.32433522543338988431 -0.81873223352342672232 -0.47379762698102623197
6.437341863059948821 4.1085448825252663951 7.3379898684440325596 0.73359010817235037472 -0.014390344454093826135 0.67943982160170757201 -0.59828403829491694221 0.46052926803124372146 0.65572021686699333287 -0.32233796349971854944 -0.88752786506850978032 0.32923020215907750075
-5.0728006515190946502 -5.0134460336259021318 4.8925212156552300158 0.66238981715483802315 -0.0023286682467496726615 -0.74915572976099242819 -0.72503941645065228538 0.2497111294161186712 -0.64184281287442024322 0.18856716236489998173 0.96831757659873107791 0.16371773308881470976
7.2820603697789181297 -3.6068637141581514349 0.98457239165607035591 0.97712335836649644172 0.0011748658226087009722 -0.21267007834861473281 0.089579530642319965539 -0.90922424329628070971 0.4065547725612025376 -0.19288714375098031661 -0.41630505052500738072 -0.88852949004693260182
-4.8036110850412123696 5.8702675028071693575 5.3895447304261399069 -0.94981412932880771027 -0.00035741299680919409211 0.31281462878715798892 0.16532707741244820343 -0.84949747359641814004 0.5010199595102080572 0.2655561658135678349 0.52759256496775408518 0.80692379329724972514
-3.1036130804268737826 -2.3605172968452734494 0.6482834053653875328 0.93813364058095605191 -0.00013247203484823694142 -0.34627338168175958444 0.33297281700673897475 0.27483724192916147988 0.90199423145788459877 0.095049332163634883686 -0.96149075549368001603 0.25787817192478412753
-3.9887443835108493673 -5.7366717376917604199 6.3560993056654444544 0.11516619144230362537 0.016080227462878557421 0.99321607650769683229 0.98191846335731047812 -0.15307214840282959423 -0.11137795428779775908 0.15024273582006181238 0.98808417843218288024 -0.033418208588240697066
3.8060083406974882791 0.054574756440769763011 -4.9097359642566038573 -0.44138040323026939138 0.001942738748840268934 0.89731798455761035971 0.54514536616020270454 0.79487841699031847043 0.26642978804382128066 -0.71274109562898968484 0.60676562853302196121 -0.35190283123682453148
3.522295888017052512 -3.6263919440675000949 3.360172493012527184 -0.99854231977634821948 0.0011595579847617325242 0.053961940670113811569 -0.042369352965107076603 0.60252594602316444927 -0.79697385295762135371 -0.033437606746341767827 -0.79809845244445520862 -0.60159852614594888642
-4.2776972608593810676 -2.4608595505864117037 4.5393071987974193959 0.88969772667129509713 -0.0074511944951774506524 -0.4564892494425699665 0.4400488140786097957 -0.25239023895333845271 0.8617750335841964926 -0.12163468413280548175 -0.96759684113874366851 -0.22127213252974559099
-4.5362337117072382142 -3.7331916788192081036 -6.5271017889323692529 -0.9984053378321908756 -0.0077399910642546691786 -0.055918457833307323723 0.044601727070043117873 -0.7153592156464735341 -0.6973319715400643215 -0.034604440907276497186 -0.69871402242115276948 0.71456367633786377347
-2.6413227641006797874 4.9936992151905590376 -0.087793843110652913797 0.95255349465420802169 -0.0017021760059937550945 -0.30436646073254952638 0.28421158368237753322 -0.35290354038831495131 0.89144986784580326766 -0.10892940614353269213 -0.93565816075023811038 -0.33567572253436434027
-3.0425379786319326492 -3.2670921327330790795 -7.3576638258591717801 0.99931279774117098835 -0.005406757500484440232 -0.036670141045090642873 0.02751655083635767135 0.77105107428763719479 0.63617849717663943476 0.024834888785841495451 -0.63675034967656019003 0.77066998156527111163
-2.9293553871976580893 -1.6141898014487778834 4.9917103294733209395 -0.87069076163706171645 -0.0062061684350209504399 -0.49179170496576757321 -0.258881945446015449 -0.84440872642664366321 0.46899258102510466006 -0.41818385420998360757 0.53566350091070658035 0.73361221218726269111
-3.097818810267266354 4.6039181212944590982 3.8795925325479925228 0.99930049281053556776 -0.0011095382759190460485 0.037380395844071684364 -0.031245855477423822161 0.5244448833018774403 0.85087088379725472898 -0.02054803114959264515 -0.85144367594296777035 0.5240433618628530521
-1.1910763434298308194 -2.8902227863529454943 6.6668609746788192183 0.93641465983478688884 0.0020355008578264812726 -0.35088950053068151957 -0.065499725391402127683 -0.9813932178794614325 -0.18049137894618050293 -0.34472796640263281276 0.1919979391464912144 -0.91885767153759123627
-0.89387356271062290425 -0.53538144338945969913 -3.5415097763079841364 -0.98549797346320588964 -0.0078866454327856869155 0.16950382038095188064 -0.09388232771186531822 0.85744535467967419873 -0.50593830877058154627 -0.14135010733388661541 -0.5145145912042061731 -0.84575107602327792566
5.5998639070063713774 1.5090063159405480153 -0.63612879673113964518 0.88051881485213334688 0.0093557235288403341883 -0.47391886133455335406 -0.010770145481016202629 -0.99915221239166285283 -0.039734876860747531113 -0.47388882731902715051 0.040091481764488526296 -0.87967155940853392071
-6.2240293716717101091 6.4809281790998953809 -2.1406578394953563738 -0.99949071127062416586 0.0038495998589100407367 -0.031678047048282288733 0.026699431892283027878 -0.44280773866121897475 -0.89621897263909688913 -0.017477368809242523756 -0.89660832427684178381 0.44247943954141044642
4.2433802313064745704 6.0404400760258996073 5.6541535858154539085 -0.98207671204682667199 0.0032880267172509247686 0.18845296637462635725 -0.044844176528940002391 0.96706000621208898504 -0.2505672448992600776 -0.18306919862862428006 -0.25452727410886183401 -0.94957966240237623445
6.5039320110254017493 -4.2983906024760090148 -6.0457478131441897418 -0.89669316393019493638 0.011531643800387625376 -0.44250241914835630741 -0.18651098681070416019 0.8967483775972787674 0.40131782800608495343 0.4014411806974683139 0.44239051579778182477 -0.80195736169225995127
1.5114325232144403266 0.77200873726121610474 6.1761090222950079109 0.94900328194670680038 -0.0035907797410220688994 0.31524574089941659327 -0.071446051318842615507 -0.97636927396006256696 0.20395710975057043668 0.30706389010319851129 -0.21607902991193442266 -0.92683419241368525388
-5.6391288395989374038 3.1773831168645982892 -3.3772278336440737512 -0.90663143072880547635 -0.0061490512100528804673 0.42187870055713888595 -0.22532994939600600737 0.8524170778199654519 -0.47181727325944022855 -0.35671538054836948728 -0.52282627574552320571 -0.77421368023960324134
4.7895032771849903597 6.7726185421742419734 -5.1760110571187780693 -0.92768813777309389046 0.0077092052327069095219 -0.37327642195814003667 0.34589601536089531475 -0.35858900516530495262 -0.86704663769145862151 -0.14053706127797743752 -0.93346370766583885992 0.32999218305614830271
-1.26470036167247879 6.0896242611508206721 -6.2443019374439838742 0.95831447498239064053 0.013608993927295238643 -0.28539124430074996885 0.24644349159489090106 0.46602853310044939361 0.84975467741385513065 0.14456476918584551528 -0.88466502226582388602 0.44324804104450665765
-1.5383200834212731323 3.3974385826140283129 -7.0404315806892325824 0.9747181177781459871 -0.011065327143781706828 -0.2231639518610260553 -0.20883532972647725345 -0.40026199362094860845 -0.89228814937802081175 -0.079450587996846663841 0.91633394294755676768 -0.39245344828302530793
5.9767652559785480193 -4.5610187731548661461 -4.5511277499281836967 -0.92153740517721982606 -0.003554637224417869952 -0.38827332565289651711 -0.22656797603001835317 -0.80715465584030232638 0.54513146468808182377 -0.31533436713590834444 0.59032933698862943839 0.74301784015826810581
5.893024042045333033 7.0063286993724691598 -2.1304362876010389805 0.99937374506572662636 0.0014220117118183481231 0.035356690400150110609 -0.03301986129612095866 -0.32171340697554384747 0.94626115450873926616 0.012720315772129940982 -0.94683602680438405663 -0.32146497773754861838
-6.0442091367189414441 0.74560347702241802637 0.43901876620496682602 0.83219424954304432873 0.0043747565839663228246 -0.55446694449002598137 -0.282097677845975503 -0.85754300547859896309 -0.43016379892848893851 -0.47736111192813562853 0.51439367731294827202 -0.71240824922171508415
-6.8133859860581162948 -2.7856896448406729405 -0.49864306090030069418 0.69382204344357245596 0.00022938722522519976871 -0.72014645691917433812 0.71536355923492189746 -0.11528088044343258456 0.68917726074134355585 -0.082861029142339406861 -0.99333290793456019419 -0.080148511301179101163
-5.4920644897660491068 -6.2639070182458551628 -4.4601776620635842363 0.99618054452915305585 -0.000297412936167879699 -0.087316861184346478142 0.015425105354053926521 0.98486642049099371032 0.17262734405120877534 0.085944102917890549675 -0.17331487338050285962 0.98110935467902093965
-2.8580331473095101913 5.1608160943210803495 -2.4808645660777832731 -0.99863970398842416554 0.0059287999790655510762 -0.051803387426203287291 -0.046333165671260390095 -0.55660342327155309938 0.82948530243839990739 -0.023916090334762427072 0.83075717182173791642 0.55612097792649606287
-4.0367393721320592448 -6.1007876250249220007 -1.5919236438224442232 0.9085816231103813756 0.0002564846440821972641 -0.41770727592635259473 0.28148897299298530905 -0.73920715504116141226 0.61183064651851359894 -0.308615281911875039 -0.67347807399470183132 -0.67170223434111742122
-0.69763627058754285049 -5.6985260965416948409 6.638257163232557545 0.99517717275174810698 -0.0042478264180278915013 0.098001789803179639726 0.09568694074892815371 -0.17791662118943160631 -0.97938229781571595201 0.021596393310272684468 0.98403639763739880753 -0.17665209854603461381
3.2589235363276003454 -1.6241678628464104595 1.6964486334855339855 0.96459388012802838031 0.0019590476486342212059 0.26373245638710374195 0.26331522260774087307 -0.063866641402896606738 -0.962593447754074516 0.014957939787964934578 0.99795651921730399447 -0.062121218509254096107
5.1186600599525453603 -1.7876650548261479035 -6.8179354084836427674 0.7717876357046997704 0.0053789927183963016227 -0.63585761913390648203 -0.40682152495002682491 -0.76435636428509656781 -0.50025552991870381181 -0.48871268881690027586 0.64477159895126034961 -0.5877325012070064858
3.2813389757256161694 6.6916074802711351666 2.4174617613326354615 -0.97064956962561188547 -0.016146120726698624803 0.23995565375930455465 -0.0016240199700580685779 0.9981611229086577719 0.060594845265805240275 -0.24049277649175221372 0.058426667705154193555 -0.96889088599085659848
-0.1582766702515617796 6.8409706161715764239 0.50634004487235650949 0.99991131077301764751 0.0084102362881355047924 -0.010326592554953968953 -0.01261040213517775066 0.34849705569430011742 -0.93722504230863235009 -0.0042834969601977333081 0.93727214302889483299 0.34857220422149376438
-7.29600778262508598 -4.8002058705660202165 -2.9885014144045807249 0.89428731442648867755 0.010075295727157217857 0.4473798024854833133 -0.42569739139120493787 -0.28905450738922888743 0.85745508495827904571 0.13795626197706881144 -0.95725962004784692638 -0.25420875202746007204
