1125 14.717824617146108679 14.977075390850430381 15.033177056927090831
-0.94035603149206425933 4.0349029256544621802 6.9252343021772917453 0.90751149741885361877 -0.0015688844811408446042 -0.4200243095989186215 0.17818017706810015954 0.90699501929455528249 0.38159122038496740004 0.38036128424506210344 -0.421138425670605554 0.82338795222609784119
6.9463884424031165921 -5.1460241415095708817 -5.6990338254439594223 -0.42083478666551077385 -0.0038504005458696831388 -0.90712912903719256086 0.89960739056924732271 -0.1303493393625520802 -0.41679202554855693252 -0.11663886644381921132 -0.99146065183828446798 0.058319385210364463323
-0.14096072536271531117 5.8441034793409656345 -3.2256571613294497958 0.89801593769684651125 0.0066567534465074695155 -0.43991256321674965246 0.11380857257501621194 -0.96936783956145855523 0.217654773511684968 -0.42498821683764770318 -0.24552327640682694576 -0.8712653650247476067
-0.4680107831965426568 5.0081675857616057002 -5.8638375249373000386 -0.83020837883816800407 -0.0083309020162400573145 -0.55739092545400814593 0.13548534120759933574 -0.97292254359766394689 -0.18725770071537417572 -0.54073817141453583979 -0.2309812118571287487 0.80885716275758501315
-6.5374663995447903631 -0.11946528555681559802 -7.2186004950218380927 0.79968981803544314513 -0.0071654218557780525317 0.60037059526605418558 -0.41280726913050941329 0.71953465363761925921 0.55844430408734468951 -0.4359889373407325186 -0.69441956981651420389 0.57244659800920472126
-3.1832958459390661154 -4.3799807445551941498 -0.84850142504356462769 -0.97610759496075738539 0.0012984587689625834428 0.2172838628722871257 0.15045525662316971971 0.72551679650058098492 0.67155684327532993994 -0.15677110325040424788 0.68820323451749454424 -0.70837781528311993817
-1.4585962981097708724 0.66637363853811948378 -2.0495951941721664014 0.97402889353564903185 -0.0016021307855393234799 0.22641808173071417687 -0.10650893208308936932 -0.88567509103871522314 0.45192419773677305894 0.19980881347978654561 -0.46430277437297318155 -0.86284377019567215505
6.2149788301783068789 -6.6671256388294466433 6.5471035346829156154 -0.99822346104134829226 -0.0057204909231421303961 -0.059305967746539199614 -0.059541342793772940312 0.05936520271279391997 0.99645903137320457343 -0.0021795240468868767175 0.99821994003840686105 -0.059600343828377783106
4.5204482735712732122 3.3051915073164965797 4.2450009061702802526 0.93966427791482898257 -0.0040796860720199298531 -0.34207367769600277585 0.34017845080835562577 0.1169219474690266769 0.93306370618825318353 0.036189313567649879222 -0.99313272746473735264 0.1112551986286118566
2.3902571049640322087 -6.7651042839889665714 -0.90681961966995594526 -0.99231137444861206021 -0.011603956036004734256 -0.12322128202632406935 0.10489354038747353282 -0.60728758292023554688 -0.78752722925371598794 -0.065692323180738906863 -0.79439734379926618679 0.60383555612427197712
3.8323862989240082833 -5.607326557047885629 -4.4874270733378347487 -0.81801952160527346969 -0.0088290785172099768563 0.57512269094969936667 0.51648811228541902096 0.42878540014364602273 0.74120382520031402596 -0.25314835994050338686 0.90336323148344399581 -0.34619471380023458806
2.2216432916787338669 -2.2813352512026749963 2.7230931716741877402 0.78392373594615116783 -0.012555905489754042026 -0.62073015510571949438 0.62055768742127115356 0.046894130726698450562 0.782757367953552885 0.019280373506073422707 -0.99882094979059721229 0.044553085827432233057
7.1391043058588463666 -6.8972427793638715343 2.4212040258212095267 -0.84484195341846601846 -0.0009322166280426634824 -0.53501514438033925813 0.13836449636166128774 -0.96635903819263413439 -0.21680746170309120324 -0.51681460882090390907 -0.25719514045896868515 0.81654964321442902175
4.3539536845821436017 -6.2225341695202578407 7.0003122841622777983 0.90074007987819015852 -0.010011190113648565925 0.43424311689839178996 0.43346997680543281062 -0.04319486194352020747 -0.90013220312912134435 0.027768466097231152279 0.99901650635732364147 -0.03456779305092227278
-3.6235597769812533109 -2.3838597004183448291 -3.9627648340611374422 0.99845027452971357729 -0.0026897975141555226924 -0.055586097910444692838 -0.019955623122868960256 -0.94971101717138617371 -0.31249121102689964014 -0.051950191504569136203 0.31311619065869911172 -0.94829290240408103951
3.5418198722596492267 3.0007593554487823617 5.8537307356170220629 0.7924031705311062046 0.0013496854463665552536 -0.60999622431744870976 -0.44392148089943223033 -0.68457246899407941942 -0.57818185157557577813 -0.41836698498848551298 0.72894355957404699531 -0.54185824052699915754
-5.5966234161002441638 -0.69716170097580609788 5.7309357044283855132 -0.97951786014022756977 0.0029220076710346652368 0.2013360959626417368 0.17123671949664737157 0.53814950212136014596 0.82527153062647651272 -0.10593747005819920126 0.84284433630285804373 -0.52762740376140615517
6.6428873862828998753 -1.2678895893568835618 2.7337093263997860326 0.58762238473024408503 -0.0072777893735649391849 -0.80910256874260644278 -0.63856392598654254655 -0.61829159463347471704 -0.45820477565643619178 -0.49692659960266044594 0.78591509578811991066 -0.36796931505205027202
3.6960136477404161859 -5.0443620006386646892 3.6397603289042383956 0.65679895501714413708 0.0071484918336625711405 0.75403185062224042934 -0.44001125455626105554 0.81569662821666599761 0.3755384222418024498 -0.61237670477594641216 -0.57843574386490415051 0.53889410988365593624
6.6342366099052032524 5.6274847023834722037 5.1578898990010886294 0.97774655217691641695 -0.0023601512981155227215 0.20977633181987695443 -0.14150979895909601702 0.73077924080477285607 0.66778490399766254892 -0.15487626191427092404 -0.68260979402199484234 0.71418289856377892288
5.9822255505704093892 5.8033188080742768022 6.0300206371216367174 0.95862519140109647697 0.0084513223255360883646 0.28454580925077349596 -0.27579155685062967107 -0.22013502127092490768 0.93567066298983669892 0.070546152135445780451 -0.97543280012564392845 -0.20869617355836567185
0.011189148219693315078 -2.5024347146682535126 5.5782361977648369233 -0.87242013889534619775 0.0014032825835483906524 0.48875467470651640101 -0.35987978284178140376 -0.67847846705587810945 -0.64043228497894233442 0.33071081498983168068 -0.73461894921076009712 0.59242329149782946285
-5.82857241660781078 -2.0738650324679701598 4.6639502840566633424 -0.89797422167627571898 -0.0030183334687777303891 0.44003771073395614444 -0.43609995431307130298 0.13975525343871267325 -0.88897992046186546933 -0.058814343939187670174 -0.99018147770971065569 -0.12681291001962763376
-4.081898050441185255 2.8940543169553425429 0.69364042745425724679 -0.9999938993685787425 0.0030480065079934717462 -0.0017061307298051851811 -0.0020067505700428703991 -0.90109535369011228845 -0.43361634714365365761 -0.0028590519214759697875 -0.43361027803132673464 0.90109597302826971443
2.6811854105615440247 -1.589629080766364666 0.22746984567583172776 0.87854423406136550323 -0.011433526637215685878 -0.47752413893550871293 0.23723673162635577905 0.87813902708064528468 0.41544022709054784226 0.41458263586977461834 -0.47826888210141205171 0.77419643143637162375
-3.6105222089573039135 6.6052665080491150817 3.5303463948234905523 0.94495413808221584429 0.015092899595180078731 0.32685452620852756267 -0.324267434107739283 -0.090308660057737383253 0.9416448253432324611 0.043729945098927837377 -0.99579945285200022198 -0.080443406201234482489
6.9909139364280505902 4.5559710639584363179 4.5317564869051212284 0.94177582192932174365 0.01316744929805871607 -0.33598351076876203924 -0.21479395250457686273 -0.74521580434409484539 -0.63128199952422792141 -0.25869259594536303526 0.66669335022544862213 -0.69899793817168698329
3.1074400055625615025 -2.4328982798098373053 -2.5415696781461738496 -0.97315869936529708628 -0.0011265507434546784965 0.23013230267164141996 -0.19604697861584713392 0.52779226932753386947 -0.82643868654220209446 -0.12053102515589107779 -0.84937273992137796164 -0.51384649522344538752
-3.8273708742681131767 6.486922213122558567 0.12496064927251754328 0.99646803583558385409 0.0050940656634473691425 -0.083818279946127408064 0.021496330994847847456 -0.98037316774915805873 0.19597540588342471368 -0.081174881040058780024 -0.19708501326183314184 -0.97702002857450809259
3.7558600595222269014 -5.6801508777937348427 1.1295451741186914862 0.91852738445708548287 0.0029937739829347664866 -0.39534602732251011847 0.30407801380185683904 0.63373421848629185593 0.71127877927136917702 0.25267371356094481261 -0.77354507149672002697 0.58119189330072396071
5.11134357468519962 4.1981725515942462934 4.6531316027106015554 -0.88657110410621953189 0.0053468940783321806248 0.46256144249981057115 -0.29011316064866149445 0.77242263899952967598 -0.56497577008170718482 -0.36031379571461968903 -0.63508635435245386347 -0.6832563875536620257
-0.81376004858553374621 -4.3774479676299185016 -1.7824199464672316751 0.98495748307938846278 -0.0043254550108701786404 -0.17274271899296805843 -0.15521259951441743197 -0.46151944176847486956 -0.87344653747193212734 -0.075946069536918028864 0.88711954961478312054 -0.45524839287273155541
-3.9104780343579434998 -7.2926021655612212058 4.1585170508559023972 0.69783782286658246896 0.0090539581105721165383 -0.71619857499122707711 -0.70993218504998822915 0.14132029427759637552 -0.68994555368915067017 0.094966655237243430276 0.98992252235616973177 0.10504634275037626201
1.2642554511961647812 4.0799264573751994334 -6.2442453170996508049 -0.62610739139471938142 0.000678819895451179562 -0.77973654117564894506 0.77970083500796405485 -0.009064367342242928699 -0.62608661152642053338 -0.0074928184875799972581 -0.99995868737077864274 0.005145990951966805324
-1.7804121331243274451 -4.0029241683685681252 -4.1342214012462790151 0.77488838308089902362 0.00092030560742880837544 -0.63209741876071001698 -0.6067493773528922496 -0.27926792235354935823 -0.74422081442686727204 -0.17720944345098443851 0.96021277880580158115 -0.21584307394460366947
4.8572849538432461003 1.9769929100993495208 -1.5577441919172587692 -0.97287042695466130482 -0.0011205311112092788961 0.23134795604650207346 -0.12189343532420369998 0.85241399927637651057 -0.50846077947313095269 -0.19663449031578622561 -0.52286625273347420162 -0.82942495680470573749
-7.3513336019503601193 -7.1551905379678668595 5.7262580556486906147 0.83970743507672873651 0.0052422661060735143215 0.5430137586865546595 0.45771211044759202435 -0.54492239062984926257 -0.70253769446182068314 0.29221746598445391685 0.83847009895180879546 -0.45997483163461350131
2.5450435482871953674 -6.3687545958480713537 -6.2682743695089691016 0.93274089955582573097 0.007903826187410294829 0.36046073826056534983 -0.35825870983795421454 0.13278600734952769602 0.92413125316561184341 -0.040559969440488438663 -0.99111321542185748523 0.12668655451627622299
4.6935110457858133515 4.7629755501672565998 -5.98506356207475676 -0.59416960531306550752 0.0016988700562344356219 -0.80433798490598995556 0.37318397737559788618 -0.88527029367882603683 -0.27754319692627332783 -0.7125280339412721764 -0.46507378013637729053 0.52536670990587264196
-3.490300496248497808 -7.0701266806949938371 5.3519921616176864276 -0.52397034479183934863 0.00033087621769132061211 0.85173644297975859008 -0.63332994488679072997 0.66850117358589788985 -0.38987095534793736462 -0.56951581074498747181 -0.74371101338842970918 -0.35006523660077920601
-6.911477631655729148 -3.6896026983338705563 -7.3660597583861351367 -0.95522810903385313441 -0.0027421118243828772679 0.29585763558589067701 -0.26440443807155100675 -0.44083448245494294415 -0.85776176891173394612 0.13277632635285341323 -0.89758422440528662367 0.4203724625363035039
-3.9518536161400605877 -6.7241012878514245799 -0.85243829970209294977 0.97340875930229797675 -0.009459010302829822317 0.22887969424484591596 -0.2270701410171452328 0.092059978857843074995 0.96951746314915709934 -0.030241335485911766817 -0.9957085353741417233 0.087464130998051337063
1.5993159498088656001 6.62942461603544686 7.2825446011573502503 0.88790236109882303417 -0.0046958379401308356083 0.46000798499728901003 0.060595838000993391959 0.99242903020875317122 -0.10683054065075631156 -0.4560236195332674769 0.12272965861933754494 0.88146462738052244745
-4.0357583783488317763 -1.36836888898484621 -6.5233680061371543957 -0.99997140795611472175 0.007431276014562769941 0.0013997882379710108527 -0.0028859295633775839188 -0.54613006470392855274 0.83769542426651855127 0.0069896123548184559485 0.83766743315185243635 0.54613589586828692468
-4.3681126105640757373 -3.4637488105078180212 -3.5625892105989156455 0.8527184528668653174 0.017269644415566495071 -0.52208524162453762152 0.2008492859624985416 0.91178288865995549273 0.35820598581709628405 0.48221447973771747186 -0.41030930202553578257 0.7740254984188882359
4.4922707437714208822 4.4148271055913053118 0.76757382923195505153 -0.99167429944263374431 -0.011374898611913632218 -0.12826806113239871965 0.10441788789824649197 0.51189627361248091209 -0.85267761184906620819 0.075359063900532305413 -0.85897195340902121607 -0.50644663563381808746
4.4670907728517716961 -6.5237945893666147157 -0.061924955488297517281 -0.99938521179740302802 0.0072537186411728033636 0.034301341177225719292 -0.020763971242800393496 -0.91078240604808058389 -0.41236423987956033477 0.028249883874335877942 -0.41282295527150009162 0.91037308377495662626
2.572599511177950049 1.0385652792668624844 1.8592053248970221713 -0.96516136504270411134 -0.0014852569742602609107 0.2616511674742751925 0.11026269921408407559 0.90454955710918272249 0.41186434161689483568 -0.23728817204172389377 0.42636591414559033009 -0.87287251684528210927
-4.8725180005402046746 2.5672909893245368096 3.2547485643199052241 -0.69689668398040138797 -0.00015418617833146130991 0.71717151929206102157 -0.5693340935310599038 0.60821895295902739242 -0.55310794172979915739 -0.43611202895613171426 -0.79376928731713969345 -0.42395355489929931192
-6.3090274554040135513 1.7796871665884657077 4.570097127937443382 -0.66079348590594810808 0.0036360595655289579438 0.7505589570814024114 -0.68727829159533426751 -0.40483948585010842702 -0.60311983933419921478 0.30166292262406102509 -0.91438053881705871895 0.27001427989361070914
-0.31854143592200606649 -0.50418472865765795454 -6.1737443380512546653 -0.97329738170980117928 0.01283750030782856294 -0.22918858030546293558 -0.21240278731084452635 0.32825303300413960494 0.92039937107006020156 0.087047473824670457132 0.94450259126667202025 -0.31676109671377716825
-4.2526657186235041763 5.544530752868746859 5.2692305726587704839 -0.99818225153213768763 -0.0088375469260977366354 -0.059616193192379429711 0.059390764383887496847 -0.31237181505051503372 -0.94810156959478963934 -0.010243526361924196535 -0.94991881070249339913 0.31232887032941630823
-2.861430976907143986 -0.84334350589439444068 5.3327015464605969086 -0.99150944945554564391 0.010422247917763676622 -0.12961631220160388378 0.12747425463759992637 0.27473461314130609434 -0.953032636768978203 0.025677344975374150754 -0.96146360778267647706 -0.27373053330707813879
2.5974408655017140468 -1.9338845592089752845 -1.5830702089222736806 -0.97483781507897726559 0.00015340382057583111519 0.22291525465766590108 0.0019319107633706568417 0.99996802182072386245 0.0077603515968718006501 -0.22290693576622336303 0.007995736574799842955 -0.97480693790307437752
-5.9931673838091930051 -1.4685337831465206104 -1.3340915145754599358 -0.84463332114061495659 0.0049921450000635237548 0.5353219884398130457 0.16577767840099991159 -0.94836537825167033233 0.27040871043231418103 0.50903075954491217026 0.31714064359841032115 0.80019341287907108651
2.6652598261150282077 -3.1718727605186902707 -3.1609818857660805236 -0.93633648387979429017 -0.011865675390314895862 0.35090339796451935905 0.074473877857048079165 0.9699747402677286745 0.23152244979581509954 -0.3431146025345637729 0.24291605338070243469 -0.90733905489485977558
-3.7637486737490242206 2.1378651052699431112 -6.7596167583014903357 0.99989194761643929166 -0.0049811863566130700973 0.013830432898866705169 0.012601964993011640151 -0.19394852721527444661 -0.98093076171009907505 0.007568591018526848839 0.9809990604345699694 -0.19386479787858074131
-7.0661150167378847797 -5.0922962861260776535 5.7131068135041136458 -0.94997205430802700299 0.016181761913137897996 -0.31191544786254393751 0.30139017235432719044 0.30954323128403093968 -0.90185750092492411589 0.081957672259219654931 -0.95074767343787802698 -0.29893444333199015173
-3.9777079064364957439 6.5901347564198946571 5.8084046440585677118 0.9930561710768774919 -0.006130111077640919455 -0.1174813296838317922 0.073719077812604547062 -0.74582046067142004908 0.66205538892934667761 -0.091678452498748980171 -0.66611880485551988595 -0.74018970484975354918
-0.70929634707654787285 0.46940556538219735394 -0.68556031905103964608 0.88861486957377822105 0.0062762727635703469825 0.45861118823297358782 -0.45073512372822938099 0.19695533046757673912 0.87065862772844193618 -0.084861427102956868418 -0.98039237359359199253 0.17784637187598134611
-3.6186426955739512401 3.7968987345565796687 6.2998094905003165778 0.82791322946017931184 0.0059034487504092689539 -0.56082513654224486199 -0.35108829948612796379 -0.77433574134892690921 -0.52644198695914534714 -0.43737477116165945912 0.63274742904447978109 -0.63901017252375280631
-4.3532201717774130501 1.3337343659994218559 4.9777612365802923478 -0.84348258763489913914 -0.010633628100181476833 0.53705125482591020702 0.51898493017576896591 0.2417197660585850838 0.81989401567945696669 -0.13853435172226102878 0.97028783391839101835 -0.19836772102050337363
1.0158081832114460585 -4.6330468971702307712 -2.5960654836516319222 0.99155385023117170729 0.010401903613776384422 0.12927784997066829598 -0.045219084230005784919 0.96195855914243311169 0.26942710501020394886 -0.12155737950956119198 -0.27299730931641663645 0.95430407763606628357
6.0073766830275738826 1.603352703604177476 -6.160523655311692437 0.9922365026291656287 -0.0021258565228257191027 -0.12434710927237707656 0.031045343719443743713 -0.96396576705319891865 0.264208604293822924 -0.12042802615546729927 -0.26601782023691933343 -0.95641602340851905595
-4.1502712496594176272 4.9546719658721771751 6.1644321951281835226 -0.95417985017200146469 0.0035210312799637041165 -0.29921299414371838044 -0.26403810872609623228 -0.48041032669474087458 0.83635506523568492465 -0.14080017992193810672 0.87703678391717576623 0.45932753998656783434
-5.5259937096998976713 1.9766531600936436686 7.3823286200223794395 0.99722880425997528775 0.0063462674025328066202 0.07412446859410794231 0.0093022316032517031459 0.97789893145188577783 -0.20887112857623887918 -0.073811790667210080974 0.20898182876874904501 0.97512994764961957728
2.4056559176607898998 -0.11616941871772905326 2.0653039137271447245 0.9114802969036738256 -0.0057957087467236725886 -0.41130290312203726666 -0.16518617893512108075 0.91057711360165949355 -0.37889688105554808484 0.37671898630846256673 0.41329859659201606537 0.8290157268771971566
-0.15339334460577602748 4.1944198179903464663 -0.54543835812524821272 -0.9861489860257743878 -0.0044312624669035436537 -0.16580271793134401803 -0.16127633913351152595 -0.20781432790461276672 0.96478139884294311646 -0.038731379993124356864 0.97815825357171171106 0.20422123095632130352
-3.8403288455633060039 4.7478379507392203251 -2.0975948467356584359 0.88909018884433266283 0.0046337853209245634736 0.45770860177014266457 -0.39193017177449746002 0.52425237600791185777 0.75600938268173600854 -0.23645163681728334493 -0.85155033573087868248 0.4679237642638062189
-1.1266299371164272269 -3.4555799524102512876 5.8641692667499736302 0.88000395866417857604 0.011742729153798536768 -0.4748211674380534153 0.42872207932301331645 -0.4499099280911009191 0.78344012873095214555 -0.20442703205828618995 -0.8929967328702930196 -0.4009568850222701708
-1.478645000711245272 4.0119199853525433497 -3.2159231341666716375 -0.72769117130174298946 -0.0010888813175981282289 -0.68590405564257206361 -0.11129903032087617998 0.98693326557416005684 0.11651289693785830959 0.6768146607890744848 0.16112586273062459719 -0.71830381545703381185
-5.5328915950849522076 6.7631734723658984976 0.78991232391070187457 0.98025362887322808891 -0.001288550633587811408 0.19774013937016401976 0.012604620139619559377 0.99835237972513068971 -0.055979008997931400948 -0.19734220691983325735 0.057366066054053137246 0.97865478481107037734
3.3203255880655180299 5.4444042098421894238 7.3315568753355453424 -0.9379086693079680126 0.0018062324164305693444 -0.34687759449314548021 0.07847303230945368302 0.97516696355733201163 -0.20710233312669390493 0.337889495600366907 -0.22146361035350095592 -0.91475928967799191582
-0.54747382230235364098 5.8411076810383715241 1.7260596921406341497 0.94549383413088616823 -0.012387963886372302044 -0.32540428388570102891 -0.17486627829993989236 0.82366154773262378885 -0.53944734636494429125 0.27470565034947569405 0.56694637589232088626 0.77660067765130880169
2.1973092677656076432 -4.0815840049419422897 6.1187183347299445302 0.99986281771279295061 0.0047701671015209666168 0.015861628583957013833 0.0021104204029550959441 -0.98651659653823942087 0.16364764245308086044 0.016428386446505363616 -0.16359171819066212206 -0.98639133099305920105
-1.0594482156649633886 0.061897329059406258622 5.4503111549962079962 -0.9123485767103513 -0.00098621898477343258177 -0.40941311892361542668 0.073470139449830301759 0.98336952658501219915 -0.16609188057469839728 0.40276818789953483524 -0.1816133297853919637 -0.89710333031389621894
-2.2013865634786511372 -1.8956352573172228215 1.6117192530349286894 0.91963436424201483455 0.0031968164465240554717 -0.392762544637139277 -0.017907593087273826482 -0.99858577954372240715 -0.050057556902164040968 -0.3923671166331387794 0.053068081346531258136 -0.91827655122362505935
-4.0175501019993058449 -5.5132765283995066596 3.8994223063771848992 0.96283874585908557631 -0.0041489697488869365857 0.27004506202232164691 0.11588858382642194811 -0.89680604386030926545 -0.42697629422978855551 0.24394955546455152073 0.4424044594547785203 -0.86299878832086296399
-0.23333143902860031815 -5.8745654214661069403 0.1522335816365579797 -0.9997943611615539572 -0.0024919270813112898502 0.020125250038026641641 -0.0098091852802396489741 0.92802120558247314097 -0.37239820337021428687 -0.017748669634964506225 -0.3725190361426509722 -0.92785481215407561439
-6.5416924818204051917 -0.39064180180306501411 2.0713143565935130397 -0.84248415612613947179 0.00065217731707033731181 0.53872072666742998326 -0.29692260644516527135 -0.83495978757907707291 -0.46333478059357585677 0.44950796706863882513 -0.55031057394038285224 0.70363403822667813792
-6.9256659973110732409 -3.7232359341390868224 -2.4777151826910217558 -0.9674963818015418493 0.0076560500331930448487 -0.25276893816031231754 -0.23654604105814241999 -0.38085326348486259196 0.89386618805760964523 -0.089424390747205637076 0.92460379438486672843 0.37028516274435002709
-2.5424989156135775481 -1.683336714972840209 -0.30170571734890982984 0.96740171441985556289 0.0094751828347994053459 -0.2530694447138017722 -0.17878213711248047701 -0.68220325076208399029 -0.70896803319976187119 -0.17936239959086552886 0.73110118695013959211 -0.65827060093323686019
1.3149317208283095582 2.8987304948690399975 5.1246370618924856899 0.95400447019510514757 0.0015965059268180223015 -0.2997881285455080147 0.025309246581124461573 -0.99684481519786694026 0.075232017456795710619 -0.29872213323667562435 -0.079359092623010579759 -0.95103481615165164076
1.0196371366540741832 1.703173517300194284 5.332237574516241807 -0.60872260252311594098 -0.0041811230121201574395 0.79337211407244534467 0.79271143731046189718 0.037934470111864709851 0.60841560888460133327 -0.032640011252109690787 0.99927148172439039797 -0.019777145339345093139
-2.7310894368527312004 5.7276582678124414727 0.74223225286739968887 -0.077039161810345951897 -0.0030834261221402703423 -0.99702329964289271302 0.8725954436944258763 0.48355682119146903286 -0.068920188064095971869 0.48232992773738797565 -0.87530754204600758062 -0.0345622286070950413
4.2162604787569639697 4.0598669688431083813 -1.849997636151726299 0.97926939532934276222 0.0057940475274004445833 -0.20247933322814209989 0.050977604239609439207 -0.97446799470705869339 0.21866277954350893387 -0.19604268728335116911 -0.22445167922062073118 -0.95456205060641219351
-0.81988603056999043162 -6.2581530383759931269 3.4599435767328956537 -0.97973551534828318132 0.0045827257876345341495 0.20024314867108553018 -0.17105739724517482481 -0.53924004598455199666 -0.82459659207056013042 0.10420022463060700513 -0.84213963891438603504 0.52909653349456264859
-2.0884182630877377029 4.377332689964849699 6.4339139454617644276 -0.86344048143598894907 0.0067710160732904990308 0.50440528185063482347 0.2822862000355404466 -0.82220867643251527301 0.49425438153711476197 0.41807300353765508572 0.56914589143777394309 0.70801689102210485505
5.523978903510664118 -5.7408586614858174713 4.4968227528680539962 0.72801064385366598408 -0.011839102959509038848 0.68546359354592711899 0.44888726616992191687 -0.74748450929336340831 -0.48966021957771627138 0.51817055561496849769 0.66417373029015880359 -0.53886225631990647411
-0.020193759361165890959 6.7103688212469663199 -4.1920201994396792955 0.97752446056106534478 -0.0051116074974002501108 0.21076005426465746484 -0.14181053094462922615 0.72379586584575306141 0.67528461991784638485 -0.15599904588830049157 -0.68999522900765197786 0.70680328354406307678
1.3883789345956216721 0.10233035495723021013 -5.3622611581694759053 0.98947503366161604355 -0.0052825198130710257147 -0.1446072361428360209 -0.057795348953852875018 0.90173646945817664822 -0.42840522556173343816 0.13266067766961589514 0.43225390065754332181 0.8919404183949646292
-5.6413248691971249471 6.0807793666407805588 7.4098303754825813883 0.99982670389490746476 0.0052903911333903614472 -0.017848639730318850011 0.0087875745891081383926 0.71110800167776300196 0.70302787176816428083 0.01641160295064066077 -0.70306288602915678609 0.71093827972407441784
-2.647752856459163695 -0.095068295726959017866 -0.20497820447526049481 0.99215273750705679223 -0.006174592040786686109 0.12487922113055091589 -0.12154642307576291049 -0.28181104769454834447 0.9517399857287552889 0.029315738001299850024 -0.95945005488063739296 -0.28035010200639398636
1.1844038896863868793 6.8212970685493736767 1.4380920820749258926 0.98452310684194555002 0.0040193275492195488022 0.17520872438364179513 -0.012123153315971274546 -0.9957802803368267508 0.090965171609614772774 0.17483501150443334082 -0.091681395595492265471 -0.98031996840502377832
-4.3267725383302790831 1.4737624786374208252 3.5728141147518415188 -0.71918651440740710701 -0.020862531132997231414 0.69450378853490957187 -0.29363500681363846612 0.91502999164369813734 -0.27658379772872215829 -0.6297215577286542354 -0.40284596210864220822 -0.66420319973982311357
-4.6897596164390389362 -6.5189336015243908307 -6.2585386564620657524 -0.98229740594442038759 -0.0022407089900747011527 0.1873146697355552448 -0.16849034577428761983 -0.42644503534192013117 -0.88868196516710762367 0.081870688624132437194 -0.90451070256543708581 0.41851831416168394639
-2.6720664165901264475 -5.1013225792935070757 -1.600732942004159165 -0.98368666307405416838 -0.0033061168746871772914 0.17985999689031778592 -0.044516958946323993696 0.97320652239942573303 -0.22558214717746882805 -0.1742951211489953689 -0.22990896970376195618 -0.95747745477028012306
4.7850208883993996523 -6.5130990820676135655 5.5029501008328010059 -0.97691499615116583755 -0.0022806773534296380379 0.21361621849891890279 0.16310253461264440089 -0.65374896037593610565 0.73892479996970328315 0.13796613170586247143 0.75670806479003815959 0.63902914736643923188
-5.8580059650638967028 -2.4583728973951801677 -4.3756533970054167781 0.71104353289050270526 0.0012946485168846321237 -0.70314679706283000904 0.49861132658610024526 -0.70602209578038799265 0.50291107093571574271 -0.4957860822314857363 -0.70818862187621389737 -0.50265797169693837709
-5.003243249064873055 -5.8258536178506759029 -0.34501501511282961498 0.95458416110780297537 0.0064422327727091137015 -0.2978717458888774372 0.29431666902398223584 -0.17586457174986280805 0.93938775313376710052 -0.046333332457595251264 -0.98439329032659339536 -0.16977359118323323561
4.6257225317164252232 4.8885283153416105861 -4.2619148297844535733 0.82740174504423658064 0.00027041843068703884682 0.56161043363836327114 0.031320654920283089173 0.99842134432786677767 -0.046624411694755570068 -0.56073645224203472193 0.056167126189517545265 0.82608709290407578152
-2.5581875488740637437 -6.4876046214416733804 3.2679153674903074211 -0.39417162759210777612 -0.0034177783066208161991 0.91903049285251314782 -0.80202495455538502789 -0.48701017612506702914 -0.34579916226202356277 0.44875906706363377641 -0.87338960787383768114 0.18922445028609746753
-6.0418820197488463108 -4.313962360335320767 6.1422418465920793906 0.79713217007884096255 0.010155609431000675591 0.60371944396587651216 0.57528107507695924738 -0.31645531822351791185 -0.75425971404174829704 0.1833902616925811857 0.94855305342676199398 -0.25809904446004855449
-3.9603129165370609677 4.2548622159538318499 3.9821386649778731659 0.91705110150642155098 0.0024275791524666036 0.39876231527732197701 -0.39851990838780287918 -0.029809985922556552634 0.91667510458059187073 0.014112400378309273435 -0.99955263573200259231 -0.026369841804754719228
-3.7751925802555295064 6.7263862778205378845 -5.6885492272341240394 0.97874036106232331633 -0.0086403683188560412298 0.20492108154828156397 -0.19785110550216469805 -0.30310345455860282504 0.93219270319298830341 0.054057799429334550678 -0.95291848542787793708 -0.29836909097779579225
6.9908272970737099783 -1.0082312670979820535 6.8739704009880240321 0.9979993928306051254 0.0039717163643715400201 0.063098632146565539203 0.019283976078464847015 0.93134460025411835993 -0.36362805700905820316 -0.060210797837705526403 0.36411737262404664239 0.92940475508638742408
-0.86530596507299195608 -6.652624219025714325 -5.1145769890528427482 -0.91349914090463679717 -0.0025743584719824961701 -0.40683251129299308202 -0.40619587559188441439 0.062047788849551650803 0.91167701657502231427 0.022896074306508064355 0.99806985956771809843 -0.057726295602653673877
-2.1210709828221840922 1.0514443935296728938 1.8039048135170221432 -0.80953824226495652017 -0.0052679854774177331533 0.5870435100053846833 -0.13403505833111989398 0.97520712292824029976 -0.17608427109812802014 -0.57156140304312019751 -0.22123136242186561273 -0.79017355488031437716
-3.7502177006988799413 -5.4684223623018590743 0.65675258639531997051 0.944876010142742917 0.0079362979650126150993 0.32733215642709656557 0.32715644485207179271 0.01785010786836397495 -0.94480158458840313163 -0.013341141194080363697 0.99980917620494524911 0.014269727675667956759
7.2540719557354842451 0.015454017941112539042 -2.2154021167281459093 0.69305559264140959019 0.0093597326069201156745 -0.72082337705851595722 0.69768725835233691424 -0.26032490908063182777 0.66743046922127302611 -0.18140130937042228676 -0.96547570508925595334 -0.18694980032365979272
-7.0938142433802182651 -4.1558107736872544891 -5.879051262380314391 0.67742310996300469927 0.0055225443587062668371 0.7355728594719638247 0.50729281772883882962 0.72062711756502484395 -0.47259978259687307478 -0.5326837027437401062 0.69330084302108840877 0.48536791601586004585
6.1896720393749378175 6.16346639643992944 4.0803269025211088561 -0.98630326190631556482 -0.007788618646858572539 0.16475804372653393703 -0.12453588779221910765 0.69012526343978075616 -0.71289405483137191499 -0.10815122840188721998 -0.72364802092019919755 -0.68164276099248266583
4.8013557809429148193 -3.7672388881145337791 7.3464871335477672787 0.0042535088392395697943 -0.0039489083638309524504 -0.99998315675078408571 0.99087057196607974952 0.13476627311762229278 0.0036825590996370713426 0.1347494611273583609 -0.99086954628378098864 0.0044860866230408864841
-6.5780643675653438507 5.1214305084937077339 -5.8500027437695845123 0.99804129438354860504 -0.0041859643096427675071 0.062418365951265458724 -0.060901378970507485944 0.16312040855300341535 0.9847247099332955278 -0.014303731845743879528 -0.98659728867280316322 0.16254597269389481351
4.9327935165360923264 -3.6751882501754318255 -5.698341771241416609 0.88728939761756209226 -0.0080199191533561128842 -0.46114336791555921025 -0.46033680036684332393 -0.077004938136381095859 -0.88439825289889850701 -0.028417514030712125173 0.99699845556522348478 -0.072017529094831680969
-1.8723363485106112591 6.7264121525037605664 -2.4863629095543644532 0.76025888936295515919 0.0084251504179261998972 0.64956557635461176226 0.57094528474467665102 0.46831682234200472381 -0.6743150863944651352 -0.30988369265321252799 0.88352044161520026933 0.35123172731942214897
-2.9793458824401235496 5.123758488985346915 -5.6298652052826243519 0.99132182767594811956 0.0030921793385422996839 -0.13142097397365853917 -0.0021361173945381576635 -0.99921240808718392312 -0.03962323216253106628 -0.13143999001715028774 0.039560105554371220726 -0.99053446536338696227
-1.5413706625571006459 -2.2327838792196823547 -6.4912752829370639063 0.99996542067937888021 0.008163020934225093117 -0.0015882489110373805216 -0.0063683535284454664133 0.62884319352701123496 -0.77750606558929069578 -0.0053480387725814296576 0.77748929448835202294 0.62887343355984215432
-5.1753696084568767688 2.442748093898092776 -1.2372280925646286232 -0.9607281952750762466 0.0081762827560843097385 -0.27737066031544455047 0.23923885227669716702 0.53083959478965048184 -0.81300313416668645861 0.14059198542189335623 -0.84743287226996955042 -0.51194865038518622136
0.80824885304393578878 -2.1592007016255574392 0.47357287923798063733 0.92932031552084937154 -0.023375588833582743725 -0.36853403235928045012 -0.20921045336314736396 0.78905037704951164201 -0.57760755594229928889 0.30429383392347952864 0.61388360812516318266 0.72839012782404055635
-1.9498434574525702612 5.1524122902065947471 2.5595951049586092019 -0.85792049939875014708 -0.0056351040987815455979 -0.51375155699361241268 0.16802185983452391782 0.94188019355522811793 -0.29091296912657199636 0.48553174080514827082 -0.33590169185361190562 -0.80711150535754261348
-5.2885263633225134683 4.8859703046296063533 -6.7027649355122207453 -0.75211855574068531283 -0.0055250772835166014549 -0.65900466738207263973 0.26935767757793382948 0.91005068312659942453 -0.31504633892591060729 0.60146830310526022689 -0.41446016414345332457 -0.68297778345857340643
2.261085256752215944 0.88908765618928675689 7.4137504887848040269 -0.92373347517931025941 -0.0023042458461895428193 0.38302892486628065116 -0.37952530557607228046 -0.12956981627353400532 -0.91606342855622491239 0.051739822772460732081 -0.99156762409929155577 0.11881345705591783712
-6.0590242397966873611 -1.9054442508931250799 2.7075559650635327991 0.98537435718547761176 0.0016762301726650575065 -0.17039532403715035302 -0.1526537975054161056 0.45304488883543070354 -0.87832064008961918677 0.075724463078262624349 0.89148612942243421475 0.44667469901378020758
-2.6681904630150574675 3.553927684431538836 -2.1862244523147915665 0.99125919989256894294 -0.01244626428617100905 0.13134035607367014475 0.13191338282992795539 0.10870649466463493116 -0.98528257746089420444 -0.0020144623611295800827 0.99399597007378093227 0.10939814174992108786
-6.2644155608131573132 5.0544712691641509039 -2.7781783788189131634 0.92721614813303909752 0.0045531735389693055865 0.37449897630324152642 -0.30285019073999758232 0.59740117857387986522 0.74255881504923171299 -0.22034513067042149626 -0.80192961065758372463 0.55529894916208499822
-1.9697761258152199915 -5.1932831183148717713 -5.9260611037224011355 0.86346820650994549062 0.00523852205595426966 -0.50437606429443104794 0.38602782889377990072 0.63675710752343894772 0.66747501926137131623 0.32466162641443169212 -0.77104665481742162836 0.547797302319903201
-1.9985278302967062203 4.7017321714215620787 -2.33344993713296045 0.93627041834968205425 -0.0037282560775429461272 0.35126030779173073038 -0.15012653026467454032 -0.9082727070953204862 0.39051595928500987265 0.31758420715457891248 -0.41836203180059194917 -0.85094857759668907082
-1.2946397468960333388 -6.571434506731900882 7.1596748818507824907 0.88542812310671414888 0.0097972793230455459262 -0.46467305939734965259 -0.43462705291791625672 -0.33676803702801449969 -0.83527636989694420411 -0.16467046998086767862 0.94153667084935854792 -0.29392572830926710914
-1.2870160338484335494 6.2373768521121117914 -1.0259592378256692236 0.7649398536490890077 0.005131371710542403583 0.64408127540221482565 -0.62466915130789579802 0.24968477779200010103 0.73989591372252283552 -0.15702060916833196491 -0.96831357563716580206 0.19419924699400981094
3.3859517794936238033 1.3660589716879874 0.46735448110474819838 0.97184635139809083526 0.010232464487223931482 -0.23539321558735709639 -0.23310804881516641873 0.18712247322682382111 -0.95427764177466467554 0.034282748601052868975 0.98228329756945487183 0.18423956270132310631
5.8122000726249050118 -1.2165199427744510796 -0.69764178429596879205 0.99929280347398541373 0.0067840490804845134803 0.036984721212579091398 0.015654077378229814405 -0.96935859208649710617 -0.24515070836014021816 0.034188342845742042408 0.24555630031857092477 -0.96877926308700357261
-0.18475887043270525223 -3.7168801792863042088 0.30835442738826412956 0.98198216164069240808 -0.0020956710064004629643 -0.18896201306731078007 -0.17723901335904770904 0.33666150278563211629 -0.92479476895458445629 0.065554300872816662071 0.94162340705034675015 0.33022415558513268374
6.4997204598878628445 -0.20478178592827878113 4.4775030172399858941 0.83690007953910250382 -0.0036121472799305678891 -0.54734377612206730479 -0.54518055733018044862 -0.094560881612630556803 -0.83296842651919555944 -0.048748505379166223728 0.99551252732483352936 -0.081107281810142942136
-2.7027321872129976832 3.8233496838877938373 3.5407880017680568585 0.97663319647821500435 -0.0010500579221613284917 0.2149104392886211079 0.12917801007037837957 0.80205415510034350213 -0.58311420322307172537 -0.17175750711723966613 0.59725039109628441647 0.7834483576370954161
6.7005863824761116021 -5.8755384238601884306 2.3032157689855079497 0.90644661296287343255 0.011030323630358288001 -0.42217634918215235507 -0.1509550515959730832 0.94207914520079494292 -0.29949867541551100647 0.39441996684472130363 0.33520921249056534474 0.85560953338283785019
3.5734427135018362875 -5.4139977087273436496 5.1669302277919086919 0.75332318743700410479 -0.0067022920758846270262 0.65761634297730342524 -0.65490499523137368776 0.083629752722807204623 0.75106957845501476356 -0.060030179833742806916 -0.99647435679024387589 0.058610867325709310738
3.4743135273938570151 0.40425335887018759573 -5.3508570153831902516 0.30055698849448786447 -0.016517367148972037644 -0.95362082257547364783 0.86304638024463931067 0.43030278937947130657 0.26455709213505829158 0.40597591334183730227 -0.90253348194656435322 0.14358576444575241182
3.3564046151255855222 1.234191579465201638 -2.7180963339983637006 -0.75140335678947278719 -0.0062364111778924705837 -0.65981368777942639436 -0.24253502089414327725 0.93256679609562032063 0.26738723690517257614 0.6136528000794708726 0.36094359392502489703 -0.70224636913200155774
-4.3903951151448010748 5.8721206906553149452 -4.9497940179247006398 0.97417034607548980141 -0.0011307287842872463732 0.22581155479649039908 -0.22528930616052947333 -0.073021029204263177004 0.97155167532336084157 0.015390430692787983313 -0.997329760283119926 -0.071389662393992775469
-3.162190275587788868 -4.7195156287435553466 7.2639704115251797489 0.84416887698594667011 -0.00791640337112204176 0.53601887810597237394 -0.2729696376319975526 -0.86690311618966786611 0.41709299211548717112 0.46137455939772331615 -0.49841380167331733597 -0.73397356780899991602
