1125 14.717824617146108679 14.977075390850430381 15.033177056927090831
0.97681223259086991106 6.9317389170902581341 0.91675826231810353395 0.94924881460078736062 0.0042449488223198200004 -0.31449748550409645231 -0.28577097150881747289 0.42932112502455810343 -0.85674869328794245327 0.13138355993739281313 0.90314193348396976102 0.40874565216155211989
-0.20063500965384370445 4.832131592368750006 -1.5373226151247625371 -0.9298013316171811482 -0.0031348087566275212659 -0.36804844341058440271 -0.28482508364913006194 -0.62721612394455450445 0.72489627229569730815 -0.23311832928186834724 0.77883894794625740943 0.5822935150891447309
1.4503887944979405589 -6.9734641818439282446 -6.650899413103277702 0.53367139613306346924 -0.0022964121743989530239 0.84568881241293447637 -0.16785467340558130056 -0.98038853729822861283 0.10326240627687606477 0.82886648476418445242 -0.19706101193616124001 -0.52359078296833760913
1.5138615722373278683 0.69836494030462126226 -5.5387387611085916461 0.90519843744796357754 0.0026988699092215795439 -0.42498059360746714974 -0.046429100102726474086 -0.99336650975544349418 -0.10520131158828725793 -0.42244541363992321736 0.11495952938942854971 -0.89906850634263335564
-2.7957214398580543246 -1.082207458536872613 -1.2819386532363856723 0.84640466616784237885 -0.0052967689700729146673 -0.53251392970308053521 0.40227372668212896256 -0.64888785860700670671 0.64584858579526316369 -0.34896273427203294837 -0.76086561966683152747 -0.54709096035159943128
6.2162453991363229022 4.1722972028878411166 -1.1948628572598596342 0.99759994453841260853 0.0039707442511745698679 -0.069127301748952790783 -0.014261759768477769855 -0.96516407526656733395 -0.26125640666436211745 -0.067756570643029062628 0.26161525376965000245 -0.96279099815577973143
1.0714336302820768321 -2.6012595109034033491 -0.82000618798303881452 0.88400380684451895785 0.0042227854505882487374 -0.46746062675633348604 0.41752629751904057898 -0.4568861391658647908 0.78544690891126478505 -0.21025950719161035085 -0.88951516227730409447 -0.40565221029153808452
-5.6838102959625391719 -5.016885789843811061 -4.6076118636565306375 -0.91712018277124973675 0.0069112012366800354424 -0.39855088213580092127 -0.34786440203568802509 -0.50207482993646346259 0.79177725588745573315 -0.19463023441927462809 0.86479656592845799423 0.46286712068168228695
-3.6430492602074320274 5.550839809928675983 -0.13635094388700563783 0.83130126613122845569 -0.006134800640911213139 -0.55578824128413994998 -0.51871713731155466576 -0.3677864433939247446 -0.77179379598114206118 -0.19967657946779041045 0.92989004526167029496 -0.30892356228570472254
3.897047817662639968 3.8216492042297995901 -1.2605996779739019331 -0.8727038779860621931 -0.0016941416611845876855 0.48824693673595609411 -0.47297162074649584662 0.25113456494769526017 -0.8445290262963127681 -0.12118493023674289932 -0.96795070131315030793 -0.21996738965344531103
-5.4079836176935689451 6.8573525974628042334 -1.1203624762563793027 -0.99874027328972037054 0.0036282411382207615906 0.050047001662686496637 -0.048939658018071825751 0.14981021575790928746 -0.9875028147442012072 -0.011080450453666656693 -0.98870811421818982634 -0.14944393094714772396
-4.9741644446221471298 6.1462461603793698828 2.2644232227218243914 0.40510139044313087098 -0.0083450751804209320761 0.91423368083942335716 0.14420848963619403715 0.98802429306227723682 -0.054880851265002771056 -0.90282710137533084271 0.15407256744451988673 0.40145344559874091006
3.1861727347891539708 4.8499772343518765538 1.3517694895673373345 0.89728840728357339707 0.0076830439759685391354 -0.44137793894773352799 0.38745932373673835913 -0.49283144630436220845 0.77909719418258027712 -0.21153909001399701095 -0.87009087822416320002 -0.44518881053686726323
-1.0045277333897428829 5.4374912095328520323 -6.1739583643802289359 0.88513917167627065297 -0.0081372081242814375129 0.46525523383227157526 -0.15312899549315692194 -0.9492517593868045056 0.27472278398488525486 0.43940887280940826853 -0.31441196406157340126 -0.84146595852204442156
-7.3559727887468140395 -0.45300276586328158679 5.1457924929718972251 0.9813569117705703837 0.0085129229933458994833 -0.19200557768506426592 -0.192122724848078269 0.070695047156964230251 -0.97882126504504141096 0.0052412133152140855108 0.9974616486108811575 0.071012599117371608126
2.4282029103040914109 3.8612569740907947136 -6.4421529708268705505 0.96572061958315835728 -0.00029421999527778994882 0.25958350938856378232 -0.18667839656251483671 0.694072055288332046 0.69528063278408969161 -0.18037422534477587366 -0.71990547678310978785 0.67022477075137965041
-0.83804932879453719607 -1.4932816288354788803 -7.1168666332711216782 0.91386205362642658478 -0.0076213387731943089964 0.40595327580523415945 -0.18260346496869436783 0.88529016550256434126 0.42768831810781221536 -0.3626460002855756426 -0.46497659947545322279 0.80764140583378696281
-5.6884224350764638345 -3.1399860278826405846 -5.111405287166514988 -0.99662884323173150936 -0.0036706804301827183901 -0.081960203414359750207 0.053914150222771461962 0.7237022530566148415 -0.68800313467795304323 0.061840223514318219677 -0.69010258297312376818 -0.72106463769185824564
-1.3966052010280480822 -3.429996712989118457 -4.824745312475116954 -0.95183565803061365163 0.0073642383666002869669 0.30652022460948935567 -0.19569278558205535634 0.75501626542103816853 -0.62582327587017072545 -0.23603646703952921304 -0.65566470618987193753 -0.71721027550123461758
5.6417533048389856276 -6.938132940327010445 -0.42046068939558578492 0.99999473265687444101 -0.0032447092760273755704 -8.0747150333184206095e-05 -0.0010423917697676976513 -0.34461856006885133175 0.93874222312375266153 -0.0030737725658978010644 -0.9387371942763890198 -0.34462012710306000329
4.1152975619624667658 -6.6872294049502478686 4.1479228707263366971 -0.99839789743260254351 0.0030349037781307237373 0.056501573086143758173 -0.040415536833851017917 0.66061374300826702921 -0.74963729024844194537 -0.039600792726674161059 -0.75071983582934898038 -0.6594327147690994817
4.6519562716937734592 6.6557344404461709075 -1.8520102683967889501 -0.96165062642560128481 0.00065009497350148204992 0.27427659410068111479 -0.1356222821823336866 0.86806446517544011421 -0.47756746211962647353 -0.23840022917480818698 -0.49645106674898292765 -0.83468656934994367447
1.772740323701965437 -1.6763487689361631361 -7.0739267989609579956 0.87439694114199506547 0.0099433127531866737775 -0.48510938957429133866 -0.21634494333199633109 -0.88691627686318352808 -0.40813525127081118349 -0.43430963012157164371 0.46182317868064470812 -0.77336569410400723967
-4.3983430178436231373 6.9394235788201354964 -6.3677864976707265754 -0.65934406098846420896 -0.01886917271839849003 -0.75160452603763427959 0.70210145616614771935 0.34211863684797483298 -0.62450651203220763907 0.26892183713605438689 -0.93946729194915068462 -0.21232581771694208905
3.7698293379158740457 -5.1936079766260574431 -0.11342899520709621985 -0.70936457171631961405 0.0039976048653371466443 0.70483042183850963536 0.66738013307298571508 0.32547669117747535239 0.66982735199426557404 -0.22672816846002810665 0.94554161339179487733 -0.23354955570779079022
4.3348343017264330257 2.7707177677826693163 -5.036323786762693544 -0.92392206742760796256 0.0067312300196401952251 -0.38252150771238813132 0.37678843048704951935 -0.15731552438551807405 -0.91284297907055855781 -0.06632112763844241754 -0.98752545097818078546 0.14281103493437252716
-7.3165269960644225833 -7.072797206895713451 2.4566120240706501576 0.95614285596006931556 0.0057314790362048414693 0.29284465018973349082 -0.003387910836069764689 0.99995805579834506904 -0.008509330423978942945 -0.29288113810356247724 0.0071440039302011898448 0.9561221690511202409
2.4600484052950788438 -0.67151359441416558216 -7.114270248260130991 -0.89606248339689664739 0.001207319415317291509 0.44392630945719990798 0.33690869363854486496 -0.64932439594106639014 0.68181402228652931985 0.28907535003740436608 0.76051059901600104318 0.58142847435018096824
-1.5332585931485975816 4.9716895147173696401 5.7196411117009322567 0.95065839090053250171 0.015066149262899021163 0.30987357899140355322 0.29153292841953271086 0.29820665099018145439 -0.90889017210676958936 -0.10609983721790998412 0.95438242044350751758 0.27910037637158657819
-5.5002530952598727154 5.0819314119726763934 -0.19932357261602956511 -0.94209903525666660595 0.0055371971613371352705 0.33528905024770810916 -0.22252546811935261517 -0.75831577148165074664 -0.61273126797993227033 0.25086216097019420346 -0.65186388929725191943 0.71564072412324408745
-0.82050031352190500034 -6.245532826713533936 -2.2885147957143026076 0.99742794167311044085 -0.0062487270706343359811 -0.071403463358900215452 -0.038253341245894731393 -0.88886474227100320533 -0.45656998568785761572 -0.060615039826525662914 0.45812708210439390122 -0.88681756499815278527
-6.7381463952064439837 -4.6867890764439996687 0.87103018697619472022 0.99962590961049424543 0.0030224421325489685131 0.027182819558043982977 -0.026186781651002986882 0.3925746027606944466 0.91934728679325461442 -0.0078926106158273556801 -0.91971519836900428313 0.39250689240678021674
-3.4439089975871781668 -7.0013710584218014077 -6.4827581229660440343 0.89489484113760475736 0.012187909665581968255 0.44611061202725538211 -0.30783876059231130018 -0.7068783120387049923 0.63683463273150608952 0.32310759938798178093 -0.70723016538277327925 -0.62882984374988415421
4.6357537505237100817 -2.0281566560511934405 -2.7911775518797807827 0.55236718675129969913 -0.0058285802115159175002 -0.83358054119158220274 0.23410882232400531677 -0.95864636464336339117 0.16183388664366932241 -0.80005221723994779381 -0.28454028749697202194 -0.52816027347829341831
4.4904683748150473477 -1.8648536730551437124 -4.2515655849129112553 0.79851129193656300576 0.013457489377325902724 -0.60182938830663057495 -0.40021056369211260861 -0.73494567142045785779 -0.54743617415145817695 -0.44967902036794132892 0.67799244541518322027 -0.58147658817959024802
-5.7014352873287732493 6.6685178309515933393 -4.2051853592682535421 -0.97671756011708998901 0.0021239497579809809083 -0.2145187558143387685 -0.10289517284728491586 -0.88206460266563169181 0.45975495661163234828 -0.18824290468286575262 0.47112368393200448891 0.86174653075877571951
2.5457131609144503237 -6.0050194219874235557 -4.3346576669218306321 0.73606611603700200508 -0.012287565438082799496 0.67679811506668696719 -0.33789499775953607541 -0.87302924210235610669 0.35163462986899168827 0.58654381192819338153 -0.48751303384588723366 -0.64675915031719222181
0.85296539999211906657 -5.2310532204296142922 -4.3934526838448171304 -0.87741477657586908201 0.010057180106163382538 0.47962710825657373093 -0.47571112735557036233 -0.14742063255630794005 -0.86715977789954346022 0.061985749623203141578 -0.98902275516036164404 0.13413335386343133715
-7.1298711619053882771 -7.4824402159659966216 -2.0296575545866746282 -0.93691103470730785485 -0.0071497254216675801969 -0.34949477030430109448 -0.17119782516370890546 -0.86230067956307820953 0.47658036330127362401 -0.30477699667607255352 0.50634614588399395885 0.80667500447543416531
3.9187324934181413383 -2.4230621875778268759 -0.084608807971196742237 0.89719388741470307291 -0.00086630942686777160158 -0.44163602422561376581 -0.33854024610734462231 0.64082484822967100691 -0.68900944525961327347 0.28360823357482084495 0.76768663098912826026 0.57465085612852351282
1.6032327786287552396 -0.31008583764452712916 -5.7675744281537344449 -0.78295935386624193608 0.0091081636063828422256 0.62200618288659370592 0.34020419762289422216 0.84338543922169861844 0.41588712991441961764 -0.52080298973138750007 0.53723183288449571915 -0.66343515404472341856
0.43579549390738975267 -6.6283022470464203479 -4.8969224896838756678 0.9999129021034467435 0.0046622498149465367231 -0.01234713058461205451 -0.011931728525805386162 0.71919512561889287205 -0.69470569678129712177 0.0056411046255326292506 0.69479251198660951783 0.71918811393540094112
5.1816352114692643127 -3.4804538341902837573 1.9179649273853875968 -0.95218690883582679518 0.00035503250393052049327 0.30551589908493731462 0.19502962363112630317 0.77044279960017936215 0.60694426305095305896 -0.23516703967188923308 0.6375090324819960852 -0.73367478964180432577
3.5227096912989268596 5.8585331035286518642 -1.3295810337954323543 0.98380965475600490322 -0.0061623785551888146661 -0.17911054770575973727 0.17921570996078348137 0.036844280843347385068 0.98311964087409076107 0.00054084392956894487489 -0.99930201844071009365 0.037352154264054221455
2.8660831379130100593 -4.919257380751867359 4.9805893267199845553 0.99742216776300884895 0.004840406374081654764 0.071593223988248799738 -0.061058013924330710454 -0.46687468514769331351 0.88221309631164246401 0.037695333802876825058 -0.88431023901926397723 -0.465375614933987658
3.1969079703135552251 0.61908485363410237223 -5.1659990116503582414 -0.82412551427528035752 0.004584219995123664515 0.5663886665953250521 0.33941036037890565114 0.80454476997299273489 0.48734825369194006983 -0.4534509278721340908 0.59387431164866533173 -0.66460180407201585595
-1.9972091632361268498 -5.1471066361153381408 1.5105693968518860704 -0.92895884466159173165 0.010268559096689462012 0.37004056753144026759 -0.048997482228907082713 -0.99423099630939526516 -0.095414740542719103655 0.36692603022976788552 -0.10676742326986862763 0.92410281120024351242
1.2052429362639176524 7.3559958061568577747 -0.3595191704147463474 -0.98766482311074832445 0.0021187367844257981586 0.1565685413614897048 -0.031184336518015116912 -0.98253974096628582391 -0.18342081282597255676 0.15344619364967493347 -0.18604077073652577901 0.97048601086164754115
-0.67295598577836190923 -2.8336230402035642584 3.2594671197062305978 0.97661435618937553205 0.0055789001087678960836 0.21492620863537009734 -0.12049843249881818374 0.84210469322513248347 0.52568033386612056379 -0.17805765091716213577 -0.53928523206349476826 0.82308378153629557783
-4.6573827830225464908 -0.54320969470014457414 1.7106676942467018421 0.36616559585612906691 0.0057517017984544255293 0.93053193085341234791 0.29786512375548507281 0.94664259667773642537 -0.12306161954648210666 -0.88158897705303740366 0.32223393999026844758 0.34491471910730492345
4.3946019808811955798 -4.1229914193396188793 3.8613028404145790518 -0.99932234327863289636 -0.007241638143815985057 -0.036088958157072296984 0.031168967874816044805 0.35504611794904245015 -0.93432903710146453236 0.019579317288466902003 -0.93482073832704171146 -0.35457980417416540275
-2.3369598649285756586 -4.6855149319784397122 7.3596777587223289885 -0.98117727529970211187 -0.0094025640434131502188 0.19288013434530520973 -0.10989792370251394438 0.84848287708468317359 -0.51768644338068114941 -0.1587879113834844147 -0.52913930026377498095 -0.83354543974214090341
-0.71550497099016019398 -4.9141264255752137302 -1.8791059887214769386 -0.99595569537227379708 -0.0051695328549838728827 -0.089696871660376584212 -0.08434814762249562281 0.3976608511039677607 0.91364721719707642222 0.030945805018657120827 0.91751791450054709376 -0.39648863000392409184
5.2389679642930051529 -5.1087219186057657438 4.1430013206951494809 -0.95341086585097245543 0.0013336761810044239079 0.30167191149492894597 -0.29833062688498857007 -0.15265318259506430176 -0.94217612095943559236 0.044794619538298122152 -0.9882789217379226443 0.14593907944393849641
-0.42220222548438191001 -1.6988494199872676838 -3.2517157952604756055 -0.41453764616895061312 -0.0037043192311530075134 0.91002462490190361155 0.90916437806494165841 0.041974429200714806487 0.41431664334318557552 -0.039732525298578069695 0.99911181822270433983 -0.014032145990217619047
-1.2789755566254892294 -3.2110365632079700404 1.70763167984014963 0.99999628866826473228 -0.0016056181831521406517 0.0022010542558500486438 0.0016373784824383584569 0.99989346297559467125 -0.014504540333655611614 -0.0021775310083757149632 0.014508090461394252194 0.99989238104401922946
5.4704366838980149623 6.5499613161003296113 3.8268466176862707684 0.97963246807294723784 0.011439734682876120248 -0.20047284097277159876 -0.19862023510180554231 -0.091467623952195181714 -0.97579899363370337095 -0.029499656021701705505 0.99574233928208821798 -0.087332491408839918456
6.9086771756899860719 -6.0249561593138478699 -5.0637405642051058763 -0.99936353805089161995 0.014813825992763800937 0.032451030398519077613 -0.01504052203192760527 -0.99986408165141738014 -0.0067528453587066151337 0.032346584231961045264 -0.0072366278672516010789 0.9994505138853023718
-3.7073830667559848351 1.604531877327712408 6.7122477579103216883 0.88349920277580029637 -0.0080872055007866223281 -0.46836284630795865791 -0.36867674546014800319 0.60480110014327947976 -0.70589877930367905812 0.28897511320431895632 0.79633549862651531459 0.5313597252106903035
4.414961541326330341 -0.89568182350781300194 -3.4499158005819965389 0.98877967561114732398 0.0038400672023349777251 -0.14933186860856648148 0.04532663457041737759 0.94482650642574839139 0.32442005017215075346 0.1423385025099292156 -0.32754866300909957211 0.93405118920972129981
-0.77964208269235446558 -3.5635896389836245746 6.1847038826350040353 0.9950617678814893674 -0.0032874827985766384014 -0.099203178161425945025 0.00073159961040750523531 0.99966712748036468117 -0.025789513316479977661 0.099254938730954866966 0.025589581707020109258 0.99473294428480596441
-3.3169535590632590605 -1.0870427794393464627 3.1854901468593523894 -0.55733913224056386149 0.0071117791120106424452 -0.83025448765491549619 0.34205459624716544331 0.91312953911119143502 -0.22179517124756975566 0.75655253939135358454 -0.40760749183547945185 -0.51135544168424140743
-3.6294175994216435477 -7.021917450527681126 4.4928432167858449731 0.93909750739266917297 0.0035552672962436077456 -0.34363240778976494871 -0.3090109064952804574 -0.4287775869365666459 -0.84891815895759059618 -0.15036000557300580049 0.90340308888965059619 -0.40156534674786648065
-3.2484061356251578978 3.2743215158842935431 2.5852262904752105754 -0.80156899026656147633 -0.0069773360732016728031 0.597861581492300731 -0.3135269738395520811 -0.84652237427783505463 -0.43023331637851031095 0.50910508789257291618 -0.53230741740877474122 0.67635850172334210928
4.889921902359727568 1.2728923036330890284 -4.9506506682218498483 0.98850978868567995761 -0.00019371182532198182036 0.15115674033385781416 -0.15061890166796493284 0.083030425041021205246 0.98509892649310026869 -0.012741433708953820922 -0.99654699387093681473 0.082047211249345136652
-5.4601637333433110655 -0.52107937236803314462 6.7574290443359368297 0.98823042719260800748 -0.0033604381893735280236 -0.15293570618392535176 -0.11851105439322374979 0.61533258837354642967 -0.77930798512035004411 0.096725140255370350983 0.78826043484423780061 0.60769213760082552156
7.1543753346444978192 -1.5192670925326712261 3.3772527678643933235 -0.95557899662773271299 0.0011507149633341933956 0.29473285710808150295 -0.19433998115611228474 -0.75427137810771371917 -0.62714165855224557333 0.22158689701392175753 -0.6565617747192709075 0.72098951660146548548
-7.0322473811227474982 4.7252854063204940971 -3.4939472361046699511 0.77453181971472340184 -0.0085840164323728075646 0.63247669910544912497 0.63070810029341073388 -0.065459239645778086181 -0.77325440843835424598 0.048039072365566863609 0.9978183214427699399 -0.045286255303030112374
4.0132982417342129011 5.4153288904769691925 -2.842642860190496723 0.99718512176964912985 0.0048188368550821786274 0.074823871408872019706 -0.072052363513143924401 -0.21449808668259234823 0.974063153867183118 0.020743428680434668199 -0.97671252148248965952 -0.21354709210306463407
7.2388159948362709173 -6.8967395312097758975 -5.9592082469718556936 0.85489209761170681379 0.011441443548598937904 0.51867966492868444739 -0.39170149242944540813 -0.64132412546610850779 0.65975245882355781912 0.34019030302109992681 -0.76718476227350085317 -0.54378129635517535867
2.3623667039118343425 -5.5966730547817604702 -6.897668019264451722 0.94847630302346352948 0.010909078010585814347 0.3166602195095807315 0.061525231539404263981 -0.98672563240018384967 -0.15029029326117751553 0.31081722681815021625 0.1620293750573473246 -0.93655706346787781502
-4.0150950457033287577 -0.77314461702166270562 -6.496816032038681854 0.64936354641798710308 0.0088319580659495869335 0.76042684138589711207 0.46124107899899863261 0.79044470309426584365 -0.40305562692275165304 -0.60463513925943412897 0.61246972812290589872 0.50921231378065345829
-1.4460886251061209062 -0.12939603791245912756 -2.3790824439479933972 -0.098607537532215752685 -0.0031121795806070321443 0.99512153422584270768 0.83762035079163832396 0.53964806859262148819 0.084688310904434738191 -0.53727897919186640152 0.84188495437468713334 -0.050606542225935420565
0.082354999037501014358 -3.9442919145705803707 -1.7089681371949585476 0.24206872209837274057 -0.0060913462558569841238 -0.97023998540690303827 -0.69127753072880737673 0.70060910423384237244 -0.17686791278837657448 0.68083633076612926072 0.71351929095532473646 0.1653847397538367181
5.2175355573612813842 -6.6009331261303358929 -6.4754871742658313138 0.72808273374371079711 -0.0034826544801659763823 0.68548041835055806281 -0.21988852858016783021 -0.94832941790934455195 0.22873642063886517883 0.64926463620255070452 -0.31726831900717689106 -0.69122807085020065987
-4.1888310661760570497 1.9010102521166472034 -1.6416926072867279451 0.95353451210129802629 -0.0047600624632782367537 0.30124620501678911477 0.30097159593210637274 -0.030458353558131964767 -0.95314657169834093864 0.013712500638360741734 0.99952470229792389489 -0.027610447703175940853
3.8493036894603296361 -2.3050750303000362429 -6.1019540485587642209 -0.92703599350164733739 0.0056104059502807435839 0.37493038033416231647 -0.37366586344488861293 0.069573104983076963781 -0.92495048816634328759 -0.03127441843487379497 -0.9975610790363117486 -0.062400355315269315226
-0.93891664046971357038 7.4598856616303628186 -5.1811879745646267637 0.9792420831046078078 0.0015615383848898050419 0.20268819471018242884 0.18412373520920982672 0.41127644863726459112 -0.8927206354335096572 -0.084754898440258283343 0.911509322165331759 0.40245169001530156638
-0.095336186278653825554 -0.066436485996454908154 -4.3527727217451230857 0.35206772369450606286 -0.00051742885001000162807 -0.93597438544010613803 0.7321363177756384788 -0.62285221604420248909 0.27573815325924239117 -0.58311639500747558529 -0.78233934404207505775 -0.21890733344782664638
-4.1512038142922191852 2.7423968548488950603 2.106683289874234255 0.85723296610050581101 0.0051534034559669933059 -0.51490298529265887684 0.35790532863019308696 -0.72488075534955176416 0.58860144942224812414 -0.37020996416706786203 -0.68885508850315513296 -0.62323611053495842071
5.4427449225962929447 -0.71606872029862422835 1.7098079734984892308 -0.87610586513571508949 0.0048870400354322227413 0.48209400526706319701 -0.30151688776682283866 0.77471055637918051495 -0.55579773319627634454 -0.37619952082122748438 -0.63229713796158326655 -0.67725493712447071282
3.7901498402349274031 -2.1406085643338657043 7.0590991311108250983 0.71513152127238088784 0.0041797075440236858626 0.69897742261643069916 0.44088571626826922323 -0.7786719806717177228 -0.44641878511933802409 0.54240823414957473059 0.62741730655252947457 -0.5586956514641761018
3.2777989702013914375 6.3966129831582669851 -2.5282746237861033478 -0.9999551709289564716 0.0039308126800872839057 0.0086142233724347035823 0.0088627831480453892615 0.70876815947406412999 0.70538581442408176958 -0.0033327477412922095271 0.70543053862692928213 -0.70877122399617176196
3.7477902438788066597 0.33730997528570560995 2.7996901023885802928 -0.85644846120316064919 -0.0029896843430374875697 0.51622388078260328381 0.26063997608039007892 -0.86567422177548403184 0.4274048954120917565 0.44560390053446008451 0.50059884492569406422 0.742184586398541013
-3.7899288464631886164 4.0796062815603555407 -6.0022751674011836087 -0.63174575876494365456 -0.0031087863350565286304 0.77516942130734189931 -0.70801438908417668738 0.40946385728240713986 -0.57537376932658168549 -0.31561514718423772097 -0.91232104274040459746 -0.26087812066350474227
0.87268985102261198428 -0.026243437531580780797 3.7915557224145515214 0.99464324003784609918 -0.00039639917801485239496 -0.10336666732868003693 0.1032079212112380906 -0.051723290885232392489 0.99331406220756435221 -0.0057402130798839563069 -0.99866137606692018114 -0.05140531009638897586
4.8211062792477461514 -3.1496504681315067309 6.2840515779245134098 -0.99907809682012360675 0.00049833410067597451801 -0.04292677623020303701 0.035273237756528678932 -0.56042234511168476097 -0.82745549354497194283 -0.024469473892253207348 -0.82820682607825157895 0.55988811211240652188
-3.8481751320958816898 5.6929843515137399379 -3.9612618482721435598 0.98150780913832103014 0.0054986488575442474952 0.1913431092598446015 -0.12112392700621830988 0.79186983301458513385 0.59855756771432977459 -0.148227578092191975 -0.61066515572962343228 0.77789244286774794634
-0.16175573363384973535 -6.4282298981309793362 -5.8167970822272199172 -0.99750789132658634895 0.0019929969415248003153 0.070526836767226541713 0.0338145765287739819 0.89082400158256436207 0.4530884821075373825 -0.061923994988912475779 0.45434417149069994402 -0.88867136370933519363
4.6211670869305017106 -2.3444825803484339311 3.5343541787816770139 0.99353333932844245524 0.0089638473224032712283 -0.11318636439136663119 -0.11290650350236218491 -0.027222216154385969755 -0.99323263761031521657 -0.011984369396399264032 0.9995892158226625801 -0.026034102660684753372
-2.7399535880815193423 -5.4128588344017583012 5.2408929018145089529 0.99052641757690129687 0.011012966326168376063 -0.13687998632041828428 0.033029137164060543008 0.9484103324186623496 0.31532034101824762962 0.13329100562521981055 -0.3168541556211121879 0.93906174018806976012
6.5578236443510249387 3.8173409530538284784 -3.1768323958178625865 0.17116785995516603514 0.0055265610920068987746 0.98522638050389244047 -0.62182991702315792981 0.77625912313186418157 0.10367896628341385923 -0.76421797807524416424 -0.63038974521886936841 0.13630719390245435441
1.8864317827987706622 -0.89685723928675742389 -2.1221524606435693272 0.79060236236223535577 -0.0044131635594753561291 -0.61231399511570261396 0.034824797826139362866 -0.99803145320377184557 0.05215795119084539605 -0.61133880793186667901 -0.062559910513452082759 -0.78889233708595829508
3.4631955391813402656 3.6213525024590591528 -4.1782103748762358109 -0.90290315518341401901 0.0057143308832383532189 0.42980604786599818645 0.42970610245748075418 -0.013329565765415347239 0.9028704160549432256 0.010888428283485839312 0.99989482901897841494 0.009579824134838411942
-1.1163621702772712485 1.6866369270859915552 5.420557752419225217 -0.93921055332395353421 -0.0067461317007000195373 0.34327543785135766763 0.24918283214045938712 -0.70121094644831694076 0.66799036276539380808 0.2362021437061722906 0.71292194403604725039 0.66026574121373959869
-0.07218139342715453044 6.6286951257821709049 -2.3194044663264596906 -0.98509328091002279493 -0.00054776378435612014042 0.17202013795153120457 -0.14139102848377127497 -0.56699225225621796564 -0.81149760501549461633 0.097978594449686817747 -0.82372294240011501021 0.55846280914074830637
-1.8294534236544346406 -7.1722990223685973987 -2.1778176450526682828 0.9972423440301096953 -0.015556623499358832388 -0.072565134456513274985 0.026532438040171565929 0.98789447173047406636 0.15284155997592280274 0.069308996566346439683 -0.15434540546947431161 0.98558295379203275655
0.94235839076820993032 -6.2991572557922470565 -3.8288223027293160072 -0.99537747648256935662 -0.001790378202719466235 -0.096023298512396895732 -0.092241442625033753799 0.29623192232723316586 0.95065144214736729822 0.026743140686081173091 0.9551143610794886607 -0.29502773036793300543
-7.050002452317956525 1.3914847090490014558 1.7199882371533092851 0.99977756567679487709 0.0030000032178915106082 -0.020876281997939023088 0.011159515450524265523 -0.91516587637386548337 0.40292292555239783702 -0.017896490836832187887 -0.40306627085568180746 -0.91499579065380642895
4.624740512816657656 -7.3793799293974569053 7.144375102953228307 -0.64824065407752562429 0.0010476605858946337613 -0.76143480141662422955 -0.74358147819872966178 0.21440987703287692212 0.63333639553594278659 0.16392266371951527693 0.97674321448270029489 -0.13821017792139769775
-2.8904528877781912044 3.7990055470427783746 -5.6169614054200875941 0.55498015990314319978 0.011291019551376004978 -0.83178695288596438129 -0.75555050078921115464 0.42520404495273994572 -0.49834221265414679891 0.34805238523973169862 0.90502708966827261072 0.24451074433579411682
4.424277078509009975 -1.1873265274069002562 3.688231440999421018 0.99520033096421400831 0.01485160325665096058 0.096725028453739203549 -0.048524834645326732352 -0.78344483989400093282 0.61956397834773235811 0.084980242829232804924 -0.62128384231692468376 -0.77896389236246788013
5.2005481688153016862 6.5395866505062505425 -4.5764050766862833797 -0.86580453555299330404 0.0033611667953441729667 0.50037107107989020616 -0.094217295034389261787 -0.98318625844318430218 -0.15642212926877718804 0.49143220034130119522 -0.18257459781239293584 0.85156380189708158479
5.2976857601418743116 7.3824816619455333466 4.3763356497438490322 0.92756836923061458666 -0.00078266860036003450818 -0.3736526566648738501 0.35548693149712218275 -0.30616647515487638298 0.88311444956243845272 -0.11509110277355263929 -0.95197766618814716466 -0.2837121096133597975
-2.9211871828097151216 -6.4311007255399283977 5.6316616788054885134 0.99745301382500217713 0.0067418020338523808321 -0.071007276505436728309 0.064839913324647294179 0.32910223718993608655 0.94206555139041514568 0.029719873005048243891 -0.94427022910923164023 0.32782688048215613552
1.4115767329934107988 0.038001159981419938005 -4.4037972289386368985 0.67459914848731028503 0.00069798911088444440948 -0.73818392130374343996 -0.22513344363660106606 0.95255199592204897741 -0.20484049311925972559 0.70301559116180878384 0.30437511047420401367 0.64274790603110165677
2.9485231370845581544 5.330785686391605438 0.47764039460475626875 0.88932636249906904524 0.0030296413463469264171 -0.4572629902336582397 0.048800548785994407597 0.9936383839183009492 0.10149516462580264464 0.4546615525886268383 -0.11257701043078442715 0.88352096144925940102
0.61264736030607547246 -2.6434376592695798536 1.5889539736265563263 -1.5088344907454934174e-05 0.014923781777214034996 -0.9998886340536154993 -0.99523582417229516928 -0.097486310116104854528 -0.0014400083249369588501 -0.09749694383084515914 0.99512496706556263781 0.0148541531638603716
-5.3486418083920090893 -2.4173048967717667423 7.3582133024121985088 0.91044756712948893274 0.0065119464653392074988 -0.41357323663552919557 -0.38963384175536830423 -0.32207188013331006227 -0.86281815777502746112 -0.13881893554882593356 0.94669282165892920666 -0.29069228498967719654
-1.5160465605250104115 5.3954731187654578761 0.50995192765238717136 -0.99487290374646319968 -0.0013964281069689609381 -0.10112346601881194719 -0.096854702762482841605 -0.2746007774032581672 0.9566679568180399551 -0.029104500406395724527 0.96155731136427613492 0.27305762215692402917
-1.8195742249762565379 -1.2773567239235257276 5.4373043649077050787 -0.95933354580806495804 -0.00084368034527002380707 0.28227369004334018632 0.075634564108201671195 -0.96419779667472682583 0.25416927745042172671 0.27195323237534291261 0.26518276167767523832 0.92505110253960309841
1.9975436900732759238 -4.2200392367421839523 6.9144838815299882739 0.60865412751629444088 -0.015765075883830238085 -0.7932790274801565511 -0.099454603254575571492 -0.99343302306514791322 -0.056565100327769006483 -0.78717782930474533565 0.11332383273611147667 -0.60622501926686789275
-5.532279648112758963 5.3748180719545919359 7.1189510037223433514 -0.95319675715486895662 0.0061839309963773181344 -0.30228744788166522772 -0.19145492301988153994 0.76146380735426233421 0.61928820636349157791 0.23401058651434900049 0.64817793011403579406 -0.72464088782800317734
0.84625642355431396346 5.6854699209640040536 3.3597717211515480962 0.97117272488540429265 0.0024451067870667995974 0.23836434274311921189 0.052850679406623857215 -0.97726981295671111472 -0.20530591411340948227 0.23244428176415415921 0.21198522150487583704 -0.94922701275242038488
-1.0049665607351834229 -5.552619826692074767 7.2901037901960235033 0.99768761428266139468 -0.0067729891916829760082 0.067628033570186887879 0.063436540266936070065 -0.26437967919378740911 -0.96233008400877961819 0.024397329077605316855 0.96439489414183665605 -0.26333867639804331429
-1.0704265202541269897 -1.7407387787362296194 -0.1925487100717351574 -0.95266965729731589718 -0.0052795454009485322591 0.30396159373385489566 0.299925416990494631 0.14697618195859568635 0.94257240898505201265 -0.04965146833596933984 0.98912594159556699314 -0.13843627904149463648
0.82773442370866512352 -6.781027002070955767 -1.198231315872822611 0.60189081077593431512 -0.0091698934325748666929 -0.79852574470583859156 -0.2000530176103153257 -0.96978119257506401052 -0.13965396046174008426 -0.77311463706775485072 0.24380392035835374287 -0.58553685312661374329
-4.5565851297394290853 -3.6610980798759462651 -5.924479560500675035 0.98022624389804191569 0.00029681327528867807591 -0.19787981876722635088 -0.011580566096778606433 0.99837097475493408183 -0.055868481774303903331 0.19754088503989192249 0.057055312362424490114 0.97863286786668879369
-6.022426580329601542 0.16683642234716569708 -2.6943873803987092863 -0.95441022070152436996 -0.0047855343834622013702 -0.29845976157795722772 0.24179836960074468921 0.57389092728307766755 -0.78242108358647266542 0.17502765232655354 -0.81891776280818973088 -0.54657023215517308579
1.9685946989291589482 4.3037827425831878259 0.65802416992740175861 -0.71724714998930694243 0.003733818907810985098 0.69680885788614410625 0.011992671930338226483 -0.99977138735446879902 0.017701662274801941571 0.69671565337108043448 0.021053066847455961796 0.71703839975559990894
3.2594203362016469505 -6.6998485849180831053 -1.50809040008108175 -0.99407760583915394381 -0.00226539623982728415 0.10864889115414075316 -0.019998234687303176327 0.98652179429764541574 -0.16240326346818312331 -0.10681659130741348596 -0.16361423335275221413 -0.98072452730916648278
5.0420918951907838235 6.8961857258679915006 6.0891159462660091606 0.99988517763012596529 -0.0082908048882125683077 0.012684404192250734247 -0.0089342568810093191123 0.35356556043824888258 0.93536707956070719305 -0.012239714432598651841 -0.93537300422147851009 0.35345089102210364151
3.1606435959941294733 -3.3595005282856984508 -4.3621050669199732397 -0.78326909529264154841 -0.0048708084563241311679 0.62166373513697459341 -0.61541389781533883951 0.14772473032783378644 -0.77423713319967035762 -0.088063946852071195437 -0.98901652123439987019 -0.11870577909376718584
3.0481863930003765262 1.6882911054156437558 4.7996372709969552517 0.99552012143998835914 0.0024886726904938902966 0.094517164136010328734 0.067891509592720097888 -0.71456635343405294769 -0.69626551649879298012 0.065806008337312080214 0.69956324449497619966 -0.71153414269340908849
-6.8162690070494411643 2.9808387142373340417 -3.2395804306393491956 -0.91142323762437416068 0.0013311673096708317998 0.41146799378790366308 0.16813376230563831237 0.91390594515562628697 0.36946848496466139222 -0.37555122139491775579 0.40592382463061826847 -0.8331789295859037825
-5.9410324818611881525 -6.786672628232920168 -6.0114497642940527555 -0.74311038604364354487 0.0033692366877785704868 -0.66916037121029348089 0.60898466520610816666 0.41787348283336472887 -0.67418056178490770591 0.27735290100870668706 -0.90849898216176538934 -0.31257793862197241763
7.3261291394302441304 6.1215939472528200227 6.5535486568466447821 0.82440684452380119662 -0.0026586017281416572319 0.56599141913920547609 0.18038050068424510419 0.94908104996967868061 -0.25827898784309777369 -0.53648506938708218073 0.31502078094191993118 0.78290847351373338281
-0.58517517510806249526 0.82879958536124409552 3.4434847858110622099 0.98842673052222784769 0.010493976885631261381 -0.15133563637913138855 0.049856787410451783304 0.91971517343877307038 0.3894076276800483849 0.1432721157038888693 -0.39244601691879782424 0.90854786591923197836
2.9442621974525344797 -3.75212735103028594 -2.5392347900007936623 -0.76787280221399367708 -0.014190706203579553368 0.64044514478418290704 0.45978707336812463247 0.68392968780349927549 0.56642389542156978965 -0.44605740301408042248 0.72940990259142457486 -0.51864630261657174159
4.4736255876207255966 -3.2349998650932727529 -6.1272863122903329369 0.8596867613839549449 0.01655486406453129597 -0.51055323794583373775 0.34790098979554456848 -0.75081648465641726009 0.56146193786175824236 -0.37403686128574342717 -0.66030337182531217977 -0.6512264456819151226
5.908291822647126601 2.0162445197434082367 0.68719383313483350939 0.99995542361223654915 0.0029005767959074252316 0.0089854016310746999407 -0.0069337619174955344992 -0.42035906648508741812 0.9073313497115553794 0.0064088793007714417449 -0.90735320679323594462 -0.42032021648748457698
7.1977092760130121363 -0.73490605903867378679 -4.9407511632614076191 -0.9345355605626278761 0.0076355663627923637399 -0.35578783589416351774 -0.21951622718488855712 -0.7992726464001697062 0.55944245702217654248 -0.28009982514539133458 0.60092007358955212837 0.74862484136630869092
-5.1516089700450704569 -7.1440426275590720451 -6.520647239752793034 -0.62764788418784922541 0.010392469808134064541 -0.77842798642248856034 -0.037993474453182303485 0.99831048158549551275 0.043962236699336451617 0.77756969422261035252 0.057167988664279918709 -0.6261926154934930322
0.14079002256011161065 4.9987515554787549377 -6.89519988780794435 -0.9998649777345538503 -0.0094047637814796674477 -0.013475040563356827095 -0.013116479640256736849 -0.037198774507852382099 0.99922180177225317088 -0.0098987000063752213913 0.99926362967605097953 0.037070394452403759855
-4.9869981955098934279 -5.3734074922517898187 -2.1779193660628703988 -0.85428271439057257286 -0.01434549247479926376 0.51961067227223922682 -0.46664211190167903531 -0.4192358921576353481 -0.77877237118861875054 0.22901131695510648645 -0.90776399662714946093 0.35145176501760772014
7.0597732692996562065 -5.6474260171925845242 7.3735078089610839314 0.93220129652643590745 -0.0057986286134367251432 0.36189379472529581427 0.26386894974714369955 -0.67349511752978663548 -0.69049077041115913822 0.24773760335038547131 0.73916892695091851451 -0.62630294372326145158
-4.1358606634401535729 1.0486481698642129423 3.4737180755753458428 0.74223380564510788027 0.0009097187831011988024 -0.67014039586447060604 -0.61867120960466470692 0.38526037065900364809 -0.6847045941178582229 0.25755564867417063413 0.92280746594912155256 0.28651608789841032099
3.2777203924300750693 1.5643182801182897723 -5.9101659844703799962 -0.96515661282071207872 -0.0035379958713226472219 0.26164899257133833466 0.16702380865899427165 0.76139426776054897061 0.6264038763947855637 -0.20143425743759876823 0.64827945486997606839 -0.73427378294741740827
4.8810615131871628591 2.2061319318114014365 5.9461300408023687325 -0.79812112974847804203 0.004632166389312987291 0.60247921564440587439 -0.49956870093147232037 -0.56407714294331012805 -0.65745577026787938024 0.33679931012194463946 -0.82570910122355378746 0.45251597193682935316
-2.3750151897171569715 2.8492830551426671093 -1.4414736792229261297 0.99996599579374123579 0.0031171347197596348429 -0.0076348364365683828864 0.0082092474104845675892 -0.28818359642539564947 0.95753998507021675923 0.0007845465106105730356 -0.95757010094430217162 -0.28819938630109048772
-6.3064518478365023668 -3.1575153092510164221 -6.477443249922393953 0.96338940382962889863 0.0082022479736587206728 -0.26798055846854756945 0.17639148816532096431 0.7333471247172584917 0.65657294916246855543 0.2019081461748721551 -0.67980491157190381379 0.70505204255509745792
