1125 14.717824617146108679 14.977075390850430381 15.033177056927090831
5.1724692258863829153 6.2239414449612304736 2.0206404567649487447 0.78802914193708906154 -0.0020692585517439491746 -0.61563446104560903827 0.38283830453613010292 0.78477408610922261278 0.48740585383376144879 0.48212540281320437341 -0.61977847005236774702 0.61921704112670994391
-0.16309168731877593528 1.9808447709464662712 -3.3862820759288583261 -0.97981097915881620875 -0.0016653596369283997156 -0.1999191629061207176 0.18433957878866225055 -0.39460994364445017846 -0.90016771330064548895 -0.077390986631631714099 -0.91884722285824094179 0.38695014696207125082
-1.8829967697069320831 6.6525011123416648573 -7.3630398080689909435 0.9523851708499659896 0.0080499058104626184523 -0.30479121601749759041 0.29778664035747082206 0.19007662720272619494 0.93551803436161706795 0.065464518402255991725 -0.98173625521710561337 0.17862900666654527027
3.3450074972015850783 2.2936554228730172689 5.3025893460056980899 -0.92997817311877739588 0.0072134327728773008775 -0.36754396187436388921 -0.36759480518107573443 -0.028659472596541061412 0.92954434742747049647 -0.0038284104438163100645 0.99956320511417706687 0.029304304382800724915
-2.4876592133063923917 -0.99802020115673062417 -0.23179066958723226755 -0.9809788340548447616 -7.5576016990451522215e-05 0.19411471202542462944 -0.1250995754355989642 -0.76439009542396163521 -0.63250128714782016814 0.14842716517635459739 -0.64475404326464202942 0.74984105004435908093
-6.2583342962296466538 -6.0205770909277287473 -1.8588715319743662757 0.97737862752073290107 -0.0024828918779327881911 0.21148251396665213031 0.2112151215188434461 -0.040157604073775957088 -0.97661432473459408588 0.01091745883918123633 0.9991902732127521114 -0.038724759644428639882
-6.0236551910963331835 -0.37828580987694915283 -1.4762712116008058771 0.96914666359239831639 0.002279703646369574295 -0.24647423272826471385 -0.17007223412480113045 -0.71760241668881930011 -0.67536820086692572751 -0.17841014440747809955 0.69644926198093992653 -0.69507427362753393396
-4.033825219946470142 -4.8033304300486507898 -7.2909131207107495953 -0.9635628267852786033 0.014302511634034734828 0.2670994515132260605 0.23227841540578667012 -0.45043326429723834492 0.86206531779857542563 0.1326401770742147157 0.89269553184463479312 0.43069858468564153897
-0.92398736500866851529 2.7827823035527630147 0.98594726301824608949 0.96277669338108118335 -0.013805490319569013735 0.26994526689549708243 -0.23952765977592707647 0.41919623516016912834 0.87572884880531320917 -0.12524990572663083355 -0.90779068339817869937 0.40028556837698031634
-4.3720286886865515896 6.5265082675531740364 -1.6671340473671398819 -0.98396776125551543846 0.0017435190041821600586 0.17833789544363040647 -0.032602430700061843516 0.9813439591805296347 -0.18947589633620678939 -0.17534117121272843609 -0.19225242240721768239 -0.96555397557900379812
-1.8163406768696417348 3.9039146348776476714 -5.4542047239219861865 -0.92847019003366615397 -0.010971702465703718488 0.37124483560568011242 -0.36586380694624115462 0.19906709605261985185 -0.90912923505741327634 -0.063927935878640013145 -0.97992444250268906369 -0.18884201333421943292
5.09692470076005133 3.912404457007967018 -0.38310449243749788995 0.99270555992029152481 0.0087252064453988142922 -0.12024783605458343183 0.086915911470483761536 0.63941856027847843169 0.76393031691677115713 0.083554147931594685561 -0.76880932326797690735 0.63399600063367456126
4.2935257628189154033 4.3231851263691511988 0.6021545890475459295 -0.98506587000737044768 0.0067582941353011034141 0.17204521849512774412 -0.1200707081851273561 -0.74312862156171155537 -0.65828783738719542917 0.12340282323583103008 -0.66911447247561939289 0.7328421152889748047
-6.917877208601885819 5.8682000833639191839 -6.9832196808311142178 0.99880206439766694437 0.0134471735605169989 -0.047049013574542025706 -0.0099189461204297699887 -0.88590015317054660038 -0.46376991398800071487 -0.047917122857775745759 0.46368102412742789875 -0.88470552004681624059
-1.0470726238635672534 -2.1854102201359637547 -3.4282682398183186301 0.95050297787936843807 -0.013187835013527066802 -0.31043545230867947149 0.28025287011803379222 -0.39504326801725903051 0.8748709305862116814 -0.13417308907919581196 -0.91856785127820284043 -0.37179387402841640453
-5.574810200247553027 4.7450843225915715351 5.9146657154312825 0.74832898822676452433 0.0023023024072955267268 -0.66332377070565584631 -0.51939164440896534725 -0.61997283303404215893 -0.58810373746287636365 -0.41259670999368008859 0.78461989887029903734 -0.46274784623913689519
0.11349595625127233134 -2.2192407309933259718 6.9562169027161075974 0.18342060449819322376 0.0034577009313987725272 0.98302844625666829792 0.53828354018534907421 -0.83710576193308650073 -0.097492428957092341912 0.82256167684322223366 0.54703015240724472967 -0.15540366838095590052
-4.0920759924293124143 -5.0373746924955007387 5.0368871837616460141 -0.7464546490220804742 0.0069992793565756749805 0.66539947929180387476 0.45640102827837625288 -0.72230126231839297812 0.51959502291677994723 0.48425567455610984968 0.69154312702968567805 0.53597065695649881434
2.5591265971205627849 -6.1381936721964365233 5.5559953087642490743 -0.85173120499792265292 0.0041626522281598826725 -0.52396242876664900212 0.21545636839140888674 0.91430194226610683739 -0.34297304804906003639 0.47763218877318125433 -0.40501188957225608966 -0.77963636495026644724
-3.4090485005834127996 4.5174124405275408733 -5.2911937027628290764 0.81920204185701039901 0.0010589094019751604282 -0.57350404822290601548 -0.38761117717449339315 0.73804774418984564477 -0.55230707276437862596 0.42268852592262629031 0.67474766098679506143 0.60502066414835187214
-5.3296784049431451535 -4.8377505622978791422 -2.200585770488346693 0.7174318518350190077 -0.0028647771000841282599 -0.69662280397985476554 -0.64360573351928485053 0.37993799954882800929 -0.66439354021538099548 0.26657681398364374559 0.92500751864564678684 0.27073583563194192347
-6.3464851060421763052 7.1993913784711605075 5.1519442827232300175 -0.93608433312855865438 0.009469466050707931945 0.35164819135559488572 0.099214074074529326475 -0.95194865778573789505 0.28974181687405259344 0.33749472407214547998 0.30611122513332267303 0.89016472018989378778
3.9605898581844019013 -2.5508553314365367548 -1.2680826262702225016 0.89099019629529196962 -0.0072410037905357767934 -0.45396479816154960973 0.35319188008006197066 -0.6172328488332547991 0.70304986037032846102 -0.28529277234315963963 -0.78674721364954436353 -0.54739095339936039153
1.7463407121962808422 5.8528858206692735422 -5.2821990316302143142 -0.91373727588100450703 -0.0037852613774415344583 -0.40628790587706720139 -0.174626800969760132 -0.89923015558171925932 0.40111171470742412737 -0.36686464949453145845 0.43745948279670310299 0.82099910466611525361
-3.2836960347267063476 -2.1990348137928217298 -1.9519784315189214752 -0.97959897671722939716 0.0040451716625832254484 0.20092158022647349513 -0.16324962154911154544 -0.59908459650783896233 -0.78386683007452873095 0.1171981479314331831 -0.80067551655664226384 0.58752303044927300935
-0.84075843339633238305 5.4132510764942756154 2.7587630184822016233 -0.78850352496003239811 -0.0080702387323631635807 0.61497728606208867941 -0.20766879345132036039 -0.93769489995869337307 -0.2785712598563140352 0.5789092013018697358 -0.3473660113457766041 0.73769979721406786499
-2.7175564667865002022 7.3812298963087537018 -5.9623496415342520649 0.96823723362125402314 0.0042271194360768669929 -0.24999758177009637206 -0.051431240009978576588 -0.97510863758319221706 -0.2156802551504995169 -0.24468650755742152314 0.22168733922357070076 -0.94391908373935362597
-1.8338485385329865718 -5.8190993575497644841 -3.7349930653120471113 -0.93128957836738757159 -0.0062696523256854791439 0.36422577158117286356 0.098076146391642221589 0.95861699607972306048 0.26727237855049490456 -0.35082871993778075304 0.28462984082276809872 -0.89213511475570816955
-6.6593897329253959327 3.070313118887546544 6.3846194990056792662 0.38434347637691829158 -0.0079217356964874086067 0.92315618303200008832 0.41932032161035520668 -0.88936492045576731602 -0.1822100604995388895 0.82246614523095473714 0.45712939564882887344 -0.33849986053566177846
0.70948237009113468421 -7.4316059654067938567 -2.8529475669912187641 -0.99997889154979813231 0.0040767008448345347371 0.0050593443245195851565 -0.005469549800437385409 -0.94847851118292514361 -0.31679425160359275804 0.003507203979288327049 -0.31681523690371959923 0.94848078798991053429
6.9270029728039235195 6.0354735613650740689 1.1551277414591065718 0.63233399554852143254 0.0041382461570975657972 0.7746848346213454084 0.59778280946047479549 -0.63866237951585458354 -0.48452665324488564114 0.49275696929330298213 0.76947595148245129248 -0.40632170665975425594
1.7196274366321804283 7.1305862289554067246 -1.4919614472158906349 0.86234177672961287442 0.0041321789540915655412 0.50630977198164051067 0.49149991980175944395 -0.24704912695173275594 -0.83510152538917992171 0.12163259818746617602 0.96899414547744133763 -0.21507174869953804563
5.1633156680268355032 -6.3364257798320053894 -5.6177486975118338108 0.97435324413573420888 0.0051032660353393984737 0.22496602480818828074 0.21494152309821382141 0.27479663283786165406 -0.93716964965217153249 -0.06660253216271254384 0.96148882846181371598 0.26665208690870267905
6.1806141074349314479 -1.9784717242397324988 -1.4477475345161303633 0.90897941874791476913 0.0048966305262564575884 0.41681223506788855904 -0.064862848912358869735 -0.9860895607875699298 0.15303656078446020716 0.41176355730416414058 -0.16614271309706116209 -0.89601750639203459059
4.8806165995203363295 2.9564862925148918116 -3.6986505385196215556 0.93004472332593124406 -0.004924504765174182383 0.36741333926031699564 -0.11494315690156634013 0.94582930994035840921 0.30363627441274404495 -0.34900556341566052465 -0.32462696393025747277 0.87909752075318614573
2.2941027915640996859 -7.2997671758434155009 -3.7234173551992308937 -0.98022338147588472523 0.0042022123984174486466 -0.1978495989855536541 0.037997070400277659086 -0.97717571055725527263 -0.2090068260556879054 -0.19421211354798550985 -0.21239108292917777132 0.9576908075382563057
2.2210102089760410671 -4.4910306288214574266 3.643252260841047363 0.77534777609038130208 -0.0080098170066837896114 0.63148370441621892724 0.56906953724518982707 0.44245801796701783593 -0.69310227536496737955 -0.27385340584189904467 0.89675344725743100227 0.34761698310155508818
6.841417189062622306 -7.0962119649946906463 -6.1003209915161473731 -0.99296240773343946717 0.0084120556584900280095 -0.1181308348728804386 -0.080572234846370938133 -0.77903275365030777433 0.62178459591079071611 -0.086797302953636079614 0.62692679481714419509 0.77422801689184617135
-4.6121463142495331411 7.1183513352356309056 -2.6242400060429691422 -0.96141021739020449122 0.0020857305960142796461 0.2751109660220281139 0.11414528123387435166 0.91286743723671504025 0.39197435733102875544 -0.25032228959830643555 0.40825077067998821745 -0.87787815758755605167
-0.14747881491559999834 0.93992391624732829492 -3.2550076900213045228 -0.92562749037551628195 -0.01859827413960245604 0.3779786412752885183 0.22559845343678688878 0.77479675892168875517 0.59058896042113673275 -0.30384056159150468757 0.63193677418191362971 -0.71297743762925425148
6.4474317194140375875 -2.1027482907966348336 -7.1281805058245986118 0.94698769665855064837 0.0066714454155488347314 -0.32120055135924874268 -0.18014782819140678916 -0.81678863656023126261 -0.54809039690896810271 -0.26600951557285057447 0.57689844427074454813 -0.77228694319052881845
5.6649987748614485383 7.0192027394722833478 -1.8933927823469223206 0.91749624329684531521 0.0013061030755679558374 -0.3977423005300083636 -0.3517551285880685108 0.4694396181785731037 -0.80987330762061138234 0.1856582156763500191 0.88296361135620315963 0.43116851458889471349
3.7516009639881353621 -3.7964776703190024065 -3.9401107304182740876 -0.9996045653376205431 -0.0024058114785868636026 0.028016513476049841741 -0.0042157855040988040374 -0.97225059572250860374 -0.23390383979255299773 0.027801800459857826942 -0.23392945771802875488 0.97185599175137771244
-0.37405796396821827665 5.0206203461990330794 -3.2617537001495202631 -0.73688946375709074577 0.0073294212208558744137 -0.67597351855560583456 -0.20858007318894403181 0.94868894713237783556 0.23766285923006782999 0.64303053681167787747 0.31612586286710897543 -0.69755011830990099053
0.60690174538244789915 -4.4643986042474708142 -0.76295636377754794122 0.97058647252892593649 -0.01102768837670710031 -0.24050008198109384949 -0.16303687094466823293 0.70492355497965752953 -0.6902910692942085813 0.17714648756440129485 0.70919755479260182529 0.68239134682364033235
-4.443647669990987481 -0.068125057623733997758 -1.3938926698551867833 0.18047204007162592765 0.0016867611717759879112 -0.98357866873436095023 -0.81161530689188687848 0.56514719291591974937 -0.14795014010828047568 0.5556171670954791475 0.82498836669134834043 0.10336226803229095483
-7.131297200600649866 -2.3065974262957036345 2.368134085401309985 -0.51049347472531547698 0.0032874418427856037794 -0.85987534270321286378 0.72458451432494808131 0.54009276511979154023 -0.42810873229325729916 0.46300506893912107831 -0.84159907188122651256 -0.27809586179101630776
-3.6935762250276935603 2.6069498082733630895 1.3643128568620273011 -0.95848249772777605049 0.0014230223675112093143 0.28514781527631138935 0.28018231792401049329 0.1905693844834802364 0.94084067642732560621 -0.053001606317170726901 0.98167269734107698298 -0.18305612533557411026
-3.6455516412978927754 -2.5996710069588475633 2.6801497809589802657 0.97369451150701546993 0.0020556105179457512082 0.22784813522711944156 -0.22281234949335351758 -0.20066804213301736581 0.95398479745738073987 0.047682860383271921667 -0.97965713968301515457 -0.19493135585059251369
3.468668928467386614 1.7553015769168063276 3.3472060358709820882 0.98533097949054848641 0.002503349560723400636 0.17063585232065220376 -0.1646197115708258607 -0.24960343023848982624 0.95425283765652457735 0.044980122482883896917 -0.96834490800234074293 -0.24552989171847341976
-5.235181084120472228 -2.8351951780602289155 -4.3596665986006648552 -0.92029264071210270526 -0.014623508933167640722 0.3909572974602256723 0.071506844164736294012 0.97618066503733136319 0.20483671654493809666 -0.38464038619015422649 0.21646584532850363103 -0.89732620106499172419
-1.5446720653189787154 -4.9610100391107652129 7.4377513163241273375 -0.85494923688744539625 0.0034235194565357717281 0.51870037773295896155 -0.38456824304025111205 -0.67524198102961807688 -0.62940887624835584191 0.34809347708719329262 -0.73758833136773505057 0.57861419325796625834
-2.6572208646866242177 -3.0905926791860296454 -3.8720881606516552864 -0.99984553741288917372 -0.0026639205805983464867 -0.017372531269851426011 -0.017447034656937341485 0.26977044433331337503 0.96276659079239590433 0.002121861744324175271 0.96292097852908919986 -0.2697752524071991842
-1.5047325051712256982 -2.5743366672651957217 5.3377144468527548682 -0.89047372402674618286 -0.0037847125066284297186 0.45501892572623509059 -0.43075128632609543944 0.32931055236410655684 -0.84024275624981015209 -0.14666245649897591274 -0.94421408380351568024 -0.29487266370560549777
-4.8470901395041963156 -1.2767239448571623406 -1.3899721610498445568 -0.85609823268428686394 -0.010595904088673117199 0.51670450241061549601 0.14871040853510228419 -0.96255626498088275866 0.22665094559578280453 0.49495558425800895153 0.27087481160618465115 0.82561843853506455826
-3.3781149659943250363 -3.5717074513246900302 3.1302489127257402401 -0.78128432032469419255 0.0054911998569451558883 -0.62415114959343054313 -0.55022513517884208412 -0.47818110459932644529 0.68454008781189967792 -0.29469833971732561917 0.87824408789826857724 0.37661679548261733919
-4.9486993923551345631 7.0650226960885929017 2.5043515216559817382 0.99974690101816754417 0.00066504447583600346389 -0.022487588140252146029 -0.013913097321040181556 0.80377259575154336169 -0.59477394028457652997 0.01767935596831589351 0.59493627560821937816 0.80357841455452727608
-3.7565656377947762579 -3.2950437361235320743 -2.1115937443224188641 -0.97824632994794002983 0.0050568155708372889909 -0.20738502009478659849 -0.0004429911605781896352 0.99964964828603009028 0.026464777356645655809 0.20744618989574184487 0.025980941052749062514 -0.97790135954484880276
-0.15652753163531263336 2.5050634518555301433 5.824825003439139337 0.99815513807174705008 -0.00072654437365047641953 0.060710727834878734643 -0.040305239247231401667 -0.75574816045423554023 0.65362084243028406583 0.045407136335514505787 -0.65486196263286311492 -0.75438319299057454703
6.4821457287722319407 -0.67879538221896495997 -1.1465821463538885538 0.83614129061252917552 0.0039471123745983497516 -0.54849992017919835252 0.30043012112136502356 -0.83993800877476310074 0.45193570752747114216 -0.45892208974473935879 -0.54266800322046682137 -0.70349268214028848334
-0.043383805169059763696 -1.1529100902195461575 7.1935447332297037804 0.90542633166547514811 0.0089536322216081012243 0.42440898953336519961 -0.13180671925294473734 0.95629276932576556813 0.26101940175955856693 -0.40352217620161834333 -0.29227379596051955568 0.86703280301745722092
3.3527545930790854101 2.7566462075510713703 2.7547156953723721529 -0.98388013190408207809 -0.016562766703745880614 -0.17806055375471274704 0.051614723751770577587 0.92702567099508670356 -0.37142876249437045688 0.17121859226249538932 -0.37463192612906948131 -0.91122725682919147872
-0.46176123631151999582 -1.2167937477242363187 2.6346520799037844718 0.98452479126501135642 0.0011625883097386765369 0.17524150128643811719 0.14842388630139435879 0.52613062665155385655 -0.83735112926095078834 -0.093173415521197219813 0.85040297041329571126 0.51781608950710578121
-3.2862913587951130268 5.1981479791345135411 -3.5307268265075135716 0.99478774873081354801 -0.00081373510679007342132 0.10196407607732838052 -0.099263661864939067847 0.2210152144318948686 0.97020564852136659262 -0.023325102535604932269 -0.97527002046850308492 0.21978245327351642047
1.4583478639788443054 6.0618208661251626879 -6.4673291238549710513 -0.99883306417037387437 -0.0068889816636715402176 -0.047802215970375754039 0.04560300910051649087 0.19136551780168664649 -0.98045887428155753529 0.015902059018225379178 -0.98149466658158557308 -0.1908280482288548241
-4.4911906337048721483 -0.94585026577647379753 -3.9161486354269552379 0.95337055781003310351 -0.0047928025226448046914 -0.30176416047150977917 0.00163300352284813724 0.99994117902639811923 -0.010722489777288539067 0.30179780118582311133 0.009729724122925442753 0.95332230628893765978
-4.6346030031281513217 -1.6214514733708778049 6.3866038710710322235 0.99899996617596398263 0.0041173493921963909975 0.044520950287466679041 0.044216873521810182157 -0.23859968142125792534 -0.97011084939894109969 0.0066283992390106074091 0.97110928296439769092 -0.23854312998673013468
-4.1449168668372831092 4.6658839647828100894 -2.635898486137353558 0.83172064017059144092 -0.014527164841920209293 0.55500426862862017874 -0.28979082149493945453 0.84131685023440072602 0.45629731238419335426 -0.47356314942314275962 -0.54034703570333897371 0.6955307502296598221
0.59223482795652504507 -6.3353481246702223473 -4.5178474840780111776 0.99916746670812939257 0.0066406851994216149759 -0.04025263683465012815 0.020753183866532295271 -0.93219748278566794131 0.36135461592112522178 -0.035123764483017821947 -0.36188914654658027592 -0.93155921270743358154
-1.6836013327403838158 -6.7496644172051265542 -4.8555467027548413483 0.72024456905594091971 0.012206144882841711563 0.69361283925000205564 -0.61007216906504702081 -0.46482631701295878957 0.64167627628304868548 0.33024189509764118045 -0.88531774241749983112 -0.32734200109824135305
-1.302315838220089006 -3.4846355009476304154 -5.8774142832575400064 0.99919585546144307209 0.0024251299043756150212 -0.040022008614304091512 0.0021207876627039657681 0.99357525247763844867 0.1131535236912698944 0.040039289307711715959 -0.11314741008530210253 0.99277113117910487095
5.9016565290837581514 -7.2898903366732401565 -7.25234588041188033 0.99927021542325489278 0.013716780871868254274 0.035649494953412977361 -0.007634647399783429933 0.98618841292049008729 -0.16545128098775102599 -0.037426577815757124112 0.16505836587072333921 0.98557343061244084836
1.1784485041021519613 -3.0846639712591787941 7.208132115062395151 0.99085023526831939034 0.0038020266896344168638 -0.13491240069618418151 0.074495167220168759248 -0.84894928111225320677 0.5231974657428837272 -0.11254457485546785767 -0.52846065387311602635 -0.84146482753505058572
-0.75579673027782645622 -4.4391821122488179796 4.5709272548035730921 0.99223155643677207749 -0.0062827311288668743691 -0.12424598867013264547 0.05479555818356411645 0.91869721052899977476 0.39114304566182950262 0.11168699662181258425 -0.394912601287654208 0.91190462885641165869
2.3309027278476648348 -6.2812181415439409804 -3.3211611308137398701 -0.96271963505695745678 -0.0019299982199950194237 0.27049432412292079286 -0.007170618819824950245 -0.99944105420815854135 -0.032652126870416464666 0.2704061510054479589 -0.033374455355783531896 0.96216768768664895362
2.8354524656578203867 1.0760737116035081762 -6.3401877372567412294 -0.86705142369689880422 0.0017649928458881823656 -0.49821552912911626354 0.4615246439209483853 -0.37381714367067520044 -0.80452206069890708218 -0.1876614817128858248 -0.927500742801850242 0.32330409892730510579
4.6113516855889189472 -2.7718059230083738065 -6.4897517518599858732 0.66534842730723064985 -0.0063475482920009821536 0.74650598049212946172 0.12639213367196092119 0.98648579856737106386 -0.10426311798005946652 -0.73575573312453368402 0.16372378524742092765 0.65715905480987113485
3.424391785341503347 -5.5313851258072510575 -5.6534938167094335171 0.97972911258817174662 0.0038328885686552882292 0.20029022670241372617 0.12294456575427907541 0.77787507936471522729 -0.61627509657192158787 -0.15816288976486064799 0.62840724842144624063 0.76163562838978238201
6.2085337463917769085 -0.082650956820859780572 -6.8685556475389413222 0.98884779638017938908 -0.006133915683242267651 0.14880326163276147433 -0.081227002384179319838 -0.85967418394264505377 0.50434360464496352794 0.12482872136591981194 -0.51080590495895572545 -0.85058516198035516442
-1.5191602581269287864 2.7053757254565149459 -2.4037597632560498973 0.91977014312998017775 0.0010174738381135040206 -0.39245617405461702409 0.186269616038296143 0.87905409579265281206 0.43882516656532183363 0.34543670034831164273 -0.47672094711386869825 0.80833818704508630937
-1.9423608946242343354 -1.8255204270123781551 3.3124154904049221138 -0.96199811163193249541 -0.0096595657561538220137 -0.27288518832269942349 -0.26012390210666197499 0.33633265217575653017 0.90510546492286303444 0.083037273373382861075 0.94169370809716290704 -0.32606406021044304078
1.636284844173431674 -0.94951873230984928931 -2.6540564413199008165 0.89277754149080701396 0.0048059050185859410187 -0.45047215750430591452 0.39861698244236892785 -0.47430208074766982973 0.78494715586906449456 -0.20988750014742865724 -0.8803490441156117674 -0.42536196093032779819
4.9028812342618399711 6.5173033661092301116 7.4032693141356391564 -0.98365735055145508969 0.013358602216394031836 -0.17955434958002028378 0.10161550831619334256 -0.78205688331459077833 -0.61486691220943212599 -0.14863547751436478883 -0.62306386430857252368 0.76791856066706576378
0.76722530540980382607 2.0803842229971145628 2.4121884812153195909 -0.69007233168717796445 0.0062112852056489470734 -0.72371375347983146753 -0.062937777764398752933 -0.99668997484335608572 0.051458042877585943864 -0.72099862216920174163 0.081058707014152520109 0.6881790993973561088
5.2425604390539612965 3.1022280796210344178 -1.3531609069379129107 -0.93800866065555910112 -0.011997704011264296448 0.34640411030112305824 -0.14131264481594074667 0.92580732285715305885 -0.35058741757098571545 -0.31649721791853213659 -0.37780531500027614289 -0.87011071422396490949
1.7356191889318199895 -0.090571202949642978797 -1.8729429264907906383 0.97723136479336303317 0.012035012585655148823 -0.21183488413403625539 -0.0094641439464558854006 0.99986879810470019603 0.013145971095277408577 0.21196530292331502987 -0.010841819438645667467 0.97721705127779867617
6.7044625034011966491 -2.5859108552244549628 -5.9053427319737972212 0.48617436851560141831 0.0054739657821418381822 -0.87384467675738664028 0.81873523349421450934 0.34669405743403725051 0.45768531544629142971 0.30546211030784831131 -0.93796229467849889794 0.16407203578829968049
-2.2938520903651187233 -6.7639040090494635393 -6.6769943424119713171 0.95034485877840635393 0.003375225165991388096 -0.31118042555481073563 0.25365059898248126791 -0.58772130513681897224 0.76827406641389506259 -0.18029426787675659205 -0.80905641048286680572 -0.5593940486164069581
-5.1468454080164116604 -5.6876037717983622954 7.2535003225981711239 0.16238013848239726822 -0.0017225221770604255515 -0.98672677248759876889 -0.98375809556673099454 -0.077814417690289600094 -0.16175575973146691378 -0.076502941337180691006 0.99696637321269654386 -0.014330061057007655381
1.5769146993628357922 -4.2630858789618697458 -2.4306587213358703536 0.78632917562648307896 0.012576179738553017184 0.61767974490171095869 -0.35710484500032135813 0.82510610443909804257 0.43780822981582617759 -0.5041453731176763764 -0.56483781399660015765 0.65329601762422362388
0.54071157404283409775 -4.1175663489907581294 7.1967650827364728627 0.97288731831523012072 -0.00072952445165521805776 0.23127847642081111879 -0.18130275066822224006 0.61846389040787774771 0.76461214276376865406 -0.14359518954892311338 -0.78581288107010216493 0.60156341102386801101
-3.8181975818838140846 2.0911207392966932872 -4.6979341026381034041 0.9935174231764919428 -0.0040603363222212239883 0.11360740958947590507 0.023651533528505866433 0.98487623760774289927 -0.17163741304696872314 -0.11119233249837932875 0.17321174978810360834 0.97858773491649686527
0.12713727073035924198 -4.0450033821779936005 2.5447801508952196947 0.77767048890350198853 -0.0023790046430873404253 0.62866759978969655176 -0.61812800641347198649 -0.1852728763631494302 0.76393175675025215554 0.1146576572930557425 -0.98268423291566342481 -0.14555177773917812867
-7.1145323580410400055 6.1786092141729795912 0.031259709167353239012 -0.92452864761704534047 0.012843581368723416131 -0.38089607789115559333 0.21624666554200422386 -0.80528977429264281263 -0.55203782394110512133 -0.31382185930428124765 -0.59274228956373919974 0.74173608432203463892
2.2185509304301058719 3.9330522204404907427 -0.22476654049934213786 -0.99645082548810592904 0.0043888137542695548898 -0.084062421437582884876 0.025312073683292479059 -0.9367990386182167839 -0.34895108564066712464 -0.080281076910906454258 -0.34984039154703716612 0.93336308537046930311
-1.3572754956864339082 -4.8109409168421244374 -4.3270546078114628941 -0.67477880163324721607 -0.0025612911113808856794 -0.73801558835455627339 0.31783348505828379338 0.90150172967747976838 -0.29372862843856334392 0.66607465395566534117 -0.43276791837716549471 -0.60750019274179367645
4.3485976523385474479 5.7771638384217345319 0.055639791881789621431 -0.9852290886518714208 0.0052064823036973902765 -0.17116230722980207979 0.15941615777978232482 0.39288077090641060352 -0.90566615730665478434 0.062531044393498588785 -0.91957468016142962508 -0.38790756127339748316
3.4736838138403816068 -2.5843359927592830516 2.6310771164795654364 -0.99431207432589752138 0.0071312169475833955476 -0.10626685557886600408 -0.048019123192908241826 -0.92060819964751339217 0.38752381417100351113 -0.095066622205507100851 0.39042244874844789226 0.91571428341799843142
1.5954333853903150953 -1.5360081259785391961 -3.8247070355654466667 0.94838558348419166322 0.00020437848253391198428 -0.31711944637438027605 0.056866862346577590204 0.98368041976988951358 0.17070146961314752732 0.31197907783408185267 -0.17992440076506038826 0.93289670650242784156
2.4511364442346996739 -3.2364070430392537503 5.5403853956750674925 -0.96926811314403604758 0.0047694027194022277361 -0.24596052049035196929 0.050373036763191145204 -0.97477985649598208884 -0.21740926506665991802 -0.24079427320733925999 -0.22311764647212592449 0.94458278293818576099
3.2718789242380408311 2.8768589905657311334 -7.3631480475857422618 0.98781880383022269143 0.0016150502240599435948 -0.15560013628571831013 -0.12627534063887338456 0.59264945749153652432 -0.79550057126413242781 0.090931562979542190917 0.80545888296537693218 0.58563421920716940416
4.4952748572991154674 -3.7056742049919582094 -1.6513812638621021556 -0.99985098739931088652 -0.00092968316363715563372 -0.017237711152439830903 -0.013433849339351310384 0.66901098460281227531 0.74313110160505702062 0.010841341636849459451 0.74325193452150761786 -0.66892378275965280743
5.5774248907481585036 4.4127015273344563084 -2.5474771852469255684 -0.99704041893609240965 0.017170167593845143267 0.074937229415873246596 -0.059880936151325607486 0.43786661935967408077 -0.89704353134965209016 -0.048214899080753770289 -0.89887596975075967354 -0.43554255189510998614
6.0944614814178645901 4.0974550517444328079 7.1966919120188288517 0.74128826765947897215 0.0047419688413232376906 0.67117003654953100167 -0.66467108553144493843 -0.133810948229822535 0.73505576536222660966 0.093295510550141250161 -0.99099553170801712998 -0.096040636429882267344
-5.3928443361233675546 -5.1508956597173307657 4.7350726798893321146 0.68658501697245077899 0.0079257536381809289006 -0.72700632521192731783 -0.34530466350190963665 0.8835208180106282061 -0.31647378012337412656 0.63981692993598560104 0.46832483018846515765 0.60934895552250334383
6.7057740931931517636 -3.7368927415626571609 0.55881335178761237792 0.95678751688180219137 -0.005958819423990836979 -0.29072691655599169902 0.10989297959430249785 -0.91823654176935254334 0.3804802049981409473 -0.26922329129363842259 -0.39598755767139570683 -0.87790242828834130773
-4.7590349246866221478 5.9886281552622167013 4.9054526821533865899 -0.97442495668502249195 -0.0026409729661080807994 0.22469763917567947553 0.13325854668198316988 -0.81192616867682465553 0.56834677473706385342 0.18093690481924298852 0.58375416219463271972 0.79151305396370597034
-3.4481070909305211458 -2.8017873817210929843 1.2490971554530450049 0.98866107951596715608 -0.00019480894877688201966 0.15016401666056536368 -0.14842284348681933359 0.15057905137338908896 0.97739276077670678156 -0.0228019600354000887 -0.98859795232278924182 0.14884273338512604701
-4.0568688529482939131 -5.8286772992652515768 6.4500177322458034368 0.049860564614704824815 -0.00099801803319467686376 0.99875568987427543188 0.96114246119695612158 -0.27180265063408470816 -0.048254413192183695513 0.27151260261834830878 0.96235249418713209035 -0.01259299611564796903
4.5188019856329093571 -0.077883243382591740844 -5.2508562963270177804 -0.53472926191921987815 0.00021758408343427494691 0.84502341334698460873 -0.10104112773877424458 0.99280903768062478409 -0.064194277042428471436 -0.83896084947546056831 -0.11970867703264545523 -0.5308620590044894616
2.7861917459942979747 -3.4088489186136925468 3.4085196279034715161 -0.97581536863533313575 -0.0064793575986991785998 0.21850030723121866005 -0.17085063404665817854 0.64613673224944689899 -0.74385306619235924686 -0.13636138449313595089 -0.76319417002697986785 -0.63161715592286205023
-5.7593684551404571437 -2.3128614194582515218 5.5722680087673071014 0.73142362497303659019 0.0092488141478285802732 -0.68186064578349014909 0.66823895334424932013 -0.20903179709154140475 0.71397647652987783484 -0.13592712041681853652 -0.97786510687392569352 -0.15907121264913806624
-5.945776233380870579 -3.4488567810479047182 -7.109944753669919848 -0.96098843598384153797 0.014182337644541666288 -0.27622470418882760779 0.14400845190914474125 -0.82698552202640807085 -0.5434671214870002709 -0.23614146540584668443 -0.56204431111577468627 0.79268114690480095952
-3.1666175654799255668 5.5276552180846065809 -0.60562773013127335631 0.88326054605426296273 0.0080931082222346559241 -0.46881265915415065715 0.41774397144458397246 -0.46764534437472710104 0.77897227563405824213 -0.21293375050851434671 -0.88387913963630992953 -0.41643352940226507908
-4.0086519455758198305 -3.0875658953986095945 -6.983639830590440134 0.81125574393388166783 -0.0032579370256277787911 0.58468239564813451192 -0.52547987713387478426 0.43443265307970541089 0.73153206947164450824 -0.25638840976495541613 -0.90069842665816779448 0.35072400481537957528
-3.1469849051957816677 -1.5961812131281425398 5.3331211849162860617 -0.98777236864313766596 -0.0024150611958550002173 -0.15588430076328252394 -0.037024195243192621618 -0.96764151874701886946 0.2495978769211110726 -0.15144291568652290536 0.25231737688151217869 0.95572013927306342929
-2.5669296368372451767 4.6842477173120480316 3.5894358959346903681 0.99508797431038631398 -0.005672325883850376331 -0.098831918436996901711 0.094742770560419145576 0.3440147725112843724 0.93417217027724441802 0.028700710956581144961 -0.93894710235083989058 0.34286237498079202846
0.03800210985417605547 -3.1647302913246972977 6.2401484135455955737 0.89505479414762467716 -0.0057693780354151277812 -0.44591886005230929602 0.28158116590138315694 -0.76807296589092588501 0.57513125986784963128 -0.345816371045273796 -0.64033634391987059864 -0.68584284218215330053
-0.4175501672514725926 -0.63605495134508016619 -3.2631301007027184724 -0.9870145491976820562 -0.0095825954686808434424 0.16034479578766319685 -0.079961812651305447242 0.89505909937659189346 -0.43872008973908399598 -0.13931399136339608913 -0.4458445721181557575 -0.88420259517999799659
5.6322623200471308991 1.5138432817820366427 -0.76278163456504288753 0.76147151191640505274 -0.0082716524263564891739 -0.64814559807644456235 -0.62732092244240000856 -0.26113648410254597376 -0.73367308587445612122 -0.16318577390738034372 0.96526644841556752397 -0.20403697399628889508
-6.5703926798016425437 6.2550056988990325735 -2.31222650407584851 -0.99197587233505502002 0.0086962480240984386948 -0.12612788738232705299 0.1260043093934201941 0.14954601269595430013 -0.98069307334198074777 0.010333572446522030358 -0.98871652426616685183 -0.14944180112482458034
4.2281636233529003022 5.658007398503733576 5.2836532374860292194 -0.99320240985659447031 -0.0092837428308684827316 -0.11602924275327546055 0.057607588172349760702 0.82697154092789304514 -0.55928475419968726179 0.10114513749964022804 -0.56216713049976962946 -0.82081531329883106185
5.6535391453797601002 -4.12559595004039803 -6.4154992220659217139 -0.97195952044675060222 -0.0003645390480097703001 -0.23514794858606560823 -0.23429167507453738106 -0.083774479251439493144 0.96855007491450406665 -0.020052471262104017841 0.99648467310714738954 0.081339994214629826597
1.8812378338654642818 0.65384848989159005672 5.9253675428505170331 0.99385937006129565496 -0.0025791361101928436672 -0.11062052521245707704 0.048146870614903920782 -0.89004530423186656307 0.45332244072508937061 -0.099626459293486305246 -0.45586478748837694353 -0.88445568805731633599
-6.1908792588160483916 3.5921475855965261381 -2.9448516884318443054 -0.87556470991635448886 -0.0044654129318699954318 0.48308021987695010102 -0.35694335490082523821 0.67981103101086792773 -0.64066247237370610446 -0.32554243984644054555 -0.73337372614725793163 -0.59681244763792096197
4.9861663793810517831 6.5989779497270779629 -5.1113525299503930199 -0.78143050112007395036 -0.012410927494603211235 -0.62386884903644135303 0.36751297096745955129 -0.8171487134138981645 -0.44407453916739497712 -0.5042822504213659851 -0.57629328387959655178 0.64310610544863078264
-1.9907412086619089564 5.949876964558697523 -6.3784439685749028115 0.98934215807657099884 -0.00600553021530496247 -0.14548549020175477464 0.14538808761862237473 -0.014322760299780690207 0.98927102581444292806 -0.0080248508398874894565 -0.99987938879865556618 -0.013296978031417383548
-1.7282404691336779035 3.3184824500481924225 -7.3297185516778418091 0.9979778557458676147 -0.0009181002406620355832 -0.06355593231814479771 -0.06279310300617883811 -0.169351737487269699 -0.98355325998378606567 -0.0098603070810038204175 0.98555524761530599598 -0.16906693420742072154
5.8506696606671528826 -4.5783368792845795525 -4.730254031113304336 -0.79580274559863684036 0.0071910669471677100134 -0.60551323573804372025 -0.40655225901159736113 -0.74741446073704664865 0.52543970593562105975 -0.44879087645619447633 0.6643191344807206633 0.59771802446669231035
5.3749513954663896698 7.1256713075023743187 -2.7446331488785369324 0.9344272503619642789 0.0049378707143695309972 -0.35611982704399469668 0.35004677266465794583 -0.19711093244652197476 0.91575899518222336759 -0.065673211647653551015 -0.98036875600087869387 -0.18591431232971863952
-5.9768046041402049795 0.63201977134267373071 0.27532594514973274258 0.85305734882694472798 -0.0064062113480633058049 -0.52177784551309835948 -0.2524385004834348023 -0.880196652254574885 -0.40190627866887235209 -0.45669241627804357808 0.47456592146505188756 -0.75247539700517840355
7.0256859129820172782 -2.5594652692228336832 -0.27914592266823468059 0.9716135425140441928 -0.0034895530628122079647 -0.23654798038175103847 0.2267502995346915573 0.29887777354855660228 0.92696082880540076054 0.067464254714671142987 -0.95428502005331605762 0.29118494953842039008
-6.0292461588721399934 -5.8444716228138950953 -4.6853655822847057877 0.99188554782180105018 -0.0087273136492237602529 -0.12683412008861105758 0.013169357802992777765 0.9993273406935763159 0.034226220321040258521 0.1264501009776024254 -0.035618817202080994833 0.99133327989320663143
-2.0588372459930761593 5.2546758533768702648 -2.5971398973535930743 -0.94665629883886925899 0.0060187993529645170132 0.32218880477624800562 0.31528546688238967555 0.22397030929940003885 0.92218890414336751604 -0.066610256278969701138 0.97457738256474923944 -0.21392054401521062856
-3.5437091603632651093 -6.3754371973336647628 -1.7575903772513075118 0.84779171951487752867 0.0063928838747384754762 -0.53029079886214358641 -0.31644466766380302536 -0.79631200924578293687 -0.51550941430593022474 -0.42557252334846717989 0.6048523083915863241 -0.67308373357569806217
0.3032821976129844721 -5.6430348189529944136 6.8477069590882910788 0.99922723343357222614 0.014010265839499061458 -0.036723948805356475267 -0.026323656940491470257 -0.4553075452564596115 -0.88994500072642479527 -0.029189057025427605357 0.89022398961363491399 -0.45458689737636076567
3.0316629279652080875 -1.7191129188080838119 2.0723415476172917238 0.99609117012727288465 -0.0001592927669133961297 0.088330942598916509234 0.088116037090452278835 -0.067944838551576194896 -0.99379025096938644612 0.0061599352328003832008 0.99768906656338141037 -0.06766521748958172211
4.8389786911923584611 -1.707778752693232649 -6.9218048765225921315 0.42273620511562493007 0.0014541273516521487433 -0.90625161318368840924 0.18078330447192558772 -0.98003504851153289135 0.082756875927281273175 -0.8880380046532446725 -0.19881948899107046436 -0.41455917923580476447
2.8898490831243588417 6.8450474448425753238 2.3729280781579471515 -0.99021587589175608102 0.015713202034921932432 0.13865646185337690555 0.0027934222221051782653 0.99567291611358565984 -0.092885095198769987435 -0.13951600597843696883 -0.091588969857761909354 -0.98597502233890754741
-0.56016419030106101573 7.0388018982976392479 0.90032619033297012212 0.99857146088523229821 -0.019965532784076159278 0.049562233668532754138 0.046277943489927017562 -0.14049946267149676649 -0.98899861118981613473 0.026709351394361032644 0.98987942623821445487 -0.13937478989550436403
-7.2873647025765286855 -5.09287995055837861 -2.9131559457977282968 0.7390251022215068577 0.009600483659773525677 0.67360947811033489163 -0.51819355046555215516 -0.63084126998751244297 0.57750734743080545108 0.43048500849918552857 -0.7758525135579390497 -0.46123262532422948379
