1125 14.717824617146108679 14.977075390850430381 15.033177056927090831
-0.95539629387964586371 4.2298850266603675863 7.4500876188951119516 0.98985029983284300581 0.009186191428520087271 -0.1418167754810683856 0.083214171272006087765 0.77147913594892125744 0.6307894613062784428 0.11520323615385993921 -0.63618830284945937503 0.76288443272697914477
-7.2226597062247837044 -5.230165998700959662 -5.9225230318584767275 -0.37315977396841992775 0.01064063310165553472 -0.92770607415224792813 -0.19926770255203657412 -0.97751699507275602308 0.068941330589810292939 -0.90611487451185224185 0.21058798937986653033 0.36689035544358972185
0.21649045784961876149 5.6336782892493415531 -2.8312649763374571066 0.96148930734408544208 -0.0020492273771509665267 -0.27483470037474766468 -0.25382983299652195353 -0.3900952594340163504 -0.88509666390066832342 -0.10539794942905279795 0.92077222440424644212 -0.37559257583437516415
-0.39218056027713610323 5.0251341385960044406 -6.4095738126273111845 -0.99999479614191333354 -0.003054332116227475441 -0.0010386262010170358751 0.0020724494250328817993 -0.36146751869275228763 -0.93238239895623631348 0.0024723758700056124374 -0.9323796994709024899 0.36147196761585204117
-6.6597748224646400317 -0.2771796628395274964 -7.4236521019383072684 0.9495198536563961289 -0.0095534025457192986441 0.31356144535352831193 0.26190297273917073628 0.57434027525306641238 -0.77559015020345012381 -0.17268144191770984364 0.8185609205929958998 0.54784955863369799722
-3.1567387845733083651 -4.3078004344448004304 -0.33646971647103857128 -0.98788391804151898246 0.0060645762440620530273 0.15507606323951558802 0.095216492035613109479 0.81275307674661723123 0.57477496107891934418 -0.1225527809530686657 0.58257673928321029866 -0.8034831415324066306
-1.7422099135194548669 0.91656993542709386258 -2.1661564358146514486 0.9821155082357807542 -0.005134931016256986773 0.18820935408790789856 -0.18077136605344407139 -0.30519111330755022138 0.93497598769872780622 0.052638785110329870676 -0.9522772793895863952 -0.30066117384957774528
6.747122447483250518 7.2039185097759430576 5.224448265364448396 -0.96716327829069448363 -0.0010205881127456615555 -0.25415379502580731641 0.1221717509886991182 -0.87874702503763668648 -0.46138674585200889489 -0.22286600545270704443 -0.47728673183674580338 0.8500165405602208013
4.8981567645651811205 3.0805495206226778393 3.837560041083721174 0.99994288693827304559 -0.0011817073652310274359 0.010621978599265400126 -0.0075010625690129228982 0.63035522406964739073 0.77627058784197555674 -0.0076129443710736509343 -0.77630592877797133244 0.63031035849184435804
3.268986473482974553 -6.51512681547817607 -1.5596586081966155035 -0.99900629354311321073 0.0020092008999135183185 0.044524022426055950841 -0.0309265153307184959 0.68809243931252839221 -0.72496368571852354279 -0.032093240888957319523 -0.72562025748516245649 -0.68734653983019033952
2.1725616431751042512 -6.1054641358490160385 -4.7758325387434918952 -0.97792792613552936842 -0.0029391702178577757201 -0.20892183361892949223 -0.2087876513266476719 0.052235669620450821127 0.9765649755509807628 0.0080428811854651970081 0.99863046022927193235 -0.05169638250886202796
2.252447532941578956 -2.1127105733278792599 3.1322409020721826423 0.84643680411484745196 -0.0047162413701504687924 -0.53246830300703373862 0.52618687832918220604 -0.14598418803700302648 0.83774458274416530035 -0.081682958528711602231 -0.98927568145102495745 -0.12108476524933226015
-6.6132631339680356675 -7.2449171277384216694 2.0090941167901599229 -0.97223491960383934263 -0.0031835402671907750416 -0.23398531187741050674 -0.12321177426030088808 -0.8431133665238155217 0.52342975638823974194 -0.19894250372053859377 0.53772643254758090148 0.81931200647439128559
4.7519037865127335962 -6.2623658532569139723 6.7982456690700407975 0.97521646072359491342 0.0071815046235826299897 -0.22113633967572057792 -0.14063195007229065125 0.79171814104371229792 -0.59447879672975767473 0.17080839953791207564 0.61084434280240129667 0.77310651239902783427
-3.7960036984770151314 -2.4078729570031645046 -3.6612244917836860303 0.89550742318107112716 0.0044817887842816652236 -0.44502400901180061421 -0.42454738140747549924 -0.29138202527429624134 -0.85723744451995653737 -0.13351395420591155583 0.95659627268576352677 -0.25903203492221932303
3.2537812983223002306 3.2321712292592974514 6.0006604432844143915 0.76797321685816999359 -0.0097714466354032903511 -0.64040741486905283786 -0.63155165229122567361 -0.17794228866237768449 -0.75463835868167439269 -0.10658165262728722111 0.98399240888134531513 -0.14282608510693500792
-3.9004094830639037816 -0.98262615160286337357 4.7434353930180952474 -0.049853071953404826111 0.0027318803865706998285 0.9987528263020595265 0.68668079955489957911 0.72624160811396054616 0.032289412610262163694 -0.72524764786901141367 0.68743411573305113205 -0.038081304952987782286
5.1027478571038811239 -1.445984119765425735 3.2039413575604878126 0.99995261023510850773 0.0036432688756877548014 -0.0090279497117821527058 -0.001182884059908332567 -0.87499679586065493009 -0.48412726427976143784 -0.0096632328648094522466 0.48411500062037915448 -0.8749510204034924854
3.2791040036246266176 -5.0983692282385089101 3.3662845835307373399 0.37673426271544407928 -0.0026571378563650972782 0.92631756699016420953 -0.9158993189954115488 -0.15065214486768019331 0.37206500602796477306 0.13856310028314081095 -0.98858326450797939788 -0.059189495476353590209
-5.753780648326391578 6.1926172978779288059 5.9894288821322803074 0.96083480941191934388 -0.0051972918970854429729 0.27707301777529058651 -0.18293569037504986419 0.73912595568165306847 0.64824945416445256541 -0.20816100069228929414 -0.67354718453477591122 0.70922717657765499411
6.7527041330329824476 5.4870122602756321584 6.6605313515600741425 0.59355493504590073339 0.0015563320088363779246 0.80479197120333545445 -0.71847850676227953404 0.45157839303332086844 0.52902324170680159465 -0.36260332927762778388 -0.89223008959354332958 0.26915477484273769848
1.421432801338598173 -2.4011590028177565159 4.9089736968271022732 -0.98908307301346942708 -0.0098588939003006852146 0.14702883012848810829 -0.043047494485963955224 -0.93490573946013999507 -0.3522757038784578576 0.14093114594144184881 -0.3547591584943891041 0.92427504108240021719
-5.4753867795919815009 -2.3646338145785237295 4.1832375705899291773 -0.85993738571329869647 -0.00031190618329020487753 0.51039944687189853223 0.068296752488617828991 0.9909364511125675623 0.11567412612986577303 -0.50580949600823488232 0.13433113031210641708 -0.85212199899838525496
-3.8136944457242591966 2.8710592291861849468 0.80689360058704917567 -0.97699634992571582348 -4.8407098127241452584e-05 -0.21325601958375201006 0.022107453209370259845 -0.99463510372526675596 -0.10105578137836095098 -0.21210703134158834238 -0.10344567702011882304 0.97175593600521648074
4.1683387817245289853 -1.8637281115504171769 0.97886273626435982287 0.91650898570356087447 0.01654136349112348553 -0.39967194349669654674 0.16982074419581252855 0.88854647934753061556 0.42619956461712077411 0.36217702020610131886 -0.45848831755344715555 0.81155176587923871789
-2.4910213766907678412 6.6791330430081679026 3.925247684274390636 0.93680924382353036872 -0.0031903020086562206004 0.34982604628553681803 -0.30590657398794324218 0.47768471215688862452 0.82355235641850210726 -0.16973393496181699014 -0.87852554757651379891 0.44652351962434383426
-7.1044028030975807653 4.5293517853757983005 4.7269126036033712879 0.95205120042846624884 -0.0039895188860134224093 -0.30591272530240248839 0.059852139258103738417 -0.97816471749644473554 0.19902639742354982788 -0.30002705409528407365 -0.20779285161964250461 -0.93102411226924797205
3.5416377137821002385 -1.8814483808085029626 -2.2444649359190500526 -0.66514887805978328839 0.0040180412808634392505 0.74669995671619049382 -0.43785935944376547235 0.80792261383778740669 -0.39438589147804165025 -0.60486043957533397464 -0.58927489798374255159 -0.53562948317197245363
-4.2918071333806215861 6.5032593664159756841 0.44849053265829869064 0.90668177339473565723 -0.017834689302250360948 0.42143811604008063476 -0.31417790023906050356 -0.69521798205329043974 0.64650151154584667434 0.28146120300188920416 -0.71857767936889271887 -0.63594473810039264805
5.5453901051310490189 -5.8035786608248196572 0.0096395987467475380273 0.97724166913448684557 -0.0056667954749059969849 -0.21205331295740034725 0.10484487968930941704 0.88191214572358134216 0.45960691729786801174 0.18440789383892688957 -0.47137973509070840716 0.86243543180677639803
6.1601689299975417313 3.6860607858158234151 4.4054641439538411163 -0.863833005737128512 -0.0021960556552388164724 0.50377347641439107484 -0.020674294404099253369 0.99930260781950641658 -0.031094558301990912752 -0.50335386335063569963 -0.037275666924492814602 -0.86327597725477078772
-1.0246814533453056928 -5.0003375474701359238 -1.2256185050559076366 0.89731707464209375935 -0.01243266181784961899 0.44121139658455893473 -0.32705862124355167264 -0.6899888337936834759 0.6457151597340098359 0.29640297877425114681 -0.72371322922837166836 -0.62320497110794392803
-4.5270981757598889317 7.1330811757718279864 4.0606520694610548361 0.68323995181724250791 0.010216582585553220588 -0.73012244841611817492 -0.50831117255605406946 -0.71118902503504743962 -0.48562323103859522666 -0.52421648209069249269 0.70292659084006914316 -0.48071955212429962057
0.032847934784873328296 4.1565583763657460992 -5.7793347539350463649 -0.99956261138945157185 0.0047710900372004627287 0.029186000278682192044 -0.029521396168804378557 -0.21947676671067570253 -0.97517097785082640371 0.001753020437359147695 -0.97560606064852939401 0.21952161931176675247
-2.7153943882459912196 -4.0944885365012479994 -3.7713366071019063241 0.91809665640603532744 -0.005046584894053015441 -0.39632443966661046186 -0.38718817578754183284 0.20240518291352810332 -0.89950956551891780855 0.084757572089258131909 0.97928886132267434217 0.18387354367309299841
5.8788640306607318209 1.9419833530419448042 -1.2966496401885749812 -0.89745211295853200006 0.0065962092950333783836 -0.44106257489047129283 0.13662286771546275355 0.9548767827823150256 -0.2637129532662498832 0.41942090668356563077 -0.29692898094683251031 -0.85785737935299144485
-6.5714460618488343968 -6.6686165315705352441 5.8877711770074938613 0.75874168997220403643 -6.9623606701501097871e-05 0.65139162034112518818 0.51290185414149780385 -0.61638621514104752208 -0.59749453704796740006 0.40155041516131800838 0.78744398463419151835 -0.46764220847472509623
4.0652659893402205427 -6.9311428893639170923 -6.3662956197593638663 0.99962426218768785091 -0.010310372047740537158 -0.025397454083122952828 0.018339572285937064122 -0.43704278906572963104 0.89925372427031879941 -0.020371414630191542194 -0.89938161908831038005 -0.43668948775087496061
4.8125761052665456674 4.8955030638086327599 -5.5847070993476046752 -0.78208790228733404692 0.0065414012024826301284 -0.62313379234806853813 0.58326963883201277117 -0.34436374042217299252 -0.73566985985518629221 -0.2193969952223341624 -0.93881351947689972715 0.26550731465380433827
-2.7668956758017282382 6.7657756399605926134 5.0019609504609023887 -0.99569169864510731482 0.00032268075906148434295 0.092725062019459389417 -0.089157494934605313608 -0.27806666411550928775 -0.9564151145839370205 0.025475131920431211968 -0.96056172429725217299 0.2768974385378977221
6.8126427974890502171 -4.0104143231670494885 -7.4951282021276242062 -0.88113297882825181162 -0.0030922053965330023942 0.47285844804460441804 -0.30429161949802607801 -0.76172067521929409661 -0.57200369163719122501 0.36195480922975975524 -0.64789817966179619191 0.67023627540310326545
-4.0783726800978801208 -6.3708701940028999999 -0.75466272365254094545 0.96232462299615717516 0.0014814225639279349819 0.27189910879304690638 -0.26833241931423879034 -0.15635426129585616728 0.95055302730548685286 0.043920755005163798768 -0.98769992931150207838 -0.15006604185479993641
2.7555385131220822004 6.5748843103621830153 -6.6318211853997928173 0.98011404132412838219 0.014038861890339917812 0.19793780931442714333 -0.18512526383679600572 -0.29447516439014898015 0.93755693920242533235 0.071450001320647771319 -0.95555600982585842118 -0.28602029542863771638
-2.7164636327346149969 -1.4823717688905548862 -7.0239854828488264005 -0.89170801210555328264 -0.019975376063405405475 -0.45217010681593694521 -0.23959608260139100833 -0.82673532854690257032 0.50902103466805248555 -0.38399288840923828658 0.56223632120624777997 0.73242049450267121546
-4.5610177273230609885 -3.2909449304006495041 -2.7517744620569892788 0.97999177583874585995 -0.0012702408095632260893 -0.19903393121967466461 -0.049829414376310256218 0.96656960247550838261 -0.25151587034059907921 0.19269963350089105991 0.2564012286603213342 0.94716696584609882947
2.8350233328638552166 3.5647602207923734241 0.31856064185486687723 -0.76465379054280724347 0.0096803366562895568764 -0.64436858372430749764 -0.13729219400571626708 0.97448609748584913426 0.17756041020451576729 0.62964707104349582067 0.22423901732107909268 -0.74381545361554901596
3.7595643570407433209 -5.311191368972842497 -1.4432207674644421669 -0.99902999397706671036 -0.001127251903305801807 -0.044020454760787537662 0.025211422992591801112 -0.83425511794192241943 -0.5508019447481550257 -0.03610339713772042769 -0.55137748184959922693 0.83347430507739250771
3.9681600030146371161 0.69499251485065971501 1.3263409327666328963 -0.99877795036048433452 0.0063065525557431199172 0.049018703253208208148 0.049409487631470870583 0.10445910143499619049 0.99330106144074425956 0.0011438556523803585473 0.99450918724875936316 -0.10464305075825783287
-4.9072212313456233801 2.597240630462677391 2.5605777388103492243 -0.10052841042963167606 -0.014394643438631707713 0.99483005228868737202 -0.87398833487082716598 -0.47652806678611947522 -0.095212352532581562281 0.47543498946348672352 -0.87904140733264235497 0.035323858629101811957
6.92759321923307958 2.0517270903034909857 3.6279642135254803748 -0.99147869177847902655 0.0033583818717747722891 0.13022566959107290119 -0.1068097749178508471 -0.59324940720701768715 -0.79790150572022910946 0.074576643335764913889 -0.80501171551701866669 0.58855285416777503027
-1.2899086254003542251 -0.82070282889146140004 -6.3438205247059640257 -0.58592240395638894856 0.00098265164841142152788 0.81036656578208154933 0.060114506672557709022 0.99729670568134343167 0.042255495792266326016 -0.80813438401627368801 0.073473228000907719881 -0.58439755486979616528
-3.6868193825083093174 5.3324194221800897964 5.4683889193951769059 -0.94092686300443739711 -0.0025016391748124595928 0.33860062061113627152 -0.046071833750564339383 -0.98972748939019272729 -0.13533987912065209569 0.33546091368686847822 -0.14294487940106581636 0.93114592671686469139
-0.50837002950855447736 -0.44907539815634506253 5.3343342907719595303 -0.98690002677076704707 -0.0018434897660406434836 -0.16132246807366643071 0.12544144592626343959 0.62003511532834032494 -0.77448105167515135516 0.1014533429898510225 -0.78457189428714124713 -0.61168142189451835122
1.3246150560966856169 -1.5724620714954598011 -1.4306587530043077816 -0.95105438731665326024 0.012276076966007146152 0.30877961444994461715 0.087907726923755730164 -0.94718084923861201041 0.30841639123573311165 0.29625628079857202479 0.32046487603175433101 0.89974134022916874009
-4.8360700785984196415 -1.3528600516337232484 -1.9900705910199727455 -0.37024693358337135152 -0.013426829239339427985 0.92883633026953504874 0.44398125704875751607 -0.8808544799099636835 0.16424380844367397758 0.8159643690514092329 0.47319668794199493123 0.3320949306436521975
3.3811930335328668207 -2.3378750330585567063 -3.3158447949027238799 -0.89350614253211158022 0.0062776818590286938976 0.44900708676785816564 0.015596283513761254741 0.99973284672050977129 0.017058462082763375944 -0.44878004545418304083 0.022244682478025926131 -0.89336534794204136567
-2.8216417869642009819 2.6635667917025456219 -6.3556442165394519961 0.93460038608560991324 -0.0053299215889592802681 0.35565954263082499853 0.16631838752992308961 -0.8773027032534347347 -0.45019791295993821789 0.31442059776357089707 0.47990786490734443914 -0.81904098121040769254
6.979126004258151994 -5.6307990000653953544 5.5673989642558767699 -0.99625302416907834946 -0.0013832875540582371954 0.086475420494104837665 -0.060959339497704129185 -0.69804201469368221122 -0.71345728999742841214 0.061350393332782429678 -0.71605546729141000828 0.69534214383991965747
-3.1868787009126005039 5.710656090137788965 6.3189940682671990047 0.87730255840505166898 -0.0017170852811453016229 -0.47993465454586375918 -0.46325286730943893154 0.25835095766308546761 -0.84773319128379154286 0.12544720780279777772 0.96604960239779003039 0.22585651144437163262
-0.83781249779965272229 0.18347480813278096989 -0.8475453422423799843 0.99997411579092643219 0.0011948633877790389157 -0.0070950721997289738219 0.0071908525796794547924 -0.13256962703396707459 0.99114761041286048027 0.00024369491629915116665 -0.99117297495918366135 -0.13257478766049621277
-4.0077421168701787835 4.0062361656945615351 6.8546075982729863796 0.99574422349905877816 -0.00084039699703302578326 0.092156036704601498877 0.047430419084599169388 -0.85268937362941954472 -0.52026069181216583193 0.079017698736870603526 0.52241757802767363472 -0.84902065784878766319
-3.8367176387761015022 0.90148672075531088854 4.0470241132376099102 -0.99998246201569418457 0.0056462788745584285149 -0.0017875110681928691944 0.0027646636825956576178 0.71194750707971554693 0.7022272451262959736 0.0052375849081941630928 0.70220998760903485802 -0.71195063101767985803
2.5254333914887578949 -3.6247371669435533015 -1.6410560795072408613 0.9787075297323039047 0.0047578543077165221312 0.20520461512297219486 -0.051182355256436599944 0.97380906713100190419 0.22153163946493939496 -0.1987760995587409818 -0.22731753912978028276 0.95331778471203243441
6.3705256575908943972 1.7438663887915983874 -6.0431074284146841791 0.99277865114834173976 -0.0085504219034657005793 -0.11965550597221151496 0.064182481556185611016 -0.80482466734330893043 0.59003208717580368781 -0.10134672607186495652 -0.59345104694575456783 -0.79846396035975564232
-5.2244752559133980085 5.1267212983228063194 6.4166106604290469306 -0.6928132164721815256 -0.00039374021015077791813 -0.72111697528909912691 0.43100327548306249792 -0.80195451185978450237 -0.41364856754325202148 -0.57814014183781159417 -0.5973849729247386886 0.55577438814630564234
-6.3261333388892007079 1.6069307063607563002 6.5277608892395981854 0.87889630080409897328 -0.0064178485737820117896 0.47696970936594862422 0.37963326154736160012 -0.5960210799561460604 -0.70755738917424615408 0.28882499746360090764 0.80294313837772013365 -0.52140429358842943497
2.1547816194940998535 -0.10481640599858628449 1.943205097600507969 0.92154767065575982077 0.0059769984000394901086 -0.38821922440701228663 0.12976401377222512856 0.93764391698149529564 0.32246734048155861752 0.36593878099860843722 -0.34754591126591360961 0.8633079682960979051
0.88697619458744514365 4.2431179814878134948 0.063033835165084775576 -0.91256201880835929874 0.0086352282027391639996 0.40884715317882636132 0.24656121075361325801 -0.7859977966750305578 0.56693476959329802689 0.32624857268686546785 0.61816898697357791637 0.71514262379179149853
-3.9833368368928443459 3.8440831509419188805 -1.5424213585611157296 0.93170705295637268328 -0.00023875056083503924664 0.36321055941361918284 -0.13356075596731328825 -0.93016054222186916878 0.34199837742145772213 0.33776247858045055361 -0.36715297723385120765 -0.86666902527507894138
-1.0811576804570990351 -3.4268653718466692837 5.6862767728544341139 0.92873560018690015649 -0.010290917505889752084 -0.37059989471426180163 -0.017032895243840585897 -0.99974354668277121139 -0.014923851571724228854 -0.37035127301650971887 0.020172701430623191099 -0.92867270698130344186
0.5185737411687543208 3.5732908228289974595 -2.9694295060208739656 -0.94252146525256053078 -0.0057281608029376533675 -0.33409650658445072535 0.0065133385580438268869 0.99934813595003224584 -0.035508866415694256835 0.33408212157930394781 -0.035643952462022863992 -0.94186975994231958431
-6.507183088656915082 6.9891033022036515021 0.6205878797637240929 0.849907866867457229 -0.003303591353718115381 0.52692096572538704713 0.33238945477733800038 0.77928961952620856568 -0.53124847223461213463 -0.40886901104093681392 0.62665522832172559919 0.66342245713237457672
3.3741310964549167117 5.5813715085124462334 -7.495071334350106973 -0.99788885131892257618 -0.0025722477957386075467 0.064893943897836037227 -0.064287264987452380494 -0.10271526701836161677 -0.99263121121681308079 0.0092188922203758558171 -0.99470747331196907037 0.10233305704218106924
-2.2502526335730594909 6.084811627949123114 1.8394942485687681977 0.75840520572042546821 -0.0019201324231364483644 0.65178052826667953745 0.020112432848335980856 0.99958839839452462428 -0.020457855213596352895 -0.65147297256369962604 0.028624235998555284943 0.7581316634545488542
0.89299583938572468789 -4.5212474093053245383 6.501458265597367614 0.75724669813816303243 0.0031083869485576350912 -0.65312156302598312063 0.65105075058027450652 -0.083301831178931473598 0.75444928596375349095 -0.052061101868596519615 -0.99651951453691678395 -0.065103754265027458104
-1.0465100337261474817 0.71119611243605451723 5.0675285952706374815 -0.32066664281477080811 0.0055229632073976846207 -0.94717601377113136429 -0.66607494901266761644 -0.71228497803510792963 0.22134649842035669653 -0.6734367575975384046 0.70186865362595007856 0.2320847400707458652
-0.43999551772075073952 -2.2001420669631834848 2.2434743166964437044 0.9983137532329955377 0.00674084934224730703 -0.057655971555721372002 0.026706557712780239905 -0.93521030442467600885 0.35308419148011871425 -0.051540371370567765463 -0.35402859693553434539 -0.93381333395427468247
-3.0936974739079965424 -5.9443169459331004489 4.0418228860777540845 0.9932848105197550348 0.017678246430490349855 0.11433619196906334714 0.014951029226303055517 -0.9995839314655053931 0.024666387674663253771 0.1147246787571270521 -0.022791304459994360387 -0.99313584394341603012
-0.96949665617442870591 -5.2727577665273308583 1.0201541163164842274 -0.11444385045837961179 -0.0045133918019671162569 -0.99341946547610004981 0.74193269111022386308 0.6646089972043837113 -0.088491596758653603971 0.6606349120006801412 -0.74717769648818699313 -0.072711779763715123082
-6.2360480125093689097 -0.46600998143112648542 1.5991518027437896521 -0.9408726715397429663 -0.0064095945710487441105 0.33869976830080222863 -0.14224378643837359837 0.91488521495494368185 -0.37782502388871019861 -0.30744970510510000183 -0.40366317710968829813 -0.86170222134821672366
-5.8776233285291503705 -4.1549935130690789364 -1.9961913311774750479 -0.98370560889497837831 -0.0026913156442537290378 -0.17976660381879369655 -0.067920614296130443766 -0.920226792411142136 0.3854470659926317877 -0.16646340493356856505 0.39137629891047198694 0.90504946133847463674
-2.7623951420002281765 -1.8633571722376844892 0.072074137819257144688 0.58539735349330235259 0.013898485477516601266 -0.81062739321124488434 -0.75033271539855761478 -0.36944415977164857257 -0.54818959221535934478 -0.30710056125906648461 0.92914898962008130034 -0.20584314504558770542
1.2256846849829654555 2.6933225242828018331 4.4661448247945338963 0.4092303378254757984 0.0066134483055659276651 -0.91240714207254469681 -0.6201548250810769991 -0.73147991577789484019 -0.28345215776601495605 -0.66928209563078833177 0.6818309138746146969 -0.29524241116917682159
1.2833795455340759606 1.7249804502393779604 5.3059300240432296647 -0.6844933488900394325 -0.0037251628286446552413 0.72900958737669752097 0.72635222689827871889 0.081971415432955482827 0.68241712283011446427 -0.062300062641061582092 0.99662771896720758757 -0.053403108346842559362
-2.4638610564326173247 6.387948418518610616 -0.01262701086697096825 -0.36907745213749598712 -0.014695773480067491484 -0.9292824482176600398 0.43812818419199700548 0.87905260067983137517 -0.18791013664651620707 0.81964963767472498457 -0.47649822610352832175 -0.3179998616036448511
5.7710778909449178542 4.042877299112526579 -1.1908136822120547471 0.98342994859341759106 0.0031642846000096121542 0.18126092660163387049 -0.17784708832429180214 -0.17705441504936211827 0.96799904301925443484 0.035156071795365444188 -0.98419597713801432182 -0.17355785548750413128
-1.8700419538719785795 -7.1806704967022012553 2.5917829468401478721 -0.81567975590242636219 0.0021108001000596627282 -0.57849985335695730537 0.21549018764611843624 -0.92691909103680192317 -0.30722138223087952502 -0.53687104116281680888 -0.3752553040191438094 0.75561428120843299183
-1.1959649610178793022 4.1662328136330177841 6.3754513966732897501 -0.93159176775415275529 -0.0032632022069276570703 0.36349158142099591284 0.2969629990883830839 -0.58353057629488258584 0.75584723569081624373 0.20964196961729741897 0.81208461261152187216 0.54458133142320508391
4.4150123229020854509 -5.9156920854690424605 4.6885916137998515651 0.86812816760961442064 -0.011036175795282461912 0.49621737920653469223 0.34496800463941251769 -0.70539332125271025919 -0.61920702362546986564 0.35686210274828578104 0.70873017796328108275 -0.60856468388024187455
1.116631998266162995 7.0026570471376778926 -3.5780297907040465866 0.94228237905205369795 0.0049019094646400116627 -0.33478334697479289472 0.26169000498317296355 -0.63451305007639435818 0.72726304084179271836 -0.20885942502065163451 -0.77289660405922855357 -0.59917324707784724858
2.3875457977345617699 -0.49207497184572063231 -6.0366963336147634323 0.97962838350876224602 -0.0043847243721986195811 -0.20077102484244827019 -0.086738866643456202787 0.89245548164794963331 -0.44271840066810502767 0.1811203998381592517 0.45111416234565981931 0.87389439481761199691
-6.8394624088846889265 5.5993544277790681107 -6.4498510695866526632 0.90956521868775108697 -0.0071280331414948676708 -0.41550006509860920589 -0.10409732770412927216 0.96406647196775063779 -0.24441682428319105869 0.40231189308583609199 0.2655654886677607518 0.87613932220305479337
-0.7548718682595254581 -0.16673736992084092767 0.35753814874001377255 0.91795209817231127047 0.0093594372730345532646 0.39658081949935153343 -0.34225586314358930062 -0.48675890932449883408 0.8036956440949796221 0.2005613861260424069 -0.87348621347289312489 -0.44361803983607911439
2.3239918735787208348 6.4190504246822985834 1.2697894470526114308 0.80027660551497847852 0.0062613915531155488539 0.59959832358092102211 0.55023649526881102112 -0.40509348710594039744 -0.73016372546068097904 0.23832153477923911922 0.91425382781803732346 -0.32763208692105966202
-3.7930736924107106844 2.2803896415682567422 4.0057542298183355101 -0.88401535627034544262 0.001863607995788302274 0.46745414410778179937 -0.35152173983705298221 0.65652368322614507168 -0.66738978100138002247 -0.30813846936118449715 -0.75430310905394382104 -0.57972191900200031878
-4.1103967928267959309 -6.3039697643149255057 -6.3933598968086879921 -0.94604384202101754475 -0.011577698832589276151 -0.32383175549026055329 0.32165657614515485996 -0.15450631655796714936 -0.93416532004054186888 -0.039218566989993805527 -0.98792396217187028462 0.14989379229915908431
-2.2652713941668070063 -6.1341071486295284387 -2.5444645211666672147 -0.99644500139995817456 -0.011667487576007933014 0.083433979400683921934 0.0010740364664941701167 0.9885235227685885695 0.15106320325830982498 -0.084238979282974676965 0.15061578491864358043 -0.98499679172202070365
5.3672471171880751228 -6.9116473962897355676 4.7303400988141586225 -0.99196497036319553064 0.0045213609030805724381 0.12643201678348650607 0.062414418400238799722 -0.85178865702757333711 0.52015432722882770644 0.1100451632199346691 0.52386605258864260559 0.84466231181291751007
-5.5935457121532978775 -2.5246656869625052622 -4.9297428803403571251 0.7144169116076489745 0.0061096134066976831925 -0.69969361082756353909 0.38203016158970398708 -0.8411749383270979985 0.38272402428635965421 -0.5862264341059332251 -0.54072857863650747312 -0.60328365815844586795
-5.5950287171032613287 -5.6272681183976827057 0.45400935774594697314 0.98746263533073752594 0.0019323092785002754686 -0.15784109099472756754 0.039272653283982446315 -0.97149152641088010185 0.23379878702794626433 -0.15288951085533039609 -0.23706640481632404449 -0.95938746978359967787
4.2608126883065740031 5.1936619160425063768 -4.0033087448262563157 0.81809989211051536984 -0.00090045802852099343216 0.5750754347943801692 -0.33697505336218241956 0.80958404569701425402 0.48064694565178062158 -0.46600469948290246247 -0.58700328970817483576 0.6620171885470282902
-4.0077220378341005258 -6.5104857086336949124 3.0896063983040171763 -0.98481846010804086067 0.011059526822354819736 0.17323477565661346556 -0.022079754109474068746 -0.99784323808781327791 -0.061817122716479183664 0.1721774813638329571 -0.064703624851647600913 0.98293863279564575031
-4.3260174362893168976 -4.592328533078327446 6.1821831326969780562 0.99955347144525463765 0.0054573771934917879312 0.02937813397584171371 0.023477884976970196662 -0.7516165691639422608 -0.65918231307827190868 0.018483685745591088567 0.65957770580307595321 -0.751409078577645273
-4.5984987867116551286 4.4652631590400213568 4.9972811966899577385 0.36001039031777104515 -0.0035214966273231494177 0.93294164765261133887 -0.76579225476479428902 -0.5722834533542539015 0.29334940183874241848 0.53287403896746265985 -0.82004832057534193801 -0.2087247242568865957
-3.5608277273029820265 6.9598671166518037978 -5.2766008830016426501 0.769918181454512629 -0.0096926986508503593098 0.63806899741223643829 -0.16005859393749122255 -0.97085534869861900287 0.1783848043137860051 0.617743668824304204 -0.23947013069731942769 -0.74903058424306989682
6.6027501330789846179 -0.49865061288055284594 6.1031953169921662194 0.91763286180151548699 -0.0053452699331019756096 0.39739320456092319667 -0.067334748495266383284 0.98336278389149422985 0.16871178649499357638 -0.39168349797632534548 -0.18157385094397721081 0.90200608316489683247
-1.0704688773491701781 -7.1241858974618956779 -5.713103862547681544 -0.63837691869509671783 0.010877465125650680189 -0.76964705575335612409 -0.41289469839876191681 0.83902819236115877555 0.35432987519749331584 0.64960978880527397994 0.54397920288903689467 -0.53112498445540567982
-3.9819133110534723485 0.90402624394124053708 1.8076971544772579836 -0.87477933692072384897 -0.0053342792689844657078 0.48449216418955098895 -0.38184635181543480353 0.62311321773499284138 -0.6825857319700930903 -0.29825236847618524783 -0.78211345938336362948 -0.54712344251510180992
-4.1577491252955747214 -5.8482962130785045574 1.2134619561371571272 0.99906598501561416636 -0.0099315660277650048837 0.042053793894151043908 0.0052707967547684130352 0.99397041426088073024 0.10952184382823058895 -0.042887950361669611998 -0.10919789178450196865 0.99309437826599034072
-7.1404909945257246662 0.10526541000702135942 -2.8176744085982874388 0.80475365501841567006 0.0034514908045966581629 -0.59359888977808461519 0.58010258153886162802 -0.21667326138113543466 0.78519659493300320019 -0.12590690857331462982 -0.97623807803916651249 -0.17637081776717844495
-5.9404107769822100948 -4.4123629545785032491 -6.4136135604490212003 0.92946246626398587587 0.0053987864222469076139 0.36887718404848052201 0.18977242096232005419 0.85045893507063607952 -0.49061800619276840774 -0.31636363894813723796 0.52601373828415487477 0.78944511847748666256
7.081147110703730263 5.9941853520056795901 4.2427164725079569152 -0.94938101272050690049 0.0032054412661922529817 0.31411051849967364102 -0.21105595372679258892 0.73411130898465071226 -0.64539597954841565475 -0.23266086280750619686 -0.67902158372698995237 -0.69627481050988249134
5.3448284224036166634 -3.9238519548534749326 6.8333137403530992415 0.83298194858763696669 -0.012760996938279062229 -0.55315298994425088353 -0.12228561881433613889 0.97076587512538758951 -0.20654259396831425866 0.53961773577071114882 0.23968890806449005826 0.80706996387702534257
6.2311888859576161082 4.902297953745318182 -5.7225038037243534106 0.58241363226974973699 0.0051585130252045242188 0.8128762210138433808 -0.23927616467740281392 0.95676588229479464509 0.16536614978332006554 -0.77687919135717431462 -0.29081340447136500016 0.55846780195123912893
4.6532003320320285411 -4.2985850522508268767 -6.5325220298041930533 0.62716341116556628688 0.0056611027635744401096 -0.77886713090933334946 -0.68424563525536608033 0.48175121698922107605 -0.54747025084782530158 0.37212090283840371097 0.87628974480187105112 0.30601032143681378139
-2.9515144936218176142 5.7043082368919790781 -2.9989106867594093053 0.94439893716313871863 0.0013567772704780613723 0.32879903686055006462 0.31370237954768165345 0.29583982533558966788 -0.90225806442026368348 -0.098496012869317722815 0.95523659734166588287 0.27896519235929084779
-3.4691312019997950777 4.8402640308772229005 -5.7809055891236607039 0.96581912934320524045 -0.0017768039472526916261 -0.25921082609044321377 0.082548028683749788414 -0.94580865187005180861 0.31405702827367348862 -0.24572185974217686244 -0.32471962831857548171 -0.91333341701122361389
-0.16152744185404732669 -1.6705255028997862965 -6.5288006894495014265 0.97200370004823744008 -0.0085811260211801528019 0.23480879746849139811 0.16629587175006002586 -0.68087212046504297369 -0.71327332672150722814 0.16599545214034755469 0.73235204638870965432 -0.66038321451945503071
-4.8965386608613350461 2.8673737444538542896 -1.3673936348034634314 -0.9887282952415644699 0.0031353253786767379743 -0.14968810214414079995 0.089859780187481294589 -0.78726139833379549238 -0.61003664693044323819 -0.11975632798890564756 -0.61661143390969286315 0.77810588063467001074
1.3730574250550284798 -1.7734755927143948107 0.51044919968006352562 0.6455039231946116951 0.0075244018534357994671 -0.76371988877938390416 -0.62476351716298672567 0.58037314288374430848 -0.52233855174723820003 0.43931222696679256279 0.81431590822977673039 0.37933411241481762577
-2.6737243095723566277 5.0173943581785866996 1.3873962410243738663 -0.84480823106321611959 0.015882260652219443858 -0.53483343811374883803 -0.13766999758931178222 0.95945549506649097093 0.24595146828267686057 0.51705514647060180078 0.28141234298301920358 -0.80836938878521369389
-6.1156164120641260951 5.3743829388239436895 -5.2665707560578702839 -0.9995915138689936974 0.0021334346535462449246 -0.028500067674933630274 0.018159706848823817943 0.81743834668963566426 -0.57572977550971848881 0.022068766346629208053 -0.57601215075544531796 -0.81714317701010319439
3.021464486592368992 1.0179878196419747116 7.079637181717997052 -0.75744433120804244286 0.015594249121699862992 0.65271349343728346515 0.12508591393964804683 -0.9777299812043742655 0.16851586865315587582 0.64080543010699053674 0.20928665329739012946 0.73862541081186883218
-5.6540310302367098316 -1.2721986622827650137 2.3338051481272197307 0.84244606138630617753 -0.0007648240983757787631 -0.53878014876089197482 -0.53362353486835467642 -0.13921395953858417549 -0.83418546888827793673 -0.074367712680673409009 0.99026203022929226716 -0.11768838004213222348
-1.2252851932554034153 3.6806964366903076602 -1.9368363509008779122 0.99824577364967281845 -0.011766642445618374566 0.058025180017178656922 0.053221536411755726581 -0.25103960150960991093 -0.96651258995202160573 0.025939226134193506257 0.96790529732989927236 -0.24997298243636897896
-5.5810276981254398621 5.4274538648797614471 -2.4724711155129464046 0.99868638495861461468 0.011113298475458999182 0.05001998695923512428 -0.02256384897260683281 0.97183374551817214293 0.23458483282531489289 -0.046004100012352527882 -0.23540532209187051138 0.97080788888068958453
-1.2009915261196029146 -5.5359121125447972034 -5.6016704191847450645 0.89766590711942695346 -0.0067181600394680685007 -0.44062544810884152202 0.30141225339142935225 -0.72005952978261644759 0.62503194084363411509 -0.32147561758387510622 -0.69387977337219142182 -0.64434795522620491592
-1.2305394683845964909 4.7420978720980500043 -2.2814057052355662947 0.91053781233553554575 -0.0012091074977564359588 0.41342403215861872612 0.23593834993544507417 -0.81964170849784945272 -0.52203502250360989123 0.33949077651241266196 0.572875211324160305 -0.74602949332680978944
-2.0078771137734321428 -7.2448253238423987455 6.939240867274526714 0.93004063620366062004 -0.010451721386426519877 -0.3673080131579709029 -0.35840943450162016104 -0.24624944423716238484 -0.90050202024934522527 -0.081037597880452769128 0.96915012909914177719 -0.23276798533482545572
-0.98094787967923502414 5.4794080394518509536 -1.3344333582173155683 0.8877668938272046395 0.003671578912182482321 0.46027867833817881493 -0.27786705197950001267 0.80148084299053712343 0.52954542745967869699 -0.36696027530051067433 -0.59800917871510284041 0.71254836925202891251
2.3202918279830400117 1.1977977418136551702 0.50876752680473213974 0.9789472235339752304 -0.00028593994567162664671 -0.20411333070940240741 -0.15322621192351118524 -0.66168220842827962791 -0.73396075033274188471 -0.13484829073644677422 0.74978435118892228228 -0.64779577429742130068
-6.1711335438336636372 -1.7082430037576992188 -0.32471053189600795896 0.952315897850427584 -0.0074134495139850939763 0.30502372279484246675 0.028615188175113659419 -0.9931284507590361077 -0.11347709592085353236 0.30376899398564682908 0.11679435371302912539 -0.94555987501256655303
0.36739059821791048011 -3.1980159332112494397 0.046602866165231238149 0.99787343240130643718 0.00019447949386906891039 -0.065181094539065745352 -0.063264051880458138655 -0.23786928174268734404 -0.96923467980825550594 -0.015693076411167461437 0.97129715688912809934 -0.23735113307458763354
5.2934835180506434327 -0.010706942770186220898 4.7283095801843852968 0.90856163205931828042 -0.0019851242231249373663 0.41774611911018816324 -0.29016579812624226919 0.71639828719862230777 0.63448979794534321464 -0.30053214528161137364 -0.697688722411885065 0.65031598186705719122
-1.8135095324901286951 4.4101367517832041898 3.8261047693161716055 0.20907412201259609197 -0.0025147739081621640553 0.97789656273911740314 0.49980378788627272124 0.85979369520545168015 -0.10464690773949258951 -0.84052613589298441621 0.51063536657498320714 0.18101750546202796666
-6.0333880626965523675 -5.3363607716790255608 2.3141140026694131393 0.98141324461836221271 -0.0021494174644605297531 -0.19189430239653060273 0.12948213300755495592 0.74544842572537217684 0.65386621094504160379 0.14164187417386914225 -0.66655984321608907628 0.73187126934467394701
2.2737268249086244332 -5.2122466104426417033 5.2593683400358353097 0.95725243630027767594 -0.0025872982150945298893 -0.2892422498275185605 0.23415313193689135662 0.59401737751109662256 0.76962046881502566009 0.16982368504268979814 -0.80444804748528808691 0.56923040580743955452
2.1535818724788802214 0.46094102719932500412 -4.295960118543972861 0.57654728652406672662 0.012315814431663945488 -0.81697095855149626242 0.094021474560860851533 0.99224422588059746353 0.081310260902892353418 0.81163611841944038883 -0.12369202448655593207 0.57091776496729007562
2.9381999795514746054 1.2436904371159613891 -3.3884555798569797602 -0.99988372544068893077 -0.0083810867023684353788 0.012739426380089416413 0.0020806374864448386013 0.75262564544750876205 0.6584453726485827163 -0.015106506758871122639 0.65839531833112585613 -0.75252069622912853841
-3.9149074531275069866 5.4946735064904776991 -4.411835448297624751 0.99888540129359859598 -0.0031428370222025951188 0.047096471821210288133 0.024676911751607105705 0.88533352755448047056 -0.46430118997727481966 -0.040236862563491113121 0.4649458759504697114 0.88442429146180734367
-2.6059909571064761025 -4.6021388086454511068 7.4666631879830331897 0.83206828903906615569 0.0076623225426746717492 0.55462027657567802841 0.10872692298943260891 -0.98275948069319973843 -0.14954015957268909642 0.54391251005371921146 0.18472978081791430194 -0.81855610039031378999
