1125 14.717824617146108679 14.977075390850430381 15.033177056927090831
-6.694282919324020753 3.0850202422229302535 2.6956261294988648203 0.96823003154318465491 -0.011340004973313473971 -0.24980394373397915575 0.21889647405780879308 0.52138930813636097383 0.82476513202618662035 0.12089226469423339227 -0.85324357228647107476 0.50730707336765257232
3.324540960730234751 7.4756667394234890267 5.869696479662778188 -0.9770562009925133351 -0.001353830441053767604 -0.21297733974578891836 0.2068159520793881323 -0.24489997284727807458 -0.94723342702043533681 -0.050875751272533450975 -0.9695474049486696444 0.23956103082495511236
1.1820191802824788763 4.7111397125587748391 7.4969625015318568373 0.97962359613595106911 -0.0038467139427169794348 0.20080541000040766364 -0.17199410084759442219 0.50021003586929035922 0.84865066387136744996 -0.10370939768025787264 -0.86589556114324373048 0.48935594205580684735
2.0960040968841644471 2.5354828122966384107 -6.0205510411839124885 -0.87244093530643995749 0.0035324154465118350055 0.48870680007825589852 0.47678493540129746053 0.2257914877965001843 0.84952594393164027053 -0.10734495691931669747 0.97416924919634828584 -0.19867393926779863822
-2.0826928792775523114 0.29675818832734252029 -6.3889270949814536138 -0.86480967308760392509 -0.0080100270876372076795 0.5020359238144381786 0.36717043223791301365 0.67191266716680231319 0.64321010672336287328 -0.34247642696154850794 0.74058706926795381253 -0.57813552892788477866
-1.1201313591692856342 -3.7777896959760592921 -1.186539619709889859 -0.87596980160070947452 0.0087219700960253828542 0.48228708662090685744 -0.35584168468940907681 0.66333312692842538727 -0.65830529251759395404 -0.32565872032090320554 -0.74827340588646984454 -0.57795614705792131005
-1.4392870796404966249 2.4860938230897171586 -1.6979854982534559049 0.98732106525409435438 -0.00096023795622451164292 0.15873308429104387995 -0.14233614541349914884 -0.44801705122096457945 0.88262174430732220909 0.070267601455442946223 -0.89402449617353918487 -0.44247334883293987229
-6.6669095354783678431 -3.9857013281085262868 3.1024267204387903085 -0.99181741017233404634 -0.0089474057071759517668 0.12735057444035854934 0.10497356071900017238 0.51055402981934316919 0.8534138118083312019 -0.072655188590663263848 0.85979911989151047713 -0.50543713457209282769
0.23526166817244792417 4.5447503578379011557 2.3627731345688345321 0.99169428646342860922 0.0046878512917987776726 0.12853196585343093505 0.059078539421138318022 -0.90427550500727893468 -0.42284221315258191387 0.11424608691652379799 0.42692368767047239597 -0.89704180311178660645
-1.6043019258323150122 -6.8988369042236881157 -2.4463556075108106036 -0.71474815040868255878 0.010678986540166218733 -0.69930039377498043329 -0.59383987213332789512 0.51891611925230995972 0.61488231999699727304 0.36944456654832086295 0.8547584573589700474 -0.36455272845135933135
3.0349016163308779603 6.7613254020338100503 4.5741183174291943914 -0.98798931785217081192 -0.00070879137170446436522 0.15452056634893343579 0.11060216879215076236 0.69508616088570152058 0.71036778446362636164 -0.10790860979773324313 0.71892609255754025277 -0.68665930807894914878
3.8679920233277815811 -0.36373017246871763852 1.6429215370792575879 0.92236659367736517634 -0.017683463577875722927 -0.38591082128372627968 0.29111540754955023136 0.68849668801261743045 0.66424703995033351767 0.25395213398436450314 -0.72502386561505727247 0.64019427358673275386
-7.0713462964991524728 6.6945914641786048449 -1.6438203167656062487 -0.97652226621491156067 0.0098060822839007473484 0.2151931791129270688 0.1432833557753221132 -0.71637194139439075435 0.6828478026183651961 0.16085441723583748797 0.69764968453597664411 0.69814810328656040639
1.8479219839136247217 -6.5359431690160381123 -7.0869464865430860101 0.89310603378874720004 -0.0063769027643993132087 0.44980100880432083432 -0.4495763832502766566 -0.047279972921631954752 0.8919897307616554416 0.015578447736474151236 -0.99886132134137683991 -0.045092933974899607197
1.257379602892107151 -5.4866250302242089987 -6.6547916270572455844 0.70854101852032080888 0.0081005392448371058012 0.70562313336381010664 0.092998492357747999937 0.99014077199359584736 -0.10474985467823053065 -0.69951476431412895618 0.13984145629913083408 0.70080201312972201233
5.1389780654417043237 6.3694652746303086488 5.2473195007867241557 0.98270649777706231554 0.0096900366612425164331 0.18491631192591947985 -0.18034557707977608154 0.27655568738316099742 0.94392395064628042967 -0.04199300006588144174 -0.96094903869318548661 0.27352062624218320686
-5.1746283352902153752 -2.2595353573962992932 -7.0081653620368848934 -0.97632755426154260725 -0.0045998165880566325298 0.21624834907354867353 0.19806390810768470523 -0.42077888065869284429 0.88527725707642757058 0.086920625255314104551 0.9071515723841553358 0.41172907308845713148
3.4342614577547072585 -0.18440398272548824687 4.2050280686148457931 -0.93346882480484250078 -0.020368542606253967064 0.35807970563775876061 0.34868508602980941014 -0.28534430146514017101 0.89274707526930707768 0.083992046634765976654 0.95820861616542574168 0.27346221678432680591
4.6793945961188008198 -5.0742212795298531347 3.3358765943391324171 -0.86872690027875532071 0.014324036552261030369 -0.49508422991322970086 -0.19179558774730656734 -0.93132313946312683672 0.30959919641577587912 -0.45664868909548184117 0.36391212109171955369 0.81181275111318929039
-4.6313046521162730684 2.0349401765756680582 -6.4058855783563295461 0.86803483467167175114 -0.0013850152468296811174 -0.49650136709695252835 -0.17015895157655508418 -0.94026575219324726174 -0.29486648919577429506 -0.46643483681526032303 0.34043853628099118858 -0.81641909949499891219
6.6317290666872317217 -6.7884200479113578908 7.051988076683875839 -0.98508983616241596604 0.00045635023143933764467 0.17204013030107342952 0.045896616766245429408 0.96445182032062126698 0.2602425538791423576 -0.16580565508737213354 0.26425835469213493356 -0.95009263059788595651
-5.1917138097102650818 -5.9892446485079888774 -0.18240345594406515151 -0.97063261463322536571 0.0035443227433429817103 0.24054056869110060357 0.04663375053222056088 -0.97815262695992299946 0.2025900582031021635 0.23600343370653864561 0.20785782676555505932 0.94926155675393641964
5.9393041558596637586 -0.76632195140415904078 6.4816260238666512095 -0.93100464474771538192 0.0146416731833530437 0.36471354905546327085 0.32227615118578428755 -0.43615189339265830748 0.84018427042335708244 0.17137220846785411466 0.89975393708304107765 0.40134077648360499957
4.3618319050048901531 5.3059393619356631788 2.0054158523027347805 -0.99460218058407801056 0.0074131099324262145558 -0.10349660950322531194 -0.042745264992935710913 -0.93814807779952213984 0.34358554457623941003 -0.094548107851084597919 0.34615492185175439355 0.93340099923860164743
-7.3426637131945540204 -3.1255430617987682851 -5.1557544131164476653 0.72909907584705224703 0.008987836007539551364 -0.68434914802519875021 0.62266392620661681345 0.4063342261845541703 0.66871677983426369707 0.28408479825551530284 -0.91368031358622536775 0.29066150753958658326
0.91127828664668852898 6.9850646417410633404 -0.49237728529615398809 -0.95021004204284276184 -0.0017780530639077071764 0.31160506178195568339 0.20293834139474048461 0.7553136656225196699 0.62315110215399482918 -0.23646755716753672938 0.65536104938504879946 -0.71734579482702587327
-6.2340099918638163246 6.6921753411569326886 3.4404572455351112303 0.9504934043447066383 -0.0099393221788941447242 0.31058573401235345379 0.11590901198703376651 0.93869508008971824786 -0.32467929954894136912 -0.28831820830037807601 0.34460521831512286317 0.89337553932959934411
2.5493637162723556955 -3.1598221743366128322 -1.63770020195620436 -0.8276969753156102616 0.00037708504793771639024 0.56117517306109887532 -0.11065327449456463516 0.98025715234501842321 -0.16386509121847472881 -0.55015776818743811205 -0.19772651082563877378 -0.81131415433226750089
-3.988136937473169219 3.9276738005762545924 0.021022846586285004467 0.87548838969921782827 0.011039084366198853582 -0.48311304900448720501 0.41355962148930830447 -0.53427548074413644397 0.73723683450380650406 -0.24997703689668390736 -0.84523833874947973399 -0.47231729984454678961
1.3913107151937413875 -6.2630798805710279353 -3.9884659999030516175 0.99982438205747692361 0.014564780355578194754 -0.011792888384283470998 0.018725821575462580498 -0.75156803446081610343 0.65938974300703889764 0.00074070883206887351558 -0.65949477386092481002 -0.75170878310727207161
-2.2934888963357420444 6.5935651948751159424 7.0084467082570212071 -0.9234501235811286568 0.007910011139557535445 -0.3836369390213406616 -0.27469679783947514862 -0.71170143830850474131 0.64654677477064059765 -0.26792076909912493354 0.70243753774504702481 0.65939363588971766639
2.1346005605455045107 -5.757874595641263582 -2.9299322780010279565 0.9959384908148973814 -0.012299125512722785397 0.089192230744543896104 -0.018539590204658264183 -0.99741110926669351855 0.069479224999100419602 0.088106788096137297894 -0.070850621896013057932 -0.99358813563186421103
-3.4188648272627935043 -7.223843121900765496 4.212811894535434476 -0.85374189010451062565 0.0044544178511176377513 -0.52067738883346126322 -0.13575418346854192797 0.96347591242231800379 0.23083536958776010306 0.50268835947504852957 0.2677579585064556178 -0.82195504068340274895
0.72748098455274412544 -0.2908494546166580097 -2.5243769379439773282 0.99424218900710914504 0.004224113337844022549 0.10707299596529429309 -0.086972320873826364229 -0.55189326851614994851 0.82936700897035187108 0.062596205957689624033 -0.8339040574509065662 -0.5483481904471295687
-2.3700980792936037211 -4.9648487511255616766 -5.9439011631109766043 0.9953287148522784733 0.010588011423339373576 -0.095961676749876559378 0.058988639382846999593 0.72015780532920081747 0.69129810924608692257 0.076427022801564215015 -0.69372950740011551929 0.71616917048150796621
-4.9621794143926951648 5.6519567228097367106 -3.944009736647075659 -0.52572528598943302214 -0.018295689883667982933 0.85045763645393301911 -0.0803891339581198211 0.99636288135983031022 -0.028259437179899923182 -0.84684739523280727624 -0.083224253555906582691 -0.52528393541710727277
-4.4459905582589742679 6.7923361532405985841 6.3010525452707675242 0.97836845344353196019 0.004077290444191449155 -0.20682974884945820593 0.20682819633964868999 -0.039361828476498939011 0.97758515928677147677 -0.0041552984697210441564 -0.99921670430470732605 -0.039353669879829834832
4.7803641179953073603 7.3798140607669253654 7.1938896537406762377 0.96430683596940125479 -0.00026625121295951689228 0.26478718853617244644 0.049797886830329561592 0.98233796842174270214 -0.18036708753068983468 -0.26006248589489638912 0.18711505793852936663 0.94728847692920270518
-0.32989399271254998824 4.2708337891796412933 -4.750629623151976233 -0.96951002866870761299 0.0061970744456941043513 0.2449732650292334446 0.11473888111896529685 0.89480739633359385188 0.43145650143021158085 -0.21653012139268579261 0.44640936340429893114 -0.86823578986036564764
2.6170269308058276003 4.5525376143853621969 1.9437673070403249653 -0.9997330008827345349 0.015538529158218206475 -0.017102077586072617771 -0.017951552243231375106 -0.98830302414869874994 0.15144264336871424148 -0.01454883906784079986 0.15170921715586557776 0.98831808883164806723
5.9685876127650470124 -2.938806336879600245 3.8008720795701815831 -0.60925116452877436934 -0.0084532007993966488263 0.79293225556579338686 -0.5623303599083118165 0.70963524457267579404 -0.42450251587653647922 -0.55910427010142504933 -0.70451853279838172472 -0.43709959059441616525
5.9072549919692995957 6.839698482841942706 -3.2920590353451553156 0.74760502257658179026 -0.0011732147606013263938 -0.66414257037575008535 0.60671827095390440387 0.40796649226602504923 0.68224356419012932573 0.27014749658091313789 -0.91299614717446675449 0.30570960949210990165
4.2213869172699727272 -6.2944351696143270303 -6.2060254501809399841 0.70540147003879194454 -0.0064238191555918752046 0.7087788799157537234 0.70451672249598362718 -0.10351276838773121325 -0.70209778129837463467 0.077877813211397847737 0.99460738049155916762 -0.068492370971117280676
-6.2379135450306000266 1.7804709771718669753 -5.1655724076427311786 -0.98229291553191244724 -0.0088904067587464025157 -0.18714055884169569777 0.16913234307284666369 -0.47175335753155889229 -0.86535716336343349031 -0.080590809789985895506 -0.88168573217747148174 0.46490363630756226243
6.789038408858941942 -3.1264344496291407438 -0.98474840067220348327 0.90497352021799548627 0.0055788644184776138915 -0.42543131522741761685 -0.13471787927710418553 -0.94470874691772865894 -0.29895898799024439585 -0.40357653636873924707 0.327863172327922614 -0.85418482749561630563
2.2056605128569106711 -0.20683204195599941277 1.3976832686186841936 0.83037267327961727936 0.003051988870746118708 -0.55720006176824388167 -0.46581505955110064088 0.55255396934071365767 -0.69115876704366052685 0.30577369698201534165 0.8334715330050708193 0.46024737903018597684
1.885634176847506227 -4.0214003384655843121 1.7554832863046594404 -0.59477909202667333943 0.017100168222502442478 0.80370729493684422984 0.77692760386647063964 0.26898275672950849868 0.56923788957909993158 -0.20644934012527743628 0.96299317797630068494 -0.17327091254124155073
-4.5306278410698972436 2.2072617418802300548 -3.402145168441713885 -0.95528718843967697083 -0.0061019296492907746515 0.29561656593905638601 0.28779926974709696408 0.21009277802741022079 0.9343621380138044108 -0.067808317602122414325 0.97766241161009637128 -0.19894280833619362725
-4.4594353213777040423 1.1060386901112617686 -0.11619772340304428127 0.98816635099547900367 9.5595186439579454829e-05 0.15338596292277467681 0.11497422579821647837 0.66145824915964246404 -0.74111666559374766994 -0.10152925766639396554 0.74998198343710642533 0.65361979342534881621
6.9986370460577136399 1.2687227334319834959 2.0406292576651909876 -0.9093935929671620455 -0.0054417831281482614836 0.41590104600336691432 0.26661738245163923988 -0.77509771884151146271 0.57283391800886851453 0.31924671407068927476 0.6318179431158492676 0.7063197734113370041
-3.7035477125997711134 0.13935429151202846643 -2.4435893040850786839 -0.93662680160250744166 0.01433683308793945281 0.35003526927531697366 0.24989462920984167882 -0.67291513273137137929 0.69623121047049552068 0.24552578034026151244 0.73958074566483655854 0.62668765093162337454
7.2496615162830986279 -6.7169386987085548668 -7.0149624164360204759 -0.99885770457153555402 -0.0068697957498083774344 -0.047287333659231198246 0.0073643520299033829457 0.955655811517724052 -0.29439384543785068749 0.047212840810757758514 -0.29440580126557891472 -0.95451357865868324826
-1.6777477625125103433 -0.63078574746317839228 -3.9765224012791384745 -0.9691762288709346862 -0.0070263759167745231185 0.24626828344919726721 0.058587985562805783291 0.9643443596684924124 0.25808410242276286217 -0.23930082603122751483 0.26455733975294082327 -0.9342079686256650195
-4.8966788412616821802 -1.586469923720663866 1.5797270396815676907 -0.93706041932608574729 -0.00023249255910885550935 -0.34916717554698273318 -0.27319463613969108273 0.62324205274132082888 0.73275782798922972638 0.21744530649504043018 0.78202895703560604268 -0.58407897500351102504
-4.2335965066761582776 -0.98559015120771931162 -4.5152269695876832145 -0.95876278140944948269 -0.0094853656954639563315 0.2840492154919470047 0.28369403968559603335 -0.091993264910234434639 0.95449197537648311496 0.017076909288486239596 0.99571445055737572982 0.090890660248255636389
-0.27643541198361404332 -3.4674967107142560252 6.7508432183607789412 -0.80005921072051489062 -0.0022189036716263443177 0.59991694075735146896 -0.54342957735484820336 0.42630793095900965106 -0.72314994465693105408 -0.25414474969424544204 -0.90457538351866006998 -0.34227740465148365212
-6.1142483068561341852 3.8584395440185166315 4.7339917572680834112 0.96593207391785929072 -0.012292647986695801748 -0.25850361580089253888 0.212254200509750246 -0.53385680698698900759 0.81850171899603207937 -0.1480654684341678462 -0.8454855412359894018 -0.51306024657760962437
6.2534842831453572032 -5.9681560519551011268 -5.3266094872154994277 -0.87510889077152198556 0.0088232898505307237602 -0.48384561468403763929 -0.15543253858523450872 -0.95198191861558401072 0.26376344056378309144 -0.45828501529250381674 0.30602708407148948577 0.8344592671742293577
-5.8256079634529154276 2.1509226640892671334 2.8299981051031735113 0.69914579394594966733 0.003896176208917399332 -0.71496851582333142971 0.081045325061736298022 -0.99397184350863809765 0.073835151504639720543 -0.71037089896295113611 -0.10956639139361136481 -0.6952470005572242151
-6.3781079645693594671 -0.89318349706936461807 -0.85555977619968870407 0.99201676089083856702 -0.005582393434056678351 0.12598247098351744722 -0.11816787850783401492 -0.38999907880192108411 0.91320155005479619614 0.044035197291796938923 -0.92079832505121117503 -0.38754528249259473371
-0.047412631404805206936 3.1585067905001991129 -5.8108984977425617302 0.99574703735944358751 0.0031933466971504733192 0.092074101280914352752 -0.087175867098216633377 0.35595204392273022131 0.93042920774380666327 -0.029802781505836175441 -0.93449876670012199664 0.354716575945412671
-7.150824788086013406 1.04370761058121575 -7.065959739978791454 -0.97607163958506815149 -0.0060464787099629817291 0.21736511793023596817 -0.19807988996548817062 -0.38768923678810451872 -0.90025630398784672881 0.089713497250314841458 -0.92177030532226555959 0.37721478316369572159
0.65129453340362075675 -1.956501510425771917 -0.17120420190261473325 0.93629519612398215411 -0.0035795102379224553318 0.35119580410600576004 -0.26624341939837675719 -0.65937787845130213515 0.70308979158874440607 0.22905402712522759945 -0.75180316607180119881 -0.61832536106985069857
-6.2270672905074482273 -0.47737849781838892493 7.4839391805974724292 -0.94087150259281260301 0.00091156011497288782532 0.33876243101474967645 0.33050226618894074093 0.22196648045846770203 0.91733261884490147064 -0.074357700696335141122 0.97505387061995418829 -0.209143208677907394
0.31080072379374301672 5.5034081890474082499 3.4498737287685279362 -0.79823402815989774606 0.0067550334715547367959 0.60230955978668943018 -0.55679903634635197207 0.37316960832018164496 -0.74210462641726182564 -0.22977656410385263741 -0.92773854773258479511 -0.29411548350882815717
6.5527664380838821501 0.76723572552535901359 -2.112885211644765171 0.98376261896830186071 0.0051303200126901170319 -0.17940119658820541382 -0.14084121083281458953 0.64163702994198479335 -0.75396662733746211416 0.11124236086976294069 0.76699126567641828789 0.63194108548531047198
-5.5330264682639889173 -5.3946615222872944528 3.7415884493327871141 0.96786709674300841488 -0.0056988741170532096134 -0.25139770459600557784 -0.24652165339570047964 0.1756997818700548053 -0.95307746855005959219 0.049601990377207451355 0.98442730025358149426 0.1686491419071073361
3.2807555782073016815 4.1630984150868872717 -2.9007061122400550346 -0.94438178376831727334 0.0088134892871235097356 0.32873297506226606401 0.065635909146049456475 -0.97447548835837161096 0.2146845360507956546 0.32223434627183672463 0.22432085278759514302 0.91969841855213863013
-7.2825837310260759239 5.586103621701657751 -3.4356465953906614175 0.96429840336716432514 0.0044887064092374827362 -0.2647799856075440661 0.26481720094559324519 -0.013842341522018661998 0.96419927383529580034 0.00066283247133832462472 -0.99989411494204949449 -0.014536834495619783275
-6.3165813615014299032 -5.8723758569453599065 5.0875774013200993906 0.98936172737514138653 -0.010416758411936679132 0.14510294121529868083 -0.14110688031382906393 0.17390798331483692252 0.97459984694616141887 -0.035386731033762316989 -0.9847068114334645017 0.17058802649421347941
-6.5525054321095526078 -0.46276433741485317741 -6.0214799389438979915 -0.94581118483241743977 -0.0017745306706700857309 0.32471226291397631281 0.22124506735346546882 0.72842783499805696668 0.64841615446552858248 -0.23768008502520643344 0.6851202377983782732 -0.68856258752662824474
5.3133360487162182295 -5.5397812645893900196 -2.545323714852009811 0.9777678802781466505 -0.0047036779245660104154 0.20963741963289830861 0.20960216302737713634 -0.0070403420215806866711 -0.97776140588515536578 0.0060749938751463233508 0.99996415385668657727 -0.0058979192276884979951
-0.43211718781134883516 -7.051995998794873266 -5.570338053145393431 -0.9997774700426261818 -0.004823107838573987248 -0.020536504713800148025 -0.020686532106000795478 0.033445285451235033658 0.99922644093843604463 -0.0041325276174648860675 0.99942891218530427455 -0.033537616248411269981
-4.4093053126284216248 -7.287884568849396949 -1.9471127833855506051 0.96540299909964288894 -0.0027408825914825695608 -0.26074803334257501408 0.10813141288999339462 -0.90571189833817400405 0.4098701681692565324 -0.23728600227534712985 -0.42388494284570715775 -0.87408060746863280865
-0.35530882644443634311 -4.3563123896033442151 4.585440142563188104 0.95111509583115960709 -0.014237756993556272694 0.30850828312698702627 -0.13233550046676750833 -0.92137120216990053834 0.36546193116158015579 0.27904728953780932876 -0.38842295772518536934 -0.87821421994507442577
-5.4891674771575154068 0.43404970146396820718 -7.0192081839071764904 -0.79670011778663951674 0.0090331241712969280455 0.60430731005549109813 -0.59074260530557720639 0.19953160311392981185 -0.7817994075433893908 -0.12764049747418870773 -0.97984975482282166137 -0.15363060039607190355
2.8028955468710679 -1.58824238575431953 6.2044254677488428484 0.72515464235237059309 0.0029514963566300766659 -0.68857972185078897276 0.19671189214974238446 0.95742977723243904986 0.21126441526123512782 0.65989027585027770773 -0.28865119147173901037 0.69370405325338946323
-2.6036976807655212163 -4.5046244800655355078 5.5831575426372932469 0.93474882855435703632 0.0015843406260786817904 -0.35530566753305864447 -0.29728732646525851679 -0.54416809428356516243 -0.78453892872617969623 -0.19458898488715820063 0.83897471656094912973 -0.5081894842794036915
-7.2334810638959563533 -2.4031576149377036344 4.1241177118723362227 0.89666615885819889176 -0.0057988123906621506093 -0.44266937248183357845 -0.37423637126464442959 0.52426103349152475275 -0.76491666682395920152 0.23650991095779400064 0.85153786911516282654 0.46791700063308094837
-4.8468433858697075323 0.53333006411127159563 1.5946216522809892879 -0.6917162986649386669 0.0056711464146520004087 0.72214707661220667312 -0.083132670666876185006 -0.99394682416501600741 -0.071823880430259695595 0.71736846963681821787 -0.10971576382001826944 0.68800067582838342339
7.3069273687945042184 6.7562718743687772971 1.4660481199885613268 -0.84996681894572556626 0.0029149049547989689009 -0.52682815985889053234 0.40855189126789248633 0.63500717254030902836 -0.65563041644191266677 0.33262855985716338614 -0.772500740550788767 -0.54092591638392617526
-2.1597264308041648206 -0.62037559665518049457 -0.34015463796950479169 0.90459203164593493529 0.0031644893182502208118 -0.42626663286023797061 -0.42229625055863784233 -0.12971072686023052412 -0.89712931292063879951 -0.058130310912327384787 0.99154682861912857295 -0.11599893796270423219
-7.3037847347481035243 6.7714118269127787642 4.7007921607494287386 0.94944430107483701597 0.0064903443555060667466 0.31386843515539553096 0.093885066510267844997 0.94816065240084768106 -0.30360660652430765394 -0.2995682116699024955 0.31772512124317547899 0.89961638151378708894
4.2513447058636684162 2.5811117275700663498 4.6607238463901623504 -0.99890190979246618053 -0.0027725972897185715248 0.046768443604495509025 -0.015607507993126591012 -0.92153391290202724129 -0.38798408867587752535 0.044174430467938854972 -0.38828798600483660497 0.92047871220205357279
-0.29530314019021530747 4.442673903754740472 -0.10860940435167890095 -0.63253027673554207411 -0.009941066508864521839 -0.7744718356463187181 0.14457251925820058247 0.98082885148165921407 -0.13066579803591751863 0.7609232784506976266 -0.19461741776550436911 -0.61896673982868233299
6.2312403636037059229 4.1056363574243484038 0.85798570112431704615 0.84203241563966557681 -0.0048998481043862063267 0.539404674155247843 0.50486211176196194028 0.3593483908135353122 -0.78484583335009883154 -0.1899885762862784655 0.93319061584887363914 0.30505674123424625366
-3.4903513589531547368 -2.8110464578543261638 5.927739230924510494 0.98113888560907158709 0.00049278468910117002345 -0.19330350309600116687 -0.056374838570503245372 0.9572550849461384237 -0.28369804356215144736 0.18490095922431296072 0.28924463609212514026 0.93922796794483431881
0.24226085858904949921 4.2293986389019799788 5.9702847401769041369 -0.85701787422759800883 0.0074252721172529227711 -0.51523317885041997055 -0.49011790853375047927 -0.32042565412931672819 0.81062434944329286868 -0.15907482198282021923 0.94724456478245400159 0.27824977179028670404
-7.357897433168983703 -4.6326975290165259835 3.9887033353479557363 0.92797281259125452557 -0.0026469226648299969476 0.37263850162310591108 0.16356046533482007654 -0.89561323886912080905 -0.41367245562372167988 0.33483493436468625415 0.44482571886379207449 -0.83067180436460086312
1.7474095480774134437 -7.3805991139818090119 -3.7607342559582077612 0.98279863157565938714 0.0015008521088056827816 -0.18467430036702228713 -0.063098908320161101182 -0.93706174500015104734 -0.34341492953257779508 -0.1735666371798487706 0.34916046955528046158 -0.92084829855850403035
2.4671600707579961487 -2.7547812711133006225 -6.8178078672669917282 0.82119467542788149306 0.0020515409030631582415 -0.57064445693349163946 -0.50519139840339433167 -0.46241504620288798044 -0.72866588778711116614 -0.26536947079170503105 0.88666121840600509163 -0.37869635296179765538
-1.3563302132703336511 5.097714014901622015 -5.4984593176669633863 0.99998838816230939397 0.0015012436574045667434 -0.0045792802834813683965 0.0019303296628856454059 -0.99545764562959893063 0.095185868620962996167 -0.004415582388112174704 -0.095193602858684320256 -0.99544898443215845685
0.37932916305139324775 -3.3025262264050532224 5.2724766035239705175 0.89619420339356792304 0.0055242373207916688205 -0.44362758323349871237 0.44366009890424701334 -0.014068315297672780162 0.89608470534046669176 -0.0012909081438411164344 -0.99988577612983220444 -0.015058826297402013589
1.4908546891678498003 6.5156334696302824483 -2.6890600961854191908 -0.99001415070259501938 0.01018195865196037421 -0.14059981908386337546 -0.11997156522872994 -0.58456165360392542407 0.80243036873761819372 -0.074018949904468861467 0.81128540037011542818 0.57994585454257130408
0.48844577020527563116 1.5832821789148792124 1.4957037164407867014 -0.94791134250444364362 0.004083862038386323369 -0.3185080985192683678 -0.29344627649433568939 0.37776871549085833113 0.87816859452385009899 0.12390871463750445514 0.92589098692411286873 -0.35689285614827948034
0.031862387273837770862 6.4353622553597800149 -3.8208225453307149699 -0.99528936425526959297 -0.002128543929455331378 0.096925490461266125553 -0.081722359147405818081 -0.51945334408983656616 -0.85058196508592442964 0.052158771225963511398 -0.85449616301924646855 0.51683243896792763206
-6.2354033529259655921 7.4111451097328808757 -2.4298764388108882173 -0.99996715654556311836 0.0079099066818401377044 0.0017661275320529213999 -0.0048218314749877257477 -0.40547474006870426466 -0.91409353192509035235 -0.0065142744339996734582 -0.91407202590523239927 0.40549956311459278702
6.5328179495014850886 -6.9176728208884208371 1.5544655905783717476 -0.82798355598758066609 -0.0063998920246034155662 -0.56071585709365279193 0.40348344651767126257 -0.70120587323049388129 -0.58780220460053456133 -0.38941538156636162915 -0.71293012611970452141 0.58316918288821240068
-2.8545907021524445923 -3.7107115997222956949 -6.2157669486641538015 0.99993630696054736084 -0.0074510013161732538758 0.0084772991841515557554 -0.011214196342258217487 -0.74071859265717809873 0.67172182359382992534 0.0012742929295175842164 -0.67177410568675444136 -0.7407549710303590329
-5.1465027846143929224 -4.1594357067361071856 3.6465926218902273703 0.80327459737052175903 -0.0038051073828269657215 -0.59559671118712143034 -0.24025359652798994325 0.91294614214754477022 -0.32985989585452180073 0.5450028720791483261 0.40806232697416811028 0.73243225402069123131
-3.6284961764653274052 4.2632545388164526656 -5.6756315298449511175 0.85376925689900340366 -9.4741597070772780309e-05 0.52065156006490509455 -0.36912175814720749045 -0.70535762284173320058 0.60516093029983675233 0.36718821282329283662 -0.70885161699970733462 -0.60224762468654557956
5.9282659048621333397 -5.003310788109504692 1.7545194405554715988 -0.44476006667903089653 0.0049993694039580215821 0.89563580175935775252 0.87892248086305291288 0.19479607033055226784 0.43537313148305917254 -0.17228974351724324343 0.98083102382074249803 -0.091031571388303519909
7.0570564635725041569 -2.163514592145912907 -3.5498329920274795946 0.032091018224095824163 -0.0019868851617405808643 0.99948297576130606945 0.99638483287413770473 0.078764202783476941483 -0.031834967854216279781 -0.078660227356250111974 0.9968912942980729941 0.0045073257067368178996
4.5879312940003691423 1.0720372006639478091 5.6724915916495302071 0.80058804420898288523 -0.0077440362954580392596 -0.59916509692361907824 0.57107060720371027873 0.31270799524680614745 0.75900729330926530736 0.18148593625292372411 -0.94981774020628595423 0.25477267383260454592
3.6242925243071852925 -5.5126007167524715413 6.8971481340973443963 0.038711587447919609817 0.0070942886858918856319 0.99922524190758377216 -0.91495952893579446386 0.40222738543780073295 0.032591268975482215464 -0.40168454464525321645 -0.91551231639561769793 0.022061847639426576673
5.9233747307681356986 -2.6848166559147697008 5.5726389347143880926 0.95110814473796523316 0.0057133556391383514411 0.30880520491145796447 0.012052018856779976239 0.99838086812434623241 -0.055591285331649628598 -0.30862282134437873937 0.056595050407961228212 0.949499317753791372
-4.7757986934982126215 6.5475413936335362663 4.6493006771808573774 -0.99083745095199615704 0.0027103468020525933735 0.13503258795997835628 -0.12191836691404145387 0.41223627649322491795 -0.90288269678407140351 -0.058112456495705802628 -0.91107294239446168227 -0.40812870033468656716
0.19446597169520632442 -0.9516993963082606145 -0.62505739755302369698 -0.96026315571822729034 -0.0043551270798564793718 0.27906218776113905777 0.058733947502060956936 -0.98064036572816126736 0.18680148959609060855 0.2728461016410738682 0.19576901177826888656 0.94192860602406947024
1.3136715989370797431 -3.8332289959482972463 0.44804462912530995666 0.9794991847431753218 0.0052414812433428797922 -0.20137992442575802787 -0.079835034875783736363 0.92790788462607454168 -0.36416112485425738976 0.18495327597460342606 0.37277269819981284638 0.90930347034587621913
2.8580159268689553365 -0.14904803281282066885 -5.1183788861402268466 -0.9669562843624615045 0.011650009157311271013 0.25467591448478116289 -0.17372389014215566805 0.70101395849879977185 -0.69166425379929585837 -0.18658926583776516694 -0.7130523874699138398 -0.67582596768513436558
6.8531772556248311545 -3.9828134776204655587 -5.8535798222831365578 -0.45894400835440862796 -0.0082681530364860887639 0.88842671889180546696 0.0090200332474713561248 0.99986180214433384439 0.013964799060782073781 -0.88841940332021285265 0.014422699399171413567 -0.45880600426137957415
-5.4221598668840202961 -7.3786586806672804784 4.2382683346761709231 -0.92047649942463616313 -0.0042870813404488842396 -0.3907744041523569245 0.37595658473806925493 0.26323778237209810582 -0.88846075677197033915 0.1066754910889421426 -0.96472145765781347482 -0.24069243597492773201
0.83552236668545432074 -6.1393555668627879385 3.661208411856422984 0.91702075127634008478 0.0043642760734339961295 0.39881561506900381486 -0.12711950200122459909 0.95098921470773112308 0.28188676045620064681 -0.37803911694357705819 -0.30919325122622220992 0.87263162872808019976
-5.0896704876268907825 3.4375655528671260619 -6.4404651108038493135 0.99977383971979294497 -0.00091871222290218013465 -0.021246773397879767376 0.0091706676759029919638 -0.88277837322908725426 0.4697001624585788182 -0.01918771133687264055 -0.46978878203629459431 -0.88257029862032421175
4.8235832782713510269 -4.44119808364319546 -5.237013715569851513 0.95662666448770061756 -0.0002581702057375362229 0.29131659434289230992 0.015882672087847219539 -0.9984660494571501177 -0.053040445027953665724 0.29088342255745497367 0.055366789951719244667 -0.95515514606358820071
-4.6042158470300025286 -7.1848939692952411562 -7.4984248226108203284 0.992889236791250962 -0.0021480651481437084555 -0.11902247384459797852 -0.10858047674036386265 0.39351436526444516506 -0.91288374090093582502 0.048797986995274343636 0.91931595773527019499 0.39048293985606619128
1.0653297387292210985 2.8288208524657694198 -6.7886073745279240654 0.97937617904316009998 0.0052452367273951002249 -0.20197719528327592875 -0.20129008888708013747 -0.061021237389470565915 -0.97762912635783039139 -0.017452794579918093354 0.99812268588539421188 -0.058706932147847300241
-1.5439742721433729056 -4.40567578156750983 -7.1829999927690479922 0.97503372923532716232 0.00092244753793512207843 -0.22205489398754815755 0.097201967187601073794 -0.90086943180502287998 0.42306742301222571845 -0.19965220867337388211 -0.43408917969683524785 -0.87846774536236293951
-3.613452868433240539 -0.22768746473842882416 3.5447596479259413371 -0.84497169232304381037 0.0047272816471873591038 0.53479013826073884541 0.25216127403297150522 0.88535526602900982418 0.39059025178918715948 -0.47163283500058522657 0.46489106866323282041 -0.74929217480648746541
2.4176677676234881176 1.4711286166900856553 -2.6420953295626405932 0.99632549186889984849 0.0047896550015514658544 -0.085513586389621920603 -0.01016746282093223229 -0.98476044765341574916 -0.17361878768507565951 -0.085041971708370606153 0.17385028024832041571 -0.98109323874220477624
0.11534466620617334076 3.314838683652820972 -1.6745814221574155667 -0.95834187043234408954 0.0096281662206560633677 -0.28546130699565569477 -0.16929623807890509246 -0.82409524683202717288 0.54056064222353950033 -0.23004269853382608435 0.56636942234206233415 0.79139499258406476034
1.7037680072746061999 5.7384707757901720626 -5.5238339798992326379 -0.99958202773907833816 0.0037420104196672536803 0.028666481800371124145 -0.013370908655458046271 0.81931656023128407451 -0.57318547864761970612 -0.025631789296075388473 -0.57332919992690056787 -0.8189240745568246993
-1.3379827688587828671 -0.46396579204753679582 5.5542303216672017641 -0.99993082106831698841 0.00097346872629366747176 0.011722006494439262195 0.0082368157177551363374 0.76938118279193312699 0.63873683973331041308 -0.0083969008835999038587 0.63878920460838428674 -0.76933597610623738472
4.9193577337411458217 1.243375144077920158 -2.8680147015905430585 0.92702711667118686822 -0.0037058002075512691195 -0.37497598856612363027 -0.060899582629265945621 0.98518881903819877088 -0.16029420350674558615 0.37001616963573358277 0.17143295449558904053 0.91307106860372455603
-3.876083360447879933 5.3233456393304576793 1.0330805430961469416 0.99752219131078045944 0.002400262674658680713 -0.070311567907287375601 -0.055675672530135417171 0.63790013847156135096 -0.76810392059031318279 0.043008107733360709246 0.7701153498515760365 0.63645318020423458094
6.549159707985712231 4.1694204317814120841 -2.9251983186768995004 -0.97837182356054563925 0.0049625585711494148156 -0.20679445803830256989 -0.065270765046134354703 0.9412327883086856195 0.33139186085798161274 0.19628627586567740093 0.33772209170412115231 -0.92055172949803243387
0.095692623615764527134 6.0770144381327586558 -6.4428755777544957084 0.99798473150230526674 -0.0025819302090440954776 -0.063401966252101177313 0.031146982138466988016 -0.85058723201103803024 0.52491068406299756788 -0.055284185730638743528 -0.52582762800777660406 -0.84879265102378642638
-2.5142962184270589709 5.598948243980797379 -7.2098151994614214644 0.81001060288079707039 0.00060174453177600797059 0.58641492232398151341 -0.48447474178365856901 -0.56274375327688586079 0.66977883866343534969 0.33040437011986228955 -0.82663117897370574916 -0.45553687683259147523
-1.3506705437512069867 -6.3600877026751234666 5.7412536412514008077 0.81160060064618178011 0.011484092299993416825 -0.5840998036764682988 0.50488622346754452597 -0.51681061352035140288 0.69137304771404495263 -0.29392918600143203012 -0.85602272480159558032 -0.42524196434465610928
3.2917456443834050006 6.0279138995766468057 -3.8743157505792620299 0.99782212935520109287 -0.0028947376941540620132 0.065898548259718692233 0.057830538122563585057 -0.44213970135771252234 -0.89507994801795365269 0.031727386112228014858 0.89694152818170946873 -0.4410093740425410358
5.8340647994499628126 -0.19716566225513876276 0.043929472438921340904 0.93723283066828966259 0.0018906922793507042677 -0.3486990771425158564 -0.1132112910201936995 -0.94416607109373862361 -0.30940852247622874227 -0.32981483396432947908 0.32946449805419064649 -0.88468939171829941159
-3.7149598410749322674 -1.8421761639318712245 -3.873733875244400604 0.96527225781946246475 0.0067380990576834829883 -0.26115908237164903172 -0.22096127922917868647 0.55438351442496058841 -0.80239331503646937893 0.13937568426929902721 0.83223405178765241796 0.53661988565428975217
2.0893858188835090495 -4.7116480461338730024 -0.00037068388045287826299 0.99489566834265052986 0.010847109745226879082 -0.10032422101965368655 -0.099518611085619976264 -0.05899565813327122682 -0.99328523515109024 -0.016692967399748986912 0.99819930501454257055 -0.057615035431655678422
2.812163810650187834 3.1689369240430926844 0.5995100936900973343 0.99379766886857012764 -0.009584683521466992942 0.11078956265497802436 -0.11034175694187578487 0.038788821414944059385 0.99313650824459720479 -0.013816295685598077581 -0.99920146175585355941 0.037490649480851082065
-6.8158078461187274755 5.8757774155004813821 -2.4015052855341845195 0.99164425381366883006 0.0018347344039028124288 0.12898956402788247511 -0.050700357989205115106 -0.91389476375896072646 0.40277268337571803247 0.11862186804378110905 -0.40594703413576749274 -0.90616546938084585605
3.1761726177476727884 -2.136995375954694687 4.5077587249416248838 0.52849007095735800466 -0.0034878343980732371202 -0.84893231762651211181 0.56038499005475195247 0.7526046189713404555 0.34576719107592535085 0.63770440473688339011 -0.65846345571662578955 0.39969859852745320827
-0.26888469024233613291 -1.3847858181333969618 4.8950086755080501888 0.79408774591886277516 0.0090923202448196793757 -0.60773512445323552011 -0.45460896045414328492 0.67256092920224774812 -0.58394562211351808134 0.40342947940927548212 0.73998589596238595334 0.53820584251787328967
0.14718923257597271714 -0.44239936394859974422 -4.811239497514628205 0.98003102153110588368 -0.0059319238680331015309 0.19875615491321710349 0.13976136337552536038 0.73155380592759611247 -0.66730487061041310337 -0.14144241988905950635 0.68175790520686474494 0.71777447749535960853
-6.7852747668144637316 2.7436754895218067318 6.6241736195948313082 -0.917107175833181687 -0.0056802147957365871356 0.39860025488595340892 0.3374388073268131949 0.52131524734012057998 0.78381468741058579752 -0.21224862625024659701 0.85334526895655304912 -0.47618522930087314737
-3.8313938262149460634 5.6083116278253717368 -5.9637823125235760457 0.98658059427634281491 0.014629577658543283653 -0.16261828450375553912 0.16237291571396197942 -0.19246185622857064912 0.96777759332381529944 -0.017139639434543066376 -0.98119539815198741906 -0.19225457967362777345
-0.38139174022128669028 -4.820092624842149398 6.8323735799359495147 0.97274860576326849237 0.004858153840550095276 0.23181144994779015467 0.16269586995341372981 0.69802265974410437899 -0.6973481342801610694 -0.16519746936843515694 0.7160591908670598249 0.67821016749182705396
2.8792551418302245736 2.5989787153433669964 -5.0945084294525244673 -0.74991571372662457762 0.012584353284764270703 0.66141368020200763667 0.36939042209163303054 -0.82146599092576144674 0.43444716804177407887 0.54879608086511033616 0.5701186366055162047 0.61138171531561225081
