1125 14.717824617146108679 14.977075390850430381 15.033177056927090831
-5.4895331681078012309 3.8848537068545043738 2.0303153933589976887 0.99401970745340284541 -0.0040804152556594237497 -0.10912456829486653909 -0.021890326230940296282 -0.98646343942440550823 -0.16251368033649990497 -0.10698427366534767058 0.16393057338496599962 -0.98065342109122344283
-0.90712098939620910976 3.995876429576316724 -6.3295387810666126072 -0.98591501210929299859 -0.019114207433578334072 0.16615124426764824039 0.063394306677314216092 0.87660467033407007964 0.47701720496162525187 -0.15476676251186394229 0.48083146634007922771 -0.86304597223960344277
0.473682472297332402 5.151743007818923914 -3.7046563115234305563 0.97087875027827696961 -0.004212242708881940717 -0.23953435926680349821 -0.23738731847090713267 0.11778660189985867834 -0.96424767432546654167 0.032275583452051823108 0.99302999623591525769 0.11335657585064648489
2.2729434188987229781 1.9129798990565425321 -7.254615258820336976 -0.99056477423915312297 -0.00079374318187645266642 0.13704305166006897077 -0.13486717256369581963 -0.17193221347549561551 -0.97583305935701558642 0.024336676050857368458 -0.98510846303399168811 0.17020294432700552867
-4.5547410134831602946 -1.7422639067539589242 -2.3357995404629132707 -0.97950759293100231329 0.021925124740816460955 0.20021030017371743703 0.18900744439955102782 0.44346914080395638535 0.87613429742033832603 -0.069577736037463450147 0.89602143392875865935 -0.43852540244340582065
-1.8319771098363979434 -4.6196291580260711029 0.092488177556922596123 -0.99688582874617803764 0.00074685043952697847264 0.078854845504275947188 -0.055311792488078770358 -0.71935155829229446844 -0.69244056870907999546 0.056207206449273072746 -0.69464579304627571688 0.71715268398460751964
-0.40894086386454114868 2.4251500886394317114 -0.057106594588569585536 0.99610751293090937786 -0.011040530014767018993 0.087452440672380546416 0.084946268391516865925 -0.14467506402372773411 -0.98582618008253830588 0.023536230983857566595 0.9894176229211110174 -0.14317406638191693125
-6.8654369660266532094 -4.195055733438146639 4.7066780844526530103 -0.99958807132064841916 0.0073145467268509369724 0.027752208557105976366 0.026417745208817212943 0.6123835778417564546 0.79011926715394065202 -0.011215632469819892744 0.79052694514219778998 -0.61232455331488233607
-0.54790389996584831778 3.7421885292860492811 3.0716403585957645639 0.68462968963173642667 -0.0014226108589154536684 0.72888967906890378412 0.63408972363101778758 -0.49199849429367392695 -0.59654648100411589162 0.35946127810978972805 0.87059488729895695425 -0.33593471352116122119
1.1508370967992958001 7.3349153360048484629 -2.6026164791989754299 -0.92330869306080032288 -0.0051507146546750466262 -0.38402412353506110154 0.35993890402794154193 -0.36037226724165966063 -0.86056714692716396176 -0.13395910825886975237 -0.93279434986590903378 0.33458878967002025906
-2.95186296902138956 5.7136283456550911453 -5.8268075434902026899 -0.98680923760973748848 0.00048694658749904532608 -0.16188666236322252212 0.084594889387268029646 -0.85105132136998185022 -0.51822326567229159977 -0.13802620496716297427 -0.52508229000559858424 0.8397841124151068648
5.2807349466359774226 -0.80391142345181598738 3.1590584078643080268 0.88480178927793518007 -0.001818529260831765193 0.46596404007375447076 -0.1785161448750808566 0.9223733975218125769 0.34257743878263502424 -0.43041582186237103969 -0.3862952348855184237 0.81579299567666374582
-1.9593938569170608055 7.4677372624279181323 0.71097213869683784093 -0.92168014104221795968 0.0011189876615714635169 0.38794905010196895079 0.36025358303669252624 -0.36859530493381748029 0.85694507238802308802 0.14395510938377625854 0.92958929051890837325 0.33932385332443459891
-0.63616305508868675744 -6.8452052175380178056 -7.2070653420189270122 0.95015194783739953532 -0.0069507814956691633262 0.31170974103725734849 -0.043936385938329984568 -0.99276017648431313933 0.11178920331435575342 0.30867599519817323639 -0.11991212875921299086 -0.94357840764031586378
-3.2128182025664071553 -2.9724406812521997345 -5.6930863444066988066 0.97429091151531688197 0.0030235339461088081743 -0.22527334059126533083 -0.22512326061700255186 0.051944505185777346823 -0.97294464688909465533 0.0087599810409501009667 0.99864539583551936719 0.051289727126235071242
6.1106315351686140147 7.0162659281967716396 7.1054489606638764343 0.99399182224066573443 -0.013326024784209185986 -0.10864011405624289519 -0.022291354862685370392 -0.99640507734875427559 -0.081731372996633411265 -0.10716040694720625759 0.083662051713945376208 -0.99071555367105079704
-3.6143777323143781999 -0.5124785766229750239 -6.5404445239852844196 -0.80853398476988858068 -0.0096536975569293439342 0.58837029292407860837 0.39690999836876200701 -0.74712097489958617658 0.533172300537102406 0.4344367027162869821 0.6646179767269206895 0.60790434802233839218
-2.0065391251575359632 -1.5980902998624375577 3.2392321594789188488 -0.93985595775463504076 0.0010267170210389595444 0.34156950174935263309 -0.22143254451222210699 0.75956997209079479827 -0.61157263324073452004 -0.26007384894296919908 -0.65042478685115545645 -0.71365901503852813281
5.8853858225809538851 -4.4351973320743018903 3.344485201517965578 0.37575263527063784696 0.001261615390715749253 0.92671914052404524842 -0.62665158482252381056 0.73705983643306416386 0.25308217787259007503 -0.68272816576337369554 -0.67582631337046694675 0.27774276917591733671
5.3516383806151033298 3.010808197012672327 -5.6862412747735939789 0.98655351318800554861 -0.0011986383654578615897 -0.16343417293318907024 0.10518928552269601884 -0.76068367725164287574 0.64054317370027424872 -0.12508948727823601677 -0.64912164224354396147 -0.75032907030432571815
2.6945469036316636036 -6.441217879204290675 -3.8163091614030832943 -0.9728991335710394095 0.0059815286220311521259 0.23115254100294305162 0.12476228783610424089 0.85524498996301634435 0.50298148939796216705 -0.19468345443479306844 0.5181893750921959807 -0.83281337892161100278
-4.4841959484917870427 -6.5549190579911993382 1.9122129569441170815 -0.61857005100766560002 -0.0017852121303824283749 -0.78572762775257432022 0.027356247855175642308 0.99934221561895608676 -0.023806969255087899462 0.78525328888167433838 -0.036220837917865851552 -0.61811432858406478719
3.0201576752646435153 -1.023985438889364108 -4.5893682269347113589 -0.98186133515622930901 -0.00291943855664638513 -0.18957794018244628065 -0.12754782947052367703 0.74998076306130789792 0.64904576590201512598 0.14028495900364423843 0.6614531970717973941 -0.73674948141201757057
-4.9708837928801195005 4.7984315723830786027 1.3255854916587854753 -0.74994657994637259346 -0.00099075950483101674418 0.66149765352755696135 0.40764514778228067016 0.78686135428208070497 0.46332995006468613575 -0.5209659880609874838 0.61712902016760740054 -0.58970010323102051153
-5.4362163224252082472 -4.5524236336689014593 -4.5094861803873778072 0.83617366871958398455 -0.0038893889584886284436 -0.54845097173174395255 0.033327268410259784648 -0.99776671036514474888 0.057886828099156718841 -0.54745126625142459531 -0.066681814166907327213 -0.83417662802262426691
2.0777207202331458014 5.4781906315795572127 3.7126759298333098513 -0.99992023627933579455 -0.00060143148552677452856 -0.012615837631263228727 -0.0093430961453458520605 0.70734729760901093876 0.70680443343232002285 0.0084986842151681171037 0.70686592706490913862 -0.70729649618896694996
7.2088255366011724234 -7.2183839212069083047 4.2447528158164189449 0.9440892764854774688 0.0001924008308245509901 0.32968985578448672946 -0.13813321071063380807 0.90822652135305503851 0.39502379929536662884 -0.29935706793730276765 -0.41847885118951705374 0.85747349637353087459
4.6227026555836454591 -2.0919353449457673833 -3.7366735420753389718 -0.84046075420077570595 -0.0064112908662479640293 0.54183449133255223717 -0.3081644130518900182 -0.81683020099068159858 -0.48767111589458544962 0.44571337782998010635 -0.5768425418595286569 0.68453799509199497741
-7.0652779410680848216 2.7758790309779768357 4.9147318567074451678 0.9998354457135912865 0.0035584592395570806972 -0.017788166368296241815 0.01812605469617791995 -0.23523437881514147607 0.97176963996852960825 -0.00072638561183238853705 -0.97193216038534835377 -0.23526017081664041264
3.6967566556486581852 -7.299528178150842983 -2.0110919570904917109 -0.94370499424604770144 -0.0088811375227074336458 0.33066903276729736616 -0.17400023391423824481 0.86349519164617949407 -0.47339198620337397116 -0.28132686048932725731 -0.5042788706659443454 -0.81643004487044312789
-0.28082950817439006341 7.0866129857967470329 6.1700606799554140736 -0.00070912367418420399479 0.0025225144753231966074 0.99999656702624339921 0.98812127545416283958 -0.15367225026443423475 0.0010883444014045118298 0.15367446807609569381 0.98811865503048723625 -0.0023835775899277685322
0.38499782678655020129 -7.1492733092590547983 -1.4791153830889405274 0.98492044956015911694 -0.0063231013726394360436 -0.1728922393501019783 -0.12996108301722444911 -0.68668981654741156895 -0.71523926958126471387 -0.11420080971447613138 0.72692304561019793763 -0.67715659992459287242
2.0798240753072776421 6.5822684160045223933 5.7518376791010270566 -0.88005078531688474275 -0.0083168487963952916764 -0.47480674520194265931 0.11437506417326659403 0.96670112952641995552 -0.22892634376070508662 0.46090016268016997802 -0.25577286055870585013 -0.84979484809167216142
0.018923120206931008658 -1.6401558332266783502 -5.2620875106301703283 0.72250794063149770263 0.012977165327877623197 -0.69124081831490924444 -0.44291621223259053375 0.77639234911968413311 -0.44837500952882447525 0.53085544611136226134 0.63011626975383405735 0.56669743419698859199
1.2815407783761822991 4.687112957027281368 -4.732549847150068878 0.9998759138223128895 0.00090378142217701078372 0.015727051127986654833 -0.0092177416455151844898 -0.77602848942875291005 0.63063049151932148995 0.012774591852545119641 -0.63069720688621699889 -0.77592386419608749826
6.6790266487536760209 6.7349442351212145397 -2.7785087184767207624 -0.99900798845804794635 0.0065466608014708481747 -0.0440474769895130569 -0.027105575671673907273 0.69539522902027217643 0.71811612098829136208 0.035331668009084563065 0.71859767372854332912 -0.69452793791715083938
-3.3269179956847607649 7.3452939812239597117 4.4361429081602423707 0.99970662115811848025 0.0068253603760246679341 -0.023239751899420374448 -0.023125767720730414784 -0.016329417847119494928 -0.99959919416733256092 -0.0072021163511978101429 0.99984337001775303033 -0.016166785442706964326
5.4277020961477848715 -7.3293275890507398884 5.9098597444946721069 0.99745706958957591759 -0.0043684489073844987375 0.071135862824899795398 -0.030887619161527993944 -0.92600899197979136268 0.37623569973512316356 0.064228882196678119265 -0.37747617597239341292 -0.92378914653996635487
-3.6757232852467107698 4.4379326139585000277 -4.0308739734188065995 -0.9194080423625915488 0.004959396435097412556 -0.39327376727412283186 0.13631707771895745784 -0.93392258128068394996 -0.33046371434143717583 -0.36892615244942855712 -0.35744092737275084959 0.85797988174409933748
-2.5123475044366752051 3.7093004308271875225 1.2928327469493923196 -0.99917624325524223572 -0.0094384581949765958969 0.039468347081900001516 0.038092810439945425094 0.11719155868952386979 0.99237849450931459039 -0.013991880047518263572 0.99306447629491301221 -0.11673548395375515918
-5.8739511062370937111 -3.3178420217558715066 4.9700989284454868411 0.99600957218819086147 0.0061138826237292108121 -0.089036804462224755641 0.054262792288433794874 -0.83354972579579855729 0.54977304771940127548 -0.070855356061748364649 -0.55241060368612426856 -0.8305552621303116112
1.0131834965360992928 6.2776251853011055815 -2.2939255769533226648 0.97334138542154191587 0.0095794656926981233691 -0.22916103783730681909 -0.079226276712412405101 -0.92358656335835398465 -0.37511472520041155843 -0.21524345403273253963 0.3832702621140262611 -0.8982060797362924065
-6.8027747493632357845 -6.3795093228089969628 0.5552067458885462381 -0.94313047673677152805 0.00077770773225756002073 -0.33242186904741932718 0.31058153158971119057 0.35855670180536891589 -0.88032732766042276484 0.11850745160403812484 -0.93350762544352805516 -0.33840729476947828402
-1.4554826989765061729 4.5975163447503692993 -2.6595941260789732752 -0.34856525980670632903 0.00085649434078891289318 -0.93728412238414360313 -0.29734078452698792239 0.94824504154438415959 0.11144415212737165954 0.88887047285456777246 0.31753835611459513277 -0.33027060856705786618
-2.5976228275879829077 -3.5757124756775535701 -0.3542211301672375523 0.85650457499827503671 -0.010138633385546880206 0.51603984450828543906 -0.48757935283638831336 -0.3438641063580546442 0.80251096630895824013 0.16931121550172950618 -0.93896468755306417009 -0.29946456857821246444
3.8472272613644586947 -2.1482966272220136439 6.5688956252139316661 -0.99431415249706700532 0.012996490359929302807 -0.10569038453178425385 -0.041820500155750575666 -0.96043792159401020214 0.27533623904402493299 -0.097930648475777079542 0.27819074391953146907 0.95552053776287637632
5.6525487737672186483 -1.6146268655803974745 0.66731404946416739143 -0.9931692964396174883 0.022939312471751301115 -0.11440514216139537063 -0.032720498240629107556 0.88639001925235794133 0.46178144480335447941 0.11200052501902293955 0.46237054589701387375 -0.87958476605856794617
-6.1735258047044121454 2.6623724357213487401 1.7310698799192762998 -0.81234076137162203324 0.00035757477062157549258 0.58318295547321619132 -0.39763626175276040042 0.73116363937829709219 -0.55433305493207862824 -0.42660038766211089145 -0.68220202622929615455 -0.59381184280476251303
0.32942077882533382649 0.24237033082560532904 4.4245609220779487103 0.8135826889511329485 0.011256819326945286322 -0.58134025514976739313 -0.55797782687384411826 0.29631786079548588786 -0.77514932115739798579 0.16353578494055989734 0.95502304128864701216 0.2473601375557732962
5.0915032621852169825 1.8044028261188465034 5.8981034048063092357 0.93195071247895477917 0.00013272800951428641997 0.3625849581729295168 -0.18266835046041832169 -0.86365155963480388923 0.46982790176884009492 0.31320942394839063061 -0.50408924400707200153 -0.80485644112860954547
-1.8436220059694969908 -0.80210833114507085195 6.7185641508875866279 -0.95937685664620986348 -0.0099330517126225530145 0.28195279997735606115 0.27948358789754379483 0.10304270361596354344 0.95460521962089128767 -0.0385353218133637071 0.99462733509351708427 -0.096080660164029690895
5.9481499167865390376 -6.0631985528095828641 -4.351237499083866922 -0.93896058189078279721 -0.0017904787481843893043 0.34402008639227393827 -0.22102926589790308776 -0.76315178072398903719 -0.6072441215808749293 0.26362679922967746649 -0.64621680089871058605 0.71617369189615764924
-2.2683728165136245458 -1.9878921847525663491 -4.4179059598249947882 -0.94720444223372102233 -0.0012996841994522127274 0.32062759618245106896 -0.31696817461906162672 -0.14690946641263610828 -0.93698921282857183801 0.048321019147285503015 -0.98914908861070816037 0.13874134066391571873
-1.7740784541341902969 -2.4705521676855157764 3.792315422144821202 -0.98199758878811671536 -0.0072053114982070813263 0.18875597765472779122 0.18794054732737838775 -0.13751501447605415929 0.97250602644105854644 0.018949572145160128306 0.99047347479874192633 0.13639358282438784897
-4.0631283764605141684 -0.11480164800681944004 -0.8976054634423694667 -0.90170799410913615723 0.0097554413071679266234 0.43223549683542938915 -0.074060640269579910977 -0.98845342635866584313 -0.13219245622479677826 0.42595506209288763744 -0.15121063218164587649 0.89201885058144902985
2.6751949018370098088 -4.4028944453865381803 5.1032225695217965367 -0.7850663701347893042 0.00076305094682654027449 -0.61941118187883670299 -0.15490212074348441718 0.96798272943977115013 0.19752156463396217112 0.59973004549753872183 0.25101564345584737037 -0.75981248954463243006
-6.5276167929219441888 5.8079644350860304414 5.0853479435237112227 0.91304640817890658777 0.0014045259405765179311 -0.40785326260609178206 0.15765454788981511647 -0.92348049724922487425 0.34975536411879121212 -0.37615329327444074758 -0.38364280067156453224 -0.84340198093891127762
-5.5476419198573836411 -6.7070014695139192895 -3.9421189892007086897 -0.87229905009112251868 0.0063674376841396174501 0.4889313069824117175 -0.48098584564566149169 -0.19116212306484933747 -0.85563406839254596559 0.088016950064711899082 -0.98153782323586158398 0.16981318576195436609
4.0646185545269624129 3.9191154459265051813 4.1127865395817888583 0.89735457566223664205 0.0013441948460589138448 -0.44130823545252612083 0.033889964725736312912 0.99683245998980385405 0.071948015967128353676 0.44000708611221800437 -0.079518801870635577589 0.89446661442465813519
-6.1349993984366113509 -2.1651687703595170476 1.2959209298120828446 0.95787038876133179244 -0.00061730608999342761502 0.28720016933715786234 -0.082422694317087402682 0.95734162673655531783 0.27695398386509645361 -0.27511964269312749742 -0.28895783195895985429 0.91695831614849332425
1.1031135549628514614 1.5007968147092556332 6.6192894400957289491 0.98432205914267123514 0.0088288876128263700516 -0.176159401192659687 -0.099880854406514271715 -0.79527803735015356601 -0.59796041527126486681 -0.14537502814465380618 0.60618057874850528322 -0.7819278784772942803
-6.4708875605801585706 1.4768287460787743459 -4.9907029880222255613 -0.99886048941405813917 0.00012422719282690394133 -0.047725331376872584532 -0.011314915241483362862 -0.97210245826118280021 0.2342835532759501016 -0.046364807564624688219 0.23455659276626569798 0.9709961428396096661
-4.7671138883160661948 -0.63470485245378216455 2.3549296254660481154 0.93708826157048408234 0.0085720553658559760224 -0.34898726322553680346 0.16944222605927403147 -0.88520894137589956063 0.43323718923517889889 -0.30521291266086103544 -0.46511466325529293719 -0.8309713761436310353
-4.0907415914243383526 2.6935560639416533668 -5.7485114761620410562 -0.99472139634413558884 0.0067591707233393052284 -0.1023897322313525593 0.045594202825017998704 -0.86480173813821026307 -0.50003912085144974764 -0.09192666818731720646 -0.50206799073861207994 0.85992861352064875469
1.4573448453514095124 -7.1091485801902685182 -7.0130466025803768204 0.72898042737965129678 -0.0012307148560203023252 0.68453343368920704926 0.62377686891764672072 -0.4106756052484035191 -0.66501726673611250007 0.2819396288226710956 0.91178069325622879138 -0.29860678676897500772
5.3166054140196443711 2.1552025394894700483 -1.9478032609854516455 0.57903777953496549102 -0.0096117725979706289396 0.81524405161818569443 0.68880824853091182636 0.54073058295650833216 -0.48285984862232755876 -0.43618625222167711764 0.84114092189310118997 0.31972410433026449139
-2.4073000017518193516 -3.5169722817302058182 3.139428448974465713 0.97978246144783465166 -0.010562312810315258385 0.19978680083375902066 0.16460372502638542791 -0.52505562222493518121 -0.83499832770929660608 0.11371869655744833161 0.85100236845616983317 -0.51270169390709707802
4.2789398782625003292 2.1945108466420695237 -1.3056480122789013709 0.86690254556499612981 -0.011825046044061180567 0.49833738047543102434 0.42366107323825041853 -0.50930149135466362686 -0.74908162834675440234 0.26266189581985777135 0.86050691989661165504 -0.43650494761721703174
5.6124766084787580667 -7.2201619528734051201 -5.9523000363468279161 0.97013855445356955709 0.0028219542137424957068 0.24253499074812231995 -0.1282243373846530532 -0.84281677052555370455 0.52270298509111823293 0.20588760153309146328 -0.53819320684613547456 -0.81728720021752254699
3.1624020057263213523 -6.2889176618995943358 -5.1323803456592385075 0.98861277928045088181 0.0033379803516372747937 0.15044477568350136942 -0.13357038945631849458 -0.44100172167868290085 0.88751137037051863743 0.069308900610117504804 -0.89750004978470521166 -0.43553408240063029577
-4.7905730079825614709 -0.28123531010030650146 -6.9814047758853190473 -0.80286219258737490101 0.0078876256699047415932 0.59611247686572865767 -0.5950028453150264518 -0.072996730286647951158 -0.8004018312288726511 0.037200991664031970996 -0.99730098903421837697 0.063299474646035719383
5.0648269600693689441 -5.1592729305136240114 -5.8863622116571754361 0.97457372456863189392 -0.0095485372106702687267 -0.22386353168290615279 0.2227020086850467484 0.15139300074469799751 0.96305969423147164132 0.024695560492365060262 -0.98842753136624861288 0.14967011902619373198
2.9025286192834101051 -5.3052339761307427679 -5.7742067026252250628 0.72070411905048370471 0.0075222038713243250668 -0.69320198299808455378 -0.20258896120341154945 -0.95400529154560242961 -0.22097876934551319295 -0.66298060724439933367 0.299695378929767553 -0.68603162774468195995
4.9896140884688691131 -6.1004642122331231846 -2.0011870843362276062 0.9955029984077135019 -0.0089826297671791351107 -0.094303194663336448178 -0.094466381603732579864 -0.16835531655119576055 -0.98118937526641303304 -0.0070627832998604346548 0.98568544665694513007 -0.16844677895602555573
2.5388860672225108672 -6.3442954096634851524 7.2286686020268646757 0.96555411009071612227 0.0033383094339973990242 -0.26018092969531936287 -0.085228138202030109816 0.94881515122012916041 -0.30411506584495412442 0.24584837796013164768 0.31581428800076033481 0.91641688687467826036
-4.8084675241896563946 2.2796730373674942705 -4.6540574619482280028 -0.71760979611870812089 -0.00032378528717437286832 -0.69644531420461863735 -0.43609731890326580706 0.7798906443473063721 0.44898742889371651144 0.54300580932419217906 0.62591571159570713601 -0.5597983681806026901
1.9195583644374571985 -1.6952493978510683181 -5.408846084678751609 0.87705530719937963013 0.0030446319562182563856 -0.48037976469632537313 -0.4803597925145671188 -0.0055462020349398843955 -0.87705399456275989767 -0.0053345898476322081705 0.9999799847292910604 -0.0034018071547983232128
5.9336488876550390614 -6.8713146233800728169 7.0089705517641993637 0.99885402119681576671 -0.010988548209639677905 0.046582144082103670024 -0.047818360489695718729 -0.18820994160605808432 0.98096402700641971428 -0.0020121478850664842319 -0.982067344782953211 -0.18851971136190498468
7.1228243648337912219 -0.76185819033717849802 6.7207744269545708349 0.89425690820174696949 0.007885427070967628016 -0.44748452730063092986 -0.22393099544520156385 0.87357560831581293481 -0.43211175155810099824 0.38750418244514373001 0.48662457459068547694 0.7829668141063718112
-5.8478666890316537419 1.115539224404159091 1.1249309300038621284 -0.99783293358958602415 0.014041573266758710509 -0.064282741573106941257 0.06527361245898939679 0.3343912522875783222 -0.94017117904670477468 0.0082941039612435298045 -0.94232973242582096507 -0.334583148448540868
-5.9127936094304311965 -4.787736168058041919 2.7893940129246828086 -0.88857718108732708373 -0.0072433726568667091208 -0.45866995411011302064 -0.32653135847543068859 -0.69228653300832077022 0.64351894156078692788 -0.32219227983145071192 0.72158637027589889179 0.61278482769160680377
1.6616726418907059593 -0.19895082148675119482 -4.0167855424769678407 0.88293488650258344919 0.012975092655942249004 -0.46931613350411077734 -0.038545476025926235508 -0.99424013238194319797 -0.10000402711413859669 -0.46791049622182750989 0.10638705810242064798 -0.87734916731805856482
4.2650440887805229906 6.8065514948280005925 -6.4020002708353649368 -0.60177185322056070405 -0.007254864021212798636 0.79863508789668535837 0.1538908319303286254 0.98016703331958199286 0.12486071696625353211 -0.78370163233171385997 0.19804028312837379522 -0.5887204750465822034
0.70491784093894627183 1.8369396016095431712 1.4885545741830574773 -0.95360903437221100631 -0.00031226725803478843886 0.30104769066183806325 0.19121031709038385782 0.77176075895074036648 0.6064849096077373769 -0.23252617960530580499 0.6359129134031792363 -0.73589832338800709177
1.7215835753412751519 1.7103277387468953652 -1.3763047850382248427 -0.87991705372415218722 0.0047037298802108809884 0.47510404491070667987 -0.27307672853170095184 -0.82329961367444293163 -0.49760109169673422125 0.38881239550678614592 -0.56758754483215756448 0.72571984956431989655
4.4851442381527171221 2.8936356869963701932 0.50047549300311711118 0.41160609802979292171 0.0038455660500011827965 -0.9113537357614500678 -0.88907991026045618543 0.2214658145047473381 -0.40061178986274087466 0.20029311829402221545 0.97516055325657602371 0.094575695273981158495
1.6116864579087926135 -3.3185614354364521006 4.8383210136359275921 0.85828001363836015081 0.0089841301763453479401 0.5131030146023772831 -0.33802225923308931721 -0.742411181295828837 0.57841731487739056483 0.38612999165045963634 -0.66988426111674270746 -0.63415984282834669816
3.1974821472866055139 6.5304197841231381716 3.8003313902610122987 -0.99147303505585437922 -0.0024365806968621823644 -0.13028923144900286801 -0.12981873756047190849 -0.068443662613568698183 0.98917266461740538386 -0.011327671219972662575 0.99765200752701377329 0.067543732071776316217
4.3251218553641797016 -3.669008749823295723 3.943140586103794476 0.98808887847109938551 0.0099623616252331528842 0.15356145217012284743 -0.10997949591662815882 -0.6522570103461630131 0.74997686826472231836 0.10763307446916987875 -0.757932413744912159 -0.64339224231816349864
0.15038964399920734527 -5.2777617587606542315 -0.51544370401290251493 0.98424414896654821572 -0.001306566228702519053 -0.17680992084692362387 0.14390358718699802765 0.58695542903254971367 0.79672773387383966082 0.10273856539731972271 -0.80961819224491848868 0.57789546629667842836
-0.016618751725021824878 -4.440145868677292107 -5.5697504450068970883 0.80595852208321749899 0.00045160040420425678898 -0.59197183779176454355 -0.00079305360500113442068 0.99999963533506486257 -0.00031685303228160682787 0.59197147882941125729 0.00072483580158778579405 0.80595858632163397406
-2.3413177663456186117 5.0532474175398265359 -4.4148705449394372025 0.91182302506908141648 0.0060405035954494631922 0.41053901552722732449 0.17651126420807944362 0.8970100813578288923 -0.40523658219638736266 -0.37070546875040361057 0.44196880688442763407 0.81684822897509612449
5.159927606649135079 -4.6459035931512993045 4.1308156017460957443 0.4261881422690926291 0.012378277483003619769 0.90454985801535769951 0.15357128543746911831 0.98440309746049514672 -0.085827746092850612514 -0.8915040816946915303 0.17549165210015671423 0.41763997936608154848
6.27501400384543917 5.8417140621068597284 -2.0707980787237572073 -0.93015049140247885173 0.011290065987304063327 -0.36700490153882325828 -0.064934431350213192569 0.9787150649337370556 0.19468009989966228446 0.36139117721489733004 0.20491304517211383907 -0.9096191845763290651
0.79183734723515153409 2.7284721232819579839 0.78535780358442175419 -0.98351173715062401026 -0.012633944466657255623 0.18040245656370187954 -0.022706396922698993818 0.99828934141887626375 -0.053877735180832407591 -0.17941316123910594493 -0.057085674706019884361 -0.98211615571561772242
0.089642106613979172236 6.3258827947410276593 -3.3484450601373985101 -0.98733993504672334929 0.015200506536779064687 -0.1578885596331403296 -0.13632650423754488767 -0.59016826720657045158 0.79568618225085585571 -0.081085984635856048208 0.80713713889492821885 0.58476893052907363835
4.8365795336534223026 4.8892793724054426363 -2.7800844402244004883 -0.89572771183050148291 0.0065056937524753145896 -0.44455544334505631143 0.30567539522013303932 -0.71707237464574746788 -0.62639425466458653613 -0.32285355661029468965 -0.69696835327627770784 0.6403129668493695581
4.9704170743230822183 -6.3811849844341921312 2.3001212130629782315 -0.99593921106182559111 -0.0011647776801124146064 0.090020726294283204272 0.07974179513293076782 0.45272628674320247733 0.88807666076792524112 -0.041789161017890902317 0.89164878320145957158 -0.45079497938288104475
-2.7281675019606055344 -4.1633097341819773618 -5.5653943002366812465 0.98787292031177331708 0.0078421127548503402616 0.15506641990527816888 0.15081440394915834879 0.18893352851084888044 -0.97033970204551878158 -0.036906759220192694726 0.98195856484473531545 0.18545961299397425992
4.4411171408691627605 -3.6978029198723199045 -7.0025345816015338585 -0.90466965883613814636 0.0016575192064238442567 0.42611038594626188258 -0.31723803916006915182 0.66500679252597139079 -0.67611093202525485157 -0.28448696787566835065 -0.74683546951407608905 -0.6010856399752894097
6.5276717335192619984 3.0858041138947482906 7.0834535244028185019 0.99997770977411781779 0.0030866695433547225447 0.005920508925664753723 -0.0064873644989846442066 0.65890413852714690979 0.75219894332131376213 -0.0015792582643547482119 -0.75222058513643763611 0.65890947575550318227
-5.8728024412662316323 -5.9715945592455703661 4.2465045343555951618 0.90360656072090717039 -0.0017563408201052418608 0.42835977716046946817 -0.11944678150847337639 -0.96136127740372845363 0.24802612905897836182 0.41137288414444322937 -0.27528423415740810309 -0.86890214674322574506
-5.2220110173287874744 -0.97505943536277428496 -0.61017123270439688199 -0.89168514675165566619 -0.00070520280052644443783 0.45265561053795022595 -0.45222338995790678506 0.045105310403071696701 -0.89076344589821765396 -0.019789002942352335035 -0.99898198865771026256 -0.04053864452711589822
5.1169070982546314141 3.8390045756307493718 6.242350910559749444 0.94579626172513409088 -0.0010847269618627485704 0.32475876381425305972 -0.19397434385403744539 0.80013838702017514581 0.56758480911941600056 -0.26046762799460326798 -0.59981445879887951289 0.75655748610575224156
4.1912348752057368984 -3.7468366842896760893 2.6996276815113620096 0.85412630983525872352 -0.011571843232393611359 0.51993686087001200757 -0.34009100600406894088 0.74393221482727756033 0.57524165998062093408 -0.39345438678752325812 -0.66815488637471087685 0.63147659761182373117
3.7729259636359477881 -3.6553301947020160334 4.9141519386500958078 0.96681864579794174475 -0.0064165234709230864821 0.2553831129184442883 0.20870645960111636197 0.59633583103979059814 -0.77512914429719836917 -0.14732046652837940681 0.80270941494705383423 0.57788777050335926599
-1.2995477012028653352 7.3519149286983029867 6.4116020733335608028 0.013244127416314145987 0.0055718631954274006404 -0.99989676838637198131 0.49196111314867185804 -0.87061558195061461429 0.0016648166097090969645 -0.87051643076884988037 -0.49193237625251129419 -0.014271683717884302636
-6.7612469073866519054 -4.4806538483565692133 -0.64204458011874332435 0.95690719952393221703 -0.0058285413038613315129 -0.29033539158249666023 0.2881536829073563788 -0.10488968794802058793 0.95182225672076403722 -0.036000923960599853779 -0.99446678248608355588 -0.098690181910667279519
-3.1215768529129768183 -6.5917680010392292189 3.2756719041021145067 0.74706447842838208384 0.00053079342659627859122 -0.66475136955765479208 -0.56148713442160702591 -0.53480374227881088967 -0.63144053965795732264 -0.3558466846122015359 0.84497613901386825486 -0.399234845107075631
3.214083934287191191 -1.0857297140229513754 -6.4852622199126290781 -0.98714995858604215329 0.00038890463560743888938 -0.15979614518774776233 0.14202042896368397007 0.46051172001532109102 -0.87621866761987288186 0.073247232170600473644 -0.88765353853953199437 -0.45464935774456777251
5.9934635017395523349 -2.5448801942172587509 -6.8947996942219456074 -0.91294722823292218106 -0.0016177215313621993824 0.4080744312485433678 -0.3932950018934565084 -0.26322667417144174351 -0.88092608060506505385 0.10884116844011593184 -0.96473265777715522251 0.23967582078905919074
-7.0951625476996103004 -6.1304787550798742757 5.2303103035557407807 0.99357762306012209486 -0.004115496437972386394 -0.11307771506054901944 -0.05850647461766358276 0.83669862640177172786 -0.54452952262033649244 0.096852978178503093543 0.54764812723720024401 0.83108424925007606809
-6.1214339893705211892 -5.7480997660199566468 -5.7949822378119559829 -0.57194137768194253102 -0.0043793032908210835497 0.82028280623083171808 0.43494855984882307975 0.84621983121453869803 0.30778522957508835933 -0.69548746270560524163 0.53281593347223910051 -0.48208336442711358094
-6.4584697428931674423 4.1335807944630076349 4.6303344674528608138 0.8753975108906165703 0.0026920335520612026677 -0.48339626692999332347 -0.022676319582792484747 -0.99865495987567587388 -0.046626769629433968689 -0.48287160038330151357 0.051778606308466257335 -0.87415902070063933316
5.4441886101766057138 -4.5077107260617594875 -4.5043891398743678423 0.34928214000078167123 0.0050959606796370897352 -0.93700374484922410723 -0.37052534558358957151 0.9192334612002335259 -0.13311954060155875568 0.86064682359067568029 0.39367991439057653524 0.32296001308021643483
-3.9348772322388070322 -4.9788753884178413855 5.5145380883703412067 0.86264146291868959437 -0.0052333564124416812741 -0.50578880813445170617 0.21031798058409140184 0.91311873375200791614 0.34925710460079439912 0.46001744912173420099 -0.40766014037652242852 0.788794749254739469
-0.39093824349838063315 5.1010871095587395629 -7.0597786682444887418 0.97490938804221705105 -0.0040249708587353294834 -0.22256568629675307913 0.056862484668961522927 -0.96216273031969723473 0.26647614944105052492 -0.21521696713876714568 -0.27244573770423846648 -0.93779260876929793067
-3.4303527263954669557 -5.8328671064960877501 -6.5331692468770867777 0.96896152379788202946 -0.00012421597718578411551 -0.2472115490213440403 0.14436639852421359609 -0.81148426012841001764 0.56626110456310185803 -0.20067861962926281105 -0.58437426375077494711 -0.78627909261882877878
-4.0016642288163541963 -1.1135244896179647967 1.1801613340441927669 -0.95273409707138512204 0.0041316097201767277777 0.30377733634798287365 0.06777017458961853702 0.97760232828293980312 0.19925082477078684406 -0.29615020464891794738 0.21042009774936004662 -0.93167507144354333448
6.1261204697093942784 -0.30855054225941286328 -3.8150851817109838748 0.59223882424102436417 -0.0080635054159698456994 -0.80572213258794467272 -0.17517509202951631053 0.97474459467033536253 -0.13851592794121289631 0.78649021748148650879 0.22317695902888559645 0.57586906737961474079
-0.41261235110237398649 4.5585818633074950412 0.90152665345989024814 -0.90472804095309189432 -0.0065329412385750074144 0.42593954100571768118 0.24551472925223011279 -0.82511075348663109885 0.50883667536927212893 0.34812309551874504043 0.56493323955974439343 0.74810476887058208195
-5.7451504330413625254 5.4481249119316146334 -6.8395408123732135408 -0.93198393923357836233 -0.00067956766145229859435 -0.36249893130632004912 0.014784775422077463258 -0.99923742322449438102 -0.036138379091050297498 -0.36219793956642404309 -0.039039854192900944052 0.93128327718180514694
0.36312337529863131236 -2.6991449220707108836 -5.741243702906850821 -0.85182126936112467774 -0.00030044369641776119684 -0.5238324491644034131 0.47489014504357507374 0.4216154423952921948 -0.77247638726001943699 0.22108793545659119473 -0.90677468450959353152 -0.35899832357279171102
-0.61845682483058395107 1.227768284562183787 6.063114409271584293 0.99036965951963995547 0.013308106033193677076 -0.13780722701206762904 -0.12553674386730048762 -0.33341619199198896384 -0.93438437960879705546 -0.058382047258956328017 0.94268581045412425112 -0.32853462424291562938
-6.023554886559430166 4.3479741359303405446 3.1558860912943598187 0.93489007033850479722 0.0012768483726635733097 -0.35493510116731363802 0.012803363431024585711 0.99922140429435191145 0.037318347830431912449 0.35470640009346077193 -0.039432915922732646175 0.93414582099073051324
5.3147175597482663179 5.2444378372742352923 -1.3336712016921876689 -0.99710434672471437434 -0.0021610031767378690137 -0.076014813082934715172 0.0067483163860835530118 0.99313806683849126244 -0.11675290327097963272 0.075745507911120946165 -0.1169277993530282167 -0.99024770020928321035
1.5717906384349877857 5.6289088621195952911 -5.4011493901123275307 0.83529854715776274965 0.0082738896309706988497 -0.54973437209846554019 0.3813513341441061022 0.71153796413226244599 0.59015666186617976585 0.39603976702180304637 -0.70259893847694365743 0.59119136883798728554
-4.5367703962022360997 6.5140561553590909938 6.8643361602088450724 0.98945050157075820074 0.0032137912699762550238 0.14483568789170242486 0.054666932988981578601 0.91756088153994685985 -0.39381919087959760262 -0.1341612141379648071 0.39758231878848093732 0.90770538634953035206
-5.8403847104616595232 -7.4322736833969802461 -6.2070029232691643628 0.99866178399667071552 0.007112663829766876708 -0.051225493632846619274 0.049107496518947010844 0.18023733021953763922 0.98239653835961526784 0.016220202536444992131 -0.98359743534051924385 0.17964684862560009737
-0.95738308185861575872 6.7801321385502957284 -2.4863288541347299265 0.81142883420109046533 -0.011123054143856808684 0.58434538134015723276 -0.31691864172121969601 -0.84843892386055064225 0.42392684157526955291 0.49106600529518762421 -0.52917640739624782764 -0.69197291009002315221
7.3066591084507148679 -0.93619808613164534616 1.3230230047634023993 0.98853749501351373397 0.0046876431158165074442 -0.15090277318275110985 -0.11854776763035208831 0.64302955046206244916 -0.7566104836852155513 0.093488222477951188338 0.76582701913322970277 0.63621453066034139301
-2.1983219359416810157 -3.4512888797324503543 -2.5421893908772283943 0.99776015569260023685 -0.0019052714257205825323 -0.066865848181602363653 -0.062433924247327333978 -0.38537129752709919916 -0.9206470377649382808 -0.024014096179728092184 0.9227596290384461053 -0.38462707939193024886
7.1911793425416670189 -3.6314610519423498047 -5.3002730794369012912 0.94846730138172208324 0.003822595144206418754 -0.3168519622410266301 -0.2439353578802100353 -0.6294117773532299509 -0.73779153946426279109 -0.20225063506815463277 0.77706254722219980646 -0.59604402380950849416
-0.80828556831594722265 1.3966392904611968362 0.07585134423332638709 0.87639760075939632245 -0.0040174811286685895018 -0.4815714954486395305 0.39149455731912496947 -0.57640647122572175043 0.71727790396656709859 -0.28046257677761921023 -0.81715325354216095111 -0.50358842644838330838
4.2433902712381526001 -5.1783796335775749142 -2.3051938937179414779 0.99263491230203493298 -0.0036250656756926778225 0.12109000692889727857 0.085440393400657288492 -0.68766427396826557139 -0.7209839009875290694 0.085882885691779514703 0.72601976915679389268 -0.68228983924633401781
0.89802793416018256156 -3.3347311108013775183 6.5503658433227558433 0.027114453690906707012 -9.5864072499491845281e-05 0.9996323310153323316 0.99910389845474290027 0.032513882641305363874 -0.027097002201165707597 -0.032499330666103082299 0.99947127935001045529 0.0009773743337129249531
6.427640557780708086 -2.5567430836034299446 2.818712342896489087 0.92269541912379215987 0.0063694847040983220907 0.38547709814289582431 0.26685888039064858956 0.71106729179614958092 -0.6505149072038742819 -0.27824360097710848505 0.70309511177535155557 0.654398779272233444
-1.5897587788464369041 -0.84971490886169342982 -5.2467020333707967694 0.92482459918128623322 0.002593967119240135101 0.38038497878292903964 -0.37375674842977929524 0.19217974376494714739 0.90739894152997346843 -0.070748524736163054261 -0.98135631521934341137 0.17870206721418632756
-6.8758932218699895245 4.9499333235009403964 5.7197278423177646545 -0.98545396920623407055 -0.0014981392536192418216 0.16993595897988397758 0.052950620273440579533 -0.95288995548999122498 0.29865860868046834042 0.16148283620339595745 0.30331252579654005563 0.93910851625708480217
-5.124511042701276331 5.5253346891765433568 -4.3411251511648814017 0.58169373380763789161 0.0043184531456787762088 -0.813396429185310188 0.019940303796542310777 -0.99976109221209019662 0.0089522501867924150071 -0.81316344257072004087 -0.021426839742078852835 -0.58164087391213170619
4.154709824772805149 -3.4697173837506101179 -1.1128341381609638816 0.88699961910142299804 0.0045427806528138738734 0.46174780872020304567 -0.12932212859449290776 0.96238061766668392405 0.2389546689131542001 -0.44329162271553340657 -0.27166690980605273653 0.85421872336473003706
