1125 14.717824617146108679 14.977075390850430381 15.033177056927090831
-5.0016376916931504226 3.1927246418558472563 1.7553973948125907167 0.95434853806577379931 -0.012389310476917624049 -0.29843822288303228918 -0.26232312139496360981 0.44306278632648532501 -0.85725255750814444156 0.14284763866897823292 0.89640497118129613963 0.41958631980571325926
1.2904162487156471961 6.3165248588686457865 -6.8587733646205997218 -0.99972527649880471579 0.00046611615273680359964 0.023434040733263505202 0.022535864729477127211 0.29392896532678863819 0.95556156167083405872 -0.0064425406673102271135 0.95582715282514929545 -0.29385872046288880055
-0.96708412875635973993 4.8967825856500590831 -3.520399356440950811 0.75208224696064873704 -0.00050801540825142236721 -0.65906906749359472908 -0.28437710630057955186 0.90187072011680990968 -0.32520588187810473002 0.59456030410606097725 0.43200572463378972277 0.67813648970174555952
4.1221134441911786439 3.2188587035337734577 -6.9546926962260373628 -0.68235987204541415085 0.014711904474109286159 0.73086836358465512298 -0.65317672175697782944 -0.46120576502247939699 -0.60054093321337520539 0.32824560191549562171 -0.88717123610769044184 0.32431778034248431863
-4.322447530953707151 -1.8708389002205043639 -3.6479807596339099973 -0.81818396592696340797 -0.0064996153829456684847 0.57491977953444162175 -0.55228747547117429395 -0.2691270099077290312 -0.7890178686036631861 0.15985475387909767186 -0.96308276255886049455 0.21660574813294045105
-1.1176104837707216966 -5.3443199619123511468 -1.2259210866251157857 -0.98955206373372983641 -0.0033785409773985086712 -0.14413638895580027643 -0.13813625786233080239 -0.26410901387135682361 0.95454952886460597838 -0.041292704248367527453 0.96448691761619498308 0.26088292071946078687
-4.2365183992286263859 4.1123252435222257262 -0.32029442376940792103 0.9498934624808326177 -0.0016591302342994860425 -0.31256944384089502265 -0.027160631306779228072 -0.99664169057979135058 -0.077250506181528733052 -0.31139157028276498451 0.08186933421717333681 -0.94674848934222732844
5.9328404830035745832 -4.2235275492892458971 3.863242035608428715 -0.99621674316906350111 0.0059578268237252532055 -0.086698932688422325477 0.039505993221690849371 -0.85755396832949237762 -0.51287470975079307856 -0.07740463247982794226 -0.51435950044875355935 0.85407425155462446398
-1.3061308946141556575 4.1581905754059027558 3.3004480497978470055 0.72004372291501794745 -0.00020133641787003185575 -0.69392866820330900701 0.50632911732498520063 -0.68366211255759778975 0.52558247764007492986 -0.47451855816143512223 -0.72979865395665699523 -0.49216467025111121369
2.3350844349240955644 -7.2638564601075987781 -3.9444803037350064656 -0.96458273235244651467 0.00079558649237296296709 -0.26377930072240363124 0.10500546137749942888 0.9185051118333971143 -0.38121150640676415566 0.24197934938408621752 -0.39540830362823725652 -0.88605771137867683773
-0.60207237814473368864 6.7043832471088578018 -5.470107830699999063 -0.9240469835043492175 0.00052353431186637038042 0.38227856098442625221 0.035640509599267795882 -0.9955255230679845857 0.08751392458232895577 0.38061388092397024918 0.094491580747251890937 0.91989369756285499502
5.7962453771629878219 -1.2009143834887723301 1.6269687879155456667 0.81479319183241105673 0.0062348072663753056899 -0.57971819164303328709 0.57895804330895073164 -0.061055298926987855435 0.81306816107917589953 -0.030325544205457417857 -0.99811491204725666382 -0.053357133706344359036
-3.3361279395631697753 6.945944872717691787 -0.65908488647936847027 -0.80768432409361679003 0.0050447080790796830843 0.5895935748749515648 0.52386934007783980682 -0.45273212799317907873 0.72152237304832478326 0.27056782354880914987 0.89163230717780828094 0.36302187490135007231
-0.01262133713068179855 -6.7608766383348415374 6.1445123260108180929 0.85146767634053011076 -0.0017276956388477459833 -0.52440424408575281312 0.52171844771206044022 0.10392258441854920759 0.84676440511208206363 0.053034493155544225329 -0.99458388862667079788 0.089388092160961343802
-1.9941361518802092068 -2.3680031871394064957 -6.4133034867514915334 0.92530359563366126885 0.0036470799867992474697 -0.37920964480748942105 -0.33482931106664881593 -0.46163463772775548133 -0.82145163807771792719 -0.17805220683298955686 0.88706265847319254458 -0.42593104087910177435
5.2659509637945038918 6.1215121238993406294 6.4110368082437592108 0.060334464334071233327 0.002194274995360351397 0.99817580494159119375 0.30637157980234319687 0.95168884464427938585 -0.02061062999909784102 -0.94999800394673972193 0.30705622960096140561 0.056747373157434763402
-3.9497983017286801832 -0.10659149033541361062 7.100670844311778751 -0.98434183284532295044 0.020443449469189408502 0.17508061424520879323 0.013248814812887114642 -0.98186157066259704962 0.18913573158464846991 0.17577151366683410605 0.1884938233200183777 0.96621656659029919734
0.29036007724567125532 -0.82195087305436187464 3.0739933283779907747 -0.90331971816098188821 0.0094741420586624026934 0.42886329688355584455 -0.038061075165571722767 0.99404285211141085732 -0.10212816812029132385 -0.42727607157300273588 -0.10857738622121926308 -0.8975779129761591868
6.2346729243453822278 -5.0875543618866956308 3.4227643452943956603 0.98287480278589589577 -0.010200769045682685221 0.18399202797764038775 -0.1157377258902924505 0.7427895917778259971 0.65944552553817925578 -0.14339421485612760532 -0.66944720976149030278 0.72888855971842736459
6.4306676542190368551 2.6412700599986793648 -7.0474971337252849679 0.84935353437274774269 -0.0056413349997367018621 0.52779422977881451651 0.079250869083243219437 -0.98724432309698140209 -0.1380867345626496101 0.52184085064124574593 0.15911260745798469496 -0.83807237441058635152
4.9520170286480009736 -6.5853673611036240843 -6.3351580352403660257 -0.34311393649880544965 0.011573303113144870272 -0.93922248974106503638 -0.64773122655988957241 0.72122602071044872307 0.24551432786974755618 0.68023311057275437364 0.69260312279483438047 -0.23996630925049430849
-3.0374739534044152833 -5.665344014257828853 0.64422827203743437963 -0.93703068675838907531 0.0012319813502003004475 0.34924486294679585319 -0.092847986785421970923 0.96312913718923653938 -0.25251042839266851781 -0.33667899165625270186 -0.26903670255015538215 -0.9023671698694266663
5.5747629805982041873 -0.76333927827795733378 -6.1025570905280286382 -0.884002035571224698 -0.0029336663415381551007 0.46747384387556573104 0.36845299993581354103 -0.61982635264680419063 0.69286194830055136684 0.28771998183012681416 0.78473351283500625275 0.549008675604790497
7.3361419850024205402 5.7554351928475089295 1.6260871045123992396 -0.76359833371803587099 -0.0062056606552267495891 0.64566173381965319411 -0.6441555894994576148 0.076252417225745508511 -0.7610841907331055145 -0.044510237696178595046 -0.99706923462872998343 -0.062223629733164489974
-5.776059887090857714 -5.6073800184646431788 -3.9563211360104095782 0.99977970792340931094 0.00075059007969415642014 -0.020975515227654173422 0.016274551381753970397 0.60335975985369749708 0.79730304098665194523 0.013254229583678963852 -0.79746876854453185857 0.60321462896244470997
-0.403487683467773528 5.1023988933337598439 3.2970828267295506642 -0.88891255967673565852 0.0031057369667063204621 0.45806638781593927989 -0.23926706884804432862 -0.85587213307316800659 -0.45851298955815905645 0.39062223568777110216 -0.51717815714373571723 0.76153858914672722946
6.0302490995007564933 -7.2388808244333953112 1.7764519044031301664 0.92417382495935795905 0.0075580794728591742249 -0.38189739026975039193 -0.21085299719662969897 -0.82357888646821453271 -0.52655373072177247273 -0.31850236236694717817 0.56715138472766146727 -0.75953640595309501737
6.2846654366312844076 -2.849121229597854299 -3.1170531390892626256 -0.96627688778454923213 0.0092091157975470305103 0.25734056874020810879 -0.23820828196423221579 0.34760676199977275092 -0.90687725377563010998 -0.097804859475153896331 -0.9375951851403518944 -0.3336906925055070916
-5.1717442056972808828 3.139210869682433902 3.0187947903534211314 0.81133368191717880613 0.003742319990319597188 -0.58457134006723165953 0.49945882223456139481 -0.52406858014366042298 0.68984998963415788964 -0.30377383277518293925 -0.85166784508239601337 -0.42706362543986853275
4.4432749206672434994 -5.6267696730264553651 -2.837987999169683917 0.96519255316920904431 -0.0031376152253767609392 0.26152149180760514424 0.25286163168498237974 0.26664627066624846385 -0.93003266693231689821 -0.066815645833664324971 0.9637893554664929141 0.25815837728292007069
-0.98206495289485318256 -6.8727863088175453754 5.2469596404987850491 0.90850698401901985868 -0.0045240622962205434554 -0.41784517808505217129 -0.18818978510055764386 0.88836747515636671491 -0.41879330685689664104 0.37309471287118312066 0.45911083840899608033 0.80623667324355052788
0.87220436756412567103 -7.200126796330704515 -3.2681387458859703088 0.98936011865528450393 0.001431845971231616348 0.14548025787628074412 0.048268807238213327915 -0.9465439275016307441 -0.31894312276273362183 0.13724677723881828495 0.32257176430519485244 -0.93654192592251750415
2.1470891316554245876 -7.3405634376427491006 5.3393796403049380572 -0.99822490236696193033 -0.0033995330860180777988 -0.059459965264899397597 0.041819475762804300678 -0.75085285947262769835 -0.65914422918557213915 -0.042404902327642005067 -0.66046076840083411952 0.74966218903056991429
0.2678335687764150097 -1.4773206561370131329 -4.0340202269681801894 0.91929533429089516083 0.006836598720850135813 -0.3935090205689082965 0.29678108846973316748 -0.6687281047479489704 0.68170646721807959256 -0.25848998796443922732 -0.74347561011654739183 -0.61678759981375097521
-0.74439738401554911285 5.9849291120741288097 -3.7650967033039264287 0.73382114263339759397 -0.00206860689860774178 0.67933957008977319258 0.50202878654898996924 0.67536242866135942631 -0.5402339191764986559 -0.45768289032951237072 0.73748309188628047295 0.49663372930312932318
5.8536025429397824382 6.9061375506098547916 -1.3008513270735357903 -0.99996153261725606587 0.0087335810823494317706 -0.00081107768443509573042 0.0075416758340258963772 0.90332376594183949603 0.42889310674126540635 0.0044784384717723411951 0.42887049146103412012 -0.90335488327824164934
-1.198314228991671726 -6.9731042120421333763 4.2659168010098271751 0.8759204221314362826 -0.011104880525201164809 -0.48232778866826248043 -0.31095406202566261422 0.75138727196768451133 -0.5820006347372601585 0.36887800883603671931 0.65976802677407053732 0.65470234873855315261
4.3555068412474806649 6.9749268925713021616 7.3993515801409186494 0.98228602948802989925 0.0046008547596026148907 0.18733122646276267886 0.17145576937572945542 -0.42544765527177441644 -0.88859282676126605249 0.075611344521415754794 0.90497133919219463483 -0.41870013114445420177
-5.4712673073725834882 5.0662305414481121346 -4.1777179934062900202 -0.75813740396335438376 -0.00016135387295852495013 -0.6520948172440997892 0.03862248395338317708 0.99823332051593771652 -0.045150210909304988594 0.65095005987009713078 -0.059415585302322972139 -0.75679178627818866065
-2.3744543420230437292 3.9317105706141166621 2.5733213599376969505 -0.80679449750649168127 -0.0027804590244188136412 0.59082561542386047293 -0.51395880977314500893 0.49654361071437214115 -0.69949323407389485396 -0.29142577210998121817 -0.86800732238062061619 -0.40203769430715519118
4.6892433196995781941 -3.4533086814133207021 3.5656787333702020248 0.74900786013977005418 0.018860950083045037451 0.66229260150699387211 0.64480205723865935408 -0.25063287856966326439 -0.72208965313217809978 0.15237300426788366603 0.96789845786720618559 -0.19988757547311791773
0.85510303764491812917 -6.9417258279215605654 -0.25667303362849569481 0.65036297987197100312 -0.0013105315988893150719 0.75962245682898688059 0.06029688440876998512 -0.99675409506648449121 -0.053343787818149211721 0.75722670326834939925 0.080495692276798258558 -0.64817294249479417978
4.8992836138952835512 -6.4357283805784391006 -1.3762441220277166209 -0.84426735595399504675 0.0011473711137905545643 -0.53592099717217767108 0.23962651844878624097 0.89527548746135221513 -0.37558079451279119398 0.47936600142965940519 -0.44551148704642912213 -0.75612680919480734776
-4.6693012827124249498 4.0786964720727914013 -4.6589404575988933033 -0.9170081515160728447 -0.011062336229527292009 -0.39871502952651055596 -0.38322420250577021728 0.30164566305585460704 0.87301151457093739694 0.1106131125454232339 0.95335592444621131136 -0.28085088687105147498
-5.6527405549746507774 -4.1420121246210710453 -0.22208276776185648105 0.99649658661832074547 -0.0050007737513984426223 0.083483801542532071194 -0.047741331218457090657 0.78557888722436164386 0.61691699380123210528 -0.06866817422644450053 -0.618741306370649502 0.78258793604245813214
3.2201710327790902255 -1.2619041468222966795 4.4222547574540627124 -0.96351571930159551904 -0.0051118654712934957079 0.26760292877744518147 0.094332460279061933206 0.92917618132920454244 0.35739755313686033533 -0.25047723568539992378 0.36960180313675200514 -0.89479364186470489173
5.7208662357649338048 -3.1620313058606286383 1.7407025513459846167 -0.99943512038015647203 0.0015825018259968558123 0.033569865038259205647 0.013123592436362158109 0.93795928110025561519 0.34649698168878018123 -0.030938834371679643787 0.34674180983238001019 -0.93745021512708526235
-6.0176680302874308026 2.4844084097159999658 -0.23700618350619873098 -0.85799778358544942503 -0.0022937625605540419571 -0.51364826682836517424 0.44638460536209312313 0.49140972356800483034 -0.74783505379094905585 0.2541271088612176432 -0.87092549752325532086 -0.42060455335826851808
-2.3471304144011400084 -0.5986961727371886699 3.3498161311879810498 0.87394128113931079938 0.0078454731900600600814 -0.48596819409391406319 0.27235199902389684024 -0.83604713689498444396 0.47628728044892265636 -0.40255561820472363088 -0.54860152518943727795 -0.7327928362174199739
5.9008710332030842594 1.3440179386553294805 3.9936433673681248635 -0.97314675864130883998 -0.0023196722925169638296 0.23017385878154783541 0.19023071373770161774 0.55491607083886562712 0.80986445154462427531 -0.12960579345384681815 0.83190310339913620119 -0.53957350273897164428
-1.5804742336153221327 -0.3929716446936866725 -5.2128995738443499874 -0.87463985402377963929 -0.00038404979537861455574 0.48477312039629971707 0.046376990182258569229 0.99534675584198684106 0.084463071318066962334 -0.48254979073113957178 0.09635708661327864466 -0.87055213015923016417
6.1987812412269009954 -6.2480723945966403221 -3.0746790846078493331 -0.7067698415471029838 -0.0028087234639936919413 -0.70743798466873519803 -0.49827888823840937871 -0.70788345660343732213 0.50061877851631053638 -0.5021897456295782991 0.70632366726571715887 0.49891115085237197624
-3.1592408593952239215 -1.5653516870615977741 -5.1840899198385903546 -0.9926785635095695115 0.0062606001904402814456 0.12062368935598062614 -0.064614422160029424957 -0.87127299435332206112 -0.48652681915760814801 0.10205021311845685617 -0.49075877393680794603 0.86529854952297136084
-0.18655458204979116776 -2.7343159094996862812 3.5046901314009399897 -0.99334983784856334399 0.0016260821208581967626 -0.11512365309967198534 -0.10400627544449297934 0.41620732337488614005 0.90330180927390268941 0.04938415043543345484 0.90926828814502558274 -0.41327035444079818216
-4.1445653189917566195 -1.0500839431357114062 -2.1764503008130096084 -0.8012733402696967655 0.0093463639561668972883 0.59822544216525097571 0.47937631180233664097 -0.58825064043544528225 0.65127531483248601862 0.35799355560657886155 0.80862465304252095777 0.46686913009536046282
2.0214972173745224815 -4.5588629087172218846 4.4294857236035438675 -0.93247494872250846765 0.00088836006766152345038 0.36123355439555016044 -0.2969484966398966419 -0.57131642750390188024 -0.76512687183724292783 0.2056989556321601742 -0.82072940149639073137 0.53300205362762997918
-4.7065715905857228307 6.6497982825551495978 4.4978995656049871599 0.96457155925442406019 -0.01325362519944497941 -0.26348823217842265443 -0.17495473008858625219 -0.77967081258527459742 -0.6012522485796897298 -0.19746531213621068557 0.62604933146007624156 -0.75436707582009665529
-5.8131507337531624913 -7.3982861430326849472 -3.8902747409146409829 -0.97439907098590761159 0.0016272034747737643828 0.22481948908124643749 -0.20577118962300602889 0.39642357944770068023 -0.89471032361268010291 -0.090579622338675003235 -0.91806628184826100103 -0.38593993593592607061
4.6822641634892780971 3.0983874792463037551 3.1889898457321010916 0.98252782459853804653 0.0043153901100704845223 -0.18606571768552607193 0.014921362001354033719 -0.99833947298556369176 0.055638562480971522073 -0.1855166484325821985 -0.057442789687813668176 -0.98096070210150621005
-5.95199542276992144 -0.75253328802994046143 0.96459290744803494189 0.99993118172220329942 0.0061646574240773119313 -0.0099814236640029824904 -0.00073043307435011715911 -0.81644571657164011214 -0.57742173353554282489 -0.011708897772183706962 0.57738928712829595824 -0.81638502731391493494
-2.2638342137921982911 2.5610120070764472722 -6.8939826721795451903 0.93104892540999328876 -0.0019069800166177600792 0.36488938312868840486 0.24856091486371414967 0.73541494074242275136 -0.63038269054186601981 -0.26714297687747312615 0.67761436552066833805 0.68518129100627722661
-6.8962241116021409937 2.0118882761952794347 -4.5991405929062265656 -0.91837074494455672724 0.0035379714833532979225 -0.3957052660600940408 0.10291462030500862779 -0.96341619538120104593 -0.24746275559091596152 -0.38210437809240288543 -0.26798641240738341196 0.88440914005208703941
-4.1534409247205399396 -0.73516392922351869732 1.8032684765862336818 0.77674363881032182366 0.0028564540301199117973 -0.62981041610797228181 -0.38551521601797628103 -0.78861061257182851758 -0.47903164817979693169 -0.49804350993297880068 0.61488628412870049988 -0.61144707032095568788
-4.500544196312865175 1.1110530071475392955 -5.5540171672800990876 -0.96918050285557200141 -0.00010633293007399416408 0.24635166242191072761 0.23265101155137191125 -0.32923485474798597217 0.91513819570773780043 0.081010244468672790163 0.9442480601580500732 0.31911274054599536587
0.99484449366851745999 6.5234989435824877191 5.7068751358588079015 -0.97831711005601540432 0.0033148895716684804655 0.20708607794537578495 0.20523288660682156848 0.14992101185202047486 0.96716242299848786956 -0.027840517715856733655 0.98869242017543335077 -0.14735061540738739194
-6.1353650577578280334 2.080343914589818155 -2.6560771887821181814 0.92775623048409217031 -0.0037484123612706475234 -0.37316795977522226879 -0.35338359328926138847 -0.33023337669215097057 -0.87525193682319424315 -0.11995171025064046977 0.94389187215670444786 -0.30770070016920542111
-3.5699112107356891777 -4.3004979717843605513 4.3567610982212379156 0.97021067503401414722 -0.0020168184417911055178 -0.24225436733624278185 0.19978201109021170856 0.57228422381191168533 0.79534766940039214322 0.13703428072877454902 -0.82005286391749032671 0.55563918714016891087
1.779923093151609681 2.5721372920920231309 -1.30854639231892933 -0.75685709738395656743 0.00079148300963300353972 -0.65357991683825222839 -0.53103850456973800132 0.58220660687863479144 0.61565702592536364346 0.38100582778213631929 0.81304049128041355754 -0.44022689460604946809
6.0537580040811116433 -7.4726836407521837202 -6.090191479401005914 0.80650187480486379421 0.0089464247303719345028 0.59116384143552258568 -0.15252198298721075798 0.96918968499744340139 0.19341251045427571009 -0.57121954679598718752 -0.24615303365805193958 0.7830178244324372816
2.729887132872623301 -5.673456333427042253 -6.1523326902005823769 0.92310202201549185208 0.0084023879755926560164 -0.38446333612857758188 -0.21584884438331944367 -0.81609728464226694022 -0.53609187494116850026 -0.31826393658286533661 0.57785346055535180554 -0.75152740788003125072
-5.6098202640513230577 0.23558950486001878355 -5.7142849295404793963 -0.97992337338361812371 -0.0033681390125467149978 0.19934602563371303652 0.19554870656600206735 -0.21116920828839155777 0.95768902511790776622 0.038870112641104181961 0.97744371761771675633 0.20758827816812033817
5.7477834355368653263 -5.3546760933406076788 -4.12998593323739982 0.88485497860249040514 0.00036625569829106668918 -0.46586643225192975182 0.4067768316118496319 -0.48803800446941031366 0.77223799146207572353 -0.22707768738067346526 -0.87282230267699922877 -0.43199184233453985504
1.4166866464039360451 -6.2575071002718472002 -4.3491567018856285287 0.9483212555839213298 0.0052447935259445884262 0.31726847991645723557 -0.048222982413098372523 -0.98586741828098267693 0.16043683348636358921 0.31362611526277606178 -0.16744529170097210979 -0.93466610835762786724
-6.1316529892334319385 -5.8947383234069050673 -2.5644286331752152996 0.9998744764799376572 0.005951402684271831639 -0.014683735561521889593 -0.0058194252204064999406 -0.72404538418811770217 -0.68972778393075917513 -0.014736538740691858956 0.68972665777240349527 -0.72391986571992072985
2.7138597037884704122 -5.3440429301679488461 6.3932182170572788849 0.98545987963518610897 0.0085508799906183294987 0.16969298182563608002 0.10161289850120577838 -0.83010638639166967057 -0.54826837053589749793 0.13617505090022369307 0.55753947817462068404 -0.81890541931851568158
-3.8359141113532064793 2.1408141215404627999 -5.3793296295623118652 -0.99513524740509395894 8.6143054767631732638e-05 -0.098518180816460201865 0.040338314504600757127 -0.9119757970400141911 -0.40825600546203166807 -0.089881364892412010659 -0.41024399836230657224 0.90753578554931946254
1.4939094535035670752 -0.94272446775524687546 -6.9707300746188902707 0.99964016135466216006 0.0066003742045400853877 -0.025999670521408769358 -0.026741984241636061748 0.3211297163674661781 -0.94665757882389367506 0.0021009725564403070215 0.94701221762240472835 0.32119066858828493327
0.56825113302801200099 -4.6347333692048025 6.5542240683678425484 0.95126042050419212792 2.0781046199865645802e-05 -0.30838873512248438091 0.0079723195708577380969 0.99966413405042164886 0.024658897254569253632 0.30828567028485764911 -0.025915606519919896084 0.95094075884666084963
-7.2784349813664848128 -1.5308915784012555594 5.7222603118793911037 0.72487380712871263277 0.0038321991273626825752 -0.68887101694633345872 -0.54279881836486698621 -0.61256260085468494658 -0.57457506282109049867 -0.42417850784832805688 0.79041278727254804526 -0.44195047142811821894
-7.0195821919187464388 1.6098807614494754503 0.0088682611517785156496 -0.83411385573162477591 -0.0067336913274050761227 -0.55155120621531439351 -0.013047938766729407639 0.9998865548132915837 0.0075252107960385589136 0.55143796293910318784 0.013473488957682657613 -0.83410709032165264443
-5.7518509770867956021 -4.0026634510966685454 1.2576715754105891598 -0.74329451524386636052 -0.015110562367533339825 -0.6687936412027483124 -0.62890704354703363954 0.35653959830727699476 0.69090914411073223178 0.22801139047254720404 0.93415800898120682216 -0.27451706699401801082
-0.58313924716153342498 -0.16082456426834873531 -3.9955819556005249815 0.81771420389249083183 0.0103134757454861406 -0.57553202601638520086 -0.48989677022501659787 -0.51249867414325378512 -0.705227809664687455 -0.30223275017032602552 0.85862607764930198861 -0.41402490686549459076
3.3471626587734584213 5.7711068598126464835 5.7261346365087266719 -0.99284912241755152174 0.00055832467923197341697 0.11937465555331674971 -0.11103155595920405352 -0.37162191828265112026 -0.92172075133049413687 0.043847619048219391158 -0.92838399282059924644 0.3690264870958801513
3.4860213005578946088 0.723476690936236011 1.5087024894375853368 -0.93968379498372045511 -0.010228707941578664073 0.34189141401740108517 -0.3320647310818090614 0.26696896388741964135 -0.90468811570198393035 -0.082020606048472555205 -0.96365084229442377062 -0.25426300228057019392
1.8037119978274571697 4.2694263223529862472 -0.60603484692845477344 -0.98256710325679053053 0.0015124056570568842478 0.18590212539550129978 -0.041827409362502052104 0.97253051427914560811 -0.22898660795299785597 -0.18114181025772693734 -0.23277051236130771872 -0.95551323023367940035
1.4447974114710397942 4.2965841137039770814 2.4457809119758548988 0.98497542039147345516 0.013090503386313593823 -0.17219773501895641044 0.12371416911698700225 0.64222114795656837227 0.75646996072353578366 0.12049159964184891214 -0.76640761728897033311 0.63095256444312941557
-1.1169340434974235343 -3.3721817316982867219 3.9908197915437217951 0.73328559547630023374 0.0080042516009234451063 0.67987364077703649201 -0.15812617962804084715 -0.97050569771682881903 0.18197472905733327875 0.66127781361788595671 -0.24094526900427803984 -0.71039216673691252257
0.010248032418569686525 5.428575562705197477 4.2409363372956043747 -0.9237962840662158337 -0.00032443340915966518978 0.38288421263921090798 -0.14191951097551180894 -0.92847857315121440358 -0.34320022086763835034 0.35561113305105829241 -0.37138582894624266872 0.85767901228149479032
4.8579520787998040632 -3.721614876436375674 5.0783713359965512169 0.99972711645452294604 -0.0025350733435439481642 -0.023222102159069342442 0.020342441330669189248 -0.3942192046058746735 0.91879127325011233918 -0.011483801907460957151 -0.91901294448071979559 -0.39406005909085439765
2.4834719581409028244 -5.6639788759213924862 -2.1379713282423522536 0.99986001907288735158 0.014895739881322429821 -0.0076196583286447568811 0.0046726979694117643654 0.18868867904450856154 0.98202583891358030677 0.016065744717954952292 -0.98192397838829614809 0.18859266293476492637
1.525413060188207437 -4.1083405353681214933 -6.7502294392649426769 0.4845489111970504581 -0.014020716230030396549 0.87465180053219548917 -0.68511599770334807857 -0.62777159255063896826 0.36948463740393411303 0.54390111449497891005 -0.77827131972266205828 -0.31379185863925534994
-4.1664828752209022156 6.0882530136366952433 -3.6675269492287561057 0.945965692041762507 -0.004746966291349291947 0.32423197835943945444 -0.31911124135992091633 0.16396226573871053311 0.93342615725707556162 -0.057592752300710203794 -0.98645518992244018985 0.15358786787233377757
2.7671606141792475242 -4.5195977992339777529 5.3810835820880829061 0.99961758230007857762 -0.00727641419809621319 -0.026678511067505496224 0.027641509465111509941 0.29074822889115919944 0.95640023753199698842 0.00079756557488477625596 -0.9567719274691935949 0.29083817269415268569
3.7907442608300536691 6.1799430870396188098 -1.4690656977834495311 -0.98353118218082657975 0.012129815569826229993 0.18033103241545858642 0.097634271069323347314 0.87529862076133446713 0.47362419026695018465 -0.15209852987633282195 0.48343064866374368949 -0.86206777294003034129
-1.1640632791330911555 2.4385535212359665813 1.7104530192037892267 -0.98539990354992734733 0.00075795319604515776733 0.17025409126005033866 0.15422208193983610869 0.42761981145651301039 0.89070581355013522806 -0.072128909086253023553 0.90395836317659639114 -0.42149341408522589258
1.9847334593447880646 6.9148525144412440468 -2.1028868945929466427 -0.15607470681256185863 0.0004029247112790866614 -0.98774517136006267926 0.45518578236096735035 -0.88745736600451208265 -0.072286423766450433326 -0.87661085404519278885 -0.46088964099458895607 0.13832624260788489723
4.4114215496461888222 4.9403022758101453604 -2.2749715643901380346 -0.95923849761386792423 -0.000107979098536726539 -0.28259775837045969515 0.13731589129621726841 -0.8741892333792646852 -0.46576553140089843597 -0.24699362480237271877 -0.48558539165030906171 0.83857079410316881507
4.8578273889379062211 -6.2769115064144918037 0.30263713018658838783 -0.87742265370583150119 0.0055645945996702136233 0.47968585767228200112 -0.30368406911485523736 -0.78050443334973651499 -0.54643280985612752154 0.37135626146555061888 -0.62512547925059336329 0.68652214986995452328
-4.8912031794996693179 -4.5569382687309545332 -6.064512268823362362 0.98839433883187410856 0.004918115994495195209 -0.15183031021560397522 -0.14932791875682896454 0.21494923385963940476 -0.96514144017485703486 0.027889131303640284087 0.97661283986960678583 0.21318901790875749436
5.7109023773818003988 -4.2878189137926634444 -7.1820887024007564747 -0.58555325229448718094 0.0090222744111034345466 -0.81058373243711234757 -0.42808279232939849823 -0.85258115987297034 0.29975071099331174196 -0.68838398560594882269 0.52251695129826447594 0.5030939514316972172
7.031669072810769805 3.6121885850271566731 -6.5328613009923550692 0.99703106283573394997 -0.010215777173088368829 -0.076319706742600482152 0.05905871104761171303 0.73744009923587439115 0.67282551132399681659 0.049407776613926271403 -0.67533527816618721396 0.73585401655106186247
-7.2433553077063423942 -6.93931380263890496 3.2195391910480100073 0.97697812899260028097 -0.0035197367910693574608 0.21331044728971673696 0.069924818668990917914 0.94991438260034977148 -0.30458690954002731743 -0.20155459608783299341 0.31249044334497955155 0.92829169317292703489
-5.7221507874474299982 -1.2348904656991770423 -2.5761147382412139528 -0.98523457966817917786 0.01303197046903019872 0.17071318277086378057 0.09555571053201195042 -0.78549768848096968021 0.61144295529167080883 0.14206311699661899883 0.61872736252471294272 0.77265420574308185664
3.6125925502963056601 2.9913850308292859737 6.555629380899094194 -0.27181126673201777555 -0.0028460891058489914615 0.96234636958546215801 0.94701159441604199074 -0.17862195673131409102 0.26695174960101608619 0.17113642312227780873 0.98391366305701755124 0.051246739707254372609
4.2556464807671785522 -4.355308599094419364 3.118050353570045008 0.9451495682385830932 -0.0084551935646394252299 -0.32652841126026166396 0.18761828762582563601 -0.80425293079635973292 0.56389414029032203235 -0.26737926585057081308 -0.59422700460959199109 -0.75855296135872563035
5.7606816450205640123 -2.7061169368277773195 4.8435880891955314098 0.99820938931122238369 0.0033206559328937367004 0.059724269229894363931 0.054934581821637337717 -0.44596998117122504945 -0.89336049141109841187 0.023668688407922921363 0.89504175832108734401 -0.44535384140105116479
-2.6569206027895684308 -7.4403280526198782852 6.1149325392627602582 -0.99851225177489599805 -0.0017842180321242079831 -0.054498620362846632303 -0.045306498460812055784 -0.52899482672815212325 0.84741477122605335381 -0.030341460951253309414 0.84862317306381962467 0.52812697894215865357
6.6656367008780437189 -4.1652353907106389741 -1.6578217143295899128 0.97848504866599728125 -0.004006328979083493072 -0.20627883765681651052 -0.17690543733492927747 0.49819227100983221046 -0.84882797276439958534 0.10616720669908963348 0.86705732822804004734 0.48676494716399704155
-2.4868098350978034006 -5.5335405810465472243 1.6318024625354481394 0.99665564265292572177 -0.0091324347005820160489 -0.081204240064265728605 0.022541430345958214654 -0.92445372134474557146 0.38062737816631581067 -0.078545616592736136607 -0.38118488391895599676 -0.9211561596090632742
4.1117893274533789949 -1.2272909134739531378 -4.7920106150980474879 -0.99676220128212744687 0.0023262022765152710543 0.08037227680146559472 -0.05004268049624406578 -0.80033868029310140102 -0.597456046044795408 0.062935238333043888592 -0.59954364779355151516 0.79786375413744781149
-7.0650587540962037636 -2.2617081245952510571 -6.1646477305906515198 -0.8811174549716402904 0.0059240987628348344002 -0.47286037643058842495 0.017597026609776699607 -0.99881827864688110807 -0.045303321018383392593 -0.472569968574758692 -0.048238483544251697932 0.8799719731370441167
-6.479163244892136575 -6.1687288363456440621 5.3547022818574765424 0.99331333946840216775 -0.0030471763379326215204 0.11540937722103104812 0.10879632158784634244 -0.30974731430121416054 -0.94457395776724062397 0.038626028052898803145 0.95081402808308335128 -0.30734461758311804047
0.64533079882696198215 -5.7857453559190759051 6.5308750861162376822 -0.54358162586004976635 -0.002044694784497892541 0.83935382006070624605 -0.26075402648956302887 0.95092980786903569257 -0.16655280896930391155 -0.79782601718469747798 -0.3093999349212714356 -0.51744113343823938678
-7.2328667648511171251 4.3860717933211850195 6.6389963363137924901 0.71609535828479653485 0.013107523842157450811 -0.69787938116962222601 0.64180430229720086821 0.38068611013113667907 0.66570663441655608672 0.27439875254074286293 -0.92461142020428022104 0.26419509123407591833
6.3893123186195497354 -4.95019263026537093 -3.2822981501864458842 0.8020551527439926387 -0.0044513532975419050838 -0.59723338604844988797 0.1213333200476613416 -0.97790533555554670642 0.17023331089471488431 -0.5847954833984313483 -0.20900081374431991876 -0.78379391580381319038
-3.1288851699041075882 -5.1424863698199212436 6.4079423429956614555 0.96865194111151764478 0.0046307919392567873512 -0.24837868818960270878 0.23589093673173197607 0.2963915506076006956 0.92547691202761683815 0.07790303555455865836 -0.95505528871083933407 0.28600788897675849531
-2.8569152739597889479 5.2272810800302762502 7.3680651351046773101 0.96589582866199974465 -0.0070526604660366464319 -0.2588349052074150336 0.12709997289140270715 0.88382679390147977916 0.45021749774163977165 0.22558999327186340933 -0.46776111249455654129 0.85458100644315293515
-0.99147118503317088756 -4.5512009876283228138 -6.1531151239409256348 0.96702361696310690231 0.0072946805075935275409 0.25458223007850638853 -0.040840008798021208702 0.99109600133304254221 0.12673125038080709781 -0.25139096625943030405 -0.13294925264176132851 0.95871115478293655876
-6.9414903647665271436 -0.80260361714522587828 2.0636158349248798771 -0.99935998912222756552 0.0025790338850937731194 -0.035678575165536796643 0.014457937695870792111 -0.88318120907991837232 -0.46880904424478142545 -0.032719721563630031758 -0.46902483997362337531 0.88257867598775241458
3.7828065620942590286 -0.44231172336642393672 -1.5521305706352972464 0.37058634371217130665 -0.011537633087953920452 -0.92872635629489763698 -0.76697836927148266284 -0.56775730911971489245 -0.2989913360129162756 -0.52384152462720656729 0.82311513226519084085 -0.21925222031352228913
0.64304610229626557594 3.565906417752842561 0.11183706975695412167 -0.89290585682482570551 -0.005257527075861710697 -0.45021271556585956697 -0.24549395601399628952 -0.83253312376414301266 0.49660982208979731478 -0.37742793803407065356 0.55395031929276650207 0.74208301108887131381
-1.584873313982156473 5.0154078261339707367 -6.0426216655761404439 -0.77561830851739876902 0.0078502309494326519973 -0.63115339923541258216 -0.31555162493917959798 0.86118127045171388723 0.39848963778419127513 0.54666572189115969493 0.50823733953458782864 -0.66547080718246365283
0.56797439337142741067 -2.9005693719859375612 -7.102967575514763432 -0.9689319905834665736 -0.0068524591876627637815 -0.24723236322744526761 0.24129992962206961438 -0.24552923903624118696 -0.93887684854971031889 -0.054269158721479901497 -0.96936496562509466557 0.23955463224563097735
0.89851314069112819816 1.7442281142704294528 6.4651690502833973895 0.98760144933254556676 -0.0026473449200294205293 -0.15695976822463408862 -0.14715567604942136892 0.33258129690985227533 -0.93152288643509950639 0.054667945660093086868 0.94307087353535501428 0.32806819901768868863
-5.3381299091413190183 4.0705372245373387941 2.4178482228778168661 0.87997495954811166818 0.0086994238257082599775 -0.47494040741270865391 0.32723034037491849357 -0.73585853098767362024 0.59281744804846170371 -0.34433178027354088835 -0.67707942104136953354 -0.65038379645855526334
5.9637744284265172823 4.0888374694217981542 -1.5417778239196828771 -0.99829203001644395421 -0.0072226638601988798344 -0.057972889633930553555 0.048797804071478469157 0.44252085001782515139 -0.89542954587016865275 0.032121599019085129989 -0.89672912879327193458 -0.44141258755289708438
0.15570824442878494764 5.734604241173453687 -5.1021043868341200422 0.98705999938914323888 0.0028702485497810866985 -0.16032566631437994431 -0.059934239850256830484 0.93397732346522244207 -0.35227013235059673191 0.1487294338706127983 0.35732075356189790805 0.92206368249412662408
-3.9619356339921965038 6.317539927328970073 -7.4839798848806236009 0.99341955842036622215 -0.0047266542839507000306 -0.11443443400995922943 -0.061738003668499630283 -0.86365850315406689219 -0.50028232912281611622 -0.096467610372204748437 0.50405520398945025118 -0.85826706302898170264
-5.5652129379460841818 -6.6799703203414599884 -6.8890067807565804614 0.96923738422381533475 -0.012201280991397922202 -0.245825185376230132 0.23235085520156731342 -0.28410914931820946405 0.9302123797073240663 -0.081190966924697641205 -0.9587143057323015416 -0.27253423064626364214
1.3691479047487087328 -5.4837966181631880858 -3.5192851889931202614 0.95945612443241667933 0.0089568573995606123872 0.28171567225599780659 -0.2548555734177576082 -0.39932842298725440555 0.88067329202859689907 0.12038514022505752976 -0.9167641928543408536 -0.38085539606648965982
-6.0677057559004392573 0.31270710501129617143 0.40439399129497854979 0.99833648218825354892 -0.00040350280454964763434 0.057655056303092588887 0.057593565167728032195 -0.039718821415831245814 -0.99754969624404188355 0.0026925049850917439319 0.99921081479874318543 -0.039629509283845877621
-0.59959962123046850468 -3.1975890330627176894 -5.0472892266098279279 0.98183635357425802503 0.0013849209104870238707 -0.1897246868334370451 -0.16244145198980144973 -0.51053969166788337741 -0.8443707704007048509 -0.098031369853820146676 0.85985307188252502186 -0.5010414606585052999
3.9411438900668658292 -4.7341903734344388255 -2.2894434470110862634 0.9683470610247689736 -0.014758883418093844686 -0.24917091476515398907 0.044351228680573638596 -0.97219226863877550304 0.22994599651587793732 -0.24563578305933811419 -0.23371856614182429102 -0.9407649514737305152
-1.5464716784381118408 2.1891199292397813814 0.55299423131274516585 0.97463595107428213637 0.0075053653495102618312 0.22367036541436646768 0.20918674117173072236 0.3246339896418930504 -0.92241730257362242185 -0.079534081949638096853 0.94580993981888372701 0.31482993432687950142
-7.0523030978915688394 -5.9727860659030049817 -1.5094305164777011008 0.9642333089847473504 0.0079269070746090797286 0.26493638857024787159 -0.24551044650137926473 -0.34999991675343256059 0.90400480028108909369 0.099893675991368016676 -0.93671619096547387162 -0.33553543938023699944
0.9708971334191561775 -3.3602521704226187005 6.3749593574682883457 0.73782096567501043172 -0.0042074628753769093351 -0.67498334784390345842 0.37035409737966223931 0.83854248328171543392 0.39960523806125902713 0.56432088847077122029 -0.54481997117209579606 0.62025247588983167812
-6.4553347977825863424 -2.6689735053226186778 3.815779832599478727 0.99172874110064879183 -0.0034810058398774862583 -0.12830427379228501183 -0.07183835946182104415 -0.84344432044857831077 -0.53239170580785366571 -0.1063642523823495889 0.53720532471439164102 -0.83671804385570991425
-2.5034034625256773587 -1.3538186976018886654 -6.9463257961561213349 0.75717454122690208695 0.0058351899691350996024 -0.65318654661267361305 0.26280100204389134078 -0.91818349281945010887 0.2964366826806070776 -0.59801534047418603013 -0.39611238818287686225 -0.69675865870863451512
6.9010930748350158837 5.3916152057287023425 5.8223126382567480519 -0.99462824460760490553 -0.00052418028524942126417 0.10351029061781845397 -0.085662229310470905386 -0.55719963377358172618 -0.82594827355722599815 0.058108841825693618999 -0.8303784037157819764 0.55416159118444519027
6.6250058052026474797 5.1506971963650389768 -4.3454164258155172362 0.99880778683929494211 0.0037427357398871707005 -0.048672342027303777678 -0.037306223851500563971 0.70157946880870636353 -0.71161400675368691182 0.031484132689141769434 0.7125813924565242985 0.70088266387007380764
3.2848760857681025271 -4.0112567829007614861 -2.8033863792353579392 0.94652062806803083372 0.0022887618251258949609 -0.32263518439722549402 -0.16743036465457161732 -0.85130887304011804151 -0.49723261726774775626 -0.2758002422648781482 0.52465985576623741515 -0.80539820096283609718
