1125 14.717824617146108679 14.977075390850430381 15.033177056927090831
-5.2770376066602731058 3.4815175419274271285 1.0236445911722829027 0.88859530860973456878 -0.0024748532036024039824 -0.45868535252212722098 -0.21158506590927800284 -0.88945369825480402604 -0.40509736921517580654 -0.40697682661413214777 0.45701859235968750328 -0.79088802547301784163
0.49404861759983575986 6.2274667684244251475 -5.943191889025990271 -0.99954128003267195268 0.01978737940517344418 -0.022927911524696503731 -0.0062455951679755428163 0.60610464286660836741 0.7953603928009811419 0.029634811482569807517 0.79513874356112212993 -0.60570302660346608814
-0.42390372668655396104 5.0224720729641356698 -3.392564555249311109 0.94377711356755966676 -0.0058743603233912923892 -0.3305302585192367304 -0.16538102638903387498 0.8573419145674299191 -0.4874566212868471915 0.28624094049685000485 0.51471383643407664366 0.80816816973131067048
3.1918457321351652034 2.9377915723967631401 -6.752992076025668311 -0.91030683148458824139 -0.0058401466316021404326 0.4138929393452116523 -0.40448528675332978688 -0.1998735055338820843 -0.89243612353245405089 0.087938190523376882912 -0.97980430417147190703 0.17958396413520241741
-4.8193418518563824193 -2.036578039260183548 -4.2531060817944315033 -0.94648863203687061407 0.0026405908123771212534 0.3227263495674940752 -0.28067443061437208351 0.48688440832385426749 -0.82714293621507284371 -0.15931457379756183701 -0.87346242060621337444 -0.46008941127178559771
-3.3624211985204217612 -5.7669193697572476154 -1.2723903441251189772 -0.97667273034641943763 -0.0047611978927809359835 -0.21468048069708911552 -0.19695511923109199071 -0.37844776409655622729 0.90442576857303802473 -0.085551497978543888934 0.92561040446019593464 0.36868186875505642996
-5.1824983422222752338 3.2962118337827117642 -0.59245684336269499592 0.98472872702056191141 -0.0035859178887827757726 0.17405882733527322515 -0.098611658193038284614 -0.83542920921617080943 0.54067899650060091687 0.14347499799218405014 -0.54958636953742812103 -0.82302475501647587297
6.7071038328620797841 -4.7241169919200478589 4.3183550190957467052 -0.98022972922850237776 0.0012615697637647417008 0.19785875360594254446 0.097146847893193694068 -0.86808402092123160276 0.48681888065860251524 0.17237217838495721978 0.49641569381208677791 0.8507992072491156188
-0.72253129657209280712 4.1871960042891274156 3.3687051157908691756 0.93284835859772496924 -0.0024831562194545866995 0.36026070254304420892 -0.36018788680371571775 -0.027680598820077947225 0.9324690186000419434 0.0076567657347468365617 -0.99961373459156366295 -0.026716203965590774871
1.4920612187889894518 -6.6282668105263562452 -3.8696883071591097192 -0.94381497622229504341 0.011981145416809693 -0.33025708593911784483 -0.033623116083627342665 0.99067547535748534671 0.13202874153054894313 0.3287594511543440734 0.13571497588628131381 -0.93461150677540849596
-1.1167320648348579848 6.5693945232996195926 -5.0892139435124494895 -0.99955734714542088248 -0.0062629703727842215427 0.029084101665820094595 0.019696986780866225508 -0.87196381512905263289 0.48917393002634479426 0.022296602417238638172 0.48953026495582790956 0.87170119950181934598
5.9327330933682356218 -0.96363383711603922688 1.8814013039862020893 0.99323291175005634646 -0.0050867043750644873323 -0.11602805029418908345 0.11070263821295012185 0.3435572541955807524 0.93258422621345560266 0.035118498105110307339 -0.93911795772843720265 0.34179548353165112307
-3.0242025516209509739 6.7412157882131769071 0.11508771637522612064 -0.89653658459750218412 -0.0090812402645550124175 0.44287660081956714553 0.39393444688965773004 -0.47356677549520942438 0.78775006233000299805 0.20257789620797828078 0.88071109918200940481 0.4281473528420093877
-0.14842167961772653739 -6.8297350590034193729 6.9627663938151584944 0.99750649926467782613 0.012023906004660640801 0.069542861669877206743 -0.070574210964045896999 0.17349616945220827646 0.98230258064017517139 -0.00025430621474956376787 -0.98476114102354950219 0.17391213430503477122
-3.2958272335819902565 -2.2078463030941652967 -6.2965731579726718081 0.92978505666676480867 0.0049418372493488793573 -0.36806973068131343396 -0.15158298829337227276 -0.90605408495538353186 -0.39508048900911829637 -0.33544350650936927138 0.42313304453829553298 -0.84168645026543675858
5.2651115596817126274 5.8628539794712342115 6.8278844098655468997 0.80981953629995795385 -0.012727333418895772632 0.58654099056331332473 0.5055585833157886233 -0.49210981997085356809 -0.7086878324931845663 0.29766228760562946087 0.87044008413685158843 -0.3920857335647800479
-5.0205567563571076306 -0.1308743578150358966 7.4077954761215369928 -0.90892949021557944977 -0.0019858542443201769416 0.41694512612492018455 -0.39354488038757357016 -0.32623817857916004304 -0.85947139449670373335 0.13773020343106648355 -0.94528551624382484153 0.29574597857376644372
-0.038459035173048945755 0.017694416485682769313 3.5133258799683431128 -0.51846756131793214628 -0.0094774113596543425875 0.85504477457906902238 0.17260210389758998129 0.97819620099319459783 0.11550197441067734661 -0.83749620989667861171 0.20746655401903296712 -0.50552717767920973824
5.8927756982536010355 -4.6658096326154323563 3.0333499619916004519 0.92879539610998884669 0.0044836352450274832501 0.37056579601973171911 -0.27369070450498061975 0.68247979326925078958 0.6777276223135529909 -0.24986498440629353879 -0.73089070919953336158 0.63511121921558311154
-7.110278307318616875 2.3984039627026847441 -7.0393937144479741264 0.9987151194029822987 0.011588600796282150576 -0.049333706604577219623 0.0053905128713728819173 -0.99227243172793544446 -0.12396113747280834705 -0.050389013155181419656 0.12353592823214422369 -0.9910599486354589871
5.1152306222302623695 -6.8396041788516033222 -5.8857464318720511542 -0.99082513681167472264 -0.0013522645456583936262 -0.13514332999739259167 -0.13193387386344648804 0.22652760578563024829 0.9650278217462758823 0.029308722073291881838 0.97400380656215745923 -0.22462765549416630062
-2.62477618860592532 -5.362716858571087819 0.83044936658797230411 -0.8967930142863828058 0.0023335770706133180177 0.44244417042703260146 -0.21018759846330656305 0.87769770252263323851 -0.43065986165273734132 -0.38933720985676117943 -0.47920903309984863583 -0.78662267931731677528
5.2874839036603606957 -0.89827835698078151161 -4.9095263724955060525 -0.99650094856320436953 0.0015680972917486621886 0.083566743286953515391 0.060732015942750960935 -0.67333324111967718384 0.73684053135178462224 0.057423703748907026223 0.73933746521744792002 0.67088197976515862031
-6.6478304380952293329 6.0864883708405850271 0.99198309946243634627 -0.81431529958962223237 0.010528088687554868624 0.58032728025052993104 -0.58029202995760686967 0.0064530898442497390891 -0.81438290600870133495 -0.012318799538626971218 -0.99992375558345281128 0.00085451616626045770117
-5.7394933270426236049 -5.6499190007413568893 -3.6524547143625585299 0.82393967632337428153 0.0038305152694350147122 0.56666457179962459456 -0.38663946103587720771 0.73486321907144158683 0.55721268509052768181 -0.41428653966782708062 -0.67820452402562192429 0.60696399122297617357
0.30007696828640323394 5.089934276138980529 3.1051371657260125048 -0.99861307176167968258 0.0064765903178501272458 0.052249274487381140719 -0.020814922905421088389 -0.96011995745081668563 -0.27881249306478178562 0.048359816904576996555 -0.27951336476529259345 0.95892314969784997469
7.1810291144849021094 -6.8515747434265596993 2.4170428316281102887 0.99656622594303712059 0.0037974908012599417964 -0.082712371344526164352 -0.036811989121710103623 -0.87447004829387131597 -0.48368069228972421225 -0.074166264343839410911 0.4850646489908150838 -0.87132752253826684097
5.456523165413412535 -2.2009525349027461161 -1.6115040155552282641 -0.99998297645298694913 0.00045126586047845472158 -0.0058174877090893814882 0.0057338206462264652841 0.2608259686360759888 -0.96536880899778021448 0.0010817138804874620091 -0.9653857314277516366 -0.26082411593048182574
-4.2506365418513905041 2.9078352757517067495 3.9211936357313694756 0.9450835354385195286 -0.0088203730656772737911 -0.32670982853630292642 0.14310112587305715004 -0.88755432041053006209 0.43791482744300813668 -0.29383529198699986917 -0.46061863763805299676 -0.83755076971097308647
4.8871572033162822279 -5.8362213034608556583 -3.4475475002520652446 0.99105471200659145392 0.004114561940887368971 0.13339275913425435727 0.015822647995780904362 -0.99609740938671842425 -0.086830840277637280633 0.13251491093394374143 0.088164740077597184009 -0.98725213445566295523
-0.41550895176639457418 -7.3405001402625122964 5.5901736713744565321 0.99907042583654337431 0.0050449493295246566546 0.042811595449948211534 0.042863398470857690115 -0.01065133702094331683 -0.99902416291660445236 -0.0045840255492885628036 0.99993054634099387545 -0.010857679486586535242
0.35875035252483727932 -6.9204777394010354996 -2.5859662755806849255 0.96710945114614998985 0.0066979909752131906037 0.25427238627291703921 0.11122184480548676089 -0.91015854990324696061 -0.39905026660327186372 0.22875535128625412717 0.41420592819874607615 -0.88096789856554347242
3.4826454441795053896 7.281734385804098153 4.9445739435972395626 -0.98158815344913297185 -0.0060270202202866354074 0.19091456737407430655 0.053484144153848445224 -0.96819233220359401937 0.24442392310539942657 0.18336887231076393068 0.25013452958233334256 0.95068847356968155804
-0.81710994098106426442 -1.0941817636855846185 -3.5616708753887866834 0.97470020274240309899 0.00091139178170181710248 -0.22351439358376623545 0.00041931098791784561508 0.99998247145668073266 0.005906010302486124422 0.22351585839130205802 -0.0058503114804193227794 0.97468273551100648167
-1.2303231006053654273 6.4346830979352009905 -3.8934459808804113834 0.94090937240400052133 0.0079980868942522102133 0.33856400211538528744 0.32292292139729333877 0.2800071940855857755 -0.90405572731805128317 -0.10203107251503409914 0.95996458365212000707 0.26087862767021940957
6.638601465433955795 7.0257428550507032838 -1.6840801298668794939 -0.72404462014017867411 -0.011518320287709316735 0.68965695555370343239 0.53751673866466720408 0.61715550385729478489 0.57462582583265431335 -0.43224431020097625611 0.78675689533442472179 -0.44065683240186054315
-0.96692897148632350746 -7.4804920305499198463 4.0879843788841796481 0.53432855345382013201 -0.00018489410089078239102 -0.84527685569765886875 -0.23577525032921994863 0.96027806635828827364 -0.14925168877854513849 0.81172842028362035549 0.27904480121516084257 0.51306039665775748926
4.1058361630520217034 6.9870433573005215067 7.3328414632615634972 0.96481693659742540081 -0.0072545992676107820887 0.26282246792111263467 0.2381269524579784358 -0.39966346604411862042 -0.88519188226210521186 0.11146225086437103191 0.9166332334686245753 -0.38387456536365133219
-5.5878933890695678954 4.9269270361171475514 -4.6559789229565105018 -0.84552303687815955069 0.0065733761967418412667 -0.53389847802151779721 -0.075408092637156393101 0.98843170820568826418 0.13159170862392249868 0.52858718644430147116 0.15152408699308383966 -0.83524609390744497528
-1.4241855606159972147 4.2771003869057988567 2.0186172437318639084 -0.99953818957464191097 0.0048118870772815404771 -0.030004221781854443357 0.029983739259133852101 0.31662064673891043842 -0.94807823592703976967 0.0049379106936857843774 -0.9485400422762578776 -0.31661870639085820667
4.6802541448654482181 -2.9802328535288951095 3.8488036025335419232 0.91571237215479583949 -0.013515927207431652213 -0.40160698598811694904 -0.11872730606104768547 -0.96391393592404850388 -0.23827243006012946425 -0.38389409773812144255 0.26587072769111180781 -0.88427262644429160954
0.55885034570707625701 -6.6734407223619829352 -0.60176763056992366163 0.99145157734247335579 -0.0019464878435937133308 0.13046064912504792832 -0.075196494696145380066 -0.82565194708223210718 0.55914608955507694166 0.10662671790156820484 -0.56417645596429777388 -0.81874029433345352214
5.0889013495535317944 -6.2014996773313484368 -1.6016985013800015825 -0.32189384925109221225 0.0067835093418406114396 -0.9467514635929389355 0.5889461971004973373 0.78438844603703794522 -0.19462050931073784921 0.74130069926799790903 -0.62023281896768422961 -0.25648493823278079029
-4.2418415433262470771 4.0502787977376568662 -4.0831727475166044172 -0.99521987235177855613 -0.00086530787475523911114 -0.097655808421746606585 -0.063045660571594233645 -0.75798257959686943241 0.6492208050507878303 -0.074583177455175717063 0.6522742216812831284 0.75430477220463942878
-4.511772022146201877 -4.2964201160023698378 -0.43594796027669002747 0.9968625983894647824 -0.0021544722856841691874 0.079122172502008425443 -0.078857830474152165734 0.058996609141260293596 0.99513860475949200701 -0.0068119384298824924712 -0.9982558581641568507 0.058641616074391778035
3.314549665129673528 -1.3358143861468232405 4.5909809051599816954 -0.99340202155641932347 0.0057615224111118371053 0.11453920039558403154 -0.056376356058400051152 0.84519968831450442703 -0.53146890158378445879 -0.099870566461497320421 -0.53441958397178923601 -0.83929826535154672396
5.9416609501749242384 -3.0680378541270156845 1.5943001807784329404 -0.99997035043965787349 0.0073631627181162673246 -0.0022543461113501573473 0.0070137492330898613263 0.99173670217137388505 0.12809809088320836534 0.0031789248650883365419 0.12807848141281813481 -0.99175894099101791213
-6.6007895167906438516 2.5754774594706959512 0.55143572999835832604 -0.80840674942408063952 -0.0093138213879364779857 -0.58855057575094060773 0.58618090440269343677 0.078270648044996699033 -0.80639050897702224674 0.053576812140865001655 -0.99688863890896584063 -0.057814935916706833297
-0.15926865135883674918 -1.0030559116587371982 2.8310863927911902316 0.99824665528912837065 0.006454913864198859666 -0.05883833181670027751 -0.043884556132874688594 -0.58635015362076803314 -0.80886812465442303743 -0.039721038971680396046 0.81003199408161896677 -0.58503880865042334758
6.6724840865336858542 1.2162798316907377227 3.9233466103621879029 -0.89389542772773789014 -0.0015070931594962744086 0.44827301163205507395 0.20845533032341725943 0.88389974486192890435 0.41864975372362056572 -0.39685934479012502374 0.46767399938762010958 -0.78979977889935004676
-0.28716155356135847354 0.14144295952925128868 -6.9758758628980856997 -0.90439655447834776947 0.0081571261014240434295 0.42661497107017953834 -0.38648752177920658868 0.40802261157081826104 -0.82713054831502375031 -0.1808155628161921824 -0.91293538092284820529 -0.36586161660218524672
6.6822688874558018313 -5.8919149044074261568 -4.720255754717675778 -0.99980674776939693071 0.0075436465286285144319 0.018153801585715483718 0.0020862182968059504035 -0.87751697076462331637 0.47954104486831145016 0.019547757113798910206 0.47948624528465189076 0.8773316509591331247
-2.8723151477855002334 -1.2206140484757186382 -5.4981077199938459543 -0.91420838499186118931 -0.0042877730215945689465 0.40522172179326521047 -0.23825939817289740197 -0.80317212963018835836 -0.54602837780438528981 0.32780403901246968346 -0.59573160499332278306 0.73324509328002096531
-1.8436299152887987152 -2.9928176526944754166 3.5262937086812824461 -0.97108424118836123018 -0.0031683478966196831905 -0.23871606164453534893 -0.081126665691842458905 0.94478852605821284083 0.31747929876245978287 0.22453031115899141357 0.32766538206013762213 -0.91772628641129450067
-4.8593827434510181718 -1.3389136773481009612 -1.7653952269602377623 -0.8612940203618508761 -0.00088151626846337061486 0.50810612416891520748 0.019262809506840353202 -0.99933626694456867412 0.030918760312763311771 0.5077416219484383042 0.03641769485354909297 0.86073933152999604346
2.4316003539873398687 -4.2063697568658326986 5.1356312520646234532 -0.99304877351166964683 0.011413122120485261896 -0.1171489396893296564 0.11283100025594997029 -0.19109967304987329761 -0.97506414165501820168 -0.033515650196805212013 -0.98150428200989603411 0.18848354195574162917
-5.5117488531675675745 6.5530563876777723209 4.8189827942796368276 0.99529693366106053443 0.00072485713149412090567 -0.096868407785913906993 -0.096564666836574372666 0.086901375346905521124 -0.99152580202506002127 0.0076992833156238147524 0.99621665592630137542 0.086562668001096090831
-5.279330229790919482 -7.2567460505463659004 -3.5795495683651781249 -0.94476787167010489732 0.0016834882759829434412 -0.32773592193604200729 0.095241378016762814895 0.95824221247109375721 -0.26963112237291919637 0.3135964741088493879 -0.28595284245103680387 -0.90547679336391695415
5.3788533935995461732 3.5084946023623531097 3.0622562706377842723 0.86669934926083980198 0.0020699987750508268801 -0.49882657617240311332 0.49353078694290886119 0.14182657309692461856 0.85808658391978265279 0.072523102045815399097 -0.98988935657926668821 0.12189939048654684084
-5.4562067365711106603 -0.6045357084932825309 1.553289843542660531 0.8967850023445061991 -0.0051849378811328564881 0.44243618295638259541 0.42280269868591863203 -0.28473947587397230308 -0.8603262804673353914 0.13043978516446647076 0.95859091759628145546 -0.25315788581056780648
-2.0262296588845178924 2.4895265896030975838 -6.3674676520262085688 0.78873401591369729502 -0.0091814014124882350337 0.61466605080212044498 0.51205518345785583367 -0.54344467107880878309 -0.66518221456218418197 0.34014429472583884717 0.83939477681484964133 -0.42393191366228122341
-7.1763327122965376859 2.041464940375588899 -5.1144956396173775204 -0.85905240935143012404 0.0051148932364666740633 -0.51186208675248667799 0.51086042523673946825 -0.054750198846773207029 -0.85791843531488631847 -0.032412712234027356295 -0.99848698218527309756 0.044420293697952792367
-2.9872265715353010229 -0.093112512433022529001 1.8801409997707032584 0.99601070045859119162 0.0087292077171118743345 0.088805886655291099707 0.037122390166985076709 -0.94553106788184193565 -0.32340829893287509345 0.081145626624544345273 0.32541481312780523583 -0.94208311028101221485
-3.5841696134328979717 1.5672636716945633761 -4.9434068188734627824 -0.90981319153399642374 0.0072058868416455777728 -0.41495545749594653362 -0.16865212995965078724 -0.91998897160838100096 0.35380326620743102195 -0.37920497830441896037 0.391878000548289529 0.83823339059913404281
0.11913779519114971184 6.6719515787614298574 5.1048830322959215522 -0.55908091958572270208 -0.0092317183659469392865 -0.82906169898941450835 -0.30689256838540812655 0.93122034264819841809 0.19658490508681120135 0.77022430293070409668 0.36433974366537663636 -0.52346067126454742802
-5.9239076213941519455 1.9248644297176265017 -2.7387082924786985139 0.74274642627885489876 -0.0081097241188171024368 -0.66952369534228350911 -0.59120588145733687924 0.46147105125809606552 -0.66145300254915062599 0.31433000490005363892 0.88711820025608068008 0.33796145755706569203
-3.7957774348623094518 -4.110461015571153176 3.9307466708581162429 0.99714729966955317764 -0.00090085428558170973362 0.075474838345951492102 0.054081459907356077554 0.70606594842037739834 -0.70607795049513555341 -0.052654139970957067329 0.70814551113644297331 0.70410047337091608011
2.347772483255021303 2.3086382582850530909 -0.44422390955509244437 0.34588774003842304161 0.0032608398480867585578 -0.93827023730623881903 -0.18929724805028916301 0.97967363803571672065 -0.066378571983072232054 0.9189821669497491019 0.20057150809975168859 0.33947436864491126185
5.4550903509823873705 7.1755986963940090462 -6.3261039974787607321 0.99625417625687939793 0.013271293586062674064 -0.085448751057598956726 0.0010163298757418588649 0.98628757843340331135 0.16503266252954196247 0.086467238676509627915 -0.16450132338227793638 0.98257963099228151638
2.9272667825692129107 -5.7265715192989068427 -6.4856284542397233395 0.99993127686534799548 -0.0029961744317185167244 0.01133421744602846476 0.0058796270941030934903 -0.70824877899498006606 -0.70593845130959353984 0.010142560405181732033 0.70595657797830291269 -0.70818248953040541238
-4.8158046061615085165 0.25139780457134108804 -6.3926937475715766013 -0.63555599292861897354 0.0080660515137682860243 0.77201264151916126899 0.53463908253150194128 -0.71679139686513881902 0.44762835568143388709 0.55698261308797181179 0.69724101442262509387 0.45124864157632260664
6.1002940313767819447 -4.7686347607963917028 -4.9740512350008172504 0.98652881995404695381 0.0022658249510739175876 -0.16357186016353308933 0.13709632310154162838 -0.55697591238449373208 0.81913517273740998892 -0.089249569142277274114 -0.83052555593482801921 -0.54978342585712203228
1.9018610365938115603 -5.4677499766236428158 -4.2355919389620924065 0.99900780729975713346 -0.00018314474814516376079 0.044535013326823344459 -0.0080364062095837473371 -0.98431719746194279441 0.17622449022723890577 0.043804304916897920941 -0.17640754303210667842 -0.98334203694957722508
-6.5342727753213143416 -5.7842450262724494081 -2.863953715596360361 0.77182707541688910791 0.0072333387076634102567 0.63579135293312871724 0.40612200536393416872 -0.77499373240980307109 -0.48419999120689211081 0.48923193110484153312 0.63192752237626459433 -0.60109876397371309054
1.021240042355062938 -5.6474837564551236824 5.7341573980418782952 0.99462200381100462909 -0.0074100140427684237088 0.10330615289973150983 0.099201609541901047962 -0.21851676496107153014 -0.97077776246439595464 0.02976760318451907375 0.97580506000068545358 -0.21660649731216533032
-3.8606399355329656942 2.6160412773618246796 -5.5563372502845478351 -0.8959988085997686591 0.0058255577012492560166 -0.44401824046459315021 0.39749807237492790213 -0.43520032118856494252 -0.80783411842732488761 -0.1979429651336727658 -0.90031480234118743677 0.38762332133049320904
1.304835533694774341 -0.8741898775810998945 -7.1841265907397051649 0.99929139189788496189 -0.0075086912729412534293 0.036882701015347546525 0.02265068413411246151 0.90257127259109126705 -0.4299442340603062962 -0.030060947873819368614 0.43047499050326387682 0.90210178026878828916
0.47876582792372235353 -4.9180198895095532663 6.5498418600894847685 0.96319280986139377276 0.0032900066788488589037 0.26879134451741398815 -0.22220190556856933561 0.57247950710555839393 0.78923604017164039615 -0.15128094458020641122 -0.8199124281289004168 0.5521391907905407459
-5.4698069880934410136 -1.44688813266680949 5.1518510364661507239 0.99434314330688866601 0.0053588923963209886964 -0.10608013777783663334 -0.098767218885007820872 -0.32075349225629118388 -0.94199906246191744685 -0.039073646264389812199 0.94714754894769315197 -0.31840975281846367606
-6.9943274223205662565 1.4672766069103650999 0.35472442679378701769 -0.93811458911421585771 -0.0063739120842205860412 -0.34626635836556324266 0.34511589415191878949 -0.10067998044806730773 -0.93314444816473929301 -0.028914309515577153037 -0.99489844445636832493 0.096649096858271901778
-4.76575558944665989 -3.8804946756822054077 1.9244321233743670874 -0.83223628344195854645 -0.00042554083992105140588 -0.55442094787049278626 -0.49743545073626294073 -0.44101884951788111744 0.74703436783105114927 -0.24482798221077223255 0.89749773998876647418 0.36682020915103852321
-1.1125287850208831486 0.0093194274470848673109 -3.3561962811291916609 0.99936867019466035789 0.0056647788159095652585 0.035073798116648041701 -0.011090128033018651493 -0.88814045568285382437 0.45943828752033150087 0.033753075320263656312 -0.45953720334737707676 -0.88751692301951035091
3.5041653289742282773 6.0287044890812397924 6.5770809553829625571 -0.72735835708833807001 -0.00091600372309313862068 -0.68625722678246403596 0.4438237200528689641 -0.76334599721848239717 -0.46938618860060227211 -0.52342174763026372286 -0.64598920228417766598 0.55563263460669531923
2.4434390779268073679 0.78198516442205112664 2.0910526962092004233 -0.52934014373890092564 -0.011475344267855219077 0.84833208633199586046 -0.84840843300560364604 0.0054343740154146336074 -0.52931427184990442747 0.0014639096489705502591 -0.99991938877743280489 -0.012612411170973770319
1.3354451941490632638 3.6937795154225008254 -0.66821266328663697642 -0.98252189668346823215 0.0034933360498264009152 -0.18611426366788122455 0.038346458707240127506 0.98217782754136551127 -0.1840007179078283206 0.18215452682276944696 -0.18792155727653997443 -0.96514517906308883166
1.740651873009357864 3.6320994685407739233 3.2199067758410748752 0.87770703480185219281 -0.0042500549970373828479 -0.47917877466743952208 -0.46468368266974358072 0.23669288372478941573 -0.85325585486099053689 0.11704459030541650155 0.97157522396710893631 0.20577207792526464036
0.099022506654813297056 -3.8182958236779724892 4.9637087089610787416 0.77471249197152292076 -0.0015771623169425989103 0.63231168528064474188 0.11038244199216931674 -0.98430453029270859044 -0.13769643475837051172 0.62260442600673915337 0.17647125602870422645 -0.76237892449387334448
0.52443409357918091551 5.5446226213253870796 4.0704438605011246111 -0.9723008031804287743 0.012015329752551562673 0.23342403472128633868 0.052804503005604706833 -0.96156643850016298991 0.26944696846038590499 0.22769021190414720501 0.27430934399161516213 0.93429735694908866428
4.6107514380690437505 -3.5445991245995114305 4.930259942276052243 0.99952441455010343496 0.0016621742396008389389 -0.030792562333924224094 0.019595325642013525919 0.73679263931077088046 0.67583476521291530048 0.023811088410180938912 -0.67611673831834184778 0.73640966060648527236
2.4872229040832101177 -5.3449993929370434032 -2.0327286126941825906 0.8171932320418152651 0.013176610031956291838 -0.57621315366209224784 0.14994219086206370117 0.9604550618966548603 0.23461332757619576816 0.55651824849197151224 -0.27812308610577057832 0.78290164648600801822
1.378904378195327407 -4.004891175178440399 -7.0544233120611234966 0.79303536149155706703 0.011470996855396741951 0.60906759202502713801 -0.57463816193252525988 -0.31778293542472701994 0.75419161279067048476 0.20220261688450952287 -0.94809409985717263414 -0.24542143252186404689
-3.431333942609085863 5.8216380977044046574 -4.0727563216455138217 0.99403117963509268762 -0.0077762571354381276878 0.10881885745648307851 -0.088778545501931774298 -0.63737672223931962634 0.7654209846915480675 0.063406496289630728813 -0.77051310421856389343 -0.63426269987743344458
2.5258565438186777463 -4.830139929891029027 5.9739238555643048301 0.99708708557783010118 -0.003018400990305674346 0.076211764375266041749 -0.061950637414437598194 0.55081870340007821341 0.83232257839657142195 -0.044491148531908858432 -0.83461946133563780226 0.54902722378964607941
5.0777925303261923773 6.535517800357259155 -2.0699131013453966332 -0.9783614626688024174 0.0054228403899530333576 0.20683191525116195741 0.16542078796596823564 0.6209492357384582828 0.76619710880719360535 -0.12427715507318773391 0.78383202246256677981 -0.60840985305049455345
-2.5614337072550323882 2.6961688422858571812 1.4679640890339995529 -0.9925635260285645689 0.00036644037697927428921 -0.12172720533731219705 -0.034822877103487692718 0.95734908089053127878 0.28682765652611558194 0.11664053338359982315 0.28893356163567640582 -0.95021701886074860788
2.5292562495023527269 -7.381247170249137568 -1.9455936253017716009 -0.52687405798623765385 0.0095984736980490193564 -0.84988916708230621833 -0.30642217398672810802 -0.93483684218260476584 0.17940326024762298651 -0.79278570768546174907 0.35494780996773456216 0.49548246577326210405
6.1648614427429917484 4.8208781440006216457 -2.0149086095617239067 -0.99282768766093676405 0.00044389406984618115515 -0.11955327503624998964 -0.0021920250367206926823 -0.9998925959628033322 0.014491085703415418698 -0.11953400202484287806 0.01464921488272091267 0.99272202698602918236
3.4990934434822644761 -6.2105776705987647546 0.65429657410152131103 -0.94343443511280034031 0.00065410966160660277691 0.33155849979148882545 -0.28876738998211715082 0.48977130891139403213 -0.82264054085010018813 -0.16292593754940057349 -0.87185069656900759938 -0.46187823261744026526
-3.5254910203926659307 -4.2259639064462559688 -5.9033601748526525199 0.98359124520600882402 -0.0018113600737226136575 -0.18040227639575445728 -0.1726954921676889243 0.27985460662411681954 -0.94438216106410644013 0.052197024235715351603 0.9600406856617610396 0.27494972728661148942
5.7634160697964489373 -3.8161625725817227561 -7.3714821118163422753 -0.85579956087850306279 0.0061560385833697058022 -0.51727092977375144223 -0.31385375694078315734 -0.80104857033162812918 0.50972248059476810145 -0.4112212675120667793 0.59856769972873091756 0.68746911056944415286
6.5399077567183576676 3.2667196938958142916 -6.458882472825423271 0.97945914151251112223 -0.0079829502448605961507 -0.20148464609703492512 0.032239858000579435515 0.99256139033125079241 0.11739879888578108602 0.19904869169023886588 -0.12148316315076754246 0.97243069645469615292
-7.1578960768194503927 -6.5191219017826513848 3.399377426854979678 0.99669852249949664191 0.0021520428492701575152 0.081162946957325288189 0.078519508905509335928 -0.27989177298311579412 -0.95681517658199732868 0.020657733865579432087 0.96002914754077928183 -0.27913669393969825494
-5.2944460495196103977 -2.2615986518233270886 -2.7959382606659750614 -0.8844522363679960808 0.0066963746825976491403 -0.46658268307960637511 0.29355667074764335567 -0.76926087557512734527 -0.5675052302569546514 -0.36272403097013017348 -0.63889972912465653465 0.678408736294929815
4.542631025537773759 3.4477689176942711846 6.6810489927008314126 -0.65258688531293573831 0.0036163582263973323774 0.75770527190373837545 0.47549554136655874936 -0.77662116628434230137 0.41323547066974591901 0.58994435945946865907 0.62995752716540065475 0.50509322576094817236
5.9438538871119543927 -3.8355833332539996938 3.886192770505299432 0.92463336637742687962 0.007743341596841075633 0.38077969804390859876 -0.37046847938902072173 -0.21364961281128919124 0.903939682016847601 0.088352948794213390094 -0.97687966690205185749 -0.19467889673220675761
6.1577086612690106193 -2.7669718898371709059 5.5430134475652472759 0.99388378619872919106 0.0082718792905046370501 0.11012082248251923999 0.10756176037041806359 -0.29835044657727366468 -0.94837623269102067081 0.025009742846326635246 0.95442055040758211337 -0.29741540935628191233
-2.2162264572464707157 7.4761601638940140546 6.1446362973668957608 -0.98283468678802365925 -0.014025949844617399687 -0.18395448126439603587 -0.10728052008150708307 -0.76773935569594276007 0.63171763607377839911 -0.15008953480282707926 0.64060873741038437679 0.75305615799637926067
-6.6110442156673085989 -4.3830996472991294866 -1.2501786585859886447 0.9925379086340054835 0.0016240912186038965193 0.12192564230703482886 0.0046137599943330536573 0.99869506638123917153 -0.050861356690579305473 -0.12184914092015644571 0.051044360250645411103 0.9912352193820680446
-1.7999770227217202212 -5.5185730038366775929 1.9330077144826400826 0.9969549727776745307 0.00021670130725564250296 -0.077979069591244079551 -0.028783069436183712081 -0.92835897638774078633 -0.37056867902468076936 -0.07247287194257065468 0.37168476428385971433 -0.9255258607038573393
4.1335449061964046891 -1.3033944739801739399 -4.0070655808875077497 -0.96641660965083719947 0.0021657257652478428128 -0.25697129455052319935 0.12255371733643366516 -0.87504272774969704685 -0.46827429032504375161 -0.22587501623257749683 -0.48404083943839271154 0.84539040850819124895
6.9488295009378795442 -2.1173960248594303479 -6.1753812176073648033 -0.99817015651812146526 -0.0030595364326737742658 -0.06039021339037720093 -0.021046692598366365662 -0.91869037300759304188 0.3944173364264799142 -0.056686641876080530456 0.39496662869150034325 0.91694492029400631594
-6.0244055088540182652 -5.8134293922331217175 5.1870314875611551741 0.9481381087427409593 -0.0057288280206307246045 -0.31780702836675506218 0.12872432771383851557 -0.9072595355121921834 0.40038754061129372408 -0.29062720830033000885 -0.42053218158859695386 -0.85946990060381911469
-0.7971052512491277886 -6.2124714906950657678 -7.0888819085000696063 -0.94712394573567249001 -0.0055999119685643753558 0.3208190648947686352 -0.31165215964736758814 0.25396368713991229749 -0.91562840552341717704 -0.076348954158659970703 -0.96719754269753122067 -0.24228031409642833416
6.4464976455620419671 4.0696741093432544645 6.9965780124344991719 0.62153931301801901288 -0.0054672314024746199515 -0.78336389484956747697 0.77917841138690557834 -0.099150732809791350397 0.61891044215787460736 -0.081054830835702584846 -0.99505740616527427189 -0.057366129676950178284
6.9089648351117611824 -5.0249914607181427328 -4.144130567006159005 0.95183132930656200177 0.0035471134643761895872 -0.30660159578325485441 -0.13739948942145327471 -0.88898599180400139641 -0.43683553733979757494 -0.27411402893224900978 0.45792065291087380441 -0.84567734673471961493
-4.679782238658236615 -5.7998289469914592331 6.8614325049004554202 0.94874351182704363961 -0.0060410851006217668527 -0.3159893258589345777 0.26253945327012173649 -0.54155809149508382649 0.79861622135588927751 -0.17595108480099583281 -0.84064162330153457958 -0.51221370240401442597
-2.1091046656761833766 5.0483778420816278754 7.2661074044614126777 0.99422465179558383586 0.0023626802235206722722 0.10729286790898297232 -0.0064562605343371918046 0.99926363464927969726 0.037822019609325831235 -0.10712449982088251277 -0.03829629498504039109 0.9935077932902648401
-1.4353553520766508811 -4.2923218582848203795 -6.5589116923530887959 0.81607279442720492835 -0.00580282068787519624 0.57791999573272034851 -0.47122106205302893844 0.57228239834708960476 0.67115092730306580293 -0.33462800969632666703 -0.82003608689755735917 0.46428968469318915302
7.2589593833967525072 -1.3021196661487750568 2.6942415767170304619 -0.91731411264534623573 -0.0076453869078684719152 0.39809090268517116629 0.044560885467239588764 -0.99550575430941312671 0.083562076465426002314 0.39566291995592656194 0.094391955143794781247 0.91353216285791472018
5.0101088949015570861 0.091882987440060973072 -3.770181459271244151 0.85989062983007158447 -0.0042888154580379258055 -0.51046029306150919602 0.35705092262616894283 0.7197153943663814335 0.59541950737596438525 0.36483248674183899052 -0.69425597381229697813 0.62040784927644243574
1.4162286522100120401 3.9288215614789070429 0.41857245928498632015 -0.99739832466954558843 -0.0016611899082374244861 -0.072068178793982237695 -0.063322328646453623913 0.49796780383583061358 0.86488054032776073843 0.034450901895100007055 0.86719392686462493103 -0.49677744369853921169
-1.244151823948421498 5.4586264997220164119 -5.7206358982983038786 -0.94894492691148613073 -0.007016670581295466648 -0.31536374557432361732 0.12676729330149896779 0.90698635833520913074 -0.40162893215355394139 0.28884871306233517174 -0.42110154609994415731 -0.85979061918267141174
0.42672358919324793192 -2.8501447046927714801 -7.1983246302127827931 -0.96148324572656596043 -0.0088050295929702204756 -0.27472247749496075953 0.018774288371322191832 -0.99925631172208617681 -0.03368010658666965168 -0.27422161527360622291 -0.037540577211854740669 0.96093351007203009484
0.76590792091700687916 1.9784394717753299719 6.0213862081264100112 0.90869280076375769095 -0.0066790541673591953195 -0.41741200758429403139 0.1928256268939214646 -0.88010540865586772696 0.43385798052799318114 -0.37026432646576318275 -0.4747313554951106962 -0.79845755595195733179
-5.4796611025072774481 4.172207997288444048 2.2564410833785695232 0.93210384942869273228 0.0074184037697641782433 -0.36211514904195551967 0.20539157046484501912 -0.83431584652863799434 0.51159688331058894573 -0.29832317486602538681 -0.55123682344040936254 -0.7791926897893013404
6.2564603956692197428 5.1619023940655361926 -0.87382442978540830758 -0.8908517393373499571 0.0028340101687456160928 0.45428531442925113026 -0.45034719069691031557 -0.13703889512509848103 -0.88227419153812447483 0.059754383530522973966 -0.99056161323224922732 0.123357626597043607
0.57039918416251200739 5.7727178269959882329 -4.7041733387880055872 0.93630805315376619546 0.008467568934861769564 -0.35107766929231781772 -0.16215632571311963672 0.8971780437165363109 -0.41082463887186243534 0.31150049057850415224 0.44158788270214971439 0.84140809731076915412
-3.584418999000293482 6.1502060139697265484 6.9138145956884216048 0.95130521426934655516 0.0061685205279179700089 0.30818880359036993077 0.051734871000092434723 -0.98881293252530599869 -0.13990170689864789288 0.30387808809881583505 0.14903333125526671554 -0.94098202626220783795
-3.8712112315929667616 -6.8724491584860745164 -6.7264797516244758668 0.9996542977204706526 0.0054104183906554881647 -0.025729602055706179975 0.020392109157457656565 -0.77727047844903673912 0.62883604001018711394 -0.016596594024559360725 -0.62914333081136952774 -0.77711210411513131913
-0.0098523889290972714583 -5.2534832357270158099 -3.885240750660421849 0.91936684652646216698 -0.006645478823399497692 0.39334519079200308544 -0.31041935408820686693 -0.62647601519746520804 0.71495987788814907571 0.24167007699633769047 -0.77941236838620031602 -0.57802416376050880231
-5.9594087296105255902 0.28350963656664407431 0.46741889553437210303 0.9272045056652545858 0.0086026100819658803814 -0.37445667275890753833 -0.33493407852494355703 -0.42847167282547021783 -0.83918483579528835303 -0.16766325690675110138 0.90351426147343916195 -0.39439955831297035527
-0.9158749207611233123 -2.3825472959960558583 -5.1112612914921564666 0.92434252687961893091 0.0050438106367712010059 -0.38153040897946438603 -0.30335374012847904357 -0.59680595950824000262 -0.74283184843239247197 -0.2314463249909730902 0.80236974436339913996 -0.55012306984749392846
4.9268404849970899306 -4.6569875004736047686 -3.0451471084025358849 0.25352299535127753582 0.0048268260173175894095 -0.96731731741899562582 0.71044730169528658159 -0.67959211794143992158 0.18280914841964449047 -0.65649883651235585447 -0.73357430092833142421 -0.17572143487737862388
0.065792650393528537278 1.9737849244579521724 0.39419590954378630476 0.99325575913891950286 0.0081756282967211952456 0.11565533294846089274 0.11565849915416556715 8.6049769692349287187e-05 -0.99328903354909481305 -0.0081307140442627434673 0.99996657529010946064 -0.00086011146912123859209
6.7020580242045424413 -5.6840612012364370997 -2.181046970901444837 0.99995362886929672896 0.0016127297946800858708 -0.0094941673580186663334 0.0084719592988169237224 0.32143778165880548814 0.94689280197278702378 0.0045788663283795449227 -0.94692932768231208307 0.32140921324427534911
0.33880439874267487266 -3.2382769227604502049 6.6719072512532280328 0.99998550884148929008 0.00022870935446431695653 0.005378642865746756721 0.0017619451511523033516 0.93016822017509004361 -0.36712937464299494339 -0.0050870085836978648497 0.36713353138669524434 0.93015433798648672337
-7.288734374179583142 -3.0213216844314576548 3.6833634077075401159 0.99257509919180453295 0.0033991071137473545874 0.12158584841709263458 0.015171221857217883841 -0.99526306826926791427 -0.096027386545315063238 0.12068349718099119494 0.097158998606382024343 -0.98792490731737780951
-2.1698897527511782357 -1.3493207285843840104 -7.3901892252848888631 0.52861463968923472212 -0.01011643817091558914 -0.84880163783117790199 0.15366285451981148702 -0.98226875361724330649 0.10740494778235450124 -0.83483788237412670519 -0.18720511036302067698 -0.51768712250442228129
6.6262915377714852738 5.2158202953844625682 5.6701787330425359457 -0.9998425124513087292 0.0038524091445464557493 0.017323661240938984657 -0.0080928976892491819722 -0.96772354922538794675 -0.25188417433737891882 0.015794154045087983179 -0.25198470433420383507 0.96760232196887874245
7.3571350641133017589 5.8012050127382144282 -4.7392357092151158326 0.80661338503261514887 0.00081363626343516730344 -0.59107883152952311878 -0.52868512625598618193 0.44818041684845844053 -0.72085112972737430681 0.26432344648556244104 0.8939427565284071564 0.36193848053013416566
3.464029879499052722 -3.9975167256698758145 -2.9546361427519438614 0.97760428444493607802 0.0043300273827215672931 -0.21040701960200269838 0.027820286949710323898 -0.99367308306219070957 0.10881100878056507164 -0.20860463721826835726 -0.11222769204019024392 -0.97153952594351933314
