1125 14.717824617146108679 14.977075390850430381 15.033177056927090831
-4.4616243458514164288 2.9714616386307390883 -6.4479583078937787732 0.9372501604322540647 -0.0030326597025065599178 -0.3486444316847842062 -0.19541875829399579789 0.82356127287726155206 -0.53250196123926996083 0.28874494917922999271 0.56721921052800494678 0.77129029653654535004
-7.2578039725783458636 -4.7106162769057320361 -4.2858191471740125778 -0.77453274962776930135 -0.0041349373282980952937 0.63252029378298824103 -0.5241326874913199152 -0.55559812991337542698 -0.64544220805569862964 0.35409595543749983193 -0.83144068960463202167 0.42816169143539972719
0.74393137934581698989 3.48463449208901066 -2.92781342983310644 0.94557573440038400481 0.0076959178724953980141 0.32531108705543104742 0.23295108480603202161 0.68201141385872476874 -0.69324903422518324714 -0.22720106205916690278 0.73130103528889378595 0.64310067111198454537
-0.64107127514316475381 5.8338930222729334929 -6.9968364147196098202 -0.8054994459195046197 0.014082703518463184078 0.5924291688336740247 -0.29201110475563707425 -0.87934904176209904847 -0.37613133005822158017 0.51565507592060200182 -0.47596947403556127965 0.71242747172159515134
4.7186945802306610176 -1.8702643417594042585 5.2736087060949135008 0.95994609289101906491 0.002304844885327535578 -0.28017527805531544649 -0.080645655532355517425 -0.95537613195415205247 -0.28417023900481530596 -0.26832774173961643216 0.29538302961125434409 -0.9169237093840201247
-2.7310009633246474792 -3.0221058782498011475 1.0163781044008226573 -0.91870900762943819018 0.0056923936916340083306 0.39489410726745843849 -0.043290365871146999077 -0.99532247701006348883 -0.086366144879048006855 0.39255535090380561103 -0.096440465638607517085 0.91465815093081004328
1.6865983206731389732 0.97137609685590275976 -3.5695803752324550828 0.68202747843610456169 0.0010223528563988498654 -0.73132583261680617071 0.64458358966542561586 -0.4732300103723364737 0.60047094285814361925 -0.34547143817126041432 -0.88093831343498318898 -0.32341486256870821681
7.1468373467098942342 -6.2019484877769635034 -7.0263405764901163408 -0.89409733722564099789 0.0083084871652317499741 0.44779562370254216708 0.44482729450628444301 -0.09992442851715090113 0.89002459890038720935 0.052140479747676785061 0.99496033972534025924 0.085646323593805542829
5.6833169928229176904 2.6237312132002803544 5.1283472422599478691 0.80772169772031143786 0.0063793573497278720924 -0.58952944187016687039 -0.20815127845889339064 -0.93246030371352373045 -0.2952809294121375161 -0.55159650498152079656 0.36121612062359337303 -0.7518405481840909621
2.7665071060963959404 -5.7700396335711516826 -3.0451740963033402387 -0.85238709246947330644 0.012600209561316973172 0.52275948514627035291 -0.29048888163245129013 0.8198501617530662422 -0.49341860719020913528 -0.43480162630721930217 -0.57243947015612528517 -0.69516947485349156466
3.4364198106542822586 -5.0277312073258331182 -4.4643434956736225416 -0.81632624074130188951 0.006478068493061413767 0.57755476217044576792 0.38617528497639402874 0.74970019725322101234 0.53741814587151082172 -0.42951148756533541473 0.66174590959608314833 -0.61450161365310040917
5.6789314815215501397 -4.4397896032157833091 3.1286660809122781579 0.6289442045662333447 0.011777641896133762833 -0.77736122536045726417 -0.58465560680543371408 -0.65190342462901762488 -0.48290759611724126676 -0.51245195772230356379 0.75821053283911865606 -0.4031250164877652753
-4.5197616721933959738 6.4129512187935500123 0.14988654116809665973 -0.99379504664128015534 0.0040732392468545014497 -0.111152210924369374 0.070119101322505650309 -0.75279405206597738154 -0.65451083016552713545 -0.086340702458714668754 -0.65824351413153947554 0.74783738820864165131
5.6066116264366083755 -5.8386365071219827882 -7.3120114558465818533 0.91735108932112296998 0.00023358230122317441557 -0.39807904285547179857 -0.26354706459263910201 -0.74910586396220768535 -0.60776915792277863559 -0.29834530944202924951 0.66245026229671388762 -0.68713152039267699767
3.712981932641417071 -2.0389049236218674821 6.4856514717536111192 0.99377436202276991928 0.00058967522273139453409 0.11140991728472353361 -0.10961188821194269016 -0.17383205862020142951 0.97865604241656645179 0.019943704492029631914 -0.98477513559130069876 -0.17268520773981430039
0.80295937897955527163 2.056017104820141661 -6.5865101136316885899 0.88731295582435854019 -0.0065044857335087849157 -0.46112190372141909078 0.37274787954552501823 0.59886954706657247183 0.70881188187736066109 0.27154140885060401578 -0.80082017785612835681 0.53380924122549644473
6.1704322891307743504 -2.3076336707399627279 4.2496489406187496485 -0.99979653044318783639 0.017967746389584114686 -0.009168304284556167208 -0.020072255538835969552 -0.84109099043218582548 0.54052109151391369846 0.0020005677592367806204 0.54059514047345591514 0.84128050721816727275
7.214790465041307499 -2.1217199035687892561 2.6904177574333454359 0.59396194260129620002 -0.0017484271036087616416 -0.80449123907230191133 -0.61717276389414932325 -0.64244784095581375372 -0.45426704828612940457 -0.51604940679029787098 0.766327420006708393 -0.38266864922210103162
4.2521051271084173706 -5.1202723223682973241 3.9865873609614803641 0.63824162680967244654 -0.0054070240094837547853 -0.76981711457889057115 0.43505140876098830072 -0.82245361372578695836 0.36647008746215736785 -0.63512038035507600853 -0.56880648498484109865 -0.52257179898734096302
-4.9623441894833657528 3.9831715855945941662 4.4785813580211568663 0.93704802743697146461 0.0028194822981334080429 -0.34918912468152463191 -0.3436992603789667533 -0.16935112263876861416 -0.92368339579951597162 -0.061739879261650143505 0.98555174789598287699 -0.15772108143233318223
0.95200590855674893653 3.8599334857897282802 5.1324031649550931888 0.90477728546580649116 0.0039776152159524047133 0.42586646062157362813 0.40204778484672254457 0.32187101949146135205 -0.85717945933815231641 -0.14048360190778330647 0.94677517151045920141 0.28962239589908345128
2.1800469112738327659 -3.5697339368624021461 3.6422038313930871212 -0.99367918720282610856 0.020834945114913971248 -0.11030674495074238584 0.078096380155809635992 -0.57755529689265983073 -0.81260742947495001598 -0.080638876022367134144 -0.81608564752315526647 0.57227754418677057036
6.1534202065784047164 -3.5786079374879768977 5.3841247632295274883 -0.8532582038542931846 -0.0068973809875644337061 0.52144305891523212715 0.48512937637746639252 -0.37732219495864638414 0.78884564356225916892 0.19131107059184596086 0.9260563629321429957 0.32529938048189127597
-5.9947531870816677113 3.6329989432990790199 -2.6263245259449075064 -0.99993201982745405498 0.0026745301500218556651 -0.011349123859786702795 -0.0024690030412935562443 -0.99983340375690632484 -0.018085042323468889652 -0.011395602129345894574 -0.018055791877841176341 0.99977203833265160249
2.9466433863896859258 -1.333597478545371473 0.40022135026577265737 0.99159145718646135581 0.00084283477948668558081 -0.12940506815535859908 -0.002556504824280031625 -0.99965605166346238608 -0.026100625578520261771 -0.12938255801243025989 0.026211982031986099523 -0.9912482462431720931
-3.743168105893796227 6.0948600212592793923 6.4242018946919650091 0.9895205266954427703 0.0041969718494802785158 0.14433126021613981727 -0.099322449506417373466 0.74531584956218588367 0.65927182210025225828 -0.10480543054787423707 -0.66669833494515062799 0.73792218553789268309
-6.1368241315582494622 2.984856430586068754 1.1486324121977609103 0.72521586282144878677 0.00074083311511247487702 0.68852117140916158089 0.35620939071900298289 0.85536729067881389632 -0.37611390296085372986 -0.58921712659754732488 0.5180214756196336312 0.62006203602628273686
-6.0285687828306304681 -1.3289272953723203496 -3.9244502978075574973 -0.99944060941457479874 -0.0018443204990985281183 0.033392614973881955265 -0.029414709614417083872 0.52358838903950455368 -0.85146343064233487308 -0.015913614020613288391 -0.851969364088251635 -0.52334974877606021959
-6.9569938613419601836 6.2843887189183220698 1.4459827163911294079 0.66127761248053973375 0.0068270010839602320724 -0.75011019942963685914 0.098903439776014165363 0.99043561715363070963 0.096204978425774745343 0.7435926497973247562 -0.13780667737683410801 0.65427768633647198637
6.6953054624317545063 -4.8293721794385513491 1.4498140070607763441 -0.99529011613807250036 0.005686269138038371404 -0.096774227256336248226 0.011126036303324581336 -0.98498113905003392698 -0.17230312542648962282 -0.096300550538164830794 -0.17256831128238808715 0.98027872664217707843
4.3836537186570474489 4.3902760054935958678 4.2048796368789318478 -0.99797555071608190502 -0.0005571913980673074817 0.063596302648914290745 0.028128403805342278715 -0.90070996535001779382 0.43350934386524814235 0.057040275877853638398 0.43442058866595550937 0.89890219661025283493
0.063274209919595980622 -2.898504536378214258 -2.0224627975470577113 -0.57028415932420861711 0.0053760920612801726265 -0.82142989673997879319 0.25897317042227313566 0.95016020998450689827 -0.17357555232137467094 0.77955684502502997635 -0.31171569257322456759 -0.54325358017988456538
-3.5246629880988229466 -6.7977690654167641782 3.3707937708419799527 0.68884183933566445202 0.010479925685125967422 -0.72483590662881369759 0.55161236452921103002 0.64117977681419557889 0.53349066824358271077 0.47034106739606229564 -0.76731914153253322208 0.43589060021830794422
2.0082322547012214642 3.7109997296676557887 -7.2417635484822620029 -0.99587577635552482214 0.0060023571929677848116 -0.090528502564141036246 0.028287134893795893437 -0.92753011476793767454 -0.37267643365008740197 -0.086204849445275635866 -0.37370022465443697435 0.92353498364999053738
-3.097706361756118465 -4.5802792236755776045 -3.1494510393932264591 0.98895359099777169209 0.0073616944126730669493 0.14804256248825148345 -0.068983466917111671557 0.90686933702603289564 0.41572741893466463869 -0.13119480227816465723 -0.42134761304341544763 0.89735952262058482631
2.2485521448966250269 2.6736786688007967427 -2.2220270420297376646 -0.99814175510785696499 0.0078078033308350835995 0.060432399564701672068 0.051209760602993092959 -0.43000875749161149297 0.90137119373729279737 0.033024190057837132795 0.90279095403501485873 0.42880986017505179353
4.4484411958280425381 -5.7840599331124264992 4.9055166248707768872 0.61747926781294448784 0.013455117306218296325 -0.78647206793341584152 -0.12525612857277895751 0.98877741515893113888 -0.081425582751772057621 0.77655022765827064202 0.14878905567875425064 0.61223489024558819249
-0.76953510079031861579 -7.236929500917550051 -6.4492899590425443179 0.88086453187092705885 0.0028852085282869976979 -0.47335964346734588082 0.35591350381599995423 0.65525762136457177398 0.6663055060894256254 0.31209494435700396719 -0.75539997697608307625 0.57616631322160694051
0.022878887531100313563 5.2482843052036329823 -4.9079863456263508326 -0.99960829497420489176 -0.0063656197101869069904 -0.027253174208729483152 0.007095525795001220333 0.8843292478263723444 -0.46680984881709097767 0.02707231302342907181 -0.46682037265383236058 -0.88393768419654994428
-7.1563908678671142027 -6.1790306474370826351 -5.7098444507583243634 -0.93414903752893774236 0.0090558625247532213709 0.35676822593643969794 -0.18620366711733774001 -0.86519143861448988275 -0.46558776712903821027 0.30445651583749311353 -0.50135991652916556127 0.80990398447104716695
-6.0667470877011995256 -3.0818111610772804809 -6.581814692930900712 -0.99998844070534942396 0.00066252240510743633586 -0.004762301949608971352 0.0044371289059674662303 -0.25437183919036354673 -0.96709631335964318932 -0.0018521184812365972666 -0.9671062653559834299 0.25436595913402182401
-5.7675792465100599316 -6.548167984747371051 1.3714175395608816377 0.86126847341613943509 -0.0020125222215204617918 -0.50814620578502500692 -0.4334164321852757018 -0.52493094154012343022 -0.73252829496589288993 -0.26526743677131164878 0.8511424418792794544 -0.45297873087011480964
3.3845988104886961523 6.5381720264032932022 -7.2528889198022836737 0.49743734424192131982 0.0095973500124059696326 -0.86744681648292587539 -0.7421529483669678795 -0.51305012785281711718 -0.43126391866265112451 -0.44918269087726281352 0.85830499077133892705 -0.24808759145385606004
-2.5910828716062619392 -3.0758612198614381228 6.7182981862246791138 -0.54100936326854009994 0.0050385776419481836594 -0.84100147537989589086 0.68824802019531639008 -0.5720538260749188364 -0.44617158444964938324 -0.4833461818955406275 -0.82020060522313453788 0.30601868511339747059
-1.5364625593190113229 -4.7273892567001087883 -4.4066787308993529138 0.99223613132553367677 0.0049461083779849396302 -0.12426985034218993031 -0.028701129145532230935 0.98134392208776588529 -0.19010615920350232289 0.12101117666531707728 0.19219688497273806904 0.97386685564755859357
6.312767876394453026 4.0935974536968249282 -0.43566826465942143365 -0.95903478896439442458 0.0033548614966896579334 -0.28326845652221543936 -0.2173244252256420761 -0.65013650909811282474 0.72807459352608827619 -0.18172057604048016954 0.75981001865079389468 0.62423262314737881784
2.1696676854055332306 6.9734264216341124154 1.245778724545850924 -0.88198581814723975292 -0.0017970568037544648946 0.47127251900999678202 -0.23907201416295506546 0.86347718128936357118 -0.44413030682068999067 -0.40613493894421304198 -0.50438470236456067752 -0.76200425418058148619
3.7277817111615036971 -0.71212174633146574365 -1.0000684929860168548 -0.8106487748379421765 -0.0059497902586629278221 0.5855024883377168976 0.094559078089911666187 -0.98815326368523581646 0.12087889898138630407 0.57784699065114897287 0.15335490687959124623 0.80160783924019818336
-3.1984489051613649302 3.0743196969304404931 3.0269975221421709932 -0.5292978714940407281 0.0040853275851997356005 0.84842623328745747635 0.72713264991444814811 -0.51308121786372040685 0.45609842501792358105 0.43717487652002684495 0.85833034082098602635 0.26860222144605316874
7.1413392479328239304 3.308391566858080779 2.7208488396927013042 -0.69678430694291848546 -0.0013046902142716098466 0.71727953224774942953 -0.5792398725395193626 -0.58877497334644779414 -0.56375987869074073444 0.42305176947802469734 -0.80829594119001457742 0.40949343315510644548
1.9510979836008972566 0.63555062876248724635 5.6373670526959127614 -0.87460487575936973759 -0.0086803422897535620351 0.48475866465221428836 0.053535124239510012423 0.99199681998556055174 0.11435164892205983145 -0.48187166524952168567 0.12596412503670595395 -0.86714055229438291583
6.468520725758660106 3.6506836316461424019 5.2241343099454935484 -0.81191293061885039251 -0.0070516447330031990781 0.58373595691944846209 -0.56791493213536770046 -0.22197980098421829509 -0.79258917341386059263 0.13516664881437936985 -0.97502576492195347502 0.17622353641523569312
-5.7196520444060245936 -2.4110751377354864289 4.09332733042097896 -0.99160256551856518215 0.0043386742090128285754 0.12924986639518454279 -0.083749116572603324316 0.74000915480456519457 -0.6673623725375081861 -0.098541552303495233422 -0.67258280286641858314 -0.73343161627926778401
1.9084283012098244292 -0.38360627848074779767 -0.45468829400842747379 -0.54301336453322091025 0.0038531629844800237977 0.83971521307710883519 -0.56136074519494727486 0.74203302964155082311 -0.36641656168262959348 -0.6245082863281887775 -0.67035224774444157614 -0.40077083757606718484
-2.2761829809440659034 -2.6846100823193226326 -0.40064372360682015684 -0.88952219831600976008 -0.016044550327706526283 -0.45661015221707634826 0.3734481634970166497 -0.60129491908583243553 -0.70638579364421527629 -0.26322372211423594734 -0.79886606680110916479 0.54085698611556043414
2.6224021436590674305 -2.0521994442867290687 -2.1734175930718326875 -0.84500644051040596505 0.0011820180793984296289 0.53475482076282099264 -0.52241777108171172372 -0.21539705023215569013 -0.82503562541824027043 0.11420940396435151631 -0.97652583866712405758 0.18262940196354390809
-5.4272257776745407298 2.8152653143501176203 -7.4439822520016543095 0.99427989035990127498 -0.0054342719315049765189 -0.10666755980315170693 -0.049954058965666708891 0.85907693786867533881 -0.50940299058296567569 0.094403875019219860021 0.51181762719806001005 0.85389145965441071162
-6.9242566553312938638 5.7124580622475686909 4.979380780358393821 -0.99959786891454205371 -0.013785424553377556567 0.02478028513814676051 -0.021697740198955435542 0.9344597109462627893 -0.35540717028300067293 -0.018256739355695789789 -0.35580192620075806742 -0.9343830482087240874
-2.7239287877818250116 5.8982803874035312219 5.4913518359257338375 0.90124888729123209252 0.0027828251806849427577 0.43329285597654493278 0.41952388670724005681 -0.25576665561493011625 -0.87096677683919077051 0.10839811639687316203 0.96673454151585413996 -0.23167687541495368686
-4.4875267091657971008 -0.34270103395052453621 0.41057003505145994726 0.93563076925226940084 0.0035565284044888484383 -0.35296234180715552187 -0.26335544211290035088 -0.65877652921954388265 -0.70473923947716121674 -0.23502973160386525509 0.75233027033014499008 -0.61543495968872508062
-2.4739062216270264472 4.2031616083713103649 6.4523863397669902753 0.98546427405448067116 0.0040584628485421277155 -0.16983431173219523669 0.14592196157864323336 -0.53212414479723191274 0.83399680793921926458 -0.086988192826926422074 -0.84665661481090703777 -0.52498155291933434885
-1.4772430229280786307 0.86158742293609924534 4.2000428303826593535 -0.990095557418575134 -0.01216298810196795796 -0.13986725456782156396 -0.12035595279505521826 -0.43940520357695328491 0.89018959311835832438 -0.072285764896713303185 0.89820661809514190654 0.43358925194635017375
0.78486059849615297246 -3.4754204599854188196 -0.42527311075966323095 0.89375547678642019989 -0.0002620406684830873037 -0.44855443264895111799 -0.31201588592950768586 0.71806301851370069045 -0.62211862885689517277 0.32225337025695222071 0.69597804044218480879 0.64169099462305967396
2.001391223532741126 1.2175729186050088249 -6.3965103722270333364 0.99951043818783003037 -0.0015348977330842750524 0.031249448677101061833 -0.0002037504479888152531 -0.99909405554768693225 -0.042556158837824563379 0.0312864577640940833 0.042528957878371305423 -0.99860524998729549573
-7.0519245592678618806 4.6412344499715132429 4.8150411013053187048 -0.99500022312823410697 -0.00038315572171694275982 0.099871963866054291881 0.012964575058832927129 -0.99202698102312403261 0.12535704493838184526 0.09902765153395405584 0.12602508525624836477 0.9870720349183002007
-6.0553477878296879666 -0.29778923033462834091 7.5051545314250143193 0.99037812135885661124 -0.0021657835973242518107 0.13837082826663502089 0.12147332932659743454 0.4926195550707892501 -0.86172513264056249671 -0.066297865697808072705 0.87024208318338991397 0.48814271443985512988
2.503656984031392696 -1.494776159486365108 3.0736477701287592268 0.6438283443800030259 0.0047055740799763802473 -0.76515548782295217389 -0.70341074446285911659 0.39722036574424407496 -0.58943134088045678887 0.30116172988464900984 0.91771119564409042724 0.25905168179785115212
-0.96749278129482063626 3.151430500771044585 0.72363039925115379969 -0.99376161373154248135 -0.0081634283712946984629 0.11122595700214271686 -0.03605601276594302268 -0.9202409227161844063 -0.38968783417239877265 0.10553586602305115028 -0.39126717546423250838 0.91420576370257389254
-3.1266745490840448518 3.773343051224058442 0.89040545070225962654 0.99383285697386192226 -0.00016735023298570118194 -0.11088834200699931865 -0.10887223266166212721 0.18835474987798772606 -0.97604780884627462267 0.021049687751340730169 0.98210104377914964058 0.18717491940219846414
-2.2679736881898793222 -3.7171096707152249117 5.5741298467865973976 0.99746030169848520774 -0.0040800691810195617235 -0.071107661829487106564 0.055260477198069576921 0.6741986452409858277 0.7364797800448824594 0.044935800818691258585 -0.73853878692360974689 0.67271185065678196224
-1.085824795307812618 4.4504023955751792485 -3.7794367529394468086 -0.96385740587382862099 0.0060710533009185763814 0.26634947616603499299 -0.22638467178106888578 -0.5457402514812039751 -0.80679461964982002176 0.14045953696592369808 -0.8379324079094678801 0.52739017648246944159
-6.5868020441679897559 4.7196918547156716528 0.25925878395686235978 0.99707281146160442464 0.016938593088203883485 -0.074557982189907306969 -0.063507079656239223686 -0.35953274210493285645 -0.93096888142844269609 -0.042575338842802748496 0.93297871970309331768 -0.35740460140254071142
-7.2611664234119306371 5.8885521804925238243 -7.4662209566965955787 -0.91477854718067641571 0.0014690633143662687465 -0.40395303126840920172 0.016758304540521920534 0.99927051165759872564 -0.034316231734812858989 0.40360793952412971075 -0.038161320529114535482 -0.91413584590510965633
0.42168193468362230591 6.8304591562242560343 1.2601816382885311363 0.80826547437411977448 0.0070326385037989139551 -0.58877624351731372432 0.52467004478731060768 -0.46246288733796764303 0.71473730974243343539 -0.26726067244837264925 -0.88661074876780743281 -0.3774825997733544658
1.4110897541039562064 -4.2041156704293172197 6.9391287660920450975 0.95143061782951232619 0.0035683951950794320224 -0.30784256692730715965 -0.19913402413748723663 -0.75545305949721697214 -0.62420855114874251868 -0.2347880318233229735 0.65519305662684657054 -0.71805058224372464437
-0.74969318287333974737 -2.1820324698287412168 2.0787408004250700344 -0.75647629287962647737 0.0017559001381579760707 0.65401875747246396298 0.63390772621668278752 -0.24412219992926073586 0.73387011530933488057 0.16094910050610056196 0.9697428877368828859 0.18355957814805540229
-2.0280650076116510938 -1.702099217598753933 0.68402879086697876421 0.12210536754591894137 -0.001596623574167606828 -0.99251585882024995211 -0.26251157325500190653 0.96433502988683827972 -0.033847068418013256941 0.95717185140582961012 0.26467980830891840727 0.1173313510953093719
-1.9585477888041691319 -5.3579799365708931091 3.3620068895823562727 0.96200034631963105003 -0.0019255294725122563612 0.27304143644741818431 -0.21272808951520272291 0.62161597294643955447 0.75388350698827177876 -0.1711785430835152666 -0.78331977794131790738 0.59758516704642494766
3.8098324201595530347 -5.3137151306960195285 1.9377990520866026358 -0.88563818094464952235 0.0062340865047759109682 0.46433409159634531083 0.46127995045614816894 -0.10345969304244397036 0.88120196278873863527 0.053533351849861271488 0.99461411013566358719 0.088752195233151531806
-5.7457991216089432385 -1.6466660893522340192 0.63558434876919189804 -0.79212994281395976426 0.0019835854529517086414 0.61034925992107558201 0.50100449671222591075 -0.56903554244351539637 0.65206828301191521735 0.34860385535975169091 0.82231053551852628658 0.44975630646329739504
-6.3771903834589949156 -3.8789350636816033457 -1.6078673722334564378 -0.99913497567952769263 -0.0072068246481880038345 -0.040955610754116675287 -0.0048120508716028229101 0.99828908754087752886 -0.058272994287142977632 0.041305502540953206725 -0.058025506247534171245 -0.99746022280819746086
-1.1008607528896503513 -0.42313950652806753272 -2.6450011078096027362 0.99965567463159088479 -0.0064284283114730954994 -0.025440272921175920151 -0.015028273067584130979 -0.93502820667136288257 -0.35425471590024193436 -0.02151007172151968988 0.35451506038309094082 -0.9348028609156221469
2.8742702708626430841 4.5448919623466492723 5.0214104100055800828 0.99815401057643515781 -0.0053522729056387757102 0.060497308577577693645 -0.05769012165241878265 0.22781815446301537098 0.9719931781452050279 -0.018984757941974666345 -0.97368898610995979759 0.22708883128430684684
4.0963527681522879931 1.0934644414287255643 4.5371489871941594885 -0.99607796364473966122 0.0085094636207729609095 0.088069741513238028463 0.085217443567710451924 -0.17553240659712693317 0.98077844671767555607 0.023804992188615651388 0.98443687622066811116 0.17411880738101692678
-4.7726253942746348358 5.3898230274656997452 -0.13181297758279758581 0.6519469658801184675 0.0037879801635630917095 -0.7582551054136402735 0.75812573947893346915 0.015878239842311410446 0.65191505937421490025 0.014509197738580493359 -0.99986675747615194609 0.007480005026059033911
4.1014202445965501909 4.7709236549729165944 -2.4661815834455338425 0.99909644892412663442 -0.010450255542740021636 0.041195605423706413428 -0.012797041046092135635 0.85034461352555112956 0.52607059791311006069 -0.040528033354727863169 -0.52612244811193298322 0.84944255138606794553
-1.5764810827058379772 -4.1041620318639324694 6.4111804538163781331 0.99618156735990004425 0.0016544831874982009884 -0.087290019692265727325 0.080205686449645444136 0.37759711421264585685 0.92248981956415787575 0.034486703432458680474 -0.92596851027646087662 0.37602258610708322317
-0.7923286300509644331 3.4080968234447830412 6.4047496325986461585 -0.94445051705101690231 -0.0099694393645171040796 0.32850240656760776314 0.27177853798236029093 0.53833259317967918633 0.79770573861082705314 -0.18479623138517622949 0.8426735010662657066 -0.50571901631901228225
7.1928676835990090765 6.9376553894177881432 5.4068123861911008277 0.97463083851585519124 -0.0087966710212884005604 -0.2236455838885221814 -0.20394254454307106372 -0.4465586656791267206 -0.87120192643961713586 -0.09220719678624109128 0.89471111353655941034 -0.43702386224900696687
2.5427003169564321716 7.3783928848392994482 -5.3766025454706891651 0.91903233748974877404 -0.00048665806970285638983 -0.39418184358504909648 -0.21473876507915873324 0.83796648560310504905 -0.50169655348433628284 0.33055532883379223907 0.54572147856735808702 0.7700137936490859536
0.79309568130234742167 0.15536895644821735463 -4.9579254201260676282 0.98933742053605200351 -0.0088262686024873516361 -0.14537388111265819868 -0.059389934561300733451 -0.93585043441103443751 -0.34735687712447438358 -0.13298234469282479986 0.35228690210597574106 -0.92639604630233918225
7.14451416659798344 -7.3132694879264619203 -7.3087006242562617686 0.99958930659804634544 0.0079645687336067291784 -0.027527872777238261703 0.02183319608161123776 0.41053444796318538934 0.91158366515892896853 0.018561510811816585992 -0.9118103052063670777 0.41019195218327036967
-4.9979230455513148357 -0.89239073656161571613 -0.46473259460546412214 0.95693228166506394405 -0.0057538375995149059622 -0.29025420179555699862 -0.27979180629533939584 -0.28497899191080022785 -0.91678979013713024493 -0.077441290260221645747 0.95851649308835962238 -0.27431547357092200823
1.182430222494827099 5.3855860661434080683 -1.2817387813857339385 0.68966360865991183093 -0.0029105506772996400135 0.72412404709741551301 -0.023588678260193524788 -0.9995515128510917835 0.018448507121447764445 0.72374559145312700181 -0.029804393163203889844 -0.68942295943783904466
-3.481674269212276851 2.934797807375596701 1.6886002710137211213 -0.85700427218520303096 0.0016297252612014613386 0.51530672560328327769 0.48611135750842177083 0.33438574534864928811 0.80739204938424458113 -0.17099539630550877889 0.94243488756690707575 -0.28736224028070739278
-3.2270093621357198721 -6.5735818590411678741 -2.87312474275755525 -0.90362464579359114136 5.8925708762626316517e-05 -0.4283252222811722576 -0.37494917308465358641 0.48331888140493389772 0.79108531555123906553 0.20706428257337070042 0.8754443759629695343 -0.43671675886903960073
0.53465356248256112881 -6.4334400502000752553 -0.61177073404447857019 -0.99863031624588549651 -0.013715016105865392854 0.050491482527327824492 0.048997965582494237835 -0.58358632863126924661 0.81057152454503822447 0.018349137401195529662 0.81193527781948449107 0.58345900780500559168
5.6398782028453444681 -4.886000699886384524 5.4896373855624860383 -0.96251363966632685898 0.0078816410863680082255 0.27111874370845401305 0.066684436583072770333 -0.96202052257091696941 0.26470681908467080801 0.26290811964226318276 0.27286332455310557954 0.92543229181829311791
-3.8282882812078482537 -2.8356590431356352155 -6.0758185348971052164 0.8540798823695472386 0.01161324869893798524 -0.52001219888208638498 0.15275692494488540829 -0.96126479771868011959 0.2294238665615252748 -0.49720506474982895107 -0.27538177340072522714 -0.82277092952147279359
-4.5456341001015188041 -4.3985759810670499448 -1.0717007302302625771 0.98599055368903687491 0.0042191231516032334098 -0.16674779469522404973 0.11865977649317407949 -0.72031998301612987223 0.68341713434041628794 -0.11722834758912073494 -0.69362909473816958261 -0.71072933909759283821
1.6779917078628843186 4.0513434176499618644 -4.5362281748997865805 0.95758539436522682742 0.00023452351650814825396 -0.28814954016441080009 0.18284755226307661258 0.7723807284908860149 0.60827196457448140521 0.22270380582671389647 -0.6351597871832312947 0.73957762244116553862
-4.2982171406651845658 -6.7444878314950820197 5.1217274637487379962 -0.9999409814742065139 -0.0095029755673347073019 -0.0052656456086214546708 0.0087337517507537938688 -0.99139083528971450043 0.13064430061799756078 -0.0064618223950675887646 0.13059060134242922446 0.99141532149361366599
7.0604648204986517612 -6.3671365819177996315 5.8159758178158096342 0.76935614539943730783 -0.0017879116170411743329 -0.63881759909082558302 0.26467057109016117744 0.91102365661312711964 0.31620465823581478393 0.58141259905074238468 -0.41235021579149089277 0.70137485640838592715
-1.6405417433199256383 3.2341392978310845585 3.1298057436779833651 0.95064300074636109983 -0.016173394675467120396 -0.30986498097821113529 -0.17172476913172476931 0.80433393796400209919 -0.56882116689336426063 0.25843468961925247784 0.593957353304064406 0.76185705592154595589
-5.8452535250408432788 7.4008994902235345492 -6.0105729226690947087 0.95697742724787626667 0.0055673624134190248872 0.29010895920980178664 0.28773110031425913613 -0.1473652913025240152 -0.94630559801328661962 0.037483565065347966561 0.98906646662155339733 -0.14262716064943042893
2.3373604721940797191 -1.398420023379071786 -7.0391901716172924353 0.91378778610292121787 -0.010227658480804174834 -0.40606314406878452061 0.18728946284318223614 -0.87646510216628670253 0.44354434027800310192 -0.36043659508570935479 -0.48135674887410867528 -0.79898757264205766404
-5.8434785781650724346 5.9975851044488148744 -4.3109076507752126517 -0.99987684506567531262 0.0018497765869972650557 -0.015584384111769211678 -0.0068120270913395088858 0.84344983242110127541 0.53716475729133594808 0.014138280958870069748 0.53720476404773775947 -0.84333335668412667818
-1.0076123979492883631 -0.059767743930075313552 2.7624930854682157033 -0.76471059574242494783 -0.0005671769041904579315 0.64437363623093624199 0.59578034859590500716 0.38034610914985739205 0.70737727803589234288 -0.24548621343392179606 0.92484404932112962427 -0.29051678686266396712
-2.2430998139264159974 -4.2843155330206128539 0.86427057839949783524 0.38723700309789393925 -0.0061027050906182194606 0.92196001020772355705 -0.32823748765642285496 -0.93537282844118296854 0.13167316929001793291 0.86157277993714409536 -0.35361056093465215167 -0.36421410745161197919
-2.9980925427712405984 0.6896620000077355872 -2.8649674965583931119 0.97861176998622623202 0.0044732505316839085013 -0.20566719153563212119 0.17873584166618861069 -0.51345027985365798706 0.83929870071510126461 -0.10184548369151708025 -0.85810768563610528847 -0.50326801736632020834
-6.0128246427874989521 -5.8667389389248718601 -5.0876465646010702315 0.97767491567694619903 -0.0046238174471866719251 -0.21007231985249816275 -0.021201835537190589359 -0.99682627172495830159 -0.076732432313454668193 -0.20905081063193922675 0.079473293068176575904 -0.9746700745704452995
4.8987156094721138189 6.8993810522273006924 3.8467326034687205905 -0.97839343104722820144 0.0091149803982408482417 0.20655074731409683864 -0.19493651073692089271 -0.37355425270391101611 -0.90689413774071647723 0.06889158776958462238 -0.92756354899226944877 0.36725986945952715512
0.32395090156703498785 -3.6729383595614546465 -4.5175963529425064991 0.99609668237346482567 0.0068156061109824282035 0.088005379823389018323 0.015479045591851568059 0.96807714851287263169 -0.25017400679261231344 -0.086901084642718062767 0.25055973746890164433 0.96419293683751361446
4.8084665922099034674 4.9169403953095907056 -7.3224849152862638846 0.94668582012729707298 -0.0044014697530677807449 -0.322128212104979883 0.2935010834713608352 -0.40048224915415459035 0.86802712060960074414 -0.13282722601595103873 -0.91629394583655099371 -0.37783903034548399491
1.6614338858494870355 -2.8061527418130802758 -6.0141161513648020431 0.74319375085122174607 -0.0022381282196954005795 -0.66907252183753707087 -0.52118672219780270982 -0.62900094976438469807 -0.57682077441803825124 -0.41955625284408165632 0.7774013094777084687 -0.46863605785498579914
0.076758794082863485153 6.6038418463451167284 -1.4481427205279946424 0.99993773436800459375 -0.0015354113094654757952 0.011053049306361650145 0.0080503517151061451673 0.78517525533929877213 -0.6192212934323385598 -0.0077278214344396155278 0.61927171816166637353 0.78513872650704197298
-0.66550771245736317638 7.0577065251361643661 7.4992803530763065822 0.98560240681155575349 -0.0059955058939402828405 0.16897322153624919072 0.02478049028652606553 0.99370169969067267957 -0.10928339001397438524 -0.16725376823380269653 0.1118972114971868298 0.97954335844344253559
-0.098420947260099533871 -5.6202240943147536711 -4.7010997596409520582 0.99630731781492865018 -0.0040425347325776950919 -0.085763549257376628376 0.047511587542447518417 -0.80605405277371811046 0.58993178678243263224 -0.071514876197123503077 -0.59182811856147110596 -0.80288548409009108386
-6.3004460559336497028 2.7578310205797800236 -1.7511790637839901308 -0.91724774446580770171 0.0022710013177616754018 0.39831070513538985312 -0.087108471369613901802 -0.97692193644056091184 -0.19502729121037254423 0.38867555813054255331 -0.21358457962644036843 0.89627726617243996809
0.50775309742125673829 0.43492809476077320952 1.2487704052243517872 0.85145728316698432447 -0.012998526554155249296 -0.52426284748150608905 -0.5127904940616260232 -0.23003450888297594101 -0.82712153515854591745 -0.1098471854077854859 0.97309565975319756159 -0.20253007882188989175
0.53459844420306168455 5.0682808698860046803 0.69772680247863816394 -0.98412099336606495559 -0.0070526776699781192417 0.17735876114276991067 0.11761178688532943071 -0.77428671240975921464 0.6218099022782537233 0.13294110726956420709 0.63279565953267069567 0.76282128658978654023
7.3570737873572484844 5.2972528352601688795 -6.4135608861914041867 -0.96670686142352968417 0.0074160164666555606489 -0.2557789021327402379 0.25564200538684811459 -0.015685811790623272605 -0.96664425741337245412 -0.011180749449216639824 -0.99984946767418036995 0.013267736563462936492
1.6365500310927001415 0.56067407438203964443 -7.2578632490759797946 -0.97317975039642845569 -0.003744942228644983391 0.23001554040111998889 0.14529069493291432713 -0.78521993161401482109 0.60193045525372090854 0.17835859212328181167 0.61920564791017462802 0.76470424231330524911
-1.2841039818627613123 -3.0289299915219136672 -2.1175381963118602435 -0.048023747829823749955 -0.0058327258005223866361 0.99882916404865373927 0.98153139030950187216 -0.18566149975046336573 0.046107888128594426425 0.18517518592299347935 0.98259645166278530848 0.014641164509958334156
-1.2514417654148761727 1.3466643276412915142 -2.4421180578630976576 0.99652158959750991585 -0.0057493152952518651252 -0.083136435090697138883 0.014877090268101189618 -0.96931817408603759834 0.24535881800243275475 -0.08199630266730430217 -0.24574218758701540932 -0.96586095458336662656
4.1520852360348294852 6.46561890977680509 -4.4754610379526997832 0.90834525498909202135 0.0054965655154094236051 -0.41818498957578026376 -0.39850975080416611851 -0.2919817361840868486 -0.86944617098987808657 -0.12688134714338658582 0.95640809987296848682 -0.26302978965237883147
-4.9209383967093769385 -5.6265440187894730784 -6.867699207419977192 0.76358964282348928965 0.0074545232535584184108 -0.64565880111383955331 0.48700405595957452221 -0.66322190693208882273 0.5682989984544221107 -0.4239786632032576108 -0.74838568415526030009 -0.51005976208674963512
-5.6907880580797485237 6.3645718410377698504 -3.0121633249489483397 0.99838290242521254836 -0.0037684266259053731708 -0.056721945539650500678 -0.014568361118396268641 -0.9814392537343984424 -0.1912191258307122943 -0.054948548655647383443 0.19173625163200525012 -0.9799070704974710555
0.088948035968715921662 -6.7420039197057919367 7.2250311615148836708 0.98082779066537695289 -0.0028898722756357567674 -0.19485505817611223356 -0.19039111300482711164 -0.22750157481555749461 -0.95498390433831337187 -0.041570051087019589675 0.97377342441381165017 -0.22369007299825616197
-3.985690461864217049 5.8108195479088218249 -2.4247572757596169701 -0.062081573818525512265 -0.016151264652626215468 -0.99794038641713922466 0.94352931923924365787 -0.3269561548753817104 -0.053405023406740595449 -0.32542019287099344105 -0.94490148134027784899 0.035537144406884671466
0.91881379914588667823 0.44939912972583556661 2.5068172926599334716 0.93854046664350543328 0.0018743698134186647514 -0.34516413372512710911 0.064880597675230883281 0.98120278064514776517 0.18174600765760509646 0.33901666702048544044 -0.19297043812974679078 0.92077690538493850436
1.9878124065005917664 -2.3353253006309366846 0.83743514621128389841 0.86796707682972573661 -0.011789717931374744594 -0.4964817782061545226 0.4673145801701453772 0.35773685416285938565 0.80848093752048588723 0.16807806727841681504 -0.93374800975683658333 0.31601331866739168497
1.9418375239596901149 -3.3037442572261603857 0.062666139554397967681 0.87462192207123556908 0.0016344958519173540673 -0.48480286906706354655 0.43562069964483374207 -0.44152413826962716437 0.78440489631717402741 -0.21277006244620771946 -0.89724788311177294808 -0.38687871068081280956
6.2095567466298806636 0.4677314737932514177 5.6997514473703629889 0.97834462535248967185 0.012546836891889899188 0.20660196254630147639 -0.022045799062282166875 -0.9861664834388833567 0.16428526922875663629 0.2058051913526090515 -0.16528231552671626692 -0.96453407373014210524
-1.3424311791676315497 3.3053313074324615073 4.3958363991278552874 0.99638563132905499931 -0.0030073710093108194791 0.084891868872821532599 -0.051169546761459877571 -0.81895587112183876322 0.57157060687131777676 0.067803769551045112163 -0.57384861843060830378 -0.8161497484898380117
-6.6240863169397581345 -5.6823892610921076241 1.5245732271187280027 0.46158965632071574658 0.0040703522824350954479 -0.88708422453002577779 0.68987860674753698209 0.6270014721213064135 0.36185171259789949971 0.55767597862005857667 -0.77900743654351922718 0.28660934506745333605
3.4137505794815212745 -5.475557964620669793 3.2633543829907574185 0.90605757858804314431 0.0091316622281798522087 -0.42305587932125771067 -0.42315181428712522749 0.016043146451775642386 -0.90591675087589629278 -0.0014853783465750220252 0.99982960058049175078 0.018400093866351135974
5.0882393994428403161 0.29619743447480528786 -6.9352816746088992161 0.9854418324133713547 0.014842746299582071368 0.16936377361170959488 0.15785897131962059459 0.29000338172373640866 -0.9439166190733154771 -0.06312638199375726622 0.95691051382607461573 0.28343840322950558663
-0.42109002101292331011 1.9034176236233888435 -5.0868576585162141868 -0.94663428712389863229 0.0023171677946016485533 0.32230134528854903486 -0.32101082110793000002 -0.096460990104553293034 -0.94215037553442038121 0.028906386370727454871 -0.99533406860281126161 0.092057116539299099767
-5.6740656789356966883 6.328828598749930201 -5.849808131834752345 0.85448111483665223354 0.0012236027706749301892 0.5194810171544126387 -0.47386196336853908528 0.41162259216015850694 0.77847394387726365217 -0.21287757998442607965 -0.91135357815704409745 0.35230355025226461896
-5.6271853856114670833 -5.4686676971921794888 4.7245033099355175921 0.82843490289951304817 -0.001253223296736877615 -0.56008395896443152751 0.24785335301525113216 0.89757283291222977883 0.36459803210819452524 0.502259222968631458 -0.44086442252628715854 0.7438912782750229935
