1125 14.717824617146108679 14.977075390850430381 15.033177056927090831
-7.0725353521710188076 2.893531845780187961 1.8322191507327054705 0.89608737585089526245 -0.008056587159000327264 -0.44380458114349413679 -0.32089017909704914411 0.67905501006329771485 -0.66023767407429267973 0.30668698668135613294 0.73404317632639570768 0.6059073423295897598
0.33882750384583448788 6.2503695196673554335 -7.2456026413594845081 -0.95257268001917072553 -0.0038667826813609078307 -0.30428660383388489441 -0.29973321184999435207 0.18471148540787685199 0.93597097651181360156 0.052586034221651312137 0.98278518260619252001 -0.17711011787789238126
-0.82154274435696306167 5.5598896475270453976 -4.1038300747393492429 0.99970953669938877884 -0.013316217753854770259 -0.020087821607669111706 -0.011577178942660221184 0.46569456535399261776 -0.8848697874419193532 0.021137908125894902533 0.88484532554822514783 0.46540513393771348882
3.572772144343981271 2.6619216019892317782 -6.3048857650386951335 -0.63107373439791347725 -0.012478567484680151353 0.77562247717985277617 0.40078240975108098132 -0.86132680044593423752 0.31223325073994639967 0.66416820293300959932 0.50789804900881241334 0.5485619108412140843
-6.2746803551949694722 -0.87774847612764150817 -4.5445323186010337935 -0.9671441833775624719 0.002607687220379846342 -0.25421512253667027936 0.20901303097334530956 -0.56109034414324387985 -0.80093144437748886588 -0.14472622928238890183 -0.82775046099450166892 0.54211022207763770453
-0.36741270750664312139 -5.3573850809254466299 -0.94380526921416074693 -0.76918114461916609059 -0.0065529275326872398616 -0.63899720336096688111 0.22848677713636020292 -0.93666431736072297554 -0.26543125147003621134 -0.59678652752576644147 -0.3501671254185596549 0.72196178904418861766
-3.4335449414003171853 3.8927796958904106184 -1.4272907618062389279 0.39409210143638601087 0.0030545252379031231915 -0.91906587656217164639 -0.41985732120379093413 -0.88895180971214182719 -0.1829877313950699913 -0.81756421485840480301 0.45799055654586356967 -0.34904642198121793584
6.4715696348492155465 -4.3857887110245314943 3.3361655766548059532 -0.9155755319676017745 -0.0029452501013891661114 -0.40213526426344836651 0.38975793706993833165 -0.25278703143217734484 -0.88554359984742891942 -0.099046432310079646211 -0.96751746353303758053 0.23259355538163808963
-0.22949947416873628381 3.4922215846734339095 2.1908472803205292223 0.61370825530680550575 -0.0028901610282288606874 -0.78952759567833052934 0.26663214599586848585 0.94200303470990720545 0.20380770672142581312 0.7431483540248957631 -0.33559190926871851346 0.57888564876269532622
1.5351069083380126656 -7.4834824077493644623 -4.0857962177382489699 -0.92412686854947445614 0.00084127194290101094815 -0.38208483755108052504 0.36598793013874686419 0.28915532970804591617 -0.88455753362587286048 0.10973771374356001973 -0.9572818224342685145 -0.26752410474456855827
-0.75271971005466287163 7.0158091478184818612 -6.4454242644616339675 -0.98528948215181100245 -0.0087968922807800838115 0.17066707663520014338 0.10176020778454059057 -0.83252123793945720376 0.54456702846525717465 0.13729346842677381257 0.5539232826538142973 0.82116959299608838219
5.6471901252483442946 -0.47748957526118440686 1.8209811029032083596 0.9798165738849538009 -0.0082490892206766256584 -0.19972840075299225227 0.19948262212133271998 0.10477954338713127425 0.97428329081384257293 0.012890500840168352473 -0.99446126109287813488 0.10431028316265593403
-2.3634732770774933286 6.5604422241415045747 -1.5675468575253446168 -0.94773228332843439947 0.0045915731808218243626 0.31903359790591645506 0.31906134823673415468 0.0078808894986422406426 0.94770129663422453259 0.0018371713256273155494 0.9999584036531155018 -0.0089339669288017523052
-0.31855740529955606233 -6.7964010541008494926 6.5695809444244570585 0.83580995700541882432 -0.0037872900816498010837 -0.54900580343430482877 0.48591511223115368967 0.47056719592189238943 0.7365140988655386467 0.25555472892523795059 -0.88235603389802452767 0.39514504927669324985
-0.03985904549104129363 -2.1866040243474369476 -6.6251748045424951883 0.93046268379671914772 0.0094639360382836011654 -0.36626442357469612965 -0.36635014115528274914 0.038148298970819179143 -0.92969472482160064875 0.0051737933220005445992 0.99922727204589556482 0.038962682946221439961
5.7523245070850688165 5.7534595203556992971 6.8633593180102279163 0.9834670911282810124 0.005998893207018118727 -0.18098755191448104296 -0.075059890026494824333 0.92305552302700566436 -0.37727246694989380327 0.16479834215456942714 0.38461996137681625507 0.90824500644563321838
-4.1292374044931081656 -1.2823590016895192178 7.3661589911012814724 -0.86946828557158961637 -0.004973559501783607513 0.49396372750542605345 0.11677132135876398811 -0.97367962759899240321 0.19573564138100801868 0.47998891538587207251 0.22786672970089807966 0.84716432561940868684
-0.47849475644366457061 0.92449988436931063163 3.3719190554074085497 -0.99608961428007680716 -0.013985589097818256626 0.087234646906895543794 -0.033971671942515636877 0.9721090466179975742 -0.23205587040411937427 -0.081556151385527991815 -0.23411194924906966741 -0.96878283912861495875
5.6483576362804042148 -5.1099671184525234935 3.9132116161012358013 0.99904128187180918363 -0.0032745064736973937547 0.043655408864758833698 0.027954446358369324649 0.81514134563527518296 -0.57858718925047591952 -0.033690741229483789354 0.57925285000881820974 0.81445139186579507129
5.6076450578202061692 2.3283668114404885152 -7.3423656228786402522 0.89978495067004615748 -0.0069854341281032645422 0.43627771689327621285 0.43551557705690557842 -0.046820226850694687815 -0.89896276257600737924 0.026706266836355876254 0.99887890660878675408 -0.039085870131892519463
6.8876543097602915822 -5.9303318543030343335 -5.9884889946331822941 -0.97771880947613076795 -0.00097188615024489458105 0.209916614478099256 0.01957595812651535469 0.99520946482804417688 0.095785713861959415061 -0.20900409436194705703 0.097760812977007255364 -0.97301598752844731255
-2.2062153091962493079 -6.1068627499412579951 0.76643632764686908665 -0.84701186385990212546 0.0022641804919552909262 0.53156916386012498243 0.33353766357855491043 0.78091111268753765629 0.52813867597034025447 -0.41391246593321284752 0.62463806125455856311 -0.66219616653762503056
6.1972415894238830347 -0.20477144735589780655 -6.2493628134349998859 -0.95660640804472807375 0.0010222073962332083735 0.29138142559174978752 -0.21663304115455550569 -0.6712664149720519724 -0.70885225936769635791 0.1948699709240796496 -0.74121545802999211361 0.64235919796440232865
5.1334789760869226072 5.8718117318425795403 2.6539984572150632225 -0.93953571547938241615 -0.0059449671632302416094 0.34239932345757867482 -0.24072273132328803058 -0.69967593604411304486 -0.67268577444827670764 0.24356766198130180845 -0.71443561073499606273 0.65593944244170421243
-4.5436559108930643092 -5.5484653597409501202 -3.8232218312565220408 0.99632716318577163594 -0.0028554880663719315985 -0.085580547357655134544 0.00083732594710087524838 0.99972092648959220984 -0.023608642993497679086 0.085624078292258959388 0.023450273487430416119 0.99605150564117750367
-0.47341807724113144085 5.1481891880871728517 2.9882245755681520194 -0.94908579531701209309 0.0025507374361260918075 -0.31500737589126648341 -0.28132389882089792188 -0.45682235604537313467 0.84390177092436924333 -0.14174983978682195729 0.8895542865702901203 0.4342811925063314038
5.1375387836788286577 -7.0152045391934425567 2.2550709923755056785 0.93450726570960185313 -0.0087997461190702421646 -0.35583526357625017145 -0.055531699196841054211 -0.9910575691763329198 -0.1213306431313279643 -0.3515855524910224128 0.13314450437999569843 -0.92663916398616141823
5.2064376907336438194 -2.9097584127770219631 -2.9506507134993951169 -0.98028271757898666205 -0.011195182408279012731 -0.19728269439237214322 0.14749689345957001096 0.62292587642724439601 -0.76824997162192187883 0.13149319387578106699 -0.78220075451783166454 -0.60899221636751044162
-5.3023588210650363095 3.6214026648031016897 2.9854429555682520103 0.95452595081255753318 -0.011572189342851856367 -0.29790316154648927016 -0.026950332003940525444 -0.99850448384094747656 -0.047565484906349472793 -0.29690720575701878836 0.053431078814841770352 -0.95341031617363924955
2.5192013768712007149 -6.5549524212013174918 -4.5865995752455495094 0.98125538373939158454 0.011849593276342633083 -0.19234723554426755299 -0.10065888701198048849 -0.8196156180244499323 -0.56400179712104081542 -0.16433399023889755375 0.5727912585134979917 -0.80305947091278573335
-1.9489433173644168384 -6.7333292048559236775 6.4083845897996694063 0.041234152197661237682 0.0047866332440515925103 -0.99913804493405367069 -0.92026988833951295366 0.38961417185568308907 -0.036112736047150560681 0.38910548352360546653 0.92096573510162260678 0.020470404501630540262
0.011346714002035428182 -7.10896082955911357 -3.7887839640929739105 0.81436342094097546873 -0.0046766308497064382199 0.58033640912615358509 -0.28281911550489274854 -0.87639268742610532126 0.38980662556084783033 0.50677960351475537237 -0.48157448702146982145 -0.71502478762033627735
0.37049806310193766912 -7.2145451771487731918 4.8115486971687104756 -0.88335645640570314985 -0.013983943510027487672 -0.46849313789031538091 0.46794310660689109049 -0.083162470408750244211 -0.87983706019611918059 -0.026657454968621121377 -0.99643788207773109633 0.080005795134948876068
1.0749216497788116609 -2.2688286054683368675 -3.8952852486173137336 0.85277385186788901006 -0.0071948734662522530192 0.52223078362575381384 -0.47947536727968986803 0.38566029185229733223 0.78826994834283825586 -0.20707517896289162618 -0.92261279694368081294 0.32543124799760647647
-1.6901347828173352017 6.3562761485142198481 -4.689067186567860368 0.99369860642852059218 7.493325926982360996e-05 -0.11208511929361827941 -0.086137280150540396217 0.64036182013606834929 -0.7632280840484779727 0.071717839833155411222 0.76807339082736414415 0.63633310282640209721
-6.6625151929506554183 6.8204779133437325456 -1.405264302790490083 -0.9315587827874348692 -0.00085958815618483513585 -0.3635897348930187678 0.029014351453261758712 0.99663240402347874625 -0.076694319607308880649 0.3624312370935068861 -0.081994587373078395287 -0.92839672878581824822
-2.7139191961865831715 -7.4008465418876596686 6.1013120906048383674 0.11571265184601665921 0.00034451435448428586669 -0.99328267049849860992 -0.99053064867096396462 -0.074348878847970270578 -0.11541784202368310375 -0.07388921603398224125 0.9972322324934564941 -0.0082618539062557956598
5.2693447471981675889 6.9114666572254606081 7.4810975588350627774 0.98076738187022982629 0.0076815131644066593497 -0.19502906710242398636 -0.053269296247448839898 -0.9507557939157238458 -0.30532900683203090253 -0.18777040431506120122 0.30984579179209342792 -0.93206108199630455236
-5.2273891641067171676 5.0617962703089558474 -4.3326053672157813779 -0.66450328890885046462 -0.0022841122118546488759 -0.74728184901060235035 0.72072622381313333761 0.2622716671307662728 -0.64169095593491198848 0.19745655050518329254 -0.96499137584319294447 -0.17263416582672522215
-1.5388926779978284731 3.0018853040180366598 2.4760935282275111646 -0.43840912795394804125 -0.010739129038314726428 0.89871135946659086446 0.37883658635431294304 0.90455427203071525621 0.19561290803588260445 -0.81503391178906925418 0.42622322796673745016 -0.39249647460266279264
5.0923972828360453136 -2.8055417970450107212 3.5373448210829017135 0.88154061579833364881 0.011431612786067158263 -0.47196976696298409415 -0.4165586516189770383 -0.4516456146972568364 -0.78898360470036654757 -0.22218243058196496253 0.89212418247333591381 -0.39338201609482759125
0.30147773753651724293 -7.24479946137515185 -1.7221115503701429628 0.78486360542925970307 -0.003564039166490174694 0.6196583078579175341 0.24494169326294626399 -0.91676175536478887729 -0.31551775037540780167 0.56920355565829061639 0.39941855430777728486 -0.71865995484706912677
5.0155413540368645187 -6.92652277080593759 -2.0173258840761927324 -0.98056841433090224935 -0.00031126356453651474882 0.19617718504358155895 -0.083753237984446698983 0.90494966277452204562 -0.41719480218634036328 -0.17740061990796385238 -0.42551852011307328416 -0.88739112520756990854
-5.6705918098723948617 3.9255220140536923878 -3.845493563079914523 -0.99986912888408285838 0.00089503420216733675478 -0.016153142680840022055 0.0024258991400567479074 0.99547402233444715058 -0.095003083479847691417 0.015995002908828149374 -0.095029836215204582794 -0.99534591480087575288
-5.5253072497165396371 -4.4574292438144960116 0.39922442183340894895 0.9552207447930159967 -0.0075731771917443126488 0.29579718677562161222 0.050824118996692979611 0.98901463506414200033 -0.13880547740306792281 -0.29149654825634890853 0.1476235029258171072 0.94511219637596011189
2.9315342261094579079 -1.277941820178168042 4.7348721923766738939 -0.99791180789836497755 0.00061052136645873547258 -0.064588318764396232541 -0.015630709809712484137 0.9679517268970379007 0.25064942710472210008 0.062671401516026500889 0.25113558421847848035 -0.96592091486378817144
5.2098635443477503415 -3.2236946321278820982 1.7809280228163606452 -0.98813984842595115055 0.017536860798567519004 0.15255195333420809578 -0.079402760716335188396 0.79197653004567003521 -0.60536631674336471853 -0.13143379148216871588 -0.61029962671634430116 -0.78119109319451351947
-6.3063236804852813577 2.0168233587095731885 -1.4578098153810468141 -0.98382783746027102634 0.0082511398523780130065 -0.17892653500639010833 0.16082455980876803059 -0.3990888015343405093 -0.90269795028689658878 -0.078855863450609672838 -0.91687515354109305754 0.39130768663348214353
-3.6692741485451398908 -0.060885074322450251361 3.3357304467777395551 0.97293729956769314793 -0.0060922792110789918824 -0.23098895047997008989 0.16225214030621773476 -0.69373995823364131841 0.7017115599133899595 -0.16452128760705569954 -0.72019980178005682525 -0.67397699622465789826
4.8900202570667445912 1.1923787105517624774 3.8768251735875272068 -0.96098862711626797939 0.0078419376729559463896 0.27647669443687944435 0.084070551465017268056 0.96058477107536799355 0.26496988499548485008 -0.2635014249099896233 0.27787659417741061851 -0.92377031640916185129
-1.3891743854588896045 -1.7082225516998994497 -4.7076223107499659548 -0.58868493277215527826 -0.0044275505132015148535 0.80835044796378496823 0.79787261038736179142 -0.16375782724351317654 0.58015745415373864979 0.12980503657602615597 0.9864906339205528063 0.099934386807318767443
5.7760341869476903298 -6.171343233851194654 -3.8247000605873062717 -0.97133911149316476408 -0.017681774354332116528 -0.23703941726961488823 -0.099357321787835295446 0.93613361715175924527 0.33731583633978112768 0.21593622459180580875 0.35119966642091937636 -0.91106000966726430335
-1.9180669696240471023 -1.34130350095168005 -5.7203575973480953465 -0.83062597375605362604 -0.015610707807876605599 0.55661189128831178863 0.45604230646015014861 -0.59264490798268376626 0.66392576976707273761 0.31950885189667893593 0.80531255972074144989 0.49938539697886191737
1.1259809475629332098 -2.2927755203501765102 2.4090341279882148129 -0.96954367896446780328 -0.010991161239028168078 0.24467171670322415689 0.23739913350061317421 -0.28781297111460757421 0.92779596090496452288 0.060222138728756528792 0.9576235628015848933 0.28165653902256854169
-3.9328717373984236616 -0.87532386236739023744 -2.401348834628413087 -0.77833223609626112083 -0.012169395420186312345 0.62773468604854298913 0.41501411482171296496 -0.76021197186942923718 0.4998410170496510041 0.47112866050809359963 0.64956113156621830829 0.59674795484043730021
0.80493181211335662617 -3.8980657634754041219 5.4075195002937181954 -0.88084370133692913019 0.0045145465328265263136 -0.47338567013013216345 0.20940113335181306797 -0.8930971610760540802 -0.39815653483124507916 -0.42457689429120037961 -0.4498411716900756474 0.78573365785525628446
-4.9288369461331811294 5.7389462981315215728 4.4051064195444205041 0.85695185354152014767 -0.0061719394785044161961 -0.51535951322815265474 -0.45385521838936360162 -0.48287363786357262452 -0.74889818439960542662 -0.24423136869042058605 0.87566829166039616972 -0.4166006259334935069
-6.1565529454094818362 -7.2149538555363061931 -4.0947605163280371698 -0.99908666059772466284 0.0025375444141268184255 0.042654489612920856723 -0.015900589351676451544 0.90446874045206016035 -0.42624343842859913067 -0.039661264151060103555 -0.42653236502461361335 -0.90360230506146177465
4.9421432728736789386 2.9016890373723516205 3.519492620723424281 0.77854922544017313157 -0.0024603460889045278108 -0.62757872037187922842 -0.45704878020828310081 -0.68751036688088751347 -0.56430125637060790655 -0.4300784999004513276 0.72617039469302180343 -0.53638516179608841661
-6.0897066829105312991 -0.45118495110875278531 1.3227652144270136692 0.99980290231992707817 -0.002192844417722212072 0.019731901730584817944 0.019795506451377876955 0.034278798860081366451 -0.99921624379955897854 0.0015147398718059132405 0.99940990358410031202 0.034315451054161470734
-2.9693370265737750735 3.0943813954940853073 -6.724138460220570046 0.85358790908254322805 0.009035848336182044846 0.52087045885985050475 0.1270323377339273585 -0.97327784856252463896 -0.19129300736627419255 0.50522318497658136316 0.2294527902253946372 -0.83192604864847730095
-6.8863755357249267774 1.851834779529144992 -4.9941694473341540217 -0.98713655424192803256 -0.0027167747960732549842 0.15985631802968258697 0.13989530065709324114 -0.49872110259906010654 0.85539848414432095858 0.07739979414289188675 0.86675825981473586523 0.49268589477434898694
-3.4174768825466621536 -0.64544855321947913751 0.8677298062736755746 0.99998588405211552566 -0.00087914569446482647864 0.0052401144447255460293 -0.0016903711376053506994 -0.98761561568942635159 0.15688383693661847595 0.0050372951038369709331 -0.15689048011072762034 -0.98760316064130559965
-4.8104571428265172628 1.0898850055157369709 -6.1088461583456830084 -0.99472979175387576944 0.00275192529844680428 0.10249423546987371236 0.09005684270506142397 -0.45442097113362461824 0.8862230791826569698 0.049014349729528242094 0.89078280624459249548 0.45177824828061230455
0.27618223891815424365 6.2739478182977421739 5.5200549133426504156 -0.98170052861464307536 -0.0069658514057245454407 -0.1903038334662152109 -0.19039906993275665381 0.017524649526294303059 0.98155034553899600525 -0.0035023258691619144588 0.99982216597410222825 -0.018530249332726445727
-6.4305341342784760883 0.98545721779842720967 -1.8462094099539030356 0.98306317544400734221 0.00065829982457946698352 -0.18326581712737149976 -0.16316406562665355939 -0.45221215627858707409 -0.87685897007576507622 -0.083452266441490202675 0.89191015935207773602 -0.44444570744972550225
-4.24131698005852531 -4.4853247631389310257 2.8935940970963014429 0.31350099980878998185 0.00028353804399730304225 -0.94958782781011419338 0.44655354880869535528 -0.88257170228062031825 0.14716357694663739775 -0.83803761918255870178 -0.47017774292235647859 -0.27681372598767756132
1.5690452482389301014 2.1129979032716206255 -1.0163235778067087889 -0.99814871189876142044 -0.016205698477321804629 0.058621875369409735812 0.010138037192628455638 0.90603232846705816783 0.42308703593291691059 -0.059969735174049722259 0.422898090690259576 -0.90419070762401443364
4.8325973489514320036 7.0286742233606815944 -6.2827636146658250027 0.90109745572672017566 -0.0022283715275039036631 -0.43361089659184165468 0.37691475591498807551 -0.49036734214225463635 0.78579586187118988239 -0.21437966801058924715 -0.87151299710364815709 -0.44102885826538162917
2.8048631089353888157 -5.1953948204918356524 -6.5046944534318571485 0.99997061094256012304 -0.0066609869066664040976 0.003795853589945976693 -0.0076661926057347068095 -0.86345024774007295143 0.50437575196330408644 -8.2109557253691890094e-05 -0.50439002858009507335 -0.86347593615970708036
-4.1042684070385959672 -0.44281949909715789815 -6.3026081115522814002 -0.83914043004190552733 0.013281224434303044377 0.54375265309376030753 0.088654436800824298892 -0.98299328343167857724 0.16082473554709869612 0.53664115524667688195 0.18316062296736140835 0.82369196711488434914
6.7705841403355710995 -4.9916974369455129334 -3.0796275127298606833 0.95705768121779888347 -0.0085048151447882358589 0.28977277812341156737 -0.25765058609681529278 -0.48312158938941340836 0.83678534006629035069 0.13287878049568929706 -0.87551196335933167969 -0.46456649869400223896
0.35704392906734705448 -6.6400337849632036225 -5.1416893986991105692 0.99855320159488236698 0.0020079772240231942917 0.053735199003671997586 0.053085631171425000374 0.12242420329268140222 -0.99105712762243702851 -0.0085685090667839327455 0.99247583470614497703 0.12214048541228952893
-4.3203153743949407328 -5.5154442300224957307 -2.5452059169822072171 0.95369045890335713 0.0056359592289667494874 0.3007370023130721548 -0.14170281062870970779 -0.87350529423275213858 0.46573470388980658941 0.26532022549474315598 -0.48678202196771641619 -0.83225503364793784744
2.7116479886733326765 -5.5195224902490789276 5.6597524010004338635 0.99555688856657986729 0.0036746668001345068715 -0.094090267571263666579 0.043987547043714887718 -0.90165524216795989165 0.43021264506782702641 -0.08325609486875903964 -0.43243996241691379234 -0.89781072703115527567
-6.5771344569562284477 2.0237614165414883338 -6.1834274955320340794 -0.99297412061162992902 0.0060214754647109833274 -0.11817841439444901064 0.10503491143007659403 -0.41510749965154447594 -0.90368879107443522702 -0.054498285995201498078 -0.90975244191267401472 0.41155853928371155526
1.8997753820585039364 -0.55018095013713785857 -7.1495927935888996529 0.96892644538029193413 -0.0026200285106827755216 -0.24733515498883651418 -0.24721466341605494166 0.022697548752721834198 -0.96869485983607894752 0.0081519098895950943551 0.99973894429055276678 0.021344545765399597359
0.34769030768566533407 -5.0298690896122160154 5.805645231046814736 0.843018982413381468 0.0021030117807618793103 -0.53787970089255610073 -0.52926303866666568609 0.18156047304498201811 -0.8288042172485224901 0.095914707902516188609 0.98337753277634287752 0.15417197163822723982
-6.9574746638900970552 -2.4555345852913457172 4.8813846050450875325 0.49974275168345494436 0.009326691252798887527 -0.86612366032237320113 -0.31072138996165588054 -0.93145742401000242161 -0.18931266486149986306 -0.80852297429329855749 0.36373077968043204811 -0.46259109368092599102
-6.0596570660465021163 2.0103617333789087773 -0.24476868202617643733 -0.98558726203114821462 0.015496332017576316953 0.1684565600262922791 0.085457250393409983635 0.90500329876362273218 0.41673263321001402515 -0.1459959152753714795 0.42512220939506817352 -0.89328399728302798621
-6.7095199455002214606 -3.5415345448562920438 1.1797774865212282691 -0.91875118440137326647 -0.0070211306186165533746 0.39477457477124561214 -0.36735637495090844862 0.3816881698193523853 -0.84815295483945440935 -0.14472579225514475842 -0.92426448852306875015 -0.35325571518556997397
0.39809050210292529215 -0.41848945559104705483 -3.5888242541418664544 0.7763640114066436837 0.0063993245032346011969 -0.63025230696802037045 -0.6006239970956739338 -0.29562978254568605951 -0.74286865984826377929 -0.19107521007545102965 0.9552811524979673008 -0.22567273600659076838
4.0108333659465618126 6.0016839542123321394 5.5716788751494137344 -0.89955687572484144265 -0.0041868431029389871836 -0.43678358220200619311 0.20305968683229186356 0.88132658220772286395 -0.42664999598931147018 0.3867352982595737565 -0.47248907483553176379 -0.79195320773464517039
3.0876187954655520684 0.80851650746503300748 1.1002566644556501796 -0.98035346829689518078 -0.0043567515969480420657 -0.19720064886745897192 -0.17554540186532571755 0.47517976837459174888 0.86219951264853000872 0.089949369548576574296 0.87987794974247690583 -0.46660894170047190199
1.3724695878690966744 4.0497314897530776179 -0.34361024483891750014 -0.98627625321145140358 0.0055715752442425572205 0.16500942367133503152 -0.058447708144053346635 0.92292791955226127776 -0.38051007966085781398 -0.15441184463552140582 -0.38493247831293586625 -0.90993624467657763244
1.486420228058080939 4.5037213482160938227 2.5400203066614612801 0.99536808030324885888 -0.017401920171814633242 0.094549235257046740366 -0.095522142144300214994 -0.067938614305290925821 0.99310617007774271148 -0.010858410266897343399 -0.99753772753754632596 -0.069286196791768298042
-1.7316988618634421293 -4.5301423716817232901 2.9243373654943374262 0.97439058999276240147 -0.0023614742596837793795 -0.22484973109395522961 0.086956853400910610885 -0.91819254332094135673 0.38647245572810695613 -0.20736799121445462224 -0.39612734925676507114 -0.89447282764231650365
0.032154492620966368399 6.0896414290539278014 3.5606736332578781123 -0.946815469580126301 -0.0067431647718678823858 0.32170638211350016666 -0.16411414332790916215 -0.84985140416156801368 -0.50081846891304082625 0.27677972202355893838 -0.52697924112200433822 0.80354580759478100305
5.6036362868991274055 -4.0524950700568016515 5.6582754605510192647 0.98390701897523891173 -0.0014964170260547962274 -0.17867495277000314258 0.17535329668586949192 0.20018118408874724379 0.9639391655484119692 0.034324908633160948479 -0.97975775285167054918 0.19722207375046255096
2.537948694967479657 -5.8047156619841739911 -2.2815285300944174729 0.93846448444858043825 -0.012083435246505749849 -0.34516431162765132123 0.17370450679397059224 0.88030348632947608145 0.44146632518849265869 0.29851491712838801318 -0.47425706378366710991 0.82823250461642605735
1.3311433706776216734 -3.2982653645533215325 -6.5006740341607764933 0.99230633892719755096 0.0033555597342387107757 0.12376134268758029466 -0.1174108026628701007 -0.29163788970947451817 0.94929555181935432184 0.03927891473863088373 -0.95652291216921536687 -0.28900014766828369117
-4.1070032903376176847 6.1654856049124440176 -4.0988398612612471084 0.95877335438258159961 -0.014311693603455809959 0.28381125832506504114 0.12488709154423101311 -0.8758929678856198775 -0.46606300343868950486 0.2552584362788275496 0.48229315176026299472 -0.83799549311060494983
2.9927167918671142566 -4.4334826547379186934 5.667005537484303801 0.99972832878367134946 -2.8141172871103473097e-05 -0.02330810664330420362 0.0049805712779777133736 0.97716006173340941299 0.21244624652608914972 0.022769772439905709704 -0.21250461868239567398 0.9768947356300609064
3.8207083580395471145 6.3902437676117109788 -1.6335865761117451811 -0.99596139982578335559 -0.0015154637495547011727 -0.089769668744495059731 -0.086974473166285648507 0.26438853697911973706 0.96048640934240026024 0.022278489049201738448 0.96441505840765362478 -0.26345258404884236425
-2.5410390153723572126 2.8116303286443882214 1.8532616857424255574 -0.73320559507740190597 0.0019867902975396478649 0.68000412352540384742 0.36377944505346943016 0.84601710476464164756 0.3897686157224874437 -0.57452073130903580367 0.5331520525234491048 -0.62102722821649947171
1.6754157740770603269 7.3675633936878481833 -1.8663155048480157827 -0.17098490965862753188 -0.0045060905440311369019 -0.98526334338445376027 -0.7415011059702810714 -0.65790094869109772002 0.13169074210577241812 -0.64879909873082197702 0.75309098843330402051 0.10914986315428698571
5.370283789929563234 5.3803828120505752253 -2.3294461277402884747 -0.97000196324403731296 -0.0026565167393663938894 -0.24308256667546504493 0.11098409986974087926 -0.8944879289413586454 -0.433097996479035241 -0.21628388954986318971 -0.4470842067182632662 0.86794987829038783289
4.2822527520118072175 -5.9256959670928859296 0.59523246060884094089 -0.97989900988404221582 0.0020898847406213630351 0.1994832394214442195 -0.14372678412443290474 -0.70085831953890664892 -0.69867032816511709381 0.13834934749948762933 -0.71329744729306077122 0.68707074579818994131
-5.4198924880171768237 -4.2701048536935672928 -5.612708654469593661 0.87756444592507232283 0.013970603404538027917 -0.47925511524525021834 -0.3697215857371343728 -0.61669779987924433495 -0.69497465613070752433 -0.30526479044964394127 0.78707601022042661398 -0.53602682940983892301
5.8825061295947644879 -3.9391387500305112823 -7.4362583370072616873 0.27324634546108567124 -0.0030110890326023051836 -0.9619393785654498652 0.87373414660538162302 -0.41753971005521267612 0.24949795907511365667 -0.4023991497852013044 -0.90865368753432407267 -0.11146030855126258519
-6.8382124495314302592 3.2763024198648742491 -6.2817439961131986692 0.99890778520715295397 -0.0097272594637491070768 -0.045701390304160059708 0.043844875742278459352 0.53322673816120813584 0.84483541153358043818 0.016151270029230876957 -0.84591644157880840904 0.53307083051237269533
7.351170873777289394 -6.1131777750977995822 3.7106712924187492675 0.86014840807508630149 0.0020417156624176692643 0.51003975088510811187 -0.33488418599424890632 0.75651175297480888204 0.56173174165430683757 -0.38470416953391084469 -0.65397691014907588514 0.65139611829901311602
-6.8148529437714380208 -1.8748872477813240955 -1.3029260225386172234 -0.99868122339874665361 -0.0078454488312320481286 -0.050737195068532546516 -0.0020430486273015934819 -0.98139923656099936622 0.19196709204917586367 -0.05129951250343927488 0.19181758889671454704 0.98008896157788649717
3.2449900343507325218 1.9335346224146134908 -7.3295336173021077286 -0.89915360050840442696 0.010703427394963875574 0.43750227351952325483 0.16611598487816886527 0.93323027444289119448 0.31856982661763250109 -0.40488057777658836844 0.35911932766868842615 -0.84089537175207917929
3.8308188950542207962 -4.170212838197665306 3.6489603820334939321 0.9887117050830287468 0.0095104546452953672708 0.14952830997574761973 -0.11299299014463745627 -0.60806205356802434103 0.78580730665269116209 0.098395875980211350287 -0.79383253288283506244 -0.60012345507160713698
4.6845119637061261031 -2.0059995163497990056 5.0154492765439471214 0.93594466188776304083 0.00086589024884775296978 -0.35214604941391286497 -0.25283616686221394021 -0.69440463711444300188 -0.67370325268655650852 -0.2451152027316445825 0.71958422035800129191 -0.64970538492591212165
-1.8424045923373173483 6.9717550015604894398 -7.4412684413664900163 -0.98871653386991875667 -0.0033530433533469753728 -0.14976105218827784338 -0.087234928126265723347 -0.79984780904220409425 0.5938295628252492353 -0.12177718574129012263 0.6001935016897963493 0.79053025088380568519
6.6217389592407158716 -3.8884159329718479547 -1.5695450896393992046 0.98327732652825161619 0.00069457511984061595656 0.18211319749180410188 0.17943702585865714538 -0.17453984742999648083 -0.96816227741532512319 0.031113548275344845434 0.98464986631002271444 -0.17174570704728503445
-2.3524676308008496406 -4.6633635687261421054 2.1251674751702118726 0.89983379687334696939 0.0038593640285398021425 -0.43621582194332425564 -0.3687555140053506153 -0.52751314380513913971 -0.76534257297201890857 -0.23306331520654380296 0.84953810298420262548 -0.47325099332478892666
4.3389360254957027863 -1.5810120283805411123 -4.4927948029524253926 -0.99239602226855139211 -0.0052266062037263048834 0.1229748656158160397 -0.10529665079726834021 -0.48133053939778996932 -0.870191661172378228 0.06373970753398565392 -0.8765235846402150699 0.47712016856647060381
-5.4121057684807531984 -2.0361082289141259061 -6.094044825186135661 -0.97602406703052058123 -0.004636948125409227385 0.21761323325849166177 -0.053677575698467497323 -0.96376746861419648749 -0.2612871682804911444 0.21094012999968167477 -0.26670351544927295429 0.94041134425463179802
-6.0586471991094494882 -7.328941740536076388 6.2023274908560575014 0.40824759950153005628 0.0046896655717281032077 0.91285919206530807823 0.43915571244931111972 -0.87767910819281402812 -0.19188966429940332303 0.80029754324525770315 0.47922582367674243509 -0.36036988247769513594
1.1839102717782108432 -5.9167236194393915127 6.5714721603986667731 -0.98992177037943185347 0.0049039008912161799469 0.14153035110820963438 0.015052139464008228512 0.99738245699349203921 0.070722468700531185282 -0.14081307335020817884 0.072140046004972396831 -0.98740442177255904888
6.6033482839124477692 4.8017935402799922784 -7.4733184961645005018 0.88960269668196501058 -0.0038162342875589895866 -0.45671925557396964024 0.25003992926352802684 -0.83273960842116079295 0.49398864191462599216 -0.38221339043799718027 -0.55365167833458239777 -0.73985319033404184363
5.2935472327632737688 -4.6836113179485323599 -1.6864510555773979394 0.95427989680572711251 -0.0039429325853764501247 -0.2988884939828598819 -0.27045610440198847302 -0.43720138676157860314 -0.85773448281238051649 -0.12729247481448310864 0.89935499147801245545 -0.4182788844290869501
-2.6026257363176807935 -5.2580760023457004948 5.9579378363922517181 0.99287167579551194319 -0.0029659979423297165926 -0.11915132504133967017 0.11897337247184924802 -0.035336558142368537649 0.99226844366897481997 -0.0071534638872586282093 -0.99937106747942483498 -0.034731792921750687109
-2.4931619431739018289 4.5948834321757523469 -6.8196743090746707594 0.44974406667352523348 0.0092155832500464274215 -0.89310993025347196195 -0.29142565886780524842 0.94673455736981704245 -0.13698453648182576381 0.84427564210122729715 0.32188313237416416035 0.42847390731232165573
-1.368488485500735985 -4.1393733146648727939 -6.1363954856390980908 0.9591248126006596264 -0.0089794598081830538649 -0.28284087956863851465 0.029040679910396546143 0.99734266071766786155 0.066815088288446330966 0.28148931198886067984 -0.072297900482706622949 0.9568368621776195404
-6.5099854510817598552 -0.63585096113627093128 2.7889775726138643641 -0.99246384081844729597 0.00011183993409448543359 -0.12253779890192098567 0.055167764221501901234 -0.89251452867162595073 -0.44763191787544998057 -0.10941682895552877486 -0.45101862888558041931 0.88578222715251297981
4.5843980327162867638 -0.22991616868118411321 -2.4412145686516937282 0.87819858644089188182 -0.025544696036836487402 -0.47761355851528664029 0.1298343116073643333 -0.94834666419216562261 0.28945061071799410568 -0.4603371528594820683 -0.31620574476118112894 -0.82952012192433344229
0.14190650580803965131 3.1108588329431272612 -0.72631642127223638994 -0.96019012135825887455 0.0052361723392289477585 -0.27929825159756760389 0.25916450359338993881 -0.35643880786274900752 -0.8976553549812450461 -0.10425301397747066545 -0.93430399696699761858 0.34089199217352611493
-1.7982363211513852086 5.1312882808956210567 -5.624683024250058061 -0.99723130421867134388 0.0077061161830805982587 0.07396175808800754814 0.062970925106891076362 0.61653673582799672914 0.78480387101854953702 -0.039552351096639778993 0.78728842818114996849 -0.61531499443361248325
2.3498134369117416043 -3.3122569733476114884 7.1286001635862623615 -0.9062455965161931859 0.0084504234421629784157 -0.42266713751915863106 0.40820572593429466091 -0.24251660906352692781 -0.88008737045974982927 -0.10994091190027434346 -0.97011044972824778121 0.21633009781027737195
2.3902779152648578886 2.031165699463030716 6.7377887030752559028 0.99061044837360334725 0.00086173723010739798622 -0.13671209522930014013 -0.13483513237212635394 0.17140852580339541178 -0.97592961035121028601 0.022592623823524695531 0.98519966234817824002 0.16991526905471990294
-4.5543594283583814786 4.0257175794180115602 1.7323078629850880983 0.86129270254264256312 -0.0034742110033817909936 -0.50809724502761044462 0.34290385502876452595 -0.73395179264076748638 0.58628637395536864485 -0.37495576639536748464 -0.67919267953744744126 -0.6309560026733357363
5.7272900469180800798 4.1304419210720464406 -1.4208553038869027318 -0.95834630368035655934 0.0010963334487046672884 0.28560665306548271847 -0.21623948363561240615 -0.65605872857986258229 -0.72306806759193564815 0.186582013975897687 -0.75470904506773961451 0.62896852811064463129
-0.093778050528193157565 6.0587054253184779995 -5.8107371551986730651 0.97082245822932378143 0.00087645384171938529178 -0.23979780321390786746 -0.23753654410942695585 -0.13353863545744149022 -0.96215582056791237875 -0.032865556592128392088 0.99104322038393910521 -0.12943411652679850943
-2.3986729457805422427 5.7505345637349369881 -7.4583197304594444077 0.99635722139053084501 0.0029779921243299157727 -0.085225694164730914082 -0.06307530460424633223 -0.64685062577874552492 -0.76000379859483113698 -0.057391578929565020828 0.7626109096338301585 -0.64430645439541600616
-3.8264254143205573833 -6.3441234525156318114 -7.3980014977897683437 0.77385697421175392297 -0.011129861017401140866 -0.63326259139291629641 0.050531534246698824042 -0.99557336428124609817 0.079247967673478247885 -0.63134138745255774516 -0.093326322800385927425 -0.76986898233525768998
2.5729730231604781565 -4.8678627031221397559 -2.9627320334290971893 0.89484864022184817944 0.00042951557559595641977 0.44636949560814997984 -0.26584762837564518412 0.80381051406589831831 0.53217825581682387526 -0.35856791487822320397 -0.59488526035995858976 0.71940293120488929546
-6.5308546515708068014 0.94270824007306530667 0.57568181575675858586 0.89297015009323355006 -0.0039205387584216062208 -0.45009881183819472339 -0.38316448052296009363 0.51810751291546286446 -0.7646892087156078599 0.23619756964859908721 0.85530651490347320287 0.46115233237588820758
-1.191546501980031314 -3.09239295193844832 -4.6903093630816066195 0.91812701263725060574 -0.0088435364914817762155 0.39618755726057031108 -0.12934205975658502608 -0.9516886669403420429 0.27849472669193858776 0.37458432994953438921 -0.3069372461588632528 -0.87491491396405018932
3.486490913229453259 -4.1194055569455656496 -1.7665502045028103062 0.95768828708941733385 -0.0016831759110617931438 -0.28780255678252153473 -0.22340818245688018329 -0.63477216426813987127 -0.7396979677421197108 -0.18144401004995397431 0.77269752580763184646 -0.60828990196097398879
-0.36229015207873244142 1.8690470481851131357 0.98581911233621988266 0.94479502558906924836 -0.0045936971052722708198 0.32762975684323830672 0.1645153839696243403 0.87138160751822890671 -0.46219993781514712161 -0.28336733767244487447 0.49058433732224265844 0.82403274201609788552
-7.066739301289120867 -6.0062310918337322718 -2.5911727931963532967 0.99430813184127764259 -0.0015132609598598259493 -0.10653191538535110305 0.083654031353796134973 -0.60813011579397224793 0.78941735812092483915 -0.065979860508114690498 -0.7938359227861301326 -0.6045421289716971236
3.0799661343483153431 -3.293982248127322876 5.1382403660380004951 0.78897277874519899932 -0.0023938851893319686159 -0.614423488900601944 0.47789963293163523206 0.63090318668229228294 0.6112062744099613365 0.38617857947181555289 -0.77585787251778004503 0.49890947716914224586
7.2268747228059968535 -2.5565259696341740003 3.2759931953772389868 0.95104334479745511466 -0.0067333961316921146778 -0.30898417061900146363 -0.071713551743887840595 -0.97728340054022044825 -0.1994350057661299358 -0.30062222607925748186 0.21182968726123757586 -0.92992174981663378031
-0.55127612158418615174 -0.5301310992538096345 -6.8933458128341138504 0.88654638599234525387 0.0051595470784535149567 -0.46261094297239413464 -0.42994344136418310987 -0.36004721327592514868 -0.82795811575239053326 -0.1708336697253495795 0.9329198161075167306 -0.31698024228956528381
7.0586316914511888498 4.6259620982912794673 6.3162602422155815773 -0.95808505887319883598 -0.0087191144413994413342 0.28635117776475188522 -0.26614361103006461962 -0.3428186719428180651 -0.90091228012234558786 0.10602168774264233986 -0.9393611314136152135 0.32612891088877471457
6.778361595738146228 4.9327711567438923268 -5.3414640398478541172 0.99994006925814904463 -0.0045126033434179108755 0.0099746831089233128909 -0.00068121433582640084081 0.88368808176044677527 0.46807575252471883553 -0.010926748788477436136 -0.46805449529479248305 0.88363204762804115067
1.6740261304121140107 -4.3903744805144109264 -4.2152589815155492303 0.99983316894988871759 0.0039703183048769470631 -0.017828932671276290223 -0.012541631975457800605 0.85885363250723933959 -0.51206752034926605877 0.013279372539103023731 0.51220569549917660535 0.85876014332487415892
