1125 14.717824617146108679 14.977075390850430381 15.033177056927090831
-1.3788180041903081996 4.2965686876536883787 7.2175871460218550268 0.99827855290101230601 0.0012928874406776128328 0.058636671630456757565 -0.049240295879639545129 0.56162765883323939597 0.82592358368993878948 -0.031864150381269072676 -0.82738908699322122331 0.56072450868939871516
6.8653751825267352871 -5.5996150169252913997 -6.0251573060873306886 -0.99485515853202199921 0.011542190202107088792 0.10064785833543495042 -0.053882255174090447347 -0.90159817966636035536 -0.42920557428765521157 0.085789953488347142629 -0.43242051323642444194 0.89758151920203077534
0.68079299170969220789 6.0957205314793831974 -3.7097128404224171128 0.98355514868114291005 -0.0026753156273522978731 0.18058823934310894166 0.16604026938381696854 -0.38002602807316165912 -0.90995101347814755233 0.071062637480798801493 0.92497192426219443373 -0.37333234641677864873
-0.22755245580368119174 4.5241612105329194193 -6.6794621704853858191 -0.99956477295404289052 -0.0012711002635428236829 -0.029472851464085264572 0.016018660762370084266 -0.86233878366120675363 -0.50607827922268255882 -0.024772306648472838808 -0.50633013587760278273 0.86198383182368598643
-5.6298814489485575763 -0.580724263521133377 -6.8751816845842466108 0.98351946088630237686 0.0050151471071097838972 0.18073272630449802034 0.16414292515702141873 0.39434764144582068468 -0.9041830775938041187 -0.075806135496158610909 0.91894765138478462507 0.38702537880026577355
-3.8963807960869649705 -4.2956202758856107948 0.087240987753287077555 -0.68510848106345045849 0.00013489746467176691805 0.72844104152467981095 -0.010235258427659814362 0.99989948129150285627 -0.0098115644948852005769 -0.72836914312720169029 -0.014177768357242635094 -0.68503823413333908565
0.11962953477122023616 0.92660692112195663928 -2.2398716197738539613 0.79331016301796108969 -0.0020391228071825352047 -0.60881427975249102769 0.28492483697721404656 -0.88248162267184349083 0.37422456215474941832 -0.53803050334153013079 -0.47034245781618749804 -0.69950064320885940727
-7.0790939609050189674 6.9336441998484499294 4.6491552236501574313 -0.94664999746181199836 -0.0020643936550056689316 0.32225691704679210181 -0.13738981447001832881 -0.9019649888404941418 -0.40936926824801544988 0.29150955590776361781 -0.43180423479259544273 0.8535615277350867558
3.6339374889072733055 3.6314022728669410611 4.0456073195051516223 0.82038010667028971046 -0.00047599521961612205334 -0.57181837501807397661 0.46129651016056821833 0.59148689236660245694 0.6613235107511791222 0.33790828680776635595 -0.80631447313505510976 0.48546365478737996124
2.9492499776668457123 -6.6708459055590161313 -1.4964935394265281854 -0.90450959789765272845 0.012903590101573320439 0.42625800247446310465 -0.4258931168267545142 0.023881428303288796539 -0.90445825244836142165 -0.02185040847842113082 -0.99963151948346229414 -0.016105430905178057949
0.91992580231126397372 -6.2887862020030169674 -5.6923407448571312628 -0.99760468455112616404 0.00044563049031616681905 0.069171488166129432851 0.030719441261824076417 0.8988145885643661348 0.43725124506685486558 -0.061977490189700314149 0.43832879987220024764 -0.89667533361433404693
2.2414179950658970064 -1.3505720410009145471 2.8011074247994272035 0.99315869597572725702 0.0022776264818982695955 -0.11675023351328489563 0.11659641406921879281 -0.074219977108681306488 0.99040227747315678908 -0.0064094332039120946454 -0.99723929295604674117 -0.073977778760994108986
-6.9491717649404574075 -7.1043804005314141747 0.48897495274699576129 -0.9897360671976036528 0.00029948371202138230306 -0.14290705930015362712 0.051451163389332782439 -0.93219132308601482251 -0.35829054543649813125 -0.13332402286981542838 -0.3619658098119163947 0.92260796520139209953
5.3168045668557555317 -5.9798731817658357102 6.9116987120899437969 0.73770705570871519807 -0.0056684074219427085101 -0.67509715531541769629 0.12035781653739037467 0.98505007229729457663 0.1232491422507761003 0.66430587529842644035 -0.1721749814128828715 0.72736062570065329602
-3.5301479918267708591 -2.4181294594315492219 -3.2347361764469630963 0.96738227973199308884 -0.00031660161672294670487 -0.25332079390367445715 -0.090658282571016740592 0.93333452166087294 -0.34737263346058655511 0.23654302074211688844 0.35900775818840602316 0.90286257475801479089
3.4718808130812632839 3.3699034254599355975 6.5436852370882530039 0.76937984181116936266 0.005716087780615302337 -0.63876598637935411151 -0.46218694983380959052 0.69524312661508747002 -0.5504727225737362506 0.44095111114261409391 0.7187519191173158406 0.53754794795173133082
-3.863358844857208485 -0.9833073138965701121 4.7342288379230854645 -0.84848350068377798028 -0.0048563066755607352948 0.52919955154258113694 0.48234884176576725556 0.4043407120083948314 0.77707669084833341788 -0.21775064618645911807 0.91459554170034051968 -0.34073398889365258402
5.813705899920182496 -1.2106454011872522791 3.8224801276622963897 0.94622744930085056492 0.0065454250825711639966 0.32343588483686253054 0.011067575556057918096 -0.99986500326614569101 -0.012144299692492126902 0.32331273244498698327 0.015070920814601799012 -0.94617215367233120649
3.0883553666126424275 -5.6122772994888592279 3.9841360655012887371 -0.72526886361198994457 0.0017470958570400211413 0.68846352345708772269 -0.57145338786371702167 0.55617593460572356534 -0.60341474564731356622 -0.38396106700290877356 -0.83106273976252176272 -0.40237870421342364358
-4.9805283418883847801 5.722657180329171922 7.2975163252664376756 0.89850783523237720551 -0.0059054249471798235527 0.43891775537341881641 -0.43848915107224606391 -0.058251865876034827907 0.89684668952599366776 0.020271517402486324833 -0.99828445148584299407 -0.054929222678453681894
6.313041285922608381 5.6109537427789337727 7.1995182986478551967 0.97160267718268666925 -0.0038935356866661940088 0.23658630152929666091 -0.21406550865865309197 0.41155551964861347702 0.88588826171778545238 -0.10081763582904193499 -0.91137637374829782999 0.39903497300263474079
3.282663728018500926 -2.7150698170244815799 4.0569374267278766055 -0.99926700845706262211 0.0087141852100335401993 -0.037276115476987899122 0.034854622810495998475 -0.19556385953934940503 -0.98007139133376264262 -0.015830384634440669567 -0.98065225223731367077 0.19511678324557360509
-5.1726523756440636603 -1.9562083273632706604 4.9707643310191356179 -0.96797629830924969419 -0.003061191307870104409 0.251022937237481647 0.12534686874557707248 0.86046707487535201153 0.49384671260535339954 -0.21750873179538826596 0.50949685196594785008 -0.83252802320978047668
-3.543902429726100145 2.7773230396940422615 1.2703238803721834671 -0.79523825330446562543 -0.0011718904897098190044 -0.60629592374851504211 0.5448017945989166444 0.43744331448876078161 -0.7154259928258540624 0.26605849936266490197 -0.89924522421962560514 -0.34723320929188306039
5.264338719005011491 -1.9164640043153955418 0.58302056211791142282 0.97334597890961827016 0.0059639871812439447865 -0.22926411886145869889 0.19035269546450361844 0.5365719912746991227 0.82210482878330748413 0.1279197274458489797 -0.84383347233711458735 0.521134929067071484
-1.5423122609676629402 6.8914377989383837075 3.1050930887757823839 0.8429671820979075525 -0.00098798447066598396246 0.53796408225131342462 -0.43503066880303620234 0.58702365313563409366 0.68275291860232545371 -0.31647219009982902049 -0.80956917835717623344 0.49441187116356000164
6.9633180390826128203 4.635471545772697155 5.1774422931789363389 0.73523850504810428497 0.0065332527763314624664 -0.67777699673488589482 -0.66998578997935098744 -0.1444775963550127551 -0.72817941839720046193 -0.10268097155985640712 0.98948650357632106367 -0.10184830543451482698
4.4484869597565186439 -1.9590848812043832883 -3.5569933118088643553 -0.70014514333088484488 -0.010097299274649107828 0.71392914411545727038 -0.2864830128909937601 0.91985572035738805141 -0.26794204046885167214 -0.65400631617365756476 -0.39212689052536470191 -0.64692521989172702135
-5.2179134033755492084 5.9383422297264436551 0.1323701237407785003 0.78564610267777856834 -0.0082317831708369360727 0.61862140206526161634 -0.031695833548124517642 -0.99913393388833582343 0.026958417765946842554 0.61786371918330196262 -0.040787496841295095562 -0.78522659444164355502
4.8787756651940563657 -6.1586389560473886462 -0.59100124349399829615 0.91165403112726872692 0.0099623765207265575772 -0.41083777648043340314 0.4074393394556326542 0.10863976423411539352 0.90674725601515082651 0.053666676748896677274 -0.99403126343251568819 0.094982814895742714856
5.5952992730574777624 3.6373096608297599275 3.7879028386583293297 -0.814541162940525032 -0.0092173875833842164318 0.58003252808920169326 -0.57998913416358244266 0.032988357290442540948 -0.81395600159678715979 -0.011631772334172797365 -0.99941323187622410629 -0.032216359554515620889
-0.16601531400190977505 -4.5038485379783068652 -1.4817681413742631591 0.96737581890488921754 0.00078418687224748265946 -0.25334444941475026125 0.21727902228588344413 -0.51681846989125745928 0.82806309883593520738 -0.13028373449043684218 -0.85609465261163064653 -0.50012807789311719553
-5.2450455907450068693 6.9996063511624582176 3.4248226397616421401 0.96865694290593828963 -0.0036320768448321592327 -0.24837579386489580524 -0.075890006728135089853 -0.95641340677301756035 -0.28198245020498685642 -0.23652575724230315291 0.29199349883621472657 -0.92671212509522526979
-1.0475836692500080094 3.808360701878692911 -5.11516557715818454 -0.88582126775680714026 -0.0065575803978150815771 -0.46398025790884445119 0.46380916912208847158 -0.043118416263021146217 -0.88488522239740652342 -0.014203387909654075633 -0.99904844743303200527 0.041236676073516553842
-0.79573371136936832393 -3.2325902561357144904 -4.7241671339324229351 0.85484106627122624644 0.0074470807045889375608 -0.51883647944737354418 -0.14837460918077871597 -0.95463880562500658122 -0.25816608248429429029 -0.49722402070573767929 0.29767312909269988408 -0.81495949681527513064
5.6020139668639084007 2.328395452657664233 -1.0603076093808596614 -0.90940035750435366246 0.001608061847017202943 0.4159187467617338485 -0.12941452103996381462 0.94925936818455025623 -0.28663309937579822817 -0.3952756905183543723 -0.31449016844864446929 -0.86304870223768381798
7.2753800976045983617 -7.2098520734470774585 5.2955620044738518359 0.93408291987248381893 0.0082191140658784411777 0.35696154550095077207 0.12337515389161432533 0.93072786763367509888 -0.34427344918269908725 -0.33506368082002996323 0.36562013425670075728 0.86836296974327942255
2.8959039580935068692 -7.2058790528359208949 -7.2357251611932458246 0.82983668723961112601 -0.009586810654270555565 0.55792397830941675707 -0.035588830180252911672 -0.99872607130403112663 0.03577247075650016872 0.55687027903954522401 -0.049541170344455320862 -0.82912071784715957179
4.6254919781273544643 4.8115082958681973935 -5.1755633857663658759 -0.93984301946556669805 -0.0040037051721358426701 -0.34158318036272833362 0.15622353799979266098 0.88420368958134620829 -0.44020227339904127728 0.30379154849441020181 -0.46708436676446579705 -0.83038719245148995274
-3.3744178290377568885 6.2116809431937305419 3.5106433478187959452 -0.98050283133894200471 0.0087483361917288712806 -0.19631012289323682141 0.18677344247700586322 0.35197663506652249188 -0.91718489387499602117 0.06107273468379548903 -0.93596790275159846839 -0.34674804411437537555
-6.2864701144755583684 -3.7308186567703121028 -7.2823840464652009885 -0.99617769401499356441 -0.0045962818656573945289 0.087228872170224874827 -0.074987389702124596091 0.5571501141771779686 -0.82701913016438721726 -0.044798363058689394389 -0.83039907542412372266 -0.55536517914060246071
-4.3343225276173695804 -5.8044654626603895409 -1.8016552643481027474 0.98659554749041022959 0.0049765240679747191344 -0.16310873637013506565 0.12418791991319251544 0.62552103973687989136 0.77026020888667812159 0.10586116483251137299 -0.78019142718616862897 0.61651824849362235614
2.5914100989757331561 6.8659076327937054174 -6.3722700568949051103 0.99499391584626983853 0.009539519179023471171 -0.099479168687818461669 0.099814778978223370198 -0.045947448465101264903 0.99394458692471610028 0.0049109394731764533307 -0.99889830791402300925 -0.046669616669855841506
-2.7014565032843180781 -1.8682347608981337839 -7.0074724825353316149 -0.99168933865257458127 -0.0027149207549302472285 -0.12862692100861269906 -0.092482745022902712595 -0.67997789017699028502 0.72737680107596203172 -0.089438232741304468654 0.7332275895488967743 0.67407574088403876544
-4.0952018745797360566 -3.0497635977013310971 -2.2500924885062776326 0.99736800416919391132 -0.0069207660745342495026 0.072174561006987242306 0.044534189703957491324 -0.72706034817518849778 -0.68512769325047284674 0.057216869951286782048 0.68653867561001957753 -0.724838517660736259
3.0422597742930537201 3.3337567516438832982 0.66558321397221587024 -0.34094001994434974812 0.012215271611603930463 -0.94000568612106794042 0.47342593207503630426 0.86609556014202260243 -0.16045674663677161886 0.81217472851555305713 -0.49972919450619701642 -0.30106966389684675089
3.4802612243128123737 -5.7284073749816686316 -1.1110625682569708061 -0.95614880130886348297 0.003906079273465639691 0.29285527535004657329 -0.15062781108826814314 -0.86409448726861270984 -0.48026240702215117206 0.25117868596364034683 -0.50331447387956484985 0.82679127239034555519
5.2205434415062192954 0.88118190385165673373 0.97161519700517651188 -0.74114722574331770577 -0.00089344497246314925204 0.67134193339097036901 0.59367920835935772406 -0.46775993084217865059 0.65478671692411372085 0.31344184043417594454 0.88385510625585517186 0.3472093947614680598
-5.4933634435308729138 2.2132527277915938768 2.5535465076478414126 -0.20116852236645990648 -0.0028485569434528370397 0.97955250565356610792 -0.94448767063306504621 0.26574217796141136327 -0.19319455187565726106 -0.25975809059779658705 -0.96403992685759010151 -0.056149388183158038812
-7.0802074928682623423 2.0000033374670587172 4.1740969561114953379 -0.99959502588942328316 0.0076634460440951797378 -0.027405397495053232526 -0.024018348816515225352 -0.74368830831645316159 0.66809491765289885645 -0.01526116434806918179 0.66848258890431200285 0.74357119712536889899
-1.4015221379297293502 -1.2852967075891588156 -6.3863774405100297571 -0.96661081770079593234 0.0025704855921451705281 0.25623606246458829894 0.095920175924929684808 0.93088080596966937819 0.35250566651868214807 -0.23761912160858972287 0.36531399874775238867 -0.90004601847067688958
-5.2799373439349199799 5.4298263443556313845 5.4863245746816735604 -0.82098938364885132302 0.0036226845768532510775 0.57093196450410510501 -0.43078425259507074907 -0.66020235088075307495 -0.61527049629230068373 0.37470169422097027168 -0.75107904513980305872 0.5435797166008332626
-0.98577681889656321168 -0.10673263257353909905 5.8415038668925687304 -0.90907773085448939643 0.0096515863991407015859 -0.41651473700755059504 0.3836396327635669401 0.40926656421749113557 -0.82784147732931967489 0.16247557181778207736 -0.91236381246387709965 -0.37575785057519045518
0.97571598957006133723 -1.797728707690316341 -1.1115090706627617223 -0.8710311804207964137 0.008087779796233282234 0.49116114519830450513 0.38870537625369783186 -0.60000548821111887587 0.69921494877338274954 0.30035447925089925336 0.79995499994344909656 0.5194797251668605842
-4.4961142447332118621 -1.5169390323201068504 -1.5755430365046074748 0.014883934827375067469 -0.00063233500380898712522 0.99988902816081826064 0.85546187676753104867 0.51771715497854442489 -0.012406644930172240973 -0.51765185779785449771 0.85555160428421939134 0.008246606882791471943
3.7140113335443740716 -2.2727200429906928569 -4.4107465203431122092 -0.79888606775509973801 -0.010814839412518291797 0.60138514281213018009 -0.29153344305853390317 0.8815059437325676317 -0.37142364321965104512 -0.52610769080595909397 -0.47204905509132111252 -0.70737570446137143509
-3.348826901978752435 3.2005295326623182106 -7.4296375056730310504 0.85180917018308066613 0.0056389906109373128668 -0.52382185843736461806 -0.34026173937058556973 -0.75432957886167517625 -0.56143462235124053095 -0.39830024643774403215 0.65647169644938896393 -0.64062611986127648844
-7.0269541658003351614 -6.1645423908439429539 5.7748119349041866499 -0.95305526416720676153 -0.00032943921183877997172 0.3027962267154420406 -0.2249403544024459467 -0.66865772284476610032 -0.70873033421848563584 0.20270051900421356961 -0.74357026645088752925 0.63719365851009501789
-3.0294546809664941733 5.7579236658673949023 5.2907768501941241368 0.79303989855218215421 0.011102968990303701408 -0.60906850467243567326 0.13995778371834438625 0.96976671156815608121 0.19991083990364444389 0.59287396475229203752 -0.24378115024335458849 0.76750974762877677282
-0.50101706170767512649 0.39622862626786919948 -0.22661075965923049846 0.99512098477390975582 -0.001438863692577616862 0.098651686928114032393 -0.036113038387410249797 0.92519319485355866473 0.3777742720924253117 -0.09181543509079380383 -0.37949371782389551555 0.9206272014290886041
-3.0640552341416396054 3.8557621551970897578 6.556587113619447571 0.98954469393280397593 -0.0018942521600772191902 -0.14421411344994872206 -0.079253813304800330153 -0.84255734522667702358 -0.53274379684907091637 -0.12049950948468467204 0.53860331582090392732 -0.83389827701024044071
-3.949448897531335767 0.30987952267224955216 4.8673867476038523705 -0.9750416235086144523 -0.0017660932761989220699 0.22201511962057976501 -0.0025009571829323999637 0.99999228551235219697 -0.0030288824537021228483 -0.22200805759874298051 -0.0035085367731740356792 -0.97503851848579037309
1.691537018925379332 -2.8897282583617895924 -1.7882106960634867043 0.83743142033559381243 -0.0012973322434415282198 0.5465408796822495141 0.44765282050847637896 0.57532973256684738494 -0.684545580013147692 -0.31355313509137883177 0.81792054366770361451 0.48237994954264207248
6.3290806826217798076 1.9512121911578974576 -6.0750093999568042236 0.82325370965288180436 0.0075841130154042108585 -0.5676229477149932201 0.42890923449202689177 -0.66333563985870602764 0.6132068961294476761 -0.37187390081892407467 -0.74828357600777817282 -0.54934642236625719214
-4.8339376849891388943 4.3857329268346143536 5.9834907325502229014 -0.99968695614744540467 0.0031788806423864134076 0.024817018888363441553 -0.024892964366361170631 -0.22611476204087713193 -0.97378255001424207649 0.0025159558224677699458 -0.97409548254007505275 0.22612310996725176748
-6.8091289860841284209 1.2676945424567445109 6.6965502642558547564 0.9997017141147827024 -0.00073758404041551067776 0.024411857074593503597 -0.00059316973797056242457 0.99851574922724828376 0.054460505828168845333 -0.024415792956780393158 -0.054458741402919202956 0.99821746856046655871
2.1250677267893935962 -0.68101824059522186872 1.9271822810578163043 0.99999720177298245805 -0.0010175493488102870486 0.0021356590654130862272 0.001044161190252340405 0.99992136659842090207 -0.012496813485117733156 -0.0021227750068556071501 0.012499008488510291934 0.9999196310769287166
2.1820965514223882309 4.4985637472058126463 0.21962375700572514536 -0.89871438154670968412 -0.0055275900625304224406 -0.43849960792381864616 -0.43840095335420209421 -0.0133457313097817519 0.89868041903338535814 -0.010819634900438279343 0.99989566315884448322 0.0095706999071758953879
-4.6067711666841990592 3.7116678692550024721 -2.3476976412166097319 0.69334259385955965271 0.0054817893442239661039 0.72058725878669471765 -0.33224450962179752356 -0.88491080249838460769 0.32641454846221812369 0.63944478523652126256 -0.46572827013962436737 -0.61172505672591981352
-0.0040219237717276160038 -2.8294283476665529342 5.3902691805316651497 0.86247625877265221561 -0.003194248151526763585 -0.50608744287142759521 0.30780817901223722632 -0.79045776186148164477 0.52955703342140725276 -0.40173228397349580732 -0.61250822320327669157 -0.68076783746130875574
-0.291688719493824411 3.506800690313881308 -2.8087073734535876746 -0.95438422374708598017 0.0013973715938227024985 -0.29857796438326372757 -0.19657453175806369194 0.74975261974646101315 0.63184607512234813864 0.22474253475192990104 0.66171674947513281495 -0.71527738433225229731
-6.8920864626344915393 -7.0811222350235567546 -0.62977988314321931007 0.96856456354542985743 -0.0032394679798337863708 0.24874121510370184041 -0.22466383766709924208 0.41794701185193922077 0.88025363125000544162 -0.10681220102953473128 -0.90846563013212278115 0.40408087381114682346
2.5348631568826869298 5.3870200380044623856 -7.3691023569686056049 -0.97647090229841781994 -0.0058522605446396265549 -0.21556977527233947556 0.20571691464845184849 0.27460049062558594679 -0.93929501306867535515 0.064692565198606277743 -0.96154059799611368842 -0.26693547986984400566
-3.146715691762719036 6.6006697626683283886 0.95046227766107449497 0.83821727181913485705 0.0093949632819747205814 0.54525548130116685552 -0.21947850642554656009 0.92111162087912767937 0.32153159580138218621 -0.49922038263799611846 -0.389185195692536956 0.77415366240326000113
1.2760893251871754384 -4.1124751212404051515 6.2921466957404721398 0.81653385004326406449 -0.0066152454485144526405 -0.5772596558406399847 0.57550707650434018703 -0.069365109268497246453 0.81484973247201519797 -0.045432110087568838841 -0.99756940617879263922 -0.052831839161202022448
-0.62072011086796707868 1.3215467017400537308 5.9866249144964385209 -0.6796050568748090992 0.0073527277349079009014 -0.73354134448243624167 -0.24073412088910325912 -0.94680860772339014986 0.21354283734253590166 -0.69295313673426961465 0.32171322281719755276 0.64522597014890559208
-0.73727423229338950872 -2.2680156183496986699 2.3324406541687352501 0.99427105537617543884 -0.00018530829860232723993 -0.10688795115459913398 0.08572613038508689054 -0.59591724606264695474 0.79845705358174878796 -0.063844334207373509837 -0.80304582777444954989 -0.59248738339616358051
-4.4680082754331733597 -6.2732138718057255389 4.5043537839390683786 0.97937691217037148306 0.0073375790211286642459 -0.20190845411185909253 -0.17919291338950227299 -0.43009102527184400744 -0.88482292565884534952 -0.093331472176751167913 0.90275570887960110422 -0.41990637812103948079
-0.67262482150286795335 -4.6951260254798130589 1.490847181032410651 0.9613339227390970132 -0.0090177816475763145077 -0.2752376584069377019 0.27105804833843305524 0.20746997759289140251 0.93993815904480404466 0.048627393741947702588 -0.97819982008366412884 0.20189226970367177283
-6.4637316946647942473 -0.62896211730210682678 1.5777744383085674507 -0.95621641206669316659 0.0025978659280444793556 0.29264897810661189004 -0.072442199885194819009 0.96674105578828728458 -0.24528322145864636661 -0.28355299499384989392 -0.25574397773159007752 -0.92422546864063226391
-5.244652897025279259 -3.9866300326609493965 -2.2730116003922695711 -0.82673158787236578071 -0.004563928960995976454 -0.56257804095642660602 0.48980489141663402508 -0.49778802566696694898 -0.7157501308745409796 -0.27677797954022104188 -0.86728671848180705073 0.41377251961275030023
-3.3468662756078400022 -1.9614671023432477259 -0.093763928676166202747 0.93427676459816844101 -0.017621176412207593259 -0.35611293331443938381 -0.31881552787742201138 0.40589113401141219128 -0.85650980526504116863 0.15963579271652955649 0.91375154252819190681 0.37359675080361831601
0.61112449840221472197 2.2204961523210733354 4.2044409957009323264 0.9449151221219417307 -0.0087387938149848815722 -0.3271987858598618959 0.30904383316278716265 -0.30550085024124495892 0.90064484658821941654 -0.10783005689295414864 -0.95215170219064726442 -0.28597170287624867901
1.3585655602925099661 1.5171360055249216714 5.2608560108780579867 -0.61397253921097894036 -0.0021456925248158975963 0.78932446883291285111 0.75302634364129039657 -0.30136542468837701492 0.58491897437553885819 0.23662004749583370744 0.9535063066419433575 0.18664585802284558436
-2.2322304128240624266 6.2726179779531152647 0.17748612819632036963 -0.43719425939651723745 -0.0038822299229392138314 -0.89935872033435115824 0.35746889269858034277 0.91685774620488180719 -0.17772974983613068489 0.82527399710858717619 -0.39919519224918875722 -0.39945716689227700469
4.8961997197340254573 4.1276882659451414881 -0.83248591704783303502 0.91892938199204166061 -0.00012478124595131315916 0.3944220776545438456 -0.22363366076899596213 0.82355931858191144812 0.52128498400399669865 -0.32489502409669551719 -0.56723014130655124987 0.75676495037146074285
-1.0198834897906134955 -6.2980803628538470917 3.0297239690842543425 -0.99964682294099416193 0.00036626396242454666019 -0.026572452555416341269 -0.013782977873032802377 -0.86205408910698777536 0.50662883551469573007 -0.022721331498218075295 0.50681615335810215051 0.86175467958702145488
-0.39141478913732213885 4.0897589875413702387 5.605827808948557589 -0.94272157942860757007 0.0049744805400350304569 0.33354351773476437204 0.16393269868404827805 -0.86390955865964247362 0.47622089912006304591 0.29052038479543312866 0.50362240716625128467 0.81361070360368392684
5.3228264305567227765 -5.6410300559957651245 5.292896289808315835 0.76292060593739852159 -0.0088367002329700228974 -0.64643179204392386961 -0.24815662811986419212 -0.92731165482400890188 -0.28019882717042232656 -0.59696770176975666455 0.37418579283090763754 -0.70965805532474035555
1.6976407492727221271 7.1613416429790728301 -3.8057390144290041967 0.98465562044537391362 0.013268166713074475843 -0.17400363466735632723 0.048996755166022740169 0.93597727162265964562 0.34863428544650593155 0.16748918504954318776 -0.35181032213070773107 0.92096518399654003773
1.6373927204443372574 -0.56847549701752053686 -5.5323160469292087527 0.89660611179562543782 0.0053069973768804738073 -0.44279715002432212811 0.16528235902580393213 0.92365683777726159676 0.34574526435275604319 0.41082748457920525986 -0.38318387466898601312 0.82727921290697503665
-7.0550381575827598724 6.0376180846694360582 -6.5435421166754776934 0.97193150000295280844 0.0038272117321518938672 -0.23523288833042102497 -0.20427617775925493993 0.50972890577597396167 -0.83573182649500121766 0.11670648011991309467 0.86032656303689980515 0.4962033881698235116
-1.2353693337847020395 0.32028721496663492552 0.75888349664651977289 0.88513270322199422147 -0.0024089829999253556739 0.46533245587174387747 -0.23392745930902317242 -0.86675071193748320919 0.44047831630770939437 0.40226613263863919556 -0.49873580196022632149 -0.7677529279495215464
1.9906899357286227392 6.4053364576172402423 1.1025707693685049549 0.68808251305639767104 0.0091231041320684672091 0.72557509893655725008 0.70758480078099583732 -0.23005909520505785082 -0.66812915100085545905 0.16082973894637339618 0.97313389709955511186 -0.16475501019998281538
-3.3645243067009320548 1.8605871319129840824 3.9124204831445261732 -0.49887471177759828977 0.0043084358644688500184 0.86666340601718960812 -0.8430334302430331217 -0.23438126478075957393 -0.48410748621810228975 0.20104391918561809183 -0.97213520669720865364 0.1205590413794219995
-4.5289270555637397564 -6.2876115946094008891 -6.5359870835681332935 -0.99685349794648780986 -0.0013814450129055687831 0.079253991959883585139 -0.072785719625315756232 -0.37999739877931226761 -0.9221194152276396272 0.031390168055130784897 -0.92498652343187515168 0.3787011867143030841
-1.9129522690348907954 -6.0486756956196296997 -2.6703365854047600436 -0.99605660092550984963 0.00037707555763548047945 0.088719251386991521136 -0.068812881987435431386 0.62791321576643566171 -0.77523530668969065083 -0.056000312724362309724 -0.77828327187457091441 -0.62541115571674443796
4.3900085461248306018 7.4675968396313123776 4.9759440083420791723 -0.98338523306570557736 7.2543115047229989045e-06 -0.18153094319067192286 -0.15722015089883620287 0.49987299734770201942 0.85170934635820949588 0.090748595248947461211 0.86609871635395085931 -0.49156658347618292781
-5.6313209641102108804 -2.3445922160247989474 -4.8911759428109560233 0.71099098946624716966 -0.011327388022543252721 -0.70310987987533335453 0.68485710512078645795 0.23804397949489516928 0.68869863466657343931 0.15956991716226082145 -0.97118832061895421504 0.17700476668728928886
-5.2803321093428463584 -6.2217565950380340212 0.58991341175875977587 0.95620525479419971049 -0.0062408002461629662194 0.29263042069499228814 -0.15313499012980089087 -0.86269138798709377181 0.48198884208111425487 0.24944174771236171662 -0.50569222013494441459 -0.82586572334314245492
4.8203261706718345536 4.4898190670529851687 -3.9625950174872177634 0.87877078665588059803 0.0061320084717074192088 0.47720467620524231744 0.080646057630816669892 0.98362962266546516421 -0.16114893360981680237 -0.4703808222160646979 0.18009765097600785588 0.86389045497930250228
-3.6634254253978570937 -6.4248752681245324681 3.4013884198999968511 -0.9898643038245794612 -0.00090803590401695652434 -0.14201350458525419107 -0.010088820759951558359 -0.9970034742556096452 0.076696075636108307361 -0.14165760025309387382 0.077351456308878199786 0.98688898894320797872
-4.2972929556817094365 -4.9682576599553591734 6.4095596599005002503 0.902239705922187607 -0.0061469576090362916532 -0.43119105738592272692 -0.16141232752156312036 -0.93202624468354888787 -0.32445822496145515501 -0.39988695100182869435 0.36233864565244094935 -0.84190327964992850429
-4.0902333017574239449 4.3668999157285321999 4.8595114972730479863 0.83510333942360570614 -0.0023645333309571490987 0.55008801247226468689 -0.54754216506748498716 -0.099764777694969553057 0.83080958504620594507 0.052914931321430734579 -0.9950082402239945889 -0.084608580709360406424
-3.8892935520707134778 7.0186614652416965399 -5.2454986567804171571 0.92235629318995826509 -0.0047113295572562934044 0.38631162522851364427 -0.30462252368393322177 -0.62388051688147605489 0.71970703673102798259 0.23762151939009928947 -0.78150553678758627463 -0.57687529804396064925
7.1048700900683794401 -0.4324568432269718099 6.6148850154656315681 0.92188061333003390452 0.0037042933139420633135 0.38745633686543973218 -0.32302063094295480061 0.55960384948750685474 0.76321766464361617821 -0.21399487552599577578 -0.82875195918317934307 0.51708450315081477822
-0.60326828227711004615 -7.0553525853786211997 -5.4177758398685895713 -0.7848036769384569844 0.004126056994193801411 -0.6197307191979221086 -0.1046300647891033192 -0.98650584488618842105 0.12593159868646786048 -0.61084837579072148728 0.16367404699329315965 0.77464512399862761605
-5.4903043599385146223 1.2329628865705493102 1.5470655715350423165 -0.99547262888505938516 -0.00027332035401404948527 -0.09504825320070250938 0.093052803877215067851 0.20104788918987714919 -0.97515174303430851577 0.019375779496766904614 -0.97958137566420366849 -0.20011223755825063852
-4.9063392439543234147 -5.3903607968189017896 1.6939708211823916173 0.99999077109168421629 -0.0005160842111372005922 0.0042651363902530738809 -0.0012839794899165242123 0.91148635232782082571 0.41132831280706300126 -0.0040998936583598573694 -0.41132999304335721158 0.91147727766239883263
6.9740972193968957527 -0.4662780816064070466 -2.7558058072864790589 0.89111067290456646983 -0.013046773159964528827 -0.45359844614563299414 0.4314680364701637405 -0.28526114958083936823 0.85583959364145534288 -0.14055995923521924507 -0.95836102709252324328 -0.2485699893589674303
-5.9536328963952502846 -4.3170624673867488141 -6.1790185053337776111 0.94852478317423738474 0.0049680214930861443801 0.31666394563734390211 0.22737224173087064449 0.68534173675299958628 -0.69181541436614535368 -0.22045997231802996752 0.7282046571032431137 0.64893403207012734235
6.4315874464133893085 5.5943067672312345451 4.4746827554977466335 -0.99468332300124229217 0.0051456066021204520736 0.10285236835372071895 -0.0034412842165268821108 0.99653225558858671285 -0.083136160209663370613 -0.10292348860299728452 -0.083048096330759255124 -0.99121630797199944407
5.0211138481266823774 -4.0412462355139622261 -7.2805542611416571575 0.21056273500565186874 -0.0095638078964687400774 -0.97753356372322719459 -0.72365739455279021186 0.67077065501365340516 -0.16243984634796515554 0.65725437232160699441 0.74160317013284693388 0.1343183833768233082
4.8540505112286407297 5.0372429079676823704 -6.2505822751700508277 0.97059600620974939567 -0.0046239088293190122592 0.24066992374794762832 -0.080280637190771400591 0.9363545601220770731 0.34175306440624264592 -0.22693261559754451806 -0.35102529425373080185 0.90845078610367435701
5.9272085705860666494 -4.3710446791212040907 -6.8511017994519445296 0.54164160801078886642 0.0013390929006702634741 -0.84060845540712869628 -0.5428392918015400026 0.76408934476663969981 -0.34855842622218713434 0.64183321178325236644 0.64510904508020072701 0.41458949360513264182
-3.6277420004459561831 6.1706645402346023133 -3.8936949461844920783 0.96435066881995457067 0.0082868736088567620385 0.26449785494811262065 0.20725224190242974576 0.59783327165298971728 -0.77436547413412437635 -0.16454268678011774174 0.80157763630881251338 0.5748034422277300548
-3.0948275091666959113 4.6844837095247280345 -6.4702995660310094195 0.9999695877628744789 0.005807007457832785019 0.0052059786550473410166 -0.0005332909703333107293 -0.61504763229940562219 0.78848977520545004971 0.007780690850682543333 -0.78846857176879237006 -0.61502583050037840096
-0.19743217063672471867 -1.8178339798982414699 -5.948605185144788976 0.53699691467573407166 0.0032583315935226929601 -0.84357791394975467636 -0.5021071350867609695 -0.80233195623381237116 -0.32272566817813702622 -0.67788106517566504294 0.59686917769418157409 -0.42921375350172319418
-4.3904248001959329528 3.2789452171040953665 -0.91679789367803932176 -0.99584628744930037136 -0.00075279031192797100924 -0.091047268384225596427 0.0075850725502232272182 -0.99717582914967417551 -0.074718354064007161397 -0.090733888089725434067 -0.075098595635124512637 0.99303955736192450754
2.775143215188831558 -1.9241814462762700799 -1.4502287730559899614 0.65595828483065488079 -0.00099941771181817217092 -0.75479648232244689332 -0.11941001567330854216 0.98726858333815170621 -0.10508088556154891735 0.74529187350927428302 0.15905893724571365522 0.64748766610912966701
-3.7308950030161862621 5.5646891430088345487 1.9037495592351330043 -0.76541353833718961397 -0.0074222542851165888497 -0.64349594052459502258 -0.35026820373135408859 0.84364974911437240479 0.40689960220427012771 0.53986507646362269508 0.53684263146704780389 -0.64834071926293113108
-7.2032417694038359812 5.1781141994171679954 -5.6029947662349766091 -0.99975324715415436749 -0.0068292557357676310706 0.021137787741858114765 -0.020494843794849657015 -0.083440119555282493691 -0.99630201637174797824 0.0085677407962153895316 -0.99648939167200256684 0.083279565938774932632
3.661765264514460938 1.4966962979650457743 6.6738951824307441996 -0.48691578787846734322 -0.0095440308758869378536 0.87339677523408565385 -0.64852936614583545083 -0.66586387527989865376 -0.36882917569474010788 0.58508347845516694985 -0.74601220571231841028 0.31803004915741062142
-7.0070032835792046555 -1.4882957769363878153 3.1125557218684152261 0.31940577993502394794 -0.0012662773040131693539 -0.94761719290328616516 -0.58536036106537769896 -0.78666293556556687872 -0.19625155668413624133 -0.74520681386955722747 0.61738142371581261614 -0.25200591702013336315
-0.57837298480354704111 4.4419284051048926187 -0.98066699581703975497 0.97579778788011151125 -0.0029957800590723854088 0.21865429899734634134 0.16779673447555956689 -0.63092902432903485987 -0.75747793509675542811 0.1402245808249110437 0.77583477078619167422 -0.61515646413857461017
-5.7678903355727690894 5.30280975635884122 -2.7173916664859794068 0.81710271865579431338 0.0083316832712502335301 0.57643189556034368781 0.42278500561845372419 0.67109263275585750996 -0.60900535078522266552 -0.39191323808930406125 0.74132669000560291739 0.54482910393608841026
-2.5396727864110508754 -6.0661245670029497745 -5.6167750398859643823 0.99911141107810530482 -0.0070804848972753258243 0.041548224837091231321 -0.031600035685836171118 -0.7781549472615464369 0.62727690519981482709 0.027889532053259336042 -0.62803243927850505024 -0.77768723097136704947
-0.53551320369731014726 4.6877698126813784896 -2.6556169597893233281 0.99297476230820469478 0.0073956186543704255376 -0.11809498822426499343 -0.079085946753776850682 -0.70089235095347535154 -0.70886904672219730461 -0.08801439907779654015 0.71322872712727103384 -0.69538352608869369309
-1.7715236486754963874 7.3302798121043304391 6.7086063776159585714 0.99680385447390995601 0.0074128579360490413561 -0.079543228770787482995 -0.047270058710102869082 -0.74794733617297670669 -0.66207274816391781247 -0.064401997295172708213 0.66371668040581877079 -0.74520638141082828909
-0.42768652764965725543 5.8221196907173835555 -2.5214243508007787575 0.9147476916923870105 -0.017210741887494881291 0.40365882983924378236 0.33221913944051184586 -0.53653616561228556492 -0.775731516943541477 0.22992847568952945458 0.84370180357382407177 -0.48507748114423104857
2.6773262688240766494 1.2447497815382548847 1.068301861779617834 0.98288232363508087897 0.0087926002408358801266 -0.1840245311542093587 -0.018225097241192016878 -0.98932084232354045028 -0.14461022361765354938 -0.18333080405676677183 0.1454886975858016851 -0.97222572232924009406
-6.1603888718125174861 -1.8515528891131276534 -0.3830652827715987363 0.88577343217759063609 0.013717616446415300743 0.46391513647147952781 -0.22743650410643689863 -0.85848955805547799702 0.45963933176949628434 0.40457145654161463799 -0.5126475453064037735 -0.75730735559823070258
1.0223493843512021506 -3.1532219298354360326 0.51114974317326244968 0.99977091018545916068 0.0064742382021928911173 0.020401259436468283104 0.015745950444571926025 -0.86809365852031739053 -0.49615064756737908835 0.014498006466110118298 0.49635822172761323579 -0.86799673013890810136
6.3725450081227643651 -0.3047014104995981465 4.3366790870296476612 0.89329658330643646469 0.0029185810322749968643 0.44945822513098598883 -0.03011429036770170431 0.99812058322536834076 0.053370692871465529039 -0.44845773911124192646 -0.061210973090500289673 0.8917055977196509664
-2.1361784221867328171 4.7606692619261972155 2.1862225605619012292 0.54696028615088310154 0.0020650273041612227792 0.83715600758526953484 -0.0015157160201843588102 0.99999776140544116565 -0.001476410850566795864 -0.83715718236108571659 -0.00046135267073555037698 0.54696219172353688354
-6.3117008886061141126 -5.2537049074503556767 2.6393076615597381718 0.99195340752900329484 -0.0026779711531845946937 -0.12657513879956111547 0.1091987709809639634 0.52399736884120828861 0.8446907042604294702 0.064062982352253564078 -0.85171567199272935067 0.52007340671681123734
2.0390307717642452978 -5.0768173753907790413 5.5248675367829207516 0.85830659955669930117 -0.001618650641268322421 -0.51313464229933958283 -0.30328105336329952424 0.80504311309248355322 -0.50982956831993286873 0.41392074582995758147 0.59321409797181190449 0.69048291082338764113
2.6015316911332280192 1.2217353713167695695 -4.5786451884194292461 0.74929212247807575054 0.0021842780461449086415 -0.66223601844180179921 0.64675113555388008546 -0.21742191029458388107 0.73105449973562730559 -0.14238779390119357671 -0.97607527468585997266 -0.16432520894457719463
3.1929929405318704383 1.4260914453256343659 -3.364614375587531292 -0.99715380024046740282 -0.0014835543614886103053 -0.075379690450461986351 -0.065025929110052727022 0.52291916260533943817 0.84989833387497504269 0.038156614227783457183 0.85238098784905214078 -0.52152729971125766362
-4.5005101846841659707 5.1429959783950200958 -4.7531195257669747178 0.980812363596104686 -0.0072415239268166552503 0.19481957742552385993 -0.064343897272523320474 0.93128902556913339961 0.358553501918821238 -0.18402980818555625397 -0.36420915856923652409 0.91295384248793765014
-1.1191790595768527083 -4.8184102994618127624 -7.2305533568067179573 0.93942879114376653948 -0.011971027953610187747 0.34253502136269553535 -0.25005131839663569115 -0.70744075261864880488 0.66106120722865924222 0.23440965112031475481 -0.70667126446759820357 -0.66758358236073311875
