1125 14.717824617146108679 14.977075390850430381 15.033177056927090831
-5.8631587897082999561 -6.7911176042910845752 1.5015137896871366685 0.68511498242118629154 -0.0015537368700723557489 -0.72843328230092285747 -0.72811311781639975749 0.028261321040062504367 -0.68487413836179755755 0.021650601047461852378 0.99959936156180229094 0.018230958270791054743
-2.3549353939079562537 4.9450749323123321943 -2.9055307297646146836 -0.6897602257083665922 0.012638935314594135911 -0.72392754357382815833 0.72254204981728620272 0.076252346148612482057 -0.68710884578256581356 0.046516849383201441803 -0.99700844380628850239 -0.061727997719995097992
0.97395046690248110455 -7.0037002653405115993 6.9720615193044892521 0.77945150129894069657 0.0051213878321844392288 0.62644164014645520311 -0.11439770169775907716 0.984316361051432831 0.13429246893509946825 -0.61592899182370486333 -0.17633795040517094566 0.76781274037225399898
-1.2452248267348233757 2.452933670590503823 5.107841483194092369 -0.2163900312533132142 -0.0095865863597359990411 0.9762599304161672098 -0.34819151924815899823 -0.93343852095429036275 -0.086343462533566617267 0.91210636457475668948 -0.35860929290895376953 0.19864882265334171674
-6.1355166508386940194 0.2731553855241585782 0.4241610863528412767 0.99175056710772413471 0.0066357373522008995803 0.12801085747460622111 -0.050378021062369077177 -0.8981203609498663587 0.43685452068302310646 0.1178680093809301721 -0.43969965230504826081 -0.89037708198686904559
2.7017789039698762998 5.7584696287941063986 -4.7457202238214080126 0.99961941338073789787 0.00074038229986428741314 0.027576805951068039668 0.022766944419004467304 0.54237115047781703225 -0.83983045989725679803 -0.015578659577555449556 0.84013867127008545754 0.54214787503259853629
-3.7142553684702983574 -3.7728911100621465025 -1.8124054261116502307 0.91205229991556291402 0.0054745059062516771703 -0.41003735440058469708 -0.0039407825361511428924 0.99998172177051369847 0.004585450682072460607 0.41005496272058322704 -0.0025663027953689195038 0.91205720305159054817
-1.2716758864778172633 -4.0169957089171921538 -5.5466699682601001697 -0.95594024443894731746 0.0031419102241632109254 0.29354450678263227514 -0.062614756761705567256 -0.97911443036736256484 -0.19342782757951951234 0.28680592967680557104 -0.20328566266859093847 0.93617161784338720487
-4.8167278140291749366 7.3251314351967469207 -0.33602948113969260957 0.54079112913792026784 -0.0073904274029075976704 -0.84112444752757076216 -0.56411965426031351889 -0.74493422343427484478 -0.35614887116716642534 -0.62395029475350372028 0.66709698270880024573 -0.40702290517586336982
7.312935848306890918 3.6214759894560524245 -1.4685065127305829691 -0.97157102380957161003 -0.00046976817850004522203 -0.23674780888408783475 -0.040232226932448975076 0.98578064664546272144 0.16314988389619658471 0.23330476550983997308 0.16803659130421561008 -0.95777481193301006179
-5.0820519932071510638 -7.1509223718374945733 -4.4568958662409468019 -0.96771919061900124603 -0.0067969704281990164438 -0.25193921747265979327 -0.24593002309072733991 -0.19314932778412688408 0.94984828310588997891 -0.055117981188840432794 0.98114582930857074938 0.18524273205751815019
-7.1681554324572847037 7.4657760983555130352 0.59560153766403667319 0.89244763149933481472 -0.0023367531597258302256 -0.45114494856512427079 0.41672179553750665626 -0.37887584166911947303 0.82631473526944221319 -0.17285881567099756206 -0.92544456137792696637 -0.33715307155746959689
0.51285750977318023125 3.8603372023376345545 0.5458595406332369393 0.9837220619526211296 0.0042520548187978523397 -0.17964638837869309484 0.1480597611755415377 0.54733556422732831948 0.82371238138854740995 0.10182932754522139307 -0.83690244363480637002 0.53779651160070174321
-3.2932938785359815448 4.0588002371413951508 -6.6651483569317884204 0.99465478616503133491 -0.0014914869841403178338 0.1032454930043346375 -0.02126554769375363016 0.975501652201648084 0.21896187575293257765 -0.1010427277958134834 -0.21998704966102430869 0.97025566998658041573
-3.7847623170961597339 -2.9556467277501465851 7.4916771004220397145 0.80261959434135732305 0.0028686841754496502852 -0.59648433125301780766 0.29020690699025608605 -0.87553545932780130201 0.38628695369473275978 -0.52113504767427953901 -0.4831453509149131742 -0.70355442715882621219
-0.22392753923505240299 5.0616675493717391277 6.3895430078215911252 0.99998570940912367977 0.0053025560801753749557 -0.00068108480689718252019 0.004876365743428060992 -0.95690679508243192686 -0.29035427770593758012 -0.0021913545204230748184 0.29034680715313532229 -0.95691897752168331159
-1.5369430061390647602 -0.96347594499752520214 -5.4292631075520052519 -0.99925402628760218171 -0.0020727119157533417312 -0.038562868323442724139 -0.0019166261030040077171 0.9999898232986573765 -0.0040840964105697749598 0.038570941035948901054 -0.0040071391819517104826 -0.99924782979160597929
-3.1619830589044175539 -3.7578713116764741464 6.373944530707195355 -0.87543739254204189226 5.5233155622285692518e-05 -0.48333153082379226584 -0.18043959689270552826 0.9276633914322146568 0.3269284081719731061 0.44838702435777066935 0.37341749978531529885 -0.81210125430381319145
4.5029077183967016751 -5.0700784225259258875 -3.2114224373218083208 -0.99979808331026742696 0.00087050803071564994765 0.020075727253470152661 0.016797391877455231796 -0.51213704274590388099 0.858739481492281298 0.011029063201513566658 0.85890330751682164578 0.51201901146505868212
-2.9786514437128799315 6.6342377362409514774 -2.5968110453011417071 0.8939053482943274398 0.0087773416010338937976 -0.44816981889135731887 0.28020918402685118798 -0.79132868036937864531 0.54339831874207700224 -0.34988003869582007255 -0.61132796263479749488 -0.70983243136903695358
4.8064978183436046777 -4.1672326989855070778 7.1030962067483596201 -0.97542471599192570597 0.0017553789692540105322 -0.22032599047043799345 0.15199373732442492124 0.72930302481523012759 -0.66709444744317625275 0.15951340773195410438 -0.68418858265833115695 -0.71164700246239043224
5.4405049269236807064 6.7368862591028362274 -4.9356254454508095009 -0.58003433056358844055 -0.0078863205886357014285 0.81455385415262826498 -0.57452861981579383954 -0.70491898174519995734 -0.41594001272768421629 0.57747470973196624033 -0.70924398842917268926 0.40434629279495121201
-0.12589511726427013438 -2.6854638975008637836 -4.0289742401890098478 0.95707177093277662205 0.0090878384255920763302 -0.28970853711349797699 0.15250751793992500804 0.83417987546150218492 0.52998621901602649409 0.24648546053564099334 -0.5514175791247720726 0.79698404700264890987
-6.363957154303339081 5.9951799616327523523 -4.6157023683587041774 -0.99505637189375550911 -0.0032818460401890878902 -0.099257474480700838559 0.099260613594122262815 -0.00080747658012803676022 -0.99506114313165872076 0.0031854893862896739749 -0.99999428871779227901 0.001129242767864203998
4.4439315320894543504 -3.3588927259533578606 -0.36256829023455383609 -0.91019047521718443594 0.0038842159708145492999 0.41417171763673477081 0.22178065128826116026 0.84909619367465039019 0.47942569455690253744 -0.34980943603349368143 0.52822397404270338139 -0.77370071197365963833
1.2375964869234163945 3.6388013008647783764 3.9219355276060396953 -0.98938978283326850516 -0.0020896163909061614763 -0.14527040692563408797 0.012275387401016989164 0.99511879605816311312 -0.09791780530590292464 0.14476592309365679534 -0.09866212665002037363 -0.98453471867460784495
-3.7508361312096174522 -5.5455601654340798135 3.0698552987700464811 0.98498443470913876752 0.0053030741448434910029 0.17256170138680854143 -0.13164314856802622478 -0.62359379148123128545 0.77058475501483358894 0.11169487372296862948 -0.7817305550064618247 -0.61353206481268474093
0.72323359387434360546 -6.8224639034636318513 -6.7948507361566026219 -0.96540713328701577289 -0.0051747255574442520276 -0.26069577904871849006 0.22495534375268433358 -0.52208824247104934635 -0.82269007553911011055 -0.13184900574344027291 -0.85287577600078157136 0.50519179565353122818
4.7907549926143566665 4.3811907372064347044 -7.2183142690255399643 0.31693981877278715187 -0.01347408370667702894 -0.94834993559586777678 0.77877046947929906562 0.57442120875031787985 0.25210480123304990219 0.54135543512853934178 -0.8184489745892146173 0.19255017229460108519
-5.7125998392036816398 6.7696017595790074495 -1.0671291744020789949 -0.86869096660525235709 0.017542725595700608965 0.49504369233133538319 0.32288378205123885456 0.77794763250334564297 0.53902091273955754502 -0.37566217247242417177 0.62808417736882948823 -0.68146034243546249609
0.44393097404514531013 6.4780611037296695898 -0.66823856258048086598 0.78984904975020231443 -0.00089580101407647576804 -0.61330064091694913575 0.53031241304865461839 0.50331156821331690665 0.6822361833479326787 0.30807015950128230353 -0.86410454393153124375 0.39801521827892372141
-3.142698360622950382 -6.9920046980042638296 0.4759869222071582695 0.99993527522610037295 0.0060422800264183906122 -0.0096403428764763009207 -0.0085413206687333688427 -0.1610850457465282104 -0.98690356868243700461 -0.0075160627942733957557 0.98692203283187485141 -0.16102301050206557775
6.0408007543399095951 7.0695444543810648241 6.7640786321531543024 0.97612997513079569067 0.018851303077879952297 -0.21636751147874666579 0.19154707539495963164 -0.54429738231280166971 0.81673133741462400348 -0.10237182014067715274 -0.838680504113335612 -0.53491590223267604376
6.1325745936346081066 -2.7309744455264657326 0.18871159975645140916 0.98230797779229506173 -0.0011254334541768939125 0.18726924511321901834 0.11915197790137553591 0.77522598559770161675 -0.62034464406193268182 -0.14447782849942658601 0.63168299379809178529 0.76164476786653767526
3.5228169859731872648 -1.3315216344220437428 -2.4811950111463185742 0.73076599576845857609 0.0093480304036659550571 -0.68256404370299728068 0.41794831081616762303 -0.79670663479513736949 0.43655211322283898889 -0.53972239986354464403 -0.60429392881363697132 -0.58611311082810058082
-4.0188014909948099884 5.7156205774596369196 -6.2137947104870301374 -0.83093926059055589484 -0.0061570382402244480669 -0.55632907176338131094 0.45354316742057781964 0.57165814240530321566 -0.6837437849865637407 0.32223988036104500576 -0.82046880446592651559 -0.47222071153545291944
1.5096560906839837646 -3.9106204508311734891 -5.8135971052375481349 0.98653817689802159041 -0.0031966320146837199842 -0.16349986870483379509 -0.09902329102726030452 0.78399173017613210668 -0.6128224496943482924 0.13014151281151317696 0.62076303736531301958 0.77312123116883801899
-0.4694789629522194141 7.4051574498521137713 -6.3169631076758507859 -0.99811078764652005901 -0.002622802036939097213 -0.061383845538103221084 0.010942881020298477965 0.97552523138961855231 -0.21961506386684584435 0.060457496958997540559 -0.21987188049351261143 -0.97365355606072689909
-2.4104009175176197566 -7.4807231845286548122 -4.5131615897372965307 -0.95771956603409347242 0.0099060967739574637414 -0.28753278436063850476 0.19401868337903388495 -0.71571733024512351751 -0.67089898918299029074 -0.21243818709294642888 -0.69831982102285117264 0.68353452307189754844
-6.7418177988445799897 0.13041454434452903755 -1.6986181200780694489 -0.81133632390417020908 0.00058529801625171562311 0.5845793589753831565 -0.58310462717912048269 -0.071803763839547826708 -0.80921765505996801071 0.041501364749083891059 -0.99741860666664483581 0.058598291777660828361
-2.5310306396620045888 -0.77375044783764612699 6.8249786658362729952 0.095863897979491602408 0.012735824503445776143 -0.99531297180256494972 -0.71440137037340734061 0.69716872593101852917 -0.059886973476477985134 0.69313836646999615887 0.71679394972183296808 0.075931802095220199411
6.922586693701560101 -6.0373865960939907538 -2.3952621791809800555 0.99485161033212032855 0.00059546490573344004749 0.10134060805581686371 0.081969050250390418366 0.58330011302303552689 -0.80811017376862070982 -0.059593189381262463844 0.81225650109362890205 0.5802482470551357796
5.1894935908708621497 -2.1963127371920077024 -0.85560837578171267115 -0.75888652576011883522 0.010165095540130623247 0.65114354166532562029 0.087903371846295944025 0.99232628181387261268 0.086957159793980234874 -0.6452629217906876713 0.12322832975432271296 -0.75395659059937458757
3.779483396896137215 4.0050442206604186524 2.9509157025033179167 -0.68902101705044327407 -0.0080064059153475090197 -0.72469713365456389642 -0.72101632653609815105 0.10882458955280933932 0.68431912553797502596 0.07338593142536678493 0.99402872502404160393 -0.080755178755601716989
3.3940065522725433311 -5.3965982671700922779 0.97180624089966638479 0.99760608075603607325 0.0033156470773203876312 -0.069073251863534926298 -5.2437264450441375963e-05 -0.99881333892090151672 -0.048702271445481344625 -0.06915276486795086941 0.048589304153079868054 -0.99642208658430453383
-4.7878865368335539188 -1.7485635975238797979 -4.6405900135402982087 0.93382266851809814234 0.0015007994186360803721 0.35773310073705483214 0.18134946725632039577 0.85998998002412019304 -0.4770006341546821349 -0.3083627644311679461 0.51030871230975893837 0.80280596886991362204
2.0145660011541726142 -3.2625819186230251567 -0.063237359106468160608 -0.14294164788662760968 0.012551864155576856336 0.98965152250961585523 -0.27024884704716084505 -0.96241667477847758772 -0.026827314028815142655 0.95212039468187026348 -0.27128692341236620988 0.14096155226273576755
0.88012724111920226377 6.001697414186789814 -1.9941127564320428878 -0.99935126535973672901 0.006343569336669338532 -0.035451481661167079384 -0.023906324388970154327 0.61937560832728699722 0.78473074583791435632 0.026935776916872683495 0.78506917844048296207 -0.61882214648851230354
-3.992658627151784323 -1.4976614603130851133 0.50013489521020781936 0.98677152268534173984 -0.011471670679540049015 -0.16171073801402274794 -0.099936922946997353012 -0.82846500320118243721 -0.55105203919666334578 -0.12765019956551176827 0.55992333336152289025 -0.81865211616913813319
6.5976120072456323484 0.36851728776952591415 3.8665420665502812092 0.97795298609055392181 0.010987870699462309529 -0.20853590504781754911 -0.165735641931978539 0.64836190085648637282 -0.74307371270365707439 0.1270419379183000963 0.76125298831280463485 0.63588853881377371824
2.9313163520422702568 -3.7639518331134906859 6.7947060639538392479 -0.67384696059285131842 0.0018750385975321044035 -0.73886856607236861549 0.017941897688278005824 0.9997434332456629491 -0.013825917312957621691 0.73865307283396530735 -0.02257325657632141061 -0.67370771561597231347
-2.6613424446503572973 -3.531010538458499326 -6.5229638904406987976 -0.91750397988299825514 0.0053913386707352640645 -0.3976900556543979115 -0.035815006700539400719 -0.99696575709237755802 0.069112694061314469685 -0.39611075748343205216 0.07765444386965512924 0.91491314076982099834
-4.4263467522378707741 -4.874909697278743792 -4.671066298546517892 -0.74476386077288481147 -0.0035127285180803309236 -0.6673188536412795191 -0.070095862112958221002 -0.99404247370176446186 0.083463348792063338233 -0.66363646810689147504 0.10893677622958311546 0.74008068275246174927
-5.2061132117249115936 -1.4214904799158092352 1.7915472019172651308 -0.94091857939068190841 0.0065811998718721554519 -0.33856892173605168672 0.27088899133017840803 -0.58532664594157179927 -0.76420669450555378521 -0.20320280837983423217 -0.81077087105989764648 0.54896194158371636185
-4.152932802299984516 -1.4351964834940635907 -0.65237707574734304927 -0.95013317925244866746 -0.0046892552300909530472 0.31180916049584500582 -0.22206995964903530894 0.71215487062624494019 -0.66597325266478546446 -0.2189334937947948756 -0.70200673154093506945 -0.67768331406787052362
-0.078234092276254565967 -1.5110804604164151943 -1.9542300320295824534 -0.7095796774082911984 -0.0058465532763583970971 0.70460095034270098235 -0.65679708925750635018 0.36761839116882549794 -0.658387653299487563 -0.25517496928953975477 -0.92995835191110765017 -0.26469453858906655253
-2.6104648271037196317 -6.3404320943815299927 2.6995995246170840787 0.9998453942661282845 0.017119289272848222522 0.0040146605796859682544 -0.0096958403698230895273 0.34629257446599814863 0.93807645933000483041 0.014668955119569369178 -0.93797035283877927547 0.34640502154444158256
-6.398404664940319897 -6.9013830816435390858 7.4904243648262642807 -0.96657632301680518339 -0.005991357291878249107 0.25630902329251720184 0.25463028481902572064 0.094133573401556161486 0.96244599246488238276 -0.029893642072582410352 0.99554154810153572264 -0.089461702237226381484
-4.7506735874041998713 2.5639381664715377163 -6.2539701694364442375 0.86930965633587198305 0.0031932045006889051009 -0.49425754910392594166 0.042876851692097747715 -0.99669666945659529667 0.068973362127221993223 -0.49240460699533089572 -0.081151417357738439562 -0.86657495375230986223
0.62804275910440221509 1.0494277555706292837 -1.1404492356187030389 0.98044721734311224282 0.0029843697683650145802 0.19675961867500058045 0.14251500061629157612 -0.70025118660587204467 -0.69952680453021776064 0.1356935098057156508 0.71389030613534099068 -0.68698464480838361546
1.1585448905155557586 -3.9524794534591536355 -6.8207481087411085952 0.99781365323888804308 0.0046624410587468769623 0.065925526568765380198 -0.037472540919060812192 0.86158354825297378543 0.50623077549355199878 -0.054440077948713749834 -0.50759437646913940778 0.85987454136623719947
4.2281615778579526577 0.45500746671316044667 6.244518507651817707 -0.9996456703796144927 -0.0065298725301164237816 0.02580493084546908733 -0.0049238212830076512685 -0.90735117115707297764 -0.42034463025453938645 0.026158931078552900146 -0.42032274856900558868 0.90699751783576298969
0.40364347197295941116 -3.8140815645345900187 4.7394847119272744962 0.96012768823598115819 0.01308349132810188338 0.27925551836509038273 0.27946283610310213019 -0.018336079969662241046 -0.95998141201207121131 -0.0074394569624926590312 0.99974627302434337928 -0.021261327665233812484
-4.0986128891207620484 3.4017546596486494259 -5.8228665033865842915 -0.97904880706328956119 -0.0053253953113195987012 0.20355606980097687431 0.022324657798177407336 0.99082463395834374786 0.13329724076484186779 -0.20239822885150693388 0.13504882415674979157 -0.96994678825778202214
0.46638012041893067705 3.3089918976962313657 7.333706682270602073 -0.72457979814166095789 -0.0098594760380222596502 -0.68912038633121064368 -0.024304377945103608494 0.99964127170184580162 0.011252782901575213159 0.68876223280443971131 0.024902181482372852395 -0.72455949929569352097
7.044413971131541885 -2.5969728884901508437 -7.2839595228130855631 0.97126798926473334461 -0.0057766848152679736023 -0.23791831149011447022 0.060831046637381577802 0.97252247187255580485 0.22472121721848756226 0.23008276075091130264 -0.23273734469505033551 0.94493134755372554245
4.4595740029829471496 -3.1807221542125905245 7.4143823291298218692 0.74716406368217536116 0.0065355871502873292764 0.66460751428390840712 0.30131452799064961656 -0.89462017843677343887 -0.32994589186020850669 0.59241490288793496877 0.44677961282299055723 -0.67039731533021196253
-2.9630934181663071136 5.6312722289771270923 -2.3700223608020163368 0.57028978944312236354 0.0016851361961948299693 0.82144185209482800669 0.20063799424579231712 -0.96999588459098007309 -0.13730396622695179021 0.79656384007936542613 0.2431154955831159592 -0.55351685113046700248
1.9952571242640739779 5.5832655711947900556 -2.79835304142778174 0.97225026105291056933 0.0019231587416025982401 0.23393531444180168388 -0.18592445489478870435 0.613279136204930575 0.76767232473745516952 -0.141991291826670335 -0.78986391394717758718 0.59661836251423383537
5.2680272783810631054 6.1340959157984196182 -6.2225300460191039775 0.99975934142657219006 -0.0019206405099187291372 0.021853383497443583383 0.020474973046147496025 0.43934216291870104021 -0.89808643201015492252 -0.0078762115901434351373 0.89831774724867063942 0.43927575652317335519
6.4788431965445631988 -4.1400251553473266242 -5.3379521566244081399 0.94084423684237561414 0.0002720048533583719827 0.33883926574972017542 -0.06421110011798752959 -0.98173668752502252222 0.17908101794751898894 0.33269964926654782555 -0.19024458568071792031 -0.92364383882372969037
-1.5306491400148465321 -4.4476245854922691336 -7.0704052444347027517 0.80148448639548741657 -0.0054464493769466543541 0.59799076435719566991 0.31590164720572089241 -0.84519776365894905279 -0.43109962839076132468 0.5077684190259027508 0.53442593172035590676 -0.6756923531792035087
-2.5769320845900121064 -1.5667049175593061872 -2.6317162395458120194 -0.94214459268323591523 -0.004061531174727752401 0.33518214517204081293 -0.25109042607911569167 0.67100289409280367003 -0.69764512042328352681 -0.22207468205317379417 -0.74144360546406806733 -0.63320155993759219548
-2.2348763053438527315 -2.2552363330568852007 0.93637713910511821691 0.99436548901412924462 -0.00060354166809969099494 -0.10600429234291873504 0.10572261015529069161 0.078718492092783420855 0.99127500155333936327 0.0077462222805881105619 -0.99689670214119630032 0.078338759884792982802
-2.3290584658551067854 6.7340933017688682227 -5.5898798698191516365 0.92918116389003502231 -0.0050877122760951860869 0.36958961004848539522 0.052117660772268599445 -0.98811220486504247607 -0.14463063310541904305 0.36593184352781388258 0.15365020592444222913 -0.91787008890794030691
-6.7696811448628357866 1.5927727912417013467 -3.9432929346486971234 -0.58426960055941035144 -0.0049030094989345029272 0.81154481968644442968 0.64792405681911102722 -0.60497565009202181052 0.46281624797588338804 0.48869566240864614759 0.79622887619916837831 0.35664565923263558123
4.0397249576101570412 -3.2252654128589388627 -2.6573956919833632284 -0.75548251937521115895 -0.00053097091457368747382 -0.65516858974496472445 -0.48588491851504295171 0.67127638772946873758 0.55973552436543561051 0.4395020009944564654 0.74120694097316164317 -0.50739556735849022928
-4.1192929808148530668 6.9222371456139137891 6.6860761929112255686 0.98870262575404244121 -0.00075185277808566773877 0.14988846701643879222 0.14571412156548357864 0.23922711702745994011 -0.95996759385669239162 -0.035135631537636290156 0.97096334698908082217 0.23663403432367757784
1.8917516225840835808 1.1696721826789941989 -5.4078615704076922199 0.82513038758552048613 0.0042538305542237624807 -0.56492632122132369066 -0.56277023885199828346 0.093792772369012789024 -0.82127496863951754413 0.049492441296594677502 0.99558265391523670385 0.079785195854583573771
-2.8425512268783972303 2.784203714165951915 1.9281362738009784064 0.99581693582605945725 -0.0018340288722962956591 -0.091352431057133740011 -0.071918936631926139169 0.60095481436127518027 -0.79604081406027704659 0.056358645083892280891 0.79928089395037382747 0.5983090804009332242
5.7869815108552531413 -1.6206459038141909357 3.3700957809162073175 -0.99247481501559697836 0.0045846138054359813346 0.12236307807461904718 0.1211836839506502117 -0.1065082440491431498 0.98689944203740043172 0.017557229388713860296 0.99430124975572042878 0.10515116941983940202
2.4012951584028261465 -0.3534886616623431066 -6.8939751265082911402 0.99807524861491647705 -0.0044369976408690911182 0.061855566881515111621 0.054100601071432663502 -0.42526714939190968234 -0.90344948758179766113 0.030313743846817946259 0.9050569952770772808 -0.42420857161769970345
2.8338431497150970984 6.91114191509000797 -4.180194216098591653 -0.88813964848014637088 -0.0090143816221302103253 0.45948526170240677757 0.24539933575821609724 -0.85464177443464039996 0.45756595524659005036 0.38857062524995672481 0.51913984466158935582 0.76125336838507806636
0.93138834883046617286 1.8806291660094738294 5.6830456135200773105 -0.35888786866583355373 -0.00037711357199427149312 -0.93338060592118998748 0.80419289637382029845 0.50747725631465223639 -0.3094198114944284872 0.47378611540057075091 -0.86166506956517230353 -0.18182415885943359335
5.5986193243446242818 4.3818613895740270436 -6.0229488020238459711 -0.89432039773199201171 -0.00059366097969761272637 0.44742672446678655174 0.43979013966201579988 0.1828062180008818427 0.8792988796286449471 -0.082314392766650493205 0.98314878539662420298 -0.1632262433452913164
3.4434328217671539285 0.9227720854675037776 1.0630266182507979167 0.97323144768341340871 0.0023155051295357300528 0.22981555142324716634 -0.22976461272436835004 0.03314049710268400506 0.97268182371804023933 -0.0053639518639019287752 -0.99944802060336890293 0.032785395111529169743
-7.0039457308048618245 -5.587146741991294796 -6.5069390686306833871 -0.99989611027235036911 0.0083308302243265495296 0.011762904832516669559 -0.013157498863178638052 -0.86077392168837529862 -0.50881738960549105499 0.0058863304351352806199 -0.50891929911234123907 0.86079410900920905192
7.2566733388912556535 5.3413040667640494519 -5.6778833456442256988 0.91256133795304594791 -0.0019455580400737932517 0.40893522626107986495 -0.17071408592771578072 0.90687479066592102672 0.3852723905505350821 -0.37160261750850570595 -0.42139569155200617967 0.82724673816360638767
0.84024670123527789301 -6.0299360467544511621 -6.0927200388307820589 -0.97339992170384337378 0.0094522278679501914311 -0.22891755680875763845 0.068691048734916923535 0.96522565656388803479 -0.25223197999930335733 0.21857294491916789969 -0.26124717663352337027 -0.94019986197105787085
2.3170958349227497308 -2.9350981097795991737 -5.8417022600974126689 0.54370545325095298583 0.0079696501106925107111 -0.8392382646080912556 0.21104791835171624048 -0.9691212527322830006 0.12752558042139855443 -0.81230730408184204094 -0.24645584225077749041 -0.52859848803781450677
1.5488987020275086781 -4.761671044567994393 -7.4893103863554282285 0.99241036842310648147 0.00058888816126110524879 0.1229687515474184728 -0.12276513421839875539 0.062465752676306426916 0.99046794575241969838 -0.0070980607736646382164 -0.99804693424373291943 0.062063955561437809949
-3.4623458393011405931 3.9911023444482207623 -2.7989181791536168475 0.97059068400423686995 -0.014638014336571995508 0.24029035074340276967 -0.22789162299801571376 0.26581013995216978829 0.93670186167531188648 -0.077583067040552053384 -0.96391425865320856659 0.25465696470684889841
-0.9046746244339323173 -0.61941252251615985802 -0.52620068986447166015 0.7900603080038199888 0.0044141768700568049383 -0.61301323375548610883 -0.13084606520403196939 -0.97571619396697684135 -0.1756622214687467709 -0.59890234340623837994 0.21899411835314444574 -0.77029705905527567911
7.0630308885924231177 4.9240645236648301619 -4.5685707644551429851 -0.98628803170010537205 -0.0011175999793260667919 -0.16502929889945566755 -0.06846667176662489529 0.91263244205022364675 0.40300662596858144449 0.15016069186764330334 0.40877961872831114487 -0.90019497328634334732
3.8933024097720618784 1.0758345734812138073 -0.59164193040253343359 -0.99983139206827442713 0.0004141740125009523224 -0.018357992666725626157 0.015176364523166403775 0.58146196019471840799 -0.8134320296166862585 0.010337571993598561326 -0.81357348611323165866 -0.58137020675203732178
-2.9466578789356923096 -6.4404664310445705055 -5.2461401862691205977 -0.91468209838121583566 0.0069494483119912778615 -0.40411429579908947352 0.22804211374901683929 0.83437764310573081517 -0.50180747607264242216 0.33369664855659553204 -0.55114939340766777587 -0.76477506032065567521
1.8934526415783217157 -7.1502255821875753128 -0.11680558463733739516 0.95963676156121291427 -0.014533309624907033569 -0.28086663876600831413 -0.27994342316092779566 0.046511511935554777919 -0.95888912762960698544 0.02699936460905197691 0.99881202544261893372 0.040565652242911150183
-0.3869969320127721879 -5.3473901840755448944 -0.50972613504332608958 -0.88822645719090520533 -0.01178612070383739524 -0.45925466584996960107 -0.39628441485781207287 -0.48606011698940687626 0.77891220635779956361 -0.23240572989279842386 0.8738458960429521527 0.42706079974865318594
-5.9469683699005111421 0.69950489217675115849 -0.83361639147232580171 0.99619150454617810819 -0.0052872434829574054688 -0.087031783426193665143 -0.076378301052907021651 -0.53438311454572140491 -0.84178443916276868286 -0.042057596201728504604 0.84522584670883216251 -0.53275174955788440201
5.2387362403448101134 -6.5038008051363540574 6.1050900365843459028 -0.98726238647583963726 -0.0010593704400438806908 -0.15909700809342255945 0.15906080021203511388 0.015775414597483463502 -0.98714274455629535954 0.0035555711075570986361 -0.99987499920166256206 -0.015405969153213098718
-1.4911676254956534038 2.960000641410282185 7.3233274055017449911 0.56512791131989981164 -0.015145546074357859462 -0.8248642653681117487 -0.06582582860222863097 0.99581603894324199899 -0.06338278056568612262 0.8223730322281709304 0.09011675214696093783 0.56176647002688795407
6.7889348607191735141 -1.1967804874401559712 1.6450517030830937859 0.98574814108097064125 0.022748725271997248532 0.16668262613084131041 0.16460977691980280269 0.073952985636125206925 -0.98358252183428873661 -0.034701926427579965484 0.99700223240167851202 0.069154355525979760433
-6.4359175875509073705 6.2673399237281586238 -2.4029943986015545043 0.99995070131930396951 0.0016857947599841439836 -0.0097853475713720119988 -0.00089569344248883390851 0.99677896019875134037 0.080192906409808750734 0.0098890173587759047646 -0.080180188333654284216 0.99673133026635984955
-7.0595235847489892222 5.4153613811082879081 0.63368219482019882971 0.99167803772693474684 -0.0022363490254443847693 0.1287232233634833245 0.12769501593416449081 -0.1102078815261920558 -0.9856714491934291944 0.016390619134904436949 0.993906042638065923 -0.10900516506948144946
-6.3899876620025528595 -2.9885632068977110443 3.3341653459575524288 0.8906309753151107067 0.0076499403676123806789 0.45466245085952788907 -0.44901455818679497645 -0.14318913142466335731 0.88197664321572177837 0.071849790156182438694 -0.98966577744929284943 -0.12409374118098856488
2.0019113656176807936 -2.1639335915391004761 -2.270338751774861219 0.95144878868800453198 0.0075349263702512601568 -0.30771484752718070155 -0.048179360311638073922 0.99102369326889294676 -0.12470280117024871991 0.30401307824510137578 0.13347383363161924308 0.94327132045437311891
6.7479101244213932631 4.6072504801504292615 2.5313156506530587464 -0.90615758725314710098 -0.0045892104990868202996 0.42291531801352649778 -0.15629620188687559645 -0.92552385887066890291 -0.34493054943986095617 0.39300117600238521076 -0.37866149237570539965 0.83795319072880802835
-0.70072387581775485987 -2.6907083866361660718 -0.033509939589072113009 0.97398944998690262231 0.0074299046274854344679 -0.22647151660030867548 -0.22468241823766582632 -0.097860743207361822193 -0.96950558836642519722 -0.02936600498714045035 0.99517238278399811069 -0.093645962512790614785
-3.3296254804601312927 -4.0900615713472801005 4.8327547511196469188 0.98210083602445596984 0.001817727049532676456 -0.18834713628937307939 -0.06552222407909343016 -0.9342044078328922696 -0.35066930652293964998 -0.17659214600815370533 0.35673354237282928203 -0.91736382843139940846
0.35269230834196230173 3.2457440568724305052 -1.902261778554772409 -0.99835732920297159954 -0.011528970685255660739 0.056122420312195150927 0.057100293944588834116 -0.11965874119812872078 0.99117170161703416209 -0.004711651324429381657 0.99274813950459195322 0.12012048889330341483
6.4127188543687685396 -2.4385577005060516953 6.7917946880785873276 -0.99006661001370233066 0.0021417077608856332181 0.1405827899272467929 -0.14056773151612053652 -0.036199120191480471664 -0.98940908453159892577 0.0029699481944154173911 -0.99934230210942243122 0.036140595214988642525
1.5607400153164525669 -3.0641859930227313136 -7.3856413017404491939 0.98617719175519114039 -0.0016963450288121208025 -0.16568545161083780837 0.1541897531592913706 -0.3567031931084245211 0.9214056392528070516 -0.060663551516894662075 -0.93421622467167764192 -0.35151099424852561004
-4.4529035148518012477 -5.0655089973304381346 5.2789916314208253922 -0.99735951088368091089 0.001019679556161452727 0.072615193337079983471 -0.05537035398191364477 0.63631534310197623849 -0.76943934655881940365 -0.046990743234130577521 -0.77142837929809149333 -0.63457869934603294837
0.64584364313174369432 6.8869440799088383898 1.8717308243646635368 0.99966871844378157874 -0.016063815215154639282 -0.020109878309279845959 -0.0050823279782229446866 -0.88914156196937688126 0.45760403486102912973 -0.025231395268601821552 -0.45735023408714714499 -0.88892864734661081183
-6.0469152955009235484 -4.2164659020663348699 5.0103203679025432038 0.98702417186054847154 -0.003135121552299806845 -0.16054113234947262057 0.11503601092026244368 0.7113476613916575042 0.69336225800382533802 0.11202678409533897708 -0.70283331995966080719 0.7024779882671198239
-1.6673901369596153543 -0.47720389515869227059 1.8014227696017268698 -0.96944224444054571954 -0.0087610429321692794014 -0.24516316774891813712 -0.013813992668644494571 0.99972597185314648893 0.018898539858396345981 0.24493041522138003785 0.021707725098871630265 -0.96929761496180566471
-4.7806808455931255608 -6.2067705972591928898 2.4154700379074052208 -0.90698304509977822896 0.0028601937694606224122 0.42115742329107691555 -0.35994532035428211669 -0.52447687875495851983 -0.77159793286816047431 0.21868041123202763831 -0.85141988639149723817 0.47672114994029129997
-1.5697622517328044811 -3.3523068390286376861 -7.1729370734914130736 0.84492618400820118651 0.0066588297319507671473 0.53484147517173030728 -0.43938387962071545623 0.5788653571858691782 0.68691826630213581595 -0.30502712978808926847 -0.81539595181525803547 0.49202427974300999569
-1.8761862722700124451 -0.56958440398676946081 -3.1055708468906413344 -0.84693850161742445515 -0.0012819738442596680886 0.53168931813713460333 0.043491986117587748406 0.99647887744682761557 0.071681894128655249121 -0.52990906920104219324 0.083834380449690076853 -0.84390057176954957896
2.7278930571074941902 2.3606145390065789158 -3.3947936652404004931 -0.94057313679332166245 0.0044146089751937534276 -0.33956249140670813347 -0.29663403991694781148 0.47609646333755217817 0.82785288787320032711 0.16531914802984543078 0.87938198118060828534 -0.44649402064265419909
5.4020576621193097111 6.444968213314544947 -1.803802268734670422 -0.7743088693041918491 0.00091841682609357291195 0.63280718345123565527 0.61876036534107059506 0.21063270348957474631 0.75681535033557811865 -0.13259481588596738755 0.97756484221309825067 -0.16366305040839509988
7.1725469529384104916 6.4974403253595136576 -6.9293419872460910724 0.98929679217793464741 0.0037714874976319061849 0.14586854653534092607 -0.096005837116221598437 -0.73598893545096888413 0.67015159936635249061 0.10988510465883088996 -0.67698305944518122335 -0.72774940810582600115
6.1912975647308545746 -3.185516596426479552 -5.92478848359192245 -0.99791489492100582392 0.008041744295081859964 0.064040556239828697049 0.050813103763823273817 -0.51392005582697053434 0.85633183095377674032 0.039798127854210905985 0.8578003885331237921 0.51243985252098056549
2.3876270425899259742 1.7342682615690789838 4.8618995857189784005 0.92321902677676914717 0.010735530891303106046 0.38412416869266069464 0.29285286210248212546 0.62755818253733242074 -0.72139304729736841715 -0.24880480251750564102 0.77849564925373682112 0.5762297235801983053
-6.4910740668463722258 4.2170440092148417932 -3.467128377768525116 -0.97815635470499628923 -0.0038515698475410620714 -0.20783481700586109442 0.17221760735330210457 -0.57493044895457079413 -0.79987253645961386983 -0.11640979970628642648 -0.81819321940146327865 0.56303518030197297062
-7.176191357577183183 5.8135514629918771945 6.0852409308884070072 -0.7847991015979570717 0.00047067612166530950479 -0.61975006945957888949 0.1000800449613719334 0.98697121633882667346 -0.12598334302303923482 0.61161618252926619466 -0.16089622923715307667 -0.77462122917315290316
-3.2046310336589880485 5.7949634635630005164 7.0580265301999629557 0.92969814452429533347 -0.0033672223143021758757 0.36830696692028319639 -0.33495495813088455028 0.40816042423616361035 0.84924098117720725476 -0.15318791104937018455 -0.91290400913860203502 0.3783381212713762265
-0.68888977609920298839 4.0080349373937176338 2.6608725240904180787 0.99862738905611259099 -0.0040687365186305056095 -0.052218609806676537233 0.0037391164830752527705 0.99997247500375496809 -0.0064084508774735898795 0.052243246787756242311 0.0062044031030521898731 0.99861511532087043896
2.5188916897414839191 -6.6877386845545920835 -3.8540728945346898193 -0.98415381890635733608 0.005108853043430347865 -0.17724322371462347681 -0.16453149390701299337 0.34637471642226019819 0.92355505701397389018 0.066110878415704052435 0.93808232871315999635 -0.34004543271611858968
3.7996137732850394642 -7.304520154478147731 -6.9218926312385145039 0.97857177794766070367 -0.0024116464218332024118 0.20589186328237804591 0.20527424454043197155 0.089694781928041436569 -0.97458572256280540103 -0.016117069607309193746 0.99596637998291825955 0.088267831121350864843
-5.6711865310880558155 1.195952370552686439 -1.9766761073067540266 0.99960120079263803383 0.0022388150393703549687 0.02815008136522504853 -0.028238959346012920681 0.080076299242623646957 0.99638865282307997884 -2.3424438150226141106e-05 -0.99678622282151141398 0.080107586684824483303
-7.163023276914574744 -1.5399507245611203654 -1.8666345388907512604 -0.9084260570988974548 0.0073800812368983708528 0.41798042201120416683 -0.37360492810652506934 0.43427422914398644549 -0.81964946873397748206 -0.18756720523125816613 -0.9007504806007076148 -0.3917487909609662089
-2.7572409315924009121 -5.4626181056133038538 -5.7209402964845228468 -0.8171803940520451226 -0.0091723123296630522383 -0.5763090076195735989 -0.16445244289749993971 0.96202175702322578754 0.21787503996349491531 0.55242338618307706977 0.27281863517830351462 -0.78765372766047281328
-4.7491022804569826832 5.0444999157290268954 -3.4728789631165311036 -0.88397824174433536903 0.011731632352096090649 -0.46738082644141215605 0.3921830901904610478 -0.52559359315276621416 -0.7549462223267756622 -0.25450911946596083135 -0.85065489103348068678 0.46001235251841227081
6.0795758833074593497 -7.0210959262747234533 -5.3437171403194714259 -0.94706694633898746982 -0.0059120863556092542734 -0.32098169166970780264 0.28277658653545506562 0.45799975723072744449 -0.84277732793659443367 0.15199210920156180915 -0.88893265752332795149 -0.43208463190559692757
-3.6224637794578811167 -6.6131664868081614372 6.0097716324108585439 0.89668255022595744208 -0.0085351693225427169298 0.44259186052720217441 -0.066816725469325238818 -0.99096890012561000827 0.11625903913898168185 0.43760247864679718832 -0.13381999054176196839 -0.88915481262462869871
-1.2372518543193917751 -0.24522689899057359408 3.0273255142547026431 0.9999480206926569803 -0.0073732693249193865387 0.0070420744373398420218 0.0092813630155674578526 0.94416147310767395417 -0.32935234779766481283 -0.0042204518113803102253 0.32940058833994639853 0.94418083023743293314
1.5212753301974464293 0.30277833332414022527 6.3361226406008137602 -0.99531876762483029175 0.0078589242903978687171 -0.09632646636692800135 0.044604760461245521186 0.92154323404423732491 -0.38570517643852819667 0.085737775559797654856 -0.38819621983767838014 -0.91757982145730698775
-6.7229141125341289609 6.1838094175479607628 3.0235489626640688066 -0.95200165268681391506 0.01098356813326618539 0.30589575759165243962 0.249563813023786496 0.60648897647734578698 0.75490994472215910971 -0.17723080011818348467 0.7950160266576151713 -0.58011960908674098381
-4.9059164718664680649 4.0573527719220194854 -0.72891909613641314714 0.95719466370835426527 0.0033798540706140162149 -0.28942521029583456738 -0.18130412756614142089 0.78646148752216216149 -0.59042962491045036799 0.22562621544451533229 0.61763007150791138233 0.75340952056191468067
-6.9583980656361736905 -3.4259214362138692422 -2.9562901409974045031 0.99813044770490888524 -0.0093289637866691144108 0.060403475059023117866 0.00098877561109598187394 0.9906180344264748916 0.13665625559035013414 -0.061111632995106579536 -0.13634104409112404732 0.98877524645848291485
