1125 14.717824617146108679 14.977075390850430381 15.033177056927090831
5.1616537215281974582 5.0158346756786045262 1.4707685670917924892 0.99095132301289279297 -0.0093151633357306320993 0.13389810734657692226 0.059439515044435752011 0.92489196493235770191 -0.37555531850169693309 -0.1203429244710294832 0.38011587829987569798 0.91707660508489485807
-1.9603354477507315412 2.2652498597238288625 -4.1300678310727079179 -0.73524250220069475859 -0.012703533932483615856 0.67768509145713951014 -0.33893130177036390194 -0.85895777158854447197 -0.38381912316593441714 0.58697873525190602528 -0.51188882274700742148 0.62723663597470058484
-0.34020880291999555656 6.0359706694874368793 -7.1728333142709068682 0.96350300836856916931 0.0069736201155957315903 -0.26760665441476244597 -0.26726535938786455393 0.081837594083076073415 -0.96014157074149442117 0.015204622186416945351 0.99662128053598841859 0.080714575183128606239
-0.24583680980970154528 2.5635568677954441164 6.115438667098140435 -0.99889875464142940942 0.0074242831660152721132 0.046326644550141238277 0.002638521965354109159 -0.97694882869705002015 0.21345731261606376572 0.046843528663444142235 0.21334447761042898972 0.97585337919970460696
0.26330490091109470807 -1.7233123733838071612 -2.9178882498074223406 -0.9146496880935065521 0.013155670017594064611 0.40403326152298130181 -0.0017253095114475140714 0.99933417348498487787 -0.036444931228391826139 -0.40424370295351735871 -0.03403142740963557844 -0.91401799247657911085
-2.9223424562506536972 -6.2823543446997147655 0.4302637100536311765 0.61901556895257781044 0.00037033570977934235358 0.78537862731667840155 0.28163231705018826334 0.93338874016469786099 -0.22241559686016942887 -0.73314593594130639254 0.35886671980722689712 0.57767786354298378271
5.5963488790312831966 -0.0039773669125020005843 -2.6897336792217214629 0.72498750936673406198 0.0062540891938675929884 -0.68873361877473848747 -0.19453783954101877551 -0.95738440696888271741 -0.21347160532399950261 -0.66071789763025134956 0.288748997680131958 -0.69287507971487904967
-3.9075694360604487088 -3.863069515490247241 6.17184061106000037 -0.81766982234021290399 -0.0099683410927392818862 -0.57560115862471972203 0.43277967705286418676 -0.6699799647209873088 -0.6031820604117055229 -0.37962851942947067885 -0.74231225171639392268 0.55213649416368337786
0.1190732954792529108 3.1117021540825842152 0.29626705839216699312 0.99889151683442145568 -0.014851170988585812513 -0.044667441347897421378 -0.04700589945710567652 -0.26458469986326788037 -0.96321616577723745412 0.0024865664142427329475 0.96424809012955570164 -0.26498950482788752314
-4.844004384636424021 5.1293358029808127085 -1.1057744033277256968 -0.94905724729269880235 -0.001934299835498603029 0.31509776236169628749 0.20348607346174710231 0.75975121084737251564 0.61755284431631274344 -0.24059043885482075953 0.65021100890418626062 -0.72065378971568161415
-2.3405361339856458613 4.1618614506825695187 -6.301192806783155298 -0.95668901501172720625 -0.0044660266647031394288 -0.29107762394547970208 -0.091215721531074780981 -0.94493192388477187382 0.31429818861880276515 -0.27645220328563729906 0.32723647997939708798 0.90359861966983945347
-6.7448260670362056857 2.2818276651446969261 0.81313707248520727955 0.98481267931753757594 0.013355726776004404888 0.17310578042827814982 -0.16943438452166692532 -0.14368259409986888775 0.97501143659671163366 0.037894273936252019508 -0.98953369660403311947 -0.13923752112067369624
2.2675775951556800258 5.6193632540103193307 1.9257865774180995544 -0.96473386257025850465 -0.00885416235334103921 0.2630782739401200665 -0.15976855991609684171 -0.77458588853620569115 -0.61195645967919065633 0.20919508042166029549 -0.63240675604371110463 0.74585461937145602906
-4.3390271062187002471 6.1957113474970268996 -7.4009741200714369569 0.92567402133928144981 -0.0023272084841307475248 -0.37831493536256094457 0.090584947865433210201 0.9722565239377469748 0.21566552548071213358 0.3673172653686429534 -0.23390561293256484365 0.90020341634594280844
-0.28705006974529168051 -2.9580470405174734694 -3.0691586920620248513 0.97054719955023793787 0.0038239856384436670886 -0.24088069781332202557 0.16359053777925733342 0.72353885315043875437 0.67061886636956624663 0.17685098075573954524 -0.69027306561647949756 0.70160303982390392896
-5.080316308572697892 5.3180320274314745177 7.1306106689707382529 0.95606599566773620147 0.0047128727903843238567 -0.29311363113639188338 -0.25793511972431948376 0.48867754389981665764 -0.833464895541941031 0.13931003531932717454 0.87245174475034903416 0.46842359797646937469
0.66636334540023778317 -2.048908815540129158 5.9150566905226451553 -0.98805298726643531193 -0.0018544950241537732239 0.1541033912737640732 -0.010278985618332412214 -0.99690803989181508982 -0.077901877087315052339 0.15377137837883786409 -0.07855520891244799353 0.9849789045173812374
-6.3173802837231303187 -3.1639350541130082384 5.5849544034434952522 -0.9805619016714981484 0.012190972848675799348 0.19583088921660693482 0.050838957626889197394 0.97976895032056976476 0.19356705395118201096 -0.18950925406899338244 0.19976031680217920528 -0.96134388147711158368
-0.54919360936516969929 -6.4194868733601939681 6.5502465729156034158 -0.93797373542837692018 0.0082892486398663898367 -0.34660721285530504687 0.11722288571545808056 -0.93325744967232782123 -0.33954282159348242454 -0.32628831837947969152 -0.35911254640866280274 0.87439928653960719007
-6.2932482985894298011 4.4510313758068296153 -5.6483862488259015677 0.96803873000595375142 -0.0016632220211525213655 -0.25079523699792899416 -0.18618907868140185946 0.66520017784071383549 -0.72307838467232687929 0.16803167614503000671 0.74666321530744605983 0.64362986158114010582
-6.8912708814635692534 -5.7114495870347541384 -3.0064070181094351142 0.58989279232823221832 -0.00074818036280121895387 -0.80748122813187628299 -0.75490289438488877849 -0.3554600084010370864 -0.55115315700519995623 -0.28661492216647282971 0.93469119106453923962 -0.21024810043809311066
-5.7587534545455492108 -6.0996105654448093958 5.0039496022331340086 -0.97752398272468232765 -0.0049317555803001650316 0.21076655565968810402 -0.11956198502040742138 -0.81044371564008865771 -0.57348575877476803964 0.17364272209257713975 -0.58579575072409084679 0.7916385181999179288
2.2425952824042258982 -2.4377132177221900733 -2.5065195793679038161 -0.89951830991514558633 -0.0063543869285513747414 -0.43683684814155326892 0.3151744312373377932 0.68299017210686574497 -0.65893057502264418268 0.30254237392758054348 -0.7303999223522784634 -0.61235942501611384525
1.5286140362509301749 6.3545636687786428709 -3.0184733588379435432 -0.99455303069960365736 0.00025742240960970053099 -0.10423148689356039054 -0.018634328835516991013 0.98344735644506842132 0.18023334566625612285 0.10255257634593374638 0.18119390396731374637 -0.97808575199209668583
-2.3505660767318663495 -3.3295081069119896178 -2.6854836767331398129 -0.59754183202679145293 0.022165804018840967737 -0.80153130700564645394 -0.089875271598809258755 -0.99517016812985781282 0.039481286951977757893 -0.7967849110852627259 0.095629564448231160756 0.59664796309917300654
1.4048792700815806445 4.2237398087844981731 3.789865028870027075 -0.99450972514255653323 -0.0051100058922065975942 0.10451934957967459749 -0.011551986589589072207 0.99806343878770287237 -0.061122203503301372751 -0.10400460664130997679 -0.061994031930843088163 -0.99264282690314098456
-3.6617023948894691365 -6.7981756951082816798 5.0274047733101498991 0.96616865347106983819 -0.0082604969193552698487 0.2577787757762656784 0.23406597358453198887 0.44782287961968247902 -0.86294135866763399534 -0.10831090923808980864 0.89408413064978375928 0.43460592984937429506
7.1058580020672668098 -5.4573752856109596365 -4.3918462386708227996 -0.95627324121534340584 -0.0027176562060867502472 -0.29246213854127767195 -0.17036610895983375635 -0.80762082850554339775 0.5645564509257527952 -0.23773278497778932428 0.58969586373725102479 0.77184319083479224766
-5.3976815260386112882 2.6644007286968514059 5.7242361198126197053 0.55095935441542764899 0.0039441179596442586114 0.83452275805746412018 0.28571006564333706335 -0.94044998161396919922 -0.18418357818304381679 0.78410047071294208809 0.33990921731513651372 -0.51927658893114736482
3.5762454971382031665 7.211349791463571357 -3.3765945071676410905 -0.99957161747358780346 0.0014942108014958247267 -0.029229246915086559006 -0.029153255041227128797 -0.13895551067382197474 0.98986941248516668868 -0.0025824913635329087638 0.99029749741555417319 0.13893954566972066544
5.7060399520942004514 5.1437902893437978946 2.7872001469144986885 0.93049716229821677338 -0.0023216033575289693122 -0.36629174316756202279 0.29546420616061058739 0.59581543032350348099 0.74679640857887041872 0.21650850752980083103 -0.8031180381153222303 0.55509051786250063198
1.2723984041017659674 6.3568813173297504804 -0.23982901726762137495 0.98254595289889790077 -0.016634764803860051241 -0.18527475554467914831 -0.13579750294744824535 0.61655057609840202559 -0.77551558675894083361 0.12713177665505651093 0.78713955034206561923 0.60353031378042587551
3.4304980071441897316 7.2317596157876220531 -6.7313826594015875315 0.25991231444704399056 -0.0055661970249538299596 0.96561617957111323118 0.96319016482411845548 -0.069578649174348736195 -0.25966038967304111429 0.06863159028395077188 0.9975609400081136835 -0.012723041513188964452
3.1268153709680670538 -1.3501481618276818253 -2.3272712994344120219 0.96941503232181980287 -0.003634245167799852929 -0.24540025951628877121 -0.19711368558918157534 -0.60724693651106664838 -0.76967353667082061275 -0.1462213734788262165 0.79450484602676507695 -0.58939066804453521531
0.39535824603671293476 2.9246925166884802927 -4.9257704551782106606 0.8269185111668390098 -0.011035530411920039737 0.56221347632208928946 0.19228077359304227012 0.94508959875652953642 -0.26426076974969103794 -0.52842585099148065009 0.32662496443285865544 0.78363400424766049834
7.1891330744069490422 -7.0697570864711458682 -4.269777477958475842 -0.8628705665598122021 -0.0034155762447698901491 0.50541341415070717424 0.44787406529007112166 0.45825200873179405825 0.76773297319690225748 -0.23422896278014548876 0.88881574599693058403 -0.39388242238354848057
2.8692351947166336856 -5.9444897029732421956 4.4824034401840719966 0.85515442430252874839 0.0013233206003794013676 0.51837164218193954035 -0.20528322083790254138 0.91910590261927216371 0.33630810131884891767 -0.47599339264130474669 -0.39400836106979775231 0.7862491345425082212
-5.4587887210311327735 7.0380318774955776817 -5.6182708542454440348 -0.97832110402502137081 -0.00075983142226569494113 -0.20709234673306706198 0.10572991250548141595 0.85801485198773630447 -0.50262480974391210431 0.17807021935400471624 -0.51362431447972545229 -0.83933370035669807585
-1.883131001837294205 5.4834851319442261541 -2.6062381892527262117 -0.93476011478866027904 -0.0060184636772202546387 -0.35522852629715462314 -0.34971041923265383522 0.19192675895526170593 0.91698786353867112187 0.062659001591505864015 0.98139079743581580928 -0.18151019868778484057
1.2848105312949102963 2.1843127751046553797 -1.4574904270488657776 -0.96329508897447424509 -0.0092804411583890990961 -0.26828426150207840273 -0.0040764401317297388472 -0.99878129611096955198 0.049186432831305748614 -0.26841377422495710237 0.048474693920883549225 0.96208328634045447991
3.0351231091288179975 -1.1635767621661592397 6.6006512673120099066 0.82238949722889542748 0.0082874731847898536197 -0.56886451166856455419 -0.42366838440249549036 -0.65842705495541975491 -0.62207629223460136902 -0.37971122567734100217 0.75259891781134224953 -0.53797235431170353781
4.9030214982952822211 -7.3192711964740180264 -2.0906849961924844905 0.93108535292079275258 0.0012300466068750448394 -0.36479933190958163669 -0.36295569472395289301 0.10358887581623578422 -0.92603051163263427892 0.036650092002303499839 0.99461944068704244426 0.096896537418794420615
2.717351434314078773 -3.9231923470161760292 -1.7165903914518183537 -0.93134092902669063374 -0.0071096770282204034552 0.36407901122184233023 -0.20760766862091550866 0.83177284006788421156 -0.5148329811259967359 -0.29917073695379825526 -0.55507062164911635804 -0.77614011308055352867
1.308247636165803085 5.7950154346540658779 -1.771945172070445107 -0.98097272873470131582 0.011559462339783990389 -0.19380114630543571197 -0.17742967512543750264 -0.4585972890562878268 0.87075096144372921003 -0.078811267365519160899 0.88856902112363023161 0.4519224256834187825
-0.51591709345280423182 -4.8809012375985973975 0.719368599356586369 0.55417647676264525369 -0.0077580224059956744143 -0.83236304921067727491 -0.69990053911221861149 -0.54562919695759481975 -0.46089913731507287098 -0.45058591628378713567 0.8379908069399181203 -0.30780471005314635757
-6.6024676279922243083 -1.7485110588008963006 2.1787752866690190956 -0.97050762514462607378 -0.011092300980628608947 -0.24081509586236843345 -0.20800777730907571428 0.54345474626351297776 0.81325869398526440257 0.12185119660942517195 0.83936517656063591719 -0.52973426004198076456
6.2857095414324177796 -2.5309403300433110928 2.1127029802429748706 -0.97795338225525141329 -0.011330886386360899953 -0.20851569041489989575 -0.17006462615104794844 0.62267169401109179194 0.76377875357295077485 0.12118252789750846854 0.78240115828839607026 -0.61087087214999269413
-6.4217641473213404879 2.6689414748914019881 2.1728958059993335183 -0.95281377418261314904 0.0163545116810615912 0.30311456856370122548 0.15936907299630972967 0.87681201525569407718 0.45365426094710759042 -0.25835520180584908845 0.48055511635071096466 -0.83804496887038759656
0.13297985441747034452 -2.9549892760420108928 1.6443532041896913309 0.90028205299735797329 -0.0019318920833266218021 0.43530275997722039927 -0.42900400910942138033 0.16561717238552317588 0.88799015331202690859 -0.073809113386322053318 -0.98618822747179912813 0.14827337851796748569
4.2290295725149080752 2.409979448816264469 3.6272098507333128126 0.98504078789218685319 0.0063637543260240733017 -0.17220380024740217229 -0.13539708483186801979 0.64673719161970300018 -0.75059885051531782807 0.10659397547618357227 0.76268637565295360758 0.63792414657658247368
-3.4796122525510453372 -3.4755478459747015663 -4.9326388397165041866 -0.98570029552115268068 0.0081607620482656746674 0.16831021766987797061 -0.087610474028991983109 -0.87803263646470786075 -0.47051364926355199181 0.14394211423259462013 -0.47853118107983444451 0.8661919974720544424
-4.1024051637373526447 -5.0043303693335845495 -5.7360677281133396477 -0.98526645687530589601 -0.00084559555031247981421 -0.17102424952251865653 0.0019518246379879866659 -0.99997824857546147026 -0.0063002187765133187136 -0.17101520206447715089 -0.0065412035754248386288 0.98524667638042073836
-2.222318759854235104 -2.2986551187732207069 -3.1664168643808880965 -0.79693899677652346725 0.0049292820532987561416 0.60403968213630654382 0.50324314531168024001 0.55851951138932764973 0.6593953989029190943 -0.3341176022206669427 0.82947673721206660602 -0.44758660649130105336
-3.4271656692597951555 -3.2061558214017682467 5.4788682906327377253 -0.9681238542422303528 0.0020208914531749545135 -0.25046380745480290031 0.092809747117661822724 0.93168082699415044612 -0.35122241877713922253 0.23264254487722738074 -0.36327228439471903609 -0.90216999157794253161
-2.4825732363819952297 -0.23207470367217014617 -2.2182444890583576935 -0.89526799247277544236 0.0089878154379932559404 0.44543735903879794202 0.15665676155649402301 0.94230261935992076783 0.29584528491453704335 -0.41707778736395739738 0.33464158845122238262 -0.84502137639613905673
0.52527946864694774476 -4.7852920566334393726 4.3648127622500956235 -0.51326868908123468582 -0.0097129222521927099931 -0.85817300816911556982 -0.82443278317243551268 -0.27226016969424005065 0.49617031957640223006 -0.23846559256909352631 0.96217465105840982442 0.1317349688628871307
0.72993443077971198463 5.1427870944298188505 4.1606319200655788038 0.99885302032678002782 0.0097610039644164346001 -0.046876076901001317854 -0.010240861942931134623 -0.91279590840480151481 -0.40828758779320900585 -0.046773587960383694595 0.4082993416611866988 -0.91164898895812096491
0.13216993736778900881 -5.5009975841094487237 -3.3176978663610641185 0.47033863532226349857 -0.0093800228985540749088 -0.88243616386323353584 -0.88122769638878639675 -0.058371966375777399605 -0.46907404602986829678 -0.04710960879290886083 0.99825083456603014298 -0.035720526977211161657
0.2599779649404431181 3.2096995660157401353 4.5081643252015810575 0.98127206391758670101 -0.0041204257123286644124 -0.1925828618202251874 0.028052691930886459321 -0.98605559174438883741 0.16403480260324920792 -0.19057330099032881998 -0.16636523699859029346 -0.96747321661546958893
-6.5803397344440579531 -1.630135010427095521 -0.55211545938397699196 0.97329282644308345862 0.01513212470020455086 0.22906787814176315932 -0.14814876942604421339 -0.7208324043752778465 0.67709126926876017638 0.17536537888610387315 -0.69294419948832186584 -0.69933920259308435252
1.1624105197577452309 -1.4573188226432038928 6.6918001293733873069 0.83796110074446317206 -0.010766430386352675991 -0.54562375096375881345 -0.15910784101401956314 0.95154944091872184497 -0.26313182326549344747 0.52202096563918465311 0.30730724928632213722 0.79564839343089155399
2.8561996516912837585 0.64568605758511765647 -0.1837412714013221815 -0.97959972291219243878 -0.0052837656488554495676 0.20088918510172215637 0.1907938531368438273 0.28945161706076422137 0.93798479038099658034 -0.063103791292266606106 0.95717806243221070783 -0.28253861386197809402
0.84806148146127935394 -0.80416801273705640352 2.2858662193762233628 0.83470612140277056223 0.0042080107572571943259 0.55067956520858662994 0.15602640379279081317 -0.96080276735036262981 -0.2291589046306915789 0.52813014703984351161 0.27720089267086006624 -0.80264451215355625546
-0.19757443170540964217 4.6555307497773457115 -4.3358919901314854073 -0.92933175195935902035 0.0079557796998336975658 -0.36916012835837314077 -0.28033379221226628619 -0.66590079827483183994 0.69136755188599641198 -0.24032365623063711713 0.74599787695822006306 0.62107302938513253565
6.1248839961990864111 6.5169398772790625429 -5.663917351705598513 -0.91129274544423810589 0.001534136888428136794 -0.41175621249076910235 0.16128669631588737898 0.92141585920910729079 -0.35352427920789314397 0.37885634967923165206 -0.38857491018076378841 -0.83992702390486828623
-6.2275696655855936612 0.11125416157457478084 -2.4893956219207442615 0.90292371502402934969 0.0076383332914853538376 -0.42973296442304548259 -0.079790217186636758218 0.98544072629867474067 -0.15013359448660887341 0.42232959414256232566 0.16984766944727319737 0.89038726579779803316
-6.0785263326735190503 -2.0404063463612041041 5.3796658199499143294 0.80297205139873317759 0.0057975498867971504008 -0.59598848402289295034 -0.16978006751824276099 0.96074932436752014109 -0.21939795897126784796 0.57132356274360351911 0.27735739424532906972 0.77243916427854952822
-6.9028748304701998961 4.8012977678681494353 -0.99702804440560410804 0.77131862104821524717 0.0046709671441887579829 -0.63643205991711704339 -0.14155482096887672672 0.97618523130244050368 -0.16439168728242109507 0.62050770944833877341 0.2168883958468441342 0.75361104441357884554
-4.3614450080509232777 -6.5546063392102258405 -3.9517958182612100693 0.94572005635635725262 -0.0028999348461954269421 -0.32496948377232787175 -0.08697298452738433383 -0.96574363654801054224 -0.24448911720046731522 -0.31312820851485995144 0.25948182758120719171 -0.91357534237038195979
-1.6486662793024957629 -7.0121248678657845943 -4.212667152602215026 0.99405418121635535922 -0.013867222505759011289 0.10799993030635009206 0.0079587088385923258904 0.99845746592133488573 0.05494859142506724331 -0.10859532107704020221 -0.053762337058110773458 0.99263118395208449485
-3.1268873364014662108 -0.83998233952795786639 5.8433161748969357774 0.94113994281283641641 0.012752752413963725289 -0.33777651686881460247 -0.3380079248194888808 0.042897751530495506489 -0.94016510553886611934 0.0025001602743021811986 0.99899807318102151754 0.044683318801404234288
6.5289482593489402973 -6.3999998155711175229 -6.8478415836827020158 0.9185768276841864699 -0.00078124983699540801428 -0.39524169983735368827 -0.12964956179810113723 -0.94526265763082750748 -0.29944865872855985778 -0.37337327537892467388 0.3263095121774440277 -0.86839766207391555497
0.25612150068664801816 -4.7127033343573181412 -6.6661540961378271675 0.77288351021242551742 -0.0043279002307946116967 -0.63453317401153641608 0.062441149338201093477 -0.99460482250065929133 0.082839301829965655832 -0.63146827514210646104 -0.10364611106040183541 -0.76844342742396309909
0.079979964779918172324 -5.786681873758310779 3.8194954584843001655 0.80135965105729600744 0.005404625005363534844 -0.59815842356844417527 -0.55409186258681564219 -0.37008491806931553825 -0.74566705789695897355 -0.22539946200562288592 0.9289822083582015555 -0.29357646206979376435
1.6512347497639254801 -7.2074083912296389443 -4.7992224818004727283 -0.9414605184409275962 0.0043805098659523648147 -0.33709479875890679956 0.15326768745234173319 -0.88504156849644599614 -0.43955709301125001076 -0.30026839360816365287 -0.46549138892879560192 0.83256030330135932793
5.1454307482448804478 1.3167567395509058858 -5.8526581395829619936 -0.99428818472753321966 0.0044690532925302827241 0.10663504711821669702 -0.10234936964841791218 -0.32319105589998131656 -0.94078273151588953649 0.030259085310305432193 -0.94632318419701244583 0.32180245307841326419
4.6170043694857376693 -3.3472575900580854302 -6.1182166626071348148 0.98263170827786172623 0.0042346064446895552782 -0.185518176994101891 0.11181823404907517694 0.78434047480474666791 0.61016940444222256268 0.14809324232089027262 -0.62031611916135254159 0.77024431441421903344
2.0305102021128518253 -5.7408944774167984804 -5.3960199975504954395 0.99703302971078466843 0.010772697758784361213 -0.076217364483626801053 -0.012525421333568573928 0.99966711843480915434 -0.02255584493162288845 0.075949005827952081882 0.023443577013037824458 0.99683606837367433329
4.7684715219365045868 -0.46585844753911076488 5.601306924623508543 0.99055947786945464095 0.012444821332081992121 0.13651757112222151491 -0.12966206850060238431 0.40828866114976342105 0.90359732025317540671 -0.044493469130152521473 -0.9127680404125166902 0.4060478242845105834
-4.3342043864691950361 2.6558290038721654724 -2.553944771724631746 0.56516742109579620745 0.0044249855581687102396 -0.82496436628177427508 -0.8149804183731796936 0.1581896588699682471 -0.55747910229430075457 0.12803399470536352966 0.98739883093379487988 0.093009918129069654724
-2.510468949606061706 -2.7224909272731432353 3.4212339307724932702 -0.91003261074060626257 -0.0044655907739097741235 0.41451261245901871444 0.41453314001312563386 -0.0056790039282452985103 0.91001649696323450023 -0.0017097425185190534211 0.99997390336618996454 0.0070192141367029113261
2.980944973684860333 -0.41889734759498170602 -4.1063720347772223462 0.99024041525487693782 -0.0051539471005297380485 0.13927439400378655021 -0.13731357642504288252 -0.20710163524965952142 0.96863506771448681931 0.023851660847928980724 -0.9783058568290966539 -0.20578811619868858651
4.3874407035190747806 6.3166248950410990304 -7.155993739047255886 -0.99080867638678704612 -0.00087136294412912241279 -0.1352679101763993863 0.082402739855744019937 0.78913593787961033854 -0.60866596751516888197 0.10727513813148070732 -0.61421796804841066741 -0.78181093140565838251
-1.8874852973229399034 1.2956865653398144111 0.85243964249549020185 -0.98413462148788743988 0.0049209102457514674808 -0.17735509981728081463 -0.17635281308351488661 0.082514146931872242585 0.98086242708832627191 0.019461040732598355874 0.9965777441818115534 -0.080337212393429918711
3.156836874916211233 1.5165028500174533299 -0.80373001438506619376 -0.84984449120921756737 2.7994352512380332731e-05 0.52703352832391636706 -0.043146799290715381892 -0.99664693482690669413 -0.069521514734515080236 0.52526440434531129764 -0.081822286183704753815 0.84699611510999273101
0.52771441669374075101 0.81759690689917574602 -2.1617617941644708957 0.93648564242675380598 0.0075196922243038425565 -0.35062529252367385935 0.35058186176392258648 0.0065172196548507433864 0.93650941482193417187 0.0093273646125063870704 -0.99995048881281500819 0.0034670149354376787396
-5.2415864343294398253 -0.28719903278182495887 6.3471549998738421294 0.67855667804108943386 0.011743663332482315656 -0.73445416538918084637 0.69688757538299550554 -0.32634030984591771984 0.63863112157690393733 -0.23218213101527210296 -0.94517939489877023096 -0.2296244096258196199
2.1230937301527310623 -6.8757233529011259066 -7.0284013023401721298 0.89497659985155642026 -0.010264542641218666469 0.4459949830238925661 -0.058228775292629798843 -0.99387039755019601639 0.093973627158829509121 0.4422966147802714354 -0.11007393895846802334 -0.89008844083955995785
-3.5827137713848253853 -5.274634909640843361 4.6937738625587650532 0.97584637068228841095 -0.0085625172119566644174 -0.21829004586837169599 0.1138467900181792114 -0.83288361000459365524 0.54161222344787973704 -0.18644776541635052491 -0.55338194358388259619 -0.81179163292472733549
1.9268704100862839024 -5.5300431220037049584 -3.3645395425064279493 0.82374768439834700207 0.0023706305860961961879 -0.56695161394875337457 -0.36027603777318079059 0.77431894856632843549 -0.52022239715089557688 0.43776812247453278371 0.63279107610781004656 0.63869752226194809186
1.5034822138885066689 -4.0298969574432090823 -6.1508997924367880827 0.8958508894467787087 -0.0026197181715383434722 -0.44434707262926448346 -0.0043305675126033352229 0.99988365849799365481 -0.014625855660668516528 0.44433369224326046965 0.015026860799535232682 0.89573531994219457442
-3.7679592841015074889 2.6255656653137049439 -4.994843684341383927 0.99400116380574066177 0.0018156856484277757082 0.10935442212543430851 -0.044126784277778843824 0.9215267979116990027 0.38579941373725346043 -0.10007254000001476746 -0.3883105252453551981 0.91607882997135425818
0.092727230875222610429 -3.8364251097569863624 0.88522079636292594351 0.51173925903163763884 0.0014797761616102656727 0.8591395352491307813 0.38397920109690658608 0.89417169474976254673 -0.23025410622490913304 -0.76855897879777879123 0.44772177808427282564 0.45701455724999051622
-7.1032304552327492075 6.5881897816876531238 0.28755590356789595408 -0.99121881100345132776 -0.0078899691051776202344 0.13199627684235060165 0.09090920906962718373 0.68423077631512030372 0.72357705909563807545 -0.096024915615981573658 0.72922286931404467492 -0.67750514570012021487
1.3151462390567913996 3.7979951539791865223 1.0601627679448166752 -0.55137363045302489883 0.0015237420633319809574 0.83425703344426893615 -0.80317534810398583112 0.26945278621889401371 -0.53132340076159600972 -0.22560248189925735662 -0.96301239566739338382 -0.14734532891102589125
0.76113709938586371351 -6.3553694090072170297 -4.4828927690651187987 -0.91203265092354890431 0.0022622822765618350732 -0.41011135771682522 0.30581088248863608214 0.67006080131030409941 -0.67638615206041152739 0.27326936857425343508 -0.74230277153353418917 -0.61180915943832303583
5.4259826898678022999 5.5578073677834787247 0.51636958917878228448 -0.79405595017116981094 0.0043421916960657532328 -0.60782916462526404011 0.60703560293012404081 0.057241901411046527959 -0.79261033395862723339 0.031351631105907974695 -0.99835089527386866592 -0.048089137368807773065
2.6631078553961056166 -3.0976762457162005937 2.3609283673391714409 -0.68292738515061568449 -0.0062090411240394213083 -0.73045987872005246899 0.44658914877714711578 0.78777619721454772428 -0.42422493478904493847 0.57807293554173044825 -0.61593028088462264957 -0.53522104805731585131
0.59062723722796905967 -2.0356778179357841729 -4.7509217791039901613 0.72757474765180174536 0.00026223420175508233704 -0.68602836516624277063 -0.66401442333371329951 -0.25102418472602638921 -0.70432357924987332165 -0.17239440879637579762 0.96798077972437679417 -0.18246473056429135529
-0.84349875186502942803 -3.5506134950219006008 5.5648566464199715753 -0.99319038792335723187 -0.0028359494497641590111 -0.11646806741479226455 0.11638351522458845189 0.021035389064347542742 -0.99298156568526962928 0.0052659966364401291153 -0.99977470952089597667 -0.02056208845896129872
5.938149370503182034 1.7722049424637307258 -6.9907852413623237098 0.96646615025871385196 0.008630252592924613636 -0.25664898040749922759 0.07824273159563931157 -0.96180990547103617505 0.26229712291650664202 -0.2445838411597701656 -0.27358220789737436318 -0.93023197115861810946
3.1007608189572706259 -3.0269541346761812406 -1.1403459230511701072 0.80144380945391946458 0.0059017802602246496879 0.59804095953176428235 0.57303925817098522177 0.27868389053122577526 -0.7706888462623955327 -0.17121281751898298484 0.960364752658111831 0.21996752707857866738
6.1516893559996583818 3.0517725330139207074 -1.445628099311944359 -0.99611009427008256889 0.0061352047869508482408 -0.087903579878514437329 -0.085981642079685477453 -0.28597637812299375737 0.9543713472129102815 -0.019283083739743103052 0.95821702678355014093 0.28539147195320452299
3.9895222765112716701 5.3870618806035119874 -7.261482538759041816 0.98004319173317966385 -0.00075634003181304990115 0.19878322436053361133 -0.15556272624570224861 0.6196411707311246797 0.76931466756972222143 -0.12375613334461990633 -0.78488486256564582444 0.60715745237525442501
-7.1552404708383265941 -3.9367043227690055041 4.5952962220770841029 0.93407012206092920881 0.0020130292796798256866 0.3570839604156930136 -0.14984103103530208023 -0.90547708031431040077 0.39706286963613374175 0.3241306410866987564 -0.42439039190179650429 -0.84547745254991346631
-4.1852934984424576825 -3.4451876492836555066 1.6397894413849334327 0.85662985335335106729 0.0063747686051290634521 -0.51589209789351153645 0.058317537547348301252 -0.99471172105042338085 0.084543815973741609504 -0.51262496930816126017 -0.10250831346872672778 -0.85247151653983121999
-3.9348297243734959849 -6.5279343507921492318 6.0036729054151205531 -0.96187726320104005584 -0.0075900241119668298076 -0.27337615490531513851 0.086012061985542787035 -0.95728512181131386605 -0.27605637241649927383 -0.25960365122590595144 -0.28904599477034326194 0.92144362669536006294
-6.9055151575907816053 -2.481442054873053582 3.1227483452977273792 0.99905866232944362526 -0.0071564892430280475921 0.042785206392692246014 -0.00080136445522059184671 0.9830849306319797698 0.18314851072081270167 -0.043372192005468560017 -0.18301039267205768124 0.98215378079732584826
-2.666296297432320106 -6.9839271420729200912 7.108499956441839629 0.98313618377937339599 -0.0024749512086894441716 -0.18285819303542050207 -0.16604381253943542585 -0.43109116933906221902 -0.88689901118176772687 -0.076633520479163372285 0.9023049807766082564 -0.42423227741962704629
3.6532967709795074462 -0.4089579689356268033 -6.1513173881043794466 -0.99929965345616134087 -0.0006230134006578510325 0.03741409436019300927 -0.037131674663399782954 -0.10721867131321555222 -0.99354184373813203557 0.0046304793684842672497 -0.99423526812123030894 0.10712044755648947314
3.9798355230229249813 -2.3967997477392488648 3.7780611079989139256 -0.99512751213191574795 0.0072324633666544062283 0.098330697504524278152 -0.036398252175456946578 -0.95380819640002856286 -0.29820310481045175788 0.091631882206210185648 -0.30032917932443192743 0.94942402656020474794
-5.3177847886477884742 -3.1278522916109325891 4.3609007293020551899 0.93189106566961188438 0.0039357901481157824344 -0.36271690239241738407 -0.3117850096716474062 0.51974335803235582887 -0.79539735322997162648 0.18538918379782515222 0.85431338005273216307 0.48557131216089483017
-3.4550158265478070341 -2.0180551811651530336 -6.1846807702192307943 -0.99656127595396881702 -0.0062715389224186034178 -0.082621371741759111473 0.064507167366786979934 -0.68454611924981656479 -0.72610979609027814785 -0.052004313544811171799 -0.72894257552947117063 0.6825967132598407261
-0.043378929589484929719 4.9874515271249650894 -1.5299212913013056081 0.9999703313555314832 -0.0043299467504024210726 -0.0063708688408564148956 0.0057242533761796077565 0.97113908667600146174 0.23844518710499942871 0.0051545447844235604481 -0.23847458122696180149 0.97113506000810123631
-3.7207820563655271684 -4.3609987052817693609 -6.6810747011835154296 0.94961834985032000933 0.0045633096182593740203 -0.31337543910317033902 -0.062797311945444495018 -0.97684625529376289954 -0.20451868161848285599 -0.30705290625588882447 0.21389382815750962452 -0.92734456543185039834
-3.9506685897420057429 -1.7758495960104487832 6.0809675951860144849 0.67289746651633475238 -0.0025794837267008024345 -0.7397312659469674756 -0.59666939239944971618 -0.59298939752610435594 -0.5406932684945091605 -0.43725808823795758729 0.80520613552396336221 -0.40056016225431423372
-4.0303378484819036842 4.350542427198303308 3.8552416486115892447 0.87398342417687790995 -0.0061532351724820450942 0.48591677472688776795 0.0075646389503470556556 0.99997094289128585221 -0.00094319171314580197655 -0.48589685170986568474 0.0045001188837757444272 0.87400457574798051663
-0.1082532593899946799 -3.7261056689795428731 6.6186673975142467086 0.98719608184993812294 0.017483732919403614098 0.15855035497663713673 0.055531262424886561335 -0.96946642413382133618 -0.238853786594912465 0.14953318987272787299 0.24460002363129984548 -0.95802434915096046364
-2.7014825458754496701 -0.091205975922300910885 -0.59734389317477032399 -0.81153398154414846388 -0.012036485143366231626 0.58418123885015493801 0.4801490475371124611 0.55599920900284494074 0.67847017011612054116 -0.33297070283773771981 0.83109566393615652569 -0.4454329449402111285
3.5994765921923157492 0.48759597700873269499 -1.7053888791838380801 0.78539892459953652981 0.016621237929677915024 -0.61876672800627341431 0.19321453098978338958 -0.95627498334732841112 0.21955933420933806954 -0.58806179458660512438 -0.29199638811764933033 -0.75426880823346886817
-6.6929163217032661137 5.846823738307624474 -0.82522307191446364616 -0.88400539749124384947 0.00061103421246107682621 0.46747629227982678835 -0.24707601006039528468 0.84830245635374568192 -0.468333628727156559 -0.39684745489804523766 -0.52951163271578882696 -0.74975297822650310842
6.9037501698306487086 5.8777008627324738299 5.0618493658266876523 -0.94117842431276832471 -0.0012150385726279275961 0.33790782365786059538 -0.11676047568621869543 0.93956836933354437313 -0.32183578213949026736 -0.31709645996993252037 -0.34235917254997350057 -0.88444334586534301135
-3.1159043804714534609 -3.0702409492468931695 -6.0750308672771451413 -0.94520698741969477741 -0.00058507512960993997286 -0.32647114515696251669 0.28279166561908608557 0.49821926407598338127 -0.81963799250641056204 0.16313376348681074557 -0.8670508765872715351 -0.47075487530124204838
-2.8799449658392104467 2.299066934537597362 5.276210589672816198 0.80707234948491435311 0.0019284154024320366433 0.59044940842626991717 -0.49515363241359239277 -0.54253401079275453966 0.67858656591543287107 0.32164748250930758067 -0.84003162342093640191 -0.43690933687474203806
-4.8741599177356391692 3.6271930308625641715 -2.7377151551802674234 -0.59738249283622668617 -0.0012209381936978819239 0.80195552654909185719 0.69098850662376087861 -0.50832260070994761403 0.51394845784498865982 0.40702461960741548319 0.86116586260559158106 0.30450667663628155912
6.4541027791829614912 5.774696253766440357 -4.3074878518820840512 -0.99529211160484176713 -0.0016206671918620211767 0.09690709992111740112 -0.043528341337802534117 -0.88587542529317286899 -0.46187662244591498606 0.086596166645195621347 -0.46392036417844589868 0.88163427770416435969
-1.650235224050494498 6.6882060856291074558 -5.0429067196248213989 0.92346771178244946299 -0.0039049332149532437614 0.38365627427670528915 0.31557092229708144648 0.57647627070207430044 -0.75371752156755955632 -0.21822552164181083234 0.8171045592909973454 0.53358950597829268858
-0.62307147207315938253 4.2761379292948049624 7.0498580098170293695 0.80194218829143559812 -0.0039874858802275772729 0.5973883381810408677 0.25323053475514084587 -0.9034261553008128276 -0.34597034292819356383 0.54107580144192723992 0.42872518222588590353 -0.72348579475998309185
-6.8433960829151407879 -5.3494471546418651542 -5.823198341175111814 -0.94389789660193479381 0.009886097900338629979 0.33008942100415022969 0.29502100200698516685 0.47438324409941101667 0.8294113250327087572 -0.14838924881991227833 0.8802629168526747705 -0.45068595279705592205
5.4182338897950979018 -6.7105433107608511989 -0.45132851622900993505 0.80426205436265507664 -0.0065341321448001265376 0.59423888549093650813 -0.51999662093655707462 0.47633721815680474254 0.70901789033369211346 -0.28769091422376863454 -0.87923839754396371227 0.37970222300801681481
-6.2450893917787722032 1.1235717505617714984 0.65644993305690901853 0.9260826851622919742 -0.00030377034790440154977 -0.37732051092667484582 -0.36205435772816169093 -0.28228659731989980131 -0.88838669453315355362 -0.10624265759326134706 0.95933007077703214005 -0.26153071140953004781
-4.8049082859754719266 -2.400805451207463026 -1.2387567958072707164 0.95338328192402033157 -0.0046822416826454603053 -0.3017256939018664319 0.29907884227510700414 0.1477031633165444835 0.94272775584983092845 0.040151760249380684387 -0.98902065304986863659 0.14221808601493490798
3.8635926877170723159 -6.326340398405318588 -3.8656229462523010731 0.98756096049665575975 -0.0040596720398642753558 -0.1571841861186938083 0.0070966730791822835167 -0.99749712473650831157 0.070350006209676213542 -0.15707637166064941647 -0.070590404485464774975 -0.98506040843212405722
-4.5934127255623531383 4.219050196170732292 -1.7127591301277085289 0.89921410982909932841 -0.0089703680867966872903 -0.43741686887996550359 -0.43639833098789415633 -0.089579467674091112217 -0.89528320417746332094 -0.031152550382530556916 0.99593928101450979185 -0.0844657749449626849
-5.6214340979783212759 -6.6485928827006812725 -2.131916596872117875 0.68920850128508126531 -0.0008638133758416327232 -0.72456255463756480406 0.65443955220084504276 0.42992057509142389549 0.62199451093091218112 0.31096706300128562628 -0.90286629848471022797 0.29687022886927466603
2.377928774824098479 -4.3539575959185912168 7.3502520375010504949 0.99542760710454736284 0.0041921742593970749008 0.095426959970303787406 0.08889414035496430444 0.32491672207578875531 -0.94155560405439686633 -0.034952980198345723339 0.94573333947283644285 0.32305841543709951091
3.6606956737400282442 -2.7406134757798290558 1.7094007266331725514 0.9329234400422260487 -0.0082941370528967130887 0.35997925261108509876 0.29835766722890044722 0.57749990088503033725 -0.75991878966350723257 -0.20158511211301669008 0.81634862146538433869 0.5412378135404479762
2.4879906286616213507 -1.429563215267331433 -5.9520990702430864872 0.70286292933539584737 0.017965670276182080234 -0.71109840195119944362 -0.24870713390150436806 0.94279237543417848677 -0.22200742863641009794 0.66642963928122278539 0.33289603709680964938 0.66712200111569541772
4.888670772309968271 7.4533427385717088143 3.4145314385877849617 -0.95994630478795639483 0.0023578465493032355234 -0.28017411101588052258 0.27925047300997674071 -0.073510433315182283076 -0.95740032876401981454 -0.022853123365943035783 -0.99729166082617204392 0.069907639060098406003
-1.7106825107634759942 5.8960375916090672632 0.46239760145917657708 0.83617903566604157017 0.0072746222232394439772 0.54840833343793082832 -0.54808158884097102348 -0.02588603341969494126 0.83602421331404996874 0.020277876768390195455 -0.99963843120667672526 -0.017658271955790862812
5.596312244183535789 -4.6252070771069933031 -4.5713243242411358835 0.91860899503737136751 -0.00059949415444082634202 -0.39516724920376150587 0.037749707880061572629 0.99555869390273998842 0.086242950725121267364 0.39336048834562170606 -0.094140998515901852528 0.91455180203589614418
