1125 14.717824617146108679 14.977075390850430381 15.033177056927090831
-0.095350793133230485332 6.9220485521430665798 1.388157498674887691 0.87080452316824852321 0.0095113105404698826406 -0.49153740183369792893 -0.48037176269465203804 -0.19627337237692232819 -0.85482146258821711804 -0.10460617589465777411 0.98050308427231180897 -0.16634677543349724038
0.32866137665866346218 5.6307235279752365642 -1.9622086270613843251 -0.99982793350924603626 -0.00014607856670731758121 0.018549448392259210855 0.016536447311469630594 0.44608313746171690539 0.89483874546343278311 -0.0084053128983631701654 0.89499151567678347785 -0.44600396588115909235
1.3430371081711143244 7.4734083739646779421 -5.6777253320831633232 0.90580024534323000385 0.0011606038364948114208 0.42370339688839886438 -0.42255397160369123633 -0.07118477386949791097 0.90353797322029405503 0.03120988013345096096 -0.99746247095713469477 -0.06398876787512276787
1.933194493784648138 -0.37412283390873124489 -6.9081585067777790954 0.31382666878531245702 -0.0033537454220082729348 -0.94947436740057988835 0.055502646019492896112 -0.99821897112370050476 0.021871030463440514768 -0.94785667600326617421 -0.059562052351754810053 -0.3130815926810722738
-3.6857082568593102501 -1.4061201072423663572 -0.3486213782863278321 0.9927187735664764201 0.0030017057396250282353 0.12041771618567606583 -0.093305609869700267822 -0.61308168158207143605 0.7844902261184636405 0.076180704745771918307 -0.79001382359504401798 -0.60833761905148175941
3.1330467190827295809 4.7547037756993297819 -0.75846602874413926454 0.59307936002942962528 -0.0059193893543510560373 -0.80512224757287265131 0.75608923974773911691 0.34780229438593868174 0.55440294511988730264 0.27674163807565321793 -0.93754921196148566231 0.21074994876787228604
0.67820883349772775883 -0.99216477759733301411 -1.0318999720780956952 0.93627056733675306788 0.0049477087613733839247 0.35124485037777836149 -0.35010252481062392738 0.094933160124819976344 0.93188836092636728736 -0.028734071415944251182 -0.99547135332303360311 0.090615329018492563051
-4.5707632780115989846 -5.5201147413576849843 -5.0781195386430049155 -0.97191492098275589218 -0.00068399039145887235904 -0.23533150772549998875 0.038759883487352327081 -0.98680436270101656859 -0.15720948185884214832 -0.23211862872945504543 -0.16191566295892725891 0.95911639558775496628
-4.4707457790162656863 4.013162472702979322 0.38584532747929550789 0.80422437661505752349 0.00056368031574509716575 -0.59432552891714363064 0.097343537699380408568 -0.9866200181695395921 0.13078675550432700136 -0.58629974221917902089 -0.16303564644480963985 -0.79351873970439734673
0.61279041089742947168 4.4297533511536357764 -0.45820975983553008382 -0.50513235889398122591 -0.0073164796763946901223 0.86301087427866873814 0.86113059534477631729 0.062240184487349879683 0.50455946844365651138 -0.057405555126124795107 0.99803438245391074002 -0.025139086708489501165
-2.8781157591895167869 6.8641268358262346183 -0.46617770048239975944 -0.96453797228274396058 -0.003500778164464445931 -0.26392090591112227216 0.22985264882639494521 0.48038573849368887414 -0.84640256502414490392 0.12974690690803838966 -0.87705033310762969823 -0.46254562298619439353
-3.6958342886434096819 -7.2012335343746274319 3.7098716375838933779 -0.92528198305647335609 -0.0041930954648645287972 -0.37925673333696796607 0.37291694740975495082 0.17233564645196419729 -0.91172000926627405626 0.069182383347000553364 -0.98502936144677233354 -0.15789539233939420271
2.8810106283982195308 4.6981827904796054085 1.1277751734168115494 0.59642654116166748945 0.0041912468390983854266 -0.80265672267031495934 0.12526952075962366484 0.98724704456818790366 0.098238587938729013405 0.79283221943019721589 -0.15914052419630117519 0.58829530458094880796
0.75632222865056086825 4.6307024458129379951 -4.8995845950264218516 0.6697836755766132244 -0.0046288761533469701889 -0.74254185163987673768 0.052848069217096088623 -0.99714763414462570523 0.053885780126826793301 -0.74067328121867959112 -0.07533371904664988572 -0.66762858032251737317
-5.1909111178202893555 0.43415219832612617079 4.3467842258797588784 0.98784657230161099228 -0.00052175769889331678059 -0.15543126249505762049 0.12775528543824785088 -0.56685094375409561529 0.81385416052731918146 -0.088530992508310202282 -0.82382020813640988166 -0.55989510448969315171
2.268893564338038793 4.2665853632053760691 -7.1268539953761465 0.76212293190756463801 -0.0025313410220313553589 -0.64742739281961803055 -0.34718447180217154591 0.84245596025605196111 -0.41198409868399643585 0.54647193816329975302 0.53875926659461625956 0.64117616413763189875
-3.6849523832482304897 -1.5945093773569927187 5.8651238584646057106 0.96463058594674033763 -0.0022343574080415026795 0.26359597929981698483 -0.2193873351139752903 0.54756610519067305809 0.80749028330869132564 -0.14614044562556219309 -0.83675944457970174994 0.52770882317723710742
-7.1353000241004345128 -4.6245165977673048374 -3.1793315058850768473 -0.86551917047870863264 -0.003439715227374605562 0.50086398741870974405 -0.13741532302964401535 0.96323790413186594073 -0.23084576894644148748 -0.48165713378970398395 -0.26862782507216054206 -0.83417354133696308693
0.74264468484754309063 -3.4243668884841058642 -5.3114615006424923394 -0.64125730677170311722 0.0041140409593865921029 0.76731489049725720708 -0.76730035463102519433 -0.01160074167993489086 -0.64118296029731702834 0.0062635688707325144764 -0.99992424586042605306 0.010595765453320879143
3.6700357130094776181 7.0347852439353522058 -0.50966974979164492154 0.8845801667226173004 0.013089134005211380471 -0.4662044650278036606 -0.32416944942724984502 0.73592045367896818941 -0.59442009884831703559 0.33530895708126579047 0.67694147489120770622 0.65522373497409303056
3.8599800903310890199 -7.0620990690431915127 4.6063135598084903322 -0.67544608672456674103 -0.0040977082671338907818 0.73739798800608613583 -0.73731144652924218708 0.020049238700963922799 -0.67525540267696471108 -0.012017268633154540303 -0.99979059648230783619 -0.016563467032286054159
3.3425505128377550612 7.4529827559260084513 -2.7294221691976217059 -0.99988963983994616491 0.0017929966755565957329 0.014747654164656009979 0.012073493507542970571 0.67651214423406935694 0.73633249925452193274 -0.0086567254180827044041 0.73642929318896577229 -0.67645913197932561189
4.9246598748834253811 -0.80523960724067078498 -6.4802850284035704576 0.98827875245690965933 -0.0098036915169934200909 0.15234498703595186764 0.0038841332400799295776 -0.99599799145009904056 -0.089291178379509492102 0.15261068426327553671 0.08883630260240905907 -0.98428557359570612029
-2.7374768867420442575 6.6925564826283290287 7.006111049576002614 -0.9955532900911550076 0.0068734357671849733232 0.093948935435879246669 -0.043193321273083805367 -0.91961960353558769299 -0.39042812627987694141 0.083713700110436592428 -0.39274997221358987076 0.91582720845152176814
4.377626072518171263 -5.6900937224943453074 -0.71203203019760563652 -0.91999331400930228764 -0.015140563855646802655 -0.39164150125378288658 0.21790116869282108447 0.81082723898703212839 -0.54321107241933197507 0.32577811906338449699 -0.58508969555350109903 -0.74265649212589301964
4.2126262571528654277 3.065120200584478205 7.3526586462162830671 -0.4480706774608559928 0.0022921718787165916431 0.89399519794442172671 0.23979467994559611199 -0.9630443469666124523 0.12265438127293473713 0.86123816651925022558 0.26933312407448178893 0.43096228234815747715
5.6497374158212583239 -6.7680889715282042118 2.2699814557127360182 0.9899436656545980151 0.0086274700514540111213 0.14119881582720830715 0.096716242252206693908 -0.76969162536356805493 -0.63104735981534498812 0.10323520385559319112 0.63835755545446193349 -0.76278576551945243001
1.518853967766922386 -1.5914982387398239894 -6.3575200965477636217 -0.23619603505453032333 -0.0072366528926212170605 0.97167847762482295604 -0.51336892938007760989 -0.84809404431841528549 -0.13110619489091090983 0.82502349989059420299 -0.52979630316429204839 0.19660137787362663708
-0.85142850789227564334 4.9071833987302522218 5.346152436982131384 0.87673709974584590476 0.0028447473906383254072 0.48096150089342659673 0.40627517159235781996 -0.53961129912338845482 -0.73740092948535351791 0.25743454095542372961 0.84190946857169846052 -0.47425299561776002033
-5.0283955669251358955 4.9522190534817323027 -0.26424618500752605765 -0.9989479078457287331 0.0072799884253359906441 0.045277800069516115078 -0.032027365041022312631 0.59589966067288835383 -0.80241999121303031473 -0.032822633945782338227 -0.80302590006697704972 -0.59503956046845363215
-3.0845485638695828712 -5.977078880291279539 -0.57113445606467350135 0.96541830113585913598 0.0011759138614931268375 0.26070312820995117375 -0.20898430341745713457 0.60133214995214534504 0.77118428819512996331 -0.15586232629145535533 -0.79899828701973707457 0.58078281016439470275
-5.8648032717382951873 -3.5490007264507172913 1.4696414233298595864 0.85134148426760625217 0.0070964799349202550838 -0.52456393045819238452 -0.35416923777053793687 -0.72987757816732556915 -0.5846733035685169888 -0.38701657352395846257 0.68354104548390681728 -0.61886170584118638249
-3.1619684906438068062 7.2502724392587909463 -6.2352410063966914322 0.47820604726834364806 -0.0050591468989300853593 0.87823310196592341281 0.41009571939800570917 -0.88298396591660455179 -0.2283874271180533766 0.77662119291677522703 0.469375884517787334 -0.4201735376553204504
5.0970308310613310354 -1.3899916347545089312 -1.3262567020626001568 0.98144915514329611472 -0.0075814609499266390202 -0.19157264240609955808 0.18915972427665256328 -0.124542868280401689 0.97401625893623045016 -0.031243472600984829174 -0.99218526264526296643 -0.12079838579000783116
3.5762439251559703379 -1.0609782794193614031 -4.9954331341383486631 -0.22635100962848869743 0.011244333633490056004 -0.97398089580924229747 -0.48794994139189895588 0.86410856819104542303 0.12337437770653837676 0.843012499987916053 0.50317983598311655236 -0.1901051749012771519
-5.6565279546777551545 5.9724253057361700314 -5.2327154960289155028 -0.98445580221874551263 -0.0058015274535752146129 0.17553665075092511616 0.15384264191761765073 -0.51065025689195564507 0.84591297227546013993 0.084730248467955793235 0.85976895583365842146 0.50360513061243250554
2.010229910138771281 -5.7972998650918841079 -5.1954547150675640665 0.8708416779555759879 0.0031733897247602574354 0.49155335573382813452 0.32006023529468852207 0.75531014439197241561 -0.57189862000316060708 -0.3730900932999968167 0.65535983656007679166 0.6567398776572132002
-1.466467354118236921 -4.3941005332008842288 -2.7570356983085706482 -0.93195596773455513517 0.0014885466571423859594 0.36256841896771047073 0.10128594660387774118 0.9612488218093839798 0.25640175426588490692 -0.3481367995838223206 0.27567823054947548922 -0.89599234482032974469
7.0667679106664742505 -7.158908660319684536 -3.045400563745900957 -0.76789752208502337627 0.0059452865575354649913 -0.64054511874138031491 0.1539845221900922323 -0.96892240980075095003 -0.19359269281639665539 -0.62178948407120182562 -0.24729338315796570158 0.74311763546873943476
3.1263116115022886454 -1.7836030256791655102 -0.29904369809638586819 0.11124847537337859138 0.00031287718237468916879 -0.99379257334471582386 -0.70031989135543615266 0.70953581101789853225 -0.078172774385012994136 0.70510696103432413118 0.70466930896064916556 0.079153891312872037833
0.89664433179330116364 -1.0737025268716953175 -4.3639616466036263986 -0.57249260487545927667 -0.0094998680899929435067 0.81985484682914788745 -0.048677606075227135285 0.99856287878089311505 -0.022420253956205872525 -0.81846362657707372179 -0.052744000862173831545 -0.57213229444184365846
3.7778355679449946436 -6.8693017246475278625 -5.5111307333348911186 0.57260617521051515588 0.0040208275989915423856 0.8198207127513678083 -0.72091365942939678035 0.47864956199039421225 0.50117670781319922924 -0.39039167993037426907 -0.87799682787116928306 0.27697636449580381734
4.9691752277374838798 -3.3355733536423262109 2.5785882678933687018 -0.99925120453848303992 -0.0040924122297214390528 0.038474438145494019303 0.0045670244402386287949 -0.99991446278667117653 0.012255994359137892258 0.03842099056811063007 0.012422530825561637485 0.99918442152174768989
-7.330688683576932263 4.8863974842352755346 -1.6084309223584307702 0.6604109372427561242 -0.023794043024451892732 -0.75052730628987895933 0.12818281114161628187 0.98839972199473014047 0.081456469900050260113 0.73988280213692936282 -0.14999944358994488081 0.65579997409629675609
3.6571776575594650005 -5.5398610896012119298 5.4509350785154166985 0.44014041074400656051 0.0045920143998011203265 -0.89791721903180565789 -0.27033413589280791411 -0.95291378936488924101 -0.13738546141875360163 -0.85626857574079706659 0.30320656892941993954 -0.41817448840990328884
3.9089751221640560708 0.18274950508051956977 -6.0867563502061106107 -0.9212568595238717073 -0.009742019895277953534 0.38883272988351541555 -0.055605079703881760134 0.99271665669496922391 -0.10687242222156909111 -0.38495957436005839858 -0.12007802700220679415 -0.91508873533654822019
-3.366891178356745673 -6.0987496963789018523 1.8342911494940581374 -0.94888387539128216108 0.0035858570032460488491 0.31560502634129711241 0.033785919019194650403 0.99534405571213957487 0.09027027436819710926 -0.31381189062616426932 0.096319013637166328579 -0.94458707640622441293
1.7813366159456578419 -7.2920945925865332526 -0.48265887123797390768 -0.95673835569791210176 3.8493834938237592863e-05 0.29094968165422341322 0.28245901884532270687 0.23994272614126788135 0.92878651521474542285 -0.069775507231200975533 0.97078704497437595666 -0.22957328220096473448
1.8464069083864911303 -3.6178364772285291906 3.5205996938595229828 0.32472214304899094106 0.003787378524209926 -0.94580187437833873609 -0.71278546759046645942 0.65827951691700403725 -0.24208460256577635228 0.62168513494011201637 0.75276406222104230714 0.21645752383086047654
-4.3967318025381532109 -0.20569252460047565689 1.7073983320319752188 0.6167769804291255431 -0.0074468073752426474504 0.78710272612455023378 0.12985988743584719884 0.98721588322765174706 -0.092418664447495635361 -0.77635208896985286042 0.15921477620813295761 0.60985907305630582265
7.3233896068671624491 -4.8390378692655175996 2.8670458429919376542 -0.91032953464443655545 0.016580832366671915262 0.41355194879464257651 -0.4031184688944076111 -0.26193601226302049012 -0.87686089291061464213 0.093785064856676134126 -0.96494279699770624248 0.24513212790670757535
-0.73287172779942388878 -3.8771073935726692028 -7.4561296276365407465 -0.64483675624135117221 -0.0014398209391232590516 0.76431896791588604945 0.18272757673926892652 0.97070971376940906605 0.15599129556758864479 -0.74215644610774689216 0.24025107389880379083 -0.62568620808778818709
-5.1317118230050651206 -4.3896626882502047806 -2.9032366336774959592 -0.99734161154387668269 0.00094911176990479376777 0.07286157471520009199 0.072819928117270296686 -0.023240685528934639653 0.99707428439670597875 0.0026396878838914976904 0.99972944826241894045 0.023109788507998083734
5.248372665823080041 -5.3472051896955425931 3.6674776480566380066 -0.9994218611049245915 -0.0042402976164635595296 0.033733713426603854912 -0.0012914850978555949233 0.99621094424990752625 0.086960258872117779383 -0.033974631884270294069 0.08686641717604047519 -0.99564047223650264939
-1.3933424987645517401 -2.4802021064432047126 -2.627734807536236783 -0.7689378125643749895 -0.0044798964925738867654 0.63930788430632667918 0.23506501491941270143 0.9279493601942299108 0.28923074469384790763 -0.59454106600781175818 0.37267937351376184685 -0.71248228426233217725
0.99696296327527256231 -2.4591771673478204363 1.1195768808331882926 0.99871876539421211572 -0.010404472054262023373 0.049523475348771758831 -0.044516884337311032893 0.28473223800721098042 0.95757286910617200881 -0.024063970126485034751 -0.95855062443289174023 0.28390425453150835988
4.9530200427726915891 7.2161810671786881244 2.9265183030579136059 0.82692205961373821399 0.0023108932538688934169 -0.56231180593735985429 0.34195308842537669447 0.79177573371309506456 0.50612179642781907063 0.44639443616662716208 -0.61080753701588630378 0.65394660338906274166
4.5705046176778107991 -7.3383097151279770287 -4.0606982602313363984 -0.93617581141721795124 -0.0015545093709204973673 -0.3515287095217025648 -0.29374867591033532177 -0.54583721783534655536 0.78471233393309713922 -0.19309729547113374526 0.83788979891532311406 0.5105429652392896589
-3.6602003760698536006 1.4632679191309112543 5.3837037497067381508 0.9786387392601575419 -0.0031521121305986901651 -0.2055633289484697368 0.1580120239954362904 0.6512016450274078494 0.74227260341905187957 0.13152345149111799305 -0.75889820246385253366 0.63778922851139763228
6.4698975633802691121 -0.75507749930589418419 -2.289613754404967505 0.9988655352808589738 0.012046112538810462705 -0.04607096266305562432 -0.015614460764840267654 0.99683926489524077308 -0.077895241048452898425 0.044987009714157671914 0.078526244884628074172 0.99589647947023518526
1.0614915647537361831 -4.3182004269749096892 6.9839459799274870022 0.79272634543239772764 -0.0087277400025250057025 -0.60951519079656235611 0.60309964729310683307 -0.13415589374993289185 0.78630338394733101381 -0.088632706673674163667 -0.99092180454693590264 -0.10108521445338551625
-3.2558291584700858046 -2.1343860292314076332 2.3092965256704767185 -0.7660385030889850233 0.0028808719431641376281 -0.64278823290563968929 0.41796072253852456502 0.76196703949891542162 -0.49468683541438657203 0.4883583174270952898 -0.64760939716319221304 -0.58490018165984047904
-2.9848042993921626298 -6.1775337182090064303 4.2587027809975017689 0.98902355933735941473 0.00073478731025292533079 0.14775607995383746585 0.047537021119757480458 0.94524001192979256736 -0.32289557363046578198 -0.13990221834829297265 0.32637521341955677556 0.93482971142693238598
-3.0701615793961689604 4.5822963610149622937 4.4624270195250170801 -0.87273231467950929119 -0.006212680403074660393 -0.48815951236911991895 0.21766631947774200961 0.89008064168240252911 -0.40047200235131708013 0.43698933657385707896 -0.45576074195174803849 -0.77544984738943045777
5.8753803379983056132 2.1258382266329887145 -4.931902999585116909 0.99616913762152592415 0.0051443701117877705525 0.087295960425286645012 -0.020028341318038527658 0.98515479472651990012 0.17049602919545164825 -0.085122939296504399054 -0.17159127566264933962 0.98148383548683171274
-6.0210192804487823182 -0.83960614966645563673 -7.4247267788734765404 0.96921677347958035131 -0.0065529142767477253917 -0.24612172866368478563 0.14661252881057273978 0.81844644234469865474 0.55556294639696890414 0.19779689684542556272 -0.57454545540625412414 0.79421275944828584326
-6.3734709849107273882 -1.8683926983148604339 3.1708721536837445321 -0.88956215759409495991 -0.00034549886800846292198 0.45681401949496164283 -0.29792283247004580637 -0.75762932803186666675 -0.58072350322587240612 0.34629633793850550516 -0.65268497909517786404 0.67385544769921101871
6.814383114100807326 4.8767964430833368183 -3.5159636833705625314 0.6900246881686598055 -0.01180138609252515472 -0.72368961371852669195 -0.71419367002514189124 0.15114149752802913396 -0.68343518304304373689 0.11744501442720131634 0.98844169024341432817 0.095862889456296937474
6.305343134880070366 5.8820300772590252691 -3.3845438120683195571 0.96041207369979286756 0.00031632028476383938775 -0.27858310902337996007 0.19432735639158557617 -0.71729080655953070256 0.66912687689484040554 -0.1996134445609542285 -0.69677385051866991272 -0.68895622065824657643
6.9001948270416084696 -5.5378882414651036115 -4.7521450540722067757 0.67062319936117764652 0.0076870081952505461484 -0.74175833961172810138 -0.56310169527873910056 -0.64565947735246387307 -0.51579096548817227053 -0.48288819125426779566 0.76358676599975039423 -0.4286656570535792854
0.21738452516293260697 -5.3109745755117776511 -5.3979214666604713457 0.92153313914394752171 0.0012161097653622500794 0.38829781680621722195 0.31581208215989203802 -0.58416056703283703033 -0.74767583930855774366 0.2259190169536117454 0.81163720528382121699 -0.53870738325897637999
-1.4645240841531521614 -0.45887620866471628966 -7.0320700534704139173 -0.19949031758714610985 0.004787116827889568646 -0.97988810417384486495 -0.89193591173185382548 -0.41498135264890056995 0.17955725080532342064 -0.40577572937771327899 0.90981732257977776523 0.087054563245086744039
-2.6425019657972756981 -0.78276529885675638631 -1.1336077397533486089 -0.99465806607134110706 -0.0061412896124285760308 -0.10304181753548175005 0.10106956736349255455 -0.2608533005237664848 -0.96007317333560782124 -0.020982710789498475179 -0.96535891779571902926 0.26008053691150351261
-1.8860482753082326024 -5.2694787222628631795 -0.9902923142731760997 -0.99963737838736632657 -0.0024963009321554811837 -0.026811941601011034936 0.02233617362381417823 0.4792625442913175382 -0.8773873198236096238 0.015040182133448144058 -0.8776680364015793101 -0.47903299552358308278
5.3478341120342332005 -5.5755205689644808942 -6.5985413076975181212 0.90609706779822507539 -0.0015618512140173797242 0.42306697383304531224 0.17361622057479769721 0.91328450134148764228 -0.36846821784634409269 -0.38580501769776442966 0.40731926081437747067 0.82779557143596771418
-4.6020750806141075273 2.3680266253627131334 -2.224419761110970839 0.97199603622129826519 -0.00010057418833010235704 0.23499722435563930034 0.21577865941078094858 0.39645772656522365596 -0.89233448952134730714 -0.093076719500216079095 0.91805297283514164519 0.38537704051426791008
3.8958731806106055018 -2.8000855101829027483 -3.9760166602633542077 -0.83843782069632721843 0.0073908937883109407721 0.54494714928608334326 -0.44339844712351761391 0.57214995208304775254 -0.68995815048449349316 -0.31689089276042115007 -0.82011572782164587903 -0.47643504810735920474
-1.0504824382987241194 6.5710963048746986459 -4.8085638229829914536 0.99570556430733714315 0.0095824808414753832875 0.092079342245610304452 0.0054958783529071904977 0.98675584756547929377 -0.16211937767068126948 -0.092413335231353102572 0.16192922329261813519 0.98246562388479186101
-0.24241523307390222541 -1.6374001490305125639 -4.0650758596400891065 -0.10219099238443378475 0.00083563242405330006787 -0.99476444588353285514 -0.033815809216776508694 -0.99942461018808714801 0.0026343115732645632811 -0.99418986723987834431 0.033907967631563000477 0.10216045031513297514
-2.7403711013329816737 2.9894558669010247165 0.44107061542090453266 0.98829286191943721551 -0.0039195445263482744935 -0.1525183800390843003 0.020555637822440860074 -0.98713451076415670293 0.15856520239988317056 -0.15117765983357767112 -0.15984397026197752489 -0.97549742200487843391
4.7159226733240471319 -1.7132582047910154266 3.6945379075608730801 -0.79438608609573513331 -0.0017147528029950662165 0.60741073898990605162 -0.57202198585023278365 0.3384674616894182142 -0.74714832870156422384 -0.20430759633788342367 -0.94097653371398359834 -0.26985471846581360333
5.2866103213372550584 -2.778375035802187476 7.3373514691344396965 0.99055742010890091009 -0.0055748749749133016257 -0.13698510224191859375 0.00065368153967918169248 0.99935359980036764238 -0.035943779246754584134 0.1370969371199575737 0.035514832607041663115 0.98992076778755355715
6.0100616147171521675 -7.0592403787223085843 -2.3721926390957048802 -0.92855812932193504405 0.001937743795986757861 -0.37118195756170851984 -0.046179818418174610473 0.99161415061454438735 0.1207012869523332449 0.36830316974089893911 0.12921927661948226507 -0.92068189604703565276
3.6235246216668377528 -0.9307800835821081753 2.995522992928556949 -0.99914503845385282954 0.0032011208791881068728 -0.041218260008750978729 -0.040136600082666035183 -0.31413842211794845705 0.94852838918139226188 -0.0099118851304882144709 0.94937179470131838332 0.3139983279554320883
-2.8631838278319157176 3.2569623434913412829 -5.8450211939582761289 -0.98490230702791625728 -0.0044449359755374005451 0.17305400358036898689 -0.14577893700283786615 -0.51782840857553913416 -0.84297226573496542024 0.093359237022007421358 -0.85547295796899758269 0.50936241620915245765
1.2304390013555044359 -0.62738550618942778847 3.8102427125433782074 0.98301282102856846201 0.0063353695370447953364 0.18342752461451941604 0.17681154303092161406 0.23537440663523737094 -0.95568643756839632974 -0.04922877151029329823 0.97188412467439810882 0.23025589300094420619
4.3411421070613878115 -3.5061702552612015182 6.8114586816431108574 0.2634010619526886976 0.0014628693660138289423 -0.96468530649923456277 0.47661658845052679023 0.86922733677620123149 0.131455181011694483 0.83872314155267846392 -0.49441045398965327573 0.22825817577854318197
-3.787293389709682323 6.023921122088905733 -4.5895300060289621058 0.990108493280791091 0.0033206415936599918692 -0.14026455315810959501 -0.002248634481875221372 -0.99921591816319521584 -0.039528376292159689287 -0.14028583384007037305 0.039452784803302103078 -0.98932470028560082209
0.18244242539676758241 -6.0620529706287173966 -4.6723128642329809779 -0.8436549605249913375 0.005292584502381722511 -0.53685966148601449444 -0.49312320271924076076 -0.40306805528133715644 0.77095113318001728953 -0.21231065569467555409 0.91515470351243477509 0.3426602604877537761
4.9877318286580827333 -2.7416722588307820274 4.8339885737335617222 0.88010756414206570142 0.0046419029016438097951 -0.47475164905185684994 -0.46970336806288515152 0.15427134846986362282 -0.86924052889375602593 0.069205646954196883835 0.98801761309142765999 0.13795569814588462543
-2.1259266365685158817 -5.7807656147579526973 5.7833807920192343843 0.91961087988915524161 -0.0019427848224764631552 0.39282573130682196805 -0.39119909850084727543 0.086512655882901939863 0.91623077098749639013 -0.035764436550207577559 -0.99624885744437174928 0.078797963926874145524
5.6755751512681538173 3.8925217116060313316 -0.89944182671203987134 -0.51567806776355307186 0.013165705332972474015 0.85668126781823961124 -0.84290670759613539609 -0.18701755404275843819 -0.50451235541796979334 0.15357217429332792324 -0.98226834352077407875 0.10753831224205689931
0.56158255357795472396 -0.25708113726427422874 -2.8350067170233543834 0.40344454813864755183 0.0089879317619801293859 -0.91495995194311496856 0.86898486620557036098 0.30936424530317929715 0.38621116767095181599 0.28652713463623075141 -0.9509011414498520498 0.11700094147695390412
3.2595326634910954944 3.533162292786856451 -3.6645758603447817769 -0.99955115098473412694 0.0081900951261843994017 0.028816989896793314407 0.027153390584124963147 0.65405779761537374828 0.75595706938834561495 -0.012656616636154652267 0.75640023778435405699 -0.65398661326888563039
1.6264870605839356621 1.4533057847214172487 3.3254642557742037923 -0.98846093518912858666 0.00060876762528092173352 0.1514747801024092233 -0.078732652784436224502 -0.85636425787665515497 -0.51033462278865449058 0.12940691245299079659 -0.51637184976847061435 0.84653054509340530664
0.2310117494943458305 -7.174006208595001155 -1.4613517792570320797 -0.98236714982867345825 0.0013314488711099114679 0.18695724158610019239 0.17322368866378790031 0.38272214001118654014 0.90747854918512171896 -0.070344414300532301376 0.92386253890347425077 -0.37620429634380625483
-2.7972390232310941904 -6.7299796143306975793 -3.5392413793159436253 0.98229944190055140663 0.0031227086482526287409 0.18729136427666565057 -0.050596205202079802543 0.96711901923580712026 0.24924049962111463619 -0.18035473506695304247 -0.25430503597638104418 0.95015847005432974015
0.86929724973230548812 -5.8908316987043400914 -3.2174720895126585063 -0.95125829210905199496 -0.015139135809911077185 -0.30802348654091654678 -0.15156033307464078508 0.89280608050311227597 0.42417775525724471519 0.26858355707705977578 0.4501867492315581587 -0.85158367978974269796
-5.7657625373951759684 1.3902737176227373261 1.8147562964415209219 0.93522809656663796751 -0.0060871714460355571749 -0.35399343741955802134 0.2956655208832875692 -0.53658060236714710811 0.79035634806336851899 -0.19475704647870609176 -0.8438271170726183712 -0.50002548869010920995
5.487867632787041039 7.088781572718634294 -6.6394634742746783118 -0.87882960568360390941 0.0039791073330329961022 -0.47711915794564901949 0.47582229098278916446 0.081454955800955089473 -0.87576151866776197341 0.03537897084130335601 -0.99666908092919492823 -0.073478374654801170696
-1.9871338161856852977 3.2784509258791918462 -6.8778292395728950481 0.9425421031904689384 -0.00023831243677170221157 0.33408730433887662281 0.17708130505551999967 0.8483257527259723263 -0.49898459761978369853 -0.28329594969408872229 0.52947460795504064368 0.79962493984236693301
-7.2523524031266521916 -0.81490247538919813319 4.5037700337604427148 0.99446066651224906963 -0.0045521181505050155314 0.10501076602102209223 -0.07349620893348722539 0.68410567990601778288 0.72567053543098936075 -0.075141799501860132016 -0.72936869753274768957 0.67998162697745090366
6.8443721372087127364 6.6387277215929527685 -5.2887427863289140362 -0.93991668680658468915 0.012851773827574174483 0.34116191723579475381 -0.33827843543943103555 -0.16996499126923161893 -0.92556987951185809571 0.046090367531282469549 -0.9853662941527935315 0.1641004094098663102
3.6406720032404793486 7.0880350474726059318 5.3108711726320434465 0.87126801645936369223 0.0035466291449363120114 -0.49079472788190520172 0.48905881061695211098 0.078064386026975504662 0.86875050008165732862 0.041394724940626091703 -0.99694201087920653048 0.066280492538531562974
-0.61914150538456935724 -6.6687972235622634543 4.5388155166258279394 0.97808269273509074182 0.021098790250582293709 -0.20714508737115719383 0.09294521943909213324 0.84599285983298022629 0.52503072985771759296 0.18632077810983618815 -0.53277661562942568718 0.82548994269045639083
0.8374003406281954609 0.31893771783397106834 -4.7918640685859967832 0.31980683268435400324 0.011633065693573856059 -0.94741134759455614134 0.044488541601638509349 -0.99900610719037130636 0.002750902143773638342 -0.94643772084311561521 -0.043028706452885465139 -0.32000651709994643035
1.1128579689583681933 6.5757555638560774014 0.10051940549534149616 0.99119842784604050845 -0.0041547293238305312013 0.1323193669109719306 0.13206374036923287929 0.10057654983837660545 -0.98612551234734024952 -0.0092111408176036285028 0.99492064801516111316 0.10024000717264304472
-0.65891240898912961654 -4.2640589060652844822 3.0277682205220894929 -0.82928086020157054659 -0.0094681413577406385584 -0.55875183149799745319 -0.31218668863510412592 -0.82144121159229233076 0.4772565424766636033 -0.46350051385322155184 0.57021460012613278678 0.67824964685625310779
-5.3778812043287382849 -2.6797471206052803083 -6.8450870334520939053 0.99918080869439895864 0.0070536115114807722282 -0.039849191979624845605 -0.037201309884399756667 -0.22752509975787557628 -0.97306135033871654638 -0.015930288122580439636 0.97374666908018092659 -0.2270763095867963377
-2.5440827653689139787 5.3097999392485544234 0.08515357258433642329 -0.99525218898004452761 0.01224815611045224073 0.096556009664677339144 -0.012770387890529186214 0.96704098046918063325 -0.25430033284764619328 -0.096488328431965697529 -0.25432602062158476963 -0.96229323894081864044
-2.6065669448248067752 0.22349629740079401952 2.227622405212207557 -0.48888319042081262999 0.0010200773920069385048 -0.87234866055148230224 -0.25250308416586464411 0.95702645686401377478 0.14262732329024011002 0.83500623866577605714 0.2899988281085674191 -0.46761657486130658867
2.8911166088767106253 -3.5606385782664045081 6.3794804470364550042 0.78008923273112451557 -0.0010897855472821456162 -0.6256673248176941593 -0.086111982756578775433 -0.99066893795376820275 -0.10563986841750877543 -0.61971405938770718347 0.13628597778571793775 -0.77290401529314600726
-5.2330352938551722985 4.3162438829763125625 -6.7034599780302821515 -0.82028058593919150887 0.011156530861809137514 -0.57185250908807716552 0.45947350854404728215 0.60827469316646054498 -0.64721402379690451401 0.34062274627132288485 -0.79364817738858139951 -0.50408205210088230519
-1.3604162445521328362 5.0092133728627885603 3.8941238605606587342 0.99998242469316001024 -0.0058874480395417023645 -0.00069875623212352702684 -0.0042112085157058496906 -0.7882981744304663474 0.61527900493398313131 -0.0041732514334855280724 -0.61526524860857378929 -0.78830911311953477671
-2.0137148167215812578 -5.9438525474953420868 -7.2472349340426500675 0.9659030172680769244 -0.0068654893518652381282 -0.25881311073549406743 0.12334442064164771735 0.89111672395729257801 0.4366888345036605279 0.22763460881241945333 -0.45372221605248058696 0.86157915221485104063
-0.30718074094796710138 -1.7313136799499564411 0.44113806540650840615 -0.57321151094921607427 0.0058140980285423492224 0.81938681950545444455 -0.79569676995775928674 0.23486536883647216034 -0.55830539026594949714 -0.19569162985178115144 -0.9720105219520599471 -0.13000127391889615414
1.4418342314928340731 -6.1861628871134426433 -1.0782132571658564757 0.95825160168831524654 0.0036547682688571076631 -0.28590297398024133724 -0.01247834184454850795 0.99950017416769787459 -0.029046390886026129258 0.28565391446062732284 0.031401345633445668093 0.95781824823172845296
-6.4654676358078946308 -2.3822083040648136532 -5.5107751080031128765 0.97774380605050159598 -0.0068200375257461256021 -0.20969152776862973186 -0.20950556792811073081 0.021409454955150276217 -0.97757304189796700999 0.01115646614810217839 0.99974752929265586765 0.019504126138160663567
7.3196993645257011352 0.86132478904298437339 -2.5136829840769849831 -0.92596992354762741595 -0.0016417169451725570697 -0.37759370419899668248 -0.21012706772878878003 0.83309043914725366964 0.51167072967794746674 0.31372968634315329117 0.55313436429758477964 -0.77176165941307561802
1.6181073198635105292 4.4582397769923662878 0.076376637578490336189 -0.54470929132536693995 -0.013351137264176554664 0.83851865517564749819 0.55305412504252104977 -0.75734812701737352914 0.34721023786278581991 0.63041488142121648863 0.65287484377715987449 0.41991846309213887167
4.05423906097782627 -7.1838225571695124572 -1.6496123147574965895 -0.99877400836255425531 0.0074625680131002155096 0.048936594672164102082 0.012851789913771661383 -0.91558417257914903598 0.40192095543593220341 0.047804934007595417667 0.40205712653948760815 0.91436576668381908117
6.6182358637901526066 7.4129900468580753881 7.4852512992207049791 0.99762518713112358082 -0.0068405907348202867752 -0.068536065832675630016 0.024291904810727717179 0.96605933909385233171 0.25717553676461546441 0.064450673868353985929 -0.25822966457769003235 0.96393129992236004089
5.3036766928044798419 -3.7445073965425410556 -5.1387540425773128305 -0.81729253747829466725 -7.1467366385986408686e-05 0.57622296298804975834 0.49934459116551432878 -0.49912212337296169018 0.70818930042280769932 0.28755501639860064911 0.86653165023105926945 0.40796447356585074928
5.1933992720018897771 2.0216370581524150118 4.7956804505350278944 0.9712045855810782502 -0.0056968017798104623323 -0.23817892307200108637 -0.2207144738197199807 0.35489447923400868623 -0.90847951526485204443 0.089703812587606762685 0.9348890068124502406 0.34341777902221465313
-5.9918466801194716354 2.0136929664379379368 -3.3911519125357520998 -0.96788903694320072013 0.0019042246777623314351 0.25137061501591584367 -0.01332366406932461618 0.99817711623607319193 -0.058863610136739311085 -0.25102448514216535447 -0.060322620557566763999 -0.96609931648254609993
-5.0723113429317470136 -4.9041975921244036485 -6.0827194176195797937 -0.86277426028734161001 0.013409992537354611247 0.50541146394385305651 0.10439963462582831089 0.98282957220763322859 0.1521405543707846364 -0.49469312919802033157 0.1840277264283440295 -0.8493600554711531192
-6.2449645976151426652 4.8837751007310163942 6.942238383631989862 0.98918952081976618818 0.0054342221972082729864 0.14654201148306858493 0.12351086827891311071 -0.5695805205805927196 -0.81260266797004510053 0.079051611731677254302 0.82191757482381333499 -0.56409426772347415202
1.2378789515823425127 0.48732204139328239023 2.8921805699282714386 0.98748639341462374208 0.0030823296540825355014 0.15767410080575602893 -0.12885913513677560438 -0.56062445393270332605 0.81798260674924738733 0.090917248708874867646 -0.8280644424781259394 -0.55321183374063609417
2.5821657362529255586 -3.6420377170481650353 -3.465980059887614928 -0.45623979517669588368 -0.0034153888208430923865 0.88985031573657369375 -0.02484827222271562136 -0.99955379136575017718 -0.016576535641304294272 0.88950987215693888555 -0.029674118108644113867 0.45595135052959934185
4.1877676221842410342 -4.63256819122283936 -6.9223830497731766442 0.94645625918633224938 0.0026136174924366664674 0.32282149626474454518 0.14311534566814826386 -0.89973482250672154326 -0.41230479866612446127 0.28937613460906336238 0.43642916741717369122 -0.85193370314018235234
4.7076407718353374676 1.5622949909219538966 1.0252508974004701514 0.96078722416204642709 -0.0052574319157305902245 -0.27723684693126610101 0.15341650671783116366 0.84292615874760679073 0.51569260840682540348 0.23097897166891934173 -0.53800357834182310768 0.81067926107562204852
5.7539499739338788586 -0.93070286303420468599 -3.9665195829723320919 -0.96012283263922881815 0.004333810155155519081 -0.27954492364267247151 -0.27937779791931371953 0.023008956973005558616 0.95990553385674681763 0.010592085470716225762 0.99972586541943342375 -0.02088065460728963374
-6.3524615206485766095 -6.4747764226369186602 -5.7494396263558193994 -0.918746200477147279 0.00043515172036900223729 0.39484836298477199446 0.30550525811950579591 0.63430147483979815171 0.71016066934005017686 -0.25014387134229854048 0.77308566773615605694 -0.58289501110473829204
2.5575956541904756314 5.5340860122429749168 -5.2221433637882572754 -0.96573843631135725118 0.0055279778145211439996 -0.25945850167659245677 -0.25345873076039476812 -0.23485994699400938868 0.93840261993417184438 -0.055748941086822351165 0.97201350132561237238 0.22821439220270456349
-3.7210629808904704952 -5.1629948868317399047 -2.4413967224079846652 -0.99803982066028962272 -0.00068581827950772581478 0.062578319166762194636 0.018619206365426233668 0.95140531380129600425 0.30737803113591943838 -0.059748150856481649362 0.30794067370841243791 -0.949527619369360254
-7.1302499876432801074 -4.7064516425575142478 7.4309034490549112917 0.97524825683975946422 0.0022341645173261474866 0.22110143834889212089 0.20956233792996875609 -0.32830008451386810675 -0.92103348529227213604 0.070529880563940133831 0.94457083536233166221 -0.32064228188206567172
-6.8156674011836324567 1.1872784517133736504 4.3398717602986112141 0.7192641971412554458 -0.0061035596392268890234 -0.69470983962410903789 0.068474755482079943669 0.99571530879599379205 0.062146855842279268012 0.69135390544386143841 -0.092270094771522773169 0.7166003119162185353
3.3677007369425848715 0.49932497688545635084 -7.1745660447797563464 -0.99748193756973280166 0.0037257684519594329482 -0.07082303912929703571 -0.051547582374803717353 -0.72395489425635839442 0.68791871455397524127 -0.048709659959563653131 0.68983724872731844169 0.72232398499206695863
5.3510050036950920216 1.1498170979240902589 5.2693110165999508254 -0.96545740525689127676 0.0033953834189612442512 -0.26053880710177768076 0.06733163537723388381 0.9692042668145410822 -0.23687452388533056236 0.25171104368305091681 -0.24623476716320386037 -0.93595405332102010743
-0.85515649312891006684 2.5932216719400389415 -3.0901093687567868784 0.9125756144555955407 -0.018027360877195620914 0.4085104186686569494 -0.3593542684710653301 0.44134288752285344426 0.82224142766259011861 -0.19511601070303430383 -0.89715743874351538967 0.39628054768626946869
7.1199716845732492487 -2.1469450548897071052 -6.345014157757887574 0.98459474217384779227 0.00047785809656341032142 -0.1748512663248388832 0.12056761404138401084 0.72238825280000995566 0.68089548585746328957 0.12663587220111688358 -0.69148751533803276548 0.71120206130442631398
