1125 14.717824617146108679 14.977075390850430381 15.033177056927090831
-1.5158864429940857033 -7.4536441826346058193 1.0893029727513503513 0.9083762177061691645 -0.0014498686810091407796 -0.4181513422034712768 0.37760499437997357974 -0.42673313116135141998 0.82177448426475152576 -0.17963049664538732753 -0.90437643304658832388 -0.38708674999906395042
-2.2337615715520335868 5.3689586293234068393 -2.477209345510695826 -0.98895794319038943243 -0.002460914500065565589 -0.14817601189271359385 0.14008468249157587926 0.31073969268156637069 -0.94011548499286823333 0.048357712227091523283 -0.95049186597889290251 -0.30696375091564293003
2.2625829710863873956 -7.2344132720320208918 7.4100074883091044953 0.90349416375500124499 -0.010245823048773507191 0.42847790978134653317 0.35299913381936220969 -0.54920740290437608522 -0.7574713460704434187 0.24308415740932690086 0.83562327139993441971 -0.49258891655365832918
1.6351471066403751031 1.6924814383643542737 -5.8200488096851570319 0.66002867644018825555 0.0017859021144236960146 0.75123828232474565425 0.30281222678813013438 0.91452838063765429233 -0.2682211705213497499 -0.68750774656301361087 0.4045178012917888255 0.60307416364316246415
-3.0096702157734540606 -0.42429233743189798123 -0.199550919726392606 0.89078962700413943931 -0.0098957838479951844984 -0.45430817061098816012 0.18956145947108862804 -0.90052802262877296169 0.39130005563962300119 -0.4129894593147309112 -0.43468535048060830128 -0.80030516215536584568
1.1630119172747834799 4.5910580028949885545 -3.0727623728925461677 0.60928721402898200488 -0.0052051049784411825699 -0.79293253035995159284 -0.72447281858462353465 -0.410162977468822465 -0.55399049364227959114 -0.32234798890784138736 0.91199738968713051079 -0.25367801491457503404
0.71695881756507573446 -0.76750743762860684782 0.94544413954696071567 0.83256097894996738962 0.0065991508607030312239 0.5538940941532117801 -0.4344802097889374215 0.62804833185014252717 0.64558674100550939023 -0.34361193755699076524 -0.77814635131722409422 0.52575573444340584217
-6.720368552910128912 -5.8318103342589004967 -6.1001395776287496986 -0.98605701175822224602 0.0034554682960820405635 -0.16637196068279924699 -0.10342912300557914607 -0.79593990853206919578 0.59647470903661792274 -0.13036098372165405568 0.60536577516802747567 0.78519952380158031247
-6.0237241769139533432 7.376362039174133578 1.3357625879548649106 0.95416103076047042997 -0.0064875694436421814729 -0.29922339283694021628 0.240266947096950928 0.61273911636162992078 0.75287619793238769184 0.17846154070510183987 -0.79025862015108894187 0.58621053535914402488
4.0664572340500590997 3.5994679222297385479 -1.2012695686472327772 -0.9654557592202203109 -0.0075071620922528862693 0.26045886336573798037 0.14324452196809955851 0.81969663799590308795 0.5545975374849586581 -0.21766070824704808473 0.57274869198939881709 -0.79030548012137669112
-6.3741723436818427118 6.7469355535552537617 -1.649690677215365664 -0.94069863641773121543 -0.016374369206813208649 0.33884798284029771231 -0.30175686264799417291 -0.4160156033367573003 -0.85783087705284932767 0.15501248751862850561 -0.90921004053711973469 0.38640423250768124452
-6.2594860951804793814 6.1595659627366101674 1.1915099971247036237 0.52831261644350002715 0.0066785752063319540894 -0.84902366041221810633 -0.36935346018313652827 0.90220087069625409804 -0.22273663902825682759 0.76450232227063374957 0.43126440329343429525 0.47911085741673875571
4.1120276706431360125 5.2010858174762759631 1.4006227851147863284 0.1120619876146016769 0.0055500949723619429077 -0.99368571861412091639 0.85139767738566418664 -0.51618633538211089462 0.093132497589498652868 -0.512410095406322319 -0.85645832567072288644 -0.062570204691143355147
-0.66883295004290410635 4.3384232383009315726 -6.9962532229627125702 0.54062437795286344411 0.017341527881074011302 0.84108534250334510141 -0.77828111930369670013 -0.36925276011892926853 0.5078689776704428116 0.31938030825115348854 -0.92916719192800178995 -0.18613046001698280163
-4.8155140949934551742 -1.9413400125495490212 7.049156580872044664 0.92934601843188946457 -0.019376319290478512258 -0.36870114764602862634 0.30003681499862516757 0.62158998403378462605 0.7236047273161734239 0.21516014424189242038 -0.78310309027586066932 0.58348578588527233446
5.174177268091863624 2.8731128122054783169 -5.0468326366502651581 0.99211661028496356263 0.0126527520813887219 0.12467774244590450194 0.12529690128717488329 -0.081844174752025447561 -0.98873768896856928379 -0.0023061059116364062554 0.99656481922839446064 -0.082784315855078019486
0.79251553973146404708 -0.37889472363557774592 6.4870793758249067906 0.49354133173448649918 -0.010826016273961161854 -0.86965496102844619397 0.14251813372727450968 0.98741284088701097854 0.068589089586671203591 0.85796592906052870919 -0.15779315264949467235 0.48887195209819339636
-4.2087937730020845706 -3.2117378268259164642 -6.2162030099880674072 -0.99042648343884298612 -0.0038419328247235543655 0.13798775472881688597 -0.098908275934622480463 0.71705485881207420285 -0.68996339207657486625 -0.096293996980986645839 -0.69700614703629448776 -0.71057012119790097238
-0.28614533039079220744 -3.8749926252126987158 -4.3654710102084717249 -0.53184834614643883288 0.012868471042308943925 0.84674183737089658841 0.80359056944171158854 -0.30778448516359679932 0.50942213084730336714 0.26716948442081267512 0.95136907304459594759 0.15335368743103558464
-6.5015593270404341553 7.1282622490955382943 0.2283350161168674064 0.99958260556694844556 0.016684282017987210611 0.023584939716138446364 -0.014009764025688606695 -0.43401824192632953991 0.90079514440685626298 0.025265414301209859066 -0.90074957696843782617 -0.43360334227449043309
2.9240485246204133141 -6.124672156323751615 4.7790936907485850327 -0.89557361068584806496 -0.0014488718930153799726 -0.44491101201628946438 0.12794287900809167557 -0.95859380446402142617 -0.25441803739972346232 -0.42612032051314546743 -0.28477327615743985856 0.85867668748622050234
5.3498820321136140166 7.0927709881442737583 -4.3008338637471696941 -0.91251306882564231504 -0.0026137988948406716896 -0.40903920017208855731 0.38833607135734221627 0.30862841613627040038 -0.86829925511658678783 0.1285106801202104132 -0.95117909397153377338 -0.28061243074122538266
0.31773058795536773813 -3.136677657082565851 -5.8122795858366735899 0.95857478967183773477 -0.011534392716417457558 -0.28460732666319221718 0.27986152531114771858 0.22415014691360704568 0.93350642112906978554 0.053027344419616269378 -0.97448636184570591734 0.21809271267176336129
-3.3360676990322177815 5.9120156884752042004 -5.0651910853581663119 -0.99835706088589915019 0.00020626618476978116068 -0.05729865996348305901 0.043180251910699893325 0.66004333137808024468 -0.74998551089221043853 0.037664901755829760521 -0.75122750093272128158 -0.6589678269977679026
5.702881302858343382 -5.1769499234820335332 0.11794354325281358742 -0.9997940812171941527 0.00023354361224955325765 0.020291392767152218596 0.01412059164749725898 0.72615143400641279925 0.68738977573277704192 -0.01457408846463174 0.68753475573805666876 -0.72600520356105102682
2.5286291623347074697 1.886856385085282195 7.2350240055649006621 -0.66953716794087159148 -0.0013192938172751664076 -0.74277738267221482538 -0.22371664363400087239 0.95392117165395151623 0.1999631506840393036 0.70828726100838867996 0.30005442462022680061 -0.6389808276928108377
-5.9401891071148096302 -6.566988704375861019 1.7913968452276025634 0.94064872752542139089 -0.0064851624873640137739 -0.33931978143411190008 -0.22040522313417718059 -0.7719544811706171572 -0.59624476233831780192 -0.25807268166184604841 0.63564472912799940829 -0.72756736410567113271
1.7365593029558996641 -3.288192996887694175 -6.9719575700530924678 -0.96871739085055086349 -0.0074227118520870626062 0.24805547769071328856 0.24593836211303793382 -0.16235672432278161481 0.95559123902865783506 0.033180396392498132108 0.98670420968801841877 0.15910331196835161838
-5.8769132407907882509 2.200098371924486873 6.0229425218355503446 0.99206664891530216277 -0.0078720045406745660366 -0.12546631282786863126 -0.046660306263856518583 -0.94980208219404627101 -0.30935225953458916903 -0.11673294277738140157 0.31275235603323708888 -0.94263427895776319421
-4.9938142943527719098 5.377026533036299405 -0.27071092152611653248 -0.97576516328327000949 0.0079943611546949566726 -0.21867426989120780645 0.088564774398710466308 -0.89939422454819162311 -0.42807278538223619835 -0.20009654384435549002 -0.43706534870541990934 0.87688953358024623874
1.1355222778759119784 -5.411998545913339953 -3.5405554130554666159 0.9982793754302498046 -0.011389063290044517535 0.057520238419836423882 -0.054895218247284091606 -0.52632738621426788939 0.84850810104231200182 0.020610764277081087409 -0.85020572319770260084 -0.52604697949676704205
-5.614435240334030297 -6.800578802760840702 0.29962998114889094481 0.82972608566083672077 0.0041720687932230932429 0.55815519044089711986 0.53107342377311672621 0.30188385456862149026 -0.79172416719003535501 -0.17180116802851233548 0.95333558214976832357 0.2482652341172116861
-7.0327536265247569958 5.4302693119482405848 6.5817468380431769504 0.97696459724312445516 -0.0033717167012011980964 0.21337480465165276078 0.026148110299323415462 -0.99044954079234215349 -0.13537349619475499973 0.21179341836184689685 0.13783446111442163029 -0.96754597268967257317
3.8301939835968639159 -1.7438936820694270757 -1.5998108206393069075 0.99126982438355160099 -0.011574387375034161929 -0.13133989806446202953 0.019904773468093620026 0.99785947942533914645 0.062291727494481224925 0.13033777372614663292 -0.064362200692278478953 0.98937837648810156299
5.2033977497240071486 -1.1591531131843506586 -3.3126043785888774629 0.74774115481291492102 0.020997706653433007018 -0.66365824165335540741 -0.14603239019515670827 -0.96982687092298602849 -0.19521880403700142548 -0.64773274304529038226 0.24288873327318311057 -0.72211311914137266132
-5.9447314498853494058 7.1583234553941297307 -2.8806133021080517764 -0.9797649190242027073 0.010769792719449149815 -0.19986173974540219489 0.032238473687946973822 -0.97702164672126234901 -0.21068787969948074568 -0.19753831087548712198 -0.21286783083116292414 0.95690433290564003155
0.71133698355008978531 -6.6334636516295066855 -3.2384951465646878432 0.9609574383896610783 0.0053626238098331566531 -0.27664425508124412811 -0.24545216972268404931 -0.44500446266313492538 -0.86123414968761835553 -0.12772640283821115603 0.89551229498856466105 -0.42631408086320343731
1.769480156686361827 -5.2907395053510652971 -5.4196488361188075444 -0.70269836796613160956 -0.007358949827321695572 0.71144982220469199508 0.70427205050107455353 0.13485762465477618699 0.69700380196629763141 -0.10107364909174960943 0.99083765922066580067 -0.089581530068313847126
-7.3460739637063854346 -7.1437018539060748168 -3.7620917765305823544 -0.99656689520945418437 0.0047829348984599505054 -0.082653172391292856203 -0.025699254077054176776 -0.96688636025732954682 0.25391005235777780458 -0.078701789766650098734 0.25516247741827374762 0.96368985592108491467
3.9733734534516580439 -2.5625619286403655828 -0.82120137854705332892 0.83757704366716123623 0.0045378986539690163715 0.54630037836132905316 0.29385789275568746648 -0.8467301756377122457 -0.44350371873264732292 0.46055644039260923428 0.53200321158839092295 -0.71053525463036648624
-2.4697887025457014865 -0.40960644021027237116 -6.7991793921580319093 -0.99995047268280401465 0.0088705930992128458057 -0.004512733049504625768 -0.0090484958009786169153 -0.62147559401896623754 0.78338126781431882684 0.0041445030157134235202 0.7833833024878409379 0.62152507952450120055
3.4372303159856087973 -6.8866388370658491169 -2.9924794146197579714 0.82988805791697606296 0.0033378283146813705201 0.55791994966023983338 0.40388136606374902549 0.68630630349038412863 -0.60486651414656311676 -0.38492291887244467485 0.72730496814712009002 0.56820931868042034996
5.3056544088754424848 -3.2850963806980453263 1.5084547083853130367 -0.99876457892592507282 0.0065599163769680442909 0.049257318036252287219 0.026174422166732078804 0.91204118738913730891 0.40926247339567783934 -0.042239975227649106948 0.41004614374830172796 -0.91108613450651398935
2.1900718690436544733 5.9138554270666539026 0.93679630557803039714 -0.96978763631896125474 0.00063165008303754351451 0.24394987489455613461 0.11009471340476156831 0.89350301098608642114 0.43535218322539459557 -0.21769495750526973721 0.44905675629810382077 -0.86657771440291087028
7.2766591166858960449 -5.7071119861135946039 3.4920850078991225729 0.99317264053907050592 0.0016396526620021311879 -0.11664226345436878862 -0.041457571788693838022 0.93958698637256732322 -0.33979047188028865811 0.10903841445100007079 0.34230630519807120349 0.93324006428981154393
6.9728696036398982727 0.17278139221655441915 -2.8078257448169678945 0.86663026572914358958 0.0060590827427309959866 -0.49891409083993615292 -0.49619147168872868026 -0.094551468243842501371 -0.86304927048015067648 -0.052402346757283918555 0.99550153559363774303 -0.078934698866084188063
-2.1443872743495271393 -5.6664492468882032838 1.3807669584700839049 -0.61215443183193141152 -0.0097797005999338913057 0.790677752971868264 0.6947834999973406811 -0.48407903006648322908 0.53192422466111299872 0.37754846009477094348 0.87496962810493661422 0.30312589822385127558
0.90751192777796108047 6.7269143464895746476 -1.764093281138466196 -0.93691602353579006568 -0.0015197278933259898009 0.34955121980766590273 0.24851302031346012011 0.70034800390856699615 0.66914419384454304485 -0.24582441615210637309 0.71379994665754753491 -0.65578959474447406919
-2.5186984370922500531 -2.7299504073048965758 1.2885026647674535649 0.99370772153144260042 -0.0013399025465022302087 0.11199628935782476868 0.092438744834087482882 -0.55482226706125692406 -0.82681759199145998807 0.063245890160951404035 0.83196782187421880472 -0.55120731194679128961
-3.0544005021235176578 -0.083122159812701684745 1.9504995371822801964 0.99536479409976896804 0.0010204485281261862009 -0.096165926146237729055 -0.00077309570348045846683 -0.99982649377177101879 -0.018611412496549396139 -0.096168232747566861907 0.018599490231911867955 -0.99519130320418747182
1.5034790322248436922 -5.3190221723980286583 4.8014617817185332171 -0.96533966176218199973 -0.0032913003020717092675 0.26097606168185094599 0.20990797467931890385 -0.6040277272637152306 0.76882322211460041306 0.15510634930477340543 0.79695650573853438203 0.58378279211224193279
-2.9627066332003071381 -5.0127580260977406823 -7.2548835323093134875 -0.81471906746482314343 -0.011152963053807011043 0.57974861148999412563 -0.51926164920503647959 -0.43094392277289716997 -0.73800723241045229628 0.25807010825410081623 -0.90230978429824415521 0.34530692490227221647
-1.1548617894321624444 -6.809059359070576356 -4.6421369190610963784 -0.92711301257894296324 0.0077050117859225235664 -0.37470267506418841741 0.35675369688587804662 -0.28821053960070125433 -0.88862899154900221177 -0.11484015702325230113 -0.95753606598213480972 0.26445495018697612322
6.0317127837649797684 -3.064066661492766741 4.1211789697967491364 -0.92654679222240066139 -0.0030877021498412178871 0.37616686180159558672 0.16952950597417618117 -0.89609235853547586359 0.41021729800028572388 0.33581362156167793298 0.44385690382129133758 0.83079495695616489837
-0.44903048617878699167 -2.3317733592000609022 -4.880887087461296403 -0.95565652837507142348 0.00011543298655998165958 0.29448359283572933531 0.14102860213715978643 0.8780480522925184772 0.45732105926216720659 -0.25851795518579140376 0.47857246529716923611 -0.83912863275300653143
-1.6697292270027339622 -2.3343566004585198925 -0.96769667124831171279 0.73965741650435490318 0.0046194748093006179901 0.67296773077353755355 -0.47663851707125043378 0.70954408611596841983 0.519001843832845422 -0.47510275757373704453 -0.70464590420315831309 0.52702136525530118849
6.7329420774743153899 7.0619383209163437698 3.4338526673135456591 0.98645632568524188599 -0.0017920229309310413413 -0.16401434744978163338 -0.14295292002279033627 -0.49969535918369334393 -0.85432371538375884157 -0.080426240571790444389 0.86619936311687539821 -0.49318382289307527433
6.8384327646770097786 -6.7689313843282938876 -6.3758007215564251879 -0.90533456433975034727 0.010903090134898759528 -0.42455912337073803409 -0.19498275955766442014 0.87741696849867167884 0.43831630914893215945 0.37729438120263059098 0.47960461425651534917 -0.7922299943177688597
-2.9227356700538815737 1.3226280219528609994 7.4108330876674815002 0.99810007494634445102 0.011774389573142460264 -0.060478129454229478945 -0.003619375204805177354 -0.96867096088902471251 -0.24832130326148826871 -0.061507239535114860418 0.24806840443830424636 -0.9667879427280813287
4.5316314929682297574 0.17958396335366497154 -1.4392661411990941289 0.99759373066488621351 -0.0063257265200488618784 -0.06904153620845977779 0.042254149501455860738 0.84498464898513048205 0.5331186826863641981 0.054966675249114735347 -0.53475314694101327984 0.84321867652979243246
1.0964032590574999126 -3.4930582124539113487 6.4141706008954946228 0.99595334677596702999 -0.0032250280470603721016 -0.089813864407285060043 -0.058187123964226303285 0.73848083732773173171 -0.67175911717255354372 0.0684922597848647563 0.67426675143728553863 0.73530480635973538561
-2.0922726682082637417 -1.0564662686832280158 4.0210513928574505016 -0.97147617003239594702 0.00028101927158975456567 -0.23713703229841079367 -0.17973096179084416257 0.65147481207372126555 0.73707350420919448553 0.15469593541160039929 0.75867021179276195042 -0.63284174744201249219
-1.0858338428693163902 -5.5182156023920336807 4.9146613360453237362 0.97822758774487916789 -0.0078084485225747846115 -0.20738807754200033751 0.030118593203862339264 0.99405412999849551703 0.10463869731835999388 0.20533790911158339432 -0.10860669760534800987 0.97264635316078484895
-5.7182139413885639811 3.2392076886993970142 6.0548504002510439292 -0.97483546873194482085 0.0042230429630892660914 -0.2228855643831689215 -0.18133683649340398558 -0.59656465097825728261 0.78181044309588654251 -0.12966402983413405359 0.8025539129000822669 0.58231817441659827761
3.8906671133361165893 1.0936250039326727013 -6.1938685195571769881 0.80904521000443674339 -0.013616085081130281306 0.58758867449601448474 0.55407836449405811763 0.35117402522480939409 -0.75476749400528098111 -0.19606890158449591377 0.93621119745193859263 0.29166004113866622616
-4.8418193642883018413 -1.7192697447495355334 -6.7664276244651837544 0.85796364019558624125 -0.0067606052494410089071 -0.5136659287115517003 0.11106787718146203525 0.97870417205062187893 0.17263276128641130702 0.50155988551801611308 -0.20516441657273662424 0.8404434802005855687
6.4027328839152222173 -2.0723855165009155144 3.5508077562850486331 -0.81561874458142280542 0.0099449914283445128849 0.57850424426531388278 -0.39354984566238770949 -0.7424649615823115667 -0.54209251959569615398 0.4241280260329017282 -0.66981107632526493134 0.6094821897031788005
-4.943744369855940235 4.4882408840190528565 -3.6752990566573693343 0.99616791997269660275 -0.013753779741415108825 -0.086373078908511841112 0.087385468776783714606 0.11540817315363650908 0.98946689354221650792 -0.0036407504686996536303 -0.99322292921184085479 0.11616780028846843131
4.9104074569788789262 5.7776183649522048213 -3.6583924044788842522 0.99572226707669919676 0.01380028942327675423 0.091360379046183576301 -0.069370828409565599149 0.76478668095332980048 0.64053807131360807059 -0.061031590290595294501 -0.64413576569544905848 0.7624724652984450346
5.3716512577903703374 7.4527774487042268703 -5.7445134839101541502 0.89396727856208946239 -0.00053827166887290139874 -0.4481319171001686974 0.37625994740234230962 0.54407832940479572414 0.74993814641804024124 0.2434151943511870253 -0.83903425540062592791 0.48659075353242231543
1.8653119008754037722 -6.3657617194461311172 -5.7788216084360799485 0.94049569047909353792 -0.0036093085370157637626 -0.33978644628957427321 0.040541557944546044445 -0.99160942617691150147 0.12274823011592414512 -0.33737847926274816546 -0.12921965333895724104 -0.93245806496661465257
-2.1093649947511194931 -1.3757453977458005134 -6.8361432196874893918 0.90379201964073951903 0.0037690760171376182577 -0.42795534731983980725 0.42483990103012492234 0.1128546074702986568 0.89820648854564055785 0.051682141271032558394 -0.99360436373779714714 0.10039583972920301802
-1.3637310983608861292 0.22335656842744849859 -4.5431013115138458858 -0.99252899612120837336 0.0030821965589918239037 0.12197004518675927387 -0.040469998605148625737 0.93476821068628956901 -0.35294556450415398574 -0.11510156850095817904 -0.35524483438135756597 -0.927659817268128295
-0.25869232755325627382 -3.3951831831862966382 -2.9403725800180424699 0.86157221133970818272 0.00098691286666983870507 -0.50763407160094831116 0.50763462177832208155 -0.0029446844369490463196 0.86156742023217303128 -0.00064453017779609537551 -0.99999517740661636456 -0.0030380494218285375094
1.0351800235244255077 6.9259864086384750337 -5.7609710275252012934 0.83272909208488443689 0.0045647458265109519537 0.55366183026379578447 -0.13917048033549206387 0.96958766734796741904 0.20132394971797318295 -0.53590468984581696166 -0.24470169272476932631 0.80803913579668740219
-6.7224882288829963528 1.5256862177615615472 -3.0669128871044253337 0.99987672515494785408 0.0048219539394537477839 0.01494266554433219818 0.0145475952358908589 0.073575597113766946777 -0.99718353324846731311 -0.0059077886064449140063 0.99727798545314549905 0.073496379259273519891
2.7961894985478563669 -3.4277288741589320153 -6.1768120452268258092 -0.80139589560799362467 -0.0085125038347838594827 0.59807370430503137282 -0.30093880419406815463 0.86986202536411649788 -0.39086556891063789498 -0.5169143590895202145 -0.49322164805291129897 -0.69966559959670615587
-4.669147296695387972 -7.0448161713082235735 -5.7554807106722591925 0.97220737749691565899 -0.009747330155019008277 0.23391837186395955661 0.089612939703118912882 0.93853856231062604554 -0.3333389987588424308 -0.21629224715275691127 0.34503674675417578266 0.91332760125324419231
1.7799643473704629404 0.5748665620075618099 -5.9811389451251413263 0.19448838203700624661 -0.0017723227825043792218 -0.98090322057002565792 0.98084461339099704436 0.011430942872439453506 0.19445610797037293782 0.01086800968737073117 -0.9999330939702633092 0.0039615588387846862456
-3.3508059669305034767 3.6301694423515891152 1.7805325690079685241 0.80266853934981086116 0.0063573715772831584578 -0.59639148196853342121 -0.061017071577316742137 0.99557189732149731221 -0.071508840291239259002 0.59329599098100549437 0.093787958130553253366 0.79950214883737791283
6.8701356525513990192 -2.4388757381168746363 1.5223245147880390959 -0.48138414148113606306 0.0029355289507989731565 0.87650481516085843037 0.68879830642222528159 -0.6171566980525891033 0.38036101682314860106 0.54205737832849720803 0.78683479379005583088 0.2950674598816004357
3.791655057740352941 -1.8319932398362488435 7.0388121569786621379 0.97839669111959959302 -0.010423259279384512743 0.20647341347549216795 -0.20646859208715848122 0.0015482482913094668987 0.97845200363063999927 -0.010518331035825841113 -0.9999444777552016772 -0.00063727466315189891088
5.5309557368438788671 -6.2689358822818768147 -3.5699612296505836007 -0.95390899945129836723 0.00084281924670969420033 -0.30009483571321193818 0.15964989109013372204 0.84816875283423809329 -0.50509571270265674059 0.25410535815072471388 -0.52972545376958435348 -0.80921036238279842046
3.0751567679101636799 0.42340798695355047476 5.0189316255005911316 -0.9975804019647475096 -0.0073418447734980643582 -0.069133486322816989356 0.043183566854621560638 0.71387431027330372491 -0.69894109099803336527 0.054484136861413748343 -0.70023536503603034387 -0.71182997435016848176
-6.028895215906237226 3.5669106720578485081 -5.6836922165330632239 -0.99163381291447938448 0.0016987443827096702399 0.12907166750355053564 -0.10142206898522897196 -0.62879121083334865716 -0.77093136990356758709 0.079849514759769230077 -0.77757232939848219821 0.62370291609584038728
3.1258927232872890656 0.58439555877104110149 3.6821055191636653525 0.99800300964157329098 0.009478226718160604955 -0.062451228687502038928 0.060597278772033337513 -0.42275944761615030787 0.90421370220581953614 -0.017831504471740002721 -0.90619237067507507621 -0.42248955582208180815
4.594865389002714906 -5.1458796826032395799 -7.4529420598219218164 -0.25494539338269556206 0.0029029997119255496196 -0.96695109441259985417 0.62870044580027739656 0.76026970248048364454 -0.16348005670669291112 0.73466903830462571001 -0.64960107149154322492 -0.19565237558886297564
-1.1358810707825603981 5.1602773679450049116 -5.6445112901208611689 0.89616360637375636067 -0.0067968944645215830305 -0.44367171741816180397 0.41005649490498041754 0.39472979113659506512 0.82221777101662052445 0.1695419169332429421 -0.91877211223186827649 0.3565295838884887103
-0.84752309164908168349 -6.9180828116767525415 -7.2227273621085910094 -0.93123174178736445317 -0.0055897283766582882975 -0.36438468412429397825 0.20361372059084739683 0.82127683435068266071 -0.53295948640207824187 0.30223979862819533304 -0.57050251208516467027 -0.76366091155020898729
4.6876756173602904809 -2.507998845913741004 5.2947294610003483584 0.99303937971172240307 -0.009177522339287222039 -0.1174247138619430586 0.086765592203025265761 0.73121004593808847094 0.67661185381924349169 0.079652510013778113351 -0.68209064045983169855 0.72691666361813667141
-1.9699046722664008691 -4.5551109711298929383 5.35022071451061354 0.9592192064680128416 -0.0031007119848855940053 0.28264624449683428686 -0.10462631507980917067 -0.93281296995941376249 0.34483807398320093229 0.26258683922813108591 -0.3603475387189046808 -0.89509653289653356989
-5.2529236786423751937 3.9753147812291125263 -4.8527194699320395088 0.9721625190600358124 -0.0014207307213283735907 -0.23430326088001202089 0.075587008364757277135 0.94842050524130194766 0.30787196917608772306 0.2217806138986871678 -0.31701187164222299764 0.92212625628852762372
0.30566003410761438674 -1.2361233191996727765 -1.0279170757400650782 0.999980157718157181 -0.00042131970653607169613 -0.0062854323295828849402 -0.0015186015162069839077 0.95221341984358331967 -0.30542969226863803112 0.0061137565620438035635 0.30543317691364685329 0.95219388593976928004
6.3510502822585612748 2.6205261126886139067 -3.8620760160310445563 -0.88166818458524220947 0.0061121131816015607935 0.47183032369953925578 0.3233971413078244872 0.73597741514798953322 0.59477015172748459726 -0.34362115954039523791 0.67697849778588281566 -0.65086451143957746446
2.3857129732249786613 1.6977747188007388246 3.5317763386829219563 -0.99761938802684380079 -0.0019582606535705521407 0.068932734228411396415 -0.004338971298795784616 0.99939858962218308669 -0.034403958917366306292 -0.068823905447643468625 -0.034621153596222996318 -0.99702790621058112741
-1.228260135092162475 6.8727896734090565545 -2.6300313144443880908 -0.98680893311960826697 0.0014331822226249988066 0.16188290676952460379 -0.048965886109590878172 0.95048067420746040757 -0.30690198753965047818 -0.15430642084155712923 -0.31078036287223548273 -0.93787264302786343961
1.4102289979552000698 -5.8918680782507077964 -2.419667481978489576 0.93173529789937170609 0.0055199319534076241728 -0.36309622002943098273 0.35660942744230594847 -0.20265661285061592478 0.91200877930371471169 -0.068549623687386138093 -0.97923430680257517178 -0.19079077931908505761
0.3422880117863094096 -7.0140202477003983361 -1.7656681689877580244 -0.72565616696455326196 0.0050836280368530325363 -0.68803872280011402207 0.14338623499380431792 0.97913579889124413569 -0.14399123217764622784 0.6729513466519505549 -0.20314340761079041631 -0.71124485304547724329
-5.2537467564970974365 0.82902881570514663778 -0.077477918400431666779 0.95808226981152555535 -0.0053281423978404941766 0.28644366840857043988 0.051599259179477302562 0.98668618549828679409 -0.15423322534039779486 -0.28180823395508447504 0.16254839970104134617 0.94560146839443293132
4.3882087053574450053 -6.9698315188813433352 -6.7015680394318328794 -0.95265122922202583045 -0.0047096687767141983544 0.30402870667377890346 0.25543579747664413304 -0.55480990869729507331 0.79179449264232293348 0.16494904919144445787 0.83196381185198964303 0.52974335950487250191
-3.2016940048477420255 3.2156908430538782007 -5.1649297819903692286 0.68524222568013426482 -0.0049289139185486764011 -0.72829856374462265123 -0.7006412664217480657 -0.27749470807632203861 -0.65734199833617124042 -0.19885901521386131763 0.96071452200815365963 -0.19360449186668821087
5.8049297236111003784 -1.2081113954058124715 3.0291155816406023504 0.98755823775886764082 -0.00073889997721941508974 0.15725196679659964039 -0.14556233804026744161 -0.38266503650510430568 0.9123481109646587317 0.059500695616325614823 -0.92388685663521041835 -0.37801156511117295356
3.3814610902525896741 6.1240304866971273512 -4.8229848336764735706 0.97942389379546623829 -0.0099456067506836602632 0.20156865125534736971 0.043154047173824698624 0.9860047292864104751 -0.16103540616102338112 -0.19714604859105516743 0.16642042762622000218 0.96614578444130849721
6.8632648335540800133 6.7780582445692747484 4.3325593752828517324 0.99988973376265422033 0.0041090850483526380338 -0.014270099372627456299 -0.0054188441608552951473 0.99565195952457163919 -0.092993610655949937582 0.013825933747807149857 0.093060684045051925151 0.99556443922078574627
-5.5333435301891986668 -5.546553795953944821 5.8898164458550574807 0.97956982357209398948 -0.0027583423058029979402 -0.20108543531203870725 -0.074527646527841287516 -0.93368761034810343613 -0.35024716442159120611 -0.18678487800125737062 0.35807797730397011859 -0.91481778050060269525
0.73461294720733150143 -1.2417790362587288744 -3.6490608213452104813 0.26605121911056928141 0.012576579130580873428 -0.96387684818504226758 -0.91914948928047846 -0.29800940799892705613 -0.25759388404941629958 -0.29048401877774726598 0.95448007962537440019 -0.067726010019749524615
-7.0698448894251280095 5.3070902078878061658 1.6020137884434391129 -0.1384767365831528485 0.0010390871831369163925 0.99036514161345301499 -0.47355161036281451237 0.8782036953184221284 -0.067135250441484925488 -0.86981208645784380273 -0.47828567804905247618 -0.12111872037412967085
0.43742451392532577525 -2.2886320951452909789 0.81769965194820437571 0.99676039960244766647 0.014145107572495194126 -0.079174627980897069324 0.066976730441767287627 0.39903431640642100797 0.91448659471275361987 0.044528904808925878767 -0.91682688129314493519 0.39679421161933370321
-4.134130823655546294 -3.8395340515638927137 4.9714534633606275449 0.86489119008855575021 0.0025486673116944932524 0.50195291970672095694 -0.040864422853805378033 -0.99631035882508545143 0.075470311001071307966 0.50029324226095817085 -0.085785623461763202413 -0.86159590212306969015
-1.9211646729180853477 4.3619507421437262451 0.29346546177578808345 -0.87444879431913724588 0.0096655844976515029737 0.48502152796569281135 0.44740855744908042402 0.4025431797014305535 0.79861415664717727569 -0.18752303547885734725 0.91534996856510564278 -0.35632786336832644736
-5.4227552416221138643 -2.4665078747953002036 6.0240069914254306127 -0.92753529978962034885 -0.0059993816632718296317 0.37368740286997381705 0.3154190433500707047 0.52376605497245720677 0.79131532700346329801 -0.20047217945682110907 0.85184102218566082332 -0.48391918559368307662
0.16298357124719911604 -5.1466968142224542859 7.0893145968421933389 0.9772541612045727577 -0.0098153521303805876808 0.21184419574538226883 0.031529665023470244967 0.9945510510079107469 -0.099368441481953354022 -0.209714531284721728 0.1037875994596508672 0.97223862789259851702
-5.3429741783584958625 7.2945007358728846114 5.8450853623945908666 -0.99600304930481209365 0.0014556382548075359491 0.089307373115058596991 0.067486698383391274803 0.66724825635223694587 0.74177173708367916127 -0.058510437673624182686 0.74483397177633814401 -0.6646795341899770504
2.4363704928281242346 6.0822045738610439614 2.0248380922182387387 0.90680899833564432289 -0.0093427614291358221377 -0.42143819635421575498 -0.41727097154225084585 -0.16184524078150394621 -0.89425446845105305282 -0.059852960207780560309 0.9867719244310984017 -0.15066118381695040029
-2.9365397274647992987 -4.6899231547293709355 6.0933868377282776052 0.85977941576376026855 0.007583832495899836372 0.51060928479003897529 0.46932095157307784916 -0.4058608311786655598 -0.78422881235611852091 0.20128884878103936451 0.91390342553230641265 -0.35251003979570966207
0.20324659732425420788 -1.6285503460704950918 -0.0042837911015149235383 -0.98709312012313787932 -0.0058527091340624080862 -0.16004036366242116451 -0.144207586429001694 0.46711495327822177837 0.87235760582466803648 0.069651591667042156431 0.88417722557174294185 -0.46192996174594874725
-2.8401164500541296043 -7.1487317994058159343 -1.6888930379621083233 0.82344389510196946969 0.0050300093283830952379 -0.5673754053759585414 -0.037746955659195169375 -0.99725981891757942144 -0.063624059214081804536 -0.56614072363478828986 0.073807537410353257767 -0.82099764217908355324
-1.4191985824819794981 -3.9461129558420400265 -5.6063823840853554969 0.98524379806734307952 0.0075156139098223554568 -0.17099173640071899105 -0.16506182889197623664 -0.22250917977704751105 -0.96085600250910474518 -0.045268653753011547924 0.97490162604365604437 -0.21798524841124836127
-2.6099246952099433017 -0.56534236837588458524 -3.7779944102521207938 -0.99944457983830092829 0.0077994695095740425306 0.032399075715982599 0.02775452164612444983 0.73293852163897033059 0.67972848257660689608 -0.018445009083026306373 0.68025016852110775645 -0.73274790335204353919
3.3561282114247417141 3.7146909691518419372 -2.370780391026266809 -0.8209462825912093864 0.007755185803539549512 0.57095276353900448196 0.40629253140495041885 -0.69464846733726326455 0.59362436418203134991 0.40121512935616537865 0.71930755864175377479 0.56711820289655034966
4.3907931806591120605 -6.3137534417206238047 -0.70418491040169017836 -0.9807970870061704094 0.0073529469283202834526 -0.19489229921097980802 0.0042000668512044408293 -0.99826097594202178875 -0.058799518277686570189 -0.19498572655121965136 -0.058488956929563636067 0.97906057440718419205
6.7769445137317170236 6.8104710106463546282 -4.5337398914589854826 0.60819195013106197578 -0.0045954950659029547566 0.79377668976903359432 0.57766806449106233856 -0.68328549442634689548 -0.44656527000385132231 0.54442828642788965166 0.73013684644155718573 -0.41291406661141699663
3.0807704626812353332 -3.6462910084393596044 -4.1781288243568610596 -0.98686223533944628095 -0.0020485886461939386942 -0.16155101901693671995 0.033733860329478476681 0.97526798347777787779 -0.21843623113029048133 0.15800302252842299278 -0.22101620684407324857 -0.96238603542661838031
6.7043958807084784723 0.62549576832194964116 2.6062462691843726326 0.99989545538176416439 0.0058622415057619503553 -0.013217883015343285386 0.013487762008364358179 -0.70759991336300398501 0.70648456662890124491 -0.0052113897268741150165 -0.70658898712992468383 -0.70760500611845522645
-5.7420517752002604439 3.3272211990218307776 -3.9303769820892493492 -0.99936447473483236426 -0.0098508200290369236224 -0.034257962324944636612 -0.010265639430425568465 -0.84080613741924437043 0.54123900074286501738 -0.03413595296734247414 0.54124670957221776568 0.8401706589093169697
-6.7007058072893599387 6.987443421710820779 -5.0861373902271767022 -0.88443319035379031057 0.0031372016658581789762 -0.46665628653909185797 0.45640627549577267308 -0.20272380395061825875 -0.86636965032252089003 -0.097320313854948409249 -0.97923093153636353581 0.17786382216092738728
7.2223831969336913517 7.0318700866804597638 5.6820058412017111493 0.89629460971526164759 -0.00030909634288271746819 -0.44345899140153738349 -0.42898032672589875292 -0.2540470600351124042 -0.86685406532446906969 -0.1123915115903199452 0.96719180918112268586 -0.22783360677370637082
-0.43747420670082293181 1.7386756698946865818 2.709071524553780641 0.99720151873921736296 0.011114808262369848396 0.073929642644279050523 -0.055425161862125781054 0.77355126598086398904 0.63130538595182594808 -0.05017153034114965604 -0.63363625206942142398 0.77200253730589851742
3.3115777743895815632 -4.5432582313192204637 -2.208618849473038992 -0.61789446531734149026 0.016638887912096445021 -0.78608496814236428207 0.11759274842011786799 -0.98657569147178147961 -0.11331527044455697029 -0.77741776108420701519 -0.16245477033925009858 0.60764304681674441433
4.7506348563342255531 -5.4436801783151302914 -5.9443790070053807995 0.97393295506424759633 0.0032711100958432333397 0.2268124751387835536 -0.13214438870025277395 -0.80452526580609395879 0.57903105030274060194 0.18437044116359427304 -0.59390941777200434437 -0.78312141070636887008
-4.9603114326010935287 1.6788543303455552014 1.1092239344012007063 0.99938281831278696909 0.0043181739400398305023 -0.034861667125206101392 0.017073245973109357765 -0.92702376728619284574 0.37461371992813735643 -0.030699946789361928778 -0.37497771701831750235 -0.92652535043938433201
7.1062698649187474587 -2.1757366264747832751 -5.2645025793840041217 -0.93948714165631430628 0.01184566196182232703 0.34237930859668619377 0.22174092242463000479 -0.74078751278595911245 0.63408581771134764349 0.26114148269607201369 0.67163497615383305206 0.69333367495182973705
-4.4559164529695260981 7.2088972434457172511 -6.5344859312344683033 -0.91367988408033506964 0.0061490970723398572645 -0.4063880633484591165 0.18617560967217111623 -0.8824821422527363568 -0.43193044691049564676 -0.36128619097622843848 -0.47030570612130395691 0.80516136954003059145
-3.467040756402434809 3.3977849751436197678 -6.3282951757723759911 -0.87640341659880860448 -0.0066246608975226682625 0.48153210198492296668 -0.45550822675096841463 0.33592830161241676867 -0.82441763174863047503 -0.1562987739433837342 -0.94186426306756743099 -0.29742629880361615147
-5.1281785142968834279 -5.7982391225187379646 -2.6471996322888835529 -0.86411540836275135824 0.0046662834460659457017 0.50327208031935366517 0.034870652483261668775 -0.99699895071464206264 0.069116784280793611139 0.50208425450868621187 0.077274304090800882694 0.86135943908553713744
6.7955958963901519354 -6.7082273783527890387 7.3110634376678795832 0.99943931594548507391 -0.0040286780564304019644 -0.033238885293570635815 0.028664074355704630137 0.6160057674747806411 0.78721995990908144591 0.017303889267167998911 -0.7877313401096480705 0.61577586119078520088
-1.2289879915631747309 0.56126927888197208905 4.1508728660305891367 0.95559774731132618442 0.0025487571250196001602 0.29466328100174155047 -0.1806859321243071137 0.79498822097696431044 0.57909094487857359912 -0.23277787537899050085 -0.60661951200492281178 0.76014947766144702612
1.5879826248723201143 1.4607057029190253505 -7.3258963680893876003 -0.67949471459236643334 0.0073717782979781090388 -0.73364336685183439979 0.21029595866852590635 0.95994946044577300626 -0.18512872050966527881 0.70289582628483471272 -0.28007622225847111919 -0.65383083983292544783
7.2352622958382264429 3.8388544376495503663 4.3855411286304040175 -0.99842836393448708421 0.001548105192333263172 -0.056021473216585182531 -0.03024982914224000341 -0.85638290349967860493 0.51545443099296273104 -0.047177854210514166833 0.51633896421219982464 0.85508381116024112512
-5.3345447248849344746 3.8167706233055249676 -1.2144133097707208169 0.99772383943725850841 -0.0040109703151434391091 0.067313091860011095569 0.047513047968039283375 -0.66653134474444453161 -0.74396134089476773088 0.047850292490305805504 0.74546621559284642622 -0.6648236389587024453
5.6669834079585044151 -2.9355349658058020879 -4.1677282850766550482 0.99503005355160401013 0.0052695311368182928477 -0.099435529720725654435 -0.047205474508896436148 0.90421692091617389408 -0.42445659743421348953 0.087674601257346856942 0.42704097223875964184 0.89997176195918848762
