1125 14.717824617146108679 14.977075390850430381 15.033177056927090831
-7.1492637246115462446 5.9105981019843829571 1.6151365138543776201 0.95754434377845265569 -0.0099233882362395001847 0.28811517846822048972 -0.22933131853197702421 -0.63181559527228481343 0.74041623422992830506 0.17468822524218213799 -0.77505521089580597938 -0.60726719327243716684
0.088337617633596446365 2.1825304411808241767 -2.8950199548505479719 -0.99839249837443111435 0.01989899224932123456 0.053070229857181856759 -0.045010372538765892891 0.2906855990601623918 -0.95575935719349736086 -0.03444539959931242068 -0.95661168328980916709 -0.28932266043292076407
1.5881357481038320678 -6.7912286467504427989 7.1717718828322478686 0.99030284591487327539 -0.00022641322280583494123 -0.13892523928294500668 0.13473848191832490939 -0.24208946894589300491 0.96085286621614962588 -0.033849887195237543525 -0.97025390376053133323 -0.23971138348925405404
0.316894768502301305 1.4693917049320812662 5.3172174808228662712 -0.86539597863614792228 0.0036163814009012606489 0.50107556510566564345 -0.037423496927494588615 -0.99764769996872348923 -0.057432992476316252484 0.49968918543241386265 -0.068454280601318681643 0.86349564528679945141
-4.8044234070682261262 -0.40614635224298079041 0.17785724471240030309 -0.25201421610196234058 -0.0028536698771540625758 0.96771932472737209885 -0.95221524290710823912 0.17903990681627426906 -0.24744866728806033662 -0.17255424091553595023 -0.98383767377319664149 -0.047837909722560578718
1.3201916694248547746 -7.3123610959942055842 -4.5638360918262330657 0.70073528438827015208 0.019474196571251288501 0.71315553484582239196 -0.56346737237909616525 -0.59801555507695536296 0.56998413675311054849 0.43757808614867238495 -0.80124787148166620732 -0.40807752568424904283
-6.606437940606143755 -1.9054647048584327784 -0.74880272988164009451 0.9946465971548162921 0.0084599804837144146341 -0.10298822990302415603 -0.090536707337835101161 -0.40908108823378264152 -0.90799546687964383107 -0.049812161093087718722 0.91245881659384320272 -0.40612517359495847735
-3.5323033649612360918 -2.9394195517045345056 -4.781792104929722953 -0.98674658034960049946 0.0023740115485341136206 -0.16225150303671859175 0.016883709422307817405 -0.99296380368380643411 -0.11720846782540596254 -0.16138812386492512596 -0.11839446204535361562 0.97976355557461680679
-6.5713575657351315229 5.1594462859303007463 0.16804656021527492049 0.9999663838321078968 -0.007959105122314319436 -0.0019707489514281641488 -0.0051833431253700424507 -0.79983847073099434422 0.60019293039224830277 -0.0063532794541520179465 -0.60016253913786377083 -0.79985283799942441529
-3.6807178558580422312 6.0058677220054237367 -2.7111751494971669807 -0.73056985583480693602 0.01582455518070581546 -0.6826545753152087892 0.66525363810166759926 0.24191255558640262224 -0.70633979955981796017 0.15396519976276762387 -0.9701690053300338068 -0.18726136376474228351
-2.5125490576335045567 4.1346253825066350274 -4.6981047376043187924 -0.97792262804844876101 -0.001792404558458355994 -0.20895961532498122382 0.19179189296569618128 -0.40470822154833246964 -0.89410688690107220644 -0.082965073033757955057 -0.91444411677103942804 0.39611709627254643173
5.9928589881450484711 4.7166022534141918143 -0.48498686802619983549 0.92075232076228785694 -0.014233973640299808425 -0.38988787850512923727 -0.076258491904898903502 -0.98662462290474617355 -0.14407114870909484838 -0.3826222761722193888 0.16238610615559320727 -0.90952237262435109422
4.9068097866834277099 4.1706525723569249919 1.1853335206233748256 -0.94256575127569652839 0.0010037496716253663936 -0.33401915664927656069 -0.30143442223126071244 0.42825238106225965717 0.85190209954476547871 0.14389959560814929995 0.90365861396946101092 -0.40335346258920801166
-6.4166104127553236225 5.5234878843540382576 6.611005565466723688 0.95666670858350444373 0.0058659741038188054768 -0.29112608786559801555 0.28304799056775747923 0.21597220833937944007 0.93447302810766963432 0.06835673868508693185 -0.97638189023197730076 0.2049530695146657977
0.67875984767086139371 -1.9436817508974102431 -4.3356738961875898042 0.95294076724474297002 -0.0092265473780881838983 -0.30301611334454353619 -0.12764333305086109083 0.89440685599472458112 -0.428653187877143238 0.27497467819890591967 0.44715908441297175235 0.85113904832072051487
-4.3133539703247203434 5.2607394790956112374 5.5187222397910309368 0.98557932942429760104 -0.00064286495851512267738 0.16921280133673102797 -0.14425655576501494881 0.51951593167335374801 0.84219548969127266957 -0.088450164106067125092 -0.85446052188623644597 0.51193142607906994002
-2.4634137879707687091 -2.2376425142553886261 -5.6401911334575594026 -0.92317937971297014954 0.011105380442084261325 0.38420893196024752392 0.3719713531539153295 0.27764125344128365303 0.88574976535158522761 -0.096835661332059744244 0.96062063527330454615 -0.26044356352497205487
-5.3015831874791485845 -4.2687597485957970989 7.2342907568818777264 -0.99285014390808024043 0.0031652038020365713851 0.11932549277746909433 -0.081949573332065733799 0.70876976953109738222 -0.70066374333893655102 -0.086792045559435607172 -0.70543277162601669694 -0.70344278057550313488
5.0541463761205305261 -5.5207505696841998599 -7.1452412123315278691 -0.9602645066921552397 -0.0086680196136670693147 -0.27895688308966781754 -0.27278652843604300759 0.24040544192418059066 0.93155393477623704701 0.058988024979140074588 0.97063385935647550351 -0.23321733207426720291
-3.146660375655018882 3.9987575400811659065 -3.8039495640002272125 0.95970713713273414491 0.0016855075027651547463 0.28099709963062491358 -0.14195983285714580679 0.86590002701762447401 0.47965044466351020036 -0.24250694173896630845 -0.50021425636957128624 0.83124971033579575508
-3.1025972655958087287 -3.4767572071392685018 -3.7623943518893954163 0.9621829830404694528 -0.0031724532600060249485 0.27238546710073591184 -0.0093431897631234134272 -0.99972818174441513417 0.021360417389510558822 0.27224366283242679154 -0.023097579230677765111 -0.96195108497327885821
-5.4249313310236981778 6.7045686711091683208 7.1173432670878700179 -0.89103056887070686276 0.016548213520116036163 -0.45364157874573557416 -0.31573673751903641449 -0.74060022553663273914 0.59314552895217342865 -0.32615155667032302844 0.67174211016158424936 0.66512231921438647042
4.0603343080687590572 -2.807151449463266335 -1.4618111418240575805 0.99105591154675842791 0.0025244658486719283481 -0.13342341346435362959 0.018685352466881032657 0.98734630215275809295 0.15747424306380430892 0.13213265225326042973 -0.15855884301264341896 0.97846821895808633318
4.7631089388870000434 6.4077732386097476791 -4.4752179801149862826 -0.9873017659683249736 0.00088229290213481803562 -0.15885353151620126844 -0.066289292523449297456 0.90647032783879899487 0.41703390083366664864 0.14436395884248739985 0.42226859498081287247 -0.89490126890082200006
-4.0478557973986761809 -2.3840060280543449167 -0.64867456837905967948 -0.99785318254202670651 0.0005113059066394042701 0.065488660521852384844 0.063839487028741787045 0.23072164607470618813 0.97092329353479100984 -0.014613212739988435535 0.97301966095187564232 -0.23025897032387596108
-0.20896580453360372176 6.829128809675296452 4.7643254564645660665 -0.93336007094860840017 -0.015211888831373397007 -0.35861898499224198478 0.16257718742793267341 -0.90865865501637610446 -0.38458823017854748549 -0.3200119311630691965 -0.4172625637437800683 0.85057881281583147537
-4.1860728855170128426 -6.8682024425324357253 7.5141227112172943592 0.9835788073483823224 -0.0077292510203035100919 -0.18031358355372278934 0.1769860495423498381 -0.15430528816128638581 0.97204208566962135851 -0.035336496752085833073 -0.98799298414722147577 -0.15040344169322678036
-4.0454149769657812286 -5.5467513840786848434 -3.4032762002593686113 -0.99663585464956971904 0.0062518354799981495917 0.081718344207091259124 -0.081290548087349756567 0.051504518418985394124 -0.99535879529647874886 -0.010431683396153936666 -0.99865319262279483858 -0.050823034600090188917
6.1945155169883534541 3.5754409697894180553 5.1294301488324718363 0.99994036996283575114 -0.0069440103515249311517 0.0084283592102243967692 -0.0083711359453815890191 0.0082289248652499501213 0.99993110206577706656 -0.0070128882582380855371 -0.99994203107769530359 0.0081703049194560145585
-1.1325437142308820704 6.0852648259013557563 -4.1923036926122341228 -0.94675908367522521036 -0.0029409454143867284209 -0.32192947724377163343 0.092547436924712150885 -0.96023725223566236409 -0.26339967983550449659 -0.30835403256173976594 -0.2791697875109012128 0.90938551799778111207
-4.396730262506326703 5.4077859452497403225 1.1517489456975966711 0.99545095292692165057 -0.0033192679874301188846 -0.095217554982287178067 0.035814386649486558423 -0.91305972773298027523 0.40625024713974700052 -0.088287768267701391411 -0.40781235397198439818 -0.90878729850389716738
2.2302332139362541774 7.3123580548465598739 -0.68965228816378532084 0.95287463913154835105 0.0044106420871988169519 -0.30333227381289828983 0.054856995947636384703 -0.98591582988849912894 0.15798951348410858464 -0.29836325527063284335 -0.16718409796304148363 -0.93969614519410715747
5.2484572600306558243 -6.1185229386532231644 -6.0326621431669451567 0.88997504869279497886 -0.0021017184523305977063 -0.45600438099198098429 -0.45159461805616230023 -0.14287058281745448896 -0.88071010980237185439 -0.063298606990799269334 0.98973914712163157947 -0.12810037864145629172
-6.8301911845465976825 -2.5183915627510677915 0.088948303975344589212 0.99313272714818534581 -6.8604315988302251583e-05 0.11699308338850332445 -0.075257407702426698526 -0.76601925315903129921 0.63839707578873305938 0.089575157567354610211 -0.64281762505641804051 -0.76076395292080722932
6.756338925434485887 1.2173300028644369331 -5.3676546148674484371 0.68311269136197483309 -0.0058079623014759291372 -0.73028988660266513921 -0.37166647841582833856 0.8580254417348505136 -0.354480422812955831 0.62866611147910222979 0.51357434603920992799 0.5839694438651701347
-0.22592520858753059598 6.7810962418946552077 -4.8511932799150319084 -0.99997550330955786713 -0.0038780128627572203921 -0.0058269886621786807709 0.0038422210944120635014 0.39172831708099514758 -0.92007291174879890505 0.0058506510487346258254 -0.92007276158630491025 -0.39170382085086419277
-0.1141779706186597243 -4.4567235194362258 0.092189117109067075795 0.99419361321812171894 0.0030969441455770642044 -0.10756146323514362284 -0.056548271542716799232 0.8654703415544848788 -0.49775835590670586273 0.091549726498003150543 0.500950593198939087 0.86062021284170320268
3.9160710146798134446 -7.1770921914669036923 -6.9914067497850691524 -0.96876262809749191796 -0.0087932363750935667313 -0.24783391494234449648 -0.1350533718459443755 -0.81946652080261972451 0.55698761928498152773 -0.20798931980906459893 0.57305959574704357085 0.7926809841087286701
-3.0401254148612895101 6.9152123298825420861 -4.2048048436489739998 -0.98861922209427999242 0.0089232365088977687317 0.15017459690602752431 -0.14843010524509497872 0.10475220705241752861 -0.98335928275209072424 -0.024505867922330511199 -0.99445832037734560593 -0.10223556851457653305
2.2770804578318060152 1.059542658405166371 -0.004558751223986697021 -0.99509492886300499048 0.0036264234371472543056 0.098858138786735494374 0.039541717174509882771 -0.90144201731821826939 0.43109017851964992474 0.090678195583082654707 0.43288467109186590243 0.89687698508746083181
1.821257578674198907 -0.88554438511275990198 6.982576349912902991 0.99712803854027765027 0.0061916816806819249819 0.075480711674366207653 0.0088426507291481659667 0.98031734515210700032 -0.19723009486857234762 -0.075216236844057815514 0.19733110720751892431 0.97744716063998771105
5.6369729929182126327 -7.3465264894495758696 0.09584329397658657157 0.56494035380698637283 -0.0070073361308028714323 0.82510198998715411633 0.72174967123787980849 0.48882867702625487638 -0.49002442447774224865 -0.39989974832259589377 0.87235166174951639384 0.28121658829887491438
0.22170564757607519324 -1.3034234628152054913 -2.0226952313546227025 -0.99616680895415654629 0.0034296376635104914785 -0.087406672077400784926 -0.086481822024100193924 -0.18868173603059915089 0.97822292804235644326 -0.013137092430858390152 0.98203230093214044505 0.18825508420356168449
-2.0632029314782922569 3.2217928639908439692 1.9519785456387206413 -0.82688198117921019037 -0.0066210544442823439024 -0.56233651032033027395 0.39142896500437623919 0.71118912320700899965 -0.58394639855699015385 0.40379395061936618205 -0.70296955316006404235 -0.58547779870210892028
2.1794096889548519869 -4.8092763786782946056 3.0381595507736247619 0.99941945311675062236 0.00071194673480318236124 -0.034062440659163556456 0.031367140728629082369 0.37102715501522337549 0.92809210357796589896 0.013298842593344652879 -0.92862174396962771095 0.37078942462331071495
-3.8723237266282288793 -0.59195629968446050739 -2.1617929350935578547 0.93011498423346639086 -0.0016159136400366383435 -0.36726489748899610044 0.02339931338117681725 -0.9976979537032051315 0.063649550742476135312 -0.36652228886893623017 -0.067795147315583684233 -0.92793600520876351467
5.0741935832274203122 -2.5990572146365842343 0.98280185278656839731 -0.73366014272272694896 0.0031151937553269143377 -0.67950944846109273545 0.67203020696600712647 -0.14470268171506112109 -0.72624825977738838301 -0.10058924348669584514 -0.98947027720508684556 0.104069085815308493
-0.71787654106946352517 4.8263126478989395451 0.22773909390669325181 -0.93413491875322340885 -0.0042329676604749861407 0.35689499233063992634 -0.35014659725253977074 -0.18301261676571534132 -0.91864233656898941494 0.06920486975927744866 -0.98310145157521833248 0.16947631667066173633
-2.9275409531024658705 -3.150248222071923454 2.242085002871791577 0.73465635940733275966 0.0062132164524471974673 0.6784109591712447207 -0.59091618991816285966 0.49713435844656284068 0.63535461448279006991 -0.33331380120689196866 -0.86765132720075810457 0.36889440810588852715
5.4861322151572311512 1.4570867068698478697 3.0365441147978211589 0.99978732535271985782 -0.0035219610128367682088 0.020319937369171515995 0.0005080337827690802055 0.9892164766572943968 0.14645990649803275474 -0.020616642930842327824 -0.14641843497447318279 0.98900788466715927605
-6.2876631057915828293 -2.3839314259903554571 -6.2005181149547023978 -0.37888191488351841141 0.014201949919101782699 0.9253360466298139464 0.84452645151153482583 0.41419500211864801464 0.33943714133446295511 -0.3784488965124149229 0.910077362007443047 -0.168924917907682548
-4.2998192210678265468 -5.0587164085626596943 -7.2087163038999895193 -0.99052908945189321877 0.0012152518489211318331 0.13729765516122646729 0.13466292718729894196 -0.18655254594716347283 0.97317215519253874589 0.026795876383806933874 0.98244423290264148996 0.18462207410073519509
-1.3762296680307011254 -2.6527971841007098597 -3.8267013773607057026 -0.9583564924395417961 -0.0059384842897337204726 -0.28551281548008150546 -0.16651566930652661469 -0.80061156777799757922 0.5755811406010232778 -0.23200294238314470019 0.59915428058594788485 0.76628244321604643829
-2.7693392782510195538 -2.9251205303171707861 5.3662799857764378331 -0.95754051706746978745 -0.0051631623696949116228 0.28825249336018471391 0.046644074294258576485 0.98389232143999427738 0.1725694936680562952 -0.28450041916897539362 0.17868755291286736453 -0.94187593128115854046
-3.5430128477094271489 -1.3175022535423257519 -0.44655252556411184628 -0.99995790091985203851 -0.0056251049892327206065 0.0072494539007559692656 -0.0087443381307670403624 0.34474579297716090309 -0.93865535462985205672 0.0027808161848626618273 -0.93867922977894602266 -0.3447804673163877287
-3.113216574863793884 -4.0479556117870600929 1.4512775561496293886 -0.99534493031696713583 0.0056705659589383833677 -0.096209741574832557953 0.084986739707638758734 0.52241488124494994683 -0.84844560575655403323 0.045450233949403784361 -0.85267258460413120069 -0.5204649264825218502
-5.724137110413792584 -7.2064744087709859954 2.1288779806629682945 0.64742103781735560464 0.00014016156448758772431 -0.76213252138075182618 0.54298656119246191398 0.70163106040645151218 0.46138860999938546836 0.5348005180960689886 -0.71254040968045173621 0.45417460344737092814
-5.392970583556158104 -4.0058587640091962712 -4.0680009121769424851 -0.9719395108735763289 0.0045022354677820130425 0.2351878336110662937 -0.22904378629593463712 0.20968917380329135658 -0.95056267249928361185 -0.053595999496958562913 -0.97775773086455852745 -0.20277398396348800258
-2.907953189656174775 2.7187258431576526441 -6.7201158533064369038 0.86636118156086394659 -0.0036728478536045012365 -0.49940445860355836549 0.46279921417258457206 -0.36994387113624660479 0.805579555084408927 -0.18771038981832932624 -0.92904684618028865462 -0.31880521820845053593
6.1228125655149838735 -0.59159839135038250202 -1.5045360202503150759 0.76767286081208963022 -0.0042594338401466163083 -0.64082777405151836181 -0.23827890142636196091 0.9263864871197180495 -0.29160116875088681887 0.59489624633840099133 0.37655004143569514863 0.71014683156877511649
-0.051878761315895985384 -1.4118456809724986289 6.5073187113406065762 0.86977446137690583861 0.011881932601515845377 -0.49330640175662254787 -0.025199580730942323231 -0.99733604558199684398 -0.068452854679458260967 -0.49280560819396457273 0.07196965930466900363 -0.86715800213807858743
-7.1919455969038930121 4.0280584276849840109 4.1310635751400113236 -0.98896375980721806798 -0.0096657177784708458307 0.14784199568357442311 0.14640296427450108507 0.08936531152277914225 0.9851801932377902693 -0.022734419709179384123 0.99595201440443004159 -0.08696396474531252474
-1.8510627516263458148 -2.5482638092469049873 3.9248746232859699212 0.77544770480632940757 -0.0044390641863941678394 0.63139619243374445201 -0.25333602341991046103 -0.91814573767140472693 0.30467895174061682129 0.57836123344195222717 -0.39621799442365501775 -0.71309857982363544782
-6.2279607657886142391 3.6574283618719465316 -4.0536874346317484097 -0.9018207978538552716 0.0057474752726078895404 -0.43207200220134384105 0.4069436070615264911 0.34755583397442790794 -0.84474957409996598301 0.14531396777343394411 -0.93764167398754716398 -0.31577197781253896203
-1.3590895409160570484 5.1132845651062162062 -4.7790658369034373365 -0.92481170851562866098 -0.0015985022552919229272 0.38042180350627508023 -0.25948281416305762903 0.7339157285132226205 -0.62772316557138996274 -0.2781941281666595045 -0.6792386533697145623 -0.67914864265641816665
-5.3288182780652419979 -1.4738646267631503317 -4.5966049233251062844 0.99656249332656043904 -0.0041526910090649050977 0.082740268625546342651 -0.041043515604457826706 -0.89230520036838967268 0.44956296469194317877 0.071962675892963068325 -0.45141354050706605783 -0.88940833632553684129
-7.1534632343986377379 -2.870919069071172558 4.9014889665447656242 0.96699607952587085524 0.011656940072045859913 0.25452445448296345809 0.068015615539135904077 -0.97451221743246552176 -0.21377514850324713658 0.24554522643396328729 0.22403136794412217836 -0.94314234766153826062
-5.4623812703925826995 4.0706523166885268949 -2.4463403604697808724 0.84903037667629910334 0.0002091184672895256497 -0.52834399376776164381 0.41776031765705240462 0.61194126000192061721 0.67156847104254024927 0.32345592663000993783 -0.79090318660171754495 0.51946935708581631896
-0.32171408971474635408 -6.6009540385126852513 -2.4655211409669472999 0.71425085512134556254 -0.0030904428166409758649 0.69988296530320770472 0.69986342467377038457 0.011833253714338848664 -0.71417866175800670536 -0.0060747643836885547447 0.99992520883786639718 0.01061479947771426513
-7.0502522736633297384 -6.6499733887190002335 -6.1566384566602154749 0.99981275509466605023 -0.0087938785880242471144 0.017237240188769462762 0.019256310827439337974 0.36420332417741335673 -0.93112036448115131915 0.0019102992596768224309 0.93127794259150686873 0.36430446661989329682
-2.325071181768807449 -1.5199518163644227808 -3.9704089977347338802 0.93136570579500155276 -0.0080742154963548019159 0.3639955069956356537 -0.16906483020348306301 0.87584008451504680171 0.45201905882943060888 -0.32245155489959381745 -0.48253388834451438338 0.81436235260595790653
3.9997016397965245993 -6.2735612137082883422 7.1153855763150550828 0.91545925758861057542 0.0059435992713345771332 -0.40236677462606273981 0.24708814499710510248 -0.79750683282813761288 0.55039104298159224893 -0.31761894826527375946 -0.60328063554217981057 -0.73155360602131014325
2.9812088632660684873 -2.2750546706347480885 -2.7534572737935958386 0.98691027695951727416 -0.0022875182161550796159 0.16125406193936617227 0.15500176994032163758 -0.26261257495105794213 -0.95237024669657255327 0.044525908715055996512 0.96489864894606547363 -0.258820479705751616
-0.43999976658090100834 -4.9935589687241410672 5.5989962151702812321 0.99896944244235141852 -0.0048375203969765840847 0.045129275008693937876 0.040270003582261633401 0.55314179287505427229 -0.83211326379672767573 -0.020937523203276540984 0.83307307925016249595 0.55276655538362806652
-1.0923364912568012119 -7.1315870089503796692 -3.9579211120497439502 -0.99809614175993266461 -0.0021219244928513793583 0.061640808239507682842 -0.05604259038904043505 -0.38612819045259644257 -0.9207411409296292204 0.025754996922041209495 -0.92244269088894448316 0.38527413897023921052
5.6043986741820130959 0.15326697228875710288 -3.9619552080947659789 -0.86540489445844770433 -0.0074360547069184795843 0.50101803733765981619 -0.30132731488758729421 0.80661052789072784641 -0.50850890414833194164 -0.40034512354952073165 -0.59103651442696070184 -0.70028538515666438613
4.5876452214268379493 -2.0358973789226317841 -6.7450569009762197936 -0.89975530377470769317 -0.0021999558018565863043 0.4363892225109994305 -0.38678197818202753044 -0.45906226365204938489 -0.79978843417769462931 0.20208932352525332821 -0.88840137228907156697 0.41219280322679285877
-3.6575088971604743371 -6.7067984888772214092 -6.5451219204446386968 0.99725833239997996316 -0.001678513081357121961 -0.073979734067724928215 -0.066285901615971018486 -0.46466594696507479423 -0.88300154981625533779 -0.032893733534530560092 0.8854844664503672691 -0.4635032491465200799
7.1459878467816277947 -0.83143013534134524445 -6.4703080932591401364 0.98837112511221780764 -0.0081134538819146277688 -0.1518442982485446735 -0.042582560037529137986 0.94385392748722019007 -0.32760721778929285941 0.1459768633213912592 0.33026343338775515646 0.93253247661499305554
-0.67906965025215959564 1.2731794512539356123 -0.23438014988171357311 0.8798251350300517748 -0.004459959931476399804 -0.47527659370802782801 0.39495942383090826278 -0.54942780915133615505 0.73629894476245982826 -0.26441404141316504628 -0.8355292881093782098 -0.48163889317101660215
2.119912365637388163 -1.4942482094482962829 3.5980962349602743089 -0.94657318514462862602 -0.0032226781434035603816 -0.32247297485315190579 -0.26427710376079671661 0.58081428449598238029 0.76994310137389154747 0.18481563135417303223 0.81402971768293863608 -0.55063490729899955411
1.6353891330792449388 -0.83297082982952341812 -2.9998585371942962929 0.95088373129658321226 0.0017427172672474162182 -0.3095433612468557194 -0.28108901478798647977 0.42369033707009773337 -0.86108969569894910912 0.12964989518319844364 0.90580542127425600629 0.40337010730721994944
-1.597911547276508637 -6.2655604903325157196 -5.9894580677418058912 -0.99530340051552446123 -0.0047392566549893377914 0.096688574137738875214 -0.089751715137259643895 -0.32908258802019002554 -0.9400262123430018768 0.036273551691911633255 -0.94428925108165628899 0.32711166249364681535
1.7071277719353219471 1.6742654480888583546 3.9081572733317218038 0.96855138646522509482 0.0065876221032445479026 0.24872638583648370991 -0.24838250448673560022 -0.033221406747970166906 0.96809218032094390693 0.014640465877873081596 -0.99942630612204585994 -0.030540389489464581096
5.8985185371770940677 3.3063602044964031101 -0.33929808471990657859 -0.66029911300728461043 0.0050334640554859817752 -0.75098584913519550454 0.70678557889410131843 -0.33389307615518937222 -0.62367424122122760988 -0.25388821719234322405 -0.94259751640622169155 0.21691172221828103339
-0.36610151862372053433 -1.2939643502208169057 -0.86510125844035423714 0.99131126144043091308 -0.00010424933326856232127 -0.13153696086412780542 0.093301290748336374037 0.70544777172726758074 0.70259398695814512248 0.092719210986657502049 -0.70876189972177172649 0.69932804706875473233
-4.5562356849848280049 -3.9025095103650913053 -2.8033156249091235601 -0.80866517468943144298 0.0034223761129393063217 -0.58825923077024822039 -0.56705447161279165513 0.26159088500217370088 0.78103740954435907362 0.15655625656161056836 0.96517278050382637744 -0.20959876503905292
-3.5206033658528639307 -6.8446247523031846782 -5.4398918155031656951 0.99650208664378103762 -0.0086362475514138361404 0.083120433966478501908 0.081908809097110943376 0.29814878576635628349 -0.95099855338394856386 -0.016569197531407287016 0.95448033860020387031 0.29781327189850959059
-2.5185578774711991912 -3.6604651387343576374 6.2699287060576551767 -0.94068399137789926456 -0.004990853804354526517 0.33924728406228288335 -0.11880079639680383996 0.94143693048202237161 -0.31556754696885230826 -0.31780497028971244067 -0.33715218715401240601 -0.88618756680311538965
1.4664118167031545692 -3.3860810099691889263 -1.6226725884799335642 0.93911089951355031236 0.0041680193264435824729 0.34358892012090574974 0.32413920213456559605 -0.34259717223294516852 -0.88179416828271095508 0.11403725730860608811 0.93947315299213662865 -0.32308775704546083274
-0.94137692278199702756 -3.0270502493840059088 -5.0833153986948191871 0.98521604518782712745 0.0062672554703125417375 0.17120182771627667773 -0.11376136555603676148 0.77112816782315207753 0.62643411504854995542 -0.12809252910043569806 -0.63664909510553524541 0.76044081537615648703
-7.0739483062501422594 2.6824902228080738098 -3.7581254933486309966 0.99636510209202033828 -0.0030589694706253068787 0.085130641010710911276 0.037175999698540414251 -0.88355235263933262768 -0.46685456535413200063 0.076645472009361947929 0.46832241335576213492 -0.88022700979303336588
0.26208796368340114835 -2.8186483639503294718 1.7462433609288836589 0.88740565247164882035 0.0063513479397505102908 0.46094562406054717663 0.43633730235536860587 -0.33417665482080100015 -0.83542547360379426635 0.14873118884224478808 0.94248905762992762902 -0.29932158243839973588
-6.7697327271851861497 5.1013018172325637067 -1.9824249368270299154 -0.99936102763385348258 0.0013789626598838602978 0.035716031532534511794 -0.033863447513549457812 0.28321318216959284753 -0.95845895079956655582 -0.011436930048937078014 -0.95905598997513563653 -0.28298552034283014356
1.709845625453435991 2.3314797764206764974 2.0192640484672610413 -0.86677940474351722333 0.0094879935912190304509 -0.4986014856477489765 0.067636792441472595727 -0.98834376785724864511 -0.13638863899134437419 -0.49408372551702423037 -0.15194266851444690469 0.85603428533206904483
-2.3433472418201173326 -5.9742006294457556947 -4.6663286232300080769 -0.96669235714601375875 -0.0040755327424445405085 -0.25590872722210505907 0.12704157013285630184 -0.87564168058784452864 -0.46595288031692522202 -0.22218534176165075089 -0.48294413470946134792 0.84699388230138283884
1.5678117643863838104 6.2401182695699084491 -2.0824605882642295285 0.98403688540052791645 8.1537708043782040901e-05 -0.17796460750064760359 0.12667113100589857955 -0.70272632659968148339 0.70009294702436819513 -0.1250033309193847586 -0.71146026119189220704 -0.69151895418983733155
3.9831257345319075469 -2.7262309878902448723 5.399698531651469402 -0.60122001047095752213 0.0046495192695823386181 -0.799070010061651681 0.57934274927793960597 -0.68619148813067065706 -0.43989000952079437834 -0.5503603164005975712 -0.7274060926247629677 0.40985838840249655401
0.75034795355075190049 -2.3778989927308957775 -1.265310342028452828 0.99990539239796627502 0.01057366721645423141 -0.0087979437977285957634 0.011998499817414543314 -0.98322961079812754015 0.18197683493182653658 -0.0067262363623891274073 -0.18206518066690774438 -0.98326345794657554755
2.2180890971416804547 -3.5356861555695591193 5.4149143465822922039 -0.97839392637996058788 -0.0014811248617285610162 0.20674411984852242297 -0.13478297954209589316 -0.75370356783435410453 -0.64324527224028393846 0.15677650732348025198 -0.65721285600849632669 0.73721936263814136225
3.7324016273460407511 1.7478121624325875239 7.4468211064236475849 0.96674491361764447461 -0.0026448161833749058922 0.2557289129952148854 0.25142506966519878597 -0.17313541296929460533 -0.95226548982930347975 0.046794298138030460121 0.98489447847140165759 -0.16671280676198108051
5.7786826596344154083 -4.1022684760156478134 -1.8579907002937023908 -0.99549584256134648896 0.0090132290455460888079 -0.094375786858682114699 -0.016425790681078460131 -0.99681306537450165006 0.078063474808719418574 -0.093371413417197693385 0.079262061548279749701 0.99247131180479475354
4.1599295287441178104 6.7920293763815209331 -1.6159743467979978959 0.52084035519728444363 0.0047747916639621643467 -0.85364074748252694036 -0.57312256759305513221 -0.73914975642510161169 -0.35381938908478166583 -0.63265776444580101856 0.67352419328582480151 -0.38224248082225403822
3.0117792497243649485 5.481483071438590926 5.7742472257920152146 0.95772508398073719071 -0.0062533042905292841179 -0.28761703652517106589 -0.16770281475565301799 -0.82445940088184610506 -0.5405020464536519631 -0.23374864585083099389 0.56588655442855206879 -0.79065414567927205791
-3.6240290939409347537 -3.8409773750439932805 5.2817976074908870032 0.93442496677407471672 0.00046893438172222311894 -0.35615974164660751944 0.10240857334112081489 0.95741546732758586735 0.26994093247974415561 0.34111943007611605916 -0.28871335788697860547 0.89458489334567936613
-6.7883010791585078891 -2.8989688328766063385 -1.0304570012580602789 0.98781550638813020448 -0.0080415578991273693049 0.15542155154820888607 0.14160439484910228303 -0.36787167901308998053 -0.91903135046612449699 0.064565630938746940148 0.92984179360082241939 -0.3622506289501596366
-5.2828391779571326481 4.7169032222151203726 3.2716301517991115411 -0.9719628135211739739 -0.0060042427294101823401 -0.23505794647532121666 0.23379615221586044771 -0.13119047459787355758 -0.96339421764087262989 -0.025052910829213029253 -0.9913389977420028476 0.12891603164439147111
-1.467851934234953859 -2.717266805380193162 0.93557141090776274606 0.88828875490234371348 0.0089002664143308547751 -0.45919916503804475427 0.45309945652730526655 -0.1805234330818882571 0.87299036226235970926 -0.075126362939734334101 -0.9835304140523102312 -0.16438964147837661911
-3.8352132638494818018 -5.4925186490760520286 5.4401496278704444265 0.95798003395472608457 -0.016395926445639533858 -0.28636589905228632125 0.24134185404648586526 0.58560933032413864385 0.77383190792488831811 0.15501085132808059552 -0.81042759444206435848 0.56495906943541529532
1.6213817987960841283 1.9173252577798736151 -4.2975307245246963106 -0.87484944226081029495 0.0060981803550180643456 0.48435654798133276344 0.094539529094551197352 0.98284118577265910943 0.15838396695265916092 -0.47507970995884524212 0.18435296511152191035 -0.86041458230320078115
6.1229712892307812666 -3.4711183896681041539 2.4763417080942882187 -0.99982631379562725282 0.0062517025528883952631 -0.017557290706075943942 -0.011146880692728892981 -0.95558094345811472881 0.29451792398839227172 -0.014936173960201169081 0.29466247931290723283 0.9554846592137150596
5.3419830827149192842 -3.443483977169832233 6.8042046741650077379 0.99613603804826489352 0.0029801995238530956667 0.08777307168163044071 0.044001998002814686484 0.84799728028235243915 -0.52817084054824670059 -0.076005380555588003544 0.52999219904115990598 0.84458951632265821807
-6.0376400164820989147 -3.37046868364700547 -5.2545119912664137729 -0.86920273873131181919 0.0029696396533183573585 -0.49444694378896053566 -0.41098887948705176143 0.55163295980061410884 0.72580246527516611987 0.27490860284800300306 0.83408168598877252542 -0.47826039055955976709
-1.0546500798765252593 5.2179227956718188253 -1.8473562159947334305 0.93334748318424376468 0.0065232102814268676932 -0.35891492496302829229 -0.20227817998616176576 0.83554396371793027143 -0.51083247997378355976 0.29655693135573357733 0.54938486730375923894 0.781172358729352867
-6.2666560314841976975 -4.6283106427478459821 6.0762234448434684353 0.89464154588117894562 -0.0074609638753928321508 -0.44672232807594580706 0.23733279643658750091 0.85506325771174673811 0.46102057334454971116 0.37853619129362520157 -0.51847001777290346869 0.76674584612604523848
0.66269271363451365264 -0.88157561277119989018 2.6411471703734403782 -0.99983797433026022627 -0.0046185873844802787305 -0.017398095804802657383 -0.012140555565634498364 -0.54058385593914715095 0.8412025330492484132 -0.013290297123071021651 0.84127745919442420419 0.54044019526112230256
-1.9215849578297112821 5.5747860841702880919 4.122495024295790067 -0.93904761157257909954 0.0029900050998982467994 -0.34377411634579269073 0.34315364837541184606 -0.052523899062621712264 -0.93780958282254722747 -0.02086041242273656976 -0.99861519110048402315 0.048296410806580515607
-0.76466822603180217843 -3.067706764304028777 -7.1359420008815792613 0.69968226038845759973 0.0055865133770282744685 -0.71443230985579608827 -0.38768879757237911798 -0.83697328190931785663 -0.38622936398834956107 -0.60011843059065583805 0.54721523757865375703 -0.5834495291173332765
-2.2249132011880861093 0.17133152357776199048 -3.2406606957303574212 -0.96795594214868707628 -0.0012806830758898719858 0.25111681327604018499 -0.11352634837505383436 -0.88973415414694212444 -0.44213674713717876497 0.22399344250157776637 -0.45647726646048764065 0.86107807016606718875
7.0863784449626239237 1.6702560759158893156 -4.103568949137446964 0.55493449567655128707 -0.0041392491416677446026 -0.83188374916495611 -0.2394749124860819367 -0.95845337165823252246 -0.15498032341792430944 -0.79668028204427965289 0.28521921564560809292 -0.53287008475658603768
-4.1728017411323135022 6.965762003825743065 -2.4802631354124713425 -0.66897066548717409873 0.0015132193381242929967 -0.743287265385987439 0.56065033906802130836 0.6575749901430587574 -0.50325572986423050548 0.48800557990716414425 -0.75338757788111032632 -0.44074676569866000353
3.637969711758199054 5.7080407312138365938 6.7862374470330362186 -0.99156273995183441539 -0.010064874520797881946 -0.12923633792358499295 -0.11290749118484443014 0.55683428140184709765 0.82291401828497112714 0.063680697023286783609 0.83056262940041081233 -0.5532725254972578055
2.9592045403765392386 -3.7106539841648116251 -5.7573154344125301307 -0.99519872659391117597 -0.0045555869085738415203 -0.09776881513955174019 -0.081851134367737388153 -0.50896547931876590098 0.85688653429991612498 -0.053664572937728277635 0.86077487619574688527 0.50614891694203933969
2.2939780093413668638 0.64659055977200896592 5.808837238800937719 0.93573725346022362803 -0.0030534102475914945071 0.35268465967852957732 0.02090385633267988208 -0.99772454002677879448 -0.064099695934794198582 0.35207786252064826593 0.067352942878380783753 -0.93354419274537148166
6.9953022899914634181 2.5286748332381261406 -2.0107500091494450167 -0.78982685116566020422 0.0028531428500374678495 -0.61332324654586933832 0.15652593461555000531 0.96781371757907141973 -0.19706912456912406562 0.59302038495348530223 -0.25165148050738711527 -0.76485185192162874479
2.910617835001204412 6.2503811251700041041 -7.5151750153779808272 -0.99721410139436161835 -0.0042886573215431041811 -0.07446907679514593037 -0.065286973037464515746 -0.43269090824644929061 0.89917528272998303862 -0.036078347134425245435 0.90153213217244132505 0.43120548179350076667
-4.1375189628819066812 5.6314780941017561489 -5.8808955283896073851 0.92000354351477309223 0.0053285447079106113694 -0.39187381455205699821 0.15940315825774806213 0.90837445969056274109 0.38658307531404706436 0.35802808976079120162 -0.41812372282987259053 0.83485833489836591692
2.3506186997857509979 4.0430868432907818288 7.3052879074173517893 0.99373912083763316083 0.0045268836791154398735 0.11163362862953928045 0.028330152883428466604 0.95631301389625888998 -0.29096876445774694231 -0.10807387359785682046 0.2923096419495389009 0.95019740636826333091
2.9131353693345651834 -5.5109106365349234125 -4.5179700747082254253 -0.99989803050401204754 -0.0012473447162916007427 0.014225776796748131753 -0.0063029643157271929635 -0.85534547941936933668 -0.51801967479783306292 0.012814102978608099895 -0.51805651715617984099 0.85525039830259896867
5.5108151528522091311 6.7768356331037526985 -2.8045368165247444026 0.3695614019744631884 -0.00010795542130376234967 -0.92920630568046291842 -0.92109781962269077216 0.13177687829138268194 -0.3663518268470303263 0.12248745591710176461 0.99127939688731014911 0.048600210386047337785
-4.123068325427889036 0.46638921585199266673 -1.4918070680808552808 0.91138904204526216546 0.0025845736765894877264 -0.41153776742661141164 0.074274508592863788814 -0.98459282385394886195 0.15830435429423053706 -0.40478798328620607672 -0.17484361925482624911 -0.8975390784767564023
6.6504617390783025144 -2.203884987676765661 1.0707946068550928675 0.80117465694860157122 0.01244829956342690877 0.59830110220627441553 -0.39058183468866636279 0.76834972797557521407 0.5070350342245545372 -0.45339276513246723477 -0.63990916180182377815 0.62044440940966305575
-2.5026896968027272372 -5.5030772458697194693 -6.6517699388547386619 0.99887013794684953449 0.0067983148922592263191 0.047034353749395158006 -0.022914160665052682453 0.9359656416351559427 0.35134492869489464262 -0.041633985624858607655 -0.35202571013097061492 0.93506390725325616575
-2.7551315057564123023 5.1805809470168933117 -2.8585585420908916632 -0.89967312584700409595 -0.0035158556287570091534 -0.43655000330774423878 -0.077638957919583848066 0.98531588711357209753 0.15206838861116253603 0.4296050032785236894 0.17070512986093575036 -0.88673519147335810864
-3.9268285470225672285 -4.655364329761261466 -2.9202042440868121176 0.60886603042339593195 0.0061930472571682087385 0.79324889105639884157 -0.42865584857791111384 -0.83883745740176773875 0.33556800136430720016 0.66748507135093881892 -0.54434673345711004355 -0.50808494693133776643
-3.829111832271359539 -5.9073499558899849049 7.1455095035633995337 0.94365031450158132209 0.0016433067014146370693 0.33094015090977879634 -0.2888572555492112115 -0.48393285649569639517 0.82605718707642694643 0.1615102778701244246 -0.87510358812368238546 -0.45618871116597703441
4.0512191623931679274 -0.43931448487873819841 2.9016994207601625178 0.93025128762187880849 -0.0089271592165989475942 0.36681445951091923297 -0.10539395085018028742 0.95107496392366408511 0.29042818066074382877 -0.35146074745574007459 -0.3088312141381560072 0.88379784123513616123
3.9773889122927381656 -0.5740511404886459168 -7.2393050773412550569 -0.95008046386849231979 0.0026380444750622620773 0.31199383470950553532 -0.13808949597756337013 0.89313795599814471693 -0.4280606062885820573 -0.27978277873386475649 -0.44977509076959648615 -0.84818863730129234746
-7.2062022883466871903 7.0158836975959602 2.6388686080392309563 0.41349637742026845721 0.0085795872064239921129 0.91046534066028239618 -0.82542877563971706056 0.42558890436475388386 0.37086577198152570478 -0.38430207156112067279 -0.90487594462717957366 0.18306130838838072239
-3.0927878723675039652 5.6012306612403595096 0.16770926470882197012 0.99564968990329139054 0.015387543147866094423 0.091896237743411893217 0.030292731402092466786 -0.98614746653313023472 -0.16308134373525176586 0.088113820821264524086 0.16515567736587016823 -0.98232354996412085679
-6.9545003002105714174 -5.3055957633775205906 -2.7521583618537706073 0.96570048451632006792 -0.00070543066813909629555 0.2596576141241378477 0.25892493750415823683 0.077734347611482582097 -0.962764378204772453 -0.019505151717706888798 0.9969738580169359432 0.07525075074365743244
