1125 14.717824617146108679 14.977075390850430381 15.033177056927090831
-4.3186883536369462533 3.2665086093026367564 6.9185781559151946496 0.96611948828451910121 -0.0060017669675901524906 -0.25802541183008437242 0.022611601026663537967 0.99785377447567014109 0.061453724571549073197 0.25710280017112702167 -0.065206008603198237217 0.96418168753931499104
-7.1896480661007071689 -4.4757747165471037931 -4.7706575838674538659 -0.93151267186113906327 8.5922866144477749728e-05 0.36370885991320467401 -0.35796782241036972927 -0.17719203173014727581 -0.91676715801235708625 0.064367540584496077405 -0.98417629340928813875 0.16508738053073004903
1.07461292838368494 4.1138752742308595245 -3.3395868537064323789 0.99327678202909663874 0.0024225603021198866514 0.11573834923402642749 0.10688375520977753952 0.36482187109755775944 -0.92492208603814896062 -0.04446456065346603842 0.93107418263560381977 0.36211016179532518056
0.88554865958144013405 5.0055244172412436399 -6.6832266479594215625 -0.97933782375900857442 0.0048106387595538589383 0.2021738972015695579 -0.19234576470000053217 0.28658117408169198059 -0.93854905970004343096 -0.062454253313050309138 -0.95804388647734628481 -0.27973447736467477176
4.12087148862324959 -1.7920026111001494673 6.0301550414896469832 0.97425450775750666033 -0.0044027878801027008071 0.22540800689663048617 -0.1020732569438639048 -0.90008081052683208689 0.42359837669448308084 0.20102040774777837906 -0.43570075737855501474 -0.87735719390030331155
-4.0009964615999935589 -3.7461395577928406908 1.4850982914935335621 -0.87995432397333694929 -0.0044443729855176711957 0.47503750932885036029 0.08570920375165992644 0.98206166582879539373 0.16795480612890750782 -0.46726258154584027205 0.18850764456201835051 -0.8637884855847318688
2.068987704772784042 0.56141174587887632264 -4.0012994448452268159 0.9988219407307751263 -0.0095021153258449259082 0.047586137887971537153 -0.016106054164743848628 0.86013284623493369008 0.50981573322814033311 -0.045774728114960749892 -0.50998156499244129414 0.85896651717863348185
6.9233289159106377042 -6.8583831673762860603 -7.4141351150288050675 -0.93351462070533786086 -0.0018548979031559281825 0.35853453429655512963 0.13749395651683901654 0.92168328043151670492 0.36276072347268123464 -0.33112816982365966822 0.3879387708476819685 -0.86014978069068681599
6.446484085548148002 2.3365382645088774716 4.5540761126784845558 0.26977805654672415425 0.0019604117198025843016 -0.96292053513875219828 0.9598251488716007529 -0.080690599244361671527 0.26874655493101140546 -0.077171781109094783613 -0.99673726928383910018 -0.023650205516542070067
2.2068237465860391922 -6.8955678162535116726 -2.9174641244747330227 -0.81837710033744837101 -0.0083628708130497365902 0.57462073059973861611 -0.56627308200129722326 -0.15868494054826587369 -0.80879780306581061655 0.097947528013905257871 -0.98729385293085469844 0.12512845288348078965
3.6437895178130905727 -4.8623071678074873958 -3.8645140466046745686 -0.50905937524950994888 -0.0028346285081237189429 0.8607267379091821935 0.75669755628775814404 0.47509970764717329716 0.44909806958146647471 -0.41020404773571123025 0.87992740193428520268 -0.23970900389098492855
4.1864032621199154249 -4.558581012507346486 2.943010638937907153 0.7445946408635615299 0.0026609096029272666373 -0.66751160316306890063 -0.60552569599729366701 0.42353619275346499062 -0.67376236531487410097 0.28092250227449772071 0.90587527452062344135 0.31697402847531885861
-3.1492347619698684014 6.7126325974100247151 0.63765385698505183676 -0.99908788715694185623 -0.00014827503200758821583 0.042700957259442423597 -0.040164412621006957693 0.34280054611148169652 -0.93854920251663820352 -0.014498748054931093199 -0.93940819860175628353 -0.34249382871030981113
5.2292333287377683604 -6.4704223344603164492 7.4646184242246853557 0.85172030149590438608 -0.0094554320956356241457 -0.52391136924451986445 0.064688591556308419617 -0.99029157608329898554 0.1230365005233603759 -0.51998837885314141971 -0.13868377389743533068 -0.84283978116569946426
4.8107582613366046687 -2.0038431182645197737 -6.9959186286022703172 0.99374066860100540577 -0.0058722547537755059172 0.11155716109948288217 -0.064010303772996532401 -0.84835677409237575386 0.52554111624348531784 0.09155416199902068064 -0.52939238800310162159 -0.8434225127093253338
1.6723650373923792944 1.4538301686381229771 -6.8713025829168117298 0.92622784885900422136 -0.0059766240122978223082 -0.37691677060529432675 0.30365512988224591107 -0.58065423996140608232 0.75540334637263328865 -0.22337308274348030568 -0.81412832746446772703 -0.53600329506954524916
5.4604948271580475705 -2.5838426865026105084 6.4022074805975686118 -0.4243844880336024028 0.0047869741446179142619 0.90546943139733093719 0.049799037777123439374 -0.99834916126416506366 0.028618316505642373004 0.90411164252708264844 0.057236676018810501987 0.42344551097564786524
6.5322044779404437875 -2.0093534335008027547 2.09577761547284247 0.83782113081215636718 -0.0083326627184921436137 -0.54588123204299043856 -0.54593699597351141861 -0.0074322917123532429573 -0.83779326654458086132 0.0029239001611569741604 0.9999376619430544455 -0.010776039899909342634
3.4286513962242812781 -5.1804354771636793586 4.8887372884449096233 0.83829538119995306023 -0.0016154698953769960901 -0.54521394343478701838 0.4260001656693133687 0.62604169377255403095 0.65314290665071383923 0.34027152791327913706 -0.77978791213729792275 0.52549605077123417995
-7.1345011494801315877 4.0324677255235501505 4.8591954640249390707 0.74981781347941900417 0.0021354784309944897791 -0.66164090435871003582 -0.38061442503573700291 -0.81657750422575248184 -0.43397446819709412091 -0.54120782149153512375 0.57723185924231579236 -0.61147156485997600228
3.3670758692303466297 3.7594270724640348469 3.5684996779659434729 -0.28673455722511548283 -2.2878569664190216357e-05 -0.95801006945099964618 0.95536477502285144237 0.074255230384469239624 -0.28594458799906058433 0.071143800420875036306 -0.99723926930155226689 -0.021269683226357617711
3.9616573347364298918 -3.7358208216276045377 3.9886530680468346155 -0.84545123961511148281 -0.0033521338944329046733 0.53404210005509589188 -0.52313810126295978709 -0.19593614540494860843 -0.8294188049055417622 0.1074184734573463279 -0.98061092698485996522 0.16390082805727720916
5.6148578607321546485 -3.642041757380103828 5.9997921495904797951 -0.78506247650386196124 -0.0064517175303421174862 0.61938298598408425555 0.58940177170860363898 0.29971694970964068983 0.75018351192456256271 -0.19047955137603655995 0.95400635500905595077 -0.23149387704631832485
-6.6310149906898425698 3.2701571273439227205 -3.0797167286795130714 -0.99932935917578480378 0.0056503200420259941383 -0.036178802811286984997 -0.0024913555217066386122 -0.99622508454553027057 -0.086771965921572657976 -0.036532520267563511895 -0.086623638838669705931 0.99557105228973485911
2.3600168077496039842 -1.3751473281641217739 0.81410574580924122134 0.95099129220318756595 0.0018626536346816966599 -0.3092120513095817369 -0.21561157795032565021 -0.71279054407430664231 -0.66741388038601090482 -0.22164658717742172223 0.70137448684689052136 -0.67745599089012209504
-2.9604930595274283611 6.7817393620448127578 7.0106304719971754835 0.98428115725804099512 0.012666794263139803667 0.17615378448896235053 0.15546708471277309593 0.41106696309779167109 -0.89825048701373277904 -0.083788955343833279588 0.91151714420115248494 0.40263619657169863464
-3.3964520877154984468 2.7562232641456367865 2.1043076354208056777 0.9629599483380568703 -0.0035051117207840938594 -0.26962168326898577897 -0.062905297634729878675 0.96940488923987189196 -0.23727006605841835518 0.2622042360955739726 0.24544220278856215822 0.93327759196495219118
-5.5294091538704268629 -0.46867640288500278523 -4.2048693647921639993 -0.78915511723165665536 -0.011425173388621256976 0.61408766992995944545 -0.23317658462162718647 0.93054468157419489849 -0.28233893811884563929 -0.56821024395132990747 -0.36600008334279449107 -0.73700818018657976438
-7.2868565145602275379 6.223171331395171535 2.7238858944178461208 0.70951954557868901485 -0.00061466512684447277559 -0.70468548773812100805 -0.39971077085735412515 -0.82391809951063066375 -0.4017340724401144425 -0.58035619588530451551 0.56670855603702263714 -0.58483168383051142847
6.3808897489705449502 -4.6837293132689223896 1.9294480821985309227 -0.97922468845884702571 -6.028532686184876789e-05 -0.20277821845122881439 0.19461912747169271554 0.28053040021139330484 -0.93990749001125617479 0.056942117406521691736 -0.95984513903177171024 -0.27469056107257072696
5.7644705080714357948 3.8171180458762341559 3.709756280089026248 -0.94944482540925567715 0.0038874291071027099187 0.31390987782876439427 0.31375377745137705832 -0.022121888145125660763 0.94924664297527472367 0.010634408234635185989 0.99974772315802884481 0.01978381666071694911
0.21694421801976174202 -2.5830219421550215664 -2.1132612505933026092 -0.55306783353662525293 -0.0036038152526578510343 -0.83312843188967622421 0.078414861932334267713 0.99532636846806521458 -0.056360710253912656154 0.82943781016739803746 -0.096500946875277202053 -0.55020040559501537381
-1.7405196256262751575 -6.9770751079665931371 3.3227567326743003839 0.73089295830167488877 -0.0021086745227412292611 -0.68248885485179311416 -0.33570035451676855098 -0.87177280670728707346 -0.35681570237730464434 -0.59422281635972040714 0.48990583480653548953 -0.63788048844606681786
1.924161123611868307 3.9697023459044333826 7.429361710871635438 -0.93428135639978360238 -0.0044781589640247474945 0.35650847560214249388 -0.026338899767164039578 -0.99632199749650873777 -0.08153980416764310124 0.35556238474127510596 -0.085571159843346206175 0.93072711745183789311
-2.3864044883127175645 -4.4980987678427588605 -5.0645112200655013623 0.82896709547006297569 0.014283145278436593789 -0.55911496705862151479 0.50891830816905636592 0.39537595886629417485 0.7646437123006429859 0.23198213344632881427 -0.91840832036276609518 0.32048470610960616556
3.4528423049443746073 2.8937477638759401266 -1.3536778235302835416 -0.96765645479054596123 0.00043343311822004008949 -0.25227127786912550977 -0.25072107044554675648 -0.11235518568852270738 0.96151716421675126334 -0.027927232886162542402 0.99366801517629799179 0.10882989147607234626
5.2998950104632136515 -5.6827691110861673351 4.1560119193246629621 0.30640786182988749564 -0.0092484054444250327065 -0.95185539301176291804 0.74795256044720470623 0.62085832232558124666 0.23473796224598988958 0.58879639055379129342 -0.78386823548075701407 0.19715323957527466914
-0.38166433454206738496 6.750616396466384117 -6.5626535359946718273 0.86815516740535336737 -0.0048008651352795805867 -0.49626964142623369858 0.29730810456257533714 0.80569924996143282847 0.51230519182711742321 0.39738456974167790658 -0.59230538601773130569 0.70089930334225880593
1.0712070180315278467 5.7597910174511381953 -4.8543871108037475182 -0.97040280513748333746 -0.0052841219058827769081 0.24143420187904293672 0.058909639449453439497 0.96437834605620453843 0.25788381112031638631 -0.23419660578499770787 0.26447397549405304851 -0.93552416651041958584
-6.1666146240142785118 -5.5028537240077257664 -5.6129004692368917873 -0.99928636502477719006 0.0088012723916819392278 0.036732795700761246283 -0.031818104627363313908 -0.72021517913416144285 -0.6930207096203125916 0.02035605299720331246 -0.69369491374024594421 0.71998124819845299438
-5.7696013607856482253 -4.676194016914108964 -6.1595942620165047288 -0.99538581267732273439 -0.010357470412916194857 0.095392907112982511242 -0.082828240742916364736 -0.40914481557866566597 -0.9087023728484320273 0.048441371329139150392 -0.91241067655501528755 0.4063990537046430207
-6.9051198726193270261 -6.0287966651355260339 2.2941024655055537451 0.82762030716990864221 -0.011203278849753126045 -0.56117654414896112058 0.055926056651323483027 -0.99317949575927433337 0.10230721084478333616 -0.55849521336128848947 -0.11605591646453855548 -0.82134896414754243743
1.6834419166312397653 6.7948614333440398028 -7.1023016679032773268 0.40890214365877702862 -0.0019009971500873359788 -0.91257625605818126768 -0.8872845927813176603 0.23297712081319113531 -0.39805491152643202035 0.21336608991132324786 0.97248035835564183849 0.093578118641813937129
-2.0611831258693578128 -4.1113133123816778536 5.1415710946706472129 -0.825269038343728778 -0.009597458880098296008 -0.56465821798172799451 0.51270573919942030727 -0.43194150875026610104 -0.7419968719681724334 -0.23677803813535336364 -0.90185055402852953854 0.36138862579655556262
-0.069013796282826361805 -3.6955413587441152679 -2.9305095348088854301 0.54628277153792292875 0.010087884082855373691 0.83754006955822257741 -0.049070228848031811897 0.99859550669130270339 0.019978154486148248098 -0.83616221282814873206 -0.052012004485602406079 0.54601053582118885821
5.9297071951959861025 3.9668239261893827319 -1.0102870680914213253 -0.93504437292439068763 0.0017988761986057254325 0.35452614107704016888 0.3401600924360246303 -0.27726932640334894797 0.89856153498236279731 0.099915625287005691013 0.96079055193122531175 0.25864721754401021059
3.9130481286505331973 6.1758208173280229047 1.7982982477288618206 -0.99340587380156186725 -0.013486628264561671686 0.1138546474881297621 -0.11023375903036819468 -0.16062806205948246263 -0.98084001960005939846 0.031516476113863288455 -0.98692286250596894526 0.15808217861697884676
3.8932194267992730197 -0.92453453518157846514 -0.93721674126060383614 -0.63364389029238299411 -0.0081731441832068527087 0.77358168282950556804 0.35286637098777062782 -0.89292161831776550862 0.27960026424640077591 0.6884625948597842271 0.45013796024653296435 0.56867835568447000494
-4.8382309626414885528 3.2197771193998101502 3.4876808050997483157 -0.89123842454213664244 0.0080776790303635284674 0.45346314262692211106 0.41108674281496809799 -0.40795368637158152536 0.81521866984114765842 0.19157703542289344911 0.91296688925567914819 0.36026337396592389428
-5.4755806234773842789 3.5876581039256043582 2.4635530979401139007 -0.95565101108685912568 0.0054741653116880195987 0.29445063851659614151 -0.2936845144727623369 0.056708728355343691885 -0.95421880409439052695 -0.021921472750817412589 -0.99837575773972098148 -0.052586076008467597109
3.9201838742593007048 0.7870458328404144055 5.1234561237640123821 -0.92267931832479321841 -0.0060501023137942153488 0.38552077998132255887 -0.27606369058423546603 0.70838899595991322578 -0.64959515788212240928 -0.26916856108492703825 -0.70579630678043814296 -0.65528608947434596743
6.5633058008152227458 3.5663781804871605985 4.5098457737619748187 -0.67530423335172173882 0.0013999501968068976676 0.73753795329927673841 0.11042329817126772529 -0.98853496580621036394 0.10298211786366710807 0.72922622528152836185 0.15098563348256424654 0.66740726010702688953
6.5425557462955330479 -2.6090867775515649285 3.9271190235647956968 -0.88473557821076886931 0.0074237107066396296542 0.46603416738203462533 -0.36307321162405947756 0.61600327898112128278 -0.6990835452831388741 -0.29226836922450560863 -0.78770860653158347731 -0.5423046667206150584
3.0871183399636903388 -0.11935164138868971373 -1.6937000841551339558 -0.51497646643343131245 -0.0052856981333215605212 0.85718801929027566011 0.092808580874372617608 0.99375894144078324999 0.061884841623203859506 -0.85216536325753755587 0.11142364067782435655 -0.51127191000704463875
-2.1648415759032819672 -2.8930486863020798971 0.65624814017653831932 -0.9345521180621261248 -0.0078929742133453679315 0.35573872376159687558 0.14015357214412413334 -0.92710014734662715696 0.34762378083960215891 0.32706163767817997279 0.3747305935576566438 0.86752963488929479841
1.7786933837191336583 -2.4361949821267812055 -0.99081755252882497409 -0.71364186488246772466 -0.0015906816851806481524 0.70050892815062981711 -0.3352512509384652506 -0.87726550803827907377 -0.34352849539813201662 0.61507876522541649056 -0.48000281055228311011 0.62552011512874061694
-6.3224665643174038365 2.3600480496572213696 -7.0281958586981776449 0.98294831395098869464 0.0023582058414030378918 0.1838669382080433401 0.058106627997438736744 0.94469790251092466971 -0.32275299034100485285 -0.17445982885338873203 0.32793339545787691947 0.92845218307673549329
-5.3059826894330059943 4.8906113865345908209 4.400416698706231422 -0.99816408732028261142 0.010320579992765574473 0.059681994042053682081 0.0044892264325318113893 0.99527157552488010328 -0.097027510523252896713 -0.060401172424547414086 -0.096581450501184842872 -0.99349067523994882833
-2.254056896130857357 6.5441052749694312851 5.7718915716163596841 0.8165191778329282668 -0.010320370409148630492 0.5772260581311510208 0.065572947423900088126 -0.99171197800825905411 -0.11048774249266696268 0.57358227029547070863 0.12806577462233148523 -0.80907511182422353624
-5.3633242577343205326 -0.25542569823738214829 0.056829918161944756316 0.93494622167207175334 -0.0072042454762966372933 -0.35471631119543384214 0.1081065115363879503 -0.94646528671698904045 0.30416515777292657541 -0.33791795564070337132 -0.32272520801251242117 -0.88411531791320396856
-2.1597436776312295414 4.1859747724319111839 6.9574141685521952994 0.92712813260177961983 0.00093878042111319396495 0.37474330471619787808 -0.37408629883595306831 -0.056923298686557224912 0.92564527713903788086 0.022200602728199396452 -0.99837811312042878953 -0.052424006719667480547
-2.3557519283950947298 0.38139928776440051861 3.5160455513933315252 -0.88532582656280167654 -0.0067992787798687023479 0.46492144565385684629 0.44798150719081480942 0.25534748913647326019 0.85680232784854648553 -0.12454216167968552853 0.96682543905287154917 -0.22301977572487927115
0.64836805603575597967 -3.3701379844880974268 -0.91752806490129157346 0.95648733664180263236 -0.015075884409811876607 -0.29138409797584119421 -0.28739309815502617207 -0.22108408760715203556 -0.93194797780774152329 -0.050370447454835237666 0.97513821785233878447 -0.21579683525714696279
4.2746632519695610952 0.85721954817688805761 -6.5681123573019943862 0.99440209475165108888 -0.0070351997338707721041 -0.10542760510574224198 -0.09281837183810497105 -0.53494353321580845328 -0.83977387796948921306 -0.05048983861100404813 0.84485852202314359882 -0.53260196578845875326
-3.6039538825629495733 4.6198934484525358002 5.4324667054963997614 -0.99178531758767041193 -0.0014468413706303440494 -0.12790539655374336125 0.099687497195295030061 -0.63531043536495968027 -0.76579569966101690426 -0.080151648270277486841 -0.77225550005573029289 0.63023579390030914915
-6.4417105397740863637 -0.31726893057701355261 7.3798198722646457526 0.98824097196978188951 0.00013929397081200041962 -0.15290442085663966121 -0.1096387679811585969 0.69767634676147727291 -0.70797390892981226784 0.10657918124994274212 0.71641307621151806284 0.68948762306324451465
2.3416539590656157976 -1.5270699507938652051 3.8960003123891686627 0.66121312602762583044 0.0050962868430354576338 -0.75018079809421822635 -0.23229568741117639918 0.95222090098275213865 -0.19827775806098107969 0.71332735513151945828 0.305367620405200213 0.63080480406307470886
0.58306526508191958147 2.5920553106951840228 1.978105120765625502 -0.87332097798440955216 -0.015609897867948682726 0.4868950610768654208 0.1381352092854115643 -0.96639712324183735248 0.2167839111781156014 0.46715001163236608006 0.25657928848322603121 0.84613115729969523571
-2.0392776525458855552 3.9615293823012267538 0.41314242820522184552 0.99587932961879432892 0.0045243145291077677822 0.090575335583410035434 0.086703230824852525749 -0.34031268333815450911 -0.9363064815132170482 0.026587790478673760386 0.94030144535512094617 -0.33930263963059031918
-2.2823487488188343164 -3.2022348500382182834 4.8076399085599108574 0.99878804621236449979 0.0057330795750585531595 -0.048883233748257273743 -0.0059030284137241385498 0.99997702251778719518 -0.0033329704324392295939 0.048863002349913788047 0.003617490144065343971 0.99879893910951300651
-1.5849645772306633074 3.8202421666795909339 -3.8104380715173307159 -0.99773023975639862915 0.011523729168723620062 -0.066344346719474200924 0.021176314128401794307 -0.88156496618219837291 -0.47158750420278700011 -0.063921298449931857055 -0.47192204236108942217 0.87931999496092017043
6.764629504308623531 5.197965591045995204 -0.72129579950142386213 0.9989178666042827226 -0.0092451427340114501752 0.045580951224758213536 0.035887249512674780638 -0.47017517694222943359 -0.88184318804979733297 0.029583797949876020073 0.88252469105588415843 -0.46933460193733844701
6.8780513579380802014 6.6743457361503759628 -7.065449617116625447 -0.94636841757388401319 -0.012175642974461903939 -0.3228599881323396259 -0.16554469234976140757 0.87642214525885564491 0.45219373960136616253 0.27745589388854419166 0.48138963119084882125 -0.83143385180574214122
2.6271552143507594934 6.9158783291833598739 -0.81235347419155601312 0.94484756946574888214 0.0086509736690308387114 0.32739613792643090795 -0.25744549744019823434 -0.59830586666243479321 0.75878317440821918538 0.20244724330630695097 -0.80122109967962573673 -0.56308068969347369048
1.3524718514044784534 -5.122758458309458085 -7.2273194865967802514 0.96216633548628438533 -0.00056412293782211078534 -0.27246215264199546979 -0.15452146836451927103 -0.82475713597923128173 -0.5439657916320871367 -0.22440824109526028018 0.56548682426442498095 -0.79364072029597798608
-1.2264958119256392788 -2.6206421276760831773 2.1664070529570382817 -0.51506897146695507228 -0.002339224576356496374 0.85714554345244564626 0.84640005905495008243 -0.15925707856260179485 0.50817725545240077789 0.13531775442813617771 0.98723437488570242593 0.084008299473612588204
-2.4910471610410835908 -1.8705806650713614481 -0.032262326928895149192 -0.0048712219043942715097 0.0051424788318539743984 -0.99997491273965555258 -0.90275077278745552434 -0.43015841958162304159 0.0021854735991299980603 -0.43013638933356457272 0.90273877117055845165 0.006737773855260300801
-2.8310089656701697969 -6.0391838725998114867 3.9853669704557068698 0.98863416925455438466 0.0063754437847065225861 -0.15020596891947521345 -0.14388455210114028948 0.32977519691701523419 -0.93303030774186168639 0.043585720702108726732 0.94403796174469123414 0.32694435571814289831
6.0832729256049420385 -5.6996169815892789856 1.3250177434741936544 -0.959022970101317207 0.0089815497138044167458 -0.28318593641437117547 -0.28294162459164401424 0.021843124142211619437 0.95888837463029941155 0.014797969171116934217 0.99972106594409726465 -0.018406803523794763866
-6.7877130945766168679 -1.2005083306216586259 0.79597683730369739319 -0.29444766879182371344 0.017530361246938189895 0.95550680624342643199 0.92279181334081539223 0.2652068695017064659 0.2795006003575666309 -0.24850722237841957329 0.96403215859409741029 -0.094266418316019520707
-4.8727062105942158254 -3.2713566891829253258 -2.6758528787122006776 -0.98678846781803319921 0.010260567218411559623 0.16168871494814446299 -0.15527779842746244898 -0.34467675653470292163 -0.92578979191834320783 0.046231213446502508746 -0.93866535797643002592 0.34171628676178006367
-0.99621059256673405446 -0.92041059640944022924 -2.5540144177367611888 0.95729042344510328899 -0.00048896624071367552136 -0.28912766400379114051 -0.24577234588092225498 -0.52808287695195144096 -0.81284957345768005244 -0.15228591261327281692 0.84919269661376339808 -0.5056488552714226703
4.6651993380211438378 3.8392730718056298223 5.0690703145602737933 0.89854231560723973882 -0.013810180620839756366 -0.43866956353799241297 0.18691720030873310021 0.91636881542199466466 0.35401999145649692968 0.39709402827555057014 -0.40009682957171732731 0.82597751765686155956
6.0898633486689650596 0.78715866860217664769 3.7401160043873891148 -0.95470140683504445267 0.0071617941355240181955 0.29747929758542696055 -0.17457866557593060275 -0.82305790462359662563 -0.54046089142718634069 0.24097201769689738371 -0.56791231219379201267 0.78702483591419925002
-5.2539199395457556463 6.07063855804786634 0.55125906736151653043 0.98609869823996176841 -0.0081240643707534161005 -0.16596191402673704518 0.079815187142912913387 -0.85286901342365428746 0.51598835436757206629 -0.1457356964873927907 -0.5220617257755136853 -0.84036460018833814001
5.8313152493304656332 4.0505984236661776166 -3.2051713310951375213 0.97295637108091115319 0.004566590143281167892 -0.23094381617062614831 -0.042724991240396262282 0.98611077242707712021 -0.16049959385275991419 0.22700324908795796452 0.16602617491787158288 0.95963786614838331168
-1.0316999658066801082 -3.309125284190092664 6.814098211266155225 0.92629108953371352975 -0.00074419846987842236397 -0.37680799304049150678 0.073854212850805733837 0.98096070748234487358 0.17961527112140920903 0.36950016602800050958 -0.19420488290582768598 0.90871012471563905599
-1.0742936182822779845 3.6286586744018438644 6.3985480746933367513 -0.8763932115289941871 -0.0029373533250031044761 -0.4815872825783921729 -0.39660833455833649497 0.57166603785199132659 0.71826163069281778739 0.27319730552234744447 0.82048114732888655087 -0.50216921364547939532
-5.5629743342481789981 6.630894202179069552 6.0849952776975655411 0.92771475970250683041 0.0027148465469028597308 0.37327999442558024157 0.054550341620406818388 -0.99022461434104203093 -0.12837240117005424556 0.36928252715133025319 0.13945552251988593828 -0.91879408595151657035
2.1008570511975133144 6.9364358857444230466 -5.666726760659375195 0.62244408656397876012 0.0041024494668554217086 -0.78265351785445813615 -0.58287530562968870029 0.66978401951604604747 -0.46004972045184600038 0.52232148834656488834 0.74254463644227364227 0.41929431870972899699
-0.14566328252373691998 0.66778268402132756609 -4.8865227822649242029 0.99943316382298219569 0.0027997415859084412437 0.033548658661241535783 -0.031595714815456338309 -0.26600741756492679579 0.96345304224229599832 0.011621611601713582179 -0.96396691605444539963 -0.2657681751005860904
6.5888694065429822544 7.2351025596818443475 6.8666580393893017487 0.990064977637564958 0.0061532118231896922034 0.14047589842996072163 -0.086120637593814053368 0.81626788703113239976 0.57121797274098340402 -0.11115113960671715865 -0.5776407833473210518 0.80868816584520764046
-5.0883253011593634341 -0.67500926956117190958 -1.1156264155210440236 0.93879783902733926482 -0.0019797766531461334638 -0.34446291225877290199 -0.33595733207697764389 -0.2261801076818995837 -0.91431681047267188145 -0.076100515512144209507 0.97408348686004875283 -0.21300251680525078557
0.50584121681150784333 5.5743765850213486956 -1.2674863370427449372 0.99480010485001135745 0.00081661433509171241912 0.10184343145841333322 -0.085565747137568870517 -0.53564697191417498523 0.84009572335296134327 0.055238159880555026682 -0.84444162297933311745 -0.53279178960709450141
-2.9779533329775240702 3.8771316178668699948 1.8173528172078710075 -0.8673208381264072564 -0.011906670308251507059 0.49760706883441463422 0.32407235996412281365 0.74528804996321995624 0.58268587428326568123 -0.37779845057793842722 0.66663629797977053126 -0.64254523339358915468
-3.5287178263338980777 -6.5765371488667518918 -3.1003914392445466319 -0.7626764321503820554 -0.0018954846143470734446 -0.64677744779829793309 -0.42181807166723622737 -0.75660191933919951346 0.49962290786888546856 -0.49030008592422746894 0.65387303262208096299 0.57624290273477385416
-2.1819242713244029197 -5.9079938036772308152 -0.49912944487756533141 -0.97687619861089025619 0.013206467760043763549 -0.21339747373574244338 0.036338541325449669195 -0.97331369230736763942 -0.22658324470522353544 -0.21069504740697708733 -0.22909833167468454662 0.95032707602278765346
5.0458523433805790859 -4.6077324219002431249 5.6664032557807360035 -0.64985110116464284147 -0.014335823346669520489 0.75992633227442007993 0.75529572987603577072 0.099608972694962716332 0.64777033969580921635 -0.084981802440922182829 0.99492338234040400557 -0.053903214433720564314
-3.7365881961975833114 -2.2615386564093102884 -6.2746687808637746642 0.89640881366277502806 -0.0041178526007823526567 -0.44320907264806774783 -0.4341056341621474246 0.19367748679993448957 -0.87979618633825507068 0.089462490331462890536 0.98105661120888332238 0.17182662316086860788
-4.3022551766409833363 -3.9351984141163671715 -1.8621492722797619024 0.99462609876657881447 -0.0066182076314906281012 -0.10332048673916555126 0.068975389779649190491 -0.70187001411168226106 0.70895760020995013395 -0.077209580085732767984 -0.71227430293282478768 -0.69764174052619498667
1.1616665184744718875 3.7379731799901896316 -5.2022447541009855243 0.84914097309376046496 -0.00087596859116163198859 -0.52816554269684767853 0.12365371822329009055 0.97253634078394346485 0.19718728109121158587 0.51348745435785037028 -0.23274943293941754985 0.82592877155572019809
-4.0371556530774306282 7.2138618676968970789 4.5168815800329724652 -0.83969019032642933098 0.0011432823840915565423 -0.54306452395168891556 0.30203281452832947407 -0.83008854335799553414 -0.4687528017345145015 -0.45132755645718031223 -0.55763043594409800185 0.69667189816377583789
-7.0752074758605125737 -6.4371357889967404375 6.595735384496645537 0.98783603981325385224 -0.0075986912896699228964 0.15531329092111498258 -0.043834253622498278724 0.94469171664127438159 0.32501710527092669833 -0.14919288406433123262 -0.32787165232760007161 0.93286744125017051488
-2.6523150800818902084 3.369579310470970146 3.866177056663161693 0.92920701047377052273 -0.0040200829022852824224 -0.36953777969222062483 -0.13880125225773717879 0.92293650629280765685 -0.35905768021817696667 0.34250334897349909991 0.38493122020101544489 0.85704107932846518292
-5.6737044059190582246 -6.6342816997042293181 -6.175577922690181687 0.99995576973779387586 0.003265239214080097041 -0.0088202483510954193813 -0.0085812278036296769923 -0.067125519511684675344 -0.99770763611374269075 -0.003849817850513232928 0.99773919580385816985 -0.067094530770835006384
0.82302115170497325281 -2.1956672736104030363 -6.8514331638561509763 0.99805057847759925949 0.0047546121900439008295 0.062228903761520411309 -0.062373796565269271075 0.041902676207946264186 0.99717284120092941624 0.0021336125412535194429 -0.99911038398648666092 0.042117553442492176863
-4.8922151803450883989 6.3059684788057364102 -4.9671258102080546593 -0.99792185434958158297 -0.0042135244674053936448 -0.064297891280497648792 0.0056285663167613556382 0.98834530742422110894 -0.15212452969153758553 0.064189499552318257658 -0.15217029770689063928 -0.98626766582058467137
-1.5591186893954185333 -0.40469039270377499262 2.4267390055267741289 -0.93559088394724099214 -0.014537826119500052435 -0.35278654946922299862 -0.31711233067464456026 0.47398163044556385071 0.8214506581251380668 0.15527223708312426487 0.88041471228714485164 -0.44806301652711971739
-2.5393496225324483362 -4.0343697763721593219 0.44458399573499152169 0.77952841353242363631 -0.003904182316159235909 0.62635469971569768255 -0.5904137297037661547 -0.33849602411100754296 0.73268824846468483258 0.20915802703405395047 -0.94095972231623559168 -0.26617235150494755747
-3.2929887807288982238 0.66093836921973425635 -2.7099164451056370062 0.98546936114134975337 0.0045691861999975725769 0.16979181602536458362 0.012596896415521800783 -0.99885127241646931573 -0.046232605298383792902 0.16938552610067791893 0.04769966592606018907 -0.98439488286869925027
-6.2197596490820812321 -4.9599037738000664177 -4.056498200876482052 0.97874970421684703847 -0.0057271658817671707714 -0.20497857465186308801 0.20221668318547711407 -0.13888699333389561974 0.96944252853075196796 -0.034021016105034232457 -0.99029167554502073312 -0.13477747515646015808
5.6063745396819104627 7.332111644515514115 4.0856997783781112688 -0.91017919397894953004 0.0030177384486599363039 0.41420372777477820758 0.33894707531776463449 -0.56936659039922310477 0.74895698532735299757 0.23809392050480462921 0.82207820734513026295 0.51720277070685105603
0.8219664082468572941 -3.9715272967910806301 -4.9984321401645965821 0.81156550449131448222 -0.0054870743535190271908 -0.58423567499317496932 -0.58292319876636844445 0.060036790825683500339 -0.81030619403238446363 0.039521845348194306613 0.99818108365281543737 0.045525245500393995979
6.1168278468743100262 5.3525182003755791271 -7.2893010412885281823 0.9480507100167661072 0.0027131780548580925784 0.31810767029667735839 -0.014569712583546386847 -0.99854399480486921714 0.051938559034748005283 0.31778542243472018836 -0.053875125097050231837 -0.94663081303324991822
0.71215078679603072143 -2.901375523500651088 -5.041599917021767574 0.99995665211758066881 0.009307040285137199373 -0.00026997632960596307933 9.247791656218171813e-05 0.019066570887471170903 0.99981821213781274515 0.0093104959010018237264 -0.99977489710224920483 0.019064883696274279035
1.7038358793441088501 6.6176970350932347031 -2.0101703579860510374 0.96386916584070225777 -0.0068100097272407351945 -0.26628904391459029544 -0.18905247141029873914 0.68676483066714033576 -0.70186411107299651047 0.18765765157613550906 0.72684777713508297303 0.66066399529477426444
-2.1305777612628209461 7.2956265188282269918 -6.5049573852469650959 0.33531838463765006875 -0.0019354463310293397449 -0.94210287918650259531 -0.94209975602613149626 0.0026051560233312878213 -0.33532262503077081561 0.003103323934718990422 0.99999473359088364433 -0.00094982680680027326003
0.60636581662063471221 -5.7945270181309052049 -4.4046404266067780142 0.99728440407057772354 0.0030827076110685074951 -0.073582024375724738863 -0.017443806156482576097 -0.96080517167671064538 -0.27667514472050958041 -0.071550898137099500085 0.27720735739362417638 -0.958142238909598154
-5.5024400567606619461 2.2945830389508143909 -1.5559459007320453061 -0.82538137014643397915 -0.00033469984507616609704 0.56457548812471591848 0.34294082458195424001 -0.79466937925229330641 0.50089137396626803866 0.44848320442384642659 0.60704239197501341785 0.65602008330142325132
0.73567408160122249594 0.24170834831735404924 0.26116626820001076492 0.6888678978111125728 -0.00075846428315683926506 -0.72488650428692746885 0.14110328571094471473 -0.98073081412935525503 0.13511821853020669626 -0.7110210138435104632 -0.19536247067728637616 -0.67548695244536827165
-1.1445225795918305689 4.9360802743280727256 0.87535482628490468571 -0.92324258639851142227 0.0019745868583468289062 0.38421247724032026039 0.37739210089356572952 -0.18298968206456961427 0.9077940176279060136 0.07209943719275732632 0.98311285072702014887 0.16819867387056489094
-6.4947864888987636434 4.5586551658007072874 -6.8912437837983562261 -0.97640624656919450253 0.003120656004725133343 0.21591920518227353254 -0.16056070247422221664 0.65813325782461806757 -0.73558199798943058045 -0.14439910831251254186 -0.75289499696258010975 -0.6421043692947144832
-0.10112556475105900777 0.46576274744803347616 7.045294091863507191 -0.93861724893623865729 0.0042769981389097983318 -0.34493385929227537989 -0.2593311708250712333 -0.66812240307458026223 0.69739500883524596642 -0.22747528181730633512 0.74403908620237435567 0.62822037086144744134
-0.92961162718777501368 -3.4959631103770729688 -2.360842883865369668 0.41317997223016611485 -0.011339889059117752926 0.91057878158017047099 0.47773501516117122812 0.85397636459564563172 -0.20613981663211949913 -0.77527515492052001544 0.52018821173514739886 0.3582633926803943103
-1.3783354176426332316 1.7393453436797527978 -2.3631652389701591765 0.97960803329524348548 -0.006350566911904395942 0.20081775669305634846 0.067192949347214647737 -0.93159489820005136895 -0.3572338914570492574 0.18934943533413794992 0.3634427271901136125 -0.91217113273284022856
3.7160189631657924991 5.8258372768477970638 -4.9402674405358988352 0.96689835579536909105 0.0038166528281504312828 -0.25513330382675036834 -0.25500996998494895873 0.048948059065073941387 -0.96569871218825575898 0.0088025433041888593438 0.99879403315952219877 0.048301082352630413108
-4.2253883821773294827 -6.1989010506088702002 -7.1392865436791215217 0.99951985514200403227 -0.011501158444064137065 -0.02877121011277678983 -0.0026844146531986782904 -0.9572096777783495325 0.2893828375792873997 -0.030868318627317068575 -0.28916665803985797112 -0.95678095235185611767
-6.1140622751490321107 5.7020022683817304099 -3.132535326099235462 0.73916779032846502417 0.0040254542813226365516 0.67350929723263408544 0.57153895515122787874 -0.53280120960886667714 -0.62407218635655126171 0.35633439419402346271 0.84623085901969063993 -0.39613019672497390422
-0.65050750472912921563 -6.9820976775554344229 -7.1706027466833868189 0.78522741628357806132 -0.0032441445744186793096 -0.61919898275329321446 -0.37674339245964544309 -0.79610095629212962454 -0.47359020643250016036 -0.49140850720627782255 0.60515513954414468234 -0.62634250704270866272
-4.3016778390425720602 5.7761246766484379833 -0.77638052740544316599 -0.77810991321167344292 -0.020556016869175432887 -0.62779169565409975728 0.116131370960885133 -0.9869417553618308192 -0.11162202382185003324 -0.61729933390569113882 -0.15976051356262013781 0.77033636203000899201
0.19081331474155474592 0.33989904459468806008 2.0551927704180661394 0.74322403750385634957 -0.0070901360068757850186 -0.66900505233346163614 0.39694870394943343461 0.80960299192283902148 0.43240573759188460912 0.53856267649096567496 -0.58693502659233187657 0.60453082473093155969
1.1106681360703776207 -2.1669582342792663709 1.7618471731161473581 0.9703974792608156541 -0.0045488279651709215626 -0.24147057876349176109 0.21195180627156365305 0.49535137108047866406 0.84243898947451856252 0.11578067223185600776 -0.86868079714755286336 0.48165185414851541257
1.6942856751129866666 -3.4483190765281248602 -0.062962972731120850356 0.87097375131886456412 -0.0062983329027113624937 -0.49128917708018288169 0.30727521352501468987 -0.77326141465003150888 0.55466091242015369556 -0.38338840314578309654 -0.63405608239030830653 -0.671555073480315734
6.7136918254553039631 1.2955633523677747565 4.4434221366785164875 0.93470605942101248065 -0.012275183903234017369 -0.35520965969673712337 0.28429584576701327769 -0.573975903329214443 0.76793719435714136168 -0.21330835558253485873 -0.81878017944843572984 -0.53300897101369792974
0.096253233850358166368 3.2767254295934438169 4.9424555688993301317 0.99624429989343565861 0.0029746561711696730551 0.086535809643213112974 0.06748062509752283944 -0.65290510010587565759 -0.75442779342500720929 0.054255508166460103547 0.75743387940886486298 -0.65065371600975729915
-6.8268168300580596153 -5.7952170561256570736 0.43887686630004163479 0.96883960773938693212 0.00057102645353837057363 -0.24768828879098708784 0.2356298674251741665 0.30609895098053002682 0.92237844607625796289 0.076343827861908256094 -0.95199953053423735927 0.29642623670980472461
2.4914170922803706709 -5.4488095746500890826 3.2190519299414548371 0.94768752829631219825 0.01306182943631101559 -0.31893218295360437065 0.011143624733651835007 -0.99990718463747152445 -0.0078384780571008477734 -0.31900496601079098014 0.0038743673332483821031 -0.94774512446030789725
6.482297529156093141 -0.43097262513983441989 6.4793737793741152942 0.84085243510630169883 0.0072328977900129980128 -0.54121610061535430081 0.34004075442874065471 -0.78501393909113292846 0.51780826640780630576 -0.4211169287778206427 -0.61943587288929924384 -0.66254036229832757865
-0.7061472576379246302 1.9674770627200532935 -4.3285011724678623679 -0.97866660243816261389 0.0014095515806201489549 -0.20544998037588507733 0.19734705608231484231 0.28459327145884733001 -0.93811556286844099972 0.057147359761892363439 -0.95864731940619052342 -0.27880010091020668295
-6.4103395705953660766 5.5449950288666656206 -6.08119412024924344 0.99794885001501121291 0.009318825435478038377 0.06333444754807994459 0.054217931556478235477 0.40299121529373438388 -0.91359646250069048712 -0.034036871939837579082 0.91515640187269342576 0.4016593724289378442
-5.3991284834222712519 -5.9826322787564292227 5.7268166793534005521 0.99679185417984916828 -0.003948143304959868434 0.079940050069868304194 0.034677923233614356413 0.9214706056603362283 -0.38689709813375150471 -0.072134881166663833429 0.38842803074514370421 0.91865130699882879828
