1125 14.717824617146108679 14.977075390850430381 15.033177056927090831
-5.4771908443974153258 -7.3714722384414068657 0.546789111251256843 0.99030381228284380946 -0.0074859627266296614734 0.13871668875828097045 -0.10809620866680162699 -0.66871949853214174286 0.73561500933223245013 0.087255768003455927428 -0.74347709624779179105 -0.66304467293316726728
-1.6880175240202852649 4.6691770067244107167 -4.8224126816594568012 -0.98752229868861041151 0.0082656199048885860281 0.15726216684359037301 -0.15641939894465134442 0.064178997565451090246 -0.98560338265717484241 -0.018239551161010905678 -0.99790417165135081312 -0.06208528790597864222
-2.2550809201506964996 -4.9607150593824824725 5.9888080596686696921 0.92458829052176483287 -8.6843019232663715146e-05 0.38096782736631568111 -0.15847712798540561363 0.90928351020068154398 0.38482268382019035879 -0.3464411825048837601 -0.41617723452321986333 0.84069912366389154545
-1.0444502672051347858 2.1334269187672965096 5.0021775841827782472 -0.98328022882502541524 -0.00030304767182831766903 -0.18209859901689795514 0.1784725667468362309 0.19696856760527522989 -0.96402848832089893527 0.036159846800264912325 -0.98040975695757470731 -0.19362121253050618153
-6.7440942751462440441 0.75214714618607958485 0.48841079689675276354 0.91818652049617943689 -0.0092346735175211826924 -0.39604069788876605784 -0.056980065652742502291 -0.99241138848466847744 -0.10896287498141472849 -0.39202906231225087552 0.12261466800925314991 -0.91174495199677108026
2.8385964027752508265 6.4927726890698362894 -4.1170733665154983782 0.88885899372418231135 0.00982462091680992404 -0.4580755026188831347 0.37250565213216318972 0.5666201523695905129 0.73497016405993176313 0.26677561433775415223 -0.82392055427240618037 0.49998569163747752508
-1.6856592858082841691 -3.6667607238440949047 -2.7302700843008964604 0.99690603241020492309 0.0020821319629172312798 0.078574978655021610052 0.0039039235580918167992 -0.999726946826058116 -0.023038905589696720422 0.078505553466001770646 0.023274374672783065821 -0.9966419525379733857
-2.5651629669841304882 -3.4892665863894709588 -5.6867090988964044129 -0.9369442619762100577 0.0063843195965209873985 -0.34942050657231304989 -0.3455199630709367975 0.13314424177770461943 0.92891795439692048664 0.052453837508962354585 0.99107610774582766133 -0.12254282347752093463
-5.8320926290506100997 6.3943702627023739637 0.54950519448656465205 0.9645734265770937732 0.0036204450632956975895 -0.26378968349597636811 0.1448107354580441819 0.82853590013010169901 0.54088641422370409284 0.2205174724085594562 -0.55992424003000917931 0.79865943291826801964
-5.4346639746062175291 4.3278546136210014339 -1.3282092820519957321 -0.99955649786636302512 0.01881608883403287566 -0.023081645826353632683 -0.028521491409377677101 -0.82778121448918229319 0.56032560664904706993 -0.0085634164238973017186 0.56073542401015663561 0.82795075467045686768
-3.2467765323426371893 6.5797213021887674955 -4.0189396835088144755 -0.94355257460471742004 0.005887549542340649554 0.33117046323187243617 0.2680498105591079816 -0.57376631277612444304 0.77391312004809953429 0.19457090742467747502 0.81899789687379620506 0.53980052510187326309
6.9892428375508472982 6.8166666783701845844 0.093113838586514063866 0.99246081926189466671 0.003528209215387512112 -0.1225115258646769234 0.092307080810041533536 0.6360656610175923209 0.7660939091955343283 0.080628314271625339815 -0.77162687006988317506 0.63094456834469836437
1.0722141311612176651 3.8050698860115197419 -0.53269783240579327011 0.44481282291082641089 -0.0007724808536050168338 -0.89562322203448918589 -0.43245347174435116999 0.87551649392821140339 -0.21553390368127342547 0.78429939905019119273 0.48318761587310760097 0.38910690114220636282
-5.407305356449029432 4.7029441039356552068 6.5992984183764873407 0.99818798518166129696 -0.0067558368825364548127 0.059792180986456111569 -0.038585743534830616031 0.69061435971391993416 0.72219315044723753072 -0.046172357909973905932 -0.72319165151785502754 0.68910227727096029504
-1.8662674089399506894 -2.5447186781591071281 -6.0683149377636418365 0.98616405905604531679 -0.0013323059488083953406 -0.16576692549156932244 0.08588860856567669122 0.85939158778366431246 0.50405282041197330134 0.14178714872900102795 -0.51131626593282952786 0.84761552643151372166
-0.32521570831034579685 5.845476810254867317 5.5248326038620847456 0.98222722673534612614 0.001343200293711120652 0.18769089182153342321 0.038017772712890335329 -0.98067057681837765948 -0.19193714783909174293 0.18380512511279434307 0.19566148209505190847 -0.96329240649267811047
-1.9292116051925074505 -0.25493159870764708907 -5.9550262726712874795 -0.99568781159647379297 -0.022090897069517192314 -0.090098690916787627092 -0.081899429480640245638 -0.24682098270894203829 0.96559405856981184169 -0.043569086391671299485 0.96880926645099452177 0.24394741226286731361
-4.148497676575841453 -3.0805421501580552146 6.1777777344151889594 -0.94274390120083606526 0.017007177014804329696 -0.3330836121435963304 -0.099634999194763762542 0.93873144056741142371 0.32993355304651622584 0.31828729739672645405 0.34422963036378334545 -0.88328883039222971796
5.9657678952913775206 -5.9987781300687963437 -5.0749775507753200898 -0.96910432762381926164 0.014166882136810884235 0.24624398801019650729 0.24662417713374087946 0.040885280940812160355 0.96824837157391085984 0.0036493059294746754348 0.99906340802422155534 -0.043115998345409439763
-4.3597509068135549271 5.9860026978112443885 -2.7691314013635950353 0.99155611372917473734 -0.0094114769007822146607 0.12933637318526758353 -0.081266499593148175395 -0.82232112268905543928 0.56319066684661389655 0.10105557565044878676 -0.5689458632259077886 -0.81614237443497783531
7.093164888812935942 -3.4173048691013065969 5.94793634904191304 0.7813397107207399328 0.0053130287509046258271 0.62408335034381823281 0.034047539142907604082 0.99811176373575205556 -0.051124086012610751861 -0.6231765572686291943 0.061193780875238315553 0.779683461189874083
4.2889434601855729312 7.0939239900942041572 -4.9598529645351678852 -0.97605630264491771708 -0.010633746438755571281 -0.21725795153108828917 0.13017648562444408822 -0.82874894367605811407 -0.54426948375442718575 -0.17426467415201812861 -0.5595195365601939308 0.81028989352583657979
3.0459008813998540433 -2.1088361713455947566 -2.8840978065312095069 0.99211974862791996177 0.0085229450973613209153 0.12500305512039203149 -0.12170246324003311522 0.30269445147778623051 0.94528544867988950617 -0.029781115222304373191 -0.9530495414465244286 0.30134640652359701019
-5.622768750131061033 5.2011567622095959962 -4.9090929165119998601 -0.9095149200082750518 0.0085026440153619341211 0.41558430592021317063 -0.39619671944871787117 0.28470479125715569824 -0.87290969826968900502 -0.12574088348871298448 -0.95857753305614235018 -0.25557453578071920308
4.7829544148326448294 -2.593798273189893866 -2.1997929056967504557 -0.9637866468862240632 -0.00909408113197057201 0.26651941199870704535 -0.071500241029784666891 -0.95401354062088328245 -0.29111145605194371777 0.25691051908485346145 -0.29962553629543936529 0.91881528240626963999
0.34320949417168888917 5.8388371707833339741 4.5933331061602959977 -0.87490812127574824064 0.0039500325700879794499 -0.48427283277951854723 0.2806314855237183048 -0.81083047824910470247 -0.51361454893246183406 -0.39469196680242502051 -0.58526774452812135863 0.70829366689004957802
-4.9321669544357185089 -7.1573890015234562512 3.4491120803763770652 0.96027527663995304597 0.003786757877780332765 0.27902876830000172825 -0.27630519885772897304 0.15291488439400541255 0.94882689423048138799 -0.03907467413080844415 -0.98823210765263924671 0.14788668380222694254
6.29801175494188481 7.2738097640665300148 -6.1086306168689477047 -0.89909561554430261765 0.00020447522303820983222 0.43775224990713901274 -0.014318000234118164957 -0.99947857771092429857 -0.028940759599628673032 0.43751807845873819103 -0.032288246883185690861 0.8986297347267696578
5.9615390508939567482 4.5519249929814433742 -5.8389857691830231445 -0.9569746766147593231 -0.012680595097224394568 -0.28989424076065850588 0.2794170215905771304 -0.30973646155977829775 -0.90883961864886675386 -0.078266189147379122693 -0.95073788548074766869 0.2999531242510659057
7.0691808950138161904 6.0229219968376401795 -1.6509790321795347889 -0.84023740430389914913 0.0093993043705804368154 0.54213721278466808773 -0.1533444571038161397 0.95491280924792576457 -0.25421841831314295757 -0.52008324514849446629 -0.29673756049991684147 -0.8009121289532316057
4.2634175880216167442 5.9730973457626674872 -1.887337733648329241 0.9378810402165539406 -0.0030066636271125248003 0.34694396431706903128 -0.17581467492976277089 -0.866188953877055412 0.46776692514618900542 0.29911261170599251491 -0.49970757064024651228 -0.8129108126745102636
-0.92347035311363045995 -6.317959518702262578 -0.56617264632884811704 0.99972251712623672049 -0.010113977468662958825 -0.021274308701554712348 -0.0083686280806164383556 -0.99671248852405613938 0.080586483260487645763 -0.022019419043481154585 -0.080386085114311403577 -0.99652055799419203552
6.0569183019326153783 -6.4296031849549111215 6.8458446421008343208 0.93355174457699718893 0.0049008888604145607257 -0.35840915374149556749 0.038650312002380726728 0.99270024203076379088 0.1142470255813724106 0.35635276564016882261 -0.12050813566082335671 0.92654762190632822261
5.6040023735068107413 -2.6000288722803297503 0.79354535997038344597 0.9136868491022246408 -0.0084329809120304022318 0.40633142459169224736 0.004516988560722039539 0.99993366327510291303 0.010595558673692377638 -0.40639382203975321639 -0.0078456282222840092316 0.91366432978735978576
3.424682283367340041 -0.64299184112286522641 -4.5669742458296660459 0.98097946635170985008 -0.00038509356470112048043 -0.19411114934321199721 -0.18948559886628918436 -0.21891245334702694181 -0.95716902665718828214 -0.042124748292202141009 0.97574442835847552402 -0.21482159134685088753
-3.9215075651482180774 5.9694033668597805686 -6.1242788784305606242 -0.93881786859947025103 0.0016829239421735937149 0.34440989731009324926 -0.22884119395844143563 0.74428789385823479474 -0.62742907089462740533 -0.25739603249827636144 -0.66785679514624518571 -0.69836565181217580278
0.094490656734115843762 -4.0654633895048561953 -3.4401153556823285129 0.97279690072662905465 -0.0074526412530094253428 -0.23153973325336746347 -0.20014793412436790443 0.47623708270464787384 -0.85623539142138960223 0.11664902229521850741 0.87928533434555544712 0.46179032731565072822
2.7503270997401925158 7.1526758642714982628 -6.9352442843601780353 -0.9590785560511299046 -0.0032936286206764024687 0.28312095530589592718 -0.23883615742339900367 -0.52764059794595130626 -0.81520101159560465209 0.15207107953204176964 -0.84946133014382252391 0.50526214518824541511
-0.61873592980648584039 6.8500801574148777462 -4.8033921678670932209 -0.70568105653343393691 -0.0006404473585994302498 0.70852934750582186041 0.49843693226414664821 -0.71116279273707927455 0.49579038593099777898 0.50356218186521550795 0.70302707775279593694 0.50217333356256865784
-6.1046555111148972372 -0.23432480007515113507 -0.13246639108753871517 -0.81450352483811794269 -0.0086650427737652926941 0.58009389331399185963 0.41645079596064699112 -0.70488108761346957021 0.57420500421760345411 0.40392170351458966948 0.70927256351745127105 0.57773669441308550532
-0.88884290674414756506 -0.80211384581654798787 6.9233704984638331226 0.94967924239319967405 -0.00021950440465820161839 -0.31322402268240301382 -0.29882412283995068991 -0.30035680386912572137 -0.90580899420258698118 -0.093880137283885320421 0.95382689319774605075 -0.2853082151572561842
-6.0202511513001049082 -4.987210419882115886 -2.1545894175419793015 0.46722624437442794587 -0.0037538222658298012885 0.88412982383027594047 0.079231277210657605203 0.9961453486692449788 -0.037641055194932979133 -0.88058051379724711083 0.087637624015103693376 0.46572267024231839283
3.6408151631118008673 -2.004426611910769207 0.8801004465937966037 -0.99071261456776504861 -0.006937818528579151045 -0.13579536814791462462 0.063327480394706592293 -0.90731321663264374866 -0.41565894330626451669 -0.12032516595963478612 -0.42039813700551320608 0.89932600364895010081
3.1652666523692736256 3.2129005194740285489 4.5501303722419041975 -0.91493684379123474404 -0.0038119061153417477597 -0.40357903965040053951 -0.40350496402221275316 0.029998087061790662533 0.91448557057073065479 0.0086206660289099412003 0.99954268750480779193 -0.028984478136011165156
2.8081714231606729193 -6.0953417935903573266 2.4378131022915363602 0.96668752123426804346 -0.0063536664217926121234 -0.25588057216776499692 0.22762602745328677778 0.47851332901251514285 0.84806331460753847651 0.11705395301200915981 -0.87805730159278261304 0.46401912374800169392
-2.9083925613671137711 -1.9225791642292711092 -4.5169529970307715772 -0.75614019716238500823 0.00035799798163232889742 0.65440956141607842245 0.18115600052174807288 0.9610351342037571909 0.20879170074725625361 -0.62883583367230255767 0.27642601661823584802 -0.72674214933928249494
3.3855185158796845535 -4.1455084353483862003 -0.31981735638834862812 -0.99692698048322725413 0.01055057950983181482 0.077622682616270560763 0.048674827761142971938 -0.69296034348023416438 0.7193307469489748085 0.061378797047195184089 0.72089850023131696322 0.69031731517998418113
-0.66819080119193952072 4.3971013271111454301 -1.4473569022908883142 -0.91286806455234004165 -0.0008670367001310675531 -0.40825377520340067061 -0.30445823882926165149 0.66766389251856106402 0.67936007200588999222 0.27198727457271537622 0.74446233945999007453 -0.60975302180164048238
-3.054923689602860204 -2.5885483714306722902 1.5060581106892936276 0.76760051968314979565 0.0017009842619363398086 -0.64092632090957935009 0.22943775248330580685 -0.93445633605884792505 0.27230437700288873115 -0.59845447606109736238 -0.3560736758763332066 -0.71767943918602672415
3.3414067571236731879 1.0103801473324178772 2.4679106121718272782 0.98389763270036267873 0.0053038090793407367124 -0.17865418544193761852 0.0021556033320151001681 0.99913479132973459507 0.041533385712984767502 0.17871989743996530287 -0.041249707438502300483 0.98303492302930317592
2.71217589761171185 -4.6152801289601219636 -6.9504589362456030699 -0.7947817480903263121 0.0062052627137613707714 0.60686363181273916823 0.056345966050575749251 0.99638318916406021231 0.063605600862900596448 -0.60427403138986568454 0.084746888237587789106 -0.79225681437391737294
-3.7331609436543762293 -5.1881845290388044489 -6.6064077280211215282 -0.3807490058807495581 0.005935241111550458061 -0.92465937914129625597 -0.91985209040113036227 -0.10446684527803752618 0.37809894210704120265 -0.094352139910225882313 0.99451065914382486 0.045235191430594130779
-4.7849198601189257829 -4.3696178449034137614 -4.3087503782849783107 -0.81768804461940192141 0.00024949813361095987685 0.57566153201099479197 0.41045154710239450946 -0.70090273654756363175 0.58332227917460655053 0.40362828093160485476 0.71325682026240577738 0.57301738122102718886
-3.7087825191687624482 -0.8410037723736105697 2.8410911699434437949 -0.99991652315015655539 0.0039746611411726976565 0.012294258820550718267 -0.0118102181026170025 -0.66709216044893293596 -0.74488157999518878061 0.0052407518068456745639 -0.74496459750554810952 0.66708341531172177241
-3.9734546212750854188 -0.90688097819079194206 0.2837588255239140711 -0.72953243940650036592 -0.0076037219028408384661 0.68390394301167378721 -0.64260195061392133553 0.35000966654103154996 -0.68158342585125297752 -0.23419042021579611346 -0.9367152271320600132 -0.26022957237419408472
-0.93339683833590658679 -1.5385876350275242697 -0.077462525019767691781 -0.99395529128971571442 0.0071292123950448642311 -0.10955388285082919009 -0.057200990712087937395 -0.88536972628384069672 0.4613550633097490139 -0.093706593037124960577 0.46483289697547913732 0.88042572219964931879
-0.90535477689617138708 -7.022141224718691177 2.3700201556099003142 0.98912520516679103277 -0.0095407762462318013857 -0.14676614763743073278 -0.13339612065758787995 0.36207287201352666983 -0.92255553239101228957 0.061941936498713698334 0.93210096499278982662 0.35686270127644226235
-5.8210031623165878756 -4.7561727878715460704 -5.0791894172248035488 -0.99987341535924845193 0.013963040857327317992 -0.0076280238524844504872 -0.015890318794231299282 -0.85203059430313454747 0.52325076601964948253 0.00080686212816638135797 0.52330574224014803075 0.8521446174869143908
-3.4331122831070852719 1.7630134763729381486 -6.3926138402814887129 0.45562288042796805776 0.0069192755888469988437 0.89014600738072269248 -0.81579019078647585506 0.40340528132515085513 0.41442797156509408874 -0.35622205918088706289 -0.91499524732345549616 0.18944535340995988237
2.6512208687823424214 1.4680229878981303493 -1.2592897122038306801 0.99395978884778590778 -0.0088974021443633966727 -0.1093836111520066906 0.10973118091252123674 0.096320271861922879264 0.98928331289062565457 0.0017338076939210525333 -0.99531062561565619706 0.096714799526018163656
0.84913843296748248157 -2.651199920842744806 -6.8574084043945155997 0.98513117868408361932 0.0035856288378495870112 -0.17176642294188607107 0.16906041494371987222 -0.19818681498003559716 0.96547426815375436693 -0.030580007905281730851 -0.98015770651149458637 -0.19584619854006540818
4.5945634993216986075 0.95025021896197592319 6.6603649506722817364 -0.99914299696013653129 -0.010418440058980984325 0.040059053061243084237 0.023671174008226603114 -0.9377459476958323048 0.34651437647099181394 0.033955075415884002077 0.34716565741264510114 0.93718891327563202953
-0.60373435164580391277 -2.5036909888981582206 4.3429269814335969002 0.99783729436267698532 0.0019528742578743425989 -0.065703274356611815477 0.045058008406107248611 -0.74809353609493645099 0.6620618076370111682 -0.047859271385194600279 -0.66359042152158864702 -0.74656362261186703932
-3.5771276001105598574 4.2743990650742276216 -7.2475070433577650775 -0.99985769478878283589 -0.003830855450018857012 0.016429081479591826215 -0.0020341804649883941589 0.9941474674653506538 0.1080123837440292861 -0.016746709574637946849 0.10796359330240196117 -0.99401378775125148746
1.2393871389632113988 3.556504519191558078 6.7860130344209226294 -0.94699365948828295725 -0.00092509605017725539747 -0.32125091919918280503 0.016998541979137568592 0.99845066988189257184 -0.052984048382651242892 0.32080221080852711069 -0.05563635510828758568 -0.94551072840587402357
-6.5346131081222047499 -2.5867976184199519274 7.3101850564611625671 0.88098588849390169209 -0.0080762405444948746902 0.47307360802881692763 0.051904717908723661812 0.99546938619031732909 -0.079665559791753104424 -0.47028689598324280308 0.094738986150273360454 0.87741367664849068131
4.3865093288969534413 -2.6239402382814023262 6.8813486473328175919 0.87592543275033551975 -0.0024738689025341343945 -0.48244016855345445149 -0.35421205561832413977 0.67562703094415843541 -0.64657709108204008963 0.32754916564667169165 0.7372394421286413424 0.59092262526828454039
-6.3248999321676819818 5.1076880971778617635 -2.0130215326699727463 0.97212224775648348185 0.00075702641519993698477 -0.23447337232180245903 -0.2103967151274155345 0.44421216557328113694 -0.87086667993462529846 0.10349665540752965576 0.89592130171555617313 0.43198780474886433467
0.43497025776695935617 5.3317061142142732066 -3.416383934450309301 0.68805197215880209427 0.0063914225332590210438 -0.72563326365759384107 0.1089123549675998226 -0.98954399450404728622 0.094555707793720619736 -0.71744169278319491756 -0.14408966881416779282 -0.68155380183602320976
4.0732192507717019936 6.9548290914150090458 -6.0782473256731330835 0.9999822659451051976 -0.0059543864562193052695 0.00011435544041807181592 0.0059059028024091497419 0.99394678652750367842 0.10970371855049781962 -0.00076688155847317272806 -0.10970109768659351557 0.99396432584825633594
5.6758997276092477691 -3.5830519255845949544 -4.3124318583829710505 0.8667319791427393616 -0.011039100376436544737 -0.49865199748333149943 0.49724885258459905479 0.097251936926035134623 0.86214015065273330585 0.038977620945657001639 -0.99519857266123790129 0.089780543763097256371
-0.024001675667456319474 -5.3769229968194860447 -5.2646273867430872784 0.96761934885872513679 -0.0081945739090484460282 -0.25228088447727342603 0.2482552805067302637 -0.14978379127707161511 0.95704447732131758819 -0.045630159047369799052 -0.98868481571691146925 -0.14289934834074355385
-0.83777106124187927794 -1.2019913828656980659 -2.81777034364994039 0.90626438831917532912 0.010375217043023084174 0.42258397193417285287 0.26652622097237554932 -0.78996752127436487001 -0.5521911705793268732 0.32809850959512132373 0.61306090252349110248 -0.71868469985002780831
-3.2574015200015531413 -3.5709464704243170097 1.8098041287915844766 0.83067495722390316537 -0.0033955160281873199984 -0.55674732681168703774 -0.55296576665710650555 0.11147821090955621626 -0.82571270390958906304 0.064868916642418214535 0.99376107740403274438 0.09072455395496673014
-4.003605022270021685 7.057119522627099073 -6.4799724048302964619 0.80298647130226519231 0.0024773023260502673171 0.59599210555070758488 -0.30077047322314393041 -0.86163176398763419161 0.40881270249933077121 0.51453848188718775969 -0.50752789702728129395 -0.69113355033340240219
7.0041939689415855241 2.4561136309867257488 -2.6128757212511573016 -0.91706630286425760978 0.0021263010202839330992 0.39872907467948898175 -0.39451457650072691008 0.14026541411788906455 -0.90812106160493177853 -0.057858837520564990187 -0.99011165655505561922 -0.12779382799833111095
4.619670343962649639 -1.443350232803942701 -2.1592642286347043523 -0.99878415234806638967 5.9976947468474333183e-05 -0.049297194860898167768 -0.027569581240941120476 0.82831743168287363943 0.55958033432265452678 0.040867287756634680662 0.56025907290568377483 -0.82730867033909782915
6.7851627641905647437 6.8705902755998851106 6.8548942184812027278 0.9474503608470522531 -0.0092449447832225993549 -0.3197692054072848733 -0.31136927092823485363 0.20268653758686805411 -0.92842196473507221377 0.073396122870448859965 0.97920002985962617537 0.1891568414585287905
1.8898036442347061481 0.58592478857092977762 -5.8240510926586903651 0.8113546403242836158 -0.0081189304762999004589 -0.5844978448140419891 -0.23840374071005360213 -0.9175619212356317389 -0.31818827306152253076 -0.53372961697821474925 0.39751000448584317137 -0.74640370597545813158
-0.83845715666768327878 3.9395846581879392367 1.6733871758590390666 0.99997765864234400279 -0.0011597095094932092108 -0.0065831064098354329789 0.0010541225074807698651 0.99987111658760974287 -0.016019957540800353751 0.0066008364537006435774 0.016012660232564708551 0.99985000058528761269
-7.2215833337073345177 -1.5383206756407288296 1.8105330338969602977 -0.99992206661473204132 0.0094891910591586182272 -0.0081127029933685465557 0.00094214896660237959156 0.70532914594559237287 0.70887933263356361913 0.012448817298867719677 0.70881644389267495221 -0.70528311748912064783
4.9291031327008214546 0.16655546081944563874 -4.612990258210622585 0.73239774352577113881 -0.00075271958399526339017 -0.68087662516171720828 -0.41954490160415930378 0.78710357536596564643 -0.45216151669960302772 0.53626077687667372818 0.61682039124795418061 0.57615708285525002452
3.7736201013795080961 -6.0165449451627255328 -5.1586663559593448625 -0.86534357018716978605 -0.0012704545839622868007 0.50117750496314239506 -0.46970075578772202407 -0.34675861185785561425 -0.81187416827666947228 0.17481906517405407242 -0.93795354418415299858 0.29946860169992112199
1.9534800128265381591 1.8263408055021337351 6.3655378522749694881 0.26068280202194327178 -0.0001701428758076242026 -0.96542449097863491936 0.029843209128389384943 0.99952351435118580447 0.0078820763744810104501 0.96496313898456875791 -0.030866086736996291295 0.26056366801732361305
5.2915951984684310716 2.715946730365269346 -4.6919801161873726514 0.93405060461844635622 0.00083900245275733524586 0.35713969827888808473 0.088850991094588410713 0.96801034004564001645 -0.23465183346000229037 -0.34591179423858792186 0.25090890306943003374 0.90409609719716621523
4.0480582129302229433 -0.15863488376209772257 -0.38955279976832990485 0.9873314268487763945 -0.0052643304057582995803 -0.15858417443762029553 0.0029058911193400012787 -0.99868194133992493899 0.051243885863196947383 -0.15864491593966370542 -0.051055527290753022207 -0.98601476854039582509
-5.0302323493932377119 -6.5008761581448615274 -5.6499648970534153136 -0.90449999122927160489 0.0012172842358422033063 -0.42647190304338794542 0.38941087680685304573 0.41010295041702982122 -0.82472706945013740665 0.17389345844751147308 -0.91203842478172181263 -0.37141213877684364775
5.5827690503221871765 6.2340606569018621741 -5.2262123414069794336 0.9820004140194140696 0.0020078241349867137142 0.18886809023208506186 0.17454232372277198038 0.37248952426449594144 -0.91147492096201132572 -0.072181466424032836304 0.92803422509924915484 0.36543441675551407988
2.8643963090710911068 -5.9957005310769195816 -5.9682172151891759171 -0.98320718801213913274 0.0075606046718361945985 0.18233612559841885781 0.018897578320259320744 -0.98955194135511548303 0.14293298042714522311 0.18151172682462821117 0.14397844497403522457 0.97279170453287977516
2.4808247114726578175 -2.534971116093336363 -4.351191871146690815 0.66338666631471199242 0.0056259722501401116662 -0.74825562436389791987 0.7211533804157709282 0.26198454924253078424 0.64132822943708089891 0.1996395072892056255 -0.96505566906502016078 0.16973986784169414754
-0.31061280565606352866 -3.7361547216994033249 -4.9346005618821902061 0.97729184349024977863 4.5389828335156388872e-05 -0.21189773615420495756 0.21165123981221084515 -0.048429964524282963223 0.97614460569233951759 -0.010217892808607223834 -0.99882657978046651692 -0.04733981612358433011
-2.9331358412439656469 3.9640086004121934948 -3.1859242683243480521 0.6956234847378487407 -0.0015637548437413134605 0.71840484557934669585 0.70794764301231916104 0.17150642972099261474 -0.68512457211642607824 -0.12213968329134723689 0.98518175949174469075 0.12041095685335494181
-1.8644791253280832422 -0.23989572570099554349 -0.19749493121955863373 0.38244435800094195299 0.0019891514789905041447 -0.92397638298255069245 -0.26642982228376693721 -0.95728525212427761915 -0.1123392000296997012 -0.88473242442620658732 0.28913835674614474236 -0.36557837439738172236
6.185096389721974397 4.4257457888717395278 -3.5733317686692802617 -0.88931131609243019298 -0.0040571312480459902766 0.45728429095675265925 0.45712423172286226203 -0.035788654353738930114 0.88868251304459167095 0.012760087837233638139 0.99935114544658998348 0.03368186830926701153
4.2663476769336350358 0.91087508021633323274 -0.72828750781809525883 -0.76490320309108739139 0.0039205489825121188005 0.64413330856020856174 -0.63854077361726324646 0.12700908467751043096 -0.75903515915772612477 -0.084786616451470536715 -0.99189380565921114741 -0.094646225311173420858
-3.663200490231182993 -5.3923228902567110765 -4.2374454830385293036 -0.95218058792271242918 0.0068621517808723090162 -0.3054587351119680827 -0.12010408065114189236 0.9108601873791544179 0.39485279391026795182 0.28093974050357184424 0.41265800600581209467 -0.86647921630302582319
0.530753004385074445 -7.1086363034651975923 0.4392028963525654861 0.78718645031462952666 0.0031491192610855096856 0.61670704186753222409 0.47420769489577285771 -0.64242132307180610518 -0.60201487171345802185 0.39428993715626320382 0.76634517465074847298 -0.5071986975010891463
0.025803619165307861011 -5.703229602343644622 3.3233660677335681299 -0.30846280474657411519 0.0027295371391986289478 0.95123248878230648451 0.893655843349018153 -0.34180462096186869925 0.29077282324419256865 0.32592933549489239153 0.93976707258565528313 0.10299474524318076585
-3.8713836170964905925 -0.53556496200319747558 -1.2414647957695623681 0.67319443778995935457 0.00465732556534242427 -0.739450849108460595 -0.65678164932878257964 0.46324413831804017727 -0.59501490184602257028 0.33977509330967176071 0.88621847059993319462 0.3149122232207650085
5.7110213088316488239 -4.9314762908013189957 4.5929091152797179021 -0.9596721258851752534 -0.0025942147668915789549 0.28110973097484942551 0.11040993939186073691 0.91612889512066053577 0.38537967357973779148 -0.25853250488574774923 0.40087543897657029746 -0.87889693727012174751
-0.99427354629709452372 2.6486214191129344719 6.4361933767844661247 0.84637686980653537017 0.0083575047200933234859 -0.53251886949786819692 -0.34339840398174248381 0.77284000259493135232 -0.53366268984432019273 0.40709179603534839664 0.63454588683875778887 0.65698385603976217073
-6.2330138757305331154 -2.303140427409004154 -0.16172006990260343051 0.93421966056332406136 0.002260174805961256278 0.35669106720907289843 0.20666575155080807447 0.81160762871001013163 -0.54642686990633604349 -0.29072821148424582427 0.58419855240279250363 0.75775270267916305933
6.8898556588689583435 -5.4774670361318671397 -2.9615684963276827091 0.94854077469213149421 0.0065047039653716651197 -0.31658819872637955495 -0.28935692217259761927 0.42390112331767137999 -0.85824262842212273306 0.12861947884085825344 0.90568511441694277142 0.40396968102365632403
5.6331161959792925842 5.9678518650629692743 -0.15674352557954970844 0.99880756322789476798 0.0020240978584481674613 0.048778629199735454303 -0.033174986025759953256 0.76115802821278921719 0.64771743560707251142 -0.035817201746318007294 -0.64856330386097515994 0.76031754480869129242
-5.2320937907791451593 -2.8557421229653034978 3.69145546395086388 0.91048799784363165788 0.0098003837796061359089 0.41341934916069678074 -0.020292432164964194219 -0.99745596105651102015 0.06833610282698346361 0.41303731427014006572 -0.070608485541905435801 -0.90797280729660667653
-0.085779359664681698039 -2.2687780727412416582 -2.4078853527124475242 0.96040464710996031883 -0.00035804056446501857092 -0.27860866034004844183 0.050916008815344734884 -0.98293289390935967287 0.17677807023874553272 -0.27391691049632899135 -0.1839641211702614243 -0.94399508911132790079
-6.70031512074658675 5.5230445415669757736 2.2834449374987704218 -0.16812638129341875293 0.0093936935118222267965 0.985720689868744393 -0.15134123292363685365 -0.98834561611974969253 -0.016394337865145238581 0.97407871916511912236 -0.15193650522211149534 0.16758862506318181196
-1.7413375279800662465 -3.0143971876179347369 1.9749868745931398184 0.98628342066060137316 0.0063147993216204839975 -0.16493979944019182549 -0.12831985183611860357 0.65786703868466700484 -0.74212194081361781972 0.10382210629059401841 0.75310761695895378498 0.64965366736717633511
-1.5047989804121384427 -2.9654994127764595646 5.5841475905336377394 0.78522458623794477717 -0.0069484674086959866135 0.61917208267822354539 -0.61906995928942532004 0.01253696574245691947 0.78523576713959275519 -0.013218724325391999208 -0.9998972663681895412 0.0055427463020489139631
2.1799014986262816862 3.095364050424115554 -2.8801195984635064029 -0.8609102317955992234 -0.0051053785063714055698 -0.50873127277572105509 0.31101455906290331743 0.78606032934757386066 -0.53420885679383411926 0.40262081024285606423 -0.61812870321348833969 -0.67513953329884912602
2.8272437794445646198 -2.9768927625391952141 6.524785301617122002 -0.92998598075953353703 -0.011146883161606679219 0.36742594163505953864 -0.33701366439871466296 0.4250015409173428238 -0.84011634921976419133 -0.14679191258100796058 -0.90512398996700471621 -0.39900212679530844273
2.7584131531336817389 -3.6156738200123421656 -7.3356655068586569257 0.94756666810792111733 0.0014337310796212945213 -0.31955493096829906685 0.07656884159279760127 0.96984116540034559506 0.23139863092070747652 0.31024929006862300707 -0.2437335805957977497 0.91887938256438184137
-3.8858382299388369852 -4.1985402066435506541 -7.0510102187441496824 -0.66569679747090459987 0.0062554086331588938663 -0.74619611611139302632 -0.11797861147409183236 -0.988270491964860609 0.096966395963220139431 -0.73683703834129421484 0.15258540092117170439 0.65862650596074112652
0.24153910528293720539 6.8493255464952049749 -0.24170154896293805091 0.48982103554251887889 -0.0011314659306571861995 -0.87182227140904733353 0.30740425237811164205 -0.93554943788187572284 0.17392491166847851014 -0.81582962606173603515 -0.35319395388925300949 -0.45790397702608953701
-5.6825475947561407963 -5.2461442022253468309 5.1786772685306781128 0.71905073108036110519 0.0014009754095008096139 -0.69495617372672668921 0.38890114903196193463 -0.82956952236567882419 0.40071224568707936031 -0.57595307310104226772 -0.55840168770329501324 -0.59704741248551751465
-1.6900967794556660539 0.26014109188892853286 2.6546308177381474636 -0.95001751439974613245 0.0026875454932182435419 0.31218504037321981315 0.19470241694575241009 -0.77657179739631820858 0.59918879522573698093 0.24404444506911793233 0.63002303179161656121 0.73723353711232242347
-4.1858133129276788864 -6.4891124495250043225 1.6700391796811329126 -0.81177232687676048606 -0.0011583316894264407068 0.58397289970068211318 -0.34438896813538322217 0.80854601979587414906 -0.47712636952783676891 -0.47161629312797886948 -0.58843180755284874017 -0.65675420053183852787
-0.43310981818038069013 -3.4685182144170410012 -6.0244552616108215659 0.99633493010151108482 0.0054891824718854365442 0.085361442907994494744 0.039594684119207051998 0.85499188428627370673 -0.51712777801442022518 -0.07582194965213566451 0.51861232792951783566 0.85164093682172570254
-1.273734342403288089 -0.063550263111758542589 -3.24386425280915347 -0.94319284163208416683 -0.01562004118176258359 -0.33187840816705022062 0.12545989732811069217 -0.94168452118115619776 -0.31223400956694136177 -0.30764765179728498223 -0.33613431375164221082 0.89014978821668189202
3.7247358796714880036 2.1630769438872605726 -4.025772359739317352 0.35309811341379904182 -0.0041108090146745263418 -0.93557726754812953196 -0.80723212971998969945 0.5041868321354865401 -0.30687444834799765259 0.47296724099173503841 0.86358481896714223147 0.17470904211941493123
5.8739030573812920366 5.2739909409047172062 -2.5547945304054842097 -0.82452957425381034895 0.0038821013128834029951 0.56580554121564452519 0.29690664367349112185 0.85421227009736122593 0.42681124933345720995 -0.48166111128406124964 0.51990992191378671006 -0.70547590105696944551
-6.8022900246363819932 6.2693626312482431118 -6.1356839168368040305 0.92289279459938233785 0.0074096427164079825545 0.38498569696961348896 -0.36642153363979329539 0.32417167579335848249 0.8721513540081705651 -0.11833912861533386895 -0.94596924992736530768 0.30189075645078589094
4.5217714364455385834 -3.1875614064827249017 -5.809532674023381027 -0.87285194061663917697 -0.003394978653928020125 0.48797332292012690624 -0.24347423164792733608 0.86964664437977312605 -0.42945897643714808778 -0.42290635876659410375 -0.49366303086115442822 -0.75989935101681749252
2.1635549410879169052 0.98815979198586079146 4.6344445591784131366 0.83565690669571224269 -0.0068515056946899513188 0.54920905961342947332 -0.33052208471134075785 -0.80488184174718080399 0.49286952872325473507 0.43867150102307439496 -0.5933955491031784879 -0.67486964407564942192
7.3526493871147549086 3.7328188671161841583 -1.9868280305831442778 -0.41971161982456739459 -0.0097968667762095874851 -0.90760463726532503159 0.73582313560333267866 -0.58912282596835374715 -0.33391407432732667093 -0.53141929706682389245 -0.80798410709888124348 0.25447045679313434752
4.9078890028304691384 6.5217751640282788372 5.3819164135512060909 -0.68034963865670738947 -0.00013487120922239912053 0.7328876796546411887 0.5911413496357936781 0.59100757522641145236 0.54887334675300913922 -0.43321619767800645384 0.8066659952141411738 -0.40201206230000724462
-3.0547707424807226673 5.7423559666177785843 7.0875952323073754258 0.96668855512871998403 -0.009582291991205728332 0.25577610729578809101 0.21023546402813281242 -0.54026303921494522875 -0.81481095851924567608 0.14599413360838978115 0.84144163679869921069 -0.52025155916499177255
2.886918060397437813 5.6851518071939253218 4.3449423200471501971 0.97127372688772151132 -0.004837164262994323935 -0.2379158449946843501 -0.16751536467432170951 0.69620494826861634152 -0.69802383383675448147 0.1690146445005721032 0.71782677008328044099 0.67539527544708377604
1.7396565400808867707 -6.2318137912223248165 -4.5118065113861032245 -0.76875291799184675146 -0.0018679522230231147134 -0.63954316651313958264 -0.63681074640193824354 -0.090149568768673721264 0.76573176016004051991 -0.059084891013761763057 0.99592648624545099256 0.068113211997255132535
5.5958021891269780212 6.446441880399851776 -4.1215242348504803616 0.97972221305299156402 -0.014035146045250728591 0.19986845655596313653 -0.095466731026839751761 0.84432864153974207522 0.52725254702347379432 -0.17615472891073838402 -0.53564182039045660222 0.82586763572079591178
-3.6334808744311084538 0.63097415383643906672 -3.0725334041308980382 0.99764116125177015881 0.00017890142498057728677 -0.06864460190160856512 0.031169890871495364165 0.88977991838739201036 0.45532420838072146241 0.061160046427425535098 -0.4563898167452606347 0.88767549470071671625
6.8803799406312258213 -1.195701102576313346 -2.3827856199228132361 -0.86087544491538325886 -0.00021904721288617168187 -0.50881570372780859923 -0.022792517309499802508 0.99901269897954525501 0.038133035969687215094 0.5083049965290423744 0.044424985040899568622 -0.86003049434760181491
-3.6500263658167098058 -6.0959142748794006295 -5.7820945362990352479 -0.82835960181585743811 -0.00022880463343658355435 -0.56019667771944037238 0.54807784307165496873 -0.20720903212203767296 -0.81035491911943569043 -0.11589239842801619951 -0.97829666495161471396 0.17176899409123749796
-5.1831957331446814052 4.7750564288260664014 -3.0074296936818321058 -0.97623259994935973616 -0.00060734148164345250903 -0.21672457620803897704 -0.11199626892879456508 0.85753724129209152327 0.50208237923990650664 0.18554445974552186138 0.5144215303946062523 -0.83722383059984240017
-6.4589691317299591233 -6.7345723462088864508 -4.235536910432614377 -0.79822734838350295483 0.0027235857454858212329 -0.60235013270804671492 -0.55988703964360486687 -0.3721862029323265153 0.74027287751606141164 -0.22217021207145093431 0.92815408873068172557 0.29861410623189593716
-6.2386866093255202159 -6.4337006987206137865 6.8565383153184127352 0.98485544167210370414 0.0041720426079624442148 -0.17332730041556357325 0.060607304591483147915 -0.94492392668904223729 0.32162948776633726311 -0.16243926138415398785 -0.32726345171915527388 -0.93086632742288077935
0.78198901817774890688 0.55721268385790712063 1.7596764102833031274 0.68211259435105797699 0.0084215768500059129398 -0.73119866361414509459 -0.66147123023082154969 0.4333826942696566431 -0.61207454765297553134 0.31173421404247203537 0.90117063719974155322 0.30118642473456924691
2.5277041180129082854 0.69554906164990404349 6.9871930064702807428 -0.92763808142812431701 -0.00089180492458100675546 -0.37347930942458740233 -0.34492186169273358898 -0.38146956092752049017 0.85761872846398568004 -0.14323581678714530918 0.92438097057955748159 0.35355808860715515207
-6.2661463862055102325 6.2204215531811497542 3.2909955933606354073 -0.51481919649080765122 0.0046100205269663588337 0.85728638309216664837 0.075558536689788097229 -0.99585009205314400926 0.05072969239980698597 0.85396258844156758272 0.090891924110019756133 0.51233441781097743828
-5.8229483153118772876 4.333421705613947239 -0.11463249037413093812 0.94176128323527086295 -0.0050102896518786771418 0.33624482508540931569 -0.22968359665673421244 0.72074573022726973193 0.65404207646449030733 -0.24562396223890975433 -0.69318142600388943375 0.67761964243761874105
-3.9887833543072011011 -3.1836216893281039653 -1.8777482784869059529 0.83662478807542273174 -0.011255890754585768168 -0.54766072426384793115 -0.50315291410255735816 -0.41104217583105578937 -0.76018515818077525559 -0.21655509462485181271 0.91154683621392895709 -0.34955150747867946848
