1125 14.717824617146108679 14.977075390850430381 15.033177056927090831
-6.9083706256447099392 4.5707070829306779558 2.9902869493106769561 0.98201080239783133941 0.0024591391876090436946 0.1888087302229251585 -0.1480701585247055363 0.63052585515833159402 0.76191362642453175358 -0.11717513442884185115 -0.77616435025788321767 0.61954732608599483168
-2.0711742045383001454 1.8338601118682960056 -4.435641337520906724 -0.99349755669544259629 0.013432232837792455749 0.11305830337113957629 -0.027247337743538223992 0.93610911143579988991 -0.35065269722728026336 -0.1105449565835519149 -0.35145313572061992469 -0.92965612242711059832
-2.7238536470624401531 6.3093918086675504497 -5.2702981801470141221 0.98936540472896117304 -0.016824942741536459689 0.14447497093657199474 -0.056561052650928367314 -0.95961328903438969373 0.27557790700922030203 0.13400351953737132948 -0.28081890394044434212 -0.95035982656113482392
-0.32543698547858540548 3.6481787795442417455 6.5122238476076077518 -0.99934698490258833115 0.0026889410357752649428 0.036032948286485656786 0.032490030719317566921 -0.3695042289092831389 0.9286608760586392286 0.015811441109884159795 0.92922515808289607442 0.36917557329248107401
-0.84833556389521513896 -2.3493362772158463692 -3.7950217291153918175 -0.96842295486878215982 -0.0026008471212993150914 0.24929945061614339208 0.21354676977824121886 -0.52470456439074264487 0.82406486226806441309 0.12866529291363315579 0.85128042130767223039 0.5086913471818677035
-3.9007531840147855462 -4.8743166045498442784 0.19532485564106638609 -0.15260919903787142915 0.011391305865090527866 -0.98822096239645096372 -0.98467311938102064506 -0.087182723461619662797 0.15105634941376985814 -0.08443506580456736077 0.99612720617426808722 0.024521598277383808984
-5.9048741688121850757 1.3112024650205962306 -3.2346675761486443079 0.8572123440198670119 -0.0073814845510092128716 -0.51491019697200723915 -0.36642483572630268895 0.69381460742947942411 -0.61996300718709418387 0.36182846353337011491 0.72011582693572573355 0.59204168668589995939
-4.8297522343226297892 -5.1120371067489118744 5.6881359444744612475 -0.64503244444273710734 0.019058438786451900593 0.76391748345446341961 0.61990155643440947308 -0.57150212040145886849 0.53768707135922311213 0.446827937741679726 0.82037924296482367392 0.35682305385977935996
-0.45861709092668428989 3.9596886971423002066 2.3627399146573972999 0.914837629564923982 0.0056570443718996984983 0.40378225491108188372 0.4029068614896791356 -0.080060581037850797603 -0.91173261668568073013 0.027169330073068018866 0.99677394689709686304 -0.07552169417144501129
-2.8713125160171935057 5.2184524553542113168 -1.3408567507087931769 -0.97323996682798730173 -0.009364384865398671029 -0.22960025101196609998 0.21728636802176062859 -0.36261646997156271599 -0.90625378894510144612 -0.074770323261186641406 -0.93189141212997306241 0.35494759438257383888
-3.9216777438983525528 5.3124359318192864166 -5.7500134295958114095 -0.95543440535139589898 0.0046123325738407971661 0.29516744986372378534 -0.14173068156835588738 -0.88426730236803940954 -0.44495365136718284527 0.25895465041779375248 -0.46695831114892133451 0.84551311324896738508
-5.7916759949738505497 1.6820928477402610213 2.2162289696591419563 0.9920236227672625251 -0.0027843761308132997274 -0.12602134391148203663 -0.08180016854058365372 0.74643435283273196212 -0.66041236310187123593 0.095905496705960352477 0.66545323213625817704 0.74025274841828136996
-1.6376415753872530789 6.5113378566742934339 1.4653406881587918154 -0.96778805757790631326 -0.010084108702424435938 -0.25156427878633469408 -0.23013007332692114737 -0.36981651049521951924 0.90015326357006542057 -0.10210986710466853078 0.92905008439637004614 0.35558334567726468389
-3.0438551176116184216 6.9628828555328672323 7.0717249452334769444 0.53674901275221320596 0.0021145162336509170688 -0.84373931171349736413 0.78280124386574234663 -0.37439123385515726827 0.49704468271456397899 -0.31483759291411406167 -0.92726842544844223504 -0.20260937109270657497
4.38377126885386037 -2.0178087164561362421 -4.8085955894515413078 0.88008824790246664715 0.015602370848078849289 -0.47455372923188188228 0.42721237747320361944 0.41014077188757996906 0.80577548471587878698 0.20720584074206360725 -0.91188876145030839382 0.3542945473796951239
-4.86035245920686787 6.9015078000056995222 7.3524330095273047192 0.8458112650803523147 -0.0028023449593098954252 -0.53347488293821587746 -0.39875580177278202587 0.66097846692930450896 -0.63568960728349377387 0.35439683183641434994 0.75039963560648059726 0.55794558199324506553
-2.1374729314233222865 -1.3174692315419345157 -7.3325258387799019388 -0.90878049169301533539 -0.0045153325202221990253 0.41725008051576334411 0.2820405366304900574 0.7302930172119960206 0.622193896392908119 -0.30752423256608774071 0.68311911171016181932 -0.66240254045483171197
-5.9426070315475216788 -2.1719336510147608799 6.9527037643071993855 -0.9959450802269089742 -0.003992376785624370851 0.089874679968428836108 -0.020975102575845474412 -0.96117752163489122985 -0.27513236264736251613 0.087483954207375369538 -0.27590185362108299305 0.95719628338437312554
-0.10013252601888009141 -5.6047456324310962472 4.8941611421322877007 0.9546247052611711581 0.008095085201995238372 -0.29770143046415958876 -0.21888134289708285896 -0.65878197861190890272 -0.71978973484467712041 -0.20194709662787477256 0.75229035235855279407 -0.62711768904394193935
5.9903153200161707304 4.0479639485008283017 -6.832456989322857055 0.98291405886223592869 0.0028608097172227848169 0.18404284462754080809 0.03717018540571166707 -0.98236450873078096091 -0.18324396116356395092 0.18027293254321236082 0.1869539722867872289 -0.96568622338663356874
7.0227494974745825473 -5.6013261666842426578 -3.2087393570021700562 -0.82706708830924446918 0.0016940316144974047058 0.56210066864627838967 -0.48553664806521795727 -0.50601035480647316156 -0.71288686634988529534 0.28322110588950633048 -0.86252573937562770912 0.41932702523592163546
-6.9211271394154296743 -5.257197279546538482 4.1297827421018880045 -0.70149089373071904507 0.0021881079119673071259 -0.7126750579305529687 -0.45557998460390231044 -0.77037179357330687335 0.44606521641454915938 -0.54804872378370861341 0.63759117924443453607 0.54140565614761293478
2.3389247298613056181 -1.9662761667014836409 -2.6563814483138776801 -0.66950094713454677553 -0.0035736201435299414127 0.74280260569353373512 -0.63376496737209064847 0.52432936280723585476 -0.56870087517958889389 -0.38744089603162490398 -0.85150804373020549942 -0.35330384026356959071
-0.0039662899267303465545 5.7542499995408302738 -2.3353568295484130601 -0.90614419535950618823 -0.0070405212327486052168 -0.42291030760335024397 -0.34354928609445961607 -0.57100130816693184244 0.74560807003119189407 -0.24673180832715937982 0.82091895893105004678 0.51499075489490886426
-4.2748975247504397146 -4.4868233362817475651 -5.0131455063411749506 -0.9944687685753199613 0.0036262454158240819274 -0.10497008465470239469 -0.10392844757356733965 -0.17851152913857853965 0.97843370329805090524 -0.015190329594262991925 0.98393113799133247177 0.17790101061545871008
1.9544500729491449675 5.6932132046729124752 2.8061894604499157957 -0.86771007814925205093 -0.00044754063673817841978 0.49707043764993630308 -0.20175062056684239797 0.91424346728366345793 -0.35136244766625618352 -0.45428615142775247149 -0.40516500618449124982 -0.79338856204536478689
-5.9793593520156456123 -6.2814325670713886396 5.4299241767389343494 0.79672027194640793191 3.0208208956924997857e-05 -0.60434825006552139737 -0.51453857106763067897 -0.52449253244635285487 -0.67834920379680108127 -0.3169966358708335985 0.85141504713946070115 -0.41785828979579342501
-6.2162378889406397775 -5.033254501148248572 -3.1908951622996282182 -0.93612663036725740628 -0.00088267037532679341189 0.35166198658676173228 0.13799959390147595317 0.91886123222383597753 0.36966220796708298968 -0.32345485620129432736 0.39457984845793997453 -0.86004866094358423112
-5.2641577074893834975 2.304198759003530661 5.9365556210501200241 0.95900997957544531491 0.0082908203643795204407 0.28325098653417879468 0.26638218508906974513 0.31453342164543540704 -0.91110331913298359119 -0.096645695931358521769 0.94921019219437863246 0.29943216342316925083
5.1317922996718001727 7.2179350066781671202 -4.1759996791602533861 -0.3693825288410018115 0.00050016038406394550467 0.92927729834884376103 0.13844923055004623724 -0.9888095578380818873 0.05556499696765086066 0.91890606589962986472 0.14918246601898257908 0.36517972819615251989
0.081323821057567857729 6.4525602710642884219 5.0192876598704661006 0.99897502874608778978 0.0092687127378842902592 0.044305562922239229151 -0.041503593286491051451 -0.20307988524209763526 0.97828217399398187393 0.018064985081219224472 -0.97911830295121771162 -0.20248704931374311711
1.8265862974734334845 -6.92095607620598674 -1.2618736593636270538 0.98824920530704751798 0.0025498511694917458392 0.15282999204751157585 -0.14498250039927762511 -0.30103554896646694816 0.94252727962458771049 0.048410564840834398315 -0.95360950945214040253 -0.29712845823705796855
1.0155943915717264847 6.5494330748903673012 6.1422725498332013672 -0.79705412549064957872 0.0025054262903890433742 0.60390267748826664818 -0.57205510651666247046 0.31734403103981373429 -0.75633704198034901189 -0.19353985673918355781 -0.94830717006813058934 -0.25150712723677320914
4.7757403212324103237 -1.446523952408968805 -2.341210143337645988 0.89102753238285059556 -0.0029331326098206225717 -0.453939790356590267 0.45260638375266165623 -0.07111968961675964318 0.88886976050215948941 -0.034891229875244754444 -0.99746347626465492464 -0.062042046999467789781
2.0896922758874958426 3.4482823754659981397 -5.0982968380441802125 0.9778891555177960937 -0.0087856983097597870364 0.20893925199901622336 -0.14954465338269892771 0.66902571712741809584 0.72803913800482733532 -0.14618206512887960136 -0.74318732586570690479 0.65291913933297418549
6.8340309583503895396 7.1959322306309685402 -4.4021020183130739056 -0.83986079189132778478 0.0025896767986033531091 0.54279567409619389196 -0.11628725458531034842 0.97591256594981523609 -0.18458585547707959118 -0.53019913680098307296 -0.21814664149434431772 -0.81932955405019558537
-1.5361027362653718598 -6.8058097884102348729 2.5704969188130464275 0.95284611178612166338 -0.0095060323719711511264 0.30330499930366855432 0.18082384836682932616 -0.78488857510431986331 -0.59266572410794404746 0.2436945282846158245 0.61956400800820832231 -0.74615910961729092765
6.6673186174073189036 6.9811400273683128503 -6.8594818382011251146 0.23805908388030300182 -0.0046618770295262842301 0.9712394861642236199 -0.3793690387489461191 -0.92099686145605397236 0.088565871682319149971 0.89409563527668245442 -0.38954210053685534021 -0.22102024090232022524
-4.56232407296270015 5.1382264774136343632 -3.6004295467874847247 -0.99993361088398424741 -0.011409314474378271301 -0.0016128756052019273606 0.0085827811385451036053 -0.83086701920477490368 0.5564048276802181503 -0.0076882828005336292451 0.55635404549721589884 0.83090978232675583026
1.0844577165904709659 2.9618975105219771393 1.2080307568167298893 -0.95445483936963260163 0.0043841611178346683725 -0.29832321186143884173 0.1698302522523055802 -0.81411218643980975962 -0.55531885733334351851 -0.2453031696166384501 -0.58069107709817568974 0.77628875294869770229
3.8152312617717130117 -0.23910906787901103909 5.5657330882831841379 0.93821150025963717667 -0.0034294663120725361535 0.34604540098297897899 -0.23528588382831772119 -0.73959544015594980149 0.63058634442199612558 0.2537710260289191555 -0.67304295825837967548 -0.69470385250617427975
4.5914333764753640921 6.6737618235066227257 -2.676245921989888199 0.95038645265293775211 -0.003235720256706857683 0.311054851638971952 -0.072499036516180836998 -0.9747132298993524957 0.21137173217675839232 0.30250533932137491089 -0.2234360077821006263 -0.92658883551906467968
4.1268914741869480167 -4.3340421792229486542 -2.752751670882470858 -0.95577990739285800803 -0.010981223554000595424 -0.29387783406267398156 0.25347856220544012773 0.4759139382968526899 -0.84217251310933638475 0.14910864202445889282 -0.87942329743080915883 -0.45208547511463248458
-2.3916885490108743539 5.733753800803476075 -3.0800979334427354139 -0.85977326500904804885 -0.0043512514739592368651 -0.5106574188106730583 0.27878597585605108256 -0.8418090012354563223 -0.46220772938691612186 -0.42786482963865801743 -0.53975797543862125139 0.72497794139450799644
0.33459010903247304869 -3.9170810374152589262 0.28348531131613008416 0.8173417445101968104 0.010431173930758408028 -0.57605873250169425948 -0.094641884814646581869 0.98868531386645375214 -0.11637982550022571426 0.56832683054712807014 0.14964137380798595012 0.80908100516889569498
3.1952873410400743914 -1.9286590340447375969 5.0589043895061669431 -0.78812775372250409855 -0.0060089360541120467527 0.61548236083573826249 0.32972811838875265567 0.84024796879069640898 0.4304215595052703347 -0.51974417914613790792 0.54216901758645119624 -0.66024142903418092665
4.1266032714215565846 -2.7151033071389729656 0.46904185940871534477 -0.67748839457005205489 0.0013996114120841110159 -0.735532131392495514 -0.24391567765089200437 -0.94383976811342873425 0.22287134029228597432 -0.69391254306214644743 0.33040056479288859581 0.63978187639657124741
-5.9452115404306153934 3.0118428480299264116 1.9696116719897083236 -0.96404161483481820571 0.0053844120276311845455 0.26569676884334941791 0.26538284929137800905 -0.033125335793108043325 0.96357389723390218794 0.013989573568891886662 0.99943670146521323971 0.030505271604257960111
1.0232683333828240801 -2.6162294423467749027 4.4423702016412818239 0.50174709637485825908 0.005063955275907250364 -0.86499954198617512446 0.042001103272490847296 -0.9989459988602393814 0.018514823387615592098 -0.86399407324545296483 -0.045620693968289972864 -0.50143094607189697687
5.3302477973791830834 3.2089136426952835635 5.802366065435534459 0.89214970197133658392 0.010432104392870407417 -0.45161939780131166167 -0.41707506452009973641 -0.36504254128915042399 -0.83234147656159873652 -0.17354336584281992995 0.93093238972927649932 -0.32132162380517342859
-2.4470605093479136372 -1.9451655871377804274 -5.917129022384996162 -0.88896110131757677397 0.015093644212369838539 -0.45773392079723052017 0.003243525452550269101 -0.99922422221883078208 -0.039248353772530539252 -0.45797122167956011429 -0.036374931417121607324 0.88822250842779681967
-3.9617831172640820547 -5.5096850519299804816 -4.6341294867955857839 -0.9282614361876481146 -0.0021265604547273963577 -0.37192228197252186206 -0.18092049164772303071 -0.87111844438878127672 0.45653086593099184709 -0.32495920019125812406 0.49106835938221105042 0.80824091991481539221
-3.093422911948576548 -2.3027838992472879909 -4.4689800813036111293 -0.8720469129342117709 -0.0045979180376861782803 0.48940069553656390111 -0.25820167913415720262 0.85379975604811642054 -0.45205958618813157912 -0.41577166153344868871 -0.52058124795458649015 -0.74574063168357163089
-3.115712306626049255 -1.5037875584963087405 3.2748665458136021478 -0.81975404435268439673 0.0019744028983688273471 -0.57271232612931455286 0.5679112203633006617 0.13205951162354459538 -0.81242669280091117656 0.074028052472412037011 -0.99123982321281822738 -0.10937760430828620539
-5.0890993967916537954 -1.2671768644809628945 -0.79692070887318422479 -0.83140176044918201459 0.0026047138431586030864 0.55566566223568492067 0.45923922687743973237 0.56621346107293224481 0.68447180292319820261 -0.312842524633485497 0.82425453105554480349 -0.47194705509763318352
0.4199708617399730004 -4.6019066510151800387 4.9040105417279153954 -0.99807453028286263752 -0.0021874584144642873068 -0.061987474752801724476 0.0082571050725979457108 0.98579718995005372051 -0.16773705762992680013 0.061473996261520745532 -0.16792592209722209673 -0.98388100523968557987
-3.2737281988304358649 5.0794479642899776906 5.7444871619861963552 0.81097418029595280675 0.0095625642153746165386 0.58500379166196381231 -0.2076194249951552051 0.93949980232612739783 0.27245971407484131932 -0.54700553311454835903 -0.34241594413037829137 0.76389545616358900393
-1.8516140563469885016 -6.0366903035205661254 -3.2596817891833897995 -0.79862128316681835205 -0.0043690661785140373283 -0.60181804337670619098 -0.13283576804106803082 -0.97403224303719937449 0.18334625235591872627 -0.58699123060051983103 0.22636718133321448443 0.77730251151869422799
4.077223872135304461 4.1806742219328789645 6.0591451216337821606 0.93189181400905241048 -0.0036615183446052352971 0.36271785214723073487 -0.13871434094998577602 0.92034807026046661083 0.36567439229823284208 -0.33516559876827667352 -0.39108314058693194326 0.85715692761079376183
-5.8526270073506916347 -2.0858360870702719048 0.97436479616344107146 0.99733889439123346587 0.0043066416491386507598 0.072777624116625402872 0.05828699814414529945 -0.64672823921033273376 -0.76049011200350002948 0.043792186308781400061 0.76270835674291492801 -0.64525824827950895024
1.2621985001498143841 -1.3070278147727523166 6.2852087359034216618 0.74789662273282120353 -0.0066853009705078051197 -0.66378155175908626351 -0.5724467900138286991 -0.51276758943710643024 -0.63982346926759015027 -0.33608825374833850574 0.85850143038535231543 -0.38732412746774952383
6.0865062969606285037 0.3809003084956222307 -2.9935718623419669271 -0.99806569518932419793 -0.00035345355370832408359 -0.062167058453463555634 0.016014604109374858121 0.96477380159428116624 -0.26259292490945074228 0.060069963720582403299 -0.26308057098130321894 -0.96290197456996728942
-1.5118382173672058055 0.68196566531551594537 1.3548061820746837292 0.90033197036272771818 -0.0069257358410380921721 -0.43514868415969093496 0.29178834968881783851 -0.73224218336571578192 0.6153705744393797028 -0.32289611662070843989 -0.68100911820839438171 -0.6572401987008851254
-2.0981334525216239761 3.5892075932011482386 -3.8471061116342095687 -0.6052369930642036433 -0.0028793426414077450716 0.79604013191082934053 0.054038069211591766017 -0.9978353599450433542 0.037476412838613450129 0.7942090841223385933 0.065698583160600856901 0.60408246694312517366
3.9178053334342006764 7.4113204797613896346 -6.9328728253242424273 -0.89251761147712838085 -9.5620197677257195296e-05 -0.45101253204314578626 0.25951933947020633386 0.81775275358546806181 -0.51374132250029291846 0.36886586402669380158 -0.57556965248369673649 -0.72983391911831241305
-6.8623210742371805182 -0.49390720221521194899 -1.4708699739962201036 0.88750507649757903739 0.0037109443837073877864 -0.46078299456784332921 0.17801260970282087315 0.91957637896258748178 0.35027245686909896927 0.42502499923877284926 -0.39289376699832379014 0.81546810966226535022
-7.3541194936861771225 -2.6304788998130752553 4.4839028818521651232 0.99997848611861683832 -7.871423828147714255e-06 -0.0065595150759153010925 -0.00012278429357526600765 0.99980161217534069262 -0.019917861720138933107 0.0065583705299135010985 0.019918238615033324185 0.99978010159555996683
-5.5330996287955178659 3.4487888497968537393 -2.2369674533213856904 0.90294539257452555159 -0.0036238813558950831728 -0.42974002084104290233 0.34137710721113750933 0.61348397463119930251 0.71210889865452597913 0.26105801788243337969 -0.78969885421890750887 0.55517963844561546427
-2.1435649905187172948 -7.0162530515529892838 -3.3489036592110266177 0.9799325101235538682 0.0013529163177716477685 0.19932497390054015884 0.19932672934048140112 -0.011985214502159825117 -0.97985979078835760969 0.0010632842678114633878 0.9999272594796833058 -0.012014373716253289384
-1.5827076539759841189 -7.0865002339010843002 -5.3880236605102593828 0.99464593363494480105 -0.0039531427292751556563 0.10326586738107408625 0.092052880029341713208 -0.42024164372936878564 -0.90273098326908185474 0.046965242272351166719 0.90740362217599279671 -0.41762774390609713748
-4.2535432468789204918 -1.4002961200479329129 5.8037473867047548737 0.6690727351057028649 -5.2901139505892244563e-06 -0.74319692888902133543 0.48473316869537352858 0.75802673762026229198 0.4363819659648655036 0.56336083490481325686 -0.65222347782396539184 0.50717758691652126135
6.5134269685605099554 -6.2216043995337484418 -6.3060145649007086632 0.98394363255765004972 0.0092888027177925880373 -0.17823761133192195238 -0.089575033188348557323 -0.83806548287715754153 -0.53816592222033621251 -0.15437370688864790469 0.54549057237871045878 -0.82377715073163049198
-1.5589198446801668663 -6.0619627103359974285 -7.4104866828524214029 0.99202038041795637113 0.0021951403628734343643 0.12605850306134991357 0.036137726165312543392 0.95294518536997374625 -0.30098096024120202241 -0.12078753902155824063 0.30313471434151278983 0.9452617179269408032
2.7600710370997565413 -6.1557216703105455125 2.2386818665310754817 0.77473588891032840742 0.0038448481667949928504 -0.63227329500532047923 -0.12630694659981522854 -0.97888509579382609882 -0.16071877448940521949 -0.61954084423462152387 0.20437511192730062337 -0.75789178379876820379
1.1146479796394817008 7.1402896197075742535 -6.256387812528620529 -0.88273164772903633946 0.013334470885767221032 -0.46968822636279483618 -0.45311369606365492491 -0.28877846164006920615 0.84338305563514559537 -0.12438977665863716615 0.95730308261234497991 0.26095591866034340001
7.1439257248105061393 1.7306979584191310995 -5.0381886906211352795 -0.97626687868358008604 -0.0011345950623406824906 -0.21656798996960810455 0.13366382195921239218 -0.78996580633881463562 -0.59840455171597417561 -0.17040235997381442123 -0.61314984914721781806 0.77136910633364674794
5.3548956161993128688 -3.5450605983993330739 -6.7383601202344420855 0.99379120576463642056 -0.0029559074136063512306 0.11122185916560339836 -0.018195187869265272429 0.98187143382175634532 0.18867279237707906825 -0.10976326563692723193 -0.18952506445405961633 0.97572141283275770629
2.8091778221552918815 -4.6111216700942705415 -5.8385482663566055095 0.96388619619467319488 -0.0019604315117668549145 -0.26630726143640093273 0.03483401860742338374 0.99230996400309900984 0.11877510887286629737 0.26402649854352883141 -0.12376223999417905464 0.95654216635681132974
6.5165218163238405324 -1.2861038463289484746 6.643172751320647329 0.72085987119773209386 0.00084547363475738317173 -0.69308032093778604299 0.52337080394175994336 0.65490278854419226029 0.54514708028056246825 0.45436114235068331135 -0.75571265884021898707 0.47165064358097524844
-4.8747411003964078446 2.2584846722048710355 -1.2173277282975019098 -0.89803385216112951994 -0.0034619726787616846714 -0.43991273579854694997 0.40808272343259355264 -0.38007915770456629501 -0.8300652532869868816 -0.16432799885735144274 -0.92494748425181094742 0.34273672135880872691
-4.8405862072492533699 -1.1318393424565487138 1.6514465325213636415 -0.91739326439654977907 -0.0069846548605520452843 -0.39792061147450030756 0.3962648474561226708 0.076746018978105054464 -0.91492306738959527923 0.036929244649634117292 -0.99702620986987255947 -0.067638507686856128021
2.1634384949275089483 0.24303860008112060376 -3.5674545096847154468 0.85321736786444601908 -0.0075597670091438369522 -0.52150069328546200254 -0.52146897048097184957 0.0058463782049758619697 -0.85325021692782887506 0.0094992631276450620326 0.99995433384960108469 0.0010460475042624005348
3.4370223116247617945 5.8807601125759214611 -6.2943232460066758094 -0.98046267158642441686 -0.0010200232498588678639 -0.19670259067534248687 -0.068200259172543575836 -0.9361958920156570052 0.34479845768484151947 -0.18450385978244043805 0.35147718464449095865 0.91783555956380225016
-1.2478074454414207484 1.8636445668105603435 1.9175852648264639644 -0.86805266845852158131 -0.00039389296918870050218 -0.49647196258230358312 0.49534182243098690002 0.066752669416283508252 -0.86612964391971758449 0.03348199116987817664 -0.99776947536702453867 -0.057749721152332816887
2.217451025685922783 2.546724818164251225 -0.27120745426098608055 -0.99437829648599740384 -0.009618928743332016279 -0.10544799517934205779 -0.088713633866463303956 -0.46800148763458554457 0.87926361163071664606 -0.057807392638883195457 0.8836753271318722458 0.4645171919043034614
1.3183407216510860671 2.4162572504378037053 -1.323072030497839835 0.96292067628060473705 0.0014358387361701782474 -0.26978085469197382595 0.26951571441509497573 0.039521577045152966878 0.96218466243813760563 0.012043706843651760807 -0.99921768564971225057 0.037669162593252529525
7.0762387303975327058 -2.2458762194662806877 -5.910815988068371496 0.36828092221205499524 0.00064443289093308285531 -0.92971433625659549715 0.30564760845154570479 -0.94449920070624171498 0.12041926470963984497 -0.87803684534450587851 -0.3285130812792620425 -0.34803800603652290668
2.819781778622442836 6.8274410210351952344 6.8671380967911010984 -0.9824173657084402933 -0.0023093511380792748622 -0.18668365341330345197 0.10593349923804933066 -0.83027038707801892325 -0.54720122265995574384 -0.15373422941432035582 -0.55735603633468389084 0.81591668414599727299
-4.5640199232843414734 -4.2842227819020139989 6.4638994955169444268 0.72092682114031325646 0.0078049716749318490822 -0.69296724379849683473 0.66876757092487248979 0.25433544004294617036 0.69861535913356709315 0.1816988019766161977 -0.96708457042562823158 0.17813752834529991698
1.9861009775838358582 -6.1065571122634745294 -3.4661091191464685757 0.94437503256965860121 -0.013455619996182579395 -0.32859510670380415176 0.17935951444845601999 -0.81641397197734866253 0.54890654116780912553 -0.27565551406781407806 -0.57731029148161083775 -0.76858757790738296833
1.9932629200092157884 -3.6263049132081350834 -5.0835585413635344665 0.89291862520975406881 -0.0030949647245456885988 -0.45020745212282020642 -0.44068440686524146255 -0.21070563147237472701 -0.87258259804546456362 -0.092160633132833291725 0.97754465783368527099 -0.18950688547213362378
-2.5233245239507953173 2.9081484346688686315 -5.0515893335383026397 0.99330221538613605592 -0.00022829059341357600676 0.11554504226630074593 -0.02288451609890056887 -0.98057734196240931013 0.19479316043681352277 0.11325638097625292944 -0.19613267018385635576 -0.97401487044848611419
1.9907741519474619896 -3.5123725259504259277 0.35498648427382162307 0.90544944815320693721 0.021694464587936803518 -0.42389933598098711309 0.17694940133437814245 -0.92706331767583216585 0.33051855377179972795 -0.38581110171468058212 -0.37427657584496509813 -0.84324779191381460386
-5.5903603842230076282 6.639438352795918874 0.60882317084897541459 -0.93083802865143772109 0.00089876935116895047273 0.36543091909384228799 0.098325810967936258522 -0.96250246819306672919 0.25282609362899621797 0.35195539392606317586 0.27127143405791726005 0.89584552783965609724
1.0217792362315469834 3.8094535865312386669 1.777839508971443605 -0.98126602974262133738 -0.0035298908439722158359 -0.19262533255998981474 0.18993904304338077305 0.14964825729527569953 -0.97032394539977839809 0.032251182939036872332 -0.98873299679902448833 -0.14617428720509234585
-0.43160246031472870865 7.2999400609504139226 -3.9925148622629627049 -0.98633087137844555059 0.012111213078416718444 0.16433116163308519875 -0.16379572442441364677 -0.18073360101098873143 -0.96979705409227234814 0.017954743835362350912 -0.98345751508813794572 0.18024689509236049845
-7.1304599262308077101 5.0532773167611662046 -0.55341258895871925372 -0.92249627480603557661 -0.003081112239368665514 0.38599369129088551 -0.38519150576234051364 0.072273432977924337295 -0.92000220367889296025 -0.025062459127407184234 -0.99738009687028494898 -0.067858790952478625913
0.24041264746896839899 -4.9736435379102328369 1.9858113943456177086 -0.99164112059976683433 -0.0036526812190498291269 0.12897498151030026281 -0.12029757407368976696 -0.33524775786169791481 -0.93441823319151018357 0.046651705302645368745 -0.94212292126272823012 0.33200605359506396574
-1.6197717072369841596 -3.2566184989474153966 -4.5176749992867053507 0.99947348712968808737 0.0059272539325663830059 -0.031900096953666107202 -0.018669893822183997872 0.90916157965198407531 -0.41602482756355529947 0.026536457742222470391 0.41640135656053245405 0.90879355558068275478
1.8922039710486884267 -5.604171639332975019 6.7437756636138939115 -0.98905031520021646774 0.014086802453223315479 -0.14690485355811636059 -0.14126368716975934436 0.19770776086520916448 0.97002897481505412358 0.042708836199311241144 0.98015978457099484089 -0.19355296954632947304
6.3288193366344822621 2.9922781333916712576 -6.7500703739054408459 0.99921880990366152009 -0.01321024328136191292 -0.037245931416290664617 0.02888143513180708305 -0.39920338637041441476 0.91640739794872416724 -0.026974666621581957354 -0.91676722551741396394 -0.39851000185419305222
4.8908516239302812778 -3.6156664971901610883 0.36240846086504985291 0.98409939417899083836 0.0053852399232971323237 0.17753698647729454496 0.079649905521412836529 -0.90678585279633805438 -0.41399916632628902535 0.15875854284699592034 0.42155713297177638266 -0.89279634223804726911
5.3453628161758608428 2.4165398011607424067 0.97605934336177824218 -0.95955988431094407787 0.0038923592040455978758 -0.28147766867194390361 0.28071346739628205702 -0.061680277376559726477 -0.95780764906381243851 -0.021089752097523093571 -0.9980883692953366193 0.058093282175197234751
4.0106535393985058846 5.0994160467829958705 -6.8348142561257843042 0.94211693182326083917 -0.0048973027379424546174 -0.33524871841336933986 0.32874597377387682062 -0.18301244951502892988 0.92651633987207637766 -0.065892120161632761199 -0.9830983977956267994 -0.17080915886514269619
5.5208652849952732922 -3.4389386559229362383 2.8515540843721205455 0.99985779865780444187 -0.0067020077166390678094 0.015474674655513982399 -0.016862931140570996957 -0.40578301262165122898 0.9138138695713670101 0.00015497249555179205827 -0.91394487238584909417 -0.40583832522728757741
-1.1164547613487691979 -3.0011991811429341581 2.1649369036026024915 0.8206447235747260649 7.6671273925508088426e-05 0.57143873844043679977 0.31315560649648976899 -0.83653043904942003817 -0.44961137737346773546 0.47799142648036685443 0.54792044921270299795 -0.68651830095483545868
-4.1505695929715784587 7.228689513205177164 5.4320268831742541948 -0.97627521473426048804 0.0055367203900597954103 -0.21646258296260456611 0.1604320685905682442 0.68987861254890159302 -0.70592425324208152304 0.14542440119628899375 -0.72390389187718373609 -0.67439965811221014302
5.5339133699147344814 -2.0672651871664222689 1.7624322217181946915 0.9961404393253019407 0.0071341244310248923613 0.087483309317955310069 -0.082569995618356803457 0.41424232559215107274 0.90641353228616827753 -0.029772822577054432885 -0.91013867072907383982 0.41323259682546009675
-4.7388498854082810041 -7.3878435936371422699 4.3050286944133828726 0.98106172521218615312 0.016316809704231244327 0.19300687305039196384 0.06485414294339442165 0.91125946627640408426 -0.40669414215684723812 -0.1825152910489704905 0.41150935207204275557 0.89294357139211777419
4.2752647893857220751 0.24869149181618072086 -6.0540717501333460859 -0.99815385427979963495 0.0044714934397832722945 -0.060571354062011459329 0.033764961387590698705 -0.78812171281550780222 -0.61459262375274681389 -0.050485746196125336205 -0.61550318564172956659 0.78651574548503511153
5.2891077659864711435 -2.3197006180141110931 6.5885667116275863364 -0.99311057011069425737 -0.0079551928853307841971 -0.11691069429488923359 0.11612004822424565331 0.067143398603278808823 -0.99096311658119018428 0.015733084082695653755 -0.99771162112619393714 -0.065757061484582379762
-6.2923288328782414069 -4.3204885822882452828 3.9818116108354209004 0.91981837310104974659 -0.00073322999008142803953 0.39234375600941479023 -0.33899635658338550526 0.50195860670892644695 0.79568777002916346586 -0.19752374725317711768 -0.86489133394006623146 0.46146218669187050176
-3.1944898487978345969 -3.9784437909552310408 -6.1443408585922005827 -0.99932142396732925871 -0.0067921901626959279435 0.036201626381563059565 -0.034864198923036694711 -0.14262640565472597953 -0.98916237091965741879 0.011881886774704943782 -0.98975328974586518349 0.14229281852523031904
-2.3923895159354806594 5.6784520859391829362 0.67241827709003609836 0.94640081956210908576 -0.006172716056295046716 -0.32293557609621736937 -0.32261954167353357192 0.030100460851218549529 -0.94604999528939226483 0.015560207661746381161 0.99952781843892268832 0.026495661993770170534
-3.1015879838033604265 -4.9873825009294749933 -6.5273040346065922535 0.67016515137456922346 0.0095453877807654598925 -0.74215062854884161769 -0.42220589401496916304 0.82727738100364489604 -0.37061343464417872973 0.61042677934561029307 0.56171257814994557389 0.55844259025072784386
-7.1535883279764416187 -4.1924037531118401034 6.522755216575738757 0.99107791323732574718 -0.0032636950851193989934 -0.13324382982874810599 -0.059199592350711566224 0.88489878976220703866 -0.46200599578671125434 0.11941515045648826154 0.46577191861658845395 0.87681043656528590002
-3.0126992859325043561 3.5052676790588264133 5.7401906794725796601 0.93288625051840479152 -0.0014667923468639218823 0.36016814422424880959 -0.34028806840407488377 -0.33124727357209099443 0.88004504103643621526 0.11801387247077956 -0.94354284071851635129 -0.309515158971616966
-0.25276785966427578467 -4.2320681294408668549 6.8774700689717134239 0.78370227397918212908 -0.0033929193737933308062 0.62112738939595402154 0.21674924483747046167 0.9386190519018553502 -0.26835431852180774426 -0.58209149677882121576 0.34493878225712931718 0.73633329808778458236
-2.0258900009439466672 -0.24704242417057506453 -0.088527493321933076187 -0.82649037905820832428 0.0020087687992950717213 0.56294726056011734627 -0.2976663154512685372 0.84720611176374127638 -0.44004155353308244125 -0.47781630149021547815 -0.5312605472252135419 -0.69960975764493793516
7.0075967057679022787 1.1075616343045810996 -1.9796965403778521431 0.4536699583565573235 -0.0032242317323254564981 -0.89116394295018763749 -0.86659915441699653105 -0.23479456782774069112 -0.44031513315161763256 -0.2078207748241845676 0.97203966752824211284 -0.10931335830156836686
-6.3412391311178648579 6.3128078767550901418 -0.75544831492663622186 -0.99941612222276043909 0.016063882450635315335 -0.030155701318738271921 0.0058203370721520838668 -0.78964348488043123453 -0.61353833658719192368 -0.0336680607961997308 -0.61335562153320988266 0.78908893238706878659
5.9346602449458947248 5.3717228031968105029 -6.6329404696866509639 -0.98041541120755804073 0.0040381976359727313891 0.19689924943069145313 -0.19684195860924463828 -0.051741374392007252747 -0.97906898301745037827 0.006234163729665192881 -0.99865235349240788487 0.051522927582913310984
-2.7817889304515603932 -3.5050132762745258574 -7.4558811794025015018 -0.73332024556390362768 0.0029339428201043951314 -0.67987705463975567355 0.095541910734824792018 0.99051234405208787859 -0.098777728125037850271 0.67313680685223653555 -0.13739246071003055616 -0.72664306987738269683
-1.6978197029393538031 1.5738745787927208575 6.2592329787248646156 0.90445802602739766574 0.0060954601516892484292 -0.42651907872939137656 0.4259533174687084589 -0.066331038263486033491 0.90231034832837142545 -0.0227914565586807491 -0.99777905306162750776 -0.0625900214052959869
-2.6501675912020483672 3.997259411509655358 -1.5346812814773955758 0.99816272090676072537 -0.00023533308191247669788 -0.060589827613924875094 -0.025123534274179345344 0.90836829169806543316 -0.41741568569356729546 0.055136109923696205448 0.41817100719181810042 0.90669345322799677067
-5.9111732161810461861 6.4827801862709071301 -1.7362013930192219391 -0.9875890618617993999 -0.0052402860296999276626 -0.15697255904567933293 0.14902681358834785064 -0.34680867142198634756 -0.92602092538896185747 -0.049586830133856819869 -0.93792125726461217372 0.34328539358452636598
-0.89938203229327784438 6.1963434024296537572 -4.2521743752975060815 0.99722229301857712169 0.0020015668236059861243 -0.074455973816964365897 -0.050523692213734539003 0.75267336162078213313 -0.65645271515284031594 0.054727094129667371025 0.65839107256767470666 0.75068378211564501523
-2.334228806786175614 5.2980579568327064166 7.2744241576536490257 0.9752397738152494 -0.0026038943782880231287 0.22113480798562706875 -0.084734619759946047668 -0.92802001623186103352 0.36276561811588659001 0.20427292474263605837 -0.37252123322970892572 -0.90526267072614241549
6.7303567269922428551 -6.9455161227540438418 -5.308710208531173258 -0.88395442878646623974 -0.0033563867367802915562 0.4675610147317069698 -0.44814980816909305572 -0.27913984092328553155 -0.84926008892877147272 0.13336535257266510235 -0.96024459585947330442 0.24524273456260867188
4.8025557926140791665 -6.1557250719412577311 0.53540142855019001722 0.99784843908170872684 0.0038102620677285545595 0.065452078081459363901 0.0090742289839953714503 0.98067556078081785653 -0.19543055763006200731 -0.064931895017441759732 0.19560400402391650565 0.97853100238013179801
-5.676207378907972334 -0.27292695949315765036 0.30703331758342400359 0.79814962369764819172 -0.0043562447687131404528 0.6024435254217777036 0.2199839914425584797 0.93303430153921163015 -0.28469990456650218213 -0.56086025148890106262 0.35976105303752325959 0.74565928078248233657
-3.6519625327632900813 -2.0976719404694530446 -0.21742929893289686394 0.96059880110855233593 -0.0053946788410297969937 -0.27788638100665702391 -0.034658100176861238173 -0.99433292084217639317 -0.10050302792242840622 -0.27576939533040106811 0.10617410216083635055 -0.95534198098351363893
5.5632205560980212411 -5.8709770999321895246 -4.923267971965724854 0.86765332748413037667 0.0012673386679859463023 -0.49716807737258500444 0.17448381424353753832 -0.9371657863535687305 0.30211866452675401051 -0.46554602551487639372 -0.3488820470317725575 -0.813356143018650668
-3.4033106376339437027 3.5771684987338505657 -0.30486508492610864263 0.97328696266973802054 -0.008328617055747774417 -0.22944089093954814218 -0.22946460329978152215 -0.0019999738691619060177 -0.97331495207720963858 0.0076474917240924866757 0.99996331644843028386 -0.0038576713012759165575
-6.1094356023021036961 -6.5139908070459711098 -3.6432393889538317033 0.9996309276488265505 -4.5618999522160225135e-05 0.02716627333542382533 8.0571747315447139748e-05 -0.99998921326900302997 -0.0046440126821151433284 0.02716619215535649029 0.0046444875394902346982 -0.99962014122329678756
3.3959843476461348821 -5.204968878395431986 5.8724482002085363064 0.99812423267006333827 -0.008683143751722894807 -0.060602138340618942614 -0.054856722330401140597 0.31262805508253971309 -0.94829027158915957241 0.027180069389810830593 0.94983593435384205961 0.3115653087846166347
0.58511751853190485662 -2.9518754978849428561 0.97738238085369011365 0.42734791416935546948 -0.0098544023727028355608 0.90403354528971158199 0.79864824847504733984 -0.46452386240324350375 -0.38259450658086158192 0.42371539441346550703 0.88550577186822831965 -0.1906431024851792666
0.12802327485376310823 -0.82635701968267361028 -5.4458754584295796519 0.78461769969166172967 0.0090371068183420118214 -0.61991402309583965025 0.27136265806302206638 0.89402164366372982585 0.35649349008060332578 0.55743822360819628159 -0.44793261921988053453 0.6990128721985137128
5.2997194009696606543 5.7918716566881043306 4.2083337570338317235 -0.95958968511926079348 0.012304165330208061135 -0.28113385375685090439 0.26685203074435343007 -0.27730953459145790685 -0.92297855647476856333 -0.08931757889831364039 -0.96070184216547727107 0.26281997747422503053
-3.9289493719173065323 5.8485977644530899866 -2.402459998625626536 0.99826768625352957365 -0.01433102328587381423 0.057063546627036679237 0.013310636769458230461 0.99974536565066429716 0.018221712566177012543 -0.057310152075041385922 -0.017430594701126161244 0.99820424805626528642
4.6158200403712204007 -3.5462203015694488961 -4.1572494896988114732 0.97067755983894554728 -0.00097872420528671497109 -0.24038327089071226395 0.22363787384951458459 -0.36304099850295956653 0.90453708314594249984 -0.088154275025415701483 -0.93177265226292582678 -0.35217687074802478397
