1125 14.717824617146108679 14.977075390850430381 15.033177056927090831
6.3473967947810505663 6.0247471374240300079 2.4975387487353413185 0.99704902925064853303 0.0050368657484449646036 -0.076601979437476638846 0.07562313532197810495 0.10720045333258010345 0.99135725357182880035 0.013205100316864051488 -0.99422466917125862373 0.10650320435044408063
-0.28587859815769578464 2.2676685215620460134 -2.716157198536243822 -0.94278887661979271506 0.0099881269137327508695 0.33324071096238316869 -0.27886729900843376662 0.52415784216967564735 -0.80466861877156403704 -0.18270786426894683463 -0.85156256012861641924 -0.4913848212160934481
1.7847784408802775946 -6.4576262812380793576 6.582520500459175139 0.98276559589608558642 0.011317667210510664461 -0.18450933291240767531 0.14706471233776838292 -0.65260236083765288395 0.74329141594267933435 -0.11199890136912386829 -0.75761604328181864076 -0.643019577504538975
0.22307976279131913611 1.9862285795798120258 5.0484681672897080418 -0.99180911726837894804 -0.0047653445586485470437 0.12763998744348981074 0.015552450707478696068 -0.9963738823021917046 0.08364931525726476691 0.12677853201677666273 0.084949268138331465727 0.98828681346178492984
-4.7978957951276708371 -0.82884695170347366666 0.44703569404861154268 0.2815384002522229312 0.0050993751911158511844 0.95953641179276194517 -0.90334415997644579299 -0.33580959348333139225 0.26683561524103854845 0.32358222729298852238 -0.94191608612299115855 -0.08993680494023514882
1.5328046437746387642 -7.4390189229673477911 -5.0840558442947436646 0.91491200053121601865 -0.0030970955409398296179 0.40364147369072239657 -0.36974319957369983225 -0.40761506285329063282 0.83494905647237194213 0.1619444276689482598 -0.91314860156183053075 -0.37407704261644969534
6.7644057372652302007 -3.0279501509899398037 -1.3236904730462166757 0.71306003258563188663 0.0047314416616804962773 -0.70108701556139352284 0.07766410140437800258 -0.99435603175868680914 0.072279799793963303567 -0.69678811505513993385 -0.10598912946618169184 -0.70940300757259877606
-3.9236806310038061518 -2.2764512008317918657 -4.6778101591883292087 -0.9898503535732159353 -0.0019618269948443794667 0.14210006603079514131 -0.11530346120783718789 -0.57342234283949455875 -0.81110537451431752309 0.083074601200399389445 -0.81925757119923259264 0.56737610336354404872
-7.0422016386102788132 5.1875917618426150568 0.1932494258515022878 0.99774217173080403942 0.0015736604013530768043 -0.067142254526359135269 -0.026134753259749746168 -0.91182931359207441968 -0.40973683938151256312 -0.061867062496884325795 0.41056647021792996854 -0.90972943236478653883
-3.9236538480958835784 6.5306545907192523615 -2.7680516665007872668 -0.98074185964886895217 0.0058229634615105932069 -0.19522166331877424672 0.18338603844119846786 -0.31642973399684676261 -0.93072110986458811421 -0.067193494010029886088 -0.94859807955703956406 0.30926803556706788934
-3.2425025625403578466 4.3909773786550250207 -4.1790402890950320014 -0.83908280829432646541 0.0014311216351578445478 0.54400183153718595364 -0.20896131522961805538 -0.92412894440835924303 -0.3198763242947268437 0.50227005640637412132 -0.38207806270141947413 0.77571975895933564793
5.0833304213217562761 4.7375885319115944583 -0.090476730763583007588 0.99635718153315711021 -0.009734111291895193932 0.084720799598584431434 -0.049137651343113084024 -0.87749530282129151182 0.47706130082721437402 0.069698335903682712145 -0.47948643422291520322 -0.8747770580943856622
3.8827696300236826943 3.9891149530231682085 0.24322018980069914917 -0.91509667705369779345 -0.0092250060728044525754 -0.40312897552552584557 -0.10608460217320328511 -0.95901268584804533202 0.26275601908318907407 -0.38902972743357672192 0.28321293693199817154 0.87661069097257349192
-6.4055432738608608645 5.3493570776870376093 5.8617403207218599093 0.92741834812667078847 0.0051453383203494068923 -0.37399028470225587073 0.35375199282030839187 0.31266396198064522194 0.88153319532185558938 0.12146907068777280936 -0.94984986833303941545 0.2881501214541983269
0.78775970464709366148 -1.9074831691031344238 -4.5392666860130406192 0.98092384351386419095 -0.0035362399913008400743 0.19436025373689638784 0.13949689447751545401 0.70914060104460940881 -0.69112967262385416323 -0.13538474676671941044 0.70505822664284611978 0.69610621846533915491
-2.463968318725481943 5.3884968631738354716 6.0158733235180985588 0.96848320424455136557 -0.011042108568346250402 0.2488339907138685525 0.072323860412620996629 0.96844180894957332395 -0.23851566383242550629 -0.23834752423980146152 0.24899504918121129204 0.93871823417457744831
-2.33323722159937752 -2.8099220700179903254 -6.2550413717509467659 -0.6755802460809527954 -0.0087459967775376200316 0.73723458861178248203 0.064009765144177582785 -0.9968498512403560774 0.046830802344862490494 0.73450260794053445768 0.078828177845491329001 0.67401189700643737712
-6.4192020325629695066 -3.9415186577510601396 -7.0314833425141252121 -0.86082771707953276152 0.003531896383299337229 0.50888423753890998924 0.020284551228292497377 0.99941935337187937094 0.027376871395445468577 -0.50849206334921315253 0.033889258089687172848 -0.86039952330132285496
5.7961880443836566457 -5.7625251770691878761 -7.0389474754351741836 -0.94423331059064063986 -0.0064245895716253820923 0.32921448907929318217 0.17575446408544367904 0.83564253466366356093 0.5203959287071469042 -0.27844896035892224839 0.54923608667837131581 -0.78791236667874486876
-2.3212808247601399714 3.8107490381927942025 -3.5308553568296523473 0.99084955135676111571 -0.0057270758377886638382 -0.13484942409337893898 -0.023663014366686260792 0.97625388366977416954 -0.21533326814641126634 0.13288050393884454081 0.21655381599470840959 0.96718520276696340332
-3.29229351004002746 -3.3317898306478026527 -3.9590285869555907894 0.90800895036843998209 -0.00042197034633780113044 0.41895055554547094845 0.3660106623102022394 -0.4857799998265047714 -0.79375940110578357967 0.20385274372958150924 0.87408101095355206223 -0.44093814210651460783
-5.3471599121422164202 6.5525729208430565365 7.4925985136784740703 -0.91815674621787801701 0.008674246061875778846 0.39612238870018157133 0.38631012145317716877 -0.20257322003007877109 0.8998491988047229162 0.088049301174048383301 0.97922870055050070803 0.18264301952406591933
4.5035545494109605613 -2.8769887790131103422 -1.5693133285111842135 0.9994814343789384381 -0.002507642102024262333 0.032102555396518309139 -0.029752725067635994727 0.30934135114138022749 0.95048550952927568503 -0.012314125342528174645 -0.95094775892533578432 0.30910632816545113855
5.4100168492584597146 6.2520322695054639794 -3.3610583518712546791 -0.965821830924134761 -0.0053685678558591624909 0.2591512480958379494 -0.18604083989755745843 0.71052815748003839147 -0.67862990157979541372 -0.18049098814254846412 -0.70364828991988415119 -0.68724237885348282706
-5.8054195201012337435 -2.4697466296910688399 -0.49711447183431434205 -0.99939501279139297818 -0.0050002113881557827546 0.034418109966926319077 0.0226644367211107714 0.65699704301068395651 0.75355239285885267098 -0.026380517730667438908 0.75387657037558153394 -0.65648624122909682299
-0.79595593636645434188 6.3525716429351817283 4.2478794743652121824 -0.97714357809151131118 -0.0060040363543647163116 0.2124955984058372882 0.1810781006354799938 -0.54715027370100122184 0.81721312976431348396 0.11136044748764384327 0.83701286103400396321 0.53573157569717766435
-1.790256637777237092 -7.3950651570169272375 5.6253669256373193264 0.96835924955197960617 -0.0014247891281597181712 -0.24955627378059144772 0.15534553728990610488 -0.77918405295836268287 0.60723963610718312278 -0.19531545727723523265 -0.62679357175337802044 -0.75430875015291498631
-2.7843830341830515529 -5.9015559369027803527 -2.7753755014934609058 -0.99678255332500587116 0.0052074354503408746761 0.07998389839709557636 -0.0058492503808131850879 0.9905007798236469263 -0.13738264606092903675 -0.07993952499703503578 -0.13740847057135094356 -0.98728343678936947292
4.4021703795029321071 3.3557112716866561719 5.2703519751012564143 0.60616078042679133464 0.0046987862299974429009 -0.79532825278654206702 0.57715430157604441508 -0.69063176763244815692 0.43579889135824223523 -0.54723123124023231867 -0.72319131835550209964 -0.4213458159404436798
-1.3604267374222260845 6.2627680053466852073 -3.3935318169993218262 -0.89642200887871703596 0.0018425122896152459906 0.44319768404881670909 0.44284168165649173687 0.044011357447573930257 0.89551898104012117585 -0.01785572696448938651 0.99902933168358143412 -0.040268690697393368094
-5.2676285622572800449 5.6042360840231326691 0.87594990724295040962 0.99970816017598096437 -0.0013371960777696940276 0.0241206630111417894 -0.012543847042039516296 -0.88204657054571733443 0.4709952221519141391 0.020645735124600661514 -0.47116033289650338656 -0.88180592781285604964
1.2152290923442072845 -7.4028166983432317494 -0.052570468588521858389 0.99985110285856260148 0.0079054398754672093597 -0.015338713540839066587 0.012017549327455650035 -0.95689466963021696522 0.29018643962374868206 -0.012383481775052071136 -0.29032756543895243961 -0.95684719476282420469
5.7391861897666212045 -6.0089671109648810088 -5.6913669465747069864 0.99800986242807276927 0.0085391973256830726313 -0.06247716867316688294 -0.062114262023763265608 0.30390160310841474178 -0.9506764087119108364 0.010868898270499090242 0.95266515509768101566 0.30382720305004901062
-5.9449648822436902407 -2.7048258961767275288 0.97936676888015161691 0.94001323664405311842 0.0035483719047721493794 0.34111951569926768357 -0.30419029539788394745 -0.44389783044446390337 0.84286593258505093651 0.15441301473587226711 -0.89607037959280999573 -0.41619045603745297157
6.7150563949572514844 0.85757657087292815667 -5.6126784522287120893 0.66356736242020097905 -0.0034766682880726321875 -0.74810846025716759566 0.097056437816006549402 0.99193814446637806892 0.081478619471766225435 0.74179404379467095421 -0.12667529486910067416 0.65855521124704718972
-0.12811288973364454158 6.6946786985893780297 -4.811326034090424919 -0.54976260381692321211 -0.0033467658849457432302 -0.83531423943470795024 0.83066307742016776139 0.10326581481203911395 -0.54711518284728588579 0.08809047198841929438 -0.99464816425167301706 -0.053991648386935500725
-1.8896533123358605355 -4.2773985959561224846 -0.0016059915602289615011 0.80960941530422247947 0.002380055218915458088 -0.58696416414287388985 -0.54498392651584759427 -0.36835281294113730866 -0.75319899431530157319 -0.21800255615494551487 0.92968303229404480881 -0.29692481367240475265
5.3636316433935409265 -6.9011415782728713353 -6.6792417752968686884 -0.97551916892524725977 0.0019515850351728269291 0.21990575794007061194 0.0025115195186151380649 -0.99979654264866890667 0.020014134443779342531 0.21990007578228618068 0.020076469402711589335 0.97531579093504272571
-2.2596416543097110896 6.6445488943363297807 -4.1531021741143305803 -0.8570113025951948682 0.009761234330601163342 0.51520514897311509017 -0.50333501470926367283 -0.23004062540324368702 -0.83290766212818145853 0.11038790781497397064 -0.97313207169852422584 0.20206058705207574633
3.695922816008506917 0.42835286795534532889 -0.016851155175388043972 -0.99322080281574820493 0.00046721422777990136155 0.11624206882663000451 0.10513250323606303238 0.43025024763286978668 0.89656671875277549333 -0.049594290170922768202 0.9027095358545674797 -0.42738261576690900201
0.80404717392783198182 -1.0162894178611028284 7.0889744248212762656 0.87827619952374025303 0.00032229841782625406063 0.47815354591797931683 0.46812107189498430859 -0.20435294296102299305 -0.85971072853077001863 0.097435000888007078368 0.97889722178929905461 -0.17962920078609539987
5.2977215321577508789 -7.4295083678104907321 -0.8599052757876004538 0.9386557762964045093 -0.00047955875710947205859 0.34485519228912775436 0.12115570421821615643 0.93671196767571329733 -0.32846915372444429604 -0.32287246547328229962 0.35010064215374414598 0.87930820046376334531
0.32598019985524678832 -1.655537828631723718 -2.1684858913403406433 -0.9506269342679503076 -0.0062625765340077127821 0.31027280251340588757 -0.0026877872213169045484 -0.99959271724034126638 -0.028410833142069401303 0.31032435876716008005 -0.027842050483550942475 0.95022292783363748736
-0.33095672660312902558 3.5436512288545336524 2.3254671749435793515 -0.83610828938104553298 0.0044321062545671693206 -0.54854652023551764284 0.51395020531385682272 -0.34325605389623325969 -0.78614913847275247338 -0.19177621042818188135 -0.93923140806601534969 0.28472135012333549264
2.127581832286597141 -4.8178060790125680768 2.4433300151857380023 0.99051389559201541424 0.0088845816673103778643 -0.13712507738452775485 0.11421803127282104118 0.50157006496389444639 0.85754399960831295679 0.076396753669728534319 -0.86507140407064175847 0.4957973395329732802
-1.8566322635404814978 -1.1172108910432851925 -2.6583474182652948592 0.95905236353859213416 -0.0095040852719001020499 -0.28306931369243926166 -0.26070719107222523059 -0.42018666437904839128 -0.86918060700940869001 -0.11068118410272326235 0.90738792114574384762 -0.40545879697510817108
4.7606905358387079374 -2.3357143340245070107 0.59455264805819219021 -0.99663036457225184783 -0.0067919647420874706273 -0.081742190009051696187 0.078879873308781031649 -0.35263142048654055882 -0.93243179207512039142 -0.022491820720375227394 -0.93573765046649948207 0.35197893047750244966
-1.6233054956395704949 5.2266383109969396514 -0.18139980165482288976 -0.97658529496834933781 -0.0015558244668889447456 -0.21512494290948092068 0.17957684952185515304 0.54474318767611773495 -0.81915017829220693191 0.1184623010386259695 -0.8386014779921582285 -0.53170879656252179046
-3.4563764716814189271 -3.0212487801927383479 2.7753990200590310522 0.67186635083352042042 -0.0063304251543809669789 0.74064534855421404469 -0.62874778552241217255 0.52367912217038659062 0.57483597591275348293 -0.39149946209203601022 -0.85189207222523999352 0.34786214002310206217
4.8492821784823680886 1.3754278933958710152 2.4498739859896514481 0.9964389135434504885 0.0013540608025139921379 0.084306927922405516806 0.0047747975950175585574 -0.99917272772142029513 -0.040386402237297620854 0.084182497493831678903 0.040645131283993732318 -0.99562105261919242594
-5.7106938117107519659 -2.57991039843131853 -5.7610708654899793757 -0.68071323180923415386 0.0088623357841791407241 0.73249638568669450667 0.70136664460351239025 -0.28075386067568591786 0.65518096702617323324 0.21145762194174808069 0.95973888569765064549 0.18489712113113487835
-3.86522444094188522 -5.294884613409006846 -6.6256507280775629454 -0.96652035051589713088 -0.0021544210128969154203 -0.25658092389915831966 -0.21372677476047874379 -0.54656821191754678679 0.80968145308624783762 -0.14198337152399737038 0.83741181517305385285 0.52780884230878288843
-1.654623506309757186 -2.8208321448415869526 -3.8414122683642197842 -0.82715391686350425715 -0.0066180353275559610643 -0.56193647276698577286 -0.1998106364220809672 -0.9311288943249634853 0.30508145096987271394 -0.52525432638868641 0.36463020138443547058 0.76886455819498533693
-3.2388641113335663313 -2.1515025379720453813 6.3504806128465647319 -0.88506990396617546413 -0.00490850940285010931 0.46543224171579972159 -0.21879606336737519867 0.88696954257053539639 -0.4067103554218367556 -0.4108278809285226818 -0.46180183746685043999 -0.78610401039816402147
-2.643034423600600924 -1.3475383173389334779 -0.1648426055255588496 -0.96373733410059436721 0.0022643200813836322598 0.26684306945337354922 -0.25106381344338135619 0.3311645368632811226 -0.90955869030178504442 -0.090428493518306687915 -0.94357030600728952763 -0.31858713907074948102
-3.3867182061677758576 -3.9935166754661257649 2.1311850114488097852 -0.86685434967188834676 0.0087456210559902734791 -0.49848475459852203961 -0.23658075833672467803 0.87288993053142260869 0.42672322875791091068 0.43885428246701341237 0.48783878821710929818 -0.75459938740448795347
-4.558858598778764204 -7.1543167045973197204 1.4074270566397946158 0.88858357684527944365 0.00046764586075318751585 -0.45871451717614680765 0.35784108873056036382 0.62495407824358184534 0.69381709066778307626 0.28699996894934814984 -0.7806613743448663767 0.55515658730582650993
-5.8461553785610309575 -4.0269106550206785755 -4.3303876229927320551 -0.99640297966456792267 -0.0043353933210867013834 0.084630411084701429036 0.0032424369880584631883 -0.99990961868967442872 -0.013047645546931468941 0.084679328752607224695 -0.012726304125337904033 0.99632698069721226108
-2.5840717575692369046 2.5619826200614728151 -5.7953045520974564297 0.92589355970929010375 -0.0050755540589254889705 -0.3777503869486512067 0.14645120112300616388 -0.91689780578062540783 0.37128218304184573695 -0.34824296371717466947 -0.3990897800065616452 -0.84820645229567670498
5.0530646178251421574 -0.072958026261537092805 -2.0549515211601261377 0.94788748756466623124 0.0076337794562189188047 -0.31851379299715215643 -0.31851675340661711466 -0.00085727531019642172483 -0.94791684386247621052 -0.0075092421395715159768 0.99997049480980337854 0.0016188861086559244717
0.40420254395323768071 -2.0871736120204968934 6.8728317345629967861 0.99997374795738114273 -0.0037865148755262083291 0.006177839514226973576 -0.0036274455874956783828 -0.99966672100958708924 -0.025559509861491681165 0.0062725620343964255676 0.025536429095435211195 -0.99965421309297897157
-6.7976101584232875297 2.8362887868684301118 4.0179338834634439337 -0.99903937073589910156 0.014397210264500182736 0.041389081363660193413 0.042586991823843400873 0.54159483079789727533 0.83956023451589534279 -0.010328787291986520763 0.84051636485531333598 -0.54168769282999973402
-1.5329696530261238685 -2.5053638678288017161 4.290782400279484321 0.7453996454711356856 0.008868201746025462795 0.66655886726483970506 0.17946510563718537368 -0.96566384382162295807 -0.18784466080894038353 0.64200595354734946163 0.25964340109771644194 -0.72139701959202606751
-6.7727246814080626081 3.3856238238660885109 -4.2392124733971474626 -0.9776325288279719139 0.0061153418378527679006 -0.2102313991098209156 0.1761442637681110146 -0.52239218181131696905 -0.83431385384876699529 -0.11492535368253165018 -0.85268341779149792181 0.50963040735834908013
-1.2267550713501806925 4.6556692986283856328 -4.6267068336051551114 -0.83681958780892529148 0.014496209329137241251 0.54728679627268317365 -0.23323991446716424436 0.89495432716002099038 -0.38033655437906471741 -0.49531012482948882925 -0.44592220421583278478 -0.74553421653782503409
-3.3236198203516420513 -1.1698823489612681925 -5.0651082975512098372 0.9975667418249909435 -0.0036941609753569325247 0.069620031452588618248 -0.029568492229164806961 -0.92675379888033437847 0.37450380575958114315 0.063137151282490908133 -0.37565110067158219431 -0.92460799839300500391
6.1654586738922558808 -2.8449580983160234204 5.8123963716062174711 0.99980928993550910455 -0.010763608112978724496 0.016295045232663236956 -0.015367376077469400986 0.081270730632543336514 0.99657358589059708009 -0.012051037766037005217 -0.99663394136602501128 0.081089823072427694162
-5.7355357129285859941 4.6497173277641286049 -1.7771562586747549073 0.99867274376130188429 0.0033382710242101064357 0.051396564232737293465 -0.049084464127677654433 -0.24062630779177127116 0.96937593088536477826 0.015603405066157875064 -0.97061209344673438082 -0.24014307777920806952
-0.29496625944383703111 -6.9818526094494082201 -3.4707042437210291475 0.64247380292533329271 0.01099017831982647235 0.76622883561970867028 0.74014675707925536852 -0.26793342548170218098 -0.61676126458680979869 0.19852000035191366689 0.96337474302051651076 -0.18027455164318120784
-6.9447114357490766778 -6.5121201299415298891 -6.3639823435136646523 0.99964540916672939286 -0.0051305107486874432232 -0.026129175097408103429 -0.02250520858384683423 0.36170357017281612455 -0.93202148200077294948 0.014232762149801028717 0.93227903826251157238 0.36145985018789966725
-2.1401301427169845404 -1.2598899942579750988 -4.1661594601456410913 0.98235956126834600433 0.014021902943256317822 -0.18647541023533020788 -0.057203373354244517468 0.97191666660018716239 -0.22826687727692518415 0.17803782312047880532 0.23490717192691309978 0.95557373033993431299
5.8043446430782816847 -6.4005229184011662724 7.0254276558853661072 0.89566102836390126818 0.012285320284818337933 -0.44456764746840493618 -0.22755482150217526405 -0.84620018953538533868 -0.48183404035148613698 -0.38211271305888466765 0.53272348374729350251 -0.75511294809651396953
2.4006570841230918667 -2.1249645997438610934 -1.4966918148210603956 0.66200334646020797535 -0.0018512515909741089973 0.74949859382315398015 0.34267235228268649871 0.89010840212591169074 -0.30047078301537022416 -0.66657874872850353398 0.45574511004767165323 0.5898891136570895144
-0.63249496805166038893 -5.5492018076931515225 4.6152819689714830176 0.93685400508089533567 0.0013529906259665269719 -0.3497180901529874375 -0.24542022024077442266 0.71495100859750715383 -0.65468616206726681916 0.24914551703940132632 0.69917324371128042326 0.67013676709857628033
-1.4046862333997280903 -7.4782321497666588428 -5.6747884789828688668 0.23085001045755287885 0.009618422242409855813 0.97294180639201488514 -0.96631606878290365881 0.1191795799179822396 0.22809972148740675912 -0.11376083633585457044 -0.99282612459798991189 0.036807043239610127972
4.8132632147497291797 0.43699099020878856559 -3.4751311916305831495 -0.88156465571519404545 0.001347256593661115727 0.47206137598128772304 0.092279047407912234702 0.98119546712474425831 0.16952885507486714634 -0.46295608344972333237 0.19301202085151358823 -0.86511156772035846529
4.4623720020983705936 -1.9341672817625359393 -5.7389751644299549227 -0.87077391925671809858 0.0077903321925408847842 0.49162189970202119227 -0.46457967778461706221 -0.34042564608061798292 -0.817481560942079577 0.16099224991240318472 -0.94023916649695449266 0.30005300407296919829
-4.7186307420375248611 -7.0876072009601740476 7.2148371239644237818 0.42168476144212269086 -0.0014202678932239566189 -0.90674138805211401682 -0.84901573001201458002 0.35048611762512388301 -0.39538812772277348584 0.31836182585155176072 0.93656684982509197379 0.14658882511727772124
-6.6681297690766658803 -0.4583939556513552116 -6.7363948965737314722 0.979934576283878922 0.0036824522306099327466 -0.19928538769559273058 0.06375376534347466928 0.94151318872132661042 0.33089027315465951995 0.18884830845934807986 -0.33695601346378095675 0.92238655745980502321
-0.96272652715178941296 1.4187206005759058769 -0.0314214194321592033 0.46346488780311279054 -0.0051003249132023850687 -0.88610060628541031935 0.60139253594703234729 -0.73260748942213538282 0.31876838637133858567 -0.65078976288877266043 -0.68063224514297460122 -0.3364705505550493192
2.2668176068384595645 -1.8708276691612124587 3.4767952701868671816 -0.94631044986022083698 0.0057095300761489387043 -0.32320880828273201857 -0.30187340448066840581 0.34201877274469738577 0.88988516492718494622 0.11562430606261762944 0.93967577406064983769 -0.32193238341464636143
0.84550093840255080568 -0.76338515554792296669 -2.9581141026484862877 0.98036786418027910273 -0.001739459690379065171 0.19716953406286996664 0.19649838838590530377 0.091522263340243520391 -0.9762233651551204261 -0.016347300826637128912 0.99580151114212711594 0.090067286861676087995
-0.42444940527999536206 -5.8658297674492043683 -5.7714701637276952795 -0.95652861556767310169 -0.0054956986725552860185 -0.29158670219421584102 0.26071028292734965692 0.43197325865943275724 -0.86338244838494271338 0.13070254770405415057 -0.90186966968587845006 -0.41176199791191891997
0.043843877491220428766 1.0537363349261679168 3.7212881552492911297 0.96650588981818696954 -0.0078574194347610613887 -0.25652412343978808762 0.026851381750148756167 0.99714145867139392099 0.070625170419481783646 0.25523590704451304401 -0.075147670346447176248 0.96395407535666743915
4.8375042935961571899 3.7334844714425847734 -0.41295526500027318617 -0.92778247100392852165 -0.0078498548674035620309 -0.37303896080211484954 0.3390633563919986937 -0.43504914157856833246 -0.83412725933388776056 -0.15574250174563947224 -0.90037249191113111202 0.40629256572049859964
-1.3216588550478993724 -1.0656987574046428158 -1.3774646438802153892 0.96364348075480377176 -0.0048540554222743850787 0.26714730046293261312 -0.25619301262153371113 -0.30069583954672929327 0.91866596342914963458 0.075870826294279200552 -0.9537077383692733612 -0.29100716055140962712
-4.1973082825985148503 -5.2592240845340123556 -3.1610715433900193894 -0.99260178700898216153 0.0092972965348142797004 -0.12105888114411383905 0.018390847133836301514 0.99707247114795316545 -0.074217679973594893883 0.12001445399790199031 -0.075894977146771805399 -0.9898669017981396312
-3.254862812913101866 -7.210601334632195325 -5.706489048372369588 0.90086874710629039065 0.015347995647403701522 0.43382016955958574433 0.26984716061542535215 -0.80261626219474813126 -0.53196771102047069046 0.34002648484333064527 0.59629822630140327799 -0.72719351957713673773
-3.745409871431980342 -4.285395158921051717 6.215796566768341691 -0.98313657492916151082 0.00063375441199053287981 0.18287174027685210165 -0.12919378054288846447 0.70533387715387874106 -0.69700293314159722513 -0.12942736227545961758 -0.70887496788523884916 -0.69335765503823432176
2.0474250807345590886 -3.2970384108075467822 -2.0358674222538577503 0.8525348745109375681 -0.0074826690871808692468 -0.52261677872611889129 -0.50964618375529147087 -0.23372515397198664888 -0.82802978194282073066 -0.11595281422353351242 0.97227391308427679739 -0.20307235855612065789
-1.0679193857751692054 -3.1606519752208339646 -4.706512852498352828 0.69659552119234990908 -0.0058168819498369030152 0.71744048097330603841 -0.19079794512984463162 0.96245769850214291097 0.19305782224066983521 -0.69162910869119964552 -0.27136938382669206771 0.66933387299055768782
-6.2027928147478066379 2.4597629729488015293 -3.5941133357353680644 0.98231109987217724022 0.0039705165728733384997 -0.18721415028253909907 0.07367454030906026019 -0.92733744352738833872 0.36690234115144543248 -0.17215389968898886508 -0.37420515874357507258 -0.91122639008737071897
-0.62842929316718010302 -2.6677593413921951715 1.0972741954365528017 0.98245703468664302704 0.018378173142409911373 0.18558129686616919862 0.15050080397133611121 0.50951132787290787096 -0.84719992609375760484 -0.11012575992265460911 0.8602676615572321106 0.4978070584878350191
-7.1056798558663594179 5.2015024511827681053 -1.2267076297251793271 -0.88110739416200944962 -0.00086987480812691399257 -0.47291542930072061335 0.47227220176030815235 -0.053789165122834811661 -0.87981003242733635261 -0.024672401532594003676 -0.99855193607195003036 0.047804848806426110397
0.79334946837056596891 2.5882928913524083647 2.5851452636394989248 -0.99411073818739226216 0.0070580455300703797208 -0.10813891165473217548 0.088563699882977575673 -0.52215773811167831564 -0.84823803710578904447 -0.062452472197756098149 -0.85281972334333622232 0.5184575278584048208
-1.5380662107292848439 -6.2766128086087746851 -4.8134674015523675195 -0.9857786116383301378 -0.0062274349701623137737 -0.16793376042408855731 -0.14043838710174899598 -0.51828365845483048702 0.84359890280103166926 -0.092290781038740984932 0.85518610163660513379 0.51003837434337129242
1.329488760544720094 6.4395068790813541071 -3.4717491077886535322 0.60286288775088670011 -0.0049879918502188126672 -0.7978292163802999104 -0.79535005855926454998 -0.082774306799435592996 -0.60047206303332911759 -0.063044610573531847941 0.99655583590241492153 -0.053868757238835690559
3.5031550784467255788 -2.8002651927650110686 5.1439946110136594015 -0.75368046687118350757 -0.010609782915946055007 -0.65715537459825745792 0.23190609359108929621 -0.93985173744649375127 -0.25079528578950116557 -0.61496773704993201726 -0.34141784388833823494 0.71080836957818938071
0.58538166707180350201 -2.5024868540155793539 -1.0302582499977683828 0.9969939006048585961 -0.005051668377291035697 0.077315217152329654415 0.030969387025171747629 -0.88870980230629337271 -0.45742298187990981795 0.07102154056332705967 0.4584423278136806057 -0.88588180523403747824
2.9461980305711388262 -4.5284788531577211401 5.8021717550679960951 -0.99976737353148981136 -0.0051100722313366878785 -0.020954378629225528519 0.021438642629951615987 -0.34187789719904054797 -0.93949980734904958712 -0.0023629270260249182409 -0.93973048826166305503 0.34190792036356526529
3.9493472768171722365 1.2841053265957738105 -6.8985231248223009004 0.99991395636365976163 0.012225826163367255889 0.0047548968171545660105 -0.00059849836847414468466 0.40461396767367030503 -0.91448738589611044958 -0.013104261475579997986 0.91440585427812459685 0.40458647035363887179
6.0645876999314278777 -3.8619399675977481579 -1.7050767523605103726 -0.93894997664978840923 -2.6059833173206251554e-05 -0.34405368864495194936 0.0026619148706691223363 -0.99997061698525269158 -0.0071888368583691315133 -0.3440433919704572463 -0.0076657998304110464005 0.93892245683781339061
3.6367282558448938978 -7.3565252750727072595 -1.9409392752963396944 0.99432493540296407186 0.014693360087047255616 -0.10536616157595324328 0.074461096969676524027 -0.80349969406442323105 0.59062999134527172096 -0.075983339449985143332 -0.59512380796587038834 -0.80003386510714180613
4.1472392364125090225 5.4685828545145689361 5.8969714337979342034 0.55276683502471024578 -0.0046208731770895220339 -0.83332315078114971296 -0.827505527756374204 -0.12112676618561321606 -0.54823617907437394159 -0.09840440858711077543 0.99262629123171386425 -0.070778657278261367103
-4.6434531276492272411 -4.581750553960015182 5.2830131435509342097 0.84689724596854731864 -0.0019208757570682299942 -0.53175310531032771166 -0.24074417944190246166 0.89025487439537387413 -0.3866374253483786938 0.47413847643453627123 0.45545863571957251326 0.75349196167770948751
-4.5417172233253264579 -3.3594775317375726864 -1.1895650958940413577 0.88568401683632203003 -0.00086387017671359436766 -0.46428770826819260042 -0.41992889020752727225 0.42507406277179538012 -0.80185520409100530248 0.19804936124547395382 0.90515816015049788135 0.37611853932414412993
-6.8634993081389152891 4.3385701300296952709 2.609848096005061624 -0.98928297255174602043 0.0016857035015238330811 0.14600122815522795228 -0.1444968313712322594 0.1323273208571422721 -0.980617226994543012 -0.020972981256797765259 -0.99120464010139286426 -0.13066558651283716186
-2.448108185933785208 -3.2944309555837385517 1.1187886091037968495 0.89125380427923683868 0.0024293366510889724888 -0.45349835135429017452 0.44085218149987459579 -0.23920352377502343555 0.8651190832945493403 -0.10637673817351332717 -0.97096641164196262341 -0.21426202892381021603
-3.068259510017792735 -5.2377131873280982077 5.6281167309688138189 0.99288579439706325935 -0.0040718347265343672603 -0.11900092204018200559 0.11558833654434438887 0.27289280191805398434 0.9550753138450303048 0.028585586217021723143 -0.96203583032190942426 0.27142204302047329145
2.4781970734019349578 2.1188446956214419536 -4.8422632428466174659 -0.95285044723176415271 -0.0026768966764501695398 0.30342850794626813338 0.10741117787904652658 0.93224188312062983286 0.34552555654021327447 -0.28379369985420294098 0.36182579451984281382 -0.88799956663453916139
5.0595076055132990334 -3.6704254794400599238 2.4898093678540900164 -0.99521393725879170322 -0.018638420669703906207 -0.095926160981697455865 -0.059142501209285887331 -0.66655821233612289056 0.74310316519168195804 -0.077790639774060907352 0.74521993991188373307 0.66226570009432017549
5.0467832816953697161 -3.6558358230219822893 -7.294837272596399913 0.99346338645840515102 -0.00089318385071842070627 0.11414772003565004654 0.015517525539992476843 0.99174367852754863328 -0.1272936860245089119 -0.11309158309905019413 0.1282329065536454149 0.98527489337188667307
-5.4757429453653259088 -3.5500953244630184535 -5.3404668026987751617 -0.9953218924776231491 0.010574596788825448013 0.096033891191835890622 -0.0052643965376512353443 0.98657944678222131429 -0.16319706282864535063 -0.096470806380952400794 -0.1629391699056602083 -0.98190845318010910869
-1.3742231415398828975 5.9556546600203521535 -2.0254818663750349117 0.96570156363561343582 -0.0034828268194044120082 0.2596311997989268483 -0.16581294053962442048 0.76120565830895481341 0.62695455537716937577 -0.19981631250048975668 -0.64850120715073467093 0.73451999672101142558
7.2987154124140687372 -4.6138157968548085819 6.1289879700554683595 0.94648626881674546851 0.0019785536079038419308 0.32273801800715112842 -0.048622994610822367623 0.98944198348079104299 0.13652972467801943735 -0.31906041330229151232 -0.14491599860335130368 0.9365894543567293562
1.3830584629743514213 -0.80036941178141252085 2.9537553972008678826 -0.94859618625499131372 0.00041127656611290690225 0.3164887142916213425 0.27055210504654864101 0.51992073966541729746 0.81023699182435771071 -0.16421581494253065236 0.85421440828248829114 -0.49330610254229795286
-3.5150236099552127911 6.5488663760451730766 3.9409084880599691836 -0.99954085830322081385 -0.0065255176493638437224 0.029588683679059347986 0.013998058250430142624 -0.96552514815542511695 0.25993315033785008294 0.026872419832704497189 0.2602279883079061662 0.96517317987678397095
0.46813160562321476377 -2.6614728819905733026 -6.5483042617049473932 0.97784018291400431888 -0.0010362414879252490607 -0.20935019198029738985 0.19223146652529027323 0.40051478168397330881 0.89589897473441892917 0.082919478749865854761 -0.91628971174857554161 0.39183864560256759235
-1.8193497645801788298 0.78151125289663470053 -2.6526593142858803098 -0.9745914585012428466 -0.0057704627590922912689 0.22391558850597256813 0.044691913132074836956 -0.98457684237410814099 0.16914808411927317877 0.21948604036942459539 0.17485749403492334419 0.95981807383620731944
6.3496766369479376024 1.3077323176873238975 -3.9543668165870102804 0.85890312573006333263 0.0032941530934211867704 -0.5121274930781470891 -0.10818182781310059504 -0.9762479492166530326 -0.18771423435973663696 -0.50058177428091721328 0.21663123091015362709 -0.83814604756704480515
-4.2780281964373170212 6.6973188618562362606 -1.2903915215284191831 -0.62398689561713893692 0.0051836786378971419498 -0.78141761150742794495 0.75901530119418569864 0.24183289280815101208 -0.60449369269585018216 0.1858389804404696477 -0.97030406648213651799 -0.15483504744404846809
3.190383379649935236 5.7637812395641523366 -7.3009077928979513317 -0.96373181828504184132 -0.0018817781891209033659 0.26686596136574819438 0.14686972484920773896 0.83118240603765047858 0.53625095973440062291 -0.2228233972174603339 0.55599664279941041212 -0.80076055525248179823
2.1383157089429696285 -4.0677966380836840798 -5.7288192037715628402 -0.99939355685869757373 -0.00090155916543896235348 0.034809563347006723666 0.018014339135860157198 0.84210813912912851897 0.53900776023907637224 -0.029799364000547577669 0.53930795395900033018 -0.84158120743140807374
3.1557342699233021932 0.70531875170364066729 4.7775004328100720841 0.99205082070382899495 -0.0016537395445286560969 -0.12582700142009164979 0.04884986648054323588 -0.9164358230099119984 0.39718896365476080712 -0.11596921869917423131 -0.40017826958716090635 -0.9090701253834184703
7.0369809168102541719 2.8356009300716671362 -1.2339960273015937453 -0.81967058031687489716 -0.00550660232191834461 -0.57280870898915547951 0.34026751986973041708 0.79974304173753496539 -0.49459992126367241516 0.46082334433559068998 -0.60031720325435367069 -0.65365212521043936089
3.2301095012570697484 6.7842545879658464614 6.7499028525982671667 -0.99046261999736584514 -0.0060922063725408898138 0.13764695205335306105 0.12467933000632125395 -0.46482771732749922355 0.87657872314662599322 0.058641820036817775275 0.88538018852116584512 0.4611540509603123672
-4.4052714994518611391 5.8994711602266107775 -5.7438481030018397888 0.94644306986918902425 -0.0043604192770360337972 -0.3228412957481484602 0.32286427119167798727 0.019111694261950841478 0.94625229486128137335 0.0020439873920443793129 -0.99980784648166831641 0.019495954179690282854
2.0486165319908220539 4.058099974695745793 -7.0852072196342774646 0.99164208997520697508 0.0039530634204868117521 0.12895867043045683431 -0.12293011428044225974 -0.27449278496186457765 0.95369906050425345967 0.039168257461673468278 -0.96158103365944214147 -0.271712648424660419
2.1219336401978230455 -5.6712660789843045706 -4.1813362913123981457 -0.97657203023350414028 0.0047946264993258555856 0.21513735454929597268 -0.21431303534499188124 0.068535832262838394802 -0.97435761534317077981 -0.019416298487222736352 -0.99763713405860121597 -0.065902625898270672522
4.6961728041442469817 6.4238139589110296868 -2.2602976789422339898 0.99637353376863480037 0.0016424333198966326215 -0.085071050412194010315 -0.083081611927714488219 -0.19700340359145418478 -0.97687619723940977146 -0.018363740494078625159 0.98040142869443236417 -0.19615252139306657564
-5.4723461942030313665 0.17352639249717294323 -1.049482514878437911 0.99234353937957353597 0.0010220166615567767478 -0.12350407010827435528 0.10810345064393596382 -0.49080035606301131157 0.86453956210645011016 -0.05973226774736682676 -0.87127146514176367909 -0.487153045992139766
6.7550128897081460622 -2.2183311730697723441 0.26432516867481475886 0.39361875030402954101 0.0017870343879391511338 0.9192720413007017255 -0.82790097300487330845 0.43533039177747717696 0.35364873659104556491 -0.39955507543594709352 -0.90026899119266401428 0.17283369228942632723
-4.3397598072369909517 -6.1919291698051006634 -7.0609122479668693373 0.9198364705471573366 0.013559960966991611159 -0.39206758972132216279 0.32066399600075579102 0.5497512215371137545 0.7713288508070967886 0.22599882548407096428 -0.83521836777996671941 0.50133303202835066692
-3.9698314055349008811 4.4652588915304507466 -2.5830848873419247624 -0.9971651619365514696 0.00081424245842925957461 0.075239463244870630199 0.011082489844465082118 0.99062512850661743613 0.13615811834088725751 -0.074423237224708810311 0.1366059727116976652 -0.98782589051945690617
-2.2607208446050326422 -5.4088327289973232581 -3.790730223168051527 0.99987793802468449833 0.0013783256538063919615 0.015563073924260945741 -0.0027133736153975036159 0.99628359062787552602 0.086090909213410199419 -0.015386573861737641924 -0.086122629221078966788 0.99616572219728993787
-4.271145960203555525 -6.0687166006185249145 6.5114804518553857093 0.61316011242358015032 0.0066299002599057941382 -0.78993083301974553745 0.51651822590657447964 -0.75995822687792113914 0.39455343834138689729 -0.59769858527443064933 -0.64993810307068689003 -0.4694005361498085338
5.3918845487948416917 -0.94423682021106858375 2.0722421413859950512 0.9077738039665164127 0.008105201639275786199 0.41938171936634288661 -0.17320055385822749616 0.91784322172332144518 0.35716297187681839143 -0.38203179052989100217 -0.39686033568885414891 0.83459785824164078871
5.0218644056945764831 -0.45757803035718275231 -7.24310698527590624 -0.98351875558046697456 0.0019014882315664318347 -0.18079613315533815676 0.15755363681883749472 -0.48154097910136067773 -0.8621456587904909874 -0.088700106801441316873 -0.87642151376406796093 0.47330499814048460072
-7.0374077939766408463 6.7869640952774794584 3.243824335533873171 -0.14323626221019136739 -0.0083374593837062874191 0.98965340395465883905 -0.6933073499976224463 -0.71275147918608183772 -0.10634964671905688949 0.70626361341023613516 -0.70136710479536912288 0.096311435892364224975
-3.5814764917411450185 5.9973880148853977445 0.12442747078642109326 0.99880021309173872002 -0.0015256857859854483159 0.048946977545411447796 0.027874792457237583532 -0.80407832564860592939 -0.59386954978985673215 0.040263262081125593406 0.59452141971929739483 -0.80307107482559902945
-6.9493753716563668732 -5.3743660077126254038 -2.8762718023832150038 0.90748753100762247215 0.0053986029307543396613 -0.42004432641354733091 -0.15823423803662112208 0.93066102825334240389 -0.32989691784486507853 0.38913790226449873622 0.36584273339367395783 0.84541752255582514053
