1125 14.717824617146108679 14.977075390850430381 15.033177056927090831
-6.6698863236475540717 3.3838569989465909771 1.1313183128051038651 0.90275271926832312275 0.0068463028334197501695 -0.43010540102526328976 -0.39743818871672087489 -0.36923493792133527114 -0.84006454916740591621 -0.16456127735042572202 0.92931086766251125297 -0.33060686205990558184
-1.7437962078908388897 5.3544682737268329831 -5.6335896957984088473 -0.98338384614144302986 -0.0055458882358524700523 0.18145372487689456764 0.14710082899647289323 0.56139722191119045824 0.81436754929143673198 -0.10638400846259722654 0.82752788614899008834 -0.55125315453915524344
-0.5711583980991290499 4.8656727088814095694 -3.7577811864053987101 0.89995808947536515277 -0.0011644571177292658247 -0.43597486306825583569 -0.12477294796004589905 0.95748095995972559713 -0.26011905499593684921 0.41774052789399895858 0.28849411667181007468 0.86154744268708149946
2.4940300555022409945 2.1915818959653670106 -7.3189404088726623954 -0.98555554505498366158 -0.01111862075593357882 0.1689871115910211441 -0.16052126925591631013 -0.25668905301756184123 -0.95307064385458295508 0.053973972689091952171 -0.96643008352050996379 0.25119654444014682948
-5.2122529909283894511 -1.8451087288908722961 -2.9881035707583136762 -0.99354309555989683833 0.0082644402608677888095 0.11315394952214161139 -0.078264689640039589169 0.67212514642037080037 -0.7362896345223179928 -0.082138636589799779442 -0.74039144145280055831 -0.6671384847260705131
-2.3331374157232351862 -5.9792595378855679655 -0.72977727674375580946 -0.99733623553068451173 0.0071626046788561565509 -0.072588775934972635251 -0.069943008844594173334 -0.37630110859155563308 0.92385358752698609752 -0.020698038827075857654 0.92646973656294073773 0.37579970519116395744
-4.2926100121531742815 2.9771655035047461801 0.7701235255112447442 0.99309858588864707851 0.0082569692699026898952 0.11699154313201565181 -0.096459342793618882417 -0.50991923076331935327 0.85479703631073178371 0.066714270540533859855 -0.86018265534492655 -0.50560360515932600833
7.0267395074319551895 -4.854983598998630967 5.7479548758650622631 -0.99314610078052412145 0.0054217588519468798425 0.11675370244895241778 0.027687619323681640637 -0.95957712235485648211 0.28008059909501570317 0.11355271128762563226 0.2813935869634494602 0.95285016186958526596
-1.0258954835442439801 4.1535977294007526694 3.6605052296618887375 0.97865291880271254588 0.0060015206839446706352 0.20543233987978848365 -0.03418896467241282211 -0.98089157301253859789 0.19152763948764794932 0.2026563081022454138 -0.1944626024266849218 -0.95974721517894945322
2.4286189059532676815 -7.0985156887785825219 -2.7311055943675368596 -0.99865944380902282873 -0.0018943934671042271176 0.051727425650434200044 0.049871669880258845398 -0.30282071906615787293 0.95174178675085319146 0.013861162807656609783 0.95304565650223360684 0.30250924744207108308
-2.2527648503341999309 6.146677026876316674 -4.6006389537273673085 -0.70843217432315797044 -0.0025980554929348840393 -0.70577411718722427025 -0.66380789276738416671 -0.33724906638494056565 0.66754936051373159334 -0.23975599238294831306 0.94141187443653184808 0.23719347964549591934
5.331775476176707329 -1.0562283545732611412 2.1863014790831534206 0.96113824679232673365 -0.00015535518305118557053 -0.27606746714833707568 0.27525573018963489513 0.07717075003503136299 0.9582687297082506106 0.021155461486162301793 -0.99701787907921923804 0.074214521796661644948
-2.1410132400381041151 6.5192123858684736248 0.48957839633678051916 -0.63503575132033918127 0.0093452414520413373128 0.7724262171930835752 -0.065506151221079583769 -0.99697658755153650834 -0.041792679100732831043 0.7697002914753668934 -0.077138513963007929175 0.63372794712430247088
-0.29291817733370095755 -7.3894832295803380973 7.3143995950144944374 0.99387619790010450771 0.0049511031047198682947 -0.11038835910455330191 0.084582178329142998496 -0.67693152749195140139 0.73116999541600824486 -0.07110526251163290512 -0.73602934293788124798 -0.67320490786814957129
-4.1621584503307120784 -2.9377783455716075522 -5.5499566434892431133 0.99408096007734658706 0.0088033352566037129106 -0.10828456076506352834 0.014519295204461171722 -0.99853569972134204047 0.052111864759838630312 -0.10766724143630096444 -0.053375628055696844321 -0.99275314527386582242
5.6676515176861617107 6.3767080784243361791 6.7043245410060183787 0.79309143974064766347 0.012959732357140901771 0.60896470632325028216 0.57679503547456145718 -0.33726174389184437885 -0.74401747503592829958 0.19573823147759827901 0.94132170985488239356 -0.27495451131727455252
-1.5966966417871497619 -0.23817530318632942898 6.8646024088021704301 -0.96250412048119726727 -0.012676915848160004441 0.27097068819570618858 -0.10008941885860207777 -0.91182956815595983535 -0.39818205241959880869 0.25212680597118170001 -0.41037316486478697675 0.87637089138656809606
-0.98156619513667409116 -0.95251967849965546442 5.7905816831982699355 -0.94704587192551004105 0.0057870466950181711704 0.32104614397218855792 0.3092784705824238034 0.28522009181086283025 0.90719144994965683626 -0.086318851377122043922 0.95844457811500893829 -0.27190631949076637941
6.2894467328201510981 -4.7282715397799384149 2.5724688218265656658 0.98384408440539339313 -0.0052698522466410116505 0.17894984279865261412 -0.1220450912788942216 0.711561185803070817 0.69194340415477384454 -0.13098020184402547894 -0.70260437481976023566 0.69942210374642677095
6.4023322700910778593 3.4018872457038646928 -7.3216018906428468327 0.96811015358788554686 0.00038360538107756205449 0.25052461628916594671 -0.15704775648504187835 0.78004834636603415099 0.60569016791960672563 -0.19518896665277329916 -0.62571913042402782512 0.75523296877100942748
5.0412964140955205394 -6.8378924241818799246 -5.0326441204607741398 -0.90174869923443123909 0.0043916284933335995172 -0.43223835672953320186 -0.41198240220552978519 -0.31140979381069905374 0.85632612980783917589 -0.13084259131496037143 0.95026557020545121546 0.28262265015393345235
-5.037110005362828602 -5.881600842475144475 1.1850256178960327791 -0.88763858747825863382 0.0072680322225908682715 -0.46048334793658041164 0.45696744792089399878 -0.11041290039875564788 -0.88260395589767848268 -0.057258096022212594256 -0.9938592290324872458 0.094685496813127600912
6.3413039746884756198 -1.0290280423536337651 -3.5351338527375171239 -0.95985378511067720453 -0.009451815312744169667 0.2803415317003087881 0.20522640282926771227 0.65763726517556075901 0.72484160409992348661 -0.19121410719543577295 0.7532754414154904099 -0.62929585615175087643
-6.0763198688807724679 4.2300611978346607245 0.42178160131706443625 -0.9986376935943768185 -0.0042245073110984817863 0.052008753788203007651 -0.0090074148915525314996 0.99571124771962293831 -0.092075934106749843244 -0.051396725669985703078 -0.092418962895249284761 -0.99439283579873172236
-4.9615728821008939775 -5.2493015441513470876 -4.0552981558471223877 0.99566930453780266852 -0.0038426602927770668258 0.092886328181331662135 0.08977349216804819676 0.29932266336292945308 -0.94991929304611044671 -0.024152765992477825269 0.95414421192983933651 0.29837135709677758966
0.98540313882429875214 5.1454105534457070803 3.1513066993182294873 -0.88767370703977988011 -0.0061672826708334890777 0.46043170444116698903 0.031585752088728595577 0.99673965246561291309 0.07424557540781401288 -0.45938843051946337548 0.080448926823838640132 -0.88458478399623741151
6.1239691701779026545 -7.2199635156841450723 3.5932983240065068387 0.92840221419057233909 0.0036016330602035915957 0.37155935854922245154 0.35940756746285540402 0.24511063084360676378 -0.90041489275662744962 -0.09431611281548231418 0.96948842534953827421 0.22626679821979112095
4.6060812688429688677 -2.4157823177487651733 -1.713718953714733928 -0.99996058246929386826 -0.0069484640422703951995 -0.0055274184774960506 0.0016920870203680077326 0.46199357419213427089 -0.88688165740793645231 0.008716097124727831269 -0.88685605159616165416 -0.46196360614048120885
-5.3187682914181735327 3.7653003646742284616 4.894480458012732349 0.60922789265006804804 -0.010260807037381497464 -0.79292880554076594635 0.28851331083692394186 -0.92852039226095894886 0.23368772031375725784 -0.73864839016084138379 -0.37113959232941640121 -0.56272014244953327822
4.3306440799379002371 -6.5052433649605907462 -3.4021270001169257036 0.16208270436408289683 -0.0045795154298286554553 -0.98676655039798155666 -0.73075755964262290032 -0.67255138390771784795 -0.11691032900828349228 -0.66311581640852568231 0.74003625859965738165 -0.11235546264748655365
-1.2230018966742097764 6.6728937927018376897 5.5096398938187967076 0.84970701687246152911 0.008699729791539233259 0.52718336485437744532 0.41308768798481731999 0.61036277883094824936 -0.67588152826744818391 -0.32765309019293359372 0.79207423447503333414 0.51503578474477773597
-0.034969623979364705679 -7.4453809161174504538 -1.659796374074278047 0.91749909028104481568 -0.0069729810613192106175 0.39767674921828688461 0.35765047829228030496 0.45191095818654331007 -0.8172286223868399091 -0.17401596108101829996 0.89203579715508751757 0.41712178303587804651
4.1481281489732033663 7.0313953362431149685 5.3934167347663422021 -0.99724479562735246496 0.0014839338388347418987 0.074166134688031501443 -0.068892088974695217529 0.3522236782552404244 -0.93337685880516862991 -0.027508138266876720063 -0.93591467475236744811 -0.35115099873475408288
1.8266507073522828541 -0.77643841283602366143 -4.579434587923536526 0.94693827134237007481 0.0048265734414604435226 -0.32137923774898791152 -0.25274843643716882191 -0.60651633649832215056 -0.75382767356952173898 -0.19856016253478153688 0.7950563739443260447 -0.57311362233390639176
-1.1546528635584605293 6.4968540187829475485 -2.4933955906806342107 0.92758291453662999881 -0.0071762318372688548712 0.37354844178016499701 -0.26411539638182024436 0.69457416710215913458 0.66918591122978021701 -0.264259331062956071 -0.71938531267396887969 0.64237977696623960178
5.8829887066215107438 6.6045316418573465356 -1.3172487540536481632 -0.99592200492508764498 0.0057586493524413836023 -0.09003442710103518043 0.042525154337712256503 0.91010768672385133904 -0.41218395142779890028 0.079567401329471446059 -0.41433179521211760399 -0.90664115951229806711
-1.3836131622832170684 7.1042456279801093899 4.0462966919890188677 0.88194831085917280156 0.0012496141583785338319 -0.47134447640457011186 -0.4503062347837527013 -0.29320252433035587369 -0.84336028756461778322 -0.13925326526691930717 0.95604953751923027472 -0.25802676202618579637
5.1394762848176434034 7.2078930700869419113 7.4037916726038615067 0.79016621348453441875 -0.00038786605338717375369 0.61289249026836944978 0.43870917452703916961 -0.69794619657608436558 -0.56604360862997238346 0.42798553159336555352 0.71615009337778379184 -0.55132334296831786435
-4.6980260541284613041 4.5076232858770142187 -3.9233800440585464564 -0.99974305546985120507 -0.015974234689776326684 -0.01608250185363875942 0.0036499943632738803163 0.58678715646371182313 -0.80973298719424935399 0.022371870304994160433 -0.80958363177333481087 -0.5865780788467803708
-1.6046373174136516759 4.015805239977973784 2.3419949790044327642 -0.98857140417734179483 0.0072839824724541604728 0.15057729723405491318 0.11267752481280556009 0.69926613307184593005 0.70592538595850418126 -0.10015165622715903326 0.71482432718679866923 -0.69209524418028600667
5.8390044988946767646 -3.2363150225961994089 3.9589130462793789 0.9894583639621767901 -0.00021978302222514737446 0.14481746331439437903 -0.039210635539869621857 -0.96305272238149497444 0.2664432021538997164 0.13940829260110704224 -0.26931283966583896561 -0.9529091889288390238
0.53023799140119254325 -7.332049672181180533 -0.11251335787554285484 0.7199049050494036317 -0.0027938547503380505022 0.69406708757970758672 -0.21915065466476171818 -0.9497510572504210824 0.22348583805625973908 0.6585665632612947018 -0.31299380765016571182 -0.68434271978810734538
5.7575240940896623698 -6.7019641315996620889 -0.22064178026552216938 -0.76194746326523543622 0.0026644286074695546288 -0.64763335618535677884 0.64733496826804126645 0.033762522928478318207 -0.76145750433154357761 0.019836886879581048376 -0.99942633188534435451 -0.027450046506818724656
-3.0141021821545459503 3.3225515891928822931 -2.9854269023333799282 -0.99165219888033362405 -0.0044144554170552647437 -0.12886593436310286864 0.054472751369645217023 0.89150712896244410643 -0.44971964418667265129 0.11687016648455098022 -0.45298515603991257317 -0.88382453722064890922
-2.2535953190478665853 -3.9086462222591848992 0.33369542428498666364 0.99191561125401173094 -0.0027392962098684516155 0.12686968277292232088 0.061393685333819038308 -0.86461637676080937975 -0.49866756104447795828 0.11105960359985446451 0.5024251360086253726 -0.85745830636538422631
4.6527117890892188967 -1.3147270439631557615 5.5271244299122948007 -0.94787757930611560298 0.0049623910884520235076 -0.31859609119319998172 0.24416411202115817503 -0.63111429950790043364 -0.73625989117810908269 -0.2047241584421752858 -0.77567397508966107189 0.59700745666933485722
-6.7361207837237104812 -2.937317730215712519 1.4489302226225395653 -0.95236427421788683034 0.013392528769684285822 -0.30466855657680885772 -0.16593236612263256857 0.81545004487764427559 0.55453374485415463102 0.25586859726509281199 0.57867250192329222624 -0.77438323616369930669
-6.1271973904641816588 1.9935217249102925585 1.9493512484392048201 -0.9822995888562040534 0.0053160001716378909448 -0.18724117569362397351 0.14964587637091444905 -0.57896028681978872754 -0.8015055196133752391 -0.11266600826383194045 -0.81533841221158953605 0.56791693420269440118
-0.08769465258712294542 -0.043104980713983991059 4.6421309611494807612 0.64577692179669676786 -0.011713469890076313659 -0.76343628542126618086 -0.659466715249871549 0.49536949235792920865 -0.56543144369465425658 0.38480620934733839045 0.86860339664555319406 0.3121735424143061155
4.3906722640282378478 0.81230480592151776964 5.397679662090700603 0.85102070169464050231 0.0014765923511609155457 0.52513006480510260321 0.34725754295167771124 -0.75172167947798063103 -0.56064847762749758786 0.39392380500587742542 0.65947883686885744314 -0.64024346898012651774
-0.039927764904004889313 -0.72251720888266923737 7.3820044978934831192 -0.85070839650716922886 0.0044338526451338910322 0.52561922059861032608 0.21750219372453413746 0.91331057616000166366 0.34432047165297985369 -0.47852692697170284841 0.4072396498685179056 -0.7779253484352052217
-7.0129965162722323058 -5.7933590229827043316 -4.0833037581919970904 -0.85959923093673928918 -0.0064216550772155361199 -0.51092849256938521751 0.18677611529159363069 -0.93467365725543105626 -0.30248940012739689021 -0.47560892015363875895 -0.35544889474992008571 0.80464416874254163226
-3.1651594479712978902 -2.035705099967413112 -5.2873476363194615857 -0.75819930580589656177 -0.0072810698678544231305 0.65198220734699485757 0.46504126174785137549 -0.7069266491824380827 0.53290837631598841906 0.45702345404525773764 0.70724938932267611413 0.53937729258402888899
-1.5059450824504556632 -3.3667642469819289985 3.4133747030206524897 -0.90241353594183293385 -0.0046822660673904942588 -0.43084554835030614006 -0.14658332819300001759 0.94363292190452041641 0.29676629962654266226 0.40517050490455563949 0.33096070020876289242 -0.85223346383062703602
-3.4331987334127482825 -1.0573374379704476578 -2.262163789559924254 -0.37216905847922510109 0.010842758893437717121 0.92810162508759641575 -0.72030240645872811722 -0.63400236164722578724 -0.28143462593571794139 0.58536709436090783587 -0.77325509374675094332 0.24376612733141220235
0.64770945806073509932 -3.5550729419299833545 4.1115407847030418509 -0.61614657770457881281 0.0061101139779243928557 -0.78760780931247875714 0.73528909631968053517 -0.35398847143676581695 -0.57796375917802955691 -0.28233550895389114554 -0.93522982661862219533 0.21361608503738063747
-6.2201246829973380059 6.2380286507428612808 5.610500301097751219 0.97668809990525429221 -0.0033873768824639470705 -0.21463662590825305365 0.02553182555483221941 -0.99094484950143912894 0.1318196917394727774 -0.21313958193459969781 -0.1342267891455192208 -0.96775755625489634504
-4.845459348605002603 -7.4047370867666710836 -3.8134011149162065912 -0.46344759972315152652 0.0011991429379839442515 0.8861235152997274378 -0.87219186877294252458 -0.17724844891885130349 -0.45592140923883461845 0.15651730369923069763 -0.98416540754692183324 0.083191250926089005402
5.1740517463287742927 3.8110626888462930673 4.0012658771595459584 0.89907130242683241939 -0.0041613532493596748496 -0.43778245315637481783 0.28665692581386054139 0.7613951154332427862 0.58146821501899614848 0.330905726809728018 -0.64827475759410269074 0.68574137882373431552
-5.582477509869816501 -1.0939030481706433218 1.1591258808562820981 0.88855823686557944274 0.0064869881598587034871 0.45871797292327537443 0.29756597651344302013 0.75288197385977329024 -0.58704618477464409754 -0.34916865454934398194 0.65812358445927154893 0.66704917229436411219
-1.2120074270276270934 2.8798401983100361257 -7.1138324039190425907 0.99964926897634553971 -0.0050726987658408929233 -0.025992436634534640816 -0.023220784650868204341 -0.63980102797406956938 -0.76818971599689922503 -0.012733192654070898953 0.76852385280512613974 -0.63969442195030601361
-6.3111902702237250296 1.4916422278539798185 -4.4479274859949544663 -0.73962504728987166214 0.0046724687839261036526 0.67300294015467554409 -0.18142767388892910851 0.96157257435366649823 -0.20606354213705369016 -0.64810399518030092914 -0.27451111505050224126 -0.71035544563625629966
-3.6877614698508756064 -0.34903339105710767809 2.6066075528405026063 0.8550382233232670659 0.010294650907171597198 -0.51846278248193122806 0.20777093321608960941 -0.9228450204903390075 0.32432746949162949424 -0.4751219590449699548 -0.38503387944309214186 -0.7912066959488616158
-1.6983734566332455707 1.6410708305523886708 -5.2180241489087553219 -0.92225841161845678595 -0.0074444088559370361069 0.38650226774999979495 0.23191520028185305669 -0.81056306770840080844 0.53777583912387161291 0.30928104060442523915 0.5856040420316647177 0.74927507891208466884
0.086733662698495472831 7.3616388693346790362 5.1173677286046572732 -0.98067337077651339783 -0.0034080751089571332396 -0.19562240381381107435 -0.0033941238636459088868 -0.99940147461456319 0.034426333836837283431 -0.19562264637052517724 0.034424955516354389939 0.98007484544021095108
-6.1489022890470996785 1.9980439578253983424 -2.264522411620972342 0.89067974811768546584 -0.0051067688037434470424 -0.45460258160891348078 -0.25794602352864337558 0.81773171074257122726 -0.51456651483755633247 0.37437071899244106499 0.57557690203706779464 0.72701980344598948758
-3.784458584783993107 -4.0941794210320745506 3.9097346111335520291 0.97992674545782121331 -0.0098582740284095214667 0.19911400746731092171 0.19205847970351180853 -0.22110941631033326216 -0.95615070276226676871 0.053451977610586128009 0.97519917988686677379 -0.21477766559266495139
3.2490364045815800509 1.5411440535124334428 -0.28006356341329446957 0.99256297782563829291 -0.0022437894362471715731 -0.12171154612025048003 -0.12160918653745020346 -0.063218595309121286552 -0.99056277688842553353 -0.0054718186838822865589 0.99799718166738071723 -0.063021302622082761569
4.6730883168729153709 -7.2774305301735751073 -6.3349646994374166908 0.99861045904860723521 0.0055097047427420629828 -0.052409867700812427793 0.052162903074704905504 0.038109442835276355344 0.99791116934807466698 0.007495506759789541916 -0.99925838176130121759 0.037769086009444244323
5.0819202860578842618 -6.1820758868538963071 -6.2031079446284307366 0.99988569940015958881 -0.0058118459726367015933 -0.01395745612025024035 -0.014101190413409740027 -0.69149065406751497598 -0.72224776342072571911 -0.0054538577066425425466 0.72236202681454075858 -0.69149357021768831366
-5.5964611440770344331 0.043745661328059994022 -6.4429365723115799014 -0.64638232862354072505 -0.0010937896150064389637 0.76301290216311412618 0.19281593226406953945 -0.9677770284410691648 0.16195567136400987329 0.73824921368614804251 0.25180632805015978892 0.62576486929641284007
4.6720727609933883073 -4.9380848710170397453 -5.6531646884936659347 0.99361488959309540725 -0.01411864095316181858 0.11193799692923328548 -0.063325656996823964651 0.75133638051699358495 0.65687404003932969854 -0.0933772581778556654 -0.65976837396873444508 0.74564494256044766551
1.6651440680310023446 -4.6422712152121148321 -6.2277360508113375204 0.98165453217029263744 -0.0010399142375379383935 -0.19066540862932068734 -0.089890793937074539577 -0.88440312186038994025 -0.457985549126719238 -0.16814881692946465064 0.46672265492680531374 -0.86827181155632870979
7.3102774328804462911 -5.8804038832005636195 -2.6473472607111054877 0.94558066631777959454 -0.0030984834916148017853 -0.32537302114044325263 -0.30345692924585143668 -0.36929035527569853414 -0.87837265758508309421 -0.11743549539510317326 0.92930890068926541581 -0.35013407649202138439
0.90681479978382029117 -6.379720249458473269 7.3355520945777632491 0.96928362566719561411 -0.0046056537386971272557 0.24590250297053362072 0.22992802292156996891 0.37188809011445023156 -0.89935107311134698804 -0.087306112551758408014 0.92826614523252060085 0.3615240051869183513
-4.2935406894179495296 2.1911849295616754318 -5.0172356027783138188 -0.98954724818637729289 -0.0010624175256503005926 0.14420511390303478172 0.077113275106452230934 -0.84889667315644146139 0.52290341470097345677 0.12185969969249819955 0.52855776370481621917 0.84010529341152018201
2.8150854533418407932 -1.5396465198727642409 -6.9439403370000913895 0.9869277100240315681 -0.008469713363644276391 -0.16094085603818061858 -0.059077446915316210452 0.9100928408185944285 -0.41017176445588632294 0.14994515815040423967 0.4143178550900243895 0.89769547425662288287
2.5723330971967031111 -5.5178253962603269756 7.2565248649016353966 0.8188692473317089604 0.00374963665650577746 0.57396785275784711899 -0.56600721852401236767 0.1713682101792479151 0.80639243865416687651 -0.095336164980047016781 -0.98519991715641730412 0.14245047870057886419
-3.6635905881827466324 -1.6373807824706325675 5.2325482871230803994 0.94880513142548417171 -0.013443374002752675814 -0.31557582017037688615 -0.26823822223717225244 -0.56184466628765838969 -0.78254637376655111769 -0.16678452779497712766 0.82713351199156515126 -0.53668712918108785193
-5.2372337467695411206 1.3929750586736597828 1.1785798138614236308 -0.99442449021460976866 -0.0035876158456622925241 -0.10539004826786066427 0.078156052929256550343 0.64586578808628192228 -0.75943993519577945861 0.070792405326327467741 -0.76344254059634730769 -0.64198436317084794922
-5.8819063613512225785 -4.0649364763630586594 1.2842899520540727032 -0.98184563434195260001 0.0089597797558507268068 -0.18946997828226061489 -0.13085919267323700699 -0.75510363050900031201 0.64241293486747852448 -0.13731359006468249473 0.6555442239383471037 0.74256767263635603538
0.52934459987594439934 0.11141855346090391576 -4.1027379511581552052 0.15578860585646467363 -0.0050637445937736762919 0.98777743888792834959 -0.78121290803281107085 -0.61260892896058027901 0.12006953185821629682 0.60451327744576166534 -0.7903699504968262346 -0.099393353617581045589
5.1141952035796194309 6.1494754197466496848 -7.2433156642385467805 -0.75028381692013657034 -0.00046875252290963162483 -0.66111570419938325838 0.48545213989590496606 0.67844287899771271722 -0.55140863232981396358 0.44878771589512828077 -0.7346530066694179073 -0.50879715590130591973
1.0251705997463977926 0.70237288501012973274 1.6465671093043536821 -0.97749399966702821274 0.0010146023032851060955 -0.21096078118242087007 0.14979832535011716743 0.70746265271352259951 -0.69069317119671980176 0.14854609499150800422 -0.70675000219150097003 -0.6916924837419577976
2.0303514025257900499 2.6542800580363175023 -0.50900295583749100015 -0.95670317515513814133 -0.00049286459358042957607 0.29106492700503960869 -0.054356402720798627226 -0.98210356038442181426 -0.1803274193331339259 0.28594477811498514308 -0.188341057033725362 0.93955480420472614611
4.0057321789086124397 3.4843586438484956957 1.7610157429160222531 0.88818366454527619691 0.012081511814206113628 -0.45932974550658339785 0.0028384897600762064307 0.99949092949840601108 0.031777741051160143804 0.45947983743658299405 -0.029528273276912372219 0.88769722319420607537
0.73511440531051619462 -4.1400294377351132269 5.2901081920357224675 0.7331570950115848806 -0.0055666373786080235522 0.6800365332705384791 -0.13760325383119262344 -0.98049680732334054678 0.1403258898560206247 0.66599250639124496498 -0.19645616146382732792 -0.71962417834143566076
2.1493866256212852406 5.675664667708392841 4.1485261113580902403 -0.98370539720769245573 0.011630022381153015676 -0.17941135438928595969 0.022259626062853712924 -0.98234909001283132746 -0.18572768883115617355 -0.17840459790023438513 -0.18669495957425705224 0.96608322183844819175
5.016558937117611805 -4.0871937845907275744 4.3470824153175104954 0.99870081600823645829 -0.012495874602074852344 0.049401753232358867896 -0.010335460097504162169 -0.99898914969389407403 -0.043747652032822971491 0.049898480628981230212 0.043180225934311096403 -0.99782042959605166121
2.4917044703925896876 -6.0365223747601284288 -1.9487299978340795192 0.80296662682492980778 0.0032351133227600846823 -0.59601520974491828397 -0.080704887240438463736 0.99136582540220985482 -0.10334660807164446072 0.59053477237242657516 0.13108521757311036859 0.79629476222874839841
1.4370024720077880787 -3.8507012226656640586 -7.0471628459443413917 0.94343639421686864566 0.00871314651837292245 0.33143906098236936009 -0.18666807513146654873 -0.81220557547378890995 0.55269985787599051896 0.2740124081020555713 -0.58330625253556778187 -0.76463783319884714995
-3.8234969197578694278 5.6504838089685058833 -4.2309705345287111911 0.97994121695254676752 -0.0038481540596367780523 0.19924959981839474032 -0.19355214330515480015 -0.25650000357326080414 0.94696637532123772996 0.047463450563868775367 -0.96653656934299425618 -0.25209974411592006582
2.4687646882772318335 -4.337665909072386583 4.6755851206911156481 0.99862840294813326469 0.0064661872597585080824 -0.051956724756393637965 -0.036137041567932688679 -0.63295863281186903748 -0.77334176363091156059 -0.037887030126624643422 0.77415861267012608948 -0.63185679973938446707
6.5746123069048101328 6.1668532679971761468 -2.8281176209653873244 -0.81018814585450815713 0.0021664843566448592493 0.58616591052546884733 0.5569743579592542071 0.31450627350461513032 0.76867767529835229201 -0.18268752801593970969 0.9492529221822586516 -0.25601593082391899125
-0.56529382116612736375 2.6207779258789902777 1.8200423567531935909 -0.9621552866471936305 -0.0045020345061842752948 0.27246455927735246938 -0.26542505393379411949 0.24186843112301045777 -0.93330016756148337365 -0.061698825930082745739 -0.97029861058927668882 -0.23390994242966323124
0.40506645224417930917 6.9111713247212955835 -3.0654255334820472711 -0.90031218890576425462 -0.016898965716334441584 -0.43491652930821206313 0.10221239367160817046 -0.97951035468138103468 -0.17352835979185213255 -0.42307279407646458669 -0.20068355694931683253 0.88359239521540045015
3.26064658609854785 4.4718691238479353345 -2.0993440841157511301 -0.69436707085982818377 -0.014343185988607055209 -0.71947803574622937184 -0.47674344447954775106 -0.73975103527772090306 0.474851654678794588 -0.53904550740293766253 0.67272778954133127804 0.50682073963833829122
4.8335316489412409879 -7.0785506554167589854 1.8223129158038993136 -0.82995984410622569705 0.0023383227465611448187 -0.55781824048515227243 -0.55732218826556634284 0.038894577418810784286 0.82938482643120392535 0.023635474145469841101 0.99924058369051971251 -0.030977738261205867154
-3.4822352124538613616 -4.8767722226582037592 -5.6760459017928459602 0.99434467838708429088 -0.0016802759757662073716 -0.1061877452248937842 -0.10473660731292959436 -0.18098871926111653741 -0.97789228782555392971 -0.017575655091360942173 0.98348373660818788622 -0.18014115625046225877
5.6957708962910755801 -3.6804756136839253955 -6.6885684677642336382 -0.99628206816686071257 0.0023884114111537794317 -0.086118152209516296569 0.055197727913979560688 -0.74979370181925120153 -0.65936531266452991229 -0.066145683775925029346 -0.6616673637130395802 0.74687418506383085326
6.5882669854992856884 4.3283039972093888537 7.2266160833099561955 0.96895310751600516319 -0.0044006844897295279567 -0.24720539923511872238 0.13859915284252929957 -0.81830453984828011027 0.5578243046829938212 -0.20474410923467667445 -0.57476805238264438991 -0.79228879563833132238
-5.5039578319315483057 -6.0841226454062615758 3.3255727372476013848 0.91078636972747506473 -0.0070981880047728731359 0.4128169139529000442 -0.094277801100043301386 -0.97701229703844760799 0.19120321036905874035 0.40197000502312868475 -0.21306474875665037949 -0.89051868475563100702
-5.195411624668315298 -2.8177002228871113054 -2.3204869709596938065 -0.93018178346579716287 -0.0039669526993219572653 0.36707780237256276701 -0.30831147758831956018 -0.53433139449846422941 -0.78704129093757035918 0.19926334960473859881 -0.8452657713049033239 0.49580227244809554898
5.242315961616326625 4.1136881871067476624 6.6174451776962222027 -0.55630818070761256511 -0.0078993920697706734857 0.83093851016948439003 -0.82994387192706375878 -0.044542960340037657252 -0.55606572825056743703 0.041405042307548323155 -0.99897623810031310754 0.018223561189857871712
6.2051675939506534263 -3.9338112301715537633 3.2635551267846163448 0.98220367045814915841 0.0010666029021558290357 -0.18781589947801244356 -0.15265124569861140968 0.58712613485991660411 -0.79497201142622941905 0.10942370367118553487 0.80949475855178476547 0.57684026294307721994
3.5597475774026103856 -3.6053589323827068824 5.2351353280740386964 0.9966493295693449328 0.0038593695109724844572 0.081702014270679079733 0.076601944912343664096 0.30614740841269960647 -0.94889720536941524198 -0.028675004874500885366 0.95197629675807804439 0.30482597413334394654
-1.3115021108266686767 6.8005260907796003522 6.7953407932064457952 -0.9988703219905020747 0.0064995082295114274193 0.047072669770937408673 0.036830175603775779092 -0.52006190907476124163 0.85333413672168179076 0.030026954750498876384 0.85410383860647753895 0.51923502854315650712
5.7403234065600745595 -4.105514267796723793 -1.2303054778855428975 0.99580105832858745174 -0.012317667331010447376 -0.090711230302628093058 0.088050456035241794761 0.39999959647728289269 0.91227596702418589647 0.025047343641135345893 -0.91643253864613460902 0.39940459772881536926
-2.2349912853154298986 -6.3795456032954751535 1.8410301166374820614 0.94254567345637763065 -0.00014606538537638262543 -0.33407728464154068382 -0.15188348803455276048 -0.89086473376798136492 -0.42812548650006754247 -0.2975551369259633594 0.45426864826145785248 -0.83970288536817161429
3.5497155095596855112 -1.2891493756056302544 -3.7118787730746038989 -0.94021051820898204898 0.005915498414690396542 -0.34054249122215529688 0.33050201582601740347 -0.22574209250437504704 -0.91641089321696578285 -0.082295801741159135823 -0.97416914062711168487 0.21029000562451219403
6.2084886758839346044 -2.0660572065180531354 -7.1510712422877862338 -0.76069219080039285341 -0.0039538040479391916779 0.64910073046391336682 -0.51287637493256055254 -0.60928105365510465408 -0.60475980495804726456 0.39787587875027691231 -0.79294449054806270816 0.46144752683081224909
-6.3260839973884914755 -6.2507732438676155695 4.6848723210198262024 0.81335627447113090227 0.0037718258343190126658 0.58175367992678805873 -0.48025197290133636585 -0.56002648990139969332 0.67507656834837381776 0.32834374259725340739 -0.8284661151420598113 -0.45368963263300804423
-2.4250330670106143849 -5.8558246350407330283 -6.9994709683173068626 -0.99996581366693704229 -0.0044517904214213871103 0.0069680025409686388582 -0.0069112727919143409488 -0.012633898132182130869 -0.99989630408672969253 0.0045393618232057886958 -0.99991027906506568801 0.012602698687468655639
6.7700304771745951626 3.5888770837091419352 6.2637880337736344671 0.86137021777802713629 -0.0034949927778211483526 -0.50796568087864923946 0.49463672460179969326 0.23344081303478525502 0.83716181081380625084 0.11565404705546572517 -0.97236473189610750367 0.20280771574222256071
6.1194877074421780705 -4.862694457778789392 -4.7058441184724690842 0.6547821448804361788 0.0019325455803147167759 -0.75581519435218125214 0.35908617750665505763 -0.88072634046913611527 0.3088336612603660436 -0.66506951506558320553 -0.47362155617266704644 -0.57737783267032882772
-4.1947708323674319786 -5.633264957363293135 7.062611661601905233 0.99246587429027000038 -0.002819693066122511832 0.12248892888812040747 -0.11860888390207086074 0.22851472051395071983 0.96628823607031155696 -0.030715159590079324503 -0.97353637417384786268 0.22645862123555238199
-1.0561600912123723095 4.8439615605250185837 7.1515035163712283861 0.99476314424599243669 0.00056923311852402353871 -0.10220549311807175519 0.094143211170109111774 -0.39441688501943045209 0.91409648101393203845 -0.039791238236943721196 -0.9189314429189594513 -0.39240497011938729743
-0.30177200524606717646 -5.4154503684934498509 -6.6258572132282758105 0.71717355559068818316 -0.0098244982263863168959 0.69682535143023927038 -0.50551645391659305595 -0.69560954783732431572 0.51047083342457866273 0.47970324783241369282 -0.71835286328668779277 -0.5038392182302950939
-6.2187029682621819404 -1.3841136311691890626 2.3150559787003905932 -0.99995363879779364247 0.0071232286247894308073 0.0064791873715878507342 0.0063567812435227459555 0.99374794807313426848 -0.11146572133463095167 -0.00723267497253201469 -0.11141936687303273523 -0.99374715752959230652
-6.5776732772010859662 -0.2129149092217535455 -4.4022620293079874898 0.98229084032146329886 0.0029144919981205800671 -0.18733982693752054827 -0.068539989770171547145 0.93616463971167951374 -0.34481594678291810352 0.17437595827082022493 0.3515498159434926051 0.91978570987341612408
0.19716181252217612752 3.6128175413483201162 1.372880353487847982 -0.97836861743198211272 -0.0024275559405496217706 0.20685491388072646535 0.064796419224006460147 0.94601773516966436439 0.31757183250428877574 -0.19645934052665628422 0.32410577242083293825 -0.92539676669158943412
-4.1034243266001766415 5.7653433229169959162 -6.3569736985015001807 -0.94519810658379466162 -0.0031578001411731388207 -0.32648210917052439273 -0.11279886120868094779 0.94153990035096712941 0.31745713562159366683 0.30639346634719366591 0.33688669363053808103 -0.89029792734481549843
-0.067768299658263836394 -2.8699780850949414557 -7.4256172416841597084 -0.84410233439857385029 0.00029915265789756694849 0.53618202093184175183 -0.4710626229404357157 0.47723712997367678801 -0.74185222722785570948 -0.25610789587852067495 -0.87877450593553929625 -0.40269605583670475824
0.85982346315773183765 1.45102530465565005 6.4071915200401283741 0.99956253393182659117 -0.001904777791642240552 -0.02951461640171690673 0.010519347163986249999 -0.90977453948374453763 0.4149694333834189619 -0.0276420711058593567 -0.41509837283325357049 -0.90935650697418723976
-4.5821911203972103266 4.091784259146029612 2.6273533734663372385 0.91464860559399752127 0.0083919969425453547901 -0.40416271806320108739 -0.22597657036522403318 -0.8183733433520041789 -0.52839347132298497556 -0.335190271235430437 0.57462565664791154241 -0.7466276426646436537
5.9268869758208122533 5.0222496198543868928 -2.0643279810129002705 -0.99398535896883122298 -0.0019890950846040093142 -0.10949497548493535015 0.094160163558626330804 0.49501079184623103524 -0.86376974915444382219 0.055919314680227011349 -0.86888454898024447548 -0.49184618610814812012
0.47915019196213148867 5.8624882533619473435 -4.6128328820789858966 0.99870398236051693974 -0.0032302359862882911931 0.050792924632255778694 -0.046219129677692323555 -0.47543280933983089742 0.87853709987403649784 0.021310740697230805968 -0.87974610506603190263 -0.4749659387284805856
-2.8304370441440984685 5.7624976561772252026 6.7047451229374663839 0.9997419171342442068 0.0082165816976323517717 -0.021179870395698546792 -0.0017059836009631847067 0.95682301644838230192 0.29066613977969329996 0.022653669564241404877 -0.29055499131780104793 0.95659009417605167513
-5.5767002569624271047 -7.2598936782472733853 -6.4324431182671606422 0.98217715703188102072 0.00080024797623341401009 -0.18795582408653557782 -0.10344536329089362714 0.83721765857001018141 -0.53699687987189181904 0.156930204289947417 0.54686922731281484289 0.82237884165369856682
0.52559901383638341077 -6.7837080393213762264 -3.1690182101953445759 0.9676266646470900179 0.0050861181884564697631 -0.25233463746722556431 0.2520812775998957922 -0.068582557134494431805 0.96527273987229167407 -0.012396263452065998598 -0.99763247955271894263 -0.067644426184028605409
-6.3993212168636608439 0.29993006836587882136 1.1571832919776845472 0.97691477585917407822 -0.00095548318885518412208 -0.21362726361518794005 -0.21230478812918368581 0.10684376516298214888 -0.97134498855102402448 0.023752844993217381991 0.99427536271276195645 0.10417439924022468822
-0.45962837114275506556 -2.9693964025660566364 -3.8073188399178379271 0.92833851400177991309 -0.011502999291034637225 -0.3715579153083039543 -0.039293100591272361877 -0.99695813110695907788 -0.067309264337266597189 -0.36965342642379206417 0.077085444975169961634 -0.92596661846212235947
4.54248464732630719 -4.1990558132147048909 -4.4847447671006674952 0.97878481895466529217 -0.0022811889152784120549 -0.20487819396160880658 0.1163806742867235372 0.82915853191951449652 0.54676472782887919344 0.16862922889113179936 -0.55900887749864835996 0.81183326985362413986
0.09204200248314001187 1.9491772025313172101 -0.42986423826218195243 0.95976431560008124144 0.0027426427662113643177 -0.28079340521359053007 -0.014930580881073508143 0.99903624822054692967 -0.041275325510745072832 0.2804095865967179968 0.043806993187403317491 0.95888029028267374176
4.5822517734126302358 -5.7150962684172217365 -2.110723259023012055 0.92693417020750179525 -0.011131977530897934486 -0.37505882629004455575 0.26863956344148692823 -0.67816147594320907999 0.68405394341416048132 -0.26196532033037023268 -0.73482861377523189805 -0.62562055538593386306
-0.02219036207578012343 -2.9629987890346791701 6.308826942518602543 0.9881115933467666812 -0.011758842043379446121 -0.1532879927702817946 -0.073520537832178295412 0.83952594041034356298 -0.53832232528027157414 0.13501929347542920845 0.54319234623842405085 0.82868079824336782213
7.3548795685511079157 -3.0272867691790388278 3.4170117843766880661 0.56113990131933777494 -0.0022278552202562524123 0.82771797600906249492 0.80733193369572919806 -0.21911328263449134091 -0.54790922442351230881 0.18258466524476510418 0.97569688225101014467 -0.12115458713229379506
-1.327029599596095899 -1.8717815116705771583 -6.088727867683165762 0.61101720230727640804 -0.0044507249226310319906 -0.79160480641049513206 0.026989676383546722799 -0.99928569708660497373 0.026450953989135397859 -0.79115708671108719852 -0.037527145453470689418 -0.61046062731415606795
7.1518344445206700755 5.320101501919349829 5.6356271116321732251 -0.76120044076052018056 0.0071343589168263565198 0.64847743978399341458 -0.49500436581571971573 0.63962867992137006912 -0.58808658345982378624 -0.41898038952837279858 -0.76865093036104481516 -0.48335409426807168787
-6.7185413294786444638 6.1411243208000652061 -4.4661230193304346514 0.96021474411921425851 0.003666144973154960348 0.27923861580583947406 0.2721476788237061073 -0.23655627628416836528 -0.93272545213554214349 0.062636140422115890725 0.97161087248532318483 -0.22814255714663289609
2.8453847901273752186 -4.4885223733356012232 -2.9309748589180038003 0.94434521938609317093 -2.1753250622579337059e-05 -0.32895608544222049163 -0.18851834131249894932 -0.81953481599701449856 -0.54113170333814342161 -0.26957919358040494107 0.57302939269788899512 -0.77392788649397326051
