1125 14.717824617146108679 14.977075390850430381 15.033177056927090831
-7.18257431803251567 5.877940853843661273 2.0290073546899112245 0.93664534058253945403 0.0040145861712017148065 0.35025617633791300554 -0.2510464591236070131 -0.68963798089155747828 0.67924600158810743977 0.2442768538492694208 -0.72414317535263994507 -0.64493835384762610019
0.07507370626959317117 2.1154468990417174545 -2.7153008836642862356 -0.94641861673022553703 -0.0031504781557572477703 -0.32292704500212526808 0.23617455686253832625 0.67524884923113148716 -0.69875644562521654901 0.22025753244145834797 -0.73758326045228095325 -0.63832401905574809309
2.0165254041817481934 -6.603561053960836702 6.7103489112892305002 0.94634308362005503668 0.0019333287268716789487 -0.32315790308204056513 0.23093230744027687384 -0.70356794797925537033 0.6720583396971685497 -0.2260642330504293307 -0.71062536178795365771 -0.66626312949094945726
0.14628248433447874066 1.6701025357466474652 5.2842887899612280833 -0.98780693835359956179 0.021591965116864664936 0.15417924498096544084 0.080771226019964184606 -0.77554637512687440992 0.6261020915751284166 0.13309192908568109881 0.63092123681949452418 0.76434608087071909122
-5.0373467721902764893 -0.3206499808157087239 0.9531124010799860713 -0.45528152559929091492 -0.0050836591086719593729 0.89033302132297775788 -0.52894290151447187487 -0.80284415445800438871 -0.27506484797248315077 0.71619699760991284432 -0.59616727523637214059 0.36283114606080546505
0.85171177293271771447 -7.4822030941892068157 -5.5896703356900392379 0.62938640753764141245 0.00010565669279038666928 0.77709249053350104575 -0.71315161173075147794 -0.39715445938150234495 0.57765310877655162702 0.30868678088433010309 -0.91775177702364174603 -0.24988826918691114942
7.1308678763162030023 -2.1823398567166059081 -1.198438622748852378 0.99823911406172582961 -0.001916412370886192134 -0.059287422957012732294 -0.0065986275192904475864 -0.99686225651496562783 -0.078880286832950882725 -0.058950227074367506086 0.079132603265773093781 -0.99511954147650005797
-3.5135090487203859411 -2.6652167134617932298 -5.1143325473290657257 -0.99948879420174641108 0.0084395018269507980635 -0.030837073048416704241 0.019490524103784503951 -0.60372628880936551887 -0.79695337860547676989 -0.025343041163987549413 -0.79714700213282341235 0.60325317011606383044
-6.5744057680077840899 5.3513898920137137338 0.26392897228720652025 0.99546373176338864841 0.0077199201618356480883 -0.094828063232586315423 0.048767834703688554832 -0.89721057985873020613 0.43890189528864320678 -0.081692454009260520587 -0.44153547787502750444 -0.89351707579406869364
-3.961770396384620696 6.0108261843992991658 -2.7088501379271954228 -0.90167768664778935594 0.001600706240032280861 -0.43240581302865593871 0.40929357479193834157 0.32573437629915225067 -0.8522768832551378404 0.13948519288972058283 -0.94545996945223242935 -0.29436257766230089494
-2.6667644965861749817 3.8749936965033389136 -4.9222556415744955771 -0.97460540684748575568 0.0083278166298263369555 0.22377432474231617743 0.094986198500615751095 -0.8895772365863598985 0.44679968916941081858 0.20278541130490643218 0.4567088652715579622 0.86619575694200034999
6.7037028284171462644 4.5602757477214765913 -0.41412164966048931047 0.84192345660892853321 -0.0068396412025060705428 -0.53955362339609180822 -0.0070535865711414801743 -0.99997372919858174001 0.001669679329548816489 -0.53955086889754799717 0.0024000459998425515903 -0.84194958260629504387
5.1105971694469447542 4.1746410758999834556 1.2001966423503342973 -0.88158220487158367451 -0.0063792713192521530857 -0.47198741609412336873 -0.04957784559106762079 -0.99312676881919514926 0.10602480031321914744 -0.46941969843660857897 0.11686969646724446048 0.87520661604413918511
-6.0139497318343497767 5.5002485754720273903 6.1810288753551780871 0.96001502656288750792 0.0022576431901388345144 -0.27993937168749016831 0.19304802071341478631 0.71884326519387997667 0.66782993477694496676 0.20274025370452966599 -0.69516851419840974824 0.68966450278023538889
0.22802280095945920424 -1.9498451027866952057 -4.5791954810899282435 0.975114150838470084 -0.00033597557978466056992 -0.22170313474312994262 -0.1577532853785338085 0.70158209832728835043 -0.6949075192130887979 0.15577642243543929346 0.71258855339320359423 0.68406963080240479336
-3.8307314297687766746 5.1796308663276597883 5.6244858058584554783 0.90931585360045574795 0.003361758141623197825 0.41609299077621414442 0.0021617602879807078405 0.9999157026972982365 -0.012802901692892710434 -0.41610095551841619343 0.012541374784976232551 0.9092319334113834195
-1.8088961466286241908 -2.0803550406952688867 -6.2261128354142787344 -0.49742576639190183574 -0.0024401197523338906403 0.86750311396849866252 0.79537149374676252567 0.39795244938217699815 0.45718490238169745554 -0.34634057496119408093 0.91740279803716862084 -0.19601100042912361632
-5.0608847576105944199 -3.9117727231976147095 7.3671703707875488831 -0.7196418587905536457 -0.012090530766387717551 0.69424017036055651886 0.098253084706860713271 0.98801431025475006109 0.11905483643103390023 -0.68735865923267924771 0.15388808205251244821 -0.70982852279984443022
6.3882822226356967832 -5.8843232213742453496 -7.331301852155412746 -0.94975962356581056234 -0.0094977037072199663181 0.31283614092409667284 0.18255396629055206659 0.79508891577541318529 0.57836637644550648041 -0.25422570058041238372 0.60641851030077420504 -0.75340950586584776172
-3.2161018555244971218 4.2211943278443317951 -3.6963641140948158004 0.99879765433926037677 2.9460274113355527925e-07 -0.049022909809323604591 0.039888001266248009069 0.58133557141923875022 0.81268561003472028492 0.028499000705987553167 -0.81366390690677037334 0.58063659336650497167
-3.8359092444805371613 -3.4696426160512876535 -4.1641712958608927408 0.97887531217472800726 -0.0034206069707517238777 0.20442950536262399774 0.095912149412627850653 -0.8753368840858010147 -0.47390526369096869219 0.18056572988776958821 0.48350143619942370643 -0.85651758790067966665
-5.2598997882109292945 6.3480452993974800791 -7.3162631082077851374 -0.98276801476979636085 -0.011978862435344052317 0.18445469904524203208 0.18350993492818329367 -0.18287093465135070836 0.96585833590771708046 0.022161519077385335302 0.98306394914797923246 0.1819179456724810684
4.2716246768725909533 -2.7076816154391143421 -1.2770537316613244094 0.97127520338968953428 -0.011033507110586931663 0.23770305214961195972 0.013449075451607651888 0.99987306350928084608 -0.0085427886618953795955 -0.23757862203889509867 0.011494285078530713101 0.9713003035934009155
6.4110970357284378096 6.5736130175489337901 -3.9569343424370413409 -0.99995315060413614283 0.0086344329070837163437 0.0043752903153512932508 0.0095825654539504184076 0.81914784037317034393 0.57350238888017202044 0.0013678582860087360167 0.57351744714556285309 -0.81919220381018509336
-4.2409593649917312064 -2.1159916416553379293 -0.36670044062731749213 -0.91782050896907718673 -0.018717385807050696683 0.39655412339833306934 0.39578270568782225602 0.034881705014407245191 0.91768148969763685407 -0.031009082445350878016 0.99921615585614487198 -0.024607126651979525922
-0.28333786945019334702 6.7656290559493550418 4.5176106044917325733 -0.99453438614867295531 -0.0089877302130882304187 -0.10402199514227304655 -0.065198001500557115073 -0.72471035270534123196 0.68596218939679565185 -0.08155105988335970002 0.68899501114831784854 0.72016338371551091857
-2.9123438415903888377 -7.287583818892933607 6.6367870466941019103 0.95321141526169328451 -0.0056656309015138441032 0.30225138286114411335 -0.28886144410748182398 -0.31190751503958880075 0.90513687814057042225 0.089146306278605855211 -0.95009557555454660083 -0.29895038616561947498
-3.7680261588849872645 -5.53427928286129589 -2.9126350936210458897 -0.99826473100906831792 0.0065436896646189814802 0.058520995795153796237 -0.053376603059608930535 0.31915610415758638441 -0.94619782256394002751 -0.024868957941610359691 -0.94767956678650189239 -0.31825300254102956155
4.7627109327620305024 3.6678752671796117646 5.3411272936494897934 0.98795995145002124538 -0.0012298427977153036234 -0.15470495085070223862 0.15470699368388507455 0.0017886842374655945176 0.98795877784142671629 -0.00093831568033226047526 -0.99999764404491475744 0.0019574136743089332047
-0.75279769672333074482 5.8614909633556893098 -3.9392014116850715411 -0.97359136449795313784 -0.010646132280476354806 -0.22804936930939323503 -0.090245792365638580201 -0.89960633304092829654 0.42727525380347403106 -0.20970348574896052751 0.43657199339856939124 0.87488818865315287621
-6.1154729849193367741 5.3048030644713666248 1.3599837244224628474 0.98790839536692032219 0.0030840239145476684712 0.15500803579151350986 0.02888659037905636634 -0.98595641261346766981 -0.16448561433346411964 0.15232388932709772789 0.1669743729525078324 -0.9741237044222151864
1.4504729407363061711 7.3543656573308355817 -0.46110720016599676674 0.9179864142342076816 0.022054021913756612083 -0.39599818610576148492 -0.022691989537950235656 -0.99389666882478344689 -0.10795594152194216975 -0.3959621407311396668 0.10808807434917581947 -0.91188318949916802314
5.5444755019240865579 -6.3045778271161978523 -6.1894066570305046326 0.99960573432339172584 -0.014834770377763404486 0.023839158871729115158 0.0077040421565619087579 -0.67153890014774497708 -0.74092924987667185821 0.027000437817170264143 0.74082078478957447132 -0.671159847712564539
-6.7232222571809758804 -2.1487784861735281794 -0.25840566804142794943 0.92597517948905705421 0.0051616869135588270764 -0.3775491013875004187 0.37527362146107995367 -0.12303440379624241974 0.91871227515365527783 -0.041709423464996675524 -0.99238898244125561821 -0.11586384907945854184
6.9841762066774020212 1.4699535176836588946 -5.3967982711272934893 0.56740393403037314712 -0.00024185075097801636904 -0.82343956496825210234 -0.19837393849253923128 0.97050754029796604261 -0.13697771625964796915 0.79918743494495736446 0.24107064469356101477 0.55062181948519317576
-0.70517581857864031214 6.5970694431966254712 -4.8143893780746793709 -0.98202033438269531462 -0.024490880722103498118 0.1871797521640365114 -0.15945532049565860899 -0.42312656113471741604 -0.891929321206502701 0.10104485946545326003 -0.90573953762860170968 0.41161368581697999058
-1.8111939935449912209 -4.394308727688819971 -0.41474472329542938498 0.95115548121228254974 -0.001038725650468533962 0.30871049805422706713 0.30841372855042775702 -0.040768553241333695125 -0.95037829158082154368 0.013572862685203957583 0.99916807700985010854 -0.038456875625757579173
4.6086180430943830544 -7.3448599349333010267 -6.9066353646877844952 -0.99548925943223098844 0.0012888971653597890155 0.094865552752923368307 -0.024785270984027735902 -0.96871698681999485192 -0.24692729656458684007 0.091579608523230410233 -0.24816474002267857601 0.96437930147436912165
-3.8199500827622361321 6.5080166343940799578 -4.0414766607488932237 -0.98605309519404615859 0.0035132521902758616014 0.16639396178130888559 -0.16070121171884038658 0.23997847599417407305 -0.9573846936376932959 -0.043294503234768029476 -0.97077185173370017512 -0.2360669351498380919
1.7600988541210200733 1.1329968993264520893 0.056089145620564148653 -0.91791184111647805555 -0.0046778392381692400145 0.39675681438181564786 0.2998770558544116005 -0.6629722621566228602 0.68596029840142414002 0.25982995075700859866 0.74862934582545237472 0.60995286642384027864
1.3688668712395428706 -1.0742934916340174389 7.0127412180715094081 0.95642269362260179388 -0.011083275449158552436 0.29177524248825947861 0.14172035920637066075 0.89130099642009352756 -0.43069464074540653176 -0.25528605702261841781 0.45327662060348189454 0.85403122560245425809
5.064182459560005789 -7.199975185150297996 -0.64310553665514302857 0.67215141588083615609 -0.012436866410169451769 0.74030925867724839406 -0.13870785796317444682 0.98004177084983246093 0.14240174693014479024 -0.72730502835378940674 -0.19840224732446587463 0.65701137279956633996
-0.41686307111655612756 -1.5505699167936588534 -1.7282451466117303429 -0.9979202301122177543 -0.00080858066843427780449 -0.064455880493035258572 -0.034154761202664113418 -0.84139093405104203871 0.53934659392990802473 -0.05466869872252082263 0.54042635233117541915 0.83961341764296637535
-1.4589737884336135831 3.1502886185873548719 2.3145083309822385154 -0.94900860878285941968 0.0034731011905334658804 -0.31523102325785340438 0.30188333567233344157 0.29809774655011916922 -0.90554082467060259543 0.090824622759610659783 -0.95452903102513886324 -0.28394579910734235595
2.2010722735469201439 -4.9645108972107827583 3.4442138510903919091 0.99720275232708166513 0.0014423756509350247126 0.074730116444254368613 -0.074468455101030492371 0.1049492091900491586 0.9916854908110731559 -0.0064124836182060497916 -0.99447653720079354223 0.1047630517452085297
-2.7702852396063986085 -1.0121841879431365818 -2.4441544522922500349 0.93962842610082741857 0.011771817759370504369 0.34199392563325037298 0.28596720263328900824 -0.57590204598448047069 -0.76587178590739168893 0.18793929839578332741 0.81743394701807803315 -0.54450028685118201377
3.6898263645430104951 -2.3474278033303361823 0.63867534687359150958 -0.99997265065520912763 0.0069994308587419031692 -0.0023887045049288497742 0.0050791456248566024118 0.41516621644424073212 -0.90973139717340911758 -0.0053758926030068720364 -0.9097186491938005215 -0.415190413048877216
-0.42827536808235117105 5.1100366687305154301 0.068860542959437498478 -0.96941837215432946628 0.0034641669636240237512 0.24538952560551000048 -0.1249527022592325648 0.85362444534052817069 -0.50567986761891936531 -0.2112222571789352521 -0.5208774384288894499 -0.82708636321000561509
-3.3237606600009170776 -2.9579621839160052943 1.9061670409500082179 0.41961568511000030268 0.0054787164803603311675 0.90768533119984018409 -0.48662483640546583263 0.84549280915600155684 0.21985945114753546736 -0.76623687290750042145 -0.53395870002391465636 0.35744812388054508778
4.6020386544576794563 1.0693508692178395059 2.6246487893874372865 0.9990797857369713153 0.00049419888159994273397 -0.042887498169603514853 0.041035096604811208132 0.27989675869647756556 0.95915271219855879892 0.012478083923938667818 -0.96002997882286555953 0.27961891420804019237
-6.0395031599135329259 -2.2287696555527829467 -6.2052814174568275973 -0.42884432156054286267 0.0039430850207557502363 0.9033698024317597941 0.8922359386691740557 0.15842409865335541075 0.42286739613388812931 -0.14144814460546120682 0.98736328524327654499 -0.071457437270641854798
-4.0231084880702772111 -4.6651044109650605662 -7.2188176791975084967 -0.98757252358024616434 0.0069526061976111974347 -0.15701010138403376226 -0.15158449120371292329 0.22169060171487744992 0.96326290239888046063 0.041504851476267035082 0.9750922717253265315 -0.21788163971653159989
-1.4203709978362919486 -2.6225030657238255216 -3.6551583467789745541 -0.81336394868632555522 0.014321347453798604493 -0.58157887339941982674 -0.47443205464964377516 -0.5948848534142654465 0.64886534558359854064 -0.33667983678621860033 0.8036833394972449085 0.49065239968455842678
-3.2048614397998194114 -2.4470092054021326256 5.9064369335619835155 -0.93025861408225340998 0.002452678623422765037 0.36689630046265581109 0.08965580188491933944 0.97118314671247996106 0.22082828788498112815 -0.35578188277943245676 0.23832179906471673281 -0.903671384949494505
-3.2290848038265367315 -1.253033124976743462 0.26100861298603872385 -0.99224480399070391634 1.450597873155386186e-05 0.12429902953388503872 -0.1135185956231958837 0.4072486477882616418 -0.90623510598655632187 -0.050633757526202124999 -0.91331732637906937189 -0.40408870800175800131
-2.6338534233427579601 -3.8967766650942157192 1.7083501140877916935 -0.99954457436369970047 -0.0051162066146990103216 -0.029740011597910558094 0.01789455804473685796 0.69306367381531375216 -0.72065423666965211513 0.024298737669907810588 -0.72085821661921956061 -0.69265648259451806368
-6.0959069898415734201 -7.3713242934503764303 1.9991996642024174591 0.88390667867973793381 -0.0037322282416057984966 -0.46764842976070691849 0.12869735778985358365 0.96329981153952481954 0.23556413815708704407 0.44960646512612933989 -0.26840183225929176158 0.85194746490416406459
-5.6043863737782153578 -4.2036818680543426296 -4.2728116616288565055 -0.90296643046733537918 -0.0090401034289232084368 0.42961599362583691164 -0.24718587021078600174 -0.80687814996614481977 -0.53651355684214652175 0.35149789617752486004 -0.5906487345598944172 0.72634929706407824757
-1.8124659154906972436 2.2421478454469605524 -6.9026209280865478135 0.94965369259188814333 0.0010337751809806816281 -0.31329984911498443001 0.098819797224685937409 -0.94993724179478755687 0.29640155925333105946 -0.29730878194747240029 -0.31243906279497501988 -0.90221356685484210836
5.7938532189839362374 -0.3098404254827304416 -1.9310716598980539604 0.75018225060147958327 0.0092217315649265382133 -0.66116680992720977539 -0.38838611524277955045 0.81538634931975895181 -0.42930330400483401876 0.53514747160852182972 0.57884372762415858826 0.61526995914077364791
0.39628371783365223813 -1.9583578281061910786 6.213703076456936536 0.97363768473014233873 -0.0054218771533158169329 -0.22803565975820844214 0.026384725697658338583 -0.99032985577707965952 0.13620067182772743752 -0.22656898535125671867 -0.13862676510908161776 -0.96407941315653611358
-7.2813267401214343266 2.996382874186619194 4.065481739363992375 -0.98601167769930608831 0.0027713661797635225775 -0.16665320569974678699 -0.15728878391443285034 0.31534695410592866738 0.93585070229754807603 0.055147165795072256023 0.94897240110847913552 -0.3104998744591747073
-2.2531447530063344331 -2.8827910427814078531 4.3076496379229105571 0.69692500532989298812 0.01051284069136087726 0.71706695442379098093 -0.48071941917030980296 -0.73513975355020799718 0.47799412421371745285 0.53216950023334885778 -0.67783406740207219343 -0.50728354999017333249
-6.9356453109058646689 3.4261099878878926717 -4.6225981264924085323 -0.96333730911838888478 0.0098701928567370422751 -0.2681115591569388501 0.082876058053887230459 -0.93950286006883987344 -0.33236416010739566751 -0.25517207500434707645 -0.3423988247869003132 0.9042401544514589995
-1.3564578763583763354 5.2532889536256330842 -4.8434224812446817765 -0.99900611445156273227 0.0010527391357624950145 -0.044560913688215943174 0.034034519201548846246 0.66357024915407269994 -0.74733939809189886549 0.028782543166625249031 -0.74811323753691871818 -0.6629465657433228909
-4.3748933264924900755 -1.2771515200609926399 -4.437821412846419733 0.95860812257199445874 0.0080059194030388490526 -0.28461618470074212528 -0.051608437358663175609 -0.97816183283782376368 -0.20133553579286922464 -0.28001256495468263008 0.20769047651282593336 -0.93726070515814141615
6.4644600786913937185 -2.7915652878909358314 5.0093554038691578967 0.96539640254249992068 -0.0059629028109492339393 0.26071867932344983121 -0.13222157811860260623 -0.87290640888284420917 0.46962948758673217498 0.22478265110525325055 -0.48785125306923493582 -0.84348913131160818679
-5.1981642891373667226 4.4492191240025622534 -2.5166668120260671238 0.94091340981106508234 -0.0092502270903668561142 -0.33852088345712294526 0.25419497737031682139 -0.64119715231374374564 0.72405188028519451571 -0.22375627078925353075 -0.767320431868939834 -0.60095963767871285466
-0.077326635442755753402 -6.2427251332656217286 -2.6165483634390844792 0.57583955117288410097 -0.0017506215395454664124 0.81756085194266781002 0.73283896826656669266 -0.44219976534019433956 -0.51711354084291127897 0.36243048698337587687 0.89691488049704626295 -0.25335319071936579505
-5.7962999970870150435 -6.239007892360777241 -6.6363154280623497527 0.99895720605731808117 0.0060436821588535291627 0.04525455084359171487 0.0097619720315368641028 0.94000398457149725306 -0.34102377174009912419 -0.044600497397992155957 0.34110992787626315259 0.93896475585404604036
-1.7377038987613502297 -1.3779387211117504197 -3.5076707204810149143 0.95786929011204191564 -0.0096505350590219418638 -0.28704231436017046963 0.22221811784244890897 0.65806355135614635898 0.71942440219886305552 0.18194925436159226084 -0.75290054426175290203 0.63248339052307933628
4.4427461300694375268 -6.4829943013979915989 7.2418521070555170738 0.99850664386899701253 -0.007814191184161030021 0.054068665283911562791 -0.047798679522991667501 -0.60420397446154405774 0.79539477209796616286 0.026453135642353860224 -0.79679137524264742609 -0.60367519077208675604
3.192530344463141212 -1.8992975738251725026 -2.2170061108136169814 0.9658276355959329873 -0.0057732613005158656821 0.25912091342262000282 0.18763512241535848513 0.70526396792637069399 -0.68366351107900691364 -0.178801675482076039 0.70892129675914417053 0.68224669720424357955
-1.2398540868479508426 -5.2774182448802671175 5.454952433956157698 0.99998134979046604531 0.0011237251090045713257 0.0060031086201855913057 0.0031182812437657923647 0.75121134903184938469 -0.66005438064436716683 -0.0052513230058225009167 0.66006078987288152593 0.75119383469181477686
-2.2907442722767048515 7.4410742327749526126 -4.5572970624094457648 -0.84090503750991807408 -0.0042222392147950992686 0.54116623193478774478 -0.5301720478436378059 0.20711270522522837179 -0.82220552602112906282 -0.10861085385802396464 -0.97830797810833813877 -0.17640063036722886114
5.3430879609632251359 0.32705630324267098707 -3.8595306253428294241 -0.83490050181322961187 0.011360572172197231505 0.55028364456147116357 0.17404861858687653564 0.95393264971180180556 0.24437589525458208728 -0.52215728515444526092 0.29980566574602440788 -0.79841613983347603511
5.1691168400891154278 -1.8422319669654072527 -6.5682445800849764694 -0.96310937502362459206 0.00041658636714623185904 0.26910993700976548748 -0.26512013897192843181 -0.17303294456994131045 -0.9485625503914442147 0.046169726586931719714 -0.98491594897697054556 0.16676009653882287176
-4.5817853885344757003 -6.7368434846605484978 7.4650322835432776358 0.99973975248603497157 -0.0085502980314852948529 -0.021149933872507548083 -0.021354215657156724179 -0.67693879367755172005 -0.73572947955614265148 -0.0080265044012074755059 0.73598964803718058825 -0.6769452069475880851
-7.079931298802269346 -0.51695456682390761305 -6.3889158424620635657 0.94715885793478959975 0.0086791822941932397772 -0.32064742261625800435 -0.17848834311215705517 0.84484013246097655614 -0.50436798268371374476 0.26651830933135589596 0.5349484296434641184 0.80174694786638178723
-1.17011995408254732 1.5027683724017604217 -0.23270355125404407204 0.77281627424181564834 -0.014118853185320792351 -0.63447274508183526542 0.46539984406099083047 -0.66708467842643837109 0.58172245698158842053 -0.43146030108801275427 -0.74484809846935773336 -0.50896298371456805132
1.9340853562848472347 -1.5686650488309072937 3.2852272674225564408 -0.99840861248952295082 -0.019968015085683146759 -0.052740125902263949864 -0.054302444414794828753 0.59272572963716052552 0.80357168563650571702 0.015214698065353911977 0.80515680944744916214 -0.59286678534318881795
1.3718806782549257672 -0.81803923748256679449 -2.9097933309257024703 0.79243294243344974959 0.00043016061990949685124 -0.60995888935902697892 -0.39308793982143941381 0.76500663776516819592 -0.51014381868463232195 0.46640315534227150263 0.64402225049836758775 0.60638555189720688698
-1.2691519025435344936 -6.1336258177906124445 -5.9527542989935682272 -0.99391516741946706048 -0.011558750570974786129 -0.10954010799233014628 0.10447054376045551705 -0.41408887364392710229 -0.90422138340716928795 -0.034907670505650988113 -0.9101630623188373681 0.41277676113163175309
1.1124524185900883655 1.5359904755178623859 4.044521934979841582 0.97876734269249310305 0.0001223923239567076271 0.20497432497452200417 -0.17884974120399663167 -0.48802034489746431989 0.85431195299925588582 0.10013620199449238535 -0.87283224504271883504 -0.47763648631973071312
5.3067391276048034854 3.8524208987063870424 -0.53382578976740424626 -0.41239581546745507357 -0.0061059994026775874301 -0.91098430730509372122 0.90907062358159829163 -0.067884896512391129653 -0.4110744971004463566 -0.059332054792114757857 -0.99767447476457726818 0.033546231939742446326
-1.4097909927458922574 -1.3313159675393400061 -0.7640627818345995248 0.99864626023891966966 -0.0034014352590863387166 0.051904500276093015754 -0.025568721274146576083 -0.9010822504648552389 0.43289377263898554116 0.045297763776315155826 -0.43363487882713569466 -0.89994938994459428017
-4.4746684670415497465 -3.99895793823388912 -2.7173718823404784395 -0.69587156182330400789 -0.0080819350007755117599 -0.71812077798402740303 -0.18920248511807416514 0.96667446770205744944 0.17246128005478647549 0.69279519994786331605 0.25588113611523238822 -0.67421039380118286122
-3.1867378386231166587 -7.0434892529426749164 -5.4523047341098296314 0.99731540897538240031 -0.00097574796330681355661 -0.07321900665901452665 -0.072041206074599586917 0.16603277430212942667 -0.98348522230122192855 0.013116388509857374728 0.98611975224793646522 0.16551675014635774952
-3.5926974346668436588 -3.9980443934091689506 5.7722223009598749854 -0.99883899439801604458 0.0063776142683108025949 -0.047749233566528249961 0.029066897835450310889 0.87022119816511844803 -0.49180299075357120087 0.038415865474662982959 -0.49261992682001504162 -0.86939624394155357034
1.6151317181928297462 -3.232670377591801536 -1.5181962539177893401 0.98658224669355287784 0.0086290046387645681636 0.16303683874557714506 0.12962414051198978271 -0.6485336889011678041 -0.75006775464394837005 0.099262544324204254886 0.76113704064328058241 -0.64095035116239262862
-1.4014912745515690773 -2.9907387971950454286 -5.2636909659401212025 0.89325249319992350294 0.009864144966713157478 0.44944708480116102312 -0.20194412336495198845 0.90201617496126673679 0.38155653728737176644 -0.40164481128294859946 -0.43158952576777631638 0.80772020329878435607
-6.1112906104328175161 2.5303739981830379868 -3.3379569100336854426 0.98794496972354117759 -0.0049892228356301394909 -0.15472506084471954191 -0.047421693773715904718 -0.96118430954578881753 -0.27180122524133942807 -0.14736322389772693597 0.27586197769638648447 -0.94983380099046277323
0.057263447863409193406 -2.889625857965934852 1.715247051329684469 0.80799103386207504762 0.0040155686596796240362 0.58918109644377480993 0.3995660721803651616 -0.73863519266223143234 -0.54292265206315393211 0.43300974949843784589 0.67409341145663093098 -0.59841509796300118573
-6.5152902027653016859 5.3028565465168613358 -1.3876985218032060754 -0.9234375084524376609 0.0029970669716889485404 -0.38373713082337940206 0.18839699126582182265 0.87470844426233074209 -0.44653299006690105877 0.33431981943196892315 -0.48464023267329808808 -0.808303224792020103
1.6099063294700506344 2.6235316021692383082 2.3472723048463000062 -0.98867540671194631408 0.0032806141153385991877 -0.15003392194450632102 0.13332114765090999353 -0.43977053599760013158 -0.88815952804514686214 -0.068894206955767686718 -0.89810417727535107879 0.43435293829852750225
-1.4937402650090769729 -5.8259922728569053518 -4.6677413674675145572 -0.83185074333017561266 -0.0050184705788300070645 -0.55497671642526658076 0.027589842402107239705 -0.99909671010083289655 -0.03231972249402405295 -0.5543132159865070685 -0.042196905323870506632 0.83123779976837230965
0.83088571439912140004 6.2726776970199988881 -2.7811243310026432241 0.96151447801874723176 -0.0038276689121610092681 -0.27472760602288143206 -0.070157373379972826077 -0.97017632397572717284 -0.23202552307282778288 -0.26564610202446414799 0.24237006693794704848 -0.9331071209307555403
3.6444950020600943574 -3.1816738393811565544 5.6560225926247387207 -0.80018734081967013427 0.00058667357840767246462 -0.59974984402342157441 0.2368637335397033028 -0.91839847713877598157 -0.31692240205280258758 -0.55099527341505427636 -0.39565628138999586749 0.73475187354030546683
0.26568962372686066864 -2.3528634555655969507 -1.0180599260817961849 0.99409708708702526625 -0.0069270579333725454049 -0.10827279119649627082 0.035218970687821857246 -0.92331243359061809794 0.38243139787493496407 -0.10261873877990286552 -0.38398719489753779799 -0.91761823685336363354
1.9137423734030136746 -4.0040767678235598126 5.6672947325579752231 -0.96671969688743231153 -0.0053292184060250245153 0.25578238227259214588 -0.053114349187212188397 -0.97381888483199319229 -0.22103313202990343411 0.25026364809989276594 -0.22726279716596672897 0.94112683920075990152
4.0559517521810528606 1.655486018889369193 7.3468244094609618244 0.99556112531041451863 0.0032559607746403844072 -0.094060855248310037968 -0.093818937510468519703 -0.045168371234125072322 -0.99456413830607282023 -0.0074868374505950158193 0.99897408222617811724 -0.044662403713820637841
6.7408872484706083839 -4.7084341935834368442 -0.97007929364551093165 -0.90423405387473487771 -0.0071833079965983323914 -0.42697678613647621626 0.3680512642293358172 -0.52016409310646061215 -0.77069292402482936222 -0.21656186809412841798 -0.85403613291763902371 0.47299391217921998853
3.7408736548225713925 7.146761419844355423 -1.8345760696783162125 0.81896264611148494872 -0.0019166078522977556681 -0.57384362930019705562 -0.50492589905450557808 -0.47756923856231825454 -0.71901144555776963507 -0.27267200211629577522 0.87859202647951339937 -0.39207911225739522365
4.0855418319761280799 5.6166150485180743601 5.2458369562311775169 0.89968751357279697078 -0.015125565015754354956 -0.43627238647905763891 -0.24120230569801939802 -0.8502111586126033238 -0.46793421919814792709 -0.36384588172346904456 0.52622447971715624604 -0.76857268446075799329
-4.1588337305055311788 -4.890093624347453094 5.1363642248973668814 0.91519935377075078975 0.0065863896117542416672 -0.40294759253461964743 0.21057965876927497995 0.84469237162797794483 0.49208841139170994561 0.34360784358068902078 -0.53521156264169811312 0.77167495297216015526
-5.5269770960102873048 -3.2293791065205650348 -0.81145525676103757995 0.99714643263291480313 -0.0069073146890471391265 0.075175001770327432027 0.057170600112263318671 -0.5812216910601422093 -0.81173448141868498329 0.049300247161515098338 0.81371594235650512861 -0.57916824048351633891
-5.8911863530519337218 4.6886464367223759098 3.4624648380983380491 -0.99841912687400746762 0.0072484485140857993213 -0.055737842497047093704 0.052083285187860331455 -0.25352509116765020725 -0.96592564908097533483 -0.021132403936300957897 -0.96730165312723093152 0.25274677715308541126
-1.7818262372018232043 -3.0152542624096363433 0.99147236175237940525 0.80530498310768006132 -0.015037336786338076355 -0.5926700285016519576 0.46657463979859409298 -0.60069424215619093843 0.64921069995586766499 -0.36577587356003832264 -0.79933741682883219237 -0.4767260265379366091
-3.8818491600815532294 -5.7875540079857987763 5.7725465593587079738 0.97533166417281991212 0.015924845317881602957 -0.22016935337010673512 0.12593675056406009038 0.77900925131172693572 0.61423490720413087551 0.18129555901671892681 -0.62681016717359994139 0.75778686621540014556
2.3074548582562401933 1.9153120761198869637 -4.5867142767727253627 -0.79712721432067168426 -0.00089330190198312706823 0.6038107370701261134 0.50509017091555763468 0.54697493948225550664 0.66760941786568595013 -0.33086571813041448786 0.8371485039048041088 -0.43555741180237178556
6.6419586751344930065 -3.6065493112980409052 3.0266011965616907986 -0.99575014037810360978 0.0086399207672809563707 -0.091689747005962371484 -0.012516870317349167163 -0.99904788731062532658 0.041792903913836110252 -0.091241360655904851784 0.042762958611737268699 0.99491021880196761629
5.0802081397629672566 -3.6980809077798508788 7.4370526177118785327 0.96710798720260260364 -0.014586938908850181559 0.25394755817358249939 0.21572011986696537633 0.57604728763262635916 -0.78843791911324567767 -0.13478490632731648935 0.81728620667691909141 0.56024662908581068788
-6.4627952710269251924 -3.1113560027466720115 -5.4244863901710136389 -0.87484493713830102646 0.00068248076257487570728 -0.48440259101642069162 -0.48295961928949959763 0.075912686195708470316 0.87234584323547370577 0.037367661140501357009 0.99711423532835730121 -0.066082218533609488054
-1.2326691446550199771 5.5668297263119530527 -1.9787237252135709831 0.99717338441634384427 0.0023421232509982189453 0.075098308038754460481 -0.015694731992896917422 0.98395750058038711217 0.17771131770210074619 -0.073477321666444508907 -0.17838764393987038837 0.98121298997240591344
-6.6128700535445501529 -4.4390307947733482763 5.8339940914974475206 0.96346495442866597614 -0.017401552061810283273 -0.26726853083335383454 0.16874102311247074493 0.81437589031458479383 0.55526424015351849572 0.20799458816736876576 -0.58007680117394144759 0.7875589857483471512
1.2418732002592123287 -0.60699177743327703549 3.0418094199201233252 -0.80994559319715742074 0.002435839149618260896 0.58649995971699686592 0.49763010463013113149 -0.52638976571452544828 0.68940415832569446053 0.31040685402582107733 0.85023989628735485713 0.42513492415371356703
-2.2201641816929491569 6.0666801404355075178 4.2637643401761611273 -0.95709371508586915667 -0.0022680041315802420415 -0.28976969596626506176 0.28838084531601998473 0.090642167966331482765 -0.95321586508045497155 0.028427250973545370449 -0.99588094345837319121 -0.0860990003336486176
-0.30929134653080087025 -3.1623075811184233608 -6.8162571746843356735 0.87282509126385710019 0.0060774388782469344894 -0.48799531226931125438 -0.22608823900041716271 -0.88111623619880719005 -0.41535320691256577552 -0.43250487655735231352 0.47286070152165549096 -0.76768632182073215375
-3.0221187936670403928 0.38768169706028066113 -2.4479108366829382959 -0.9955150904221339303 0.011112601124156146898 0.093947936848440161128 -0.094574033679287794474 -0.092381557941422373648 -0.99122217484575192437 -0.0023359998829638045637 -0.99566166836352432146 0.093018198520375933169
6.7476584735071254428 1.24831469564631381 -3.6914305920999002097 0.70960941561114421194 -0.0024534014774857983154 -0.70459098638656214586 -0.10516055582576402938 -0.98916233510708262422 -0.10246527364862592635 -0.69670347693589829152 0.14680550271248005156 -0.70217690762293150097
-4.4869115570676996185 7.049753332146774909 -2.6725045644760712094 -0.7230633198751138524 0.00016104390094191962934 -0.69078173797238162646 0.32547181746444781014 0.88212477655597643089 -0.340476099928285314 0.6093008546584959273 -0.47101576688142554605 -0.637884484731721213
3.9791758131624854755 5.473463166087128684 7.2451269866952037191 -0.99738976871649720479 -0.010396516781228345647 0.071453213351711369894 0.03621366675371191779 0.78409726154336600867 0.6195805474515261313 -0.062467748476429586779 0.62055088178080042294 -0.78167409034799284484
2.5354637827537032102 -3.8875782608122104733 -5.4095520304338791107 -0.99941391852700933729 0.0084054837912815386081 0.033183840897929972602 0.025032393680040891659 0.8406686257359214931 0.54097101675589154279 -0.023349490811424431641 0.54148463463464358014 -0.84038633480883284665
2.5454923507214930467 0.81993171739417092247 5.8123217728570244489 0.98685886605409922634 0.0048847941479408258508 0.16151073424554515667 0.017797793684672675446 -0.99674722158497297553 -0.078601620865932544935 0.1606014228777273567 0.080443241163791229242 -0.98373577139433188155
7.1969253775132004947 2.9005978408778516631 -0.90393507175524878683 -0.25713259815567662825 0.0045494793953645973339 -0.96636542218919185832 0.85326244352625080225 0.47052942164026179128 -0.2248227431520956332 0.4536805367582881221 -0.88237257754758335881 -0.12487035260074379195
3.8813666121379135632 6.6161847964964000113 -7.0297333408118998221 -0.8355491989938984565 -0.0036415055907733119567 -0.54940356341927265582 -0.33284104425160659924 -0.79223752314257167573 0.5114455456708052461 -0.43712055010291234192 0.61020197177828583435 0.66074138535112869608
-4.3610224621384334753 5.403746643647623138 -5.9303811277148685832 0.97259058834191935983 -0.0076391372481335109712 -0.23239877592373922588 0.19578768044591185471 0.56607577132258479757 0.80076551206148094408 0.12543815868527993795 -0.82431781777642365583 0.55205561643924139226
1.9800168678726355331 3.9860224946315718775 7.3852425031612947137 0.99999792476883575532 -0.00038935978649910687327 -0.0019997142223474066378 -0.00041328903379393168958 0.92238596594897648284 -0.3862692830298083968 0.0019949060601778460626 0.38626930789180391468 0.92238389086686090046
3.666030578697371034 -5.452362757404356941 -4.231342700346524488 -0.96191534936065814509 -0.0035066609968897439163 0.27332501530802966183 -0.21069193538819458444 -0.62753243084953214126 -0.74954116404265869189 0.17414869803370741641 -0.77858252713549047641 0.60289425226349946385
5.7351005942365684831 6.4996762741714828593 -2.6687000315534508132 0.95916911032011276106 -0.012173914057969154739 -0.28257107711914231096 -0.23446101339545172282 -0.59299502200880993552 -0.77031482983933419195 -0.15818549555926489369 0.80511409110094001029 -0.57163681591133941318
-4.2963147476263205959 0.52210078538496840217 -0.93493931448673739393 0.93124557888720960186 -0.0055562716151613782134 -0.36434983141002724727 0.011551789032316213748 -0.99893102877798434225 0.044758864090021645288 -0.36420904433165396386 -0.045890386686234872771 -0.93018591928536187297
6.7482172644623217295 -2.1842627605704634242 1.2554418092312493727 0.89313020699779321898 -0.0022145132342992982638 0.44979276259093764478 -0.22514668158565670497 0.86349588173442093364 0.45131345426284630307 -0.38939363774846974531 -0.50435102672532095003 0.77071566528921897632
-3.1509412625797654783 -5.8728749314208075205 -6.8806806648748226607 0.99619185815036370713 -0.0011799639200400415667 0.087180212433964052177 -0.028319806035169006048 0.94131273714980934209 0.33634553581961507129 -0.082460719988424205362 -0.33753361101494055996 0.93769466837246961965
-2.979154998634598428 4.9933365281460471152 -2.8961487656091406961 -0.96908679745697701158 0.012106286916885729624 0.24642284149764975831 0.14042254748797930453 0.84830270192817336383 0.51055267510647561746 -0.20286026508824867021 0.52937318001434963133 -0.82377894433512166561
-4.2413435033722866052 -4.7570902483892627544 -3.4468368675948757307 0.9957056341838217417 0.0019454529899273010143 -0.092555417277098359086 0.049949598650653098675 -0.85305545306870100841 0.51942413458014269345 -0.077944388183609727982 -0.52181664327848564788 -0.84948929548774709808
-4.0708737925569158378 -5.7188636084329171894 7.0257363717037666362 0.82684347529138657595 0.010026473326003490852 -0.56234272219060033038 0.53599894335233921883 -0.31696308566656783423 0.78245736947773725234 -0.17039659648387087132 -0.94838487554224604192 -0.26745303839988099348
4.6591277408889251177 -0.96972081680349042632 2.188084307088294711 0.96378530379640814374 -0.0097680508997813955685 0.26650041907623644999 -0.23309062626663901163 0.45465758318077581501 0.85962505896638630176 -0.12956329778456249224 -0.89061274818966196243 0.43591545582754059884
3.8897080099747598503 -0.63900842989910899838 -7.4095664446914479839 -0.97919628779237366523 -0.0036968740398992082363 -0.20288164800180194525 0.16804037297665727624 0.54566863071620608228 -0.82098001102474882362 0.11374121075261588165 -0.83799288694746099093 -0.53369547346950652056
-7.3587330043224392639 6.8158409261785619648 2.4570258224756722498 0.13855648217573054981 0.0032408874482484301485 0.99034923026960475223 -0.99033550597196573495 0.0066521296741489672338 0.13853279316458444459 -0.0061389623119154947128 -0.99997262253489449524 0.0041312615974800287813
-3.2859423675048318181 5.9264318563688194175 0.44361886046463339106 0.94960566815330882395 -0.012481285324634583053 -0.31319848742896955196 -0.14945384236889336371 -0.89634012610294300227 -0.41741816843417234306 -0.27552245645739792401 0.44319137610566916585 -0.8530350403900521794
-6.3112900338513036047 -5.5592571163652380051 -2.6690309380698153952 0.99030137824586672579 -0.0057829800779582701126 -0.13881547963350593378 -0.13010333532189796713 0.3119587707933228482 -0.94114549749939246936 0.04874733205607128389 0.95007804019812158725 0.30818081567628352602
