1125 14.717824617146108679 14.977075390850430381 15.033177056927090831
1.5143197541025530395 7.2692437791716759676 0.80475252817625464452 0.99941901610347227969 0.008242318257949150101 0.03307105139555162332 -6.817415434532368701e-05 0.9707994114034160793 -0.23989268052841353218 -0.03408262904996838677 0.23975105215322634056 0.97023595449169408589
0.2457657536185556546 5.0199583143706147936 -2.2236911924270796881 -0.5332314436955448711 -0.0042061983990444038253 0.8459589442457450259 0.69824126178898326955 -0.5667674613589227528 0.43730285281490011151 0.47762262068468080978 0.82386707219053434414 0.30515517293758281925
1.1024794912317223972 -6.8272345283755901946 -7.1284793910165422659 0.52101910908417226054 -0.004367086985125543698 0.85353384029005763267 0.65607466065424135948 -0.63761601282412616598 -0.4037472722355190391 0.54599004351414537339 0.77034196870062399132 -0.32934499182758242286
2.6512297860806537386 0.26675325965474877554 -6.4218794243478827255 0.18805811218175100263 0.00084288822820139004677 -0.98215754132524246689 -0.84165687815723233545 0.51554331430003597081 -0.16071338006249422103 0.50620929060337249705 0.85686310494737516485 0.097661525109958069457
-3.2122875766812231113 -0.81031127855203666233 -0.90094055559000696398 0.31608400343583031855 -0.0073850282246316120011 -0.94870246343631892127 0.89567674145525932872 -0.32738791782413007025 0.30096565597908142564 -0.31281636400303897139 -0.94486116049977042497 -0.096867485726534516277
4.1026599734042399348 3.6687414385839325348 -0.50738859516175860431 0.30812578191001771533 0.011854202195150936525 -0.95127177000723517342 0.89945541070011214568 -0.32935457679771551476 0.28723775327197276219 -0.3099007368249675487 -0.94413189790027629567 -0.1121449628054114328
0.94093618929035038878 -2.1063951312262725324 -0.6968523282959784293 0.99968620269651442545 -0.0062338871365528051097 -0.024261796911689802181 0.024982882055712099523 0.17732964870015072156 0.9838343617175495659 -0.0018307764488288821511 -0.98413176675847124919 0.17742974360161364866
-5.1299389689301211348 -5.7760166568515654006 -4.4689071312143058279 -0.90689926246367391638 -0.0018899592560486736664 0.42134327548565925214 0.25700840706794242374 -0.79489953780837419028 0.54961932597796925304 0.33388681680974924282 0.60673812542645833013 0.72137953998886539253
-4.0256628584230771395 5.2101970255288883038 0.14074500762926173136 0.91708079634624106724 0.0049992788077930921942 -0.39867006431930801513 -0.060093886157526962832 -0.98676495576942313548 -0.15061091232674586604 -0.39414659432681597995 0.16208000887466725293 -0.90464276535202792218
3.2820175084643445906 3.7933517333872370791 -1.6606521227523747264 -0.64161236421147560538 -0.0020989970081131239035 0.76702618488707763333 -0.36371434377817324357 0.88125403386019407481 -0.30183307296445904822 -0.67531137279109798577 -0.47263825703884809748 -0.56618691945533472509
-4.3268226285775019946 7.413963930118995016 -1.4991720641090000576 -0.98563944133124126168 0.0027430894725862168919 -0.16884124837368749694 0.079791027285742263664 0.88877037327860164417 -0.45135420187141012116 0.14882299438236884503 -0.45834452003098546946 -0.87622600811703854617
-4.3341596257523677949 7.4002469249786875238 3.2147718072673749923 0.28589162154037861541 -0.010732725461717067608 0.95820185208394503817 0.18041050461373231428 0.98265884436124273371 -0.042821086202880047356 -0.94112593767142149748 0.18511186942690963098 0.28287022685180807091
3.0304893519306821403 4.4774680263826338589 1.814890267510643973 0.48629903034966348585 0.0042169358867735415308 -0.87378227867855129407 0.14160506900198058244 0.98638940915470696424 0.08356995836142733225 0.86224199475202922827 -0.16437198958251858505 0.47908307372188413398
0.82893420737309808644 4.9908612005871173523 -5.6163529324673282517 0.84119062564675473048 -0.00087914594226528707671 0.54073797575773185908 -0.45377967290964860148 -0.54499338937630081858 0.70502922917438681782 0.29407879858667984596 -0.83843988015754022936 -0.45884226874093925197
-7.1320667375387944986 -0.01744688818766260141 5.0496607279099272603 0.99996601335571511093 0.0077138191571823524345 0.0029101765297302661581 0.0066228941043886182388 -0.96179745936112592819 0.27368190374979733948 0.0049101331046466131086 -0.27365332842929201984 -0.96181585890045384613
2.9309670647376484531 3.7575163684630523697 -6.5148791755367891909 0.99976711689975461539 0.01015503612022389951 -0.019041722803527911384 -0.020613531062378454006 0.71053077155941013476 -0.70336413400478270397 0.0063870418089020612046 0.70359284952907052979 0.71057463210297422407
-2.5718145612841656344 -2.2773158041935022133 6.4892224391719075527 0.91124918727698767107 -0.0048381734620554991966 0.41182703986575330823 -0.20872241496245849679 0.8565876671898343675 0.47190308529458147024 -0.35504911234824737543 -0.51597883725579840597 0.77955498030923442432
-6.3255707834117931299 -3.755914376406117583 -4.1704690587394521728 -0.65653272830287467965 0.010109209160628596438 -0.7542297929393302347 0.34838204536840955416 0.89093558124729588243 -0.2913138179568850461 0.66902520664931930394 -0.45401717363761406876 -0.58845023486282088676
-1.5803978375889435881 -3.4817015335395242737 -4.7584843519467847628 -0.94717063217721009227 -0.0028904092939265524018 -0.32071707013361144822 0.23867902100116980546 0.6616064393575995517 -0.71085107043216444467 0.21424312935290715232 -0.74984569408297074844 -0.6259643093582875073
3.2417675844210753766 7.2230178186539681917 -0.1170906483302057155 0.99406389037576892154 -0.0067542941100573608906 -0.1085880350772881614 0.09878804853873265901 -0.36213597639205302725 0.92687564218094875557 -0.045584024798014391444 -0.93210080684106688675 -0.35931905400307528886
5.2793012026267129855 -7.1641684118857726915 2.8286443027923549032 -0.77083730609390654909 -0.0082582685743401926248 0.6369785306696222893 -0.55956380351929091432 0.48667857005604814313 -0.67084448215603365018 -0.30446378655742034613 -0.87354208281474710063 -0.37977102604959800392
3.2036773907066247169 6.5846606369166478245 -1.8835451344875628887 -0.99276458879960105541 0.0056116375844685933635 -0.11994574085346020043 0.099661099820361795376 0.59569536366673669914 -0.79700357520441078574 0.066978626500421120649 -0.80319085106191068224 -0.59194452473399217229
3.6944019485002335124 -1.331836972900688254 -6.999366522655390277 0.99994237523647533372 0.0027645532896881496593 0.010373208359859508593 0.0062178434491225210989 -0.93684002056926496405 -0.34970289430126511032 0.0087512644463349879842 0.34974724174028909429 -0.93680322494408985179
-5.5430567888052317826 6.6620333355825476218 -7.389373916962023614 -0.90965442009145069946 -0.0030059044314320326752 -0.41535502951901231983 0.29874558999110900626 -0.69948364156213049814 -0.64921006434575090349 -0.28858258517976714819 -0.71464228794938833289 0.63718638702148300279
3.7869917059702742357 -5.2305190299120400965 -0.68528283616969343228 -0.94973064271334639574 0.030289871694566771615 -0.31159947041677066304 0.12329502843635475884 0.95105992489128354794 -0.28334317572274708708 0.28776734049254687475 -0.30751836195346865521 -0.90698534431787058985
3.7744275520098091725 2.1597960849027573182 -5.7126451338888077913 -0.96386835253134606205 0.0062896776494825298517 0.26630478580643690556 -0.24652455006324569542 -0.39978925888749172746 -0.88283305029564163036 0.10091305765108429804 -0.91658550524934234716 0.38689477427619589633
7.22981844466759771 -7.1680914777903144142 1.7893329360490126678 0.94563578432821626674 -0.0020568610022994788557 0.3252210520875617461 0.055367037105645382222 0.9864008994151164389 -0.15475062789951612996 -0.32048003775624184231 0.16434425744746497533 0.93288987047979277101
1.8002385332917594241 -0.75531126750932431335 -7.0491069039547920028 -0.65400227548310774228 -0.0063834373045493376236 0.75646564719818376599 0.11017467995041285711 -0.99010632756460104087 0.086896490230356365769 0.74842672557888312301 0.1401738629157197602 0.64823508435956789242
-1.8252804486239029291 4.7671628476040766031 5.1088465866388519387 0.94114510823901931236 -0.016414273181861775697 0.33760399416153263896 0.029265821532056625343 -0.99111178555265999623 -0.12977264822983164416 0.33673342116273352609 0.13201515130641228168 -0.93229963150138850381
-5.9839247256210077452 5.3327679408312578246 -0.32360780229431557187 -0.99495736361558573257 0.010631172685128668573 0.099733759351730358333 -0.034580682514324917465 -0.9697571360071466362 -0.24160975468698570046 0.09414892980763155117 -0.24384026601533723144 0.96523463659654229474
-0.11929457815599496529 -5.8487158313695779555 -2.7465441101268859292 0.83005715168788019032 0.0015455866709924437341 -0.55767619286962599734 0.32404360564623235774 -0.81519554613950895305 0.48005412527555851865 -0.45387318335796267288 -0.57918376420277029037 -0.67715973057494527332
-6.0028442787305298367 -4.2468688912925616208 1.1523054016355434026 0.84855431870628306168 0.0020751723653017464452 -0.52910420699966842495 -0.042371195264635896915 -0.9965142310709927953 -0.071861457575780787743 -0.52740899690552089929 0.083397127844579449496 -0.84550852689401789775
-3.7218453549627086296 7.0286989510042925389 -5.2765179543946763019 0.048801867191279095504 -0.00027703049482666547779 0.99880844059949491776 -0.44445969395658402323 -0.89554157219479890717 0.021467950970313547793 0.89446853393886116557 -0.44497776992225274162 -0.043827229759531613484
3.6670538797417289167 -1.9051072080928497243 -1.5235693961146732356 0.8633141205873040569 -0.0025556068019198228437 -0.50466047801321256561 0.41007378840481195637 -0.57931328395652958996 0.70443992440440506009 -0.2941567902632072351 -0.8151009679208324199 -0.49908135092053390602
3.8878331578443963146 -1.3223698391371219163 -4.2205581254590969209 0.99988282424442309626 0.0034060348720327620307 0.014924366234737251879 0.015304719011332294093 -0.24289878088606708939 -0.96993089847682045779 0.00032149190029768072788 0.97004565932260655714 -0.24292244744454280503
-6.3441537788239896756 6.2296378677984369787 -4.9664836850612879005 -0.99938332769307147707 0.00058576424807262137545 -0.035108705603598598655 -0.018803900743003441887 -0.85333533624371438187 0.52102324058970506115 -0.029654302314552891118 0.52136212060140729729 0.85282012262618178688
1.7297459500813312516 -6.0432179176155287337 -4.7900455422814420814 0.85589305269260707032 0.008201541585925222963 0.51708782336094605281 0.068367481652319511687 0.98930400608300439469 -0.12885445665737466081 -0.51261386033253264483 0.14563762653777403977 0.8461777070635392306
-0.040547246978932346972 -4.2610563485198582612 -3.9866143284920578793 -0.73836036877463950834 -0.0086662243977138914836 0.67435069687634208169 -0.63933357716111749447 -0.30926564721078364517 -0.70399384696860656252 0.21465447336898016428 -0.95093619975787380127 0.22280888907925078257
-6.2911173984782067237 7.3552566545617796834 -2.5461229196431380828 -0.99742838839634229142 -0.015277441846152959443 -0.070022923330112035734 -0.021354337031779229567 -0.86929171716373743184 0.49383793167451289774 -0.06841492754504466256 0.49406326542385864409 0.86672999685462304154
3.1198760781963561506 -2.3975283602651904502 0.42483226167570048437 0.6181960029585428229 0.00071195758601546796362 -0.78602366061246720097 -0.57657809188724884475 0.68005940758976601845 -0.45285417752768941657 0.53422037202064476258 0.73315666488485986552 0.42082050669275605781
1.4644440696492142528 -0.39593620515123506554 -5.4636489379756225659 -0.51229791894201437419 -0.0079907615052969768743 0.8587706271050025153 -0.83777931113669246166 -0.21527644694948283588 -0.50177871339864221767 0.188882683374929361 -0.97652045504398066189 0.10359118110010338831
2.4760299291412568579 -6.9048265366434158352 -4.671690433528723041 0.99018504881866531431 -0.018122959389651992212 0.13858256542181543458 0.13676508943121029604 0.32989822861018208711 -0.93405699455263357933 -0.028790265869055753356 0.94384252770407672806 0.32913888176327266155
4.8248227222916497681 -3.1503416089480840157 1.554264782817507129 -0.98395585487437065009 -0.0048271227448109695068 -0.17834678170500381511 0.053686066470460383493 0.94529246182033210832 -0.32177626993379165876 0.17014312188703739626 -0.32618838193844712503 -0.92986690314421505121
4.1997413379787671417 5.2586320552882002133 -0.79857918832224272787 0.84194074626395620786 -0.0043420615251595013132 -0.53955252411812937297 0.22941277768924120406 -0.90220018500733167865 0.36524594947193450567 -0.48837030746495485589 -0.43129569053546967794 -0.75860297264913989501
3.515544174843162395 -5.1346864620577044036 5.1650580192618678055 0.94859553734099311129 -0.010389082296318437673 0.31632036530350032821 -0.25069847066833311766 -0.63470313049367010905 0.73095978887077039943 0.19317552469515253399 -0.77268622552137977699 -0.60468108416609267497
2.6782721590150564417 1.2805771643058014853 -5.0585983573500303834 -0.78943956185911057233 0.00013558469261568334777 0.61382828200448280587 0.19464759054550684336 0.94844594274216376117 0.25012518703796432495 -0.5821490304609905353 0.31693891416602826272 -0.74876714071909167281
-3.9055939376847828015 -5.5299765873668116356 2.4956162037650053698 -0.8261339357427033292 -0.00030276237970985539483 0.56347371593458239758 -0.55631660505947211348 -0.15844053467170857163 -0.81572570874529937157 0.08952404788291609683 -0.98736847494131863012 0.130724670750284655
1.2414179611457800689 -7.1441781703573186135 -0.32292916152842376931 -0.94376725173737230357 0.004382584584996525312 0.33058155952874906935 -0.20984958029032269033 -0.78060424479982715162 -0.58874456825722532027 0.25547314575140028792 -0.62501024467825161413 0.73762840634502069292
0.73519282428598375922 -2.9821105764186679465 3.3988598085135954818 0.99607981396259415163 -0.0061047841925088545956 -0.088248149137534911968 0.087863078240899297744 0.18388708044036289335 0.97901257455112367101 0.010251034009771606281 -0.98292841715817946824 0.18370259400635916003
-4.6687103021417257764 -0.63598284068726329554 1.8767664497515104127 0.60265647062518712396 -0.0010643543376620762456 0.79800002854853635537 0.79454886641090882726 0.09371197542863508867 -0.5999251324510791461 -0.074143626150418501242 0.99559878104135879351 0.057321809899635756125
4.6467208060746978404 -4.4337110014417300263 3.5268199956585379873 -0.94782971811190397382 0.0043659575927926658201 0.31874717861964135812 -0.24033639683395019437 -0.66667740736581859728 -0.70553501037502519555 0.20942120671183347969 -0.74533359841232493803 0.63294595761177385729
-1.3880175681691495626 -3.9452565110617769939 7.3698181160824320912 -0.76519695514277041859 -0.0066020632594988165609 0.64376240384256155913 0.26155086783384867699 0.91052000116781739436 0.32022565638760980278 -0.58827269473924082011 0.41341231263018118902 -0.6950003571150779047
-3.500939507430827824 -4.1317424462833312049 -1.9417706495415150147 -0.98285575335571928601 0.0046031564628855152488 -0.18431868881424795514 -0.17723323822429101759 0.25197345839427409686 0.95136625730231305642 0.050822705203086009085 0.96772319762187564152 -0.246837730949732298
6.0121608588615487179 -5.4492486996508811004 3.8533422570341016034 -0.9906211351291120959 -0.015018067556197133017 -0.13580951469703478329 0.13649626522516253302 -0.063611517489521041124 -0.98859614829435249472 0.0062077544214230086922 -0.99786173014580081819 0.065064823794969875448
-0.4859214449493580168 -1.8342668705158828857 -4.3551691384360902148 -0.66627602219494375113 0.0072671783357273721238 0.74566979982243064562 0.55360753061401135611 0.67475150119526339232 0.48808719885108231562 -0.49959480010866619271 0.73800921386781626055 -0.45359391083938083167
-0.47401678087914844717 -3.380163471515820639 1.1555974430634097239 0.94039116428152202953 0.0048639727256707043432 -0.34005999457515678763 -0.023070640519934577928 0.99850679626157645696 -0.049516899795491932379 0.33931136686994317619 0.054410656940372094381 0.93909918364578504058
5.2834782734221086287 7.0907479740144303548 3.8567200913753629798 0.67757444568662794637 -0.014370596841563804125 -0.73531378097984667619 -0.5253756026543539015 0.69019177259894004539 -0.49761008146158036691 0.51465847577593826223 0.72348379593678824317 0.46010634676008937971
7.0381584791700575465 -5.8062421619423538743 -3.427133726884374898 -0.9869990146751240756 -0.0065106702286679956487 0.16059438409724655084 0.063000613668516669552 -0.93489258160329846703 0.34929469440654364876 0.14786435577175482958 0.35487106396032208622 0.92314823308926086121
-3.5151027589043422061 1.9597307366839125109 6.2719361143675191883 0.36329004601729891766 -0.006596850063571079413 -0.93165273789860303388 -0.67928366599860756647 0.68251611974962489438 -0.26971363960587274589 0.6376472720653262316 0.7308407677813471004 0.24347018005619100456
4.9745678061094960043 -1.485506444171595497 -2.8138324479798622058 0.93040558930140959681 -0.0060402930624674690957 0.36648186074668093193 -0.21975254812193434351 0.79103900808527671806 0.57093441416790180476 -0.29335005878733599882 -0.61173589280590501271 0.73465974468616179749
-0.078211077318727159624 -3.3202028286569467141 6.2790973602915798324 0.9998216202466797542 0.0054745907055320100834 0.018076408488187194201 0.010862549303986912888 -0.94961955282093646336 -0.31321671399004069603 0.015450977633917924517 0.31335719834830239039 -0.94950962793085713631
-3.2391131855506034576 -1.1531115104872862176 2.4644711713288858235 0.0075695049267419448058 0.0086443436830102686474 -0.99993398677981704115 -0.41834933132084617391 0.90827412565294318725 0.0046850456509416205791 0.90825466669792476182 0.41828625125822593844 0.010491540868463379924
-3.4156922288489082185 -6.6884933962076287273 4.5831457262776558181 0.82941153655606503214 -0.011003490114177534934 -0.55852970040372817984 -0.40810485534368573513 0.67080772480957273629 -0.61924746538103503379 0.38147992092992227819 0.74154967435846075308 0.55188508802663671649
-3.1048042265079867086 3.1649147663914738438 3.5255362470619342474 -0.94418649049685443586 0.0049161833804009765284 0.32937471412406454929 -0.3240189971495166521 -0.19403938400388420771 -0.92593758263807002251 0.059359587680027560419 -0.98098142112700170703 0.18480230180944240415
4.474592464979533446 1.4511994148667914928 -4.9637047597177037517 0.96636461299508835676 6.2922635640387525324e-05 -0.25717587521313389765 -0.043740592054584886972 0.98547036301942469994 -0.16411862848898106648 0.25342887632940036546 0.16984745994895678045 0.9523264382507022896
-5.0609085563498128479 -1.091170128379221449 6.8613025932308646659 0.95384322895220652327 -0.021246500476014645864 0.29955246752388381415 0.2312710629208242219 0.68827076829998901086 -0.68760238870980849857 -0.19156406248976937112 0.72514270024693761041 0.66141611277705403271
-6.9691814218717036411 -1.4974178050125870332 2.7188752149157733307 -0.69374351099385134223 -0.0039901589248303864776 0.72021109376748826403 -0.46212771856660667114 -0.76452293745044352935 -0.44938029534513923569 0.55241099978763552603 -0.644584173513319314 0.52853886382153747459
7.1855921238422943986 4.7735944648061670037 -3.8344584533400816184 0.83181227618231989851 0.0022375901783790400762 -0.55505254740665532776 -0.36905803048763974328 -0.74469577498618377831 -0.55607946630889792949 -0.41458956490122894634 0.66740032657165215824 -0.61862128703031149524
4.0559650751265303725 5.8725172190261742955 -3.331446636357334512 0.93255431984487957564 -0.0057501271993298762319 0.36098390071558433823 -0.17963983600340116542 -0.87470056841022758576 0.45014269397992512367 0.31316444539460047691 -0.48462960254200487809 -0.81673874554869452247
6.7691639787366373326 -6.8085591459961705141 -4.6244830026388275002 0.96753293615026203511 -0.0060565824614473530094 0.25267238723946305878 0.17226346760646910061 -0.71574014371083538588 -0.67678751791759128587 0.18494679016565646057 0.69834043595491357426 -0.69145883486848247479
1.4317326594954917773 -5.0444351671292828598 -7.0337821327536262928 0.98571054680141567683 -0.0016164846034578579659 -0.16844021165366002135 -0.11370158479314328159 -0.74417299166227934837 -0.65823894453001929872 -0.12428462310329435603 0.66798498894659918967 -0.73372296338744458222
-2.9032898886462277233 -0.18019503747278148298 -5.9393978957204263125 0.83449436353002115485 -0.0041934831102058700569 -0.55100051899792601429 -0.15630961509429838752 0.95709111965943172162 -0.24401617343560694229 0.52838098136262501292 0.28975680038347179091 0.79803166300959393897
-2.9469733851930031143 0.18800252990965288236 -0.85739465927258440292 -0.58610662154551207426 0.0041573562828400977692 0.81022326834592250933 -0.62239811202209849306 0.63792629363930475339 -0.45350924360462913087 -0.51874812609949394471 -0.77008620314371656335 -0.37130529405859502567
-0.31464033505422439596 -4.4997907643332970551 -1.0548088896895433386 -0.88420957836261171447 0.0088110384304252772208 -0.46700726668171116396 -0.37191766242504326057 0.59158777494709313682 0.71533289936184640823 0.28257861544720602742 0.80619245229340819048 -0.51981059623385628132
5.3383755262035705869 -5.8552756286604790148 -5.976545894298216588 0.99372088159683702457 -0.0086643130399887170745 0.11155150899003517251 -0.092056871136549561774 -0.62999083238911024463 0.77112715137150411593 0.063595140969801913777 -0.77655423557238512089 -0.6268326549086106203
-4.3417275249592277575 1.9136133929531862208 -2.4368172830323593381 0.99143347574044926596 0.0096532944551737786404 0.13025543016435647825 0.13033620081110094957 -0.0082699958876478879555 -0.99143536447205971029 -0.0084934056347538786774 0.99991920727329886009 -0.0094573244918612735244
3.0101248166545548912 -1.9982903152051423312 -5.8825702873798313419 -0.9136390194045321822 -0.0096223080743020553834 0.4064125409099557662 -0.14918370532530195183 0.93790740851082565754 -0.31316755120235129084 -0.37816393837459827409 -0.34675222313342868308 -0.85834429657628263932
-0.58419798019112234577 -7.4440561970610668041 -4.7789418610743688021 0.99887487661350915502 0.011614224567749539471 -0.045979241599610823354 -0.043554782024755427094 0.60822488834100618682 -0.79256890310257355203 0.018760645861931088407 0.79367978113993120637 0.60804641531431824486
0.17190334698352571774 -0.71478588828203593053 -5.0502719846511645585 0.38952950377924799863 0.011020504342509033699 -0.92094805183004802007 -0.025219264002113911394 -0.9994258504531619014 -0.022626492640881831764 -0.92066864528374592336 0.032039318502015343149 -0.38902792658272528081
-3.6224591755249289093 2.572058861608984337 1.2319694971192802768 0.7364735010976511953 -0.012019550902972107181 -0.67635960300494635256 0.25023399289585579464 -0.92407896553301527298 0.28889619979988906406 -0.6284820848523355874 -0.38201255981383325233 -0.6775519708215455017
5.2525321085913114771 -1.2080110781527939601 2.2364522896394283258 -0.99334423648074410274 -0.0079658239893689516964 0.1149076738021079791 0.062092587242611588239 0.80320770963812615495 0.59245412125112784096 -0.09701411474608458152 0.5956458014844510096 -0.79736713044493279234
4.5255526872379725489 -2.2242026368480862786 6.5620065530880458127 0.97728225379390321059 0.0011620281927437461564 0.21193877915569703241 0.091500875306929199682 -0.90430448029125654053 -0.41696642160161034862 0.19117266080066822043 0.42688646806342578355 -0.88386704721162967502
3.5102950210110459572 7.0462830110704528508 -2.7799728439999009666 -0.99092101109015706673 -0.00048879523948470050138 0.1344444526913499971 -0.12843439974516165925 0.29910742481438379325 -0.94553654259532093906 -0.039751160264310886339 -0.95421931939159254643 -0.29645460994477612626
4.1189944692241304836 0.065857186304468240401 3.1312161268525140478 -0.98506200325149273489 -0.0029269668392078122127 0.17217515098081861979 0.045731238947289226671 -0.96839877470265101067 0.24517843897609695181 0.16601657608349981721 0.24938974722215409563 0.95406669077482075814
-3.8797525724384058776 4.3709258134518362837 -6.1768948916827692841 -0.99124733241241502757 0.0032116741624200295484 0.13197882835623539477 0.0095597010788816324384 -0.99533341899809624209 0.096020816184546067817 0.13167132603757980558 0.096442056046861582286 0.98659089379790054775
1.1306446121492961243 0.025926572544902437567 3.6798810450259109572 0.99921389072998201275 -0.0028572826137854916671 -0.039540314974074300403 0.005413059179800620152 0.99789124546837404406 0.064681999102756779219 0.039272119404199549997 -0.064845186048617220465 0.99712226054983588153
5.0603563449346742331 -3.1646037937964153208 5.6443782975816141345 -0.26178112259830405018 -0.011890883031209154713 -0.96505401442200200446 0.54399282647028635029 0.82413392408999697203 -0.15771835629678512825 0.79720916239090622302 -0.56627014936762454234 -0.20927414875023822582
-4.6731706082443276173 5.9713712878130928985 -4.1976673787537661653 0.98193315702069439155 -0.0074959192475837124053 -0.18907957673424907741 0.18690750999998448356 0.19442780483070132291 0.96294517570543125551 0.029544167765828924233 -0.98088818929757282117 0.19231615181173156159
-0.93149564454895794618 -6.3421334932352921854 -5.0656408584087460056 -0.99042019783332313487 -0.012801782077179248501 0.13749162192466279908 0.1247264868877233368 0.34432955529245873327 0.93052698016804469283 -0.059254832650853968279 0.93876156276646505194 -0.33943422496818537182
3.9205132786250094235 -2.6889148204114268204 4.2625748342850391381 0.9259004580247877092 0.0021539691192853142009 -0.37776143562650404961 -0.33446960060012148608 -0.46017740934454853807 -0.82241524682070143992 -0.17560873584182343232 0.88782437021409199573 -0.4253580368937796008
-2.5076594202117643562 -5.1896322409086943495 5.618721596029694787 0.99979644415725754669 0.0046900539548979745114 -0.019623293416698293912 0.019775545211882246399 -0.034984316079591189219 0.99919218643870300056 0.0039997577663336914347 -0.9993768563571691077 -0.035069943191704949781
6.1567284740245211694 3.6233296995760806425 -2.9758286802763245227 -0.24605447697249244188 -0.0099020994170230195591 0.96920541826222705861 -0.96888485352177067256 -0.025156922742658033992 -0.24623011565260211064 0.026820420913631411175 -0.99963447202732391705 -0.0034040206755146153877
1.1025063632563858462 -0.70859696917471315381 -1.7700449970865075322 0.72715794724946636318 0.0075124520204232700382 -0.68642908068968866431 -0.26093200811118766325 -0.92186241818693159811 -0.28650334915615660591 -0.63494551490265249694 0.38744450570277844115 -0.66837934446367797126
2.941907698181369657 3.3881004674088490702 -4.0979574531121283343 -0.99130051897352888801 -0.0064940438171901745945 -0.13145762997067270139 -0.068606141061824374439 -0.82686835573939854171 0.55819523438070817178 -0.1123230986538269055 0.56235802623557962221 0.81922949888114271477
0.67614840075193050062 1.5168370242527391412 4.4837733331417171101 -0.95930522223710090746 0.00058550584210490951194 0.2823705858824399062 -0.27565411814088819353 0.21487635945028293882 -0.93693273894196893448 -0.061223343102598436205 -0.9766410841923293118 -0.20597061665936594599
1.1873730014892722728 7.3838458732724623346 -1.7702613898473029685 -0.9567122002770900302 -0.010867464856539336276 0.29083270801038485498 0.21523864815147347729 -0.6990403562182663233 0.68192001343290897797 0.19589305802653481092 0.71499963537468946839 0.67111953572451077399
-0.91765065550191760035 7.1659981256089562152 -2.802744432731423263 0.89235562890612041276 -0.0040791112837456847823 0.45131451606474914939 0.11830203351334447892 0.9671106742202121298 -0.22517009720610015044 -0.43555259203251056599 0.25432322870774626278 0.86348922107541814519
1.2101357151021869818 -6.4957498774915443107 -3.9517948903589950049 -0.91682567713536000653 0.0044041204639260738557 -0.39926342365454858818 -0.39343530982895963399 0.16061072858481370562 0.90521425687146161998 0.06811266200331275722 0.98700800279758593714 -0.14551930349075234417
7.1106197584099044562 1.4586972715107346943 1.9025940844360640369 0.99613822888904546282 -0.001092961032462811885 0.087791994976571280374 -0.076763039060174231842 -0.49617879621043786686 0.86482023451428535754 0.042615311567997325726 -0.86821967705605618271 -0.49434656627978146304
5.3838007880114284731 7.0301719276490404198 7.5053123426363166359 -0.90980490770946675916 -0.003596937988256302017 -0.41502059219370657228 -0.28213271795841499134 0.73874980074675211661 0.61208648192388004361 0.30439474266996779939 0.67397017288130767199 -0.67313300817979038193
-1.8754951833653823456 3.5418754190407275573 -5.9347081898844322723 0.81464679082609869898 0.00055525198523539423187 0.57995715177236673021 0.41002386103651261573 -0.70777503386037188271 -0.57526944541204760863 0.410159773231698499 0.70643767817074387683 -0.57681432652403574757
5.039002978358253948 -1.7917235306691381425 4.1771222860787018405 0.95719489984900130164 0.006147702121491200461 -0.28937886837438175913 0.10499911129802952381 0.92429679185271851338 0.36694771725323921396 0.26972784492825824243 -0.38162500747378141908 0.88408667184891043256
5.1890236601314505549 6.1016060452373261924 -4.2195052200278206911 -0.99049248619444407726 -0.0012637271735900085495 0.13756103294888916144 0.042723267816600199454 -0.95333825776860314782 0.29886600452689893181 0.13076451039717829072 0.30190158871462369206 0.94432837167599015249
6.9016148107809360823 6.6694373453609889779 3.3768966727665703509 0.83873766790732140475 0.0034115638795837559261 -0.54452500921929236632 0.54426961954500530094 -0.03650893322400766694 0.83811555231671108768 -0.017020742455206513272 -0.99932750338748665975 -0.032478228084871385573
-3.5417403862985916696 -6.3829821656458562984 5.8213996346419794037 0.98924574615834504066 0.003486118950185314834 -0.14622140979438441599 0.12006000420839053888 0.55162682494990289417 0.82540501657372744582 0.083537112094395113426 -0.83408374457868894591 0.54527594659274947198
0.26945574206328232192 -0.20534452680445816619 -3.595660990090157938 0.89794236765340784689 -0.0048892147474599231827 -0.44008590065136210523 -0.17316966973376171635 -0.92320721884387446643 -0.34307535113871939769 -0.40461311132648286604 0.38427142315538337369 -0.8298335396264640007
2.8661519173609564248 5.4549841697553063113 0.84794052256237339993 0.99529253819451479757 -0.0048607277556003648453 0.096794301174972605106 0.085793231386549165252 -0.42037861608836496474 -0.90328364348298229025 0.045080870250205497263 0.90733576610939370433 -0.41798268226832108185
0.13047140368775300701 -2.9046358645809498 2.084527811975739553 -0.98542064568400866698 0.0031762226142821722505 -0.17010603360670334405 -0.076586928667208564736 -0.90107755489629226542 0.426841519090378263 -0.15192298514981117386 0.43364634400857432484 0.88818368309206774391
-4.4886378682179648436 -2.4795374960999696512 -7.0818536507924214618 0.98864258348211975225 -0.0055337876702066420009 -0.15018395160532030386 -0.11242428610648018406 -0.69040265031739023183 -0.71463624336309283791 -0.099732752991271739207 0.72340414543228603872 -0.68318359198105760299
-1.7758283161610637357 5.3907734404158196284 0.78428672510649155569 -0.97372127344930325954 0.00050558873972673295041 -0.22774245544547469522 -0.019883244753451156939 0.99599039469639860656 0.087222647578887535502 0.22687339687672897215 0.089458806456453029976 -0.96980698272233545332
-2.2031625241729480003 -0.73068686564573770426 4.571987289604156679 -0.94588808939575486079 0.00043085646344471893081 -0.32449273751786661402 -0.3243946963088518709 -0.025871468759516260544 0.94556795002306592846 -0.0079876996584726835116 0.99966518468288767529 0.024611281706416673898
2.154239743133795848 -4.3253422507830991961 6.8240999346406088222 0.92059836207203937786 0.013654905184705277282 -0.39027195558326638336 -0.015135635089841052714 -0.99738988708898501656 -0.070599756961514020803 -0.3902173347005785109 0.070901034526989800688 -0.91798882073924292779
-4.6301915549343863887 4.5925456825944852568 6.8768184824236122665 -0.90089536094172351088 -0.0057053676920849859255 0.43399884494444518346 0.21319060678769014006 0.86516535162066465769 0.45391483731255766187 -0.37807051433711996724 0.50145424829641183084 -0.77820712092232335877
-0.68594746657157890102 4.9478046271173008464 3.0677120663304346948 0.93991282448471824562 -0.0028492728703157191479 0.34140264207116793882 -0.28504784038556357784 -0.55692773340690626682 0.78011488157443809044 0.18791383946006698369 -0.83055606758759958907 -0.52427569801871065636
-2.1190989667191999501 -5.8853200056768431025 -7.3104468060835854359 0.98633124966110141685 -0.020042390036962915573 0.16355111905383901139 0.13723549886836192147 -0.44944059787150364427 -0.88270582123108287664 0.091198047087105882369 0.89308535515176235009 -0.44054677915175333158
-0.21556922983263504534 -1.6095218977210015154 -0.068626286039249931314 -0.91808192491774220922 0.013620492499618597898 -0.39615661211602165581 -0.13789302772204889425 -0.94796269774863695101 0.28697079395418528813 -0.37163300720585068504 0.31808993360548043494 0.87218558924926437026
1.7725613881473132327 -6.3827332338962357028 -1.2931985569407553616 0.88437303656492705084 -4.0970317765434173529e-05 -0.46678081635650836567 0.44409377190937582291 -0.30789392007772564686 0.84141669565704513278 -0.14375344847444557206 -0.95142069154528330355 -0.27227488637612512479
-4.7572830120368649887 -3.5048380778128236379 -5.0466885095914335579 0.99158417641351970229 0.0062125029177373183864 -0.12931444580459547367 -0.12760508487968130753 0.2155386394354735502 -0.96812191237630962348 0.021857799502678069981 0.97647554998469554555 0.21451745123201754195
-7.0328699298746890634 0.032972346066038611678 -3.1432390981174584965 -0.9757410635346469574 0.0041205112666840883195 -0.21888900913298497963 0.07739260980950821156 0.94175807382822196434 -0.32726459375597860557 0.20479199417753199408 -0.33626589444408766516 -0.91923092167006159592
2.0115411682040305053 4.5203242285839957404 -0.21386836638354173035 -0.44275633623496868374 -0.0096485560984014596964 0.89659005799139535053 0.74742058484717099898 -0.55634201979721786824 0.36310608140688477308 0.49530727439695232395 0.83089738378045563394 0.25353548382091606328
3.9612378692662022495 -6.5385921563287405789 -1.9673692290581783482 -0.67223268599846630611 0.010133109686188017384 0.74027058293804293143 0.36257766171309802061 0.87629024306633496177 0.31725833185807883474 -0.64547707558203337719 0.48167699757697263196 -0.59274498302662814719
5.4099255215131130115 7.2421723162789186645 6.3101792022169664875 0.99748044976231908798 0.0029933467391314700322 0.070878714838084957983 -0.0017094621824550741869 0.99983349490973572049 -0.018167558878128247518 -0.070921294974450141413 0.018000620318272812781 0.99731948120314983797
4.1507709628531515023 -3.3675650917219930314 -4.9907428896630747772 -0.86570606067795208283 0.0016619165713058787343 0.50054995209148867019 -0.23936825600576353001 -0.87961633524949278673 -0.41106926518403863469 0.43960875164427992701 -0.47568092330409439406 0.76188700256818675527
3.4194167776047499352 1.8551465630056549472 3.715688527220355919 0.9180267337358094526 -0.0012238055131849013765 -0.39651660551152861922 -0.32761058855201319329 0.56100733389106416382 -0.7602250151035546688 0.22337909126627225609 0.82780992602201597386 0.51461879868942583816
6.641847844040968063 2.5448464573822833223 -3.1410419786260659336 -0.95257417231665664215 -0.003564790078018352168 0.30428561994756037068 -0.10178811399615078637 0.9460664622638792487 -0.30756695015644663904 -0.28677800836936395701 -0.32395299234780094988 -0.90156133050640008264
-7.0942036836359498864 -6.4538014121133766565 -5.6318041099864997179 -0.99068229142200137094 -0.0034784447356003599452 -0.13614880787272090612 0.066476806430405877002 0.86014902208843446729 -0.50569209407229920306 0.11886728595266199404 -0.51003094045622632269 -0.85190316826952550144
-6.2487028756299354271 5.5467804163102512049 6.9226514984758447113 0.83408192592823771072 0.0016313216626935335418 0.55163817818341120969 0.2100504171465127079 0.92372487227158095457 -0.32032980286468087927 -0.51008446662925421844 0.38305312834702975877 0.77011956069640097322
-0.21953903716262923584 1.0271530691027608295 3.5357799716066069529 0.99319000971966142632 6.4160274653306779979e-05 0.11650579589245893541 -0.11538207653019653953 -0.13801380468443952276 0.98368651822210473323 0.016142521756090912055 -0.9904303032521168948 -0.13706652907023594845
3.6177526712657233077 -3.5527982110556894924 -3.1805421671500084813 -0.65580543664281676364 -0.012008069993981504431 0.7548344424606640013 0.62043160403040520379 0.56107341669941290796 0.54796098929894643259 -0.43009749358722199064 0.82767893976363404729 -0.36050481089950187075
4.1752037317282892914 -3.4518137326953914901 -6.2426405381382021886 0.77314381840913903865 -0.0073064122375582803148 -0.63418865678593350221 -0.464685418945657569 -0.68705855440478602603 -0.55858571789702193833 -0.43164348422624204682 0.72656531651285860551 -0.53459025745469479496
5.9510640479873808673 2.1001088753321819347 1.0226533074034231952 0.96593222677897394579 0.014161470983268331994 -0.25840740316244009689 -0.1937525920144392011 -0.62237552324186262709 -0.75835917687929288444 -0.17156592423111824419 0.78259067257983783161 -0.59842875334805578635
6.6812907996926522713 -1.6728538849520648846 -4.7685972512047367644 -0.82094265772447161389 -0.012881609729157760674 0.57086532287317792722 0.57085186200179371951 -0.042089630644048879604 0.81997354508628195191 0.013464931391146057679 0.99903079388130944238 0.041906664143028946046
-6.0173419096114546534 -7.1184911211881782833 -6.2292880438046696057 -0.94801786363841900052 -0.0014040201017654261283 -0.31821401438335988887 -0.011320001766660378953 0.99950614125686931821 0.029314350579795669244 0.31801570367267201211 0.031392711215595135721 -0.9475655702377852041
0.78776218161513833493 5.2612439691833206012 -6.7820922372825842572 -0.83672460259172276587 0.005107101090768610685 -0.54760008851009023267 -0.50923353700389029086 -0.37506155518940414995 0.77460314652694106652 -0.20142776424390851364 0.92698583987965210707 0.31642393786557260205
-5.0372550425867510526 -5.4704246362672819259 -1.9706371744375494881 -0.88001818752387417355 0.0017732545516934371775 -0.47493667493211783048 0.34061118723298383637 0.699253078658698346 -0.62851344545530019037 0.3309864177862520962 -0.714872007812996757 -0.61595941723983937965
-7.2140317675492990901 -5.424747102513924446 7.4532067600738747259 0.8611882870913445398 -0.0073066086435719084652 0.50823355619915400183 0.34758748176857973133 -0.72108884588840771457 -0.59934449096761144293 0.37086072411953480144 0.69280407750351458152 -0.618453582332598506
-5.4186703213013389657 1.1226504220032031967 3.5387418448315215436 0.82572805136123883507 0.0027321348156625602753 -0.56406180568674924025 -0.16104634909838769219 0.95950682001864584514 -0.23110762813005414351 0.54058973227145012963 0.28167214590219585846 0.79273169709906488034
3.700919469856683186 0.57277897448309156303 -7.0515864524546660874 -0.048233133825388033178 0.0020249012804511678891 0.99883405257135182698 0.83557662415721789539 0.54797083325467221826 0.039238642486704333745 -0.54725247369324869773 0.83649498843499725531 -0.028122310708952782954
6.4953571795545359535 1.5157466361716402936 5.7303114465740110361 -0.9809495992719795554 0.0005338325920908686649 -0.19426167586750101024 0.12866338684588865537 0.75100585850515055863 -0.64763873677866512502 0.1455459259939395622 -0.66029532446753758101 -0.73676758066085312748
-1.5441216356998685999 2.9154137927700647381 -1.7487834010631573278 0.99852805933524635407 0.0014394431730937184977 0.054218472161972029733 -0.035274381351909543658 0.77658686262115494969 0.62902190965376070242 -0.04119991189879660537 -0.63000854978929565764 0.77549454830575947906
-6.6759104163079889815 -2.9670315485934453115 -6.5349246380096852604 0.97994839373498598967 0.00070708116332517285951 0.19925020866388615248 -0.19755404442626539607 -0.12680250524423977709 0.97205633797365853521 0.025952748355316530848 -0.99192773159146130357 -0.12412022459211721759
