1125 14.717824617146108679 14.977075390850430381 15.033177056927090831
-4.468240226483465527 3.4047390988155803448 7.4254954634178966799 0.86677963533838253696 0.00010001775634468045018 -0.49869134117114255478 0.34026483192876294526 0.73093921820673746215 0.59156377799850790034 0.36457222592394189498 -0.6824425611607893849 0.63352919648673144959
-5.6029797677327701777 -4.6082521186238620814 -5.5252757706405786209 -0.9081618569779742467 -0.008646115329688699308 0.41852991078296442051 -0.41397824650344378083 -0.12991096609932112349 -0.90096900740758334436 0.062161506997819832021 -0.99148796542222195072 0.1144008805512896354
0.68950882736519636396 3.5404282224028649217 -3.4026864144005593005 0.99985926288609994206 0.00012764699451295064697 -0.01677611775772400865 -0.013943782720583271922 -0.54971731382599253735 -0.83523436579405996305 -0.0093287375466870048335 0.83535073986095764731 -0.54963816831588152567
0.29720275307342547411 5.5480732433026211936 -7.3296178846953798924 -0.96812115491503480946 -0.012481262359802996337 0.25017123634794419251 -0.21731664001168018996 -0.45480512277853352154 -0.86366994753107761973 0.12455885107028907832 -0.8905035195799974046 0.43759407472643169212
3.9730047537931976187 -1.8800896264618078835 5.687282728992198777 0.9997954783541637136 -0.0024644595659658007081 -0.020073064082712404471 -0.0065512740397900264683 -0.9784941388629687653 -0.20617056293091148844 -0.019133276537942951745 0.20625990073162631111 -0.97831016098119660818
-3.0568587610766848606 -3.6230336315781901391 1.042954057228780318 -0.93632170555594729233 -0.0031121001061631572808 0.3511295751395716036 0.15966624887204922123 0.8868343890928730433 0.43362593936867754874 -0.31274326959333004217 0.46207692125358612589 -0.82986539039102491522
2.7158919082102590536 0.99366797863892819542 -3.6717901483325490197 0.72435932768973210205 0.0043167176581428521459 -0.68940911680763206082 0.67472312260057254463 -0.20983276296152181262 0.70761495137961683 -0.14160604583486091634 -0.97772776248641468655 -0.15490690832384396147
7.3423168689400490905 -6.4101614062441827357 -6.9540353026618175747 -0.86120193124119637229 -0.0029530814981303882619 0.50825437817712126876 0.42157042833651381386 0.55444548896471379518 0.71754342984861807508 -0.28391831145358586985 0.83221480344694920284 -0.47624459403222385578
5.8186962343193791014 2.1650730324213700584 4.5511277276272901204 0.65299627960757233858 -0.00069436549646012795528 -0.7573607968962797754 0.074854096418757010145 -0.99504420528522441458 0.065451461234373786713 -0.75365291949810553351 -0.099431118795565334723 -0.64970818799441509839
2.084403760424720975 -6.8710051860433534188 -3.2845288088965327589 -0.85873996212721470656 0.0078606166044376743485 0.51235133273204147564 -0.43413053290991571176 0.52000271233545980465 -0.735613933771815387 -0.27220646179165469691 -0.85412843874354893448 -0.44313457582147303127
3.8206590948403866825 -4.6053469544739096264 -3.9661061581228320705 -0.63912020121603052569 0.0039583299161099743529 0.76909667794226965754 0.74361207639544935066 0.25851649180413577289 0.61661195520701805872 -0.19638342149091256306 0.96599873451757911624 -0.16816657418747363306
5.1072198987395083236 -4.5627387160465930904 2.749452940481298846 0.97630552876393839057 -0.0003662550957745762132 -0.2163963501590598637 -0.17890618519742787496 0.5612008810315404217 -0.8081127075026913742 0.12173779775834420169 0.82767954969689205846 0.54783799759632778592
-4.5601915542403421711 6.8039581833091782315 0.76345453934787599337 -0.94620411218881561588 -0.00011738549032966859309 0.32357033902646331613 -0.25782024083841514894 -0.60397211255186911139 -0.7541527767460618481 0.19551598781443951802 -0.79700544131163020278 0.57145063218847480524
5.8198532012533563673 -6.3256853127681331728 -7.2844784935095603373 0.84324726361972712763 -0.0088215609277130166421 -0.53745347004248567035 -0.45978231933822771849 -0.52978871741634825376 -0.71268796378388288293 -0.27844976426979944906 0.84808377826803982291 -0.45079888400138851123
5.0107101349465699158 -2.4392360099161876086 -7.3069739776239721607 0.99393298823992293212 0.0076405608065915385854 -0.10972163286724223585 0.108906068204871323 -0.20790477890441391717 0.97206742112718047544 -0.015384511583136906837 -0.97811922828413322417 -0.20747552160214322026
1.0022182102172862983 1.7769282770615417721 -6.5655334136477492279 0.85799395301076375464 0.002296690781751632715 -0.51365465227963369443 0.40750392192938855729 -0.61182362919001065382 0.6779471958617960814 -0.31270901843285370258 -0.79099087983115135003 -0.52587688465508009017
6.3538171878400433457 -2.2355301267927401021 5.4425015485276428961 -0.70449930026868912147 -0.0020438467231071147552 0.70970173919155032927 0.14106252866313459537 -0.98044692526557442047 0.13720491880558075004 0.69554446222231458563 0.19677309121893746258 0.69101248298720685526
6.8999339876385521464 -1.7294259661900484026 2.3807911435775510611 0.83505282151394810697 -0.0050846017948834535544 -0.55014628246158570057 -0.16819225869875811807 -0.95444339778646247741 -0.2464734560470258351 -0.52383026773518048813 0.29834870076237485215 -0.79786584295739659822
3.1887843613969990564 -5.3543225903537612353 5.2648766957091792662 0.96424136341934285621 0.0013463763040177734523 -0.26502222612815068414 0.2521991839832137261 -0.31198766211288259109 0.91600178508973018054 -0.081450381639799021571 -0.95008519931648172108 -0.30117096369096396646
-6.7117609802733211311 3.625447239264860233 4.8031414428576990616 0.87983970619992257767 0.006191779266067198341 -0.47523021080666877358 -0.43742841846763164115 -0.38044752816635096782 -0.81481044239062250245 -0.18584528541441863725 0.92478177976314135389 -0.33202438119453120402
3.0909582114354052784 3.8468652231640780847 4.1856872348672560236 0.98548718555499303928 0.0026564305223238356482 -0.16972905020594697412 0.015654072338154884081 -0.99703905552077032315 0.075286597647580749681 -0.16902649829588164976 -0.076850928055501352421 -0.98261079666916451014
4.1643607445204393613 -3.7302722729632793452 3.9019715284485205764 -0.90325795846437284542 0.0033139900533586787515 0.42908516397136353682 -0.33790130638784438011 -0.62182936981384107078 -0.70650615140875183684 0.26447640275038258872 -0.78314574142164339321 0.56279212865962924273
6.105446259642448581 -4.0945832263433823428 5.5601313996740424628 -0.62694476563766110555 0.0016916813058367051372 0.77906187113343072781 0.48402239647637523845 -0.78273519937888647036 0.39121340386356984187 0.61046095743204886741 0.62235258966894346777 0.4899129244911956671
-6.1761094067540467378 3.3612604639269969553 -2.9116110906594605545 -0.98009259218853328477 0.0074609997746685639483 -0.19840071627805924703 0.080798389014067412139 -0.89781161642209450502 -0.43290405605660764454 -0.18135636484559228276 -0.44031651672394023223 0.87933567767385556468
3.1750554048020434017 -1.1427090354174196385 0.64020874710021424825 0.86024346030449305722 -0.0024386379830004870084 -0.50987767361207669836 -0.2986154090310383924 -0.81296132113123409368 -0.49992272186176056614 -0.41329169661690834392 0.58231258220079762378 -0.70007287486247227193
-3.5636347718850696076 6.5262838373619631582 5.9419749213288328704 0.99507554299174139079 0.0026719793714807971857 -0.099083420741529065756 0.052057324528121791396 0.83658272565544289368 0.54536169474745888053 0.08434867338957677263 -0.54783410231664220191 0.83232391389188542519
-6.0508991074356748285 2.9377526326495635445 2.1349368404224602358 0.99127410858213305112 -0.0030217541238989819793 0.13178205741646190075 0.13170854154477965037 0.063195544613493442876 -0.98927204712616678695 -0.0053387020006319049759 0.99799658924421230655 0.06304209798167051404
-6.3130957362785817821 -0.72623711702874060858 -3.9098173278404275699 -0.9983537642400929224 -0.0077663181268207400268 -0.056828212449985759935 0.028803739010079619509 0.78890756895029112705 -0.61383645401025166422 0.049599456111416105608 -0.6144627994888252065 -0.78738514209876964145
7.3293597694068060022 6.2726999148175632826 2.6202321057795958659 0.91165759478689489814 -0.0047025973041150423773 -0.41092373434263984588 -0.4029854612209410325 0.18568814427163241043 -0.89617109478124568067 0.080517997441622496391 0.9825974753965095454 0.16738892864361359925
7.2918515037454421091 -4.8074984227712596052 1.6471866029519568464 -0.99844297902145373591 0.010291370729276895155 0.054824313321566009449 -0.055327436792777212604 -0.057506438305135611222 -0.99681085682854808638 -0.0071057990829638860777 -0.99829209014295428037 0.057986294737829034707
5.3420001158123913143 4.0156717790937559442 4.1943366074880392702 -0.77176401690509388587 -0.0020878749726411516274 -0.63590560855252264982 -0.58591535619200574292 -0.38632059974802401836 0.7123619793255844268 -0.24715075882724282796 0.9223622037943121077 0.29692501986636571365
0.31009586732994293135 -2.7374798215403353119 -2.5932975132093569748 -0.66837811417146586468 -0.011435013897088775608 -0.74373378096869258158 0.40546357092064211347 0.83266529210491846413 -0.37718404523540255413 0.62359441077751143201 -0.55365851549585509694 -0.5518987761048337326
-1.8024328470750989872 -6.4260246342904991934 3.4993040221897770969 0.99842096048743766978 0.0049230958042079490944 -0.055958455904089612898 0.046011173238808059094 0.49981035315373689709 0.8649118930951968931 0.032226659719221228961 -0.86612087724990893811 0.49879461544341907597
1.8831564080432887653 3.6839917872114127384 -6.8629728640074105783 -0.72115011279868412863 -0.0035793416302311179336 0.69276958876962435596 -0.29763849007946818759 -0.90139225222863506026 -0.31448900910122784547 0.62558280349902672945 -0.43298867876164065516 0.64897377453221660737
-2.9288680907985260582 -4.0109728871886956014 -3.8619291323565807517 0.87958769160207772586 0.0093286678571597829446 -0.47564531821329159023 0.35227321076679313228 0.65917843450896107527 0.66436990935350326293 0.31973282245999934403 -0.75192869837131548483 0.57651899778534587693
3.0952383172685249413 2.6536920675019706195 -1.3986021924238136727 -0.99607189317674837969 -7.5888848657241787105e-05 -0.08854816691475332624 -0.084577166857290719815 -0.2952940084327449477 0.95165547937791217237 -0.026219963186279959116 0.95540642808408482445 0.29412764355956622087
5.1514766343982856256 -5.7852481791641663378 4.9072929338646176234 0.3534404522084661493 0.0028624698223404486386 -0.93545264605387612455 0.007189553378719843249 0.99995747160898484918 0.0057762700295757845453 0.93542939715663142586 -0.0087670542234214669103 0.35340484107513070455
-1.0782328243514782695 7.3314194677388204724 -6.1257724244793463342 0.92379682726852530017 -0.0094097797290151816152 -0.38276739408423837707 0.27112161196939221774 0.72196967372716747136 0.63659473901488461411 0.27035623434961064682 -0.69186071305127117004 0.66950448862164657626
0.60121992169788807114 5.9884399039376843277 -5.0722922562689998216 -0.97755134176763425202 -0.0055599364556335332047 0.21062398086373451678 0.16156500241185359212 0.62186913144943789522 0.76627379789868688142 -0.13524098566607850591 0.78310144327334962888 -0.60701071270540407632
-6.2722282765544958849 -6.1590127140447670229 -6.0122419210869786355 -0.99535950764992731088 -0.0084608822551176035565 0.095853346329150532212 -0.0439087488471661333 -0.84643961971200576411 -0.53067126543316456289 0.085624017107901892465 -0.53241748999565752243 0.84214021637797309427
-6.1331565992802783427 -3.9111721864049844299 -6.3509218599857364396 -0.9999852538515044964 -0.0028528658221175246662 0.0046209562063750878741 -0.0049165944859645045739 0.11422413604501087392 -0.99344283873973759924 0.0023063343904547589647 -0.99345090865187146711 -0.11423647806327574816
-7.0937191900775351527 -5.761970012013376774 1.9071765484964908755 0.59045895527719205464 -0.0049930285044319858145 -0.80705222371249929481 -0.7493236122807027666 -0.37483681347124236938 -0.54590428405113022858 -0.29978716819035888808 0.92707736081365188507 -0.22506714743681019431
3.1346026800066959517 6.6533181069996594204 -7.3825341823593904067 0.75825075144111742098 0.0010929274502183986342 -0.65196211810858861746 -0.6457979113710147212 0.13845609044646331465 -0.75084949802669731511 0.08944750196512617213 0.99036797026557765733 0.10569024488730180411
-2.238348569957588019 -3.7523193219253676567 5.4206732033409616989 -0.99647443034457239275 -0.007496307975564655765 -0.083561444675404994431 0.041802106171128144974 -0.90792535824273989942 -0.4170421175127181912 -0.072741278440546064399 -0.41906485086032529974 0.90503776561211646268
-0.37858486383212247572 -3.9582207955928545573 -3.8691737788801634501 0.99495680624907256728 -0.0001300201518599219952 0.10030422121438885286 -0.0011363736375632768963 0.99992037020735857755 0.01256828943275582755 -0.10029786814096780523 -0.012618888186829067821 0.99487743029346242807
6.1617794193914381395 4.1325044473773937526 -1.1209983554153626351 -0.98616908946522507939 0.00013154051040611958179 -0.16574229900825948603 -0.13477062665013861409 -0.58271373338381415863 0.80142472080560289704 -0.096474894017955420411 0.81267748069148004753 0.57467199966697202207
2.2537637636240517303 6.5549691970420402853 1.3353066485006601649 -0.99627750571058604212 0.0050402272726358518171 0.086056537951368000661 -0.058691343604917754762 0.69151725724986745636 -0.71997167243681892135 -0.063138401951456216143 -0.72234235583593020547 -0.68864727049798224456
3.8306503397695417235 -0.49319029538919673117 -0.9403190358292053963 -0.53711907324350571802 0.015881960033592008169 0.84335690220900016989 -0.087982390166677054699 -0.99542385292145574294 -0.037288765808457906281 0.83890535829654444555 -0.094229063353335293374 0.53605847016988084075
-3.6350351456167513398 3.4614222654652708755 3.8951499588891240755 -0.98750049740005807486 -0.0095650839080469937659 0.1573253851239923562 0.10346739726684817118 -0.79231626245939690278 0.60127318079650571292 0.11890023270549016088 0.61003561323259758442 0.78340237761346642742
-6.1730700803374176644 3.7573461634656886154 2.7368896463319036805 -0.99122009685111978072 -0.00053961514243239814062 0.13222113452086220464 -0.1216140045747566012 -0.38873455292569253361 -0.91328827938010259668 0.051891747800248494427 -0.92134963839850536615 0.38525587644198538984
2.7941451368166063673 0.97782649830013368408 4.5378486552111869656 -0.9998394893085627011 0.0059952002428130257705 -0.016883518382162739091 0.014369577198629343573 0.83117887155968495083 -0.55581939397963686655 0.010700975191135969622 -0.55597278804526273355 -0.83113160695713306225
5.5762705609140761354 3.1342441687543254325 5.1990213264376103908 -0.7146979529263981501 0.0022818374514277329698 0.69942950273838233599 -0.50875598734414273494 -0.68792383307111704127 -0.51761775977492829881 0.47997310489690886426 -0.72577930055269734844 0.49281865373066541247
-7.2168099474750482258 -2.5955623982782798365 3.8032011334622732868 -0.99585663169604587974 -0.010159181660637416067 -0.090367915407298840536 0.080928117582686504017 0.35422505972316181699 -0.93165189145345006505 0.041475401041949327974 -0.93510501981978877417 -0.35193521139023353772
1.8501536788386385712 -0.14768668813408630802 -0.14526407316658040969 -0.63667500568053236876 0.012748187833430627697 0.77102686130151143473 -0.37377100456897593972 0.86945693405446222712 -0.32301683542544229466 -0.67449253019231558692 -0.49384423002768573774 -0.5487965954551323744
-1.5946105024808581163 -3.0945242594146744608 0.17275722482521907453 -0.91848548523916428987 0.0049151094185928018848 -0.39542414582855633931 0.2410602219076994901 -0.78570651318761164372 -0.56969750267004126698 -0.31348745241025616215 -0.61857991952046276207 0.72047519065360099422
1.7614398610248451771 -1.9472684037107717003 -1.5007442159364461354 -0.7303948360631788983 -0.0034248996711002208798 0.68301658363056771961 -0.63340206398135923127 0.37759156311030883657 -0.67544536182583592154 -0.25558796684578449776 -0.92596591812557382806 -0.27796026635741793998
-6.8032253757164671271 2.9800857040218455829 7.4329013295995851607 0.98699974321468941785 0.011892396763096887286 0.1602812459186981342 0.00032200983272275170155 0.99711038942012109043 -0.075965568647648390455 -0.16072150821741587601 0.075029608885596538181 0.98414386884582694126
-6.8517215578226347006 5.41349217183939313 4.1790944848444366855 -0.9745882378897401388 -0.0067872445222970593376 0.22390109396543123044 -0.17352261870733934335 0.65498589370033233337 -0.73544774107383548145 -0.14166039447937192608 -0.75561062218933128243 -0.63951928842725469515
-1.8046824330593413954 5.8381524973520813049 5.4137015451619916462 0.91602146053354660538 0.0082719694464020304681 0.40104396063702646424 0.17592705392355612037 -0.90678604209102831035 -0.38313019401595144187 0.36049182451175537656 0.42150996238580290543 -0.83209073788259380056
-4.9922753888054769433 -0.17983156177830772471 0.35423583481599002498 0.94130211824122755893 -0.0067985354422386394535 -0.3374968179261687018 0.097302444717961095177 -0.95189710857531351085 0.2905583055734953235 -0.32323761607575696164 -0.30634241397768890991 -0.89536125053067772139
-2.692027196109852305 4.4605628379137076678 6.7775042881410714202 0.94569967962488332702 0.00028634511344501414887 0.32504158805272836963 -0.31370878778504568407 -0.26095238500005174531 0.91295709057390761476 0.085081798428213367691 -0.96535163063476703282 -0.24669275791349756788
-1.5303443118848119031 0.46532636166714302917 4.0589560246952238742 -0.94879539286758818317 -0.011579377141134186008 0.315678983301349525 0.31576371977225647925 -0.063162205028484838532 0.9467332301823303542 0.0089763995421559272803 0.99793609709287967036 0.063584356333131253347
0.9688508468745890001 -2.9740338367167122868 -0.77324743349571611883 0.97316202195458834101 0.0012619764954474258639 -0.23011754918005719595 -0.22968753650408832434 0.066675634096986027832 -0.97097785525346380631 0.01411788227748421963 0.99777390586902048319 0.065176055165333576791
3.1711864960537377023 1.5224487832848647706 -6.713974950447091139 0.98140008181944626831 -0.0033448392911280284273 -0.19194450097620238682 -0.18199510509190330865 -0.33436907761074613488 -0.92470270988049241279 -0.061087323787308848988 0.94243627476221414341 -0.32875858450336503669
-5.833101677910285332 4.6861752460475569748 5.0363239341943906169 -0.99727723827059089334 -0.0033127716517724263394 0.0736690950898996888 -0.035297353121322101732 -0.85567557288849516173 -0.51630747701788226589 0.064747253918782943227 -0.51750201884230084826 0.85322884011503341561
-6.3497660596813068068 -0.24128178187726617709 -7.2831497730275076563 0.92095217480971591772 0.00078309061669026153174 -0.38967483686071779925 -0.25779546641148992636 0.75111134705265947265 -0.60776084262368312849 0.29221325981393964089 0.66017507609567893656 0.6919395058031718726
3.5039094679408129274 -1.3826496910636654203 3.0328770131706255242 0.87916662478605034359 0.0039349880935883371075 -0.47649822846586259439 -0.16625689584057870563 0.93966026836751836981 -0.2989936866170542773 0.44656991663994555219 0.34208638663371193633 0.8267721654918017693
0.71469957080241952596 2.9536608824057304368 1.2888911272710603662 -0.99982098022313481422 0.0016787290252352439143 0.018846468492646078347 -0.00051845314964975991456 -0.9981130147194262614 0.061401474364431177233 0.018913981921200369307 0.061380711275247766545 0.99793520309248151534
-1.3809583512614189704 3.6703377257355493946 1.1782751268712567949 0.9694652874814919663 0.0051302408923015940453 0.24517491102639879519 0.20806870376915270748 -0.54633836408438773979 -0.81130869984325970634 0.12978625073652322319 0.83754884786362182592 -0.53072352177176207455
-2.8365329375324721539 -3.2345715498789302522 4.4526773469378353454 0.97460085999680701185 -4.0198800432836301333e-05 0.22394901669207700756 -0.2104037744723153136 -0.34266830757282806807 0.91559198482340875547 0.076703424833005046102 -0.93945645421653800611 -0.33397328523350500173
-0.96641080411687863005 3.9305140526637929455 -4.1664953612694368701 -0.98797102565898764492 0.0019219696546989091697 0.15462715961600392856 -0.048713169642255395309 -0.95288249585901951821 -0.29940269903423694098 0.14676607088038029492 -0.3033335707075610066 0.94151392200009076383
7.2526776184776871048 5.0777550178210564269 -0.67572003924879087133 0.74913291674141857523 0.0021857672371332721381 0.66241610448121091004 0.65842661379263511812 -0.11209104151845368513 -0.7442512967143231073 0.072624150969363143737 0.99369553729147874765 -0.085410256193745148767
6.6524688328235130896 6.1342625727661435064 -7.4753027837084244922 -0.93448892437213559869 0.0059791787288601752626 -0.35594198916043756631 -0.16233174814365017302 0.88269812047099249774 0.44101296087710883942 0.31682622014347888717 0.46990241278243366496 -0.82390100660876708361
1.7354927815890583975 6.5090298458254896019 0.075084038508170566906 0.94356169225675279311 -0.010053202443679539954 -0.33104420554678193334 0.29166433186619816764 -0.44835002177136451529 0.8449344208248322774 -0.15691797354833914024 -0.89380153898846614879 -0.42011374469202689141
1.3299110499545543362 -4.9374186448628227808 -6.8856143824149400601 0.70937357743861473303 -0.0061822555973881261615 -0.70480558124050984858 -0.69601278711496217255 -0.16384157220501904817 -0.69908664655388708109 -0.11115452219562375891 0.9864672923787901615 -0.12052781115730629158
-1.6794939576058141029 -2.5196796607701266169 2.3427798012136107353 -0.89553404465530273004 0.0047421240058489284516 0.44496773717119408875 0.40609239547507108847 0.41758068936219372436 0.81284397900750748889 -0.18195532748599238526 0.90862747049137393418 -0.37588346421170598655
-2.2429904405381431154 -1.6833060338221257357 -0.23885954987510712999 -0.379471867413916919 0.0021295718664402045472 -0.92520082509967715989 -0.91324791401815941239 0.15937716716730096489 0.37493621607863780731 0.14825434018268707215 0.98721546964649542488 -0.058534324183396692354
-1.9010882668286392949 -5.2649855937954965768 3.6630225516408736475 0.99954979577863856122 0.00083736067216558024082 -0.02999174196527704811 -0.010709823965741133156 0.94371601823955042487 -0.33058338825262639782 0.028026869779369342761 0.33075576449271332224 0.94330012128980056385
4.6249995915610462305 -5.2960223724090917941 1.8315776697803500817 -0.99996378625681814345 -0.0072208946645280786686 0.0045038711426845130792 -0.0043565555876542687991 0.88895515775049427365 0.45797352317814110645 -0.0073107180521880584662 0.45793731687756056292 -0.88895442358564791263
-5.7050550909347634843 -1.2330356255940662091 -0.00016875001066452358089 -0.94879890758104790116 -0.00022064526178820591251 0.31588064880359623121 0.24018543351638543815 0.64898901176264012225 0.72188934064568210935 -0.20516235156448714427 0.76079774837136548982 -0.61570706961472299046
-4.2981613617190124188 -3.2689940248802793477 -2.2159427670631410834 -0.97673213152167304152 0.011451453003971044306 0.21415696924712510074 -0.012521597313487568132 0.99382491510725246009 -0.11025083996392465169 -0.21409706409417134099 -0.11036712525091538217 -0.97055733720894876715
0.033477173677329191692 -0.10937650560965415936 -2.5920952989965666546 0.86144847138967428624 -0.0032269747882147344423 -0.50783473470618956114 -0.25477668332499608939 -0.86778079975591448925 -0.42666769881126836994 -0.43931238632010305434 0.49693668631802084823 -0.74837060138471445114
4.2940646528443853214 4.0261892690828027241 5.2217159746563908129 0.99988974569139776882 0.014839972028764480266 -0.0005212404364700867071 -0.0092679278397282769536 0.6511122996194526058 0.75892481761888241909 0.011601809124642842308 -0.75883631206900903354 0.65117804747286855971
5.5010978225906583816 1.1378210807611861544 4.1289113294433787971 -0.99262773393037806446 -0.0080698579553996480085 0.12093411108862769932 0.024374126701699715125 -0.99068762320742886907 0.13395497441705517261 0.11872692946316384943 0.13591508605056196179 0.98358070619756987618
-5.330521002793497054 6.0452262380110051154 0.063616270522757825678 0.99693666988488138792 -0.0056631719629400036065 -0.078007722194849873909 0.061239621981994708799 -0.56388785847785749539 0.82357767803687731423 -0.048651669428797929273 -0.82583195115260243924 -0.56181367330936138327
3.4206934278639313796 4.8606249811144408568 -3.234395301791666899 0.99199044097120714358 0.0065960457226188276558 0.12614062471109019348 -0.081433524425960274185 0.79679196614790537279 0.59874129954583121815 -0.096558511386893974837 -0.60421772140769380854 0.79094715311188990015
-0.31333603308076513061 -3.4372216004568612036 6.5008598142237001838 0.95079482207121868154 -0.003931391736575209038 -0.30979630482253439627 0.10870913862944246719 0.94057945564332023913 0.32170267453077394659 0.2901233005139516874 -0.33955092663812863618 0.89472545438138928464
-0.91776430379894013978 3.6987696450246576596 6.4188109694502895053 -0.9996019491950056679 0.0027503818004506099676 -0.028078079802440061158 -0.023089905917429202897 0.49211488002889397508 0.8702239947846215351 0.016211089110947794062 0.87052592164402919916 -0.49185548724779620811
-6.7449071051450193437 6.8466200487777131301 5.5528846590301705888 0.98914019674373943047 -0.0014454778623361366589 -0.14696796174514822897 -0.14274724806678928957 0.22866562549221328138 -0.96298247901378963842 0.034998490755055830514 0.97350395084563157155 0.22597602380089903962
2.9333043832405851781 6.6244284925087146831 -5.7984045124560950057 0.81047071590052699452 -0.0065670574883228832741 -0.58574234303461825135 -0.57825299109824057631 0.15080544809083393232 -0.8017987248130664657 0.093598594827001529994 0.98854164838011404637 0.11842597884060465652
1.0103865868837376141 0.5785347289947132543 -5.0493526742591789969 0.9985534278495441507 0.0105291549025676133 -0.052727494033849325872 0.013004153619496163635 -0.99881876009607462041 0.046818548343282889723 -0.052172250466002718927 -0.04743649836746759163 -0.99751081944206410057
6.7068388426820684245 7.4818903527826048361 -7.4837012323685163651 0.92272279269522716749 -0.0051067701031867682171 0.38543036821162457439 -0.33001992815248792912 0.50619537017235360921 0.79677669032073228372 -0.19917202329357897028 -0.86240371527218362413 0.4653926697122943712
-5.9918183768946766676 -0.39724702100631309465 -0.78920459907108631015 0.68454447679002661253 -0.014987625422611077289 -0.72881700747187183609 -0.55706446002642651116 -0.65562301828972135986 -0.50974272458205016623 -0.47018937320165576921 0.75493961942194565129 -0.45715218948978131319
1.1108702233421396954 5.6282611867565348618 -0.95814672908545139851 0.94269652709551254866 2.2636258318612951373e-05 0.33365140085043426543 -0.24036659713021479856 -0.69349989639192644031 0.67917729105764657049 0.23140258595336396508 -0.72045672541229632824 -0.65375450286936798161
-3.1417815369960124805 2.9609708882793110973 1.6891265324981452611 -0.72760329221417119339 -0.0055308555964466848964 0.68597584417788792788 0.65548841107798105909 0.28929495582972547529 0.69759828803824175392 -0.20230766693722379568 0.95722402715764487446 -0.20686655053582614361
-3.895128901413356548 -6.5627536663139354189 -3.3933762982476727288 -0.55684725291676762104 0.0012948510719711851628 -0.83061390566242843114 -0.8270171368109470178 0.09210957746441675309 0.55457955350025411878 0.077225593815998416769 0.99574803494655428349 -0.050220101152217921925
-1.3516121075297498066 -6.1723047245786162307 -0.83566120365478402388 -0.92273193535853215153 -0.0031715448067457024592 0.38542926299516189204 -0.035660465563989607318 -0.99497482791227298549 -0.093559729673149932827 0.38378914349578197029 -0.10007513739334211733 0.91798194982823788646
4.6115371147987316292 -4.7886576137128491482 5.6293004988309762737 -0.88818669181669651636 -0.0086138556268117449921 0.45940200475284892478 0.45801856084462233554 -0.096352453386653352796 0.88370538226727035624 0.036652399669094976042 0.99531000508268407945 0.089524272579379143844
-4.0176420155786498611 -2.6427971199361177668 -6.0665925727394567346 0.84696575744856805734 -0.0019959808142807067277 -0.53164369813820744337 -0.44087324875012728898 -0.56149791535450577218 -0.70025057628597731085 -0.29711914150054635764 0.82747574412361912799 -0.47644948173009182835
-4.529564821487852555 -4.0013559264966573892 -1.3826339321661613724 0.99974869244498898446 -0.022368379191687850355 -0.0014857882656412603299 0.0066093350145585236938 0.23077327801242553118 0.97298510309556873743 -0.021421219505378868986 -0.97275040466073192658 0.23086312305596226602
0.19959155990564356187 3.9564682594231910251 -5.2335648305985396078 0.99875036834113961604 -0.0033790087724519242245 -0.049862651734626284306 0.004315447248778269719 0.99981611313413865094 0.018684668378072283312 0.049790346989583608717 -0.018876499068177343688 0.998581293200335951
-3.3066986125259316687 -6.8747851653842051434 4.8702602433047319508 -0.94795537826062703513 0.0091084315698449474369 0.31827289752820336899 -0.23038573792322225575 -0.70959419886451802206 -0.66588173476935563766 0.21977946352704672006 -0.70455170811810663434 0.67476208992470210202
-7.3575845465315792282 -5.8705914948793269659 6.4475902368329194303 0.98485766123911999692 -0.0030726317150322687843 -0.17333766478451265169 0.048022485073586945736 0.9655534204323309444 0.25573508405917444453 0.16658099539248871768 -0.26018676220312658698 0.95108023885916526119
-2.4356384228817082871 3.0776099190178145548 4.4115435045046069718 0.95813167599728865653 -0.021990974319628132927 -0.28548220347177466483 -0.0019154532221634310019 0.99653166052845798539 -0.083192431165906868817 0.28632153689438860633 0.08025613130979529497 0.95476642740391204356
-5.5175924816474291035 -7.187426321147708741 -6.3141280917232975867 0.97795987103331483148 -7.9491711307071947351e-05 0.20879292212518243965 0.20619005968510964455 0.15777546499243630396 -0.96570832135457951306 -0.032865634568440264818 0.9874750104826244268 0.15431446379691077242
2.4589582237464981951 -1.8827654464972574111 -6.5315530203556404487 0.95598834919232911211 0.0075107009356135696204 -0.29330848194331143874 0.28320672178480893466 -0.28489020134836468001 0.915768270858780431 -0.076682650869312460329 -0.95853073114385500819 -0.27447879427847149403
-5.5668219385455923742 6.0775767880597868498 -4.9526301285972058608 -0.99997833561540649949 0.004544972096031562464 0.0047614628579572305933 0.0053561330462339115654 0.98230172584046593354 0.18722882056393780337 -0.0038262434178443216481 0.18725026739537001252 -0.98230478835331125342
-1.0323134310778065981 -0.3934305395928959781 3.6180107229002818059 -0.97285731704312594648 0.0030958914239435086913 0.231385081912805185 0.11160087509615120027 -0.86966528806426668385 0.4808612392508161415 0.20271626810213771996 0.49363215271334476286 0.84571473467959024095
-1.5534646451974070125 -4.1945197668593152684 0.11810063937716902549 0.56384456095651558361 -0.0060310369862596113419 0.8258589090592350912 -0.38228671012179382682 -0.8883013798059345989 0.25451430195385899014 0.7320766232737253576 -0.4592213902114677393 -0.50316948678183071042
-3.1904007337785409426 0.79748067673589229098 -3.0496346613841986972 0.99790129351857470574 -0.0032464641738972612947 0.064672009898967527941 -0.043001482352810947718 -0.77994535968841993689 0.62436856776741234132 0.048413643835826976336 -0.62583919369973306512 -0.7784480860787944545
-6.446167806357409269 -5.1733816260577123458 -3.9119367964036801943 0.90015990318644334423 -0.0013093941715969681545 -0.43555761293104361398 0.40946946420960800284 -0.33835388116374381928 0.84726112207588666347 -0.14848200758074805994 -0.94101803202088074585 -0.30403643998124990633
5.793523772301747421 -7.2160425158037053706 4.2204859614691567771 -0.85163814909149748722 -0.0011301485421410599995 0.52412897818793213744 -0.02603024237944049149 -0.99867247640604484005 -0.044448974685936143425 0.52348341854706692544 -0.051497646870863181268 0.85047816131457587563
-0.064238373241461907415 -3.7327482283916797456 -4.8793935288125727112 0.98649273785179081298 -0.010555056366975849175 0.16346458011051326342 0.15413812955280742356 0.39755854300402582169 -0.90453780567889685571 -0.055439292776482615444 0.9175161010410566309 0.39381555219007546853
5.2259006373226828401 5.2235490980132741612 7.4842007313898761822 0.99898492838139008043 0.012920481136120914173 -0.043152914548923004823 0.0051966275642132062074 -0.98464138974760428979 -0.17451168630809582583 -0.044744920704043601722 0.17411029482291690007 -0.98370905114677431591
1.4894653599515794706 -2.8731550047286704697 -5.385706518136516685 0.75203403072986862998 -0.0081195360750242369374 -0.65907426725551565561 0.51603264985553898292 -0.61483934745366408681 0.59639155016300726686 -0.41006721510924448726 -0.78861058194568489643 -0.45819016700047238144
1.0798710177483847872 6.6729654821052291069 -1.3557211053454925054 0.99353650866166443034 -0.0091695658652100123231 -0.11314205680519062724 -0.063855280726014346238 0.778922202094719629 -0.62386112734101928368 0.093849395734106999534 0.62705352414740933575 0.77330211998596121159
-2.0419034878349164863 6.948551480546893977 -6.7529925504992691643 0.81112560807316458344 0.0029836491813093812472 -0.58486438237039151122 -0.58075917267201226935 0.12249028739616402151 -0.80480737624033626965 0.069238943415168743845 0.9924652272654505003 0.10108779047738797319
0.80136948401102703343 -5.7140462882152363022 -4.6463614142872318169 0.99465697892300852789 0.0013337791088218868291 -0.10322652427016243415 0.098443376746170055402 0.28884775538565826691 0.95230030756244421486 0.031086908087215314733 -0.95737411456653431774 0.28717313402125893562
-5.0783502252426728774 2.6595416858885632116 -1.9298938777538998668 -0.82570149237679291154 -0.0021668066905597476932 0.56410313811886825253 -0.013417985692163052897 -0.99963425161131469476 -0.023480218598672657204 0.56394769539978673034 -0.02695677937441218891 0.82537041920513998239
-0.0042500172321332796432 0.40042121011853504253 1.1404243801204061448 0.76853676906057077911 -0.002129594916269773007 -0.6398020783238571596 -0.40118903233396846497 -0.78058009521332005765 -0.47931417180354612961 -0.49839602219220335844 0.62505214165085454248 -0.60075887449191456291
-2.007678976853652042 4.6040727557057339325 0.55904316202685833126 -0.99989229196411644196 -0.0087887032994708371575 -0.011754282848632259528 -0.0028423435474352869851 -0.6697622835550461895 0.7425701344723322217 -0.0143988039131192503 0.74252356341160064002 0.66966516426072986157
-6.1184563368328648281 4.9946364482753615732 -6.64971431839799898 -0.98063192624886064142 0.0029704235193632293199 -0.19583718187657728205 0.18105738280860900202 -0.36757450548219761099 -0.91219910493817302211 -0.074694372958949178942 -0.92998933300535091551 0.35991747824277697809
0.6534834473911865782 0.48760978929666615178 -7.4549426283254796033 -0.98366930488198844884 -0.0018184000594644563267 -0.17997608745102380845 -0.15539889294630801486 -0.49591748934292356754 0.85435181736497489702 -0.090806842826018863146 0.86836774305885244818 0.48753623466452844504
-0.89088098289420003528 -3.3533778104995142222 -2.2291661148073975696 0.23010492993628731129 -0.0016137541264584450741 0.97316448610533401453 0.52670008911498333859 0.84108422197078835936 -0.12314360591694836766 -0.81831457114333117087 0.54090177236674752415 0.19438759040928363375
-1.1011458577163197869 1.6722628304179401049 -2.3978441347793153504 0.9933382062810787172 -0.0064933637876075801093 -0.11505235403462746313 -0.08148347308093534247 -0.74556477250820640812 -0.66143300009097172332 -0.081484057071647741921 0.66640153527834522507 -0.74112707562310942144
4.661839271191025702 6.5263493575820810122 -4.7878427964035461528 0.96636506335108851573 -0.0087416625791850981891 -0.2570255778515995182 -0.23785680089844546403 0.34964426941128867732 -0.90618597822644975093 0.097789092443601982607 0.9368417519534679716 0.33580474266443927078
-4.6285620643692721998 -6.3161310437502065085 -6.9535890113728413553 0.99953131574185694053 -0.0030654811347106186367 -0.030459016345993281116 -0.030442187293186831476 -0.20445826260265742569 -0.97840180503018159275 -0.0032283252871786599636 0.97887048258645870114 -0.20445575618441311216
-6.3934178194005406581 5.9402491945113355953 -3.6370455570407496104 0.88442860403907574973 0.0017414158117274578831 0.46667227454444992762 0.31213362269988426112 -0.74560402288639227031 -0.58876756248603856481 0.34692743612720400304 0.66638698106021621026 -0.65997707955340467745
-0.82658412640484235645 -6.8760405702529405758 -7.0930007970961419517 0.94606749679386359375 -0.0069512271551215691623 -0.32389500143001270782 0.041905754385861020139 -0.98874488045157349347 0.1436226623140763603 -0.32124787821811229271 -0.14944979699510743676 -0.9351280975986300259
-5.3270540938535413389 5.8531905519679687799 -1.6772925777364688926 -0.62999963557671567749 0.0057633573176880783032 -0.77657404211426417362 0.60251467887014331648 -0.6272835490158658045 -0.49344848857819523236 -0.48997604116853871181 -0.77876962758337175963 0.39171589989978411461
0.17775808905177437058 0.15140472904654764252 2.2957458920526838675 0.86568495950456403332 -0.0094424900612734008476 -0.50050014012870269742 0.47368727136607874373 0.3388025740815974185 0.81291646848946130799 0.16189478012938349205 -0.94081010580088264561 0.29776907997593526911
1.6126308767284809331 -2.1469046772215834018 1.1115266202676823415 0.87472607033296234658 -0.0017575290737912824084 -0.48461449934085398805 0.48460979910462692599 -0.0025329610271343267099 0.87472677260968212387 -0.0027648673744904441428 -0.9999952475887419201 -0.0013639312342584512631
2.3536843359276691245 -3.3076084117931707773 -0.25795580992330197079 0.92361979991904263887 -0.0058731681572363504673 -0.38326488372043471253 0.13501345692441435453 -0.93081864724399987487 0.33962922782398974331 -0.35874480016687521067 -0.36543419631823986782 -0.85892957599237418354
5.1951779141182381494 0.88229667113465903849 5.1412724057497056762 0.9993389813798909671 -0.0091442189380832837597 0.035184990474518097747 -0.012137024591540852489 -0.99623768275771551473 0.085808927785394034649 0.034267957755681074938 -0.086179247581011156343 -0.9956901347094095911
-0.71556017993692300205 3.7413671338515417375 4.4313669515954616784 0.9587057399101428512 0.0055920122848008308597 0.28434492023255170112 0.18892284312914453537 -0.75985624282380592742 -0.62203428328801613212 0.21258283940026226344 0.6500670885687436229 -0.72953500036142693297
-6.6187382813146804494 -6.1539006622279739389 0.39835874567469736762 0.92809646686922409042 -0.0021220706593327838888 -0.37233378170803194118 0.37159136802564884938 0.068651871023237831526 0.92585461915684985623 0.023596681837241763324 -0.99763842018091564157 0.064504102079951691762
3.4558840990603627574 -5.3204191765845489925 3.1146703282530912027 0.89495195659144755052 -0.01031697559609896786 -0.44604322145711244874 -0.44596595128987243095 0.0089875330195598769623 -0.89500480140635940707 0.013242570875535115277 0.99990638775078832801 0.0034423904246492081915
7.0071317214134651863 -0.039965034969602630799 7.2186578579517277632 0.95787011662386500888 -0.0011920902418651587937 -0.28719926636356507554 -0.23786013730431804225 -0.56372238138391317364 -0.79097385026846100953 -0.16095774215768246518 0.82596347113394263939 -0.5402563739482062477
-1.1497271673436268991 2.0082987537890693019 -5.0407895076860507189 -0.98755209644499342136 -0.0035810582338093328164 -0.15725149547458991406 0.13405642606660239657 -0.54211889762445653052 -0.82953961657577135469 -0.082278377702261207283 -0.84029416091052711035 0.53585071773987003052
-5.9623533335478251516 6.04553086503574022 -6.042844998301432291 0.96799320838570213077 -0.0012961215949797355237 -0.25097304354844857111 -0.10942594506589904679 0.89775462399543348724 -0.42668793941382821 0.22586524979646491196 0.44049398992901445116 0.86887854949402176796
-7.129825324616127169 -5.5887290522682881999 5.4287472657694317846 0.8911879945743861331 -0.0034005487745885540872 -0.45362142210718497948 0.099303982021114914347 0.97718059467420481656 0.18776795399394688446 0.44263153692581197474 -0.21238295991052646983 0.87118930253904880434
