1125 14.717824617146108679 14.977075390850430381 15.033177056927090831
0.68376288758401648771 7.161170830111900365 0.83115323336162449941 0.82906743580050779041 0.0087377302540998166847 0.55908035108120357481 0.27858227917239652971 0.86048656935816736357 -0.42656157549100159887 -0.48480831328081813725 0.50939819004810460434 0.71096721678954344359
0.26591824663395668971 5.0212424719905399684 -2.0982146525350233723 -0.62775130712248339293 -0.0040034728523434363889 0.77840366687928419509 0.77771629186482205132 0.039102682598425468619 0.62739807903881483764 -0.032949442696453189183 0.99922717758215495731 -0.021433194051844559058
1.7370802034475192333 -7.0590345864551169441 -6.7869251402861259237 0.86846296996886196418 -0.0022787179238590461045 0.49574880457483466722 0.49433283689511581249 -0.071684421894631852878 -0.86631194729427329904 0.037511547022902734516 0.99742475961963839026 -0.06112882084328057769
2.5791610494766872286 -0.10873576792175340677 -5.9443699577642012954 0.48920147970148347705 -0.0083817909325996399483 -0.87213052798225965123 -0.86729289606812098867 0.10093441961901600257 -0.48745797292268644441 0.092113759491310689964 0.99485777300927902278 0.042107799698217776574
-3.4910818805376151452 -0.94330868806026590967 -0.52662256573350585409 0.22526162101886970657 -0.0059456921348771830244 -0.97428017060855132137 0.90406063628102462104 0.37407421162399112635 0.20674344034355010558 0.36322385387412925439 -0.92737971346311165455 0.089639829506399024139
3.7289200269877729177 4.1973945016317344425 0.11137945684224492826 0.83708999247910553798 0.01046729190849512818 -0.54696506313609494221 0.53027808466688564071 0.23025503295922983282 0.815958192997044085 0.13448233123119096577 -0.97307402369865947378 0.18719360830322834266
1.7032976819822296388 -1.607097388512749081 -0.013989743727588377364 0.93006188451951643525 0.0097580711780911912057 -0.3672732919923281103 0.20698231050993765034 0.81199967088983837638 0.54572415890343617395 0.30355100741057361446 -0.58357631422274058863 0.75319019601845160761
-5.3924583919720774361 -5.5851102364395837085 -4.2813548840304678222 -0.99214953603559175033 0.012994631923765114292 -0.12438021420488659663 0.054051493745760986753 -0.85233084243960832715 -0.52020243276063293791 -0.11277293189561776732 -0.52284153867819593842 0.84493727060900536419
-4.0277724341089369275 4.3606825166046538911 0.38140219360053834174 0.96087915483937458294 -0.0059118292094946667953 -0.27690485743407250441 -0.19950830325842111579 -0.70824740574122602155 -0.67718686430837649048 -0.19211373383008556459 0.70593956011562941644 -0.68171962766053417759
2.9193874727280277881 3.6993108838807371441 -1.7545311952183078041 -0.94276771263136838197 0.013310077756025244164 0.33318445619482922604 0.30356797630784010389 0.44769238897526059118 0.84108145183091675978 -0.13796928564031765707 0.89408856758365173878 -0.42611044288558663773
-3.0745275028897540714 7.031122167334001638 -1.1986641082520421708 -0.98749313279149986133 0.019000216428312961814 -0.15651295302723949865 0.03052667624336687438 0.99696803831327451828 -0.07157410578830916692 0.1546784882495657043 -0.075456758196596820931 -0.98507910490243466572
-4.7282447123584727677 7.1937127047610660568 3.4280433148628604023 -0.58492646688038230085 -0.0071753227507439718003 0.811054586995343052 0.47331602027999036819 0.80901991931388217427 0.34850927548576188242 -0.65865998306333517487 0.58773742853136046183 -0.46982096783155419262
2.8199047506376513361 4.4966831339486601493 1.7042718024286254153 0.90620614425690892979 -0.0045471702644955926467 -0.42281171619716334531 0.36056623138594645628 0.53062745853392301321 0.76708962516392142916 0.22086741927029701626 -0.84759295861429417851 0.48249741928058598184
1.3835472159511561507 4.985889924205403112 -5.3650310699488885646 0.76956117471451934708 -0.0096569612419039104617 0.63850007163016209155 -0.22947607106809342348 -0.93727538368123686219 0.26240348311794176039 0.59591637935141605897 -0.34845602053173485579 -0.72350678682096603023
-6.7947492597938641268 -0.55182596739070066683 4.7666312329634799028 0.96531914678199215452 -0.023064318329467273228 -0.260051883431041575 0.23165005945735878123 -0.38371791481621853048 0.89392326952733769385 -0.12040429730475259162 -0.92316228208750716888 -0.36506739942300908686
3.3616886094822877595 3.6276622470060395642 -6.6330551716079435565 0.97572341884071944751 -0.0031377570192013424719 0.21898393641232197226 0.21892922863362287988 -0.012570018611816950044 -0.97565977035130035944 0.005814015449138247929 0.99991607103434998471 -0.011577914810939249693
-3.7018313988962692207 -2.4110793848921603377 6.0025535111654395592 0.88884154427374495455 0.0027460635744920671754 0.45820646908125978181 0.042931139299752382743 0.99508425394716870649 -0.089242617761158951617 -0.45619910834142501921 0.098993871938056421378 0.88435433332305257714
-4.9672327561754840985 -3.6693847741055289902 -3.7907030708807156749 -0.90479414426529714 -0.0013242474522235049214 -0.42584715905109604694 0.28183700231036962203 0.74779399509410338087 -0.60114228351535514694 0.31924200950365694274 -0.66392950474436407404 -0.67622640594561767013
-0.26667364048497738116 -3.6383118251178250269 -5.0148999819903741226 -0.99960957259672567066 -0.014212194472321944619 0.024056514735385420289 -0.022727097538793247788 -0.087268276907304889733 -0.99592556292283207497 0.016253658369598883437 -0.99608346104832123924 0.086911203050567029105
2.1938476835378262209 7.3471831756690688664 0.18710948457116324817 0.99964623791072027004 -0.0023772577389982400137 -0.026490520502112379492 0.025359349671731871295 0.38548067113559475461 0.92236736475492553389 0.0080188786657743420239 -0.9227128485215296827 0.38540458839827862469
4.6216475409661770257 -7.068254599557243445 3.5805068045404566668 -0.81606376090174159721 0.00024514732460229234079 0.57796183095917752492 -0.57398255793143293513 -0.11748807719598640398 -0.81039532014150406081 0.067704957967481313452 -0.99307426289253453167 0.096018472426107726037
3.4515775859857735774 6.7835154697824853187 -2.0950294701650795659 -0.9912301272998869095 -0.0045585493700282071414 -0.13206837002247226454 0.10124165770903098549 0.61610773110955596721 -0.78112828038128567787 0.084929155636344400016 -0.78764870551195487192 -0.61024302964329801835
4.5637711508313234532 -1.2021576945455727525 -6.8157378406401738502 0.98811952077343445655 0.0088111247651117413637 -0.15343460087929139402 0.03434282104103811295 -0.9857691600093599904 0.16455921067337483943 -0.14980114588867438075 -0.16787354542891430587 -0.97436034886255762366
-5.1221684818867219136 6.7594193480187554357 7.0043954501328036244 -0.96616823652015859647 -0.0014570696942471086585 0.25790854132334195548 -0.1475208751192640666 -0.81713243337220897722 -0.55725414106601667275 0.21155739207995480355 -0.57644814448405112817 0.78927245395825840202
5.399055853885791123 -5.5555369511763279533 -0.72014015371042949809 -0.95889491669435378274 -0.00084001833449997773129 0.2837601682881511489 0.1634038232249394873 0.81591763080988510826 0.55459679974649223055 -0.23199079570797467853 0.57816754846909079735 -0.78224200641753205421
4.1239330940723943897 2.2218665688903840305 -6.2763716294233224957 -0.93925656866541784584 -0.0063815045575316212134 0.34315648707009077656 -0.33307728387257129476 -0.22427168661105112424 -0.91583936012419908668 0.08280471717733471626 -0.97450576549558665107 0.20852312061005204291
6.2356114095009100851 -6.9526152315080151922 1.5731834856500428454 0.94328922952763027965 0.011070795238898109222 0.33178738214422026642 0.1815453025234363138 0.81954927600980076452 -0.54348899466649114309 -0.27793296419998736457 0.57290175570043466724 0.77106215425630764138
1.9223174050972267057 -1.2018428465717243547 -6.9431111340941304988 -0.2835596615274236787 -0.0059871504187313778073 0.95893590629623703947 -0.32775452016838274583 -0.9391554437066397254 -0.10278145292498130914 0.90120524458289597014 -0.3434402518430894613 0.26434428412646610029
-1.7533463073771626828 4.8666786803896382452 5.3165188557002807102 0.90145254079576164763 -0.0064703265042765547438 0.4328295872140929812 0.077390959086475655249 -0.9813697689381932765 -0.17585225635679144207 0.4259036935090581566 0.19201956017304316893 -0.88415752689570314971
-5.985336920855481857 5.5687153401146041176 -0.29625398312852224691 -0.99777355971318781869 0.010922839805589459883 -0.065792211604574310502 -0.048398249089779014909 -0.79731957357557359245 0.60161375240111869545 -0.045886087458890743862 0.60345852315110581898 0.79607303547728169857
-1.0099754824573154988 -5.7933445388440345525 -1.540169024738656578 0.75014038929201509731 0.0095917872523988683547 -0.66120903954048115825 0.49909108519081230027 -0.6641711490366168924 0.55658312359469130914 -0.43381734063519339362 -0.74751901808890885981 -0.5030087798036063651
-6.4101464822682068245 -3.9161959895123423792 1.84705814348756725 0.86349949123037739174 0.0034316870138629169962 -0.50433803363349172244 -0.26590014136384387822 -0.8466153846026404084 -0.46102007047079157642 -0.42856241490325858168 0.53219415073679010586 -0.73013946781004757103
-3.3267873300902524036 7.0680117069040395705 -5.6604607996361533395 0.58263199441459145866 -0.0056688155220605083301 0.81271632419626826938 -0.080123221980782435847 -0.99550510373448264367 0.050496116068411658895 0.8087769954591392807 -0.094538103266124176582 -0.58046732780324572509
3.9957100312236475403 -1.8473365988273784399 -1.4222592724106279949 0.78968570844713781298 -0.010112564081246168748 -0.6134282500196137633 0.5361987457049628425 0.49726652736325127613 0.68206810940592610404 0.29813987820966525444 -0.86753889642589643305 0.39810661412410186522
4.0432279867154861108 -1.388438504639030624 -4.3297197073552018409 0.90131490337328634688 -0.0015357345318539471386 -0.43316173247035238969 -0.31239627696680083435 -0.69503176735515670437 -0.6475642118774443956 -0.30006667774766998535 0.71897738760456686435 -0.62692224798527151908
-5.5426850968509189244 5.6272809158988712497 -5.349817388847089461 -0.99628393421037808597 -0.0062388849244027610313 -0.085903426875713395638 -0.016392157355853111816 -0.96540854635239070625 0.26022612437438180644 -0.084555423311047123169 0.26066724946680963626 0.96171875589696109721
2.5050753969724328662 -6.0785515355995629605 -4.8726726608299717469 0.81016865450711117447 -0.004244916447521287009 0.58618148379022039229 -0.099124550837601937969 0.98458138634354019914 0.14413124951550593256 -0.57775520307075600712 -0.17487559678245884198 0.79725620159050913927
0.25303928889899129917 -4.5365695207124163701 -4.1649061444089712225 -0.88797550412389192331 -0.011291873572054600752 0.45975210458147375281 -0.32570951928404445752 0.72120800570847198863 -0.61136921868030036364 -0.32467339454229005025 -0.69262652713658356962 -0.64409291316012529105
-5.6820228084824302428 7.3237073790385069927 -1.8506963741968265325 -0.79874198989594979992 0.013856038365886716099 -0.60151412600025055966 -0.47969558957358887641 -0.61812975764047839444 0.62274211682130109491 -0.36318504225906445004 0.78595395089037134451 0.50037287312462530586
3.1126855421028079007 -1.7263898782797357789 0.60316845694383669496 0.54224245517994695831 0.0023308232469309367318 -0.84021883284270626469 -0.25178597685943787665 0.95449126858040156396 -0.15984442455298364383 0.8016089705445726965 0.29822975281942587511 0.51815255753093059088
1.1533918822489175326 -0.42254528298417165511 -5.3358103148589597353 -0.63707448741580852136 -0.0082235022422973060724 0.77075837426188364976 -0.30127933753077362766 0.92305241255537640033 -0.23917567696690220092 -0.70948351514387175687 -0.38458629419992840237 -0.59053071389436906369
3.4546864175835958477 -7.3246503403920719677 -4.8801112349860860107 0.99731588234365264878 0.0022653326316956958614 -0.07318400845213356154 -0.023880150134782323484 0.9549302418250397162 -0.29586816604269711162 0.069215383077670528111 0.29682166618357491705 0.95242119318578133402
5.6613216247018787186 -3.1163704495852062593 1.7045324482538373179 -0.96240249409001465963 -0.0011065128232556377397 -0.2716251369051960185 0.15813409920290866228 0.81077588433378366961 -0.56359211496610894798 0.22085073248393535805 -0.58535565343827788976 -0.78011775582232090187
5.427856486547589121 4.7857580148769267581 -0.6613129904583437968 0.74423754875000702746 -0.00022665038077737068717 -0.66791497936506094568 0.66602100194719460191 0.075507303725003818706 0.7421015240851134287 0.050264261616396514742 -0.99714522298097640896 0.056346324550727536207
3.6190243648239213137 -5.0506835142662476201 5.3504686207243992158 0.9189263773303278926 0.010647688270770696434 0.39428535324177821364 -0.38917306650100585985 0.18712432780073567917 0.90195831957759287079 -0.064176610666965477892 -0.9822785311100065142 0.1760972741517246587
2.1632876764033475148 1.0878186637906630541 -4.8625854603094103012 -0.84247713466198070886 0.016133821860056664355 0.53849046172055836657 0.37531171772567056832 0.7346590548648894714 0.56517005196918557175 -0.38648854072232985413 0.67824462614697389462 -0.62498866789177653924
-3.9228264548411018175 -5.5689322008102948303 2.3002102670416419983 -0.76125760075962833895 0.0039291690731157397423 0.64843768159786141503 -0.64147062148635403123 -0.15087936903798640498 -0.75216411624630408195 0.094880488276491314892 -0.98854437312098342172 0.11737851300522743336
1.5739054874870443967 -6.9401479808114281411 -0.52736543203247499001 -0.95194524861133877902 0.0038863556887459133581 0.30624359566490250151 -0.28780686069379346481 -0.35326474069002478107 -0.8901523655659810963 0.10472561570083037397 -0.93551532281658855705 0.33740721123211631083
1.3047340541178291673 -2.9857616969682005958 3.5741196073195560245 0.98458434892819224338 0.0058409259713856605603 -0.17481288118853460789 0.020632155790841183451 0.98858634466180173028 0.14923589814687923671 0.17368930304730639813 -0.15054209621252984119 0.97322613162352933358
-5.2079687121294409025 -0.74504341164143550458 2.0625144490864721902 0.94529658346950784509 -9.1645524718477443249e-05 0.32621214091754224818 0.31654165088439012443 0.24194103121489229924 -0.91720549533357187411 -0.078840043989500063759 0.97029095070277249224 0.22873503983426154984
5.0742232705569580986 -4.5182912600122913105 3.2235996999360398974 -0.9926822024387285115 0.00011777972838053832327 -0.12075608096116895174 0.096272137325328077662 -0.60288466680081287397 -0.79199858213970764087 -0.07289527101231349504 -0.79782834285601900159 0.59846153995027395744
-1.3889926032006991719 -3.914538634853309329 7.4991509481712173013 -0.71617183528939165615 0.0067777011957039596732 0.69789108398440746761 0.096122780393490467321 0.99138143904205633383 0.089012658720412266011 -0.69127296593155884707 0.13083159056419318977 -0.71065095615408391261
-3.4423005486378261963 -4.0805470624839799143 -2.2445885539393763963 -0.90489886017624998615 0.0046112109707590956398 0.42560167949054578118 0.42001294117172616183 0.17154329309837487716 0.89115768966064445866 -0.068899797532748704998 0.98516579078165800176 -0.15716609867774827825
5.8187326090884514684 -5.2649595905311654676 4.1006647796637345493 -0.99423568283068253226 -0.0051495005187749522471 0.10709290186781247889 -0.076727731850003366709 0.73184365493918401846 -0.67713936519048745222 -0.07488833120873632232 -0.68145311457917545628 -0.72802018548877489579
-0.36484341212316190317 -1.7304752150697451096 -3.7485615026497525193 -0.70263999368888696573 0.0080792711950661601217 0.71149965892187461147 0.59663462322859128761 0.55154819644054986494 0.58294228991226371139 -0.38771660479511388386 0.83410389783295513233 -0.39236019419150436338
0.20480920036586747202 -3.3259796228575906341 1.1227790640410406642 0.95421726122309935558 -0.0048111255055095451111 -0.29907569519294152638 0.09521409677794218096 0.95274631108875618146 0.28845925618957374281 0.28355545164666157154 -0.3037290236017128886 0.9095850625771185749
5.6979536529738563644 7.4073176475766215887 3.989525277758047217 0.44629683626355298731 -0.0025359228501903407875 -0.89488139048504211637 -0.6978163289838709149 0.62506085668076682982 -0.34978750184772827714 0.56024236268295302121 0.78057190222347261344 0.27719307443491986165
7.2153237058609214216 -6.1465175010215267193 -4.2101263778751674138 -0.98746641370565235718 -0.0079815293446200419325 0.15762733580403068268 0.090322605376500997298 -0.84758659294061966527 0.52291375428970732209 0.12942916503387075222 0.53059708127415006196 0.83768420576129654087
-3.1386792019805525022 1.9985566139650661199 5.9123481927281247295 0.061941147446680513977 0.001909229136421000065 -0.9980779774632216883 -0.79026236438934072126 0.61089552141053860002 -0.047875435771944224728 0.60962996127395385759 0.7917089217412782709 0.039348361497716810575
5.1048928073630888136 -1.4499623642974577287 -2.8787350898321921733 0.97727623451249845399 0.0059087687386138038059 0.21188734721309004927 -0.1829022734868621658 0.52873619718131070755 0.82884545733414438651 -0.10713505406884915594 -0.84876564506470775218 0.51780204706766130851
0.83613120774291338488 -3.4337311048582366269 6.3705595326153234836 0.67452370882715206868 0.0054539534990738049516 -0.73823303950799423756 0.33291725110591652292 -0.89477066468061317028 0.2975761441094091353 -0.65892630099738591642 -0.44649267857176661023 -0.60535974249668433878
-3.0473259662741805087 -1.3753429091701798725 1.6403255641233638329 -0.047244508633432068245 -0.0036937158332253183617 -0.99887652533596893445 0.38185695163021293741 0.92397184939752474708 -0.02147766310795262007 0.9230131228187863357 -0.38244264665990823637 -0.042242124947643872046
-3.3444664316298182705 -6.7964891783707983564 4.0957887457476092052 0.76733405949182476036 -0.0001549406276844357902 -0.64124754747075562999 -0.22390888551340420998 0.9369920296671079285 -0.2681617931931771226 0.60088539018018749527 0.34935070106384547017 0.71895120525262778965
-4.0888156143397447195 3.5044189382363097884 3.674915236815015529 -0.98865241795204805708 -0.0055519652586203506808 0.15011852703595837677 -0.1450043576681057933 -0.22579620084875354213 -0.96332227833656680627 0.039244524903915535552 -0.97415874033138549759 0.22242890077730442799
4.200107314925435098 1.6017894037905386906 -5.3169046730816083013 0.94891254940943836615 0.0103487360851418006 -0.31536942977207499395 0.11749117683932287781 0.91600479797032052787 0.38357663309993977885 0.29284944414869240603 -0.40103380625184675834 0.8679925629318037128
-5.585832066372091731 -1.0187868646556246244 6.6687900462634113197 0.95236370535832937101 -0.00059582584983157134764 -0.30496396132626218956 -0.1144652965235246761 0.92618717002563877294 -0.35927012396231450264 0.28266777072748366928 0.37706361674344640589 0.88199884371830028496
-6.9373327217710611947 -1.7257716291942306608 2.43272682804155993 -0.62188555605330386733 0.0044584981023423307656 0.78309544563036781462 -0.54037218135106879213 -0.72620721934755971816 -0.42499527078461651897 0.5667947254466688678 -0.68746141445328268205 0.45402702875897710255
-7.3352371843450718814 4.5843546469456413206 -4.0121721479506078367 0.92905982266752440424 0.0089010735377733091883 -0.36982241251025343987 -0.29166556344510413679 -0.59731417568777267491 -0.74709234678369251803 -0.22755009339762713449 0.80195794553849364394 -0.55234446551258764568
4.7880384688399955095 5.7626103081266473183 -3.4457065282922205718 0.91054303635772626535 -0.0058298383869254538636 0.413373187235003825 -0.26853397995875522009 -0.76858214854606865529 0.58066425974381186137 0.31432607360501280125 -0.63972454534796840964 -0.70139263293192488646
6.2041398280277224586 -6.5602756523157461643 -5.1263182679046908063 0.98133747011166005958 0.0020948078415094955121 0.19228203643322053229 0.18442865811864703196 -0.29330369835494224384 -0.93806130428449940872 0.054431974237031735542 0.9560170251158632837 -0.28821625191724703496
1.4073994427235057003 -5.2015119353485665954 -7.2297211064594248953 0.98537516819378800914 0.0068081972604744980804 -0.17026281554430425236 -0.090520877370432642484 -0.82563700071978252115 -0.55689273096583280509 -0.14436671592543709464 0.5641606078880070374 -0.81294591446190767048
-2.8967509583613177959 -0.18098882217620237967 -6.1830305937252125759 0.93779701121542657916 -0.0058156014511257601157 -0.34713534037191978721 -0.24631994889589628461 0.69348216277009233632 -0.67705906145303840216 0.24466967227538591323 0.72045032354734606095 0.64891300092480297401
-2.9447748307933530043 0.022906203086353028875 -0.40736621243201903697 -0.51391319200924290289 -0.020131902722779589782 0.85760593373153604091 -0.82961259994069402879 0.26601930308658000568 -0.49089374044172573441 -0.21825710778438833781 -0.96375745749543484386 -0.15341250934493103064
-0.19428225226615419841 -5.0995662341236744908 -0.4313581233236101764 -0.36939374475490033278 -0.0018364253296617389158 -0.92927116003774279385 -0.11858801863757842399 0.99191516072660224079 0.045179594468265651952 0.92167518311577534273 0.12688948523305143556 -0.36662503374115562593
4.9532410642192123973 -5.7930083572744397458 -5.9577706166627848461 0.99981803457525497691 -0.0091832232372830516209 -0.016720231728505233898 0.018827552302722490307 0.61607054567878027918 0.78746593959450028599 0.0030693667698338984728 -0.78763744905769506044 0.61613133975612721649
-4.0381941201968025723 2.2340495446020551817 -1.5773027798870893346 0.97141419393104944113 -0.00093168579347713666519 0.23738912315183621771 0.23518421838840603 0.13980961062584976173 -0.96184284381461293556 -0.032293145561566719004 0.99017796619502196354 0.13603215800504855904
2.7472715426080709378 -2.0435417693540562922 -4.900169035178207011 -0.33772655975218585089 0.0063240141238997925333 0.94122302228714826988 0.31717457274982785442 0.94225743613409485011 0.10747657629047185912 -0.8861947084241481587 0.33482970432070874311 -0.3202311787842396229
-0.97551521818354480775 7.4198912412828761376 -4.9570837677557202383 0.98935436371000828881 0.00493550390660994244 -0.14544271659040466926 -0.012280362818821808496 0.99869139926924943573 -0.049645560874384042638 0.14500736428561455948 0.050903141619060496281 0.98812030364542091654
-0.077798062894870692596 -0.90866110553678436368 -5.3827614255056275283 0.082235464120777174157 -0.0054981440379433697482 -0.99659776181417170093 0.27612781555358045793 -0.96071049351794735038 0.028085176199741851422 -0.95759634393537651498 -0.27749796045499736108 -0.077486282817383553279
-3.6296918902176487087 2.5190189695499269895 0.50968376228649603377 0.87331460005362582244 0.0040605876198662408522 -0.48713973453343761832 -0.049802647044700047718 -0.99398192620083769544 -0.0975685745176009811 -0.48460427740632155968 0.10946890889305938011 -0.86785670032861739198
5.1296083913614705097 -1.3880005905933892052 2.2753663452063754846 -0.89183951404805139607 -0.010702574858176843245 0.45222531560484413582 0.196728090173575898 0.89104969661601918229 0.40905806030099622905 -0.40733320478348178373 0.4537795643833330006 -0.79256783131092078953
4.2044226027770728038 -2.2892431925151082162 6.7807052616424563496 0.96667373036840253953 -0.0074449238696590739131 0.25590324758437732466 0.072082690131116705645 -0.95122268796227338328 -0.29996580419994761657 0.24565419760129358906 0.30841525742810127486 -0.91898533404309978856
4.859860725001984072 7.2876208772871295949 -3.0066217604325151669 -0.98583646079782694116 -0.0051711155240366079439 -0.16762974713953193717 0.15541800726630564111 0.34743015745961791652 -0.92473646446166668511 0.063021548530606930072 -0.93769160455443278934 -0.34170563233427697636
4.2111624495931314627 -0.33180758315542774328 3.0123269124838691901 -0.80886181481686536543 -0.0012737385335578666791 -0.58799739975726217356 0.083321735721435072342 -0.99015505324166064316 -0.11247425881673721315 -0.58206533386513659156 -0.13996909705416618608 0.80100474342063021638
-3.3777671774307780339 4.1114417525036479617 -6.2802144464923328471 -0.76929996123919708317 0.00051675223408907417638 0.63888755082912118688 0.094728974922472480857 -0.98885408007530017915 0.11486526728509861839 0.63182591823022471456 0.14888700845097566083 0.76067645406377337736
0.93998992631631916872 -0.22918278172510386792 3.4476446859295823977 0.99920507676935998997 0.0051863239417356352817 -0.0395261508654655494 -0.0096235612342212058928 0.99355833145856498057 -0.11291248406830482753 0.038685935783396810383 0.11320310964489876948 0.99281843976603967317
5.0626066921249712749 -2.9368961285831458596 5.9644008584704630849 -0.10964547522577956784 0.014491277514484620162 -0.99386511793030529738 0.82068457770325276002 0.56542397657089393803 -0.082295508011454368558 0.56076260011038436826 -0.82467310468742638374 -0.073888948582525898479
-3.4021229900036398242 5.9463808905751474043 -4.6987441228584723163 0.98789950977483287353 0.0032890967574462199284 -0.15506044121296136407 0.1541248739012374136 -0.13248588141242809146 0.9791287016890787287 -0.017322870188444618178 -0.99117943535416863643 -0.13138966892243506002
-0.7011402990106819777 -6.3248203895358434679 -5.0059626433941746271 -0.93607249199427544628 -0.016773214907255834527 0.35140709866667158012 0.22965716731558177832 0.72754133959356159789 0.64648370797948517819 -0.26650680147466243586 0.6858587744164710287 -0.67717934575978389056
3.8733059265763043477 -2.4250103337159578665 4.4524536781912118499 0.83055988018224280456 -0.0034950038277041916429 -0.55691836958389140388 -0.30093199943896115078 -0.84424563787261885928 -0.44349660049040390275 -0.46862588185613524017 0.53594504184777458367 -0.7022483143258433369
-2.5672875395793126607 -5.3536684691843587913 5.1376656072920088292 0.99854465775672940353 -0.004093705804600511651 0.05377553382715302005 -0.048749698239391778265 0.35794329185458495513 0.93246987443992301881 -0.023065848936897330457 -0.93373435268770055284 0.35722279493852737708
6.8495205689654730108 3.5728963287725901132 -2.7543918186402098769 -0.58965415779236329819 0.003473137592012360414 0.80764838358866042345 -0.69619775650329185357 -0.50909267479349562535 -0.50609616903456811077 0.40941013426394357033 -0.86070470301199852869 0.30260660299323816069
1.7841991940453683085 -0.90657734004761303392 -2.4885713048090818411 0.56000099565850713912 0.008582889638549454428 -0.82844747501989601801 0.26323731236036918002 -0.94997340668207241876 0.16809712662099526859 -0.78556031101547052486 -0.31221284503103685637 -0.53424539039178087219
2.8881683088448792951 3.6500791480400827105 -3.4753350382744283564 -0.99288330277915737287 -0.013617157142939428915 0.1183102704480420847 0.11335406603830275318 -0.41269098264460218894 0.903790356529831862 0.036518526459062242151 0.91076930442071102334 0.41129754600542711707
0.50745799077688558132 1.5903556137188152864 4.4273173219511754439 -0.99396292144022024839 -0.0079104943547710568352 0.10943095942715207192 -0.066229932020858944819 0.83843732510165192018 -0.54095882281448204321 -0.087471749191402561885 -0.5449406169074150208 -0.83389952460594518602
1.3131738519969458068 -7.3705793463694675438 -1.5583737425685253442 -0.93541094885423625716 0.0022521679254722420417 0.35355520715065036352 0.32456545907311895593 -0.39113397528503807132 0.86120350449504345924 0.14022702856567886842 0.92033099541273677424 0.36514002703380193937
-1.3072416610858221819 -7.0543994280485264881 -2.4742236929835219605 0.9611233717532020604 -0.0010875617042636715956 0.27611715172975576094 0.22208638571170780107 0.59724582763941891361 -0.77069777387033333582 -0.16407163542588562577 0.80205750328563663043 0.57426845627449585319
1.2945221897372736208 -6.5547829162917095047 -4.0988489073783309635 -0.92111645587766433074 0.013106256728608909473 -0.38906644772591703063 -0.37450740460512349506 0.24294127706352042217 0.89483168238210508694 0.10624819343125339877 0.96995245343954250572 -0.21886881792364315524
-6.7648624258112866059 1.1389275005168848498 1.3521446486116930341 0.99383645799130326814 0.0071094192221586157907 0.11062798436927832879 -0.1005377860018617231 -0.36262976298372462391 0.92649436511192495569 0.046703836599765249926 -0.93190617079010307222 -0.35967991393760162522
5.0037706068163858575 7.0000503253018671046 -7.4596564269321508078 -0.77321336407988705552 -0.0036062745357696834175 -0.63413570187474388451 -0.61841635073189948901 0.22562929477781837329 0.75276333497682035301 0.14036491996104688562 0.97420655721565518892 -0.17668976518831433498
-1.6589178744375583374 3.4531736103566901264 -5.9779411242975877272 0.84481492674968028389 -0.011338266985260348624 0.53493848547533962012 0.13712440797618238864 -0.96179777874259775317 -0.23694288244853242698 0.51718916875563514246 0.27352600700413043366 -0.81098636684864155999
6.7142835782401997236 -2.1630477018524438826 4.2949978427924424551 0.99327197433796954318 0.00047559102661244990855 -0.11580396715087942772 0.035219613275773074823 0.95138230147644053947 0.30599231244929225859 0.11031937198613570028 -0.3080121592576131051 0.94496462680564696779
5.4288315240652753602 6.0860717269849118338 -4.4530610786877469209 -0.9995994579561591209 -0.0012728139814319576473 -0.028271957808056684402 -0.0013153288381802016177 -0.99581911093483077568 0.091337660398617348534 -0.02827001173997494704 0.091338262746830725658 0.9954185693439054905
6.519680725181117964 6.7503043230056327673 4.0928894904483872352 0.77177676131504602264 -0.0076837475134254110132 -0.63584714414566789742 0.47268457388863238666 -0.66193376754018584673 0.58173274018035370236 -0.42535858319986091791 -0.74952294655610540719 -0.50723311039795970778
-2.3980878849697213617 -6.4729157040220632879 5.8660432657366321507 0.95920903228926024386 -0.0070083607182232464383 -0.28261089019129109756 0.27852609121653171265 0.19453589049534561473 0.94052060254984670706 0.048386453541413250445 -0.980870363600268802 0.18855259458427200969
0.67930839218731686735 0.18784713719076839844 -3.9424903348282804849 0.85734854287284345542 0.0044292875704352464156 -0.51471725971197268557 -0.31573047584295133028 -0.78523120218007080862 -0.53265957772945782267 -0.40653135507338000743 0.61918683814712982549 -0.67181836593510002587
2.8125808273911760971 5.4996781823335618711 0.93605465398648035613 0.86595173745536713206 0.0070974272545620250077 0.50007720896311114167 0.49569268274744948677 0.12068405375483773345 -0.86007216176314982281 -0.066455644369865826682 0.99266559610763849264 0.10098842327567864041
-1.1451914946566326137 -2.935031952088362317 2.1371215480745000548 -0.70043680724001511351 -0.0030523374372087054562 -0.71370789704147952204 -0.63813021825308935409 -0.44519013758179959428 0.62816842164510877655 -0.31965309886735271405 0.89543085977420922017 0.3098797698274942114
-5.44838731159205647 -2.5645608343225179127 -6.9655147736151272753 0.9902351565569137426 -0.00047374046260991505702 0.1394062777949478249 0.13589018308387296186 -0.21991951540844140167 -0.9660068658575309275 0.031115797597075264824 0.97551790466009613567 -0.21770765909229186641
-2.1482780883549574824 5.4204201152829458721 -0.10851653447258483021 -0.92691845050685417462 -0.0080154743760363165311 -0.37517720916994123925 -0.13801206338811741747 0.93698431801175097178 0.32095647393297604966 0.34896254307501245462 0.3492794582717689833 -0.86961428435830578909
-3.1882265296020597667 -0.25624519511213006417 3.6123546715477918845 -0.78834951473006320555 0.00035507609755358604531 -0.61522753233719895682 -0.5861059223456956957 0.30358808235731132852 0.75120844247240792235 0.1870424829179256343 0.952803311377376283 -0.23912540520059238913
2.7955290396009435661 -4.5458298562775398821 6.9057607181573565924 0.99773335633725390714 0.014902709066525889059 -0.065620567770963339482 0.027379150807357657826 -0.98070509140466877174 0.19356628268892159261 -0.061469762917870984786 -0.19492417232197675747 -0.97889020594317099899
-5.6037516824916675517 4.1982915935866698121 7.36770811930707481 -0.99672963701930783476 -0.0054350580039701119894 0.080625621435058053565 0.0012378796624077613442 0.99659157847042423306 0.082484503851727314361 -0.080799123394030988865 0.082314554400939779488 -0.99332563431756581984
0.28059988556844678298 5.4891930224535743221 3.2600818929383845735 0.99497483515690943179 0.0083101053011192804743 0.099779855453226776185 -0.070450347297518006728 -0.65001799564088957872 0.75664612198092917605 0.071146510596432663287 -0.75987337596016335528 -0.64616609825730197958
-1.4532507790941371351 -5.6794232726614382045 -7.3095136031149987588 0.96426929778707370922 -0.0032544511480960599398 0.26490400127808083619 0.15166455155465066729 0.82663590957933730241 -0.54191414153503192352 -0.21721552694762016888 0.56272771527768949973 0.79759321292953500038
-0.90606720051227551682 -1.5231297098566252135 -0.21942650349367587292 -0.95530822009476779044 -0.0064100410104024367272 -0.29554207144406791086 -0.005339677778332224331 -0.99922758423766411262 0.038932284028840254131 -0.29556334762694164153 0.038770430391285214122 0.9545360974143004551
2.3213412488646398835 -6.3253511466978995514 -1.7816238843568508177 0.8635166551541350044 -0.0067065467152926010533 -0.50427572666414999247 0.50298459782425741782 0.084179488283640913071 0.86018620548333779574 0.036680793653548211808 -0.99642803853735895103 0.076063679857576060872
-4.6271993702338765075 -2.907995607935730753 -5.0007068468228679237 0.95812234151440078822 0.0026653884053790982168 -0.28634677297908822657 -0.24363550208835915711 0.53304809807514197395 -0.81024778139815412104 0.15047697768440540522 0.84608074132628297015 0.51137467510996825748
-7.1498855003952854759 0.16099690298553384626 -3.0723082025909538295 -0.99108815136145977931 -0.0039439784181521343395 -0.13314924432834651657 0.011388139037532545028 0.99339343098701660129 -0.11419195050939803804 0.13271995524505203479 -0.11469061123786890299 -0.98449554451684540002
2.5508825565186388218 4.6362254755886311841 -0.48503627887434419552 -0.55691634296155267947 0.0023118842726445329797 0.83056537499070570707 0.46199823869020473222 -0.83015397635386456443 0.31209293966864443126 0.69021867142924853145 0.55752939898716535883 0.46125823014391725829
4.1949320520089745656 -7.1035110048158180973 -2.0155124555079266813 -0.9465677938198879815 0.0078498372689675098568 0.32240935432747580558 0.13055349181176539863 0.92345623281196365095 0.36081071471959014207 -0.29489862237511688114 0.38362346921888612616 -0.87513875264763996142
5.4868472112200228352 7.1738014448633666831 6.2633308553235425009 0.99828421691774638091 -0.0017979260778922393545 -0.05852682901526621434 0.0079728728826137639646 0.99439319937129200255 0.10544476441287020663 0.058009098861794221313 -0.10573047103796068269 0.99270137097887856115
4.9332241144295920776 -3.6558077725821815918 -5.1183883157702343425 -0.99013009128255924374 -0.020848909366801202797 -0.13859193813141648666 0.12442980518292431902 -0.58583111481757088601 -0.80082403091670506523 -0.064495161980947207647 -0.81016493869441030817 0.58264324092136343669
4.3847478087089823973 2.0328382184927837883 4.0951488866187721882 0.78842887157750052296 0.0064441483905146928687 -0.61509217798189874671 -0.24397933832883170191 0.92120289511020980733 -0.30308300597253717834 0.56467158325140442976 0.38902917498847233713 0.72787519814609036306
7.3122540450379363008 2.557625225162014182 -3.5796007200608679355 -0.98509817293144752437 -0.0038193705627240621091 -0.17195058038741659057 0.0652381740367268953 0.91674506214282558414 -0.39410972036354169346 0.15914009656715569219 -0.39945450735363247086 -0.90283471699936856947
-7.2272475065336685418 -6.3134217223570043842 -5.8481078168007343265 -0.99921360254130464629 -0.0013409559170830019983 -0.039627999365977932544 0.0085994064420469480681 0.9683111184687456241 -0.2495989344102890195 0.038706933556725532652 -0.24974342771563429189 -0.96753810964093422964
-6.4129431215784835629 5.6046238018088931909 7.1746176536703201165 0.98829364351523008025 0.0060293221927042563515 0.15244448649040268084 0.06293298885744978699 0.89413323505970032645 -0.44335673771246747465 -0.1389788224906616243 0.44776043286064304283 0.88328674939889706419
0.5408470493946708757 0.82941026051446820055 3.1360057786057176088 0.9925475350676619124 0.015074946274880469607 -0.12092202705021722065 0.11285731511035268504 0.26057137119124745839 0.95883564125527565025 0.045963214174080772867 -0.96533688757364266575 0.2569281542231347526
3.2583268355957990536 -3.7384535688720430535 -3.5167799015558562914 -0.084243511296342499239 -0.0059637721096906324419 0.9964273502001234073 0.8191967432552569317 0.56889066460619497345 0.07266434864404651417 -0.56729157110287675714 0.82239154005018932914 -0.0430398444403446781
4.4517570381647653122 -3.6629658102165421063 -6.3474048368272386611 0.92699549758430610513 -0.01590730523404114416 -0.37473497981720738093 -0.30971745028164260338 -0.59598801458602790326 -0.74085989732261181562 -0.21155247209480287918 0.80283575163914366879 -0.55740497615330841796
6.1620684887400081209 1.872040906389854209 0.74245200160949276214 0.8858938496065424939 -0.0018633331066454702357 -0.46388426920816266952 -0.44784998104944023778 -0.26410711289451244133 -0.85421181646736554782 -0.1209234539000779568 0.96449155564380872896 -0.2348053606470919541
6.1470704810314886757 -1.5783835454220882522 -4.1613109005003563468 -0.98470393270476952452 0.014001593176817320879 0.17367245119563470834 0.13906760755182787093 -0.53734261243686143317 0.83181916147043011289 0.10496840212933124248 0.84324781188458308723 0.52717621561140215469
-5.8965364585991384416 -7.1256895475521391248 -6.1648293253385677559 -0.99833235263047281904 0.010146928251643648131 0.056829160985618271118 0.050578280334031083809 0.6282803599872135436 0.77634117938758395727 -0.027827167475765940408 0.77792083729734673447 -0.62774582407915868743
1.3124045395027572614 5.2248269530668380867 -6.8913418771341605762 -0.59267024047763128269 0.0068971916761680204452 -0.80541567826759941084 -0.76868757022214462271 -0.30347982104573323348 0.56304477406690656149 -0.24054397817907355317 0.95281290239220706173 0.18516524403018960743
-4.5779256638433842852 -5.5158981881956652416 -1.8649753578254362196 -0.89296595448720084143 0.0079704956574955972137 -0.45005363605444081987 0.027473697143220350558 0.99894418268595985833 -0.036820046756972764357 0.44928498761043689225 -0.045243685491711663205 -0.89224212455533846722
-6.9679205912624375685 -5.2745568432754632582 -7.3260289844799668657 0.85585580870127264674 -0.00099833109465945722716 0.51721353235133549209 0.4684815815816110729 -0.42225513452483415255 -0.77603196395917051209 0.21917080652111001204 0.90647647774359896289 -0.36092180990684702424
-5.7468752747322469077 1.57034121581318864 3.6441885719302047342 0.72660347653940393631 0.0011352159501294110944 -0.68705611063848059938 -0.68439409416888530302 0.089154571306860969093 -0.72364092358154930018 0.060432704289128946762 0.99601715532407597564 0.065556956552833722807
4.3165375522212263704 -0.18965610112321595881 -6.7367639607179095051 -0.50729098728049315525 0.0001167476575531104302 0.86177482012060113714 0.83036257541889979539 0.26759686953871292259 0.48876365326890580665 -0.23055118209995162371 0.96353095528007182136 -0.13584642302706884109
6.2162902527564574129 1.5559075479562582967 5.4548636024612280337 -0.96644151553368251584 -0.0022932060090110062411 0.25687650390626493024 -0.19946680026220448001 0.63681867685152981906 -0.74476504241687313534 -0.16187585566125772818 -0.77101019060661746263 -0.61590542564151717908
-1.1217364286629969428 2.6768246948933143159 -1.5489674059593998567 0.99710990006607702618 0.012820607628923275795 0.074883103636786935153 -0.072588617261062332586 0.45166806982517015978 0.88922823130202277575 -0.02242186063605848545 -0.89209393379871360086 0.45129333414662786694
-6.9185060827608424461 -2.8858370551474581411 -6.20367157895877952 0.99872694447945176144 -0.0064357898335651066157 0.050030700375943676361 -0.045340711159911631367 0.32013739324849027623 0.94628551154275175605 -0.022106792675559844286 -0.94734926508308447968 0.3194380372847148708
-6.8286753772356769687 4.8272783453169738621 4.6838425107671435299 -0.85203495174933185918 0.0072522790636217124294 0.52343466206010058617 0.44552113760663297759 0.53505140338724266336 0.71779587048074688926 -0.2748587945533448873 0.84478837597459899289 -0.45911354028706247155
