1125 14.717824617146108679 14.977075390850430381 15.033177056927090831
5.8854578901276903835 4.7680362835785841114 2.5483953152373062245 0.96254696214664070553 -0.0077083056863997889349 0.27100540158028962878 0.22189388181262167943 -0.55194798239454423427 -0.80381374082854817331 0.15577692664952388912 0.83384291491501716376 -0.52956542784590643347
-2.2916689127953193683 1.4737616528459438481 -5.5424555233075745164 -0.81881071935026839004 -0.010219707123494507772 0.57397261560407597525 0.19275578767470247232 -0.94668771661570461085 0.25812317510604637638 0.54073488161485117054 0.32199056631401401507 0.77712795793862821103
-2.0648205818262646005 5.700862158160713733 7.2789866312573385798 0.93958620453188457233 -0.0066418993248275439226 -0.34224793560603350429 0.18354502369714859045 0.85371260749276789426 0.48732536162596945539 0.2889446115249433289 -0.5207020923534422252 0.80335567620417802637
2.1690651561840956774 2.2533488256243470182 5.9750165979371185898 -0.98947707786477101521 -0.00059263880562663911675 0.14468849698384228519 0.054139791579174235958 0.9258324048120987193 0.37403641690025613009 -0.13417896760656689015 0.37793386588017813255 -0.9160578571645412449
0.26297820889835171743 -2.0286960332429959664 -2.6722058634847543068 -0.99047831859056911785 -0.0011436327414909349537 -0.13766405669676259893 0.013624942966571200811 0.99424186237234235541 -0.10628960455103056426 0.13699292438378887771 -0.10715321372034644631 -0.98475942618397893646
-3.0499398293932182824 -6.2888863272218431533 -0.21231791690477580525 0.90930464359426810272 0.0061223005398792339909 -0.41608602785248355316 -0.31697847633279258028 0.65801786828616404268 -0.68303523376018271396 0.26961029409077968966 0.75297742492869113029 0.6002793406973835344
5.10199323581921238 -0.51188895394658484594 -2.5485289982994601132 0.6854678378744377687 -0.0061517475789509357478 -0.72807691849243594273 0.72203199074494373022 0.13460469683715764466 0.6786393592552038001 0.093827754852504219318 -0.99088028115975812504 0.096708949059656545977
-5.5816653664070541296 -4.8339370351211066179 4.3894905953679943522 -0.9058501577103080793 0.00030282034443058136394 -0.42359815872615269594 -0.18597266021967584493 -0.89875611582981373981 0.39705366628372518178 -0.38059119988132728007 0.43844880266493779786 0.81419468557244001339
0.050753614414774425589 3.8715749050877130699 -0.48940859549377979665 0.99970123930836263249 -0.0013401458932285059689 -0.02440565783559106583 -0.024428355519951858166 -0.088654324696601075062 -0.99576285638664452371 -0.00082919961156799164292 0.99606155167315213461 -0.088660575829563798012
-2.6618858718865165969 5.1952906567019807582 -1.7351178710357666457 -0.87200593188358854757 -0.00098477552978332985253 0.48949431557168859852 0.46281351205456039422 0.32398825219534677089 0.82512742379539394388 -0.15940297305758743818 0.94606059142990084343 -0.2820639103534073322
-2.2819695984649754905 4.1434809750316983212 -5.7709677152811824641 -0.7788275742995824924 0.00021619273023561376423 -0.62723804314736442134 0.22703457063051024623 -0.93209673175858365202 -0.28222506335130015387 -0.58470754505926925138 -0.36220938130552948753 0.72589355338440386678
-6.5149270954303126757 1.8565905135080802424 2.0599333649984661321 0.99758092554980426492 0.0094198958890851832576 -0.068873525687464604017 0.018152182823159133951 0.92110093148311888989 0.38890046577442888287 0.06710287056402942929 -0.38920989142396672511 0.91870172808134342723
-0.33091416286826608184 5.6013640506407860187 1.9974424266802006667 -0.33913164916439797469 -0.0094487984795172830915 -0.94069147160072352776 0.10645125644765369988 -0.99391243466216239177 -0.028393700442293737241 -0.93469666445099808261 -0.10976699153835382805 0.33807299956204911462
-4.8828119350350460692 -7.4130913681525694159 -6.893780219528669484 0.9664119136582373093 -0.0026953934126472296751 -0.25698394501197374673 0.1161637127144364845 0.89654909889828016123 0.427440879085349279 0.22924660300197338691 -0.44293616709325334124 0.86674883726080897972
0.76398745723056094015 -3.2178878172716069983 -3.3897890275815680816 0.83728179957043769033 -0.012226355086287870461 -0.54663489126599962287 0.29777002784064360297 -0.82829214787094995742 0.47462103650709291935 -0.45857627351173557706 -0.56016304235158065339 -0.68987329804500885366
-5.5549567917594497857 5.9960788100038078241 -6.9026667877909577697 0.68332836645605665726 -0.0023347044520436455173 -0.7301074528805017172 -0.61582656102290422862 -0.53901729638200768235 -0.57464597879010048675 -0.39219891679494939263 0.84229145986173648009 -0.36976358164193290357
-0.17602349575916781399 -2.3118722116691352575 6.3021913252931636151 -0.508282900311764263 0.014964505882435405471 0.86106013542281356621 0.86084048065577489783 -0.019661316119825821003 0.50849493558223479717 0.024538950975455161435 0.99969470150251593665 -0.0028885416552586230809
6.5561795058614498188 -2.6203897177222348347 6.526275337827700973 -0.69096759950841402098 -0.009149560714149233831 0.72282782318357730045 -0.23977090566157860385 0.9462151403111054293 -0.21722527717658626778 -0.68196311427223432755 -0.32340871012542155016 -0.65599780257808981698
-0.51570569430334456396 -5.8140220112986371603 6.1656140679600870413 -0.99696405385322439674 -0.0095141581320455533011 0.077279726444757279591 -0.0073839909931420182748 -0.97648109623630952036 -0.21547655410776941909 0.07751227000514906984 -0.21539301169766100763 0.97344629975692675838
-7.1327666821634956307 5.0890250707573869704 -5.8611996820913931927 0.98752337190354155805 -0.013358817775737226452 -0.1569048499306540112 -0.14057291937370158807 0.37427803261406167312 -0.91659980833578080794 0.070970728352450565546 0.92722030623277029715 0.36773041678251799924
-6.7787900794753568334 -6.2823458974316954695 -2.7011702989877539594 -0.94675350959484327884 0.01114211314632535671 -0.32176644539870707939 -0.32077321700043448516 0.053062322940845160768 0.94566851123385486932 0.02761042058836916599 0.99852903973731366172 -0.046662848993369067385
-5.261429835997802229 -5.7848369482617822968 5.020096314011613714 -0.96907400759865192086 -0.00094185966884310131503 0.24676847589740968925 0.21049353590759281585 -0.52507206998801003728 0.82461614867745003377 0.12879456175455653022 0.8510572449716473642 0.50903195051352589928
2.5038668863612700832 -2.1617899160830780225 -1.7551348823451782266 -0.99357627726811303948 0.0037049057296117838406 -0.11310373523301935073 0.072195932329665868377 -0.74889263822222906786 -0.65874696490505257884 -0.087143150076051389963 -0.6626809866671226068 0.74381448043496301015
0.53632998759249916887 5.1563102804060605422 -3.1783693981568252873 -0.99722273375655223759 0.0015987784598671178279 0.074459809203710938807 -0.020879319068746342303 0.95367642420179621343 -0.30010886684153137427 -0.071490372180069122754 -0.30083005473042018219 -0.95099442945608358979
-2.4849148085250667428 -3.8663596113378644326 -3.4463724494131797726 -0.88211824133828564687 -0.0048021760184456026982 0.47100355349365669033 0.46674077750356213201 0.12569577001813136974 0.87541625528367117415 -0.063407057285007464853 0.99205721231444543573 -0.10863716022356575963
2.2258786244381139063 5.2414385366892037865 3.5201384279328857829 -0.97643262338082925655 0.0036683178946501845963 0.21579127749135254555 -0.06823183230593858617 0.94332593919429408302 -0.32477775401553132806 -0.20475289755632186672 -0.33184742862797583784 -0.92084392545926185836
-3.4396740310884390546 -6.1948301157620777602 5.7518842004745520669 0.5964864505710616438 -0.0072683594124729120067 -0.80259023494978354307 -0.19285553784352707507 0.96936552056026170643 -0.15210926688434975307 0.7791088857202717044 0.24551508813196903924 0.57681165530115441342
-7.1040324001073607008 -5.4176399736949178987 -3.8388021893828208064 -0.99482775907490716971 -0.0093758258593622453847 -0.10114259074864713484 -0.10133780483476814704 0.15979381331075445671 0.981935123385880404 0.0069555075418005207766 0.98710588647682273589 -0.15991744682112107867
-4.7932580134334861199 3.0335411929216151705 6.7790854944279415051 0.68227918774974671834 -0.0013694424495014610212 0.73109044214181206911 0.5937228667971065077 -0.58247314655688431362 -0.55517401864848425763 0.42660082911995417243 0.81284879169962853673 -0.39659623602177562773
2.5973781066797947403 -7.4442254023410923125 -4.6687851349984832439 -0.99992499487560193572 -0.0098724791893886783278 -0.0072483637868327481166 2.7080682000208550209e-06 -0.59199550754555263499 0.80594126277192834618 -0.012247637143488632888 0.80588079341829632618 0.59195113158431755807
3.1830891781838395183 5.7393889369527304467 4.1309251928224135497 0.97355369577456118968 -0.0047757826372363124459 -0.22840839157920789226 0.17611545169118600351 0.65252196292533837241 0.73701996959084536964 0.14552164484784571585 -0.757754762307845664 0.63610625769630835258
1.5692525550718252614 6.4447461760472846137 -1.8040456666496103022 0.93966271628720388076 -0.00024729767223909994434 -0.34210220470474783649 0.017596326249604388181 0.99871097737397052096 0.047610429270736075169 0.34164945327413376308 -0.050757487296852782377 0.93845582131546301241
3.291643812870362229 -7.236479016637788142 -7.0111661525840549558 0.84759853348098912473 0.0026767814833977107876 0.5306312852459873497 -0.13240683854687576582 0.96942321870228598257 0.20660845129595800662 -0.51385324281065292151 -0.24538023123671312553 0.82203612266817083221
3.9542988611112295239 -1.2188028714296799127 -2.3131930685327315445 0.70345723169891838378 0.0015958277183259865495 -0.71073579936887243402 -0.71062540264971496562 -0.016187840995081286682 -0.70338431238751042418 -0.01262775829201259227 0.99986769481659010239 -0.010253418098695933625
0.7815581536021080078 3.2448715888785146788 -4.6056087668072214214 0.96251356328823201025 0.0088858002127175580998 0.27108796181458832963 -0.19408211845997858092 0.72074623915496449644 0.66547501082916538095 -0.18947235096523051823 -0.69314204987044625295 0.69545260580515311233
5.5151103734429147707 -7.4412590443937753903 -4.4669824389861592095 -0.99960214781135758866 0.0065435331518283734731 -0.027435893727320723873 -0.022161615944482099261 0.4194919240051955267 0.90748850597299035581 0.017447316970216873028 0.90773548342465970595 -0.41918001295650597626
2.9664787010792030841 -5.4292695846492415868 4.5326016719897177509 0.999794729363275958 0.0066864570169276110398 0.019125648485062252818 -0.007424662949252526685 0.99921977047299959107 0.038790780809926005135 -0.018851353200833316504 -0.038924819695388829244 0.9990643046841936048
-7.0807855058254540737 7.029653146553123122 -6.3675564272290010592 -0.91758290893002381061 -0.00010478169686709525033 -0.39754445570304847157 -0.35636096023024521617 0.44345213448107284604 0.82240930834227476964 0.17620576398979875821 0.8962980494483716587 -0.40694143963453366375
-2.424431092264242249 5.3977400331080955809 -3.2891702105394875488 -0.99967947970305270911 0.0073294345132614594981 -0.024232565904835891291 0.023875245031383114658 0.59131239419625769571 -0.80608909256034055879 0.0084208393469078907101 -0.80640928309366066706 -0.5912978586168693429
0.29209052990783546111 2.4426123495356963922 -1.1463330712349699692 -0.98272135446750019661 0.00021040204925564746224 -0.18509104571720635946 -0.14190073113552026385 -0.64291746120756787519 0.75267610602272871922 -0.11883990060968012414 0.76593543709989475587 0.63183857449330771416
3.3583712483723107134 -0.47497902139241759967 5.8394366242224871044 0.90508309633356376356 0.0081178570766402974312 0.42515725223478162409 0.41466063654579465858 -0.23842662900985961416 -0.87818523050565155952 0.094239828261391087039 0.97112658442417221227 -0.21916206741538837854
5.9669656469681058297 7.1731747547602147108 -2.583382066674378752 0.99394570521728198287 0.00010129141518206655898 -0.10987231143531284161 0.10849950762700741325 -0.15849221366300986213 0.98138069832910146406 -0.017314500419924702679 -0.98736022197998773997 -0.15754364514941926467
3.2346779272016079609 -3.9297637897211652458 -1.8841044881902586638 -0.60146239008655832947 0.0049904397209873455066 0.79888552923605860023 -0.79628983654525020697 -0.08452998006514025886 -0.59898011543355977881 0.064540603700562193534 -0.99640843933683753697 0.054815440273640554658
-1.3604266632646047075 5.525592176545241152 -4.208418360852707707 -0.94562913921346647417 0.00094850256123518456725 -0.32524549407080710628 -0.072943563010224879428 -0.97514106047819670842 0.20923467395459616203 -0.31696177637977757113 0.22158296981580993812 0.92219098878796279539
0.3583874450939489309 -4.4468982075403431509 -0.1784041806680559672 0.62856989008019736875 0.0082930379633208255175 -0.77770889078491545199 -0.69937890798534474435 -0.43142442258013924405 -0.56986148375421930012 -0.34024849206091317688 0.90211096497203779876 -0.26538042604439565642
5.2294808986999585798 -2.8635300611933902637 3.0174391963490672097 -0.99979187398551960797 -0.0023036163306366253672 -0.020270719385872909557 -0.017290476113312511219 0.62304338025722083572 0.78199615456435700445 0.010828118414190948324 0.78218389121069886727 -0.62295353934474129165
5.1083023227884361006 -2.6548416874602516202 1.8104260138846512973 -0.99131806402780964227 -0.0096899730967042237845 -0.13112818291098951584 -0.091179961281491028746 -0.66787539981574717274 0.73866681594725647209 -0.094734949162723222638 0.74421002058713636718 0.66119341698536704399
-6.520542768260908062 3.0681008076982387855 2.042972486297238266 -0.96211553863303223011 -0.0047456620647886331096 -0.27260075020520402322 -0.21286169269606441956 -0.61169050203375952002 0.76192166887691492594 -0.17036311250809563211 0.79108293396660855912 0.58750676718085204087
0.46400057826910362513 -2.8299445733452470719 2.5029550568783136555 0.88329969377944039799 0.005514576382788319471 -0.46877632237176170005 -0.047314809769737217748 0.99587378095352818708 -0.07743849937746703771 0.46641500806205732355 0.090581465304472724709 0.8799159268917412513
4.9227797746961190484 2.251730178490484402 4.7602820137868206984 0.71668051097214935385 -0.0044747397840194476012 -0.69738728257446269687 -0.69324821351469978481 -0.11354436996851652308 -0.71169838450509492755 -0.075999734548546540869 0.99352284963771464454 -0.084477142448220340909
-2.7940486023193660259 -3.1175197921090211928 -4.3691499525462971221 -0.93832274990173780704 0.002732131859762753235 -0.34574984088516580449 0.099881296333058949832 -0.95519536292822260215 -0.27861361288222125099 -0.3310198538749964392 -0.29596343371428357472 0.89600865076441316148
-3.5857278199319084777 -4.6727153822837870223 -5.527409927732732875 -0.98985232207694640039 0.0018096718618749066225 -0.1420883723842915336 0.12156081536542993893 -0.50704253796857867709 -0.85330582610114591446 -0.073589052492614367984 -0.86191913180890455948 0.50167724841281302606
-4.2524292742415124025 -3.0927382409775803218 -2.9962779262036014494 -0.94795907473621865424 0.0026356913725510350624 0.31838128989671860003 0.0019238865851631779813 0.99999489774775918161 -0.0025501252842559684643 -0.31838638677827313384 -0.001804884912289911672 -0.94795930878112699691
-2.8960346545834161347 -2.7756928455347149587 5.005027333113251764 -0.97772743030126296748 -0.0060457853260802180834 0.20979161212053618057 -0.16976517053845516236 0.61052121691361782574 -0.77359138475721156425 -0.12340526288787315168 -0.79197682553097703551 -0.59794970433432326207
-3.984844705587044178 -0.92232666959577158661 -2.6023833505795579413 -0.99354250122003717749 0.019969449693394300538 0.11168938780572326697 0.094740290174839397741 0.68766574486151055279 0.7198194917906494128 -0.062430566928876121691 0.72575274331071415457 -0.68511705561160551881
0.90971622130880713808 -4.6017189931054485186 4.6414330801675056648 -0.97467368901196926867 0.0085600171526242843645 -0.22346795308060263263 -0.092768482745215832819 0.89375727767680501756 0.43885297903606951264 0.20348269842134650287 0.44846923496050905555 -0.87032760311109713669
-1.5820465926376834354 5.6173220092723950003 5.1141348732606681793 0.98276126720156153915 0.0024825946379680367652 -0.18486245809301116161 0.18342449652869580179 0.11209212383274082259 0.97662214282072090654 0.023146182439676324383 -0.99369471795846109341 0.10970442898963664313
-0.015328598301366850448 -5.2469810504682001806 -2.6757920462575457421 -0.99178061142156859198 -0.0090352230539238014007 0.12763065287252628455 0.041724493867739340103 -0.96581377147967617525 0.25585704100488515511 0.12095571677182999359 0.25907937695743887829 0.95825236290628879043
0.25514277245716365794 3.6619475570947082055 4.8189067067352331364 0.99424395568179213534 0.0054647400995204691715 -0.10700043554052145189 -0.069318091697943146068 -0.72869870590775498442 -0.68131725221936956238 -0.081694300618620277477 0.68481262592345426565 -0.7241254785066503219
-4.3172554051105791473 -2.137947240444212138 1.0857420350075044357 0.97623771082939814203 0.013729238552356129097 0.21626705704575432954 -0.094956637166285884355 -0.86997506861371709519 0.4838663214654316258 0.19479006394716338879 -0.49290454248182119512 -0.84799878713837950617
1.2599483897359331497 -1.4131690666931875366 7.0837664655413927761 0.99842652861565184264 0.0042966918364154707902 -0.055910691246611396443 0.023803303218742199315 0.87029811974889148551 0.49194977946670032098 0.050772726067135343087 -0.49250656970308664961 0.86882645510306644177
2.7622281248284261679 0.54519744648690771083 -0.33135776382154780162 -0.99324688416381201606 -0.0060750377033062952919 -0.11586078290648059441 -0.0063644418109260999031 -0.99427148962347833283 0.10669441785921163213 -0.11584524582058801367 0.10671128730728110523 0.98751839485752035408
-2.8638119102542010097 0.22215906552254302553 1.0558601989958351641 0.98000862891871420857 0.011949462306546910356 -0.19859581464761438818 -0.046096216725212794951 -0.95739562093427188483 -0.28507676829173644872 -0.19354127737665594022 0.28853220854287875419 -0.93770514480025302095
-1.7209378024851036404 3.1906808567706392843 -3.5385339314631489849 -0.97973435535817943176 -0.0052571962621141823599 -0.20023225219331253211 -0.0062369205060475675292 -0.99837008213647659982 0.056729885575526869945 -0.20020413021096847284 0.056829050513487730512 0.97810468011561502166
3.6358393382636737812 6.74866132044167788 -6.55775986930860455 -0.853124533899210169 0.002711682615636024779 -0.52170027452233502796 0.52164928597173709779 -0.010481494718113467182 -0.85309563397878707125 -0.0077815232719347223952 -0.99994139080539379272 0.0075274729958139316444
-7.2308033078251865433 0.15305671207071358531 -2.4001375463643119801 0.75466906373432762756 -0.0087138396005508357567 -0.65604776750009807795 -0.13893611619766721432 0.97511333706653502418 -0.1727736539264666249 0.64122644974954301489 0.22153566050319570269 0.73467720208754883071
-6.0093043046250773642 -2.3112350934136491887 5.0908863944620934561 0.78638667442616072556 0.0068616507815244167506 -0.61769645946337681242 0.17772241970336868921 0.95514834428097805663 0.23686785757462044955 0.59161705504469208616 -0.29604823621461034966 0.74989646086270900227
-6.8879653847478543582 4.7531524318697710996 -1.894897855997883962 0.89808837745399872077 0.0078227624908524962671 -0.43974546122634394774 -0.22976969932753782411 0.86089639271618767502 -0.45394194152917255458 0.3750242012898314381 0.50872016413280007896 0.77495847827582553524
-5.125526777665822209 -6.9081029680807883864 -3.6079724653048450556 0.76385219440531226809 -0.0026643463854039498018 -0.6453857190553236034 -0.12833477692440165008 -0.98064902854983038161 -0.14784338955827019957 -0.63250297243085040755 0.19575592982743711401 -0.74941284069817604152
-1.8528186164544075964 -7.2326297469185112377 -5.0532574381716370837 0.96456937756391902816 -0.003249421163576307614 0.26380931963821752095 0.17735361321217169017 0.74827359218527689233 -0.63924355852738157235 -0.19532437570988986364 0.66338229739738352464 0.72233808964584289569
-3.892296107346642664 -1.4561624837350395367 5.9208106067492023428 0.96141776378722543228 0.0080926506177453304269 -0.27497343959053310858 -0.14641933758072681049 0.86127145299270158052 -0.48659311733964388802 0.23288894575891325167 0.50808069562404922781 0.82922659489272521061
5.6103651491156938391 -5.6672449109743014972 -6.9264578248266834848 0.9974794447753828619 0.0080297245148665992442 0.070500218260514849189 -0.068361255972755066712 -0.15748236013531563549 0.98515280283218686908 0.019013046373565867936 -0.98748915425463101858 -0.15653649509675676699
-0.69374050471246329064 -4.4018345970472969597 -7.2020496396820048446 0.86519611469008972371 0.0020489394675685503391 -0.50142944166859515498 -0.50125766930864190662 -0.022955282704509815533 -0.86499352827356124074 -0.013282773969148186505 0.99973439314799761313 -0.018833774785492043979
0.043876169964012515234 -6.8698395576510602467 4.182505072478874375 0.99662632391824168554 0.0048902693412708336806 0.081927136767846700516 0.079561727037534502038 -0.30260711624550629129 -0.94978885273959312574 0.020147011292310158109 0.95310283729682143683 -0.30197529612975992919
-0.12428807257824246724 -6.5491252714765613163 -6.5786752116321469686 -0.84713161818485460675 -0.002088424567854126751 -0.53137901723193770032 -0.31114016640903480182 -0.8086958409814909432 0.499202197136919823 -0.43076654735316188827 0.5882233209097802451 0.68442202362244641822
4.9719965842666136169 1.2289632708241216008 -5.2631189794462835962 -0.66263699310560464362 0.00091785592445101180786 0.74894016644086502943 0.26737034833936268452 -0.93381453013335280477 0.2377046910357097087 0.6995893882820172216 0.35775631490167031368 0.61853464490766030259
4.4185801807952023168 -3.7725752921510204985 -6.7175506260460347008 0.95761867791597232724 0.0027973622680845878011 -0.28802541983445595353 0.27715475236476483367 0.26333782051023163495 0.92403378484268694493 0.078432843554941011899 -0.96469962529961672537 0.2514019132755578867
1.5782754919305364005 -5.4605032621313966956 -5.1478868811641289582 0.96484620235525719867 -0.0005306442982720157393 -0.26281461948940704199 -0.088440490339508445738 0.94102164901583806866 -0.32658312227048497123 0.2474875460891876322 0.33834593909212773433 0.907894233945081508
5.2017841871493732953 -1.1807947162281930975 5.8338127641655823652 0.98796236746693832931 -0.0049225794566999788934 0.15461606863683180491 0.062358610960712476667 0.92736182107921028006 -0.36893286170214900643 -0.14156893765317768441 0.37413342675595201436 0.91650554546904927644
-4.5119496558483973558 1.7941727617054088473 -1.6608617353932255689 0.34359680443130102834 0.0081501426763639275158 -0.93908189800405694747 0.11984376476806024581 -0.99216719140524389786 0.035238279544024739276 -0.93143905223627654344 -0.12465087032733182526 -0.34188222021015457486
-3.4446980433965119772 -1.9701771358223747477 3.637477445692307132 -0.88351239569141248875 -0.0052057330688503678298 -0.46837884986703448575 -0.16380390612834291875 -0.93336875052198831071 0.3193603855930212676 -0.43883268679149495251 0.35888114452042041425 0.82379014142624717998
1.9485625046680030703 -1.0424738439133589551 -3.4424303397404831806 0.76630102913070929915 0.00023960519466448455816 -0.64248165370114163064 0.046563778385399476334 -0.99739088135052511586 0.055165608319691195049 -0.64079212487015013711 -0.072189835767589499715 -0.76431281574769605047
4.2811685190466848283 6.1716275919545289241 6.6829813637712343066 -0.82693724992303330179 0.010404357915703908027 0.56219794914806975328 0.17586367724893431363 0.95445486137441515329 0.24101428302752847532 -0.53408496675564132161 0.29817388707791575575 -0.79110402688299863438
-2.465357912037585475 1.2664356933001785777 1.086675090984327019 -0.99792382597608197958 0.011700306148288881769 -0.063333564444502415958 0.0085183434421534816317 0.99869882327177417203 0.05028019710119106811 0.063839449983642215791 0.049636309608697873341 -0.99672501794340029324
2.5596245759147566723 2.2493089824866201454 -1.0221843635743599332 -0.64450032841912430204 0.0026509810854974009964 0.76459943693859777625 -0.076398014974704206437 0.99476637968592129813 -0.067846835993714132984 -0.7607776744723071527 -0.10214118731306809362 -0.64092472871528372025
0.99372890261294599679 0.77340107747242947678 -2.1326530868910973382 0.98341842462222228693 0.0059908148856508899871 -0.18125206826534209781 0.16551810946545614245 0.37876912117800021207 0.91056999087441603535 0.074107742864279693706 -0.92547180561009001476 0.37149694409043781951
-4.883275788203404133 -0.55922357520215559834 6.5379646938662023814 0.61774297941947509116 -0.0024881124187957834315 -0.78637613180633159082 0.7677859086050414783 -0.21426509686952277534 0.60381724620212717802 -0.16999532324631230762 -0.97677237755788737239 -0.1304504216715998699
2.894400587332807806 6.9329592104309982759 6.7183717097021267151 -0.95054452877335993133 0.0066110123261981634107 0.31051794366028301342 -0.1693730535572896545 -0.84906521496006304162 -0.50040086877777378849 0.26034182827134305649 -0.5282466803122504162 0.80819402199691292576
-3.6393973499938159222 -5.3062516961892631784 5.2234830390469673134 0.90648233820594426025 0.018251650978186623187 -0.42184908173096563599 0.24338856510413572898 -0.83897756740999962499 0.48670180578999605592 -0.34503880491501937033 -0.54385983361462852947 -0.76496059015056749875
2.3129062388483827561 -6.1798874046753748956 -3.1721269317431621815 0.97589927022618860875 -0.0091299422421975487407 -0.21803040734439793624 0.15783500756481136373 0.71948253110514470698 0.67633793167423283954 0.15069414308160711258 -0.69445052493980419239 0.70358350154891691197
1.3591435696364888575 -4.1873171964736899398 -5.9676195898346522384 0.9490932218294501066 -0.00095776257116818460345 -0.31499387131866390943 0.28755299345400442412 -0.40559133332585273202 0.86764563405038963584 -0.12858978277089225251 -0.91405402084437070709 -0.38466857779798890871
-4.3719474569007745757 3.2635453914057577229 -4.3461053644998859369 0.99862975977801571315 -5.9092260544598221306e-05 0.052331628999532135704 -0.026967581424340827251 -0.85757805451509372396 0.51364640558106477997 0.044848104059824617229 -0.51435384408238471465 -0.85640456014665833351
1.563138102816703956 -3.7753753867203063699 0.49043324074368072063 0.5932667820814861992 0.0077229458257720663347 -0.8049688698243452345 -0.78431178744128915437 -0.21972809870483414607 -0.580150482823483582 -0.18135475003272683026 0.9755305831942855388 -0.12430018460657825397
-6.5073035091574613631 6.6286166332749667518 0.97265614198867611506 -0.99263725602544150561 -0.011156038703315062505 -0.12061020168520041052 -0.11952295775532174871 0.25163376809102538934 0.96041382191515400901 0.01963518575182823106 0.96775822887567164443 -0.25111445582386782149
0.74235574269842496964 4.0859652978729945616 1.2572972149268426545 -0.59752027690136233495 0.0022881285274027884924 0.80185053667103034503 0.0087520307435221753045 -0.99991775102846125467 0.0093751339192624273677 0.80180603680042961123 0.012619653164087481223 0.59745110570194015498
0.83332931603027315948 -6.5299546437543787292 -4.7233984189482631777 -0.7677078284139617903 0.0061213751464145507025 -0.6407708006442722759 0.25549525589755295307 0.91995798249909566113 -0.29732050829064665676 0.58766220263499890919 -0.3919691814449997036 -0.70782292728583162678
6.6574688031981787972 5.3361644806193337942 0.32346065696613085505 -0.99232704572967456169 -0.0010392190607644217863 0.12363637950525303844 -0.033319502901662606531 -0.96072247713792435775 -0.27550341676330281082 0.11906655718466904736 -0.27750899435084341871 0.95331627124191276046
1.6863174053066376512 -3.7410519111038085249 2.0839569857071986725 -0.99923960340216499976 -0.0087168454069982137522 0.038003047231594491717 -0.032936250701716074385 0.71034647751477797417 -0.70308113704759034324 -0.02086668115563161327 -0.70379819443402602541 -0.71009343267556523926
-0.79832331712061410656 -2.5395843028234850181 -3.8352352508729157243 0.76230440225320117431 -0.0010148765225623419817 -0.64721786774705480916 -0.64659340436013024167 -0.045139645050882824806 -0.76149811679515411189 -0.028442358259990481451 0.99898017120975146632 -0.035066362604174151907
-0.28748609864582996831 -4.0122614577153612458 6.4153559082170552585 -0.84411127762507964789 0.014173704828045512877 0.53598064990964133791 0.14444503877425268756 0.96870261742111596348 0.20186844670444581418 -0.51634463467691560368 0.24781917821832594173 -0.81974012537359508546
7.3561911503510453159 1.4820500292328386838 -7.1525128726418758518 0.89025257222932652201 -0.0064512043807498494971 -0.45542149663914011093 -0.10071927329477853297 -0.97793398993500502137 -0.18303207182570063738 -0.44419138400687996349 0.2088144949276420359 -0.87125801062732077806
3.9321754786523177572 -2.9173654359114635781 0.16884103250796977935 0.71583697507468080357 -0.0014182802191979081499 0.6982660048986168988 0.65453150165583540154 -0.34698499574147784186 -0.67170672623584637417 0.24324049509908654554 0.93786960778748285072 -0.24745638066623101836
6.7476262108051994204 2.8553302681110372951 -1.9486903959527694941 -0.67751279351178039789 0.0024941630283477713749 0.73550675984565461185 0.66581839062975922694 0.4269651627473595723 0.611871408466983846 -0.3125096563741703859 0.90426463435819104397 -0.29093501975868002463
5.6011981165843733876 5.3307486308732814351 -6.4240134099301089421 0.99998809872598848347 0.0030270197679232290627 0.0038261674939604126133 -0.0048739768759380776297 0.65458861463072859355 0.75596956945713256193 -0.00021623084853578805609 -0.75597922110805237939 0.65459557781657828901
-7.0615994810862732223 -3.7158054222505669806 4.1015971530825190428 0.64453085315978231318 -0.0057647513757021692782 -0.76455656884671074902 -0.27735303340937744743 -0.93362169920405102541 -0.22677261217769761892 -0.7124993152163957566 0.35821402878290609095 -0.60334686159739603362
-3.7870689491712985486 -3.2191895372635781492 1.7867644318290307748 0.9574790616139783328 0.0042901456121386301323 0.28847086719695996804 -0.088458842376907168004 -0.94736327384864571499 0.30769767722260704668 0.27460677299751273805 -0.32013188221954863577 -0.90670099713774232608
-4.044257016842305319 7.4498427937556979117 4.2602331196318852236 -0.98957283346115543221 0.010242154845319170406 0.14366873542889763149 -0.13610613472736626806 -0.39284534577274027312 -0.9094765826530787356 0.047124594058604724056 -0.91954751512304178096 0.39014310203559243728
-6.9181900968080469738 -1.3163008649084213531 3.3339062612733223467 0.96075934976540078303 0.0024310645212044425939 -0.27737260456558249233 0.25600069207804027061 -0.39276437509578338014 0.8832891889472522795 -0.10679474469168477591 -0.91963592556004880585 -0.37797439982803721081
-4.3072590100877379271 -7.2591308064094199892 5.7648840201407658412 0.95883781674647372562 -0.010604699295421992841 0.2837562008655344914 -0.1890875486679910733 -0.76935873746014782348 0.61019097996644933168 0.21183942058907018202 -0.63872895147051145237 -0.7396954687152087482
3.8280220146784005308 -0.16960225376855161961 -6.2707135210822402271 -0.9200844737446559618 -0.0087430282272955434086 0.3916224210020846086 -0.2427517663695108463 0.79736371284201301712 -0.5525239265111775433 -0.30743477535658397803 -0.60343572060353822817 -0.73576435765883307916
3.9537673004780486963 -2.5481904245283293342 4.7171685548865012194 -0.9935182028727100878 0.0010564377619245296763 -0.11366822115160565843 -0.031327254486425655522 -0.96377820689133730792 0.26485877566648585724 -0.10927114754982983347 0.26670292810631929248 0.95756428737331833467
-5.9017040731406389398 -3.7137079467376659103 4.4114486187787340654 0.40590996255107347768 -0.0087425457849701401075 -0.91387125471538188659 0.0099317465382272908381 0.99993739350471944061 -0.0051545593049172871297 0.91385910440969198021 -0.0069840506960007851106 0.40597137869977761859
-4.0462778953296743012 -2.6283303161655959812 -5.3946238798372370127 -0.52778382041071358888 0.015798063054443846343 0.8492318058789065649 -0.8438060480914317818 0.10459046270684167756 -0.52635747198555116189 -0.097136976053896026406 -0.99438989149851286786 -0.041870652832477289751
-0.80819400070217051191 5.2861423390241926157 -1.462174107752826302 0.79678050955887291806 0.0091918801015668585852 -0.60419891503316502934 0.31257988775716105678 0.849443835838910144 0.42513407711587020144 0.51714082545949791037 -0.52759897563928104258 0.67394709551098841427
-4.8530024638669129189 -4.2919199937320566818 -6.7469246985333093392 0.99386304967848204672 0.0032627587906173594924 0.11056940304209084136 0.0099778707616798908292 -0.99813445293292391014 -0.06023334594166546152 0.11016660373756642644 0.060966944103683202993 -0.99204150676654667684
-4.1372133963897281816 -3.0100369928199328662 6.2947290429752182916 0.93916042584663605997 -0.0034961380732864183636 -0.34346101895560959827 -0.29141791303519870571 -0.53738976507643110292 -0.79138349765033244587 -0.18180565031279369292 0.84332675601439854862 -0.50571403787586666212
-4.162096054011066748 4.0582447672087553769 4.8210815710768244458 0.96320270257835505223 -0.0069530741719516005878 0.2686860779893855411 0.11694387449105646259 0.9109233801475749015 -0.39565480626358168204 -0.24200141314620107758 0.41251696966302009439 0.87821698103328360574
-1.3179889755468989776 -3.0125817572795958732 7.2940398410874873747 0.26606692726450614783 0.012109759062963472431 -0.96387849024207361559 0.61802438028354633737 0.76522511366875889394 0.18021207169839745244 0.73976635202691254367 -0.64364887877330601018 0.19611696831923847162
-2.299244435016271737 -0.44506182566160618075 -0.33874193303179933601 -0.73949107559244053878 -0.0030032223110769027882 0.67315966142876826339 -0.51494450278871228832 0.64659654527307619531 -0.56280108980757637127 -0.43357249470733755237 -0.76282625039821161383 -0.47969886755808527345
4.0412102343658586889 0.38981477240035122822 -1.6198951262156568998 0.9154119870055745789 -0.0013133635256083108986 -0.40251604827978199053 0.035324486972428154052 -0.99587433288001225851 0.083585248285242996769 -0.40096517887060856289 -0.090733611120821788809 -0.9115889079768030312
-5.3075762876057845929 6.2579130791748562856 0.13455785348513357724 -0.9219538173356356392 0.0045651041718508160797 -0.38727292511137451081 0.21038775524811847983 0.8454373476860933545 -0.49088968575341057621 0.32517403208443740326 -0.53405510105359621509 -0.78041463203639571677
7.0025774096287136672 5.4124920965616807322 6.2121592438838479922 -0.96934482802968680026 -2.6686659243164555927e-05 0.24570430126418546513 0.048250437063005253979 0.98050797872745054651 0.19046259206189583568 -0.24092011060748702578 0.19647926847260721583 -0.95044905037849813922
-2.8583629545180873066 -3.6508512098879672969 -5.5925871724244027305 -0.90506764521714078153 -0.0021687664266680636502 0.42526210039609763092 0.022602485464485136402 0.99832829979263837394 0.053195239297634776265 -0.42466655770374778234 0.057757270410587431553 -0.90350562393533317973
-0.90831376099927063628 2.5763334943892415296 6.0206291609337663218 0.99975677586544053899 -0.0097876948519762425882 -0.019763353476074184412 -0.0044950287264936923323 -0.96774694403130967491 0.25188419369814840643 -0.021591290556279733176 -0.25173409254144096803 -0.96755556058790126439
-3.9077011268759731522 3.5340354251060226431 -2.187307087605854683 -0.12810222545233238001 -0.012909935355227226961 0.99167694003803974478 0.97374314835443009919 -0.19137085823431990161 0.12329426447065459926 0.18818634612233323122 0.98143289540733502641 0.037085993924402801958
6.936967938139523504 5.7721869882168190813 -3.361377976311332727 -0.997186919140445438 -0.0025612870091837390378 -0.074911201459647247525 -0.024976313898138511466 -0.93094499303477895591 0.36430427349614696864 -0.07067129572420099981 0.36515046179952209693 0.92826219798519205018
-2.6318367282518138062 6.2595050643829805992 -5.0764229659055057908 0.9950096425727642524 -0.00068750248813093496961 0.099776442748613261569 0.017901000672063412111 0.9849816068714262185 -0.17172882198360023276 -0.098159896914035552062 0.17265793195010514793 0.98007850357646153494
-2.0048420444398362683 4.5455136900520374255 6.9782259005319584588 0.96304916591922329339 -0.013625320991926349878 -0.2689807700378710198 0.17810489562526934937 -0.71694222474147462076 0.67399739801937830208 -0.20202710257938308325 -0.69699942396720449 -0.68802387517650920312
-7.269910785054363167 -5.7027375849274095643 -5.2079360038467719107 -0.78932385447516073551 -0.0047702992672232664984 0.61395854664747140372 0.60412573866627461427 0.17237786236492505521 0.77802182774484285321 -0.10954425880651949554 0.985019348445156262 -0.13318009817955248075
5.2064969494333617206 -7.2627475262332215067 -0.64699117822565244129 0.81105744768626419905 -0.0013462655684685007063 0.58496495973835793691 -0.19835543682428369294 0.94011903168008958964 0.2771846441547034523 -0.55030985565848133945 -0.34084365014176637443 0.76222350326068688542
-6.5281004006522485028 0.4149525641069374271 -0.13627796742504791339 0.46746289581504663069 0.0021815800030501198564 -0.88401000093024673099 -0.60699296186188300695 0.7277933858670632139 -0.31918071955907195703 0.64268031344227249946 0.68579299223363032745 0.34154060742012087859
-3.7887382111857097478 -2.1956436896855011653 -0.82476990626550106267 0.74441319777746806086 -0.01122700341612908187 -0.6676248537681731543 0.64730488223572602013 0.25748014743142422223 0.71742620743354190704 0.16384559929543737744 -0.96621836459108656481 0.19893891403773064641
3.3217027679431212484 -6.2069936173367921128 -4.3467005184330824719 0.91561615097688353604 0.0075424219908238956944 0.40198280552870080395 -0.16087567525710230742 -0.90942195071885556512 0.38349802171770214221 0.36846449107177753346 -0.41580623783355863399 -0.83146803390020240787
-4.5289825220797323979 4.3581586853358658118 -0.67458935369281036731 0.95849671376808309731 -0.0040594687526816965878 -0.28507467514553647137 -0.22000357451434535139 0.6254370897427093956 -0.74861664019386442437 0.18133526104097760778 0.78026403703342972484 0.59858629755080561274
-4.0427894213960406944 -6.608263873860368065 -3.1324859236410991237 0.86834667686700994782 -0.0012309922424823184928 -0.49595618095978799555 0.49149634600986019661 -0.13169187346428623542 0.86086502561226097008 -0.066373116795104478149 -0.99128993494416373089 -0.11374917250391079759
3.0198839040476626039 -5.3406307519084679214 7.1953839409211495237 0.91093563539547928176 -0.00063084541574524952839 0.41254802169052912086 -0.065893037434466381064 0.98693840947698774357 0.14700572613633036689 -0.40725222624851570297 -0.16109679678152585836 0.8989957988123684629
2.9615851310223613169 -2.7949980377497984918 1.8971210256197805766 0.53608526844484760687 0.00035583261344973842605 0.84416376274967097615 0.23381254474244950181 0.96081436048051327425 -0.14888740247457549204 -0.81113764484061701143 0.27719242067147403796 0.5149952262349657417
2.1874346014660392967 -2.1261498184841807202 -5.5689936586800303786 0.99992953891783276088 -0.0044802473112871346594 -0.010992933346195152278 -0.0059140535911789294393 0.61492286737022361365 -0.7885650836521810314 0.010292772689859789464 0.78857453329989857238 0.61485304281678976324
4.3897781634716324106 6.9879993557655373237 3.3998988759774699808 -0.56791911719045551354 -0.0034277877552760251632 0.8230772300341302472 -0.19679090720759620514 0.97155456985424004657 -0.13173859205143639839 -0.79921287224992010323 -0.23679097969810780633 -0.55243897107607642383
-1.9466327850990856607 6.0873635293862085049 -0.10126460951604583649 0.67651618453809203579 0.012029837865354105902 0.73632950168998112517 -0.72874605613716858521 -0.13310486563967788287 0.67172336598303949984 0.10608976257215807504 -0.99102894899393301209 -0.081280898945677304557
6.5760293334535546705 -4.1903228787598241212 -5.1063392871111998872 0.93885893989707414065 0.0018358053314006085935 0.34429714026434060647 0.21090675523420282511 0.78734391183541418968 -0.57931675713069752387 -0.27214377004076706346 0.61651130915387153397 0.73881768665453784184
