1125 14.717824617146108679 14.977075390850430381 15.033177056927090831
0.46999477164867770052 7.3850221032581870872 1.3806271981085389555 0.99947130991317001403 0.0022080553865817106537 -0.032438020157884800421 -0.031515522622556642329 0.31103637660668304044 -0.9498753309046721327 0.0079920269132075869717 0.95039544239163897821 0.31094152277716058386
0.0099944315324205224016 4.8414149875653924582 -1.7024570511795742433 -0.98018009130218197722 0.0070109631240572508476 -0.19798443123360820461 -0.18338881857447209001 0.3459138847296291952 0.92016961782764972178 0.074936838982478520821 0.93824007095594041949 -0.3377721708725857086
1.1625768028833045609 -6.6934247313289079173 -6.7990808184151685367 0.26935938412806637032 0.0082262980591885914716 0.96300459510963998255 0.21302469948660279764 -0.97570176585697176996 -0.051249795240355965065 0.93918368788583739271 0.21894837776012895936 -0.26456683141580900065
0.93141509361089114272 0.52189786959182449255 -5.4832204421814134676 0.94493405700915278356 -0.0096330462507483033407 -0.32711898802138372755 -0.2001662145168042195 -0.80780490067338062143 -0.55442287923032063102 -0.25890754038891944377 0.5893712300985639585 -0.76525057246753147577
-2.9613090567532451836 -1.2410749234511391226 -1.6550650683756165105 0.46276310371781592679 0.0058561994686610920058 -0.88646264149442544067 0.82261156169568450114 -0.37553168299668698848 0.42694984908104599564 -0.33039450419471400044 -0.9267910551971998423 -0.17859958455838575997
4.6378761566729105326 4.2508457062840792062 -1.6108199479006073407 0.99825814372095622584 0.0081450607080110586089 0.058432323938894435711 0.033428204361468816241 -0.89418686496797705754 -0.44644417979401301855 0.048613101608568957956 0.44761982586213017177 -0.89290159471647179146
1.3997190400220425044 -2.2782610233879543316 -0.73121717333113489534 0.97994512455688875807 -0.0034851145832414964255 -0.19923706189743015105 0.19815132403910881709 -0.088637796644716312922 0.97615541477145195692 -0.021061947648095005747 -0.99605782712771828713 -0.086169596604380269134
-5.8049471257977849348 -4.9740301318249420248 -4.0515558049594453394 -0.95788118913470365889 -0.0060702297690649253611 -0.28710064404764046309 -0.23632417450428389039 -0.55131395231372204435 0.80012737144103351916 -0.16313954777086342451 0.83427578071923913505 0.52665872218954878914
-3.5057814335151031848 5.4908831241168281068 -0.043901725970037004665 0.96758041617088941244 -0.0077815078643514645415 -0.25244323397138224152 -0.1346192090002880648 -0.86159571211558938497 -0.48941852992320783455 -0.21369559380274627536 0.50753549333954406375 -0.83471067813336996544
3.1750189995485462724 3.6319339083190786965 -0.80626334133799970605 -0.98260266261195661208 -0.011832792005347989375 0.18534290507374362456 -0.148255386423643859 0.65104805940713483814 -0.74441706370730853504 -0.11185860639310846176 -0.75894427290520727336 -0.64147583181304002053
-5.8471463453799428223 6.9503012677761004667 -1.2950096101991690478 -0.91991948595691197532 -0.013873540267056148206 -0.39186179226512757312 0.39154856052976655389 -0.08583480507412322158 -0.91614524557246712622 -0.020925202600128329361 -0.99621278405691648938 0.084393274482013974636
-5.0204096241239346554 6.4000368772172926413 2.266841733994110264 0.43989518806394917183 0.0052900377321936755196 0.89803354003004687289 0.41964178561111337151 0.88288238546905017934 -0.21075925886548280141 -0.79397291848476891918 0.46956438209170070497 0.38615579211432232709
3.4315925543099878858 5.1419417003667966526 1.521384888439190286 0.99612588685792813337 -0.0023157309410961500126 0.087908218738047452789 -0.068190191062272031974 0.61087572094538211687 0.78878447715614874447 -0.055527609118238882568 -0.79172311507861614643 0.60835120915134288655
-0.85356929931217317975 5.6236650256076643473 -6.6564743000232127201 0.9998199882160622165 0.0098940788555751720684 0.016189452349267698106 -0.0046637828456286556378 -0.69893302315703698113 0.71517192217691227807 0.018391310267025978709 -0.71511868689344104677 -0.69876106314145347564
-7.198652471908044248 -0.83523799807698040354 5.5376781173539448844 0.9401488276721178261 0.0061218547388747039661 -0.34070912039632089696 -0.30987816852198851736 0.43129608808834624112 -0.84732473413272557661 0.14175931186389398309 0.90218967367964308934 0.4073795407303233973
3.5123564082147225029 3.2732529550908058269 -6.4977297863363707719 0.99499407164754005706 0.0046709777022282978481 0.099824743192869755393 -0.099637676778944347933 0.12323201301591954482 0.98736325854980955263 -0.0076896522877867960755 -0.99236689431638358538 0.12308052775453651173
-0.48321528426142262846 -1.5351119699488431358 -7.1447452938538624778 0.99007498022040940633 -0.002475428078134112031 0.140518346835542568 -0.069945388231645228005 0.85854144463487780392 0.50795101191886282699 -0.12189822068712037606 -0.51273819840157597305 0.8498472590373395974
-5.7581096515171417138 -2.8786742725959433287 -4.8057098557122639448 -0.999028290381904438 0.00034863996414346686697 -0.044072139348478242549 0.010514154358752133417 0.97298278162094620214 -0.23063815648638835709 0.042801023056661481603 -0.23087742444752135107 -0.97204099054821035963
-1.5426018859128249883 -3.4087692094731907311 -5.0188903436625169618 -0.86809055667213530505 0.0010154141499110836203 0.49640482909688832258 -0.48546653030540626306 0.20704165748042069328 -0.84938566035756724037 -0.10363895681573392915 -0.97833160073769454002 -0.17923795811232751118
4.9317623539319823678 -7.0208963550929945896 -0.58256747669625985608 0.908787758862881212 -0.0020045173994449752911 -0.41725386906636369178 0.27396531253321232402 -0.75137780334909620716 0.60031192238928698934 -0.31471863127166582741 -0.65986921321138491958 -0.68229378172932297897
3.8777670064358837898 -6.8533181118876180804 4.0493115974727507123 -0.99700887237576463207 -0.0026644688000980899095 0.07724123905023530523 -0.05955495421639987047 0.66346586170302146446 -0.74583259367161991449 -0.049259677549518654516 -0.74820181165288590641 -0.66164003295373952085
4.1672443304860298241 6.5910512456373417933 -1.8755709499730364165 -0.94293075198706621798 -0.0042889814460093100834 0.33296126140281312455 -0.29677200137599230034 0.46432457405921323534 -0.83446334198936411575 -0.1510230980879353202 -0.88565472649495136093 -0.43909876939141123664
1.8552834908923778734 -1.6162478502015451554 -7.1791280569411766166 0.75808961620356207778 -0.00025181554001033838036 -0.65215034339743493952 -0.49419461770184919258 -0.65271749205838924812 -0.57422256608007982148 -0.42552533842180961798 0.75760135437442976958 -0.49494279892835968404
-3.9764877666249383026 6.6262125874197908004 -5.6289713535939238653 -0.76112898910919146722 0.0066926137977551900665 -0.64856601118026102615 -0.041419330598008417821 0.99740423130710398336 0.058900241285373598765 0.64727668040067221078 0.071693851139521078131 -0.75887607072455565138
4.385728961474494092 -4.9078456289832557147 0.44931923789487832055 -0.86108397605854147816 0.0080466572320390603035 0.50839909272400041207 0.35970202490813263374 0.71633468179674530951 0.59789554015073609339 -0.35937284184011214494 0.69771045209494253481 -0.61971871489033736324
4.4347114538131258143 2.9841957530198555126 -4.9285680531279698613 -0.91337506437259841086 0.00059055413832814849379 -0.40711870876686967469 0.01009905931182008762 0.999724094300423749 -0.021207175111535123135 0.40699385840971369355 -0.023481620919432077271 -0.91312902302779164199
6.9931675248520077659 -6.6704960205864187728 2.2514745707928085494 0.99106776183693034987 -0.0046269617838760809803 0.13327896560357027633 0.071479776820601567677 0.86214389620109255219 -0.50159599654400899293 -0.11258478118013948155 0.50664237235737186182 0.85477375578496095354
2.6153950176593276922 -0.68294544748008945145 -6.9915048402896697866 -0.57032632281106843131 0.0030897317344910930209 0.82141240498697898342 0.80777124751863438323 -0.17941539929784741658 0.56152980880535829922 0.14910901109907054307 0.98376855410849117778 0.099829528479561391308
-1.4323818678099196067 4.7373155046959585235 5.3659567088958954884 0.99583419552761898164 -0.0049186677140951526321 0.091049776089339728991 0.03065336979338853865 -0.92236915259429497205 -0.38509156997097215847 0.085875642287620734816 0.38627833624262336576 -0.91837596931287202029
-5.7747113313786124777 5.1536847429137857546 -0.26129448752820672031 -0.88340384468596977463 0.0050462022164283002607 0.46858529963838468912 -0.46784627346937340819 0.047660507334968502113 -0.88252384695329078035 -0.026786406903080910852 -0.9988508456640436961 -0.039742628517281421152
-0.035380453350038046367 -6.0490618670211704355 -2.2171143302463454106 0.98713052480920837617 -0.013315593869044845335 -0.1593612937626857351 -0.099742154632784740809 -0.8302043309533007065 -0.54846355526650447665 -0.1249993183141676345 0.55730015595393178618 -0.82084816293552209654
-6.6614170975183810697 -5.0188035244287725334 1.1394465164793308176 0.99955789223354651885 -0.0064293414169416442799 -0.029029013809496524712 0.024701236449163124775 -0.36385861570353300598 0.93112660615850750823 -0.016548987633314301421 -0.93143200038829165877 -0.36353893830106531748
-4.4641632812760807525 -7.319223117547632107 -7.4125469569417656857 0.51451396965824780505 0.0020398511294493471523 0.85747957062190816035 -0.36099189865494651919 -0.90654713320500546203 0.21876275821825688639 0.7777918899885835069 -0.42209967340091913979 -0.46569479445549111229
4.8320912181015183151 -1.8055123572978739599 -2.9869615726314062698 0.30545128703523283242 -0.0018852345246970596271 -0.9522058375894265625 0.22528511642198095766 -0.97146400736785099017 0.074190961090939241962 -0.92517356618490820264 -0.23717952753064519555 -0.29631021607957036545
3.9055788472809007672 -1.8852903651159640397 -3.599994688231138884 0.66253231934893030974 -0.0049175167836502439028 -0.74901718528140759368 -0.65277757914941225703 -0.49418738559828923051 -0.57416048285769172299 -0.36733140075140557901 0.86934150133552245965 -0.33062515947491605273
-6.0701000930824084989 6.7155413867423430219 -3.8832578063914722222 -0.99729711690836986282 -0.0076375679237615737988 -0.073076180539565313565 -0.051674954077631542193 -0.63412436099328806094 0.77150242638364197045 -0.052231788473312210086 0.77319335379384945828 0.6320157260082963635
2.0636431424196950424 -6.3281213478373050663 -4.5349957861067062836 0.78859203662768440068 0.0081380900343147703768 0.61486288817752332569 0.056088175381342350589 -0.99669617382388919768 -0.058743967069346807175 0.6123534243798841592 0.080811562138409079314 -0.78644311623592622063
1.57153259481945895 -5.2711262739035786851 -4.8973850930542335291 -0.98972178211151817795 -0.0042032233939020497218 0.14294448897047334901 -0.1395387469084736487 0.24716609600240080358 -0.95887322368399408035 -0.031300672918311039927 -0.96896401063199810721 -0.24521218153836932263
6.7251494245478093958 -7.4529989541290815325 -1.9949070031174347406 -0.98356919164897527175 -0.001986396064379032135 0.18052063447051280853 0.016382540029948010341 -0.99679585046143759364 0.078292048671152691952 0.17978670034549223966 0.079963033544549255716 0.98045023109035867037
4.8161619241346675935 -2.42033633821109051 -0.60430556355094899867 0.81759329689756699011 0.00093887632510218296811 -0.57579537978308947821 -0.369746574873487166 0.76743540443540658735 -0.52376556815845687343 0.44139400906408232661 0.64112558717487166948 0.62779718877367096663
1.0859817176777211145 -0.45871496789281268613 -5.910717685334899052 -0.63327004620009685887 -0.00032412568674685532377 0.77393083898261827436 -0.39202425582643529722 0.86235278262644543545 -0.32041326617358334428 -0.66729755838715787419 -0.50630778508615237321 -0.546229251625751977
-0.50919194239273424252 -7.092805835020013383 -5.4395728796742233158 0.56637694586018172416 -0.001344404145723641919 0.82414522250361621492 0.69910220107652198962 0.53034000247423374041 -0.47957855897191176142 -0.43643243193887576448 0.8477839785895443514 0.30131222676624042078
5.7379859100383781012 -3.427342466449914582 1.9378681143287781463 -0.86468763682575566776 0.0010466126189719762545 0.50230886446767253339 0.46782472420689463766 0.36581081731654746525 0.80456352971960121145 -0.18290794991328693242 0.93068864317573629652 -0.31680172241062681815
2.678945901495324744 5.9783880186590181438 -0.18043478832528639377 0.33373874034987738302 0.0083590832406780259112 -0.94262854768837789354 0.81146918290168690291 -0.51143031607318134579 0.28276632932894646411 -0.47972514879932587339 -0.85928409593607291139 -0.17746724791011148081
2.2631659791919283009 -5.2160144229034504093 4.4655280734847337953 0.94886460016423357366 -0.0062704700204623785298 0.31562105722027772314 -0.24549286688084162589 -0.64322350150449092432 0.72525635427953838441 0.19846718334711233034 -0.76565279880499714782 -0.61187136623341320529
1.9658085959130604525 0.82729211045555184345 -4.4400156676202682249 -0.98879118792965381424 0.00030923424185002896386 -0.14930469197897805467 -0.091537657595775645536 0.78875451247955641332 0.60785456836733253727 0.11795271897931092209 0.61470824251620292955 -0.77988520480137590862
-2.7861820351294781517 -4.8649344738453148551 1.9576380685485430533 -0.80247688202120037726 -0.0064076067285732457232 0.59664880490742189245 -0.26789059556957650621 -0.88962821986760365345 -0.36985978318892664962 0.53316553023136803446 -0.4566405292910617475 0.71218954245477139597
0.75633119855695085665 7.3070053637948966241 -0.010652664588716092425 -0.98731127136409313483 0.003014821433429921288 0.15876827230007961589 -0.017053329066060714941 -0.99605067336962904712 -0.087133461124733940784 0.1578785527081107698 -0.088735375874175528854 0.98346346940963025318
-0.61835900602559923378 -2.7398275415572168612 2.627341602112333252 0.97340632454204067958 -0.0046657778852697267408 0.22903789611822980565 -0.1737352539936877216 0.63663480920316306566 0.75134025662855674632 -0.14931908404923169287 -0.77115131474150389046 0.61889373959602611563
-4.9437388741483045962 -0.85173772221976273844 0.95811425204587818971 0.77944547302869437999 0.0074044993786139554418 0.62642631487195543638 -0.10582743865001316419 0.98711604084786364055 0.12001031259713294819 -0.61746684753420333358 -0.15983458727650254327 0.77018672859656078789
3.7177081813280277167 -4.4489360855633801606 3.9343306878737496213 -0.96898628497605776566 0.003249395990208165004 0.24709314226372477985 -0.22801501349127833995 0.37370487013541836552 -0.89908499245602857552 -0.09526139381034330611 -0.92754197288466644356 -0.36137398271945597727
-2.4722561252712522695 -4.5626237440893158137 7.0383286268941320785 -0.99264755414640537534 -0.00099308310680370701085 -0.12103655246784110477 -0.061300795680138506216 0.86636604676185191565 0.49563301490860200982 0.1043697547009365123 0.49940853697583487136 -0.86005701409813828384
-0.56982230625328489371 -5.0236479500939434928 -2.0762136172556546754 -0.9890926125847429029 0.0083372861658531187412 0.14705880928983941502 0.14622013174884504472 -0.064815641322114994627 0.98712643856366910633 0.017761666636374840583 0.99786242653958001636 0.062889592930091983702
4.7481800607172477413 -4.5431427836760054362 4.6739022332146058503 -0.97556293215222411597 0.0015330268670028460859 0.21971484983734385077 -0.17976408119092374127 -0.58055972812168543662 -0.79412547950372536221 0.12634017778991893377 -0.8142162193865005726 0.56664813382201029146
-1.0567443542974348514 -1.7205181449903399482 -3.3396598047384000729 -0.82928375709635526736 -0.0028780424400454140965 0.55882033524915764033 0.55159579611492004503 -0.16457280747900779327 0.81771502905775628189 0.089613212890813684353 0.98636073923801748098 0.13806507221302186106
-1.203365929692770564 -2.9106428795445573598 1.4939183300418690248 0.96437194130549586113 -0.0087820761188370059791 -0.26440430019498339931 -0.0072578985594569985634 0.99819436486615820137 -0.059626611993786139687 0.26445052794628259862 0.059421251151446433103 0.96256689802866879369
5.6511175847173884534 6.4614269754674786839 3.8015068154305535764 0.99752905128290947356 0.0079060762733310988026 -0.069808923531204117308 -0.07023212289472013925 0.1376798954403597175 -0.98798365133494703283 0.0018002111883326514692 0.99044522329582918019 0.13789495599981396734
6.9206928752848488884 -5.7022800006390061966 -4.7392156283007071949 -0.99893274747796645396 -0.0039204102625557402106 0.046021694879286492719 0.017803825521810999477 -0.95207674526133057036 0.30534062115848309427 0.042619124967318448849 0.30583410783629766394 0.95113043725398560557
-4.0425082900732229874 2.0712472954585288143 6.5118561877405278793 0.81751939701750853118 0.00027452642804712962254 -0.57590099855387300032 -0.56355217975478089087 0.20635619184242739999 -0.79989128185144953154 0.11862114564343584355 0.97847690147681898321 0.16885489949282547761
4.2143979059186085223 -0.75378512439939360235 -3.3476077979552751884 0.98588922081710239631 -0.0089467638700455147382 -0.16715980286191234327 0.067684099536306358003 0.93461158339143035612 0.3491705183150295988 0.15310554185444930075 -0.35555751096927573629 0.92202903937278690716
-0.49150227336848617554 -3.9928422736985740293 6.5545302352506817911 0.99866227222411874109 0.0018893547168109059778 0.051672975285216742047 -0.020546147475274938177 0.93155248883074559529 0.36302591694960861801 -0.04745020400373989311 -0.36360196766784236289 0.93034514415243940721
-3.0310565097149844149 -1.1846077642741084102 3.4118589627100939232 -0.11943962316551837155 0.0077664309238631400178 -0.99281108926558037098 0.20634469309659403402 0.97832868844063958225 -0.017171051361510390743 0.97116221304628191913 -0.20691220342137897625 -0.11845377168481116548
-3.4996765492380532692 -6.7494487017629074543 4.4205952500175742514 0.97544066531167272771 -0.0090139447449542470236 0.22007784362930324362 0.21260084763672384978 -0.22270311932125166909 -0.95142219872612654452 0.05758808939816836836 0.9748446386192753943 -0.21531730658433254066
-4.1491442750389424532 3.2405877535407023871 3.1397979460071381297 -0.87029436122684156185 -0.0014376782208138888346 0.49252985482933669958 0.27783555136698528942 -0.82713835429577509117 0.48851770617809159303 0.40668800229841994831 0.56199650882736706947 0.72025328381918785059
5.0917777541631314975 1.186225668628753338 -4.763264178614207367 0.99903664277419068629 -0.011069375115943660276 0.042464753961925380543 -0.042829710376451585185 -0.45676082488450964192 0.88855791300280273504 0.0095604551968463090394 -0.8895206674300951688 -0.45679489917368765184
-5.8826314988710368681 -0.22998879032583882664 7.1107337511535995134 0.89847715485583024009 0.0065688648714083384961 -0.43897112913785613086 -0.19344064678998723616 0.9035172164389666527 -0.38240993157615754683 0.39410597352966419971 0.4285014464536614498 0.81306026345865933802
-7.3014971666647578985 -1.6399084405659654085 3.246021265855389526 -0.89767414110618659606 0.0064922386413902586147 0.44061205978363815472 -0.40065973967850787574 -0.42828104768197372554 -0.80996735563670474445 0.1834472932209300633 -0.9036222634673366505 0.38705800027394982044
-7.0805075964352441886 4.7698208264865504802 -3.1113706951410993184 0.93739550188251130614 0.00092468354091260716865 0.3482654418842352495 0.34470961912184933107 -0.14502118296223226457 -0.92743955866524430132 0.049648278271841275733 0.98942811838585487116 -0.13626095189766604387
4.4245812439431704277 5.8698518355219793108 -2.6971011526583548168 0.99303812298764926325 0.008731790144403206097 0.1174693242256852066 -0.097415487570516573479 0.6215281849067332276 0.77731135212856905525 -0.066223176264539940217 -0.78334313758864415611 0.61805179371796070686
7.2730739064211711309 -7.1783372407208076993 -5.5988448012259288689 0.92376808313105862602 -0.0028265665623760597575 0.38294195266357122787 -0.32753727858295289543 -0.52395883327850023559 0.78624835272829618482 0.1984234354274314327 -0.85173889869541563602 -0.48494225297683579701
2.510644898967356653 -5.8909015740113241932 -6.828755124180378111 0.93671564165095244636 0.0013239677741201470035 0.35008863705600584693 -0.13541020037055734315 -0.92079291941686702838 0.36579294305306409019 0.32284343623807565393 -0.39004954385451801047 -0.8623418515976443155
-3.5904299059692403873 -0.64150532919671576781 -6.2307882566624126497 0.48336649905666007054 0.0028388291593564782787 0.87541348438247212904 0.22709444186874008786 0.9653549002308567939 -0.12852249247752994821 -0.84544955027609436371 0.260925003879076578 0.46597553614832798452
-1.1018674772581322774 -0.73610422010688947303 -2.6246928891496894565 -0.33668341989890354649 0.00049470922846354351693 0.94161777278673963743 -0.36517257928810104017 0.92166893824129680901 -0.13105478097779169055 -0.86792468688314095004 -0.38797696264579312198 -0.31012999589677237022
0.043182103573835700638 -4.1209541186102427446 -1.453407832833622626 0.20299237652051174696 0.0066673474808493921051 -0.97915761833938863568 -0.47634528731423186887 0.87434747445912530672 -0.092799036419845992718 0.85550526727075593136 0.48525461397546942877 0.18066183129658194839
4.5962802133137614646 -6.5202310621495609411 -6.4850797760070095777 0.98095703929786803865 7.1514845614122080075e-05 0.19422482317559242038 0.0052326180382618152354 -0.99964668764831499104 -0.026059922914774144576 0.19415433747523042074 0.026579969139982430326 -0.9806108292693010986
-4.6783010370719901871 1.9125427467920996794 -1.6346591047922705009 0.9387026791310033591 -0.0068839059029742952212 0.34465909538517475186 0.32076078839379668084 0.38372300105119677704 -0.86594986869503487448 -0.12629250500804908852 0.92342258490013462424 0.36240989621563918233
2.9684921678592397498 -2.7195605143164098827 -5.6223577406576810134 -0.97079899776828204594 0.00065779345294297137357 0.23989346227004407219 -0.23984162472939515864 -0.02362887444121746644 -0.9705244310886564918 0.005030007882534472119 -0.99972058276320752146 0.023096653876430336266
-1.9103755166620006722 -7.0840732910417054669 -5.3698810364118827465 0.78918021488077672032 -0.0015296802063737967997 0.61415979070536030893 0.60872049937095951133 -0.1308693597130350661 -0.78251681409011764057 0.081571699052862642332 0.99139844198326176894 -0.10234836172057365511
-0.11733758023620702304 0.13141447817765811168 -3.8260469504362748516 0.70594204324720022381 0.0054034296844996127646 -0.70824899189736545413 0.70175113920013754143 -0.14069106212624446495 0.69839198425322279729 -0.095870590940724947915 -0.99003880125244059229 -0.10311159880073220152
-3.42579645288127832 2.464460569196294859 1.6339258447032789512 0.93673555932651220157 -0.0065724401721989310354 -0.3499761347911796161 0.032348769953223388551 -0.99391959221305026251 0.10524923418986928403 -0.34853988147085673832 -0.1099119977310131363 -0.93082721478213881205
6.4999009009948602866 -1.0708827068273070182 1.3765751505939693988 -0.99493505559467076971 0.012130719923210540878 0.099785173161742291015 -0.099732954697943118627 0.0048374710960812188076 -0.99500248071080410472 -0.012552804307374534551 -0.99991471861731195947 -0.0036031370333358750391
3.5426799569623961261 -2.4198554631431852258 6.7234352699508344031 0.97178664465825237428 -0.0001010643199383983587 0.23586162691262024804 0.23104997070978683382 0.20136726778238778213 -0.95187558772188662903 -0.047398610727109873053 0.97951580551399242136 0.19570937241044022992
3.3903222078522423644 7.3331721345829397052 -2.7843084049069282138 -0.9847756414181146889 -0.0013268084057691713687 0.17382512951005016366 0.066583636529264286774 0.92082637906968223263 0.38424653408463854687 -0.16057258612935454423 0.38997053630878064645 -0.90671904435430938918
3.1672912998050510858 0.19896021345611988873 3.0960858668164856766 -0.99579690988866786938 -0.0082617622540606828335 -0.091215445734904337938 0.042934403260490257292 -0.92182532608152722986 -0.38522033333060795579 -0.080902109198849367355 -0.38751749828768944361 0.91830552500138140637
-3.7144205224916917452 4.2419039096917998677 -6.0790166951517541349 -0.75098014217282282878 0.0056204350699397900848 0.66030086837111312548 -0.27017271691043032167 0.90981820159539184001 -0.31501990902618681734 -0.60252429751773295408 -0.41496897565396073659 -0.68173691417250847913
0.75037903978924458404 -0.11755251086721357767 3.9396360053495893538 0.97192621090601671874 -0.0053759329455184924271 -0.23522444579330617498 0.23502917689546992674 -0.024503748524077304666 0.97167939790660529109 -0.01098756395415860683 -0.99968528330340611365 -0.022552334360774847766
5.7371477271372395279 -3.3593093447488611147 6.083373243425560517 -0.988906902946086519 -0.0021513323941252274034 0.14852107283016438566 -0.1072796954584387813 -0.68122129056055624741 -0.72417444046956924719 0.10273365684156118838 -0.73207439857976175368 0.67343364238506076003
-4.5258663748348455513 5.8431738080391992796 -3.8483434710201889217 0.96330034046138546255 0.007311478015699666988 0.26832628711363526453 -0.24455468445490533003 0.43600471414867036923 0.86607903539535102677 -0.11065920828439533563 -0.89991468013888376021 0.42179154578121841324
-0.46275020638368097314 -6.1728879721868974428 -5.9262229922318416797 -0.99954285620714955485 0.0032863706944261687412 0.030054589881011329472 -0.014782634613569677062 0.81402242753273901243 -0.58064529722326430061 -0.026373325902146260019 -0.58082414485044253638 -0.81360172101561911706
4.6944650142554555927 -2.5090219939306588337 3.8828553787906097128 0.99970606068000822386 0.0013558821391094167882 0.02420648308542090732 0.014503668357873832073 0.76662632429694665959 -0.6419296865692871723 -0.019427708148557834567 0.64209208099659165203 0.76638131741170290034
-2.9449929573650108772 -5.3419816099922536878 5.1593580081144416738 0.99999343761280778953 0.0023376614564647058697 -0.0027676832084598803826 -0.0031923094954292938891 0.92978249071094731804 -0.36809554347693751453 0.0017128606228174450467 0.36810196319276605736 0.92978385165699517501
6.1516391135087440389 3.8648966459257105832 -3.6845519759103249058 0.84363705632904140153 0.0033694546127852761062 0.5369033096973951924 -0.13192577330152718829 0.97062485793355679498 0.20120381581950996797 -0.52045375157376982944 -0.24057437922011459808 0.81929961585230504095
1.3745494529103507997 -0.92154026559195845181 -2.0584562136683048905 0.90365940235551178716 -0.0075261644963272415765 -0.42818575569764155686 0.17680000305880783085 -0.90410603278106405067 0.38901676108796995335 -0.39005312901294753036 -0.42724189674808477069 -0.81567329134296429061
3.0900870808638707388 3.8869146685478161984 -4.4172809170755940045 -0.9571168732521578848 0.0067096466783762818975 0.28962436288625348357 0.019297545001206631299 0.99898793218831360985 0.040629005635952349096 -0.28905863711835444452 0.044475746013905574638 -0.95627768578149696665
-1.2376906179917563922 1.7250383694568498516 6.1579564930850336779 -0.99444397935568684677 0.009534654421097845875 -0.10483445181976318306 -0.088427339539167773563 -0.61597656062380112818 0.78278571932810592227 -0.057111973747290614711 0.78770677737795236073 0.61339730626045718687
0.21740062534856466336 7.1381172345829035919 -2.0254350558737086452 -0.99980873684089943687 -0.0022003876816982757825 -0.019433168314977256746 0.0090712436999748589928 -0.93247531633684077601 -0.36111978201201605509 -0.017326346251963973405 -0.36122699610727848629 0.93231692841484470335
-1.5752619449166262999 -6.8981710368089803609 -2.0808872544154373152 0.98643256225366438006 -0.0013740875835045137689 -0.16416123783965530514 0.12508412767973639546 0.65392490784197720988 0.74614755638970631235 0.10632385023280115088 -0.75655821110284415809 0.64522469891080291848
0.8672301915453186627 -6.4087845668744432004 -3.4964534138543501562 -0.89761264666379403376 -0.0062195185124078733452 -0.44074125531745256268 -0.34575279500693384405 -0.61025611138845592407 0.71277098934934557395 -0.27339813696187487135 0.79217977511587123196 0.54562318737681025915
-7.0604557173718900387 1.2071699403223969949 1.8722918438191253898 0.99739412583440179016 0.013019426198230130837 0.07096092088239834561 0.0051416610711373135489 -0.9939086817313951272 0.11008676441939181656 0.071961941833452960915 -0.10943503515956629069 -0.99138562225157644825
5.1013789688817414714 -7.1124244068792386031 7.1123177396808356932 -0.39992221603519334527 -0.0013686662058240426417 -0.91654806086437767831 -0.2267373872624680875 0.96906478344199420416 0.097486423207724270945 0.88806102174278989114 0.24680269902344262323 -0.38786086347537040986
-2.8691875840082823323 4.0666263311987096429 -5.4626183937875429919 0.76505445475928168797 0.0062765319552819560933 -0.64393500168847916942 -0.3332714280643843674 0.8594835864773018308 -0.38757982379384675609 0.55101890756029403562 0.51112480836168738829 0.65964353539500597545
5.8253617677287206078 -1.2440374443343542588 4.3021210191777035092 0.98798504743467163713 -0.010016925289245328518 0.15422453518559992025 0.11410050688727338408 -0.6258026121898428995 -0.77159067186196639287 0.1042430830968444494 0.77991714417882607169 -0.61714068723613746403
4.3830621992433771439 6.5913891192564335597 -3.9320214645919899787 -0.59974981468584520616 -0.0037323084198441240297 0.80017887353901073766 0.0024981744992137221509 -0.99999298224353538878 -0.0027918789265195479571 0.80018367823177505294 0.00032455758785774127539 0.59975492974540223212
5.3415743983435932662 7.3902250106491811366 4.4064840459171659148 0.99935579025198573166 -0.0087612671498820821059 0.034802940791802183806 -0.00055021694576357907044 -0.97337064419546603933 -0.22923631099760050089 0.035884561459496464031 0.22906948556366690806 -0.97274840993567812664
-2.9380785670529192544 -6.3449913056723099558 5.56889716341286789 0.95231136618243628078 -0.0072376444643439206278 -0.30504209273855065199 0.27152729995528418483 0.47616740708187837994 0.83638359967888409319 0.13919765521983204493 -0.8793248642769041501 0.45542485202918964182
1.5122520128783973892 -0.2650821268239643147 -4.5354492366101712975 0.48839310461381341133 0.020851353615204869241 -0.87237457345917046592 -0.78385332361259685285 0.44979771809886692768 -0.42808408035645556522 0.38346595993291454629 0.89288702188212965005 0.23602250682365955026
3.9846465624924936044 5.8227262026559003516 0.26453207019286179014 0.88872296100256598095 -0.0072681610654978679592 -0.45838703343516917776 0.3108276929075794448 0.7445179890834529024 0.59082917095628062487 0.33698315077838919551 -0.66756283432035412595 0.66392937751368197308
0.7964634201160103455 -2.6607216219601732554 0.96656674851752222288 0.60110118498584164115 0.0073637185506545410618 -0.79913899983514913306 -0.71197087809951387083 0.45914466330422193385 -0.53130372377520662663 0.36300803592586727842 0.88833099338486010144 0.28123515435471130308
-5.3126186086290108079 -2.2296215247498660794 -7.467197368612174202 0.98079785052235723963 0.012770309978490044719 -0.19460857019601526807 -0.18047954415834638331 0.43759221103249640317 -0.88087467382371265057 0.073910151880992508433 0.89908285270423471403 0.43149427970961823364
-1.4063892565858862049 5.602886260544471142 0.66841285379455395166 -0.99121023649469086614 -0.0086541022304300486284 -0.13201277810407052726 -0.13116926871320391812 0.19425027931068195031 0.97214271171111654724 0.017230496609596933355 0.98091382674641114381 -0.19367801755566907418
-2.6831615485571114199 -1.3634810649900233059 5.4989667399984192286 -0.99791100846956148906 -0.0080873680402985537174 0.06409534814110316725 0.064194670212509963303 -0.23557944053418428121 0.96973262887964017942 0.0072569615855088698275 0.97182144536735748375 0.23560648300243508535
1.605413508419301083 -4.2586090028098837479 7.0459096727696426399 0.97971309100957026939 -0.0033133757173491873438 -0.20037784519736781541 0.054714981560798750526 -0.95745398123603742135 0.2833516271490998939 -0.19279141603660793214 -0.2885669685819695629 -0.93784890816488641896
-5.6343261228948291475 5.8378750754160639858 7.3489141131037936105 -0.92480799884004916134 -0.011594942273876553823 -0.38025744252423071545 0.20631479269842295521 0.82449963628590861031 -0.52691038714198856763 0.31963161857863009452 -0.56574367612720621867 -0.76011165056638030357
0.75355870281950521061 5.4668788703938409057 3.6116423527796959192 0.97428192688279324774 0.0086593850338284178436 0.22516603207476004744 -0.0048661999780652449854 -0.99821971478846116543 0.059445110022174542375 0.22527993041383306827 -0.059011999276551478644 -0.972505288877301588
-0.27161113029755895587 -5.0498485502874128628 7.1227254827628856404 0.97787318713972293249 0.0064232635774226229733 0.20909990807843739646 0.19476562859120319371 0.33687199564933195672 -0.92118597930423584685 -0.076356923673377999351 0.9415285445658432284 0.32816706107545745574
-1.0880773217326407121 -1.6412779556704570894 -0.072427196653031808427 -0.99596831053929490984 0.0067453832366432438239 -0.089451798228657911083 -0.087968881066939841329 -0.26871629402616298288 0.95919394769181343108 -0.017567024938522739219 0.96319575016188530014 0.2682262971913478844
0.43149142771194237689 -6.9000266490255048879 -0.84933187734489334897 0.79149104260835168034 0.00097527722285942804875 -0.61117998846917165334 0.28873727654934516762 -0.88196624962059388952 0.37251351607828697698 -0.5386768183258114906 -0.4713115565784755101 -0.69834998534680736704
-4.3303061871787722481 -3.858553149358784129 -5.6814684459238060654 0.99378231621732260326 -0.0025864246851821860902 -0.11131045944122294755 0.065112300786556956411 0.82445663491341703022 0.56216691954750408478 0.09031664442364897849 -0.56591922352450252376 0.81949883232715714509
-6.5088102196825925461 0.3003856699020661658 -3.1018952782117978906 -0.97414824910458563956 0.0087180869778478893573 0.22574140897485950319 -0.19769653676509651996 0.4506594584453207375 -0.87052979952721254442 -0.10932185562630113151 -0.8926533747615201797 -0.43728558678415446748
1.8893626400010465893 4.3361432805612576402 0.53326664800726075732 -0.69728160974183361898 0.0029671150031101993678 0.71679115015770633601 0.13514403044356904093 -0.98151316161449808639 0.13552861178727082514 0.70394207698603261658 0.19137165361169897193 0.6839900894330028791
2.8950981865101828028 -6.5712066724886923907 -1.2940005831116605517 -0.99958476772793070086 0.0022278407039715915523 0.028728537243562272951 -0.022324178444429600837 0.57050310647583346579 -0.82099198324842148633 -0.018218759099855607458 -0.821292421873715206 -0.57021648046123885045
5.0016387062383760309 7.0691126837569928654 5.760887754285516138 0.86915429275663791397 -0.001637246234327184146 0.49453830469167164852 -0.49372207373671106456 -0.060397863092295812903 0.86751980498370395711 0.028448713286720977295 -0.99817303988771610701 -0.053303406586062682115
2.8557048279518486567 -3.3367882601408727083 -4.0828190768172278879 -0.8610211815871738894 0.016294742731305281169 0.50830798362564211246 -0.49646980012821861905 0.18978863148763552848 -0.84705254436701815646 -0.11027357987687821939 -0.98168974565155420198 -0.15532218406825806789
3.5015123869570556892 1.4675816986878984505 4.4189086296236741447 0.99830463379849410099 0.0037354305918187564149 -0.058085322541171567623 -0.037771097087118579716 -0.71770519256000608888 -0.69532194039695816024 -0.044285464446680342099 0.6963370614370858469 -0.71634732812231072252
-6.7185456027999315154 3.0582659651506807208 -3.4623439038160768177 -0.89922610487561915882 -0.00056224459867545983904 0.43748382391944251602 0.16139650360217980274 0.92903418429308348703 0.33293640990404654856 -0.40662461919462283833 0.36999347061244042267 -0.83532104652573946346
-6.6921529489085527231 -6.7103673368712986047 -6.2694329446511076753 -0.7777593326644014482 0.0054512825744923235072 -0.62853854613047699385 0.61910159942517961618 -0.16619589376780824486 -0.76752337715799034967 -0.10864451225312198035 -0.98607768883241320168 0.12588550966764466832
6.5563216954892569177 6.2351129041243327222 6.0797620284218973907 0.88096656566842201919 -0.00042166451116903199553 0.47317833041409995687 0.43435897312462207198 0.39739335529573360795 -0.80833829776450794036 -0.18769707680330399713 0.91764826778344843472 0.35027341319839594425
-1.4366151446431527638 0.84177268327142884541 3.7055920124993111386 0.97410309819741802695 0.0030039862845899403115 -0.22608434299749202712 0.15953213588105799592 0.69944757624760300896 0.69665097839763778786 0.16022687572141230961 -0.71467759454712131983 0.680854818701452702
2.1959437937357928483 -3.8473860244875912606 -1.6174462490305991924 -0.93762350882175771183 -0.0084355651181436900471 0.34754999200989455943 -0.14146101076695813403 0.922459535980825307 -0.35924530186322439773 -0.31757036722231607451 -0.38600161362242652041 -0.86611305044036057676
3.732916691770962192 -3.6723345087136571863 -5.4889141456337036118 0.99123141227732758374 0.0025019284637697873815 -0.13211369220738281016 0.060150234449646400314 -0.89876807501169264647 0.4342785933424000433 -0.11765303485404406125 -0.43841725296078665197 -0.891037639887236943
6.2408758687014236344 1.9533132404178581432 1.1047958236695185619 0.96966660927378112156 0.0011478235482462219308 -0.24442861812877111904 0.23751092013411675974 0.23184147486239961578 0.94331229895014756526 0.05775144739560889029 -0.97275290440825024074 0.22453631619178265888
6.5530751964121218833 -1.2233664484373956149 -5.1833380122563621484 -0.99344418944660639603 0.0089826610853768803361 -0.1139647061797217642 -0.058306848479016334941 -0.89730530549768383608 0.43754256952458953078 -0.098330838882123058897 0.44131904618495654269 0.89194649256511870927
-5.90746161954195248 -7.1886816176884460461 -6.9127418404085911874 -0.95027593163391377296 0.0032388015179942285932 -0.31139229907303361822 0.054569740026455690329 0.98620531051662507771 -0.15627293106084516605 0.30659060199344445596 -0.16549500195965941018 -0.93734391079027767901
-0.35691078373596579754 4.8746360570258548961 -7.3556248528658088048 -0.99977164373065763314 0.0136946806819419932 0.016404758858666861759 0.020980367248952292575 0.4831785659429740365 0.87527041398839400266 0.0040601209699495880573 0.87541471836744477741 -0.48335554851825424105
-4.9755059766386162678 -5.1726157409030726342 -2.0497470993382123083 -0.91950060549919265807 0.0071081073315170505839 0.39302431387492586801 -0.37435916294568938323 -0.32078239485334619774 -0.87003096052425965556 0.11989100719121094374 -0.9471262481646004483 0.29762059141182350963
6.76965365209010006 -5.8316368186034557297 7.3724916364206976027 0.62324802200926343598 0.0026380118598719921874 0.78201978488718892901 0.51838799806027735517 -0.75011529576693103394 -0.41061043158165022593 0.58552180704788181487 0.66130181003076415891 -0.46887538805252282348
-3.401191299190734707 0.90917644099130801028 2.8235887363814669015 0.98080355882882019891 0.0045089926769183597682 0.19494626945350454483 0.076574347904866307823 0.9105180729367070569 -0.40631663527190498009 -0.1793341803219394015 0.41344468534586820141 0.89269409314027203806
2.859020046457216413 1.4064486501141810759 -5.6758347086378355684 -0.78834215594913514824 0.0061420788562574230723 0.6152064044048357605 0.55449472430542134926 0.44032943872043611711 0.70614841649160176029 -0.2665562714904857744 0.89781527067840793954 -0.35053600937080398037
5.0923258062305860605 2.1184458742300078526 5.5961680622526115414 -0.93288891436307164184 0.00089259451258321851827 0.36016312517172899277 -0.29732035748717333679 -0.56628952150384403996 -0.76871111794914215309 0.20327045649119707127 -0.82420590941216598235 0.52855060345049498238
-2.1235840071110447802 2.9122339048951095819 -1.2165240746518877213 0.99305912524493089588 0.0013225912828641796931 0.11760877739402371411 -0.1038757262044988916 0.47887589235659255849 0.87171538544708426777 -0.055167085053597297861 -0.87788161529446595566 0.47568945989448291334
-6.1185704811492289679 -2.9950640818516864883 -5.9170461416339037442 0.99969359323434492381 0.0044556725868640408017 -0.0243488527070618542 0.0016776201063190016721 0.96920827471197579239 0.24623668658583075519 0.02469625957775115066 -0.24620208612397659342 0.96890382781329131845
