1125 14.717824617146108679 14.977075390850430381 15.033177056927090831
-4.4368208575378620395 -7.1601819316056616316 -0.15167674605892056405 0.970331681338000962 0.0029805276117356696748 -0.24175927003295943907 0.083724322831659203636 -0.94219975402062783321 0.32442235017016496368 -0.22681857498470686663 -0.33503841567607151042 -0.91449581413101654892
-0.37394417847159278079 5.2183301533794637095 -3.6717852578011727083 -0.99801315477338337079 0.0077981221078120164722 0.06252145384468674183 -0.039486616750734677972 -0.8506715911696461907 -0.52421241026368980975 0.04909735223863603143 -0.52563964202535773396 0.84928935983838904633
-0.95384586566527362894 -6.4381309425706287897 6.7788905846654099463 0.93801251023364862203 -0.0052234303451008344543 0.34656203834301901878 0.052764567658461804245 0.99038423461140268067 -0.12788654437794819141 -0.34256157263307790428 0.13824537463706207396 0.9292684140476384913
0.4539623350285902359 1.421335737631196583 4.8264704334682742015 -0.99760849636160364717 0.00040465311678266648043 0.069116743579360012673 0.015839097708823253463 0.97471039194034769793 0.22290979078367287314 -0.067278607082277119833 0.2234714480629463873 -0.9723857778318863998
-6.3566802829052262425 0.79989180749625432565 0.85059655904601649823 0.90664940546201133742 -0.00092390277151893933014 -0.42188387262269566591 0.2908880086209761906 -0.72291859891102328017 0.62671593707923756167 -0.30556672269077433945 -0.69093259132297291103 -0.65516496566266468893
3.0948803301371601293 5.9853127352806030359 -3.1905143825083670528 0.87888728889362366381 -0.00898467867594911207 -0.47694486994868967589 -0.38486250215888728743 0.57737861856217875811 -0.72007970757357875335 0.28184745493493645885 0.81642709801692747718 0.50399286281692601275
-1.3229587974160290642 -3.859709124100241695 -2.6187828597062128289 0.91182451193596403272 -0.010974062934809729331 0.41043346522361057183 -0.2238308773024677012 -0.85132035586306697983 0.47450330879695151731 0.3442031344987861452 -0.52453143055105511117 -0.77871110212029537312
-2.1658484875032355532 -2.6647622118338145647 -6.2470863311436586329 -0.99992605190084760114 -0.0021470439617810059205 -0.011970001349926753451 0.0090745540579562616185 0.52353256942974035759 -0.85195733532553863387 0.0080958754153184625535 -0.85200295712421936223 -0.52347437172484101442
-5.6110634181337575299 5.5530305930640011525 0.019514843948537891061 0.66141820102170345574 -0.0017141481400570436275 0.75001534987851770087 -0.039830337864492852684 0.99850600061400740515 0.03740736456222324563 -0.74895894917064054219 -0.054615276562916224845 0.66036176753589570509
-3.719437239442471288 4.9200500783785141579 -1.3128800619067910738 -0.99993039199254141192 0.00041999934551371128494 0.011791300611819878832 0.0088251491999248449227 0.68993383537480623691 0.72381863719207972796 -0.0078312139013219008582 0.72387231360620418741 -0.68988951701218481638
-5.6055677326962181084 6.4329498239405600302 -3.3255175887063486151 -0.94382029140779299947 -0.0089420508013171150913 0.33033815591661136457 0.30456010333977651117 -0.41147235159451722719 0.85903064399764572645 0.12824352217789861119 0.91137837564908419363 0.39107934670430433144
6.9608517692418745426 5.8997034184560268599 0.73900235677128345291 0.99976139533156649364 0.0027687523237193904617 0.021667635200966536141 0.021094167607665012532 -0.38000797366655592047 -0.92474265395442900584 0.0056734907748509722306 0.92497906676867103215 -0.3799757065155522362
1.1855832768345440087 3.5834235465143984278 -0.56413320291328283851 -0.84630467857445013102 0.0059092430915954896609 -0.53266637951826079078 -0.46830157282742229663 0.46833500292090202155 0.74923691975677597643 0.25389373349960414616 0.88353121387151711819 -0.39358679627810339019
-6.0778901581757640571 5.1742836986051532477 6.0919343856160788064 0.64182203311948993196 0.00056818540964541711102 -0.7668534116555988378 0.13920326398358701114 -0.98347234520426740634 0.11577822556440042767 -0.75411333969028049307 -0.18105751402204381395 -0.63129331337932426127
-0.73637329138762641634 -1.8866845978909700943 -5.0803828485892319478 0.86098495153651011247 0.00041075215368156087203 -0.50863026306966041545 -0.50862504307883382726 -0.003906630397389442011 -0.86097927024517939554 -0.0023406795363184948466 0.99999228473102652615 -0.0031546311514599216161
-0.074719745511945476202 6.0894567087330306876 6.2606996604911016036 0.9274136855238974686 -0.0038764137873243875373 -0.37401715110290695288 0.031473637779317831242 -0.99559118228743315182 0.088360669284397022616 -0.372710700178993104 -0.093718574293430265132 -0.92320288279680218224
-4.2823169503893110388 0.0013455219301578584187 -6.2573359264012058389 -0.94471403243299634234 0.0044938077106959836704 0.3278646101921894318 -0.3259325664784605836 -0.1221138976967385964 -0.93747328393829876259 0.035824000795453503354 -0.9925059202249942869 0.11682739098959045443
-5.7399188800201592642 -4.1303723710890034582 5.6318752651222157013 -0.88515366629266922782 -0.0066214681529081819214 0.46525169876975930316 0.301411855894550329 0.75358962533518980553 0.58416912766215312036 -0.35447691063721320504 0.65731182306937629978 -0.66504683074086867745
5.2238120613856251495 -6.1431453755492837487 -4.8307064443672427245 -0.90501445596335894361 0.0013697997373862628306 0.4253786056513520486 0.22493394366938340712 0.85029397688579899661 0.47582021169461108379 -0.36104508788041500544 0.52630625734494462797 -0.76983645535724898323
-3.6320228872509621176 5.670405131768296414 -3.1199680274033725347 0.95595227610431343646 -0.0010341716935785881873 -0.29352031667290096051 0.22533286834703553092 -0.63823642039853867303 0.73612456155137662162 -0.18809663541218887839 -0.76983972498554031905 -0.6098905258987753486
-6.7706546177082520543 -3.8609245820058060161 6.895687711821312682 0.9475081550955664067 -0.0052629904103414903299 0.31968828092280804354 0.31776557833625806992 -0.095209817787242273512 -0.94337698075665588071 0.035402446978432124125 0.99544331407110664411 -0.088539681607066086921
5.0651012022447448047 6.6882231905520077575 -6.2719945494190465496 -0.74055836820132203702 0.0042609046858081162795 0.67197853237877402943 -0.16659503452330426398 0.96759891370347428374 -0.18973253983452736948 -0.65101413022986942547 -0.25245630689510822897 -0.71585362704248900467
3.5202127296158667313 -1.8819476862620232449 -2.3817011765536078016 0.85913528047091280992 0.013567430165300917166 -0.51156866077680918092 0.21732562190693244242 -0.91470163259963555014 0.34072055614884222408 -0.46330998684790303255 -0.40390202792053786496 -0.78880099386895741187
-6.6683530319011881105 5.6558194377701260791 -4.9114929784861134365 -0.97546005585545947358 -0.016817101517619271328 0.21953328797044549536 0.0013653967277545142611 -0.997521638657608678 -0.070347111537126694181 0.22017223967236179694 -0.068321047316273128547 0.97306547537733067976
4.6425611763568168655 -1.9837581005162903125 -1.5527297858636961436 -0.82215615195871727394 -0.0065186456059250748665 0.56922470875380859479 -0.56584241203004803644 -0.10007951060919623165 -0.81841704301916229358 0.062302700940057867407 -0.99495808897449045105 0.078592459179635087985
0.52599408546790948904 7.2132760026719999757 5.1328012247164354065 -0.90664971600765575932 -0.0095535371165398341731 0.4217760334486172491 -0.18869857879421650382 0.90334978826775813587 -0.38516490805581266033 -0.37733160326714221267 -0.42879819258614093602 -0.82082456786493918077
-5.0632269683300625829 -5.7846656290086384544 3.8847586691649178547 0.89690038027255880593 0.0036532047506960610428 0.44221755049088490308 -0.3473300060703358727 -0.6131468920480035445 0.70951586004483568892 0.27373632340314879574 -0.789960469179906144 -0.54866281301250663383
6.769734378259824048 7.3889601605780397264 -5.347937170699254672 -0.98317633960388706171 -0.0029931266061338362983 0.18263440649588633113 0.13203776821442364531 -0.70254228983486977089 0.69928560599979883161 0.12621534378966312029 0.71163570187755387231 0.69111816269391479484
2.3884129037485739566 3.9248896006376843282 6.776820041592586108 -0.81992717411543469819 0.010120700675993467635 0.57237837185296203124 -0.56328587806084051692 0.16409424204389660984 -0.80980374122697185157 -0.10211977636276516057 -0.98639274690454725736 -0.128844480400757605
-5.7328627454036880096 5.0729693805452198418 -3.3956392100347758678 -0.97454898416361601665 -0.0090652670900676739218 -0.22399129089806638082 0.22367201301972949867 -0.10619428249156864785 -0.96886201543753669441 -0.015003601477964931613 -0.99430407587353419885 0.10551917666470546353
4.0743466060715087806 5.9770930433711129126 -0.37624664769128535191 0.9692395420353426827 0.00087984729562551062393 -0.24611772797533307267 0.0751938679102825136 0.95112163354623346923 0.29952215348626382019 0.23435142923334620346 -0.30881525880223142932 0.92179853739691008929
-0.33596931061246237959 -7.3339437910612401694 -0.12343450428258989637 0.98562071461323685906 -0.00083355701290457363817 0.16897074334985212607 0.074977113476992401919 0.89831054621967731943 -0.43291638338740134895 -0.15142734026632015398 0.43936029376044738459 0.88545598020832161357
4.9938704165970424498 -5.4583352942810723363 -7.0253125744283142495 0.75489075296686580785 0.0079697346733719927336 -0.6558021305351349195 0.33461133109743002034 0.85531542266870186353 0.39556388213064469506 0.56407021565260784257 -0.51804634066298305139 0.6430029399150742897
6.9613749164836526973 -2.1185654410107619405 0.52597868578726936217 0.98109739191392197899 0.0036077252569274419897 -0.19348098588308040857 0.1403074995528056923 0.67531633814079117251 0.7240591474523189186 0.13327307736023466522 -0.73751937449712412498 0.66204490715689201519
3.01966286936831807 -0.027700741437417977786 -3.9707585113481735917 0.99914367680872551158 0.010543376978265411523 -0.040009377589455351332 -0.038754461480892135605 -0.10020637249791999879 -0.99421163472678908413 -0.014491542655204431994 0.99491081012962179209 -0.099711960560257981157
-3.572978411193417525 6.7547539923527066819 -6.345105698587505394 -0.99071660523169413626 0.0062837400517292887198 0.13579809545410376215 -0.13464699435293242535 0.092269766205059527975 -0.98658830175313394495 -0.018729522944911029814 -0.99571421846598984207 -0.090567102828948781168
2.1105286477780640375 -3.4373025592660924055 -2.7452746617133612084 0.76509882238500837026 0.0059158182021908454346 -0.64388570032273206856 -0.56985108322688082794 0.47182694185913087725 -0.67279200343111544846 0.29982250570995006012 0.88167133333840697063 0.36436537299665461287
5.3828985848123256375 6.8079553677058584071 7.0211818734404296549 -0.87479733066596010449 -0.0010748372433346713509 0.48448784812887168982 0.13544190561379224058 -0.9606695177216129089 0.24242435505588164069 0.46517214067844164793 0.27769213608863096976 0.84053670775948186034
-2.2422327137487396698 6.6368151531899277629 -5.0415395206007493911 -0.8922198978486423071 0.0046103435621978553632 0.45157767727732028851 -0.14586520405779890286 -0.94929317475541230564 -0.27850639240071223268 0.42739559675797500482 -0.3143584150218408646 0.84765074811309115699
-5.0256907654863152146 1.127980760229976287 -0.47967190864914566184 -0.99841890391981580333 -0.0077235176013428687852 0.055677998990527464984 0.01142081732676141631 -0.99772799448308402415 0.066395888097772193248 0.055038688459214057946 0.066926798074966237229 0.9962386995455569938
0.17900459758283879252 -1.6401745295852820927 6.5634512903651245352 0.99946395138944710279 -0.00027140461631334415575 -0.032737382494306417613 0.010237588791355636125 0.95240769321643858891 0.3046551783208720221 0.031096650121588978455 -0.30482702019593427289 0.9518999349246817232
-5.9210850865645916485 -4.5396326178342949476 -2.5765996010633678281 0.9495186735908052178 -0.00049886282602124888685 0.31371012039495266288 -0.29562340155921740248 -0.33606661004745674859 0.89424048111329568211 0.10498139336513727382 -0.94183808839265303892 -0.31924899733601203033
2.1695228223643634458 -1.9355818316661059786 1.3657150016282264549 -0.97992229219156579134 -0.0097635600627171345578 -0.19914058893402902806 0.17920646289661432138 0.39466173115942637661 -0.90118098160926629614 0.087391904214174365162 -0.91877461374008217998 -0.3849881351739194435
2.7149926178523844378 3.6204322629530842903 4.3172756845067388198 -0.48159242840553245779 0.013434735066069333764 0.87629232610824236982 0.81825954030601144584 0.36499857893677628562 0.44410287329888609165 -0.31387904931784277318 0.93091113714886308816 -0.18677365213402813415
2.3619864378560246898 -6.3709161759622547905 2.0408648056105467283 0.9909561287589933043 0.013411009949980463862 -0.13351440254548702091 -0.12392401173786349311 0.47308921662468678138 -0.87225537110880935199 0.051466398647471781058 0.88091244623145803505 0.47047260481856750802
-4.752411555467373816 -1.4149088123720425791 -2.701072870651125335 0.99993188193044935108 -0.0060351585557924924269 0.0099904134221404650162 0.010491809647973974334 0.089729790850416213388 -0.99591088284257345276 0.0051140423785859239619 0.99594786083168573843 0.089786998365020492807
4.6536931071719607189 -3.9080905208749996405 -0.28289505606156600814 -0.72598569091823528243 0.0067256272215639343812 0.68767691725141766312 -0.17434553939790936594 0.96548494123243466802 -0.19350054559469495596 -0.66524312057623835592 -0.26037203035630901438 -0.69975566902607988506
-1.4745027051741599333 3.5781334304441072547 -0.18726086839255337568 -0.94717903673365999584 -0.0039759886003624799605 0.32068062599249097522 0.2320561798907472828 -0.69868348828591875233 0.67675055417119223122 0.22136350590551673312 0.71541985904167215704 0.66270100614226934432
-4.8154557166502272025 -3.1516258668041512436 0.92716123508468561987 0.87997727624016763848 0.0074733461650109064833 -0.47495699005069602627 -0.12089033340807593675 -0.963430335058138132 -0.23913911595200212923 -0.45937514145785574016 0.26785469677961337709 -0.84689334678204586382
3.6848006367156589391 -0.047545378634371159021 1.4732945797985252945 0.70634646425450575702 -0.0011292905895467753551 0.70786538066072846043 0.029535347805736765492 0.99917490140972542445 -0.027877941510951114584 -0.70724983963597909398 0.040598535634357758861 0.70579701277290751715
4.4092606107885590205 -3.063873467098696679 -5.4764625986171431293 -0.70266336425483444383 -0.0014401303440181045541 0.71152099235263532861 0.078795814551195261788 0.99368959283482927169 0.07982614046176410294 -0.70714596523147943419 0.11215578057503278187 -0.69811579608289919818
-4.4412464070364032764 -5.2052942072693699771 -7.2424859205218012903 -0.93137347005037884884 0.016357206180359497305 -0.36369754067423631927 -0.35055654839688998869 -0.30989705158541935859 0.88378386712750955923 -0.098252560590342902236 0.95062940162016973389 0.29436401803347556072
-3.0655136474211204245 -3.5493514148971794242 -5.7196033465920326222 -0.90167649068805910684 0.00033169450563241440963 0.43241114245504774782 -0.10482483411009554941 0.97000361893007136516 -0.21932791298972753591 -0.4195131229107469939 -0.24309024916967467145 -0.87459468925002403772
-3.2250860655107529418 -2.0701777467198652083 3.8788458189039065616 -0.66487071469513470134 -0.0092692356736245283544 -0.74690093989139283437 -0.73067469558032549504 -0.19957871584475972426 0.65290338138238412924 -0.15511744576105077065 0.97983795469036627512 0.12592124748755226249
-4.3923287380175111139 -0.72627195780392028723 0.45150486369391329422 -0.95362451308014262175 -0.0083829043483538666359 -0.30088206155804830821 -0.13094878282133209924 0.91161254521045997912 0.38963442313612511869 0.27102159384512025664 0.4109650767761861001 -0.87043380066491216063
-2.680936706954767601 -1.4657219194494557346 0.84827597324476367024 -0.78011271892016109675 0.0011821024120532812318 0.62563787322441455352 0.60847334048079315671 0.23407272275086515867 0.75826786453604710925 -0.14554841017005640258 0.97221837212526507344 -0.18332238597367109256
-3.4679688775061401351 -6.5716809206108814934 2.7930387820319309 0.62664036626580466027 0.0077082164340516014581 -0.77927045033518282935 -0.74831291334270422233 -0.27325620736282035805 -0.60444919460789048316 -0.21759971298394450989 0.96191040567045460463 -0.16546521196980029655
-5.819103372282021347 -4.140905643957248472 -5.0819775422038082624 -0.8994858345111235165 0.0080366850022043790497 0.43687600667472731297 0.37760655807153425956 0.51738228465308944148 0.76793805663517589188 -0.21986023018108816207 0.85571664890972054529 -0.46841274103439844989
-2.7907357587527430454 2.08576558122168354 -6.2931932442114506543 0.99462721247610386133 0.0017792165176198863202 0.10350624421067325387 -0.070253003483049053512 0.74597110239283359601 0.66226250829745736404 -0.076034358704603483003 -0.66597593709048319432 0.74208815346497447596
4.5089399036378203789 0.86133899159009363888 -1.8269001933145123662 0.90160246292485335395 0.010043427554247513073 0.4324489893741299551 0.34363661037126053133 0.59058157050061788063 -0.73015566052549207843 -0.2627296687857889057 0.80691544671538562028 0.52901850912016934458
1.6871709696576708826 -1.7172223156159041046 -6.8683795273585790397 0.73284374437519250733 0.0013515436548297002015 -0.68039563465662344921 0.44050803452068248989 0.76118266416304325439 0.47597649448294859775 0.51854866488384943057 -0.64853614017052008123 0.55723258791984464633
4.8573759000044640644 2.0239372782312461396 5.2395120016465259738 -0.99963533125948500491 0.007568370471809769684 0.025921502002209766136 0.014380204920790526021 0.96168741017826719908 0.27377095319086580671 -0.022856382130258992569 0.27404387399283730575 -0.96144554755999600548
-1.9694200015396012837 -2.0765021835644152937 3.7701827201708568715 0.48023616519745210285 0.0069488331427228350323 0.87711170289449069681 -0.52850194027269381536 -0.79577951714407924033 0.29566984834791149028 0.70004208785226418321 -0.60554659095068874564 -0.37848963185736778092
-2.3858457367150895934 2.9165691087612160004 -5.314943065859566218 -0.80552079167237866653 0.0032994526487791680028 0.59255832438315958477 0.17723811448780341093 0.9555478888663456738 0.23561596477291524288 -0.56544045217538263515 0.29481747861230139796 -0.77029848068674755535
2.003900531626664705 3.9004795902848936606 -6.5453224419417814772 -0.91232895108844003218 0.0081922157031367182078 -0.4093760772294578465 -0.38377679317023205563 -0.36561639601116507903 0.84796227745803298692 -0.14272791608467982893 0.93072957327555716489 0.33670640534507667585
-6.1651397758563648566 -1.8406404329094550043 6.8946112503150471795 0.86681376786758179698 -0.0019030250279418259654 0.49862838901437106509 0.49509410306702561488 0.12219621898391973269 -0.86020341383566634175 -0.059293515189947125499 0.99250413730217046382 0.10686354146594627401
3.6921385405071496244 -3.1329019740042509667 6.1241582698390439887 0.87901344331641773078 0.0095429466374972356235 -0.47670147748730518078 -0.3523365624046341793 -0.66060745813900068057 -0.6629153287139349926 -0.32123871694109451536 0.75067084559113739228 -0.57732050744578067292
-7.1589035759986661134 5.0160771127624608212 -1.722759733659868342 0.89945593997718231716 -0.00014161402576175034784 0.4370114323279432611 -0.027723554437066116884 -0.99800415832948363715 0.056737152611868360563 0.43613119192420102266 -0.063148079167885645679 -0.89766469437545204357
1.0308161670462629989 6.8161222247567136989 -2.7072637241483321624 0.92817500693048082816 0.00055484029660622657953 0.37214358608180569954 0.3607514520723886231 0.24419721173641034673 -0.90012560879458636265 -0.091375852046472680335 0.96972543223955398606 0.2264575892531044965
6.2072214285918789756 -6.9263292108165499528 -6.0794889119956430079 0.9776230937121938025 0.0037802228907726494016 0.21033020837581112295 -0.10686501461246232514 0.87014238463968074377 0.48107390191688015335 -0.18119866250172131372 -0.49278589708767295274 0.85107526361599539211
6.5807377305364047615 -3.7510367674950471084 -3.8026460984698502443 0.97161315006984405596 0.00077875224830808455721 -0.23657404793471778492 0.22481292691122420346 0.30835414761078827617 0.92432508758819165173 0.07366840913785091538 -0.95127131418756238901 0.29942587112490914869
0.94221436516464196487 -5.2546826425761210544 -6.0919513565492779961 0.94617702601972886178 0.0070388698358947489331 -0.32357300527682275604 0.31833553585955698395 0.16018484898652540771 0.93434645649471381734 0.058408236075306381452 -0.98706193750274917598 0.14932250162639018609
-1.4321076115820527974 -1.0935191917852875587 -2.5041643234367216841 0.68713494472956593295 -0.00077328172415199944445 0.72652940048337788514 0.2166915438384654502 0.9547036449679890957 -0.20392578334697225584 -0.6934625747366115478 0.29755730930384893806 0.65617779992887692586
-2.9309398077325132803 -3.3463269021320569685 1.6048186678778386671 0.95557147630792460546 0.0085996683154479745814 -0.29463400919031440539 -0.1775352035745902668 0.81471766859131722338 -0.55201120638699030518 0.23529641977387438789 0.57979407222733736482 0.78004770921499488878
-2.8410973352167845363 -7.240345964353601893 -6.59222622340332709 0.9923044199466836135 -0.005626948646639420501 -0.12369428282363528759 -0.0035509822149222300229 -0.99984923307674899995 0.016997106850300588293 -0.12377127566454210195 -0.016427068055532567659 -0.99217479445691536544
4.722823681168052623 2.2899080462705083683 -3.4762571843378391456 -0.999915572206432679 0.0069727160405967485157 0.010964930004442369552 -0.005145671847661570375 -0.98732827410427659309 0.15860769595189727621 0.011931911842731689893 0.15853788312247099612 0.98728079546535862931
5.2684208608859144363 -2.2376724867071522418 -3.5869517671796131708 -0.96429579555137401314 0.0025671287711558784216 -0.26481508365618539047 0.26482611034165853825 0.012617350656652039434 -0.96421363490871436763 0.0008660042059117983252 -0.99991710272014111549 -0.012846700916403944875
-6.968027882948751639 6.4677569459114367945 7.1277473392295895849 0.85958340012048506384 0.0028709434954932609371 -0.51098741268333991439 0.49097890059906240667 -0.28178030825740890686 0.82434190542805829693 -0.14161955163004541491 -0.95947465602896242487 -0.24362324813999167161
3.434236388476809676 0.095067879282912715055 -7.0484184232626727606 0.92949065377909445562 -0.008729732670964990629 0.36874234406273936893 -0.35073449827702019022 -0.33033734268510078769 0.87627766817724495052 0.11415969628446753781 -0.94382256372433304126 -0.31010729102843875848
-1.0810543684224231953 2.8827626562328028115 2.2681221387007659551 0.99999118186427016219 0.0038122187615908802345 -0.0017615850180679338416 -0.0015766364806321115505 0.72958717533413186551 0.68388600497844376225 0.0038923528963950154713 -0.68387719699963289699 0.72958675221857938187
6.6249744216176624789 -1.1632109880222858411 1.1581503682488178963 -0.9624096486449705834 -0.012514266825992102425 -0.27131358484372847251 -0.14029452852797325013 0.87825649361583313368 0.45714655930757319702 0.23256206367344539609 0.47802607099132649049 -0.84699820660525371174
1.8005798075680561343 -0.59117366632188050879 -3.0962746685342730224 0.97459110133345161486 0.0053539764639511690236 -0.22392748857094951775 0.19875587568640443181 -0.48166098160348103097 0.85352141196393116473 -0.10328740040190607929 -0.87634127697871777585 -0.47048664081080909805
2.829473337882884465 -5.8679223178990032039 -6.5871749730132016509 -0.75536945057307725016 -0.004334559039926432801 0.6552848271851455797 -0.57079113993062058352 -0.48685095024216568094 -0.66119106680678363386 0.32189201251005844506 -0.87347430634580425224 0.36527820689987622327
3.0484662932643527 0.47707175534653012416 5.5847752354754343074 0.96877341883764056529 -0.0036735619480789552874 -0.24792048704415312055 -0.23212847279565662628 0.33799344708574363683 -0.91207280512284583107 0.08714605597000556203 0.94114129368004584286 0.32658632895326866752
6.0899627726361194036 2.3937359686250800905 -4.400720262321367926 -0.982357986491265045 -0.002001457780616122846 -0.18699941321701299413 0.020003376641298413474 -0.99533051279971407332 -0.094430054605059723927 -0.18593722408304763638 -0.096504738000342454862 0.97781091436114930815
1.9445930408997913474 0.21721246346938197225 -1.9989665070488003007 0.99622453049185888396 -0.0066482596446816302413 0.086559144461348963562 0.083876705309682247913 -0.18345835431513493607 -0.97944256112260663638 0.022391586647168251062 0.98300500145009261921 -0.18220807877738706693
-5.5689349616981829172 -5.9859329012393569514 -4.9806578936133227842 -0.98358591276792262104 -0.0041596268892430988962 -0.18039248794994316993 0.020653235424935766085 -0.9957591392190958679 -0.089650323636801990124 -0.17925455662577940985 -0.091904483926727467691 0.97950057159912962135
6.9201578607380360708 6.9458247505031005531 -6.3961898996358481639 0.86965957125742809897 0.0053261556349357619053 -0.49362319859024417212 0.43235227296443906608 0.47438443303165145348 0.76683174279613786073 0.23825142640246249615 -0.88030167656519697772 0.41025018714659078345
2.0135787736863277608 -3.8986167136284519685 -7.1289889009704232592 -0.61250907964514555992 0.0047514120485063343624 0.79044927189274216683 0.227696365237459869 -0.95653625831034039262 0.18218878065111249187 0.75695904288796356241 0.29157470847282834781 0.58480526397178578257
1.2344649137167287289 -2.5245334513240780261 -2.1838091855280117315 0.97974854931760191334 -0.0006280609034197312231 0.20023083091691012969 0.16604161799546632294 -0.55633125086325541098 -0.81420250577247788026 0.11190603738670672207 0.83096037501944608472 -0.54496045172477014518
-1.3180572193564064065 -3.856322503204971941 -4.3029496819420227638 0.90408927310463893523 0.010990126312847460846 0.42720229795827835417 -0.16840933775653116333 -0.90960765363391438143 0.3798054915442052315 0.39276059019923820204 -0.41532292685849137026 -0.82051568249001227695
-1.3690744461630734996 4.071152295259178544 -3.3311915201769357608 0.91767626593951978631 0.0094536296685984108623 -0.39721643951039481424 -0.31004119788265893654 -0.60817371705002432059 -0.73075247895926132013 -0.24848486180589984818 0.79374766694190157512 -0.55517557103827319676
-2.0891823177710824311 -0.86882778767832713473 -0.32223378096950588967 0.97141810299696806918 -0.0024694429106699635618 -0.23736210948958336164 -0.23317317345051746802 -0.19723664400892362836 -0.95222265119204474448 -0.044465046415242508171 0.98035279777832240455 -0.19217505440475646239
5.7471525971164325597 4.7166093127305623867 -2.8942699402491913752 -0.99842532691998675531 -0.011649723079384412955 0.054873951167333692713 0.024874065741882056546 0.78483793337440155291 0.61920166278039245888 -0.050280686331898818975 0.61959156085979982809 -0.7833122942308100578
2.1564075985432253901 0.37554409592759185887 -0.072380887483865216647 -0.96863984617343279471 0.0010894093955665506025 -0.24846662068038694038 -0.080392895128727867582 -0.94757507751533043283 0.30925467641506920735 -0.23510387240111099705 0.31953135317047293151 0.91794655809753511466
-3.7838087052191289317 -5.4756823734110726676 -5.2172905309723036638 -0.70191578878995974922 0.0054109627488170518317 -0.7122393887799217671 -0.37362974796258840993 0.84854593956121038278 0.37466064630781165112 0.60639511614531493855 0.52909404640047918988 -0.59358609584346000432
-0.31594624916062463704 6.6329753297027416181 -0.046048139499430401633 0.99306162444148604607 -0.015991504353456691134 0.1165027117718517996 -0.055535719412812913076 -0.93704615840996796639 0.34476119398548132899 0.10365516837562677166 -0.348839173255403312 -0.931432679946058939
-0.045758670622470944134 -4.6155254006625368035 3.7752855389252513163 -0.96785873882326334261 -0.0075124178323586685013 0.25138222940744398004 0.15157048431855310588 -0.81505152640030953393 0.55921140689017301284 0.20068844004320054997 0.57933977326866026303 0.78999340322697098049
-4.043858393753658298 -0.67135215424080563196 -0.8687921106351820244 0.98599599942815363551 0.0075543437440535425587 -0.16659778210487657946 0.16111379641022655074 0.21479200889057234458 0.96327915866738245132 0.043060814181086960739 -0.97663059792700990247 0.21056695247526038828
4.126407848736674211 -4.1936335939097482139 6.3466034443704364421 -0.9957616291366401251 -0.0073779652341991247208 0.09167520694354164279 0.09019411042679961743 -0.27335791581510543446 0.95767451271582237915 0.017994454241474902578 0.96188409670302721377 0.27286477260047453663
0.92345369739067206805 1.9392689457962652977 7.4866794311138766815 0.97481710192186943331 0.0061123763101528991171 -0.22292208651556003063 0.22186376134500984669 -0.1276212991034344213 0.9666898548226403598 -0.022540834112041614745 -0.9918041353367824664 -0.12576353973446938173
-6.5267024426967719108 -3.0306850630142450065 -0.76587150570767281721 0.79203237136478032987 0.0012433117124745910256 -0.61047782669497285823 -0.54677396622949470117 0.44620877604354863832 -0.70847438770598936131 0.27151970934707936323 0.89492803194315018178 0.35409160548982476779
5.5288379377360303835 -5.4046387348028481767 -1.9811004565348999673 0.85141905018346630829 0.0054327517869899935588 -0.52445789744530391108 -0.42414478175762604373 -0.58107632725694280396 -0.69458729185714729315 -0.30852358919948397187 0.81383093275548856749 -0.49243518131615421352
4.7799296883457369489 5.5056856781272278667 1.2020137468559921601 0.98870851806157478148 0.0062127926288527614979 -0.14972263529679716298 -0.031460832550476908187 0.98547819973168637731 -0.16686202045051415355 0.1465117139606599006 0.16968829971844273663 0.97454615006724942816
-4.701560853586487454 -3.2994985830026246632 3.2974966595113461842 0.86694646334608460592 0.010153916796268654121 0.49829783028363683339 0.42543519419967990025 0.50574481813830240995 -0.75048455977617767321 -0.25963190333243818531 0.86262336908989378781 0.43413384787652842256
0.34018168982008262224 -2.0223073931019137639 -3.2689893315488656178 0.85339723281752566386 -0.0032535611209073837975 -0.52125097348528237617 0.39483051470808228078 -0.64884293118466607186 0.65047038003824886321 -0.34032635465789423668 -0.760915412507683242 -0.55243615679428881293
6.3555328254566472168 6.0423345207320791062 3.5247758427544488846 -0.92727855065817432756 -0.00039387434464077490659 0.37437191982334172558 0.27081675563817841912 0.68973437174644736114 0.67150933075956242835 -0.25848167121639314958 0.72406238770884134848 -0.63946922080003243405
-2.0058735870291526382 -2.7060338976130191568 2.361599201211037613 0.99999693622287144645 -0.0022424784784307420782 -0.0010482532925357875529 -0.0021737292268044893645 -0.99810273196660570516 0.061532197604183998252 -0.0011842491039042398783 -0.061529730464349091656 -0.99810454854332852914
-2.9740491895869434202 -2.8790683871714239928 5.1847873118867955355 0.60646699859504549224 0.0026686004690902606976 0.79510418071257327188 -0.7821769531505304851 -0.17761741310959255902 0.59720287048902820359 0.14281804359104510738 -0.98409599792487678638 -0.10563178164264198922
3.6003155859367232949 3.2977419111271384367 -3.831821126698498059 -0.99727374716505468033 0.0089848680866919695964 0.073241691411915707532 -0.069503909560337334694 -0.44775375335429040691 -0.89145150339940826267 0.024784668067999011953 -0.89411176510690359986 0.44715754687377912147
2.4550294607570859462 -3.1294749054426769241 5.2421535414231810179 -0.9841894708909129097 0.0095270296665007359049 0.17686243550592917195 0.081289921055763977864 -0.86287584074484835472 0.49883587701119225244 0.15736274693239887812 0.50532615127716329351 0.84845886565788120048
2.2609950635847049227 -2.7612305483390429117 -7.2242594989321657906 0.91933006187841526113 -0.00067570721366032033932 0.39348669703880095883 0.039546965628680354199 0.99509387298181462 -0.090687493424154927424 -0.39149492312969147445 0.098932943824335470295 0.91484643399313692047
-4.5455527108735553909 -3.3994074839633330321 -6.9131823858452419174 -0.84189326986253432139 -0.0066421594147090950999 -0.53960319113066523844 -0.51137960538067106508 -0.30954464132342446314 0.80166889314016309687 -0.17235608884161274235 0.950861712735421305 0.25720688539184238808
0.22184557480959346543 5.6228629087978028167 -0.31193917381508223796 0.8941518535449858307 -0.0045693132753608966048 -0.44774053220385429119 0.3772377675447391443 0.54636712423394617755 0.74777980201014637718 0.24121386680689402282 -0.83753333481881142575 0.4902588943890875961
6.4017830583025867597 -5.3359084123176838688 4.8904917973294139699 0.99626974433819459609 -0.0017891575396493278154 -0.086275114788607845662 -0.037894892706866703525 -0.90729698565094318852 -0.41877936546040372967 -0.077527889325228069306 0.42048659757952910887 -0.90398033586623716129
-1.4756701721338871813 0.40514385033110522638 2.0316185730729765524 -0.80623485998907018502 0.0076003304481783188692 -0.59154677373421948872 -0.14460869116201641171 -0.97211664728634050725 0.18460105771394652585 -0.57364943735592854868 0.23437461263070832884 0.78485340285658344861
-6.1098107463886117685 -6.6749580260526224507 3.5616215286559032016 -0.83903692498757120877 0.007639715916071887665 -0.54402083898334741008 0.53189090645911518695 -0.1989015114865320677 -0.82312225844913311512 -0.11449498737278610005 -0.97998970579745181553 0.16282221714936120915
-0.44433528154175333524 -4.0772527882855635895 -6.2161412567980045552 0.94257846501856856758 0.0046812954458365805752 0.33395197672135801259 0.32688728318620952074 0.19211078860442354355 -0.92533137253252761845 -0.068487527144092216758 0.9813620791404398247 0.1795492362861630109
-1.5733452844897168887 0.033534056943749855628 -2.7147087335268795805 -0.99914747766887090918 -0.0051435345854169874091 0.040961712853729043138 0.01953490270508433102 -0.93300086497944145769 0.35934353135117369504 0.036369017642084507103 0.35983736604136312698 0.93230593935469052713
5.3639677602954494162 0.34180637158636328898 -4.7876005392054610255 0.89624976559655089581 0.0016674699221302974501 -0.44354658967482157861 -0.44145313257646906502 -0.09376103755987237609 -0.89237211945134975455 -0.043075392122645689286 0.99559333433881602726 -0.083297198114496234789
5.0791657777418626196 5.8138775712451549182 -1.6391582735926657488 -0.97785614334658432778 -0.0046706794560690927109 0.20922606833961249206 -0.18733926336173881144 0.46515273643299376305 -0.8651802888368975708 -0.093281098420383942726 -0.88521811806034444992 -0.45572746256412405286
6.182350903921798313 5.2803170194258566283 -6.2057274401427591215 0.99223589263658840132 -0.0064252152919977191525 0.12420406584303593511 -0.042904195244246053076 -0.95504321967202787658 0.29334566400211231629 0.1167354418928784332 -0.29639697226330080637 -0.94790383026931546162
1.6691831386312814267 -4.1146657105502653096 -4.0815996875566389335 -0.92143874187310492729 -0.0085700276419304523973 -0.38842914360474978253 -0.24639502689821929371 0.78588481901229167992 0.5671635936533826472 0.30039995954581844018 0.61831351745868634584 -0.72625633107928477816
3.9496136831809534051 -0.0067499384003524521766 4.5427442201327314919 0.92346324248365185827 0.0017769762963196098979 0.38368278842920622296 -0.38292667630173082838 0.067186865656925609525 0.92133223413698972504 -0.024141258419989881923 -0.99773882726820906086 0.062725052438811643163
-6.8214277350649981102 3.9864042420260430433 -2.7762577793637919221 -0.97807038340597241 0.0020304344136625358808 0.20826474123123844828 -0.18582254860418193076 -0.46012701711205339361 -0.86818955796170926842 0.094065432196245093999 -0.88785077882467955401 0.45041390853971702279
5.8813632980134569195 6.7352410003941471928 4.6355194418107430465 -0.76215349419671829523 0.011346533849149799747 0.64729692371696079256 0.54379054402183280015 -0.53133651267230030957 0.64959476178134212265 0.35130313906400578716 0.84708486379523073584 0.39878984191286631633
-2.0151482065386292497 6.7122502438330888808 7.3378823317623771416 0.72317330686707481657 -0.0027820301914000663754 0.69066100841368083252 -0.54835339563018392628 -0.61029344254544037884 0.57170837626085924121 0.41991537449327859255 -0.79217054621727001074 -0.44287346270707128593
2.8237103949745234743 5.7353031419634969978 5.1364488677825468343 0.90263065326576019665 0.011328672792299123578 -0.4302668531943857344 -0.41895777905689390863 0.25224795495542867707 -0.87226449462784083622 0.098652334755403428557 0.96759631582270255734 0.23243297195908876884
0.62501350743124461928 -6.0286812073486704122 -3.7956374603042881688 -0.71211185337621918379 -0.0061527812996100498394 0.7020390669780995907 0.70204798217966335461 0.00092902448012601411553 0.71212903860953458146 -0.0050337857108755067193 0.99998063991043595333 0.0036579783518373223949
5.7945484894439074353 -7.1421272473117625168 -2.1162310309691934052 0.7863516698371866287 -0.0056234139523363311716 0.6177535338303067336 -0.24908413319227762361 0.91219111605711578061 0.3253681950934461109 -0.56533896552076634556 -0.40972642702426176342 0.71590230413214472893
-3.14073639659939019 1.0022362937711746245 -3.2816166048947699174 0.93387475114460394288 -0.0015424425111783693701 -0.35759693796986896652 -0.34778544296849489559 -0.23659411306732375246 -0.90723123365602131862 -0.083205978352346429694 0.97160735203730363985 -0.22148570751501950316
6.0081277578368323944 -1.2272718549139736144 -1.6422373534758638591 -0.80308346736636182506 -0.010069620420776350875 0.59578145925109826653 -0.58877155403843239867 -0.14042615331817079327 -0.79600788477212647276 0.091678795792509384932 -0.99003994778437043323 0.10684521605202888794
-6.8760913866929893601 -6.357506812729539547 -7.3540993480713892083 -0.67600239052120869587 0.0031197381182718111198 0.73689282480131423902 -0.15972831733632489315 0.97559643594690581558 -0.15066007702337028129 -0.71938003353616830626 -0.21954922318663749881 -0.65900721236386727853
-5.6844679390237686789 4.742539732959610177 -2.270150132227068962 -0.99327333152350227863 -0.008898183261579446085 -0.11545090393307343157 -0.021413572655914044074 0.99396122593914337795 0.10762221069880832658 0.11379607985528540637 0.10937048808630403518 -0.98746572018748779431
-4.6568805774453929658 -6.139202826991106754 -2.8964614575004516972 -0.99892568110104440482 -0.011767694418925906535 -0.044821925493703923538 -0.0013639527158946986463 -0.9593355427635670285 0.28226486856051036245 -0.046320872939635091003 0.28202276106465556937 0.9582888598807787206
-4.9400250861100154509 -6.8882302269321113997 6.2306558693308096153 0.99972666279473099138 0.015593915035191693169 0.017419228203499562829 0.012350395528613928794 0.28037523026434962858 -0.95981102201663726081 -0.01985113164577294656 0.95976380431229402213 0.28010600226392851075
-0.68001163693262389742 0.44810221488841167625 1.2370919000867521831 0.64678724380842467223 0.0080223567881784890732 0.76262828628261336572 0.16926004135506436676 -0.9765183682441809232 -0.13327758582115106778 0.74365132935218081212 0.21528473766943634349 -0.63295748836664345038
3.3616787421644307443 0.081360648316297162763 6.4709836801461086964 -0.97218132645046906326 -0.0098615246317817449595 0.23402183409434265671 0.22545969117998498898 0.23143429380452654187 0.9463646735293108625 -0.06349327644711055818 0.97280055406181953348 -0.22277272243896006909
-7.0632322734579329193 5.8911325311409719063 4.1285570279555523499 -0.88953440855747556437 -7.6724170925041392834e-05 0.45686817585124789298 0.27978291980706471165 -0.79064488315694125831 0.54461195958399166717 0.36117870061298140705 0.61227498956848602774 0.70332729463059628916
-4.4248763789402616453 4.7813011902582989165 0.35963741994922293621 0.59073935738369176551 0.0034762943868521150106 0.80685496033383474757 -0.64887083195892425458 0.5964133771597504019 0.47250156293691836229 -0.47957653723974791315 -0.80266991903414097731 0.35458052118930810659
-4.2746051924343264616 -3.2676438481800356151 -2.6934877325238564261 0.76172640152188775264 -0.0086001721901857591801 -0.64784174476715339352 0.49465811446651114514 -0.63805435346265138019 0.59008473274603501224 -0.41843307591192718808 -0.76994329600680710968 -0.48176870167880564422
