1125 14.717824617146108679 14.977075390850430381 15.033177056927090831
-4.698871193267615709 -7.4768953400237636586 2.142444599553110951 0.99201977313417732951 -0.0094866536599972108024 0.12572499001023521026 -0.087071979719649292284 -0.77273765092090607176 0.62872489468526915335 0.09118793811925117454 -0.63465465116994157491 -0.76739705087384868509
0.79691592294866386847 5.5856565199753864803 -3.2028936864425698872 -0.9888261323629357058 0.0029945392491676119454 0.14904332487841140398 -0.0047219471217340887315 0.99866736075600071043 -0.051392662666941674177 -0.14899860124010660956 -0.051522182555676150628 -0.98749424379754047187
-0.25867853401294832461 -7.3713972331066965893 7.3856146284794652601 0.954724068540537818 0.001152318179227922049 -0.29749054625669107965 0.016149688361343221554 -0.9987186908365670579 0.047960026475066863672 -0.29705410368333012849 -0.050592971216050178218 -0.95351938142255221464
0.98603578127484814431 1.10300881552919261 7.0000808570879549109 0.26296161216741598121 0.0031984347981779187239 0.96480099530481500114 -0.96122277895483387855 -0.085239530635114912904 0.26226892998487322251 0.083078034068132536327 -0.99635535449554790688 -0.019340316011157234616
-2.8171359528187496224 -0.023572042680435917328 -1.4209508243338553335 0.97459295759896180655 0.00016387392452418120519 0.22398334791654536668 0.1651745735640676449 0.67488542400889484085 -0.71919887702104368099 -0.15128095467210178615 0.73792251463535707412 0.65771151361959745429
2.0241787149834951087 5.1522525916390149447 -4.1499279340708312702 0.97153739754629764303 -0.0039214002838925260397 0.2368537687875385267 0.20704862287710565361 -0.47172593508350230129 -0.85709130781634679241 0.11509106365716265108 0.88173650530613401077 -0.45748746679757024136
-1.2217607104366459136 -2.0828162282913731396 2.1629873925244003097 0.96889523572620261938 0.0064270945646057887207 -0.24738778191848842525 0.24328547630191438289 0.15834620121770778822 0.9569423480965598694 0.045323274458553941546 -0.98736273629072157654 0.15185726119275463897
-4.3164214933173354893 -5.6879228245850592671 -6.3996412125135568871 -0.83090492324260700752 -0.0055306920298211163095 0.55638693368643843407 0.54874158053862465145 -0.17363455702862684582 0.81776140676452835354 0.092085212272480038154 0.98479462430043296362 0.14730872896605190503
-6.5322894004071807572 -7.237130247529748317 0.284439698318454115 0.97202657860530583545 -0.013905725815158928929 -0.23445886904624563263 -0.10830443624999779029 0.8592420194858864102 -0.49997330032557046886 0.20840940375491648351 0.51138027214530934472 0.8337000285996752913
4.6544778074493402542 3.7291683099934442858 -0.77195697914270089424 -0.96356191150698144998 -0.012137432758342123554 -0.26720989019677326981 -0.082019798927125436849 0.96425427696002974365 0.2519651601873992286 0.25460006927900813434 0.26470053284861555509 -0.93011420408078471223
-3.4218259366833922996 7.2141445662804830619 -1.5719665940213685129 -0.97154562495339091832 -0.010204644905202260932 0.23663255028908194988 -0.075942033666083499921 0.9597460282811403065 -0.27040778228685780071 -0.22434773490412718289 -0.280683854934685173 -0.93321201632987083041
-5.9258788465261664768 -7.2028301782764074801 1.223111511987973854 0.99548534809031630211 -0.0099008702255578163315 -0.094397534428679333307 -0.0035786365227267928971 0.98992221428436744102 -0.1415669559851249204 0.094847852364000770353 0.14126564492127552386 0.98541762845340141741
2.6780648204790922229 4.6055334458245056339 0.83162893875413190781 0.9736875110372738007 -0.00039656828277851233211 0.22788697545857097837 -0.18341432873374360901 0.59211830081011274096 0.78470064474364453755 -0.13524723607246780244 -0.8058509543206427983 0.57646545824999562146
-1.4423228543753041642 4.281380226559948099 -6.6980619946732780079 0.71839404622076308282 -0.004217793932049570399 0.69562360840403592022 0.3128137998254971186 0.89513200209332299817 -0.31762592064759753718 -0.62133527261330123714 0.44578123451173229386 0.64437688503224488379
-4.7494695764374741387 -1.5106404304796832161 -6.6253073426773223531 0.99966957381921861536 -0.0053946041700808451333 -0.025132477511786717461 0.0041119861286435435005 -0.93157789078281116879 0.36351853456827409872 -0.025373898993130177687 -0.36350176292615443696 -0.9312478905207800528
2.175960070843562022 4.1926406481112152846 -7.4958386832684924528 0.81139122165828092559 -0.0013657915080331119867 0.58450185630963946704 -0.5088688017823095322 0.49033925158064345373 0.70754502396094209882 -0.28757056175563366907 -0.87153058062969601671 0.3971619556787958083
0.50638327859616882876 -0.69832899118724867105 7.2480590485915286081 0.95787674002021050423 -0.00045427112730144349022 -0.28717928993226687906 -0.089635840987857900997 -0.95051290983756731023 -0.2974737370634965572 -0.27283248878874133414 0.31068473066737611887 -0.91051492639689524111
-2.8640231415076984334 -4.8787454384176927036 -6.4991769593562542795 -0.99989681921072159909 0.0034582128751540850559 0.013942442252515119261 -0.012136164390103214988 -0.7226403714237403797 -0.69111765069533825923 0.0076853396900298763528 -0.69121554840179044721 0.72260777825983324441
0.0035318643231483370926 -4.3426892867000912446 -4.0959746882703571558 -0.89540603619433956073 0.0030793974923947579903 -0.44523987653591629021 -0.00059724615351151345843 -0.9999834906052168515 -0.0057150515408667876271 -0.44525012481041692514 -0.0048513738431918678601 0.89539309274097844682
-3.6275529468878637829 7.312137134786733661 -0.25036311538645267261 0.80211103582571119386 0.00062571759159437464332 -0.59717459313333987048 0.29372498308080308149 -0.87108859923202364151 0.39361184763930240349 -0.51994568997235601771 -0.49112550408766680876 -0.69889356751516329425
3.2757026512556710607 -5.6454818445596908205 3.7800420353213457503 -0.69204232634295237414 -0.0020686983210850629425 -0.72185395963249365803 0.52939622080588810693 -0.68126943851345300729 -0.50558045209839885814 -0.49073114833509190458 -0.73202983042689107052 0.47256244816837222888
5.085527870053671684 7.1672303833742798673 -4.2321282042198209439 -0.8786625474782507883 0.0047147504578372908396 -0.47742004439154861473 0.099937010917047541803 -0.97598395636594037494 -0.19356629553024748414 -0.46686692055418149705 -0.21779138652496576878 0.85708937133052420787
-1.4430703623158522841 -2.517670085404056568 -4.7590186695151563967 0.99080349586344329538 -0.011348428672265568548 0.13483191666493854477 -0.13331519596033183928 0.088543784994153121315 0.98711045818846732125 -0.023140680865953743017 -0.99600763616830878533 0.086216573716898503577
-5.5943121513999738426 6.0803744463077658011 -4.944448881952895114 -0.8366596457537339715 0.0068940530861711013175 -0.54767975058364759544 0.27191951522954632692 0.87322215991127949408 -0.4044042985394775136 0.47545811004191496085 -0.48727356943705735226 -0.73246437054883783979
3.1362720131751897767 -3.7209116861997824088 0.24299616190791525905 -0.89583146183222794878 -0.017323352879775582441 0.4440561827477567669 0.38449673903094161442 -0.5312327541334589398 0.75495299099370782869 0.22281887188041771264 0.84704879574963243272 0.48255578739987248227
2.1813672122230896022 1.7863379678691369001 5.535304863016937027 -0.99875340443992188799 0.0065022219017475879274 0.04949099140113634443 0.028963681954932964102 0.88299252580445375393 0.46849258745586680464 -0.040653932738888357012 0.46934200801102826661 -0.88208011952939557876
-3.7696700676019951892 -4.5068376799487648299 0.67340776514763955873 0.56626667438472488847 -0.0052808425129565903997 -0.82420517238354673584 0.52130093861568838065 -0.77226912133228098334 0.36310568108356294781 -0.63842570819145894045 -0.63527357645273452302 -0.43455735890812324795
3.8630694002185754776 -4.5619187349094652006 7.3894653817297690779 -0.99672400896319035546 -0.00621025761369519997 -0.080639212896676387698 0.021860982330553647979 -0.98062166284029639307 -0.1946875748984661092 -0.077867499046571558852 -0.19581263255641265242 0.97754491739441962128
-7.1957612833309347877 4.8676648325002318529 6.4760401794994013613 0.99685517656212085935 -0.00051934493684291718751 -0.079243215749261755598 0.074156694106507714537 -0.34643364988177799413 0.93513876561113595809 -0.027938176043547958971 -0.93807433421366281934 -0.34530566431638104463
-5.3008846955017547842 6.7050754007692665581 -0.49160924470633476924 -0.99970809632263468725 -0.0047001442854852203829 0.023698750823972623836 0.0097287959589704431362 0.81954091680475837922 0.57293807362738236044 -0.022114987590155284897 0.57300139120813331495 -0.81925596305273151732
-1.3471800085799923163 -6.4797750461798742094 -3.3005540865097202641 0.92088411356451804757 -0.0013532365310644448725 -0.38983409052477208112 -0.27801761766411686727 0.69871246543374276872 -0.65917152162078596067 0.27327395348401778419 0.7154013275066702926 0.64305698577092729185
-4.1911174506825021879 -5.5376645065795138123 0.42047261564803739553 0.75358992804767677143 0.0025782458800455020261 -0.65733976982491604257 -0.44508929086797571761 -0.73388246857915762078 -0.51313940159265991614 -0.48373313252231742165 0.67927157673527815973 -0.55189888706155232345
-4.704429567964720782 7.1804000468496225196 7.2721941312918918499 0.91894065448002371088 -0.006710653061997081531 0.39433873849696415848 -0.30244981033270779136 0.62972053558883345215 0.71552509340161873919 -0.25312484226877296489 -0.77679277429262283405 0.57664616536770163524
5.3444629510035026598 -0.42732545189105980432 -1.3608565712852305207 0.38098218674544281903 0.00088037095901237819289 -0.92458195868714232457 -0.12172449568862789282 -0.99124758929085132753 -0.051101505599177005079 -0.91653462593186518781 0.13201303599312733117 -0.37754051146319972387
6.9388504351529265435 -1.3711094556799825472 -2.4052906368829218842 0.92862343970719274378 0.0070273881177554476177 -0.37095703665345458599 0.25288994903120814994 -0.74358146556618853751 0.61897760682066926829 -0.271486981097489255 -0.66860842043960144743 -0.69228433407952660872
-3.382683455253169047 6.819075412807512393 -3.9544906969114377304 -0.88967077007721540038 -0.0059612366659762359294 -0.45656366974105300205 0.43843798593048555201 -0.29038109096048997371 -0.85055920105877236281 -0.12750707181638804011 -0.95689251521259954814 0.2609572014082098268
-0.0077630274807166457784 -6.3012364975401364831 -4.97798529928661182 0.90918670997180217608 -0.012108145907239483904 -0.41621258896549556683 0.4137222691947765596 -0.086671257479781632638 0.90626815959683004742 -0.047046895572031871557 -0.99616338315031138784 -0.073790945836706783867
2.7870159820229067904 -6.1532391569602689074 -4.4678017166155337137 -0.95934813246341410498 0.0054759606604166521232 -0.28217224277689695322 0.026817890408210531827 0.99705644154871586604 -0.071827941083444368786 0.28094832530726465691 -0.076475265420167456987 -0.95667108887326335331
-4.9206372186939235647 -7.2319849715359900699 -3.7419741145037481722 -0.99848368072128113049 -0.0070480267962280077759 -0.054595463653894810152 0.05144260701652489387 -0.47250941608908914038 -0.87982299918256390292 -0.019595854578056053769 -0.88129743958852846397 0.47215550982483556197
4.651798541074187554 -1.9054449206838355302 -2.9239425378184011883 -0.80366483540393951479 0.0008788787972617895022 0.59508155735779655338 -0.26395483001403147183 0.89571708671533600832 -0.35779707695625451169 -0.53333917917923834295 -0.44462358027693121842 -0.7196243407599952624
-1.3673592098206892587 -0.56404328647327450774 -6.0552776296774082354 -0.91602214961180317143 0.0046385008736930521955 -0.40110086727694255204 0.2915182367699166166 -0.67916147652095282261 -0.67361473146027273096 -0.27553681977407618042 -0.73397423191786559382 0.62077474806028010157
5.2342193566730150778 -6.2575987360137421689 -2.6954942803766375192 0.80966112828569314352 -0.011842742948170210601 0.5867781580653593787 0.57415595058902302306 0.22318277266278818693 -0.78774005508780708951 -0.12162977327265919736 0.97470467292715601282 0.18750199686307425506
4.7239125058085837949 -3.3228473372587576939 -0.98905528718177637693 -0.99958757476769888317 -0.0015049224507844355045 0.028677788940339413171 0.023180840962405989403 0.54716949842002016169 0.83670077603105874609 -0.016950781172688618448 0.83702047478375818379 -0.54690894654459842883
-0.4571514753235667583 5.976355845194409433 1.8043711565188127466 -0.80767275906406521546 -0.0047618281444587462481 0.5896117699457777972 -0.38480617860757210247 0.76191579561816791255 -0.52096883332207422068 -0.44675375675115519547 -0.64765858705048340305 -0.61721101371285991277
6.5596866290729920479 -5.9624559593667330049 3.2738412385248336633 0.96320115099838321537 -0.01103790015075165401 -0.26855485003184070836 0.0095655261195364341131 -0.9971157721626535686 0.075290355388094365452 -0.26861132408265214755 -0.075088625401343186971 -0.96031747610354079026
5.5216431338481140045 -1.4968327223807968984 -5.4409182398530422375 0.95009362898477023318 0.010522972582214904988 0.31178736858744293681 0.24898730127057333572 -0.62772592352295730755 -0.7375401607663600867 0.18795589899938655587 0.77836330333932901571 -0.59901848723228767746
0.33699090581979379566 -3.8928757855947626609 -0.1937832423060654452 -0.75786653883891397232 -0.018178347264972444242 0.65215631331681311877 0.36330918848275378652 0.81851594537664185136 0.44501469720469183367 -0.54188997303166752673 0.57419612925804508485 -0.61372148591430530917
0.17600914970987469044 6.2094792218867285172 -1.6319203337750896043 -0.99985101140590115776 0.0015941357633869276695 0.017187603724433696273 0.00090757136998680858035 -0.98949405612882557204 0.14457070657587303697 0.01723749705816527214 0.14456476616663146983 0.98934518600856147241
-2.6928959974159973889 -2.8139460771400086614 0.34952266369555251568 0.95126912175701439089 -0.013125730514140730373 -0.3080824129840558645 -0.28761292090463724813 -0.39806172532289663124 -0.87110600420483752515 -0.11120191419365405006 0.91726472625486143997 -0.38243895754520829122
-4.6832106155693695726 0.66161850875480132661 1.8932871767985957057 0.95178626773065244659 0.0050199329090376467594 0.3067208842465411478 -0.038436730946346406301 0.99393782929204510523 0.10300586981533754738 -0.30434440733078627073 -0.1098289204893417581 0.94620932670871227277
3.3296694244906768212 -4.9833315695299953418 6.1686277649153771208 -0.79522177310762731661 -0.0015257129129718086449 -0.60631675201617452053 0.5563267770267611434 -0.39945873161702993848 -0.72865165813160703845 -0.24108680747468994032 -0.91674990806381262409 0.31850707578742171178
-1.945971297390733934 -5.572878728260031167 -7.3784636262352059077 -0.88844984139154770109 0.0044951154762344668406 0.45895171125990880112 -0.025122676201281453345 -0.99892921968789816223 -0.038849262468909399881 0.45828564288224504786 -0.046045716312701281958 0.88761143612356618871
-3.892012343829815979 -6.429843252428755207 -4.4798249132477980794 -0.98211374008553353754 -0.0036378820587957844818 0.18825346570360645959 -0.018445049295263762912 -0.99314559143178415823 -0.11541929810988656169 0.18738298132910871652 -0.11682722299969471036 0.97531483033656696247
-5.0407959013516903113 -2.419247968119084824 3.1811501162596838022 -0.89503594837860245281 -0.00024896907958041857023 -0.44599393395456071731 -0.2783363791850546054 0.78167135365382423018 0.55813865203846313445 0.34848172280908096266 0.62369049446948288118 -0.69969325849006069884
-2.5110808683576371081 -1.8909013145584825377 -1.4004811590540082733 -0.63294710408653431788 -0.00067759638708622497993 0.77419474571435509258 0.74838468759578613554 0.2555213797912624929 0.61206959068545352398 -0.19823804579535439507 0.9668031678333960377 -0.16122441461061243206
-1.0536860503036145076 -2.2681089877285613987 -0.82976997822177711583 -0.88135039277172655403 -0.0015355085605005805091 0.47246071516527127221 -0.2766826684850179352 0.81226077331657819958 -0.51349696892101948098 -0.38297282687032691006 -0.58329244667194057872 -0.71631120020171668017
-4.6582086684909800312 -6.8084130666136690735 3.0692847689156796953 0.99557161664287985303 0.010029202422614827764 -0.093469627333388261015 -0.031345951305125317743 0.97280529078360211681 -0.22949356757889391445 0.088626110553564785288 0.23140717647057199025 0.96881171091502127357
-5.3388218556887414579 -7.4643320056132678175 -6.0244943525549556895 -0.99410110512579052955 0.0088110826048442714847 0.10809883260736845301 0.10828717899181763973 0.024826137983360085926 0.99380961443270909861 0.0060728620721048958905 0.9996529536274647576 -0.025633818484405143656
-2.0598172581760447741 2.563404455396802728 -7.3927395160443900579 0.25145510994181641262 -0.0068573813023710501399 -0.96784466935858226577 -0.90800083064775005681 -0.34790697757003752333 -0.23344212666336180972 -0.33511911199924265814 0.93750397934086737717 -0.093709495213023449867
4.0916022315160862632 0.42552525275319125209 -0.97087435052581694261 0.89190540383246430522 0.0055716454379230303737 -0.45218769043558759702 -0.059179444091029924369 -0.98988708508377243334 -0.12892382317199446717 -0.44833307262728061549 0.14174807071461209551 -0.8825559134905723857
2.4349856703420318382 -3.0903855883930799742 -6.0653861989248696318 0.94654720871470732213 -0.009278757455633723783 -0.32243183207370218479 -0.30511910613059817221 0.29852742174965885003 -0.90431394412422405615 0.10464565327024234753 0.9543559520029973875 0.2797391716010677043
0.41708261097105536752 -1.1409103060787908479 5.0276696798704954006 -0.97930922745143655916 -0.00099557766308732732752 -0.20236710664906890078 0.024779038916230490541 -0.99305326647540492768 -0.11502699323586060287 -0.2008467979799248293 -0.11766145829290794445 0.97253089666786518563
0.066722571860890131368 -4.2307246892840577601 5.5481850948584465755 0.99985479321487180648 0.0094869045723710802159 -0.014155957295210084071 -0.0057239266475264845291 -0.59547135110781113099 -0.80335615182414910063 -0.016050830166780129943 0.80332052672116938119 -0.59533058228132040846
-4.2106258657951185498 4.2470375277320702168 7.0256839373715731512 -0.93532007698239216786 -0.0050838564051916106112 -0.35376617701217299983 -0.34892222048471366325 0.1787620659254510469 0.91994424170060207224 0.058563108231644171731 0.98387919898231235294 -0.16897361972837052213
2.2150530963349983615 2.2827878868371120902 -6.8588643281173142796 0.88145687528287453016 0.00093113433302420122589 0.47226360224502050844 0.029637529060096215461 0.99791788203415687786 -0.057284531836231208923 -0.47133363330854383122 0.064490570669910735058 0.87959398156580503869
-7.2807373158612875841 -2.2251583154499368078 -6.9020397978955427831 0.92067435430295307963 -0.0049604594387981466516 0.39030004761862874263 0.3414510378720407302 -0.47426103003778413703 -0.8114725282619630331 0.1891293791695269344 0.88037030233296842407 -0.43494621357733598277
6.3770710741595832971 -2.866819700046087771 5.626456628626025136 -0.94889805696324491802 0.0027801081031742121141 -0.31557051270737301873 -0.24992683035556584326 0.60393773080962664945 0.75683274028866531769 0.19268901618894532235 0.79702665470070244158 -0.57238051568575809558
-3.1973632971442702555 5.4921561168802996988 -3.0577605358250323775 0.99998745152928603108 0.0048997230113912593891 -0.001043790402434248421 0.0035985523166936891556 -0.84750278895226216491 -0.53077874216988230049 -0.0034852840940887627741 0.53076832557397068957 -0.84750978599787951673
5.202108288169985606 5.1391496359725028498 -3.1095542721247113604 0.98515693841950335852 0.00064445262339573369109 -0.17165486117411990485 -0.0029124394863967719913 0.99991176153029714957 -0.012960974100188019445 0.17163136187808827882 0.013268527959249161452 0.98507188660797784241
6.4026109563076785136 6.4903316581041066158 -5.7969338988506926569 0.99973874724290590077 -0.006255038354048096487 0.021984352534273242374 0.015928669390153658847 0.8804643318250209294 -0.47384474026356054877 -0.016392521240491172291 0.47407112850199800702 0.88033394252873287122
-6.0495859317624143259 -4.9306919054780005141 -4.9342752461909942241 0.99765548590819763675 0.0079738251138948695873 0.067970210756606183611 -0.066908629900113342215 0.3223287064393321466 0.94426026086567071971 -0.014379383927444144842 -0.94659422305346241355 0.32210651995829109318
0.44402603864890943797 -2.6602720391934062683 -6.4953430942239656076 0.99805884192016303125 -0.0030835623405142181461 -0.062201605350906616354 0.060644806890595405469 -0.17910937299445986448 0.98195826790285622998 -0.014168820068474618709 -0.98382433602188179567 -0.17857469134527448329
-2.6837125631437714901 -0.65697011335894295314 -4.1502408514329758304 -0.9134822128357745763 0.0062534807161595982669 -0.40683060456590153242 -0.36277401043364926325 -0.46528336209414128399 0.80740721467681508816 -0.18424240604812447408 0.88513969910814582764 0.42729667548004363065
-2.2421533699946993856 -4.0625973802077668395 -0.87746422449486538575 0.97983928175859080767 0.0029640321500362656545 0.19976535344292534191 -0.1192421930317349027 -0.7935915715926008529 0.59665209033249033688 0.16030059676663160895 -0.60844361448743977672 -0.77723875782518547783
0.13495584001977642408 -7.443617736055172962 -5.5354448460856175984 0.97725376840569366799 -0.0052989072986190065284 -0.21200706053892059977 -0.20795817627475557399 -0.21992293600169013357 -0.9530935416531763904 -0.041574860882654940397 0.97550285689073557016 -0.21602246906464109277
-6.8518483701130401542 0.98217052972782992182 -2.7462743270522271821 0.96845332356804247897 -0.009248622740151717439 0.24902333835878526225 -0.2153593826248775267 -0.53382987836286666106 0.81770777010017803299 0.12537342774821519376 -0.84554132006919724418 -0.5189810976039671564
3.5794740207598145787 -4.5784465299299395014 -4.0298545237652252382 -0.87112561688762923939 -0.0082950663303412702082 0.49099017452158860708 -0.47175795442926016232 0.29171140703561432295 -0.83207504916213614887 -0.13632531692573485183 -0.95647041087524875547 -0.25803054293085875281
-2.4244823622263402818 -6.5005398181037543637 -6.6209148826974022484 0.98290917563516244648 0.01099354688260284138 0.18376260332070504244 0.17332757576712939929 -0.39158967680872130979 -0.90366756968224426494 0.062025026650360859382 0.92007427251487561293 -0.38680257124962313942
1.8515256370412318532 -0.029113157604296797248 -6.7263380655075266645 0.85943901792050814148 0.01008497005140117711 -0.51113879509871840146 -0.48415568010462411985 0.33715155614135783324 -0.80741693418826021578 0.16418846457148986162 0.94139636793993319852 0.29464389783452904492
-3.8782249218562818704 2.6702826844126543726 1.0501923454006631964 0.98842747473232273059 -0.0052368562868564099561 0.1516037681934844783 0.1454963631957297554 -0.2500255885758075336 -0.95724501218556334869 0.042917775933001174604 0.96822506701363941772 -0.24637021759014615663
7.0414127980094818327 -2.074001920848961511 2.9386374736452096634 -0.99582081922542386998 -0.0038272543189028750132 0.091248277361677940234 0.085900578801958990538 0.30005874560755485536 0.95004517773942975811 -0.031015908153653092005 0.95391304703770052331 -0.29847598250549817189
7.1567854268959756325 -0.25836079736319894629 -6.7519657022421677439 0.53087530432025553662 0.0075374998755918902471 0.84741642499925950993 0.26035727891517890242 0.95014881907461512522 -0.17155555638633951387 -0.80646481546231396642 0.31170564272520812077 0.5024481005183452087
2.5839055635237997421 -6.9951186090819188479 -3.3555596559293365821 -0.78368796867521239857 -0.0041523087574466561317 0.6211408262913423739 0.61350233002029108675 0.15130679672132740787 0.77506202611513341783 -0.097201125577580746451 0.98847812904379572796 -0.11602986507160431562
4.9672748995902775704 0.92033673383361369602 5.9257993554806605019 -0.7097987792193055645 0.0064312887802673891768 -0.70437513552324293453 0.13380206607000194596 -0.98052174270778591492 -0.14378497554574065642 -0.69157985810330313559 -0.19630524853380326711 0.69511261624569964379
7.2506522586223383087 2.5589910668169864039 -5.1854342790308995959 -0.99973474981286092333 -0.0014486167229598246112 -0.022985463365657161916 0.00073306507834224174033 0.99551276939316601933 -0.094624460847337402147 0.023019396867315796568 -0.094616211531941649127 -0.99524764751452965417
3.4401866124956859139 0.8085122669395946593 3.9338984537220418325 0.91950091459781002623 0.010647097499356571182 0.39294364401092085615 -0.35674602422530177215 -0.3971918738201232757 0.8455595127315088666 0.16507677684395005713 -0.91767382804909158889 -0.36141998154604970672
-7.1468404439072878986 -5.1301067448985495645 7.1292928553315952911 -0.55785273236194909963 0.0025160815452431942174 -0.82993614111572744374 -0.23104608290516276403 -0.96093483428878934127 0.15238750547408103087 -0.79713112884298653604 0.27676328077275896833 0.53664145371501559278
-3.1356648443582688657 4.6913805613951300444 -6.3907804079758321336 0.97339628096701169557 -0.001007529261141884222 0.22912587170445503082 -0.22651155295599184614 0.14646104961987110871 0.96293389042121979582 -0.034528199736030815159 -0.9892159247753503637 0.14233642398891085956
3.0418409511276789381 -7.1415295789391839421 -5.9176314307933441938 -0.93200075423335415614 0.0062762504642868317817 -0.36240199059689381933 -0.080736412586252304102 -0.97832469949092593087 0.19068931288503537802 -0.35335000465716037699 0.20698162006797185541 0.91230607975768263085
4.2213147500507677279 -3.77694789176469925 6.7382566056663115717 0.75777816166243572304 0.0073683684417246908191 0.65247066206390214038 0.47519654222360768747 -0.6914923043661446167 -0.54408330176631580777 0.44716943541148013175 0.7223462467189023517 -0.52749919041170834078
-0.4446764839537178382 -3.9826801970928356056 7.1108061565883478039 0.88435802374781335988 -0.00047325812339602825983 0.46680902075657426664 -0.43146673410240837798 -0.38252152935317063065 0.81701513874862607967 0.17817784148433857272 -0.92394645711104828045 -0.33849017887662313786
-7.1862926623857621422 4.6433781777083948938 -3.0563899390848932036 0.62455903940986023937 0.012859534060362295613 -0.78087171716941694566 -0.38620225931117202478 0.87413888622913482607 -0.29449791592658286499 0.67880322715378216269 0.48550575688236868865 0.55091772420189000226
-0.7944110214351833843 -1.2254629200518105669 -0.75241172375239229186 0.71780815845258549857 -0.0078600640228420354944 -0.69619657213488583825 -0.19052064518304526186 -0.96398783796545295388 -0.18555142687094466902 -0.66966658227652320345 0.26583014811784594356 -0.69345583920944742218
6.2493771574814163117 3.6210291879577609642 -5.377656287707231364 -0.96749382379557125056 -0.001134744279339541112 0.2528920980826810383 0.19960091941258126247 0.61062007614279922851 0.76635670257455601462 -0.15529061107129568664 0.79192287185474397049 -0.59054465635229613785
2.4288846749808601366 1.6744326447217854348 1.5747074043400830501 -0.93119397405242032573 0.0071723568089160907521 0.36445348123775356264 -0.022201409750891867856 -0.99906623704154673415 -0.037064152609531685056 0.36384733074953412579 -0.042605296635439118824 0.93048369604475666961
-1.5370134804638417858 -7.2197178325498967411 -4.3320885455124242824 -0.98097942177420471843 0.0034782890346006902285 0.19408059037687835913 0.18608015996390719904 -0.26777923403123216062 0.94534039154667082183 0.055258918949331610471 0.96347401798234888481 0.26203867758308957425
-0.028670041179439869489 -7.1420399491435517803 -0.28762926587206177897 0.99084242164802072139 0.0014643192141886363956 0.1350153740578859396 -0.034316685740637113688 0.96983798439603752239 0.24132270739047845254 -0.13058966476154484915 -0.24374605595115581003 0.96100686764752552005
-0.24887987940723521607 -6.2504741155272789399 -1.1612409902794225136 -0.97390252814262978642 -0.021587343743798906304 0.22593771767371992332 -0.082780344269954064806 0.96067875656039070087 -0.26503535857742815951 -0.21133215628503473904 -0.2768218078183400932 -0.93739447749396753728
-6.0243475436917668375 0.07832408077322237927 -1.2840484054876921682 0.98818529625796347471 0.0016062287180763188017 0.15325547392780528022 -0.10113980455021154281 0.75814086587328177735 0.64419963321036444182 -0.11515450575239424835 -0.65208883407256712506 0.74934610980690452564
4.3427255749445112798 -6.5793752415650939014 6.9013261119315831849 -0.92276716003357039941 -0.01105607507974108554 -0.38519934004016320728 -0.034473202361378588177 -0.99321227605301098951 0.11108993211134156331 -0.38381293188546322659 0.11578919596141136472 0.91612253297038181987
-1.3951578521218310769 3.2395668683121390252 -6.6392728714982576221 0.33558289087371123705 -0.0035180096916530715148 -0.94200411196586641971 -0.52956617912774917034 0.82631425382549517078 -0.19174049089556219339 0.77906596978496189809 0.56319834652871014757 0.27543390711836568396
6.2771813631681041556 -0.59229116340958443132 3.3670943611458588052 0.96356809090848649646 -0.0010878178928517582766 0.26746093328782427623 0.04301879073235848755 -0.98634198756693736154 -0.15899329296049227733 0.26398090428454978884 0.16470670968338399498 -0.95036086933243968389
6.7790985022803758042 5.5548326617161123409 -3.6555173614770706259 0.42579168593666411047 0.00032714705005443701219 0.90482116087215147537 0.61163955694991201106 0.73681736568620603833 -0.28809238448359747453 -0.66678219274466532518 0.67609175604953486438 0.3135306122861624134
-6.3623573391959631351 6.8631771488276864801 1.6222558773060344883 0.96811935993755660057 0.0021889780141703361893 -0.25047976622742074149 -0.20377898513053052665 0.58839225950360862782 -0.78247598952006669482 0.14566753287279204931 0.80857266669819560789 0.57008000538103720256
-3.6846232812057579942 -4.5179811014250752521 4.8555305498129905928 0.91717220694617274113 0.0017432070235761025316 -0.39848726960186547918 -0.016189167573345850798 0.99932785572292093246 -0.032889932037337497872 0.39816209470357666333 0.036616908736410838654 0.91658395596691577545
0.9066240393821041188 -1.6345947394153301779 -2.6897531299943939764 0.90093965081139493201 -0.010065241582461456615 -0.433827657610367734 0.16174153828200621419 0.93548140947247859778 0.31418817184233754913 0.40267532875755446264 -0.35323253451996500241 0.84444026204742472785
7.2312616247979342177 5.0533588449775539431 0.68762249458295687798 -0.99887651663511412004 -0.004181449614828479204 -0.047204025188059169083 0.046759118047844216992 0.074884253175535764324 -0.99609534358198659199 0.0076999606638837765626 -0.9971834656197954283 -0.074604601066721634717
2.6395653598293264963 -2.2877616929021775682 0.72357892674164325797 0.85984082801646821714 -0.0068792483343033316787 0.51051584345455414127 -0.0039480999516764382282 0.99978973908613832933 0.020121881740775358904 -0.51054692534821910499 -0.019317183034211714981 0.8596328771382132361
-2.939044116016632735 -2.7972688961177798461 5.8681671757859632521 0.99886075856664513495 0.00022321209492711518996 -0.047719337505819470202 0.02606138321950993153 -0.84024106512266183433 0.54158633364051878001 -0.039974858352727751787 -0.54221296799129803379 -0.83928964490318602731
-1.1098402579233981324 4.4588172269249417567 -1.021949241246483675 -0.84098994683326233623 0.0036899863899513040202 0.54103816254111525286 0.38049098498988992434 -0.7068979850332195447 0.59625652960574226924 0.38465896540552729777 0.70730589051449632709 0.593090092293436566
-5.9048808314637932781 -2.1658176819604229024 7.2978114390054420468 -0.93796952561730451148 0.0081792685657679671529 -0.34662121772744708403 -0.10021686233232007801 0.95065347410393785665 0.29362314738155642635 0.33191828741037532335 0.31014685511823952835 -0.89086428750004142962
1.9476166834065800071 -4.5632513286131235475 7.1824288708978629714 0.34158725847819942922 0.0019501489698769483572 0.93984804184741910227 0.22425284055177338582 0.97094551791915650885 -0.083519247704380183972 -0.91270411873173018513 0.23929270392478665941 0.33122529115168775071
-4.134092879825983502 -6.308043198789390793 5.7292293189310363744 -0.99462008477931551642 -0.0032391556721985837602 -0.10353933949971382 -0.033896035358740264631 0.95466498187243531426 0.29574622765706715111 0.097887413595696096125 0.2976647111381798827 -0.94963875974100708799
2.5572127906633248529 6.5941165935969090484 2.938513865948644721 0.93887431021744049975 -0.00098649298140548232622 -0.34425870569272853938 0.31306438389805590905 0.41840415648045886643 0.85260111035261942902 0.14319818835518605127 -0.90826041897225040511 0.393137749625204036
-3.6465407350757592653 -3.6160751327656686094 6.9167077009093977935 0.29611720034871397145 -0.012825409845380325927 0.95506550169091608549 0.76043812252204612268 0.60821838158909813377 -0.22760549666534826696 -0.57796925997221004767 0.79366611944788845179 0.1898568549401696004
-1.1696691054010284194 -0.94696296993089956739 0.90767675042250950401 -0.99827426141894559652 -0.016105049477137152458 0.056472350488030967353 -0.037073615844642318629 0.91862825166965211832 -0.39337981931269688785 -0.045541695143153607117 -0.3947945828094110432 -0.91764001187172539176
-2.9086162447722951896 -7.0852018820894038242 0.5415426651721539919 -0.56092423686587100651 -0.0011432056613834128828 0.82786635006945874515 -0.079414861167557748711 -0.99531311343045580919 -0.055182298421095538066 0.82404931910784373628 -0.096697979886344903599 0.55820446107471943797
-2.1107492802704106438 -3.8270454160147782119 -6.6326079664768906596 0.99687842093607204053 -0.0024286607483480870777 -0.078914608780097400542 -0.078733122004693956164 -0.1049505912306179789 -0.99135587399264935016 -0.0058744677494256287292 0.9944744717725920724 -0.10481419570535020769
-2.9861029251678039564 0.36597596085771921803 -2.584116167044909318 -0.91545446811760045058 -0.0094451455593772548625 -0.40231070831998738679 -0.29729792177765879124 0.68964298308857674424 0.66030788393250006152 0.27121405293656347668 0.72408794017163136125 -0.63414477242000188983
4.2803099377592976893 3.1953339182173654542 -3.4311743610347651412 -0.93267391341163374818 -0.0115125321701827453 -0.36053686752458175002 -0.35010003568113146066 0.26963790206228016588 0.89706486208495128665 0.086886916492015076052 0.96289296568961768585 -0.2555147752440807829
2.8331104783691833937 7.3727907297893509053 0.26206920967350938456 -0.8955942084147467952 -0.011352568926796174908 0.44472703204639996155 -0.39708049505876785723 0.47115602001669687482 -0.78761607731550653533 -0.20059435260720426264 -0.88197682734909221836 -0.42647248647630170426
7.0302896950632316475 7.2001007734648334591 -6.6007021021469833855 0.86173259572018112706 -0.014217204250038167901 0.50716348900180141523 0.38154755538950729798 -0.64072074826906189049 -0.66625699674655025628 0.33442248197375473717 0.76764236063470647764 -0.54670541401169303608
6.1196162581995716678 -3.2397262804474147302 -5.1776217625446241399 -0.99258528714625282596 -0.010987248358019497535 -0.12105258408783195478 -0.084304009272684804488 -0.65520745359326681978 0.75073032893065605453 -0.087563015944942923507 0.75536909728253343044 0.6494230093777118018
5.6644692441643584857 1.3787953458595891831 4.0719587462914983433 0.78781320517796293856 -0.004196840176818415237 0.61589994339968789916 0.063026844844588716943 -0.99417802963346957323 -0.087393719586720652881 0.61268096965397889075 0.10766815651250617736 -0.78296206644840038447
6.5766853193857484072 3.2041674153519341672 -2.4983203665860660436 -0.99993458171925697631 -0.0076628270757219431319 0.0084919587299572881628 0.011408028560977997307 -0.72200620175776342169 0.69179252779108812987 0.00083016035532748524289 0.6918441484210017256 0.7220463871035279757
-7.1374454033594938451 6.734831397854412316 6.7195128422345389296 -0.99328186842551047242 -0.0016090324467555666092 0.11570886254657974934 0.05635312666114249136 -0.88005546976914672541 0.47151531814460295733 0.10107153393882684078 0.47486817238483908232 0.87423381533960253797
-4.9249159216056437316 6.8548082436109210036 6.019426593698285366 0.99617295946257955475 0.0092335451829310653815 0.086914765598047713513 -0.084603083778324303377 -0.14784921407747153577 0.9853846599738618206 0.021948873565843331213 -0.98896681013074394517 -0.14650220274506034479
-1.1487796765953885991 2.4414668231371954299 2.7129178834485361271 0.96429667080614833718 -0.0029329901300257001789 -0.26480809700818858099 -0.24800351715844659584 0.34068975033864445923 -0.90687636946337724098 0.09287726389816002015 0.94017120333649040198 0.32779860016129258593
3.2582983137300476351 -5.4050553284821525324 -2.1016051309474250708 -0.53391699751371934912 0.0052832302697702754335 0.84552038842596322077 -0.29153619035645178537 -0.9398102643033600101 -0.17822266079948120843 0.79368714836410636515 -0.3416559008533702757 0.5033209273749946755
5.8562399547884655959 -6.10381768650256884 -5.5394057510242440401 0.96652334212001522751 0.0010031503993183513504 -0.25657673866982261268 0.20136468543837840461 -0.62270152958322488868 0.75610519672399922886 -0.15901224039517022901 -0.78245881600493438768 -0.60205756258062059771
-5.2749483448288332355 1.2276660891589867841 -0.8250467383334382232 0.91114701209939441551 -0.0029124317325837983592 0.41207115900469287739 0.30298456814083118971 -0.673039893828731417 -0.67469819384925477923 0.27930534153607899928 0.73960044554905846059 -0.61235586641510220129
-6.7453589523709904796 -1.7064561940343290214 -3.6434814892252656016 -0.98623741380987162142 0.0061119136797803310518 0.16522229907849764197 0.14476437782203294136 0.51466390853135457473 0.84508244341545124545 -0.079868883273869054062 0.85737022677860841302 -0.50846558951245002245
-1.693574957235488343 7.4547698844678045305 -6.5079505276622180432 -0.9575324434862489964 0.013245245613025190615 -0.28802115050787141515 -0.08760854863972672435 0.93834738625473923523 0.33440832064143433122 0.27469321410706049047 0.34543993135943190653 -0.89733766885486132558
-5.9191624684847532478 3.4199888928451134262 -5.5206982237908306388 -0.81094192853182411884 0.011205079055017238762 0.58501934562249013894 0.18055433598554251895 -0.94623425253355697429 0.26840430527306063935 0.55657283468203411214 0.32328808443190903965 0.76531790398395738162
6.2748466291492306368 -6.5037652190163566246 -3.456048003406585245 -0.99340104884431645882 0.0042312737833740772173 -0.11461436418380901991 -0.0077171651746945919143 0.99458858713975628607 0.10360495978971015485 0.11443251948968133358 0.10380577370042379237 -0.98799269219448759838
-5.6863630404977127952 -5.8566811619942225065 6.4745462050467565973 0.99750619748179880641 -0.0022909486603007222019 -0.070541743242301502281 0.00081493367717377343442 -0.99903257358863384319 0.043968770645950581988 -0.070574229493014950521 -0.043916608057212022653 -0.99653931666954365109
-1.9283041956468531808 -0.13489657416856823402 4.5352938496081725006 0.91132747525416712975 -0.0017507471779420816227 0.41167847615739194822 -0.13867808236798292998 0.94024174636887047907 0.31098850116372361851 -0.38762175160544848351 -0.34050314722428504099 0.85662534658549616129
2.6483584737633503181 0.95183878767189344927 -7.0963956729946318092 -0.67620235233123371366 -0.010540859734936954689 -0.73664052900834553483 0.66375978284974679333 -0.4425515902617512265 -0.6029685237456754443 -0.31964563093049080944 -0.89668109171137755364 0.30625102513164109697
-4.5718151914256361934 3.9077452314787839427 3.5476186522330785955 -0.86845260741309859842 -0.00013837806725529224611 0.49577217502481890632 -0.3736204234985371353 0.65750090259405968851 -0.65429377364659646599 -0.32588011265202576627 -0.75345374372913886951 -0.57106007410639358923
-6.3781044739973449254 3.4911758504681262849 -0.72368281111460741606 0.999936414521534922 -0.0084767387139704653692 0.0074371913142910724484 -0.0071296461853187689112 -0.98619204409122662724 -0.16545216927087644243 0.0087369937131124390806 0.16538862437286364071 -0.98618977274606034467
5.0400879056468141926 -2.1270715752321156522 -4.665877371869265211 0.98859354757309358952 -0.0096585037469630371371 -0.15029807384782148394 0.039202314264862023196 -0.94703980181309188602 0.31871428009780777835 -0.14541656113824380503 -0.32097091314844544696 -0.93585880166806179048
