1125 14.717824617146108679 14.977075390850430381 15.033177056927090831
-2.1654194703847959858 3.9770592909662272341 7.4996956747978966717 0.8970992519392577691 0.0034229564684129182642 0.44181581630699146013 0.19699509080988164555 0.89197575249204097414 -0.40690562930869417224 -0.39548181546915667228 0.45207028251739822533 0.79951647468818043407
6.913002232753508558 -5.0807516159506942444 -5.6425795611098106264 -0.96439378037396272791 0.00084028105224896601846 -0.26446914811322447258 -0.18725608986864608618 -0.70833671813406762219 0.68058375718944574828 -0.18676132678661463982 0.70587420102370523889 0.68327287312336926206
3.1289196003879484742 4.7681825341286048214 -2.0086881005823316038 0.80721044423885612851 0.0012295551413172246466 0.59026247289301536636 0.57516940151638518142 -0.22633887881743916526 -0.78609851258922514017 0.13263279485491247245 0.97404784283418077706 -0.18341030941351571526
-0.52212751859139272526 5.7550889636202002819 -5.4281881105809857146 -0.92263143866737251653 0.007516085966570225374 -0.3856095652785382355 -0.061370581132673449054 -0.98993247068440748393 0.12754354258837918845 -0.38076880144517194493 0.14134076530242689618 0.91380408617477715261
6.0880327278573282967 -0.024011779753374318247 6.8870151524023324185 0.95058657402764690225 -0.011129517485576254782 0.31026005079442819934 -0.27086228530497763467 -0.51810967675903996099 0.81129278638972357474 0.1517194373762593973 -0.85524177674456003384 -0.49552266914138148879
-2.6366468978962291914 -4.4489335205917983629 -1.4072354984191142169 -0.98606181045694163423 -0.00142360126669771863 0.16637331311776742959 0.16338141443973663858 0.18068764544073698253 0.96987550139216738287 -0.031442318203781793873 0.98353950004283108299 -0.17793659680191875605
-2.1226550102334873493 0.52215991474518008708 -1.2909149378381719053 0.99369583004557049399 -0.0062908164242849373346 0.11193311832835234343 -0.11146620969211061547 -0.16226450935824507371 0.98043128933115308854 0.011995059268709027875 -0.98672724429375335831 -0.16194277977643223299
6.8769611515974409244 7.3122880616432990308 6.3314289707069528745 -0.8663741464426939487 -0.010089680959023041712 0.4992935376248676671 0.30266174595910444456 0.78465099843811836333 0.54103482159940896601 -0.39723004154862834314 0.61985563560248890802 -0.67674757857189460353
5.0165139813523573764 3.6313509234487488797 4.0005681117650127021 0.22888675209816683465 -0.0029956337567973263455 -0.97344844798913432449 0.89525356095241914733 0.39334286570671583849 0.20929035238088664062 0.38227204490517063817 -0.91938697846771022526 0.092712822780664144728
1.6288954182487132005 -6.9545132747173550314 -1.4118084083305235676 -0.99697797084980277482 -0.0074808960186394084929 0.077323746901840198498 -0.060370900710875009809 0.70102925929973891606 -0.71057253813608711734 -0.048890489745433918234 -0.71309327145932821512 -0.6993623568737404872
4.0362314291748013773 -5.3898817944569223926 -4.2802121970895052883 -0.8181725744512274856 0.0060727881136819995486 0.57494065751205147841 0.22069783710100318586 0.92666482440547093269 0.30427745218565432905 -0.53092947094206399683 0.37583962597652736948 -0.75951199623904042113
1.8503775517147724727 -3.3477764893693233716 2.7966068558182537451 0.81024209324621709882 -0.01249364472273399064 -0.58596216530894329466 0.18822591396518600915 0.95235919775678035126 0.23996450520827969366 0.55504842639530316273 -0.30472260711905729824 0.77399313760945720464
-5.7666486476377398773 -7.1938213337117042911 2.2001793572685404143 -0.94773600690231474264 0.0033815352271487860748 -0.31903765677495860009 -0.1291241314648149674 -0.91846005056781010456 0.37384233867311711386 -0.29175918133686667977 0.39549930560066831609 0.87089429862357592427
4.6154810788528637389 -6.3496874057650405376 7.4201773528929262369 0.87461289538613917749 -0.004397495035147373256 -0.48480196499372768537 -0.084809948770619883462 0.98315262616969545384 -0.1619203083163630319 0.47734636880770026091 0.18273361949332761478 0.85950501365214015959
-2.3815855813441002553 -2.3752087819937623969 -5.7413978467893027613 0.93597382759381120287 0.0021138406953232005692 -0.35206324110439235486 0.051288406731092833768 -0.99013303696293730738 0.13040731746928371781 -0.34831378582312189085 -0.14011459878277707225 -0.92684702395455875745
4.2955549409961486518 2.6626032611095737934 5.782220190652012981 0.92901562340931764794 0.0055001329844386413065 -0.36999962161959465412 -0.36154822832184618786 -0.19949298335775059177 -0.91076090615941351913 -0.078821634459081871271 0.97988381868875140679 -0.18334353496374666825
-6.8322405576972515817 -0.84913443363579277356 5.9988026089521975237 -0.89356106944358903998 0.0037504634889183180446 0.44892599523578696763 0.39851740504168364776 -0.45381468141628533708 0.79701700910952166801 0.20671839070012640316 0.89108819370181546748 0.40401650707826880504
4.4797788932045659038 -1.3778353286022992918 4.4570772611216833425 0.83133835390401888965 0.011104960353082105745 -0.55565566782299402604 -0.55447776498354839347 -0.051478029318554531513 -0.83060485228322711304 -0.037827892712841162948 0.99861238343675218232 -0.036638206559051755828
3.5182856754407270117 -5.0363301792419461478 4.2207941936404225203 0.98031576232617634314 -0.003832999191211763565 0.19739887094904964848 0.1815010418925842306 -0.37601068990400710046 -0.90866568817683601722 0.077707000499689440898 0.92660739755043819432 -0.36791351276928169201
6.7619703440840552844 5.2810426414800781814 6.0337803032735157771 0.7296362641043218078 0.0048438703761869029291 0.68381829386428438777 0.086832778446843811304 0.99122424898620686839 -0.099672246933352581788 -0.67830007422317295518 0.13210232829630785822 0.72281255119691234512
3.9694387234307915158 5.3659059846818735195 4.8871613517657159775 0.99220643331943758625 -0.011344794058224482586 0.12408742614508128099 0.091614649806300268997 -0.60857169359704321732 -0.78819239383108430363 0.084457975469467247431 0.7934177899443508597 -0.60278940018831805858
1.7408843434250595994 -2.3556700003576471758 2.7491365096502486942 -0.8619259178104365926 -5.2005090630684314146e-05 0.50703422912242102072 -0.21380233392495037736 -0.90671097300256997542 -0.36354335841143609054 0.45975240533852290703 -0.42175254442894904994 0.78150656878431179475
-6.222158147621511759 -1.7084693645212873925 5.2134451454504118217 -0.9772088693869004361 -0.0026600878474046241173 0.21226339657187148768 -0.0020084914204802671936 -0.99976086554495158243 -0.021775621391253854181 0.21227056214606246365 -0.021705659570820920456 0.97696984231285233236
-3.5221414055972277701 3.2875463637528281602 0.36241799928187867774 -0.73247628777875817274 0.0025704559646845112283 -0.68078769127982086129 0.55376732234923686793 -0.57942913386774796969 -0.59799969190911284045 -0.39600535418102406071 -0.81501857131076660412 0.42299466648952377401
2.233605652940999331 -1.9011510392401216318 0.63444600740158574315 0.70101937511600143083 0.0013000096791848459246 -0.71314104193121841124 -0.43759342903082909526 0.79038965386238713151 -0.42871457397231832465 0.56310196819140445612 0.61260305667049874678 0.55464733694212897674
-3.7666910142812493056 5.7238777538625624786 4.2155623661166856664 0.97022619240534935248 -0.0069967610145367457181 0.24209952685997079835 0.096467831966878858641 0.92803713114582320198 -0.35977915533028465012 -0.22216006159104240147 0.37242197645934160821 0.90108089452831174881
6.4799029415132727294 4.4773934506368640029 5.0153226805833872604 0.85235527134985344944 0.0019531082108804904279 -0.52295953645631954032 -0.25366610854658389052 -0.87293326285885131099 -0.41670256055067450562 -0.45732263969441278029 0.48783573461050694364 -0.74355383077488745869
4.0129239501472389051 -1.8113323912339063249 -2.1500808327890745808 -0.97971061370594525464 -0.0048664652945039649917 0.20035825639925408659 -0.15109155247400657407 -0.63887898318366354022 -0.75432419265001926512 0.13167557162518225833 -0.76929185772486718964 0.62518123890237331519
-4.1087350754443328071 6.7680137101515862597 0.86869199502641381017 0.89760247019102212818 0.010589270448739755009 0.44067865033204545178 0.19147967042313229769 -0.90983364477137829152 -0.36815523173872172213 0.39704576728853546719 0.4148380481505446471 -0.81869655702520005569
3.6860456345799539335 -5.5230435876146266594 1.5405224469773401985 -0.13066111831556945222 0.010713513140301890794 -0.99136920105308701245 -0.27760128530382405243 -0.96033879387866349919 0.026209299288991932952 -0.9517695091555582465 0.27862990077835109171 0.12845302578786391146
5.3522713162140362897 4.5564244186082758503 4.4606174446535042932 -0.54242560111851967353 0.0024416936108338812943 0.84010029483594172994 -0.78612717615135685456 0.35118732761888216132 -0.50859760502401119009 -0.29627441699793488628 -0.93630203409589340957 -0.18857351558548476889
-1.222047748801752709 -3.5739712651497526075 -2.0378238946082860572 0.97547777086229914278 -0.0045157234745063969811 -0.22005164574534008537 -0.18994740934781820241 0.4878032734199699294 -0.85203752741462557285 0.11118947897976880212 0.87294190796539894439 0.4749834997997178232
-3.9455730674166948901 -7.3857891656517216106 4.0801711013068535649 0.85276949538025426101 -0.0033205871377136658359 -0.52227690112628832875 -0.44917779454684531038 0.50558678688438085658 -0.73662833899731872123 0.26650233889208196914 0.8627693635202461353 0.42965745511523728561
0.37445367338475515906 4.3618727383819830834 -7.3218762777688359833 -0.99286326257806700735 -0.0067899198949003918002 -0.11906485128183634525 0.11869118615426693664 -0.15350803888326325364 -0.98099321319139787256 -0.01161654648522150203 -0.98812407064401641676 0.15321839596379840942
-1.7326228391283573504 -3.7475608625590979273 -4.5299129532380861818 0.63202263688216131499 0.0021473247331092936915 -0.77494695009729996915 -0.77465132996664165521 -0.026006616175137237806 -0.63185360084122454971 -0.021510542752022718954 0.99965946447359721461 -0.014773342171015516056
4.6551876949162274144 2.2455518517285302238 -1.263108411710100798 -0.95101869391020354971 0.0042372317300772878446 0.30910433465158848598 -0.028006338442210378104 0.9946131820991360728 -0.099801117236175795888 -0.30786212634910936625 -0.10356960877492424333 -0.94577706003994621575
5.4840023843972165452 -7.0484204231483706948 5.1176473422636794552 0.94160139098720041506 0.00087084302156073892243 -0.33672846942806872184 -0.33417941968681941223 0.12525510289096730698 -0.9341494926709645874 0.041363461517750284291 0.9921241861945114815 0.11823139692599882178
0.22116583178919438368 -7.0330082373752667024 -6.1281976517459559872 0.70605876275447421175 -0.0027067572522733070184 0.70814807561890524834 0.22921370689559175671 -0.94528681917371581989 -0.23215061074151685516 0.67003141725504622439 0.32622921843649499429 -0.66680761613045813618
4.4349740718780168436 4.5365786832125101213 -4.9433479242538096443 -0.90232440870297336843 -0.0066029465886977035949 0.43100703306924154079 -0.40908033522460451881 -0.30207541863800579929 -0.86104803628329662502 0.13588208414422367487 -0.95326116177617326031 0.2698688879023009024
-5.2166589754546244251 -6.5194848601668482502 7.0725260562106369022 -0.85073613133036429801 0.0062390298824319262438 0.52555600020864834399 -0.38980588069490335057 0.66325055588189896216 -0.63886624225886345929 -0.35256121486185815206 -0.7483714148927090859 -0.56181920147565655999
-6.1731680334880856265 -3.5177610771586955707 -6.9021940815245175216 -0.98092515837011406976 0.0023933366021498744813 0.1943710513852494326 -0.1940109947883618402 -0.074117466665090642186 -0.97819544828026105954 0.012065138951249426008 -0.99724664605848190035 0.073168021341519978717
-3.6550408956147593109 -6.8252936356225992753 -0.23677187935092966486 0.96475538866787158288 0.0025136812387181531325 -0.26313631722530911317 0.099833950010840735723 -0.92869385053833541921 0.35715670845939945233 -0.24347530154316748829 -0.37083879702501743036 -0.89621334745675751421
1.7010860386316586368 6.0495136490650969208 -6.4414717192822097402 0.73041425520331249022 0.0083376399840246508133 0.6829535120016426708 -0.34834896346162552705 -0.85554822098319838197 0.38300162039806184833 0.58749299183143743885 -0.51765599130300232744 -0.62200020837389902173
-0.6747364050194658569 -1.7827619739508611119 7.1945129526210234161 -0.94812903063318132446 0.0012420055758143163857 0.3178833098682404823 0.035300497029076768896 -0.99339611876719713379 0.10916971250208688804 0.31591963563557962091 0.11472841252465910966 0.94182385570731097513
-4.4432534419586131591 -3.1079754829442545194 -4.3711893062876363558 0.94782098991228869167 0.0011441248354973308776 -0.31880097562601683592 -0.062115435448320634182 0.98149157143116994018 -0.18115178135632792333 0.31269321028891994274 0.19150192215180747435 0.93034938063684857745
2.8440157438984914329 4.50920341132044733 0.9593164483182583524 -0.94781358244750857356 -0.0023585937293751210383 0.31881632637581508449 -0.3064719779892785545 0.2823953397576506319 -0.90902574154454063304 -0.087888222393396941978 -0.95929521478992951788 -0.26838098152766898252
4.3694093062054495391 -6.981737812339534166 0.024259033897202145202 -0.99597077733395100729 -0.0014096001306495207182 0.089667294619118764754 0.055375962978069501186 0.77681056846848894892 0.62729486163993797287 -0.070538737024995079583 0.62973276375227915658 -0.77360256775411972985
2.0516990966388641837 0.41359436182458175768 2.0757009478566810223 -0.83182343285013193857 -0.0031858799805682346505 0.55503119437576831086 0.41084630802679550365 0.66883067997455969422 0.61957310521474118215 -0.37319577669378584117 0.74340794433031887056 -0.55504012518414380661
-4.8376568503258958742 2.3939326129120561681 4.2366070518337899387 -0.93873452393913148217 0.014127377139808515449 0.34435143499026704683 -0.19981773852327081031 0.79177446480882740509 -0.57720539520011027168 -0.28080307145068905683 -0.61065015687524060173 -0.74044312473818052478
-4.4590561386453559933 2.0478561547123366182 2.4861331100149777207 -0.70673816829925029115 0.0039905054568930460601 0.70746394772824394703 -0.34002645311334706024 -0.87883115133119305007 -0.33472050823507221162 0.62040565169262951173 -0.47711621573376017391 0.6224603955527291399
-2.5886977885558120072 -0.24250709127024866474 6.6865818823965881279 -0.93772327207433325835 -0.004851793093056879988 -0.34734928402650133705 -0.24511899090730307482 0.71776705404502127994 0.65171093010944303181 0.24615390573104653504 0.69626641182189130674 -0.67425613713340060151
-6.7550311570128034333 5.5177147394706729244 5.7516015491471543797 -0.86844148459348058378 0.0022602738005970462662 -0.49578652563337627379 0.36485726314694771899 0.67998764038276104937 -0.63599998935201706995 0.33569117558584010697 -0.73322008980187258764 -0.59135415323202078497
-2.2717905132417781644 -1.3234860987594447845 5.1602245081562658768 -0.97619632141596346386 0.005933931672196851928 -0.21680758867921270938 0.21441584747003164524 0.17692498695930411468 -0.96058492250467064633 0.032658634504254532849 -0.98420645062121014934 -0.17398585042456199412
2.4980888833738323918 -1.041393475811264846 -1.3510178007566127079 -0.56360464230760909388 -0.0093986174250990962842 0.82599120646625889819 -0.3355748933866503636 0.91631099916901725955 -0.21854895042204502964 -0.75481076972835969841 -0.40035711407749596802 -0.51959107296954232247
-6.6551075337295246825 -2.1158397518676106408 -1.4073750126914559289 -0.96733671480163274659 0.0032005937392213792622 0.25347472536011678157 0.16645841552739523705 -0.74611198701637970743 0.644677049948812253 0.19118388032676261745 0.66581278076520733489 0.72120875263188721771
2.1490445331469301138 -3.0819487012088089273 -3.0648762695123332733 -0.81120975261613914586 -0.002633468408076305306 0.58474934981108184218 -0.58007295953863724502 -0.12267000475699157969 -0.80527475531335201975 0.0738518711509213166 -0.99244402097905259907 0.097983500399015502347
-2.7654699617810409862 2.3013992448884268427 6.8961195745167662707 0.97229062589485837353 0.0089162219093038563855 -0.23360530769597082079 -0.21486851719363592172 -0.35959824708082849254 -0.90803117843784275642 -0.092100266643755757112 0.93306462888871644079 -0.34771818934436760085
6.4679977333394411687 -6.4424796908626538183 5.751280412728001501 -0.80601485158789876184 0.0029955311898784346518 0.59188773075032030668 -0.56495420555159414633 -0.30215395790483923211 -0.76780839494766062181 0.17654122648657583072 -0.95325443220330996486 0.24523291548090631053
-3.8463712624744927915 6.5990033342617033796 5.8767822605323143392 0.96284573092444136755 0.0042655369714714131898 0.27001833944179487457 -0.071877846717636612039 -0.95975988705772674603 0.27146737252611807811 0.2603107250803082251 -0.28078953753537294613 -0.92379411235356967413
-1.0176802533769508941 1.3672555168129858494 -0.47803119224598877857 0.96677256915117315561 0.0027243301276937445347 0.25562350745203188396 -0.24707082084266585031 -0.24674347903513338398 0.9370558494783758352 0.065626283033973942249 -0.96907700085125814127 -0.23787172466719813668
-5.0372820543554297501 3.9345881280616490372 6.6773176019821525173 0.94629349088956071778 -0.0018313792265001599402 -0.32330368873573361865 -0.1056095402587897969 -0.94688040954150143325 -0.30375008647371720683 -0.30557364759798572029 0.32158068361857855555 -0.89622017931813424685
-2.9205937059266671163 0.79055447576134230125 4.1207999493031630678 -0.98321586677358474571 0.0045112273193920072317 -0.18239026331650229351 -0.18208261857224145031 0.038804748731737462308 0.98251723215916020315 0.011509966918617954221 0.99923662878417129907 -0.037332028575880388255
-0.5533008297094152983 -4.5775664138950222792 -1.996028341510112103 0.94962574794661025468 -0.0044935299454142369271 0.3133540282580761227 0.15186237866046098377 0.88125234200055913014 -0.44758477148612813012 -0.2741327357039482493 0.47262471148604967564 0.83754231254800404205
4.7375014186941388772 1.508318750083385007 -5.7193495369167521858 0.9956574615553868135 -0.0063979590294838423886 0.09287241446984122184 0.06080200712774788685 -0.71075782703516598993 -0.70080412901002320236 0.07049351160512069836 0.7034076893440981415 -0.70728232509588395693
-4.4501057192876345425 5.2249473631389591333 6.1677095187945694121 -0.96905767446931623255 0.0028795804188526084866 -0.24681760789845763604 0.11647197451076268804 -0.8762775489711097654 -0.46751677651474610187 -0.21762698064722355018 -0.48179805436066736046 0.84882809337850506637
-5.1580584565047571388 1.4498254749212813319 6.0001874572846380929 0.97857667970324735407 0.0074189817942548396887 -0.20574897484600598863 -0.20463557751126049133 -0.074779595374899546223 -0.97597760862246907276 -0.02262658519772248189 0.99717248800038948975 -0.071659380527427193885
2.0917995192888678702 -0.62275202573554455654 1.6227401862128447707 0.74014148884230279712 -0.0013364108803154773134 -0.67244984236771476738 -0.66993512333158766747 0.084958995904223760798 -0.73754247304245357242 0.05811632318917558937 0.99638355216293583716 0.061986369131176104197
-0.84026610094881659663 3.6369344624719315284 0.042039730311356361681 -0.78012376677667105707 -0.0023905918465233679665 -0.62562064670288064505 -0.2642476137510087475 0.90767426226187597482 0.32603777734236116803 0.56708033569957549958 0.41966858197634859806 -0.7087299726727848137
-3.0187738381572786217 4.6121458344105947802 -2.0311356290586819462 0.92759986273268224544 0.0041488614829550685137 0.37355224749253962413 -0.37346458994937720144 -0.014042041055178826683 0.92753815077165224778 0.009093663303247116747 -0.99989279826947474739 -0.011475942502666893613
-0.69006041703225995398 -3.6656660066182280566 5.4573200738753753214 0.89829562218514602545 1.1291080626655170677e-05 -0.43939159645508524266 0.30854691578924653417 -0.71198218158733739269 0.63077743607315450713 -0.31283186525636053066 -0.70219753130766138227 -0.63957396062189963981
-1.8120852327220877687 4.5829946239326488922 -2.8997988467983071281 -0.99443232791631253065 0.0014751969498048838475 -0.1053668305913037645 0.069420072294990364803 0.76143534611163676828 -0.64451304661311037414 0.07927924543948239311 -0.64823918231299249015 -0.75729833207038976806
-6.4830337343733663857 6.7875610702458706314 0.53717236217880881544 0.95237284837085278699 0.00011623797903892101144 0.30493596733531369569 -0.049736436740246817156 0.98666793706828714861 0.15496021690060504672 -0.30085252956617536402 -0.16274633160301180124 0.93968153488482586422
4.5653954791374555811 5.7212221398949854034 -7.2576489645879416202 -0.86764991101314581368 -0.010312691286082868031 0.49706868772560308667 -0.27355206761427530715 0.8447475900300381868 -0.45996823307962103611 -0.41515406564648260623 -0.53506556377406599978 -0.73576622934217850158
0.13032064657940573005 6.3435403253998687845 1.6976504826028395723 0.99720759908411116257 0.0065612012513214116108 0.074390556974477176078 0.073693758413989216005 -0.24775933352266046872 -0.96601477350151809809 0.012092737475692044019 0.96879939269714387962 -0.24755100971279966893
1.1367686912358474505 -4.6777048583935281201 6.1741744695430549328 0.88342919009590392676 0.011332189022927147484 -0.46842763323540359544 -0.42340674261520405697 -0.40889276858644035828 -0.80841414764080465893 -0.20069777376587319417 0.91251207405144918461 -0.35642968214754561229
-1.9328709667533923167 -0.20576412136394589547 4.9032531452089669344 -0.99847474753466380903 -0.0031088110149628074216 -0.055122716095156114313 -0.053248334585599285673 0.31802133990176856271 0.9465870494733199525 0.014587439785633723663 0.94807845807245294534 -0.31770181607816505576
-2.7627511830651831914 -1.6270265514160218157 1.7274374267453269649 0.94705261440825649899 0.0038524914472101256906 -0.32105529718753050838 0.28314980858539501307 -0.48147738744051271631 0.82946109690669045378 -0.15138537393209897108 -0.87645004631928957739 -0.45707525076984151235
-4.3896766483063283104 -5.5486428377170735615 3.7474378052021011243 0.99406418039834953948 -0.0024920117648020755421 0.10876670044841302287 0.060247279101480047392 -0.81984377792171503341 -0.56940885588809531104 0.090590676175596795972 0.57258184539877365893 -0.81482719622622812317
0.065772017109084188191 -5.4105492377347541577 1.5288795580202718671 -0.72456827187647232513 -0.0045996966745288931505 0.6891876828415862688 -0.24320589827125671523 0.93735421538925156604 -0.24943529409054779333 -0.64486565301315612597 -0.34834740946714159993 -0.68029579734214384867
-7.1510607439541606922 -0.88719049093410917717 0.9741369488469822091 -0.67869608085466504033 0.0076198507781763359301 0.73437971629569176457 -0.65486453970431302007 -0.45892733147788095094 -0.60044828175324549413 0.33245159718416483763 -0.88844113046202122241 0.31646215134358596233
-6.3732574940273254427 -2.968932671436253834 -2.4684828128303339945 -0.72463444420994849171 -0.0033846088699961106305 0.68912514588223205969 0.68098840047921194163 0.14977460129477077055 0.71681403949682032106 -0.10563957912300718511 0.98871437393707972685 -0.10622695558544331673
-1.8740094713668136173 -1.1290252250660395283 -1.5909351220035998775 0.95403544857518696176 -0.0013792760298826532359 -0.29969060789347384821 -0.021086741900716243769 -0.99781996901494218744 -0.062535260062185404895 -0.29895101969707010836 0.065980353383970971604 -0.95198470617407315864
0.92397705631682636174 3.3240974311926820839 4.9314347134235720915 0.78999778034528989057 0.003994338096585589408 -0.61309669083507334353 -0.50544767273301960397 -0.56175256401678896889 -0.65494786582547004361 -0.34702472127850952921 0.82729565578683206262 -0.44176434978145667776
2.3424965023815675913 1.2199874231323557527 3.9670647999142163442 -0.74312536375187054905 -0.0044080974669561730911 0.66913770064562971829 0.37319899646763443624 0.82728146965350168873 0.41991413289315698831 -0.55541624281624346615 0.56177036113040423881 -0.61312874551049412197
-2.2113262952983250287 7.0937308000953755993 1.2497363035857713687 0.63771898834631013386 0.0042169797302037525383 -0.77025756016050139774 0.054553948997316074887 0.99722657078296750299 0.050626407863131668574 0.76833479587438124891 -0.07430601325795266332 0.63572026697475847445
6.9402162754948335532 3.9865240909725199181 -2.4423021827198674316 0.96324760325641989311 0.00046746142253768427355 -0.26861466136554723594 -0.087682046178653702539 -0.94467529661370364114 -0.31607031297772009149 -0.25390138557847147238 0.32800665457842986816 -0.90991522734469976186
-0.30640595613046955892 -5.6182932936894776077 4.0039524291564729808 -0.90171446787854581117 0.0014927839254218052897 -0.43232949241843754429 0.061206260194331035818 0.9903627976603966987 -0.12423897425282637297 0.42797758367888194542 -0.13848935196081754717 -0.89311583082024703639
-1.483973201878596937 4.589828056511310983 6.5235958443632124926 -0.99233314487236945478 0.0016547106783926369793 -0.12358070852758111513 0.0736534921893493566 -0.79503816552104566995 -0.60207099120726459418 -0.099247633099914009391 -0.60655715089146489127 0.78882084786509076846
4.8939311463364463251 -5.9920423775656210807 3.976861714922955926 0.87817166703020965723 -0.0062590654970118937347 -0.47830465952621753489 -0.22536957194732346044 -0.8873946789895096332 -0.40216817345647848381 -0.42192781286096120441 0.46096801168861173403 -0.78069546747388607333
1.4440391004959609589 6.6492953248599242499 -4.2622507902378385936 0.80473688911804819313 -0.011591476261517448185 0.59351847230792753596 -0.50637893402367362139 0.50837676284463662046 0.69651521316941900075 -0.30980463919970097075 -0.86105673720009889838 0.40323985523842487133
0.70915265782334802047 0.049639198218386054728 -5.5258313654991439989 0.93520517481452924979 -0.0010506836766740385893 -0.35410475436522520498 0.32613344737965793696 0.39210630771361026925 0.86016836604914170827 0.13794294291658432128 -0.91991931141545002504 0.36704251114066832606
-6.2135982565320038162 6.097656597985146476 -6.8779371118405912 0.96543797263375008555 0.0037705814929299545125 -0.26060564788959861282 0.13147878927090284051 0.85629912382391515369 0.49946485212718549906 0.22503966087924270889 -0.51646644930117102668 0.82620793858306396107
-3.5099694641520251537 -1.1477577568981853773 -0.33376991069671269052 0.9559024077377941131 -0.0068961874859221651557 -0.29360352429602137869 0.12846092563119887453 0.90883179069934350025 0.39689112713739521654 0.2640991811173571957 -0.41710576454006043079 0.86964038758593453782
1.3827898888120684351 -7.263109039246210763 1.083522442821269971 0.97395659713161975013 -0.013014897552797815433 0.22636068418627897092 0.058738693665644950426 -0.94978433575727305715 -0.30734261243202087854 0.21899386468580020471 0.31263449584420127669 -0.9242842415826065805
-3.4575971091684936098 1.5749700007645512922 2.7885184368512709874 -0.38826208550873853032 -0.0050075993661518490227 0.92153539102146397877 -0.47221902304536655937 0.85980409838921623145 -0.19428357281850935911 -0.79136701171489132189 -0.51059948721250603132 -0.33619401604999882283
-4.5837669805231797682 -6.229651932441909068 -6.1210603716053455514 -0.75886592937808072801 -0.0015510249618801387125 0.65124503495286267807 -0.50600721928223169055 0.63092507592199575939 -0.58812434281133507685 -0.40997462758497138502 -0.77584221520515861403 -0.47957237393542184734
-0.6806645933483194133 -5.5532959936143315716 -1.5260753057910976249 -0.62607579875529184577 0.00031385357407848527532 -0.77976214046899972043 -0.16423627888715461309 0.97751409188161209052 0.13225976285317997405 0.76226999082358248838 0.21086986903922427805 -0.61194636972627081128
4.1776385010359460281 -6.0211092736306772721 6.1572655400550138083 -0.99851507282577756097 0.0029567305010678489666 0.054395837014172013224 0.052795452482731416999 0.29863824053276005754 0.95290494882154630485 -0.013427193931484199263 0.95436180719694774233 -0.29835088641890217254
-5.051891364199913248 -2.6587317710794935444 -5.4054110814879514635 0.94141602764846665785 -0.0042473683068528023457 -0.33722073297611310227 0.029777538543363960694 -0.99496842710049337999 0.095661524508291281843 -0.33593029200233143206 -0.10009889577524018478 -0.93655274810319888434
-4.5736603764588599219 -5.7541268683084583202 -0.96701482562747753668 0.94534316783660499173 -0.0041867537294630868122 -0.32605025090887984618 0.3124567537636461223 -0.27434555422634715471 0.90945329396487550877 -0.093258093761508203956 -0.96162206087907042829 -0.25804251583517751056
5.6652266889820417362 5.5153421689202009048 -4.233005955895110084 0.92662325335169914986 -0.0024722091266540045101 0.37598302425746277233 0.35090495904480001332 0.3648284893056317757 -0.86241862405024727334 -0.13503723955100319087 0.93107145889725695387 0.3389260721181806546
-2.3951875133024183029 -6.7809123146903393931 3.5606425855696777205 -0.69625674404952886398 -0.0067891718918125509852 0.71776072162697246437 -0.61872917536957650064 0.51258173353643821102 -0.59534374439588244599 -0.36386914394049280075 -0.85861159646825679914 -0.36108914757738719281
6.8355138805680697445 -4.6015893766858120273 5.208909417877750414 0.99293688649820632808 -0.0050138052315110469628 0.11853776271016590316 -0.11862663795557205904 -0.058923184039975887161 0.99118907336084882687 0.0020149934463997050405 -0.9982499286951066475 -0.059101773761208543922
-4.0871574221464062049 4.0609179997911306614 4.5629374338779662423 -0.43166427439796095644 0.011466803550852040436 0.90196145517688786075 -0.87362276322316878563 0.24366809404361675084 -0.42119962906371682942 -0.22460904208591508935 -0.96979089104895233042 -0.09516515040586472074
-4.0673144827778022758 6.1211500454018219486 -6.2272925537263388307 0.9901034592830360026 -0.005659526032538903656 0.14022521057519987675 0.11458837025343909799 -0.5442611327636937002 -0.83105314196234258972 0.081022498840948073418 0.83889676905327159595 -0.53822631443822388508
4.8289095134245654251 -1.0377883017525022513 6.9559738021433910049 0.98706295651309983175 0.0016262908274344920877 -0.16032490467068466478 0.16020407436460731843 0.030112339689709780727 0.98662449876104418856 0.0064322963625966338153 -0.99954519766573535211 0.029462236624911809085
-0.43623047999276115538 -6.5496084057513241916 -4.032794516953684294 -0.95333309880529359948 0.00121953235674628329 -0.30191806084292177603 -0.20715500678705858761 0.72483630226434547783 0.65703815572835422287 0.21964245009874586168 0.68892005897693198158 -0.6907578059305747864
-4.0887626946816366669 0.58843664240093740414 3.1127853800017111219 -0.75632471720554050876 -0.0054999784381355382515 0.65417327397334679162 0.64256765748238831026 0.18145831541829007816 0.74443245853677519897 -0.12279954275756443938 0.98338325692607475581 -0.13370730083219159456
-3.7575854115401807753 -4.8393741828860159515 -0.16940803098154258444 0.52200691676504240579 0.012897382801584658663 0.85284373502196653138 0.8267467353940833874 0.23824468902690537631 -0.50963644263887897257 -0.20975846672912412672 0.97111952182380656406 0.11370250642820291243
-6.6229660005780752741 0.65713368795405846523 -2.7440006859002958883 0.69849640807568680323 0.0049261514315371048023 -0.71559660489517595838 0.32833232070892715004 -0.89071826605530768362 0.31435466863606559285 -0.63584640840641759585 -0.454529100880667003 -0.62378092417868902242
-7.2344529580880720943 -3.96429983585087653 -5.9223808695166093585 0.97799174677287969981 -0.0076181587877203211373 -0.20850445295178313132 0.2029967287331747583 -0.1961803526976936829 0.95932559506091963364 -0.048212771831452047588 -0.98053823631320069509 -0.19031630450447944991
6.4502562130818086317 6.2263534384176510983 4.8781163962600020412 -0.91144737705017009333 -0.00018736093847343971569 0.41141663039344283925 0.41141152192674501631 -0.0054191475459470445433 0.91143359191206907433 0.0020587603698392076268 0.99998529875982056225 0.0050163502654461955554
5.7390144198316477286 -4.1944421832589933175 6.8582421492980776279 0.65932783043901443953 0.0082002011909471095308 -0.75181085966416649757 0.56556506773296721935 0.65345708875707786412 0.50312025134479487765 0.49540182293643619804 -0.75691914353739953025 0.42620469727326470988
-7.1429226454255321244 4.9217357293811074825 -6.2463980558254128539 0.93653742348012847252 0.0031795340126700780137 0.35055319850870408915 -0.2740722201476024078 -0.61686850918755697926 0.73780597755527899118 0.21859110815541132888 -0.7870598026430132288 -0.57684902227459700086
3.6449012473806923218 -4.4118808810971357204 -5.7542723158380200132 0.69202230487201266129 -0.0050446968458224064613 -0.72185849069857366267 -0.63332229300205622469 -0.48412190796244913837 -0.60376224742642914389 -0.34642171229062540538 0.87498601661089003834 -0.33821807756104865783
-0.84459242232747167023 6.7900869166125428222 -1.9765537231748977476 0.99489627657607260236 0.0086686448200257691654 0.10052986348296386043 0.029754155144887918516 0.92679784068821891019 -0.37438009128041860318 -0.096416228439745579881 0.37546053999387846156 0.92180979263677009783
-2.7632829446223485803 5.5510045966656944572 -5.3400576062707880709 0.98024207363002202609 0.0020708281532022757704 0.19779077014940993351 0.15221200713824892259 -0.64648655147756017847 -0.74758721473920120015 0.12632094825676384864 0.76292257171315214226 -0.63402852270384690847
-2.2368557875256871448 -3.5836443179349424248 -5.7060167557793928239 0.51869820401876165494 -0.0028777996884095701294 -0.85495256676409980834 0.32381374968856185825 0.92615570756209486536 0.1933397549983740249 0.79126280631677903266 -0.37713038013289440498 0.48132717326218832365
-6.3331579875552463932 2.3771773123111654691 -1.3170957867799519825 -0.95320135649185544491 -0.0070689184166144542962 -0.30225354319601016595 0.29884859671033908723 0.12938158917008896198 -0.94548924934556499711 0.045789630118446070228 -0.99156968225942432316 -0.12121416995288927798
1.436111936099267572 -1.8134125291754308318 -0.28374264484725381097 0.29389704912107506019 0.0069301740023387427975 -0.95581195703250432238 -0.90692277118636765998 0.31781380565649614001 -0.27656006949268246986 0.30185362615278865661 0.94812781713361482527 0.099689672263464854107
-1.1519205702484667242 5.4224671428375215143 0.96745710408567409111 -0.56243858800263146769 0.0018955064424126611203 -0.8268368894655671042 -0.025182677701271714843 0.99949419476849465926 0.019421312206017053714 0.82645548426364223715 0.031745262313184537117 -0.56210636969450977762
-4.9312106324920730316 5.0152581762911765395 -6.4255907356972521427 -0.96354747670971285789 0.0088380333437104996452 -0.26739137849369087885 -0.23653156235655603545 0.43888874823516926815 0.86685032542055739935 0.1250163194760933183 0.89849794425991169611 -0.4207996720833800941
2.9953977758184726632 0.94869595767782455287 -7.3997217232039442791 -0.91133673381585322826 0.0050337620646733749474 -0.41163092551132673957 0.24302099572237212399 0.81367184051362650976 -0.52808988969041004147 0.33227421391961237118 -0.58130267261962331737 -0.7427523474008081994
-4.4107172488587824688 -2.0405271640364244234 1.5372903283775871675 0.81973195041320789933 -0.006912151275989153465 -0.5727056413520863476 -0.28716265400829410481 -0.87012567139172947162 -0.40052331533653773299 -0.49555740294615219232 0.49278143040302174738 -0.71525472541979973062
-3.3317104501341554545 3.6963294215933517606 -2.6477797646247474006 0.98352472282162306527 0.011797115684025546653 0.18038832462242002097 0.034398490705761355923 0.96742300672525616267 -0.25081760284261311877 -0.17747073966068277473 0.25289039942257524052 0.95107864156652299759
-7.232201477138140433 4.9216475459468345122 -3.1263495212372376386 0.94703502834578545677 0.0063815071978672172071 0.32106686445677651287 -0.31067660432245430835 0.2712296455967084241 0.91099644723576367333 -0.081269321474160619023 -0.96249350944071876413 0.2588465600925066723
-3.1097203816232807938 -5.1914503455191542969 -6.6997678833432523504 0.99189587368960097091 0.0059168093570565703787 -0.12691559054958559405 0.023754952186004228698 0.97266370857844974829 0.23100002653915441275 0.12481297209892072697 -0.23214284693152786865 0.96464056550329635442
-3.8083917815163439435 5.2118668886539181173 -3.8158885937991402493 0.80041679046469571546 -0.0042100296974061784949 0.59942909271419364536 -0.47684202647307755152 0.60150099241045174026 0.64095104174823780419 -0.36325561706771025694 -0.79886095897795261767 0.47944397471418120915
1.6444506776781913082 -6.5486342580530392254 -7.0747695684165297081 0.97593726742752906489 -0.014562272776730809248 0.21756468063029898996 0.20277588611517829986 0.42748847456850302962 -0.8809855527313212864 -0.080177241511379268579 0.90390350387785067809 0.42015481149322669863
-1.8180863191766887255 5.9520606326393199481 -2.5407061829194406144 -0.976779215955206781 -0.0090323813546950952602 -0.21405788788331572836 -0.012532911417121522096 -0.99499115451131014964 0.09917423342642220363 -0.21388148449409075114 0.099554098516240238648 0.97177347775039601974
3.1140427886425512405 0.96016246325782950155 0.70285904550988587136 0.994232745374224125 0.0024331429107925708205 0.10721626668107446523 -0.0057172256155299831445 0.99952347549016962169 0.030333731641052529698 -0.10709136919812596578 -0.030771768873229438102 0.99377287992962393126
4.6657353064261002373 -1.3353067737782904345 -0.47225762159158257703 0.96258133258579181568 -0.002054749530813160599 -0.27098515856358701415 -0.16383491902749858227 0.79211460309940295854 -0.5879732773382532196 0.21585943913722011045 0.61036893233601674513 0.76213809048914959998
-0.50030305408907083109 -2.9461224945279802512 -0.23706040795467064886 0.91964743627370881818 -0.00029151830326031025198 -0.39274483825024381067 -0.20889306621637199202 -0.84718275795812525431 -0.48851311293078958364 -0.33258424472882008871 0.53130150539561182832 -0.77917034756364933479
5.6859250770209275316 -0.09637543084281086081 4.1285275869380750891 0.9713562025679866041 -0.012922846451395115716 -0.23727647960212178146 0.22336440455921233172 0.39039352706157309791 0.89314121884749853031 0.081089274930054452972 -0.92055738227881545033 0.38209767785646642224
-1.7036449726695686024 4.0016693117354114051 3.2912216419268611745 0.9742922404738935116 -0.0021321672381624688294 -0.22527779299201708407 -0.022117513013490897739 -0.99602990622327691739 -0.086227846586229783821 -0.22419956683850111867 0.088993706359842508768 -0.97047136714991377726
-6.8064330187831370012 -5.9678767349964587652 1.9069150227172440015 0.98878397557769026616 -0.001037448997079702933 0.14934916585099272668 -0.11501256088450639847 0.63265101505879406396 0.76584907389388778842 -0.095280430727455789341 -0.77443632200765888385 0.62543586615701929343
3.3546246458958868253 -5.4397041713456699696 5.126877761194465144 0.98595964235858069014 -0.014948655130434550242 0.16631332282801486455 -0.097627644396874518895 -0.85963000017686952425 0.50150284729551986018 0.13547112862093058094 -0.51069834590075458003 -0.84901988952231688401
3.0575795535940097913 0.22913473206260487336 -5.9267340842744671292 0.83244202176341164368 -0.0014712638637002367625 -0.55411020184166226432 0.40417569968946370773 0.68568513016120802295 0.6053741868104554058 0.37905446070831955163 -0.7278967905262521132 0.57138776514597677814
5.1457520485930610121 1.1445956900182840954 -3.1141906676125898912 -0.99900497681259226024 0.0020003265413934567286 0.044553956023673943476 0.035624874049639911056 0.63680249169642866303 0.77020351525952490679 -0.026831411676944482564 0.77102437397457546098 -0.63624011983251782532
-5.0981448195422442993 5.8100016615134455478 -5.4243754652203790556 0.90891213163312845058 0.00065621647881411102055 0.41698717768066129175 -0.37585719608367929023 0.43435351415772771588 0.81857705372855416037 -0.18058268223242646133 -0.90074224621631382437 0.39503582212118809602
-5.7064518286635212974 -4.5410982093653364799 6.6983911750379174777 0.99946943356671091863 0.0060109197472404465867 0.032011251298025442114 -0.031346466173596841676 0.44444521599495789843 0.89525742054326418184 -0.008845926989389758105 -0.89578586661275649838 0.44439782937442673383
