1125 14.717824617146108679 14.977075390850430381 15.033177056927090831
-4.9479399743241723186 7.4492800209302805214 -0.073316617479918827494 0.9629087491089688422 4.7973443371725384143e-05 -0.26982723840985689545 0.23970938748401773855 -0.45925909901632749888 0.85534816859733553418 -0.12387958040523139314 -0.88830235712244420831 -0.44223610423539266856
-2.4163223697361182474 5.3671125204895826499 -3.7091221366955551275 -0.97501982367773387672 -0.0055567023950715216732 0.22204834269571502303 -0.21474751096331046174 0.27896937435186730525 -0.93598055252701573004 -0.056743721859732636215 -0.96028392219816405273 -0.27319395820060354829
-1.1198928848967206751 -6.0077460685071377711 5.9883689257897776415 0.99768328035170794621 -0.0024340955514603980145 -0.067986375733467468985 0.042146919870357027471 0.80658195163350865364 0.58961783592803940213 0.053401397472151279633 -0.59111727303295236169 0.80481591700842658454
-1.2864926823349376317 2.5511251526690275071 4.7630069141133093424 -0.94234614656610060646 -0.0025691082623727212741 0.33462985481688983791 -0.30829958041909943933 0.39553451197732153455 -0.86516115177937602532 -0.13013496365474999661 -0.91844752137371887812 -0.37352247819515921323
-7.2555566518852696589 0.77238943552146399618 0.77129325927086844761 0.9613824832944892762 -0.011819260007959121045 0.27496186264183225534 -0.255534537291035313 -0.40935429537948136991 0.87586024062398182277 0.1022047996233605982 -0.91229894549282142258 -0.39656627817639678035
4.3968162454300188102 5.947666404787639749 -5.4361481746656998837 0.84843409400048741542 -0.0061206966630151897479 -0.52926564710927070934 -0.22184463449520483436 0.90375457998578068164 -0.36607733786790092045 0.48056690094444487471 0.42800723852187189111 0.76541835455493500984
-2.3088074385282064682 -3.4833899530822787227 -2.4501392290486001535 0.274617619149739145 0.0072628655576822114676 -0.96152608598854072408 -0.86784522967274990712 -0.4287113413676407192 -0.25110006594400330338 -0.41404084410457064891 0.90341232920897318603 -0.11142864464088744758
-1.6033680339507638823 -4.2075593390073668942 -5.3261911643139860928 -0.98887128958661618672 0.00121527245111757525 0.14876859797780978001 0.14369770961086719696 -0.25117169696217633845 0.95721666664229787536 0.038529740253501920666 0.96794178634765926095 0.24820184801486150361
-4.2992002037750642884 6.4286244222540283033 -1.1459820319753308837 0.69833563531016806802 -0.0006682611055802232386 -0.71577014039639241805 -0.71425623550666494932 0.064361189947007416134 -0.69691869487661128879 0.046533541621995772042 0.99792644551372922113 0.04446840280933454792
-4.6535389810566556434 3.5478967055246877216 -0.91504786273338645231 -0.9967173478095178174 -0.0051904809048251097231 -0.080793486640155676159 0.016731310437915682121 -0.98960558465185821664 -0.14283154440423684317 -0.079212321178806263666 -0.14371445902846605169 0.98644389725908299127
-4.1212875827046238086 7.371465520321737408 -4.991605226105781945 -0.98245232288432671197 0.0014269667338180835534 0.18650843687391516212 0.13985951474248409232 -0.65593961914450504835 0.7417429016664977004 0.12339671549605159273 0.75481201620174509515 0.64422982762542757573
-6.5686709892631327534 6.7328248542536650589 0.19252105835428368064 0.86477474238548668328 -0.0037232666626316555242 -0.50214617614535816958 -0.12590392296409860795 -0.96963942965894511783 -0.20963677786312426288 -0.48612019821674828934 0.24451076404924393382 -0.83898846186915654322
0.63013445818630930972 3.9126953443723420101 0.14273102523210068338 0.89983882025677164318 -0.0031840626171450205073 -0.43621091149141111298 -0.15471919341969445072 0.93263346926821066862 -0.32597052503024859238 0.40786280627989068837 0.36081113306849282862 0.83872716511833589337
-5.2561579175022217214 4.6526105233776426928 -7.5093764714099284774 0.77889958731403741155 -0.0021679462315953978296 0.62714490581626625154 -0.53866709573986859549 0.50980323953843054152 0.6707744903642403056 -0.3211747076737462292 -0.86028829874956436186 0.3959177315874737868
-3.788493376141781166 -2.6713336911890714909 -6.3317803080283745487 0.9972498206207665028 -0.0098129318061979387 0.073460885110162327249 -0.057395562550971605809 0.52483501586560177277 0.84926671636227246687 -0.046888641175299415609 -0.85114740937789057362 0.52282840668617547308
1.7885732312577509173 6.0753727894120075348 6.3818260072954942075 0.89668909149053221963 -0.00025328245443337945447 0.44266082845658893952 -0.28604517073393909143 -0.76350393098056734686 0.57899905671508355987 0.33782663231549475702 -0.64580313039274772624 -0.68469809644332491061
-1.9607181220129439314 0.074897758215999352127 -6.3811729313461293955 -0.99585321557887729327 0.003123960769576519976 -0.090920921081629441085 -0.085068629001542717116 -0.38620053215543187486 0.91848379262926649336 -0.032244400770121202371 0.92240955645093547499 0.38486479286500874242
-4.0675641031030558281 -3.4472143123329019865 6.2082282046761161354 -0.42949730968584742818 -0.014498649155291195439 -0.90295174297704905442 0.66508784239640295066 0.67129829809683627673 -0.32713415729480754823 0.61089297169734135817 -0.74104546698917439507 -0.27867793774490956515
5.7706087544790323207 -5.3483152350613281101 -4.4364059391879218097 -0.9524809033686779669 0.0024183544267028051974 0.30458870675011939788 0.21696266244257733646 0.70724854607717124733 0.67284968393958521915 -0.21379273098889464699 0.70696085155660381982 -0.67416542668897883051
-3.8939350047874441429 7.2204641907105022725 -2.5109507389984173642 0.98806894376123854951 -0.0098804913016658415387 0.15369495198630087063 0.011926983225058737648 -0.99003415339554634578 -0.14032149579218408664 0.15354969698951870249 0.14048042924861198211 -0.97810415577935216902
5.9130665922493887976 -3.5743228293391564598 6.776664851067144113 -0.1878288419461605907 0.001213647832176030332 0.98220102483765847623 -0.30639944947091773964 0.95002485727402607996 -0.059767448710729316474 -0.93318792507033399009 -0.31217190395742588915 -0.17807020773421813886
3.8610430385118208463 6.9566716811005102628 -5.0907557186361422907 -0.88269250544008526216 -0.011783371244410105819 0.46980324924557215205 -0.22228828914447404386 -0.87031510817251955814 -0.43947642598426323035 0.41405537956756044426 -0.49235430804331759003 0.7656013179209550934
1.1404499544769970409 -2.5342063559837946229 -4.374850122638796357 0.99536760712703076237 0.0030345122152591573472 0.096094320424840784511 -0.068719900471642392237 0.72146340440352285661 0.68903420189836017684 -0.067237652855176410771 -0.69244591690767953729 0.7183298338482193568
-5.7638009145952109336 5.9916760491537282007 -5.0044860707072764683 -0.74252051711596334105 -0.0053053381352354492956 -0.6698023104239078096 0.66397228561306775863 -0.13771224962904907163 -0.73496676131635763074 -0.088340735788246332882 -0.99045807063672675064 0.10577676829534593539
4.7042828221635302199 -3.547328770993828595 -3.0704985809589944168 -0.98310258021091323499 -0.0028355529010190808244 -0.18303353906414596142 0.10622808597129726471 0.80546416251381425244 -0.58304637607721865322 0.14908021509732352627 -0.59263769922757947306 -0.79155268107742826622
1.1767478659313794775 4.898429991503301828 4.1204451469028091637 -0.85501015029002913614 -0.014375392092186073736 -0.5184119896405544603 0.28068735619710494245 0.82772511815537375135 -0.48588654729861818771 0.43608743500815050353 -0.56094962062278874715 -0.70367838687223238647
-4.5907546678451911504 -6.3477151981501078737 4.1142900747952246832 0.98013025913957085855 0.0022599495844521713672 0.19834204735015492638 -0.1364133055854546972 0.73360562767125159223 0.66574333876383529063 -0.14400029575809605853 -0.67957168545858881448 0.71933736114883994883
3.7033805860161841395 -7.2280029745542577757 -6.4834226655922364557 -0.82199657345441035083 -0.0068947202696843928882 -0.5694506967784623841 0.16232647138287839561 -0.96128284870297309173 -0.22267779745144355985 -0.5458678868714847976 -0.27547730872405246094 0.79129040336701195191
3.8971968561762340144 3.4011317592430332368 -6.330773895498925441 -0.87037856890507347973 0.0080567041538049891797 -0.49231721106323389492 0.27384047524547805441 0.83888907667172629701 -0.47040037325467093376 0.40920965397725539425 -0.54424278273492598945 -0.73235732571798073387
-7.0947941288533664661 6.2448645135391886996 -1.6616670321991775516 -0.62606085171977143844 0.0015081342503662272664 0.77977274604524215995 0.60642823895205377749 0.62957951377413678973 0.4856690507303214055 -0.49019649217980865163 0.77693459272129283821 -0.39506966181628927481
2.2473568146796458755 5.7350738275071453387 -1.036590017528339347 0.92702082271181873718 -0.001138957142295695963 -0.37500812929219917713 0.37466613023573530628 0.04561845023939926913 0.92603685015874159792 0.01605257340099932456 -0.99895828730446878385 0.042715981936750559156
-1.1708902952551580867 -6.2534070758708946158 0.20474294955877153646 0.97577578072416193411 -0.0017363733276838429903 0.21876610971537763239 0.19334430018783274607 -0.46106856389719436118 -0.8660448954706185809 0.10236995329295384138 0.88736281440768660644 -0.44956382001818973038
6.2601052867831956661 -7.4326626593922968667 6.6586877133976063448 0.51895895451732199088 0.0071492707090587016144 -0.85476926211387049825 0.83572716763668464246 0.20580983567248506416 0.50911925205638286496 0.17955975272967292233 -0.97856588918115527953 0.10083201738969993499
5.6372003645264534555 -2.6969336048806584749 0.15919709315282248863 0.98549547602862452855 0.0082870266893362246746 0.169499238688267162 -0.032643718399684149012 0.98941100596375874954 0.14142223632397268873 -0.16653244241371717438 -0.14490405952379922794 0.97533058967579033816
3.1880323642257875072 -0.97091724497958864504 -3.7506383894872725726 0.88736868021700310294 0.007506680372354528237 -0.46099943071526827687 -0.32938996615244031663 -0.68930480707627073134 -0.64526051571411446872 -0.32261288809979049574 0.72443255910496784367 -0.60919487172876352066
-3.8185013553579016943 5.8895021426124261055 -6.4016804208983195679 -0.98105042598765190842 -0.010572694470766554747 -0.19346389792636847771 0.18391418492984479283 0.26332306835433982872 -0.94701453750931985365 0.060956002582254392719 -0.96464977054057865491 -0.25638873989530336361
1.0356947645780063549 -4.4950284453137783203 -4.030445839128156571 0.99865931518348860507 -0.0013628797765849872889 -0.051746640045275543729 -0.02502613485535799126 0.86235100940576825401 -0.50569202994596340606 0.045312964717216949739 0.50630907471165564893 0.86116076088791582155
0.87452421066027785646 -7.2552907175701655262 -6.6318206390849931964 -0.59097576700082488088 -0.010777700257262282091 0.80661730950612220425 -0.80256917591606935503 0.10878610437523930643 -0.58655630707059469575 -0.081427026761161494517 -0.99400675283019201967 -0.072939801485910338297
-1.6468696466442818149 7.3893709365401347711 -5.7093502119188421773 -0.98660048877990602634 0.00032448078436700454434 -0.16315443681206978632 -0.15747461201499041161 -0.2634595665104516593 0.95173042579553523979 -0.042675778961691925029 0.9646703849119859786 0.25998043457846331528
-5.5986786568441164746 -0.44563845361608678264 -0.7878394095936168684 -0.69862003079388013127 -0.00077251465014678902254 0.71549245683993911715 0.70220255351638705132 0.19110610265274552422 0.68584986065749231621 -0.13726480396932330685 0.98156908098722495115 -0.13296808956016520353
-1.708536981172146918 -0.75049054574382723093 7.0279675336000453356 0.9577356589136369891 0.00097413878912686296518 -0.28764815086998662963 -0.2876189428519619895 0.017890084590206863091 -0.95757782377513089855 0.0042132360495580126192 0.99983948508093622998 0.017414152721748957925
-5.9162248959624736955 -6.0312207101831543099 -3.2019737357633530905 0.98642036108391573102 0.00043931933544028110156 0.16423969750823266822 0.013595643489028405582 0.9963459502793753364 -0.084320257589727956593 -0.16367660100700964776 0.085408163312389207 0.98280995921005087634
4.2155597234220856251 -1.7812548360301245776 0.57082066911692352917 -0.82862849843502772718 0.0012121872178934480629 0.55979759036951937112 -0.14609346822350788297 -0.96581159063334431902 -0.21416038368621423404 0.54039939870788555876 -0.25924216863841481606 0.80047610075249842065
4.0409321959725357232 2.8120352220296203072 3.6706468887180561111 -0.75813063899793353695 -0.0026854169214904580892 -0.65209717278069367907 -0.53759951761974611451 -0.56341547352080822986 0.62733544683234887529 -0.36908629460816000378 0.82616934870112423983 0.42569885412003904968
3.5257639215788363352 -5.4913155335176249139 2.6973313430009167035 0.85134177158514356965 -0.0066092984177443091925 -0.52456982864881651629 0.43460982699611716562 0.56891691071462469065 0.69817465363707487125 0.29382220173535444907 -0.82236844897975935886 0.48721519669443741352
-3.2816622269838546799 -2.1071332333741090714 -4.8696855686018656328 0.64848317615105688372 0.0045004816286754187674 0.76121568291401564554 -0.65005380797284473271 0.52361496705948618047 0.55068812681163448186 -0.39610556293629206603 -0.85194313891035289288 0.34248105213945356784
2.5016337706920692696 -3.4291869942305894803 -0.20806610324445973248 -0.78190235794127260771 0.0010473043842112485236 0.62340003673350286029 -0.37293043988510010678 -0.80211713823028329973 -0.46640216933925243703 0.49955138840061036332 -0.59716580587873702157 0.62756785341208598528
-0.037967643028274516981 4.5635610452704744588 -1.4843582646584916329 -0.90613301590857242562 0.0050239445311392062071 0.42296302138814667604 -0.14339163445780533923 0.9370741885378595093 -0.31832499798717167616 -0.3979469771815565271 -0.34909414941729199899 -0.84839346897218048671
-4.9288406850694563843 -1.966019110196016495 1.2596745230363326495 0.94452424083965869084 0.0082575773520056107435 0.32833789132922569509 0.31915586212839269775 0.21295479652329360465 -0.92346618254641377188 -0.077546722273237750356 0.97702715778734583463 0.19850551330041960041
5.4494711183136352872 0.77602198114139120388 2.7622112001618837063 0.99989200268524358606 0.01242918851487176575 -0.0078420812923137312583 -0.014669608940151179777 0.81192122284850287706 -0.58358266806148872963 -0.00088630676279051554683 0.58363468296615639286 0.81201586887157439776
4.0436155668967481702 -4.4944983865608767459 7.5127763218201648598 -0.988443841053652128 0.0086126531319680611071 0.15134264200460709193 -0.11032818465288475596 0.64378797534557241633 -0.75720851452667170545 -0.10395414736376216991 -0.76515545153029640435 -0.63539804078967809797
-2.2879765899570077003 -5.1138992160021254918 -5.7217839130638008527 -0.12899965134841170911 0.0041214620069823341975 -0.99163607412351950643 -0.54597827100608031792 -0.83507133985512749241 0.067554311053548032895 -0.82780844254050434117 0.55012623179011832519 0.10997414039292577326
-4.5373738816073405644 -5.4094851243523258688 -5.1838042004942037622 -0.9995613541201571195 0.0066831941696340298534 -0.028851936940598236353 0.002431360365280038887 -0.9523989589069417061 -0.30484473352810292912 -0.029515891250444091509 -0.30478116409770966699 0.95196494377417417709
-3.3740327592684025149 -1.3024277862528101934 2.7008424101933456996 -0.96602441616601730789 -0.010436472192693242028 -0.25824001901161847128 0.14101183635017358609 -0.85864292175528800222 -0.49279609873546248444 -0.21659291165722913131 -0.51246796286984419577 0.83094169329256928336
-3.6410904864635091904 -1.3856085371308659582 -0.1819530930456946527 -0.68608448787155917881 -0.0024797778690093556439 0.72751764666146179206 -0.42026623743066920946 0.81761784689392491554 -0.39354459228468918752 -0.5938555086701721164 -0.5757559440790471772 -0.56199708867547559787
0.41153421423673014479 -1.4241513632701492398 -0.77818374246098653835 -0.96562421856455626923 -0.0020173614738118106002 0.2599342200907235334 -0.25943638945282865294 0.069821515767874819947 -0.96323294989501584418 -0.016205812203262445065 -0.99755746009368917449 -0.067944723579362681365
-1.337932684792496385 -6.3279016835868597823 3.2644024105193851781 0.97835516561678559366 -0.0064676591224775963757 0.2068316689880685677 0.20648531140087289515 -0.035182098521151367043 -0.97781697475510287454 0.013600959032514473024 0.99935998985808083273 -0.033085111217473171796
-6.6557423359144367581 -6.7543544741075542959 -6.0186974900986269787 -0.96427722005314708831 0.0072129779429577663141 -0.26479693320697211822 0.14531728283740685814 -0.82138124254598554597 -0.55155755973645992363 -0.22147760653253936725 -0.57033396123922486254 0.7909910508101336557
-2.4621531107480030265 2.2078512437403507995 -5.7024257392700627989 0.41383625067363549732 -0.013104238184259046213 0.91025701676503711912 -0.5298509510436590908 -0.81655089683876203033 0.22913446390701444622 0.74026855080210873794 -0.57712469347053174662 -0.34486165469661778094
1.5702955376991165615 0.98174423072749761321 -1.1767704448612865686 0.94597305506326057056 0.0032968082211648343065 -0.32422848448238877905 0.30704743654555499699 -0.33044156033546528972 0.89248543232577082218 -0.10419621300698916899 -0.9438206960321051664 -0.31360108886350718249
-0.92310005544932771659 -2.2926129016743339584 -7.106620901659712608 0.97429449624436459398 0.0060853830032337611136 -0.22519592070365879177 0.12367228233447601082 0.82108495660796820825 0.55724739623813390743 0.18829604661292229095 -0.57077356468716278215 0.79922596096736431281
4.965066258722072412 1.1285577348742854564 6.2816129932882276421 -0.99999860755513636512 0.00082695483913115125363 0.0014494941871604303391 0.00056943495171538072164 -0.64736479948704372944 0.76218009166396827325 0.0015686400289266549599 0.76217985576292046623 0.64736342717030825877
0.80757377164294941174 -3.0701571156372149396 5.489101601502910377 0.97914292740821307071 -0.0075764098921063706416 0.20303134171771264338 0.012048096810282658137 -0.99538071277120809821 -0.095247467191878570913 0.20281511548648784027 0.095707025115023700024 -0.97452870366855159912
-4.7627320493634481835 3.3590772044920855777 -5.905336669720207432 -0.91291572849669155865 -0.010691175425475978045 0.4080080531453332271 0.4002684076137379976 0.17202982687688966879 0.90010607182213941968 -0.079812746662308378665 0.98503372400780819795 -0.15276939496333319379
0.53233023527414369269 4.0096740458120896378 6.6851304623478231548 -0.96850280297328505963 0.0046789942738040225453 -0.2489586866239236751 -0.20471699950979327376 0.55421114711940300257 0.80680911901163332445 0.14175073454716255461 0.8323629685546516388 -0.53579717975572660471
-6.3033863843023105744 -2.7791472721544061564 7.0723694990682064443 0.93934365797654739705 0.0047918230179075588585 0.34294391764767157005 -0.16966923418496704379 0.87547406323262000338 0.4525013984269031786 -0.29807019842726745207 -0.48324135071346469017 0.82318403396222605828
5.0160180534875511427 -2.4934545170158650684 -7.1698140410074033824 0.9034245185024661895 -0.004776390965359185968 -0.42872056803707703221 -0.22896871937877313896 0.84003105620963047784 -0.49185480596338526649 0.36248788243843077517 0.54251729068536924672 0.75781100836069448246
-4.502973056816352404 4.598656965676661379 -1.8864995041047554203 0.99666682568288811339 0.0076566262322706694216 -0.081219546034188308536 -0.05215630635696109213 -0.70573436950680523694 -0.70655411640163190423 -0.062729245894194540778 0.70843515989228456053 -0.70298269248817968347
0.3314223898260639789 5.7557265028809725393 -2.5714041627652801658 0.86792691941609856343 -0.0017769091911079418818 0.49668874070849661218 0.18468433287580007796 0.92944993061073266638 -0.31939712534384923082 -0.46107977589892557013 0.36894399179474013373 0.80702278231490465199
5.088705565174600487 6.7843271071216184609 -6.4024309490006379164 0.99646453752568220352 0.0079517190730677492216 -0.083637286047897413388 -0.065876896131539158796 0.69178249346813724951 -0.71909471996889029466 0.052140771088985286841 0.7220621523766503902 0.68986055699350812276
5.9205192687181638078 -4.3519780643892564953 -4.6699236734699427487 0.96412598699614338038 -0.0022973332565115246219 -0.26543512099674138049 0.23977058195676606567 0.43657762229632263162 0.86712746914066007875 0.11389095322618554562 -0.89966366046983436977 0.42146666392870024698
0.72977558570893363843 -5.1138809799675275514 -6.2365086980944948181 0.99973262017469433083 -0.0076233790625719732165 0.021830534814079684269 -0.015373526219670727994 -0.92434638254764844856 0.38124456686316804399 0.017272604035768870934 -0.3814782420568161303 -0.92421642919132007687
0.24288430778197106497 -0.96517615968941850024 -3.002287358146617624 0.91434463356617923235 -0.011668216561391636654 0.40476875347645019376 0.29463362832362266497 -0.66654274864410667512 -0.68477134088012348023 0.27778573780787058078 0.74537548722252533473 -0.60601193628369054434
-3.1963329662444683876 -2.9902472311976806552 1.210951093211466878 0.90382748898428377782 -0.00084355792287851318056 -0.42789620069169276295 0.18474422370980950192 0.90276121332891834381 0.3884478903466073163 0.3859604150197083472 -0.43014123275836085858 0.81609624304909678116
-4.1554085283890520586 6.774910012057120845 -7.2099847356394874964 0.8694818101896564233 0.0011213428462814424916 0.49396368726818873363 -0.320224707779301343 -0.76012549194074874315 0.56538957633618669441 0.37610838634239790457 -0.64977532970423945713 -0.66055620701862227673
-5.987096842897096316 2.6356770885624687395 -3.3926458985240497412 -0.93670785886580620883 -0.0002961638153256961753 0.3501118384544156803 0.2122244785498761388 0.79486080815421278345 0.56846905488719423616 -0.27845853882242310728 0.60679173358508442515 -0.74448951249133243913
5.8141148110333480403 -2.5535329540858549002 -3.2234688905762003408 -0.75664105394698211171 -0.0034059420030071833885 -0.6538216232590550181 0.13907317230475377268 0.97626477497660768545 -0.1660293404345521695 0.63886850621006541218 -0.21655366240059761851 -0.73820833311049605108
-7.2571009559867594163 6.556967799523986784 6.6199516657727999203 0.96786365477910774047 0.0047501420073629129631 -0.25143067018286707759 -0.21659795936199488509 0.52373857286439517988 -0.82388302039431382529 0.12777037903162924426 0.85186580131201472543 0.50793640034676779127
1.488219170162176308 0.62041535984477003129 -5.3048203019505457689 0.8631600619858887935 -0.0016692395949382550068 -0.50492763940169604897 -0.50380353480009443246 -0.069618481880218574531 -0.86100828410861618423 -0.033715066595059454968 0.99757229343031683655 -0.060932861943452730491
-2.762502687331604978 3.4637982372485560667 1.8331044285602235977 0.95710535859959811056 0.0029784555356150723381 0.28972480277413908967 0.19228155972300381427 0.74148801035305411666 -0.64282449571651256726 -0.21674209173664485406 0.67095950645721202932 0.70910944597031111414
-7.0829017553811803865 -1.7690340936801454141 2.1842973892335248998 -0.895097834056868491 0.00061798250232717073793 0.44586935930183047017 0.32579985367874086943 -0.68178479084529408638 0.65499920176666670546 0.3043917259216448179 0.73155253883074000676 0.61006275096969697636
3.5311298410859137675 0.14948178185855998112 -5.1350038803238442497 0.47580022650283521068 0.0098379736439739295939 -0.87949835630003503351 -0.51796689439317689096 0.81129114530565338281 -0.27114013694277122601 0.71086175925602856918 0.58455957080794285208 0.39110825535160631539
1.9308999338898504838 -7.0108689254793326029 -5.0378143157821462239 -0.96614353919365003609 0.0020445345938580380268 -0.25799705725621668861 0.057806582462124639354 -0.97283121584081422295 -0.22418256959409557649 -0.25144593991278213485 -0.23150646937840024808 0.93977640635279291459
1.2614921868042252573 2.0860957821714798399 6.0839339585073108907 0.15993915236390512935 0.0042068026674173903887 -0.98711791106857893485 0.97539498109233624401 -0.15438785023650219985 0.15738177327518462767 -0.15173693815621483449 -0.98800136361784640648 -0.028795956110356551311
6.2386100374820401271 3.8710354076350141916 -4.4906145443467844203 0.6157625380256084302 -0.0058427609418073411102 0.78791012108537727965 0.34072362398926386851 0.90361825973809528634 -0.25957937653716917081 -0.71045331220274099415 0.42829884754966812688 0.55840503970487209706
3.842145261333571149 -0.12436026419541974797 -0.31589312607611458317 0.93662374961662586692 -0.0055421533703915691615 -0.35029307185561847637 0.30261527659378500976 -0.4910013202810562527 0.81690984683402001476 -0.17652180042740694965 -0.87114119866898831468 -0.45820635739329157454
-5.7592677999343626638 -6.1129654963836408399 -6.2803295298909036504 -0.97003640555541004176 0.014669999514336239804 -0.24251631493881056767 0.1759043276413218837 0.730940538022010311 -0.65938122311239932838 0.16759188349764195247 -0.682283460879992254 -0.71161944857858028257
7.2697438720824516523 5.751928014722207827 -5.1032796048925250787 0.85082483012167464675 0.00086587728884134854829 0.52544872128963138191 0.16674075171843671939 0.94786904783053982371 -0.27155439580540335909 -0.49829171191661220108 0.31865893745725593078 0.80632614456803175518
2.2395853078607519393 -6.1828203640904986216 -6.2130367902292720217 -0.87900918625342117085 -0.015176126782064532778 -0.47656325462416471161 0.47438352047487353236 0.07276429515165579176 -0.87730589468713693346 0.047990894802316282075 -0.99723369504192505008 -0.056761179419587116934
2.4838427005970871164 -2.3516776457411348034 -5.5913310161346752025 0.99401553591025859635 -0.0024019732269114479201 -0.10921238434248396743 0.073065974836043892648 -0.72858525627226811139 0.68104690562672443033 -0.081206389467904260826 -0.68495091420278797489 -0.724049561454505608
0.51389286380093113227 -3.3875151228694990735 -5.6040750704831996387 0.90215115774266352311 0.0072835625067841549413 -0.43135859595105785491 -0.067016132509702841524 0.99008644270572732093 -0.12344097356179423164 0.42618320774888268643 0.14027040203705878896 0.89369574674227858502
-2.3753426364057208531 3.6231907365081981176 -1.9780746748711337535 0.86923868631279455066 0.0020611870275238919348 0.49438836730363078242 0.47117022422213650223 -0.30633222191745473895 -0.82713915976794993856 0.14974219854022607912 0.95192243450989078024 -0.26724698810875291421
-1.7374586486028187338 -0.35429763955451548663 0.13151280669618387043 0.83783860895605899444 -0.002560349740925733919 -0.54591199835839832044 -0.2193352711452856707 -0.91730784683949784242 -0.33232266392530951382 -0.49991849753150513491 0.39817051464915936831 -0.76911750538511436392
-6.6057970951521127745 4.513909849161757748 -4.089304091329486468 -0.97859777529739755408 0.015735994522939028561 -0.20517985441848007877 -0.17201073628970448004 0.48474356164859866425 0.85757564450095691289 0.11295441905427347495 0.87451475568825032259 -0.47166221101490102274
4.1120770242492366009 1.0854474601435566417 -0.62845082039784705419 -0.84187027089962118698 -0.0010234672390350835203 0.5396789781807921349 -0.50583010321269783471 -0.34708593335992554696 -0.78972606741036888156 0.18812324061440122147 -0.93783277154219713001 0.29168362820404336588
-1.8343175627236834035 -6.0561104061728388004 -4.5374231846412067526 -0.99742253380467071899 -0.0014752852309968412375 -0.071736410505764472423 0.071703813958172879506 -0.05696886126202551498 -0.99579772640358299451 -0.0026176559387047887949 -0.99837486565918642789 0.056927809525687357584
2.1838567291914245949 -7.0176553735459235028 -0.48938357703991619552 0.68923584580061536542 0.00040670853716285194218 0.72453694415933411754 0.54045417529194916817 -0.66631245790067306078 -0.51374798574372471105 0.48255904641088648299 0.74567254410664285391 -0.45946623781570100631
0.66536090501322031621 -5.9994800534296643946 1.7914983068845378167 -0.60835947539992318855 0.016623048663982117196 0.793487506482840943 0.67283315257193410108 -0.51946444803665725587 0.52673735013402767091 0.42094453018341931871 0.85433035851431626817 0.30483658085853676534
-3.8810801557732110822 -0.14235554773764413916 -1.006019135223138683 0.85514006985492874158 0.0055089670012444594271 -0.51836773839723138124 -0.012748186235439480304 0.99986460777273911127 -0.010404319826318893932 0.51824023838002231113 0.015505399250616776902 0.85509451987356432934
5.1502768065512372075 -6.0233539299699270231 5.3653968119188881758 -0.93295566157353548853 0.003818756545564861056 0.35997104138569768761 -0.11575544843504900761 0.9436567955540735575 -0.31002020637720045793 -0.34087301109867179649 -0.33090371606108154312 -0.8799479081181248441
-1.9503304723498608997 2.5875966442462550177 6.7294167735624927928 0.63596873566757117224 -0.0010867483698823281191 -0.77171405729799336104 -0.56815558182268199872 -0.67739575193104917261 -0.46726248523661978451 -0.52224802737501829775 0.73561798118577481631 -0.43141996205462779246
6.9746044841199594799 -1.4008511626140740525 0.36282818710736175483 0.9319650620066379787 0.0070112640069794757158 0.36248029653478286427 -0.069584749055924779992 0.98468382468589188417 0.15986159044862774392 -0.35580765294991828496 -0.17420851752703159221 0.91817879877680574907
-6.5273993916786618996 -5.3083251103757627121 -2.7557038583471960003 0.99989047786891915859 0.0026089713317967227688 -0.014567962647406179286 -0.0081835616252598393505 0.91763021878835238088 -0.39735099205321611215 0.012331325404499099765 0.39742669114586287593 0.91755106864888047458
5.7292337368736685477 5.2666857489348588572 0.24537811235376816299 0.99787280029048419649 -0.0023521555549908439511 -0.065148613221414200525 -0.011202545193876832508 0.97829610130312127936 -0.20690877496201190433 0.064221315944198331671 0.20719846895991841929 0.97618871999167167175
-5.047116647133993439 -2.6727904660122674407 3.2874178904569788529 0.99725214982667420571 0.0032411774554261755382 -0.074011110211683717175 0.06249101354308434636 -0.5733597722777831196 0.8169170366443828657 -0.039787220214922473793 -0.81929730031430492154 -0.57198680999247308865
-0.58598959180941934122 -1.7893513936206875137 -2.3597931332708670382 0.9773188582259506596 -0.0011568191837697198304 -0.21176994858864803262 -0.10024149030303139418 -0.88339163585648616817 -0.45778910135638406498 -0.18654622209440277492 0.46863405709392236265 -0.86347126620062020219
7.2116020424962279378 5.1940598877475396833 2.4733332501241269696 -0.77459351601249237795 -0.003975072757734783406 0.63244690191976782323 -0.29446035630971328922 -0.88272176273233493582 -0.3661903714745798899 0.55973027746705505958 -0.46987922745676380387 0.68258005251497033683
-1.4689172173111875175 -3.1151878043461245227 1.6742059550954719871 0.99153227474882010828 -0.0085009217917989630259 -0.12958195267835787012 0.11589141144315000254 0.50814349119707502567 0.85343973021398134016 0.058591201429567744963 -0.86123047245360961899 0.50482585555040393466
-3.0877159605695374545 -3.8141421584473231832 4.7948474354500660866 0.93466025971161859065 -0.0031183356614636397949 0.35552844457017107604 0.13720311814262339811 -0.91934239064960998622 -0.36876126847399276487 0.32800229158914412375 0.39344611414683428041 -0.85884495223234447181
0.033757215226130461716 2.6802372428282588146 -1.8095098170466981102 -0.99532200196125808489 -0.0086566536273744616736 0.096224605792194564668 0.021156114497949733699 0.95227642558276681672 0.30450291968838250067 -0.094268399961135659892 0.30511419440487957955 -0.94763853717618140582
3.9952507712170421961 -2.6451656168936761304 7.2211111307815816218 -0.80582040660659093323 -0.0008887978809431471873 0.59215933863666203596 -0.57707683335690040938 0.22544189018917049072 -0.78495750365902206003 -0.1327998520295422813 -0.97425621075074653188 -0.18217858028505271029
1.0247202041817629059 -3.1174322890615568937 -7.349758761110496863 0.98650261801317085109 0.0010942955154253589806 0.16374183085145835315 -0.15896003761698640488 0.24638583167374941696 0.95604692792309187155 -0.039297469308381030584 -0.96917120493120156866 0.24323421724377258801
-4.5547386718066391609 -4.2417238435311954703 6.6394297027009008261 -0.50316239502518078641 0.010197969522608204412 -0.86413170619417600804 0.84765561954180446147 -0.18885126264327867229 -0.49579749016828333907 -0.16824849149897860845 -0.98195274938031695822 0.086378487441317791662
0.82740606195920296528 7.1771429102953927526 -0.1161684573465791015 0.94799629402559493219 0.0021604502118071989072 -0.31827403125066605627 0.010562247610002694492 -0.99963973543868189786 0.024674648075585201706 -0.31810606004774499844 -0.026753164057981653617 -0.94767758376678801202
-5.3685541261316211958 -5.6059592351470728389 5.9121601143874693562 0.99386295354191189766 -0.0042903418208727383057 -0.11053516428810072902 0.11021600984719956418 0.12355997463814318016 0.98619742640140972689 0.0094265980339284238809 -0.99232783173433258828 0.12327454568979301364
-3.9652874157309110359 -0.24281452333754707795 2.0047204712764070678 -0.98573176313785693115 -0.0036924232660343527662 -0.16828326462081702464 -0.097031929357618243448 -0.80446365228901250966 0.58602306851429009082 -0.13754161488860416895 0.59399040241091183301 0.79262709139777687284
-5.8273300852416296536 -5.9437611990751708646 3.2167990462169919752 -0.82180132975052144761 -0.0018281869401257505592 0.56977121035800804005 -0.47057449937351403246 0.56599654073469185533 -0.67691030160253962134 -0.32125101549984319549 -0.82440558805046859625 -0.46599700796398701996
-1.478772088207185309 -3.2647719384836002554 -6.5446226029315583972 0.99503755301150675905 0.009778210419653557417 0.099018456349269229344 0.080553838697943802583 0.50499456085057481403 -0.8593553238226716573 -0.058406739061813664482 0.86306713534488876949 0.5017008797279864929
-1.9143195539869997113 0.07852951159904979217 -3.7964399326524782552 -0.85856456061195773888 -0.00089713610723267779926 -0.51270468147660253067 -0.22747977535759550394 -0.89551482632211354407 0.3824998661967651814 -0.45947779822794060367 0.44503077532241902547 0.76865321306256650935
2.063327504053588779 2.6788482153163819532 -3.8756060486973042956 -0.96110688509672992375 0.0098992839540834130091 -0.27599920216698953235 -0.21098335077836391505 -0.6711863867224220348 0.71062990365787770397 -0.1782121800381104848 0.74122252964662715957 0.64717044156112413233
5.0356947965574381243 5.821788581664783635 -2.2125133826694862726 -0.82216744886384696134 0.0047684193222832776254 0.56922574450386254075 0.56438031732485893777 0.13728874475633900953 0.81401883146487563625 -0.074266704821267542913 0.99051959230512975907 -0.11556553904433639057
-7.0680594988472211782 6.3040718452603101696 -6.707775284453286524 0.98150549762607175452 0.0012853482924072797723 -0.19142963722839839713 0.061483911291752402217 0.94488172554684635163 0.32158708521922313439 0.18129171735600518867 -0.32740933494222845823 0.92732757999037829233
3.5448437829349712658 -3.4083230985730339491 -6.1682872690621790568 -0.99435267382032321848 -0.0090912619620058601755 -0.10573603464436223676 -0.10564342610595309213 -0.010127080320405686467 0.99435250729545787696 -0.010110716442014215655 0.99990739131188033362 0.0091094573331912433167
2.9083085827358274855 1.2226393824581471836 4.1996030800901920088 0.94977761259283566275 0.0056767898177711873658 0.31287419304701047373 -0.14589000253296710574 -0.87649414019874916093 0.4587745953715508529 0.2768367637767312206 -0.48137905672631392529 -0.83164632504869551166
-6.6980568390410670787 4.0561631031643177181 -2.0904518265615279482 -0.56541028921000036078 -4.2246653473934376449e-06 -0.82480979918860153344 0.79708830606937974839 -0.25708160843051275357 -0.54640578230301073415 -0.21204112144305631293 -0.96638969706265342996 0.1453599540045741878
5.6015305275357283321 5.8209442542393770026 6.2879679528173788583 -0.99644471470538420466 0.00075714981783206458665 0.084245814495376741826 0.039027649384640268615 0.89034517275060098829 0.45361031287140857193 -0.074664403294662076704 0.4552855149067605578 -0.88720929142838367287
-1.3996360175322104524 5.7363654368320773358 6.699315793833392263 0.98672483494858909125 0.0030567176731166774417 0.16237227772249623881 0.11490689772078895026 -0.71967861215013739784 -0.68473286767160335131 0.1147628204250326911 0.69430062054611529909 -0.71047599773498359976
2.8907425904300887431 5.1522493313767832035 3.2117771356037434494 0.99576113579052616398 0.0052577534533424820362 0.091826556495371983169 -0.072400943433620121303 0.66054187205112313563 0.74729013017499335003 -0.056726218268900237274 -0.75077079811069447057 0.65812259106130055475
2.0542265142328539618 -6.4909989731293284976 -3.7787648919667171654 -0.88161022589854942666 0.0034881290123782555078 -0.47196529803284348326 -0.43859981387830715427 0.36331167436242589597 0.82197009102390528046 0.17433764039104759913 0.93166112950358448419 -0.31876939457056741034
6.0318277741207220188 6.3998710925226980351 -4.7441064522783209512 0.98819881635181627821 -0.0032919899269722723185 0.1531413143577266267 -0.11992876459055414051 0.60532054487212638705 0.78689524676385269597 -0.095290035075377158003 -0.79597500008357624512 0.59778224167096705166
-4.1532629162102985276 0.61982559109268864361 -2.9924426674022259753 0.80492132249487213791 -0.00454845353503757939 -0.5933641176910409154 0.49822284441758485363 0.54831840639358742084 0.67165535992083158501 0.32229747422733046047 -0.83625727905973612497 0.4436193202806071878
-7.1493513158491062143 -1.4794438366707522992 -2.7417201267456943192 -0.99536408053010327901 0.0091089474573003512831 -0.095746406024726130046 0.059705639825685496991 0.83898281570314325872 -0.54087250949534204647 0.07540281004995154357 -0.5440816685306261169 -0.83563721446902861079
-2.9723998928845976053 -6.0783320462039451826 -6.1161307332118166613 -0.96302059519892824202 0.006909559539445346045 0.26933917503708482144 -0.21039925980674190065 0.60515009024475019395 -0.76780565232983954971 -0.16829582494962846972 -0.79608141936850862486 -0.5813182338794373738
-4.4974103288882405494 4.5555253811265590258 -2.9493198225291030745 -0.98543452782236595766 0.0028695091621197812634 -0.17003104802588664413 -0.13753967055184634916 -0.60145714195598076746 0.78697658504853862382 -0.1000081516682490429 0.79889991382358893635 0.59309130603357973488
-6.6834939891724323147 -5.7737688378273297474 -4.5059212431271857824 -0.98993588658358655508 0.0077780674886974553867 0.14130266140521521856 -0.13604230050534646401 0.2227233518841358062 -0.96534284117027424621 -0.0389799041466785956 -0.97485066045607293717 -0.21942369261569880101
-5.1952365602889054585 -6.4988917461861506197 6.4591666584109859173 0.99947561791838157585 -0.0076588565123742007035 0.031461581390784330858 -0.03210544012745319975 -0.36074473093830272674 0.932111838683854943 0.004210688887726389551 -0.9326331438551487274 -0.36080145382452660785
0.21066721005352939677 0.12887384819625530286 2.5014443187902628551 0.92091019843596955141 -0.0084080300707464784848 -0.38968411751960868594 -0.32659901727897067136 -0.56231595891403096665 -0.75969325669187581784 -0.2127380744697764392 0.82687971760166667501 -0.52058855566555184424
2.9305118109218080136 0.25519699503162834864 6.0365109853862479738 -0.99233405841656063817 -0.0021056785558243090381 0.12356651093353701598 0.061895207882887888495 -0.87388609018276663942 0.48217433011952709476 0.10696775097014005196 0.48612618475337054935 0.86731726187672764095
-6.8808562302545315248 6.1477512296389296154 2.5342063298878594324 -0.99748328089319848733 0.0088345571208605574998 0.070349519820476963394 0.070238144096027493868 -0.012341199329889009084 0.99745390766339969701 0.0096802609695553591684 0.99988481606609791452 0.011689617101654982412
-4.7203058279803187247 4.163435818195750926 0.12878646239368363169 0.95682726975281018333 0.00072801841555781860588 -0.29065623311162092079 0.20403591930233408447 0.71051064444493072791 0.67345673043254539181 0.20700463640190797099 -0.70368607640031011208 0.67968741814783140143
-5.4323524776803893133 -2.9819726853490795548 -1.7147412830659971572 0.99428091312273869651 0.010076218462133097048 0.10631996812187266555 0.07914315994691374645 0.598917465885346334 -0.79689034960353621884 -0.071706527133522185435 0.80074736270508795055 0.59469474109623410296
