1125 14.717824617146108679 14.977075390850430381 15.033177056927090831
-6.3161199624537909258 2.9702611791615023407 1.5009955551214957392 0.97038132070536109453 0.0044799789613854841541 -0.24153679267261443653 -0.23390871431049509166 0.26735706201232906087 -0.93477639826954683766 0.060388788658985108337 0.96358711654973605576 0.26048620505434233463
0.81669013977066595711 5.9241272675676706072 -7.0362527350776042923 -0.99375357602327352158 0.012031570828450046523 0.11094625475574877715 0.079537632499918256568 0.7737171693307317577 0.62851850163628630863 -0.078278957308027308226 0.63341691103595609835 -0.76984116651203382542
-1.6064038920324690274 5.043695271536220659 -3.679111239594888616 0.99048995685710117254 -0.0098096749907663517709 -0.13723489221663176529 -0.13093584091190685337 0.23912661507648036441 -0.96211967422289712548 0.042254596552517051378 0.97093884062730972939 0.23556807260650758362
4.4266149621027670591 2.7613150009398661489 -7.083959953182725755 -0.6942591425409934125 -0.0074025363815300804574 0.71968704688452211915 -0.11585698616475925693 -0.98575700021340117996 -0.12190281082505144417 0.71033893442147422181 -0.16801291315070418508 0.68351317416679246985
-5.79157016215300402 -1.0619612409011198739 -4.1861622867051320185 -0.99996837318302800313 -1.846382065322400845e-05 -0.0079531310061874034567 0.0057362413076578865762 0.69099464356245676733 -0.7228371172703519365 0.0055089172597393935155 -0.72285987731168410697 -0.69097268368839137587
-0.61103466854926491436 -5.2160903239227884853 -0.9146517040395020226 -0.96065937349646046695 0.00025563887038681544495 -0.2777291896113709968 0.2059405504328040426 -0.67027991066253667096 -0.71296096039657042009 -0.18633855693567671907 -0.74210833172187229412 0.64385803263464336244
-2.9986094929434594647 4.054530267085768358 -0.98698445178879856687 0.86446620611485902597 0.009198022859346762295 -0.50260677956114907516 -0.43615634989076590422 -0.48338015255218891308 -0.75901993818912183443 -0.24993162452017020358 0.87536222473571556613 -0.41385403051144059594
5.0852838338891066527 -4.3744715706207601968 3.6911396372433289415 -0.99467597360697446174 -0.0055106047737667751552 -0.10290452256434040601 0.088413323027010659594 -0.55863369469372226028 -0.82468871670722365685 -0.052941400061630700113 -0.82939618300772499637 0.55614672503895323796
-0.98391153985675705584 3.7229239772535733799 2.9652253366719762973 0.8841965137292779886 -0.0028404750074665983776 -0.46710647267064814292 0.33104573286118116338 0.70930470368959452898 0.62233074813824573734 0.32955310325264175475 -0.70489628245974067511 0.62810507330456477604
2.5247466198042243235 -7.1625082634646206614 -3.9382243522718001216 -0.98485331530958308832 -0.005114390410305789253 -0.17331413772233672521 0.17201399689688873229 0.096840182789981979483 -0.98032298956459340555 0.021797527273899820061 -0.99528680389526902328 -0.094493628339731197685
0.55023086767326756519 6.4308950274864367103 -5.9567685141575115182 -0.98040385567835908187 -0.0062980324047876793531 0.19689747220017916884 0.050058941177660333521 -0.97464594306606455731 0.21808115020127180617 0.19053184032902614753 0.22366407948695829488 0.95586191333689896066
5.1893676241884625355 -0.84102278993976598009 1.9086511183129464264 0.95981227959156523166 -0.0063619427633122890148 -0.28057069274869289588 0.2112484431748171132 -0.64178142113660796575 0.73721821921324937055 -0.18475519803627740711 -0.76686122158313207997 -0.61464573831632529632
-2.9886658597343647159 6.6804980873089894189 -1.0426133242908428578 -0.961834027422832194 0.00076907801463192964481 0.27363243998212632979 0.26783489726457015978 0.20742156235203454417 0.94087234164834265826 -0.056033663978731378108 0.97825135010921770995 -0.19971110262241734135
-0.56292403492843523516 -6.7836422722470057778 6.7906317222574585912 0.82538730888214251191 -0.0093001760003779028463 -0.56449029846647302833 0.46610618023153826961 0.57540535898932543279 0.67205185930585331633 0.31856054226210661628 -0.81781549237767159344 0.47926715028355965087
-1.9473780811436889326 -2.3336073459740473979 -6.5522342039940282277 0.94873907742497132212 -0.011353144384760333746 -0.3158564057913416101 -0.26816554448603729943 -0.5578282767628934824 -0.78543927479737329911 -0.16727642905493042558 0.82987873798303879447 -0.53227800680311287973
5.7680389750262568427 6.153747663768309728 6.8723460685335995279 0.99922158696402596512 0.0012729281421117216895 0.039428413600701872621 0.021761317614223757433 0.81586701711054199215 -0.57782995374656320742 -0.032903878203325492846 0.57823817760931861542 0.81520423499517136179
-3.9441335567618276414 -0.8470130745793204019 6.9210962299703426837 -0.96091670438070797555 -0.002517831376387035143 0.27682620498653953689 -0.079329644537323801279 -0.95551933806645794611 -0.28405915242893331474 0.26522800519491718241 -0.29491770904141867415 0.9179747546387956314
0.079425752949102521039 0.057179035040432327208 3.1460418149755993156 -0.99930543351862632928 0.0070078750805537323026 0.036599729876381034699 0.02084516598083586969 0.91924314007453467035 0.3931380527006874126 -0.030888988254726988669 0.39362791963078824775 -0.91875074492043951047
6.3921395732483698993 -5.3331394839468355684 3.9234353126280270274 0.97087125189627287991 -0.01242922038402095343 0.23927918154715380195 0.083250221632567206198 0.95393400788874338492 -0.28823481606409739886 -0.22467401460642527633 0.29975894160813770783 0.92718183981712232189
6.3968249620418120571 2.0034460302054521996 7.4765245015112569149 0.70474729560963733643 -0.0060756277670903332047 0.70943240416406450066 0.49889809906773763259 -0.70671228153227449997 -0.50165569654683428436 0.50441246621922963822 0.70747497332330278041 -0.49502245004048861521
5.5635458974246603248 -6.0631490668468979166 -5.8250342901672960139 -0.99424655913834858456 0.0029506547245485596417 0.10707508243427055206 0.031381911745511983924 0.96378208937654852306 0.26483817665152903365 -0.10241560065148308523 0.26667466665133726655 -0.95832962330793769468
-2.6350775809043245346 -5.7962216795296868099 0.94073099610494848033 -0.72361175285780787725 0.0040882288672456704171 0.69019513002516541533 0.26154066261710212649 0.92703297674036388987 0.26871237752240839658 -0.6387350882201832114 0.37495752615555277831 -0.67188119534301027347
6.1824175371363336851 -0.44603646418520659367 -6.139122578714300893 -0.99683622400773463923 0.012253379041134835128 0.078532777921994922909 -0.079444317087484270234 -0.18441117289184852379 -0.97963315572470277548 0.002478505308719482908 -0.98277279877637724326 0.18480119858028798419
5.7198796809933787344 5.8680755704740272805 2.6019435585231605046 -0.96523567414447353219 -0.0024194992016233441909 0.26136992822933940994 -0.22955330332802936777 -0.47036728101297331506 -0.85209148680389434904 0.12500149715181249621 -0.88246743111354886135 0.45345987554988953505
-5.2240869989832736664 -5.6397220858558085865 -3.9498655391081527455 0.9172960831302763296 0.007239736444258786964 -0.39814002824384842061 0.2003603793556552326 0.85566041977968199106 0.47718022214553595939 0.34412732274302648694 -0.51748703581706356758 0.78344339521312922336
-0.97298110308066176888 4.8188263162021174324 3.1808620029029452958 -0.9981197079628864044 0.0076521996474050819545 -0.060815231780691640651 -0.050045220143197802209 -0.67461177808706962455 0.73647432053462735801 -0.035391023110439616406 0.73813304539673163518 0.67372626694854875762
5.3928993907945015351 -6.854736291090286926 2.081038817333743296 0.95551381703541393708 -0.0016943331429729677901 -0.2949414767200304599 -0.17356638511635899547 -0.81173750950004430749 -0.55763511871864590574 -0.23847024009760622865 0.58401998673496957615 -0.77592048541191127597
5.0853862338963500278 -2.7119190049169517032 -2.825513930657366668 -0.84529111220637809243 0.0068562211225739883025 0.53426204044152081352 -0.37652877884638996653 0.70179701721646214896 -0.6047371539160436571 -0.37908971804216889945 -0.71234397509773783597 -0.59064121665931457184
-6.1653390380306873908 3.4919778564235719465 3.2867931302947246408 0.86190241747378493198 -0.010790103054610637734 -0.50695936368619543 -0.14829443077858917022 -0.96142764685996284779 -0.2316584590584696568 -0.48490512943569236137 0.27484623615650155548 -0.83025692524520966487
3.661900512236493821 -6.2225757453873393743 -4.2109136025834033035 0.87867623164953645443 -0.0012452297786692302639 0.47741651556773895271 0.47737968370748978808 0.014983811011193380949 -0.87856936151380393696 -0.0060594981112513223581 0.99988696101630325508 0.01376036599295035745
-1.7032892276537798804 -6.5873706013908277512 6.2495219413229827765 0.58866378797336971207 -0.013121389605413322568 -0.80827147287503720019 -0.29194705551990451919 0.92893341675467955287 -0.22770512512843524289 0.75381818862512295354 0.3700142380656168406 0.5429987128221672732
0.5563676516895794677 -7.1340042154341514191 -3.6106730210531634562 0.81424775847469643697 0.010306873808900144165 0.58042601265919424591 -0.26701986056026483229 -0.88114557864195863779 0.39023436971409669605 0.51546191118795725572 -0.47273273378523533728 -0.71471867229174013136
0.21497944483728229081 -6.8746392362306432133 4.4307457213317400502 -0.59570892302180156186 0.0084923642775850682884 -0.80315550099667998296 0.33464533601841284227 -0.9063965781458835913 -0.25779399179674800102 -0.73016667830934722794 -0.42234242372084795925 0.53710659930076798396
0.48936878226117830337 -2.2254693937756413469 -4.0256599737845126796 0.93597266566916803576 -0.0015822383669130829498 0.35206912054605277174 -0.34633326399093566916 0.17568761225783074975 0.921513501340347152 -0.063312237155860387472 -0.98444469596871053696 0.16389082099198251652
-1.5517605557599809529 6.0947919556298622012 -4.180008619121469593 0.9972294885148473842 -0.0019087180041800386968 0.074361979747969750298 0.069926204179098380709 0.36500804541936321401 -0.92837462952638938329 -0.025370715511293020356 0.93100240793176980425 0.36413025584226027531
-7.2537493626475928465 6.6285680171239338421 -1.1546233070604381421 -0.99997950771304400241 0.0025744930513556083147 0.0058614110318729612664 0.0051445236361985190177 0.86808501549150762777 0.49638889971027011505 -0.0038102533133203666041 0.49640888173413016959 -0.8680804709846773326
-2.1374245764710768647 -7.1699988659024560533 4.9708701450702470481 0.43333715224552776801 0.0077199167295920762683 -0.90119882122061856222 -0.74053779209242986958 0.57295656358503477268 -0.35117595978022853043 0.51363673054656933115 0.81954937565128438415 0.25400025571441142702
5.156126258210806057 6.9435024464658079424 -7.3618143725514011422 0.98188462987344415911 -0.0073359071697209309038 0.18933768268416248381 0.08758302861973385478 -0.86852426649505809486 -0.48784711909271744057 0.16802317315182349611 0.4955923556465651747 -0.85214812697600705871
-5.1563932251595119283 5.0306847097195301899 -4.5785603700789812009 -0.85453517661777778081 -0.0077246403050183296696 -0.51933607794467784302 0.21221140677303862443 0.90743104336678603872 -0.36267784653853368804 0.47406323497837338232 -0.42013001733578447805 -0.77379249012581097222
-2.0879709156419559157 3.3047191926236014758 2.4583392518578794927 -0.84177010418096009925 0.0014049167512424501694 0.53983434303147548317 0.49397625256291344265 0.40534716361886280467 0.76920812453451481439 -0.21773964639258355791 0.91416174890176193912 -0.34190311966082265194
5.4736313840431556343 -2.9952765105569070236 3.6856532021078245442 0.96342301473190683492 0.011645481519420752131 -0.26773210013959086728 -0.12919155492065603763 -0.85511400939799753207 -0.50208522490542173422 -0.23478849380268251856 0.51830918734992148522 -0.82233201900837749054
1.2759564207120739354 -7.0431973157513150241 -1.1137352617196545346 0.7601050604129546695 -0.00075112299437391210483 0.64979976373402947853 -0.47376303888793774854 -0.68505762734333830455 0.55339373885362030947 0.44473461762971389089 -0.72848849203885757131 -0.52107162353062941307
5.5629566953830860143 -6.4221152447720557532 -1.7887422151211203047 -0.99613342945883631696 -4.7808179222482219406e-05 0.087853220936988080103 -0.069296494356781687673 0.6151086454631486955 -0.7853912083454028803 -0.054001727606420149574 -0.78844235806487739104 -0.61273359743425159785
-5.449702129541746487 4.0936447567094988997 -4.2255403844891494813 -0.92249128164829696797 0.0032140031479026259092 -0.38600454073333206884 -0.27198292895179648765 0.70418201850784412077 0.6558604814814332773 0.27392539429884016355 0.71001222172155997736 -0.64872761877707374456
-5.193673374712745705 -4.3247998944506385044 0.29317739237038137334 0.99049002045132417127 0.00027262767755913000847 0.13758431982083055289 -0.098029827951676667963 0.70306319529722727246 0.70433819735277591878 -0.096538449429071748753 -0.71112732270154066505 0.69640380433281012795
2.7222287673038443323 -1.3942592344079396405 4.886496146061610979 -0.96629528730169877981 0.0074270184927666864708 0.25732908334459553279 0.21508544807793769649 0.57256808562193217682 0.79114097185797882528 -0.14146260199714905115 0.81982353389227269336 -0.55486728639614912861
5.2066247652830108805 -3.2616117193733771273 1.5673746284997287503 -0.99489717504827235306 0.00074933759433376513018 0.10089127600612979307 -0.061007455092917044215 0.79198736921545809242 -0.60748176715540080917 -0.080359825186871985947 -0.61053701402642746032 -0.78790028112671228744
-6.5676042037106778793 2.2498356217900106202 -1.1894633765748490184 -0.82374173379314974408 0.014979360754293256919 -0.56676730212571424516 0.5661828940080458894 -0.030762790059890965377 -0.82370539714170076806 -0.029773923827104305934 -0.99941446332295913457 0.016859536198031162268
-3.7286074583166310958 -0.19471912791720333291 3.0205721144845214532 0.98356409040095160723 0.0011499737363029564202 0.18055569122587733499 -0.17803817996013684977 -0.16034695572704607547 0.97087139223771301566 0.030068032029628721097 -0.98706004444988859614 -0.15750676842717925563
6.1579769085880347035 1.4462741399791045893 4.0873588686226760558 -0.97038963423515467444 0.0047279784703438947763 0.24149866249850449051 0.17266251659569697985 0.71274637223248993312 0.67983841038318704175 -0.16891303422722744876 0.70140591321212497622 -0.69245803611419709522
-1.4287139943461109048 -0.95629266364810572298 -4.7846976395037144059 -0.87758759477924619397 0.0034439138125423062776 0.47940395591503348616 0.32399965826216320375 -0.73278618778716420046 0.59837164407612619677 0.35336133763521548889 0.68045024979496981921 0.64196824112929962158
6.3209378817316599353 -6.4315953390859847971 -3.4250134993471825773 -0.97989865110169860341 0.014891247813620427792 0.1989393985810608001 0.15195768778879570338 0.7018270521997405087 0.69595089620073247172 -0.12925747441108959013 0.71219171543853843076 -0.68998222134314135534
-2.0722151663186911819 -1.5024925910379698379 -5.6731121340080621351 -0.85879955698360399552 -0.0046803572835523157489 0.51229036217800594244 0.40404562039904262649 -0.62097703629367417832 0.67166558422504663017 0.3149769159178755773 0.78381478338422583274 0.53518588152831980675
-0.17434705655155902093 -2.3421547996009435266 3.0460447707575362131 -0.6461489843816933254 0.0069111698144560390622 0.76318000872280533642 0.59719208218069719241 -0.61808089066400595524 0.51121192237358359378 0.47524005193503143785 0.78608412293329643639 0.39524504387660430726
-3.6337064890236505654 -0.66450505242758406421 -2.4395456314303523015 -0.68307101714213480648 0.0043465168831642933545 0.73033902629625313541 0.3195676754229030414 -0.89739799700348144018 0.30422579739238042595 0.65672710189638483502 0.44120056976983218489 0.61159755629787704301
1.3604424182871255322 -4.5178105535685801897 4.7183095979632083683 -0.98827589824945416552 -0.003404555093104921857 0.15264061695283975828 -0.0017907925141739096473 -0.99942409764026907126 -0.03388607557781700419 0.15266807787254188522 -0.033762139454053097243 0.98770065097591186465
-4.5620947090758141584 6.2455886694414806115 4.1855562074891254909 0.75135678730572263984 0.0061722799747436392359 -0.65986732085281518678 -0.46431825459130893208 -0.70559733289389880984 -0.53529521038972616154 -0.46890461356529483661 0.70858613221884059197 -0.5272894429100031255
-5.4058142264468740379 -7.2795578067275519274 -4.1906199067993696872 -0.98318944584886969196 -0.0010058950675355428361 -0.18258560114809918584 0.15998486747742615699 0.47718509692034616343 -0.86411759932051757094 0.087996339411029189659 -0.87880223682704539101 -0.46900242301930405997
5.3744409701829853887 3.166653216860977782 2.8123970073498503197 0.93808013614352803167 -0.0051308919513686612052 -0.34638032871497170806 -0.28961790556820327103 -0.56023166875046581659 -0.77605537566810733896 -0.19007137329748263754 0.82832007779425054217 -0.52702819827404834285
-6.9256163798298748802 -0.28564436936954168411 1.2279524320337897869 0.95499950907239949949 -0.015097084963565361379 -0.29622291555005098029 -0.26690943955422041789 -0.47932519468485407232 -0.83606621078538723157 -0.12936494404672269076 0.87750751322471165494 -0.461784880096652528
-2.5090082401433044801 3.1727760870684518224 -6.6105739413540209881 0.97756625598987068049 0.0027316000341732031564 0.21061043067978602039 0.17246317647936398876 -0.58440553749848100917 -0.79292283388715223413 0.12091595390405818211 0.81145714988671791001 -0.57176623369097889782
-7.3049283115036152125 1.7036987998026913438 -4.7659404218922594154 -0.8680807180950578239 -0.0058071214008152197139 -0.49638910565455135471 -0.16141222590074763565 -0.94229574539414062695 0.29329988329664380409 -0.46944857034746423352 0.33473124376592044982 0.81705142692836307816
-4.0417074573727811426 -0.68207964149040034574 1.0817705582593870606 0.99662920103339436295 0.011374050107764654971 -0.081245717620768612144 0.032494432334887676794 -0.96407418215658235994 0.26363816712778953555 -0.075328265045730813387 -0.26538952934015702656 -0.96119407520118005372
-4.2995144150612087941 0.8443082421370949886 -5.7240616134947339688 -0.805086775227499718 -0.0040305262545920275685 0.59314335468924272998 0.56286620855256552787 -0.32066206997115587196 0.76181196377550453036 0.18712807278327883709 0.94718508842769966183 0.26042943888224728832
0.93354153922225435736 6.3931313539742520291 5.5703635568433309544 -0.99821448902143838922 0.0074387736164081017312 -0.0592663357629344828 -0.057010714766563858058 -0.41469371759126882893 0.90817338597436458869 -0.017821680882744755231 0.90993064858671435235 0.41437736720657286638
-6.6950309773014833326 1.002146988736682065 -2.0090559133179985984 0.97078218551808070913 0.00013129799088498587956 -0.2399623533841432621 -0.23698606641044950294 -0.15648729071664857493 -0.95882706061716260759 -0.037676950621722063439 0.98767996365481858234 -0.15188395829324316533
-4.0570781863427267666 -4.4183002561927677831 3.8635860795544143542 0.68808240492194105986 -0.0034541937968512047459 -0.72562433295894868124 0.64025149041594586752 -0.4677252314251736931 0.60935304783705790399 -0.34149763257888704482 -0.88386717126126979061 -0.31962194935507004523
0.42311158097253170896 2.0210296899062667464 -1.5887331836199041213 -0.89908054022590722099 -0.008681330408642287666 -0.43769717464195245782 -0.011865962765301513865 0.99991928333767288173 0.0045415566922524450155 0.43762241843262272845 0.0092769236211260371755 -0.89911098178881188048
4.2624705006045253697 7.3399874701917875441 -6.2373248290048026732 0.99992071792882575298 0.010600684770140703789 0.0067958324821974901847 -0.0069093871736401208522 0.010712427801008117534 0.99991874882887366027 0.010527023587315279679 -0.99988642823712325924 0.010784822733012604939
3.4907579133305270958 -5.4827414922222859062 -6.8913589756136008901 0.92199970321378621474 0.010666326862646008725 -0.38704363674506009341 0.10648358780211218677 -0.96805997744407645822 0.22698265484344604115 -0.37226038306859099425 -0.25049173547694142394 -0.89368680064957362053
-4.2476396979485615546 0.22402107517526859137 -6.8248383997525063904 -0.62179615139376154254 -0.0019224676952220628307 0.7831767681882301213 0.67503774244737824173 -0.50835835539440665798 0.53469227483880876761 0.3971065252339788243 0.8611434762097397444 0.31739300716600332697
6.5393213062781878619 -5.0479225439972568168 -3.9991493079326545512 0.99599133385525728812 -0.0014823781246194496497 -0.089437494599963918152 0.088907963137128800946 -0.093477795289975074144 0.99164372426722680043 -0.009830410775686512781 -0.99562026111512624826 -0.092971278797064571542
0.74396968846706179601 -6.3722317864958055722 -4.8218068850002548942 0.97690928659756914865 -0.0097229847197887499244 0.21343314955145828438 0.20863883632705720883 -0.171770074770411868 -0.96279015231223274984 0.046022621996228064989 0.98508908479463808128 -0.16577518898524865043
-5.2199739722033937639 -5.4811100451262166899 -2.2712765575493092385 0.93372990952981005375 -0.012157025249572494738 0.35777180267107816514 0.22616081893176284701 -0.75467348279011658985 -0.61588896592940411967 0.27748827007558485302 0.65598791232037123589 -0.70191176002394184419
3.3824548252380548519 -5.0443146822907056759 5.8797119904429333559 0.93687156754841227624 0.0071673185996175402951 -0.34960019374072998088 -0.16048641358103227228 -0.87945647581181796149 -0.44810759668710592463 -0.31066988424269698088 0.47592534781920381448 -0.82278750982738213526
-5.9653562210332475857 2.0710730585165944007 -6.3291473263151161177 -0.82502334420385692315 -0.0016261557283695224699 -0.56509630784162434569 0.17625028512865181796 -0.95085378879176507549 -0.2545837962873405691 -0.53690997244476179606 -0.30963596037536028627 0.78476318308877801577
1.4065701812519111336 -0.99028764316190465156 -7.2166353218475043363 0.99685992850529525633 -0.0097948937116403705927 -0.078576987710356802075 -0.076212751543680568034 -0.38800741359266177621 -0.91849978960227285363 -0.021491845956022624653 0.92160420303637424766 -0.38753553837430804174
0.59735955979922417125 -4.9775082257041516343 6.1670656292371166529 0.95085866371690686005 0.0037476556939410442942 -0.3096025786575485883 -0.10250590892942956778 0.94734926469470259747 -0.30335113205143654502 0.29216491964155594241 0.32018014579172360268 0.90117941275406843182
-7.3281058767318727476 -1.9299804564042732924 5.4347352452435320203 0.69589614287079737398 -0.0066730540622492017649 -0.7181114319429354742 -0.2921703266510499164 -0.91608999172246685649 -0.27461905849842871419 -0.65602214792043334057 0.40091719521045549035 -0.6394531601473056881
-7.3134042690855389779 1.9690001656975275601 -0.23067884052177262122 -0.90790761616421611357 -0.0060635016298842348351 -0.41912646594904889863 -0.26021925501328502239 0.79204324352963417777 0.55222589553494449977 0.32861786292178279956 0.61043487312490163355 -0.72067993300887989161
-5.7208770134024682363 -3.5403937743633249191 1.0724294374051934753 -0.99989135474197654574 -0.0110988312338948375 -0.0097002400693153873618 -0.011829421586556934654 0.99681830651516500907 0.078824669876743164165 0.008794515170642502877 0.078930854179341244925 -0.99684129968686052692
0.30001835327867576453 -0.38567991431431364324 -3.9735380384534098042 0.68240562384235137205 -0.002006535940127774937 -0.73097095589487570688 -0.64641101953470214703 -0.4685455041293145606 -0.60217763524084810811 -0.34128486396612717213 0.88343708569070866776 -0.32103513398668981349
3.4236450779630023256 5.7583215413698214391 5.9747114504259348777 -0.97689667280640946068 0.0099494082317539700444 -0.21348044391893927774 0.021167111144413244123 0.99850853618445278848 -0.050325506183602146393 0.21266133655599153696 -0.053681583831641302429 -0.9756502669971427455
3.3440735010495585833 0.63615104401058719663 1.2130716917924575515 -0.87889798037557975707 -0.005616908069367392356 0.47697671896586790741 0.32196947556906618804 0.73080436792203562479 0.60188091233051332907 -0.35195737937063342748 0.68256386233803689745 -0.64049401007096162797
1.2801189527738523477 4.3241570395233006607 0.16825195441804924323 -0.77250689905835845384 -0.0040558920810933474926 0.63499341779780371642 -0.3503027032122095763 0.83677911489229628295 -0.4208191167261203236 -0.52964243318421933004 -0.54752558170319354236 -0.64783842920227929785
0.81825414525898521045 4.6771977840930842873 2.3962867283094229087 0.9640378539233609434 -0.012021505861831800407 0.26549293700507553551 -0.25244093205460360618 0.27091853970459506273 0.92891157849806460511 -0.083093874781400178797 -0.96252720909141065153 0.25814100746041795942
-1.2069380151890320985 -3.8206085824526172523 3.2850870307828738959 0.93343705131355247939 0.0080450359635921460388 0.35865101231078377886 -0.052993931726303025731 -0.98568794652044677829 0.16003410662909514639 0.35480545998526563656 -0.16838809186138944951 -0.9196513122286500419
0.45174339858308382167 5.8218964704426685586 3.4003661547340802151 -0.92205774247316008019 -0.0044637958592593368623 0.38702660641325725699 -0.34929544938068662896 -0.4211690764829435496 -0.83702407256690847248 0.16673994298660840818 -0.90697115915618964355 0.3867830242808135699
5.2089058871976963161 -3.7080191309734114036 5.4808400645987767064 0.81937635661308305668 0.0024532550899012566838 -0.57325070236585684569 0.46706344650847730904 0.57694239616007003679 0.67006657016197790355 0.33237647804730841017 -0.8167811537079707751 0.47158713276382163704
1.3259698049736188263 -5.5077754843461299572 -1.8705486374086117696 0.9367073266675493004 0.004288162895768268465 -0.35008712605063718737 0.31248079815069129683 0.44074800934243368866 0.8414849630549463555 0.15790862849911463384 -0.89762063474482978176 0.41151192100094907689
2.1291326010360411836 -4.0016142282335591673 -6.3992276155036345031 0.98166940277033176709 0.0092169554757524901206 0.19036867230812709595 -0.084340455523022939133 -0.87470203746981167736 0.47726620790546991913 0.17091480692671101593 -0.48457341381672369707 -0.85789086450155227492
-3.2398738821943644517 6.2687696028478665511 -3.6100221011853728115 0.93636265287629016907 0.00060126496076238610672 0.35103364622043242704 -0.18985408936249770218 -0.84025541823168126143 0.50786440797204224218 0.29526328429168519074 -0.54219043758892826457 -0.78666963989750182673
2.7480987360399229402 -4.2956713506625119336 5.3758823876609680426 0.98025997722797519884 0.0034082202581512022373 -0.1976834871189215026 0.18847915248087532269 0.28587969750005592928 0.93954691614495156049 0.059715878331399484258 -0.95825945473655094187 0.27959404729563541725
4.1966625625645530562 6.3921615230639483585 -1.6500175703104298375 -0.99824454343195989647 0.0041823493526358685585 -0.059079094966134573785 -0.035861759128260339846 0.75117806238950790565 0.65912476270956077418 0.047135610109052678007 0.6600863780888859278 -0.74970941552105119232
-2.4334703867525924181 2.487215084337333515 1.8202603436451030294 -0.99817355537509755425 0.011448873871823838852 0.059316748367998745062 0.050827554119062763605 0.68984593384681758277 0.72216974964150182359 -0.032651387293031089443 0.72386567182185745928 -0.68916788670529005589
1.9247068922512458045 7.1706793305340932321 -2.1759148525637130867 0.13461472543418048775 0.0021978242867415165133 -0.99089557737672584459 -0.54611872106937009441 -0.8342493856766581839 -0.076041468922214708326 -0.82682115248332743729 0.55138292689079870801 -0.111101979007836138
5.5222734057946523123 5.0273119427522496849 -2.4459239373251953076 -0.9638445305076422942 0.0038086551794971673299 -0.26643801372219994006 0.18612120936900414248 -0.70593175277987019189 -0.68338807118650257699 -0.19068984355104026673 -0.70826961996318482662 0.67969958732053092909
4.3893834780112035432 -5.9681871876942791388 0.31017410918110849272 -0.91287502802009301561 -0.0012144902478739905746 0.40823731851801636772 -0.29534418142379881278 -0.68839978085912867378 -0.66247834395715832212 0.28183505409445469558 -0.72533045346688096444 0.62806427661276931218
-5.0089868452900336848 -5.0528258596541073544 -6.0898769651639517164 0.95163015409965501235 0.0052947475910868277427 -0.30720028557313544537 -0.2287860607483829245 -0.65516120970617064412 -0.7200143940946327481 -0.20507800519686941731 0.7554705520033099253 -0.62225979850881341093
5.9909167790394732833 -4.2109263379947190487 -7.1882000039474185371 -0.40005198234326444506 -0.0030372354967295117981 -0.91648741760247043331 0.13963570407543973717 -0.98852181033687325229 -0.057675823665915490479 -0.90579262614051048175 -0.15104769342400120591 0.39588421633185610915
6.6879482729282511144 3.0069511608773509259 -6.9966432935670752613 0.74054328595645146915 0.0047982582286997966375 0.67199153145159451483 -0.22655459271410316457 0.94321655272894600053 0.24293116551459903452 -0.63266788929488781967 -0.33214381128680819932 0.69957975276525052877
-6.69543481189567391 -6.0750499431166673503 3.705169640463713332 0.73100555313864989948 -0.0069495990329158287974 0.68233612270905719122 -0.43877905134061795378 0.76102179102949563116 0.47782714205339804625 -0.52259336523247967854 -0.64868909089913018295 0.55326181683121922195
-6.5945898163198002351 -1.9708932336134288299 -1.9203598560816950158 -0.99781456735758888854 0.0052799488082848917286 0.06586509932861671357 0.047297625883433010163 -0.63899771904386148957 0.76775311763780118568 0.046141345394130811597 0.76919050774003350224 0.63735150352682512498
3.4698985773735007143 2.2410263047910419232 7.1790167728774454403 -0.35329494040254671994 -0.0032022911751582640999 0.93550651008807372833 0.74168627915413010143 0.60850232189845654407 0.28218147982934027596 -0.57016151080239541038 0.79354563169068681461 -0.21260569612347507418
3.4745608484764090029 -4.0518524207051731523 3.0819402816610330653 0.65039217653872005709 0.007673903099844394185 -0.75955982510161179633 0.44358675016258330981 -0.81556714955197717742 0.3715925452048363109 -0.61662047628792204801 -0.5786115586323117288 -0.53384253524772562471
5.4410195913328047723 -2.623155777487036211 4.7580862656203279926 0.9706469209516187524 -0.0012260100395493542767 0.24050582476621742978 0.23622806520631214888 0.19269174521097531816 -0.95240022707709137695 -0.045175834867547282059 0.98125857358141244102 0.18732526716150019186
-2.200547488930836959 7.0039144578783352202 6.7407403668527612339 -0.64762894416649652296 -0.0024100264384541336855 -0.76195206046730323823 -0.35039548156241123733 -0.88704332907957084142 0.30062790761357327529 -0.67660901352148028476 0.46167989354963023807 0.5736304722673233325
6.8228800364528305877 -4.1191041848582639062 -1.8663488405343453547 0.85481261878967618184 -0.00040368215280290340244 -0.51893662792145034413 -0.44268589169809496875 -0.52237464621562079703 -0.72880308059343590354 -0.27078513262221742819 0.85271599377032902822 -0.44671114371464565318
-2.4552849106542602442 -4.8896531033602173011 1.5798174318999838039 0.97846228668850654397 0.0017502590056246887518 -0.20641824076763570783 -0.076846393831417100784 -0.92500204341172209688 -0.37210999911209863278 -0.19158858338455542203 0.37995809805483671262 -0.90494511349540418532
4.6880945747735438545 -1.2408310564530953268 -4.3177563535305418796 -0.91687836572669467738 -0.00031847860390302185074 0.3991665830625149014 -0.0053014400129234012099 -0.99990176604111635772 -0.012975091586593993226 0.3991315036378612624 -0.014012738464271631833 0.9167866087397064101
-6.1711091819015981841 -2.3563672007764848715 -6.011370585636647057 -0.95232736473540013922 -0.0086251161914389102431 0.30495605871459013914 -0.056532248305277581213 -0.97729925351851876236 -0.20418196289980017344 0.29979442169197956236 -0.21168792228835217606 0.93022122545107543967
-6.3411826676042704065 -7.2810181348960840708 5.5926161523401800579 0.97886756651201367596 0.0010002095339556697773 0.20449275491271545757 0.15481320858871669421 -0.65697304040786352886 -0.73784774487941895416 0.13360822458732471429 0.75391340600769851665 -0.64324444697527205506
0.56399848557121978754 -5.7066649237577964371 7.1144758017184202004 -0.93432218959367641098 0.0028653183967401454554 0.35641806349184368408 -0.10929106946820713042 0.94949580764173879821 -0.29413121800511993209 -0.33926023664335375196 -0.3137666349711660807 -0.88682184829395105385
6.8773976705423853772 4.8485404009027579519 7.2472344290638259778 0.48243295698229399227 0.0012321196749558492936 -0.87593203155178067654 0.31708370536962804387 -0.93242460039285335327 0.17332711378053591855 -0.81652701474387967551 -0.36136248624279931896 -0.45022304220257336471
6.0760050951575514944 -5.1920061549025353642 -2.9319584191201348844 0.98993368439406737025 0.007216180354222665079 -0.14134789437182104788 -0.042296454045582208836 -0.93797601389756057877 -0.34411045803344014749 -0.13506409766261678884 0.34662504827828233278 -0.92822883247005505414
-3.1681825847705331611 -5.1996759715702509652 6.3171508183157278893 0.9108125764296861604 0.0099578878525893865792 -0.41270000131684647648 0.4128063216525185708 -0.013796155282614869925 0.9107143388039201648 0.0033751179482112486294 -0.99985524280719950685 -0.016676390793661795275
-2.833138502658505864 4.8239714900024814881 -7.3696476724428849892 0.1058841481273868762 0.0097374922679113809498 -0.99433079426301163029 0.17674240262002888224 0.98384571683543231568 0.028455730188741628489 0.9785451805059214303 -0.17875342432756094468 0.10245263783692235005
-0.94646505954592718979 -4.2345099462955193559 -6.2401846030778127528 0.99127409501774321754 0.0018239234829827682266 -0.13180417994031942697 -0.055707535887072300029 0.91201991763160850102 -0.40634509999343843001 0.11946689496259936536 0.4101418573449984728 0.90416332477139826906
6.9025613250303852197 -0.71522901821969087077 2.5933855563975627412 -0.99923774268794862685 -0.0053289912395318144583 0.038672153292313153627 -0.0075610477277565767834 -0.94545976192601755006 -0.32565114637606373815 0.038298356951154410854 -0.32569531840529114541 0.94469878555203745663
4.1561165489593188127 -0.35479383669450709204 -1.9835078537801555942 0.84821808502006268426 0.0037992767841018917907 -0.52963350133921893725 -0.44274656019904190529 -0.54373970903729773596 -0.71296746927748444467 -0.29069152666851744149 0.83924531235630117632 -0.45952773802155622018
0.079656585667448348564 3.1797578283346705774 -0.14038643946210296876 -0.84871921880566081331 -0.016358702810478024242 -0.52859065492352619309 0.51879202407114211049 -0.21970438486023638469 -0.82618691531231858161 -0.10261833846933149372 -0.97542932912407820378 0.19495409842902991504
-1.8187479504025056976 4.939634150839993687 -5.6948238757142313204 -0.99993051177105052307 0.00052707154925747332075 0.011776834236537208137 0.004400520623333624079 0.94347734623874723869 0.33140780400058339472 -0.010936500687846727534 0.33143659926121338266 -0.94341410505828238175
1.8655481354124188176 -3.3821486965283114046 7.3537705603735545878 -0.89102482859008902416 -0.0030852747054544143318 -0.4539440889756973796 0.26739036068901866905 -0.81166353245600042499 -0.51933101687807192715 -0.36684758394545596838 -0.58411710397910832082 0.72403733259580971282
1.7952001593379798283 2.4058422424913064042 6.6866851130892746014 0.9833248027564208682 -0.0031151190223006278851 -0.18183131830769846959 -0.17623965893613019462 -0.26293224978437307326 -0.94858115870049108942 -0.044854374392253974768 0.96480927030008456491 -0.25909681017148322724
-4.942817571991048986 3.704272848279397401 1.7603617125901862561 0.93722702985797412545 0.014697871315978961251 -0.34840991243408953038 0.1454191562776133706 -0.92456767118139948636 0.35217593670440017206 -0.31695230475742974807 -0.38073428264988179448 -0.86866716440990188186
6.6537583918321150378 4.0025643693860155636 -1.7262429129962473251 -0.98156818297168380028 0.0044615510903106064475 0.19106019140478008866 -0.12039401115994834146 -0.79084758498914686786 -0.60005448035458086586 0.14842231723895235596 -0.61199688878180147356 0.77680797103714438467
-0.14589960171276458722 5.5684125049920893957 -5.1537197848794180643 0.98725006246132496202 0.0019559332041437678396 -0.1591649725768658763 -0.14480443511486823516 -0.40418344122908800298 -0.90314307914486879891 -0.066098333875823658823 0.91467585524141514774 -0.39874689979657024219
-2.6290329437295336668 6.0293764476052853496 -7.0159368219892073171 0.9993929819528755143 0.0063107966556731802735 0.034261369921864529009 0.031130787272235817265 -0.60322468513629368125 -0.79696352069958453779 0.015637829362339126377 0.79754633287840737133 -0.60305497693427656536
-3.8138996354909870945 -6.3227142278455339408 7.1786588355405713813 0.8070535687529669655 0.0025043217372225159978 -0.5904729168521140048 0.48810159751024173591 -0.56558363154669499817 0.66473452312512015805 -0.33229710752739061164 -0.82468714316342117687 -0.45767865170857152668
2.377478717678305653 -5.0555319185091986967 -2.9354510961813669034 0.99949987479221835684 -0.0054815921284259196133 0.031144059434756659471 -0.014803671036639466652 0.78917361538426078482 0.61399173944382368084 -0.027943722267748154209 -0.61414571310815058158 0.78869778207913210366
-7.1042746102294822563 0.8840367747311566049 0.73546003054797814968 0.84030260895777952879 0.00052163551953659202665 -0.54211737960978301221 -0.53826705352858550402 0.11977854357079278924 -0.83421920355844925155 0.064498871806405955187 0.99280049778209777944 0.10093100187387542277
-1.6044503223086987731 -2.9694638053611641659 -4.5019540154423580702 0.99474038722161162163 -0.0027585420881936521462 0.10239117381744818058 0.011128471747115328827 -0.9908092716986662829 -0.13480780479076942546 0.10182199736180977401 0.13523822522311709782 -0.98556730023464100832
3.8124305408656962157 -4.547374093785426119 -2.3727868313126050381 0.75188457117340501412 0.012211281015613452416 -0.65918167165608709812 -0.25817783423526297071 -0.91452554275995434629 -0.31142774049427335292 -0.606641407703861546 0.4043438094687576978 -0.68446496345927820837
-1.3550727305456848892 1.8085297426678479393 0.82065724153051533563 0.98703285108690230754 -0.0052609625447540761534 -0.1604321449973971081 0.072274995044733253424 0.90698366297297716709 0.41491801622906288038 0.14332646638582555165 -0.42113294501056830477 0.89560290679525877966
7.2760613832186322725 -6.0713397351598255014 -2.6033234852276829763 0.99976580233317857704 -0.018467303981186102002 0.011282693333381124678 -0.021387263184439730956 -0.76350250868744373722 0.64545062104038108952 -0.0033053681588024407499 -0.6455407639426593569 -0.76371866327180626399
1.8035839450436055298 -3.2142725367918720814 5.4721632300350835365 0.82865390929712667845 0.0042713862633093017257 -0.55974499003205557823 0.43286227844592484182 0.62913455431103826321 0.64561595431852136784 0.3549125899502189041 -0.77728467618448771059 0.5194858859136356477
-7.2982269055468131924 -2.4249699610305723851 3.1208738475637334275 0.99482658277689373083 -0.0084804113745341712371 -0.10123316069092330727 -0.055297680913110193457 -0.88114567555407918853 -0.46960032467843926263 -0.085218757830576807866 0.47276884528845275479 -0.87705608842223359289
-1.5340341998772235588 -0.82521661554338343603 -6.8682044013084375678 0.8979437825781942939 -0.00049065029202042349452 -0.44010989831109326165 -0.36569622265130957706 -0.55722377226812180862 -0.74549845094267763734 -0.24487391871676555954 0.83036222630940348388 -0.50053505077131599244
7.1541727085911297479 5.1309097958846274778 5.4686383762046020252 -0.83081180525451236996 -0.00053509865926620295458 0.55655319415050097387 -0.55361153473599045149 -0.10188922169976319387 -0.82651851467990811173 0.057149040735603735819 -0.99479560723336668548 0.084354531426386672455
7.3477277919932140193 4.8022002850592855339 -4.8290092838725291458 0.89174426105030324408 -0.0028148902562298520197 0.45253093736975091854 -0.10707797945855976329 0.97027206447649116949 0.21704015115089625443 -0.43968907104788673701 -0.24200040762237981506 0.86493313239331925946
2.3894323901085838813 -4.4530836361055872175 -3.7958315472017631897 0.99793254668386754958 -0.0035616197317644210027 -0.06417123291595135115 -0.063886802692871197396 -0.16384095001471932207 -0.98441587733035440522 -0.0070077607515759863729 0.98648033835619763909 -0.16372975699633304791
