1125 14.717824617146108679 14.977075390850430381 15.033177056927090831
-0.0020588896892590746734 4.9328546530572205953 -6.8478620383791026782 0.86181536854315976548 0.0048534300460186833789 0.5071988907317850348 0.36341698816862422206 0.69166222813343114506 -0.62412455077811768156 -0.35383945971750774273 0.7222048230179181072 0.59432131911652996692
4.1088684389690728338 -6.0434791180525309073 6.8331479968070780728 -0.99928153298567268248 0.00448410952085733297 -0.037633902210121326914 -0.0096186357857765952123 -0.99047098015811307903 0.13738529510176458737 -0.036659237299424288214 0.13764857509753428144 0.98980249044667567571
2.3906694554577265777 6.6221667308164127164 -6.7217694868152646492 0.99927250341430839953 0.0046690857958248191406 0.037850542372135718983 0.01116556148566330911 -0.98480675341621704 -0.17329451423090330708 0.036466342793674028089 0.1735910656216173853 -0.98414244283015062109
2.1607369565818173029 2.6427933573268957979 -4.6807907288900851839 -0.91863656921948499967 -0.0043871644582869576828 -0.3950792407614731605 0.36468045520090985878 0.3753622822331621478 -0.85212165954815199953 0.15203624333413354175 -0.92686779524622842086 -0.34322160603348389474
-3.7341323847660539137 -0.34821073193953688829 -7.3373814848318534843 -0.63520459632139680828 -0.013853364373208691337 0.772219661176619665 -0.39297702082561020154 0.86653695254144924576 -0.30770565640433433785 -0.66489411331068093425 -0.49892062913422602355 -0.55587230899646289384
0.00034926492799846123316 -2.9477131508499145873 0.65915894402785391026 -0.99902200127965223864 -0.0044669437006594394507 -0.043989628018100579432 0.028744921458441211742 -0.82157040054804253426 -0.56938195127137336549 -0.033597179190332483734 -0.57008957485405131749 0.82089530769349139394
-2.0734808749404280981 3.0276544256315065518 -2.9724876798265307265 0.033294060575342385166 -0.002424326828656543642 -0.99944265877026761125 -0.78582472426546101651 0.6178296785834724858 -0.027676542314798949218 0.61755243361482503595 0.78630821622366775525 0.018664962782330415947
-7.1331913172917378319 -7.2841079187720403354 3.6925498526975384372 -0.9995704251232597759 -0.0089583530213837424955 0.027905431911928547939 0.0078174278856424812834 -0.99913962554447055542 -0.04072955300707130355 0.028246292505385978827 -0.040493907912770660262 0.99878045154150318918
4.8971465724360738747 4.4407296841870653736 4.4309818093357895563 0.99497918297697840462 -0.00062646005820293781952 -0.10008013284546161958 -0.035576795186176686514 -0.93688096621135696918 -0.34783379191106489348 -0.093545267581281524305 0.34964791247587734269 -0.9321993457487137702
4.6494851273466926145 -7.2657373326460987784 -1.1580416891250782108 -0.81072357514545345669 0.0062586073753075274761 -0.58539569056929030566 0.40915328346567853002 -0.70912635683398839159 -0.57422417283907800645 -0.41871335700298412119 -0.7050536432621014038 0.57234472548477299814
0.42832313137300315198 -6.847125997410804743 -5.6097214738779035414 -0.99460517097856726565 -0.0023480763295891321843 -0.10370651088647976634 0.10338740291189184306 0.059111438065282274901 -0.99288311638836135309 0.0084616063388619974783 -0.99824862856275498046 -0.058549780450180791136
3.2224720341459320849 -0.59225371007814464619 -1.4589080407485033319 0.72457640038991644182 0.0088431968802325563311 -0.68913774955875728434 -0.68606442403070755365 -0.085935001893984480636 -0.72244777079644628692 -0.065609801686418986466 0.99626149846227052276 -0.056199471565589825817
-3.8076516249482668108 -6.6472043386640260465 -0.54284002278583365353 -0.92624657417615607891 -0.00075367612449649644402 -0.37691738590743395498 -0.049092872743302734539 -0.99123821822552926619 0.12262415983414796938 -0.37370733692659974245 0.13208416521868440729 0.91809400369775329143
6.4145944828786642944 -4.3723481093945366638 5.043946409614524562 0.99441685215852892998 0.00050700505882968812527 -0.10552187967006877722 0.058146275001216003731 -0.83710927472523899429 0.54393664417152920443 -0.088057565528014636325 -0.54703546970459371313 -0.8324650503405678359
-1.2947060931253837612 -2.0069196210073858566 -2.3708945363063471667 0.47738311423016444035 -0.0030157252584125035511 -0.87869008623582434137 -0.84784640009972933594 -0.26422474491148545406 -0.45971922519552682607 -0.23078527701272463779 0.96445642181364465984 -0.12869330338646955969
4.9160063473150632518 4.3342405568884414535 6.6212032087117229651 0.97862498792352492494 -0.013184788355709842894 -0.20522985739836666075 0.19352537841455974554 -0.27858842574472053588 0.94071059149479663297 -0.069577732941313530368 -0.96032007705602118186 -0.27008200362419310103
0.11718093395600909234 -0.98258780071958473634 2.0713618339537451796 -0.99840015312598284769 0.002046251726449814165 0.056506168618038837836 0.053144247008114063602 -0.3073015335506646406 0.95012707386296779699 0.019308631436621374183 0.95160999381646627082 0.3067011516456752962
6.7158853742099413608 -0.78706106970657252475 1.380354239495936497 -0.94289697576039133153 -0.01048387790778508577 0.3329194818661317945 -0.061129785228557949328 0.98797440058900176663 -0.14202018567383889458 -0.32742700325405332817 -0.15426169999372540964 -0.93219895164888322281
5.0625234440861461849 -4.178193857974712877 1.2770191871895868463 -0.93249193445044209483 0.016224773817069340631 0.36082620317727298609 -0.22166717302200278361 0.76302588373846469416 -0.60716979927335434919 -0.28517092521711079334 -0.64616426507489865827 -0.70791898261811836424
-5.7276652966865757577 2.911517836914788937 -7.2768522785376275053 0.49697759506598826462 0.0043760447737551362926 -0.86775233807485918636 0.80162550880274308085 0.38059506378354651668 0.46102488117253176414 0.33227972197975003121 -0.92473144623505576511 0.18563927037490449146
6.7120335863465623305 6.0328260778907960571 4.966821775133344552 0.92571229882775996067 -0.011245613163298999113 -0.37806120666320552903 0.11087892800223757284 0.96371138597796091041 0.24282962723153342366 0.36161112140545792482 -0.26670939376206709293 0.89336638405244095384
6.7800127471530862167 -3.5850509577492877256 1.7552635267398233321 -0.42204991881510212082 -0.0032164855729974544361 -0.90656688680340469233 0.85347776859006385664 -0.33860642365659437969 -0.39613304378840846764 -0.30569521512563108123 -0.94092260259756688168 0.14565401254408605336
4.4606521938594090315 -1.1903021051434845567 5.6209964287125302462 -0.98025137299541842406 0.014081509190800898385 0.19725353441582257896 0.15858424659173914195 -0.53993954999545157314 0.82662949323357182152 0.11814517541386918009 0.84158599884365037358 0.52704337969167491806
-6.2218396672476252718 2.1585691889296461099 3.7728210997526394621 -0.99927870321122880259 -0.0010839020886349833364 -0.037959168390056086118 -0.020274255340605534803 -0.82998216264773672091 0.55742135253054425625 -0.032109622840935277133 0.55778888017139494071 0.82936152387135231301
4.4815517810444935876 -2.4103589650757251128 -1.7939756251851464164 0.86767501348696518537 0.0083401874749840353845 -0.49706187969229026491 0.49017014901999067522 0.15239104696230468261 0.85820172093477853359 0.082905343495296643375 -0.98828508542763371381 0.12813779279076475959
0.37265386584749976562 -6.8723303200311836036 3.6620430459996371475 0.99675516730225299789 -0.001755966378971924452 -0.08047392769227917908 0.050625443089852097123 0.79094350150741699057 0.60979131015048892994 0.062579557110178818391 -0.61188666761514665104 0.78846591874768579
-3.0496320533550567156 -7.1762142226814891188 4.765830801057250099 0.66341029870769296917 0.0082202126492182617939 0.74821066797574986573 0.11336624435160540247 -0.98950068680517522246 -0.089646446966651055499 0.73961805697958815653 0.144294209572450427 -0.65737684084064007539
5.599302250957069127 -0.55512829424963927583 -1.348960694991025111 -0.95970357355307267522 0.0062008176388994246456 0.28094590363625110419 -0.24369764848249378386 0.47946164524708800858 -0.84304684737031243547 -0.13993036494445704188 -0.87754092816098661078 -0.45862992964805737728
-3.2045711894824742139 5.9084748655395680217 -0.075979444833038728424 0.94627718800508842101 -0.0033481922755968407564 0.32333925383385925256 0.31774016080190303768 0.19518910713882131613 -0.92786981989279060379 -0.060005613695045562084 0.98075991050963484685 0.18576685458462136036
3.0834023668096146586 -6.4359903706478212015 -1.9710203867707289938 0.95914223881906279789 -0.00041838074802350716519 -0.28292400158100977636 -0.28290516952404254347 0.010213863773799939164 -0.95909350015691885449 0.0032910134665411266627 0.99994774960715637757 0.0096781860905110865534
-5.9578119150359043488 3.4293235025471351385 5.404922072551320511 -0.79554790790402363232 0.0038256476795055678608 0.60587861048999436253 -0.58051716637745875982 -0.29116758736018261144 -0.76040861095329337349 0.17350315781151431915 -0.95666441372642674335 0.23385861912439306898
0.044723838969185886194 -5.9058209376500032661 -3.1343700548410939888 0.9830822984407617815 0.005309729502009880725 0.18308741427318864226 -0.031716951716383341708 -0.97954476940650603289 0.19871104574795128705 0.18039742089747184961 -0.20115628625778400607 -0.96280471489943553198
-6.1856589933070473819 6.4451202072507225438 5.4977922556918352726 -0.9830322940811354604 -0.0004916186187576034039 0.18343191408472978021 -0.021350743759831338625 0.99350602474611482418 -0.11175833093800252582 -0.18218576929754243254 -0.11377845623967126898 -0.97665900311281106383
1.5811738840197249178 3.3836564685863423918 -3.5480437639661839277 0.90071291279104115368 0.0006017924196710820392 -0.43441441801288249724 -0.21597978850214005764 -0.86702964048203701175 -0.44901262062906721617 -0.37692038906129909925 0.4982561995314318537 -0.78081481795519724898
-2.5204019993056818727 -4.4976040501328657939 -3.9759719479944188869 0.99875359173288602577 0.0047678348082960727433 0.049684310923473494481 0.047956786966429368335 -0.36758532722970571616 -0.92875248252119035897 0.013835085274551697787 0.92997757766341715424 -0.36735581587715171459
5.6028173797760683073 4.1272847242789367783 -2.6359359312471304371 -0.84614647915779916953 0.00086566224658229376163 -0.53294970347825609824 0.23015285807139856944 0.90253936722320404762 -0.36394003975079280977 0.48069303898665599606 -0.43060648072351270788 -0.76387974251741230791
-5.6666700025533032203 7.426525364599944723 6.2945651107803444191 0.94912582001808598609 -0.007676085930552620229 0.31480351884903440274 0.3104976695367949735 -0.14371101129606764224 -0.93964798858100084811 0.052453550758161146539 0.98958992665497869101 -0.13401642464936402988
5.018395174350442467 6.9768382214133710661 -7.1243888942665618558 0.99274514912326827787 0.0013713090762798431452 0.12022973177865931005 0.11969887599283630941 -0.10581760750148884453 -0.98715490832428010037 0.011368728081887526093 0.99438461042703119031 -0.10521406069395485006
3.0261410012119354107 4.7616290141669148639 -5.4539701117439589595 -0.99193647767232939749 0.012696959895668704851 0.12609841978549149455 -0.11911659496508435196 0.24638650124355221394 -0.96182375142696052706 -0.043281186061835459633 -0.96908847852725754635 -0.24288733956025640448
-0.62484018121482187702 5.661774648269672916 2.0949779629335880671 -0.99991913481374317119 0.0092229714096295125486 0.0087556057397943139881 -0.012476629419184872075 -0.84472194076835627197 -0.53505997467833255055 0.0024612094241437598371 -0.53512594740198971 0.84476870376772472682
5.1749735825327647376 -4.4298313646367128982 3.5368701526822383663 -0.8094180147763779809 -0.0034117285954062431287 -0.58722298785345883321 0.0022629053905252423037 0.99995757663558249018 -0.0089288402457986873473 0.58722853865818702701 -0.0085559942106799083406 -0.80937595612191226557
-2.0586228149126100107 -6.7867274603184357673 -2.1283929482517742748 0.99861775644565320409 0.008921267803002728633 0.051797562608335963319 -0.047175565234024038896 0.58664441512690457259 0.8084694157760510258 -0.023174178652737947165 -0.8097954934310910291 0.58625439551666980176
6.2409273899832848898 -7.0771571227422658268 -3.445508405960325149 0.97801742596294360954 0.0034468818083054934484 0.20849468462935435986 0.057791901948404326983 -0.96517634580944899891 -0.25513666447411026406 0.20035471190382528328 0.26157740822862840524 -0.94415848718446659937
-0.22975549623953939182 0.51715009687076807232 -5.8984369594859495933 -0.9993588190191926568 0.00042468784948057353851 0.035801822423659632189 0.034454509696274691899 0.2833787727051940708 0.9583889387621927769 -0.0097384603616535829473 0.95900797224021883114 -0.28321170803735501442
-7.1541228603019968446 -2.9179679223575272218 -1.2286589560594172177 0.99145244311327618281 0.0019622358637707334322 -0.13045383350135625333 -0.055885248796134559535 -0.89712706110707285401 -0.43822354477632113889 -0.11789356221513480616 0.44176824903995381977 -0.88934915647816259465
2.2493959023501499672 2.1210176679084300488 -0.51298226319081752234 0.9661054785988927307 0.0013972927061325630775 -0.25814385871924516724 0.23666614573370423069 0.39457877556931680862 0.88786075785219165102 0.10309868905524412208 -0.91886105448178168054 0.38087402493710337259
2.8011252107098179032 -5.1521662446925864387 -1.3615574128494005723 -0.97187676765329611417 -0.00375307596050562884 0.23546010897098584858 -0.14089992260731165619 0.81041815209550560617 -0.5686559861316251574 -0.18868693729308402829 -0.58583985283939932209 -0.78815538221850889311
-6.3585057323321851896 -0.44952161815186686411 -1.6083703250675940311 -0.92888497461726893256 0.0030516102532684059867 0.3703557635641231971 0.017625198949856254321 -0.99846891461199382967 0.052432613090077184737 0.36994872116594557099 0.055231460494334652656 0.92740898716764319509
-4.8391824596631911604 3.0342142612426155068 3.2165322314696718209 0.62150907280233114172 -0.0033420078011714635102 0.78339983623189890505 -0.62031369910131384238 -0.61285431131887180278 0.48951047772762795729 0.4784740192858505381 -0.7901888534279195575 -0.38296760801226348292
-6.8489691049428991221 0.45491814391540080775 4.7052714061013896085 -0.74011102142735540887 0.0065583646306696880349 -0.67245272236431763435 -0.66501644182927022175 -0.15574969076783612421 0.73040753413593206833 -0.099944024626335961625 0.98777478287261111234 0.11963348303201057354
-5.0876885130384357225 0.27006873325168506694 -5.0711730531435215141 -0.86212143535655705318 0.0065976679913561930846 0.50665876235941909034 0.47944158052907165368 -0.31293095984480184812 0.81988412914899155837 0.16395853609448080013 0.9497529600626284374 0.26662129189934002937
-5.7782790352595299055 6.1499025899810355611 4.1572049772756747288 -0.99165588566342510735 -0.00038778478390262842348 -0.12891258298644350799 -0.1161279919482014894 -0.43149662547936556978 0.89460882607210567841 -0.055972260230791597013 0.90211446713979415168 0.42785113563224419497
-1.3097765343894405277 0.59794471055429632145 -4.8756547999626160816 -0.99768023268303407391 -0.0017319893089610127745 0.068052579132528462358 0.028880053306084525061 0.89448739098504248535 0.44615944447017408248 -0.06164491734596077438 0.44708982048570117263 -0.89236236842636418309
-0.33846242487940092492 -3.2598278416377821642 -0.49623229296899507013 -0.99979767124467444628 6.266109036913609931e-05 -0.020114985635625685922 -0.014993283582700510717 -0.66896346095266001619 0.74314405693501262018 -0.01340962419102571454 0.74329528720681337095 0.66882904990382230359
7.0480713833383097366 -2.9667317086163458306 -3.5899594998163113502 -0.78032165991706503583 0.0096168893132720020822 0.62530442386419626821 -0.38480195969642266851 -0.79557498664875081484 -0.46796142194924778002 0.49297622546943098421 -0.60577880126228655921 0.62450499202416798195
0.86705322090206526919 -3.4776632138593233101 -7.3163810212036519687 -0.74129128932980381528 -0.0016913375519994962477 0.67118131957090165773 0.65256211835301625168 -0.23573491855944500584 0.72013313342906681847 0.15700288549668486859 0.97181592266697425231 0.1758519445348054322
-5.3009488239924920094 3.8763722076097884006 6.9212047034431334325 -0.020198532691854533677 -0.013129946004897386294 -0.99970976978066639074 0.99620730434713833379 -0.084908939653321441332 -0.019012594041118692501 -0.084634662179970718277 -0.9963022013851446923 0.014795184109157578228
-3.00485826862719696 -6.1068696124543455639 4.593378741463871151 -0.9001496245741760216 0.01174960746262271663 -0.43542232384612666873 0.41079237433841325755 -0.30951428495571253752 -0.85758412566573694047 -0.14484570606172186835 -0.95082219901133191442 0.27378251825607691217
-1.5294145332522051106 4.9592540799588196165 6.6991825196645358176 0.99084144499100501591 -0.017056928489360485141 -0.13394884127385486838 0.12912092349890280651 -0.17057019578696910878 0.97684880888703684576 -0.039509720359591993244 -0.98519788342239100754 -0.16680561290742274005
4.1936911544655117723 0.32651446423016855514 -0.91557570641936758538 0.90883694632904288291 0.0034334036877297028495 -0.41713740748863875618 -0.16393825793718833084 0.9224493801627419165 -0.34958745489760545411 0.3835878681238030774 0.38610277488823968595 0.8389189440296015432
-0.09373651357342449586 4.0939716863787802836 7.1927701528017449206 0.98045306722700198421 -0.013702279671014300916 0.19627539452755721205 -0.019281463193042049781 -0.99946171201934086437 0.026542633335401941835 0.19580604725660294418 -0.029808283061271395598 -0.98018950112652247775
-5.4606972622465805856 0.319289430394945839 -6.2482504041335857892 -0.9988292027389735761 -0.0087423490886945863509 -0.047579355692943303691 -0.023913905306042711196 -0.76572839788994895294 0.64271933672317704822 -0.04205174061506154054 0.64310465089071144895 0.76462282147083349138
-3.4938385663727142827 -1.6542639286621796391 0.053009369262411898394 0.79682329900772108644 -0.012125103308167354405 -0.6040907316192682952 0.23939868859706270321 0.92430802033486714198 0.29722542193227829976 0.55476201929883239838 -0.3814546701963340003 0.73941289989352176892
-6.9243332435607474196 0.16744684099727555338 -5.1541476290658323478 -0.42321484738541703674 -0.0024662283929414545447 -0.90602599889305690528 0.0058324853155823520173 -0.9999829909098865155 -2.4369477471617578823e-06 -0.90601058220501207163 -0.0052854146866010698336 0.42322203312682815657
-3.1398999003794445528 5.9487986732909288179 4.9225546899898935393 -0.57516825148525962952 -0.0028430766231283591781 -0.81803019467419901822 0.80707445862413174087 0.16117717046634810751 -0.56802529693403169819 0.13346273157669358289 -0.98692139334181794297 -0.090409416789941382531
-6.2249051582460257492 1.1933110570342229106 -5.3824718928663628503 0.80168657652219332821 -0.0025414140869487867984 -0.59773921925757211859 0.25041509667454298071 -0.90658088873945430475 0.3397107174201352553 -0.54276229823166033395 -0.4220244464328882783 -0.72615732057968740421
-5.7923834037988370937 -2.4002010972702501057 2.8019852156067370785 0.96404035542735044828 -0.01119153211759709235 -0.26552013617891229158 -0.16286605473844148473 -0.8143853467750733488 -0.55700193462130143107 -0.21000200313694900034 0.58021656005909871823 -0.78692305984231902816
1.1159483946761370454 4.480675861706907348 -2.3383668341383461176 -0.99801522428572475576 0.004069347158181637128 -0.062841487154345829214 0.015567895786075314213 0.98287887046448141337 -0.18359402663299831393 0.06101846208200920052 -0.18420794339070045709 -0.98099142752464996153
-4.3098197326839562393 5.3644228363700072748 -3.7518933836623711287 0.33674578362879892257 0.00098482018630040107053 0.9415950867211574371 -0.78366770113525940911 0.55465386989034426435 0.27968557133502863765 -0.52198391872317717599 -0.83208059389977817588 0.18754912383044300417
2.374799127516803221 -1.8932438497104153718 7.4899641661763043388 0.63976458161619920162 0.0040139133236363261012 -0.76856045215010559968 0.31331909537032182067 0.91175723128587427002 0.26557465179162242919 0.70180654356146876527 -0.41070992159642322195 0.58205234791769755454
-5.907461051187407719 1.0218333040688292179 -2.9422667147209966565 -0.90901748707694407514 -0.0029841602439326414715 0.41674728910447245145 0.28400603104431004775 -0.73626742892739382995 0.61420749542087804684 0.30500456147200760704 0.67668409755827851892 0.67012748756699802577
5.1606405768631864461 -7.1484139257947338919 -2.361726636118401057 0.97207165454068400479 0.00076162469570406794717 0.2346830167829807301 -0.1895677568167702387 0.59206122936659866252 0.78328000501509087439 -0.13835015003247433385 -0.80589262349821322307 0.57567031830490711375
0.80204338062836266765 -6.5552766602115521977 6.6154690370004329836 -0.98386046374931568348 -0.0014181205983069856968 0.178931765779212687 0.14051231879044179252 0.61302416101378676139 0.77746875582332608534 -0.11079204005268254718 0.79006288796990065126 -0.60293097193097566766
-0.90705111261071535989 -7.3470161818764294637 2.7384542405152352273 0.8680082384212943758 0.010621154549774332668 -0.49643618835531072575 0.099509581918838740933 0.97576881270234272492 0.19486679364060233155 0.48647666042580034462 -0.21854613982734100164 0.84591846157143024687
-2.4861051913583467332 -2.4559210265379225469 5.1699370370817874232 0.98819337329576828477 0.0067955048609127897963 0.15306102733258158954 0.14956587581541869181 0.17385676375612804656 -0.9733467390852849066 -0.033225077365992922163 0.98474750408926547962 0.17078772621024809752
-3.6884848806454466619 1.9332651773681928109 6.6873173429162209302 -0.57884018360808175974 0.00039811386056830570454 0.81544091346090563643 -0.0099542520894348087562 -0.99992881994413063129 -0.0065778347587616839767 0.81538025160404892233 -0.011924619496133626387 0.57880294465721993102
-1.9652675942237849416 -1.8328613515410561163 -7.319770739926084957 0.70442515931168458998 -0.0076585380362824365813 -0.70973695248583090756 0.6947454505599066632 -0.19726913970477827354 0.69167452276816243639 -0.1453064136748739299 -0.98031945472648451823 -0.13364061070522847974
-6.1089323792268652724 -5.9425958415124755518 -7.021444389478701531 0.98084046904114130516 0.010456539071539981342 -0.19453183565134293809 -0.17266877978804351379 0.50904426929896684495 -0.84324339569323225607 0.09020790862065600213 0.86067682243956100674 0.50109673770413487581
-4.2797143650153071093 -4.3725405165455946133 4.0039849025999858512 0.89696718117281237781 -0.001089371236785539529 0.44209579184755237735 0.33039256903870489746 0.66610250597914588688 -0.66869141003327692285 -0.29375266164405317015 0.74585941356166929328 0.59783200732178842784
-4.6294208500279125929 -1.3533267567350566463 1.7723111156166992952 -0.96714139464774906418 0.0071585616601904863976 0.25413830438109313858 0.23302114271271492929 -0.37481800288219296879 0.89733639832797995606 0.10167924964139470057 0.9270707738411100296 0.36083390982831470284
-7.1774569180757659126 -6.5106183017969261329 -2.2049208698255196026 -0.93326191512712375342 -0.013827143840144325709 -0.35893036631963731731 0.3523503612323011791 0.15892533506397948928 -0.92227542568054854399 0.069795563703057991733 -0.98719377427534049652 -0.14344696343707655228
-5.3357513261839191188 -1.1588622817965059664 -0.6789081381444711516 0.58781261232372983283 0.0017293881191535521481 -0.80899526698853474471 0.52056839377352759346 -0.7662750099116735214 0.37660477504793343773 -0.61926156040655544466 -0.64251040334106779284 -0.45132638013001069588
3.0221546297864292363 4.3860308928261888539 6.05445880391975777 0.99872134306763915568 -0.0054211882247675842808 -0.050262208662493708389 0.019356850380869698725 0.95947209060401850156 0.28113807941168000859 0.046701083978123190954 -0.28175151831036199246 0.95835019209322380718
3.6686009633354981219 0.90362502708902359139 4.2171509302026706223 -0.98813857695074802656 -0.0022976068610632495622 -0.15354762695792706362 -0.15356217283940903906 0.008917460812176179058 0.98809874909616424166 -0.00090100751910441711362 0.99995759904875647361 -0.0091645125388799195121
-0.4770427786885855781 4.3765485196617595065 -1.5454465879701924091 0.99773601353058161134 0.016072313680499702992 0.065303353948521991601 -0.050367036347351276659 -0.46487081509237215826 0.8839447306957555206 0.04456466036626269972 -0.88523262818779735461 -0.46300883904977008232
2.4668747730069373603 2.8907205352391436293 0.95501257681729001536 0.81578754873300185491 -0.0032493456630369632783 -0.57834256032640529721 -0.011669178527643563059 0.99968817588056591017 -0.022076713459049032706 0.57823395403992583486 0.024758690543412207458 0.81549524930441164017
1.3757574332851856269 -4.7521439685847983725 6.4843883864426619112 -0.99218213130860666293 0.0014223311680730751916 -0.12479020508874494322 -0.12450306623477343237 -0.080022239774202391649 0.98898707152305831425 -0.008579324576425524651 0.99679206362985772749 0.079573721002850553163
-1.4069492136777872471 5.4154347099984443403 5.2835595561222428174 -0.80229742012075000446 -0.0055412279991850516697 -0.5968987723724482608 -0.30456503498006182173 0.8638046520981536025 0.40134980064927011645 0.51337996565419741213 0.5037964051140865207 -0.69471590816613648656
6.6907985527684612492 -5.1291774535649494737 3.2739434398059619191 0.99408366955735150139 0.0047729832919582784734 0.10851210324148324871 -0.083978198970301481951 0.6673740372677401389 0.73997267279177603161 -0.068886283228890121677 -0.74470740093771925494 0.66382645847505106218
1.5432430440215505474 7.0978770825631531949 -3.5951952337841359686 0.99951370731876720832 -0.0077393775738582677379 0.030206802490529611332 0.016121269221954354772 0.9574573906059890005 -0.28812401818043698043 -0.026691825726389541151 0.28847087757439482392 0.9571165546739486274
4.142467192980660684 0.10417867628750505926 7.0739411085337797758 0.9980345969096970915 0.018830518197662113322 -0.059769180651879964816 0.014540377249299223789 -0.997340436119622753 -0.071418708405760950031 -0.060955071986111664106 0.07040927542103082859 -0.99565406298266034835
-6.3489706810928865366 5.1514302921109820232 -5.5835801982171826552 0.97356768965853823783 0.0012907242591230390361 0.22839502552315091299 -0.10135951525856236322 0.89856143947020805651 0.42698195297218266564 -0.20467584693698603893 -0.43884584255552638865 0.87494121182650708146
1.4774483822530557475 -0.44990531271033890048 1.3051561478398681082 0.99893579579287694603 -6.7332603908057837025e-05 -0.046122351953848034212 0.023804587107210808256 -0.85576410211738418443 0.51681828833744625218 -0.039504651828427904403 -0.51736621168536112148 -0.85485179153480506109
1.1150269807441257619 6.6459319721519918289 0.81814453396158881571 0.99790452980031085772 -0.0086071845836526283263 0.064128509863910734823 -0.046418271445635442274 -0.78570291486492527255 0.61686001138732382554 0.045076529145687285749 -0.61854413419432685561 -0.78445602845138939774
-2.0300164847122506018 2.4666495951003324372 3.8883260253280504948 -0.74599608218337531973 0.0029649762775385943465 0.66594373206962387268 0.15018716115733674044 0.9749772157714547971 0.16390010784022968071 -0.64879400582209068027 0.22228503692827647487 -0.72777448455355375767
-1.5911806168055311339 7.31087948851464553 -3.8933915486467092215 -0.86160030154757871745 0.006692105641848868601 -0.50754323569057591126 -0.49742480660994964348 -0.21021695831351391859 0.84165158599425082819 -0.10106177389231697783 0.97763185615007031082 0.18445181402801705262
-3.8817736361068555517 6.6283772469398183347 -1.2616434889399577024 -0.63368111379912950287 -0.0068810607631617382723 -0.77356376402791793279 0.6427245905028534656 -0.56118885540591156857 -0.52150951029773373602 -0.43052682468942271576 -0.82765918080507716592 0.36003740590655403109
-5.4193802265134545237 6.8023070389257576096 1.8965877165682645256 -0.99968566754980492384 0.0032288371400771703756 -0.024862435645409991514 0.02506218305220596701 0.10207539737122933721 -0.99446090935345787809 -0.00067310932041524974834 -0.99477142493252734834 -0.10212423346884073883
-5.0585040223494077694 -1.6659878737865188025 -6.3194291905826114331 0.33271817759035954287 -0.0099361359407277773798 -0.94297395908024306266 0.12447361342328937261 0.99165824532359481136 0.033470046951094220566 0.93477533871095508378 -0.12851146907621441295 0.33117951092055059048
-2.8630522635278348176 -5.3986520977761269791 3.5218097420689535859 0.93736589976827955351 -0.010582204741132856043 -0.34818556387982158018 -0.34734633619665600257 0.047288831925115598631 -0.93654379988647062927 0.026375986848554279496 0.99882520158329157756 0.04065124844079588684
-0.087736795996854702318 3.2789190137916754963 -5.15206014123425593 0.95090741110228327315 0.0065332878356992515889 -0.30940654754005175731 0.21505005976798183265 0.70501065232615556244 0.67580577971813149407 0.22255014559522665052 -0.70916662094091487134 0.66899487026350046293
-4.6690221059723251429 -4.5716278623444051021 0.85504153377004865622 -0.74014485747075720035 -0.0020964759637707346476 0.67244419452325532305 0.12828852339032034702 -0.98206856649666240955 0.13814262725739004378 0.66009669346681620894 0.18851242793984809842 0.72714195298189299166
-7.0170692364981750444 -4.4800129990691814896 -7.0944313022469263075 0.91078287440520344642 0.0022206396499618620555 -0.41287967308855011428 -0.35300994078938757736 0.52283771642248355604 -0.7759025093334857015 0.21414606555814860722 0.85242934665914249504 0.47697554608211456539
-4.7214097831875667666 4.8698659944678350797 3.7661268890216055283 0.92373033581072294673 -0.0087341324028552408398 -0.38294383613551447043 -0.35239211334251846486 -0.41124186949683572134 -0.84065446125426945834 -0.15014015171502639867 0.91148441550250303145 -0.38295442958538977729
1.3580173252526623884 6.4836769520296373415 6.9485421179260171698 0.91133165385096281952 0.0010179916166322276923 0.41167169004234110963 0.41152899183342706024 0.024190536535257926853 -0.91107557689947293866 -0.010886026357982771934 0.9997068478486192955 0.021626668604494057174
-7.0535126426694514379 -0.88478422571209014436 -6.1650462855166967557 0.77256011526006707069 -0.00092334280970166049407 -0.63494095453620791325 0.43134554094788185585 -0.73305339384248058288 0.52590279147433049989 -0.46593121017352989721 -0.68017047070134883935 -0.56592953463506356915
-2.8887073830299416777 7.1227527985723382287 6.946195944432045799 -0.98898653183956464208 0.0085945591747129870125 0.14775578970904815201 -0.028483615916419624536 0.968598639886927959 -0.24699262829811052811 -0.14523884970721245846 -0.24848100201393408248 -0.95768620548383154301
-4.3453745267184000767 2.6062497852229817852 2.4910440005738259117 -0.7812542200987609986 0.0074700242103998872045 -0.62416828044687733268 -0.39930655641987666815 0.76259221798938725545 0.50892767959906382025 0.47978757547258993332 0.64683638410355381865 -0.59279555887492541011
1.6537531577593198584 -5.0767099453874111603 0.53600199130341286136 0.81452641978715145665 0.00021016977090920069271 0.58012642354686216883 -0.41900408508016118159 0.69183122137878683144 0.58805198563700944447 -0.40122598140546733569 -0.72205921983868770475 0.56360286983928731264
6.0593618855951927316 1.6213056462719639406 -4.8247291924572079935 -0.98356412155237804562 -0.012864451334331982943 0.1801003183974130839 0.028153153380402584638 0.97433257393542915814 0.2233459991203863293 -0.1783508305270998795 0.22474550331468673425 -0.95795638731107290997
-2.6168714095528327057 -4.7884824387923536904 -6.648784805284698507 -0.9458896955850283339 -0.0027397426747308760778 -0.32447677512579076176 0.26462948786012779889 0.57218315759342563975 -0.77625876376452040972 0.18778689501898576664 -0.82012128857659505332 -0.5404971360541174219
-3.1811977500424650778 -6.4694118431322484852 7.2997085720476420079 -0.99818706903241416484 -0.0048618267413843025554 -0.05999114815772632614 0.059769413094696785538 0.037254011752516781597 -0.99751679477921095796 0.0070846647663714550774 -0.9992940014075502031 -0.036895884270045573028
1.0519564876920335372 -4.5459396575522168504 5.3735822043121475033 0.86377534818182111209 0.0044921135531232891935 0.50385709163328673554 0.1808447087195909353 -0.93610028317869220515 -0.3016810420972181328 0.47030558066161332054 0.35170453615003749448 -0.80939272300283704453
6.6616930771834592662 3.3250347141132250428 -5.8293854102713007492 0.91958477212758871211 -0.014461002766458307123 -0.392625427436972263 0.36511153313794997288 0.40054620254342321317 0.84039056872261608255 0.14511173364272156316 -0.91616244139739033692 0.37361606728328505822
6.2513158443043526091 -3.6975354673977007813 -6.8325269206114445097 0.98128711261185941339 -0.015160149143902627161 -0.19195252668321333145 0.10991976442550933923 -0.77439182824437091668 0.62308501966984553011 -0.15809252990183864096 -0.63252467637735609873 -0.75823432114551958527
-3.2673189500609849389 6.9229208627981906332 -6.8432433831426351389 0.99611400685015794032 -0.0014995988919936629503 0.088060414261874164765 -0.070728824218893107667 -0.60942044265270789438 0.78968611327633508878 0.052481604219138625056 -0.79284580801068482714 -0.60715830385376001743
1.9066750859667902507 4.57139118564443514 -6.7185877035048600092 0.94112857685177042644 0.009089385711469059187 0.33792659691178794645 0.32989048233441770064 -0.24298362729412872896 -0.91221227054456288652 0.073819181099096825571 0.96998780401318818178 -0.23167733719000721537
3.7922295082562986757 -2.2198246050838341681 -7.2606837998584321525 0.91220257891625688984 -0.005184594787568373199 -0.40970669386189639827 -0.023002267483598980158 0.99769506589417156217 -0.063839260499135588867 0.40909332762707822928 0.06765852102541469737 0.90998075464467387263
-6.60470348303858934 2.3467145463592928856 2.1045997190683127798 -0.9761547208580679813 -0.00085234569782192026906 -0.2170742602275951838 -0.053658209484169903936 -0.96801305862215425435 0.24509490996738944601 -0.21033962418304913422 0.25089836955186384237 0.94488478168216627484
3.431383289844089024 -0.86869587594534136699 -4.6410982953275654594 0.7865220199073534868 -0.0030072156302405365566 -0.61755491161114139942 -0.24014494239014794186 -0.92277546328531256936 -0.30135668401911985814 -0.56895827513573482559 0.38532635649893642871 -0.72650538892837746019
1.1384047788334359375 4.8760129823411570982 2.1677041281867821532 -0.99935686649708843632 -0.0095732336668260774315 -0.034557294200139393459 0.01077140428654980997 -0.99934132125579955286 -0.034654011027383302412 -0.034202781099885261329 -0.03500395445870816552 0.99880172854136006766
2.9578486730609796496 5.5786421546222300094 -6.3844185844706498045 -0.92876733791937826634 -0.0025586682258507357363 -0.37065440133748139839 -0.35687027482861954919 -0.26407712006122729953 0.89605071374554068342 -0.10017404333321398846 0.96449817411810578882 0.2443530911717957943
-7.1573022789510485353 -0.6126346100080735102 5.1446130097472533294 -0.97742570410807383396 -0.0019871361174720915399 -0.21127007416768414649 -0.19846370604453222874 0.35160111857794418277 0.91487092575824147112 0.072464821339987842141 0.93614780067290626064 -0.34405834528963591401
6.1717703500954925744 -0.44363000715915745786 0.27476280778404538196 0.88208471404024046958 0.0049674201631718893635 -0.47106462613266947281 -0.065977653522193827063 -0.98878631686574947057 -0.1339722688280691465 -0.46644775322895215552 0.14925462912811873761 -0.87186555683294686414
-4.0006021159798388354 4.027690940546857945 1.3225315287153698307 0.96456438300906899297 0.0037623293185999901606 -0.26382076474068005822 0.078596078803364416432 0.95040774030715391429 0.30091158761485847783 0.25186942535169321022 -0.31098387746348571392 0.91643375130484128199
-0.67693987244280462434 3.6611135698300545371 -0.89533717060605422233 -0.993451377350319631 0.0051819112882534584114 0.11413811211100510778 0.051083412093112401386 0.91370957915672434968 0.40314425453696989265 -0.10220002861931275218 0.40633477915703419825 -0.9079907496212157314
-4.5325493893296426862 6.9510142939369519155 -5.9078510599181743856 0.80411943484077952338 -0.0041586268415585228575 0.59445322804583966558 0.15103911432043942709 0.96859021314612403497 -0.19753527518617639003 -0.57496010336080416447 0.2486276429128388421 0.77949033010238466535
1.0417537717698575062 4.9922248728260836259 -4.2994580336684293798 0.9974278416226936006 -0.0038726640051237122726 -0.071573062177161958508 -0.020245617415880767798 0.94265854565236673057 -0.33314408486997676428 0.068759113805818616871 0.33373622635544003545 0.9401554741035275109
-5.2449550698190208209 -6.997702807094782429 4.7191494290617530538 0.98297743679162774555 -0.0062446995538069970458 0.18362015816931503975 -0.17467407133141343856 0.27807736730933030334 0.94454324760428498564 -0.056958998965512798451 -0.96053838107475697505 0.27225299065220692762
3.8373550267789751089 5.0426040036599806271 -4.1189650229954111182 0.99743351470178864826 0.0012109996405707586925 0.071588527220118561289 0.00042561146157909200693 0.99973900404221216487 -0.022841686706428072223 -0.071597504178302101563 0.02281353275094434932 0.99717267317085656053
5.0256244885432419522 1.2725238442678730166 -0.048481842906575242647 0.9982028374650395719 0.0017871145867953720787 -0.059899094300738413288 -0.0041408490219362967949 0.99922304260925065567 -0.039193934327112385507 0.059782511204925690984 0.03937152956275676019 0.99743467656476081373
-5.6504763634064785194 -2.5510502326770212456 -3.1134335130302703831 0.72194785469594668914 -0.0057918829536827065238 -0.69192322492582647442 -0.63039817676160980753 -0.41778870478294993784 -0.65425586500342514107 -0.28528833455910146411 0.90852575761379739117 -0.30527285158826872324
-0.60241537565982972158 -4.9297020373574680363 -1.1250021365354252456 0.83895562288200731249 -0.0013427747768367825389 -0.54419818062037017548 -0.26687352212129378248 0.87048181421625048237 -0.41356974539912988442 0.47426995058216325774 0.49219874855056960916 0.72993726161909866512
2.3995209387189633254 2.6107001358918591194 3.326745731243897275 0.99202829514777302045 -0.0021997776141230059033 -0.12599612138762159019 0.12596707141434226873 0.044976953618616297148 0.99101431400485506806 0.0034869106045695326401 -0.9989856028099837193 0.044895510163042343099
-0.94380103337214937831 4.6340024833648651992 -0.29165162924325832572 0.99550904164036635446 -0.0059990487708015891033 -0.094476237362985979185 0.0083984864121415779559 0.99965166798140503435 0.025020154435232311307 0.094293231137811545084 -0.025701247359218516025 0.99521265689590943104
5.5336496341575633906 -3.9580945954605297743 2.6614377634546038109 0.96668614061387125869 0.0048345032907933689625 0.25591899719047611628 -0.25366392246610286465 0.1518467883613145164 0.95529951706449256488 -0.034242079145110189409 -0.98839221994217529854 0.14801452487347815934
3.6669984909221100544 -2.8691963881247013468 4.5752073885868389524 0.93478643470962907713 -0.0018955954230849745255 -0.3552051916864497616 0.096331377753534730424 -0.96115774830591849121 0.25864270438520170492 -0.34189850415452643917 -0.27599309699622248671 -0.89829461941358768051
3.3752763403578427415 1.1004531166029927203 -4.5892413623237056086 0.99676578487487443869 -0.0011626492439941705451 -0.080353085500489362936 0.030373960921444845967 0.93117297214732963617 0.36331022341841034962 0.074400219090099140029 -0.36457584147760191406 0.92819667269930150599
5.0948836532947465727 2.711793578903411106 -5.0149296766608832954 -0.99169180688756763953 0.0087386376541682565106 -0.12833937963066888166 0.027766434272388139382 0.98871207521421999864 -0.14723266435600793067 0.12560408146169882437 -0.14957295389719144074 -0.98074030516882448882
-0.11124005134644518455 3.0449511185040245564 -3.998678238650977157 0.98778976023376885429 -0.0082412912561152986551 -0.15557464669991810657 -0.12663863996566399051 0.53916053567002941715 -0.83262751074155061382 0.090741635675320980736 0.8421626908706171255 0.53153359034078728751
-5.3084133474540324826 -4.9271267026780325438 -6.8815447325375815879 0.95388630313709632524 -0.00091488269025711633012 -0.30016675978053725116 -0.068166384853106720687 -0.9745285632743345694 -0.21365257625101147232 -0.29232561410787571976 0.22426154898312805619 -0.92965181276881692085
