1125 14.717824617146108679 14.977075390850430381 15.033177056927090831
-1.8601150034719680093 4.3283509083748041846 -7.408491748376071051 0.55409945215703038102 -0.010194868101755051593 0.83238804759776896525 0.088383558636935380393 -0.99355264443007862418 -0.071003445752399349522 0.82774521664695599465 0.11291238820613104521 -0.54962591724518417013
1.7861680081415387544 -6.4573805130682133679 6.3135719798835312488 -0.93392790753491194966 -0.0060384082394140878303 -0.35741040996780831795 -0.20736782396904304693 -0.80526810163840834011 0.55546545353061005379 -0.29116532951192025669 0.59288010770274846006 0.75081018159105605836
0.42094900200956125724 5.9433631087512122093 -6.826600324954995358 0.73246672276995949957 -0.0011588290718425415735 0.68080184866798609811 -0.66157907418333405936 -0.23716985215113353669 0.71138146576456684489 0.16064130426912603955 -0.97146750761200273416 -0.17448568140946679739
2.4075942189340264754 1.8595384661723450836 -4.6542503447181546861 -0.92910478767817494816 0.00059678565888156547697 -0.36981608585939451661 0.36045595725126966524 0.2250283427473162845 -0.90522579936852753946 0.0826788751471763117 -0.97435203535846937051 -0.20929002555586426193
-2.8000715687032249335 -0.28320035307049301609 6.8523788018680011902 -0.29841339501357022623 0.0067621804363968956303 0.95441276112185402525 0.043923860030587021097 0.99901271295970173192 0.0066553636218121834181 -0.95342547700196256244 0.043907542184384862338 -0.29841579640301602039
-0.6107372176815568654 -2.6820675145732240097 1.1195234765024770773 -0.99717342975992384613 0.0095897162222375459395 -0.074519717683361602623 0.061118240625705436142 0.68040341913253965522 -0.73028470331472150612 0.04370024763828182085 -0.73277501634230923777 -0.67906631766043057397
0.48099922856990645625 2.926675890466329033 -1.7287234338307662096 0.99581529077589070464 0.014046017122451223691 -0.090302912798411544282 -0.079568885497674698981 -0.35277746228187806254 -0.93231800077365079016 -0.044952187016102228279 0.93560182316469031605 -0.35018356525326710393
-7.0901335300493775193 -6.6182436128218213867 4.1670733219805624614 -0.98153606566011597501 -0.0097070247688776610528 -0.19103069250448623251 0.13837215616172082733 -0.72556137130511511035 -0.6741022495653352653 -0.13206096398159922201 -0.68808899870577311386 0.71350783573282117178
5.8921250546924532898 4.5874643959685474925 3.9558089276006240809 0.96021152842255319548 0.0026043704204328776974 0.27926159409993817073 0.27713303346113499215 -0.132459390290032758 -0.95165739196871856898 0.034512352123854679598 0.99118501157888228015 -0.12791079067914579159
2.2201632679701348572 -7.397116606153725904 -2.1291010702117940667 -0.8574029671861292945 -0.0014537150223408617546 -0.5146436034510296631 0.39781955206465696717 -0.63627925800869777895 -0.6609752717183073889 -0.3264961804609096685 -0.77145744700574769848 0.54612604003464781943
1.0380536238036466301 7.0132330607663710964 -6.3275882418843298893 -0.99110022437011502383 -0.006326907084999395213 0.13296734749648642104 -0.07189432146849082661 0.86610307333448688372 -0.49466824529297753754 -0.11203370829398781594 -0.49982540612431619609 -0.85884981900129497845
2.7184397015849990353 -0.51767729054536526512 -0.94425560423035159729 0.87825034480011276994 0.0054671822566269932114 -0.47816988798609816325 -0.17006019580550515991 -0.93099692961148894366 -0.32299264210881345472 -0.44694055718973019209 0.36498606407918215977 -0.81671862435406250569
-4.5623019948108387567 -7.0909664168191115508 -0.6056712892527919001 -0.99884771571113106781 -0.0079446103650071906582 -0.047329948075838818022 -0.047814832018544438375 0.24942216163246774818 0.96721369258596212592 0.004121002031770619467 0.96836226096063682256 -0.24951462660434259311
6.4162060996937615442 -4.009326680331553483 6.2712870173022228215 0.99824535592812080331 -0.0036807227628782631518 0.059098744893551956314 -0.020217737000417193571 0.91689939295465339164 0.39860600385605116092 -0.055654761509127209651 -0.39910143507572676258 0.91521614498544645588
-0.095582719205449764854 -2.5495047151861727208 -3.0454160578102436041 0.26701467605843193232 -0.011844284898211383805 -0.96361967377420942871 -0.69976623054954845138 0.68512227855448715186 -0.20232322163009827665 0.66259368043458355402 0.7283317762829765174 0.17464947267193339786
4.8538882612698310837 4.6903873020372213176 5.9045287054023178897 0.88623646815494239171 0.0045604117730033656361 -0.46321067038310143049 -0.44184168214012070619 0.30868150837993230118 -0.84231327563311519935 0.13914327305272627955 0.95115452426434643485 0.27557978978042829699
-0.40246711098900417314 -1.6066107843156582913 2.2512874266323339434 -0.96435703987460363873 0.00022287437569668754013 0.2646043271968749333 0.089478056531693564435 -0.94081440314794717583 0.32689743992379444171 0.24901641922492664949 0.33892212845493646656 0.9072610505251973434
5.9180497785771164487 -1.8911300601721587888 2.0036416894379609488 -0.99933096570774671008 0.0047352532460966448302 -0.03626566357317640571 -0.0099828108180656828508 0.91861424046230688578 0.39502939220791544184 0.035184719209867820755 0.39512713725665882247 -0.91795238489675345939
3.361222991122891024 -4.7770133874883828895 1.4273181834636972098 -0.98219422381064447336 0.0072778442875539705453 0.18772730141191407149 -0.18741233448121200067 0.03162159390913302226 -0.98177221985704021812 -0.013081421832873087532 -0.99947341524485489028 -0.029694589097315655934
-4.8389532189174815358 3.0351121025263001485 -7.4952121094629724496 0.50177155261701533728 0.014004220877233099912 -0.86488680807476225887 0.07579734672251783878 0.99531095162477745131 0.060090530081042731192 0.8616728330487151144 -0.095707843843834239372 0.49835723874827553281
6.2947266704325679498 7.0084181477857683262 4.6483915716556811759 0.83641184156077963419 0.0052810700649426394956 -0.54807603632698564944 0.4183382398554930659 0.63992271264687750065 0.64458671946695533794 0.35413041153154151131 -0.76842112941901608014 0.53302966098602855283
5.4975186489432701364 -4.1969496419776923801 1.8738359162098763289 -0.88608600842868523451 0.010124375941088045727 -0.46341027467938011863 -0.13793123246637598034 0.94871206312064726429 0.28446510576823264005 0.44252294943534015159 0.31597930043159011548 -0.83924401750724098026
3.5759776812394346024 -0.76326051005306450037 5.3709612256390553142 -0.52459884928344480137 -0.0016725190004346485433 0.85134790186546127622 -0.19800733805792997133 -0.97233556471882920391 -0.1239219256552283599 0.82800310470780702499 -0.23358243140929574322 0.50975494733373738487
7.3252203317564932306 3.2796771256899024394 3.3283996487053051361 -0.98168865213713418783 0.014725327236102404849 -0.189922497359010789 0.19032585770466964314 0.034126357302570867192 -0.98112764695846610419 -0.0079660626571699949539 -0.99930903952436056503 -0.036304068238915104816
3.3935684087331101644 -2.9769108996766959763 -1.7663444894518289807 0.72678904360475460322 0.00033176239151045446713 -0.68686066711506388316 0.27011633985213989728 0.91928822238185015081 0.28626268903727974946 0.6315178928905837985 -0.39358487537476538609 0.66803899349913586914
0.19399662912235024481 -7.2852589502256428489 3.6187430230074548732 0.88967530714369458256 -0.0066372690474967421109 0.45654550103823499096 0.2844798481811294244 -0.77404318082895284814 -0.56562210900117948498 0.35714011793346051027 0.6330980183760596125 -0.68675893535554544123
-3.5810905509590154061 7.2097621945138818944 4.4149853856226686233 0.99450675278523548162 -0.0039881192522952758558 -0.10459643191584720723 -0.098008702434314559637 0.3153675493311117739 -0.94389491103409106643 0.036750685868924298783 0.9489612235142763641 0.31324428702604018016
5.0010635003276062704 0.14054124827350217286 -3.3770635847050294309 -0.98339693602370270575 0.0099551259121246661599 0.18119426505047092624 0.014315001504784380035 0.99963823713681732031 0.02277005897823512065 -0.18090203689020517563 0.02498580240913145234 -0.9831836871750188056
-3.8439144934319888769 5.0059597196989313872 -0.15048863654873725904 0.99451926883557761894 -0.0036960680994527453543 0.10448809977948225747 -0.09084084665099820266 0.46422677317265709229 0.88104565355570207963 -0.05176257812983067752 -0.88570866663388136963 0.46134671707408114738
3.4598020108693998687 -6.3918833551410552118 -2.3154729147065231665 0.99879240426154680677 0.010171400477398426926 0.04806532847763932137 0.037365563288217856774 0.47794678630621101334 -0.87759368966486150931 -0.031899026152618553676 0.87832989933846994379 0.47698955969564055257
-5.6918788877556467654 3.6666134496883251437 5.1267902933954587752 -0.83130208751764089747 -0.0078451174632690138383 0.5557655021866052536 -0.061324170868860661265 -0.99250135900500502384 -0.10573740322347829901 0.55242753855679160857 -0.12198158264743233503 0.82458735628117507677
-1.4055803034374108051 -6.1843450786054789958 -3.0340486410340727907 0.99742720808497353779 -0.0028116825215439350191 0.071631410801526435028 0.038518813123184510172 -0.82170727579104663185 -0.56860658978567901745 0.060458792640957943754 0.56990284027503856912 -0.81948489128165713513
-7.0196015955648896067 7.4227753639785269968 4.7686777388964278757 -0.81021095067121029487 0.010742732028484570234 0.58603993816213972856 0.40731824222580287342 0.72928720798100288292 0.54975632586203293517 -0.42148554537789328922 0.68412335290053871706 -0.59525219281725816334
5.1651630558305621221 3.4751835558319332797 -3.137741736583240737 0.99230897138319407169 -0.0022436540736446987203 -0.12376538825105022623 -0.075187753744103219544 -0.80518844336066341949 -0.5882332635658957809 -0.098334668349693482581 0.59301478623628145481 -0.79916441131079318794
-3.0223321944156769092 -4.6170307370891512377 -3.9771385655560114181 0.97949753942341832857 -0.0022774238985690574769 0.20144325157196921183 0.19560793307752841197 -0.22843281652462907316 -0.95370644584785779774 0.048188243178473914863 0.97355701511265879677 -0.22330389952787191299
6.5122590596505300908 4.3858943136264025853 -2.8406764202558774102 -0.99090831531485701333 -0.0022279388548400568676 -0.13452043312509531781 0.13018798006668330647 0.23634241718539222843 -0.96290879717916566527 0.033938186248531260203 -0.9716672774809368418 -0.23390361559140276926
-5.7802963302265419898 7.4560480732270821846 7.2147648663525814072 0.99096015372982249048 0.015269523883027366629 0.13328471540317299304 -0.05535706792049363556 -0.85843856541271890137 0.50992040991043485754 0.12220298175972491017 -0.51268905883815074631 -0.84983313667838422667
4.7584417967517742554 6.4381403202609810421 -6.5599817022610320549 0.55335385095792943844 -0.0020404880533862750254 0.83294378684186809458 0.4090820218845445666 0.87175138336404900397 -0.26963201770883332697 -0.72556971753298804551 0.48994424377815315452 0.48322171204094960251
3.1435133182244432426 3.8667211715159099938 -5.6377905482756824895 -0.99969443021176973563 0.0016570232523785075052 0.024663748245089243266 -0.019265217241731913411 0.57294271695302101399 -0.81936896114953150505 -0.015488628350679751675 -0.81959373921745404257 -0.57273572005526363071
0.26883567723766021995 5.7575077243520116355 2.9056560273119971249 -0.9351751788809327115 0.0013249786931820162206 -0.35418304481811613282 0.013625289393801903043 -0.99911820654783300988 -0.039713484277667097933 -0.35392334804891112388 -0.041964911247383253345 0.93433249431342657587
6.0585257093124749161 -2.6670815757749326558 4.094293772006800225 -0.80463193101115015882 0.0053851001177258042349 0.59374948951057815449 -0.03034791315785757837 0.99827897256400455195 -0.050180644708637915652 -0.59299785814473937595 -0.058396006996497794306 -0.8030837108312209871
-3.0963870066146377269 7.355538033620852012 -1.9533389677739028123 0.97864600134009882559 0.00057280649734196365051 0.20555212466351202583 -0.15436598871197085292 0.66237122699965267358 0.73309992441136961894 -0.13573188862590732096 -0.74917556656352535249 0.64831537454730514547
4.700802653267043496 7.2603157419747894608 -4.0063637146773416475 0.82029782757644609248 0.0096690076979052217571 0.5718548630234632224 0.090914566421333192769 -0.98934846657372166323 -0.11368444616795644886 0.564664516049878773 0.14524504114852604397 -0.81243945148918428334
-2.1739515889365659262 2.1336143192899545973 -4.1863882483177725646 -0.96482329256740817502 0.0033218472651194829587 -0.26287825975191203565 -0.17107801203109410104 0.75131032123351371155 0.63738929627624318908 0.19962045967015046299 0.65994072956498850413 -0.72431340284593981327
7.1212654405299709026 -3.531108174190392468 -0.67011522157590364124 0.96354147167900439097 0.012910521852464924494 -0.26724735878999189564 -0.26516706399838502195 -0.087182977166013669867 -0.9602528607939145866 -0.035696785922223805976 0.99610865216501076613 -0.080580968949503992138
1.9049807922401178484 1.6188428353411694616 -0.53772918751634268819 0.93956846016813000411 -0.0060239760720841584174 0.34230807815437597208 -0.32708255762765958696 0.27956187632379719821 0.90269715730258637265 -0.10113411468549526884 -0.96010877978417863421 0.26069718415853276872
2.7256047512841088398 -5.2099190483636368398 -1.0433939994146692598 -0.96214343783139544275 0.0034010773146371832409 -0.27252236185511552469 0.15577767413185417134 -0.81362696090538544347 -0.56012898936754640378 -0.22363658305390382575 -0.58137733113782374961 0.78229602936418940473
-5.6152615246700383622 -0.80113557335433660533 -1.4068707103455644347 -0.95860572315485514938 0.019523356054607979987 0.284066728257908796 0.25837806737116797429 -0.35957606113056839181 0.89663026413527946445 0.11964882714134912611 0.93291151500565949739 0.33964726310323412051
-4.8961901109779137897 2.4066366622231414318 3.0195121577802264135 0.79075617868674652478 -0.002276074990966145406 -0.61212701733486485356 -0.13212351385214743393 -0.97705622560906002505 -0.16704642793533469591 -0.59770230295360027295 0.21296936747148703661 -0.77291397035030073859
6.6639732028643479111 0.25421714051569921367 4.4396953215953818273 -0.95826456049815822436 0.0081633272600366638128 -0.2857663244355014287 -0.21112170976850497262 -0.69419664237017009167 0.68812691081404220306 -0.19276061775615938032 0.71973910676722485658 0.6669474960085640669
-4.3171646981471907267 0.82465264257631687439 -5.1422567216083674424 -0.76854934926324391942 -0.00044398918310882334523 0.63979035677353768286 0.52353521936044400409 -0.57523957069237385831 0.62849845695822548208 0.3677536836471309023 0.81798486488643873393 0.44233244170050078914
-5.4257351097608390589 5.6342903562674715445 5.4970743933884023136 -0.60838772887736081163 -0.0084779015759405326053 -0.79359466765881470085 -0.41600259896576302632 0.85497136602935830396 0.30978347425862351461 0.67587440327713876886 0.51860590861936328722 -0.52368091672308236806
-0.13697601807098933047 0.18808223205047513993 -5.6883978927452440999 -0.87541890732274330045 -0.004196205547075487069 0.48334679947310260628 -0.082177759178217069103 0.98669693321928386709 -0.14027108708581215168 -0.47632819840770762587 -0.16251631867226223882 -0.86411798590639432582
-0.098527668074691543421 -3.6719983470348380727 -0.32860231008761670024 -0.99955386724065342641 -0.00060270761120932801053 0.0298614002952388366 -0.004213818945965423432 -0.98695034834951578251 -0.16096972890221203367 0.029568737104263307508 -0.16102374556728532573 0.98650749776653801071
-6.402433456457691463 -3.0656652995000279738 -3.8110622177778354924 -0.99675286864199319492 0.010659720721531266291 0.079812838616556691651 -0.060116776146230295474 -0.75794181068823052172 -0.64954613757342716251 0.053569506994955343182 -0.65223506649426599147 0.75612150211161066604
2.0773617523426195497 -3.4376320529142221361 7.0181429380723931999 -0.99455169844331725582 0.014349868535273896386 0.10325212054201293732 -0.036715453265654535153 -0.97523190625266864551 -0.21811626376374856906 0.097564822630400740988 -0.22071884899073287989 0.97044541066735390267
-5.2125530211294623939 3.997543084663440105 6.9432675033011355126 0.91991694163309589705 0.0059069230612858441426 0.39206878064474764978 -0.1632477019570249821 -0.90334191836783284124 0.39664034883643223273 0.35651508846341989356 -0.4288805040793197132 -0.83003524317863586202
-5.7751900143783121422 -5.6458914030618503332 5.9292950132227604243 -0.96107645192220247932 -0.0064451338619386112222 -0.27620737464852845866 -0.074377457123572854325 -0.9567843357353404965 0.28112582372206879056 -0.26608278304419741289 0.29072701137161482965 0.91906352197565266415
-0.95076454998843706878 4.0727241621460459342 6.6357274271932586984 0.88555757255866718314 0.00067764309336062935728 0.46452914492397157087 -0.25255434462545023333 -0.83859093835501052894 0.48268161464854392184 0.38987701739759578201 -0.54476121274259703409 -0.74244941403212649789
4.8450716190144040851 0.036297146886265528598 -2.3397856431216212947 0.98068171117425961825 0.001717138315955690428 -0.19560274232294561081 -0.17428500951897329951 0.46169368356660867025 -0.86974920408791522863 0.08881507093523435814 0.8870377635651286452 0.45307382310619009891
1.3148393723512643572 3.5674910028536523932 -7.5147726946817581251 0.99934646198356136271 0.003380292720205109111 0.035989200352715237929 -0.02424823588772816868 -0.67568877254871007043 0.73678810095427893501 0.026808058065297089845 -0.73717925653986871026 -0.67516521811335727943
-4.5956093853952548756 0.080286482483456100834 -6.078820237705801155 -0.84886473253158900576 -0.0016983382773831995002 0.5286073982750176814 0.2950008945533009741 -0.83131230468926942123 0.47105660411984479063 0.4386378210742815642 0.55580299362206309066 0.70617270848141988626
-2.7384453177094982834 -1.9119165909836222106 -0.35265473091051846577 0.9886227381319336871 0.0036851953423575993518 -0.15037121062188316123 0.13409360614515575261 0.43132564708316023516 0.89217548215553110769 0.068146800655546610481 -0.90218878595540852317 0.42592418111299684691
-6.3027961180842817512 0.033928805418056852405 -4.8729534759770478658 -0.98573059702122378667 0.0056220614633599227256 -0.16823668601468624861 0.076128420209513020245 -0.87650158801670807751 -0.47534138241959722482 -0.15013212092250982632 -0.48136613780893405812 0.86356643498812613036
-3.7211634731437097656 6.1705130483245467232 4.1099482449092237246 -0.92036267616925016011 0.0050843516256679098173 -0.39103285499189860408 0.33377710662803505848 0.53125188970493408824 -0.77869395321648648967 0.20377778928428949556 -0.84719866563485757283 -0.4906414511034339343
-6.3417724984113856834 1.0313329708306187005 -4.5557649087412128708 0.802287774290270983 0.011091065605511582493 -0.59683441211795129622 0.57570659305234483938 -0.27865558252997923994 0.76870864769507063485 -0.1577854427395791459 -0.96032705605368184898 -0.22994716669465492531
-5.0711489886804681504 -2.8841692897973039145 1.6901572190482845315 0.8929434177442678866 0.0092737438317254117237 -0.45007338333056279289 -0.44990696066378188522 -0.015717973870593999336 -0.89293710419243432774 -0.015355111641169278541 0.99983345761815511921 -0.0098629394067236749594
2.1361527220067202393 4.841567130730401125 -2.3307584935678913318 -0.93634961818495299202 0.00040591056933043760668 0.35106869379319599611 0.24484388007887830652 -0.71590327124055996855 0.6538608266405330216 0.25159663533704768046 0.69819935653342168891 0.67023636996459479143
-3.4556748819397484773 5.0047188114136522685 -2.8340403994643739161 0.99825341938731237956 -0.011063974434487890836 0.058031880473126108699 -0.011512443342418399866 0.92704281156644618989 0.3747787202753550817 -0.057944579813972774129 -0.3747922277643518929 0.92529628318576340185
3.7691724163383786284 -1.5635801608084460845 6.3330034775591999008 0.91746780726684773466 0.0064056154820522452631 -0.39775845775943385885 0.083874280649062715742 0.97427905169366313398 0.20915409266017370715 0.38886749372308665462 -0.22525385129047567623 0.89333239883273973803
-4.9672377313192468407 0.87413422256803852139 -2.7365593725572563422 -0.9041494993918015588 0.0088091063701633640776 -0.42712537081573087594 -0.42486034203158429268 0.086310765305632239364 0.90113491862275274524 0.044803710988559106165 0.99622931669228442786 -0.074295195297790189715
4.7605430976472984383 7.4667103353291723877 -2.4482232414018150202 0.99542847875013007464 0.0023289385079642696205 0.095481515167210539996 -0.074312621173203780023 0.64688661141293746226 0.75895674864193263254 -0.059998150201247102409 -0.76258264340345904841 0.64410242504770365279
-0.052368229064761628866 -6.1313921905684063418 -7.0992145532977364297 -0.90821094922497669355 -0.00054464643064477740939 -0.41851233562231515695 -0.41344490749097945193 -0.15398195143496509751 0.89741454584938118444 -0.064932119767942636512 0.98807351041941371417 0.13962291298317014432
-2.0516625907439847154 -6.9313730112537541572 3.0077644569879793401 0.85660442446346907186 -0.0082096908803285899292 0.5159083842749692117 -0.19065073295975726309 0.92407823882452733155 0.33125776451704880277 -0.47945923498400955243 -0.38211517832523123062 0.79000432434378253799
-3.0078963550977912966 -2.8687725699995119122 5.0972469582280712785 0.98793443434289840432 -0.013680686775840339084 -0.15426727536650880479 -0.15477370624805894539 -0.12282268362258910721 -0.9802855136347368159 -0.0055365416927039756353 0.9923343323684620243 -0.12345816906553831738
-3.0691925919758311636 1.4893695455126141347 6.2824417476337197641 -0.692477950256887409 0.0069998919081349624677 0.72140508032681172068 -0.40968592168809736531 -0.82689275679428431154 -0.38523475223732411843 0.59382803401201900151 -0.562316076841241963 0.57547275847529633097
-0.7250496597498599094 -2.1058497777331068868 7.4323536888075052431 0.95331425308611383862 0.0066534449428038424865 -0.30190671826457798899 0.23861767338033251784 -0.62932688370015243962 0.73960075676200276451 -0.18507712125873873599 -0.77711222170458438274 -0.60153391763382313417
-7.3315369475995950665 -4.3128116140541559176 -6.8258072274671066637 0.9583220773157693495 -0.00095318313994753036886 -0.28568844493815276353 -0.063539443374197729364 0.97423738254669711711 -0.21638914386845123361 0.27853462130402845132 0.22552297863052461757 0.93357262751472369633
-4.8535580332131971204 -4.9776581580919065928 5.227997050715694094 0.97295049559229618286 -0.0029265198826091661302 0.23099517009710382465 -0.13122144254990636414 0.81594442771112041246 0.56304140514022216202 -0.19012697373572862158 -0.5781229336123189233 0.79348951315660232186
-3.4449017702592956702 -1.2048789278156113447 1.3624989683630064352 -0.59506173991287558689 -0.0064748312441679552881 0.8036539070098321913 0.63831935867162614695 0.60376932880713429785 0.477504967447241635 -0.48831334411103655135 0.79713278326268310892 -0.35514701717877683596
7.214313734846464321 -7.1331687032226689382 -3.0476960032134532419 -0.99133848715237149474 -0.0026878758370231202457 0.13130414774032964087 -0.091270996937098308743 0.73299247058322392068 -0.67408578325491641525 -0.09443309276113089068 -0.68023144104917399044 -0.72688897198930968457
-4.986138164120156091 -1.9683252589898827534 -1.5175653194296749859 0.9427614266849489999 -0.0048368730931245837792 -0.33343289731760561434 0.25754526769243502038 -0.62460101862366756986 0.73725436765305341069 -0.21182853312088836817 -0.78092904427536891099 -0.58760403365100255524
2.7725721049667848561 4.9822734832111432723 5.9143751547408429659 0.97666832022156724324 0.00078259748487517592774 -0.21475190294149790193 -0.20751009989981811232 0.26096152725474192069 -0.94278239256598861395 0.055304165443254379997 0.96534888451486233762 0.25503525334859089568
4.2378460134283306715 1.1429487585072208855 4.3090952013086107897 -0.84147234937806647537 -0.0046774779414867923705 -0.54027993339769686543 -0.46225392778925478154 -0.51146796457836796179 0.72437685458148759476 -0.27972413459607553543 0.8592896149786352078 0.42822396723481526148
-0.47475732544014559444 4.7994619710108104016 -2.1180673872221369436 0.95861285355366565586 0.0023055221329202576531 -0.28470349764140306936 0.099362596932948119011 -0.93980392944140911382 0.32694899990227149766 -0.26681167765356872401 -0.34170639264438240623 -0.90113720924934648249
1.0693937137709119689 3.471629934731939926 -0.066599322265741625615 0.81949599931705396916 -0.0058792683387185696794 -0.57305474547121426632 -0.34410018725511609672 -0.80467951792838754432 -0.48382428066148597257 -0.45828088355762203188 0.59368030759866963209 -0.66145470301097963883
1.1187494376294120357 -4.2135777807845462561 -7.2347663225269673859 -0.90660757439593542273 0.005099807836089562639 0.42194395126377337579 -0.42135557473874868384 -0.06509027460065067161 -0.90455665150895370186 0.022851382554300348621 -0.99786634782036220948 0.061160168434300887785
-2.0048405319928055413 4.9715468139121403723 5.7823560323160068108 -0.99681538994057972136 0.0051408549640273252385 -0.079577949130046191084 -0.076522559023882802398 0.21910034452143556383 0.97269693995152450849 0.022436049962922519074 0.9756887878011678561 -0.21800920398286988133
7.1978509537068067203 -5.2108517674115093499 2.9558023970921434298 0.9999829416660893644 -0.00081366682917032679898 -0.005783971224936693134 0.0054042630200170265267 0.50456804990448222981 0.86335501212232812485 0.0022159237465653211334 -0.86337154282606309863 0.50456384008380872341
1.026680101494019226 6.6329273119166680672 -4.0162094941278771998 0.91471618944543486851 0.0048618940548900684701 0.40406763635889886288 -0.19746489644362855143 0.87779053228045389456 0.43645320036757445648 -0.35256475637675727119 -0.47901998228141440261 0.80388926422498985236
2.8597298532673076643 0.24247429709988660429 6.8206852935506718794 0.9684879516169248026 0.0043153434543187277339 -0.249023021794788052 -0.19413254613933150772 0.63943808596793505483 -0.74392976062481996902 0.15602449199544718428 0.76883048328261027748 0.62012583067713666907
-5.1818150125084896374 5.3743074023759405122 -5.0889353524191287548 0.84388517892341641247 0.0080996003303424844721 0.53646267462682672988 -0.53538802011290131944 0.077739304726647556754 0.84102096788388891468 -0.034892301627968289046 -0.99694081919398891412 0.069939476063201597156
1.5954964939665725598 -1.1448242626791700349 1.1123260060926665194 0.80536600381753442601 -0.0098397884954219139164 -0.5926961940633114212 -0.28014418243114608265 -0.88747597133736977337 -0.36593119209621643995 -0.5224029450002068975 0.46074893256665422347 -0.7174995360234245334
0.18482740962758498204 6.3133573710087835806 -0.18740078769754311971 0.32677066064516846478 0.0074365546698010754484 -0.94507440606333392719 0.80810728327029446305 -0.52073428788792319732 0.27531512879494096646 -0.4900852518357925458 -0.8536864172940392681 -0.17617022126478754096
0.17060271442473701198 3.1715927908000995927 4.1500346749012040348 -0.85371333186392872605 -0.0051376419393582995615 -0.52071791944697454202 0.33398046150614868477 0.7618063255566870362 -0.55507492618019982356 0.39953798108560334423 -0.64778447571485708867 -0.64864834440006413629
-2.2826745913509252084 7.0302775719129009246 -3.8434264982243577791 -0.95262836547770646245 -0.0050547645669597601747 -0.30409479877580664064 -0.13015000271196622283 -0.8969105603246190217 0.42262563051999135766 -0.27488210942397933723 0.44218310249656095356 0.85376456343951812045
-4.5640325331919191498 6.1451864893616257035 -0.95652875800966152831 -0.78230803067175624932 -0.0059718745588703825433 -0.62286313252648906058 -0.079689886356662534284 -0.99077737779276553454 0.10958882090069343995 -0.61777315185990122615 0.13536810690926620593 0.77461720125033184381
-5.6263019552313160432 6.9168426055750300563 1.53699538723056639 -0.99669901409291572492 -0.0020269202497348298014 0.081160131225328752125 -0.064132571813383679182 -0.59332071980029599256 -0.80240733838132805023 0.049780403160346438363 -0.80496361100977109615 0.59123218485748174622
-6.1733653229771645599 -1.8197358640807550501 -5.6994146850165163798 0.92937734362465740379 -0.0073116044674255064803 0.36905865874850463104 0.18199030928549148056 -0.86076934084143197357 -0.47534794539726799023 0.32114993458393648051 0.50894271024089843269 -0.79864888230640329603
-3.6854198681210053046 -4.8979700618835257941 3.0463331699624216498 0.97254480018960343113 0.0057604425982162744263 -0.23264442594896256322 0.099662125668298545689 0.89307047303422981699 0.43873977583707246541 0.21029520282533142872 -0.44987992564173912013 0.86797694679823067521
-0.10677448527827865243 2.4499981833402983966 -4.9512345775227535327 0.95734693379572499694 -0.0015704209239613305116 -0.28893664033814303593 0.14361390417625549687 0.87030356988439194765 0.47111224010178293087 0.25072274503740588081 -0.4925131775136724066 0.83340798838046559194
-6.5454969614245763765 -5.4141601407460147044 0.4614152361369571187 -0.98563448296200584231 0.0067068409389158412798 -0.1687592494672576493 0.092133276595851104629 -0.81608878791560801602 -0.57053531843541926971 -0.14154902097807214867 -0.57788762620690803384 0.80374732729696751754
4.8775615510646987971 -2.9288096007958452915 -6.2619814970393017362 0.90349130380436570853 -0.008615913873991784544 -0.42851981281846596161 -0.0079487374659066804133 0.99928915624256109407 -0.036851048678966262517 0.4285327076461785123 0.036700793508547338573 0.90278057701380054478
-4.0680432520200646707 3.18300567332541684 3.8002739353178460746 0.86759569458845609002 -0.0084412172307188181736 -0.49719860879053673353 -0.46169995883649839197 -0.38503075177009149499 -0.7991148028923676927 -0.18469125247817927415 0.92286513968350392112 -0.33794833216782937946
2.5043990742408834826 6.4586770686287007237 -6.9964846422646509438 0.95873323009881250556 0.0040699833489687723895 0.28427808346724664501 -0.099399593597808796885 -0.93199701973288029411 0.34857033149943628114 0.26636500201194440729 -0.36244308580051598501 -0.89313195848026072365
6.9719076246445119693 -0.5654526343722673376 -5.808494327027261761 0.9730946472682232562 0.0066712291347901502697 -0.23030914475918068396 -0.15388559651657499061 -0.72513038648194327873 -0.6711968010839910459 -0.17148186680412561 0.68857927452296996407 -0.70459389158217822224
-3.8123189577741616318 -7.4703798248171322527 6.4599494726524540056 -0.99154501157656904642 0.011256703798614018514 0.12927403698041475821 -0.049197218056151251209 0.88924407190154552971 -0.45477974264867410126 -0.12007549189220444175 -0.45729450817565253651 -0.88117172505669105753
-1.6697131395713884494 1.297024615439759998 2.7699022199431193592 -0.66894130108900795584 -0.0027480321311907128859 -0.74331015331191696571 -0.6396217964182454585 -0.50732106743026528228 0.57750263383648070548 -0.37868389620355630276 0.86175273881826230937 0.33761031366825172695
1.9003398322362730077 -5.212564281433080815 0.66421768914500833869 0.99109417873168437207 -0.004374117293644003493 0.13309093125357307486 -0.085683432843451701189 0.74412839373973205248 0.6625188925354881242 -0.10193467624024982188 -0.66802230556178898713 0.73712652987911286839
6.8829886121970309532 1.7074889936972394988 -6.17669233227754777 -0.99975648544705997267 -0.01207827830390642565 -0.018468486668861472388 0.018815465857152748053 -0.90385577267306249638 -0.42742335038010448311 -0.011530310108672213801 -0.42766675975426698963 0.90386292907168630517
-4.6444130795841527259 -4.6953178191977151812 -6.2667307904891229597 -0.88515985099468363906 -0.0029333030198449962581 -0.46527780295255849463 0.2896975672392979595 0.7790334397236245989 -0.55604156259035575349 0.36409800565597166822 -0.62697551429521947153 -0.68871935267690898019
-3.9079776725488812872 -6.2210626604548480145 6.9726867317916614297 -0.99612450303765209814 0.001717964253007759701 0.087937608830820773731 -0.08736408732910826147 -0.13496674745460560119 -0.98699113133128280051 0.010173037561186329403 -0.99084863913736365149 0.134593772613852386
0.93256360848209884917 -4.7646020667326549614 6.828030626788052615 0.97223490446014848576 0.011354178051936185748 0.23373141250178347539 -0.040977744154252565556 -0.97512796025423698065 0.21782168306759266962 0.23039122169334455559 -0.22135162924894538627 -0.94758817067088707553
-6.687451572750058304 3.6143086590472117692 -5.7627257028595817445 0.71216735527353858259 -0.0061070823760143574596 -0.7019831633504990398 0.56859497773847644808 0.59149043614496743526 0.57169818544389039428 0.41172491954395018521 -0.80628888588027702866 0.42471263594660829677
4.7223720829874986649 -3.8210799724268218469 -5.7569358610674035148 0.98662876445675240511 0.0038616312812963728314 -0.16293792974822707276 0.073618711504983738725 -0.90248163728301700193 0.42439036238268451617 -0.14540965051580098666 -0.43071101932828531611 -0.89069863105660418423
-3.9229646512102989142 6.8386280223523270294 -6.9100724543848626169 0.98270929973447940231 0.014132504615244441057 0.18461501707217156665 -0.18105639060809111673 0.28198309276035549154 0.94218051286214254958 -0.038742943037632315839 -0.95931528066153737289 0.27966618789937525147
0.2927785301816577257 4.4863719203120062673 -7.1787104858285744058 0.94070737786929470303 -0.0036272402396943966008 -0.33919975287513065565 -0.13967015933108764547 -0.9153908252927859257 -0.37756043696623414752 -0.30913083931353280143 0.40254997217487953343 -0.86162152020898008509
3.5379073495963297979 -1.2764079105750445464 -6.9817459674633486344 0.98269788855190598476 -0.003720639481438926463 -0.18517833749474657545 0.15301663725532274607 0.57963993583335715609 0.80037706958047039052 0.10435884513805249174 -0.81486422281814752111 0.57018026080570571867
-4.2612002819295407008 1.3026678229837325151 2.2976564710585583029 -0.99998898571567917948 -0.00097350859851657017136 -0.0045913754330142737131 -0.0020736570544029908104 0.96923456264971696861 0.24613017391538619116 0.0042105099191698273572 0.24613698390567365082 -0.96922590594754731708
2.2280204722519099114 -0.82481456366173022676 -3.585736850730836256 0.88756688222153146128 0.014124575346679029558 -0.46046229591017101557 -0.27303419780679588635 -0.78893228390430436558 -0.5504890355325244844 -0.37104899462422297196 0.614317790548883913 -0.6963736754097187287
0.88315238864438438959 5.6214267846474319512 1.3151267906544157338 -0.99473528378593512045 -0.0092399197223960692626 0.10206046773845839359 -0.097201473825807210849 0.40052402678051884921 -0.91111600658615476966 -0.032459030755007729774 -0.91623966725688199553 -0.39931351525759384291
2.2489851858611329405 4.9429359462459103725 -5.9287054436102515353 -0.96438920701666230872 0.00078365678698066865409 -0.26448599825245155959 0.13595028524481725385 0.8592463704791379886 -0.49316649801082385052 0.22687216076776961504 -0.51156139484960017061 -0.82875446422217735609
-5.7110784387275810303 -0.46673430582811353817 4.6058395584897890984 -0.94348429921962617684 0.0025849167743417465759 0.33140714435759488499 0.053198286754863183257 0.98818417513126266538 0.14374275044825457481 -0.32711973253285592245 0.15324932047263817303 -0.9324737671175007403
4.4395559911256778918 0.077766363950600880806 0.72130225189855601275 0.98167692910025017294 0.00076695544134232265104 -0.19055135436856371345 -0.14905681196801931487 -0.6198899075201469433 -0.7704015637060694921 -0.11871172510868928385 0.78468841863137339665 -0.6084173008615433309
-5.4891681519932351563 3.3543927931047203828 1.5801318188698849632 0.99128690725881463131 0.00083897682981156577325 -0.13171774221825152673 -0.13140272085760482113 0.075708583742785592885 -0.98843388008444543757 0.0091428905939425347826 0.99712963373145802048 0.075159171669453517239
3.8538980161223417298 4.2819909125529473926 -2.3550651936443829371 -0.95473162160686686484 -0.011003032142038036978 0.29726497268886820091 -0.24039934397509138408 -0.56003359593881352207 -0.79282439848694441498 0.17520184394115490001 -0.82839682803804737254 0.53203666149636330562
-4.4915480517636945379 7.019910734521829454 -5.8377987302817482274 0.94703726565476420429 0.0047558374834256317287 0.32108846050732375854 -0.12795572679100064573 0.92267273575708563804 0.36373390640957198316 -0.29452970893023322496 -0.38555467148047656289 0.87441400140736691426
0.8303437841060680169 4.5523745108690052419 -5.0638281411467298554 0.9915363385356599224 0.0036482556274516483516 -0.1297781938316081296 -0.082220598193482749561 0.79124856679101573942 -0.60594181138431757461 0.10047617924671245482 0.61148376575509955089 0.78485166854769305989
-4.8070693628142731058 -7.377062416641471998 5.3046044128250526839 0.9775773261502219702 -0.002387742520071147595 0.21056322110644673518 -0.063517700500249213436 -0.95670519775885010105 0.28404342327254672451 0.20076870553007283848 -0.29104890184795734198 -0.93540497305328407229
5.0301769111415239877 5.1244445973706058695 -4.247217782871498315 0.96216409355582366292 -0.0013224750584226755909 -0.2724674441683884174 0.23970564004699659866 0.47954223605606949299 0.84414480390987522984 0.12954328698006783993 -0.87751780318009786619 0.46171532560684935831
5.0592914329177647303 0.3045957585806878809 -0.68094580012679783998 0.99344119035694455899 0.0028450396796857457815 -0.11430882315575721653 -0.0078023983284248293185 0.99904700708583338287 -0.042944152257481119084 0.11407770984003869075 0.043554372708224729782 0.99251664607480216684
-6.2654155837810865393 -2.7677990452928016296 -1.9550941623043260886 0.99814066984291982543 -0.00018482591742525946582 -0.06095218654731164587 -0.034707656894872006281 -0.82376524451173871455 -0.56586765280173589865 -0.050105705846574137563 0.56693102558772257016 -0.82224000782479811367
-0.11843260100471786345 -5.2666737585036207392 -1.2213403851608504169 0.8362098295032728279 -0.012051460641391930836 -0.54827719571259736497 -0.54143364561799001144 -0.17709741856858610132 -0.82187962119114521542 -0.087193626113952496515 0.98411953879226776731 -0.1546156684567570605
2.396630365550862507 2.7664869222215777711 3.9872671276828124398 0.98596414213040817209 -0.0046511235799182428299 0.16689241289694309311 -0.16613819732843973509 0.071558454618338179776 0.98350266240672690188 -0.016516955578451598952 -0.99742556344925736855 0.069781341032834134919
-3.2877954959370532251 4.5965308166217777597 -1.5623136210481558539 0.93981276786957657077 -0.0034952963442598005209 -0.34167198341819488006 0.027675493495199529614 0.99744095624322792748 0.065921209548731526939 0.34056721569942161043 -0.071409535161829781891 0.93750447992462782043
5.6439193646293377427 -2.8604920192677152357 1.9697279218606780216 0.7789143112455634288 0.014377902406332455226 -0.62696552669124738788 0.62669605789205318214 -0.055045636580483316147 0.7773171996786087945 -0.023335525695035032323 -0.99838031521848824568 -0.051886408862945911091
1.520658317880640098 -2.649076656713151845 6.061910375575958021 0.96374712625412195521 -0.0077063561868396610738 -0.26670599676685152746 0.20558905606763128171 -0.61569757952181414229 0.76069023300965921131 -0.17007238653670275763 -0.78794486015542886115 -0.59179243041155593641
4.0838837477674481136 0.21159538186771933987 -5.51754955561829874 0.96159876994362603053 0.0079528575210329743861 0.27434386761889206774 -0.25013796695581336227 -0.38598704196889299656 0.88794425552475664265 0.11295487209531687722 -0.92246992118399517846 -0.36917535315963284637
4.4234160778766717925 2.3197835071608703394 -4.9985558178312112787 -0.99751536208525048988 0.0024373518279614102972 0.070407114128900702421 0.024533982307772574105 0.94885898070312224561 0.31474548201863039587 -0.066039277070648244594 0.31569082035286716303 -0.94656120765057294442
-0.029375282510413228132 3.2899568604295548191 -4.1351968680912696286 0.99499581431337924542 0.0055443756804030106672 0.099762665347435552921 0.022891008244440312625 -0.98455205950980184681 -0.17358929649193904909 0.097259093356193038193 0.17500429141407217171 -0.97975209453525435865
-3.1264549883298218269 -4.1782532921736965648 -7.0885367436780368777 0.97581968897612147984 0.021134607758725689614 -0.21755289692727919348 -0.19275858141442234195 0.55247478331310095889 -0.81093510412018354749 0.10305369424570187675 0.83326162887666210821 0.5431896482300829776
