1125 14.717824617146108679 14.977075390850430381 15.033177056927090831
-5.2282756169936277502 7.2605088300704174742 0.20401583109201501531 0.96489579877622178028 -0.0055254518539492002149 -0.26257487862654471655 0.053959010759857053974 -0.97427940681119262756 0.21878771131284924234 -0.2570301979568802575 -0.22527562417075783219 -0.9397799585502402131
-0.88902263558414984512 5.1816578062419438311 -4.6752611341638274922 -0.97581754938026687984 -0.0030501660751546181942 0.21856533761872415367 -0.21576693993102999403 -0.14664592859195516028 -0.965370187679412739 0.034996256289536946393 -0.98918434485914386034 0.14244154566484912294
-2.0322418436040310397 -4.8467582159204285475 5.5151745143068646726 0.95636799219081747303 0.0049209036316216012846 0.29212334418911900524 -0.032104824128771629332 0.99557324832971250128 0.088335652359842878334 -0.2903954954547758871 -0.093859959075381138582 0.95229237332972449526
-0.67264328600742406827 1.8352207265385651613 4.6600066435769056383 -0.95218387856327724172 0.00045453860616362709579 0.30552521139646210413 -0.27849492004891440722 -0.41253007593687990306 -0.86732895486914807215 0.12564410416375920709 -0.91094386755838829828 0.39293107442229541215
-6.0480643895506931429 0.9680412281983662437 0.35100299225874198594 0.92702977344067394316 -0.018964094227259455094 -0.37450789348791452271 0.27964834101977970038 -0.63040706862802331489 0.7241434479361010812 -0.24982514789248619347 -0.77603304759144386971 -0.57910284451596250044
2.9222027602052165207 6.2628661837096410991 -4.6893057854168445076 0.91527812376827744067 -0.012206144370240940705 -0.40263751215068876999 0.27684596845104730845 0.74513367418624165683 0.60673892025001030515 0.29261282593844606392 -0.6668034325296835485 0.68538377312494636051
-1.4872871332703350156 -3.8575040544826673106 -2.4843125248731872112 0.99995051193471806705 0.0038879261852021607809 -0.0091573856246166297768 0.0034994359519352211466 -0.99910877992808344583 -0.042064234436174866016 -0.0093127670172549678607 0.042030107074152799063 -0.99907294151624859158
-2.5470341847416002601 -4.1467794685163195112 -5.7399367415927633473 -0.9230664258673010325 0.0082414445262345148446 -0.38455227476742159798 -0.33910536659762313683 0.4544221069692958026 0.82371603058477360637 0.18153766491105621794 0.89074835239232685868 -0.41666707204778330453
-5.4268752948637111189 5.9842950654957904888 0.94945882590312968841 0.93991725012980198439 0.014481354875558591008 -0.34109507951513157176 0.19508234930837548005 0.79714121884905819737 0.57140944531940085493 0.28017573038502718852 -0.6036192239921015501 0.74642172565538222884
-4.0777350021535818669 4.0541185851243897176 -0.84614092621586667331 -0.89305967833668442601 0.0057414845701975261716 -0.4499015962230434873 -0.012816800860366260595 -0.99983743602460339872 0.012681921757826043751 -0.44975564537299650425 0.017092012131292931565 0.89298808646952521073
-3.4277723879479267133 7.3313609348112764863 -4.2144754233053713932 -0.98171992824731657556 -0.0079725234943521169906 -0.19016419576574808414 -0.081270387202143218319 -0.88590177112939305637 0.45669812357167788308 -0.17210783435425425214 0.46380436692530946363 0.86905949311593955198
6.9674934744329313219 6.8941221042752367509 0.12572703428165471484 0.97350122799807470297 0.001175664134814732387 0.22867876355277613754 -0.22327642778838316384 0.22102099680512157787 0.94936681834011882319 -0.04942667174952176945 -0.97526834091183944864 0.21542670989141984861
0.83032471153986253665 4.1135108560599169536 0.3131981213579630996 0.57372756730460194863 -0.0079128359599568223737 -0.81900797648241996374 -0.35520726346145353736 0.89861913455651165616 -0.25751009881811992575 0.73801387419145592084 0.43865822463068238068 0.5127518731949154418
-5.8830289304525358318 4.5339229380675547532 6.846526126137981727 0.81129848325115383467 0.0092568536353887665574 0.58455887790305516294 -0.27096273974410595153 0.89195232095128762495 0.36193956791167325449 -0.51804822627325797235 -0.45203469757369868498 0.72614782754250661867
-2.5849613929937107493 -2.478241882718327016 -6.2910188635395529744 0.94115369852067920498 0.01146369567306831927 -0.33778439786692193714 0.22079666888804952429 0.73582163641967546219 0.6401682203800465043 0.25588776205341867698 -0.67707835813748895593 0.68999010875018884636
0.016209878081337343592 5.8052081126986863069 5.8725806149348160901 0.99668313094483851344 -0.0030131622985481833557 0.081324395742921676278 0.06219255672875464297 -0.61630871495104722069 -0.78504500110685815351 0.052486401834463035365 0.78749888173142745806 -0.61407710337875287543
-2.8438060301444942901 -0.16350550993877910333 -5.8643526321010570612 -0.97923738569006280041 6.9862629019775031314e-05 -0.20271689023397287954 -0.20250511452609293306 -0.046036149525445373143 0.97819852357669578868 -0.0092639655495826769838 0.99893977198635408588 0.045094466248238013195
-4.3916880135945097763 -3.0128700888019745996 6.0882532664107147369 -0.51944385721625052632 0.0069769933313268825067 -0.85447609724577100465 -0.518249701669773577 0.79249124953438743191 0.32151962013354190573 0.67940807024913774104 0.60984337413438782782 -0.4080388867557760979
5.4429060421272161818 -5.7858388883723081975 -4.8323167653237435459 -0.85514898393293081735 0.0093921858371938653914 0.51829721408042506159 0.48293667642782006633 -0.34893313700595007809 0.80313002213842898946 0.18839421922990537417 0.93710055636758948783 0.29385398655857664085
-4.3101049527266424022 6.0772825134815420256 -2.3510582417567782443 0.99556583606100479411 0.00014899031794623303002 0.094067230584921099346 -0.085726488244916326797 -0.41023691285605790036 0.90794088163457564722 0.038725124676663488787 -0.91197897625568369318 -0.40840508271407538476
6.584520624542459899 -3.2733902674204720107 5.49444340999833436 0.21838353154685133384 0.0028475134244592614427 0.97585886521385001302 -0.15316943821086767552 0.9877011038947390853 0.031395104129253413594 -0.96376748043669979715 -0.15632792787091048803 0.21613380721276795327
4.2470246959867905545 7.3366033351135762075 -4.6418229326301068127 -0.95292613237181944541 -0.005994351718585163788 -0.30314328953489783069 0.19949554888642559436 -0.76530018658710308177 -0.61197806364629214748 -0.22832720428613481611 -0.64364562622397603064 0.73047039339426866889
2.1530183460060818845 -2.0269724232094823435 -3.3126432104725074268 0.99409070677822997109 0.0036261881882144481742 0.10849201563466638609 -0.10815668773544617753 0.11836789304539810375 0.98706188903946467939 -0.0092626991398760075841 -0.99296318796580529398 0.11806061896088888841
-5.8012129372971745767 5.1391156293775681618 -5.2097196790104751685 -0.99987840174162112561 -0.0013521377017994143724 0.015535554523401330987 -0.015561357979624008269 0.021808083976015146116 -0.99964106138709218907 0.00101285168971302947 -0.99976126110035878902 -0.021826473249828372281
5.8293551291410814486 -2.8499846281124727732 -1.9181115082439348374 -0.94735605215428519976 0.0065841326311795941861 0.32011429153366405265 -0.2563184591979175142 -0.61474820093052906511 -0.74591252632401305878 0.19187849780789636989 -0.7886959481638949887 0.58407306343378739832
0.81056419758134701237 5.4858768230361700802 4.7812602203042828819 -0.9057025988402999106 -0.012448133593102072778 -0.42373086555481470628 0.42365840151686989801 -0.061263413985424161612 -0.9037479476773567777 -0.014709224247694739629 -0.99804400608232202163 0.060760189640339433426
-4.7985725395163658646 -6.8353187683327707447 3.7566598200934850915 0.76923126513119810532 0.0074178833648992931887 0.63892741039277944903 -0.39859328411009653514 0.78709760246699334019 0.47074489700170368822 -0.49940630212994613357 -0.61678386749102831477 0.60841680301889056182
6.3481587566032313674 7.4122387617310643293 -6.0468171355752069474 -0.81981284839141344012 -0.0012436714333617076428 0.57263020082212368056 -0.039963267525439175043 -0.99743517684465154982 -0.059380175492513349866 0.57123535505165712323 -0.071564804717086871744 0.81766047224072890831
6.2274971654659578846 4.5933204304518460148 -6.0971248633431534003 -0.96719644645061841892 -0.0040766833490530930695 -0.25399687916647945007 0.24936387569081563953 0.1755170516257155422 -0.95237147274002842412 0.048463300278447640768 -0.98446795033740419623 -0.16874289106394640969
-7.2119244957904360405 5.950992822443505581 -1.8017705278898887844 -0.9446483501694828977 -0.0033462252067765416164 0.32806751942073059114 -0.15131412961986404064 0.8916912306158123469 -0.4266037780190242712 -0.29110741780213150731 -0.45263180623945248326 -0.84284098101659310487
5.2052884004047248467 5.7006380642751022236 -2.141290792514928043 0.99966706134276639428 0.0088048362417048678386 -0.024253686832583748467 0.024075349359108929453 -0.65641128634484546822 0.75401896575108917631 -0.0092813802557657927583 -0.7543518396728359221 -0.65640472116115233803
-1.2622722784998852141 -6.1807337506902513269 -0.59304386849865675657 0.90160157653485795137 -0.0079119778341134767985 0.43249508413021159337 0.019084089864075143295 -0.99813164116985630958 -0.058043297715548392013 0.43214626540573436442 0.060585703778939202502 -0.89976606837197981026
6.7562323205927290459 -6.7861503189020284665 6.7906917195936973286 0.98619019004771713011 -0.0032256553278360283049 0.1655853381233623467 -0.12704948394002849033 0.62663592389488653733 0.76888610828586823054 -0.10624188291014757812 -0.77930546901209896138 0.61757238303186912098
5.7742488822417330496 -2.4324696815368218594 0.16675535172556646413 0.85535282871278306427 0.0049377148034830068563 0.51802235220662951054 -0.016500754351987684948 0.9997068770551821304 0.017716802037213600501 -0.51778302745351767467 -0.023701876320855949642 0.85518358119178550236
2.969375527612655663 -0.47265751695290803003 -4.308961550556418274 0.98262956917460608786 0.012185036435317608133 0.18517736003862275695 0.18535816025036480625 -0.11297941842374048527 -0.97615470261697245835 0.0090267498245506887222 0.99352260965706207241 -0.11327551318755328669
-5.067971992253931468 6.2407050657568783336 -6.2657712612319906853 -0.99949408155152674738 -0.003150992652638500563 0.031648889215380782147 -0.026167397824886542979 0.6470960922259337833 -0.76195926053625073759 -0.018078944502975331093 -0.76240194036423969415 -0.64685116765327821398
0.32312975867865395552 -3.8233716740144014778 -3.5082032826578353202 0.94192540374970135097 0.0096721728468282426594 -0.33568286051480605847 -0.21582285155950378663 0.78326013744926803462 -0.58303006254180489432 0.25728783592642001654 0.62161885923385262753 0.7398600971325617337
2.2601284619768482465 7.1280198814790987072 -6.7894345864649920941 -0.8525886633314413432 -0.0024491247824547195122 0.52257685841074230648 -0.50244601454574677746 -0.27107497161869670288 -0.8210154457920090243 0.14366827633736883874 -0.96255512130458775744 0.22988489472895284882
-0.32494010335737999462 6.6012993922326259622 -5.6522660521495229347 -0.81733894530784112487 -0.0055852014510704289796 0.57613006691875157106 0.38237871500360237631 -0.75324795129711052954 0.53516730298010661837 0.43097977538994614033 0.65771295364431248132 0.61779454822225221555
-6.5526614620474008532 -0.36925960148247749526 0.091863957731213835567 -0.88919336018641381703 0.0031926032858193733981 0.45752046455303763128 0.45570616230236460353 -0.083056905710320733105 0.88624683020783201481 0.040829668627037442319 0.99653969198331382451 0.072398760084124491598
-1.2057641579661559916 -0.68627593766128325292 7.2288377903488054699 0.46081613571757584769 -0.0082893548859227367265 -0.88745691481780852872 -0.63881159331612513697 0.6910622361087330745 -0.33816081096003708373 0.61609109497474268125 0.72274772391190744703 0.31315729318172286222
-6.5345928145654337271 -5.3067296323183299478 -2.8714925803059898612 0.76635397593644072334 -0.0011863802092182511305 0.64241744688979396383 0.3016830249334588876 0.88353968228633239512 -0.35825267939312704923 -0.56717628303153555525 0.46835480389054545691 0.67746205918800317392
4.348899897105253487 -1.893273482771970162 0.70196988038986751768 -0.99975743425333751802 -0.0018671389368242656895 0.021945077977485696885 0.008122393925226140815 -0.95742310343862013777 0.28857412863731740638 0.020471916670703332874 0.28868237700643567534 0.95720603102668311291
3.370595887950800229 3.5606071999006529971 4.9297896003644474661 -0.9328784001732711717 -0.011815300010018472965 -0.35999762384753403177 -0.35550170202301206723 -0.13055501822601836559 0.92551279141606368484 -0.057934707636410912035 0.99137066019809583217 0.11759159727380068261
3.9578395508811001768 -5.7541483089018763408 1.9444489268463229781 0.89850799930965796758 0.0045567556178693260222 -0.43893349286054045288 0.42885151036523239121 0.20421563671195763767 0.87998997481773233442 0.093646981980086113628 -0.97891532304923745134 0.1815352116406885874
-2.9208014181543688892 -1.9435667020261715443 -4.4204673281244266647 -0.29694674348752653215 0.005303310947738087977 0.95487931511016332919 -0.34365222580285725851 0.93238868819222464612 -0.11204678412130396337 -0.8909128909343458913 -0.36141832967375642216 -0.27504729001190042492
3.4041509694637714922 -4.2451426679744610482 -0.42591878645737268894 -0.97881069293463218717 0.003513968673203213787 0.20473709830152797551 0.1620607292189122639 -0.59786459426352334123 0.78504410511202205036 0.12516368259919791184 0.80158940795788957701 0.58462678146656232858
-0.85983594724854106595 4.4083458868111913276 -1.1693679730393331528 -0.83809458804868586235 0.016177403906685511314 -0.54528502004579992857 -0.35815088240095971361 0.73765539292613835354 0.57235693996168368614 0.41149168511522671299 0.67498356490342914515 -0.61243104117219648863
-4.3600978401598835532 -2.4475591740307174327 1.3951662035223075797 0.98732937200449388815 0.011156923728373454446 -0.15829161137000927195 -0.097417894959948875266 -0.74480603953849966459 -0.66013159082761241336 -0.12526158596622821717 0.66718774458160290397 -0.7342819952588757193
3.6612391157644403883 1.0313973670205087707 2.6715062366710782271 0.97997035808488386355 0.0061706548190268075554 0.19904778394680069931 -0.0081526451496281085451 0.999925000921105811 0.0091393057732208522748 -0.1989764600451012222 -0.0105790147016197357 0.97994716836970408025
3.3021362818794366412 -4.6627357962477455899 7.4014822740464554229 -0.97956798088962759863 0.00016887826335488381746 0.20111325738439655986 -0.085170281747876872003 0.90555025393189092497 -0.41560168516371248648 -0.18218834738432909681 -0.42423897638486213202 -0.88703365042895243597
-3.3368276344339360406 -5.0507074682024537537 -6.2605841433525650785 0.047053068704695083513 0.0031167072058531052059 -0.99888752863466112597 -0.95221630222003639243 -0.30197146651265849293 -0.04579680336809830582 -0.30177826713005734272 0.95331186898541653285 -0.011240904750031997794
-5.0046346380245445573 -4.3503446598655353128 -4.7589670151985066227 -0.97957367751613522167 -0.0037934470275080853577 -0.20104979501909980844 -0.1193589105664455835 -0.79366823044829348799 0.59652677261421716004 -0.16182972775721179981 0.60833900888957215258 0.77700372552344820765
-3.8523233119670670099 -0.94172062415269619517 2.5098520062690647947 -0.99731672413323335658 -0.001983042599117736289 -0.073180730428451051806 0.052125573755633147766 -0.72113284618705753015 -0.69083307876142019399 -0.051403076995939163407 -0.69279397059474179255 0.71930121505734290199
-3.690803225502085283 -0.60443228550712824187 -0.060034541646727682118 -0.79075340167420582471 0.0041805301000185732946 0.61212056076302545637 -0.41596162452414359167 0.72996447621945659279 -0.54233549614698595143 -0.44909351438641403886 -0.68347230128645941605 -0.57548295258002257757
-0.51466123813139819099 -1.5148346122376554757 -0.58664064743305488481 -0.98610067385066368928 -0.00043753756072441101713 -0.16614833610976290079 -0.0015752309056367244135 -0.99992696870873665205 0.011982315988992697092 -0.16614144479557010903 0.012077491864973571162 0.98602796842255324705
-1.8717295738142030181 -6.4515388078321604937 2.8553533513597129101 0.99833024266172298855 -0.00057813473720674194573 0.05776151268075629952 0.054894786115516860936 0.32074832786789608807 -0.94557235187327848269 -0.017980240384319480518 0.94716428138426567163 0.32024449257647619183
-4.9484395528623306149 -5.308890741680430736 -5.2172127497368929738 -0.98820249163215745369 -0.0033802997459895238637 -0.15311567230582756594 -0.15248461523361198089 0.11501528938076613362 0.98159050796439439868 0.014292573214244503471 0.99335797011058235562 -0.11417383924800483808
-3.6440535774822913062 1.9247491701495806904 -7.0189848380680368578 0.77307936958964751373 -0.0044624831512216226251 0.63429360280472080191 -0.62234483751799074547 0.18796863837847438417 0.75983859746716042594 -0.12261807179020001168 -0.98216489309610655045 0.14253747310856934583
2.4089041872554886048 1.1456736488845933319 -1.337419792103659022 0.98328263132183635342 0.002529552205503345693 -0.18206830670480658729 0.18205523726838959697 0.0046852587550963442631 0.98327714248497033456 0.0033402879924260059016 -0.99998582475750286136 0.0041464153301997482698
0.22495359608682746755 -2.5620932321638347773 -6.8100696780405707287 0.9880621148991433067 0.0082206391776466734844 0.15383653074759018331 -0.14552407347487975042 0.37750904503450471994 0.91449968012915272553 -0.050556909915549758106 -0.9259694066266841439 0.37419868633010255898
4.6888613161272125751 1.2284262611240357455 6.3127226825504676455 -0.98374379595553174127 0.0055935258014110471325 -0.17949054679291612246 -0.068986592894292333988 -0.93458986007749311753 0.34897370021411089347 -0.16579805161626720578 0.35568315381728032865 0.91978285490155520243
-0.70538606918287150016 -2.7099786824492433368 4.1744247214899132814 0.98129853932110489012 0.0011426098370745322447 0.19248862607723457585 -0.17101213873494144901 -0.45386479403651808218 0.87450648776302708498 0.088363030344417878292 -0.8910698306962412385 -0.44518145928531666078
-3.6313695324944506027 3.9264590850080232087 -7.3533704543321434244 -0.99493435202303348586 0.0011179213331320048564 -0.10052057210580400692 -0.095819964302016266688 0.29184357746342037832 0.95165427584523354376 0.030400157988766610823 0.95646540791877410204 -0.29025808145332943067
0.89885760686127824659 3.4070239309204679579 6.8823630556963557581 -0.91286063310757847855 0.0070112720391207515938 -0.40821110541833416363 -0.2207673791768072491 0.83259077598707220691 0.50799051569165942777 0.34343446072565625427 0.55384423966093743186 -0.75849148273428412814
-6.5213778929730734646 -2.5261336239603067177 -7.1776987976110904199 0.91549179533015923038 0.011074792694179456942 0.40218418871217292976 -0.16649072875100984215 0.92044653821175714814 0.35363683000246426413 -0.36627258964227404903 -0.39071155506462001972 0.84450510407923906619
4.7172446292739111939 -2.5343690237358131867 7.0912587720711020012 0.89801933156860880292 -0.00650262880629546864 -0.43990794030998797703 -0.3897614406609998805 0.45204781712367592128 -0.8023333412039379553 0.20407670004925013152 0.89197000333658038596 0.40341320459882451521
-5.2720209022093120765 5.0999466966271063129 -1.8065888849842464126 0.99486639903919238392 0.012719322872953148923 0.10039455607012605365 0.098006024546479275639 -0.3682666457027131135 -0.92454015424725555228 0.02521244167989958665 0.92963320534958138186 -0.3676226819661617129
0.32241466751488323528 5.0744980057896489356 -2.9168149726870735705 0.90015020348857888166 0.00074977219397414631916 -0.43557898135828188035 0.11241181570613205387 -0.96652356948251361146 0.23064208923010226515 -0.42082442282862064786 -0.2565767477314561118 -0.87010067099976307059
4.1466381903032134559 6.8908514355769590054 -5.7046444156889393184 0.9546863809623221675 -0.0063870628090607981658 0.29754515528518155065 -0.10341906863879678224 0.93034651189126071902 0.35179520186283957939 -0.27906703539994093255 -0.36662593094389372972 0.88752860039130976322
5.719530613423831511 -3.3092678486474675914 -4.381454783206889303 0.86845709291611905556 0.0056961280553009842331 -0.49573161275914900958 0.48145274979077257171 -0.24821602884450394422 0.8405903001722349055 -0.11826042229994833399 -0.96868795654213923907 -0.21830738734087448694
0.88099134980912641169 -5.5834745749616567778 -5.6143983798323553458 0.95480759224273425989 -0.00035923875063123143943 -0.29722438113842092333 0.29378216224490361075 -0.15061472281773496951 0.94393180178299451732 -0.045105464660967715951 -0.98859247226454460833 -0.14370254291304260241
-0.058924412854019392327 -0.81936616553128549523 -2.5565514736735357459 0.99566817186423095531 0.0039256930508972144589 0.092894997015380564864 0.068582673283185374702 -0.70561919509567139208 -0.70526446701773792824 0.062779841205178876784 0.70858036978636484982 -0.70283180853718529857
-2.4676757099235224757 -3.2708453988239054588 0.56206340406348920258 0.86807208224001719543 0.0013533354186750440676 -0.4964363287660564783 -0.40590431336978177734 0.57767227854396929754 -0.70819236580860855934 0.28581908337837214074 0.81626766877355350083 0.5020105023718627324
-4.1264285269907077236 7.0979012385752504599 -6.678337336994072615 0.83747830529153677315 0.0067708080042408226584 0.54642862692673010994 -0.23966064886983731719 -0.89408177891148354899 0.37839205330171382657 0.49111389875405708771 -0.44785257482527629502 -0.74715139675511677009
-6.920913671648108334 2.9635737776678401367 -2.7372713467630509498 -0.98174002003082472267 0.0010417527662648700879 0.1902247297828340844 -0.16457227476683969347 0.49688267957198778424 -0.85207016678153146838 -0.095407019908619189463 -0.86781709910117166284 -0.48763816817357630296
5.5645836558055998822 -2.006351617759143835 -2.6503712576500007003 -0.99040116669570843477 -0.0051658741886581368424 -0.13812618416388180997 -0.0018847126584587308752 0.99971317356174038693 -0.023875059486256774988 0.1382099014759577138 -0.023385558602378696269 -0.99012682964498299754
6.5384182234269472289 7.049504328195393299 7.3333548206610288389 0.82198033439777529185 -0.011923759430335158921 -0.56939103770996846166 -0.23733713542568360411 0.90165700582741636904 -0.36150481046611870894 0.51770591459950587865 0.43228748282057516406 0.73831437625541218583
0.8360365686745674374 0.71648120557949268594 -5.466325472530447982 0.97278246323277883789 -0.0024130822290509769575 -0.231707695731081742 -0.20623090840851196481 -0.46495283513043395018 -0.86098064642662763823 -0.10565553295420757052 0.88533216260243530193 -0.45279561638536275359
-1.0239705397197016445 3.848073484482176454 2.0291931089865715698 0.99650720285642024887 0.00012869695831849078125 0.083506754770691485334 -0.034745962637408804585 0.90996358311737812752 0.41322995472328288846 -0.075934924347403814915 -0.41468814889901950416 0.9067897366132171566
-6.2403744833776020329 -1.6085587165796493281 2.294176992949847449 -0.99397877962518810246 -0.00036032738817912222246 -0.10957214891971135684 -0.098267103108373471398 0.44532321967346277791 0.88996112637933433298 0.048474344775216657299 0.89536981196809695138 -0.44267723875844622317
5.0328667930961010768 0.27216757812764402757 -4.8776420514539289286 0.87976011037165036122 0.0032108430895068972369 -0.4754070242282337766 -0.46735939092559869446 -0.17749414528599227747 -0.86606641090788416548 -0.087162766778795822131 0.98411661853450793647 -0.15465165117643178694
3.4661169314591471213 -6.127631327948754425 -5.1355613262732973112 -0.99553939585535045076 -0.0092424898884543200961 -0.093892958632902909222 0.07448294358152215966 -0.68784317106283143772 -0.72202774402216751692 -0.057910296283232652603 -0.72580048801509511325 0.6854633828159524267
2.1924605892884638791 1.9500079667105734149 5.9543274841438762479 -0.19059012246613477037 0.0011817935937582777807 -0.98166899135208196547 0.48949967723551646159 0.86692301995196152653 -0.093992252147194671474 0.85092036713472718468 -0.49844064926657954961 -0.16580545212406502809
6.1288134268800602555 3.2313148391990069719 -3.6960308861932209545 0.98481261550420751139 -0.01001041031272722516 0.17333177443582273303 0.0021923624974485005773 0.9989738608928349084 0.045237360659636204063 -0.1736067564652390427 -0.044170317387874691306 0.98382400721444651648
3.597777006904776087 -0.40306546790405828329 -0.24592415877043535821 0.99308672885911875028 0.0021032598928689173745 0.11736407142580970731 -0.10197481312227545114 -0.4797368552091614835 0.87146640052427781775 0.058136790868540365318 -0.87740989625830767551 -0.47620582471836819805
-4.782475312734799644 -6.0974588518764090139 -5.7182709781611729127 -0.51909597661264728075 -0.0072868818919425105626 -0.85468489422533167055 0.57312783446851267577 0.73887189547840070869 -0.35439075528240643331 0.63408505141028115304 -0.67380651779607891871 -0.37936911333619416364
5.8140557526254790233 6.0714482310932087472 -5.1426977373793372195 0.99933990105350245514 -0.00042830424746351496851 0.036326006081279026139 0.033647949034649501932 0.38788762302003237936 -0.92109229039965123675 -0.013695900412386247114 0.92170657395043686932 0.38764599036824165523
3.0947828552707767891 -6.2468516069065600504 -6.2674045367134949558 -0.99288254216059868007 -0.00072186017334257765454 0.11909549273830423444 -0.099846393419153064985 -0.5400661391044424553 -0.83567892345915173458 0.064922686280414559912 -0.8416222693766499674 0.53615016599402398612
2.4269737993375710694 -2.3049163304509527883 -4.890323129734817087 0.76102839644021802457 0.012268765866910726417 -0.64860254177412002274 0.57583186215294923649 -0.47322147118443980141 0.6666926621309900991 -0.29875315285550135824 -0.88085805700702368704 -0.36719972367205039321
0.51571407234682375975 -3.6591540563389419738 -5.5663199800996263633 0.86042628185798342155 0.0055214916690060102111 -0.50954501922585937468 0.37907661320633218027 0.66130782020118794584 0.64728115086173498849 0.34054006344059994937 -0.75009431411696214642 0.5669135605374789888
-3.1635160320952149249 4.1435576027798095566 -3.2332402751770463745 0.56322095856354881249 -0.0051253489718171285627 0.82629043479432406905 0.47488291673352633904 0.82035219265047609749 -0.31860397895863340478 -0.67621621337369275384 0.57183565017543058762 0.46447348897336471207
-2.2432153883906233993 -0.48464836469626643156 -0.089126910188601971008 0.5833966068740574773 -0.00096977196921556145515 -0.81218683726716367488 -0.57415880968651433758 -0.70777648799330938889 -0.41157515025003171827 -0.5744476132314028094 0.70643577385791589407 -0.41347120464003317419
6.9176325175511710341 4.4727278244815202868 -3.835356922684236558 -0.99922536094544456287 0.0048038438143157558002 -0.039058944275199805607 -0.033604199755253069681 0.41236979836316700609 0.91039656587481354588 0.020480131886639576372 0.91100388170544888133 -0.41188893128529519005
4.7209651203771940686 1.1200485687051908723 -1.2525699152540594739 -0.88013528727851098044 -0.011324626867586479184 0.47458785162869199237 -0.28448785165998885516 0.81290036843087221108 -0.50819253562285726655 -0.38003754859898908336 -0.58229266166701754148 -0.71868401806612325355
-1.9282283159136064388 -5.497548784601770322 -3.7491277196603971511 -0.80673467666173170887 0.00044129438159622657537 -0.59091367113214088302 0.27719331079859138578 0.88343135148552442981 -0.377773630182365594 0.52186495371895424977 -0.46856040429371764722 -0.71281702954406855888
-0.078367594469413395797 -7.1431945581675524437 -0.10636733831113029392 0.95284739698137410624 -0.0066258951316232501949 0.30337754626799806612 0.23211576810630601964 -0.62805359407347449707 -0.74274555075589199227 0.19545871242358783815 0.77814187683547275665 -0.59690125753984957235
-0.041197241310266530245 -5.700401748710619998 2.0682922825670111422 -0.0051143497510195857353 0.0023319616201142524987 0.99998420256608455681 0.8605282199330885895 0.50939263636907117228 0.003213208970197815699 -0.50937709619255255866 0.86053105926980821838 -0.0046119308848488645147
-4.111090122930575852 -0.085798945049368108284 -1.1319531247740943769 0.82591462160393447345 -0.0018458426385778358911 -0.56379218749975823499 -0.51015636321612678472 -0.42815136404010484261 -0.74594027545144137026 -0.24001150574691962336 0.90370515232317194521 -0.35455814018798537113
5.2716199162401897738 -5.0422836453414676683 4.6433153604628261135 -0.92642144064352482946 -0.0014053569778340721432 0.37648551006342334535 0.307573221690309484 0.57387466633902761703 0.75899050101648535271 -0.21712214906587654073 0.81894193463636744124 -0.53121754496535678047
-0.71962449229943381557 2.6067965194657691796 6.3820898637610792292 0.54361821759410122734 0.001304110745334984521 -0.83933159883023678027 -0.79266650690579276706 0.32959337319846238046 -0.51288206945987124818 0.27596927787269726062 0.9441220830162571076 0.18020668697808064906
6.7831116537709732484 -2.4067884621638513387 -0.48838490417494856421 0.96432500988469571634 -0.0026439397996518149148 0.26470792374460194729 -0.1247194198171522328 0.87747939790088125278 0.46311442709114264416 -0.2335001962125695385 -0.4796070431528441369 0.84584557841653673638
6.1413812616441028069 -5.3195852348296792655 -2.8661220486040295263 0.90280312125218231678 -0.00081849182331505260235 -0.43005331568131704989 -0.43004403549113418004 0.0051213755136781087887 -0.90279338669014252972 0.0029413935256336638108 0.99998655070159159219 0.0042716062721328811741
5.1099567340223055467 5.4573229149538677873 0.39075370101886702789 0.96931904293675841267 -0.007952161082767958411 -0.24567734151580808422 0.08741950907525536385 0.94528473630834730645 0.31431607775532988125 0.22973554891046293891 -0.32614955225567093811 0.91697766991903817413
-5.038486347806747645 -3.1104128657162970484 3.4057823722592104332 0.97577066070345175319 -0.01402691782219763969 0.21834574254322039466 -0.082462761751163696222 -0.94792816812059188525 0.30762327774052550255 0.20266107330883420534 -0.3181751619153806443 -0.92611719328901842552
0.96963840793974620524 -1.7212756596157865463 -2.5615860368845755346 0.9609207304622522372 0.0088863498615069386882 0.27668101227579794399 0.042996346647558712772 -0.99214614722813021519 -0.11746206500563892428 0.27346419133552951619 0.12476800602151692787 -0.95375588109889297694
-6.3146204219673842672 5.6478128924532411403 2.7781462037038942015 -0.69341458215185025615 -0.0075100406016257734501 0.72049969920136858192 -0.3208019849598187645 -0.89215224593726649704 -0.31804159557350930587 0.64518393013542985059 -0.45167241376834182942 0.61622214090027860323
-2.2707386848560644488 -2.8355403217143448913 1.9360482668418854679 0.99608090502122337284 0.0025233696655907857445 0.088410764375412703719 0.034206872601686859336 0.9108181241412728335 -0.41138817994994836269 -0.081564211016357607287 0.41280016635312322126 0.90716222481976083181
-1.8003731892976029272 -3.5878884919349798288 5.4727875036735866843 0.78526577094975047455 -0.0041538508182424153936 0.61914490589686799193 -0.61671574474410861821 0.083497884091026292053 0.78274503737614598009 -0.054948695702164734866 -0.99649929697698602649 0.063006285122560817813
2.2504332078773976455 3.074129802507834075 -2.5343941776364999896 -0.81085676702843245689 -0.0014119531203478814796 -0.58524294934039322591 -0.0076245698525759450503 0.99993770809437576563 0.0081514333473715096245 0.58519498400004843486 0.011071870638619255717 -0.81081702275034350791
2.7262498558213414945 -2.5940412668448877831 7.1932753670576863314 -0.86915616376901427831 -0.004893563474090565496 0.49451351449556552042 -0.36680624744812839744 -0.6643027831786216808 -0.65127182427467600334 0.33169374400989320995 -0.74744756692205016613 0.57558786895413194262
3.701856073653937873 -3.6631546302656561309 7.3561175415180795056 0.98254618483232625259 -0.0071910518008199888346 -0.18587975534076855988 0.06502873686177287893 0.94948375673348472947 0.30700465644900248874 0.1742821220140062799 -0.31373377961773424305 0.9333792677540561078
-4.2351730713326265487 -3.9887326569586756264 7.443077656088982863 -0.52223093885772919887 0.0084628763155044865046 -0.85276211584717809266 0.62934337150829555707 -0.67097644495605712756 -0.39206827345836431364 -0.57550131818987937393 -0.74143036762634062509 0.34507860368773152215
1.0920878886008389408 6.8141348475650955763 -0.71196351162488147324 0.59701206318377442184 -0.0022949101503435681559 -0.80222897591671660233 0.013371168399323139775 -0.99982853180283759453 0.01281088789862292604 -0.80212081899723519651 -0.018374993347412382771 -0.59687900897162682323
-5.3089539000377952149 -5.224396929497507891 5.4355291195605861532 0.90745444027878852111 0.0072363206668394838839 -0.42008817465111431 0.40052232145738553282 -0.31693297088974919928 0.85972981917423829668 -0.12691851256944028381 -0.94842033277775661393 -0.29050053965693067859
-3.3959970744842404855 0.29517194397747820167 2.2270729764909646953 -0.99556595669879044408 0.00014516088243909409938 0.094065959786836281231 0.00050066029948767423741 -0.99997646801839568109 0.0068419842636478715031 0.094064739416900994273 0.0068587417007697423776 0.99554245638287708342
-4.9841085711468942065 -6.4155590039747352193 1.9948238411753074217 -0.90460169316078797852 0.00038629563846076113475 0.42625770081765518293 -0.21087272796183367807 0.86865394911589832727 -0.44830013304393101503 -0.37044361154247446022 -0.49541918358194031446 -0.78570437392589054237
-1.0572179205295695326 -3.5131562250907935052 -6.2708352484982814445 0.99623104467689271857 0.0067588779597121551729 -0.086475564124448178749 0.052199509497668862557 0.74950386086628628668 0.65993876515533600458 0.069274214756412169636 -0.66196546746433804209 0.74632620418601802736
-1.5616787170670702878 0.078433291899073290243 -3.10408200611564844 -0.90390074490885174985 0.01406794839792403079 -0.42751086089258089062 0.16809957172635311973 -0.9073611641874127498 -0.38527685073189960052 -0.39332680729718016988 -0.42011642499706935983 0.81779961610957219165
3.2828822385332081524 2.1578607843602384264 -3.8881615642658169385 -0.55864021001223251872 -0.0098515485482311912491 -0.82935159175626849137 -0.82518633173269650971 -0.09418345180632348157 0.5569533152135447418 -0.083598048296563517989 0.99550611469602368064 0.044485300088415613562
6.0691970983060921085 5.260065272697707961 -3.0624500108723982095 -0.99400813347475003301 -0.0013021153163624678631 0.10929837639162000296 0.099176139164178056529 0.4096572655234005933 0.90683240911665174977 -0.045955674367998133878 0.91223858134782676022 -0.40707351509749101215
7.1248868928434276881 6.4080211693478066337 -6.2645585849834031222 0.89271805445186780403 -0.0025254469410888810699 0.45060858555207788934 -0.43587589007641974748 0.24883075234983381696 0.86492512111454233903 -0.11430959585965783099 -0.96854368967164772286 0.22103492369225602454
4.5824095371400179744 -3.3305692605301708831 -6.1855031622213427767 -0.97771373990309873303 -0.0044729592979491630475 0.20989481994517550367 -0.0090804075348987385585 0.9997383930455436829 -0.02099265751891241788 -0.20974601069795695274 -0.022430740197985955114 -0.97749857948259055718
2.7079176887574680777 0.93894107263710047118 4.6899729651732018354 0.82322572915640324087 -0.010862111354729546767 0.56761026540384340588 -0.55897165488497213559 -0.19029594659148330038 0.8070552284361660611 0.099247608989363841903 -0.98166667828130071971 -0.16272813174784042656
-6.4955571820703159602 3.9366187377849524154 -1.7921007706999669828 -0.68081730753162883474 -0.003143887107165017035 -0.73244652346718053249 0.43613676796309702732 -0.80512757441811466652 -0.40193818995243552061 -0.5884492445368408875 -0.59309333572838185411 0.54951595219654714164
4.9277710522100051094 6.3973981643828992105 5.8859340251776606223 -0.90274085238241563722 0.0088251990310214290664 0.43009425629977532379 0.35312179623925971095 0.58621027577522499818 0.72915191119297972921 -0.24569076185472549234 0.81011087416332339117 -0.5323123341626555538
-2.5815226808951496906 5.8581905695148250857 7.1360888557749149186 0.97230904630134329381 0.0060293943227196803922 0.23362098554006779927 0.082413523265179172705 -0.94429071630282479521 -0.31862682606343994962 0.21868500100290430566 0.32905727390279476685 -0.91863930942898652798
3.0740446982470310822 5.6051065141741602815 4.056124351338507239 0.96473811253010943734 -0.0071867944473702283573 -0.26311351964014811911 -0.22349358052774970229 0.50566516489880641849 -0.83327868115690384432 0.13903594389479437265 0.86269988466065095079 0.48622825433316746446
2.3758413049530995309 -6.5951977309814457939 -4.2425051487522491556 -0.89262010332186625394 0.0075371647935286063824 -0.45074664978530099013 -0.44967781309439319726 0.055921072867373619597 0.89143855538111738124 0.031925155542558189548 0.99840674314436683723 -0.046526978059423157452
5.604815086569224114 6.4703533830545323369 -4.2215053254608081446 0.99983857440590884202 -0.0082176065105614738704 0.015977987145468382918 -0.017007307101632715418 -0.14605985630115236873 0.98912955161721893838 -0.0057945349367241206356 -0.98924162332586007551 -0.14617603785970467722
-4.8491448140187589644 0.88159333678128448675 -3.1109873516390678105 0.96524912599662160417 0.0093366230255293794493 -0.26116460754277137646 0.19745715944979180811 0.62857999687129750832 0.75226182789986384414 0.17118643329570629175 -0.77768889345529768065 0.60489270953757900973
7.230936029821523725 -1.0376605868218311546 -2.5357278516778567479 -0.87696700991181208984 -0.0027100094419785416416 -0.48054294228001603884 0.3002801845962247973 0.77762851666220833557 -0.55238184330457340554 0.37518085540860635074 -0.6287181768667108317 -0.68114079294395268871
-2.780347668638958325 -5.9874339098508020385 -5.450149597649317279 -0.87004024763546405907 0.013251564886964318363 -0.49280256038544623109 0.4739884311326238997 -0.25230824869496198959 -0.84360862655203783245 -0.13551728541721425048 -0.96755617080792200024 0.21323724272421010206
-4.9702703831262882161 4.8111808972781808791 -3.3475217911606098831 -0.91059504968203719422 0.0016989403622738698859 0.41329622439156898928 0.29884844863718901253 0.69346584707978864426 0.65558731201960285251 -0.28549301259716858281 0.72048749644641285617 -0.63197429316597197868
7.3399949123350545221 -6.6962323621299599807 -4.4232134947162631278 -0.99487378441651785899 -0.0026322723068782456421 0.10109017866901590099 0.028343347130909402748 -0.96685083438014796098 0.25376390352412436791 0.097071147898046522551 0.25532828907282795194 0.96196915597378807039
-5.4972494351279017621 -6.4245153802724948022 6.4552669759591347898 0.86031758146487569139 -0.012851238449124181493 -0.50959641353994145074 0.088759865727772280231 -0.9806346922229828289 0.17457745170795313516 -0.50197145860938230388 -0.19542376027282468143 -0.84251659251454680266
1.0889658994835358374 0.51118771083567215996 1.7217931152668899397 0.92168163348146414648 -0.0086077126280446076417 -0.38785161310265653389 -0.35921533904745700516 0.35864472037983008423 -0.86159056676404521813 0.14651725733180784306 0.93343444966801925045 0.32746422930906943227
3.0347077821081649418 0.43074827182220232213 6.336091912483462707 -0.99026319799101381047 -0.00075431764545785839372 -0.13920571004612494748 0.014379389473766003224 -0.99519048450551039764 -0.096897537161952693174 -0.13846310650463478087 -0.097955758149155247594 0.98551135842381265562
-5.7849235411613619817 6.406258053681171738 3.4658310393905824576 -0.93513973109924197757 -0.0011110926148106845066 0.35427736138904603047 0.11663271890154719435 -0.94521710940755410135 0.3048957608180242751 0.3345302560325801311 0.32644047168874507081 0.88403966327442828899
-5.2560745981922396552 3.8843623732390790693 0.27135457062100221126 0.95900943620553369406 -0.0055058835295362469273 0.28332064258603434359 -0.27299101501386097146 0.25021422010749777565 0.92890728804208133607 -0.076005308962702730624 -0.96817484438637291255 0.23845474142260353334
-4.2518131561539451724 -2.7601175769066963461 -1.4475220485273874171 0.92230432879142465463 -0.0092777594511986999359 0.38635300991746629462 0.37900261854617001145 0.21721529651702856101 -0.8995412887101519317 -0.075576055916392742562 0.97607962694586747343 0.20385490338363818075
