1125 14.717824617146108679 14.977075390850430381 15.033177056927090831
-0.76334856809630025065 3.8851192395660674173 7.3667983014807605358 0.89658765023215225565 -0.0098155132360858796808 -0.44275754217297597082 0.43038064867956893345 -0.21640800922132449879 0.87632189906852442363 -0.10441782746871286491 -0.97625367054100131714 -0.18980434152542208226
5.5909988924049311976 -5.3557157316832153526 -5.8475589976644171131 -0.9999303574175939513 0.011596491793172361562 -0.0021912765150781804424 -0.011491347793394036947 -0.99900534754537806403 -0.043084388141988567977 -0.0026887247099960740609 -0.043056206913428575478 0.99906903355367826514
-0.56150001208637112526 6.4011710326720852038 -3.9248250852034183289 0.98716052990727387595 -0.013141734664703332708 0.1591897704098241273 0.12594222230640494953 0.67703400243215461352 -0.72509552211501215879 -0.09824787444860015595 0.73583439329835786946 0.66999634387484308107
-0.15454884610576150039 4.6955350271934186424 -6.5072157351564658967 -0.90517747115876834307 0.012925484944652754563 -0.42483723653363592021 -0.0037809399730291230746 -0.9997428144576537834 -0.022360890704535278661 -0.42501699989471702912 -0.018634290411248186081 0.90499354308267399016
-5.6294666550969179042 -1.2833026169024137619 -6.5413104364634495624 0.99447681216653194269 -0.0067952564912896291568 0.10473630961777333215 0.087616772225836983545 0.60316040675230919721 -0.79279305304165303969 -0.057785562970882026201 0.79759096548019148276 0.60042441697226145436
-4.0851540247925282046 -4.3678435316853887471 -0.5583239037560099316 -0.9611573060241983546 0.014266317236230261628 -0.27563219200370792095 -0.27597052442724201438 -0.034800063324122318398 0.96053590523203513651 0.004111292204888356179 0.99929246358868106803 0.037385418163423368709
-0.86472591199235115944 0.39589968403525011009 -1.6586957224978005065 0.99950114714727311682 -0.00071052402640614433643 -0.031574546819100560158 0.02952377045438826092 -0.33403000327748394449 0.94209994368354221805 -0.011216230622713005069 -0.94256217411166254294 -0.33384239410929661407
6.6560182689850355686 6.8409792779969764709 4.4210674854342819629 -0.97706104330228082944 -0.00077954315930849819687 -0.21295800049220517391 0.035796359597063918956 -0.98636622443076460431 -0.16062469281480698524 -0.20992936502727277404 -0.16456325110640881992 0.96376791712753506758
2.7415574727914231445 3.6918827116507628716 3.8922666898848228278 0.98895735577173593533 0.016408021481102066236 0.14728925723268934678 -0.13370645745820330941 0.52744927368953853364 0.838999312823584531 -0.063921293002207862921 -0.84942806671045301137 0.52381869743778131099
3.9309582587357403405 -6.3050938613162816893 -2.0398465831655010483 -0.98618089606180614481 -0.0087771565001235531817 0.16543942023141428033 -0.13743492154212591516 -0.51429150253777689006 -0.8465316844385056827 0.092514229086366431276 -0.85757052884373474733 0.50597816699473330271
0.70124836562911407878 -6.0343605758744534029 -5.8641123904698533309 -0.89671176971579447113 -0.0019103493308971876766 -0.44261083653542948602 -0.18395459670790439977 0.9111435882899907579 0.36875204117152038386 0.40257758060178105985 0.41208459335863245609 -0.81738459706142263528
0.36634864861244215151 -1.2260926180850950651 4.0018261987993009043 0.75304057241178945503 -0.0032219000077367034029 -0.65796619644330300858 0.1549311459122925394 -0.9710024432630566249 0.18207304908557092604 -0.6394734054892409203 -0.23904784989066954481 -0.73070506302784132835
-6.5613178508874483441 7.4272849500124058508 1.0556549542916700002 -0.90835100855442074685 -0.0064000271841985461457 -0.41815964046079012739 -0.41811717808178955336 0.034805418789429637405 0.90772606452385717901 0.0087447499183501524456 0.99937361505844357623 -0.034291498566412080551
5.1374281025925867539 -6.1849399065846037971 6.5529112215746030401 0.99881035354215730315 -0.0015651410977196478398 -0.048738362615352325002 -0.0052737819827340286574 0.99015523450206588407 -0.13987422497326293391 0.048477467762629393444 0.13996485959553811584 0.98896904562170606656
-1.8039228431595470958 -1.746878225910537763 -4.4366076359113471028 0.79588369135470271587 0.0085637642388236151492 -0.60538897559974658158 -0.57023496392694272838 0.34663816436438421587 -0.7447644385450499227 0.20347293616311590281 0.9379598312017907169 0.28076701961059546964
3.7374680946405942628 3.8990710912522015263 6.7886175077051413851 0.99644365663723843962 0.011048967672565848316 0.08353418139214366378 0.081580303136103690664 0.12160152463675644174 -0.98922076572733064204 -0.021087752078182610965 0.99251750086294465714 0.12026768972966164761
-3.8182735469158344266 -1.3121202224239514322 4.7063110861898049819 -0.85265764210519712218 -0.0094185214350894254365 0.52238514222129961428 0.089642980231434812866 0.98237366410531556937 0.16403085126755753698 -0.51472233432682390486 0.18669031985165435161 -0.8367841077715072462
6.1536862421298605952 -0.32380695340903875579 2.3587674781762641985 0.99964954384822579669 0.0035247198851870785268 -0.026236726813393496799 0.019077307719387398555 -0.78304640534614378122 0.6216706390081457867 -0.018353359755912505846 -0.62195329681923550158 -0.78283922408215367295
4.2882003244440154432 -5.3059379317264188103 3.4647551977156338943 -0.83516578044151756899 0.0028116415811632287924 0.54999110342898949177 -0.54678477324557983597 -0.11218480539108212357 -0.8297234365655967725 0.059367759989899106243 -0.99368338222547303307 0.095230273352526054187
-3.8641734965886738173 5.3965473755008162016 6.4492739213561272038 0.99883604397189362789 -0.0080148954353050534671 0.047563838297174872161 -0.045725696433206453051 0.15653716600515166224 0.98661303272590250568 -0.015353108743838814187 -0.98763954817053767332 0.15598847695149611892
4.3209944966307958225 5.5033732204769183483 6.3002475005736195968 0.64555371080881884804 0.004333133090235728041 -0.76370257981664857461 0.76363696602491570875 -0.017945296218416787598 0.6453964289208468097 -0.010908280395137198368 -0.99982958062923055209 -0.0148935931717842137
3.5736173787469454055 -2.6544224534176836805 3.644523255547077234 -0.91353036202689952283 0.0060418156955675331177 0.40672567427905698123 -0.34017135992921898602 -0.55959951707873045734 -0.75573264212236401782 0.22303749357126431696 -0.82874113989131759084 0.51326640208861173953
-6.3019018032324289891 -1.4329168729548291683 5.0678877052846251772 -0.97850493235058233488 -0.0036469758784137729264 0.20619116599060083317 0.17389535269506375958 0.52286508197510761509 0.83448937222843155848 -0.11085352351951187344 0.8524076522522070487 -0.51099186950990949097
-3.9953916845848640449 2.9914496012310634043 0.97466445951978186724 -0.93640138151363805363 -0.0084463110713186104889 -0.35082917855955148001 0.13656496644254301209 0.91213675380552350358 -0.38646675445326772458 0.32326840649840093977 -0.40979897777616214327 -0.85297264620481683117
5.4424779326103411847 -2.0307428154961995048 0.35546173242558853911 0.99053137306926908323 0.0025020491779829357945 -0.13726375601505794166 0.02017900456466350731 0.98632106999523316837 0.1635957048891275023 0.13579545920330510222 -0.16481652415134984135 0.97693147488782605681
-2.2786417293886724877 6.4765862264542004567 4.5363439056185717035 0.89439415320621784566 -0.0045741509299218174184 0.44725627536537515549 0.4065812412519916319 0.42506904180436111407 -0.80870761339401742163 -0.18641564572871704986 0.90514937266881023703 0.3820390296615713277
7.0229645428012537067 5.1557641025007008295 5.7200548767554435514 0.99200611441035113636 0.0043460036804238129718 0.1261149524230120722 0.11853013193434243366 0.31080142579882352738 -0.94305518478247363223 -0.043295228331510393627 0.95046493148010113838 0.30780178237024458099
4.904703895933820057 -2.234525565229704025 -4.3117987873743990335 -0.99995827085244570753 -0.0025971213971141882994 -0.00875851095406891475 -0.0051920701381314993128 0.95040965195882964878 0.31095745025825022312 0.0075165790998976697926 0.31098994907215365968 -0.95038347661079769502
-5.05328203752495142 5.6159569135527789285 0.2847507820810996626 0.91890683054177413336 0.0040511635303326354318 0.39445383108528897509 0.31392887223890725279 -0.61301783479102744945 -0.72502261854570015931 0.23887004826600546914 0.79005868282185676144 -0.56457805283168194244
6.5108263237577546079 -5.5953558469317021817 -0.82607565411567407399 0.86579160223653972572 -0.0079467208055815745371 -0.50034163441096501934 -0.085827160507228994479 0.98269897443469711451 -0.16412319812919504147 0.4929894522359656861 0.18503938843753425791 0.85013047511001726964
5.4582852228181302223 3.3537461080865620389 3.456607318018944941 -0.98295387051615901175 0.0051148572305030771262 0.18378119238031537241 -0.049599829386306477919 -0.9699265458148166319 -0.2382904795592298286 0.17703543532876467315 -0.2433440649763270458 0.95364674837101315319
0.12827281824959477219 -4.9391313789251958255 -0.59427634039597876381 0.89967358718528367412 -0.0028574205872782618837 0.43655385884099723315 -0.42703577267915937554 0.20201222706850122113 0.88138045642455364881 -0.090707691921175143124 -0.97937883133263881064 0.18052484417361575053
-5.7465573269125354017 6.5957465847609784149 3.6133547890153607796 0.72979648373618233315 0.0037643897005537165293 -0.68365409506312813104 -0.13740769700852173418 -0.97877140358796121955 -0.15207124751653991468 -0.6697135336315724885 0.20492039646802673314 -0.71378667260062034217
0.97856964808251389876 4.1660320825722827465 -4.4645501678840053827 -0.95763100722654337371 0.0009430178538054755262 -0.28799646649865312531 0.022341617619007794054 0.99722437852669754133 -0.0710238762267642737 0.28713012053862763118 -0.074448973058300060845 -0.95499405458363517685
-0.44719270509130093494 -3.5542729546627960246 -3.5867814700844249387 0.9447290836164949912 0.0019947636896110627902 0.32784596914869185147 0.31578732991907593197 -0.2743145659687786786 -0.90831155511747085907 0.088121057822645246227 0.96163794632659105321 -0.25978286962965907447
5.6863670211430434875 2.3533582933504617607 -1.6595018625563422443 -0.76849864659153599433 -0.0032926608813780349969 0.63984294054954915509 -0.62979249483994048653 0.18050918416518335619 -0.75549841024002695189 -0.11300992713110796783 -0.98356778760597285416 -0.14079475683945644193
6.7965976650428805428 -6.940333364424178697 5.1923434600438573838 0.97580514517419325582 -0.0032265635925014966509 0.21861817842741398943 -0.023335056679973521787 0.99264316532936247572 0.11880665576690542518 -0.21739317786277889688 -0.1210336135632073401 0.96855101600611614998
2.8495548217323176665 -7.2144139572373191527 -6.8060505714528094501 0.99490014051502273507 0.0079999015109718397271 0.10054706350236469747 -0.084160864054209305607 -0.48359329961558572553 0.87123732101452755483 0.055593698966583275645 -0.87525626084178720365 -0.48045376311622334242
4.79147851845938888 4.7069292379479890087 -5.3315921598407092219 -0.60417795919578343167 -0.0092451740027917495707 -0.79679578335960854485 -0.57011537544818191581 0.70361997842594636854 0.42413132946949688717 0.55672026395638329888 0.7105163282553275117 -0.4303824984624318728
-4.404528596460865586 5.0795485219178706515 3.5263116667576204222 -0.95278982472678874771 0.0087794408720427256909 -0.30350365947586455118 -0.037825898483571838982 -0.99522698527551745062 0.089958041237355401698 -0.30126525073631343909 0.097191404956027752093 0.94857423510317928628
-6.8908726106330577821 -4.0248031635379923898 7.1304119845946534184 -0.99263461839053401814 -0.0017050541852724893088 -0.12113466540592016107 0.048037443803085187743 0.91239416320041677455 -0.40648406481746146568 0.11121563903352361946 -0.40930915424395802882 -0.90559212556554091744
-5.3614543929479880902 -5.894242096177298329 -2.3160880671850949675 0.86570764380722708964 0.0020661554806188854767 0.50054570865729353102 0.16155185663510537863 0.94532330457713409366 -0.28331051417331393205 -0.47376288697145807483 0.32612816625513341151 0.81803981938758318915
2.385647696848849808 6.540548885080977648 -5.7522955650153404505 0.98086333712450546329 0.0039390938551745052765 0.19465764157788736921 -0.19118271911150611087 -0.16962843030609539574 0.9667861002025699424 0.036827731374485923876 -0.98550021774305196498 -0.16562922154719081358
-3.4076657727925745434 -1.4493341827712793446 -6.9323754984451522176 -0.99960355537128897652 0.0043537093634069016709 -0.027816852875447078963 -0.022711123201749713885 -0.70862585692557400474 0.70521883112934291571 -0.016641423377504547393 0.70557100288435303792 0.70844380364055037358
-3.5377902821752003071 -3.1513992247618536346 -2.4673125708105447806 0.79949736984472774548 0.00026378759021041496557 0.60066953146261792273 0.28999966852400771433 -0.87590338259111399921 -0.3856079052889583858 0.52602675584739511105 0.48248647108656789184 -0.70035894893339789569
3.3855908382304518156 3.0165953133207863424 -0.35231039680305975548 -0.29544692733108213201 -0.012361763944894188505 -0.95527917381409743758 -0.9545664006668468371 -0.036906501283133344438 0.29570406977428859152 -0.038911435962248379361 0.99924226139374905387 -0.00089621211218233803528
4.9049453866776797639 -5.2453511597893589524 -0.8654879978409991681 -0.49379915245464384155 0.0017053612500889801969 0.86957431469546642155 -0.8298370812568108823 0.2979229519747810806 -0.47181811459265965425 -0.25987076712521967048 -0.95458839634135816965 -0.14569892917969987089
5.0258770172495719208 0.74945928390979610345 0.99281397115925174024 -0.98270325830160787373 -0.0083918044974525679569 0.18499698305846101754 0.15090067618017113937 0.54278313878951689464 0.82620545276226464715 -0.1073465977653058484 0.83983096029082149325 -0.53212843006660670575
-5.2352439006380517839 2.5099757394445290082 2.2498937192200187951 -0.77469835298224587472 0.014552484179451917815 0.63216349711980512893 -0.63035261335748293821 0.061247501296562791018 -0.77388909180729148485 -0.049980443374674346502 -0.99801651729271001479 -0.038275141945414523081
7.1450102982125214268 1.5749502868864342364 3.8763679029652764463 -0.99845919537303817748 0.0032607531113433337738 0.055394969665049732799 -0.032744609981537123322 -0.84056371859556799908 -0.54072213335320529204 0.044799840314436324695 -0.54170287286476692667 0.83937534621752374342
-3.5798615883585482855 -0.8208065368600784284 -6.1253337541147008238 -0.9810210495683184817 0.0017336679735713020692 0.19389351381359345994 0.063644122282450657502 0.94743923478127811677 0.31354157953285993754 -0.18315874536177029208 0.31993107193960945711 -0.92956817028398419644
-5.0533753819016160591 5.461903310327689276 5.4413027373625020289 -0.99945274227156044589 -0.0035376491578679638422 -0.032889223227170333308 -0.00698416720776329214 -0.94928299557110507045 0.31434537650186017421 -0.032333224003569527305 0.31440305239942495374 0.94873878558193869281
-1.3332529369811330078 -0.21786205836777416955 5.7469825295634260343 -0.96586832217243689946 -0.0093383194527017245046 -0.25886517729048463821 0.15891621993229132492 0.76782194756029675808 -0.62064087191167505164 0.20455810731001922154 -0.64059523307200993969 -0.74013088578925034788
1.1906207664238768196 -1.801360535351102854 -0.75978826626020978807 -0.89584519156188913147 0.0067345139560602788192 0.44431524740549172003 0.40418430891096784885 -0.40314368510901199549 0.8210421509198202461 0.18465220601299522918 0.91511191418236059736 0.35843234694438774746
-4.415860434196066997 -2.0786688952158196564 -2.4077439765414436756 -0.95103798881419487898 0.0063142845048740330743 0.30900950413108696502 0.085526729217636848768 -0.95537375920031475385 0.28274751779801249318 0.29700491986077437456 0.29533220285437961072 0.90805669841460945335
3.1611975599855122177 -2.6910422269306604193 -4.9759017649260179894 -0.81375740179670441599 0.0069689300071358794772 0.58116290748422649859 -0.37623356095166238244 0.75583539725541282195 -0.53587420153367648634 -0.44299796685160525156 -0.6547245881057859318 -0.61244470370398251813
-3.2730468253416198365 4.3585257753034989392 6.7120926066380635078 0.93786975585597109895 -0.0096300254324744420653 -0.346853836162602569 -0.24001076250051667227 -0.73991228469915104604 -0.62843030228896445966 -0.25058961457818018648 0.67263442787396299227 -0.69625266355271087093
-7.2935647363552682521 -6.1501670293326666794 5.847191711890639354 -0.99940316035269760597 0.0026533162250008254443 0.034442459119127091793 -0.02070124366964644011 -0.84418841031501434813 -0.53564669923414220953 0.027654684733165187105 -0.536040005785813789 0.84373949214751697845
-2.5658003048772815013 6.0501316128014224205 5.6873717312336964369 0.99976853309159519068 -0.0071806054150949892578 0.020281004554029438691 0.009528583574935484829 0.99294884704046015855 -0.11816003239726118046 -0.019289539520227591551 0.11832593150670311921 0.99278743323957985289
1.9458533198044698498 0.17227576092728663637 -0.055143302653680628667 0.9470423339048984479 0.0088137520991663029918 -0.32098774986872852244 0.015269038350359837031 0.99725641949364163263 0.072432660081357735926 0.32074549764529480811 -0.073497969717128602829 0.94430946950012506491
-1.2927750888241358318 4.4831851874459447416 6.6078385971452417991 0.7243981814390891838 0.0009223193818157613029 -0.68938118922311031334 -0.53900192821844683522 -0.62269232600094015506 -0.56721352991292495194 -0.42979552825093592094 0.78246623982536456232 -0.45058005662592726104
-4.5336192886571105021 -0.35149025900879093953 5.472970481414631827 -0.7111869468703351238 -0.0050265081065533900873 0.70298496485872274953 -0.12811801260834021488 0.98415493206364978995 -0.12257587258528582219 -0.69122999171512666816 -0.17723939717511597025 -0.70056212761077174545
4.3394392775916408311 -2.781282026886244374 -2.0810675138985206267 0.95477183095186712869 -0.0033297723107483159083 0.29732080895434087608 0.0086904751986427199173 -0.99919760587323025458 -0.039097571001295065851 0.29721242649276768955 0.039913118566975339108 -0.95397679033852633701
6.9353614275397363897 1.8346855123483694072 -6.034787453101889021 0.89547597400088285724 -0.0029832507427152432644 0.44509985419263115025 -0.12136789144967231879 -0.9637226336849429309 0.23771520828170775164 0.42824363966353512501 -0.26688908845881254006 -0.86335253491793728653
-4.5044166859408054648 4.2719499228068222862 5.8893789770502369407 -0.99822557137122214233 -0.0017707722261495282418 0.059519518028167336943 -0.049989198351855758384 -0.51818664463533703479 -0.85380541188826675203 0.032354114247333462528 -0.85526572811448087208 0.5171786399340297935
-5.7526516708144725953 1.6758106129361995951 6.8294100779199657936 0.90634611766799044741 0.003539992214312510932 -0.42252122247688617129 -0.37409746436075896892 0.47160836257284943773 -0.79852153352959909238 0.19643778187297616933 0.88180100975594299939 0.42876471058891385546
3.7318003596925306553 -0.79308390142384077581 2.2564909064797866733 0.9610232021181499551 -0.012548636167572348524 0.276182795845493545 0.053561805830774543435 0.98849334778049313677 -0.14146389769048411944 -0.27122967748171394886 0.15074293722749798619 0.95063716997030056621
2.4863095023699015584 4.5334589003492942183 0.38655974006322846304 -0.84884971821906574085 -0.00045515596836325118713 -0.5286340404406320026 -0.33359621061899402683 0.77620065985287944876 0.53500103168562318512 0.41008258209800341199 0.63048578768836371911 -0.65902954970378235799
-4.6276185899494510778 4.2157096535368010493 -1.9197583004577074561 0.98066930806033492107 0.011443175017854453901 -0.19533755904589589214 0.16640801270216823426 -0.57394244446136322146 0.80180948095802828668 -0.10293726991227405976 -0.81881568389421266474 -0.56475197588996572939
-0.094997219431105700549 -3.1637584105172464888 5.398823181853082076 0.7883275004657880336 0.0032665713935813131714 -0.61524717107888149403 -0.45867929173302685042 -0.66336491281304310608 -0.59123624701451626962 -0.41006470141256318174 0.74828892946498215544 -0.52145049496143680567
-0.42161278168974647418 3.0830706508457161874 -2.9230758764416306938 -0.90164439733396450904 0.0052764787889139005972 -0.43244599608253997403 -0.23004619023369379804 0.84087662244796546052 0.48990331309306156538 0.36621869301714032874 0.54120113136625680461 -0.75695786163600209395
7.188238642293090841 7.1018708195569546504 -0.29723769645036302034 0.99634772864039666818 -0.0036961637106322610749 -0.085308510753342614574 0.043373545253408321565 -0.83866894006143366536 0.54291172813678578724 -0.073552288919293981606 -0.54462899973297396183 -0.83544557778750550003
2.1301051106589392603 5.1616801898507187474 7.3700283117801133059 -0.97903584477923699669 2.5575754946151937202e-05 -0.20368803102595087196 0.2035593322099937541 0.035665814720304472862 -0.97841276970945867397 0.0072396759300935430853 -0.99936377211016425015 -0.034923317228070377416
-3.6118338765280304514 6.4737009596329766481 0.76218289211516165871 0.77509628052406276399 0.0003390895796197270981 0.63184305087257952582 -0.53946010372745500927 0.52097587719636551107 0.66148842156592291275 -0.32895068384800341121 -0.85357133292862008567 0.40398938995750227621
1.7843262155703698557 -4.0293352360194116812 -7.3788647760870711423 0.99996022400190021084 0.00062548395974942406009 -0.0088971447078721004054 0.0084657808661667260236 -0.38053868001532697996 0.92472625331318225594 -0.0028073062643992263351 -0.92476479268089895047 -0.38052883891956890139
-1.1187532306208680666 0.97032463127107981826 5.9819139813369810454 -0.92735799266348373227 0.0082360710816431377534 -0.37408464359867615867 -0.36252131821643046594 -0.26734833128928736645 0.89280634159660099414 -0.092657688735485174703 0.96356475490225323988 0.25091336319185014725
-1.1016013322928037699 -2.9609446633221363498 3.6324792098627876058 0.6712254505318732134 -0.012595709075360037726 -0.74114623568579351964 -0.021728462191258030717 -0.9997602962684404293 -0.0026877381154571632071 -0.74093472619997580164 0.017908046187774345065 -0.67133824067505221134
-4.808692828492881155 -6.8003841992740357014 5.2966046059662392764 0.97710148724012502175 -0.00869665132440081666 0.21259598276774926973 0.10060757889389981834 -0.86152927223317388172 -0.4976398578835594666 0.18748546264278520557 0.5076334123567565193 -0.84092658416580867708
-1.4543487463109212587 -4.5558903066521834191 2.6924394954542041347 0.49585092500396937831 0.0075105484795550073868 -0.86837517919062801042 -0.25015864521976582946 0.95881012139676691231 -0.13455037468877861784 0.83159636386562485466 0.2839484861178381836 0.47730571423019702015
-5.7900376695829471885 -0.23807345554075168281 2.4023166421902102385 -0.97615169706119231385 0.0035806838035670595505 -0.21705999868235351102 0.096012408225083445412 0.90388031426364479071 -0.41687167684249537558 0.1947035741616854887 -0.42777044800941493863 -0.8826680927837218249
-4.097991369431533748 -4.0505960364869775248 -1.6822094131476841294 -0.99122810118399073964 -5.1597338074110821182e-05 0.13216220624972876974 -0.13059599111018110884 0.15387869597022807433 -0.97942127505606424442 -0.02028641242361180555 -0.98808974504557478546 -0.15253562602466169684
-3.5936266869495034904 -2.4907695395130891036 0.80510578561243095752 0.91228963139685004258 0.0098923667782811128268 -0.40942614660682280503 -0.40474189280575256777 0.17444604266934163328 -0.89763721981934407879 0.062543014428678989081 0.98461704193885191128 0.16314917121966635016
0.74779123438089534215 2.7818272073990972793 4.7819502191261555879 0.20969721161624751971 0.011960395360612404922 -0.97769321792851560105 0.076013863017950697443 -0.99709830764064544262 0.0041057921571423725005 -0.97480714609070140408 -0.0751792115080034129 -0.20999789067408106136
1.3687245819789946033 1.7101814266297294953 5.3309960750611136149 -0.90993848479979688726 0.00900945650068358736 0.41464537085774699765 0.40146298380051853583 0.27010336679482693789 0.87514092801331089255 -0.10411256657165204875 0.9627891778263945044 -0.24939441160982556145
-1.7737647290833229441 6.3194193909428628686 1.0770967760061036511 -0.38576261596154837186 -0.0084189497536738180233 -0.92255965954047247646 0.92256192300523820471 0.005331922719841623165 -0.38581221963650663698 0.0081671505005365980373 -0.99995034470977905983 0.0057101460179723242949
3.1678409062204448965 4.0617677861599998934 -0.84915491451540558998 0.96175814537300163831 0.0076090184246431005755 0.27379439849504033644 -0.25737809488825097448 0.36703264851816225223 0.89389235995925575562 -0.093689839792543541663 -0.93017693895328301679 0.35495503399628125507
-0.65166203889975649055 -6.3374173427235351852 4.4202047782099871398 -0.96611848992698323713 -0.0085304965209629813466 -0.25795793077640333246 0.15241294046835474063 -0.82543728795186366298 -0.54352882098060473215 -0.20829152406929959951 -0.56442937050422015144 0.79877038422376966942
-0.27751274246611251639 4.8073948969161568456 5.0744393757271932799 -0.99999423235160234125 -0.0030218539615667196034 -0.0015503748125262860336 0.0033421869285930653169 -0.95674184109558091382 -0.29091902530365509882 -0.00060419364345708215236 -0.29092252902744802912 0.95674642254591613089
4.8892458296179697186 -6.1983732432391569489 5.5011706409790015471 0.97315649644669977025 -0.0073660020690621804199 -0.23002646681875196788 -0.050777501123457018106 -0.98172917516836544216 -0.18338340165576602625 -0.22447289102079770462 0.19014091783910888611 -0.95575015174475186353
0.15035555975097450454 7.4241350726912687108 -3.1403294137260480134 0.87655857302824002897 -2.2708788264078332703e-05 0.48129519791395347639 0.026094808443960778449 0.99853136991195867722 -0.047478039911210849489 -0.48058727513641080753 0.054176588909304608521 0.87527182531552139011
2.4176984280214086631 0.052916744314784949776 -5.015690826188450302 0.99132740520290141273 0.0026437182904806536161 -0.13138868462458608288 0.10706759149952022048 0.56347927729677660391 0.81916276460040993168 0.076200436640907864838 -0.82612596788310943552 0.5583093932981348928
-5.8234051058600204698 6.614375974312747708 -7.0949420250253458775 0.97333842196363684618 -0.0096615974698620668559 -0.22917017664515795805 -0.20308589584218855739 0.42813093368428217778 -0.88060207956419134234 0.10662286452357723487 0.90366506912519584116 0.41475415320864644775
-1.3794825159383137247 1.5684532681735863235 -0.99867316679993090034 0.87633679372528705542 0.0094064268410949426757 0.4816070422005552798 -0.46122188898212923558 -0.2720260524815901193 0.84455680442183811429 0.13895392433110259622 -0.96224391185675284266 -0.2340479886852513125
2.3796293846437683861 5.6023523809381439165 0.20110453155613328136 0.76801772032876902685 0.007346435160951564694 0.64038645453447906597 0.57586728397639863619 0.42960675092967026689 -0.69556804900834057204 -0.2802242896440241271 0.90298619560092363567 0.32571502582378614177
-2.3433019914668857808 2.6007775051445887193 2.0421493579471992064 -0.92267901547380593019 -0.0011320542121740001171 0.38556731300468205514 -0.38475784794422579482 0.067533634740471179536 -0.92054364732154281281 -0.024996656770920479274 -0.99771635580062079107 -0.062747434356108952591
-3.6341263057530244218 -6.6027560745602027481 -6.113232094360372848 -0.9965627042683610215 -0.010376527794544888189 0.082189440515854861324 -0.07087563414016556651 -0.40684180827219146304 -0.91074496294364359894 0.042888471022102664376 -0.91343969188595330877 0.40470792967351337799
-1.2055119137044045807 -5.8440437894909447181 -2.2467153124358687499 -0.98568669504850714436 0.0025793367835479138334 -0.168567749661735794 0.083389514897629510304 -0.86153878855689169924 -0.50079647025202012056 -0.14651937759013344831 -0.5076852005264074208 0.84899223150570035656
3.4156002270521526043 -7.2048968047833623629 4.0757122527606197693 -0.77138045386916986867 -0.00038243779742039773692 0.63637414241147327587 0.3400237687738843495 -0.84553352249774060834 0.41165142900436674234 0.53791823919379000429 0.53392220039437487955 0.65235807028713599376
-5.7800046852484738835 -2.259786263684554708 -5.2320989185856729975 0.55478202497094275536 0.0084036297362369595521 -0.83195329422769492833 0.82954896264650723747 0.071044772585470913895 0.55389634306446022816 0.063760672369524012959 -0.99743772702629962534 0.032443140468426535927
-3.9987734728449568777 -6.4270856879494306924 1.2024031112286446277 0.99537646307743188334 0.0045095124063115870489 0.0959445727969421569 -0.085941645981905220864 0.48787914168692875228 0.86867023466479775795 -0.04289207662544529398 -0.87289954027059135644 0.48601096938036786321
5.1516261940061998104 4.8845800585125420668 -3.3649199814029611133 0.56817502343814196841 0.0055905482948065288867 0.82288874613198248475 -0.32385004258909572128 0.92080382523456860699 0.21735101874250550846 -0.75650399381365718288 -0.38998597564932568904 0.52498823428807595004
-5.5626637486868366622 -6.3250096409188607538 3.8078455806449205134 -0.98713057078461541316 -0.0023944790432505946506 0.15989841366458790173 -0.11110175155657657509 0.72944026266616590615 -0.67496170558234891423 -0.1150201592043905291 -0.68404032751850996075 -0.72031881365467365086
-3.4230098678251184019 -5.0376794809517306817 6.9751698297144573147 0.99233080155735675643 0.0066684529853124965837 -0.12343059594488298147 -0.11375854764377588135 -0.34138236459525583832 -0.9330150448847595035 -0.048358795668491959263 0.93990085268512613137 -0.33800564196971777386
-4.7993509312359243779 3.8186473542248124957 3.947259168485145242 0.97893457151906815294 0.0044890349165466721451 0.20412484721441481739 -0.15146546448254230577 -0.65444326765036975324 0.7407848692408331992 0.13691354116328560697 -0.75609778335385657844 -0.63997720604217989138
-4.6622167650205348366 6.9414037130691763622 -4.6854012313244925991 0.98719804045602255194 -0.0040931625389730736525 0.15944677776686369541 -0.15949695854184531285 -0.019908935057087351339 0.98699764666427736159 -0.00086552624985720538059 -0.99979341882488359516 -0.020306908651721192888
-6.6692937374894567526 -0.0091272397749819315915 6.5511089174281558201 0.98314098727676446643 0.014860227898962892132 0.18224426674978960738 0.0092673947361919806198 -0.99946072434885113722 0.031501998015245155638 0.18261411372395255914 -0.02928197587143795827 -0.98274851887854097754
-0.41644916192384845433 -7.0068712048934127523 -5.5133230552656504742 -0.98741689569971602403 -0.012802500136586269716 -0.15761970078958789654 -0.15434953661721853568 0.29490693400980366734 0.94297726421112737505 0.03441067614555381321 0.95544021072141482875 -0.29317214926384571605
-6.3794565052578526831 2.2687674122501686469 1.6265424899489264732 -0.98445706551590650424 -0.023231868923358892087 0.17408206806558729207 -0.17097346292063564377 0.35340176425603780919 -0.91971477535028189898 -0.040154216871916885434 -0.9351831228625684389 -0.35188089686749629559
-6.4957365678612086768 -5.3059831379094202219 2.3609630864533484029 0.88264501880759638208 0.0027648521485720833901 -0.47003204823353933461 -0.3177284580367662481 0.74043486454448448342 -0.59228780024620286682 0.34639052776827727875 0.67212243450104303122 0.65441961715150720469
-6.2065956249770097841 0.065990560480618770667 -3.2036704549524874786 0.59116764972813773404 -0.0041768339538708707664 -0.80653788750007004982 -0.58326212484837225425 -0.69288731784345181097 -0.42392506235070531728 -0.55706920901467493756 0.721033784804775979 -0.412048756262934468
-5.3768298478335063706 -4.2485389659094225934 -5.9344892828345106039 0.94526391130794740203 0.0022933953724172139767 -0.32629875622867321461 -0.20267230282731299451 0.78783076932582196683 -0.58158973217389831056 0.25573438494929084941 0.61588750534586966801 0.74517280218320414154
7.3274439879712929269 5.9542191916248823347 5.0785524420867851347 -0.99429585213215199158 -0.0033579685198788771644 0.10660432674273867537 -0.064190385603988639462 0.81706212645309395093 -0.5729651611676709333 -0.085178358923318084339 -0.57653985600592205785 -0.81261703256073591906
5.0078557116097561774 -4.1076327828165144496 7.4166612893358179193 0.81779452225884075034 0.017082426295378608239 -0.57525673405469313071 0.05900016827536351538 0.99180433832087278034 0.11332755459861747205 0.57247803408242969869 -0.12661889748241572651 0.8100842890053945311
6.0254766180488834593 5.2732539729145697649 -6.4190710037808633714 0.98992840987813079945 -0.0062362689780936942513 -0.1414314401588866732 -0.046031527026863493235 0.93056438678029351763 -0.36322310027863741189 0.1338762183353380264 0.36607517125000765823 0.92090505871059202825
6.2603670997983522639 -4.2781762957494064992 -6.3997490306323179254 0.99631903150612810549 0.0033529206156628038431 0.085657138536734095391 0.056607130103718712733 0.72464846047013431463 -0.68678980886417362317 -0.064374065277680719843 0.68911056200120412996 0.72179125310442793229
-3.6344888059334312658 6.0993850196328587288 -4.0892521377540296257 0.99477010395776677143 0.004517934401639145045 0.10203934800090667945 0.080573253336999786645 0.57926501360408477748 -0.81114733240073044751 -0.062772534745803409972 0.81512675841427195689 0.57587149312908225696
-3.9460764614706365094 4.7770245242446227607 -6.4875817552700816293 0.9941419342242662216 0.0019071338420974667197 -0.1080656164437908684 0.031821845285623082122 -0.96069143086443020696 0.27578858719348442463 -0.10329174594068149529 -0.27761184683660766748 -0.95512432579031969482
0.37030703376374585201 -1.5719439549146581037 -4.9165795590267853399 0.42606447550489717768 -0.0052828311192020856873 -0.90467737586830243579 -0.76818750500540555759 -0.53031285167203390252 -0.35868682231869791766 -0.47786715713291844088 0.84778556902493196201 -0.23000567185796119696
-4.5494710402877442945 2.3580453594389387817 -0.50968183801921751463 -0.91297726462702755157 0.0010168762470434133949 0.40800916685397875527 -0.36311821140810773834 -0.45803712647845074013 -0.8113859471984438132 0.18605826726581603525 -0.88893248153607729023 0.41854672911392526435
2.5444583229083166387 -1.0408383154719629271 -1.8716863130399938875 0.97422778625740180658 -0.011123270254650364369 -0.22529201792989783648 0.034997395432038953811 0.99414235373174064669 0.10225538044377516234 0.2228349227500620866 -0.10750466676183108305 0.96891038998843914687
-2.3142959161943728041 5.6461247890209049771 2.363245689143234074 -0.8347575756742341424 -0.0050925113251202719367 -0.55059409385048418972 -0.089839361414385435212 0.98781692450391456184 0.127069322828962189 0.54323906247182074392 0.15553710165727180348 -0.82504516907422131844
6.9574163615305577579 6.3180456461296490289 -5.9066798246882257217 -0.96783364130658144919 -0.016731860975798380775 0.25103403670285828753 -0.1903313359254270587 -0.60384050864165716987 -0.77404820436986043752 0.16453578735316504167 -0.79692953575066893812 0.58123256079511087524
3.6131014962108221056 0.77907368627022621776 6.4092383344292240821 -0.71283267195008392925 -0.00033216057949114145137 0.70133406552784838262 0.17645152763817231745 -0.96791767452651367165 0.17888609150319725871 0.67877421886410260754 0.25126731782812944394 0.69002195240216745997
-6.5996948060136020331 -1.4792754009017790029 1.6003663521842967921 0.35103039613479686265 -0.010836312038888910175 -0.93630135924864665853 -0.93044916997251458923 -0.11625151949966885945 -0.34749090104872376594 -0.10508093588778277816 0.99316069120539285375 -0.050890454483338988523
-2.6455040251312365029 4.3204184634872042636 -0.79793934727962956277 0.867646034581354475 0.0087219486482646869235 0.49710591053308766929 0.37589224139427501736 -0.66592669808633675466 -0.64439634979979709684 0.32541570572845468501 0.74596619252310358839 -0.58106717174323885278
-6.0632097979856256487 5.0253898835134398482 -2.1227773252422506012 0.7813471304084441682 0.0034170640576072813972 0.6240873219957552287 0.60747114001866098221 0.22511193371127807827 -0.76177649697612037638 -0.14309254294694617737 0.97432691688881434278 0.17381479562747639833
-1.7832011910136220667 -6.0653458092335164054 -5.0527780960438972713 0.95097944899483999315 -0.0071209943083666571439 0.30917208643328913942 -0.2734499154735058335 -0.48630141102634838468 0.82990124795745712216 0.14444109981928121567 -0.87376211240474588315 -0.46440988319497011894
-0.35063830116505073642 4.9943532858980947964 -2.9948250218163710024 0.99629844283574542363 -0.0072367624600388705952 0.085656535490131968658 0.085928488843579869938 0.056148393814841483784 -0.99471787592107352438 0.0023890600952785061468 0.99839620749543578349 0.05656240138772025694
-2.4827874213796312652 7.3814274152417720387 6.9756006979154125958 0.99174795790066172518 -0.0080376835003359552861 -0.12795070786799575546 -0.04568956996392518205 -0.95466034861379545085 -0.29417015820973041462 -0.11978502075169930596 0.29758866649881143829 -0.94714968952902423016
-2.51634754101949909 5.693944075921007375 -3.2841760811209383952 0.9545726686279213391 0.0035049143657146161757 -0.29795760752815436678 0.053522139029317759851 -0.98568519543844379527 0.15987518921724538923 -0.2931320537613426036 -0.16855981451338170052 -0.94109573795057221979
2.959375344822401388 1.4823065661428169726 1.5961085365746050524 0.97688798649678820762 -0.011633648714105241859 0.2134350487986123035 0.053603583068231541731 0.97994383384272187865 -0.19192899310900879417 -0.20692152551232184665 0.19893401099654592357 0.95791896397785325501
7.2460093524983832936 -1.7496951873353685514 -0.97740190276927130242 0.9298799207980663617 -0.0084761733391512175673 -0.3677655331622199375 0.22263590972621066788 -0.78288428000926513217 0.58096941039498883885 -0.29284225206918057527 -0.62210960336571186069 -0.7261012717267983918
-1.0445543275487962909 -2.8137376267427245402 0.51607293838525458707 0.9843764594174149174 -0.00025547287103843676834 0.1760764631585005624 0.16771702001308605445 -0.30310654338317732925 -0.93808177924760538513 0.053609582564524818626 0.95295664019506531872 -0.29832809885312083775
4.2580217261950830121 -0.27474413881942838511 4.1080533610580163284 0.99001496942358346853 -0.0013716961827315403422 0.14095559147080058415 -0.073167714276139217411 0.84969752272553222827 0.52216913491871508324 -0.12048587429614364408 -0.52726865858279337029 0.84111290310599462483
-1.0664270357556904223 4.6850638326588631699 2.4867737356557158002 0.70104467986513152589 0.0051056358354763875865 0.71309907398315652838 -0.42909253906148803193 0.80171144089169843472 0.41609897676521689913 -0.56957523625469541617 -0.59768946621636143135 0.5642263306683270585
-7.1426092295525798193 -4.2499183934146085306 2.9520214741741841458 0.84957037521533196323 0.010462348693429839377 -0.52737151688000916128 -0.15649161846168940793 -0.94978956142203219137 -0.27094309802101246287 -0.50372666289145240359 0.31271445165483829909 -0.80527580419280464508
2.9895246288270489465 -5.5390278397488730278 6.116793443318891299 0.99162948689956831316 -0.0083121545865427193256 0.12884823940430414901 0.128765945644135682 0.13710703826718675935 -0.98215120592506000019 -0.0095022078396363191671 0.9905213617806480908 0.13702970445290763024
3.0662034953749630617 1.0511039645699975509 -4.7985343680718495207 0.93963152904260371923 0.0035491654277049985468 -0.34216953846560155261 0.26646746337375343261 -0.63493123830637854255 0.72516026751744933065 -0.21468041501765480761 -0.77256049992695841055 -0.59754714739530712109
4.4503124948855843357 1.8985355802569368056 -3.5493285140144408274 -0.78759300687467304058 -0.0016848752368431186427 -0.61619348967472409306 -0.11392282368379991198 0.98315540916329779986 0.14292316704025317953 0.60557315476003115151 0.18276378916058247381 -0.77451827067257339454
-4.8737534086102840547 4.7921910217057854808 -5.2011604900436729793 0.97099807431630358323 -9.1817372123760901664e-05 -0.23908728791723898865 -0.0075902678905744799809 0.99948402989675966257 -0.031209963387753336672 0.2389667916414704163 0.032119550913483091437 0.97049637142119837829
-2.0002613460802916023 -4.9397703962422294666 -6.632032286371121188 0.76379503262016279486 0.0018816142651167972084 0.64545612373930272287 0.086459694885747284676 -0.99128203267540393462 -0.099421591494713940085 0.63964198525827531405 0.13174365723951153573 -0.75729897627831910256
