1125 14.717824617146108679 14.977075390850430381 15.033177056927090831
5.8189222452193343216 6.3960097804943458755 0.83249781510273757057 0.95021227369528105111 0.0035641414729222411356 -0.31158294532010777367 -0.27400492082681027206 -0.46660820903818900351 -0.84095070165912366722 -0.14838442735513515669 0.88445693855252516258 -0.44240025493298079651
-0.23085847194944680849 3.7756427969232575492 -2.5240456051401309878 -0.99080870666749065734 0.0009540765169600111395 0.1352671302640941764 -0.12421173935579551961 0.38958110078683499955 -0.91257767325083471999 -0.053568186436519199534 -0.92099166969510237735 -0.38588183910911283414
-0.84567705975087081871 -6.5441036419419722492 6.7591079658640254024 0.9784372307655500034 -0.0027527264098345647671 0.20652604666005677791 -0.092835045298262114377 0.88735608636814389261 0.451642369967462598 -0.18450539237693375227 -0.46107656466436774956 0.86796668236812501984
0.10414777459705915064 1.2945508044500599887 4.9018730523569855606 -0.98006456376965922495 0.0039126232118491567624 -0.1986407365637949396 -0.012286951766661247457 -0.99908593064296780106 0.040943058111420488343 -0.1982989703939202486 0.04256752953632421399 0.97921679099670633217
-6.7628758417574399431 0.67610547346475058372 1.1485085724515993189 0.973766101107079729 0.00080898029627820156745 0.22754983165376369003 -0.21593517379353696639 -0.31213413102680098721 0.92517257037104305706 0.071774515348590875452 -0.95003769914623648063 -0.30377094849149166578
3.0090055979926031426 7.1990792974038724239 -3.1044881835452660113 0.99779950955562013437 -0.011838963880174819404 0.065237854539108491858 0.020968660483145721424 0.98977422857841512727 -0.14109320224424731771 -0.062900349825420406868 0.14215067842340167736 0.98784448706040428601
-7.0202204656582587461 -5.0358890256347894621 -4.2249263756864827712 0.76339092263569752195 -0.015300496757614403739 0.64575552187836515738 0.2214408813440140178 -0.9329379318300152768 -0.28388510250170806426 0.60679340413939253374 0.35971198221886241386 -0.70880819305454945134
-2.8714130187186315268 -1.8618653315036242102 -5.7339729470363360875 -0.96532886021442398938 -0.0012084295734909108067 0.261033965864985118 -0.18436781998657073012 -0.70475810403401295545 -0.68507263976298293784 0.18479366490934076572 -0.70944665373538773334 0.68010054176783885094
-4.6293323467804885496 5.0757588848432932949 0.62496857350944101661 0.95796393515570688049 0.00036829589103459271782 0.28688841611185372793 -0.16342057342682761445 -0.82119958317482721899 0.54674030469174239588 0.23579400993642490869 -0.57064096326120861136 -0.7866193971206077995
-3.7907492868659491414 5.0435452208642495009 -0.9424780359060088708 -0.91475378728647949167 0.0022249341068174338307 -0.40400564143734202238 0.34079275470501124712 0.54133607392626459376 -0.76864527150479267092 0.21699264269911650027 -0.84080336865070282037 -0.49594746524220656436
-5.9172433963940340718 5.5642057986798807434 -2.591357664828029872 -0.70800875453057043885 0.0091343018883572255073 0.70614458012301384304 0.074158057418657025162 -0.99342639426280787696 0.087204252774583587704 0.70229921403060246998 0.1141076847153120466 0.70267720203586570005
7.2719282746863447287 5.4861178298082480254 0.79719946796017904234 0.98889319562629263149 -0.0015857410660527902942 0.14861942359342544817 0.075813106198670640601 -0.8546922622471033737 -0.51356938166457732908 0.12783825942366813799 0.51913256715416977727 -0.84507914253473870314
1.9139649525939379515 3.936127977105377429 -1.2058407298352613601 -0.63885584086039426399 -0.0033089993043581506296 -0.7693193518443313117 -0.0057049887561084703519 -0.99994287788222135926 0.0090384775315882591451 -0.76930531500952425983 0.010163242415677741642 0.63880047025797015436
6.1103302731057080877 5.0997212770054360931 6.4719789754900496348 0.88892136593730508576 0.0041845012146822027632 -0.45804071339766788684 0.40196665566772288303 -0.48660620719648006727 0.77565276177506747857 -0.21963973436421965757 -0.87361140621416222274 -0.43423668433358963981
-0.99914675593597968017 -1.5778912480092075477 -4.9689063108553757075 0.96434546117881492222 -0.009681534090693395822 -0.26446946780570590452 0.10364496837711716093 -0.90568828587014915676 0.41107961439072759902 -0.24350678026272667975 -0.42383368994828174436 -0.87239294542705192459
0.47063505862657839529 6.5663834859426470913 5.7415915444403422541 0.99959020312708768419 0.0037517396820428948467 -0.028378693798712582158 -0.021433043664892729996 0.75524083328614377564 -0.65509686946011758124 0.018974995431355633213 0.65543665459484268254 0.75501174915476831906
-3.3665587423995364524 -0.21255902952280777973 -6.2933206889090635983 -0.97967934049008820185 0.0056926494244858719465 -0.20048936021510765926 0.16547066412634567345 -0.54196336903432695831 -0.82395094874544883012 -0.11334835301189308265 -0.84038282964822919041 0.53000834946443386997
-5.3126966921015608136 -3.5879769891989807817 6.0176172413589279486 -0.98242238827723182837 0.0015775908859225894372 -0.18666483926719504294 -0.0098224954285637648688 0.99814211463083535314 0.060131835029702013218 0.18641290082826444952 0.060908375511686138615 -0.98058166421644410438
6.120691269071870444 -6.268659682591042781 -4.809676754177954372 -0.99938947935720290339 0.010231161857933180129 0.033406464599470622745 -0.017109862421111413089 0.69033816749709042693 -0.7232844994224109092 -0.030461798337073187071 -0.72341449931821344421 -0.68974164802357329496
-1.4668070610577914614 4.2809378279070031681 -3.7322740283404050032 0.96133087388569915532 -0.0083811328577348756519 -0.27526842813159796419 0.16089030362709397237 0.82831533661227918497 0.53666378052882746097 0.22351121026200582165 -0.56019948209984216092 0.79763354940884312327
-6.6444286267015755243 -3.5172021438198397547 -7.2387559169483539634 0.94334592114452864298 0.0073201440734647358136 -0.33173014416954571537 0.32621374118337864711 -0.20331598559962288375 0.92317235934726082913 -0.060688286539880453851 -0.97908581109646120044 -0.19418523730307410413
-7.279460064747445891 6.5190924776433876175 -6.1441699074886795273 -0.73135147124040678079 0.015262238785445849873 0.68182995650047528713 -0.6676955419091029631 -0.21971419216342655267 -0.71127233678577073128 0.13895210983981506891 -0.97544489225644093189 0.17087882648769892047
3.8818747409088407707 -2.6112632423930284276 -3.327978504877653787 0.83928112350111228057 -0.0036163298965609224495 -0.54368567931561928575 -0.47275500993307056907 -0.49874407291608680026 -0.72646889149797544416 -0.26853285891677886044 0.86674175617028570429 -0.42029612393266896353
-5.2720393158106375608 4.6626336664122067788 -4.3122559312664145992 -0.79395735589220051143 -0.0051787997552325826245 0.60795139366387462854 0.38066562083975852282 -0.78393121437079960057 0.49045441811222290074 0.47405210909287320842 0.62082608769944969129 0.62437934518723037236
5.0922318036427141053 -2.3431464135905457624 -2.0194644729751685119 -0.91927691459295746146 0.0012939035390693289992 -0.39360929881040429557 0.29793865267355740256 0.6557728864914335043 -0.69368182950523837871 0.25722074865654753761 -0.75495711610425664251 -0.60322237964469804794
-0.26402370309461475895 7.4274778986132901082 5.2266900387995489652 -0.99492375762560125718 -0.0079500985656559240711 0.10031705959013408058 0.09555730643627828591 -0.3871955928091067034 0.91703237352661537418 0.031551825599439350944 0.92196332293749461151 0.38598978413858586745
-3.1811869929641378718 -6.8008027676762523583 5.0285000537238433438 0.9862540878822629864 0.00082175465533614912295 0.16523377032250896601 -0.056607610120581131063 -0.93779421861102751912 0.34254573711589625384 0.15523676308187200901 -0.34719062236628561724 -0.92485686413022272223
-3.0290192966635722804 -7.1027645112828095009 -5.5432620755858152961 -0.61531964209730649618 0.0019976484095377525403 0.78827517241756639432 0.59773901509529903109 -0.65073889506573712183 0.46823814483817904897 0.51389668989213654893 0.75929895288320192748 0.39921835161787727619
4.7942920366970653845 4.0170452861138494782 5.3825031721480414149 0.99536769848961148544 0.0075899145065954614492 0.095841212437124650991 0.095526667345512086826 0.034462462384974051899 -0.99483013349624382915 -0.010853599840367676721 0.99937717198470465974 0.033577782630205041392
-1.4425404165299029469 6.596355224885712687 -4.1992237632159117311 -0.95964640422054869884 0.00923994106683013669 0.28105764952334982842 0.20570861665229761561 0.70452453954897897859 0.67921214521545225651 -0.19173613092355101806 0.70961947314203699388 -0.67799517655816976536
1.4693696041717341227 5.4860006858742655922 0.89561332382240499417 0.97305950966730303531 -0.0053159556354385861104 -0.23049280088885926165 -0.22722768894970693521 0.14709856481589417276 -0.9626679539714988465 0.039022660346158921651 0.98910755372945613484 0.14192772503892425728
0.16563220109006254743 -7.2560775260249794627 -1.5019690461116725899 0.94358047019072588402 -0.014114667562060725231 0.33084236795558691346 0.15036499925141272316 0.90841472694192415549 -0.39009364372573501756 -0.29503603724786875429 0.41783185617506379828 0.85928474715338232226
5.1597259864797129225 -6.9559159414839957236 -7.3862273698874085781 0.94516290872661812283 -0.00038844242919367855463 -0.32659902798386736267 -0.32655964804301490512 -0.016698045208652766841 -0.94502908503190496958 -0.0050864759410192555977 0.99986050246962698829 -0.015909222602415111492
-7.3525811845946273948 -2.2016959960118414052 1.1309759862519692675 0.90665785957725397726 -0.0072903562809715841131 0.42180371782644265899 -0.41737988280552501541 0.12993542130162322179 0.89939469629325863309 -0.061364151555529523885 -0.99149565656968263738 0.11476412291045307024
6.2197194657317114164 2.1511397464491581744 -4.0168610916251044074 0.98752041727177353181 0.0099923674349756165525 -0.15717371938237240103 -0.1513906095686758102 -0.21484222400584149226 -0.96484387447846375885 -0.043408625938523348609 0.97659765071258697322 -0.21064833210084182857
-2.2493970256190238821 6.9498135060022399045 -5.334219962173205154 -0.96873890920881566835 0.0070987465869316382361 -0.24798091374465408565 0.24484065592998460748 -0.13371113455731850617 -0.9602991126201974037 -0.039974729373487727369 -0.99099492445330206181 0.1277931168695198294
-1.6414184018325861381 -3.8106376819618663632 -1.0082265948805630984 0.99964872662157300276 0.014591866333547334061 -0.022124664987417903134 0.022588562300619039608 -0.90572968645661200426 0.42325346061697771693 -0.013862907959461196958 -0.42360454731736063572 -0.90574113701149672195
5.8647535635238075002 6.9566276554148975819 7.2111951659477941945 -0.94799736055825811754 0.0088950017230514065447 0.31815386736430234516 0.19654103584207460731 0.80261350554252419709 0.56319018275437404686 -0.25034501314117713067 0.59643309739238026257 -0.76262371765520819977
-4.8715035977666047984 6.5598402941818489964 -4.1131723288830217555 -0.92885616589268604759 -0.0083082192023364986183 0.37034739985155612496 -0.36646760207142103916 0.16663717310028874907 -0.91538710345584262118 -0.054108407065779774714 -0.98598327878048175332 -0.15782665886959182378
6.9905465082922360054 -0.30930895821249987376 -1.1702830442596932059 -0.8139225560162326456 0.011798769162493375276 0.58085356317616609889 0.48600925684972140495 -0.53396041277718098161 0.69186796416885631977 0.31831599875673288746 0.84542715039981208847 0.42886811294669291428
-1.1965504348066975382 -2.3659827387465157678 7.1185961289741657154 0.88327155101509025048 0.0051056809950857113406 -0.46883397827912187683 0.42725734251296770827 0.4030310691951763391 0.80933127984280506251 0.19308684687509933275 -0.9151720544711142713 0.35380443790159360473
-6.9382330980532822551 -5.816296362600462011 -1.6606128129947290706 0.55767589583242216378 -0.0012705575797724456139 -0.8300578178000056484 -0.11983392178016984142 -0.98964614567489905816 -0.078995807113758559348 -0.82136315135167536905 0.1435231411104608279 -0.55205405674399454785
1.9030889304431364284 -1.6575322244086898582 0.17194090661488548033 -0.99587208953727845984 -0.0052073125200303377672 0.09061823865548557233 -0.058747761003792808854 -0.72405959276150533288 -0.68723097042188108219 0.069191631414128276778 -0.68971776113593086244 0.72076482164156974175
0.47428188183033220815 2.7549510706544602101 2.6888823115023781085 -0.90916060612641802496 0.0023412577864974264477 0.41643908411656732627 -0.040106789607249816731 0.99484365482118586321 -0.093153356833997127961 -0.41450987647491016608 -0.10139339709279798774 -0.90437875988474059064
3.6109804046352707019 -4.9633431870062514335 1.8959974459695350113 0.89549397147404286024 -0.00052650530817930241839 -0.44507333086334788241 -0.35297960455138704949 0.60827516584943697175 -0.7109196307470593279 0.27110135710534599696 0.79372605186105105179 0.54452089838014217094
-3.080952189942446573 -1.6677789359562122939 -2.0184399215053874244 0.94752968992512554003 0.00054492844052987893071 -0.3196673110649521643 -0.21157677713927991459 -0.74855327589971865088 -0.62841328798425255542 -0.23963045316868625267 0.66307442734041255328 -0.70916115920249633842
4.3341410459937872446 -2.8111495897078677686 1.1788122444804474132 -0.90173256510604760106 -0.0006910819875565916981 0.43229376982893724657 -0.31865722207977781322 -0.67468722004270464954 -0.6657737828477680031 0.29212318607680481941 -0.73810343280378565289 0.60816721930699879639
-1.2765005085614669067 3.8145297115525473863 0.9025438141746845444 -0.98707143976858091605 0.019456840685489522336 0.15909558178565177955 -0.13222277205995833227 -0.65988159592057116232 -0.73964411571646282439 0.090593108689209167483 -0.75111764106282052911 0.65392291437309502111
-5.1687110158135753935 -3.6640683090950645351 0.46330758971608437813 0.99057134011343150881 -0.0056805314756117721367 0.13688006322332418874 0.080579774898191958155 -0.78387394472386417998 -0.61566917956030386971 0.11079404326597248887 0.62089400894613899773 -0.77602532795752454664
2.9446959544275856935 0.35783760892767679795 1.9277832220362094429 0.99066832391467718466 -0.0047258479724049291815 0.13621284210028625217 -0.12863578579174769767 0.29788267957054026525 0.94589573623398703894 -0.045045605843912907285 -0.95459078959142884546 0.29449502172583336135
6.4012415772215307541 -3.90366107101411286 -7.0294539854800035528 -0.44019505079122500657 0.0022061932903702369257 0.89789946540237308703 -0.30696695655390310309 -0.94011371847337388274 -0.14818057876207152423 0.84380069023615056345 -0.34085382358039340023 0.41451063449283476192
-3.3505686083566166289 -4.819964688121627816 -7.1929765297343992714 -0.99507326372619153698 -0.0057810563562916209013 -0.098973628835777885393 -0.08030635839448831137 -0.53841747291329689062 0.83884296126462687404 -0.058138529555976918572 0.84265841492810911184 0.53530057643534389999
-1.059939415309285371 -4.0551375982300346124 -5.2045062056002047157 -0.99195570780583552928 -0.00045345432204135305634 0.12658462833468420161 -0.12596969949173880687 0.1020484327870043173 -0.98677137786609958603 -0.012470307190336569342 -0.9947793281652564934 -0.1012846468804207839
-1.9876700088582430759 -2.0577009811919970694 5.6957605014808629917 -0.99591112894965605484 -0.013004866477386660059 -0.089397408698262764704 0.029936833374595288315 0.88615759594912446584 -0.46241593954942700195 0.085233850326896995475 -0.46320145572921916921 -0.88214488728827489261
-3.2329003336903809895 -1.11657445841363967 -0.40326600030184228673 -0.99945410630335873581 0.0036327393762980537614 -0.032837365881507950272 0.032912591801750969156 0.19589720463438045628 -0.98007195986693940171 0.0028724021835537169589 -0.98061770758080657462 -0.19590982845335480622
-3.9339470958178655025 -2.6824659895201605764 1.3871264686176723036 -0.99424014270168825647 0.001901163826622399855 -0.10715840712009741531 0.043930335167484249603 0.91921946897509310137 -0.39128722635569279653 0.097758192968589119332 -0.39374097251005230058 -0.9140084147721800889
-3.2168637350587321322 -6.5640260144494959604 -0.37246899868722105342 0.9799347587085166511 -0.0068729944330689438786 -0.19919997646167669769 -0.1783474195311371413 -0.47646499030577604827 -0.86091422973450870693 -0.088994756145427081351 0.87916657975631318234 -0.46813038612996893395
-5.3154360080692146795 -3.6628504013720268873 -5.087714213438470523 -0.99708304689836146917 0.0047556236409163994347 -0.076175991176485130518 0.021807248033809404492 0.97420224942396282941 -0.22462061604081487443 0.073142610844343924903 -0.22562659697195971975 -0.97146425421506954478
-3.8182132996287911908 2.8550971465751651124 -5.9031396798695263683 0.91479868387835883148 0.0016147498883011708604 -0.40390687114385664946 -0.27321103154851800188 -0.73404063307311573361 -0.62172347650528847485 -0.29748798331126047323 0.67910363095816317358 -0.67105823756590621265
4.6028729301793562811 0.13744356600080406827 -1.4179034147888156525 0.98853066348989682144 -0.0097603874347867956851 0.1507045526095375787 0.049706466042903546532 -0.92127967894228557366 -0.38571105817875378508 0.14260573120899322497 0.3887781989836398 -0.9102280579180634934
0.72126002179071879716 -2.836554828885182733 7.3622598938212222563 0.99554231007218718652 -0.017811152337960517444 0.092618959767496442104 0.04426503658678287989 0.95537126024487784015 -0.29207252803710820332 -0.083283344025058200777 0.29487034091348357512 0.95190092271072335173
6.8737664948292760414 3.4524459837106449278 4.1903314306445800241 -0.97439433678305475972 0.0056763493599995629504 -0.22477423229310319885 -0.22225708012361081178 0.1269465024465199765 0.96668835508219352892 0.03402156345541031135 0.99189332318277223521 -0.12243434422380097826
-1.8493127275047356317 -1.8315104789500904481 3.0407343267631765649 0.65016861315950214006 -0.010022868396374173816 0.75972384230813394534 0.1912270707713012996 -0.96556658125713734631 -0.1763898652524625299 0.73533188552283679229 0.25996291902627888248 -0.6258644412848977101
-2.5473036495204404162 3.4556335192339280304 -4.5077575668978964174 -0.93344348840112834065 -0.012411648802976188097 -0.35850969991839493067 0.157211266543441891 0.88416059104377420219 -0.43993711700301729728 0.32244049316641071323 -0.46701820116462372523 -0.82336269538246475985
1.4324217237218732635 3.4051665134533157797 -6.0992898853402941484 -0.80300997897696024808 -0.0091833595986928993893 0.59589482257352321959 0.086626105950337234374 0.98746363656684899013 0.13195258324901895652 -0.58963623653168062422 0.15757928913619750899 -0.79214763535848964349
-4.9519584650365446876 -1.098778370370881996 -5.5804331530847823828 0.97607293737777367504 0.0023336971426797027164 -0.21743085056284949808 -0.1516271963804126377 0.72402538307284725061 -0.672901506897012891 0.15585510654666551167 0.68976938068026671935 0.70705543434686812798
4.3160710823866210717 -3.4506926064192144921 5.1987551129451317067 0.94231317795316138497 0.0045429016579622075178 0.33470171302286516601 -0.10925835703549759137 0.94931731110800621209 0.29471894110907298492 -0.31639925106391542098 -0.31428650126132195997 0.8950505622874294076
-5.7973366268291091075 4.7662207470286199751 -0.67350077879819991722 0.96859478346728811182 0.0011600153805899006583 0.24864191079616726476 -0.021293218495339306939 -0.99592856749536640137 0.087595018652940198622 0.2477311936074350629 -0.090138464658624156689 -0.96462651472102012296
1.0054044635182257661 7.0515337795729555737 -4.4962354231101402391 0.83764697802950627281 -0.00068572103834113921298 0.54621156156261152503 0.54610729867478491339 -0.018526807425274852831 -0.83751034366195276082 0.01069385487706498751 0.99982812882665650367 -0.015144446988462262338
6.0636154366097310131 -6.8016266520813832841 -5.9223382419489318806 0.89313619658262854983 -0.010378095830061943167 0.44966657589906328107 0.082574156457160957645 -0.97895881459592071216 -0.18660425507056449534 0.44214165494694934733 0.20379385283167916754 -0.8734865897704123805
2.5944973601788965389 -3.1479620969605481839 -4.1392549201448707308 0.99581384834901720549 0.0073799758773718700244 0.091106066715160374803 0.087577517945783903142 0.20835811635567766387 -0.97412374660474121413 -0.0261716982008739045 0.97802476006730565405 0.20683957771307379114
5.1604572546171674219 -5.2885054948938794439 6.7559380515422775559 0.98479052570424252533 0.0034461642204896714842 -0.17371167040613486043 0.039805678380833056651 0.96873568789596209427 0.24488094038826863086 0.16912459446153063625 -0.24807114090313164834 0.95386455044692153304
0.020222633369090754762 -1.8080426937388132114 -2.7572145488756221177 0.9059589537119130398 0.0028605895756649299747 -0.42335586829091442773 -0.18073405450618215684 0.90689216956468521325 -0.38063341199108491342 0.38284928592182698726 0.42135307025046514484 0.82212408702071027022
-1.8104904389419322897 -4.8087743974584409301 1.5343826478537132552 0.9983542001179487313 0.011390953101265061109 -0.056206203343496706493 -0.0013577135456189458329 0.98449538529711233537 0.1754052249580820011 0.057332780507928678138 -0.17504023113588049188 0.98289056855940848401
-1.5315504448126471271 7.1319296090820154532 -6.3365245231926445868 0.97893655934088774639 0.0044903211482911140062 0.20411528556644431553 0.069933295339157264259 -0.94665313579145926592 -0.31457459321968406218 0.1918138341958330606 0.32222302449122353085 -0.92702738659598138415
4.434572670628783797 1.9538966857827060331 -3.3937693461363083181 -0.70466750069456551842 0.015861163110292664929 -0.70936037172200505641 -0.12424918110829154261 -0.98706076807733134082 0.10135670237414348693 -0.69857415816694368171 0.15956021943778542216 0.6975203810027268414
4.0208611368671309805 -1.4606478771768438563 -4.0167217121012983583 -0.72124154860192812855 -0.0059246449804442810616 0.69265830475939027533 -0.2138348877684823901 0.95302741981522143266 -0.21450729090998718607 -0.65885147745401306807 -0.30282608154244944343 -0.68862986792199765151
6.9927259474707321729 6.3823956564085086995 -7.2473254594249940652 0.94999941939519272349 0.0018297297089715552822 -0.31224630540334674667 -0.18273927129790543122 0.8141107542302367106 -0.55120779981061918118 0.25319451391045583177 0.58070675210116662335 0.77373910731579997879
-6.1001123620192982955 -0.26362473175613643228 -5.9556430997430584995 0.72072434322972467324 0.0063569210113242988897 -0.69319262159331263007 0.54971430760823647432 -0.61445677086453498461 0.56591258755178552864 -0.42233943823290592823 -0.78892488000692229111 -0.44634844305666604436
0.34576836199733873567 3.3358892090820893017 1.7557754664137783518 0.92761931155854138176 0.0038756557754458685269 -0.37350688362588385649 -0.31951570850798965973 0.52617001965296417154 -0.78807031566670815437 0.19347383502757092844 0.85037056023283463801 0.48932380429426636237
3.7339787028521085332 -0.69668870623119261154 2.0527900608484470624 -0.99292098037038778457 -0.00137359217132973911 -0.11876885107108500761 -0.094615921076752665386 0.61363179930800315631 0.78390295468051640615 0.07180358082286253385 0.78959111451594377051 -0.60941785144387861095
0.97014041017900487507 0.38600905921501627027 -3.2453620303031578409 0.99236183414473888575 0.0061507925727296419022 -0.12320778337271262592 -0.067252550913753747497 -0.81030986733493415297 -0.58212972205105095735 -0.10341704177007662868 0.58596935640899638909 -0.80370692968336832074
0.73420981480621971826 -6.0459250961390527124 -7.412104502583842347 -0.76447719600340946489 0.0038730321114879857208 0.64463913658203342294 -0.11583323032977591027 -0.98453196145420918128 -0.1314514344790345679 0.63415871794232370195 -0.17516225762843842806 0.75310085908881319039
2.0873380434647565984 0.23050824979934067538 4.5343190471413219456 0.99797204595941979566 0.0079484404092970469685 -0.063155504737089696032 0.061686971031111134667 0.12396158376676952306 0.9903677313781171776 0.015700735286940034618 -0.99225518292682424182 0.12321988015883032774
5.8629816680883717339 3.9285261362035406307 -2.8237428797357102539 -0.99841662034672595816 0.00099977022978856543156 -0.056242801093407561452 0.016759443164015976752 0.95972173227798351913 -0.28045198815141342275 0.053697050944886366708 -0.28095052420801891468 -0.9582188840067065172
-0.50101452919090228022 -1.0476144495402266443 -1.1159272067168513054 0.71902025402537617094 0.0016412280851550685445 -0.69498718022101146907 -0.18202887694603428481 0.96553266895857503549 -0.18604341732915172236 0.67072748732928166859 0.26027672109531063693 0.69453629580967246593
-4.6182788136156425196 -5.6912132907962265094 -3.155533400358015772 -0.91384282694012086701 -0.010568657985527743146 0.40593052498993603683 0.13001328945616136279 0.93942192592599771395 0.31714821401724035965 -0.38469186658283488489 0.34259998330107732656 -0.85710992248781736613
7.2587941792978556421 -7.3949803797951521034 -7.1226199112677806013 0.96120709286342453925 -0.0047775243172990412149 -0.27578633013695286191 0.27545060771853152604 -0.035639000077459882798 0.96065437300884204408 -0.014418298668678096799 -0.99935330936309829664 -0.032940487680439549389
-1.501244342740474691 -3.6341073062270572436 -7.4590407353838203974 -0.98640016406523289838 -0.004424807101189681853 0.16430197020783984807 -0.067248559426691667529 -0.90127131980703834024 -0.42800425155384824727 0.14997448978769514771 -0.43323253476086670544 0.88871661582169980687
0.62015549880597775623 -2.5096682134944576781 -1.7071539429357618367 0.54593573018937857633 -0.0083664153164542745533 -0.83778528370785387835 0.55506759678560513294 0.75262874850642635938 0.35418911603848157732 0.6275779963488298252 -0.65839195773973746562 0.41553085142086093606
-1.6015290942007551767 -3.8980568838209253002 -4.0805622044182330299 0.99358046758606033411 0.0052239486105487191805 -0.11300692364830963732 -0.11280942866318061091 -0.029115567719916295164 -0.99318997000632258665 -0.0084786341020791564094 0.99956240129231632707 -0.028339348731019342598
-3.0421701475144051763 4.049452695351799747 -2.5341225278111090269 0.91236321976324274985 -0.0036994618300015148088 0.40936495844826936708 0.045094961358398022444 -0.99296577486528114775 -0.10947791743700895084 0.40689040254509550865 0.11834392222851014553 -0.90577862438255696276
-1.4238648411284109407 -2.0369615685830853025 1.0960693155405301091 0.91279643371739138669 -0.00026763155447275574061 -0.40841473891869523039 0.16336457846191651533 0.91675564498010464476 0.3645148857058805314 0.37431896171129730444 -0.39944838937033155801 0.83685500484421482259
4.8230524301458181924 5.7367353860229428619 -3.1648780488357064478 -0.97576324306707595824 0.0048569193472599286182 -0.21877500728718174416 0.21882253191325096164 0.014021218078944748531 -0.97566393034209053514 -0.0016712289322579371598 -0.999889901828130645 -0.01474419261334182496
2.6044682060157056114 2.3154492329574267728 1.1282416361966494112 -0.99878048830886079212 -0.0066819877600086206165 -0.0489171464124908556 -0.020098315671438420765 0.96001469463300448393 0.27922722610055472625 0.045095386468414294656 0.27986985748418274911 -0.95897824218859384349
-4.8064724969768537477 -5.3205846647696652951 -6.6911857638246043933 -0.83988672645979156606 -0.0013160317145051256965 -0.54276012637008019812 -0.49824584495962614961 0.39848881436941052669 0.77003749441381441621 0.21527044548018867132 0.91717224820804499341 -0.33534117316511097284
0.47465262188548168476 7.0267090368274560674 -0.23269911994114603204 0.68791055072846118978 -0.0030815513006638463323 -0.72578893504799091296 0.5876518908656958029 -0.58452090838017201069 0.55946453223440884006 -0.42596282626354770029 -0.81137279453279065322 -0.40028722054747617465
1.2035009185758627215 -4.1534942950916553528 3.809881088400025817 -0.82928507472326251637 0.0044868135077829815471 0.5588077785302101308 0.021176134204175522946 -0.99899724464665640156 0.039447135874373734366 0.55842442298079597585 0.044546309533728914443 0.82835849131012073698
-2.228762669011941977 -2.0777859304734027646 -1.0447319850782870176 0.99960146943874084169 -0.020687895097760776453 -0.019207115669280065695 0.013239881421872478143 -0.25734262248736206047 0.96622951734625106557 -0.024932064411966731871 -0.96609874528832817564 -0.25696615830962005189
3.0311717661630459553 -4.3362865448467058371 6.2366728081439957165 -0.98797416841926788411 -0.0093491560033883286396 -0.15433611313711353974 0.15220699805557588724 -0.23442863477052838794 -0.96014386679418761705 -0.027204269502202109432 -0.97208837483101762089 0.23303244246073095969
0.44987805528828206381 2.0024626011123287661 6.8427625663332030115 0.66361960368713246439 0.0083693756088356573153 -0.74802337874828672692 -0.46055005546179045295 0.79254066113688859119 -0.39971608281236442606 0.58949356910515693375 0.60976163703260288784 0.52980003585045221115
-6.9628413103315489607 -3.3741917744521017219 -1.5950060727926274051 -0.99593511173527360381 0.012299669941218300401 -0.089229879144443621786 0.054904631644067419805 0.8682166079499593625 -0.4931383204577587942 0.071405424421561558557 -0.49603290193211097003 -0.86536271329651903716
6.0621893593998574801 -6.8653469667508471019 -3.2590485728465865556 0.79229175079540603566 0.00016950794871282374304 -0.61014240377852146935 -0.55332859228335151691 -0.4211800703724238315 -0.71863399396554750176 -0.25710163473484520802 0.90697702263518364951 -0.33360370176085085703
5.2161479762004354654 4.7963469337980209062 3.2764499578139565372 0.98419324750002357138 0.007209120739540780462 0.17695106711601021887 0.1765475399729174999 0.03876874374829000075 -0.98352831715090127673 -0.013950544966127294971 0.99922220405986184044 0.036883183279212763961
-4.4513085551181150734 -3.0731703346298755442 4.1825242211233053524 0.99828718305112673637 -0.0051631258433766039767 0.058275571960608528455 0.044792213276474479589 0.70822605451837861157 -0.70456334940942277889 -0.037634529166890640095 0.70596685321115071332 0.70724426076260604734
-0.83582405619720623324 -2.972124410729017896 -1.7703264095709729808 0.77175205475562169699 -0.00010303631801701889498 -0.63592354521901595099 0.45988793817664630481 -0.69056794175605162867 0.55822844977529473276 -0.43920593154024317739 -0.72326752118586590257 -0.5328998428388209696
-5.8842528548162889024 5.6006848897145440347 2.602796183239388661 -0.94426168779594510383 0.0085015755450362166107 -0.32908598902708535716 -0.14609197899931047893 -0.90665671604314124199 0.39576600779495968441 -0.29500338749365795366 0.42178350189060398456 0.85736321293850281666
-0.87689090212128684154 -2.9510090625970053502 0.92680610429456133925 0.9436098462351613092 -0.00058223775909095956682 -0.33105908700273817269 -0.10516950312288211866 0.94767085259441763423 -0.30142881540396337936 0.31391055047705779257 0.31924851783849678144 0.89417031384237055658
-3.8960246062391892252 -3.4814931989640132137 5.4457566505111110189 0.93005677676649800567 0.0044240875679333359349 0.36738919341735021273 -0.24975889105156215408 0.74098328061313867288 0.623349239345341255 -0.26947149817995941223 -0.67150890187756251404 0.69026147680988436672
5.0766763507529599764 2.9711214986288618789 -4.3720104878487298095 -0.85544127987663265422 0.0032284001933243393692 0.51788975092703726233 -0.11169990025821645296 0.97529533084864794557 -0.19058370839928825968 -0.50571073645448372247 -0.22088140496006519742 -0.83394727409922053685
3.3292191539616955431 -3.2909356139374743577 3.7998761604646316137 -0.97746194468322433746 -0.013326702176005312053 -0.21069063981369459682 -0.15936634919490863527 -0.6079625544036326712 0.77780710924187390631 -0.1384576232653257355 0.79385384766479261121 0.59213643284944705858
3.2545437944318003076 -3.4822673877716834312 7.1183256079475745182 0.96717482236463370171 -0.010157969072749146316 0.25390879986400899382 -0.071988232987919731354 0.9473139770805760751 0.31211203619694438682 -0.24370177942587240016 -0.320145349008948088 0.91548697326211769809
-5.3713269009821305033 -4.2729559310117650739 -6.7757068192335747625 -0.93216176831954766779 -0.00028275000685934817413 -0.36204192814606689366 -0.35213753089714000533 -0.23159822931733245466 0.90684145224547185737 -0.084104678924146913932 0.97281148236921166639 0.21578744809085606549
-0.26516442733885181582 5.9058984548432231776 -0.47915041009286829521 0.8662412760978028814 0.0049186442725732363451 -0.49960169987992247842 0.050223117437315653588 0.9940294464404688668 0.096866392955909097484 0.49709525250135300212 -0.1090012226900525516 0.86082230651451108194
5.7182459822784688086 -5.2077200480775136526 5.1961787703728123944 0.99981308776442645581 0.0014991751106842145583 -0.019275425005898225161 -0.019098292609387765295 -0.078502841529282274546 -0.99673093615639929421 -0.003007449846182975832 0.99691276265573680604 -0.078459536702721460744
1.2091315155050832431 -0.17132333692069789954 3.1942641904406801068 -0.95664768678260481138 -0.0045067945945617528605 -0.29121279535050476062 0.099795587798922461009 0.93427886708621066258 -0.34229203784476391892 0.27361660042706026363 -0.35651463829493751367 -0.89332595879235987546
-5.5291724715525552014 -7.0213902491653135129 2.8384845337704378565 -0.83972226335554489562 -0.0080931280555548851252 0.54295581929224911999 0.53880019921758259827 -0.13677291125991683507 0.83125658858651241268 0.067534182071574785922 0.9905693675980866697 0.11921183761751302788
2.7817667410301480935 -2.979841565715870999 -6.8984746243986112546 0.97528586988247856215 -0.0052939884272177294144 -0.22088333050280820058 -0.21520971825882098671 0.20357410042777596137 -0.95511379573429866507 0.050022486687869897881 0.97904522843515706665 0.19740362586336188122
-1.7363580596171162007 -0.1776117250305074835 -2.7002128257711888182 -0.97925073724839317713 -0.0040211721689674935834 0.20261249658612776048 -0.14478187054665830891 -0.68568236034382612498 -0.71335679058541678899 0.14179634536723983995 -0.72788977935373133654 0.67087276405645068778
-6.6285886240385760715 1.1815366556484805383 -3.7135605775489421987 0.92369490547412003156 0.010372270551659727722 -0.38298843011864491803 0.37259499643854654405 0.20847451261826127622 0.90427393317373960802 0.089222700195047827121 -0.97797279798178404775 0.18870218911747901891
4.6451517463951939035 6.619151184742592342 -2.4365039854545735842 -0.99985457591922732856 -0.00086520111977391334773 -0.017031689302513683404 0.016042183498429087724 -0.3865509854990045735 -0.92212850729074835598 -0.0057857896674914435775 -0.92226763308525139262 0.38650865139242385204
5.8645362405436705089 4.6163302301273834161 -7.074385911718206188 0.96225425982716250584 0.0077371212337780780749 0.27204204895440792233 0.1948933866759080813 -0.71728598333127513431 -0.6689674027532271916 0.18995606669515943676 0.6967359292238909374 -0.69171940673530118993
1.9087791906533528863 -4.0069662029532135961 -6.0757580089640947918 -0.99716502650576965827 0.001323596209401295366 -0.075234021604813419715 0.03183083483622544535 0.91339764277802082404 -0.4058220596778121525 0.068181433450643397221 -0.40706632661111208371 -0.91085031584335962584
6.1495822745874129112 0.28618480397190715347 4.5883627705767420224 0.69481069713483434303 0.0039240769101921996881 0.7191819635998889515 0.53080222438523072537 0.67193483425639921602 -0.51648095521584658218 -0.48527012450263840027 0.74059987856689124541 0.46478460186626791018
6.6469066479389500302 4.3192747549165968479 -1.7526262262062892727 -0.96581945224394716298 0.0020909965177638668507 -0.25920727883434108163 0.13386601422343291645 -0.85227987150319295395 -0.50566679826380978025 -0.22197449381195963336 -0.52308187539240280639 0.82286856528413032663
5.3806974236596785133 -7.4721208943638410815 5.2346564714846799404 -0.5593518989302510569 0.0052781517457036516289 0.82891350228921056864 -0.73384234020735206183 -0.46818616191938200455 -0.49221655549795773066 0.38548783752828114091 -0.88361408935201701809 0.26575414995154456044
-3.4917975367267439779 6.1605413783668678818 -6.0572891163605611098 0.9429926073281625909 -0.0015324194678927611363 -0.33281014740394965212 0.3047212411767402096 0.40608177771521142274 0.8615349992793658318 0.13382790329433105758 -0.91383545646812847085 0.38339907511845561228
1.303163522020494236 4.7836898650132235744 6.8802922835530768708 0.9597886016229700834 0.0060063388938406880521 -0.28065951629638263842 0.26313730789988731829 0.32905193891060224853 0.90690880395451434204 0.097798759633419329873 -0.94429272230188987525 0.3142398084615452003
1.3673349440027791069 -5.8042485175697366984 -4.2631266867937736009 -0.63263216187825199732 -0.0051531192467348975461 0.77443527367973274966 -0.19539598194453897118 0.96868914765028357738 -0.15317227381109330131 -0.74939773017882826966 -0.24822324747400059675 -0.61383080846122850538
6.0589411698439956666 -7.4027725808456210643 -2.3533615125640254817 0.76674351051042699545 -0.001805868574481095043 -0.641951032345059458 0.13326161938680547436 0.97866030422714833659 0.15641403302929965391 0.62796952942679307164 -0.20547687891536578486 0.75062209023087600457
-5.6254976696933027824 0.30131116023640175383 -1.9748648843877949499 0.9234417339531375557 -0.0052919237609829316432 -0.38370217556882241228 0.11097714153484727895 -0.9534948699602112665 0.28023491398512478945 -0.36734103779750165719 -0.30136278552998363445 -0.87990967345938908561
5.9199078837830709787 -1.560662561387381686 -0.57841403952802961097 -0.26101970718229650092 0.0092000239124139376878 0.96528963115868049449 -0.91470391157543762262 0.31722920321174058467 -0.25036450782453772979 -0.30852142001982274522 -0.94830427194531896617 -0.074387775872677378008
7.0641385788311072957 -6.3591493485380157225 -6.4779406767351384033 0.78186437035869982282 -0.0077240565277458834298 0.62340071006882813442 -0.58647125298277325012 0.33013165998244781152 0.73963812537087814114 -0.21151731793966799255 -0.94390329273075823657 0.25358824535770241315
-4.2606232025868902014 4.8533597520880960019 -3.5968757404042683845 -0.95968662070750943016 -0.0073442344759735277843 0.28097624856043151853 0.072486891120091850871 0.95937633416579815027 0.27265857781915536773 -0.27156443185894330039 0.28203388389091726962 -0.92016827139746304454
-3.9096431926056989248 -5.0753680011909496628 -4.2630068849304763035 -0.77751030135988818959 0.0053045741169004366478 -0.62884782958420504251 0.19605282679999500028 0.95217363176186475826 -0.23436864995367742703 0.59752909584640301333 -0.3055114342717613618 -0.7413647841287069884
-3.2131680428940607719 -6.307124449964400803 6.910819213104661074 0.96978989461596643018 -0.0029562834901624510803 0.24392380098854307691 -0.23359214403430766938 -0.29942176946504911461 0.92508449031210193692 0.070301284100886179962 -0.95411627402442877877 -0.29106677085405685546
1.2085103067658595766 0.33316526100850596404 0.8605130611886263603 0.99995489965043116154 -0.0057188500726727395027 0.0075824414962861828166 -0.0093485444902748279783 -0.45194685989017796546 0.89199587473902564039 -0.0016743300485265947674 -0.89202653020486100122 -0.45197993985312545639
2.1726526174585951701 0.11942021140687664182 6.8639927674945884206 -0.96129359025083760404 0.0096423230051740759644 0.2753573295731751025 -0.044053985359628865248 0.98115115160738963773 -0.18815329939559677364 -0.27198139590149361666 -0.19300114845921054196 -0.94274953035085118369
6.0677520666711846076 5.7438427550902169116 5.2843033042853040371 -0.9630197546267164066 -0.0079777416114132412156 -0.26931265814556748506 -0.25761327780660264741 0.32004898412074128666 0.91170392500030217331 0.07891990431058805433 0.94736740676573527598 -0.31026866632249688882
-4.6603497266574747115 6.146052177310236786 -1.0058550502460081866 0.64570607793728418411 -0.017435466336849978625 0.76338696964811258994 0.75348227666369971267 0.17664508410947366013 -0.63329374938779248172 -0.12380678361278868449 0.98412017496522419258 0.12719811931743466027
-5.3559767969993785641 -4.3126012266777058457 -2.4792963978656525903 0.98345347423270534915 0.0080215609081688201559 0.18098319971847631749 0.17385384668057243807 -0.32265814915426865861 -0.93041203709907727148 0.050932347423908175266 0.94648157580861480564 -0.31871385699549281689
