1125 14.717824617146108679 14.977075390850430381 15.033177056927090831
6.431835587171793378 6.8950653069797693817 1.7641601016020767023 0.99813547824735715519 -0.0081916514392997019645 0.06048523712921314438 -0.020166014716353385799 0.89104895298253494751 0.45345903369465823118 -0.057609885560910054081 -0.4538332956443922872 0.88922237986354202288
0.74163956229634031558 2.2493773401318590821 -3.4480970584202803586 -0.93753112905174740277 0.0026903604104964507805 0.34789099445053217607 -0.31303053595601149084 0.42983224329624192261 -0.84690975090736952957 -0.15181325903236625452 -0.9029047594203014615 -0.40213894339922784393
0.021528406853666061382 -7.3857743501237962391 7.0286512524232183097 0.88196591125669754341 -0.0071098955429692283631 -0.47125956835527049726 0.44609116509647162019 -0.31011654417960460295 0.8395417806452055709 -0.15211444311424221487 -0.95067196151536548232 -0.2703405588967233153
2.8085874062290843156 0.9204457817951917642 3.5065345725326775295 -0.98639185872067880467 -0.0047432896756203057204 -0.16434294098815563356 -0.061810117514124976457 -0.91555652222080574631 0.39741132846434201742 -0.15235028855394577851 0.40216135545561110254 0.90280431642502378953
-3.3607334214529083205 -0.48362860995975631706 -1.0265762367022297497 -0.97528304676530808148 0.0056229885698686260173 0.2208876653228376008 -0.021883741548816532108 -0.99721929264239994595 -0.071237519873191754161 0.21987287360669743874 -0.074310594005212518565 0.97269412204995842064
0.050371369147644437514 -6.5814667564054616378 -3.4828623399863021248 0.99862073828916686491 0.0063174306856345237293 0.052122079087182672519 0.026813682521788728685 0.79214616797949899407 -0.60974213810840582894 -0.045140308909623755307 0.61029872900483539411 0.79088419751985994388
-3.6383316273190611234 -2.4193061777485178609 -1.2399022218517836702 0.99212178683565510617 0.0018291895748163073451 0.1252637782901157848 0.11312346990874604102 -0.44270538200102799165 -0.88950268425858158849 0.05382787978200968132 0.89666526575583338499 -0.43942457890441732893
-4.3974844637166778938 -3.6036632036729963069 -6.1211562329645383684 -0.98587534268761045642 0.00037848774326413540253 -0.16748034340709735956 -0.13959844054009282188 0.55063200694439917715 0.82299250806261681213 0.092531530191076100111 0.83474801567620260379 -0.54280168224223701579
-5.5289443697085900453 5.0939619849836397236 0.74471303516851183879 0.80696540847240871841 -0.0010746729937783374396 0.59059772655079334491 -0.29984811668106414739 -0.86227685018159738739 0.40812956345234879807 0.50882014155479149409 -0.50643605590333617972 -0.69614982929625390806
-3.5982806151922521742 6.1383440212763780153 -2.8871922482505758545 -0.77471989923258210986 -0.0022402516033458424322 -0.63230060810168886576 0.051866899089996920669 -0.99684889515579266916 -0.060017539149268800402 -0.63017370820425766542 -0.079292253716882921122 0.77239487050905120125
-1.8411656808487941728 3.8505893806170283789 -4.1575243913239789961 -0.76367104446823386166 -0.012534516423365019144 0.6454838663660602549 -0.48133592945085296178 -0.6552617140586196598 -0.582192244115926405 0.43025836291760316543 -0.75529793590813421034 0.49437108446229766079
6.0281406584855723452 4.1071021054646132953 -1.3955091415341478456 0.96623199340878873631 -0.010572351734001455767 -0.25745671537573611154 0.10913468285282119929 -0.88832440236728404948 0.44605983584864061786 -0.23342098430061727909 -0.45909474135246858273 -0.85717364783948901685
4.5602609754608653958 4.453344258732158778 1.2829460739342009035 -0.97969674938578898971 -0.01932543293679455168 -0.19955151436345172633 0.15592076693967962808 -0.69913148475125130865 -0.69778498225930862819 -0.12602774964230370469 -0.71473190405315234486 0.68795007932898777359
-5.6477789423503992339 4.9829095774518288309 6.9057070723346303254 0.9017941553950514777 0.00065477436029396686445 0.4321653301295537708 -0.35057526597312327343 0.58586895814638728641 0.73065350664217620924 -0.25271383852755868737 -0.81040553746331900342 0.52856274997921148806
-0.79175208155238141483 -1.724924815026574576 -4.8396246644031597484 0.95458241053130510334 -0.0097110590895197537731 0.29778871173294452213 -0.22398768593364731805 0.6356850410216189351 0.73873814384487268558 -0.19647375920034543251 -0.77188744254110730481 0.60463860114367473653
-3.5326887697113837916 5.6904018908752345141 5.6767685852477871578 0.81590117596479094786 -0.010854436180695493583 0.57808948466002574307 -0.57306296617707708219 0.11768950300997035874 0.81101665684345025653 -0.076838192688116480067 -0.99299111884059776401 0.089802728510622556457
-3.5081612585078914002 -2.6937755391488482637 -6.4305854182773334315 -0.62636583732107042888 0.0015356751673510867819 0.77952772852470186837 0.49140000986395981908 0.77706267461165257071 0.39331873846929704674 -0.60513789184183630621 0.62942135444170510539 -0.48748014362646785447
-4.9944202369064791824 -4.6648825074621926845 6.5757984690701114516 -0.91743648470295169339 -0.0028390786723665826369 -0.39787213545077804167 -0.068903658270397905028 -0.98373215141101444381 0.1659015978144943726 -0.3918706194815575472 0.17961902436200682942 0.90231614397312842613
4.0476921721797731735 -5.3596942627055481623 6.1722623616503931032 -0.68003079579291547674 0.0010998008687485543843 -0.73318272429945052782 -0.5806383916900177411 -0.61140427495599825036 0.5376280039778423836 -0.44767976821476357374 0.79131763723779424691 0.41641232225715973936
-3.5458901900543255969 3.3239035415633750858 -3.5890039794148185237 -0.070268472316427729729 -0.0011752481900400933018 -0.99752742347760836594 0.59010081070619768706 0.80620918112283146417 -0.042518107636633037383 0.80426573655868782708 -0.59162942376544236378 -0.055957572615203794719
-2.8646414298264009091 -3.7781175876379813339 -3.6527250576745067256 0.99455285211943522672 0.0051222372947468258753 0.10410757429800540641 -0.060876784346621186372 -0.7821978222626061461 0.62004885611962801129 0.084608755272309987827 -0.62300909265655568525 -0.77762524971770463633
-4.964146232631226674 6.8882836156640241398 6.0089756495375095113 -0.99982525674703515151 -0.010537959724532641737 -0.015440446083259366447 0.018631758398497840629 -0.49454282191012055581 -0.86895354011372860636 0.0015210356306575856244 -0.8690893790065614688 0.49465274460830999104
4.8385547174710472618 -2.2540445652885758854 -1.4396522685737125347 0.85088615491488051035 0.019775834455859592209 0.52497777833524206237 0.52261640216040072815 0.069947471394794499822 -0.84969373743628473505 -0.053524270822744898779 0.99735463483008568453 0.04918215952808643876
3.6952576670887737897 6.6060180035910835983 -4.2578353473365000426 -0.96451799781316371885 -0.0099523419606709941088 0.26382945776407473737 0.090807051957991158364 0.92581763752684864688 0.36690023352252870703 -0.24790948188659100992 0.37783945391358397803 -0.8920640312539594996
-6.566802196834706784 -2.5215334617958942154 -0.98690877045610547746 -0.99116718640262613249 -0.00081869172885194914369 0.13261575450335494342 0.13232099964605176234 0.060813377659861590774 0.9893396212374335752 -0.0088747761272353099804 0.99814881798333610075 -0.060167894322881956826
-1.9068980318809614083 6.2321072513507180801 3.8488822255320243038 -0.91821301688810863517 0.0013390225218631230698 -0.39608466599427538668 -0.36211500722594269774 -0.40802863844684139627 0.83808433450875829962 -0.16049167317621371165 0.91296814688456207065 0.3751420872352335123
-3.4106442922690947128 -6.5554098646053953203 -7.5041040703009000978 0.99961067198641806453 -0.0010343191232745595209 -0.027882514861262568812 -0.021749492070084842921 0.59708114031891923457 -0.8018859466721324214 0.017477529737649356856 0.80218018054513795523 0.59682618398898179546
-4.8044214914857601428 -5.8887690299371486802 -3.8421366370941356649 -0.88204966959113784153 -0.0076387455072406372503 0.4710945021342740624 -0.14255381341066011847 -0.94867780899405462769 -0.28229209164320173686 0.44907325756071286849 -0.31615196391813854548 0.83569201567003714715
6.5467660635105042743 3.8746345490665685674 5.6536276427967733227 0.99141529745364664894 0.0059492090526117443958 -0.13061514034254251282 -0.11872409125150867881 -0.37753279417826401954 -0.9183537333056335239 -0.054774977239180427935 0.92597710351369388881 -0.37358547300025291005
-1.5666011175735872207 6.7486920867283490821 -3.7721048862781891842 -0.99113576179091289475 -0.0098222692383687915108 -0.13248933816004410113 -0.05963042604357775972 -0.85827327563550603884 0.50971678079071358614 -0.11871863370570176488 0.51309892550736657668 0.85007963077249026895
-4.6571694184846350595 5.0935328846715872686 2.8113639475272584889 0.65420625223534045745 -0.018693197362180644788 -0.75608514329304021828 -0.44916576672227792599 0.79470044951636453767 -0.40829071694479113219 0.60849346220064326474 0.60671390284943882421 0.51150165840213546176
2.2091105141836462344 6.9557954941737323296 -1.3733436711971505062 0.99076992287725695885 0.0039997179809596241501 0.13549524780616847841 -0.033855916215340065012 -0.9605849168723046283 0.27591736881666978354 0.13125828301182476676 -0.27795794598023687572 -0.95158322988969401557
2.9289810306640915449 -5.8079156488089065391 -5.9374864616404758877 0.99908233713600491654 -0.0022257565701104568487 0.042773001187798351252 0.033881730471088070122 -0.56984323958287941281 -0.82105463316515459038 0.026201373307637720877 0.82175040511668562271 -0.56924490311945341592
7.2810066494228440348 -2.1584458598180487066 -1.9924377482452437782 0.9015626167685949488 0.0010960267978160991541 -0.43264725443566909302 0.26617021438024851543 -0.78976504352834753231 0.55265232560575794363 -0.34108395597302992863 -0.61340848930053326615 -0.71231436896351774113
6.4906243773671272734 1.969970800879299988 -4.3094924860003276379 0.36744321656917594554 0.0030052848672164106554 -0.93004110170476006481 0.92049509347217017829 -0.1441185050724487493 0.3632060563775344475 -0.13294459556870280581 -0.98955587247947196516 -0.05572171704576135004
0.54563630429948128953 7.2733643492305866118 -3.8052734482340682121 -0.53332944963222861379 0.010511510098584224068 -0.8458423058172479525 -0.69188207873492657551 0.5698714569151003273 0.44333476258787746227 0.48668150497054718517 0.82166661776465999001 -0.2966565050200098419
0.89980525051669990599 -4.3157609639625515996 1.4903935928659883814 0.78926992747348501123 -0.0042488990687304488414 0.61403169986795369528 0.53098621537839663098 -0.49749713283066526737 -0.6859666478067550921 0.30839361320249963905 0.867455214798958818 -0.39040341911147219411
2.8590131620909700061 7.1808194113783399004 -6.9023674016926053199 -0.99800944028658977736 -0.006277092673368327852 -0.062751535490242510429 0.049858446112829822583 -0.68783684996086480457 -0.72415095331511791787 -0.038617255858351851039 -0.72583818165172775405 0.68678063572474401521
-3.6937084299275566579 7.1611476088275054508 -3.4878058895236963011 -0.89933001217302510621 -0.0044509795332621070879 -0.4372478907736866427 -0.37124898689828533804 -0.52057022252416462749 0.76888284747955726317 -0.23104051361584249102 0.85380725705649729296 0.46651200291700906098
2.5767704064654255447 0.59300262249140389681 -0.045528652049384943368 -0.89876556848549848944 -0.0052524866043926971351 0.4383980660194503054 0.43522624761590522624 0.10996389241294572681 0.89358046965649629012 -0.052901477212686905116 0.99392170403405599721 -0.096545740241916477853
2.3829190015967141036 -1.5226773794387482575 -6.8009139853067690495 0.99095072148881346852 -0.0005936207991384390148 -0.13422486802088307023 0.12357673039099571766 -0.38632582937221660035 0.9140465771860810662 -0.052397130520121668051 -0.92236218546409143304 -0.38275650162872199012
4.8570296266391501661 -6.7062960805269833386 0.32764560068781889424 0.95897484780083808165 0.00071754057212298800062 0.28349025807047095737 0.091644972550339917627 -0.94708746028650869775 -0.3076142740092862593 0.26826934280975034408 0.32097480851862458806 -0.90829881206843876562
0.083676185190687604742 -2.3814349837910659957 -2.5378062636470093416 -0.99059535615923866025 0.014775271929768688667 0.13602401146571058144 0.11207979286408027708 0.65784812114612700729 0.74476437182235322165 -0.078479044256168792315 0.75300567118974148784 -0.65331730328289516763
-2.1031411045561099193 3.0682866542802158527 0.35519194525087294245 0.32385702120324177944 0.018603417542911313692 -0.9459231166818726777 0.91044666216590541818 -0.27803272483610008692 0.30624284362447606878 -0.25730041812701626158 -0.96039143934954385173 -0.10698026946924897584
0.29073664296687590225 -4.6716475382680586748 2.2224498804118306694 0.80420587278316679747 -0.0030507295288865797847 0.59434300469545198187 -0.56884367411434222372 -0.2937575748974222134 0.7681948721583791162 0.17224920493615683559 -0.95587508610680826937 -0.23797695510106028904
-4.0580551095261014893 -0.68046272766846149782 -2.0398881969809017356 0.99965701809433682445 -0.0011871793217841809104 0.026161742681139094763 0.025622279357195697908 0.25097258995414950533 -0.96765503041747791269 -0.0054171002755901672202 0.9679934657305472312 0.25091692913717950075
6.5119779407542583982 -2.6167155576589355981 1.2564490099879681573 -0.98402949073227607979 0.0054978376202523939267 -0.17792058664089005493 -0.00489809031779987053 0.99830815472566203361 0.057938216398796898998 0.17793810744296897908 0.057884384679623729353 -0.98233773618336495126
-1.2746857943257912105 4.8303229114533028365 0.81130054511796911854 -0.82589699618943568371 0.0068688113357798187206 0.56377918648713021277 0.0017113519244380801833 0.99995172280930788578 -0.009675914694507922395 -0.56381843084437621716 -0.0070264842858307908352 -0.82586887915620776912
-3.9186945734657219198 -2.6787606195825901523 1.3745749447270212418 0.95788217672388220603 0.0017604399764671713711 0.28715611845437427618 -0.25451219026838545201 -0.45789196167242762758 0.85179721556285015183 0.13298601625541334181 -0.88900610362747900517 -0.43815849551687668928
5.5549189161580700969 1.0219475597540430556 2.2762143783000290398 0.90940522891813457829 -0.0016425565552759648427 -0.41590796052051948184 0.28846651195835715242 0.72286771632392154974 0.62789277442508117932 0.29961508822975035926 -0.69098449092914870917 0.6578535036012064241
-6.5502550278045044152 -2.3924440885901057108 -6.6479694945376497373 -0.53498557042392080874 0.0075749920005407297974 0.84482723614605215179 0.729076511450550524 -0.50112255155705076604 0.46617982450131972838 0.42689328864385966966 0.86534317343881794748 0.26257058535499627761
-3.6477339239917925262 -4.8314959078941122073 -7.2352175111657244244 -0.96352925861994742629 -0.00024810120714498576366 0.26760288905261453429 0.26510704540310536803 -0.13714641721325365742 0.95441558805549020494 0.036463985809959159612 0.99055075523237745561 0.13221035907787059838
-2.6180699208055506766 -2.3706309235989500017 -4.5842669673981237821 -0.99459085541216274429 -0.016974757324324796226 -0.10247384029267717076 -0.091154489049375106435 0.6156251097530812677 0.78274937455597659586 0.049798488498132523206 0.78785632056574328441 -0.61384242985310111251
-1.9401171816610169873 -2.4698664228029958423 5.1452694082257606212 -0.99323458915276507941 -0.0022268631529816164567 0.11610379834827022627 -0.072558752461611558671 0.79251634838859996712 -0.60551883949073825875 -0.090665750709025022536 -0.60984660252997746621 -0.78731622810092949383
-5.206757301300312335 -1.6967231542564553681 -0.46145753304042391729 -0.99996838476034433096 -0.0028791097762927778114 0.0074121661291861196813 -0.0033769158682545111216 0.99767627342047493499 -0.06804887870603500144 -0.0071990220897599054711 -0.068071757585865561024 -0.99765445415739051338
-1.8512576444448807234 -3.2433041310699142201 2.3631520142744157909 -0.83409615319500418629 -0.0036995309334760927839 -0.551606672091670025 -0.10255647656022370828 0.98358300682378041468 0.1484811025112381111 0.54200163868825013136 0.18041835316364923658 -0.82078221319724498084
7.27530675282333128 -7.3111038460224229141 3.196232229456585916 0.98542761423324154446 -0.0028339142605976128109 -0.17007170851291381064 -0.14310212149691425854 0.52667244500820842301 -0.837936703153657092 0.091946723321763582093 0.85006358856205932462 0.51859203182405289034
-4.3952427409509615686 -2.9215942790809403817 -3.9288587791498499335 -0.97710980590593210504 0.0048433671470483729421 0.21268043868015187869 -0.082285292519158809155 0.91332159760414455274 -0.39883930346057305805 -0.19617736321381998299 -0.40721026650188973939 -0.89201695108212497587
-1.1563160464204120803 2.32176126616619527 -7.0546611487552270958 0.88856282290226029641 -0.0051240102670471552454 -0.45872633919882893627 -0.23396342225037020102 -0.8651843802756522539 -0.44352802073369590463 -0.39461022136390616621 0.501427694334815377 -0.76996950624646520733
6.6230235028484223392 -0.90839380874982311731 -3.8626274997114427023 0.85925994237106195772 -0.0056168375156230403167 -0.51150836021777212892 -0.45437329984348345802 0.450957401789079948 -0.76823324984072804966 0.23498352245568354668 0.89252779951545058168 0.38493749007643690563
0.17033374749791665992 -2.646249172775747116 7.2069254306730563542 0.87666911431759375617 0.002104078983672991697 0.48108921922355224465 0.35479742609303527301 -0.67818931138097293676 -0.64356665883671626549 0.32491545121660331263 0.73488422950838183656 -0.59529414475579833788
6.4827769588213914886 3.2871917363362439524 2.6474194673876088046 -0.90339682201924298433 0.0087139563361431360278 0.42871697998842167587 0.057877064501578590061 0.99312257386052993358 0.10177327101589862812 -0.42488166278401068299 0.11675452990598300662 -0.89768811531416103922
-0.054029523047777597289 -2.2485852248935662701 4.4498289167795839205 0.96108189694064349862 -0.0052212561191471787425 0.27621427526038683231 0.021449144652500761604 -0.99539311967542187798 -0.093447693907665288493 0.27542970349394968466 0.095735446870661169982 -0.95654231618146756677
-4.7499145612538979933 4.2234401891039468069 -2.7680987482542676048 -0.99415809974368885005 -0.0025444897025866646673 -0.10790365279369090734 0.05038667849725481096 -0.89504226528632890858 -0.44312585794681902396 -0.095450800646612543598 -0.44597406754572060938 0.88994172603182553072
-1.7275634227609828475 5.2868840459358743544 -6.401807123485187212 -0.99995428229227278916 0.0015557102847432975959 0.0094346749211514265021 -0.0093831702025928415134 0.030326172879859746023 -0.99949601267610255206 -0.0018410438091264751288 -0.99953884517008217969 -0.030310188942314960497
-5.0232872804741859341 -1.8177803824789651177 -4.9091135994040202561 0.99833705285180962541 0.0020935403989770211969 0.05760855832133736365 -0.015570687443042097522 -0.95240236894589003214 0.3044458594217532843 0.05550389712279656107 -0.30483658690365650346 -0.9507859762792423286
-6.0634264404868405407 -2.2910284494642780828 5.0921026491701919525 0.99966161094043803903 -0.010026480274700426409 0.024002777034307910126 0.017629448152561288943 -0.41736351067846083618 -0.90856860088376534268 0.019127628444026111704 0.90868430692259416492 -0.41704551811841816811
-4.4375943241908339942 4.6657926931823121564 -1.842515991467993608 0.9764807803986292889 -0.0084828789782252535245 0.21543752290728651611 0.10246213773008756853 0.89743733012665827253 -0.42907778878308860948 -0.18970186041249417763 0.44106040318693384705 0.87719947839507383947
-0.35216745580128405724 -5.7329164994468220229 -2.9490449403754661617 0.90339961466700380299 -0.00011457087274883460959 0.42879963047210173377 -0.25130773232989167543 0.81011703374979426862 0.52967425395205769423 -0.34743856995256133802 -0.58626817967702438139 0.7318306235784667324
-6.4203574266678238303 -7.188974725230651508 -6.1008968809285262225 0.96675965243846739838 -0.0088670355016910520907 0.25553307045934642305 -0.11647877457528800493 0.87440039689512316645 0.47101660372342835092 -0.22761473917658842092 -0.48512402701894041801 0.84430220236501885012
-3.4297015648278486033 -1.0051488624673097227 -5.8281716949312363241 0.99252447470504112648 -7.6537869219495645312e-05 -0.12204573426936943248 -0.060665262227186281252 0.86740098653994568423 -0.49389802035291752169 0.10590039221032898631 0.49760980968176610206 0.86091206533427233616
2.4869508899699361848 -6.9041368957806747986 7.330495816956982047 0.95930940333125924724 0.0056109953109167477747 0.28230123168666121369 0.27085973438315641415 -0.30068435515606417585 -0.91445279968639836543 0.079752573438407192707 0.95370720627249905288 -0.28996912203533009578
3.4271926250061075514 -2.7810992109657024507 -3.7884295901008697705 0.98966100050186511794 0.0040641231212061416922 0.14336870993612371716 -0.038918438147430997609 -0.95448541818843013473 0.29570752719158532873 0.13804513485689681729 -0.29822989348631395723 -0.94445882460456509477
0.10009225020962179975 -5.0542577844494278594 5.8543412495030056064 0.96747977059659751031 0.0057677199481714624962 -0.25288263462118448777 -0.24231101100392321568 -0.26573986226135781763 -0.93309576119043979858 -0.072582831527930838367 0.96402751984153245424 -0.25570035892717374315
-2.0445064310491565251 -7.2592829543054113728 -4.123524154754760751 -0.99942619200178661742 -0.0027375205502029216487 0.033760816371709606587 -0.031970888192400619132 0.40543754247431817994 -0.91356349612967724383 -0.011187003577127877657 -0.91411864937420528321 -0.40529242013315780468
4.470599223492108365 0.21219391584002961215 -5.0547645602422726085 -0.99990917540259638407 -0.0079699075099881923345 -0.010868372459977643923 -0.0068800239011141944151 0.99527311614390412409 -0.096871510528064946888 0.011589055904965755994 -0.096787937549847352647 -0.99523755401810631849
4.0759169408679420954 -2.1347681854254312306 -6.6142269207515571594 -0.93051042103977799069 -0.0042420697398320647564 0.36624085132698530609 -0.36603769807375596823 0.04602543628487758276 -0.92946116799133637887 -0.012913555872596205534 -0.99893126092793704807 -0.044379905538579123014
-1.4984964821550497138 -6.0293995389779846406 -5.5840772759030397054 0.99353615515277138304 0.00375913761188518495 0.11345385532782806259 0.11315649864142852954 0.046694857457033611681 -0.9924793182239015632 -0.0090285779365766039017 0.9989021269231569411 0.045967658293131541392
6.4909032912559485595 -0.46766486905744386604 -6.6973791541320286669 0.9945461953129535182 -0.0006775544443236303227 0.10429480480157618527 0.0042433610149018811258 0.99941379034995858621 -0.03397159910396952559 -0.10421064857252695934 0.034228885146275978002 0.99396605784385339
-1.7519407760067946533 1.6623195707333069393 -0.59006948975593054296 0.98109948728539597695 0.0070719792088948180489 -0.19337472212870651656 -0.10947579240438372328 0.84430854468097193966 -0.52455517560702591418 0.15955828692275941805 0.53581066477697958383 0.82912489082497620174
-0.12846046181732154179 -0.58088758065465573299 3.9946940523523775113 -0.98975387934994951689 0.0043994510780999349087 -0.14271616286133081974 -0.006900294306957771226 -0.99983111709588545768 0.017033004000912344011 -0.1426171246734744269 0.017843265313032277697 0.9896170843476933543
0.61595090827296450353 -1.3765137757814034369 -2.5047414366260123408 0.98114136375039007198 0.00393913485584684777 -0.19325141022669831137 -0.083168785095071737223 0.91111308064817786434 -0.40367797494729268371 0.17448374572964750473 0.41213764386220297364 0.89425834353823530076
0.57923377526881536514 -7.1275914764956773695 -6.8282234374776562547 -0.94370475441926493509 -0.0020646469338289107423 0.33078251725221585744 0.33031544729436906893 0.047604411070281148211 0.94266936161384040638 -0.017692986333223848644 0.99886413354357472816 -0.044242524282880578423
3.3610242285412619268 2.1497766581635504579 3.9495340972586281403 0.59678227511791637205 -0.0029979479432415741952 0.80239761241741969222 -0.71745325408984861326 -0.44979683817317811512 0.53192446133381598994 0.35932122717825487612 -0.89312586832851870167 -0.27058166793333743305
3.4489802614954441218 2.2596523742900482823 -2.3825867738618797809 -0.99851760796771726891 -0.0050848854828427839103 -0.05419160929483286121 0.053611556787076318498 0.080090838019272733717 -0.99534479384992757822 0.0094014656946922806058 -0.99677459919732269711 -0.079699503372284291602
0.67279750843455476961 -0.54582447398618061385 -1.4745015580788503051 0.72816101947542499762 0.0074799500774440528736 -0.68536528950863595533 0.30675241330401437079 0.89064998952437401947 0.33562710422791214304 0.61293106190555946 -0.45462803092981857178 0.64624211163030520488
-5.4821321292139204573 -3.4090237303156420978 -3.2717492516076509546 -0.98020974091292289998 0.0027293389965317698537 -0.19794295776364548289 -0.088738546683187022324 0.88775979146926164987 0.45167247312966413153 0.17695856620161248829 0.46029892826197771338 -0.86994859761293608091
-3.8117973733671002279 -6.6915146437293930859 -5.7036637716090776706 0.93714771055276469003 0.0047740664701345497667 0.34890023917302209755 -0.21127070347678442164 -0.78802521942619963013 0.57825681440060117122 0.27770282400095985809 -0.61562444870039345624 -0.73748740986156136046
-4.0695903537487216894 -3.8108496833104914536 5.9824943983984830709 -0.97991856034225011118 -0.01176810453208460179 0.19905056345682803354 -0.055667762382776091179 -0.94241956295039397418 -0.32976729310158836572 0.19146988099446168863 -0.33422579057282902903 0.92283931731799806464
1.4677423859534384221 -3.4324399754459009593 -2.5178283189418397825 0.99454768893799438967 0.010238939429724775582 -0.1037788925916309779 -0.036281982245936747478 -0.89902061433358182452 -0.43640067915553937272 -0.097767643893604219696 0.43778659084368221066 -0.89374738527454400394
-1.5481411875482378182 -2.7771015093669437768 -5.4289497966424420383 0.99960837893232978857 0.0093538947236183646317 0.026374105138286703387 -0.021566592050950586512 0.85807482614901975371 0.51307160790356975966 -0.017831737875315077646 -0.51343947781890586501 0.85794051760094858228
-5.1763680061943846411 2.5692399773252816431 -4.3092747919145892865 0.936924813123915734 -0.0044576117368588519252 -0.34950253826011457026 0.036379659012372465854 -0.99324426433027024341 0.1101923399572119211 -0.34763258616363057474 -0.11595672068795835619 -0.93043303034907409721
-0.21461849773696861643 -2.8764264457485104742 2.2650383793005341992 0.93967708656439052906 -0.011084721525352836391 0.34188317000755658048 0.1692318061683985575 -0.85352005523115326291 -0.49281245022756475782 0.29726683092245265172 0.52094207381147816793 -0.80015735137930077414
-6.9721615734528405994 4.8529777857440823396 -1.0781366115513564274 -0.99683356486643592831 -0.0079818496635049099308 0.079114689100535234845 0.063285586428473691867 -0.68203165546218791349 0.72857927193810823052 0.048143312162109541674 0.73127909242869748585 0.68037718250289336286
0.80060587241144753889 2.6891114931467847704 0.92220581588129335593 -0.99236327486673536757 0.0055096564696101388986 -0.12322651655146785177 0.078341637779429929012 0.79979593296230433452 -0.59513784403861724748 0.095277061698231996223 -0.60024670703181581821 -0.79411974677101426767
-1.3295859340311293462 -6.235452551094859075 -4.4276744694682106385 -0.99979802757346813991 0.004941592640662464779 0.019480367616371480066 -0.016233654258536629744 0.37285432318210304237 -0.92774787639423117458 -0.011847891361306168295 -0.92787673445701079888 -0.37269879678323158956
2.5803618710996283347 5.9579227611609990589 -1.4721818385950760089 -0.091191789887410362736 0.0081943655536317831084 -0.99579963337527011014 0.9948360379802612119 0.045491422583359190923 -0.090729201511621601628 0.04455687368664874165 -0.99893112017020613269 -0.012300494411030407985
2.2854568973656737008 -2.8117406235400004277 4.8364622005833082241 -0.93977734556189429505 -9.359564585357992776e-05 -0.34178726133159481604 -0.33418686828254434706 0.2099656784049022118 0.91882182764646347373 0.071677596473215005046 0.97770875271314450217 -0.19735226634628488807
0.78666924833614215729 -1.703721093808913789 -1.4198405078482110309 0.98668899377557894859 -0.0042324799903502626636 -0.16256357425718998 0.092497853907451299538 0.83680289608506852606 0.53963419102764098589 0.13374967882072835712 -0.54748789869427816335 0.82605570284249474344
3.4748627734860626504 -3.8091186883339265279 4.1922001607851839822 -0.79166646967416987035 -0.00054841014587911308606 0.61095327156825440795 -0.6108823525451790859 0.015973255874779174884 -0.79156023551311083253 -0.0093248132700706407028 -0.99987226901392145528 -0.012980505167612781114
4.5917735725699966309 1.1642146811526488115 7.1839287059204979258 0.93378387982817012691 -0.0057845561282494455113 0.35779072749777252049 0.30049063955179566854 -0.53024112360677932987 -0.79281128043060855592 0.19430141871532161102 0.84782715794361074302 -0.49339240867549205571
5.9712941014950704499 -4.1932911325623241083 -1.527363022978889262 -0.92305167152947931175 0.0052813995572460019357 0.38463972559436554466 -0.0035810502273454793663 -0.99998039470036881315 0.0051367591128979638374 0.38465931389458440925 0.003364079908628883793 0.92305248778195303494
3.6398074151782355834 5.9576162148102680405 -1.9315244289848396697 0.11327776560642564829 0.008092759442032613354 -0.99353039966768152969 -0.33481514811336221538 -0.94116814700345763356 -0.04584032787813431542 -0.93545013999309289954 0.33784171783654626253 -0.10390384630125101828
2.5975978508292016933 5.844583790506138854 6.4297197622946296036 0.93978977556509168956 0.0029899277039159470951 0.34174001532689901595 0.34175306524790860507 -0.0086372374970825147728 -0.93975009471778037096 0.00014190483165002834576 0.99995822835790415528 -0.0091390044465410776031
-4.7532381591156118716 -4.6238049626635282507 5.3621627332863681659 0.99745574211014997879 -0.00028971563892562623294 0.071287857285073683022 0.057733027963662870985 0.58991346766491659093 -0.80539989952173052234 -0.04182033014703386703 0.8074664183310922283 0.5884293018316439916
-5.9020552546419082773 -3.2606260913459812478 -0.027929457068266532599 0.91816132213159840081 -0.0054492213312497886357 0.39616927256966877335 -0.17891355730238373001 0.88645091190236791068 0.42684273427218627495 -0.35351057346975722773 -0.4627905430910373985 0.81293000170413354244
-4.7985633540928462892 6.4670668594948672592 4.3274219976466987703 -0.69712858385470566347 -0.010753613098590606573 -0.71686546672161910454 0.53237352258536418947 -0.67747172759877860582 -0.50755343635365757216 -0.48019805291434791705 -0.73547020205428492723 0.47800984494837933658
-1.6763092467428655219 -2.7992680105151102055 0.78011985486677115631 0.83058459658700956041 0.005326126969138473069 0.55686700412553558071 -0.013299141775471201576 0.99985878931375449241 0.010272986908958050764 -0.55673365332108393222 -0.015938437925544834961 0.83053814208384657558
-5.3178507196793978196 -5.5159244317241462596 5.8385442342872035937 0.98086100236897588722 -0.010226186088671703617 -0.19444052856781360306 0.10566632966785804992 0.86673190371386532593 0.4874530068211940792 0.16354302432748935026 -0.49866946187076627295 0.85122408741251809339
2.6387027800013354017 1.4915066284746349989 -4.6763551159857748019 -0.84916403658546846245 -0.0040109449708872063622 0.5281139567275259239 0.48953665448762023749 -0.38121127557017842058 0.78423964914514698865 0.19817745301377137634 0.92447924568301453885 0.32567441013735554112
4.2848851832426211317 -3.3953729326456252302 1.8003567664122164249 -0.98243631787596352734 -0.0050402250753311004725 0.18653009797191216768 0.071335326503756985028 0.91355886240124561937 0.40040164350393853132 -0.17242433851062380357 0.40667530175714616814 -0.89715385883919174237
6.0109568754673565749 -3.6517072913944472745 5.9973074556847167926 0.7798417827798690416 0.0059437819210371427986 -0.62594845258000619825 0.17953313406222554116 0.95582212484983086753 0.23274861851641001631 0.59967878702233334831 -0.29388558505649109431 0.74432292406686606512
-5.917831579510115958 -4.1634694441172293011 -5.9099803848093106495 -0.91988016812677619871 0.0098154769533734947951 -0.39207669236917203071 -0.35329582918469987218 -0.45482306990577942019 0.81750720618358885261 -0.17030130172037777347 0.89052772640358868195 0.42185048908197381179
0.4166557554879592451 5.6155928484641446374 -1.5457196641101433876 0.98922322710417953662 -0.0014560272584358113085 -0.14640794699120324163 -0.018979594274934709353 -0.99278878947109616693 -0.1183646674554171413 -0.14517982628007161661 0.11986784174785633517 -0.98211736496015433762
-6.4699451945982540124 -4.1731797437277373675 7.2951233311877459187 0.99572322577713900937 -0.0027390917681898506279 -0.092345844651835068406 0.014586225587863394654 0.99168469808818193734 0.12786204128207651065 0.091227735208507090836 -0.12866218152203751091 0.98748343954457185045
-2.2291839225280041248 -1.348851145880433533 3.3353400872493095264 -0.945284825402631812 -0.0077542149220990834457 -0.32615406024510640304 -0.30478190319766540473 0.37761676172812569385 0.87436466805625456811 0.11638122849788080926 0.92592950779905458525 -0.35931873906109695893
-2.668732503391307187 5.2306201951546791307 4.2604084175909084919 -0.99948046889635655532 -0.0070090975835408525149 0.031458939044199281387 -0.02581208482472660895 0.7585870541608557005 -0.65106022573681654464 -0.019300999241671848439 -0.65153400050235577012 -0.75837386401272577352
-1.7804742666657371597 -2.9437550575776727513 -6.8519799731248927088 0.78302005419310660717 -0.003910438740218327193 -0.62198416635811482056 0.46568887031371808405 -0.65920996721807367802 0.59040333263481770132 -0.41232689797942329024 -0.75194875329990384927 -0.51435357645638479784
-3.3651485979492408163 -0.0058476011922368020118 -2.9609312678165049526 -0.98919395431701695465 -0.0011544153385901591638 0.14660828103452247517 0.14609669235501956952 0.076071420665165617736 0.98634116584521491777 -0.012291347590436962553 0.99710170307901746511 -0.075080733155735435158
7.288944233506846615 1.567275813986067412 -3.4578585005805200225 0.48865181350338171562 -0.0069011236267237478781 -0.87245159158118124054 -0.47157476506843359898 -0.84340685155892247682 -0.25745314854181705622 -0.73405493398699150909 0.53723110226062975592 -0.41538668328838640464
-4.3684932235106908038 6.5721267667734855067 -1.8816145890899937942 -0.73530388323300310827 0.00013681450933436425758 -0.6777375455029467366 -0.32567865880336266393 0.87690255248593274029 0.35351849264726764588 0.59435815002621816827 0.48066817527822486289 -0.64474529449389295088
6.6545568360666207397 5.629647267938328703 6.7809398835572043396 -0.98282052199105773838 0.0097786799187376659964 -0.1843046363281909128 0.0027663321802016897603 -0.99770277149403774342 -0.067686979244635375741 -0.18454313576853387247 -0.067034000119639211568 0.98053570759492802988
3.9387671184296042526 -4.1366150889701964743 -5.873698185689329776 -0.99369565085999778109 -0.0036379610604809634392 0.11205230341796341975 -0.1094208484553618882 0.24911991309110129156 -0.96227145173530503897 -0.024413754018119779299 -0.96846581464749470491 -0.24794744296704562814
2.0113307122923385073 -1.0775802079477370121 6.1723608297677552414 0.9752200181891914621 -0.012332257066780960217 0.22089325829163916626 -0.13361114628351650202 -0.82863041755339528205 0.54361722994608585591 0.17633484542726682309 -0.55966020632256152645 -0.80974469788151737237
-7.3220187358958028767 3.0493476252093341117 -1.5879847381568632514 -0.99923556504806287926 0.002863628275497593495 0.038988269724713454922 0.0059453622725183490755 0.99684436857187541658 0.079157801345823342043 -0.038638558597309052844 0.079329089743701050597 -0.99609937120240488184
1.6853159216373232443 5.7561554864673034615 7.3389042975051905771 -0.9996972010426843358 0.0045786107085994016963 0.024177314812095146435 0.0094330220650051376657 -0.83616798319945151441 0.54839230662633597913 0.022727171453205567697 0.5484543191518171934 0.83587160227008916458
-3.3782682412046103337 5.2874964460576556746 -5.6205982679496448995 0.89162705090811977815 0.0012091810166427233685 0.4527689697518859635 -0.34079869752417363271 -0.65657333745592594276 0.67288015300478576375 0.29808966747399007202 -0.75426122160916364567 -0.58500646126519995072
2.6052155413878703705 4.3895968325940213361 -6.6497501837466606034 0.99582382006866754232 -0.0070777109846200695828 -0.091021016205323324044 -0.090617090833506386272 0.044713543316282383655 -0.9948815215355020225 0.011111356024160001441 0.99897477698459102857 0.043885449934809334094
4.2596981702077014731 -5.5870056168894066673 -4.8181815794738840353 -0.9796266224354717167 0.0065674186133894019851 0.20072007779130632277 0.19361952097687848418 0.29625174643217566661 0.93527877332512165953 -0.053321306365033196983 0.95508731106038835534 -0.2914876781938692818
5.6990190590262512771 7.0025331597702438202 -1.3225922360353552509 0.99551874805526563428 -0.0018612276227363898189 0.094546063388437268094 0.076883793869068392524 0.59803778817035535553 -0.79777170052631307673 -0.055057283903408929526 0.80146574459043085081 0.59550092840998114507
-3.714180788756364926 0.45435019054158976015 -1.6963476654179556746 0.9386257413632864699 -0.010596747269606975744 -0.34477445757665958759 -0.31095016322340440773 -0.45863405610560681325 -0.83244507240500664746 -0.14930409787193443805 0.88856204708922315039 -0.4337807912197212401
-6.8298012166320809513 -2.243956406601153919 0.35556954286133701792 0.99989150992456266032 -0.0010289863590732884271 -0.014693861569033690728 0.0088985763877780267583 0.83714498617270072245 0.54690866464536580516 0.011738130984500855236 -0.54698008493275418473 0.83706332076374145856
-4.2586726972755180043 -5.9147805899512215788 -6.6284431074912379955 0.8744999850007163511 -0.0036937420851166392899 0.48501147667153371446 0.4531931642490130141 0.36251743730110180808 -0.81436911995158578481 -0.17281704809337655737 0.93196966899251132421 0.31869547214578319849
-2.4269413558412491483 5.5002693966254891933 -1.6295171577785401151 -0.94144107822219458281 -0.0017610946596430801167 0.33717294491337179707 0.19235587754694541407 0.81848925516843928918 0.54136360751993806151 -0.27692582510321361866 0.57451913607771309955 -0.77022064999031247812
-2.6373562411199040767 -4.6167801583140537502 -3.0519404246424337579 0.94223051386893552639 -0.0031538060243041588296 -0.33495031309424061483 0.30008706951615971015 -0.43633787204989787911 0.84826706415145680662 -0.14882677663509949473 -0.89977736964350141236 -0.41018444099434409056
-2.9152106726448239193 -5.5542301085097021129 6.4924539855270086974 0.96875008555254038534 0.0075408143623893865784 0.2479241978120471368 -0.15707215770099658414 -0.75493396188305650352 0.63671269067832758637 0.1919677291034667943 -0.65575746226354247881 -0.73015788817792848242
5.7816051203526175328 -0.34251248191499805706 2.2981861565806229741 0.98677777670761868123 -0.0058193216851248792676 0.1619745501343678451 -0.15362677779167818737 0.28492669611465976098 0.94615833293728135445 -0.051656873128861191535 -0.95853164441056137868 0.28026532807722071006
3.9178244290049852872 -0.88855642460514705494 -7.0585971700979142085 -0.91561132644159914928 -0.00049912026290121948996 -0.40206423587627554417 0.36326883664245396277 -0.4295962629640136532 -0.82673018765000816366 -0.17231265541530901841 -0.90302093094579394261 0.39352451900405877039
5.5773898079900110503 7.1574209673379911578 2.6087386434525448031 -0.99631208356535361226 0.0058201282171764789908 -0.085605830696031254279 -0.045342811935150641178 -0.88272231894291119936 0.46770218841244631802 -0.072844090683018725141 0.46985895090710511068 0.87973081377488249188
-2.2094050367340467567 6.3901381663720044912 0.21431038116584805175 0.98642111105694729734 0.0049688641235716823202 -0.1641605983497502752 -0.066594110777973392068 -0.90158508492677480461 -0.42744538721020625127 -0.15012866505406516349 0.43257328283995855056 -0.88901166409793008771
-5.5664088887438722963 -6.3770606981748967357 -2.8275365741991662638 0.93601823777761283818 -0.0043731210953785910889 0.35192433044574550349 0.33264658761082532834 0.33760688189513304858 -0.88054973797511615352 -0.11496132523014707116 0.94127704163497749601 0.31746090246269137447
