1125 14.717824617146108679 14.977075390850430381 15.033177056927090831
1.8322927895446554647 4.1519657756489181111 -7.2192299031962976485 0.9978788264103819472 -0.00066401153361257637606 -0.065095367657596825417 0.054470149561771097346 -0.53906894260938464924 0.84049846990983279049 -0.035648991689934336757 -0.84226138116544180257 -0.53788931499770897826
3.5970001667781281718 -6.2429880470077696586 7.3088496954002568629 -0.92905335879589245884 -0.00093088176131905613075 -0.36994457688843612742 0.13880780566845285495 -0.92781354273853622328 -0.34625774070251252867 -0.34291726348426693205 -0.3730431119456532052 0.8621175018723105099
0.79556201516874014423 7.0404458489353380912 -5.8358205884021359111 0.99159736583059643333 0.0093208189350710169557 0.12902630124179420568 0.12273014752697176954 0.24748181844673566854 -0.96108795665449997525 -0.040889790483414747979 0.96884770313643719941 0.24425837377979009446
1.258995460568435254 3.4557600345102730266 -6.360394891079264923 -0.99705675851513186903 0.001960279831824342147 0.076641878906122506976 -0.076114187707631036917 -0.14513584747211200066 -0.98647970896926073792 0.0091897077689010592261 -0.98940979532321704504 0.14485788273185903896
-2.5990543610585903345 -1.0649161321963034332 7.3901076071301767811 -0.41591486737132543627 -0.0076044766907214199347 0.90937175843204531844 -0.52319177682237527627 0.81990555683064059167 -0.23243330773298329084 -0.74383142429245463489 -0.57244829444453459999 -0.34498951059786536755
-2.4372204975890778833 -3.2160604704457318448 -0.4581187779860840803 -0.43527604773966349638 -0.0014069984995785577916 -0.90029594168769866425 -0.77905298507637166239 -0.50061530786123553671 0.37743974350686171348 -0.45123298716706650158 0.86566872063751865163 0.21680972626269212622
-3.1284946664020281126 2.7566646350076156047 -1.9017592673474574827 0.87709580661980679483 -0.0067537176511969464199 0.48026798072304199838 0.42349643536191272641 -0.46088097765997804167 -0.7798971045380792555 0.22661358133546413707 0.88743625784007762469 -0.40137659750566079264
7.1451893628281499815 7.2240495643430495676 3.7710346222390564996 -0.96612098604808316349 0.0046246349296116782968 0.25804816036811839552 -0.25411017069895142084 0.15785523566690434771 -0.95420634336600940184 -0.04514710915389229251 -0.98745143542561220062 -0.15133208916396392874
3.5412061620563788367 4.9527600446622672692 5.1573569398726899493 0.91488251198578363077 0.0042872287637368807281 0.403697422498836056 -0.18098555759428067158 0.89819086525189217873 0.40062126443865092584 -0.36087978220587690892 -0.43958479187484833517 0.82251504153256571605
4.364790225795879941 -7.2927036453337956701 -1.0276214298492269972 -0.97521322864059734048 0.0055621132422314038118 0.22119724587037287167 0.15925525827069889062 -0.67637823748223357967 0.71913158919190134366 0.15361289463282007395 0.73653346343315129197 0.65872720897636427573
0.67712740057319809051 -6.5518949407342965685 -5.9473751441232751702 -0.97252870074866837324 -0.006204723714126857137 -0.23270029571043029937 0.11481522506025801378 0.85680506495996100469 -0.50269528021792897476 0.20249787730851401268 -0.51560312456638124345 -0.83255511987071317836
2.3644014776025925606 -1.1475393315934150351 0.52986117757681250318 0.8465385240691939428 -0.011517673864913594711 -0.53220284709449328098 -0.4994498065461099312 -0.3630946323152573485 -0.78658259497954041706 -0.18418039528615781641 0.93168107803715916049 -0.31312609412128977748
-4.4740543203963136776 -6.0047072923750812734 0.8746826502660692837 -0.94711547353230596258 -0.01040110271673802371 0.32072433156533397547 0.26318110088436652561 -0.5970222987200872744 0.75782589225258678578 0.18359735273990010485 0.80215721145754681487 0.56818643082496467223
7.096762045251259643 -4.9096216137263786194 5.3484876628198225745 0.91422682774800623218 0.00319248295193918976 -0.4051902213510681916 0.33444791786622191099 -0.57049937326954980321 0.75011669447767947982 -0.22876603257670138913 -0.82129183190370325107 -0.52263355153256529917
-0.96925251319802163685 -2.0198955041756967432 -3.0700012910264051769 0.99883655550525818345 0.0090830087188486820227 0.047360683473308129443 0.035492104379664560221 -0.8033411464524105039 -0.59446052261122961369 0.032647295648247712241 0.59544983111016602795 -0.80272887871165099494
5.6075986778143125377 4.010890722869826952 5.5354174599958057001 0.94206978573947663946 0.011075961214826637868 -0.33523401062542979023 0.32458257749233221379 0.22186782596065870998 0.91946768197248074372 0.084561629509275954009 -0.97501384138199653773 0.20541991122590741448
-0.87885898238451776177 0.47525907609504225437 2.3921643022868881445 -0.99923875403105222315 0.014486895654240579748 -0.036222124409969511105 -0.034467164091311910945 0.10708176595248607155 0.99365261032216778414 0.018273670730659895972 0.99414467018383445573 -0.10650092818010775675
5.4826168297888662195 -1.0382719026729789746 2.480551331491092526 -0.94395286936251399101 0.004129674476799939653 0.33005442916446703361 0.11928557809423182001 0.93661217958305409415 0.3294367555624483912 -0.30777253171963153688 0.35034350407203795896 -0.88461036500460576981
3.9877858986986587375 -5.1183217796007651756 2.0161957888119137472 -0.99691250373739304091 0.010798267061187189278 0.077774400160960835415 -0.078152478404998129702 -0.040675533692471670111 -0.99611128448485475317 -0.0075927604383692615109 -0.99911405674595421544 0.041393859467536646413
-6.2957796705349577948 3.3597758838883713395 -7.3154121132828029417 0.72888509657105082784 0.014128424471901324111 -0.68449025093011250931 -0.09801913720509944361 -0.98733389868639476195 -0.12475584654074170499 -0.67758303161918409518 0.15802582107525353639 -0.718268108115272641
7.3316914024726260735 6.2287909149854998603 5.767243934612505285 0.96112010113192059002 0.0051172225562511833991 0.27608325779285380897 0.26784245619616975365 -0.26040205092538393217 -0.92760508328304724923 0.06714588489993456033 0.96548670933738844901 -0.25164825497872039817
4.8318713941128432765 -3.15205093127121172 2.8272706092013177859 -0.99283266948446857736 -0.0099259633939079109505 -0.11909981383164006119 0.018810559642767100963 -0.99710249469266221123 -0.073707380387985965697 -0.11802310472935850783 -0.075419429382890007529 0.99014264448184396983
-6.9551455762210281364 -2.2336501682336922237 4.9502926666010083068 -0.97961118192564355933 0.0060479922899975193523 0.20081173779324365536 -0.032522761794399938917 0.98158871597285823896 -0.18821759386403513759 -0.19825287440926528393 -0.19091101189813972083 -0.96137858480649107662
-6.7180368209747154395 1.7461312543633045191 3.5007229309864520417 -0.84160922922595304829 -0.007551758221812440372 -0.54003414357759771391 0.43107202210012385279 0.59300338803575758373 -0.68009109209033369314 0.32537796029277543663 -0.80516455009264886744 -0.49582177264605048483
5.1276149627546798726 -3.3044702124073244143 -1.227409550960065765 0.80044009360883572324 0.010429231021696266923 -0.59932202335950812699 -0.0022105410729206936837 0.99989318576712060693 0.01444751067132541561 0.59940868366388078137 -0.010239540845713573924 0.80037764945784584114
1.6170415336819665697 6.4957657408509641428 4.590326069223566563 0.97002152758507476094 -0.00053748877113179473197 0.24301840902950713752 0.0092283504611968148607 0.99935776115295738009 -0.034625175393390550393 -0.2428437225237172481 0.035829824575049781799 0.96940350221240745299
-5.6686770583072316754 5.6003133037104868563 3.3468002427265139964 0.31076788144970640682 0.0073531070410630186562 0.95045739287790376171 0.94981812959861344758 -0.039877798409016687597 -0.31025035355318764108 0.035620844250322636348 0.99917750825912909907 -0.019376853304915269555
4.8056081812648114848 -1.0107437976952589054 -1.9786504458876805757 -0.45020710293883653419 0.0017710571428817952974 0.89292240862233607235 0.54945597228935105782 0.78880622601541050543 0.27546845974602424123 -0.70385488488677461216 0.61463940742189293598 -0.35609928371899834953
-1.9651558872093326524 5.9583519488482687976 1.3569766164703216393 0.94351175604052783807 -0.0011967542559395815543 -0.33133688897065488588 0.28499470663882198185 -0.50714011242734502449 0.81337993800867314231 -0.16900764302640958192 -0.86186279310944802212 -0.47815158940683549771
2.4045752956817962875 -6.5500739063490964753 -1.4662842345919604448 0.98164007705083877742 0.0031563264594983344441 0.190716535022055933 0.10385159471027559375 0.82982840760417142523 -0.5482696965993503202 -0.15999251671143102649 0.55800972351417432726 0.81426503244338177545
-5.9800111827110722373 2.8604622604913534367 4.5111664428926641079 -0.95122767075584990781 0.0054633344216284398728 -0.30844135644448872347 0.26559633329412035696 0.52310216170660217561 -0.80982881904670456219 0.15692197465302520909 -0.8522524745606913088 -0.49904029243744302269
1.3766920453546487302 -6.1386937727296020384 -2.4546917889351016484 0.9704910690560815123 0.008224427958992742288 -0.24099677107242528651 0.13469567482866212638 -0.84745375775934983498 0.51349703372274957403 -0.20001039989213614811 -0.53080550792576486341 -0.82355409821743186249
-5.6558575135774642462 6.5422378361092370369 5.2332212671425670791 -0.15135600514528099736 -0.0028325177770728736035 0.98847525844079175972 0.20183450457181636994 0.97883934970845776213 0.033709942547331728235 -0.96765396318664387287 0.20461061630653956667 -0.14758151382871417812
0.85698617038722402217 3.8943500928996033217 -4.6212559035617628567 0.9542458206966499823 0.0069778343996492490572 0.29894183967818743763 0.051097690353983205025 -0.98882835418836889652 -0.14002682597862078917 0.29462508332385423104 0.14889525103324072197 -0.94394187559202891169
-0.82816746613284408784 -4.4856840456473037193 -3.1889671823036449538 0.90462561369834260105 -0.0042223699133503997741 -0.42618619244791983158 0.11063228681624670546 -0.96334952693214104258 0.24437304694546330142 -0.41159810028075738408 -0.26821607064437308354 -0.87100352656772039861
2.425889773230868407 2.9110666011951225052 -2.897248103846179923 -0.94695245974937469757 0.0027134236168721765671 0.32136221978743639838 -0.20498403412054785888 -0.77524360447551254882 -0.59747711209332454718 0.24751279710378670806 -0.63165654516671110308 0.73467504668233429843
-6.2765474349776519958 -6.7090334434049037071 6.7875954326135969907 0.99905758616999063015 0.0046819468177568580869 0.043151116905040205751 -0.036705511933302237271 -0.43946745798953024131 0.89750824996865063987 0.023165597550529024723 -0.89824630961785656424 -0.43888144452456501199
3.6457518623361271359 6.7633483884774072692 -5.821773170407542608 0.91000757200279469572 0.0050700533913719059501 -0.41456062699697293628 0.40799906326462836992 -0.18856102485279535586 0.89329810493567007867 -0.073640907603745905941 -0.98204838702840913101 -0.17366053743508477747
2.0366536454801011935 4.8114449734495385869 -6.2269410599484844582 -0.94462213531321048698 0.0056896930686341010142 -0.32811072653766687468 -0.23228231770624802044 0.69468135100724193176 0.68078098199341285923 0.23180583762566076 0.71929510491554105034 -0.65488976605766535677
-2.6318192506194817426 5.0382810463311393789 1.2054862510830122169 -0.9604555941942900521 0.016539940341953229125 -0.27794150815333029669 -0.23485954909562134496 -0.58429995953711322265 0.77681049779431909919 -0.14955281267723161132 0.81136920551527202949 0.56507872775568568358
4.7344781615559803356 -3.3617793443331880354 4.9716760332335718786 -0.97888177544061272251 0.0036926260458729704209 0.20439382139198350452 -0.20442656193622643634 -0.020129598092688053695 -0.97867491030239572858 0.00050048501299924073871 -0.99979055996410859386 0.020459367566973498537
-4.1258499384522009379 -6.6921034460218997708 -2.308055214030114044 0.62088621374696895128 -0.024425355570321678061 0.78352007733315731652 -0.72430125128942146606 0.36440247829132488278 0.58531917036410507915 -0.29981328682954250242 -0.93092117594376877499 0.2085611594235298738
5.6139770697311455194 7.0097764128266426553 -4.2577158221145108286 0.98775018454744811791 -0.0022229135509215917389 0.1560276628739726279 -0.10082259012074580584 -0.7722511753094312148 0.62726623339251130762 0.11909818742493355481 -0.63531345089532853532 -0.76301536083076726413
-3.3685249067670355316 0.85284247352035913448 -5.5740766306366973382 -0.98400345606015582334 0.001008115806141911654 -0.17814651881037554815 0.11202705834857919209 0.78102561863601605019 -0.614368717654172114 0.13851764024665361164 -0.62449817192424428303 -0.76864484425755275065
-6.1118943316074654248 -4.011982887275075349 -1.6623771381743603914 0.46929811790371211977 0.017418152903574790624 -0.88286798813951283815 0.64291728303096618014 -0.69210618660411982184 0.32809509847650247805 -0.60532358595398294554 -0.72158550041808577902 -0.33600256230303304772
1.4072867921581795336 2.7334845964724241441 -1.4360611989229115082 0.74982604289674437137 0.0084541767958070616201 0.66158100961914567684 -0.17284888814572396676 0.96769670778823801971 0.18353839816972492005 -0.63865809887660829336 -0.25197541275015838957 0.727065488184378661
4.7551963755234538667 -5.2898486920930434252 -1.5204276400129357327 -0.69745799952873166472 -0.012256065247132904433 0.71652084949293193272 0.69316856501372314803 0.24218476933753035896 0.67886955888278632809 -0.18185070626790111881 0.97015273352474906687 -0.1604181855784264088
7.1168262792437602116 -0.54750130988390000031 -1.4632475926127230803 -0.9703795677639182049 -0.0026908767566854040372 0.24157039067036606417 -0.21677785611301536584 -0.43166751239366274451 -0.8755972360867969595 0.10663421385950953846 -0.90202877887909338472 0.41829801159989171699
-4.4388354819625579495 2.1894635520176728427 3.9031049013372602907 -0.93749060118361893235 -0.010940585437500783064 0.34783857791019728856 0.32811955515574459108 -0.360858732360820611 0.87299400502142909808 0.11596952279253811002 0.93255631404711636367 0.34189148997023133258
6.8031438882828227932 0.30279039147891279038 4.515333817977747799 -0.99304112612451178599 -0.0057202148371269800897 0.11762908215071256335 -0.10497438944091072588 0.4957445569586106382 -0.86210075502083527432 -0.053382575686289249206 -0.86844954567789323097 -0.4928952091721745532
-3.910064318976040898 -0.27346923877611967191 -4.1535782330595143463 -0.99880896963497700636 -0.015380730540747433385 0.046304160768897997813 0.046275581997554472713 -0.59944663364745420786 0.79907590623138780028 0.015466502101486888365 0.80026693455171338254 0.59944442676198106401
-4.4713186460877087924 6.3189353907542216149 2.9107857802065715269 -0.99978901919662377384 0.011712474708526510528 0.016874093464954068033 0.00059530357172251323339 -0.80463141898194989743 0.59377430493485972018 0.020531992297842058953 0.59365907516297145019 0.80445468472064207699
-0.9092302095015039054 0.34741099149219262232 -5.6302552170316211289 -0.76313706550352766733 0.0063018372651484962782 0.6462059316516658436 0.63991816160145575942 -0.13212038402004985804 0.75699996735742158815 0.090147466449869428917 0.99121364547382584398 0.096793302036841250002
0.30795011473210981423 -4.272134393704747346 -0.85634031329500093221 -0.97496345051533117587 0.0061348945285086917828 0.22228052822540778077 0.21751873032419072329 0.23387457651104073819 0.94762243769346810041 -0.046172200697362143773 0.97224741991480667647 -0.22935361857144456743
-7.0949526635562758514 -2.7342848965367090308 -4.0316105168013081084 -0.99960810110736575407 0.0065129274211138295236 -0.02722546559460587226 0.026814563419073095263 0.50205791257360121715 -0.8644182041182454368 0.0080388674003947988012 -0.86480947855509049393 -0.50203579793892250116
0.89808172246494843982 -3.9784813953440525403 -6.6414370527211863404 -0.95565248914146350145 0.0016153937314885920447 0.29449229276962657353 0.27207164124692984064 0.38758489780214272491 0.88076953229824173075 -0.11271797561528268394 0.92183259732926592367 -0.37083597516205796252
-3.7101730494667224391 4.8038738576159047966 7.002221765664764952 0.73413154875876185379 -0.0068507758787088850888 -0.67897270636369311259 0.45096166662949521697 0.75248192465751828628 0.48000471695002588923 0.5076262841380283497 -0.65857726952383266461 0.55551015806983594647
-4.0428485436512966444 -7.17778855495498469 4.7948190646338337828 -0.95911411387900480374 0.0013544769840233589642 -0.28301639873036771311 -0.12783722940176231453 -0.89423789522146890363 0.42894781678994098328 -0.25250298876857524277 0.44758993748970599125 0.8578493390571456656
-1.1153567025457551409 5.3608133159570368065 5.1915281091146088244 0.73180867175679165104 0.009025904705378267473 0.68145036575364437148 -0.4316774182121017045 0.77988507593460221212 0.45324813837482980095 -0.5273619957366038058 -0.62585765264866155544 0.57462294078297182498
3.2478939686020926736 1.0528564377710758482 0.071636272218623009422 0.8706697898769436561 -0.0096309024762307512274 -0.49177369054580499785 -0.048175412920917939918 0.99333141905615429668 -0.1047464629745139264 0.48950306085403955114 0.11489098151408623505 0.86439968520422116871
-1.056481772386757445 4.9731712732860806625 -7.3827437924143826109 0.9633946194840958821 -0.0028619570136795965606 0.26807203574997251483 -0.24904251982025737977 -0.37971187269372247419 0.890952701919080714 0.099240266377293440136 -0.92510037452022708671 -0.3665251240936723276
-3.4534137607043944307 -0.0079114302986043327781 -7.1360978165872612777 -0.97539928558939936742 0.0041888382555235019467 0.2204057333774962768 -0.15019525923304216652 -0.74447587208800691805 -0.65053597900707271773 0.16136176057397419448 -0.66763622543486045302 0.72679037742088403729
-2.5351131276441969398 -2.1632481446469302711 0.43427818543362567416 0.783749093367954619 0.01207231468508887344 -0.62096023855247672874 0.56302171619389596025 0.40826434056797128447 0.71855881827089451708 0.26219059048541304424 -0.91278392154927046054 0.31317983144211919422
-4.983964366862295492 -0.047302268232731585484 -6.0423194676991576202 0.99030457526431048265 -0.0036306614140545756531 -0.13886564192907463466 0.1343641818716073133 0.27876069610106074537 0.9509146864673120314 0.035257833748408677621 -0.96035373306236082591 0.27654582360331203539
-3.2384391567795467459 4.2751129158545051467 5.2224617859578881252 -0.93684208902660282003 -0.00033419589530544850653 -0.34975246752719962862 -0.21889677657104594788 -0.77937344024752663874 0.5870785653074984678 -0.272783983098395022 0.62655959728492482963 0.73007668748911247469
-5.0238645254677418706 1.0290847569961771857 -6.8829822941508194134 -0.048937663358379707157 -0.0088057726664288651225 -0.99876301667255562577 0.87688990646353925928 -0.47912750554871286202 -0.038741778086290104555 -0.47819368152214497547 -0.8777011403630159414 0.031169073742069938748
6.4419540735228295603 -1.6232373609769188416 2.9985944463080036471 0.93978220026382719432 -0.00050223037004928569593 -0.34177355636744005674 0.32779059910716418225 0.28443896116763006665 0.90091497962169841962 0.096761248464119348212 -0.95869402060015251887 0.26747529916075657441
2.524347831736046377 4.6100593445155420014 -1.0108132024877303223 -0.51948290580289557816 -0.011382308175968115782 -0.85440502903442849814 -0.72721261782822932407 0.53091459579265387614 0.43507643057950418086 0.44866392662001264302 0.84734888625339666035 -0.28407841508109432649
-4.1140865498057967997 4.988961312311317009 -1.775727444402489974 0.95606138153258091172 0.011549496972509521939 0.29293897634436116828 -0.24396169896277061784 0.58544711044793285026 0.7731328283725393824 -0.16257098197772132386 -0.81062833036329939862 0.56254100813272300829
-0.467552259730473041 -1.3479095341039692979 6.2363623652546866794 0.99949230889781537357 0.011842148724939442067 -0.029578505161293126152 0.019135493416713309639 -0.96539110709625264306 0.26010352406526127123 -0.025474641228041997737 -0.26053747111124020419 -0.96512759198005271255
-3.7112803760642534279 1.9936298810450516772 -2.7125535131683293777 -0.91638151752124474836 -0.0023260829416306364609 -0.40029926765306367287 -0.30223970462064381204 0.65970921999148302017 0.68806606224194477583 0.2624806188964315945 0.75151735468738789514 -0.60524837075969617484
6.5574649420482122864 -6.9965925664587773625 -3.2438632832046505605 0.97409260598982982948 0.0043638405955069917153 0.22610739008535052363 -0.2241255679726935901 0.15209088538620846309 0.96261939122554684989 -0.030188155572945452737 -0.98835687860094401103 0.14912865514517192889
1.7080535451560807658 6.8424678568815258117 6.0737763717682407005 -0.61078293170923658728 -0.0010835847446156591286 -0.79179734539633694901 -0.68157054900864166846 0.50968214667132683005 0.52505780261658530073 0.40299602610530976809 0.8603620954043986746 -0.31204369523305647283
-2.371011981365055199 7.1246357247409459745 2.7982675303243946807 0.94663239210897975884 -0.01078413771477346704 0.32213478015227037243 0.25935704006292459312 -0.56790534603852393936 -0.78116415925888549321 0.19136624566471915898 0.82302321979058024048 -0.53480065417462108179
-0.94835805253513916213 -3.0038443321872208003 5.2541963066772030544 0.96616434731447575768 -0.0058246222227074017849 -0.25786145069482035996 0.0010430423674991746389 0.99982504189474130651 -0.018676125479860979095 0.25792511711950816267 0.017775246166664007003 0.96600138435857518804
-2.510197444916544729 1.7855664240208319882 5.9640899621430207844 -0.84178338465834168236 -0.0021626936780145683548 0.53981112999755376247 -0.11067619657146017531 -0.97805722827882057846 -0.17650733050975644933 0.52834790888738092374 -0.20832518082859924347 0.82307296529952356234
-1.7223010144715418246 -3.1954364110916242403 4.3181224945584597563 0.90929084177021679558 -0.00067000175799524809561 -0.41616068551760665439 -0.41544954534399497481 -0.059918898351915085565 -0.90764056811817495074 -0.024327769037247683193 0.99820302379721970176 -0.054762057446101006231
-5.3165463242015098544 -6.3277758604348175453 -7.0876274762239095395 0.93907992638959725262 -0.0017988936857035952264 -0.34369413121802089295 -0.025982880940708788509 -0.99749630175560499712 -0.065772470546441363926 -0.34271530714312070653 0.070695770490570311595 -0.93677549406708437996
-4.2850502536320496105 -4.7888494109462715898 3.2899043130765286413 0.99089475403527638164 -0.00019456819800710701933 -0.13463858499217207232 -0.1343502339803481771 0.063999071281622535445 -0.9888650734576892587 0.008809146093624655241 0.99794993913433804877 0.063390203713161230592
-6.0252800331234404041 -0.91479352515957401693 2.0673010675462797359 -0.87917183050132219346 -0.0017482172780082958982 0.47650166441392050043 -0.15463327246914909674 0.9469207088655788862 -0.281832791149229267 -0.45071658888743265647 -0.32146246259532040845 -0.83277634551168122634
-6.0474637889359010856 -6.1503179904185127924 -2.9644735241058168818 -0.90770644031539615693 0.0019281326871773618245 -0.41960135904711298727 0.41521731407623324595 -0.1401200138691463537 -0.89886648830881266115 -0.060527682106765179348 -0.99013264970789804931 0.12638724493063105414
-3.0229091278299118351 -2.2830984967698206844 -1.3681030414179897736 0.99997945892157569237 0.0054378791646807391608 -0.0033928166874330244543 0.0038736467669128644975 -0.091001214730631260763 0.9958432475938455708 0.005106524807493099602 -0.99583593447296714363 -0.091020409890651340912
-0.43810198959056234624 3.8715788811805866843 4.4905984830201450819 0.93719729474460000684 -0.0022570054533832782651 0.34879239763793612461 0.34009833972120773193 -0.21605258316553072051 -0.91523461507220882361 0.077423188015503005555 0.97637912064623133546 -0.20171629265785678831
3.6301694376130639874 1.4294633835555745627 3.4469762594612580742 -0.86516436220911563382 -0.0013865745360835024687 0.50148649410956269712 0.41077108952023255739 0.571683676664335505 0.710242835831384145 -0.28767644738066516785 0.82047294364076828188 -0.49403077877382878258
-2.7835409693852350976 4.4761740599086410342 -2.7919457721062115318 0.99939440583025596077 -0.0070285282844829355051 -0.03407963299706224386 -0.0062131696307303335702 -0.99969331663926719322 0.023972258754169691736 -0.034237671039415863705 -0.023745998753218592464 -0.99913157763382554055
4.5526998127587887666 2.9882198467741427628 -1.0256780721390150735 0.99450371541214277471 -0.0056911668889998955068 -0.1045464999454105981 -0.10214300776283445626 0.16664558452925709586 -0.98071201436616983749 0.023003608337646815063 0.98600043599203412992 0.16514834006767373231
2.4425239630487749487 -5.6059770239083537291 -7.3727680324383202404 -0.83215007837305365879 -8.8930371507050035018e-05 -0.55455048386531546889 0.29603322715353580508 0.84552337653243936355 -0.44435858060618083076 0.46892491454907125892 -0.53393839703530676655 -0.70357601770271327446
-2.2599963231222823801 3.9335486204863081561 6.5267332330153235986 -0.97689089319049182691 0.00036481221793959557262 0.21373827386177859933 0.20186068021804504102 -0.32714348425449379931 0.92316271940095551152 0.07025986466883038517 0.94497460686620748938 0.31950984929236742049
5.1430119288997824256 -5.9367654235419156095 2.6664372000163671927 0.98238254353370701999 0.0055780654298613783701 0.18679781408337525761 -0.14633235599768437685 -0.59875435132397525351 0.7874516292184040589 0.11623846071091778476 -0.80091329865142213418 -0.58738957114924528202
1.3793494187936723439 -7.3663819246368600346 -2.7169316400416110291 0.58762442863760699918 0.0051566836663938034335 0.80911738300565150261 -0.68618236058672332778 -0.5267366018990365939 0.50169943216958323706 0.42877884612919464624 -0.85001291803912248923 -0.30598486936252300428
5.2539289435503615522 0.0044014676653882020552 7.101895042585504747 0.99878420892418684485 -0.019181102168002700514 -0.045411334745894378628 -0.016083160900221903089 0.74399698847798978463 -0.66798938095700555184 0.046598668857011041333 0.66790760323219133809 0.74278395082649517622
-7.3501390549157887833 5.0769437645129142922 -5.6866745394620368259 0.9539289491816164146 0.0017205181305403266859 -0.30002766494195082236 -0.16823123241327431199 0.83106596541922828081 -0.53012037648318943717 0.24843069929837680032 0.55617119750963217584 0.79306732797846613003
0.41173379256441172691 -0.63285093784106172254 0.89370463044523928975 0.96192116692440454706 -0.0011986823087737088177 -0.27332440758796061608 -0.27332621581898519647 -0.0017687143150550751342 -0.96191977388757277101 0.00066960342306854922067 0.99999771740259257857 -0.0020289950373075004222
1.418296843824658815 5.7528143022105409088 0.86783227399588158679 0.61754132392099259086 0.0024803121782323556653 0.78653452645208243865 0.40395992625204052429 -0.85903036957632572523 -0.31445699567351859116 0.67487709342672219659 0.51191861872470145745 -0.53148869844112101024
-1.4032448586835641891 1.681077001461586562 2.1672002520493753863 -0.41757058095618265758 0.0014833080708924395105 0.90864327968526181767 -0.9034196321716569944 0.10640746239049470034 -0.41534373734828178293 -0.097302508327288858569 -0.99432150320952827904 -0.043092576256623223163
-1.224999087738898762 -7.1386213429661538044 -4.2507447364973494075 -0.88956321678931271624 0.00026104134387235685549 -0.45681201296914825116 0.39845163143315659449 -0.4886273770675484962 -0.77619558346367711898 -0.22341347484822104974 -0.87249253190928011126 0.43456092900615816976
-4.6633576688610673955 7.0179887596023959873 -1.3652662791719041291 -0.83280278108798788672 0.010691249185203116623 -0.55346655274094691546 0.5370113743947567686 0.25831164463497829908 -0.80305284883155447773 0.13438121737325284255 -0.9660024800365775155 -0.22086397845837563159
-6.4039701390394734304 6.4766590608666723128 2.9126653349135231963 -0.037418448872673364114 -0.0046338291755300443919 -0.99928894085301200878 0.83019549225962829819 0.55645482487105069058 -0.033667083471447478704 0.55621516009153637583 -0.8308649442027289389 -0.016974692321021379177
-6.3164490883374453389 -1.6884748126569375515 -4.8049932957371135345 0.95695977668534459859 0.015195628706496966051 -0.28982249511467950143 0.2607298889721252344 0.39359195676573244249 0.88153576023081581248 0.12746729307088230931 -0.91915965122354548189 0.37268971646620990823
-0.7475408655561383009 -4.9885249008185086339 4.3554890007490163484 0.98923577414412000586 -0.004140500620156919824 -0.14627179977009618916 0.050286117802835365864 -0.92910354783647164378 0.36638491201721901103 -0.1374186650702277912 -0.36979650302853411814 -0.91889425770220567458
2.3361563996674004073 3.95335841577033964 -5.3752370259430994892 0.97958287977603331065 0.0072044352539325168597 0.20091161679257282802 -0.040842787904424845968 -0.97138569150664377805 0.23396945316075118404 0.19684828758656958136 -0.23739826125904878174 -0.95125854383837360473
-3.187868117721039507 -5.891254517107964439 2.7648538555102564196 -0.99111084970107865555 0.0053091842721239707048 0.13293267531749380916 0.066760851574162491384 0.88413364836835617311 0.46243992098433883697 -0.11507507246053771954 0.46720392162868756847 -0.87662889714684621989
-7.1819795354074642546 -4.3554574505134722173 -7.4653968199661706606 0.88218611067886909538 -0.0099991790424814614574 0.47079473504249447213 -0.40595965624506796798 -0.52278754531659266114 0.74959318297542953946 0.23863030743525703858 -0.852404363480378513 -0.46525517460106335932
-3.965209393080892486 4.0026701269628777169 3.8156303521246912602 0.93248533057201321572 -0.009996738857149276708 -0.36106948566755847629 0.07120709496475298439 -0.97491304717446702899 0.21088883345414682902 -0.35411955310983272982 -0.22236145273223320573 -0.90838027634032925128
0.92994873143436362906 -7.3279616945372598735 -6.7838776410697585462 0.98843393748384567044 0.0017938290817850945785 0.15164146335157027701 -0.086450542323962834002 0.82821166957587699642 0.55370726391319147197 -0.12459797334663329227 -0.56041253782872235689 0.81878759912599441417
5.9167121758438439016 -0.88538351710495621916 -7.2494957681494200941 0.9867681744872145444 -0.0058399284856347245809 -0.16203229633130336595 -0.15969319803667286761 -0.20787852153276861755 -0.96503088177853535434 -0.028047322865886382959 0.97813721712282919452 -0.20606050606409165304
-3.7961978942985914465 6.3698483916503230162 6.9153511971753962584 -0.99491224996077742837 -0.0030264469418334154216 0.100699828683540063 0.098121602881451455702 0.19752042789591381378 0.97537573868324101145 -0.022842196172070804161 0.9802940993308524309 -0.19621853350612281086
-5.0631994077781392605 2.5468521127841827756 2.0635371315494026589 -0.99256131650732926097 -0.0074630364217390778372 0.12151681390011739858 0.10220077071571286031 -0.59347497314988939543 0.79833730885497800056 0.066159167453784376023 0.80481784232961506298 0.58982302873793612807
1.137159667996185286 -5.9850388344940350649 -0.39592510634219035826 0.94990954113747338994 0.0038937823047675134552 -0.31250072338356105206 0.2700791567608518684 -0.51336413656596369126 0.81456400139656148784 -0.15725492914126823485 -0.85816204865238909782 -0.48870112084323935608
-6.7546154732323779868 1.5779107853676557216 -5.2632706597666727433 -0.91929195288209708536 0.0027190593645550582488 0.39356690928287424436 -0.28418427497629084044 0.68723192796845677943 -0.6685443702828863799 -0.27228955768162160789 -0.7264329865149270482 -0.63099406723083872883
-4.3464887818003727915 -3.7016789354020844804 -6.9393502230810026887 -0.99915329228758964497 -0.00747057984479626222 0.040458484246915359106 0.040090674467933705427 0.044141327121347960494 0.9982205573221794026 -0.0092431775641386021425 0.99899736419915741159 -0.043804451734602158075
-4.2142546598761052579 7.3482512063853144824 5.8787107847960058393 -0.99025800930722385207 0.0090754582303109558594 -0.13894859143170742999 -0.089899574493538608744 -0.80370188225290417616 0.58820179442854036989 -0.10633504365370838318 0.59496295726793890779 0.79668810582948179633
3.6584777897813745007 -5.38609325468851452 5.3754365684911009637 0.96189669841749825263 0.0026195739612208659639 0.27340058413566425966 0.26280091774364905399 0.26702977291613194666 -0.92716275702241057743 -0.075434867312959646979 0.96368471929806132081 0.25616663050603977192
6.4268889898401306837 3.3142852320039293268 -5.6526573704450902014 0.95322890979926910848 0.0027405238179741549069 -0.30223688565783540794 -0.25554983973507755524 -0.52665607964611838021 -0.81075745644637653431 -0.1613967934449839492 0.85007403401184933323 -0.50132346021780727074
6.0323236396740291809 -4.2126170049795517158 -6.8835403585244812064 0.99952869007266131884 0.0069020047279604677254 -0.02991254005647141917 0.014110022446093687873 -0.96866286197692008653 0.24797815850041951546 -0.027263620237687552494 -0.24828335054413133709 -0.96830370899535422868
-1.7917300049092319547 6.9655317582576916635 7.4144265324188483035 0.99923678076391808656 0.0059142291275643315077 0.03861188757696536189 0.015356782659633359464 0.84940251185943704826 -0.5275220773324146295 -0.035916920730747918522 0.52771241670117674527 0.84866340799206574363
1.9133177171172162101 3.1979218693495639059 -7.4769154616223367782 0.98899113720197895372 -0.0012691466797417887569 -0.1479693204778624871 -0.060012052559199551005 -0.91747665191690941366 -0.39323675659185658438 -0.13525932161441317492 0.39778760972912402538 -0.90745244143278747107
1.3785819200300628573 -2.0332964230262566829 7.4363183109702468698 0.99091636651997472285 0.0031851441121958333491 -0.13444184400579542449 -0.019625929575240001757 -0.98559075651168182031 -0.16800501054156649627 -0.13303975891067135184 0.1691174607654877815 -0.97657549990426950615
7.2369400002584862719 2.0097537558473934638 1.3787847165909012936 -0.91203075091748975201 0.0088842211409678548822 -0.41002558456227738981 -0.32689755319585550586 -0.61948719242312910715 0.71370414608452747984 -0.24766489273900627044 0.78495648862744016316 0.56789559944240108891
3.4755163539114177773 -1.1328007303233333936 -2.575665669771209032 0.96733490595431337322 0.0030610467645809549646 -0.25348335194863336195 0.13933647377008498425 -0.84175645028703793837 0.52156631934729347222 -0.21177470764888067789 -0.53984878289471760482 -0.81468691213708821497
0.065940252194617687831 5.4444482360632990847 2.158660236816157596 -0.87968585187392278613 0.0082985320819458849306 -0.47548284551420733068 0.26940628694876206373 0.83262644503051519429 -0.48389405409470814812 0.39188398100132543211 -0.55377282111085979199 -0.73468538030466201683
3.6548243397501258833 5.1734356972637476346 -6.8016734055755261323 -0.99528568099601200103 0.0058987157816154569406 -0.096807119346744699429 -0.095568731458354219677 0.11040670553143271115 0.98928104042335174295 0.016523642804700710424 0.99386898760647635065 -0.10932248031689603684
6.5067760760076813753 0.10724983899346035576 5.8608350834189693046 -0.95662435525036892958 -0.00055024590232900837464 0.29132377206674869852 0.01798873972772120633 -0.99820155071622040932 0.057184520551269074629 0.2907683754893962691 0.059944652614970228566 0.95491381309421174972
-6.6570829904525661291 -0.87728163384002078029 -0.20562860885224162888 0.87089829560443898782 -0.0043397137055766000016 -0.49144412255947622636 -0.0092110784057675663961 -0.99992950127100455049 -0.0074932317916638268782 -0.49137695789277430203 0.011052573140927862694 -0.87087687182467754532
-5.5827321747774423244 3.4763957181598521551 0.44757481264213078154 0.98279006621259612508 -0.0052996478816489016664 0.1846499376823487748 0.16533265229286128739 0.47108640449135558148 -0.86645410356759289261 -0.082394173577805956965 0.88207114975814748803 0.46385524350236873037
-2.8084591397637446164 4.139118122245291076 0.3676027364532315489 -0.83214312048578564784 -0.0071677678288551652935 0.55451460768191951356 0.5136331602129047269 0.36704451132612436748 0.77553807349160786 -0.20909042005307351686 0.93017576285868319719 -0.30175196177055546576
-3.7891536643658345618 7.1229622099487643894 -5.5756419399123302583 0.89345438443754321423 -0.011413502844733624045 0.44900890289851236314 0.39248709788610619542 -0.46622361487933416946 -0.79283631281735689189 0.21838759333414478614 0.88459328105169132694 -0.41206988023406954103
0.67933201306526291852 5.2953062783145190551 -3.5110767181560968986 0.88290096736824386081 -0.0015061468110486686371 -0.4695568265311575451 -0.44834934572893347937 -0.29985448172614598272 -0.84206303444162333705 -0.13953044830649180552 0.9539837636514755248 -0.26541709192310219967
-3.9251799516228302878 6.3538580282421639467 5.0872795713859133571 0.74887217483317380928 -0.0045537136269262357829 0.66269882258302348355 0.65779780395911535695 -0.11647458328229162716 -0.74413420869881308217 0.08057614328846113283 0.99318323341735426091 -0.084229151671772570231
0.023648278986704546201 4.9112587115081041134 -4.6673382482618732681 0.97234014153357795074 -0.0050141947092282052739 0.23351553912730504958 0.020201033239166030914 0.9978286159991279769 -0.062689483562873626887 -0.23269414994488638038 0.065672756487892669508 0.97033010962072241412
5.8084812865659740666 1.1483520122846078149 -0.21300300840738539687 0.91141268166718025778 -0.0030223568502363352441 -0.4114824286104478146 0.094509572882465267551 0.97477872851901903317 0.20217411075701516299 0.40049327626019082249 -0.22315307702538722534 0.88871133664672341546
-5.6831381563512328725 -2.7644011672110200273 -1.293932017720114791 0.87238872111991372371 -0.0048770853522284067852 -0.48878843409109407059 -0.12674092565506253627 0.96349642281360581286 -0.2358206542893122315 0.47209602521828603061 0.26767677759526592451 0.83992528578998104649
1.1715427369295594584 -5.5293769293202279513 -1.5358808342695726701 0.98260206605126776402 0.0079097006241513560104 0.18555488791130583803 -0.0012608559287637312492 -0.9987855706562798197 0.049252351124329359078 0.18571911596297463465 -0.048629419953150850031 -0.98139879227605331113
2.5931807050566533235 2.5562545360320720889 5.0967125510454680537 0.99728120693766286742 -0.0014947310312022517309 0.073674690825256461402 -0.039721893428950563742 -0.85301010547897726521 0.52038056375426466893 0.062067426815308496257 -0.5218922549051048243 -0.85075032106875025928
-0.69863079331139976702 4.4214650821127357005 2.0557730325213099398 0.79594859723963751197 0.0024322896601969810904 0.6053593267798849098 0.34660715570005229402 -0.82168747699042132826 -0.45243029272431117827 0.49631573637144060784 0.56993313127424716225 -0.65486404368085671113
6.8531935731407447321 -4.0689007361686995168 0.50066973358704036645 0.92144910053165951513 0.001122000986940631384 -0.38849748550432910976 0.2773049877395739049 -0.70226107528000691893 0.65569148684540334848 -0.27209097541848309421 -0.71191862123447735566 -0.64740897262499208509
3.428905720809030111 -2.599144839538836127 3.9901396878684853853 0.74021960147196408375 -0.0016889804870618592425 -0.67236306333838247173 0.67233327002224729796 0.011602530777326074823 0.74015765570643632376 0.0065510012980844268063 -0.99993126194981052368 0.0097239784818993497267
5.3691830574681516097 1.5850542769554820666 -4.0843583841518711353 0.94964844917276380887 -0.0017009633603133032798 -0.31331283042247570769 0.29082716878542874683 0.37681454505366918095 0.87944889364438727508 0.11656492130974563382 -0.92628716139191846768 0.35833603469418912058
5.7188471130351716809 2.4140092347376724824 -4.842384242862902255 -0.999945243996697819 0.0019695733025129240693 0.01027763539763043403 0.01030362734704592248 0.013675278038293759569 0.99985340027127544982 0.0018287350419731633958 0.99990454922036919871 -0.01369482298410128196
-2.7581712726634837196 3.5673262780761398894 -3.338078237518431024 0.96864036197692449104 0.011087690181576232221 -0.24821948407748622989 -0.18673766111132331091 0.69149464255598191986 -0.6978282061073898257 0.16390514046835488737 0.72229649206042334519 0.67188011020217375258
-5.165082241275666064 -4.5046955352479232104 7.3253428246079019814 0.99328379775662478668 0.0029546126087671223392 0.11566575715641920497 0.10511046045453165121 0.39482187828780468397 -0.91272530124266271212 -0.048364121177450897227 0.91875293452037143371 0.39185961401135560589
3.7711135594358737855 0.85273884253388299026 5.6605458123715735042 -0.71319040830919788743 -0.012537853200658650998 0.70085821942314652233 -0.67821796248088495052 0.2650138422527267279 -0.68541086859117827945 -0.17714354875123239363 -0.96416309079516304692 -0.19750872761539184363
