1125 14.717824617146108679 14.977075390850430381 15.033177056927090831
-5.5101915109138399629 4.3535788570759148541 6.7882834737490487242 0.97099699060897926017 -0.0079701276397780677907 0.23895882761194359167 0.22949879620891064369 0.311332666140563874 -0.92217258337716456751 -0.067045855702799930786 0.95026756656177213678 0.30413221659962319521
5.0664601233449753082 -4.6496688809203989834 -3.4993853859827197539 -0.99315998427715335151 -0.0028417502822430614796 0.11672690386502676541 -0.090875849416078902099 0.64651539407361724443 -0.75746909192302247504 -0.073313202245513062194 -0.76289564796324660367 -0.6423514650839526885
1.1146507275401995596 3.4484458032306894992 -3.3167350836918134682 0.98917364082968994854 -0.0030732049627745596822 -0.1467176325426189365 -0.024382795836847867554 -0.98932572874880708724 -0.14366656431770463698 -0.14471001193706375942 0.14568856457158907425 -0.97868986640220034801
1.1370730703188440813 5.2720628396802933224 -7.4494327758999023814 -0.88191941438557919231 -0.0040247367173323906481 0.47138301626610645823 0.17428937072972999767 0.92632265054102602697 0.3339903626531517955 -0.43799698832345096422 0.37670963431931242527 -0.81624046066743805028
2.8473429288046001595 -1.1931511567653583228 6.3698338255291853116 0.67640232348532458584 -0.0033826213979034121943 -0.73652457844677909904 -0.29205837605557755099 -0.9192431879324552968 -0.26399595908938405797 -0.67615220310185031316 0.39367565242491159294 -0.62276615107782062886
-2.7721314904749556618 -3.7508689939841124428 1.1609197609030206255 -0.98851155074499963415 -0.013759643289548139158 0.15051772739516108834 -0.10377243216797873981 0.78582584345522676905 -0.60967944534795415201 -0.10989174839635471037 -0.61829476463444210665 -0.7782257947793729258
1.5403728356411090505 0.71083990624819604065 -2.6147933589048628633 0.99991297184468774795 -0.0040521877615174997297 -0.01255501935562926101 -0.011630737781309094178 0.1784179182468013658 -0.98388605660769479222 0.0062269314543082800173 0.98394645495724653017 0.17835526093127929137
-5.4215242672305752336 -6.4546282721864045584 5.4138297178827414768 -0.98251286138378024493 0.0057311229772306895511 0.1861065056493126646 -0.18351796837847883515 0.13906713587684360611 -0.97312973801098900939 -0.031458424910002870389 -0.99026637120940963488 -0.13558348554948032594
7.3053882504783587137 1.5968563330450886717 3.3311332866805165587 0.83112482583608493503 -0.0057759273548487199967 -0.55605589875681826761 0.49303255743779511588 0.47014241175444548837 0.73204167229479244483 0.25719724179188119262 -0.88257166923308050244 0.39359475032284430007
1.8118585575964474277 -6.8511213621547160102 -2.6569707383963319103 -0.87159459451838205979 0.0006019205937940427277 0.49022698874896558641 0.18817136931219102802 -0.9229860191920176149 0.33569084608813531956 0.45267471607924852917 0.38483301062643276991 0.80435636092148599108
1.4368707633150914482 -3.6997703303566780164 -2.1073286066312917342 -0.9088657714333251425 -0.0048408044233991176161 0.41706063843214774556 0.30673749512083581248 0.669802855211231285 0.67622203767548116904 -0.2826218650492384743 0.74252319947829159563 -0.60727603248655370738
3.6207654376724409673 -4.4118836314496228113 2.2625667482751561366 0.69382412342556021301 -0.015753829782115653935 -0.71997215404481174073 -0.71608869779892936336 -0.12104884919512193253 -0.68743301709546167366 -0.076322097961733254001 0.9925215327415211064 -0.09526775113848101606
-2.1015835634803061716 6.2666157860733466833 1.4049431862447616659 -0.74190549633459856871 0.0011600907323837984786 0.6705034591246291642 -0.082968264572352470876 0.99215434485594422576 -0.093520174601438008088 -0.66535141209917780802 -0.12501363994827421888 -0.73598851094600148404
5.2443728015354604821 -6.2475068540711475862 -6.6516252434405931382 0.98997088232131413843 0.012444538529617408737 0.1407223707048828043 0.10226130452315083941 -0.75038647835015881427 -0.65304116157145575272 0.097469368281677154497 0.66088218811697929667 -0.74413335879847175569
4.6102353820046939603 -3.3236940795350702338 -6.808655288916115822 0.82589576630241512412 0.0064135448987771266974 -0.56378635106361285612 -0.48381712527310510863 -0.50538558555090740132 -0.71449730525020815897 -0.28951195570519971945 0.86286979108038619479 -0.41429283260094396102
2.5392374482277073611 1.5001310589902379089 -6.3685740194452087337 0.93304867980850192399 0.012299403800564878697 -0.35953982501780018533 0.34636474473112194294 -0.30079650355335463274 0.8885679079605267594 -0.097219466749385433091 -0.95360903315564882199 -0.28491786038918021084
4.3192883788058864525 -2.8816679524471453533 6.2328710198857670832 -0.99985708416900853646 -0.0086598111063642402296 -0.014519604287165654294 -0.0005732489519428545649 -0.84098537434685771697 0.54105754917599746534 -0.016896231020378297411 0.54098854683470021243 0.84086021999563764773
-7.1212985630195433373 -3.1035990534324700008 1.7800929443341455549 0.8099951446518527387 -0.0083592103282079457949 -0.58637700265547854084 -0.55926260996858823127 0.28983683506090551774 -0.7766723518531661874 0.17644602214746438196 0.95703956691703184756 0.23009143535521009438
3.2000263956630141671 -5.8750939456359638768 3.8230637423669189268 -0.92786234947296741815 -0.0045801790809218380016 -0.3728947336581295291 -0.30288787098138064691 0.59259108665863979848 0.74638779573699987058 0.21755550565948203467 0.80549042574842222297 -0.55123023863439657433
4.8680593648095404902 3.249494138211255656 4.9358235064282718341 0.99232743771065290428 -0.01070221038172476484 0.12317353230038372014 -0.058945905350345793872 -0.91668470740183138901 0.39523983536308826547 0.1086813535471181924 -0.39946790848373231464 -0.91028223836514654543
3.0811453090260454424 3.0497430336685482644 3.7827511385842926828 0.98455881315139248677 -0.0051128659462519338713 0.1749794332136473396 -0.16495793744106362899 -0.36165321592466942446 0.91760330769151055019 0.058590292038322097645 -0.93229866996209409535 -0.3569122688641380714
3.8033275400267751998 -4.2554410819494226104 4.25330408462800591 -0.56980744779204040018 -0.0015727755540381046714 0.82177673294964148631 -0.79276758803847502399 0.2644112330435285374 -0.54918690005876802385 -0.21642325151474331446 -0.96440874436998114128 -0.15191033535062067883
7.2690168208071863631 -3.7069926450376216032 5.2014801800266452503 -0.99975620500323336692 -0.0012425623295812503188 0.022045103683658841265 -0.018194171491781988698 -0.51932055739692961627 -0.85438582080264779961 0.012510103168757127912 -0.85457861821120872925 0.51917134225121852609
-6.6301153662470131422 4.7646670387609981745 -4.1182379774396071781 -0.92653745633671902304 0.0092616001092877854595 0.37608850656277842406 -0.37240303573959820937 -0.16430129952730890275 -0.91341177020309438639 0.053332175814808091552 -0.98636671970271205812 0.1556803561333483521
5.4074421465720456936 -1.3226762227314283749 0.89494498071347783341 0.89693180441289155347 -0.010811355232719855463 -0.44203670982237974751 0.43010916980702051937 -0.21055548783883776265 0.87787954104690968382 -0.10256432264915267549 -0.97752212309440278393 -0.18420385061278624073
-3.4784347056538202914 7.3179119512297825523 6.330850180475642297 0.98961578961039831093 0.0014005568513218956406 0.14373109404096362507 0.14070605348649081745 -0.21373590885404042394 -0.9667051090061151708 0.029366570551804083156 0.9768904747753451856 -0.21171349703594899427
-1.176815669848810364 2.9581412648323115455 1.7072491822259507899 0.75992068015589819829 0.0039774692993798854354 -0.65000364584331271622 0.27441036932607187904 0.90454155186286777646 0.32634878605551792541 0.58925334880501156753 -0.42636693198647418468 0.68628837250138152726
-5.7108283356653659624 -0.57122131368249495775 -4.531216873034610515 -0.94716850082449721704 -0.0078235220308447671334 0.32064095737879733106 0.116528750543486187 0.92299471220207207622 0.36674488618614398128 -0.29881914487284533255 0.38473309417048912051 -0.87331985257840338832
7.2345189113594514652 5.7029598997471753208 3.3692002882423781607 0.91305855260458590461 0.0036543058431330300261 -0.40781212042379916261 0.4071746634922028818 -0.064768303930248016798 0.91105096466439006164 -0.023084040498490478177 -0.99789363804708719474 -0.060625194593218516281
5.6033739428509461433 -3.5743416432210226574 2.9784086046683935223 -0.77434580448367262839 0.0043732373365578313881 0.63274754039318703569 -0.15457780527515296853 0.96837158907368792171 -0.1958626242831670583 -0.6135912949144628481 -0.24947412745609401363 -0.74917847175104956836
-7.0138849311368485218 3.3572340693347908491 3.9671173645521222717 -0.93321759351349165001 0.018024229510319993847 -0.35885937399959516592 -0.28817250530275656528 -0.6341000142193393696 0.7175470571011384191 -0.21461950131427684485 0.77304094271747714195 0.59694737669072106545
-0.0088439635977975508685 -2.4894924515150353983 -2.2753746362288160832 -0.81632644878896987173 -0.0057568905392093028262 -0.57756210680681441261 -0.19409493895269105956 0.94453428121457216893 0.2649191315919827705 0.54400209896715101543 0.32836237577072024951 -0.77216569886105301812
-0.96940565193209360384 -6.3881744628412295839 0.88589561120155113638 0.95640054672136565195 0.0012569845613063001036 -0.2920554985289963712 -0.28574043147446048785 0.21089685407692115859 -0.93481277417525554529 0.060418540630736920771 0.9775075124675114413 0.20206103785190093758
-1.0290589213271466029 4.6717138309628403192 -7.33431161291679512 -0.99752503163026240429 0.005767982786267086652 0.070075257015030853469 0.066194786605381333855 0.41308173476175796823 0.90828504921778552283 -0.023707836202760249056 0.91067568913464125302 -0.41244118092375903206
-2.2177559260744872383 -4.9297951125459924526 -4.4000364149518285117 0.51823411118070783488 -0.0030946304857872291433 -0.85523320168885852421 -0.64333205353349043332 0.65749138042232380119 -0.39221034352335448769 0.56352220444732858962 0.75345571066419225748 0.33874358615677563344
1.0913690813382401767 2.6678897430325418938 -2.489424194638473864 -0.99295068292089450068 0.0064414022430960629628 -0.11835307188189084227 0.11823743415089708886 -0.016072562205078667896 -0.99285526735242812801 -0.0082976172561763164581 -0.9998500793024331923 0.015197646744249344863
7.2551028802840376031 -3.8819607177995649749 2.7372430777489005216 0.73042998837431061254 0.011222981414773588668 -0.68289536297420150301 0.62563342003542499192 0.3900732995174334139 0.67559280986272973735 0.27396141300954368614 -0.92071540971771770323 0.27789976338612315532
-0.96140656453918604818 5.9190737449200199194 -6.9154586767525030311 0.87887184142828889133 -0.0047353071323324724684 0.47703444656628885001 -0.22733522365354441597 0.8749545450227826926 0.42751987115265721595 -0.41940789505068976073 -0.48418190900774993324 0.76789641004423148107
2.63211523558587146 5.2561987318945462277 -3.7023064985531641824 -0.90991631904393444064 0.0022418190407003089383 0.41478580808042325723 0.28567312332293770538 -0.72163520299574557271 0.63058187446859248482 0.30073769126671551222 0.69226989537662209084 0.65598722015499810745
6.8856077189298936503 -5.9802662259574690395 -5.6643709575260956512 -0.29909312755351685764 0.002317186136073304259 0.95422111258282771296 -0.95322889240949759682 -0.046381159845364068606 -0.29866949406847775883 0.043565809139569720843 -0.99892112734685378772 0.016081094931778922019
6.7797764552920458669 -4.5450710782958134715 -5.0689917492037741553 -0.66045934315022902794 0.0035833608268516581666 0.75085325834738947393 0.63609023797695440905 -0.52868259265835737537 0.56203551966962350672 0.39897702339349749856 0.84881203793601978091 0.34689401704099204204
-5.7763172081014468873 -4.3626266932166473111 4.4274811768777277976 0.99970261479929634074 0.0021024333865656383465 0.024295302782291906124 0.005914348793794594987 -0.98743512439708713835 -0.15791420324120716834 0.023658031231958052965 0.15801093278888111993 -0.9871539103288600181
1.5881856479485583211 6.3116085368281051871 -5.5221544689830173169 0.99656629072712266115 0.0062976297590855911598 -0.082558876239164025179 0.01673264783297859909 -0.99184831814361684721 0.12632075162859898732 -0.081090361221038367856 -0.12726843149397926158 -0.98854797539735284051
-4.2959655567990635561 -3.7337205176675651863 6.4458618633731044056 -0.99958848242848319376 -0.0068795794404473966863 0.02784846823596953333 0.017864134823465355195 -0.9088742076333296005 0.41668758967111679814 0.022444119126758074745 0.41701360419724081696 0.90862308766119703751
2.3374022845117332636 -3.7654463657169823243 -4.7396758817479689441 -0.9029597203056558552 0.0055814192029730513508 -0.42968894710618943389 -0.40640933823336788944 0.31379835989811488695 0.8581153996531586392 0.13962518863830444826 0.94947324190042292624 -0.28107893840136671804
3.7132787190282710021 4.5972535915774175308 0.79406691313454702552 -0.87175147683628451123 -0.0002158378440672570342 0.48994827895187131883 0.45687289963416305438 -0.3615486770017787288 0.81274209177219380873 0.17696473155341335692 0.93235320966484824812 0.31527920358620598051
3.5989226649849119788 6.4833220889183991176 2.0670912098200422413 -0.99678422342644767973 -0.0041764982486111748919 0.080023551474348322832 0.0083669914705677035649 -0.99860670460698519602 0.052102235726549948891 0.079694450132514776941 0.052604242950092951203 0.99543035328526130456
3.9512444160196742438 -0.090208676224425868306 -0.95912399394977032596 -0.97713344893660070145 -0.00042100844168543719893 0.21262654049101159526 0.023580398144349017792 -0.99404415121201772365 0.10639638276032598041 0.21131537519229809385 0.10897728292181577125 0.97132371741570833201
-5.342838309804829322 5.1648258923424847922 5.7940994492872244237 -0.67608680699174339424 0.0015747051256747709655 0.73682029675858529139 -0.4069213134723098646 -0.83446439761662927204 -0.37159684303321083298 0.61426514963294909233 -0.55105960604467107977 0.56481115121094338516
6.4822374986693969134 2.6320715745100060623 2.7472820985855261888 -0.65577133513169461043 0.0020879126933516828531 -0.75495668527419901306 0.75376898712968887217 0.057949193429186716953 -0.65457941078412340552 0.042382426324977059973 -0.99831735014543121487 -0.039575223780909989102
3.3444689442062900397 0.06677287671037743233 6.8668595137903905012 -0.85746819656111705754 0.0062005567636230088727 0.51449960639613012692 -0.32215888036457662746 -0.78614450766848786856 -0.52743764452767949447 0.40120063271184491782 -0.61801162299627931951 0.67609147765161636823
7.0078970437126608672 3.9392520906223786881 5.233131720933762665 -0.99599180710643864245 0.004859692646546939776 0.089312393117761901262 0.061803531958902147014 -0.68442375414067391226 0.72646021790981607502 0.064657896767914252445 0.72906824656915547589 0.6813801055432857634
7.0525006467683866163 -2.4104545257719696139 4.007555265049236759 -0.84820035305638297185 -0.0059972226740359901864 0.52964157162677538704 -0.4264465299832234102 0.60082089406106164997 -0.67613431382015676263 -0.31416479455915757857 -0.79936117405083817467 -0.51217398926508506118
2.1775617887739637801 -0.067978771335424459377 -1.7505693029106954572 -0.74744839937360807447 -0.00069622913255871360372 0.66431950561354180529 0.59972744273065536902 -0.43083248371366700269 0.67432215254507343882 0.28574093985555815145 0.90243165183966866927 0.32244259806727587625
-1.2109623002919704948 -2.2427064557203713058 1.9972842298374846592 -0.88023984019674417212 0.0088035841577370054639 0.47444738447614892562 -0.3801760379290958225 0.58525723941165452846 -0.71619839702480669885 -0.28397887934637255913 -0.81079988938227376405 -0.51181982714900275955
1.4966587646148050705 -1.7998703325619609394 -0.85055191479280978228 -0.99980882080865418615 0.0086302464881634812638 -0.017545389099295358171 0.0079420231834239386759 0.99921062842443253427 0.038923570126231425703 0.017867459272245318769 0.038776782862590349066 -0.99908814176226545811
-6.0220120025930334862 2.2734552718874976307 -6.7138779299707200821 -0.69745264131763395898 0.00010165533933955881417 0.7166308692661335078 0.62092888706932236609 -0.49916828566945475876 0.6043826104252993936 0.35778084118877639952 0.86650505610064598727 0.34808311856553497687
-4.799174189461041351 3.9261085359406222572 4.5521140324280970901 -0.9548517353929378837 -0.0026496133946415831827 0.2970709392823486783 0.26770906211540868025 0.42586549950368707274 0.86427451333117322196 -0.12880225727265703917 0.90478260144702893353 -0.40592908572816155388
-0.13876947448596099743 6.108778509688174374 5.6139509818555115572 0.82557051531788283594 -0.0064441605922622765407 -0.56426217047752735834 0.54079977802251077978 0.29458997627624966542 0.78787838272692367614 0.16114876458913759971 -0.95560201897659047265 0.24668979913967500894
-4.3075570728118108832 0.522259078770677454 0.69802684540364556831 0.98004621299427152614 -0.0016712101277225766688 -0.19876274160959961357 -0.035708470542845788254 -0.98517659188473161169 -0.16778554149192598244 -0.19553599547636316136 0.17153509803813937751 -0.96557826436493277011
-3.3372307166577641624 4.621452974204919073 7.503694658497209069 0.52184204281282442484 0.0060976427359809952378 0.85302034038231600022 0.038849540714408957454 0.99876700598626222405 -0.030906001673884506142 -0.85215702516566604885 0.049267499492568880837 0.52096172407816832006
-3.7624166553925917356 0.40588093440390143884 4.3122999919692182047 -0.81217920362599194117 -0.007032684855713136618 0.58336565080664337657 -0.42433284311802021982 -0.67911227261735485072 -0.59895589105694346799 0.40038304091051246658 -0.73400072378997049949 0.54857666558745388219
-2.897636056093059409 -2.5770352391221784671 -0.97314900365306167274 0.63354839183037348072 0.0022365746710698262978 -0.77369983387806162689 -0.647355728880714687 0.54919476495597285837 -0.52850323596968806772 0.42372986146196622848 0.83569139512066414888 0.34938931956590046912
3.8924259274765020677 1.7584193342729685927 -5.6219055306585712373 0.9938637935135749002 0.0031042111149505559678 -0.11056728185258470065 -0.083389198295350741574 -0.63570600527767362475 -0.76741391469114006441 -0.072670499864730869755 0.77192502144127306263 -0.63154632428835388858
-3.1970910097235898384 3.439995594276982871 5.759077238868153259 -0.94088481764364173543 0.00036349982070021382655 -0.33872647932449506669 0.087477711384646411608 0.96633710309007414541 -0.24195093139388637593 0.32723601565023185955 -0.25727897515997433242 -0.90924370715552882416
-7.0917247681532842307 -0.71220280606499197784 6.7287843900610297965 0.88227231784046822316 -0.012009171848207151126 -0.47058616316677714941 0.16378858310741195581 0.94504342699108290216 0.28295975181085325501 0.44132624804804382324 -0.32672419698082993955 0.83575262003252792642
1.6397711340810501301 -1.2497799250036050189 4.6436202085971505227 0.97677516862427937738 0.0017432542155613830505 -0.21425972795612988064 0.14615879052036051533 0.72578163297799791476 0.67221918239911682136 0.15667762416089686672 -0.68792294793563069089 0.70867068500874497161
-0.27016457682392519546 2.5132255258961668787 3.4685684349511762825 -0.99044314609606975974 0.010402205751848166496 0.13752879141086202242 0.045312168926517987222 0.96634317149907822397 0.25323444126809524501 -0.13026581170288181744 0.25704604453808166387 -0.95757931749213553996
-0.86746042840261516904 4.6104064824982522453 1.8387355969255971821 0.86114912056632864079 0.0058910764218724738853 -0.50831829336195444302 0.43728595687671095726 -0.51850298157873941918 0.73480313690969645268 -0.25923576926452024383 -0.8550555264498616026 -0.44908447158760989026
-2.5500601905005284564 -3.3037069962237173293 5.2015726814809388756 0.9966683082850937847 -0.012234286669846942269 -0.080638734424679434087 0.0042433028597772450702 -0.97956905004848260354 0.2010633496384477692 -0.081451075135785921955 -0.20073564311469224708 -0.97625351417674222088
-1.2386682589211239769 3.0984620955137964771 -2.9317626690061158179 -0.55809672659476960987 0.0085882755951334158878 -0.82973145371647372137 -0.12568838924558933812 -0.98928345838588338523 0.074301196309332601109 -0.82020148291315919664 0.14575486436632958953 0.55319530632538882475
6.7394958638782469507 4.6925105008118395133 -0.7000521196808543456 0.97898671586974483905 0.0042003515469023946366 -0.20388076711015398756 0.010850862761649551769 0.99729849863816089073 0.072649593195451583894 0.20363513677136282909 -0.073335268875358017304 0.97629640448543297815
6.4016596994247336738 6.825807235441318177 7.1734455352065120692 -0.6019490884721121482 0.0052129966821256781134 0.79851745100100013364 -0.6289938260863099373 -0.61916006335017603757 -0.47011443574677447277 0.49195941055424735611 -0.78524750277724431058 0.3759817784804329599
2.0465224375792927525 6.592042804061219563 -0.52338088970020690827 0.88785053345319331353 -0.0047065723020366517781 -0.46010789867587703617 0.1301466328606067091 0.96168375925474003374 0.24130105913700086728 0.44134259278004883686 -0.27412076784277644714 0.85444398320502756849
2.8762110656852826196 -5.142842847521640337 5.4921865348889511438 0.29106020842650254243 -0.0085944063009984750234 -0.95666613363867136766 0.80622254491798606146 -0.53614606699089040198 0.25010518370536821697 -0.51506229054038188409 -0.8440814717968191383 -0.14912178188537353329
-1.3938542017654831362 -3.5826492271691825486 2.1299968473862360696 -0.68374437034470891827 0.0033903693965404491963 0.72971373936449435149 -0.72703857004884697712 -0.088838501169448094719 -0.68082496896850031032 0.062518426748736311005 -0.99604027333498235119 0.063207754362434212525
-4.4509370760019928426 -3.3322891001685341905 -0.094474818658957293582 -0.93486974399546607373 0.0058460083583427354531 -0.35494279250066806952 -0.31976612128007242397 -0.44809989693566876223 0.83483897252578165293 -0.15416935312638876954 0.89396437655678018253 0.42078439135026735052
-0.36881248309636921467 -6.256547977966944174 3.754564721398703675 0.70101310463299681963 -0.0086064913971296910788 -0.7130964559151671267 -0.56851544580754176383 -0.61042754270864274524 -0.55151464439379160876 -0.43054711125624139934 0.79202534265544444203 -0.43281063016125820297
5.4632803198480859308 -5.1939761428391726383 1.5514619720984366147 -0.99450873891297408846 -0.011234622067376081808 0.10404879380774224862 -0.044555708122845635866 0.94506739078726942349 -0.32382466821445171634 -0.094695074314996824372 -0.32668243010227293599 -0.94037834554126464859
-6.5470006382055530025 -1.0513682571836844293 1.8917653149223225828 -0.7752676228657240376 -0.0041517123345758905409 0.63161924940639857518 0.34782508864101202573 -0.83750718126442802447 0.42142547270229691048 0.52723601986964596655 0.54641054584918269388 0.65073627126261479603
-6.4516000928648162827 -2.7785448002121371225 -1.8115977535534473208 -0.94690755160422679371 -0.001381156645080313522 -0.3215030032847292496 0.3185334365522419775 -0.13969703864386120995 -0.93756129783194652738 -0.043618098457354322062 -0.99019332950715066577 0.13272012540128841351
-4.3767984456899107215 -2.0156635574875285677 -1.5922940734699038146 0.98280029869956508914 0.0010476228512491130886 -0.18466855542394960965 -0.12266355964912351029 0.75122340241252516524 -0.64854996014335164478 0.13804790476579434366 0.66004719691397428782 0.73843108942925306248
3.0942725106174644445 3.0818706049419128945 6.6200065202670126396 0.82240337857468914784 -0.0057203296086305380208 -0.56887605041724220722 -0.19299411801000670996 -0.94345827671000581649 -0.26951762562204512053 -0.53516908853430189552 0.33144193750426342859 -0.77700726427802768725
5.9392508247262529864 0.65286664803125893375 3.2046481399408635049 -0.901423566517177699 -0.0064216677130747032778 0.43289065121714209727 0.41959621969446969647 0.23335803664486054476 0.87720182349974429314 -0.10665161107776058302 0.97236967708634314267 -0.20765992617136022624
-5.1636368828236012263 6.7513697276116397816 0.50614467651159722461 0.98845304451416171609 -0.011132357340354597647 0.15111799830131839029 -0.10255977701515844869 -0.7832929413754508019 0.61313429208441250218 0.11154403134709145462 -0.62155308591568314558 -0.77539002473569185181
6.4619126527227201962 4.1873365784750342655 -4.3207668703856549897 0.9033437648710583856 -0.00065318566741454087143 -0.42891679358237044806 0.058876390813379440858 0.99072170557801775281 0.122491112744891259 0.42485716784974530968 -0.13590465571559454117 0.8950007326710420763
1.3776854943204219772 -3.0810186514520587764 -7.0606673132018462624 0.97527397714107466609 0.0079232033942774858504 -0.22085717638220209169 0.14548128346172276015 0.729264504067342334 0.6685869272352346071 0.16636064941528422301 -0.68418601707096060593 0.71008001547051735614
-1.1685070144204592335 3.6851980506186512443 5.4753908035066105597 -0.97769717728462857131 -0.0066758859708931231683 -0.20991346330354701544 -0.19847185128272940013 0.35622840922076287606 0.91307734870190493393 0.068681538844064735083 0.93437506013947591033 -0.34960848561137886081
-5.2009203402127308635 6.4938556874470130253 5.3510710536533618864 0.97670804335217931147 0.018639393091359111876 0.21376148174158898785 0.10716106756494840624 -0.90545973034872218044 -0.41068136348645073452 0.1858975622474218492 0.42402269955976906735 -0.88636721882556046559
2.645870539192623383 5.3730462281497484156 -5.1669562706006519903 0.73353648801717241668 -0.0080557177423644169001 -0.67960232942444442905 -0.15354320646610847279 0.97211436671891660044 -0.1772516340308097349 0.66207907722228431791 0.23436886190392244855 0.7118444577815777885
-0.17232942199665149396 1.1467213616634133189 -5.8080752370246786498 0.93272205835075305824 0.0061214614787700122669 -0.36054415759435182176 -0.12860657290539465047 -0.92845634470178595166 -0.34846687846727614213 -0.33688263723671679761 0.37139109264030678581 -0.86520445273699531086
6.7001781987741715341 -7.2328962979196775862 6.3043456739806460476 0.92172399069236832236 0.005675433999506681107 -0.3878049437938773103 -0.3260057693448126237 0.55300748957962564401 -0.76674829952396750254 0.21010740904585178956 0.83315695155106572756 0.51157049440546142893
-3.7327476380447301985 -0.39240841015587119012 0.014516876546158317962 0.94572719314573994165 0.0023841997495082038055 -0.32495290695120548907 -0.033673993996868045731 0.99530873509788597708 -0.090700518004875912981 0.32321221863169391497 0.096720408547561420587 0.94137082188561438389
0.52302378229034596213 5.202481579026581926 -1.8438185050458484326 0.98601077559330230216 0.0012459457591315276428 -0.16667692711606560407 -0.15640426691379694102 0.35261575890820812118 -0.9226049164516275658 0.05762339546447953903 0.93576737183365954476 0.34787780916057198244
-3.2159232751380164572 2.6574822625437621859 0.48412066596113562111 -0.72616921057659700178 0.0042649122620917979606 0.68750279136454228723 0.66595547441899394236 0.2528272974567860043 0.70184162298342522845 -0.17082617979084568915 0.96750202489924919114 -0.18643564067526102734
-3.0703271391006499158 -6.6223454390933786939 -3.1429637368676823783 -0.92447873146665016098 -0.0054099272368204227857 0.38119523574299812863 -0.26499693645619715188 -0.70971801642396170617 -0.65274570916418372946 0.27407243337249737047 -0.70446509484186781158 0.65468559737832898726
-4.21871212613972002 -5.4678765810985368034 -1.0935724945637297356 -0.99079405978393841892 0.003328037483153257689 0.13533682153553383554 -0.03165926937399973079 -0.97767284895716466409 -0.20773418369275317708 0.13162378872961716381 -0.21010646010609559942 0.96877781439405874497
5.1770167036928826931 -5.0769983054623075702 6.6477466870131420862 -0.93997439649607006373 0.011202903491835961014 0.34106103395903786257 0.31061014738392461743 -0.38579943171339037278 0.86872327862887355199 0.14131337613248340368 0.92251465757628514641 0.35916185248854781698
-3.3478044164780165204 -2.0354253924429270839 -5.560978300771884264 0.78413153414827740928 -0.010429521660769325297 -0.62050702029236681767 0.059188606692683116972 0.99655775317737038677 0.058046131823214421053 0.61776568858420166652 -0.08224274837202323607 0.78204966872196068906
-2.6257987762035321921 -4.0064320651230307391 -1.5586866210937546651 0.95467584072100819537 -0.0058000806143277067531 0.29759099147722878342 0.26999302813139502977 -0.40398239167191063448 -0.87401486942689865511 0.1252908771778224184 0.91474837320642476968 -0.3841062480773925758
1.3539234440123633085 3.5044882589115635696 -4.4852056439836003321 0.98731307134898804723 -0.0027354465612833812026 -0.15876213804112404571 -0.131768265494687703 -0.57201887876740886707 -0.80958725690454158563 -0.088600357514997313269 0.82023589269541741231 -0.56512216111426016862
-2.1560200968073397476 6.0669163697662273904 3.0670931724106056393 -0.48003806137535021126 0.0021799347199297448505 0.87724495297238802571 -0.84182951467035427306 -0.2824235471642982942 -0.45995652863838881741 0.24675195614400310951 -0.95928733333224613933 0.13740918545480468316
-5.2222224801499885771 -5.6206086089392544025 3.9132584841663380359 0.98608250172588873816 -0.0013622679084207348077 0.16625114741307386867 -0.015238754132515543865 0.99501654933870875563 0.098538555472243466449 -0.16555687893446596748 -0.099700605656201479743 0.98114764896491013513
-1.7871530872916443489 1.7993793880429946874 3.1458683210174651634 0.99576931809662172501 0.013550830680438451931 -0.090883662587157285073 -0.056591428102595278671 0.86967119862215858106 -0.49037681078161571291 0.072393890644793887357 0.49344541873942215915 0.86675875728046147817
-5.2679734666357429518 -6.0486295228700646121 -6.3929668621297182085 0.986801633169649417 -0.00015410660298624079094 -0.16193366859571631244 0.15860837988757578443 0.20253557723082044051 0.96634503247298464412 0.032648408891774761964 -0.97927489307502557647 0.1998868809849960182
-0.0054923569539771927017 -1.0796436424180373415 -4.8222470653916937877 0.99888113461838912155 0.0041643279065541275591 0.047107719924312757565 -0.045718461191790502052 0.33980434423090277729 0.93938428236166626739 -0.012095503695090568941 -0.94048693027338436945 0.33961453557733495279
-7.3242600940543720611 7.339589396663818377 -6.4307748131166677652 -0.94272288167724493935 0.013179602603818620435 -0.33331646589601299224 0.21791370362678075256 -0.73220720791204441102 -0.64527995664938264664 -0.25256125224164804877 -0.68095440578429133893 0.68739647301193484985
-0.74693694693439494081 -1.9019697366682972728 -0.39955390977991400714 -0.96819043594328502156 -0.0029939196474125144912 -0.25019655511811811355 0.17468289732866912334 -0.72400487785438760735 -0.66731013945830552903 -0.17914565339049062787 -0.68978835398111770782 0.70149758487334779034
-0.92667128485853134112 -3.9630479910293270329 3.9431255887388325654 0.91280691760329368822 -0.0078142379514874720642 0.40831662819520131436 -0.40103158143742445585 0.17180684288812542171 0.8998089127289995437 -0.077182911743907386959 -0.985099663192481656 0.15369271847655605057
-4.788069934924402915 1.3614229986626267266 -2.4364399726144112535 0.85817857623655635635 0.0048883266955760534822 0.51332799996764510997 -0.14817832820029394614 -0.95503276868173092584 0.25681821157358075691 0.49150047237046118331 -0.29645997201334001181 -0.81886431760910016742
-4.6288958385916263438 -5.491325982409853701 -4.2302028433304910138 0.70798530783211577333 0.0047195394696574414356 -0.70621139175248504039 -0.63610710140693915715 0.4386690764108197027 -0.63477334296622589527 0.30679726112446170649 0.89863628201191247946 0.313573393671227163
5.488986039567017805 7.3458315665597266886 3.972357312608361557 -0.86126028991662628709 -0.010517852073355727152 0.5080552015288826162 -0.50222380748517347904 -0.13480490163790212477 -0.85416560788259043857 0.077472318978600934747 -0.99081633680623981686 0.11081979295198633728
0.53994073789009833231 -4.0117719801525062451 -4.6139948496206466544 -0.14002223241613004356 0.010993147504495792352 -0.99008733207585331026 -0.95643633555643103872 -0.26020500483750869103 0.13237405895720683047 -0.2561704714765566937 0.96549081102065148485 0.046948731378637129086
5.5674074444002625839 5.6337518037084031164 6.7046492215815067794 0.98266528747961123802 0.0032454933161010024803 -0.18536018870235360101 0.17843005531635700023 0.25480665703703681002 0.95038743830590854955 0.050315486109784757218 -0.96698657400345289226 0.24981056333715215279
0.84942370501120134652 -2.7453762873985967374 -5.5688816652801573781 0.94298111544437390741 0.0083246652810321109667 -0.33274211615533960673 0.32788442222012487148 -0.19520296522574878684 0.92433089747799568325 -0.057257502398597448501 -0.98072753724728189972 -0.18680223795247827279
2.5400996546587695235 6.1642786425993634225 -1.7424900396185636353 0.99991865151851866411 -0.00052233051671427823889 0.012744313088614076315 0.0025008932601006529477 0.98779572546740257444 -0.1557348717568988461 -0.012507432916956010005 0.1557540751282415481 0.98771667607816937551
-1.1471152730634726069 -6.9272184155933755889 7.4680246529208593742 0.90091397025283370681 -0.01015687295750629035 -0.43387884960550854307 -0.064462647730917421729 0.98550504236907332523 -0.15692156802870085852 0.4291836264943195145 0.16934181231098249798 0.88720052150138906111
3.2359899706032320132 -5.3948489947226621055 -6.4789576149249805681 0.86964594975504394547 -0.0046819373059312462126 -0.49365372634828208476 0.1076394434552206264 0.97769496525039156776 0.18035050633907820372 0.4817983730640403861 -0.20997769973784377595 0.85075242775187365218
-5.438085162188035504 3.2917317017016443081 -0.89361703074222020859 -0.9723366628218137464 0.0024106113611063201968 0.23357140896407324604 0.19897366703805668964 0.53233866675950824998 0.82281530351478571195 -0.122355604522272704 0.84652804609501330901 -0.51809205091024990164
0.22474248590413412052 0.80039900104357708521 0.33879255537721053582 0.69512913519484698099 -0.0033718518065639427328 -0.71887698253509202395 0.71653067700679617946 -0.077612828696293656439 0.69322437762240385339 -0.058131525969299449597 -0.99697787309311536319 -0.051534903233896228736
0.98775133760015731976 5.3145415967242986 0.89190804298693426855 -0.78860967700636130928 -0.005619486177815186112 0.61486844016200181695 0.59975235522459313664 0.21351413275552696969 0.77117366884260740711 -0.13561670153265970029 0.97692381304207775994 -0.16500901119839755937
4.9389085875989104935 5.4278841919193698828 -6.2195824168453883729 -0.91615045838809161527 0.0036728712442312110714 -0.40081772367486462327 0.10889557809845164249 0.96463007928110722222 -0.24006366492394382028 0.38575910963415388499 -0.26358171439410171821 -0.88414624874589420322
-1.7707158935246765097 1.6863299568965088859 -6.7419490578693279659 -0.99787574457742733713 0.002551492986354036898 -0.065095992715160977404 0.059375428703193344759 -0.37553812513595924427 -0.92490306250744125371 -0.026805910735224116465 -0.92680343463587555597 0.37458889024746422347
-1.3551296171968711946 -3.3184764881828736627 -2.5339002772193377488 0.80918579910671395439 -0.0033749144267935507133 -0.58754314945938024284 -0.56907235602968408994 -0.25332959904044732857 -0.78229199654157066668 -0.14620190192639018201 0.96737413868821786611 -0.20691128454108217993
-3.89323011747186154 1.2427122248912803038 -3.0693310295070261873 0.85084551314008627365 -0.0055537637368545554259 0.52538658954872796691 0.24615427001342471414 -0.87920380735784275927 -0.40793227438082985126 0.46418744933856809221 0.47641349774713720455 -0.74669953196766858383
4.6601295801632627303 5.8908132227242422374 -4.1169764298501183575 0.91976519914814269807 -0.0071542206927055831955 0.39240386792487874645 -0.32249069538157310033 -0.58360649662531582926 0.74525378797363006633 0.22367773655065190108 -0.81200509494892147977 -0.53908811519890031949
-6.1570743668423606465 -7.0539102339651469364 6.6845336507503096968 0.92495613422210931631 0.0071144639668315572123 -0.38000728172939479688 -0.37873345623009668781 0.10114894903096505185 -0.91996187923300343225 0.031892301530394608078 0.99484585464911967634 0.096252826403676827738
-6.9330383672119042515 6.2557689107298362075 -4.4296712189768765455 0.77406658636471203927 -0.0024182292814223368613 0.63309957513873049706 0.53160134660949009966 0.54556889793028762181 -0.6478847010803538975 -0.34383270373346130899 0.83806248560499796429 0.42359218839008666579
1.283380657286596005 -6.8280222570919333336 6.7809699679701562758 0.84256932985207788622 -0.0098339414632649807535 -0.53849811326320240479 -0.24776920579542852097 -0.89483013663122401571 -0.37133468358891125183 -0.47821265672522561552 0.44629846534781875134 -0.75639297641894820412
-2.5871520131577807611 6.566434834419111688 0.32072368416280250258 0.97116519191958805557 0.0024490333495701850641 -0.23839499206039529988 0.019040722766658919884 0.99595622628721702796 0.087798896327091452418 0.23764599908334999023 -0.089806444954661085456 0.96719138828056783197
0.6995189778273436243 0.65663333004974044904 1.8743723174921917973 0.75706806895601075347 0.0097921296467814583631 -0.65326262189415829074 0.38760243246937026163 0.79818391793191179051 0.46115809382316774734 0.52593943882431015702 -0.60233424886170505719 0.60048410415038955268
0.1696597625611689919 -1.7691073599917113146 2.3956376786599733464 0.88341890399627021058 0.016007506439150269439 -0.46831058049077334271 0.46809810305501414751 0.015357833178649788961 0.88354303962869673583 0.021335556667111503504 -0.99975391807071278816 0.0060743167555772827754
1.7207588984614243799 -3.2195142369931453175 -0.17775366409261020295 -0.67702593428612700688 -0.009426767188511771256 -0.7358987840486657106 -0.39028934745400511996 -0.84313301310037203073 0.36986612102810367819 -0.62394720094567401869 0.53762241236837637892 0.567143749107098194
7.0086147277671830835 0.63800207744850634395 5.907408615796402529 0.46491585019505815568 0.0022400079171292219815 -0.88535203992651312355 -0.52223649941727823265 -0.80680822402406682237 -0.27627799102283095989 -0.71492817185635360033 0.59080916716966669355 -0.37392811752318433349
-1.7744734373608372913 3.2918523446860290527 4.2303375908884071066 0.91373390987497604687 -0.00070710622367384516791 0.40631249297244542706 0.34011314928692959469 0.54842366428971400794 -0.76390740939534640397 -0.22229122255910607753 0.83620032554879564213 0.50135379516398859145
6.0741890959147086804 -5.6741445354888977448 0.55245905804456674204 0.99943228382328819226 0.010459128079537983666 -0.032026812073884781962 -0.024629347217140201004 -0.42182422891516790919 -0.90634304496477768875 -0.02298924329899056096 0.9066172988311860248 -0.42132715097953288286
1.871608201521753001 -4.0506228713515426421 3.6625349659924557599 0.98882428110570197433 0.0055248583966942110129 0.14898327770478475562 -0.12520663969163647877 -0.51170167307014924329 0.84999099710199577107 0.080931072358488134744 -0.85914543222725858751 -0.50529129005952766462
-6.150992282814937262 -1.8509589839206288531 7.0047628570770648082 0.98003092896808607914 0.006718418559034940174 -0.1987315805752487563 -0.19355137753290510561 0.26130752202725987532 -0.94565122703202852961 0.045576776114610119406 0.96523222168753552985 0.25738981272567734715
-0.95482866989887227316 0.8327373269150357693 -3.9982596736652400438 -0.94570666543221093558 -0.0048620523506748818815 0.32498502027629344591 -0.32163320359819025374 -0.12999938828319462791 -0.93789777768642612621 0.046807961931830233127 -0.99150215304501021496 0.12137749052792891347
-5.368521347686471934 6.1693473926471948943 -5.2506373075629522162 0.97440126919509029157 -0.0050051337883189545366 0.22476012819619015093 0.20618940511031763618 0.41834404676271375045 -0.8845757105858261804 -0.089599641803100357751 0.90827485221927972692 0.4086669756841629364
-6.2173726055369913368 -7.4331931647927786955 3.9945896804586968898 0.99245006363497512147 -0.0050789483607994369979 0.12254417764423809756 0.06507109030119001547 -0.82512511722519943369 -0.56119006952303662761 0.10396453432769921232 0.56492720345882319055 -0.8185649823895295718
6.4608037651078706887 -2.2481987857553771271 -7.1568703888799616308 -0.99433143575400728675 -0.0003686674862197979706 -0.10632431497933478304 -0.068664170168822757923 0.76573240676725340403 0.63948347356414281251 0.081180216842244676267 0.64315919126673692929 -0.76141711767117548071
