1125 14.717824617146108679 14.977075390850430381 15.033177056927090831
5.1502276930162249613 6.2842488003901344484 2.262250676618294154 0.99209172178246363138 0.0045078043389454626466 -0.12543402756314558921 0.070871899370187008138 0.80468012488285467487 0.58946337502703538558 0.10359145452366913531 -0.59369148243724967351 0.79799701392367261565
-1.3421051395156555763 2.3062589486282658591 -3.1514140990405192788 -0.90754295548677443861 0.0051406823465340069357 0.41992780014106290132 -0.24613496454322444928 -0.81669445075898661202 -0.52194612109752869245 0.3402695448840851733 -0.57704743954421844343 0.74245059723858430889
-0.56815926787500692363 6.7169386409221312206 7.4221775638051203927 0.84664419164569770793 0.0015926128721123105139 -0.53215700346490046879 0.44247503202067467454 -0.55767261872932460953 0.7022941665412422152 -0.29565090696777723833 -0.83005946407700981204 -0.47285497491867983788
2.96224949148400718 2.150510240087148528 4.216746181394263715 -0.98351887522605740966 -0.0030254781942115017632 -0.18078016637834279368 -0.16988125039378307313 0.35774411383506204976 0.91823717512469205104 0.061894933869508908519 0.9338147543801859074 -0.35236206047639617722
-2.2992408919367308684 -1.5061103643710729294 -0.77940262205985233468 -0.99940187398270940999 0.0043893547852574248819 0.034302009335592228978 0.024260162560976031298 -0.6178843337628435739 0.78589464599463287886 0.024644244610187791833 0.78625675428260199951 0.61740827460652480951
-4.2223511283113541737 -5.9098543298698267279 -0.98760163414688917349 0.96256140045237259528 0.002285757035536857551 -0.27105410100935484197 -0.17141805742338850349 0.77975546028710485125 -0.60216050330589265815 0.20997952268832822953 0.62608002481088742552 0.75095432789510474514
-4.2771150797035053515 -0.75959829913063636742 -0.98890824377503794285 0.99756204095386624697 0.0056023137306915118949 0.069559963548116748866 -0.021366766695680206728 -0.92438141070999890747 0.38087067203297370055 0.066433694229104223172 -0.38142839644514625608 -0.92200810335728500267
-2.7953348273019358317 -4.0020704706375278548 7.3051280709156802828 -0.89133817046514451921 -0.0032696942147994092348 0.4533272272561421623 0.2545294730542974615 0.82387627150867104309 0.50640165539986303767 -0.37514132432810082252 0.56676026531924006413 -0.73352013499050705558
-1.333875682119490147 3.2295051292756968842 0.86937288447288341153 0.99961666591432096762 -0.00037022969562309267916 -0.0276836442028098699 0.027672235296511190489 -0.018302645293019673828 0.99944947874769718421 -0.00087670979655623659105 -0.99983242401174043934 -0.018285384181948721727
-3.5675338340904674261 6.3349479637969512424 -2.4779644809575334108 -0.95630244485263171672 -0.0022919066608921324912 -0.29237028086434801999 -0.016905935146589990553 -0.9978627904160840556 0.063119259025424062637 -0.29189008774828256731 0.065303894730383213463 0.95421987927702012211
0.32648524693831393328 3.2569172060677744618 -5.627576770993181654 -0.97260307271287593789 -0.0059048417076830780198 0.23239706494256401337 0.14437151188070168617 0.76819395265131829031 0.62372663697112484815 -0.18220902696296506496 0.64018995927336563856 -0.74629530786331566006
5.5656311755271072883 3.4591392407435437306 0.023359685937162366631 0.95521761889927425671 0.0024150192333910053266 -0.2958943531507126079 0.28427725126417041634 0.27006551876115075794 0.91991905078102165216 0.08213248418291203834 -0.9628389186453841786 0.25728480674839038223
3.968739598248844036 4.6731989607877570947 1.0432643310573268547 -0.97121903555376998263 -0.0095345131975713495742 0.23799722274872922578 -0.23476595462719401786 -0.13045014623822662192 -0.96325889868435521368 0.040230977194068456848 -0.99140902376598816215 0.12445728612460212059
-6.7457154374806203023 5.1820612123518294823 -7.3851632482228017906 0.98852671774811806671 -0.0056427300472975290557 0.15094067674384098465 0.11485501921609481135 -0.62092439493342455048 -0.77541035609386199656 0.098098179693285353364 0.78385014854523782368 -0.6131522582251475173
-0.38156143769246514408 -2.2589105423999336075 -2.6802234228302079799 0.97439818173478720542 0.003781947072299078963 -0.22479742059966922874 0.021760208438501824763 0.99357804989898690362 0.11103671504316128815 0.22377371776106919077 -0.1130856119725585085 0.968058349276600838
-5.0005649188579228692 5.1312567369813502083 5.7482667176642774365 0.99709925436045021563 -0.0027490629834664654166 0.076062603206729917371 -0.010995257754917430251 -0.9940674301825277448 0.10820835715012669387 0.075313884913540213306 -0.10873080015769881479 -0.99121412007502740504
-0.52277662618303488706 -2.3095884645371294042 6.891541056275367616 -0.88613502125796439479 -0.0063060107978953963692 0.46338424479905543363 0.46179377764005602458 -0.095892607364998966313 0.88178858848686980654 0.038874555085205070304 0.99537171050851480647 0.087885874214094078516
-6.3326696607332246813 -5.4457379606942044603 6.4373302939840897352 -0.79824529408138711339 0.0060473814729210921548 0.60230214980043450534 0.25801454979647503452 -0.90013008169712227513 0.35099049576511764936 0.54427285672745184808 0.43557922953406924549 0.71696428936762468531
2.6542550145293208885 -6.0993888937999320987 5.5694210830925383604 -0.89374284587065622176 0.010394999992647556419 -0.44845921713129416331 -0.4196626486738992412 0.33375951008770221584 0.84408995417198939837 0.15845184367147033266 0.94260094069611133349 -0.29393278115230819791
-5.176171961891012252 4.2628056893798156324 -5.03567331239843341 0.74451203242135755023 0.0078668315482320963494 -0.66756269109431276565 -0.093203663428267621849 0.99136286590304667499 -0.0922645394066209934 0.66107103302396497124 0.13091134813202490172 0.7388147996806666562
-3.3879518136928687966 -5.505622629936944179 -3.1438914462072711231 0.96608650023417241837 -0.0059378923001769572457 0.25815037381405381289 0.25755755012772135748 -0.04933414336522229382 -0.96500272055089553191 0.018465709775524100089 0.99876467885755493281 -0.04613170091200265166
-5.634477865189549739 7.142054316657974411 5.3990308941248077446 -0.90212206151962914813 0.0033485745169130410118 0.43146792831908831189 -0.17553049383532248751 0.91063745591718991967 -0.37407013996657512145 -0.39416345829262761091 -0.41319270435154065169 -0.82091836209051105566
4.8051334347805978453 -2.4874584011312146359 -1.2435405089852142879 0.77982971666102018915 0.0042091031521157640585 -0.62597755268309718257 0.56030307559974212861 -0.45061948732192014244 0.69498384234401033854 -0.27915242518361571555 -0.89270620088380925328 -0.35376484056179696713
2.5783299090154394584 5.0183474245465191643 -5.242183845321666702 -0.99656072824867991677 0.008137541387423155928 0.082465115853469495022 0.079046072687007737367 -0.20530056110779673628 0.97550161353098974182 0.02486831931013998645 0.97866514193008635747 0.20395123599947009851
-3.4258166610253493189 -2.9118660977404005052 -1.8290670707428451358 -0.94106153895323185754 0.0026312529939763740217 -0.33822515638342937061 0.055682135318619631337 -0.98512111747962360919 -0.16259115505473484276 -0.33362056247975818701 -0.17184138152183464632 0.92691308108551928591
-1.0132453627616164749 5.8876079765154161194 2.5069386086260352364 -0.98944229999924881991 0.00034517709071268509041 -0.14492693271049850168 0.058500982605064269504 -0.91395640754800844263 -0.40157355507577324749 -0.13259551276849895762 -0.40581222992258680904 0.90428693678436655734
-3.3448303873502154282 -6.8615999551130295586 7.4275659718501643169 0.91942575971892526177 0.0014409067305663303491 0.39326097715541563637 0.3739414684846794068 -0.31280024446995718934 -0.87311155370156623423 0.12175405748042464338 0.94981784087653908788 -0.28813541719077773173
-1.810840341696217104 -6.7849059250202810034 -4.8064835561423109311 -0.85176459639507806632 0.011983211319638031878 0.52378762392241162704 0.41495559576359730691 0.62577310882699122008 0.66046943139971814318 -0.31985766502045581694 0.77991308420589167127 -0.53798388006729935817
-5.9235508798817848586 2.9753900947880120853 4.7017741382983411214 -0.33251686107506434054 -0.012643525089254967209 0.94301255472780420863 -0.31761056841073026513 0.94300220974252391137 -0.099349681702951678219 -0.88800679272997951053 -0.33254619783424516077 -0.31757985196072835432
-0.048841433701169473247 6.9918197497046863376 -3.2729905824168472606 -0.99997368839585742961 -0.0043966354565057744544 -0.0057699317653956642277 0.0017521075683479313614 -0.91823472067370537353 0.3960327358542909959 -0.0070393632513456386168 0.39601220605662246221 0.91821826382361071417
-6.1414279003794716161 6.4983838154286228672 2.0495964191541702348 0.99859533921843590676 -0.014891640196439638252 0.050848672975563523335 -0.019833631672718014111 0.7848573208136779833 0.61935903401811753799 -0.049132225125500528229 -0.61949755852417298652 0.78345950720931112343
2.9889555665421276842 6.1939842491807537428 -1.4451404732942829678 0.91278444518925716533 -0.0069450363317597654106 -0.40838256952407148148 0.34176817280354687689 -0.53450137793768848216 0.77298304835314324279 -0.22364944149094082015 -0.84513906752268241895 -0.48551095133656729796
4.341953071107058193 -6.7427138857501658364 -5.3244265981225780138 0.96854648352884320506 -0.00094412383788052272205 0.24883090216884254375 0.21529975285531402496 -0.49817635957965822335 -0.83992043145549899474 0.12475466189458074562 0.86707521206998849905 -0.48230369161917990839
6.5796414561834044576 -1.8921060803347573565 -2.2053153614044593844 0.90464693556344577541 -0.0064483312907955689028 0.42611306128694576012 0.39183866225142055528 -0.38055324723918848573 -0.83764054867271087179 0.16756009292424386969 0.92473652736295819388 -0.34173962342687902449
4.6507516412516851645 3.1877873145781667752 -3.2072739323328760541 0.9964890096179622736 0.0067782480310618160521 -0.083448841000083401331 0.063321744425538784018 0.59103998776198074516 0.8041530262016191033 0.05477235063000734927 -0.80661377884337492894 0.5885356415600812019
2.5551235210427489797 6.8022382410773820638 -4.1024262571202951833 -0.99769934486201516943 0.01045981910829497756 -0.066982157668477801393 -0.0078813914940930283881 -0.99922198084525093442 -0.038643455639556678616 -0.067334247822489257107 -0.038026637767079637942 0.99700555359044717996
1.6059429077608249337 -4.5060984066022253813 3.3023931979733820441 0.73412820628573149939 0.0013460803272813508247 0.67900954691628223614 0.39339145433851385736 -0.81591364026710977431 -0.42370755867621334723 0.55344280679135071654 0.57817222321186079181 -0.59951475371094609113
4.3538125176594721921 7.4591096775745899805 -6.4224189974825849347 -0.83383038179225965614 -0.0065415786300217970348 0.55198197629012901722 -0.10893895473728343326 -0.97831512059614489374 -0.17615853358202071544 0.54116466859994549754 -0.20701867684348754239 0.81503623778154099533
-4.8021866060616469341 7.1974286785788477161 -2.1676664446710152134 -0.94331427389263933225 -0.004693079002673241143 -0.3318676779679540223 -0.33188760765510921802 0.0044027286336041672465 0.94330866203257746072 -0.0029658987464595441483 0.99997929528061213489 -0.0057107315269713954803
1.2861014346960595311 1.9325312294634184873 -3.2401063708362158877 -0.96296461988862280812 0.0039147928056402579028 0.26959936060794059687 0.1469401533218697431 0.84598407627219196492 0.51256173680404182313 -0.22607019304784917169 0.53319378943413786587 -0.81522797469434482576
6.683006244133985696 -1.7881971907565494817 -7.5027127988635804456 0.96866143624946221546 -0.0041504219857898816404 -0.24835014781666298056 -0.0082033003179145351502 -0.99984950191006305431 -0.015286575611513027878 -0.24824932585424724918 0.016844807133730592408 -0.96854970171149579183
5.4327828771145894038 7.1466293404756360275 -1.2431580007613893812 0.99993993273272552269 -0.0052185291791647485382 -0.0096383546137928030606 -0.0099254211719768843658 -0.058106614243402646136 -0.99826104170989515829 0.0046494022210605730205 0.99829674362610354432 -0.058154920037862350979
2.0823735447405185006 -3.7503968314094748848 -3.5037505593834632478 -0.78535305229343721489 0.0065199321370493779071 0.61901379123437794139 -0.44364474082231802887 -0.7033156470445113273 -0.55545156815239038472 0.43174057858178699343 -0.71084779742732007168 0.55524362373529423387
0.043568265750466433905 5.463327711576973833 -3.6097824358422978541 -0.90425763565058214777 -0.010784846263836314617 -0.42685104598533463172 -0.13064237863971997489 0.95872773481799222761 0.25253455089191045868 0.40651039011449840999 0.28412113188195048386 -0.8683458326882336209
-0.66962744931237594415 -4.4664672915259675534 0.79221746017208982682 0.97504346781842277103 -0.00093571831915413160481 -0.22201207241015444294 0.13569354750942691501 0.79398585461696236099 0.59259912574388484696 0.17571993918995187922 -0.60793551228680331455 0.77429769202268960981
-4.8216919196560947825 -0.3905952997774635449 -2.1988450766040181783 0.94790538673645341472 0.0052843658332421793167 -0.31850816830007977476 -0.31813746671166931446 -0.035288206403870363281 -0.94738761590126308043 -0.016245924732528782553 0.99936320623014163189 -0.031768726179172403212
-7.1809089389588161012 -2.921803810261903056 1.9837849096627451218 -0.81949764466279895192 -0.010369100115739146584 -0.57298873649914083828 0.17558258468027684862 0.94720966058975675228 -0.26826221284860740646 0.54552210436341874722 -0.32044709492865725009 -0.77441545245600951208
-2.3390451967778544962 2.5586293805358604203 1.8058389970241102152 -0.99831668705521514617 0.014086272465535605233 -0.056261614579828742033 -0.039910557614855304842 0.53700898375398919971 0.84263188804974920032 0.042082534833117898887 0.84345890729512928985 -0.53554283859137197243
-3.0595913590240511049 -2.3077540918024812555 2.2836281433695733156 0.99927975178901196074 0.01531219135520178222 0.034720519298558266685 0.011254352271580931807 -0.99339494470432487816 0.11419204609290205255 0.036239718809696730428 -0.11371904252079483022 -0.99285178256814266007
3.9036435189794245204 1.0616051055400002046 2.6805367993434470186 0.95912112958748563241 -0.0052363460371976523061 0.28294741465337347464 -0.16954749316151615512 -0.81115722641341414523 0.55971207026466618384 0.22658399400998124884 -0.58480469792694200759 -0.77888584461459897668
-4.769981951866237857 -1.5445465067592292208 -5.1761175923323969883 -0.98927847921283951216 0.010021308565070293981 -0.1456971651775139931 0.14137803966252415755 0.31581224882100217277 -0.93822964853805879137 0.036610660568706251961 -0.94876877945540516457 -0.31384305419021585326
-3.9699380422820276237 -4.8653651939833597595 -7.3942400764427178572 -0.38759281402322465215 0.0017764481623645596471 0.92182897261351781637 0.049331335162514852732 -0.99852524541157339222 0.022666134362424289472 0.9205097663190346946 0.054260284811030276564 0.38693357518257143202
-2.2571429557666644605 -2.8812652766839730312 -3.615568596751137509 -0.91451679179726974578 -0.013745123825841799176 -0.40431436913854007509 0.22162694323993170631 0.81907860438597879238 -0.5291424551738126425 0.33843837777504182096 -0.57351661824938027223 -0.74601484773484538771
-3.1488678768309030787 -2.3389124269506327281 5.6707698265901704815 -0.93124648588765079893 -0.0031600744532277440929 0.36437617437372277207 -0.35164359894200097889 0.26995910276025791852 -0.8963642463642794711 -0.095534087345548884818 -0.96286660382752908838 -0.25250968573257526195
-5.3539462736098046847 -1.4478840020310648207 -1.8084317508778444683 -0.92608308305305664376 -0.00085221034161955008628 0.37731869423671837716 0.34868781144478455669 -0.38403964240501869964 0.85494465505748518108 0.14417674373084912731 0.92331621170590894021 0.35594977141187889025
-3.3734804085092475745 -3.2640672316880001702 3.1602372958944027204 -0.82056076916114162323 -0.0090375676268131307362 -0.57148783581539164267 -0.54307194218265453234 -0.29940003549169547092 0.78449505056530566272 -0.17819340539863900985 0.95408487102507733013 0.24076787400626931124
-4.9095272419267210751 7.104805009890417189 2.7864200104077658793 0.96662472739848626091 0.00034451335716418653166 -0.25619624839621624179 -0.19771112831994758219 0.63696886878990599534 -0.7451046704529808995 0.1629323360177041824 0.77088944830176697742 0.61577797327999450605
-3.2881547498076462155 -3.9072274566011446773 -3.0890982102105106755 -0.88606839339174414683 0.0072094742861081445584 -0.46349846354949786331 -0.31010813657368158092 0.73397264885152380121 0.60424919889790729144 0.34455151409185902356 0.6791407617117276585 -0.64811424912474357996
-0.14861341512228343209 2.1274618743530528953 5.2930384267126822095 0.985458530059468929 0.007512252979772090361 0.16974996785920121178 -0.16793942942273323848 -0.10887910833078513761 0.97976613934870193656 0.025842476239529552084 -0.99402661223151234093 -0.1060342425707866687
7.3468385258341557531 -0.83421884643028154649 -2.2923013934659257629 0.99955966799981454951 0.0026064454758730872322 0.029558020061591125383 -0.022371816165752997363 -0.58819188878708128509 0.80841190231613913042 0.019492869194292487822 -0.80871719927733975997 -0.58787457815719623699
-0.43608256195215805429 -1.4240134839331550776 -6.8771821742202083882 0.6166466183623078301 0.001496453245330255262 0.78723866056610636299 0.072434085873993137028 0.9956484172551041123 -0.058630473483516798439 -0.78390066415706727287 0.093177195949404753583 0.61385483535529583587
4.7341391620449533306 2.6652818115288652301 2.8265873662090719165 -0.97202082297843306335 -0.0078501597570671908383 0.23476348670101310212 -0.19889970905622272879 -0.50416917254137116888 -0.8403882145748221566 0.12495769457535940705 -0.86356923315430311749 0.48850153952230684906
-0.66541128997952836421 -1.169097570823145027 4.0224342454160941784 0.98585006204001879304 -0.01317682635754957414 0.16711082078354108638 0.10543991077705369697 0.823739739767856749 -0.55707743298635048479 -0.13031531142243246713 0.56681497190392193808 0.81347323695036499736
-3.4117910012027117261 4.5406226878838635841 -3.0803753248326826153 0.80420564934558946835 0.014286432024331765719 0.59417941012853880967 -0.52578511306108899337 0.48324596583738171907 0.70001667936214839738 -0.27713406222266639967 -0.87536805651208127177 0.39614072902704927648
-0.31050184424028548502 5.560828633638495333 -6.2069397962659076384 -0.90490003168644805864 0.0013288976626823630848 0.42562209374618253932 -0.42341713684814824559 -0.10451518274549345677 -0.89988582875772937797 0.043288114733976160164 -0.99452240327034613365 0.095138470221611093347
-4.5018387828762334024 -1.0092906261984158078 -4.2467635639632836941 0.99854579906632745523 -0.0015385396952714725655 0.053888032648270932368 0.045843110763333895508 -0.50174743508355645893 -0.86379854166515612768 0.028367170508037033161 0.86501280006881731133 -0.50094726204924822088
-4.0997336454524706539 -1.1051535437406603268 5.6752800696432039729 0.71317992739240387845 -0.0041041103150278243628 -0.70096900605032841369 -0.60426767011283066822 0.50324670095454338004 -0.61774051254121264964 0.35529561497573663997 0.86413304198880236395 0.35642546446929584958
-4.5444351560861848682 5.3523984456535425025 -2.7485750840522715777 0.99058240527638341533 0.0068392457288237642338 0.13674693076933944202 -0.11453299235116359833 0.58866072782048384227 0.8002254314785490763 -0.0750246094295397431 -0.80835126785311961495 0.58390027893484697241
-1.2877343582670603972 -6.8001226950096222978 -4.0283471393404317595 0.82204835723952351945 -0.0020426624367158481566 -0.56941401975186223261 0.26381467839812722254 -0.88482636981709317237 0.38403660077918255755 -0.50461699715861108029 -0.46591643328661314083 -0.72683117941641328663
-2.8813497032302635148 -6.6653851743082066506 -5.4173446525880866176 0.82907142260055732841 0.0045600288256321275943 -0.55912412071392714186 0.33108273584096348241 -0.80982246374261424027 0.48432612901426957963 -0.45058273186514741226 -0.58665729634511976087 -0.67291040888804332099
0.0084585593871266406829 -1.9980735776860778508 -4.806182728328479925 0.95315720763014033512 -0.0065819078675770793102 0.30240373018770000391 0.15602675373018135008 0.86718514876332253305 -0.4729117992658060099 -0.25912736185714863035 0.49794236238059813582 0.82759072861150351219
5.3679370482509334295 -6.6898909614690280634 7.2837730411935259767 0.9678246929703072654 -0.002934394315262304001 -0.25160833254661557623 -0.23036901879305293761 0.39190393736066564401 -0.89069715339253574538 0.10121995286135807013 0.92000146370061286483 0.37861831431080911203
-0.031205021808576271364 -2.388845122633237672 -6.1612152439278826677 0.70377548166839554167 0.0049668771248917997774 0.71040509678203234145 0.55866985794278267718 0.61384455017736228033 -0.55774802379183030521 -0.43884856297874119679 0.78941129859481085074 0.4292338994328444568
0.20206610392317314595 -4.6281953132166524512 5.1964187535031030052 0.96598396075642400938 -0.0088218003022384004069 -0.25845147204213841929 -0.088613149452492823155 0.92762009508393417079 -0.36286177663209423505 0.24294587320103089301 0.3734208551164889256 0.89528440601776482222
2.207238816036170892 -7.167657594488011874 -3.8025709886720262531 -0.96510927960503156697 -0.00037748171028197802235 0.26184716138974695188 -0.12566583135984360498 -0.87664360285659204131 -0.46443954654979768826 0.22972195639279988089 -0.48114015741605353771 0.84600943947030771142
3.3575177014552033405 0.73146720447106150509 -6.7479335436953018501 -0.99929880861764275313 0.013777853628451129306 0.034814678581227394283 -0.0091015386120652241875 0.81255568809899625382 -0.58281250478393897829 -0.036318770494209395849 -0.58272070881949711296 -0.81186053138611979918
5.2788328742522656611 -2.8916200702559851088 -6.5248573417792430362 -0.65878574982355198042 0.0019769508066722930872 0.75232800525764942368 -0.69366287963805250971 0.38554788118618077419 -0.60842800784092332389 -0.29126130062497868067 -0.92268571191840009771 -0.25262211261059552836
0.28270632698386544135 -5.2817213118330910149 -5.3152695857943559332 0.89019968925535075677 -0.0031927508162056805752 0.45555934804587522313 0.4555630225158634472 0.01198171457161523526 -0.89012289658901810885 -0.0026164414740265347706 0.99992311947380962955 0.012120617800323330374
6.7980348957534628695 -0.29970942413653717251 -6.5978464367361890908 0.89050702582890417514 -0.00052596676209878425162 -0.45496918610870307198 0.44603191139426034972 -0.1962285356078856402 0.87324102963111926989 -0.089737232893658230859 -0.98055804783402522595 -0.17450829166673528792
-2.3842399880120495048 2.1911811016924658269 -1.2748005122464165506 0.94488000842126451673 0.0081830240633185922366 -0.32731453955324912863 0.2734053688224019063 0.53030144761407571607 0.80251472195685047417 0.18014237143115191531 -0.84776966964831357298 0.49883395357529924929
-2.6664732805227195911 -1.3945373275194619112 3.0570809235541385185 -0.99506974973684425567 -0.0014035163212827825481 -0.099167652490639149332 -0.094154137378800781266 0.3275607478000516215 0.94012709508615621701 0.03116394668537001561 0.94482907800436288781 -0.32607793820559038966
3.6596897550406053412 -0.83561689843834319191 -3.2005335999801967084 0.9975800724952049725 0.014014246002098768376 -0.068099925620073206711 0.067015832246104439784 -0.45467657299945518634 0.8881317988867420965 -0.018516943290519619764 -0.89054635751000987831 -0.45451546501381628884
3.6685443965537900546 7.292230494471522384 -7.4537599597053398881 -0.99420663900085393117 -0.0047080553839320502668 0.10738246216831554003 -0.076199361716498673069 -0.67373359387641484908 -0.73503517042139487891 0.075807758447407072588 -0.7389593214087653017 0.66947166113458800307
2.6488449542591241403 2.3335568045828765094 2.4667129916987047267 -0.9844495418801416653 0.0056665991466036940566 0.1755761633766107499 -0.0082677886689842793044 -0.99986658824708063431 -0.014087206168748528726 0.17547291290245617401 -0.015319770273307695835 0.98436505498536763792
5.0659875891724146513 4.0155106144262981971 -1.0271522617290869128 -0.94286842463856945784 0.0059026762012740000007 -0.33311303221751453751 -0.30646832122144096466 0.37679891912362950546 0.87412798984752981823 0.13067632496810865916 0.92627627248076915834 -0.35346282001355361357
3.2115985920106213669 0.11552659274379163679 -1.7483032131880476001 0.72262705551624506484 -0.010093250406887042947 -0.69116442684216838899 -0.39536110320165362975 0.81415841699700386425 -0.42524777495964544149 0.56700946792014728093 0.58055507777405834791 0.58434242098265587462
-6.232170180687242933 -2.2717816206668310919 -5.5000152421244576928 0.45447566709119269213 -0.0040313284337082887221 -0.89075003026283128271 0.73397819081291471033 -0.5649011861357627895 0.37704464631324874357 -0.50470573944934526978 -0.82514871283512847278 -0.25377493625928182475
-1.4139142342652599726 -6.2525553121487487118 -6.9246105690185730808 0.9389751436315720845 0.0034418217655892428992 -0.34396777974823522506 -0.30533938961073175955 0.46882908042088244915 -0.82883481496850863746 0.15840939616757249153 0.88328220134604307212 0.44126977688393775878
-5.8298352529379720011 -5.2451614247368594235 -7.4489905599678341019 -0.98228274490228018045 -0.002533974916162510041 0.18738780119944475899 0.14302152929583153429 0.63600427061395770068 0.75831616751758224027 -0.12110099597086673717 0.7716813764319702118 -0.62437360774054517787
0.99702512663486964062 -4.4059801790447608028 -2.3309208594425787631 0.8034858077042640323 0.0071270602858503236121 0.59528124599183152021 0.5712240676502310377 -0.29085649716990608082 -0.76753212479414634206 0.16767117031535033744 0.95674014396063566945 -0.2377702159214969968
-0.45369445986529371995 -3.4061097810782938744 -6.0746317368842648321 0.94298266376118300425 0.0041963654559067017913 0.33281539381896996233 -0.3327894597322567094 -0.0058533786994177990776 0.94298298682904424517 0.0059051957685229946107 -0.9999740639010162857 -0.0041231284450999675095
-3.1940963223293388218 2.1675424497467101759 -5.1232432566219490155 0.96520416643988093952 0.0023506394750321367437 -0.26148688605950587416 -0.10727834739028234423 0.91549738962990567792 -0.38775750896936561629 0.23847908350263466448 0.40231704422628883355 0.88389406755383415071
0.52611193342956541485 -4.3226417213244872073 3.5937605102738539031 0.78117062175953511094 -0.0095962931031870740001 0.62424383926343751661 -0.55221042730216118866 -0.4771009253161400121 0.68369463288909160248 0.29126637924521825429 -0.87879611868804996533 -0.37799639958630254499
-6.2394406186593638353 5.6122794996321037075 -0.54834277213264503992 -0.99971365750061791378 0.011856161940852745149 -0.020785437946087503835 -0.023818369807801643978 -0.57651157426030619213 0.81674175233274337593 -0.0022996230724257986366 0.81700295970566183534 0.57662888894484654045
1.7203924041486460261 3.5016000421414670285 0.030803164769277805585 -0.99980672368367662362 0.00081226501644320308476 0.019643204995855631512 -0.017615364994685432654 0.40666194703990443671 -0.91340886778363328258 -0.0087300740587594686387 -0.9135783497080580684 -0.40656904057204945602
-1.1568546291287173933 -4.7472744559869859415 -4.9241887124309764445 -0.57150440256610368639 -0.0089342521724093265645 -0.82055036224826594093 0.81649616527188029202 0.093675918796478324646 -0.56970065326812646678 0.081955658401462114226 -0.99556265567554358409 -0.046241417368246676145
5.4836981389187444691 5.7457674600842842949 -0.81928452221514103115 -0.76954696680882117565 -0.0013646371619714624257 -0.63858875940683601513 0.14745441761603103603 0.97259408059410146219 -0.17977193640471963998 0.62133297079816229846 -0.23250568199209453724 -0.74825560287947734395
3.2179500989751179674 -2.4886919317721978295 3.1642339081683399371 -0.90264840286193559482 -0.0042404067284145703642 0.43035785081908334293 -0.15555066094247660402 -0.92914063025493187631 -0.33541270263649675121 0.40128525102619000409 -0.36970218847106778304 0.83802770786447722262
2.2226883725366732847 -1.5147829592769981311 -3.7139084491783433961 0.83344037182353603033 -0.00078436674284144188712 -0.55260884121000897196 0.23175606119044783737 0.90830370528996295931 0.34824345946179091627 0.50166350745904775277 -0.4183106067567931019 0.75719875961242566476
0.90508148017414824515 -3.1994559444281200911 6.5828374792862343057 -0.9714712964591675215 -0.011888986481555828892 0.23685897102785344326 -0.12066466155822234974 -0.83502563634005111393 -0.53681675281779828168 0.2041655201226843519 -0.5500825743970041426 0.80976885698189671192
2.6208680904628147701 2.6344430668787786054 -7.4450100793964599788 0.98201003652875618055 -0.0092491431468918489794 0.18860207185437682931 0.18021391261897237723 -0.25233788029668718922 -0.95070949288727035764 0.056384695222169892159 0.96759498113547048881 -0.24613150677285683399
5.0460524252862386518 -3.5917611362527051 -1.6749479223691119412 -0.79929480392685703372 0.0079973036981233498049 0.60088589561498928493 0.59305127905194343629 0.17197427908792634055 0.78658440599027346085 -0.097046364333590290352 0.98506897751664079799 -0.14220095887118605615
3.7922141564123439395 5.4703550182819569159 -2.3547034491779164078 -0.99917714286520287192 -0.0069844146494278582654 0.039953161673574107138 -0.0404045267907795283 0.25731324819438750051 -0.96548297059996690539 -0.0035371444022292840466 -0.96630280464028939225 -0.25738371812106497494
5.3392440919928914056 4.8771979310869921775 6.9730751920363704954 0.98728898949152887887 -0.00025625458247001235701 0.15893516150420830546 0.034451605753173901447 0.97656762376901717904 -0.21243531501877815915 -0.15515649548057308671 0.21521061902162269552 0.96416329082290108676
-4.0501562233236336752 -5.0974683298529424036 4.8117136106605746804 0.92491221892211983313 0.0019876718476762138266 -0.380175533732950377 0.35569329347546835285 -0.3576076372880216403 0.86348078075297995948 -0.13423735793412036599 -0.93386981261523061004 -0.33146267485343378079
7.0204382657187540673 -3.9510118341617874727 -0.21513692533474157442 0.98837277760921726788 0.00099911639405499694591 -0.15204688174182473537 -0.031179452103198123519 -0.97739643435948364569 -0.20910296953414977961 -0.1488189982748372997 0.21141242127160062014 -0.96600087675149692856
-3.3274822935915935318 6.6373535058378134721 5.0452692123819913306 -0.89233282524390133972 0.00082933221641780978731 -0.45137727147061018629 -0.44646461955212224382 0.14552506961278130482 0.88288832680153961352 0.066418916585315734835 0.98935421681133906002 -0.12948652901883400679
-2.5586307992273633616 -2.7434167832565949929 1.3824774730220645846 0.87443522770399673139 -0.0054480679339340863307 0.48511168931071430022 0.4666275503755850651 0.28305260375140883777 -0.83793791699623054736 -0.13274698407343993312 0.95908891249202388174 0.2500533866079397427
-5.2688859911132848168 -6.2401993206498165279 6.701896935724198201 0.9971937755328299513 0.0014787545930683692469 0.074849097011059670392 0.063232609675648976388 -0.55187290713341841109 -0.83152746884615791334 0.040077563699993143387 0.83392691985379407971 -0.55041773339073374327
4.8961020427489660989 0.10208890071337156646 -6.0440069178458797339 -0.62431203319367434279 -0.0074903677866146895631 0.78113915508064291071 0.75847194793053906992 0.2335110182166770243 0.60843480223761203796 -0.18696199991476111779 0.97232530500948199936 -0.14010250471019575214
3.5819630898639203131 -3.4146345500326096278 3.9817983548537725369 -0.89708202951029936134 0.011066437178949801307 -0.44172544221244536278 0.40375188989246824089 -0.38562705650593070983 -0.82962412253908313087 -0.17952226529840464853 -0.92258837368505575149 0.34147100755911147241
-5.1542483286463749437 -2.2234166129832853009 5.6169254525461465022 0.9111482852383354647 0.0063886602262332760349 -0.41202910980642193373 0.20186327090627462222 -0.87861285931802779459 0.4327709131861523506 -0.35924924796916574143 -0.4774920192646839312 -0.80183623600592501823
-4.1610593415491328173 -3.5369467866830328617 -5.6286897919444651706 -0.97655592179472194836 -0.0059155374865164905146 -0.21518256905203295148 0.20084863645314124381 -0.38468980546183334512 -0.90092928624202484045 -0.077449059661955865774 -0.92302695518057642499 0.3768592352158511849
-1.8574304001311254808 5.5021121711768383733 -1.5291324686695122459 0.73935706677197754466 -0.00037589912047623994656 0.67331343853671676847 0.37133345433568154537 -0.83394610202521768372 -0.40822220004334042187 0.56166056787493678915 0.55184577339773521754 -0.61644435992044421813
-4.6061658029039413975 -3.6793516954738247904 7.3044073868137999739 0.91308909094112000737 -0.0037608073820083040215 -0.40774277226256205875 0.23310918626506266227 0.82525469187427780149 0.51440723247083408598 0.33455704937025160239 -0.56474821811788733505 0.75440773514684611456
-2.6786706984476724713 -1.8685067037561771119 4.5542084963377433837 -0.99647500471127992139 0.0015885367903632832687 0.083875154464443837932 0.078137505901576934098 -0.34629041290254525265 0.93486762704846382288 0.030530233491462895057 0.93812601844463050504 0.34494561652573818566
-4.1795731298928213704 4.5085091689109288993 4.0306554991643759323 0.072650047354536922972 0.0031055815157023970718 -0.9973526587836630819 -0.97352889819328780607 -0.21706284185754434746 -0.071590551521943324165 -0.21671053274319959647 0.97615269197401577372 -0.012746252388693807625
-0.20863189352910391228 -3.3349660825052049873 -7.1632992801649919556 0.90518653086366318572 0.012193423321514542529 0.42483957533477251234 -0.044949252012317267302 -0.9912359437389812733 0.12422104726442016742 0.42263093720937516817 -0.13153943997007291888 -0.89670533992274170654
0.74180292348120968615 -0.23196252043382761809 -3.1905823378570357107 -0.99531519489555964064 6.709510094526222046e-06 -0.096683311719252013061 -0.095078995820573095066 0.18134786220834556159 0.97881200310692817457 0.017539879240600287497 0.98341901182929880587 -0.18049764488430597442
6.2151207750553334463 1.0641194183896127701 -1.422526123772444917 0.94771382553423466621 -0.0036466767992788477054 -0.31910062149669726761 -0.28047771763120238342 -0.48648246929102806346 -0.82744610518442041069 -0.15221942978368027677 0.87368272777988387201 -0.46206897361275400815
-3.9330845644026455332 5.3644692725667582067 -1.2033738993638714021 -0.98844515509742114645 -0.0080606997514302940189 -0.15136446242121798234 -0.086273270667053925109 0.85097803062218035919 0.51806690124607890358 0.12463185039532544141 0.52513942578878269885 -0.8418405343942350072
6.0944788288705762369 5.7792969740514621435 5.6303464335607742441 -0.9879188131415355123 -0.0035317074822911326271 0.15493206796230019062 -0.14052241567593828919 -0.40112681138677996895 -0.90517994447467098329 0.065344237186048093058 -0.91601572488081373091 0.39578443935767670947
4.8009926924910963919 -4.0136584019910790389 -6.0541170746710628592 -0.99856480127397473368 -0.0028433137667031559148 0.053481335281713934804 0.044677236883011998969 -0.59490537302726298474 0.80255313945418049748 0.029534423325817276557 0.80379071449612149447 0.59417859699641251137
2.8367992654603719771 0.4635156281426013325 4.8884507905072158707 0.99661787818555691576 0.0090385020526120140455 0.081676865522345473702 -0.081062446866860246586 0.27116598944930070392 0.9591130725175729399 -0.013479042579884623065 -0.96249016184415414621 0.27098155613337476799
-5.9170546541767379267 3.860922535316412052 -3.3320764450419608771 -0.95795937881686787918 -0.010203205166371485946 0.28672237990965981913 -0.28414636882116101058 -0.10448340165147518288 -0.9530708577356620248 0.039682107082104192686 -0.99447428995602571433 0.097191650844313429158
5.0679727273075343419 5.9963548348967821155 -5.3546489863139754561 -0.72877805929800110185 0.0024406477038681280607 -0.68474563417719913616 -0.42912795786979129886 -0.7808892546707534299 0.45393960800344224094 -0.53360260124968861284 0.62466472221398527953 0.57014230571057522567
-2.3038354974267076791 6.0439988731963936175 -5.9592443460888961937 0.86087041367059602415 -0.00026317649013473526365 -0.5088241951841201427 -0.060673341465503863312 -0.99291815357044532764 -0.10213856248071542798 -0.50519389990583585259 0.11880013067477393496 -0.85478982940237135946
-0.81434979880683100451 3.1687831517094888767 -6.7417361636269825809 0.96740464362830591583 -0.0060024247561940363357 -0.25316442558829110876 -0.25235225346469164487 -0.1062780836137714735 -0.96178132083884770864 -0.021132809980461238902 0.99431832922888707671 -0.104328637017403969
4.7929875168426656629 -5.5793286841692006917 -4.4910313545957638581 -0.97912651836628639135 -0.0043072162823581663579 -0.20320607500747672747 0.020639332892258652197 -0.99671446411199882132 -0.078321740070612294593 -0.20220108548127202486 -0.08088093049557619485 0.97599846112187382818
5.181109608406353928 7.0915583984802958994 -2.8434476637682499778 0.95515307900711876599 3.091673755124964805e-05 -0.29611246969254673145 0.28314917925760230144 0.2925477741676372756 0.913368678089712005 0.086655282291480853485 -0.9562509079073515661 0.27941915320394400402
-4.2760676488530746653 1.1663723894146582616 -0.92095652356309953834 0.95330509737387447711 0.0075196245067362674566 -0.30191529700900859856 -0.23403182835975355758 -0.61347368425513071344 -0.7542407719295999291 -0.19088869698173246969 0.78967936149660211687 -0.58306775883329364785
7.1998067238550103042 -2.8714083356258082169 -0.42946519848424868915 0.89200750050427890514 0.014372314120722245318 -0.45179204910100212444 -0.18606460808980873622 0.92256550734371645106 -0.33801308595382284494 0.41194973074454399597 0.38557271849345253756 0.82560953125138225595
-5.274772109452795732 -5.7342924017697374239 -4.905757113435123884 0.95959696619430323583 -0.0099946787158843516941 -0.28120058475756720684 0.0041931814105150861521 0.99976592391489538247 -0.021225329405200270283 0.28134690277360568933 0.019188636639071905005 0.95941425699411875261
-1.6776391503340770672 5.9301371936475577584 -3.1771139562368770903 -0.98469908205899170373 -0.0083014739001195693435 0.17406551445756573981 -0.0042145695275273842295 0.99970700746756846478 0.023835616711092525583 -0.17421238531169305763 0.022737298682712146769 -0.98444555972014458067
-2.2433103526217461621 -6.3176614016049184031 -2.763815675415833617 0.97474558005957201434 0.0032790386126429022992 -0.22329420516482625936 0.16357446129180483463 -0.69120686953926990803 0.70390088728086297465 -0.15203437034935118888 -0.72264950799647809099 -0.67428720796478036625
-1.4915029927896608086 -6.2533115770306784142 6.9743702985767273006 0.9717264730330525957 0.0021423806665266712478 -0.23609970735239096951 -0.21480113084155147418 -0.40711264572469124667 -0.88776109842702843888 -0.098021098728834882285 0.91337544520098157275 -0.39514194956727038965
4.6473486423130951906 -1.0697641119328318293 0.86783751654262208941 0.97836656718790315779 0.0010760599070858572514 -0.20687605541521603136 0.19252826743799217324 -0.37068503322454754434 0.90858432320877624555 -0.075708166312537183984 -0.92875801382194556055 -0.3628730154133841812
4.0882441774694164849 -2.1933387839487412663 7.0232831653791061299 -0.77724813751378352134 0.0005133118091332801447 -0.62919398379378188579 0.34550823898070515128 -0.83538968711252326038 -0.42749049985062387291 -0.5258416011764017739 -0.54965790013154125493 0.6491277249471608668
3.551087272649546378 7.1993588070395775347 2.2638341923762124175 -0.9664290517961275917 0.010535125011145639318 0.25671754709292526897 -0.20421716435208420171 0.57483256187594933273 -0.79237798782592150371 -0.15591740643176515979 -0.8182032369455023435 -0.55338343435947001669
-0.73264712057363479136 6.9002022145168435685 0.30200374059110490776 0.7178442125577376709 0.0074612246067736172697 0.6961637857751397096 0.49135201608744349944 -0.71384090316759207795 -0.49900336797631611452 0.49322700938227898027 0.70026815941629771967 -0.51609264877882010669
-6.0601274360498118554 -5.5452952509511241885 -1.7096839598233346535 0.93594415797029251181 0.0045592745886070332184 0.35211893754326195616 -0.19506471591929480658 -0.825782795225577404 0.52918100089939157371 0.29318644198652554778 -0.56396984682230122399 -0.7719972293413358555
