1125 14.717824617146108679 14.977075390850430381 15.033177056927090831
-6.2009711585285751667 7.445314939142061661 1.4418141448835577467 0.89980271840273007289 -0.0045499570963865821824 -0.43627326968932650386 -0.053088877549422180957 -0.99365714354126821739 -0.099131489295855954036 -0.43305500693970383486 0.11236004174028696445 -0.89433695103384980296
-3.8406314465959137117 5.0705283184483143089 -3.7428228328555390725 -0.62892338829184857296 -0.0012147743811612684087 -0.77746633109265972372 0.48746299239482276944 -0.77964374095053057268 -0.39310999509314270561 -0.60566921888516778161 -0.62622213432608875294 0.49092834077408936677
0.61904936129955412394 -7.202825832203406442 6.9387534174061338277 0.91659062775167332582 -0.0021600674395304561917 0.3998211540505582362 0.021917234912395635454 0.99875330383792559896 -0.044849446892593430869 -0.39922582072236345585 0.04987155683785261806 0.91549526043947371257
-1.404199271929267967 2.0757909036211663611 5.501967958580819662 0.053913248394172698374 -0.0048025418649415120911 0.99853407415032557903 -0.90982449020842315335 -0.41230712230215121883 0.047140576108691094326 0.41147631604318662957 -0.91103225655879949141 -0.026598286503331357994
-6.1416707872536600021 0.23847645892423588454 0.49116247426375492235 0.97135048570158577519 0.0077992997644239338631 -0.23752348273500092923 0.13510388776673981637 -0.84036549355820067131 0.52491216098225923492 -0.19551259150678437782 -0.54196402847418989612 -0.81734314605456770408
2.6396362777060242699 5.903790238363542997 -4.2478650276813709752 0.95579133708026153826 0.011793095820786626132 -0.29380919463717980467 -0.25108250083741440184 0.55276853351835952832 -0.79460966903583007959 0.1530375696867622981 0.83325138538316456671 0.53129241573869379067
-3.1421314566201181684 -4.2051151939297852778 -0.53176938335589063467 0.61451951873590526798 -0.0046875681477713754611 -0.78888769023066107611 -0.44160752193136687538 0.82658594781219341119 -0.3489104003223860162 0.65371902042568819091 0.56279098925296733302 0.50588313348979530026
-0.88836691422067226576 -3.945321235520980796 -5.901406354235098739 -0.99718556697365956509 -0.0063761334238983365455 0.074701338288473057014 0.054001315854119748272 -0.75225727643702278158 0.65665276054672383488 0.052007719672674916633 0.65883862589412856003 0.75048441830878220848
-4.8128206905269701465 7.1070940258813113388 -1.3656876142343992164 0.99968063781705474025 0.0091165355665791172196 -0.023569284099660327975 -0.023543812832435787735 -0.0028912809674957549305 -0.9997186250999450241 -0.0091821158248097979604 0.99995426359088435131 -0.0026757195946381069976
-6.7013154073211591566 3.094322235216638628 -1.585286007323004398 -0.93228923329462765057 -0.0012871943104752875918 -0.36171138855953277602 0.35716424678171293516 -0.16137832509051658336 -0.91999496575354067218 -0.057188165766369987442 -0.98689177690455809344 0.15091101475537677112
-4.9369273537185209833 -6.9939813839764299885 -4.7587998818646077837 -0.95066546787733829937 -0.001542526647427116919 0.31021410154462031317 0.1401752686270767434 -0.89421350588793435676 0.4251271573929483738 0.2767418693492764703 0.44763805300623105143 0.85031412504433512289
7.3239708904710809634 7.272573099660649909 -0.0084064673257095347964 0.79944242344655724875 -0.010265619947809147272 -0.60065499968027658007 0.57024094657708868095 -0.30157990826743230617 0.76411702099624601026 -0.18898961463719160525 -0.95338563864592607011 -0.2352418958918546521
0.86207611523315830215 3.8706320759909118578 1.2249638599568783981 0.791214905664517687 -0.0088723298186861709186 -0.61147383821214051913 0.31828036243670992933 0.85977139443714667433 0.3993629429415859744 0.52218443479430698417 -0.51060202807214205567 0.68308783109296211666
-5.0513077769659346927 4.1924658721830345698 -7.0350350964293051348 0.96525054368925622406 0.011818480233274353958 0.26105882753262843465 -0.24249839242039630816 -0.33180800234849661123 0.91164575315806140043 0.097395675372487236499 -0.94327290489154780317 -0.317411892209951918
-4.0612497395156426094 -2.8422173240077994727 -6.7355042203890231889 0.76946721153307506835 -9.8651834530913071197e-05 -0.63868630848271612521 0.63460392433798373801 -0.11276617716347270282 0.76456631399945818028 -0.072097639283810383004 -0.9936215474493818034 -0.086707271055854434616
0.19950487720045950724 5.6607382946654114519 6.3946493329224569635 0.95381119749912202099 -0.0075448189059180272367 0.30031196318654129751 -0.10053512275898357498 -0.95005746060955142962 0.29543782870834334187 0.28308459622008080858 -0.31198380927175273225 -0.9069339634918345272
-2.5011724694615304898 -0.10682194773023492851 -6.0783141715239024094 -0.98868735033047183691 -0.0035635728632975056246 0.1499487387241325298 0.014120375243453862218 0.99306644935534182927 0.11670322261078788784 -0.14932494198724197143 0.11750033239617826974 -0.9817819175292203937
-2.634921387184716135 -3.8545655188685352677 6.0744826042202646477 -0.72783961464053115176 0.0090502913867000212012 -0.68568767495539550971 -0.62662507468544792477 0.39738718841216308375 0.67039125759628415135 0.27855073350376841068 0.91760640511704627542 -0.2835629985609220971
5.2914356413694987324 -5.1958568993668166058 -3.6016644093296732443 -0.8321645358029405859 0.0056552143922546614652 0.5544999584327520159 0.54128008286047246678 0.22555774984196882982 0.81002442764698401323 -0.12049090111025453909 0.97421338526858403117 -0.19076221510886695598
-3.6221401686086269756 6.5019191801059523783 -2.2770026660815836372 0.9766241475835354402 -0.0034553635941916311519 -0.21492634742875785236 0.16614077254182982313 -0.62229632850573046721 0.76494739899377861558 -0.13639104829812537245 -0.78277413089010705605 -0.60717554459452749427
5.3135534904636188003 -3.5479084885621157142 6.8944073384283983685 -0.82492889845170047636 -0.003931396001961199628 0.56522283802477035763 0.20825619314839652341 0.92751474511600073836 0.31039612692130214011 -0.52547280663666906531 0.37376589159243078786 -0.7643149794210977177
4.2378803703294556371 6.7347084773528909096 -4.6931081362619719854 -0.98792967078811455561 0.0073438173188558435178 0.15472890461498314818 -0.14218753691341132206 -0.43932798212793294779 -0.88700260905249539434 0.061462752319154115299 -0.89829671738607463904 0.43506934804777597225
0.81052667946671608235 -2.5532341607835213892 -4.5173025385777343388 0.99177278167256754937 -0.0010959054319177319314 0.12800604878221033545 -0.090183474750366088291 0.70369706098157169816 0.7047534230125542809 -0.090849823420364086979 -0.71049929300260805665 0.69780875906460981817
-5.7747420174342494192 5.6558359126635746605 -4.8119931329599818781 -0.8433261288028953695 0.013464837385651996782 -0.53723341168675542434 0.014267620231888811927 -0.99877269827843484507 -0.047429233459190561772 -0.53721269111155578457 -0.047663354139079960881 0.84209900200685749994
6.281133015553909793 -3.7682074551483739633 -1.6793499484258207488 -0.99876002006833752844 0.0021035753504475883727 0.049739293157292099878 -0.015156221091854348015 0.93883246973289802284 -0.34404052484762687181 -0.047420578605288449259 -0.34436778122527672563 -0.93763645405818440981
1.1204395301361507187 4.4496271991423492764 3.4223079957595907707 -0.97613320873429421098 -0.010588004525134342079 0.21691439086913497092 -0.19108027300240218449 0.51655099668335335839 -0.83466364308910889758 -0.10320992236841962375 -0.85619096116787252182 -0.50624574066266592176
-4.6190305980495107718 -6.3575305955109895351 3.0308646940162322636 0.92424631235762255699 0.0040788368650682554906 0.38177495620239121354 -0.38014622310550155726 -0.083047131252512548794 0.9211905465480292321 0.035462700857677366406 -0.99653727330219243896 -0.075205450383101252188
1.5990275522260168906 -7.2142254858399406103 -5.8453601226881195529 -0.99267400316845288977 0.0011060425612510905308 -0.12081845928182279037 0.053020777774036242924 -0.89454560307302544153 -0.44382086605621662301 -0.10856850628805775338 -0.44697532447834226188 0.88793352158253724404
3.954572723574647064 4.2432449095409907613 -6.6151347642298645724 -0.43328623606941962798 0.009143124984262628735 -0.90120998712756539284 0.89807589080147054439 -0.079552545329554483211 -0.4325865079873383312 -0.07564874086149341037 -0.99678874180898080493 0.026257802820653347586
-7.1889359669225774141 6.5308295653854768759 -1.613556436292256091 -0.98200164546113100084 -0.0028886126319517171218 0.18885026933691959061 -0.085228370928455893241 0.89907113484991652008 -0.4294266168606990508 -0.16854937881957385293 -0.43779304516701333938 -0.88313552555819940793
1.8971022017453922359 6.0293022875896564727 -1.5482091616080402297 0.94997564186174354717 -0.009491151124943192699 -0.31217975257788665999 0.30474807912209928018 -0.19064791706254663461 0.93315699643258842588 -0.068373153654482085595 -0.98161259658274602202 -0.17821846730713719609
-2.9842492856152538216 -6.9059747436696152789 0.45358973739418667614 0.86664511959910306427 -0.006563429130084100574 -0.49888190794344977608 -0.49446246403855781404 -0.14473739451167538794 -0.85706356723813081899 -0.066581591541154117042 0.98944833519901687069 -0.1286813259172411017
5.4103406410711318841 -7.3557074917009002135 7.3242751447853207125 0.59503466149516259787 0.012581961412981068626 -0.80360154670484629236 0.41171128438334958499 -0.86349125387576319834 0.29133601355049876247 -0.69023732870000853445 -0.50420685113068752781 -0.51898736144733903508
5.7190302523404419333 -2.8275457294822774479 -0.72724135684670065949 0.9754101485147472772 0.013718636167571119505 0.21997009159489339103 0.21685254350907329224 -0.2380244083237511854 -0.94674144063509846347 0.039370249532008065596 0.97116228307317498114 -0.23514634461962732881
3.398339559936192078 -1.204456306610457661 -2.9416274137634217389 0.88842212899815620197 0.0040532181274616392586 -0.45900946845274814834 -0.085183971139037722997 -0.98113601348411549896 -0.17353908523872810243 -0.45105411179526444521 0.19327621288539961752 -0.87131767672034909911
-4.0450755800680768814 5.7427894110341153322 -6.29747576694371336 -0.9850608633529837066 -0.0059257964233371696744 -0.17210456248107705579 0.16294305175335682678 -0.35544362318873656825 -0.92038545871808397081 -0.055719452396204280364 -0.9346789372137930263 0.35109916968494631062
1.291349667099600973 -3.9843565625308441369 -4.5207210757681481894 0.55019149204497874717 0.0019638094196129819019 -0.83503620612155837755 -0.83503008692323477113 0.0057868605108102435033 -0.55017385086735404176 0.003751801455586816457 0.99998132767461522796 0.0048237213690593260668
-0.25596869782271880478 7.2049862242415203539 -6.342204418148861933 -0.99187188540250847968 0.0075651066498308213587 0.12701547980222305245 -0.079572677636293664971 0.74206707043290442982 -0.66558594633071077595 -0.09928923366508171644 -0.67028294931361509512 -0.73543348845265799074
-2.7435245922411044539 7.2470953326870857225 -5.3095082048350121795 -0.8473662790423136526 0.0037686963483950738397 -0.5309954670897146789 0.28268944454357786134 -0.84329326380627656068 -0.45710299623028199933 -0.44950758290113401738 -0.53744047870135114309 0.7135129044155307243
-6.1714467629243801028 0.095476113593151390457 -1.5345477441930872597 -0.71764312840689192807 -0.011548938298771521324 0.6963152750548559089 -0.07780063342994025799 0.99493300216971325423 -0.06368188621134547589 -0.69205158889238438391 -0.099874637509786728939 -0.71490534694737828403
-2.5974161700915541218 -0.72591711769040545565 6.2942983372985459312 0.86029822608750405877 0.0049004019432690682986 0.50976754334846396954 0.025418612967960274585 0.99829769736929363511 -0.052493823844332501705 -0.50915700555474363576 0.058117927421820966827 0.85870917673369473455
-5.1677958163673789471 -5.9198626524800630477 -3.0524959395396740192 0.99568727464591089138 0.0081989808619250658522 0.092410106703849914656 -0.04055314695629261279 0.93434786125582103278 0.35404733643765090578 -0.083440358221533714178 -0.35626794815069878775 0.93065077002085605518
3.9564401082748692495 -2.0618653231647932067 -0.45039328614567858411 -0.88834572451671522941 0.0035680367306634283228 0.45916134729179752805 -0.37712522995379926805 0.56479536920557082968 -0.7340182231090413012 -0.26195120664960747092 -0.82522327889966518022 -0.50038795478810560446
4.1831822811945009732 3.6179301562549008864 3.1303407892949199898 -0.39848849255925866686 -0.0075894366887235102659 -0.91714193108190100734 0.18607560638141384945 -0.97983917844239087902 -0.072739625371107841101 -0.89809954348478882036 -0.19964364462732869798 0.3918668462019466725
3.8430153307946253172 -5.2069803478875442693 1.2657586013849668749 0.99861252353566665185 -0.0010364195921441915482 0.052649346359853209376 -0.04540113698355852101 -0.52347720739646852461 0.85082921323666249602 0.026678916737512960861 -0.85203904791431894772 -0.52279794971954607341
-2.8709275381037380193 -2.3481854630294987096 -4.1604373047396956409 0.69365877227288708085 0.0067684198546335803959 0.72027195984687431007 -0.57421484429665980986 0.60890546761574504409 0.54727638730080974128 -0.43487333815522810632 -0.79321391818370012849 0.42625914624959260202
1.6516432372223410763 -3.4404356832261475674 0.71204245205432892263 -0.2025624616355117813 -0.011045829895721330505 0.97920704591930296523 -0.92776221129872438187 -0.31785955444902053157 -0.19550596648585397141 0.31340984097866880775 -0.94807346407724302217 0.054138510233864074739
-1.2557059335455009741 4.5694120025731281842 -1.8339009358536435546 -0.97229744641986848297 -0.0015701889635770863163 -0.23374175962379353799 -0.012476977494196220611 0.99890047437846629652 0.045190345417993306454 0.23341379718867477644 0.046854848127012786729 -0.97124797167815601906
-3.9014280621379473502 -2.2110256747635732566 0.6086987127468883596 0.79514356049003187543 -0.00061544323795702238211 -0.6064209259588840828 -0.60535212674557992152 0.058548119435655847365 -0.79380156232851917242 0.035993344605101125488 0.99828439782467692787 0.046181600275048584336
6.2345091704034025781 0.34974960469636345861 3.5288231711528301737 0.99391979877077940575 -0.0020950509218482541926 0.11008653129763522338 0.10177835077608618497 0.3989262685857179469 -0.91131717834441117176 -0.04200715325749977691 0.91698061211446757479 0.39671394742473004014
2.8539172571723527838 -4.2760843705112208113 6.5480567139084007167 -0.59122496960207360228 0.0083899217578910778581 -0.80646304598024387555 0.6504190229674414736 0.59621057117260045644 -0.4706251686683968205 0.4768732849310995392 -0.8027842574658464736 -0.3579515415304925785
-3.3624447358307159028 -4.2351623754478708861 -6.2931974518821176545 -0.65680072629244423688 -0.00010190814154109801605 -0.75406418530298358061 -0.48122960756478827538 -0.76982952440752361323 0.41926193263122263355 -0.58054359934886434758 0.63824955383087944583 0.50557554953720562629
-4.6001201383278207402 -4.9024038207974696135 -4.4780760819356295599 -0.94915380003725180469 -0.00032161706724271633961 -0.31481257985884336659 0.17651520158238290237 0.82747555718616605525 -0.53303525762357573115 0.26067114816418446299 -0.56150164632164722978 -0.78534479923971511894
-4.578608279806878123 -1.4126929032201156478 1.6496986122952406184 -0.98991906513246097354 0.0013989304466111868869 0.14162728367347576786 -0.13591145108969934774 0.27198897722638304408 -0.95265422569274116338 -0.039853757035213245585 -0.96229935013017287027 -0.26905694339539137916
-3.1567272416904788024 -1.3610915499039928367 -0.41018470333907891545 -0.89883018981865892005 0.005544669507899139746 0.43826196105833420402 -0.30074782929965709899 0.71957743813114793952 -0.62590658544567867594 -0.31883386432774685204 -0.69439006845773099119 -0.64511037798587733683
-0.05539293675440740139 -1.0346638921124087229 -1.7303755508872509239 -0.55634584981247037216 0.007761943384106058906 0.83091458503942916547 0.3941923900913721357 -0.87781260670934591062 0.2721348693131744878 0.73149959329480696013 0.47894131137014900323 0.48530770164153813617
-2.1410614267035343872 -5.8650231174373859133 3.2722531610155272119 0.96963678283341336872 -0.0018570403182329503142 -0.24454255412440090156 -0.16365494362227034353 -0.74797975461355648008 -0.64322884428181781313 -0.18171837772888005391 0.66371894510360973651 -0.72557259671665597089
-6.776751979961601613 -6.8571762950847805484 7.507130342822851965 -0.78362993531773250666 -0.004877211361198524435 0.62120877109335814747 0.12802654408525501739 -0.97977155640217006294 0.15380800133586791656 0.60789253037319967987 0.20005976625669588675 0.76840273388485802464
-3.1172507951040615559 2.3487969461119151404 -5.7410266496767929922 0.84970091068456998773 0.010106255848144821488 0.52716811926987461323 -0.40740640888609863657 -0.62209650042382569346 0.66859252325986018306 0.33470640923107725095 -0.782875346241822756 -0.5244786095415033822
-0.41786076197026739143 0.98090275972076579336 -0.73937095643177408455 0.94562711739403637612 0.0085488142090679591911 -0.32514038910072479149 -0.08990590065690579058 -0.95383508869133992736 -0.28655811384100560169 -0.31258004395036531609 0.3002091626793761403 -0.90120373654753482828
-0.50649558074321066048 -3.1632922904653475449 -6.8890984559617454153 0.98032450739842746934 0.0049536613852117329995 0.19733048784421303168 -0.11738757246076628182 -0.78907099423013471462 0.60298186033772627201 0.15869473219268362407 -0.61428204214635828695 -0.77296413543627084941
4.35722187937486094 0.18004437924489555267 5.8034072956506452812 -0.91609779869449980971 0.0040659110310105623515 -0.4009342734096221772 0.3220694156206410641 -0.58814128733024273465 -0.74186327423540066039 -0.23882234976817628969 -0.80874797959871480568 0.53748543305489682176
0.68345131682006055041 -3.9927619080833691712 5.1439639151588538724 0.95505804283771256191 0.00095169691324083899309 0.29641732251007957277 0.28570539286846780014 0.26346311303498787249 -0.92139004583071593135 -0.078971914608509316547 0.9646690014419193604 0.25135066015464457845
-5.3052408361730760689 3.7460930089492174844 -5.8851471999694533466 -0.99463559104819254664 -0.0031520511588162321986 0.10339296684873396093 -0.019520324945808152639 0.98729638399804064974 -0.15768578584771580919 -0.10158246863655714942 -0.15885815911645895238 -0.98206165150044277823
0.69800211910448217711 3.822971798239390484 -7.42479007939841118 -0.56045542206680698527 -0.0027886474457706426217 -0.8281798979215695411 -0.81946037802626514601 -0.1428983284202236248 0.55503581558290782105 -0.1198933222535734644 0.98973344450923295135 0.077802956877324871976
-7.1585830077268752802 -3.069560726721278332 6.99725466514134542 0.99943503033871605723 -0.0075982811479589603201 0.032739674029715136461 -0.018759535369174143438 0.68214127452825434883 0.7309797270909498268 -0.027887272450160469073 -0.73118092679499080422 0.68161334517941629674
3.8728959626187346998 -2.4844870710474760145 7.3210161053108162577 0.96252781854032154474 0.0032194244573892057473 0.27116385054478248096 0.25850856239276875925 0.29122903655896703601 -0.92106404306891964673 -0.081936083050861613364 0.95664794128824448549 0.27948380046647408603
-2.6392301613715702935 5.2545563784191999801 -1.2563402743516967064 0.99712053410842860224 -0.0060041183366299410648 -0.07559491399810931711 -0.026169938984471306787 -0.96286436038121769876 -0.26871426795255298758 -0.07117425625130618938 0.26991882867025746018 -0.96024895270775778577
1.0292386837798948029 5.2497204804612813689 -2.0301760286364132213 0.96264555408899754596 -0.0072370882133889532367 -0.27066799172945349428 0.21268052857858843474 0.63887510739858488495 0.73932779598089981565 0.16757246180739845953 -0.76927642736561396841 0.6165494695019394511
5.5729944253566756629 6.9514938220055073614 -5.5523804753459522487 0.93287953358637087931 0.0062821116856605708004 0.36013374028045308517 0.25863870667590294072 0.68418709290976442716 -0.68190471570796340472 -0.25068265840426168234 0.72927947795647196649 0.63663933887787116372
6.836450072946910872 -3.5133272020461974172 -4.7617242129277217444 0.92062056924554958037 -0.0073247384395151516126 -0.39038969721131361323 -0.17358305447324257065 -0.90326803949240419556 -0.39239746690233762161 -0.34975232762869601366 0.42901421542696843714 -0.83283858717031344909
-1.5585172399313607094 -4.8459226201592873196 -6.4392670270503407082 0.99977968290434515719 0.00086647620360435009812 0.020972240477097593703 0.0050252864484344123355 -0.97997128803287780752 -0.19907541567787798154 0.020379699402904790512 0.19913694747638935323 -0.9797597378960400949
-0.89447700794644624533 -1.2176618437285160468 -3.564898326597929934 0.50612065140067230562 0.0054017145076725586739 0.86244577087838592 0.47839794748496961008 -0.83380022190611458033 -0.27552240161448682265 0.71761918178644579225 0.55203986398596804896 -0.42458768058256907141
-1.8083542340721923125 -2.3419754498563412071 0.82004273310046571499 0.99629496743771128742 -0.0070943983815195338707 0.085708852342533253799 -0.027432819586765955916 0.91831618100461764875 0.39489597632109907366 -0.081509375336791908828 -0.39578410935339103371 0.91471917030061422604
-2.5192774748291366649 6.5742597860129903253 -6.1991331078681062294 0.89454877132153542973 -0.00086872863057595845447 0.44696950795075318652 0.28735569875136590667 -0.76483380374468401541 -0.57658993664879065744 0.34235828910999077657 0.6442270546632348216 -0.68393150528234558649
-6.8664283137502941656 2.4351879993363234611 -3.354787519880901403 -0.80958893792846153836 0.010013617658802972943 0.58691181539064929407 0.58430422989682717638 0.10941255795465261447 0.80412527574139114339 -0.056163319954610449458 0.99394598425824809418 -0.094430195745182160527
4.8988077904792914907 -2.7264608972588675329 -2.3461191187471155395 -0.71335289383334954394 -0.012066538171351639391 -0.70070111139927482302 -0.30361487401735298697 0.90646755346429574995 0.29348693802627257021 0.63162145081924314649 0.42210303620457534368 -0.65029483289646550226
-4.6689732847540703631 6.2408796873342167189 6.4376626438812518671 0.9271265651447347933 -0.0022690087965945939831 0.37474148929905060079 0.23498677439436782555 0.78248294916279981237 -0.57662956057514835884 -0.29192044817501777709 0.62266787765918374387 0.72599391599984119949
2.1137291301165634927 1.2868266247471644714 -6.3803393653586244483 0.62837168316354208297 0.0049328911085982831558 -0.77789761176108940255 -0.63549821517657234526 0.57998485663599119722 -0.509666150122175865 0.44865470721443778679 0.81461232046796583361 0.36758090406884569301
-2.9288112921452840176 2.6768033636796007002 1.7161083970655641728 0.95872906614178721174 -0.0011928779714283845211 0.28431875558428459927 0.27230898542769649273 -0.28374356088285612731 -0.91942232304467874648 0.081770374770854054036 0.95889945703377810204 -0.27170836775883483449
6.3434303502352458182 -1.7127771447938842098 2.6204570355893204159 -0.76490602169563515211 0.0068330887002523189866 0.6441056488437744143 0.61463911139879601198 0.30690049568273297664 0.72665731159096802472 -0.1927110290374452195 0.95171707699739005459 -0.23894992077596488578
3.2145520673607586026 -0.2291729337051492954 -5.294278831133491181 0.82347817787699773007 -0.0066318196615068360222 -0.56730918336334312801 -0.43965557606145616587 0.62454321133876733452 -0.64548334727454770299 0.35858982835338326645 0.78096209648007863802 0.51138198918504029766
1.8897799908121253321 -7.2551973705892089939 -4.5464306116822399417 -0.80322974336073771351 -0.0024117483886867390613 -0.59566447170412673007 0.010297754879865551186 -0.9998985829601904074 -0.0098376846218053218274 -0.59558033515659047907 -0.014035927614280767003 0.80317311777150801611
0.77881504014518065926 2.1225631386423602365 5.0539752458223681231 -0.49690391299783154277 0.0050676046946495157189 -0.86779077007655591736 0.34029021661271796617 0.92103313299097677724 -0.18947436874284076525 0.79830387054373874722 -0.38945126436499621914 -0.45938942408313676591
5.5667399050770418611 4.3081105722214214637 -4.6699361412308606489 -0.083360690645323698433 -0.0014305712352351870713 0.9965184136387109648 0.874703677906323529 -0.47920739931855654836 0.072482717218741443688 0.47743530568256875579 0.87770053087844368545 0.041198385690519152835
3.2575155222304701397 0.17586588806791064732 0.715662364603835921 0.99804527565459899563 0.002009187243885322046 0.062462716159977213493 0.049964043792617540696 -0.62602399641961781196 -0.77820148434370572943 0.03753960670214608053 0.77980120484234993761 -0.62490067919252345607
-5.8020109352624800181 -6.3254146766079522024 -7.3761735023600367711 -0.85374347677950646052 0.010102498624359239343 0.5205958272768790307 -0.46432448758082778273 0.43768816039828356557 -0.76995574189692073119 -0.23563710677513427516 -0.89907008279038014287 -0.36898257430654801681
6.7038422972822333534 5.7443155263914267294 -5.3789124219017869777 0.85575988746984987809 -0.0032222160361426339936 0.51736315323122183951 0.35201545727392286045 0.73646243542990597053 -0.57767482119347812741 -0.37915713475785195463 0.67647076694009566911 0.63136928072072229234
2.2886368818023963279 -5.6071021997381818025 -6.1239550681769721052 -0.84930821679338941443 -0.0064188734253977121347 -0.52785826786286549339 0.0015652941648781485209 0.99989105583538395727 -0.014677408301053950293 0.52789497321093448168 -0.013291896937829146899 -0.84920564219418503971
2.0699887018621452306 -2.6124913712354476125 -5.6531522709100663349 0.99928751244878222249 -0.0021061775355756158501 -0.037683305059699315209 0.025740824399481061768 -0.69216270912579247465 0.72128232617656851122 -0.027602127151174313258 -0.72173842083665928904 -0.69161533706609368277
0.32425095243920232235 -4.2227897369299842723 -7.1504659516270026032 0.99860481327962857812 0.00286985158687668232 0.052727515081824119503 -0.043550985152046542415 0.60943291781978581323 0.79164059419034893406 -0.029861992350180891626 -0.79283244297241106668 0.60870762996965210867
-2.9969508033733873731 3.9571448429439510797 -2.9992942162637605819 0.94612010855446559976 0.016213724262103303142 0.32340973289984570327 0.075782905913836004497 0.95992293697974839795 -0.26982384296330746976 -0.31482327004221039024 0.27979469295503500703 0.90697367019898877949
-1.8826850784450828158 -0.49932198569600166893 -0.7151431291230000431 0.44333628682257680831 0.012360337756804982284 -0.89627013720015680232 0.29216169345323628193 -0.94729180331975992857 0.13145259313472243412 -0.84740455607982845265 -0.32013350560949782597 -0.42358004783190500442
7.2688799917649404847 4.9226667358142996989 -4.2998790081790589923 -0.99632331879773605721 -0.0032856233140509988506 0.085609865664763057369 0.061592207398121052997 0.66710853754070342791 0.74240999395756301915 -0.059550351867361892011 0.74495328968979024342 -0.66445342332827417309
3.8303858585294889849 0.61750852261461652848 -0.54477363409556767149 -0.99286786035589580379 0.0026122000742692490227 -0.11919139349432486541 0.068381124590716352296 0.83143704043860899855 -0.55139502136520002207 0.097659785336882826146 -0.55561283660246618687 -0.82568574053968735171
-2.1106173169131174916 -6.6599318432264373868 -4.5484401568699457385 -0.99958604825871988364 0.003303367814046096352 0.028580061016462959822 -0.027431423615162330715 0.19008897411330133442 -0.98138356360761858088 -0.0086746253559593332338 -0.98176130993315291473 -0.18991967036955512138
1.6714407201567902383 -7.178679334042652016 0.43046807831284589207 0.87665938330357540131 0.005441250370210052624 0.48108078163678669181 0.080410714516671505381 -0.98752802704040265613 -0.13536067671399323875 0.47434422380454566159 0.15734925676331190658 -0.86616324601039340614
-1.0892261376839833531 -5.1520632198860134565 -0.053796603992269265149 -0.99858267615376106185 0.0063350432595694746926 0.052844168198696916949 0.048590138096297932901 0.51365969720351822847 0.85661701707864046362 -0.021717213575880394555 0.85797061878350466824 -0.51323949569262605763
-4.975463256251747346 0.59317414551148672786 -0.81734511854268365738 0.98570144565487138877 -0.0087017483308605494963 -0.16827637864495229025 -0.041540577475912873751 0.95529277812274659976 -0.29272869433893233815 0.16330046067554607192 0.29553339513903509328 0.94127199676855410893
5.3881589437943970822 -6.4565013899931722463 6.0562105478032668415 -0.98925057019255058233 -0.003993721994216853366 -0.1461757830775194944 0.14505366767762584157 0.099756383917241536752 -0.9843820891102043058 0.018513315936055176752 -0.9950038764006720049 -0.098104755647505842431
-1.9950850077965192053 2.7919819339505194122 -7.3679958326153753845 0.70945723718139397374 -0.004335861238145996728 -0.70473514806502768337 -0.6997598821536497038 -0.1231046316394015655 -0.70369123697631630332 -0.083705053247830882301 0.99238422497357292595 -0.090371533596195263716
6.4657468896798775404 -1.3215699657132917721 1.1149828684749423235 0.97284014436133670056 -0.0024838251972349851236 0.23146464985253897839 0.14763700610996841056 0.77681433906531205391 -0.61217872966101893883 -0.17828451403822856425 0.62972479166287076424 0.75608287827407871795
-6.1591498518228595671 -6.6533657013199372088 -2.4171964077872649668 0.93335196051061142253 -0.0013490084358236688854 -0.35896002282604577704 -0.13696164739875008043 0.92300394547565578485 -0.35959035551345336357 0.33180660775947812269 0.38478811937574086688 0.86130277965098356319
6.35288972495083204 5.9023113853629860515 0.88423417841806750683 0.89892140247891638705 0.0052097381215379847536 -0.43807895497733911894 -0.041833856873557381806 -0.99433958037366554361 -0.097666408357218043035 -0.43610806067350771364 0.10612095707740332173 -0.89361518669082562472
-6.2593989250817090308 -3.099080708474569068 3.1430571220865952675 0.99241880593560516388 0.0040509832350579333751 -0.12283526838882190269 0.11659068046504365845 0.28513287894688676971 0.95137051382311854653 0.038878359713704541134 -0.95847943685734693364 0.28249892436555418263
-0.56939287462665599815 -1.9514847793843033141 -2.1422546103391435501 0.99714129316217969823 0.0042004295337565904569 -0.075442679317028832342 -0.048372128718316767526 -0.73154537958962995159 -0.68007462440852062269 -0.058046349015756767975 0.68177981342436244638 -0.7292509220927291258
6.9992370595430042357 5.10176126167236621 2.7776868158599659075 -0.99173473371224829531 -0.0036593354156479458543 0.12825298130237858252 0.10252723729916998763 -0.62357044571628239549 0.77501488039973065458 0.077138729315712625811 0.78175859988456641858 0.61879165148386161555
-0.19237729822519133993 -3.1036057886243395565 0.8001457199080884708 0.90705159866117635037 -0.0069279822324922451376 -0.42096246914445206722 0.20873909885817093501 0.87572245487325972579 0.43535981743675994382 0.36563012180876514057 -0.48276514486127131143 0.79577159344438230804
-2.6050494962679420219 -4.5039767280434679364 4.4765275963379895785 0.99096080633701943974 0.00016442652513324685151 -0.13415160553557547995 0.0059659923867855287755 -0.99906389707756360075 0.042845495573999727024 -0.1340189808896361523 -0.043258554299309984192 -0.99003414599759143044
-1.5126162016792163989 3.5222598307341002055 -1.6557386351256493384 -0.92315687177860084045 -0.0084036115088404680917 -0.38433158782697518507 -0.37726164556723290611 0.21188593371281411182 0.90154201337410377892 0.073858248502788576006 0.97725827211041738085 -0.19877431604676470966
5.7683136638328615931 -2.4866245490527871809 6.1925998175663625744 -0.9994711133676115189 -0.013296452082860531207 -0.029676554813670385363 0.031337349630421215685 -0.63759782533306519348 -0.76973176084177286072 -0.0086870053378712876191 -0.77025464457709014177 0.63767728393429434774
1.019964204094057747 -3.2291476812901249716 -7.354022548903788703 0.62212070018460152721 0.0015268389506208719306 0.78291985743416903087 -0.7409087885767706716 -0.32202769103424422337 0.58936604348808430132 0.25302174098575569428 -0.94672901876406900801 -0.19920884422783483036
-4.26548614577311902 -4.6577979401952944727 6.7364883078664128391 -0.61472301611940416421 4.6115136544569923158e-05 -0.78874305786255138884 0.27666862515977030945 0.93647366703175305425 -0.2155725928967723859 0.73862716258282623549 -0.35073789192130894188 -0.57568467572563397638
1.6364892795438343853 6.7837684825745148132 1.6632824973633453247 0.98399908617771791874 0.00065976801090141326545 0.17817228490287786991 0.08720470840459373929 -0.87381603691172993198 -0.47837315190974705192 0.15537418457849985765 0.48625620648189699091 -0.85989171668568298301
-4.994236049972586855 -5.7772880277167466545 5.3292869974351573248 0.99142348903372534696 -0.0053404021385273841779 0.13057926901842337175 -0.10917007664320987903 0.51542262121591664314 0.84995377280450334911 -0.071842604059866366217 -0.85691948375793847159 0.51041908134198676894
-3.1810364627684317718 -0.52671838420441552397 1.8612113982421794045 -0.9675774202413982561 0.00094965053490689982363 0.25257282910624423433 0.16543080408448038177 -0.75325985162104369675 0.63657854581798833937 0.19085749893266396038 0.65772235335264317424 0.72868012255142700084
-3.9040904885840448379 -5.5898331883381642271 2.5459721744655148257 -0.99117874916135972896 0.010725443210905143479 -0.13209713122887173364 0.13248877322685037594 0.10559341201389864373 -0.98554388857524721779 0.0033781917948642751007 -0.9943515455849222251 -0.10608294685288906234
-2.4431857299682011586 -3.9539153577753425317 -7.1061927258052692835 0.88738435115343461401 0.0010809522154860314036 0.4610291149919253928 -0.060085339097736133185 0.99173932088780503147 0.11332639335351112064 -0.45709820099568992946 -0.12826515874275740137 0.88011890315985297217
-2.4005171242932630271 -0.19187493163260851969 -4.1175823939992879374 -0.899828580723058713 -0.0020649277676924645414 0.4362387664883364824 0.37243924845886428043 -0.52432780245786936302 0.76574758359208305869 0.22715090033139062609 0.85151399967525087664 0.4725742024651486406
2.4174770314686950812 2.0095209686229309476 -3.7131311081338425062 -0.85884973276452936108 0.010027135295317100155 -0.51212946906815171033 -0.51101641403934161545 -0.085487881404903806604 0.85530932808852733196 -0.035204560963507762483 0.99628875266699501445 0.078545274820944782634
4.8882803496683635558 6.2637724047563558827 -2.0367781481830875556 -0.69983045615533223671 0.0012159397883403713636 0.71430795468617502841 0.64673434439365296011 0.42564059359650463499 0.63290186669375625428 -0.30326889128150236186 0.90489148883893300024 -0.2986626407967392649
7.2774909221191848019 6.1999191379462663676 -6.8518382790023757423 0.95689235916661552483 0.00023302474053353214312 -0.29044269429242169922 0.28782558222434601047 -0.13470469218027802949 0.94816194825659727563 -0.038903048538742823759 -0.99088576112693238507 -0.12896496117283476335
4.6003747245751771544 -3.2099078318382510133 -6.4298885050399983143 -0.99950282270708334931 -0.001732621429481367081 0.0314818268777924265 0.030326973473206401272 0.22029422821518757081 0.97496191089447459266 -0.0086245046546138022514 0.97543193049951848472 -0.22013215776313255212
2.7346853027748734277 0.73793399050065455747 4.2407248945392437278 0.98082928152461390514 0.017308106759895965782 0.19409881489668717736 0.10440857078078703835 -0.88769112138871675288 -0.44844545192844020853 0.16453805289784059762 0.46011401027158155275 -0.87248055949715952462
-6.5221628172660039979 4.0631790841366814959 -2.4417435058145788851 -0.9974092710045918686 0.010252861447146776469 0.071201298767365098219 -0.033516892377297977101 -0.9420248951177978558 -0.3338648153124401663 0.063650326310073682134 -0.33538630832281884908 0.93992800796129905017
5.9884891903246773026 5.2992174331096881801 5.3849046743195847498 -0.88995897764263931506 0.0089054086876758573044 0.45595362901230879205 0.32883369577861443211 0.70526928225378349158 0.62806340446636743646 -0.31597692737599203383 0.70888358226538039641 -0.63058912784851572919
-2.8407821988688404247 5.4362292729115617718 6.7371849400040488831 0.91819176766916599242 0.0054714812252723574529 0.39609839772186133944 -0.29916478474366670071 -0.64584628323070936151 0.70241227922515570015 0.25966191356050993821 -0.76344786418613297396 -0.5913738659391959418
0.95521355631787796536 4.5892599537270850618 2.3370421959446776583 0.97768317519433911578 0.0045194159562769514391 -0.21003614884430571452 -0.18115371433162882897 0.52443574830496109129 -0.83195581474229540753 0.10639051050619621752 0.85143803108581583849 0.51355071657533613028
2.6574614429932403858 -6.2711588234464477054 -3.9736402892344333537 -0.96993008762029364611 -0.0011310797573450296835 -0.24338107113660531478 -0.065579222212191867758 0.96421912837853185341 0.25686735503552693416 0.23438214680954058688 0.26510411752271956232 -0.93529931900399765343
5.4695789029263099934 -7.1120133083852579148 -5.9467628260025389153 0.97479165132439826724 -0.0085870933789816486503 0.22295178477768270997 0.063081246226137463462 0.96909672374077371337 -0.23847913202100140539 -0.21401400160460576361 0.24653154334118648761 0.9452090801800757669
-5.2721067214696644143 1.1532463586425405477 -2.1681302024652993055 0.99747788210860222069 -0.0027747875936538985223 0.070923728453037127029 -0.0081963753159823259098 0.98804768012471977379 0.1539305078006554528 -0.070503149827199074196 -0.15412359441015138772 0.98553296419271474438
-7.2375844720187476611 -1.2507205021995952965 -2.2109105691854238351 -0.94370768355431811081 0.00070160301362086341381 0.33077985995784198181 0.10522078226755339492 0.94869229163786317205 0.29818035274958681891 -0.31359909913702349593 0.31620000559781324956 -0.89536202816538834615
-3.2977282603985109688 -6.1569112028655084146 -5.4323454953969756431 -0.99904266351559134485 -0.0050388058693805852506 -0.043455343872372903524 0.021531577255871084398 0.80805729075894427993 -0.58871029040801825527 0.038080804305172813451 -0.58908235866201519304 -0.80717521459509145032
-4.0991458694941451668 4.5695793678881262423 -2.1937783060806101965 -0.87940981385605920817 0.0012550486938827055614 -0.47606386561735491991 0.26656585409533445352 -0.82723536302871480963 -0.49459508649522221368 -0.39443760561609686466 -0.56185414389109411548 0.72714434348917422746
-7.0344584344491734029 -6.3453963852392947231 -4.8511576655571975181 -0.87951912021142597542 -0.0097507831609360967606 -0.47576363817588723792 0.4178460597238820573 0.4625894570571681963 -0.78193072876871194676 0.22770768005444561033 -0.88651898820457997186 -0.4027819459670215485
-3.7912963639495340651 -6.6409230642743546369 5.9462442109530968537 0.93828441774703785772 0.0059639138397306360947 0.34581322002611858402 -0.34581674265505818466 -0.00046291079667971912759 0.93830195897331281074 0.0057560327121248290594 -0.99998210856257996326 0.0016280792701964478392
-1.2097870066508602527 -0.15679532519551964143 2.7840012789641397362 0.9968466884474934675 0.0025036890325230870026 -0.079312113025570479818 -0.07822432917029775723 -0.13687141723862078502 -0.98749540225211296374 -0.013327942722278073029 0.99058565842858059547 -0.13624396962238929931
2.4773357979524353034 0.42571645794847917665 6.3091254185925969011 -0.9996410453543915775 -0.0067194600505168042975 0.025935097828256606367 0.026472381649956577832 -0.098781887194594172885 0.99475693099975481815 -0.0041223115497591045903 0.99508642218590226403 0.098924309088202766471
-5.9609805287376396166 6.0945780028190092992 3.2725129773545136302 -0.97677439108807773138 -0.0044779726297085320486 0.21422356704056597088 0.17055103151594572242 0.58896638091900144207 0.78995629486443807998 -0.12970788165450572449 0.80814512923623349483 -0.57452355524243481355
-5.4635999220877664584 4.3246483639233996854 -0.078703592777291248028 0.98275704186592460765 0.0077430797548249021695 -0.18473938773016851389 -0.1111302332093831724 0.82326505093459323437 -0.5566729086065548282 0.14777911872061647025 0.56760435219045790589 0.80993001638698336464
-6.7020817293241048418 -3.2032143290304184724 -3.3565505206522039394 0.82108094275168141962 -0.0063689611413017457181 0.57077624493677192596 0.45880070026863706278 0.60226837830091495274 -0.65327996902703755477 -0.33959976867361968411 0.79826827372316044862 0.497433171676455399
