1125 14.717824617146108679 14.977075390850430381 15.033177056927090831
-5.580388277780841122 3.590963416846846723 5.8964165255975027335 0.45296976344077416465 0.0082991336858960311484 0.89148725049124277753 0.88692915073234901424 -0.10560778959186943593 -0.44967063097199905242 0.090416121292740472826 0.99437322930453209135 -0.05519787906081145834
4.2796171644899301256 -4.6032083364954274884 -3.494764301729622602 -0.98196272831511532964 0.0034578811461212916045 0.18904296669776507467 -0.17977638463775677535 -0.32675973070152919409 -0.92785156674889812667 0.05856322845015183437 -0.94510111705048338582 0.32148752203416258721
0.36390261078814001294 3.5044571429444228983 -3.8875478594011871891 0.99574735533348146532 -0.0076362383190372237762 -0.091808998527540555679 -0.034350489548377931281 -0.9554678141745208686 -0.29308923546315884812 -0.085482443893899293097 0.2949965151335336988 -0.95166685759519054066
1.351453683298250219 5.1050176983192878666 -6.7579401175277657998 -0.99203460468628967828 0.0056885088953830507952 -0.12583713272099178448 -0.090179547341601801191 0.66541224943904930811 0.74100889842000661201 0.087948805257056311691 0.74645440528077744435 -0.65959899066841298776
3.236169630529058594 -1.1317290444021741447 6.1249302008679542553 0.94979045356982916282 0.0066025583285275659534 -0.3128170400269059126 0.12551581091512298283 0.90776642669523710527 0.40025728697332002559 0.28660752871824080046 -0.41942403458599891719 0.86135916068360851572
-4.0524662179457315858 -4.1309483591799285307 0.49068036158471217689 -0.91869027646222101158 0.0026009457290855284017 -0.39497013939667946492 -0.27712130920755195795 0.7083004951548379502 0.64924124063900257031 0.28144618653799030605 0.70590625698085873729 -0.64998800022651670449
0.37898929807186843011 1.0629989201597325188 -2.9864079183918903482 0.91318544127911294161 -0.00012337601964594081816 0.40754427319517383399 0.30990760360745334134 0.64963383760201232064 -0.69421405507859990092 -0.26466890082164584719 0.76024723729904863934 0.59327439782714741501
-6.5093184433602360173 -6.1498772102009366947 7.1084092363444781881 -0.99936150186499361769 -0.0019049994527963543325 -0.035678558930373631408 0.021586787172477230057 0.7635259750173255533 -0.64541621926745729176 0.028471024039085360974 -0.64577430767327037575 -0.7629973422883522538
6.6106594263203719564 2.4371952578344848739 3.320720791357504531 0.98838275419349919115 -0.0039576806959349666512 -0.1519337618059525552 0.13906981040765223345 0.42681862881239868157 0.89358012843392009561 0.061311655059744521457 -0.90432858788284153917 0.42241056579066416088
2.0751291220964840356 -6.3518745881761748961 -2.5092877952879435455 -0.82403741699665133957 0.0028699735344347981209 0.56652810931262320704 0.34360974754960155186 -0.79253331127913773102 0.50380878505832626946 0.45043831628572045256 0.60982187052037872821 0.65209095182865561835
2.1883729717610793664 -4.2073833398972366737 -2.1513690471773112556 -0.91424918511825126188 -0.0075938466409545980068 0.40508117828874623534 0.32642061481960227276 -0.60606144480704648991 0.72535447013118325987 0.23999585357129971097 0.79538158050812757249 0.55656997013581099853
4.8422404584781721937 -4.3857452310966928977 2.3692297857631103852 0.92240392986614527793 -0.000403110483045463798 -0.38622639431998118109 -0.36059776418532230036 0.35730587065728725005 -0.86156936299882114216 0.13834826573541678107 0.9339873405435483722 0.3294349785196513114
-2.5329693246758169245 6.2939484638583005349 1.4640605827353385671 -0.99924666992083233108 0.0032330487258518491971 0.03867350576503279791 -0.020959442918966987579 0.79373283043059084108 -0.60790533444715788569 -0.03266181876047674626 -0.6082579562099034165 -0.79306712471430274025
5.9308395201841390687 -6.0101993682337475633 -6.8544074362186604432 0.88915224974844142558 0.0033461650293511420798 -0.45759925693441311223 -0.25291552616541068677 -0.82977380978017523105 -0.49750292584816729891 -0.38136860567153213486 0.55808980261488327912 -0.7369489526592982731
4.7339898130250386288 -3.1689129426758122499 -7.3570986696834825835 0.65335243426058386973 -0.013185247219366352106 -0.75693906353258610942 0.61346509255546133321 -0.57666110065302933485 0.53955774038515691426 -0.44361151570009310641 -0.81687705577357039299 -0.36867424494917239164
3.1093450726026907738 1.5272635729891028689 -6.1006026637244232802 0.99498835116667816436 0.011918699336947270045 -0.099278021982737066353 0.076182765059135335028 -0.73344184156048097822 0.67546965243172718552 -0.064763935571007236192 -0.6796477099603360772 -0.73067408808226341765
4.9170794797495700479 -1.8917856703812745423 5.8570529594306401933 -0.81954025003503894187 -0.0046803326422919996896 0.57300250702667976377 0.57240511464156396126 0.039686552666292972125 0.81900998911469535813 -0.026573733359464335457 0.99920121698481934036 -0.029845680952464263141
7.0042883474423582868 -2.9268927790871526184 1.3254627566447620968 0.99480148343936203315 0.007016616881288599214 -0.10159121829417380733 -0.10120332433982515141 -0.042670316402547196766 -0.99395026597953817227 -0.011309097643741416669 0.99906456807649857144 -0.041738389102000846009
3.0787487604677674646 -5.723107920441779406 4.7776729779018607402 -0.47308725960253661391 0.0022520698920824658296 -0.88101269740159615651 -0.59209083975449861015 0.73968617358326260725 0.31983245940429838594 0.65239319607163337444 0.67294820959045142938 -0.34860267487282620147
4.6971405499477540957 3.5704053664379067357 5.4666164041157712106 0.99044998305216402912 -0.0082988912061032794887 -0.13762252532387220239 0.09221127010965241011 -0.70220726581530668042 0.70597594682874875716 -0.10249835479923140313 -0.71192421242775727475 -0.69473592322754817996
3.3140371446978447167 3.7272555787988528309 3.8239072433023126862 0.82024784960020113989 0.0054637871550284747638 -0.57198217826798891661 0.25103570228456539848 -0.90194942047492010495 0.35138059007765715114 -0.51397912545624468983 -0.43180712121819270211 -0.74119367823833037789
2.0820999428449771251 -4.6605610381027213762 4.7710539873178277048 -0.99552806222133582992 0.0038272452154142688405 0.094388715022086289164 -0.03343445030700673698 -0.94877914983138789129 -0.31416597902701615119 0.088351654552262820497 -0.31591688311865007144 0.94466423034765190092
6.0877908663202786599 -3.0381453578204680177 5.4217161349233231604 -0.74393503761518653405 -0.00041023215292646138252 0.66825181744466710665 -0.29947304689330384031 -0.89375658986084116631 -0.33393869536893822092 0.59739145791764280968 -0.44855210376259985194 0.66477398882416682824
-5.5619965828352277981 4.3596105200414978498 -2.8001641340123728519 -0.99501097022321749463 -0.0012481776515812321657 -0.099757762545697431511 -0.081734497980634410186 -0.56317060011638664374 0.82228848161966783259 -0.057207001105037326438 0.82633971054107879795 0.56025890604923722638
5.2625135648190992654 -1.4953900879067265617 1.179127464126486835 0.8094630644465405922 0.0065281485526521004087 -0.58713450807564415701 0.091796248143657568908 -0.98904976400992816732 0.1155595653268701728 -0.57995085664523138291 -0.14743794487255301728 -0.80119851241016992738
-3.5787360669185068751 -7.3472690832885065859 6.1587911055494073409 0.99157002867491683684 1.6381637210444882115e-05 0.12957190268410331835 0.12799301912144406268 -0.15575899307978258168 -0.97946767334653950243 0.020165943809422673394 0.98779508796428405759 -0.15444804596972569466
-1.9189150250712774248 2.4294681943566125426 1.4295712052303721773 0.63648935644141280132 -0.0069498898296380482581 -0.77125417222104253323 0.72815053519430072981 0.3351349265751129014 0.59789746536158749901 0.25431888886435111141 -0.94214451121943953993 0.21837037973577910765
-5.10257396041969713 -0.90499645139210427303 -4.4714091275091130129 -0.83295241265923458673 -0.008460588343027073549 0.553279944232521248 -0.13121017168793006058 0.97438625219143726319 -0.18263439540746961853 -0.53756317683666554608 -0.22472171676345714664 -0.812727494874053491
-7.0137332179658233855 6.2074199232629254652 2.9558919788849324917 0.78906295507933144062 0.0063734388867399214412 -0.61427927866594467243 0.44940060912308821273 -0.6877391862769325348 0.57013498768172399256 -0.41883021075533566346 -0.72592988017841120207 -0.54553374196547932407
6.2714155410875331853 -4.5024326525775606456 2.8474003060067021309 -0.75910201537907928682 0.007840893217059174275 0.65092445847493318745 0.4917962011300918701 0.66203157003928336799 0.56555344294346265865 -0.42649809706653796226 0.74943493424368690103 -0.50640562055906401806
6.4064686063115319214 4.0950639999506988076 4.492833802350054917 -0.93954000773557533321 -0.0070348928321853181067 0.34236688529560332928 0.32247078574044740762 0.31824083942496828037 0.89147931017268677856 -0.1152265863770215587 0.94798379648849750989 -0.29673145331593331342
-0.45946790355666644601 -2.8444782842080020835 -3.2695002967290509588 -0.98546802185598914026 -0.0015892607905834566645 -0.16985361977184726401 -0.079779385123327523077 0.8871316091394253478 0.45456876022781766977 0.14996008671905092235 0.46151379428551891904 -0.87436662223315986253
-0.48151843224810747524 -6.8184540262876609518 2.5847916773104140375 0.46211980830157595168 0.0006736454762698617163 -0.88681724666202788043 -0.57309015532568619022 0.76336734817036011602 -0.29805698384054407635 0.67676654515728462691 0.64596426987039279322 0.35315323219084343576
0.57762612945447111557 4.4434570612148425184 6.946755072649093421 -0.99414993184146693839 -0.0010858165121535763575 -0.10800339819747345471 -0.020260547770498255754 -0.98032451792344066366 0.19635006942266813867 -0.10609157941959543314 0.1973896161421537232 0.97456755343873135988
-2.5206572309250669939 -4.7038644360658965482 -3.8941190184744471914 0.33371753171600337939 0.012715261483681346982 -0.94258735995707965127 -0.67311632406342813972 0.70324457905846393668 -0.22882630160061523394 0.65995986491965741294 0.71083428740478904473 0.24324389518543393374
0.30205866379613444117 2.9246757950982753549 -2.8817408149222036862 -0.97385160506655632506 0.0055161898786748909951 -0.22711808153097567953 0.21693027870887413022 0.31954199693927948234 -0.92240672502493969986 0.067485594672827400875 -0.94755605841610246465 -0.31238311521331046938
6.8977136970366217383 -5.5154434159473604282 2.7399507355500429817 0.55505664221592065921 -0.006483190836234526723 -0.83178728781376376489 0.6784591928021743712 0.58207142824904689604 0.44820305233030327541 0.4812538286955156952 -0.8131118131306473984 0.32748119291526994745
-0.22635111759806778031 6.4217352477489360041 -5.9992401287801451204 0.94412151978428737742 0.015066015906142546724 0.32925305016796541091 -0.1894708196627136465 0.84220848941068804372 0.50476298285525156295 -0.26969494688729617193 -0.53894143979596542682 0.79800172938043212323
2.0507702429803549293 6.1848267207235112508 -4.7348511216156294878 -0.97282568150992987377 0.012589153384763795973 0.23119625129268961405 0.22494560615728650954 -0.18519998762118222713 0.95660882227573051928 0.054860438070293601753 0.98262021035702118432 0.17733542943396099489
-7.0627498274022695313 -6.2036668357312292343 -5.695443708804112326 -0.94281365348239776214 0.0022651927590363355944 0.33331259158494580541 -0.061034166974733426725 -0.98424301443922446175 -0.16595336389857293091 0.32768467353380237306 -0.17680655369449521652 0.92809600651108770109
-6.9662482132883063457 -4.3995430216870063944 -5.8626180526329427778 -0.9104145230419117274 0.0082611647315495896626 -0.41361473546257809808 -0.29607298588350294821 -0.71130473736796018258 0.6374843979485079748 -0.28893975715449893293 0.70283520383875042192 0.65002807091718250998
6.9695966559341586688 -4.0346466656987107768 3.4736225000879938918 0.77157321807214263032 -0.0077913673109142253526 -0.63609281064103084802 0.28249365014328314816 -0.89172620518210454765 0.35358409554206632341 -0.56997553174026693856 -0.45250819836444305944 -0.68583104598036237487
1.5337323146375507754 6.1740646752964476462 -7.3766278351620169218 0.95702967614319811585 -0.0077495502887789755736 -0.28988643198956476343 -0.24978624412271968613 -0.52984040816090705039 -0.81047885483013781815 -0.14731269880220951296 0.84806195902789538454 -0.50900872529012419765
-4.6650749979665340206 -3.8486397517431889526 6.2974137663206111171 -0.68513740268397327338 -0.0066027211444988449449 -0.72838392590514389191 -0.48906189892416018772 -0.7368889663438722426 0.46670452140661944362 -0.53981959807345425428 0.67598154956630929213 0.50164105312629292399
0.90023120393430144937 -3.7539165375870635621 -3.5609002209773423786 -0.95228807904825818476 0.0087742378963089132093 0.30507446181535852192 -0.022823904280834070302 0.99474025416753419915 -0.099854374626358682887 -0.3043459937241944635 -0.10205312091258193774 -0.94707902342732686041
4.1578553094877985785 4.1662711550937538973 0.41293405165736696283 -0.99793564309659699152 -0.0082472695547645292341 0.063690146666378052998 0.061475026745159234987 -0.40960953692774071389 0.9101872600430231941 0.018581531803918117929 0.9122236621590051886 0.40927095776893251955
4.4337997003449478584 5.3146589878202039614 2.0505406656738522919 -0.95208780583636387629 8.0730385610546309683e-05 0.30582479209565893719 -0.17038449521551032873 -0.83056457607844180746 -0.53021845380351306787 0.25396443406098290207 -0.55692232712130518291 0.79078416004986384902
3.788625239142533907 -0.50892389560757544942 -1.1902900854768336814 -0.6908668123923811244 -0.005167943272703008975 0.72296358130762505834 0.72201511863974165983 -0.056632087603016544042 0.6895556359782130107 0.03737935246033864678 0.99838174012549774083 0.042856563016530457855
-4.8680650475962154999 3.7724843584841281086 4.581270674203948623 -0.97668112156699271598 -0.0059045026030572168516 -0.21461389429298713405 -0.17624222373574710554 -0.5488128998522709967 0.81715548063289611402 -0.12260777033800765445 0.8359243612939005752 0.53497457588941232931
-7.1907908590528988313 3.4273489769977083519 3.4763787749846088992 -0.75664270595063187752 -0.0011484390531367304894 -0.65382757407397940064 0.64852174899794789997 0.12583196592963566407 -0.75072355592922956902 0.083134569274420117013 -0.99205090466061018883 -0.094465051492681278988
2.7550247410656720781 0.098167614449657686349 5.7993896549479462266 -0.88325400606979209694 0.0040036960300026376916 0.46887773585390468689 -0.410906095007829264 -0.48830471366774230724 -0.76987965793055479491 0.22587284442135377449 -0.87266401153477479724 0.43294223763113937054
6.9057201664401723917 3.1674688156478207901 4.6962800999083516018 -0.99959474068054887663 0.0016300696249994467771 0.028420015429250676531 -0.01385829230863074718 -0.89993203876659610962 -0.43580990504561134546 0.024865681938517451843 -0.43602714190130076322 0.899589922902186645
-7.2064522052673085639 -2.2469477314874137797 3.9975488979070084028 -0.82885214682089636273 0.0040180661682090515474 0.55945328120827830798 -0.55936570924921791281 -0.025045755021277642249 -0.82854252363512836954 0.010682791143843982373 -0.99967823088218055183 0.023006796250129697701
2.360897811202479879 -0.32559847530466379251 -1.4064715677821806317 -0.86107339856564668601 0.018223696706430810716 0.50815401126111492403 0.4795378561830995201 -0.30324901541711157815 0.82345824371125808661 0.16910365687894318709 0.95273707366034499078 0.25238070786667132772
-2.8601913763663309176 -2.3211160359074622939 2.1388893563035713541 -0.92365094738844277789 -0.0020893881556835079347 0.38322912447443241435 0.31631447044019145309 0.56041237392484266611 0.7654300274631079537 -0.21636562383722887648 0.82821108759120365406 -0.51696451639593832272
1.4989564359875044985 -2.3826860575231982864 -0.99920250823903677961 -0.97958886031480463252 0.00088752022388800724112 0.20100964418375766307 0.20097073772439280614 0.024487404222752345156 0.97929113628834296712 -0.0040530637212707791919 0.99969974459448129878 -0.024165953988773646727
-5.4614960884234191596 2.5881392024460918577 6.8495277835735679517 0.24684108759948583667 -0.0014328912931540955557 0.96905491294101886446 0.60710889088514530254 0.77965311127013803283 -0.1534920867498947572 -0.7553067403915101341 0.62621000703379103847 0.19332034298006059436
-4.5667729126937333106 4.3283971696619829572 3.4875168816550350392 -0.86993718995587021592 -0.0013562245916747235966 0.4931606697484025581 0.058217430098545137895 0.99272157744206712682 0.10542580572957616081 -0.48971421907526696549 0.1204243760036263905 -0.86352646357799967003
-1.288726864772547609 6.6633968082234424912 6.1738045138187960248 0.96783015965953012039 0.0077041120130741805663 0.25148643842457385489 0.0034870164406230258133 -0.99984581622475932061 0.017210011453012329791 0.25158025115214249778 -0.015779430786884169474 -0.96770780031710135205
-3.3352572686632919741 0.4068468400050129774 -0.016811661401626536161 0.87724952161855862531 0.0043820221341006188043 -0.48001466092390787654 0.42366883284568956913 -0.47721100022538004426 0.76991842511978714203 -0.22569447688199939517 -0.87877782126416559283 -0.4204896478619251643
-3.537913102625019679 4.1819876801533260036 7.4862946260306859614 0.83900943325033150444 0.0063644810373470611653 0.5440796488548729215 -0.38122410512512866498 0.72035270259511829938 0.57944815603762322986 -0.38824135867841452763 -0.6935787462465914377 0.60680900633271483979
-3.3941154981197243501 0.54709937122592045 3.8597809193835810326 -0.50467891593273983553 -0.0036503628767669358407 0.86329940731111043384 -0.81616001706411245298 0.32796223250457029463 -0.47573480069938106629 -0.2813929962859910705 -0.94468378249098272637 -0.16849490419510546046
-2.2734005941867665435 -2.6360875431976222849 -0.45771026527535824124 0.97421238594714620884 -0.0073921378669377394918 -0.22551182533291150301 0.06600597627114204724 0.96507777235055602905 0.25351154689984151114 0.21576245772540919576 -0.26185921716224519473 0.94067864450273253052
4.2848304447613054791 0.75460100302840649178 -5.747477019098237605 0.96745226932274597242 0.014330063193717244158 -0.25264749330092406421 -0.018559514772390053872 -0.99168838066353548477 -0.12731732037848747519 -0.25237204875700280926 0.12786244540831573357 -0.95914521531426144563
-3.7715612246505103577 4.1233800152728186106 6.0112537111170789572 -0.93519380272603536142 -0.0032846561131190613742 -0.35412111258301759431 -0.088993184199880281948 0.97004830325441804284 0.22602323446755140379 0.34277217580900531946 0.24288989354725959435 -0.90747547355490254528
-7.1629281258451058534 -0.12538379893474255189 -7.087365165402222722 0.76128365566143685328 0.0028438181109085979709 -0.64841276076386089589 -0.18014405202481215129 0.96155137427361569991 -0.20728500947449521319 0.62289270034494170769 0.27461039188504138275 0.73252564223096627849
2.0827160689089456724 -2.0802162753350081914 4.1853527658851312765 0.9996763553037569805 0.011804860536024792614 0.022535081859288014217 -0.024037118991024557235 0.72838154611515015802 0.68474998370896911215 -0.0083307597067848980499 -0.68507004645257985054 0.72842956412825354828
-0.38389214855914788327 2.6808318524427439122 2.8419712183274024042 -0.8863535317267260405 0.0044457225591262167219 0.4629877453525096942 -0.46190778127966808375 0.060437736165017533208 -0.88486636371863647277 -0.031915801556250691928 -0.9981620688035408584 -0.051515687055937446626
-1.1022071315698536154 4.1418760486968952961 0.70264615681385445001 0.96328813910248745067 0.015307480238737463871 0.26803291236933107777 -0.25048610342665328377 -0.30800806199470737168 0.917816836703458927 0.09660576098028815506 -0.95126059247444894051 -0.29286620178902733613
-3.6242804788663529614 -3.3980657381853940358 5.1173705551934975944 0.99922735768949877411 -0.0018049026587639224739 0.03926104903150789277 0.018218539762775813606 -0.86386665075679880399 -0.50339099566740774794 0.034824882678522857404 0.50371733346839342449 -0.86316630814102102143
-2.2159272576268365107 2.3224011185394646262 -2.8313327753343657811 -0.99647134931290837212 -0.013808880521995213486 0.082789883543799722143 -0.032165560603678998441 -0.84824185558591491674 -0.52863137548135563648 0.077525651945108270402 -0.52942900303148698882 0.84480453599600346948
6.6558763044864486247 4.886781672185925629 -1.0118028090380817297 0.991280649995219032 -0.0020197005517341966654 -0.1317520161314539584 -0.089698098433591055834 0.72210519080210422427 -0.68594339748562094261 0.096524215005572566728 0.69178032223127017275 0.71562773960436598664
6.1176951390432066091 6.5806020680374048837 6.994446685933142227 -0.98333005643573612176 0.0074961081116600150262 -0.18167500783878837156 0.035463043219921462634 -0.97205609615793708844 -0.23205455929104631951 -0.17833780495348403039 -0.23462897153885969859 0.95558614108779860175
2.1592473648020220622 6.1625542557263788268 -0.77113848991313982406 0.99905828525758699765 -0.0072669257453961680002 -0.042775395360832982328 0.027135997100485736294 0.873915268926996891 0.48532024519645217131 0.033855284955655443047 -0.48602396497118122154 0.87328948531062033922
1.7754880355787867607 -5.3437018145252732637 6.0231708882194210375 0.70972388727548252341 0.0076896283077608216031 -0.70443798410305691338 -0.17138346077161978331 -0.96801454980036372167 -0.18323629757466303181 -0.68331523706455721268 0.25077619701912301498 -0.68570517411208797842
-1.1796988762695979069 -3.1187296669091195689 1.9671751834495054823 0.42029929421804557155 -0.00019241479382325725467 0.90738551137672263103 -0.77705378655777590513 -0.51644623874886053105 0.35982036529084365784 0.46854659968433604034 -0.85631959306005911436 -0.21721150629190602577
-4.1783823035977762927 -3.1929221445498483511 -0.28188977233608897288 -0.51408563857723099666 -0.0092102805460972797524 -0.85768941169921530943 -0.85398801053072059819 -0.087915830069434319771 0.51281115890076511832 -0.080127611211949723025 0.99608532644319491833 0.037330796482225710176
-1.5410944117936780096 -5.9731407982759749942 4.0538575077913954203 0.87553033192254281492 0.0077250404404515596313 -0.48310139891530656797 -0.27066562256933640596 -0.82041300196345912088 -0.50364930950843367352 -0.40023338022064863795 0.5717191880279661742 -0.71620556504256482899
5.6249979473586444456 -5.1027419265284663652 0.99250898482035698756 -0.99793191777901046891 -0.0021730196545428075335 0.064243018792692854757 -0.022907229923884348671 0.94583407645057271385 -0.32384125531206137127 -0.060059522935475680161 -0.32464315457199555137 -0.94392779167384399663
-6.2235120260465164321 -1.0994458823701576122 1.9045861539032526988 -0.84522328384548017777 0.0033401073199161167467 0.53440288559142790081 0.42270796173568075949 -0.60765711771488728488 0.67236210956275499484 0.32697947876084038077 0.79419246469198523375 0.51219405452984079208
-6.4398945288122861896 -2.9358016955867092257 -2.1100429997576592989 -0.94648739619812016777 0.0022757713794165669585 -0.32273275275779023108 -0.12362407777223806404 0.92115046848263537616 0.36905135389150184322 0.29812530290628197482 0.38919999393468007742 -0.87157596828291994395
-2.937175311649038445 -1.2977024117260564928 -1.5095413024512329692 0.99667482081460556653 0.0085035142753978904678 -0.081036977973744039883 0.056916255840435352187 0.63903380409096888215 0.7670699688099664737 0.058308158736623164065 -0.76913164508684050968 0.63642491399273204422
3.4567590605691491668 3.0746899343522442472 7.0930005305214764988 0.81029889211530037318 -0.0045284326344040073953 -0.58599931632622515032 -0.32696281310621866378 -0.83334941833512110598 -0.44567259934418124168 -0.48632399106205731476 0.55272799843903064332 -0.67674273949491958735
4.8746554386647433788 0.40376044113537751246 3.7991770857120203964 -0.93727311697968451742 -0.0055121227036293053703 0.34855232130981833594 0.26333392763683266535 0.64397127492346806221 0.71830093945972239844 -0.22841704564784487408 0.76502981221431198833 -0.60212543517179062391
-3.6996259037070027276 6.6035348367882731324 0.52887305318346322647 0.9996351893732626781 0.0046095772674767951718 -0.026612778208359215426 0.026627172457957672819 -0.33329720583116995147 0.94244573651319196728 -0.0045256881734291459773 -0.94281054532846830796 -0.33329835547761071934
6.1709137720352877921 4.2994140091990074026 -3.8331246653626420695 0.95033483058239454078 -0.015769437210025102208 -0.31082959098504725493 -0.11170277408841694511 0.91489190819350729722 -0.38793721989919044413 0.29049302924992964625 0.40339077973133630195 0.867692156692176364
-1.1253665035365847391 -2.4390845148373943019 -6.9383691452669333799 0.95072697483325019352 0.0011727957744235555787 -0.31002716634934024409 0.25794559729742178034 0.55177383254108458566 0.79310132174767544733 0.1719950236472229943 -0.83399296296370861725 0.52428374909730057762
-1.3856936706912976742 3.5988123769550091069 5.8087992253287819011 -0.956456321349750338 0.00030728284084873686011 0.29187533456473074844 0.22962580150798450607 0.61809525363647821461 0.75181796248421428608 -0.18017573818876814196 0.78610315036220546059 -0.59125167260555255844
-6.6546121572103773545 6.0967234282651219246 5.1220581071603774603 0.99839352956182669807 0.0059436780565559361317 -0.05634742957980450051 -0.056636579463541295021 0.076073571602917972045 -0.99549239553608404041 -0.0016303360879857714712 0.99708449210424920928 0.076287991253560116789
3.9970155003378984304 5.6963075118389472351 -6.1698947445170908566 0.99217437719634871129 0.014263885254760928084 -0.12404252017965991528 -0.028958386054304861845 0.99265278079717889081 -0.11748135448893212707 0.1214554120333817544 0.12015406090873023692 0.98529771365559026819
0.60955513081886825155 0.98840878354150707441 -5.3021561905883416443 0.98100273187003927955 -0.0049534360908540034374 -0.19393066682333409689 0.0068455399133704741832 -0.99816745345515711652 0.060123817629507365912 -0.19387309933800603301 -0.060309189465134097063 -0.97917108975867173104
6.8673182097734972729 -7.3083323406610283257 6.7572605183846405907 0.9919555123892788151 0.0069895728166001480641 -0.12639385788985782466 -0.12508978091295730461 -0.098988003831330689808 -0.9871949765921573805 -0.019411546862110037881 0.99506407882577596613 -0.097317371928602972031
-5.5284767818310012188 -0.69251710999983184802 0.4790323181533636121 0.99365250095953394638 -0.0057392841565667342824 0.11234664193484020234 0.074317807415293160589 0.78321395839813445772 -0.61729470990079438053 -0.084448628394041186374 0.62172578842109216257 0.77866903956337574222
0.79887905174106332851 5.5171235039952808421 -1.3901895115513702716 0.92516631949866035001 0.0044013084747653637846 -0.3795364406072197494 -0.30267602918854236149 0.61191904317617074049 -0.73071355944240456992 0.22902947980502319503 0.79090815717241302885 0.56745905957881459525
-3.3586230412426210101 2.9174952247654672988 0.74012748102921854798 -0.94565527930451309668 0.00091664963577208727775 0.32516957495595399941 0.11259558219625558084 -0.93720961541886027568 0.33009145950215584842 0.30505463050646680623 0.34876538893625758098 0.88617400993641792795
-2.373767278146590165 -7.1135561938322382503 -3.1639986623911990904 -0.98906365696270204246 -0.0090012747154305863817 -0.14721433194197292016 0.12521850016426835928 0.47615873244498208017 -0.87039829315847361269 0.07793208384380238829 -0.87931327669373038347 -0.46982417108723256716
-2.361951245959803547 -5.7427167940030834359 -0.81293413406212688965 -0.97098969954450442543 -0.0087649845686042053561 0.23896062107374790862 0.12636375703013258409 -0.86720204571200787402 0.48165632231079286152 0.20300542920737305042 0.49787928954543531068 0.84315183019076433979
4.2974509909116358486 -4.8653514870341068033 7.1128506230761017193 -0.96821812426993381084 0.00013436164535974540364 0.2501072685512295557 0.24599778458677828974 -0.1800211363020739197 0.95240615310005527494 0.045152561539695171278 0.98366273307040819063 0.17426667425217262641
-4.9159533616338544348 -2.0769212206148774946 -6.00795008557073551 0.77479043141513370685 -0.011867948225839933252 -0.63210674667525545978 -0.35568732575512462812 0.81839940691137103013 -0.45134126452616618597 0.52267228134330356859 0.57452725137442817172 0.62986675078413767448
-2.7356797802121310959 -3.4287018005886951144 -1.2121984026387839783 0.99995632366726439066 0.0092166535478743934207 -0.001550501571777163079 0.009247264140277610539 -0.99973558028080355964 0.021053684389057830684 -0.001356047073632696276 -0.021067102738895039649 -0.99977714432687669888
2.3391601785112525747 3.8191025146730845918 -5.0120533377903191408 0.96240315761937766936 -0.0027173773684641558748 -0.27161144685807347976 -0.25928329673675409861 0.28880273079282198223 -0.92161008822600687385 0.080946489963557410885 0.95738477037548574966 0.27724008948155343113
-2.8782805926400847341 6.0611539111412202629 3.7459303095135290107 -0.9587984679785142017 -0.0079436135777344075992 0.28397604970366280286 -0.13484272995547569307 0.89255435778990455109 -0.43030704917356793482 -0.25004586775256121278 -0.45086984529198892435 -0.85685088937701414658
-4.6668508417376335373 -5.8709255977771208634 6.1241177834991136208 0.92513679696897599403 0.0016688139571290347765 -0.37963024372929793371 0.088418062853181753069 0.97154329377161952053 0.21974047075733338374 0.3691939233726223013 -0.23685616603192952145 0.89866289761928475066
-2.7376239247666251941 2.1679033911010012758 3.4207890342499238656 0.77033527182140815182 0.00012780544254978255976 0.63763904574108565271 -0.1568260294524103371 0.96932098849585934808 0.18926811075177543686 -0.61805272062669436295 -0.24579830131049432151 0.74672219037525011665
-4.2889600608390772152 -6.1735526129967039921 -6.9777367410057049568 0.80337680901658070631 0.0014552013347789221828 -0.59546921425328036559 0.38588196431293958488 -0.76288637114198576405 0.51874800659260345004 -0.45352046519696531668 -0.6465309483040724281 -0.6134467544398143346
0.20785158077156426493 -1.0592694537213980244 -6.0203920915720798845 0.99941567097814831833 -0.0059821198058830488131 0.033653095635200011571 -0.01888678134259612687 0.72396130706731631754 0.68958198595959596666 -0.02848870115892550986 -0.68981464185112328913 0.72342529247613196475
-6.1227187619075786884 7.0384462528568869644 -6.0942117108025772865 -0.91810600208194559357 -0.0051999913697974384924 -0.39630080624560992675 0.15258686049743183655 0.91820178444241018489 -0.36554443375660411464 0.36578493537151801629 -0.39607883449715847179 -0.84221311906119511459
-2.176823456109464594 -0.56927928496754920396 0.52650729101788351638 -0.97919439890425929995 0.00024092134258553899069 -0.20292429896715247217 0.18418849933051004153 0.42073876356573847168 -0.88828682842171469147 0.085164111389527508145 -0.90718180911546886236 -0.4120294156259320939
-0.75426306739209292296 -4.0105096609380161965 3.3955394362522497431 0.97557643209962641162 0.011814683534812121107 0.21934228590178567186 -0.20604183957459745735 -0.29690767598034822905 0.93241224374661346719 0.076140563935164717879 -0.95483309808411054309 -0.28722181206631153261
-3.4941210235243391757 0.67312417960936077321 -3.5720369619209049183 0.86357570865358712631 0.016772522140445386002 -0.50394015311797712986 0.25395514214810582798 -0.87789203726994646804 0.40597088155992167025 -0.4355958920835629189 -0.47856478495494125802 -0.76238570645108116874
-4.8152568949821885624 -5.439290889221712888 -4.6532275535666336452 0.9786355730396552044 -0.0077289949735050867546 -0.20545724085067468279 -0.13559890327626022977 0.72689321093167702514 -0.6732304191966478335 0.15454886803707704179 0.68670701360784203171 0.71031551077701382546
6.0086519957791786339 -7.0541542677054023258 3.0821924068475077263 -0.49740630763939713832 -0.0059662801893168252582 0.86749718652068674718 -0.61008592262980565479 -0.70851541085030711464 -0.35468447893373866719 0.6167512724993130524 -0.70567011846065863523 0.34878009086267330874
1.3946722919189278311 -4.6467632613350442483 -5.496195130918203553 0.77920997781127265824 0.0050554380526308759919 -0.62674257317129444811 -0.39739829960416939159 -0.76928284626973020277 -0.5002784163910781734 -0.48467143711080989954 0.63888836660332093409 -0.59742384708662754633
5.0247155851666684967 5.6068191810294729649 6.6857085702302185837 0.99363399872467461638 -0.0037301781540038606716 0.11259468171002988413 -0.029413369039857386461 0.95619549928171965192 0.29124735342206353739 -0.10874893240928862337 -0.29270506132373214081 0.94999864040720616298
-0.78748956074904785662 -2.9607306964272344096 -5.2859278667690698938 0.9538122208702276561 -0.0091183719227729449763 -0.30026505393131375232 0.2470913185987805849 -0.54464375811081078282 0.80144186128756300658 -0.17084533236818469359 -0.83861792971796933482 -0.51723480196487303662
1.9439038631940195323 6.6787173456790833725 -1.830484535085387332 0.88626294161602803268 -0.00067412302277037369075 -0.4631819770631603328 -0.40253672981837423928 -0.49581436803399531188 -0.76950132787285019376 -0.22913354068118663154 0.8684282687760274122 -0.43969325958639499108
-1.6279756602044699321 -7.0940283011577740524 -6.8928054728355085956 0.092167627404278446024 0.013329193410631410416 -0.9956542879241202515 -0.40413064686923594326 0.91435491745686703347 -0.025169528868086064877 0.9100459047321202144 0.40469422719549080769 0.08966065890268150318
2.4589079274858876012 -5.4836854801071401866 -5.4609985727208876227 0.67858095607145474393 -0.0052869697201812487081 -0.73450659221559344569 0.34516438311201308453 0.88498416617565678344 0.31251331851514241311 0.64837445561031015195 -0.46559110125695857274 0.60235827523362917013
-5.7429401214281821098 2.7424866343534866076 -0.83265711244185125484 -0.67615188839834106105 -0.00087170962094974911022 0.73676174163548246998 0.66595821622169659726 -0.42847006201965437411 0.61066607912973192018 0.31514802563588578677 0.90355555782425245326 0.29029136374089548056
0.42525235858342186335 0.54263817804454417271 0.54416281254453424676 0.41857600782256249028 -0.0024627909291093093118 -0.90817842979024077099 0.89425162767922616869 -0.17335723998483404396 0.41262730609828895956 -0.15845552078879449054 -0.98485592956828504896 -0.070360826642926380114
-0.060200321818468960355 5.0416659780039028149 1.2927782909839051761 -0.7290279937884944772 0.0036764402858336289043 0.68447400831570914814 0.22590651385344309721 -0.94266127878939065532 0.24567450105718177666 0.64613035160982534855 0.33373072567261835575 0.68639592908942281824
5.6768924897985995059 5.2687922024582762859 -7.0114628935330474135 -0.99867434662185350369 -0.00022975992180016826735 -0.051473261112690488206 0.036407146445949480074 0.70375848232399518256 -0.70950582678697415862 0.036387760124237319981 -0.71043926254636868833 -0.70281717761151119017
-0.85213824355230993746 1.2733326964981515061 -6.8227746551170991296 -0.88554252618427042876 0.0019992708038969473142 -0.46455401971719689769 0.27937215031359763362 -0.796670275009760398 -0.5359735763496079608 -0.37116793496794048268 -0.60441085019381179944 0.7049268672845753203
-1.738028825388279186 -3.1779369624458229104 -2.3750352623015991149 0.99984380108778414531 -0.0038073866524561744348 -0.017259120291227548344 0.0080709472860244386994 0.96711434174203447789 0.25421390561286810739 0.01572365212835848472 -0.25431349512748580022 0.96699400875077712314
-1.7326720851690453618 1.6023385605653555075 -3.7563209649851376781 0.94050070775303995507 -0.0041455731476246716546 0.33976643880645374107 0.33559553366808814179 0.16799308476973001669 -0.92690558378481924251 -0.053235857257782112639 0.98577945692365587238 0.15938885095634192091
4.8077282365583009494 5.1659550280387271926 -4.2573899367701333318 0.97652352442635892427 -0.00026611811091490668313 0.21541062049775017151 -0.20455813938668543361 0.31226132600904971115 0.92771161030233040279 -0.067511286854248606093 -0.94999620707684617749 0.30487609399068937854
-4.7398149428266656003 -6.9896933163848595782 7.0837080316402500912 0.99995057398480569066 -0.0047863359510805806793 0.0087143889990084072439 0.0040783657286572200934 -0.60189224132651708565 -0.7985669018710427336 0.0090673325981923211941 0.79856297235670026247 -0.60184297176300372012
-6.8676974903290179952 6.3633548452166008857 -3.5480673551431149981 0.95243246504396850138 -0.0061306440517472134827 0.30468806135751907993 0.17432286335547328426 0.83103379768161456109 -0.52819917306097008414 -0.24996787561975888914 0.55618813571885028502 0.79257227988614831204
0.53007125278813127522 -6.9168963734830128942 7.1633243434635556213 0.95781053204092980735 0.0027461734803055351181 -0.28738727049540385705 0.24364387481576574301 -0.53812941966962601903 0.80687941475217617171 -0.15243571424149848781 -0.84285774969282267755 -0.51609511410821595767
-2.4744307072475053566 6.0214878732628127622 -0.26927637484203070795 -0.75551869715435782116 -0.0076894147716053328975 -0.65508195758293830124 0.28882610617341836212 0.89359944521007894647 -0.34359789276558339033 0.5880229405753054639 -0.44879940332038009698 -0.67291018489562837157
-0.083394998351427010452 0.72040557369709345981 2.6756410405507495831 0.68261905587703475273 0.0017467817934246430284 -0.73077231290377908657 0.63455226244550866355 0.49457122914361273391 0.5939214809455843902 0.36245641224654506773 -0.86913534507387868455 0.33649532116299757378
0.9521103496287666168 -2.192212650876466995 1.7569501379978198496 0.84540120826578046831 0.00035754657949783798937 -0.53413169651611569488 0.53039675458284796239 0.11749158381507739113 0.83956834770050514649 0.063056163780503382554 -0.99307381391976812246 0.099137885372898151837
1.4981623517471023277 -3.342278733018186454 -0.30395011219688183868 -0.15304832409760946166 -0.0051847326445965766922 -0.98820510474205180973 -0.049319216438065804908 -0.99870003961087416844 0.012878112102517189769 -0.9869872468177216529 0.050708474920825009902 0.15259366038716026814
6.4058642493016479946 0.86303815389739257924 6.583570345110119959 0.96227583157001783665 -0.020711756434117094272 -0.27128628259044224036 0.2692228750432718587 -0.071530446740430408958 0.96041784591012313577 -0.039297169487696792523 -0.99722335428656050382 -0.06325594150531722859
-1.7640509711576324303 2.9783301760816085491 4.0887882207088228625 0.69540085087094904992 -0.00054102709041836671844 0.71862185041768777971 0.7110438428250515086 -0.14432579583862670258 -0.68817637146015608884 0.10408799252856096307 0.98953007632172906849 -0.099979587247381818127
-6.8305472578343193746 -5.9661274626025830869 -0.025029834642595595595 0.85451986291689430164 -0.0057190346043513046875 -0.51938723176809575843 -0.14325518456325914141 -0.96375194916100404008 -0.22507805886927367833 -0.49927322777843485824 0.26673858575729542109 -0.82436446484055758699
1.9957728025577647912 -3.8687991429904866614 3.198980482611951448 0.95318372447061727737 -0.0010678796932478392193 0.30238989241945479769 0.00089342459229329630743 -0.99997945455790104852 -0.0063476180312802216524 0.30239045817782456149 0.0063206087629553856302 -0.95316318681951717195
6.5255899900371474587 -1.0255646511439591162 7.173237460437089652 0.98679225075993215466 -0.013971337826337764179 -0.16138728437957008954 -0.158043673290973824 0.13555662222879633072 -0.97808312504751870886 0.035542244903446096327 0.99067108764164013568 0.13155814280372402081
-1.3057856857861842581 1.8877297485938102639 -5.0166329505163398395 -0.9348795510326014524 0.011782868847378079324 0.35476948722059770125 -0.19998960440144300521 -0.84320869763988626211 -0.4990022548604212127 0.29326503915810187006 -0.53745721339110807957 0.7906550199558733949
-5.0778134549660158825 6.050811582425617452 -5.2212055306654594489 0.89514842861251442407 -0.005541693319719459554 0.44573375504633444555 0.41799415653873939203 -0.33700046920842963161 -0.84362999523057424778 0.15488762330155397828 0.94148816954251290934 -0.29934904502859666087
-5.9804439681579344423 -6.8387292304990747738 4.882697502483061669 0.95797101365397518968 0.0081225083295775237641 -0.28674999887923097175 -0.28071868925803022954 0.23235567933840151067 -0.93123995606964615757 0.059063986489891223686 0.97259696850122112632 0.22487014555582363062
