1125 14.717824617146108679 14.977075390850430381 15.033177056927090831
4.1411459011430249433 5.057692536087834867 1.1392463465233071407 0.95627889769915763729 -0.0043226150319956692727 0.2924243232266077186 0.093191894038315251092 0.95227198366088727788 -0.29067738133570564241 -0.27721100393164216369 0.30522022235418821978 0.91104043552700531006
-0.93730017039815360924 2.1988146685355349774 -3.2829574130033130075 -0.99248821085001515119 0.008066685551926876252 0.12207407549486734566 -0.078569732118060731096 -0.80687776486391471487 -0.58546995632832532497 0.093776055145331535523 -0.59066335687300153268 0.80145046654737372993
-0.16673669293418116877 6.4696233055827985226 -7.3780169029521118773 0.9976408997298695791 0.0096438616213443840303 -0.067967868284010385382 -0.014601985753589789147 0.99723723386995855034 -0.072833243751867005056 0.067077695235441908705 0.073653888671235026586 0.99502547077224190453
-0.021679961330878232129 2.8110866140429386917 5.6881435008101970396 -0.98137161001848483011 -0.0048403513706014832108 -0.19205815277757720683 -0.061583029492920854375 -0.93900668891133010074 0.33834001929749041304 -0.18198157469424092181 0.34386481235843557869 0.92121642261386449402
-0.40214540133577059144 -1.6226642210308779291 -2.3371948317114377147 -0.99277124315575515645 -0.00055886813645145833052 0.12002060835301760211 -0.09914867030488994093 0.56735367225868649221 -0.81748354830627478762 -0.067637267388556285286 -0.82347404223871922824 -0.56330782154986047683
-4.1313482517547974737 -6.9280177624675811643 -0.47384340482078862733 0.49571479652697175711 0.0059062953687491195551 0.86846528783785215122 -0.25838339971456980582 0.95569947747721695208 0.14098413918480193208 -0.82915912782539957782 -0.29428493747516132339 0.47528046069568036236
5.2338955806211302502 0.013293454486621947286 -1.9083183365660301156 0.96193972186168130722 -0.00055053541423209437222 0.27326117253536719165 -0.27193296792708410159 0.096567572454984401675 0.95745870140940081416 -0.026915283000706925753 -0.99532627859463229658 0.092742475059027593143
-4.1486985420604636232 -4.2127079767789270548 5.2034548224794798799 -0.94879075289322511999 -0.006444503138527523517 0.31583947758908637038 -0.27885103844146369445 -0.45274505713009294272 -0.84691440630350767194 0.14845270487447201346 -0.8916167234992126156 0.42776326723064389546
-0.32787096491189215985 2.9730311649783551786 1.0331122390102975839 0.96381251788502442235 0.0037096069889688311483 0.26655518975284397953 0.051673470391329710816 0.97833886711966810967 -0.20045676227259948132 -0.26152491817394435403 0.20697656847836917726 0.94274355859639102917
-4.2789328122916332475 5.8062738077288420513 -1.3012754182534780334 -0.99164998423473427192 0.0042222279217964692882 0.12888941600696948719 0.010484304042852533867 -0.99351573049381947111 0.11321030266795735486 0.12853166199799914704 0.11361631068121250121 0.98517559135991150665
-2.4236387161713173199 3.6752344415170323799 -6.8639113818570969272 -0.94113216970628466029 0.009540009501958447366 0.33790416890396035576 -0.2348588620696759055 -0.73739981307396695875 -0.63331100620934777101 0.24312867796974804713 -0.67538914997004650953 0.69623124179502504649
-6.9426805501165773649 2.7355044256906340117 1.0695167274626256049 0.99424764473798599163 0.010140766914529950743 0.10662450834273440314 -0.090795083990812167074 0.60786881566714634495 0.78882935775896423358 -0.056814378955046790365 -0.79397271224247978338 0.60529287007043663937
3.5221091164469200407 4.1598497338113507027 1.4238849070895680526 -0.97217340650520611689 0.0026846093790418835111 -0.23424700757230287884 0.12990829152763197496 -0.82592309172118061333 -0.54861177744765610154 -0.19494282104371407627 -0.56377640907930470782 0.80259171257200989658
-3.0150250232824040708 5.9845987996572374001 -7.0293518247801181076 0.97967196278006518639 -0.0046015830905993338265 -0.20055341127955333969 -0.09006917089844107549 0.88321455540126847517 -0.46023862678091448375 0.17924951826007895495 0.46894655832036508114 0.86484607627206289138
-0.24572718293186288085 -2.8680967551089753265 -2.5283469667194662378 0.93059135972315365493 -0.0028628171163118431089 0.36604852886846839244 -0.25763964537718214709 -0.71548026668172881593 0.64939187022853817055 0.26004140889193816388 -0.69862707667764278874 -0.66655732941310230633
-4.5259415585510351931 4.5285929648024199068 6.5859366599956086219 0.69799064674082689219 -0.0028468747183738019567 -0.71610121656558023417 -0.19224003216990157017 0.96254064919922011079 -0.19120478202796126199 0.6898208659453173297 0.27112247037707049024 0.67129708696142620372
0.28519644391171383724 -2.7334846354597330809 6.7336138698348504406 -0.98622691456724731474 0.0080239400706394112261 -0.16520317602552947456 -0.010799843075636118839 -0.9998150757816304246 0.015911556470706130634 -0.1650449525817905827 0.017476573620714027507 0.98613119461957132739
-4.9803609455911228565 -3.0868740444130007283 4.5961772115644867753 -0.98596105625015151297 -0.0044795767938245172751 -0.16691533467545074942 0.13096195777532318449 0.59938868694412428262 -0.78967218994925247877 0.10358456049876312022 -0.80044558550559263832 -0.59038724873684533812
2.0450296043390716605 -6.3844518060944315252 7.0850438467482037552 -0.99788669547513320079 -0.0019038076140664756015 0.064950123249339908327 0.043852080583749647458 -0.75734626685121952949 0.6515394286726091666 0.047949327649241979543 0.65301072548855920719 0.75582924948357077533
-6.1504942557255377622 4.3621462890441273785 -5.9141615477362083908 0.91820140607494304952 -0.0012270485397596966881 0.39611194406854638439 0.39019787773387043517 0.1749840016998012171 -0.9039503389904754993 -0.068204062150832550637 0.98457051220381941459 0.1611493481375478598
-5.59191661008573071 -5.152246085261665165 -2.9301485587855711223 0.9977425698080313321 -0.010683113683512327624 -0.06629958879900084423 -0.010076132959919647039 -0.99990426966365308914 0.0094827766457733376343 -0.066394547498020664578 -0.0087933264675388259773 -0.9977547000501373331
-4.5669519267118827699 -6.227708673506999304 6.2476556479785143594 -0.89439934288110634064 -0.0054538190460382733951 -0.44723603534525380176 0.40187336515110161361 -0.44873117520774208344 -0.79820932766963659244 -0.19633546250175243353 -0.89365014869044379076 0.40353661284902975215
2.6908084578437776457 -2.9059733870236783559 -1.3863449014850095509 0.23076692674209373091 0.0021586126643023373882 -0.97300666283096415299 0.97299904139012038939 0.0040253647825762833151 0.23077404943428997397 0.004414858539464880556 -0.99998956836046193342 -0.0011714069931808399234
1.246134442578646695 6.0940692274991441479 -4.8195813607317194993 -0.94430334603962662321 0.0028475881329657576173 -0.32906394804094690754 -0.13864030854009243288 0.90344411980149075259 0.40566930774216736211 0.29844606800287559745 0.42869641197234115149 -0.85273051479099848393
-2.8390205199442224426 -3.3189115635111816616 -3.0643711122561287929 -0.66787286065229378718 0.00061993550798436491966 -0.74427512230626824419 -0.23533688228268681564 -0.94886946301736629916 0.21038843597155518217 -0.70608950837807993306 0.31566811342471468027 0.63387005634071669213
1.6506560787539175106 4.4019312984295142499 2.9578626534310572538 -0.91501798575660087121 -0.0044090742839628877317 0.40338895102095556622 -0.37885162189219551143 0.35297164736612973712 -0.85550129441473365954 -0.13861289381408040122 -0.93562362957521760798 -0.32464579074569566153
-3.7597270167651202222 7.4435326426892123308 6.0305493270151933061 0.89453645795130964924 -0.00035583731738841363479 0.44699485318725173943 0.4017836116087653564 -0.43760627071966845536 -0.80440703705868354945 0.19589398877628744211 0.89916662816558423632 -0.39131179378425801074
7.2057686577725821309 -5.6905664567399236731 -2.4605886360911433108 -0.99592521318761795257 -0.00026815640810820377815 -0.090182580519896082816 -0.069004772071604450479 0.64609846004027404742 0.76012835847961612856 0.058062993106054235082 0.76325402588246382685 -0.643484250627735066
-6.3105525952936858403 2.3909187988329470009 5.1993609779608558341 0.52527841886109027936 0.011794689761231127306 0.85084867513113437987 0.66887901469427124557 -0.62381898654310030672 -0.40429041013844624342 0.52600707826075743245 0.78147985087384552738 -0.33556787137296245627
2.681754040071384626 7.4879278073141124494 -2.8679154753638962383 -0.98875603686153279437 -0.0044193016621051264131 0.14947230292804947194 0.1317099817992051225 0.44757876308748495431 0.8844917927982025585 -0.070809464510452044261 0.89423359398198820625 -0.44196413783232774142
6.1325592725266231398 5.3645011000878604079 2.0830062420128907519 0.99675915762255651309 0.0021192905449411549371 0.080415734176067385497 -0.03210406540445082807 0.92707445145112410412 0.37350005415140863363 -0.073759817515974018809 -0.37487127133749059693 0.92413798712403882885
0.48403547757718123901 6.588036404181765171 -0.83231504314647408727 0.99007331995284864057 -0.0029146572984676466164 0.14052162072290014239 0.097667775996530037386 0.7332304519991302838 -0.67292949838235627258 -0.10107337260443639837 0.67997397673296355869 0.72623657599738122848
4.4920677851047630114 7.3393630972784569266 -5.7726575530823502902 0.71972189130506525334 -0.001351984818457155433 0.69426116938322779415 0.60510744514063741217 -0.48902529688301782373 -0.6282509362060920699 0.34036066019987887277 0.87226855448628748402 -0.35114411548939272745
4.6040397048295718108 -1.8617070524741123894 -2.3595539430946099735 0.98212951263619507891 0.00047724134861831151236 0.18820571896144253077 -0.11014680618945370261 -0.80939641856658761654 0.57684063544260777423 0.15260832708395827284 -0.58726247100616690844 -0.79487954348593237164
0.71094423939720785555 2.2754695599996961342 -4.4711222018144161083 0.96584627643729625834 0.0077968308723225469153 0.25899841644415111386 -0.095796394585398098043 0.93947298362716391562 0.32895830103392198485 -0.24075718281425406708 -0.3425342646554401238 0.90813339133651804769
3.841941893667415453 -7.0745020176534660905 -3.9174430596032747687 -0.98041142763443323016 -0.0068856952127463247337 0.19684008678379530388 -0.044614915975431664041 0.98117566569642544749 -0.18789311407716330349 -0.19184092846973271884 -0.19299456014754523547 -0.96226303987901939951
2.5386893894974082997 -4.8478316128098484228 4.0910882948827307359 0.60683249316264509243 0.006926678959794693724 0.79479956363890613691 -0.79347167762995618467 -0.053150798667957931121 0.60628185640007059565 0.046443751366837787709 -0.99856247361868599732 -0.026757508094645575392
-5.9471023595251644167 7.1968489072308470256 -6.1596350538508861661 -0.99569021858648265599 0.0062035467178495626653 0.0925338025765247707 -0.088899596655084511809 0.22036260182450481682 -0.97135842274196404489 -0.02641685684774021034 -0.97539829799179378345 -0.21886139437783339035
-2.9634098301255167307 5.6314485585633216047 -3.1538916552553470929 -0.9930540498899956825 0.0079244918196526986653 -0.11739189250738099601 -0.1128217729772677258 0.21900913809630623286 0.96917812860832508459 0.03339014134945978568 0.97569062712497767187 -0.21659385633246241998
1.5632714651480028589 1.9757651070568658103 -1.562969714881337735 -0.99293931612894925642 -0.0045228238214844850712 0.11853716105174333384 -0.062025452420743969195 -0.83199308179732578417 -0.55130785872624299415 0.1011155662473029182 -0.55476756926303671946 0.82583811147011432219
4.1011027773374912897 -2.1448099038486896362 6.8940191439092002312 0.85357944597489754379 0.00018849250169892389772 -0.52096266073477903724 0.47380080822726211576 -0.41604676623310465899 0.77615583643364494115 -0.21659853077155805101 -0.90934319856554368666 -0.35521827612055761891
3.2838909757239767018 6.8838255613757581841 -1.9417413851963649662 0.98621556586411218692 -0.010367985184991067305 0.16514043275498863084 0.10408585865446839946 -0.73696606481323490012 -0.66786761662913352033 0.12862733642371748655 0.67585022319814325176 -0.72572824399199098444
3.2952396587871612965 -3.8009351920684020243 -2.8448692326306965761 -0.99315995503630505326 0.0030085920017871750458 -0.11672297154581304235 -0.11658249306133258716 -0.080921910514477238263 0.98987886466485652814 -0.0064673042234000607115 0.99671590374236651577 0.080719150164173150697
-1.0544558767559508716 5.0391399016197784277 -2.4687357223737849132 -0.99733939068403720807 -0.0036761980789982253749 -0.072805393740871249264 0.011812855466980307431 -0.99367776879358138409 -0.11164653264297916269 -0.071934666439721212106 -0.11220952443160664425 0.9910774068613389387
-1.2839530994612458059 -5.1691358028954352832 -0.65174309173932776229 0.94107499287202667215 0.0061527423133872424788 -0.33814198430978037457 -0.32754323239937177537 0.26557079648838660679 -0.90674559991313607998 0.084221664079242503087 0.96407172752577285912 0.25193732451785433302
-6.585161487669476621 -1.0690178217372625635 1.1931688937289866015 -0.71979302669002753756 0.0090287994533444163731 -0.69413001628581794122 -0.60950312592780186982 0.47038608336531795295 0.63815583681456500287 0.33227088077749106221 0.88241453600715058503 -0.33307754116822829715
6.9338045873939027075 -2.0011447887436366599 1.0589430475164627321 -0.89278212131503331683 -0.0070048488305897264883 0.45043425264191278012 0.39804773971664153542 0.4559367790045099067 0.79603998043908708038 -0.21094568202890887076 0.88998459854304379224 -0.40426394050111569278
-5.4811569223152805108 2.4294129001802073908 2.2942770801145098147 -0.99231078250105098082 0.013167106143823338257 -0.12306883540497984275 -0.019988376960420300987 0.96422524261016251401 0.2643296167662088636 0.12214653379707314518 0.26475707512563440016 -0.95654791592069920991
-0.061199127280058586431 -2.6076038203385007996 0.90476507149495333238 0.83647817779462707577 0.015313537049180637323 0.54778622988934022597 0.39843635361184015498 -0.70328695026882026564 -0.58875796190126405971 0.37623494015555336567 0.71074113512909686818 -0.59438565649040520089
2.679725822341739061 2.35168818142838143 4.1158708089993343293 0.8973191259516676288 -0.0044457333040817999942 -0.44135996834415341938 0.057961573719360712231 0.99247683397134311978 0.10784335863748770179 0.43756010121275490388 -0.12235182665428630255 0.89082612688501716658
-3.2993514428613486267 -3.1180838807994111228 -5.6726418046576680965 -0.9427643954332169951 -0.0038396275571592891618 0.33343747834255749174 -0.3323531291947718902 0.092209460328892975389 -0.93863667781541737511 -0.02714207467704844029 -0.9957322294101615956 -0.088207908353765518417
-3.5518149292320138066 -4.6249230631238882339 -6.7813013492197189436 -0.99999480897911863231 0.0031625649039833765228 -0.00061660217476853097611 0.00032317307837924813714 0.28884510571912336285 0.9573757885289163605 0.0032058655890787927066 0.95737061950187507531 -0.28884462837390695311
-2.1511261266015573312 -2.3530073597974050514 -3.4476818125716865993 -0.99291100502409701534 -0.010633822895156127414 0.11838352044407071673 0.048379859767225863454 0.87359422829409238975 0.48424427044648687968 -0.1085685279950020371 0.48653884336402003497 -0.86688686033822082155
-2.9007470274022395529 -2.6387134010781321258 6.006955264438392561 -0.74623107991511850035 0.0092428169457600684034 0.6656228254075151618 -0.0014640335523651987204 0.99987839862774297028 -0.015525609926388052318 -0.66568538512913633109 -0.012560186811222298631 -0.74612680539757525455
-1.4490779207822319652 -0.24301803286035714158 -3.7379433143197586809 -0.952653084859178656 0.0026064560063587868116 0.30404819732307031277 -0.30398341701514186575 0.014184935851464085949 -0.9525717137175475635 -0.0067957404394519138613 -0.99989599158210717977 -0.012721003494297118686
0.11363885082730576515 -4.668499883494848568 4.2141246758040598053 -0.82244377844873062244 0.0021511309730964638803 -0.56884233661568317508 -0.28875393279512551192 0.86000018300255320902 0.42073845977145424291 0.49010957712149066934 0.51028919043135334555 -0.70668065244685385196
-1.4732401074506940031 6.0460531015300533753 3.5864140910110138272 0.9991198254723943073 -0.0039173452582733133548 -0.04176396477944130381 -0.026566469018265176372 -0.82959285634999890835 -0.55773642109585896964 -0.032462240709344392098 0.55835503678134390526 -0.8289667398810602883
-2.4374496212282155128 -5.3208609842627572206 -1.3507398984289891164 0.60388691906799685238 0.013061613187392979302 -0.79696297482352174146 0.12107349695037408766 0.98676025395504995963 0.10791389878442943229 0.78782091703300982655 -0.16165888616339471606 0.59431019443520216594
-0.028946828386119425464 2.8630344210170939334 4.4407811992417007829 0.98256111915855082195 -0.0055848510362381063171 -0.18585601027889436798 -0.1852077550088347957 0.059218525226482902901 -0.98091347923994187674 0.016484374494220181695 0.99822942037845807661 0.057151462699017011038
7.1068999270423249826 -1.0647362254836338913 -1.2724130745325776815 0.73188712460209004451 0.0058868777764412277137 -0.68140045605473820167 -0.085039364474418982498 -0.9913563071510410607 -0.099904848538613075237 -0.6760987674381073731 0.13106493406620919884 -0.72506030075214800146
2.4241209647987917997 -1.5568912636052119058 6.244750130038116076 0.87761437401221986665 0.0039496440588020782086 -0.47935103091454583923 -0.34116775785526026743 0.70760162877578924867 -0.61879277302967927721 0.33674555903086306197 0.70660054858853416082 0.62234885169599896138
2.9926596263108597995 0.95873276983877442348 0.59767772317191913967 -0.96845151987969346763 -0.0051276039185163295106 -0.24914927517591434203 -0.18844579480476245092 0.66927434896104853745 0.71872110602315109062 0.16306390177792054463 0.74299768068334437476 -0.64912603586369721498
1.3835249590781830697 -1.1551688203096963647 2.2606489461392511586 0.98573150809864940047 -0.0091760174725598712964 0.1680749673360493468 0.16832517191558024616 0.052700763784220137909 -0.98432172890590208247 0.00017447423144568291464 0.99856819006013253226 0.053493358081556766082
-1.6876496203626834003 4.7232783008794543278 -4.9550939943953951072 -0.76139080102112732806 -0.0021734979287060017875 -0.64828953718783621785 -0.62079524111184269941 -0.28570792161865554704 0.73005770466260488938 -0.18680823518598266286 0.95831428009340502427 0.21618608612863637886
5.2462437534938741734 6.3431989710286513784 -5.5168748744221751679 -0.99157810382590261256 0.011705727822534154475 0.12897999825245906602 0.013338609408546546822 0.99984136807892731724 0.011803396846105379189 -0.12882137055661163627 0.013424403681517187853 -0.991576946017634131
-6.7265887781201545437 0.51900280681434241004 -2.8088515585634712401 0.88203091088198282144 -0.0070492486568862963714 -0.47113881217976977256 -0.30213469885882449084 0.75881487646790035662 -0.57698752759198013162 0.36157446811732629754 0.65126821766805531588 0.66716835406163677025
-5.3838977575515247764 -1.8783316485282248731 5.1187304269606883622 0.94020857397044221848 -0.0022304053420613033018 -0.34059192991696479735 -0.046269211223681327994 0.98987225749868856806 -0.13420906797637133234 0.33744184317489439584 0.14194343636235415285 0.93058318453984956165
-5.7983969372186843216 4.1639262524362683493 -2.2932114486759300753 0.98123826960626847615 -0.010009304292175710827 -0.19253901445628843203 0.1920983327447222111 0.13581956595044458735 0.97193172397129856677 0.016422204995537807715 -0.99068302667029306541 0.13519412653831799909
-1.9825151192475003459 -6.3065463960607006655 -2.529942734081105371 0.73624225400800991093 -0.0083671726106629012998 0.67666633863059288956 0.54665132780543324031 -0.58206119518955434788 -0.6019776498036353285 0.39889806871155014667 0.81310193424734844569 -0.42396412029932928345
-1.6149378031239369768 -6.820337914640436594 -4.5899834678815922828 0.99507293617845760103 0.0020400058894068408277 -0.09912461884451062577 0.093695139725151962984 -0.34627598810923354566 0.93344210364162172322 -0.032420247947498280483 -0.93813046983608494589 -0.3447610028527657855
-3.0830718544409085879 -1.6715990130364142274 7.4094282220725871113 0.80740831889134923038 -0.0031049217960380931514 -0.58998488628572620662 -0.5307488772043232883 0.43291734195700509735 -0.72862075483703148127 0.2576769992283682309 0.90142827473595210641 0.34789312953136058981
5.9717973004058571007 -6.5351513963964142917 7.1755344450824338765 0.99996291818874571966 -0.0058087602636488488983 0.0063577159115752249208 -0.0080189236379652854836 -0.89723562922869004588 0.44147924357363654835 0.0031399221491373585646 -0.44151385476205895486 -0.89724893811146722022
-0.63193089825914539048 -5.0068002974581578002 -7.1062542967393600435 0.73701913606765434572 0.0077360008405161773126 -0.67582760180458445465 -0.49156945617272407301 -0.68012691286260029688 -0.5438628983098244829 -0.46385586428118913416 0.73305357013723382309 -0.49746376800827951659
-0.25677805538579046019 -5.5452286098791683244 3.2326176383445135443 0.85179135902938318825 0.0019710886567239150127 -0.52387746228710885266 -0.26579020415027243551 0.86336097844054815464 -0.42890953391588315657 0.45144993970603208844 0.50458293244591057025 0.73592731721525506128
3.0136361164547147418 -6.1398291966938334241 -4.3579311691644759819 -0.97071515366888860843 0.013601862871150179057 0.23984803473049945421 -0.21982835214452459138 -0.45296021279671722093 -0.86400378541804545574 0.096889555840952962251 -0.89142696557249490041 0.44268541767185948244
4.0114162998790012793 0.7400187443252883579 -5.7561745661736072321 -0.95979971818357756597 -0.001301864159458443861 -0.28068274995880176936 0.24321644236919931492 -0.50301538620330221718 -0.829349916141357002 -0.14010804093961723438 -0.86427647566751664154 0.48311066068931168838
6.3026637610554292479 -2.9495470351097172745 -7.3219515850029806003 0.53666309356979313705 -0.0059057934560755422429 -0.84377594514407505688 0.55932449975801601383 0.75120909691436255073 0.35048679958554213032 0.63178226310225404916 -0.6600378885464366352 0.40644945283824185367
1.1498376292027323586 -5.8550669412358535837 -5.5832419933542745127 0.87681385528260502582 -0.0046904557230521368855 0.48080709521558939734 0.40519730743529563943 0.5455595106578278175 -0.73360749885608977916 -0.2588679300950791351 0.83805895971346566764 0.48025469785559465885
4.9454784625874452786 -1.200253074043125201 6.6175353057686123748 0.7805586424156543135 -0.0058338384382857402105 0.62505533521394052165 -0.61981781872009245049 -0.13673238702544518453 0.77274195300593351288 0.080957256298517132898 -0.99059084422748522325 -0.1103435634063870685
-1.9652511031527111207 1.9296296871070861556 -4.2818762771868668082 0.97543796531474369349 -0.0023624474535979050546 -0.22026165046284049143 0.087053331738777842141 0.92267493683502910251 0.37562305356517611266 0.20234251470157021968 -0.3855714976220218082 0.90021782195520760883
-1.7851654129607252841 -1.483570363080907395 3.4120542320636979561 -0.97100821257973390921 0.0015091114042211010819 -0.23904136396322864244 -0.2370549964217437966 -0.13487698308486681387 0.96208790040485603345 -0.030789280181485866733 0.990861202195701396 0.13132440066185518956
2.9476702290946685814 -0.53045552001587259472 -3.3720206155009613269 0.94927061466506923448 -0.010625311621411321836 -0.31428077078679267364 0.051713004731329906272 -0.98054745611789262405 0.18934743579555468607 -0.31017908581174508109 -0.19599435974952794659 -0.93025541958715252111
4.8261593675947764837 6.5127271200390808303 -6.5816990679092395311 -0.96935142949843045024 0.0036338714345474708127 0.24565138124575314205 -0.20281107076410895274 0.55248242029914063078 -0.80847439343244487109 -0.13865596166434490666 -0.83351662865165732086 -0.53481263453300353916
-0.6892599319230073851 2.1379058657280536337 2.6220871206346201276 -0.93603455485930753266 -0.01165279730985718798 0.35171511827635265623 0.17726798536095955683 -0.87899850383617228466 0.44264849668761929724 0.30399896953010385747 0.4766821189940132486 0.82483864116327521021
3.4593789244465424915 1.2551783375410991983 -1.1933658562341071807 -0.99999321889485459636 3.2080059741896628511e-06 0.0036826829766494488701 -0.0024343872125662498543 -0.7509296675963266221 -0.66037770107904669725 0.0027633174079136112525 -0.6603821880648174103 0.75092458327292010978
0.99999667739426201241 0.49379606105661244531 -2.3985044580098535683 0.80845680030662547821 0.0070546966977199825413 -0.58851323969167312899 0.18434435982788044406 0.94657883089426553269 0.26458585355707631148 0.55894074734051990561 -0.32239532899437733926 0.76396759931635749297
-6.6441179651464628009 -0.54355317684392423505 6.5671742217986039947 0.98982622809419196219 -0.00047760111511372955323 -0.14228074386279795926 0.05391968548695083574 0.92666504930860515987 0.3720007444978427058 0.13166892455687206898 -0.3758878267344341606 0.91726312256566100434
-0.12719942264124106668 -7.3966716304501147761 7.4990468595645358718 0.99844708184978325782 -0.0014725577031412398835 -0.055688924567059101822 0.014435262818207408864 -0.95866832947210900429 0.28415956301799016881 -0.05380564963822398461 -0.28452217073721647322 -0.95715833926581794788
-3.8020026487721527708 -5.5448059563123095472 5.1647724826592211755 -0.0089078320086337092754 0.014245818582289472218 -0.99985884362836241479 -0.43485565611581566969 -0.90045564004021527715 -0.0089553706643384425878 -0.90045611157514371392 0.43471450053174293116 0.014215982359163898546
1.0771555539478254726 -5.4605659658078442575 -3.336390902840562056 0.98302193616723454461 0.00025356919975898749298 -0.18348789801178502779 -0.10511731223273954039 0.8204141866096023028 -0.5620239435099786407 0.15039356263841366368 0.57176961978779050622 0.8065117966928703197
1.4688560389087299551 -4.4150595872298881162 -7.3117076108710472582 0.96321939399617451105 -0.0064717399468949173003 0.26863826163033999173 0.25695766825728044713 -0.27030968301472624304 -0.92784989733920553157 0.078620326592281297717 0.96275167714761078486 -0.2587045658583383978
-0.90837371365465069406 2.9408204324890596659 -5.3560994522120788375 0.98307198050614830187 -0.0071513087571498813039 0.18308014618386503347 -0.1830870643922959673 -0.076366163825932920073 0.98012618364923309588 0.0069719434765365189896 -0.99705419501932834869 -0.076382748042918918729
-0.28520552484666461535 -3.7955359284963181565 1.2583383252762856408 -0.069156689456622566503 0.0035619452869169693048 0.99759945110700842807 0.62991533632925500452 0.77558622117260522799 0.040898442323728231851 -0.77357871051411242203 0.63123159464101785687 -0.055880699407864595218
-6.6439338412717914295 5.7457709839516271089 0.22153919116114267895 -0.87625674486223592563 -0.0036682438750625543863 -0.4818305314839861353 -0.32543640208418717075 -0.73292732902921897686 0.59741834468028431893 -0.35533824066898256344 0.68029704861100193103 0.64103873546709222442
1.8820452613004938769 3.6308544446668027383 0.79661506952976202101 -0.81395560408586220547 -0.013217881406019147891 0.58077668874396926046 0.57841899501528426519 -0.11123914248360211587 0.80811961947782362525 0.053923471538178530116 0.99370576167731961004 0.098189197097350189303
-0.025672965160318278466 -5.7932381000466701693 -4.5330559256004407942 -0.99659786551900486629 0.0073954463439625051438 -0.082085332529120785816 -0.026801339774966331103 0.9127541216589135642 0.40762924524757787603 0.077938325805168615079 0.40844243262444079878 -0.90945060151856893516
6.9874084039319646067 5.6631852969301119671 1.0390066342478745387 -0.84220999935063800557 -0.0047646118760124884367 -0.53912857044258921668 0.085002099777313613882 0.98628152758198417427 -0.14150403310109149757 0.53240676181586366056 -0.16500317216375817719 -0.83025116269033227834
2.8828299479906864811 -2.4743536944054844717 2.3891952710532646798 -0.9179683655062448322 0.014579166065528554111 -0.39638557976631000335 0.17482463495606734294 0.91189491013010726128 -0.37132737562877193849 0.35604834916381411514 -0.41016474835817973155 -0.83963947755093315539
0.33323044695068637644 -2.1326860793100550495 -4.0130348395997454958 0.72042785243433815623 -0.0034070554028594749255 -0.6935215219518078289 0.47183312091127938004 -0.73048397719119162463 0.49372731854534324114 -0.50828851595123014651 -0.68292133590946302313 -0.52465344134169089596
-1.3910078355316797261 -4.250416743711127765 5.3918918165845779455 -0.99746491884592480837 -0.0032078664905591490475 -0.071087588679444146944 0.020820956020228834071 -0.96842130052671260287 -0.24844853083981366382 -0.068045745363582224585 -0.24929880520899733165 0.96603306478569750393
5.1014417077121638755 1.625385400924782564 -6.5616265964654987286 0.9364005632140492974 -0.009725539357006197233 -0.35079823131902765354 0.29414606594204784074 0.56693126270006366507 0.76945892370168589292 0.1913950811886484249 -0.82370768920633308241 0.53373548283702376693
4.1860704418992096265 -3.4671798985793658154 -0.078379049899094832554 -0.043529164416758719947 0.00043821903133176498199 0.99905206061005191742 -0.047932295431155860777 -0.99884922363521666533 -0.0016503024161425108342 0.99790165191756674545 -0.047958694805471907552 0.043500076927244064884
5.2694024765265199406 3.5095217576995931807 -2.7924682289750908382 -0.96296982963898947183 0.00092550158797007715458 0.26960758641379062306 0.26784695909519418144 -0.11086279385557487598 0.95706188276519388314 0.030775212566793282154 0.99383529037028328634 0.10650963292644156921
4.3420162289021071444 4.0798048233079553526 -6.9590346660550697067 0.99996657870074667773 -0.00039878691398827475351 0.0081659323105751288607 -0.0076164713277826773946 0.31760577707348031096 0.94819225884523095083 -0.0029716739418169067777 -0.94822276461731791475 0.31759212492661487159
-6.6025410906653299037 -4.808753661912843036 4.4664404610056553935 0.98569679503863827374 0.00059226955611140635893 0.16852737898420927509 -0.11539253282096692543 -0.72644236659849859006 0.67747033247210219908 0.12282667307897333908 -0.68722713656226408485 -0.71598356905232285463
-4.9047997419436413225 -3.3716966583615048947 0.97336955991860985016 0.9666296687208123517 0.00011240209941758456946 0.2561778111280970105 -0.25292844229669120271 0.15918704103958147833 0.95429905639820966634 -0.040672922516037053609 -0.98724843546645590919 0.15390334643258810066
-4.0824778936605365942 5.9063546520316831945 5.1357632473573664456 -0.97869167629993680801 -0.0015278958974299667456 -0.20532965756385979095 -0.20410432867437316995 -0.10209407690356493703 0.9736109194527567956 -0.022450517979401951596 0.99477357473719230097 0.099606773098690967738
-5.3757364672451899423 -2.5322865267733627448 1.3445911406132813326 0.98616827235096626847 -0.004621494784735845178 0.1656827703598339474 -0.16330958666629208365 0.14371357105433166246 0.97605142712749826117 -0.028321679170658767277 -0.98960853436125251203 0.14097102967689401076
-2.3727858412202618155 -6.7355286095431203819 7.1193490441600228991 0.8043559667319738482 0.0033427276664570173756 0.59413828773640586789 -0.15403162720950680509 -0.96462229316958725267 0.21395814856973535689 0.57383424139884420256 -0.26361460068059977546 -0.77538481137185188974
3.1140316256556506147 -0.26981250806014517307 -5.5520822677691104019 -0.99885384374870367363 0.0053534255247668881272 0.047564058528297932515 -0.026091346916465207179 -0.89400267612527617445 -0.44730130415299529378 0.040127801392791158375 -0.44802963731874534403 0.89311768745187991581
2.5968779452549819453 -3.0168240002246338172 3.5672514831520429901 -0.86552842090227388727 -0.0159984208403402689 -0.50060423803735487613 0.50031477416910585809 0.0189990117750144967 -0.86563512191892499903 0.023359780787743918834 -0.99969149645394750348 -0.0084399383505242564496
-2.6050425583589444933 -3.1834735900176536205 3.7936547328489194086 0.9984009274561865821 -0.0061377984194387127936 -0.056195333305175419747 -0.021666923617327405599 -0.95971899915768388301 -0.2801249490435997469 -0.052212378567518237527 0.28089458892314578264 -0.95831732606586006451
-3.7996883589204317744 -2.2382941126485840222 -6.2717565013727218926 -0.90003107360942113946 0.003713180933582087024 0.43580991134297608625 -0.30149493018833001257 -0.72738808287510514639 -0.6164473894518066599 0.31471395521664585759 -0.68621628454781546935 0.6557913823871379666
0.2368358855750103964 4.2774169427547015232 -0.9527461432423494081 0.99882519706003480842 0.0078885108554267377445 0.047812102175124771009 -0.048458484005292380703 0.16325619634347776632 0.98539291132193818079 -3.233926244085641704e-05 -0.98655217082128254802 0.16344666776122329654
-2.4220141250858957527 -4.7666860807611364237 7.3325298668279925707 0.9961042560735497986 0.0085311930537124106705 0.087769754343171732525 0.071563836216486376163 -0.65976920691126395013 -0.74805294662720422938 0.05152599711171046426 0.7514198642282415852 -0.65780943993294249683
-3.3678359665446371274 -1.4421549808839806417 6.2887128310361433137 0.94634116798992218289 -0.011116353182963570334 -0.32297804950071079544 -0.27175749250433711701 0.51347539895905303098 -0.81393542737220281325 0.17488927650120292268 0.85803230787415052383 0.48290195651828865531
-4.2576573067106124881 4.4307492671122199468 3.1293166100156195597 0.99986868447124599424 -0.00091897478092578879783 -0.016179286112579554374 -0.0048707856539038883736 0.93518385297764305975 -0.35412912415807079602 0.015456042859540688322 0.35416142733950733978 0.93505657268633124435
-0.62089867769706519329 -4.4718292542287718661 6.6484120168919620397 0.99992839650722553646 0.0063687365069931547654 0.010131192115887102667 0.00049245091537908163275 -0.86779796920248686298 0.49691693686187188295 0.011956560980484587375 -0.49687636675877311365 -0.86773896812704354176
-1.6729495501935260915 0.44839833555186597858 -2.457650456222048696 -0.6687798993363066602 -0.0016879890033320863255 0.74345853746988221911 -0.33259471863449024953 0.89503078598917173991 -0.29715424491000991258 -0.66491668604422604627 -0.44600116908445658348 -0.59914001518435566762
3.7564241443570756118 0.51030516442503714991 -0.26082589542293049822 0.99912904396704604881 -8.1984839580932777903e-05 -0.041727050938095734678 -0.023962155933801933955 -0.81979983334737449585 -0.57214862433339586101 -0.034160921892035039926 0.57265017813854524054 -0.81908778827027117764
-6.4256465003137233083 6.1313166958488043434 -1.8040057073748227978 -0.99721402112105739235 4.3348193770556802534e-05 0.074593526533134613121 -0.054274689729722727649 -0.6864170453902339597 -0.72517990723157488286 0.051170832849009598164 -0.72720811183494249441 0.68450705470937411867
6.7566282443395495605 5.7998834133967989146 5.4826532735194382084 -0.97835998240753407895 0.0085124771746424021668 0.20673481215235806063 -0.035492745734105116129 0.97743907196270740645 -0.20821413400834104523 -0.20384310099577285236 -0.21104596260756272597 -0.9559851420621146012
-4.5161703507699275661 -3.1905538656778649198 -6.5062701727212051139 -0.98851956268227680891 0.00060506187367180596162 0.15109172080099467217 -0.11757419002008469289 0.62498298988492018147 -0.77173348521079965234 -0.09489670192160448714 -0.78063813399981807351 -0.61773677218512446085
-2.6499697543224729479 2.5561139921678979192 5.670966011916971361 0.93574702249388519437 0.0031311064988051905481 0.35265805827446705667 -0.14793404648661337419 -0.90425023454042996462 0.40055839926759351233 0.32014532291432235001 -0.42699146303614476938 -0.84568626730629048449
-5.3743792479062477696 3.1709490427055602169 -2.3288763406044927784 -0.8625854093998090999 -0.002642673979516563243 0.50590456388999027748 0.39830400252297470942 0.61301453532939786939 0.68232477681010983428 -0.31193001308728651733 0.79006720964045706879 -0.52772480630171336724
6.8466857771347893191 5.8580541912057322307 -4.5985706099562850824 -0.98359870794578296849 -0.0070887989383974460075 -0.18023132540459274598 0.021925293451753393587 -0.99651659104713996573 -0.080460954971206005704 -0.1790331344599455643 -0.083092916048380288663 0.98032785539740829872
-1.2636825654799617169 6.0772677659173712783 -4.7394587236697578447 0.96930494112307852284 -0.0050568568653841759752 0.24580959971703969513 0.11247251231168532704 0.89816094454660611035 -0.4250374708957016523 -0.21862722860772651479 0.43963774393224247516 0.87116059886889851693
-0.046175567148460688882 3.4624362165184150442 7.2199933273413323676 0.54780780468563372576 -0.0024166802073077001296 0.83660072243709970863 0.64549774264008508151 -0.63492221979797480724 -0.42450728975270951571 0.53220228613945752549 0.77257228429679158932 -0.3462553857552206904
6.6949058714329696684 -5.2275560655886996742 -3.5314868464224473676 -0.99800648107668255005 -0.00050939714051905838656 -0.063109462393562285043 0.0014996491891922656206 0.99949367243837461405 -0.031782853993319891417 0.063093698428269201495 -0.031814136326513399455 -0.99750039897152031898
5.461083678832414634 -7.2470641249643295012 -1.8976348682838373172 0.97678723308336934394 -0.0073297634423151701577 -0.2140863747491940916 0.18961040071541607199 -0.43544152360325760753 0.88002191760355985561 -0.09967244968360328139 -0.90018717725246000239 -0.42394392162658972589
-5.4623677972954913784 0.73755632022025952033 0.93027362928782908469 0.98547908574204245991 -0.0029037514619073691129 -0.16977202299629262638 -0.16952536061906361975 0.039692686260792676978 -0.98472617654062877257 0.0095981077193290839644 0.99920771558508880705 0.038624052653242563204
-4.1806366684298224001 -2.5972380917936095379 -0.84377153214465749897 0.96449244252307131386 -0.014715314088283139651 -0.26370018552727342298 0.26197030069910676175 -0.073546346401597323394 0.96226945108041006538 -0.033554282401141999337 -0.99718323013492093931 -0.067079920022993691497
4.9018345447376487911 -6.1063894901599224951 -3.7607998360064374133 0.99852661185896707252 -0.0023318547903967419381 -0.054214092841521351052 -0.054217897186816153832 -0.0016003804196773620781 -0.99852784558430895956 0.002241658767419196438 0.99999600060985061045 -0.0017244507014208194148
-3.5972168626732865526 3.7523963468469778704 -2.4868376128073816922 0.9160565987168162172 0.0090544685511795702793 -0.4009467851807121952 -0.22189326498328923454 -0.82133872251448680757 -0.52551506339341802487 -0.33407137995126146013 0.57036893279489153663 -0.75038363095150462101
-5.3555501427878287046 -6.7923859517842588573 -2.412445464320642774 0.8658194465791479999 -0.0015303477755505921071 -0.50035421849042904796 -0.30175430109523759814 0.79608105959374186877 -0.52459440363637344085 0.39912532830670943707 0.60518807373562422125 0.68880067342609985204
0.86593259111920273252 -5.5491201338172846391 -7.2252379250082503503 0.89140921919769033899 0.0017858154681092081387 -0.4531957797603162752 -0.032992078636800460656 0.99759465865137653129 -0.060962445633558050295 0.45199682153375031479 0.069294356866290957031 0.88932399350844004715
5.5068428471912049815 -2.1786830123929115111 2.40273036324460465 0.99545641417343466717 0.0018853148068421394547 0.095199648471845851883 0.050582035994580630545 -0.85753711254770992323 -0.51192925120383203641 0.080672083868745886326 0.51441864875949383507 -0.85373618213873769811
4.6123999252992931019 -1.323699625298221827 -7.2924310858800671653 0.94545522159750283731 -3.6817461499796680716e-05 0.32575208763482599306 0.13028347800681802648 -0.91649564945333983346 -0.37823529699330515896 0.29856429678112617054 0.40004465147981005391 -0.86650080064004719738
6.1196691483512193344 -7.3973462742522571034 3.8962048867661289719 -0.96148998300176902188 -0.0036513993942987946206 -0.27481571983725211483 0.20615759246812281891 -0.67084725736100347948 -0.71236437611583758311 -0.18175824508103832766 -0.74158655905675574527 0.64576568178511750684
-0.95029429172750912169 6.3706144286349104533 0.13578685740668494653 0.96342674643508940946 -0.0094029697162837065638 0.26780681173946785378 0.26106424018145402144 0.25838418896730808161 -0.93009842134594256091 -0.060451358562134023533 0.96599647776388242182 0.25138901765150784007
-6.6747255330340315993 -5.0115068157668822835 -4.2955843137671223531 0.93609333306845343703 0.011827300806914936571 0.35155282211993577057 -0.30611159854335345809 0.51972473342139691166 0.79761011196412845425 -0.17327712203895725973 -0.85425190454916577476 0.49013133194297581197
