1125 14.717824617146108679 14.977075390850430381 15.033177056927090831
6.9731266824479298805 4.6055449000535304549 2.6274749537233765828 0.8675082166823107066 0.0079264534347337489706 0.49735969410938640767 -0.49550304757811153289 0.1015323361079835951 0.86265167626643801668 -0.04366032328658280004 -0.99480066146959356121 0.092007717666089033903
-0.48474101950774628467 3.7173657470195027308 -5.3281650475081914209 -0.98160263884942466905 -0.0053375236015141165613 0.19086060422631215272 0.15825875516977888635 0.53649176581108581896 0.82893350253746289624 -0.10681959471902162384 0.84388867515736876168 -0.5257770232002954014
-0.088598092559057026185 5.7516874716100518938 -4.3321859682226424582 0.77359081424858877618 0.00067849811428553896686 0.63368508878653906358 -0.10165618909329474095 -0.98691530927200799006 0.12515666799469279957 0.62547843394412727669 -0.16123805991396308879 -0.76339964416157635174
0.61095175104289023427 2.5603602778595031531 -7.412299073174152042 -0.99521592066878994398 0.010187842635843664951 -0.097167273862187111821 0.089507950762768587194 -0.30356965781995842724 -0.94859569343388472351 -0.03916117972736998798 -0.95275477994787793889 0.30120546357726918352
-5.8021090547681515304 -2.068492719092089871 -2.8689596573007123403 -0.88404086970815010105 0.0018701753640309026067 0.46740586552782997787 0.43202296249013116825 -0.37841367379623369605 0.81863254966154819225 0.17840375715489487085 0.92563469788471886002 0.3337251945911450246
-4.3934367766129165389 -4.3068558642236451917 -1.2778750742423579112 -0.97996231119140431165 -0.005006142953997788636 -0.19912008230504352202 0.072560989264166500523 0.92201771568002621748 -0.38028704265217205815 0.18549601473195606594 -0.3871153193879777743 -0.90317936093212003446
-4.096876072468958796 2.1082412374375407715 0.089020493730592217818 0.79307941507592105701 -0.01136568388739270935 -0.60901220235113107115 -0.59891917549510853558 -0.19674836178863205904 -0.77626406805789627263 -0.11099938111114227013 0.98038813913847888681 -0.16284420170721075616
-5.8051792130327450892 -4.4273066539628587179 5.267850588813723256 -0.94827620681730739882 -0.0042754831115798461183 -0.31741763629089281284 0.21716000175720573395 0.72060020826776882696 -0.6584655446424861891 0.23154647313472376258 -0.69333762344800997646 -0.68239956820778402413
-1.2594181168816978023 3.5049025294771536387 3.0197302019004532703 0.81959705393174620003 -0.0091126742218506934928 0.57286789782201630317 0.56553173625797126256 -0.1474078465803304594 -0.81144610545106254929 0.091839667200504335187 0.98903381435370540942 -0.11566153030901693555
-0.90044305799861401596 -7.1122465112550488087 -2.1472214035221703909 -0.98384549405488119778 -0.0050047573269284264738 0.17894970307873370174 -0.072851847093234223252 -0.90190086288397652847 -0.42575514313313783665 0.16352569279157211368 -0.43191409554831761142 0.88696649421714202077
-4.0176593200392733962 5.80940250340206088 -6.121192527211487544 -0.93532387434586217179 -0.0010445776687416086226 0.35379112331450424112 -0.35113827716469420137 -0.11952490500426889153 -0.92866339832772915042 0.043256911453182431138 -0.992830653203860658 0.11142770602641655087
6.316696595893948718 -1.3829464793512289411 1.5851375606427060561 0.51754579016750723586 0.0057971731878173424907 -0.8556358734081304096 0.4625313806977037201 0.83939204747914908378 0.28545702390818711303 0.71986879148191040834 -0.54349552289938196648 0.43174244595423522108
-0.67547498408338224607 6.3470437099968473049 1.278121377176722584 -0.98143423615053737574 0.0015392102918669534062 0.1917927812595896786 0.15657143050303504173 0.58399532675976373319 0.79651418410040064622 -0.11078008513205632457 0.81175555997759596405 -0.57339400379118188322
-1.1282815096054863435 7.383750945764647966 7.024456927581104182 0.91353868777720115268 0.0052078936762013292028 -0.40671850680525351018 -0.10444540764191663496 -0.96338743440889040848 -0.24693280066798398154 -0.39311349856877719766 0.26806254693020242774 -0.8795477520729022558
-6.7699017171558883987 -2.646670417804629416 -4.9010255355045586612 0.99559223765916715632 -0.0027932653446983719131 -0.093745901145193488713 -0.0030498256767609952661 -0.99999198585683857221 -0.0025936047119151026119 -0.093737905226020185045 0.0028680813751671627165 -0.99559277781282462527
-7.0467633855252698183 5.7846439433800345142 6.8251597331309170613 0.98524659367208444749 -0.002353521636355188941 0.17112454702201865264 -0.087569278846714296294 -0.86602768489011661135 0.49226788480059896491 0.14704003216755945349 -0.49999050984957293942 -0.85345692275612150546
-3.7166465922813451961 0.28511295969070604706 -7.1011487184969608322 -0.80294080801681710913 -0.0019760957069915865633 0.59605549562690895993 -0.44401022746185137002 -0.66517820938462790537 -0.60032730045298343668 0.39766943147618072363 -0.74668202389349080939 0.53322132221413298669
-3.5305581502009326655 -1.5346622018694058287 2.9519152440229148304 -0.90900144454504561153 0.0053167564644710724533 0.41675905019056236345 0.034642496432120306604 -0.99549494439844787852 0.088259351449296058467 0.41535078097434174893 0.094665451871358108349 0.904722156778608122
2.8296413445944090803 -4.3154585616313667629 2.5804294182305751448 0.94424226739537631126 -0.0072687187079104251253 -0.32917124144164033872 -0.15624630196888747435 -0.88990626810989637008 -0.42854862862900700016 -0.28981655160628666534 0.45608551797563479102 -0.84142282278767521753
4.6947413153435659794 3.4880340576295130184 -6.3346282605477126637 0.92197154538116321554 1.0215357756161551339e-05 -0.38725762665568597143 0.15300502828017192858 -0.91864823660030237029 0.36424562964025575251 -0.35574981493801011156 -0.39507647017597002925 -0.84696909736136372082
2.2953381975324123054 -6.2555909696778257967 -4.0671411408447077918 -0.92774397482708947926 -0.011345054060647149011 0.37304477870684948915 0.04354167811172647562 0.98942210738258740133 0.13837635524084074268 -0.37066863832710650328 0.14462082550894050925 -0.91743641599282821364
-5.488871649241254147 -6.4070482974895934802 1.7104393452591615254 -0.99893973961525772687 -0.010456273424950342579 0.044833725733308016359 -0.027471363908236217516 0.91686319115555536818 -0.39825521072435010606 -0.036942127470981134252 -0.39906460009637595432 -0.91617832552824463033
5.6830465255755413523 -2.0023876452142590487 -3.594005981343950662 -0.98954768073982612986 0.0020585855744751874012 -0.14419136509490973475 -0.060288928489275542266 0.90241424605123110592 0.42663072278659947001 0.1309985978707985943 0.43086458516480069525 -0.89285781432807553859
-2.2804328179165009871 4.7018585460481405747 -0.34221361778534303832 -0.95666345422927745457 -0.0095618072767958833813 -0.2910388413662824969 -0.24125862427217353856 0.58569888583770701729 0.77379008222047951371 0.16306229348483133879 0.81047232338318486722 -0.56262358773286658131
-5.0549647974290667918 -3.5475335354439829771 -5.2591646260879905128 0.92397584422984047059 0.004426850284427453347 -0.38242521135020340894 0.33840811891581701332 0.45639885133947538653 0.82290949292605841681 0.1781813243063238017 -0.88976428985022726348 0.42020343189440290121
1.7058968997247612176 5.4415972667920762262 4.4838536359629728167 -0.95214986170900250961 0.0072685782455073153635 0.3055451007915443995 0.20633275155604335893 0.75280204485994262065 0.62507269728404324383 -0.22547158686347837375 0.65820684364790094101 -0.71828010865695779419
-7.2475021182504946182 -6.2555558847843153458 4.1421188483385815715 0.85185947136176776162 0.0041858091325864682508 -0.52375368261550125926 0.40262771781775241742 -0.64480989328296423047 0.64970079449646767067 -0.33500203267477446367 -0.76433152527310532776 -0.55097273759910148083
4.2014598577768875742 -3.2765471401750430047 -3.314569616426655152 -0.56415610829792528502 -0.0083791433346424200324 0.8256256266777429742 -0.80551548797016203629 -0.213992940751083216 -0.5525864818730739092 0.18130825714865991816 -0.97679926866567323707 0.1139758949254044279
-6.778527881197106808 2.313194898566214075 4.50300655704510433 0.80623291874184654926 -0.0069929519478326889262 -0.59155691134517873753 -0.43273695260558187048 -0.68879586242351109604 -0.58163475631864247628 -0.40339460902042051371 0.7249216223367604961 -0.55835600729459378133
4.6540079653880610522 -6.0006984808436998335 -3.0940948995411718947 -0.98645142831984444776 -0.0028760066914791581824 0.16402837605469061666 0.069362642181512307316 0.89876979556911895664 0.43289915504894416198 -0.14866877088092939063 0.43841143137247123862 -0.88639326114696581627
-0.25056804947539396133 6.945700369793626372 5.6830088742365791887 0.83854436082094108151 0.008287776762514981882 -0.54477028892155654471 -0.28328282687854144939 -0.84746931732555874639 -0.44893941260206715604 -0.46539681448306124967 0.53077968023286414834 -0.70829283218227268026
-0.16895295869533383248 -7.4353539881708661241 -1.103746862169020293 0.9407283593984062664 0.0049850217121506943882 -0.33912431847678686792 -0.25868330859928928556 -0.63611831856562439658 -0.72693633190083306594 -0.21934698465197238759 0.77157542362614051079 -0.59712500029751869324
2.3464982149229594022 6.7102383518355548375 5.4088375787656186588 -0.99883716412487011382 0.0021504688687894318866 -0.048163212586639032875 0.046171706375546815726 -0.24482438566857353535 -0.96846744587122335357 -0.013874188026044046232 -0.96956505489100031081 0.2444404042726383286
2.6725943500094802019 -1.8628101412740787346 -5.4362451183216276007 0.87957152914855396553 -0.0014343752054929545699 -0.47576450863765329391 0.39103566625070829144 -0.56744046833144246023 0.72463951218497479889 -0.27100744054597730726 -0.82341317542749647984 -0.49854358856690267343
3.3968707049638684481 4.286906922835215461 -3.8924644608036524929 0.99715794983252381556 0.00018363120467621962123 0.075339162229292697126 -0.071732462494747711856 0.30802426210299022058 0.94867038942952197633 -0.023032084366648754303 -0.95137848421937065702 0.30716201401577253316
5.4614768392944199604 6.796018664138728127 -2.533366727218839376 -0.95857606578761489491 -0.009545533422675679322 0.28467667430017234986 0.12647868936740194745 -0.90976836208473410572 0.39537914523340461637 0.25521572685637888833 0.41500651819127520881 0.87328948386187987829
-1.6040751952569431982 -7.3903641541768214651 3.5320313605011577351 0.89004290143757058829 -0.015041440456733641898 -0.45562856436965548657 -0.45421851126947204724 -0.11442963656952125084 -0.88351083880989489394 -0.038848135356650527472 0.9933174786257902289 -0.10867938643435207102
-7.3295448085270287208 7.1394156026882642507 -7.0162843907851382141 0.48513455374431901923 0.0055445519070636221232 0.87442193631414510957 -0.17233154968528280326 0.98097461422484366622 0.089390397859891043697 -0.85729009194458383192 -0.19405685813866418998 0.47686018292894211124
-3.1486466079770276671 4.1629071250375426771 -3.3712369779362556521 -0.87244386437657173161 0.00050660503893242871121 -0.48871407475433970014 0.071007859454063126936 -0.98925641126721475249 -0.12778746676647984026 -0.48352826950178551257 -0.14618993165792756872 0.86303471336574855144
-0.11437677650764753456 3.4072937607267959059 1.9425306143630043376 -0.99883486620773787035 0.0078823998106298323596 0.047610690197990877814 0.024659893105375758904 -0.76467483013960613203 0.64394432509563337419 0.041482523066095677855 0.64436811833309448616 0.76358950251820523203
-6.7470864318370544765 -1.9436086679519322118 4.8024039148694495083 0.85933414383641359979 0.0021273403059417954689 0.51141011298198169044 0.18891353387161677335 -0.93058520907007524769 -0.31356473873830303933 0.47524362800264419171 0.36606917800206562053 -0.8000855272779578975
1.6866825876279716301 6.516619430166641358 -1.8415756465330053171 0.9998456156414883278 0.00056269379287785708035 0.017562125672950859578 0.0041481553137288126182 -0.97879469565666821218 -0.20480170058341856665 0.017074474807415709887 0.2048429328291967999 -0.97864591920679055992
-6.7819398817868812301 -6.2564610650767882305 -0.089678164978577501465 -0.8898319735600984659 -0.0025909637669540878588 0.45628099427537727184 0.19967089492460610156 0.89694511580097535663 0.39448826720279894786 -0.41028111405492084796 0.44213430781545293158 -0.79761310251431205565
-1.6595913042220835631 5.7741376727939002222 -1.3278557020971397673 -0.93834829023201937748 0.00083765679705308411507 -0.34569030149808455121 0.16016872753183014622 0.88723736214112081111 -0.43261511987185091721 0.3063469682232443092 -0.46131243377124814264 -0.83267182821829166528
-2.7166104606409633426 -3.3036508175684504707 -0.48146047968073696355 0.34795080083588825204 -0.0065407337290462573554 0.93748997807975142926 -0.16143984832337937574 -0.98545603076968146805 0.053043253981095155047 0.92350821088445778084 -0.16980468256748881828 -0.34394615015603691166
1.947398220721905826 -1.8980362416323952601 5.8914367945288992345 -0.99562431299055864642 -0.0038055097880054520113 0.093368867817076164894 -0.085477828797393573534 0.4408280412143255611 -0.89351227124379473121 -0.037759345416356816794 -0.89758350930396069156 -0.43922440239512167137
4.6614062508653484329 -1.3946390368711607533 -0.031310559950553228103 -0.92126598822046024129 0.0059230199179242000451 0.38888802602193944802 -0.084971292968954587055 0.97266474132369706851 -0.21610918619271085594 -0.37953769024875472216 -0.23213836137258062053 -0.89557965746205936419
-6.4863252919307381461 1.9922772318839470085 1.5338570714956394347 -0.95089222165232101247 0.015323170602356989481 0.3091426584019544288 -0.16264863430108730813 0.82502390847210782532 -0.54118478564104222084 -0.26334275110797056296 -0.56489003433594897619 -0.78201652447171088323
-0.25593644524771208548 0.35550267083444042626 4.5315606742675216267 0.93785656491615543295 -0.00022350377242046949589 -0.34702307371362794974 -0.34284985489923996971 -0.15521666379180054651 -0.92647815099815866713 -0.053656692398822689039 0.98788042663439845636 -0.14564759535749846608
5.9271329377632211433 1.878186403788789427 4.3100788761487738299 0.98407594522303376561 -0.0012687187167557453099 0.17774398551357600828 -0.056650472562843542934 -0.95006631529495422228 0.3068627062716042242 0.16847925092380872103 -0.31204548850238034152 -0.93500928076323430727
-2.1662912677399659422 -0.78058345024053688022 -7.4852250259841550672 -0.99993304311549613406 0.0014555425963623828609 0.011480012252544694734 0.0058895439107097095899 0.91797149984288772817 0.39660262070334939555 -0.0099610520573785877457 0.39664367746376766322 -0.91791860781333811659
6.6120880893119782229 -5.8781486819205799321 -4.6391870616027448548 -0.71459501473114750425 -0.0082580642407336299349 0.69948964917043054967 0.029192034833575915276 -0.99941131527808679813 0.018023540065768815094 0.6989290307490186871 0.033299058083067517577 0.71441541326250879163
-4.6993228402220159623 -2.5200411564166231848 -4.9008863348550697481 -0.39805565565987621746 0.0023177587388772818988 0.91735833946809719475 -0.81915337438907298573 0.44926582865730213534 -0.35657813229074042383 -0.41296421663904386845 -0.89339512154216094153 -0.17693420409979296326
0.15946534570397968844 -2.0637217392585673892 3.9413194638131656689 -0.9273907341997007503 -0.0055703770486512042132 0.37405266610455212284 -0.0042357253408789484125 0.99998139297784194301 0.0043900260994048090346 -0.37407016019902322723 0.0024868851709269491207 -0.92739707280693151059
-5.5735485576016854381 -1.1841345671010485852 -1.0110568292823709502 -0.9826801488271420526 0.0082030562380922683596 -0.1851281582294083683 0.1540443972022746133 -0.51914783430958932886 -0.84068772431998806116 -0.10300509109575520239 -0.85464509359147999845 0.50889263622923530672
4.989859032501329672 -3.7800838499659517034 5.5280033461301405495 -0.99929304845351285547 0.0015126326994296273622 0.037564814051147983609 -0.035232322824135998973 0.3109701497945172588 -0.94976641831826946749 -0.013118183593687623642 -0.95041847513560917537 -0.31069701540269994977
-6.5505299645140109277 6.0012764682493147106 5.0234348687479339901 0.84467006570037916902 0.0094655682325290608353 -0.53520359035390274727 0.51519203783741385205 0.25700915809527752343 0.81763283740563286184 0.14529158357807728241 -0.96636261086260510922 0.21221135706694974066
-2.3980522955846357291 -6.2337898400584883518 -4.422688685442096812 -0.93733911499399358291 -0.0091709363675912484309 0.34829768507482267159 -0.069895796663099973856 -0.97438252241525813435 -0.21375985970391608859 0.3413355550058496668 -0.22471002189029090634 0.91268584132265617725
3.9980675503546909688 3.7568593179258407133 4.416953906495434623 0.79402467130979592635 0.0069320257607418493684 0.6078460071187290481 0.59136455404389487445 0.22272965832407556896 -0.77503513696047421355 -0.14075789701411969834 0.97485560280580585424 0.17275348941917154089
-5.5082306821992279566 -2.1651499191331073924 1.0550200687067996519 0.98514785890177569705 -0.0064573536270280413457 0.17158670894120794936 0.11076329604271188678 0.78748384641180102506 -0.60630081963499282693 -0.13120666275339884499 0.6163014637533295037 0.77650326298382810197
1.2874982239873027368 1.0340218914406933415 7.4956115317805158682 0.79002723654745243831 -0.0056089849380558665093 -0.61304608701228635592 0.28640146072706296199 0.88751336548500192603 0.36096291967286692204 0.54206196030208242398 -0.46074783273859348798 0.70276615301257250312
6.187888058437992278 -0.13992095051296210562 -3.9129817633053005643 -0.75955138970485547301 -0.0019627785563565902302 0.65044433574108673213 -0.45962166481158744924 0.70920560943408683663 -0.5345795813375363581 -0.46024951019332754898 -0.70499897237338082778 -0.53958024177994123871
-3.3713858404088155041 -0.31171443649983510138 2.0979530859635837636 0.72143935355920030261 0.0099229644815650806106 -0.6924065235914651506 0.2838938621398421347 -0.91624437184073725948 0.2826668111215983048 -0.63160868753957577493 -0.40049692364136324496 -0.66383181603354968203
-2.9822580746661864204 3.7362702717441815814 -6.1988255190794827598 -0.99890879197261872591 0.0038792924645346549967 -0.046542200311860189299 -0.04426184097602076789 -0.39663927602579229781 0.91690685140157734967 -0.014903514796993885469 0.91796635875370624635 0.39637816469000380915
1.7730104462247349151 6.7744338196913904682 -5.8098037369093775695 0.97699939819501568916 0.0064373919220130672303 0.21314487071433463328 0.19103500906965717454 -0.47055647602187250511 -0.86144194707689636381 0.094751259813986132841 0.88234639618413679418 -0.46096316111430996054
6.4191117333487044405 1.4863287581736541743 -2.5695351361010656532 0.98941134696627552891 -0.00041979326892154986139 -0.14513790086706032656 -0.037158575606478408404 -0.96739971551464176702 -0.25051353392854297519 -0.1403012001138582987 0.25325405070029083365 -0.95717185450193564833
-1.2869834039599157283 -3.0278343242288974224 4.5503278645350597742 0.73603661042250712043 0.013666874837960484718 -0.67680375637993328564 -0.63528187086501564096 0.35926646896760566774 -0.68362602995036592102 0.23380986435131806411 0.9331349424427555217 0.27311559187331740928
7.0464169570680867949 2.6271369057959508275 -0.89386789660807031144 0.97517142252131017166 0.006911550412132425221 -0.22134345973798316698 -0.114808586116401809 0.87047801124138401985 -0.47863035894026173533 0.18936653677941009399 0.49215877764822690832 0.849658785826360341
1.3566379423282448613 -6.1447396853425626517 -5.6305191429017460436 0.83856745482019579008 -0.0050623280974183082828 0.54477426201194867339 -0.41078882951526396461 -0.66269763059921393822 0.6261664219228609829 0.35785075277533318072 -0.74886996416759976647 -0.55779621324055073117
-0.57112511700525170344 -6.9294959993576927815 -5.5680581273092322192 0.98929948398154032851 0.0056424931639070998596 -0.14578989424743088454 -0.13894158675659681879 -0.26845830005168497268 -0.9532184306878229707 -0.044517035653260775274 0.96327478084093520749 -0.26480168075825372132
-2.1359827431865276992 -0.15435091632995157074 -6.7061851988442802153 -0.95156943092215051649 -0.0021109886323756343364 0.30742667721165717332 -0.27087296477686401142 -0.46720477847964331231 -0.84163384670462060289 0.14540789210841248424 -0.88414661606132616267 0.44400597543253272903
6.3228896129646576796 -5.7303142940584592679 -6.9708749103576419515 0.82663343695690327806 -0.015807445536350824694 -0.56251869797403475371 0.49919512478055017013 -0.44083864560702951119 0.74596616272773674794 -0.25977180043274733512 -0.89744716457575879343 -0.35652096501463859113
2.7690567569071569132 -5.2414602364936699885 -6.0436310078815642655 0.99962552101569057683 -0.013062348510607439678 -0.024045639633640657901 0.011630547362036881137 -0.59259119200684107209 0.80541939976878562657 -0.024769903150063443675 -0.80539745108070781576 -0.59221735679617948378
2.4442061024321621865 -6.4954853143118302938 -1.0610387228624835743 0.97104462626253562618 0.0024754874513501917699 -0.2388853402126677461 0.22198745016102278127 0.36017316390516440627 0.90608877267825904678 0.088283100181513252114 -0.93288218118061982942 0.3491946881868864816
1.1480571299436757027 -7.0979954413074466402 7.0026108432121487724 0.90876524188782925595 0.0056954661262763363327 -0.41726885434000371422 -0.13273167069940050578 -0.94403509017405295989 -0.30196034857835524212 -0.39563624547047437918 0.32979586138364525016 -0.85715030833827809964
-5.6545349591783207188 2.911838496660353659 -4.7654472616884326897 -0.99989047379477524746 -0.0044448510634175261019 0.014116788355815309414 -0.0052946680087352770289 0.99813934763601441791 -0.060743799610260884592 -0.013820524777840056951 -0.060811890280109484608 -0.99805355923180527622
3.4103547302217229742 -1.9499025320847294118 -4.4987660551996953018 0.79497481973223993457 0.0043675983873925827358 -0.60662670570629340094 -0.59107320538831031875 -0.21951860072832471427 -0.7761726932882929697 -0.13655585620457047491 0.97559853834380350079 -0.1719301896632037252
3.502444882983902108 -5.5733246172241148741 -7.1767929529580039016 0.95440529115710981412 -0.0015244228488740050459 -0.29850999371275355188 0.12651858024425502447 -0.90366514288051191794 0.40912389125501136267 -0.2703767539275093168 -0.42823706714591441846 -0.86226992598489571318
6.2812949344886686021 0.21955873143134668757 7.032634616486255652 0.93639765927149598568 -0.0079251994874060850693 -0.35085127180053021778 -0.35094067077613882999 -0.021896371959486890524 -0.93614165300462293118 -0.00026326060122498773364 0.99972883328831896321 -0.023284986273550578595
-5.1369859435034879169 0.88533450161318638649 0.64899465410344681082 -0.9990096313152593277 -0.0034159078591573005697 -0.044363139122702073547 0.044483624938552734918 -0.098674197840134841853 -0.99412504736220264068 -0.0009816576043208632453 -0.99511393028842320962 0.098728425968639677013
-5.3786089957567035924 -3.9151189859280615124 4.2059306373298976922 -0.81451087333710237015 -0.0011544939827746649591 -0.58014714026633273924 0.57782894902423098671 -0.09094336813740559744 -0.81107521812798988314 -0.05182415349226443535 -0.99585539659903421494 0.074741462250592138883
0.33307544269821426353 -0.62465951368995520365 -2.838054731310366563 0.98721231445144363992 0.0059321294767673300036 -0.15930052113943532488 -0.11747369405902355344 -0.64843541223633105464 -0.7521512130961482967 -0.10775795747665065094 0.76124656058190043328 -0.63944655492279456332
4.3205099096052244079 6.4690605779989986956 -5.8861768461008194819 -0.96458032944783589357 -0.0081187519314996556274 -0.26366432050922888886 -0.051543614502181915593 0.98606044366692557901 0.15820258291027280984 0.25870454933485886873 0.16618931163737138412 -0.95155297742741318245
-0.29570556954365573299 1.7360685968090689979 1.6196035096669207931 -0.92549017467044558671 0.0042255934464248369117 0.37874804415133639379 -0.37704357859845727408 0.085129205888232251098 -0.92227499052204797714 -0.036139679386059726796 -0.99636096002648244507 -0.077193010752339613623
0.81094700568835809129 1.1908704626015156336 -1.6200372040783908023 -0.96788313411405824116 -0.008790904619716103513 -0.2512468083248191042 0.033893048111512585896 -0.99482738483902966031 -0.095758736749720435588 -0.24910539935366576847 -0.10119878640653762192 0.96317459769383673152
4.9405243401345071419 3.1058682344379215934 -0.94058243490974258183 0.95098891885764358367 -0.0005446366466819963989 -0.30922448088856324677 -0.22807580106124869523 0.67403158331896018129 -0.7026114528377903623 0.20880973439987371432 0.73870232709771477264 0.6408723482570132246
-2.1464102461786627174 -1.3772669473032541632 5.7813174011874499669 0.9962902240566726686 0.0050707398735770061945 -0.085907374807929690053 0.064407548791586791137 -0.70599787445368922256 0.70527914255677759403 -0.057074136944133685434 -0.70819579839479329664 -0.70370537444874259325
2.3804630161986790604 6.4554380879551152006 4.2504174475246410125 -0.9532864489850415568 0.0034397627401234528305 0.30204819849440717183 -0.23986985374554209427 0.59913689030623529241 -0.76387004126246416114 -0.18359575007480311015 -0.80063921631816725721 -0.5703239832306070678
6.7309969202991126735 -3.8532812377163483397 4.6824734116249908666 0.99997733852092207663 -0.0013863058185390013388 0.0065879132369712212203 -0.0033025172952073807153 0.75172023825489486804 0.65947386360450910292 -0.0058665001623342694775 -0.65948067564875634261 0.75169862486355687459
0.62022550925886099638 -4.9554520445711061072 -1.5677390901041261539 0.99954975872172069362 0.014075213956789124972 0.02649845639884812476 0.014758553254386519438 -0.99955891228516946523 -0.025771417829593520205 0.026124030035298864 0.026150893353446599821 -0.99931659939760897338
-0.70647233286901056637 -4.4304400461504913622 -4.7774117269201097358 0.99833799170266024348 0.013317188691285482618 0.056070552061807436839 0.02892033210625236106 0.72578998124328208963 -0.68730816779509751324 -0.049848457488783241842 0.68778743490429872232 0.72419857475262272573
-3.1245264657667446428 5.6079304525868192144 -3.7557535568882101096 0.86889236720189000351 -0.011288416692578195216 0.49487233289685911286 0.39663591533469161332 0.61400735952969587306 -0.68240377571502275345 -0.29615199625342536471 0.78921957280090393461 0.53798369958868985652
4.1971697190398922217 -3.6719402398284386457 2.598941665732093842 0.31922589306647469742 0.0026056226521709588764 -0.94767507085832203284 0.92511389023101808782 0.21606213766103593565 0.31222018315780108999 0.20557022959943022089 -0.97637613827868141581 0.066562131144474220856
6.6857844550071980905 7.0273306521033118699 -1.289497326331670024 -0.98714212959755542887 0.013056416863118147642 0.1593108469379908021 0.10845565216948088727 -0.67743199749034244128 0.72754605372354141934 0.11742140982765489343 0.73546952265529985659 0.66730562245425462109
1.7056291006178070369 3.4556322678198849729 1.1545376461770964216 -0.99680117117187383435 -0.00028510314945158195341 -0.079920860021857470512 0.0044180544682378471849 0.99826796843477050292 -0.05866467413861122665 0.079799160052902412543 -0.058830110600525079012 -0.99507342047793156947
0.38227204024490052392 6.5689665250794391227 -2.94755534694280108 -0.96484647291458836005 0.01640614181998045415 0.26230158637518830034 0.13012752177427078237 -0.83730169689601596783 0.53102984516138629356 0.22833771432081689801 0.54649492850874803462 0.80573269843846895277
4.5963678462602519659 5.1068629204037350178 -1.0305244219764793101 -0.9223921820256472115 0.0004010384560589365377 0.38625445202110325615 -0.32822321376872642951 -0.52798555371922861745 -0.78326290414330224099 0.20362265218113742571 -0.84925325682738650457 0.48714137710402127812
2.055714620985331198 -6.7577769741614606147 3.1829842885249366446 -0.9879357909833286211 -0.0047594264729451021129 0.15479089363989226302 0.15240317492248001141 0.14759923183427359206 0.97723474100929252906 -0.027498093892893676893 0.98903580047518158125 -0.14509321214548875911
-2.1624720098844036897 -3.5809494752951787078 -4.3194755791482188911 0.90273928031393069205 0.0053223458928670329404 0.43015516318241786564 0.12632019522344195561 -0.95912268776151188288 -0.25323285351577751179 0.41122378342817372809 0.28294052812423470256 -0.86651004465484582351
6.0277005230764935106 -5.0402678593048095834 7.3274455184937350438 -0.89302610599567666672 -0.0080067660721836776683 0.44993362366815664588 -0.40616323565876977231 0.44480530821727887192 -0.798235343605382619 -0.19374158048625492179 -0.89559149698884166213 -0.40047480633852500231
6.5540088849017870132 3.030372771624824324 6.3992576946124346549 0.99846124690562421122 0.00071161488866869869463 0.055449364575430426516 -0.050208640590881703503 0.43610041796525084168 0.89849625367087915251 -0.02354210775566387831 -0.89989772699728465266 0.43546509631383711891
-6.3524171481817184315 -6.3619351240457593377 2.8387895738407973312 0.95534187914684443044 -0.0057645558429183230142 0.29544654989359531161 -0.24257847539225665945 -0.58626079237705153169 0.77295146458094809994 0.1687530065642419419 -0.81010187829515012403 -0.56147784422728941323
-4.211514261098193046 -0.47239496084127657882 -0.32502122930252841382 -0.99947811737530822818 -0.0010712051859484226623 0.032285374511512796025 -0.018155113799042887912 -0.80803904497330414358 -0.58884912638264852447 0.026718621424821779875 -0.589127960903342629 0.80759789558361527728
6.6795154114126313871 4.5217238780049742175 6.2197166385602935534 0.99891560562290793168 -0.00023112689630229790727 0.04655705557019137325 -0.010069047116777654627 0.97524895529685418083 0.22088026050902967445 -0.045455771175600449829 -0.22110952438272504783 0.97418907358584660994
2.641057131492591914 -3.4349540408969798655 1.8690351890890239961 0.71622478658215082969 -0.0097397705008945342081 -0.69780168526301278309 -0.28835572971123002439 0.90642395172568679396 -0.30862046737156900722 0.63551005360105750075 0.42225674252589329161 0.64639478274780071132
3.5113407031869834363 -3.3267178308787515029 4.5865182116713896221 0.99014705619359033584 0.0011874814288207334763 0.14002641536131582578 0.12867610981074234511 0.38674056929891281742 -0.91316712097095520395 -0.055238264591285016203 0.922187791041643945 0.38277723571133354108
-3.3415887017515100155 7.2993907585180535236 -7.4803854301248859926 -0.7938732752581826313 -0.0044784002083532812449 -0.60806674531864657318 -0.17129356784790136792 -0.95783120774762375849 0.23069003246500333071 -0.58345842734919195482 0.28729657393764418405 0.7596294768892388749
6.6412339111945142278 -4.2714779616703895115 -1.9518304213090962307 0.99959804132683605093 -0.0042695153404617419007 -0.028027254844694721864 -0.0054982158669953720698 0.94063128430391595991 -0.33938555745780923933 0.02781232456398695721 0.33940323838668789991 0.94022971468401506101
-2.9922873379722507714 7.2290160923650521596 2.5031598675232529239 0.9919153207468359712 0.012326161028637008105 0.12630147355405424436 0.051675269756678569866 0.86978393620751892623 -0.4907194420551143077 -0.11590367967930891024 0.49327879547948028094 0.86211505436749757969
-0.046297723439305729642 -1.4577718129040875272 -5.889743972938427774 -0.98680898648698145426 0.0076058773379227969866 0.16171015681942110809 -0.12242467228589994088 -0.68864797694781887394 -0.71468605937251439286 0.10592555784292935483 -0.72505593885956243216 0.68049515921871106539
5.3690761249855887272 -1.890968206553819364 7.2949623878772680285 -0.98429837142967990804 0.013037187636114539943 0.17603053070238697253 0.15965119864343374489 0.49111798062917932928 0.85633791453745145006 -0.075287520695888968114 0.87099549989727131916 -0.48548803114624095034
-5.177211665594009915 -6.153170237092273176 4.0245149304251004452 0.93958043482114284028 -0.0010432240112204006245 -0.34232662500165633723 0.28698301842097639902 -0.54276464439742366785 0.78933344533856608649 -0.1866262404898554883 -0.83988418991893598609 -0.50967165301284445
-3.444979358139835135 -5.9169563635539477175 -6.7758350749546387704 -0.77427189437757826251 0.0046039218532065717682 0.63283634336256067154 0.62362782352213586012 0.17566968959419312912 0.7617273120263226005 -0.10766323098439559147 0.98443840033870622097 -0.13888723711174749686
-6.0514569488039180456 4.9186392746295597433 4.2595819084386787878 0.051170432363840410994 0.0022582891242204621712 -0.99868738200795748039 -0.54624080162887278522 0.83722161978014386641 -0.026094942206273046698 0.83606373769453234956 0.54685908559994167444 0.04407456193000804795
6.0173796249781590362 -5.1897684826775645206 -5.1976190280499663388 0.51469313852716580548 0.0020978444827538652792 -0.85737189842087579983 -0.58006200549404840494 0.7372408329440474084 -0.34641596964078452681 0.63136284570393919058 0.67562678550254584575 0.38066967803620971322
-5.3066195524682777673 -3.8741711201407840193 6.6501999054478915241 0.99972355064660012314 0.012760391716730525025 -0.019748283107667199965 0.0094319849236186997787 0.55172211764280820745 0.83397466542101994502 0.021537407988539297027 -0.83393037917266998882 0.55144923859789796161
-1.3450676331316446799 4.3986147780405557839 -6.0509862341746822878 0.91899401567392358103 -0.0038874108122883823876 -0.39425231412473266124 -0.26781416511804229108 0.72770411141529534049 -0.63144461292445686063 0.28935371453927749563 0.68588017486023478142 0.66771461989083502608
-2.761545512911646405 -5.5674679715156303317 -6.087810819456557887 0.74846238079366256279 0.0041916628889058001745 -0.66316400271634456942 -0.59793232760820358429 0.436790555548087156 -0.67207956536786506163 0.28684664219344879754 0.89955346730823149137 0.32942762986146961746
-3.9095619495911879682 -0.43599651926830984561 0.8529954353687333457 -0.97239668053608840914 0.015277234366475034993 0.23283320594900006051 0.15027275906851922382 -0.72236054399494775691 0.67499136465678644115 0.17850152258266030469 0.69134785064347081818 0.70012524297165945608
5.1244730324325544757 0.29864263779334004889 -4.1963061104883161434 0.83163280805474304458 -0.0062188572115257486836 -0.55529109337535420554 0.33187003537130721487 0.80729998612865028207 0.48798464322080503663 0.44525178516163288478 -0.59010851392917518243 0.67344100676956053508
-2.4047534890025441534 4.5211151920443164443 0.77341623494222755397 -0.99993117326746328022 0.010547093836789128013 0.0051388266899904822688 0.0040535272601616659932 -0.10045802277286373927 0.99493304024805861996 0.011009888505504765444 0.99488539263178876748 0.10040835564296143878
-4.7833650765175788067 5.0386697703013609839 -6.8063008492303342933 -0.95771969929461930882 0.0043916526753561557772 0.28766941264162776415 0.27012956376830948857 -0.33037369815755240898 0.90436897245757896791 0.099010082118679607066 0.94383999329999290762 0.31521908363291833988
-0.57722654769847714373 -3.1837331671663617882 -5.3168653944849113557 -0.9385411807418297947 0.0018577661801110886483 -0.34516228176981350595 0.34491252456046816999 0.043460558646165506347 -0.93762814070582489734 0.0132590517399350169 -0.99905341626311272574 -0.041430290850621651066
-3.0529968939073199863 1.9741804767040547208 5.6472268447596469798 0.94005220649623366658 -0.001552386256009488999 0.34102703581749532757 -0.30141434416030754573 0.46401412673300135303 0.83297075778611906482 -0.15953445457324774703 -0.88582643914556857823 0.43572959219546558707
-4.6973277757119529241 3.9597103475853070442 1.2305023451589283123 0.89686285492185169321 -0.0099807315595784006079 -0.44219611538198100309 -0.16981607032209222741 0.91535673040522225197 -0.3650815776811309199 0.40841097159811817763 0.40252011266438025849 0.81925456189075696045
6.6134671999161964706 5.6801911617686453582 -1.593101761480538503 -0.95602363946632196168 0.0038173530552162537703 0.29326477558224955944 0.030335229794884510657 0.99583940034991014212 0.085928240666165153772 -0.29171659982756154017 0.091045683732552645795 -0.95216180812862105665
0.87903728627785038263 6.0096788856416694102 -5.2683052663090723655 0.86911661712907750665 -0.0076471746969293914395 0.49454810337243648721 -0.28365136217476855096 0.81140971416299534358 0.51103442202878757161 -0.40518910469870184077 -0.58442775129273072388 0.70304053435953273166
-5.8776155335881661301 5.9477867546777378749 -7.0980745520910639712 0.97728630989444476018 0.01764164803989001426 -0.21118769080450044973 -0.20353278765200188971 -0.19949681578680156235 -0.95852773817003678047 -0.059041280842142711272 0.97973965559503173317 -0.19137485313169744217
-6.9429938815531953011 -6.7124317160265682958 -6.8777040456386764333 0.080183046111461361849 -0.0074155460227641476281 -0.9967525715008488385 0.22664007241775238621 0.97391661860610323487 0.010986244914624904503 0.97067242501818096212 -0.22678498557005277725 0.079772261026012342144
-0.50167253061488525923 6.9247911184760582159 -1.782641059108233561 0.96110364009435766963 6.1147610787194045003e-05 -0.27618796001700168796 -0.23930859095977607964 0.49941348491363540818 -0.83265693378444272099 0.13788107662114254537 0.86636376156161709616 0.480002751411293338
-6.1235652113983265465 -1.066672658785046357 1.4405919316294080179 0.95134689430131746946 0.0041119131331420425562 0.30809443174690176459 -0.23434444732626574792 -0.63955668840523893781 0.73215430226382161027 0.20005440937509075261 -0.76873294094009869681 -0.60747666523339816091
-4.318689897625995755 -2.5883866450196997278 -2.4003811166472379668 0.97965730274630602459 0.014154677961633173322 -0.20017795649775363409 -0.014303304752639960096 -0.9900473237419830097 -0.14000611495391931949 -0.20016739157254956338 0.14002121926035826505 -0.96970463209575230579
6.2363090293095195804 -3.1981479682147999632 -6.5882572731919930575 0.99999546680258855069 -0.00117159227660649937 -0.0027737602212543400505 -0.0019290997855853180259 0.45802080968867658894 -0.88893937727287164474 0.0023119144112119594317 0.88894069839536971056 0.45801647327150024624
-3.0754066483744266769 1.6839088025883648392 0.58670170263024967738 0.94753281738740202655 -0.0044213252372573876026 -0.31962792721714000654 0.18740963897185844433 -0.80234680247776357653 0.56667207075539061112 -0.25895788691292559447 -0.59684173818266494926 -0.75942132730700229182
3.9228660985453349674 -6.4262634366588073931 -2.1400892358578866848 0.99936941153232872193 0.0056784689298623311146 0.035050453409325187104 0.035313980361253355378 -0.26185930789405065244 -0.96445975844523978981 0.0037016326987098172735 0.96508935226736680679 -0.2618947117746631692
1.1746226383602995647 -3.5460824900660514736 7.1201118905781273227 0.81296719679229645372 0.015461595379209058104 0.58210417968610683737 0.51281846871088809792 0.45456602562713704918 -0.72827669638314207479 -0.27586510306442973972 0.89057883840445184465 0.36161827594484979853
5.1837492913672935657 -3.4252552613884099664 3.2483628242039550571 0.79996104986381921798 -0.012322985070227865032 -0.59992538097651904039 -0.2003345292759185492 0.93693834521317442832 -0.28637844480535645797 0.56562213100325808846 0.34927737016344234666 0.74704546288102435803
-1.4990835914691313935 -1.1722260699458080246 -6.6181978562134977651 0.99981677080630293464 -0.0093424438832159766716 -0.016707589792011399293 0.019134524112066130658 0.5125252009414672516 0.85845896138778454709 0.00054295614258956063913 -0.8586213584241341179 0.51261005457986863476
6.7660161705728389947 4.9337604596566109194 5.4218185382895365265 -0.99485450762443250472 -0.0018346783795183526852 -0.10129729816011300014 -0.089981491832542476184 -0.44348652628165358136 0.89175278644601274625 -0.04656006643990915489 0.89627916128952256347 0.44103948264436981797
6.5254500553021257403 5.7508160651192978818 -3.8332160812738620415 0.98571415331725764641 0.0050219126858268179833 -0.16835197754429748196 0.10882273555955937483 -0.7818923221521356659 0.61384200637043984106 -0.12855045770209871936 -0.62339327631320406997 -0.77126882659169615497
4.9270935444249301938 -4.3450464866149722809 -0.27529053498496658392 0.99176680000245021063 0.014560545697977697599 -0.12722658889528859483 0.0023687451234507316336 0.99125881169226803813 0.13191041387659505069 0.12803516493331656978 -0.13112573641944147429 0.98306308942467501844
