1125 14.717824617146108679 14.977075390850430381 15.033177056927090831
-0.76654173672516279225 6.8795053066574451961 1.6098968481245801154 0.92512162858357194217 -0.0036498208863921478493 -0.37965333020306785139 -0.37956949237348702741 -0.031997805659727651673 -0.92460972355493875607 -0.0087734135971410456833 0.99948127508242934347 -0.030987222744182477824
0.77983313682781929543 5.3452028669997773136 -2.2116147596763235939 -0.99765959716657048872 -0.00012832053287901296068 -0.068376251105581431489 -0.068052022760057187534 0.099149705650938946278 0.99274279552537980642 0.0066520958861106208732 0.99507251967042276153 -0.098926387870706039562
1.5809104975668515358 -7.4148675772825098917 -5.6621456646242966926 0.95686566262424932461 0.0030048022755806676545 0.2905151886800889649 -0.2812460025485685744 -0.24119389502632121447 0.9288305502363810584 0.07286144207311431864 -0.97047229541359514293 -0.22994506755685620303
2.2067377804532868346 -0.41569605403451992398 -6.2548909581419787074 0.24076272241155308174 -0.002302887029378594165 -0.97058127336574884225 0.19772837011764177184 -0.97890984768660227466 0.051371215216038879081 -0.95022986858316504932 -0.20427972687841758348 -0.2352296538256294367
-3.5701157987878078259 -1.6459371219093426042 -0.19320398993679105404 0.9912507134173996759 -0.0036748136630954525428 -0.13194134641605709257 0.058121163342224835269 -0.88533243415969320456 0.4613116207041311756 -0.11850718763556443436 -0.46494405767738972157 -0.87737282252713977293
3.3328136286111362807 4.2600276732058173224 -1.1646413180090737782 0.35228364126453193261 -0.004186839771440126548 -0.93588391719815844372 0.93549493944592088113 0.030748232677142862956 0.35199966542362343125 0.027303010246085734208 -0.99951839230702133055 0.01474886678839811352
1.8627712509552136755 -1.0194398026651252387 -0.34070990921960792042 0.96949806370572655378 0.01083297294766972195 -0.24485945186565424847 0.22956089248646302514 -0.3901786545426567665 0.89166272445370065025 -0.085879573308547618726 -0.92067543914044358555 -0.38076427701658333014
-3.6761161824409076537 -5.3655096119153666834 -4.9856734509451321458 -0.98778458162998761249 -0.00020934732908794561473 0.15582546796943272382 -0.020850689256626166873 -0.99082883012217426444 -0.13350459975703821147 0.15442431496276165515 -0.13512285362759252072 0.97872107639293237646
-5.0046032587022528659 3.8832341747847629598 0.38260341352626309197 0.75662997417950517143 -0.0024540766701759558766 -0.6538387107542906751 0.19126228871848754975 -0.95542193175692080587 0.22491702743917976748 -0.62524380771604615159 -0.29523365293543291088 -0.72243149923514682342
0.11712259025577581584 4.1885172758927957659 -0.07828870230778234296 -0.77385784949620828321 -0.0066290220117115987442 0.63332462832276636977 0.61581496624097908921 0.22585040409549253515 0.75482681611316915227 -0.14804038680941503103 0.97413944126962903614 -0.17069385705481632254
-2.9600287877176598705 6.9573405227056017708 -0.5221878101119080684 -0.90085814165765720762 -0.00060789972677909812765 -0.43411316389513604497 0.38213582860358608073 0.47336791892321739006 -0.79365926053429425302 0.20597771021786565049 -0.88086460014710254995 -0.42620504349571969316
-4.0621242653441012038 -7.2699012138508747327 3.7196023200998062919 -0.59863315183242027384 0.013072203826934556542 -0.80091664173883880817 0.68104404675341190245 0.53466750346998348498 -0.50030957128045705495 0.42168395263372637771 -0.8449614063495195504 -0.32897243937883191567
2.3681954383431960132 4.719771690479388937 1.28438154117880865 0.86074793763018264681 0.0013296945506825509631 -0.50902968457426622795 0.048165935453524863497 0.99529705419655456478 0.084046514322182991341 0.50674750174743954378 -0.096860754798958420553 0.85663584074715393157
0.65952323093547116084 4.6907720528419591943 -4.7801571349520974863 0.88740234348052604574 0.016188944957365745958 -0.46071140516225445039 -0.078507815311587333951 -0.97947726746945118492 -0.18563621803317437164 -0.45426160273615123764 0.20090346082596791111 -0.86791946383742490934
-5.7487371738865240545 -0.20613397147233403217 4.2221100175359564943 0.96631828085631332748 0.01065438202011728501 -0.25712927532004875575 0.027172658431040271759 -0.9977816432677723002 0.060773670216638570052 -0.25591136496190119987 -0.065713594495939636753 -0.96446415007594099578
1.8966062419079996459 4.2478919014003162502 -6.5978729858198761349 0.80690813624310686603 0.0012295206544220287255 -0.59067567068874227143 -0.050045137939706572927 0.99654451502243224237 -0.066291128722210670987 0.58855309347003859077 0.083051296543905375747 0.80418140883074562542
-3.8453077548803564767 -1.7062372898389788212 5.801448980257426058 0.87077690104931215753 0.0021613880614699196303 0.49167358786150811012 -0.32641430096476098388 0.75037514959983009355 0.57479634566405968243 -0.3676972840865838088 -0.66100867109645866648 0.65411485536617330894
-7.2522816754770973446 -4.712620364467010603 -4.0878214048388548107 -0.91450690695077840875 0.0087899909287095703142 0.4044747868517414302 -0.22148630332317281733 0.82575627330368261969 -0.51871995772286272341 -0.33855713635890916091 -0.56395860943805076193 -0.75321295279709366
0.47567535100217916977 -3.4410442630444459944 -5.6905108699411215412 -0.77296134945697447804 0.00023495508673666842814 0.63445306921922817178 -0.63444939720391224647 0.0031361030336217697589 -0.77295803718275180039 -0.0021713206177099686998 -0.99999505481475292612 -0.0022750193197625060565
3.4628735674044142101 7.0819752444173627026 -0.52103250998545458383 0.900501887649598598 -0.013833707330456062462 -0.43463200397679835341 -0.13582402457519643368 0.94053999849239344755 -0.31134602227102292638 0.41309585411574845093 0.33940114875656840487 0.84507909424817539978
4.1048526763201129697 -6.7355635380431611026 4.631215371994465535 -0.90392019519645883108 -0.0014285981875095698276 0.42769877229565567145 -0.41955099811925516962 0.1972499818656754389 -0.88604142376702277328 -0.083097777907218658977 -0.98035218353466413443 -0.17889761190601216612
2.5190880027207653846 7.0517588128623609478 -2.3438028859435009466 -0.99992935119290271562 0.01080247412456728992 -0.0049597555815239285568 0.0085664343862464579354 0.94416756871877027812 0.32935424451744610419 0.0082406810730684867256 0.32928848861226878153 -0.94419340309223209751
4.9673387242013937737 -0.45919070946821755053 -6.6785650276840371475 0.95804654626307628185 -0.002091569455708624202 0.28660502530613601868 -0.24642719491050091296 -0.51664239454382310246 0.81997211767756505996 0.1463572779265449042 -0.85619872780637384935 -0.49548288133968992897
-2.6878572387997121673 6.5822706732001368124 6.5227495277142386598 -0.98396991045363935147 0.00062306156797849870932 0.17833347166542579121 -0.14833136523577278298 -0.55799298520443008087 -0.81648125180551400781 0.099000108127478878006 -0.82984543154550693966 0.54914072725837836941
4.8145947043827481693 -5.7591215817702519075 -0.8385832742673742235 -0.92652598670423191862 -0.0031198017579209566356 0.37621783955408349964 0.016025665904329747941 0.99873079850633406096 0.047749032945272273931 -0.37588931082714327481 0.050269861267676296812 -0.92530004163737356038
3.8664167443775161459 2.4916874396221087018 7.4916659354023851236 -0.66298702933396846948 -0.011288849161359512663 0.74854576401137118413 0.26489381438860831741 -0.93873795826640926698 0.22045932234420856366 0.70019959014086774474 0.34444681388336889638 0.62536143658851384153
4.761997512229322993 -6.4774193806866726675 2.2039561100101816571 0.98919179051551497928 -0.0071820291192948903028 -0.14645142551235754147 -0.10593767284532080997 0.65553920515649799494 -0.74769349333467916008 0.10137460751584545515 0.75512698863206895172 0.64769315265059823616
1.6230858115840041123 -1.2950895289215158535 -6.1644953587197965916 0.20593468842169929123 -0.0025060386305035577126 0.97856252936381271645 -0.68954360252749169469 -0.7099271348167540685 0.14329369652663340173 0.69434899317137810382 -0.70427067454302128002 -0.14792664621595469354
0.25058560658723572079 4.8726128516045728034 5.0169229993698776227 0.87111791324723741869 -7.941901655303222618e-05 -0.49107389964498282531 -0.34304640808219111214 -0.71564627089597632192 -0.60841562837790541529 -0.35138688524439065652 0.69846288995572680669 -0.62343953053441436563
-4.9459467904436840158 4.9824856461692634824 -0.34084109901241321783 -0.8493761743220177296 -0.00064510433905264150806 -0.52778755037842162157 0.16196116164395324422 0.95143283348667606614 -0.26180936859156694885 0.50232329889522608912 -0.30785572465646715568 -0.80801989838324483895
-2.7784439197414112499 -6.0328440881621716585 -0.47903081847102380042 0.98870780739930652636 -0.0036197363222602411958 -0.14981244640058333228 0.14942422875374491986 0.099662155665966242757 0.98373769602945571044 0.011369760284003625761 -0.99501474975845816129 0.099077627717407829033
-6.9840069762757233107 -3.7720526311821824805 2.3705125517629719312 0.91941462375677007746 0.012052302225772939387 -0.39310493717764660726 -0.018330728946857218625 -0.99713085372646081961 -0.073444161940245958342 -0.39286223284839588699 0.074731536568486037209 -0.916555761229838728
-2.9116010590100969146 7.0496410228015697896 -6.3563566471730599261 0.43088653024630085842 0.0068438653405636980936 0.90238016354502947891 0.85496860114655937046 -0.32304350170245232921 -0.40579747049642261869 0.28873082465478688841 0.94635937017346150046 -0.14504638354390445021
4.526975212065293519 -1.8778247557462042217 -1.7870880907090611611 0.70806177914862755696 0.0025290906708623269589 -0.7061459626800554723 0.70034020467652946529 0.12550179082888437976 0.70268975957561119472 0.09039974901842821875 -0.99209016938946081865 0.087091797422544164897
3.8683564979823290564 -1.1082636686241040813 -3.8670038020950188162 0.59090020418353306209 0.014347192582974819391 -0.80661707566906837297 -0.79817785457667167481 -0.13492511086204561632 -0.58711781349423797227 -0.11725639069692747607 0.99075192279599655354 -0.06827566416283389894
-5.0880821300650289629 5.7459832887489801223 -5.0628006008950148242 -0.96360896584642230511 -0.0002063874595080884139 0.26731576523731404027 0.2611706078984492585 -0.21391421685362213556 0.94129199582157974113 0.056988371709722367153 0.97685242756110579609 0.2061835596204356913
1.7117052774081953359 -5.8474837761014502036 -4.6084241854916072612 0.76403972780084261629 -0.001317525185114998363 0.64516785294170708731 0.44818361638004811098 0.72040507386399998957 -0.52929006750489671074 -0.46408484175898201407 0.69355230060768191525 0.55100858974356314857
-1.886466114062405941 -4.4446625128510879321 -2.4656967938901837023 -0.9978893272395474856 0.0053444540417307718344 -0.064717288202893435978 0.012658450574836790925 0.99349857284214437847 -0.11313862907806321312 0.063691869264334607936 -0.11371905104961868571 -0.99146927497425907383
7.0810799343980432852 -7.0846307131030128446 -3.1574596582569651737 -0.90955735935220205501 0.0015450316701231770963 -0.41557553215435261151 -0.29299999489902767147 -0.71154533597908153908 0.63863466695419623953 -0.29471412086532700059 0.70263849006700451749 0.64764399112385551138
3.081110340147441562 -1.821666576827650097 0.38886696964311145974 -0.0097250079862133236019 0.013753860332758577334 -0.99985811770758747929 -0.69493279615459102594 0.718881946654989612 0.016647990937656967358 0.71900892417859851857 0.69499609934122408283 0.0025668759465468510284
0.77751873246652924987 -0.65599363235643159964 -4.3373585386810615816 -0.52728888455061928564 -0.019928031762513342962 0.84945235639174965225 -0.24519745582700316899 0.96076289267553072193 -0.12966445817404004259 -0.81353834567604099703 -0.27665418414996206797 -0.51148589668429822463
3.779816799419494 -6.9378588189619136983 -5.6087316769362365321 0.98920094102473365982 -0.0033095551265014521575 0.14652830825681012472 -0.12608011278059977345 0.49056232272537964034 0.86223686576455105257 -0.074734887682870052017 -0.87139982463112675148 0.48484744218762254597
5.3640113455637363771 -3.4384688234736890955 1.9162476992724095659 -0.97374773049587104445 -0.00020444463326358482298 -0.22762977739436904279 0.22485394028089847329 -0.15655947617302426456 -0.96173272584461277912 -0.035440977615782270904 -0.98766851150722823061 0.15249540479251752489
-7.1987111943367141365 5.0780710447885235581 -1.7682398331509328049 0.88986084822217592638 -0.0013273540028466983449 -0.45623010524592938486 0.012734140389415478725 0.99967842784868310435 0.021929034692195554374 0.45605428675749970502 -0.025323487621954767629 0.88959159646703156454
3.5701692205986739204 -5.7176042091387042632 5.3034109154524102792 0.95211994681129663576 -0.011936926243419802157 -0.30549159837198464063 -0.070143280387753970118 -0.98111152605120577341 -0.18027782355527854907 -0.29756936519150622988 0.19307429461549285854 -0.93497314916432694432
3.5064087147807128098 0.16016979998645497485 -5.7229900846963488448 -0.90964495088662533639 0.00097656137754499041867 0.41538549523838830257 0.13473801685106137627 0.94662212926888411602 0.29283478480793667664 -0.3929271308291826803 0.32234390130161411081 -0.86122162023027615252
-3.6404226216343995581 -6.0967647614728672778 1.5300984861423965189 -0.99152531190505932557 -0.0091725391130347555535 0.12958943003852771425 0.029880382991182848074 0.95465981776473296527 0.29619553517512148266 -0.12643068679630881102 0.29755755220059637578 -0.94629529459078842724
2.2401863569001134735 -7.0203107650138081297 -0.38722197635837934948 -0.90009113338472257482 0.0028869982128034831631 0.43569211244127781235 0.38387945866020029007 -0.46773882516588660696 0.79615133778139945964 0.20608860429666059355 0.88386201223592764098 0.41989930996048219214
1.0881607005893640938 -3.6985047453940889106 4.3132808609175317116 0.76140686748230346215 0.0020572324937822364377 -0.64827104666586110593 -0.52044912077706384501 0.59815509483323703321 -0.60937935246239793852 0.38651299439108410816 0.80137772012927754872 0.45651008186814312495
-4.87866200787501203 -0.37981118844346190011 1.1798909624989526446 0.93848908342822501272 0.0090434389776030063568 0.34519046408838105489 0.016203796863078524793 0.99740240984537675839 -0.070184541046531101482 -0.34492851035146937511 0.071460821756686915274 0.93590473537669705006
7.0743433703083864472 -5.1106098237908605952 2.926230921722121181 -0.92351537402217187545 -0.0053795807385400417483 0.38352368121868657402 -0.36799564057717620846 0.29438770431733685129 -0.88199494786703891425 -0.10815989303224235463 -0.95567093691178961468 -0.27385123312007414453
-1.3478769235208394317 -3.8934928005948030716 7.351705247426457035 -0.89731235585120283638 -0.0086550929880274494327 0.4413112568271283509 0.12777200069407404492 0.95190908524365824839 0.2784661725764358553 -0.42249834541166358948 0.30625835955302466163 -0.85305390528874391887
-5.1484008558268152811 -4.5222701718716828978 -3.0158091799950637046 -0.94819351776600124815 0.00089958613513932026914 -0.31769205783492421302 -0.31109011255082502645 0.20019451688920511523 0.92905602483416893644 0.064435973956493128312 0.97975575841756945561 -0.18954329085456458892
5.3683124097189054424 -5.7487518676619355773 4.024268751313800685 -0.98828663990056508926 -0.0036182925609320563953 0.15256613435769128539 -0.032348680502787344193 0.98196811517804227787 -0.18625837872044756494 -0.14914114208916265381 -0.18901198039474850776 -0.9705830160288156927
-0.767281133269400617 -2.5760257419245706778 -3.2415814612292184194 -0.76766824611899631137 0.0061231146676639144205 0.64081820461614025231 0.60051284506293078902 0.35602427199044206496 0.71598257008687327119 -0.22376279139996838041 0.93445664705240583103 -0.27698553746441151313
0.86767239907532722754 -3.0192323851537952173 1.0118129924201011427 0.99550162676519138305 0.019044962177898479283 -0.092810562563678963843 0.088892603085862165191 0.15118500236642998247 0.98450048256768496469 0.032781339575452456137 -0.98832200444749751522 0.14881195953464762538
5.0342567652326017935 7.1568818824018460845 3.1652845537891725058 0.74083563362878546155 -0.007597600141105215546 -0.67164338783161192659 -0.56441114714510320916 0.53506148442091971962 -0.62860899203521347633 0.36414642786130629881 0.8447789559176729357 0.39210444363016649927
4.0109783492506734248 -6.8452457723692923253 -3.9725463175841078112 -0.67381531827326834883 -0.0073235849917118716473 -0.73886350699112779417 -0.64691380378679896879 -0.47733005974903941482 0.59469197449613875328 -0.35703703915754392284 0.87869356385649111107 0.31689457790683422944
-4.3198181722395663229 1.7287895329974702907 6.0175755402480399781 0.84988911476800077516 -0.00052463241272463195103 -0.52696130537229013413 0.14099050589958792012 0.96376886474582068587 0.22643156271324338391 0.50775010570660883413 -0.26673826142390116845 0.81917063548912139037
5.8982077760647273479 -0.97655885062323577461 -2.1211564378086356086 0.94959237511585126157 0.0074262705332255093266 -0.31339938038823139665 -0.13680099263473011195 0.90932434227683933692 -0.39295639574488017143 0.28206348493895544438 0.41602174348061776721 0.86450338311388208457
0.54001689938874264385 -4.1310503146989958623 7.0336703749925595375 0.70376451070871426374 -0.0032013680028644382961 -0.71042611488441420597 0.64062217344607819136 -0.42942641217666210895 0.63655022379560577406 -0.30711356915010573632 -0.90309617858119051181 -0.30016420152289413625
-3.674148170818683834 -2.1606671377608241968 1.4160491515277471297 -0.37995590252458100178 0.0069086798958978221097 -0.92497880098884066591 0.58096571660696527672 0.77991916036760422504 -0.23281954260504225673 0.71980021413173289613 -0.62584213139861644137 -0.30034859464022933828
-3.0604537635163588938 -6.3368356549778077635 4.0061283830553842122 0.85786828653025493097 0.0081924784519486013729 0.5138043268234705474 0.2024309159032331995 0.91363400795200389037 -0.3525544267205495963 -0.4723174009628192116 0.40645514243326308357 0.78211923000094962788
-3.0814089044596011391 4.0883865745038221462 4.4244801610826982596 -0.92574374818013971389 0.0099677108130816725884 -0.37802004900088592709 0.16399446986885626854 0.91133912297750818698 -0.37758021238279543264 0.3407408495586060071 -0.41153571858551329932 -0.84530114501894504375
5.2637946687466481421 1.6364413798506696196 -5.1771963274706145341 0.99627309483450121608 -0.00011579642681623387307 0.086254896093515401323 0.042001533828567291784 0.87408244885347408104 -0.48395841119086413507 -0.075337850148329096878 0.48577758202439230706 0.87082969008728094984
-5.4116329447287832011 -0.68537115389005376365 7.4339822630026803907 0.46602846629015021174 -0.00031920022183098625823 -0.88476966873788998047 0.41500846730664026074 0.88324607973853697107 0.21827582250563032362 0.78139966769326685281 -0.46890965093280528864 0.41175028669212310195
-6.8929338630166672175 -1.8506512585929282277 3.2051778728448945266 -0.91919728149707313758 0.003183067777252378272 0.39378449152803512989 0.069458988884642108852 -0.98297903292582011758 0.17008136197498860409 0.38762327916623889879 0.18369019818071369299 0.90333056216466778299
6.8665613784141887876 4.7080423837406604193 -4.3026616543404676563 0.77815558999535350271 0.0084116282889219653324 -0.62801522455155767144 -0.5345066677711809433 -0.51620359180017416634 -0.66920585317286784832 -0.3298128255043392687 0.85642460048863733313 -0.39719063912773017178
5.5530776707342131004 5.4581868039698413497 -3.2094628490200882709 0.95029559927182838397 -0.017189337344597096363 -0.3108742522085731208 0.27617238732134247181 -0.41449243139345581799 0.86713599671492136434 -0.14376051782668788914 -0.90989040603749071767 -0.38914311315367128286
6.3520008202335462855 -6.0444634886420374187 -4.7637213313330466491 0.60941612009613677081 0.010158925014611314835 -0.79278546203211897048 -0.20735258247361743056 -0.96307451301509405805 -0.17173348224015561048 -0.76525610034058266784 0.26904326533729039372 -0.5848066537481653171
0.53929053746428423644 -5.4038553559126070169 -5.834105156584937113 0.96199555718762241874 0.00078161414632072975794 -0.27306397973834078963 -0.26611709931332744317 -0.22146179288414646891 -0.93815583126986157314 -0.061206514394093199105 0.97516873584618091186 -0.2128372599519152697
-1.6794401732297572494 -0.18188688939307873227 -7.0287731494337757354 0.22474997115713968299 0.018780416617917711219 -0.97423546764448998303 -0.9740257902504549925 0.032639147155105074916 -0.22407241240274808347 0.027590041534717935773 0.99929073948710878117 0.025628257519181813634
-2.4116958472653244883 -0.90096400637972318126 -1.3395919843735324406 -0.92591758300705551132 -0.011754601904726399639 0.37754265826835009534 -0.37586791339764863418 0.12767980544513363172 -0.91783504997329456998 -0.037415787528283249441 -0.99174578225245224594 -0.12263915454734025667
-0.89175087882037695763 -5.3505518766931663421 -0.93090646505427587787 -0.90451257857709654875 -0.011180094525506584224 -0.42630036439362761769 0.23039292364148916681 0.82839637922184039542 -0.51056688066115796243 0.35885386431203220026 -0.56003075306497385188 -0.74671913038954074171
6.141976053583785955 -5.463279521598944477 -6.5159326421018732844 0.96611758981274853397 0.0065981225238191058141 0.25801795951749223468 0.065651128213105050535 0.96051115764800765184 -0.27038536461527767907 -0.24961316475447548058 0.27816322692437961406 0.92753355042737783975
-4.1760603033939629469 2.0159778101215795054 -2.3788497334911533621 0.97713987097591736841 0.0024761111650495174798 0.21258302242324170206 0.0026783141424433767538 0.99970944412596918216 -0.023955249078171678839 -0.2125805710371224122 0.023976993108858563053 0.9768493254432254469
3.3625187205826425618 -2.7298870599928162228 -4.1364492035867934661 -0.81272947374629944672 -0.012253800510284287503 0.58251235770337361775 -0.51881258360416193653 0.47020179531570388543 -0.71396342677760915585 -0.26514959098232371293 -0.88247386140042505254 -0.38850428356314770095
-1.1989152051167299984 6.9675265566476003443 -4.526776654505641595 0.98002848797609709575 0.0033237999868191894087 0.19882936178789803461 0.038843871770505807028 0.9773997280872873672 -0.2078002049099897941 -0.19502645046556202346 0.21137342285264532071 0.95775046840522171099
-0.16684548900227522128 -1.3974618200506774279 -3.7619769429148570694 0.3906023948222309139 0.009535461099577199201 -0.92051009996675092761 0.0056826462170702692761 -0.99995227473029779652 -0.0079470619562838368949 -0.92054194727401650322 -0.0021267918054117466824 -0.39063793986953582182
-2.9600615503967726561 2.8378937649532876009 0.23478922153426073915 0.95447599075147870895 0.010074761398830192616 -0.29811756449711129813 -0.028721434006293539154 -0.99168155420909764874 -0.12547021268032368391 -0.29690177215296681412 0.12832066951267098731 -0.94624687236908566756
5.5115579839598174416 -1.9244504091408736191 3.3027504031861907308 -0.88644896907956194365 -0.0064633292872767495602 0.46278121244520431521 -0.21438691602579401652 0.89189505094810039854 -0.39819777539722289728 -0.41017858970776471805 -0.45219624442147487997 -0.79200510167326088062
4.3945994327467934326 -2.4764571732939812954 -7.2944636311357680114 0.99562026066167264027 0.0023188344337200456416 -0.093460791601983811416 -0.051347427757301833395 0.84897602078876643894 -0.52593075379599663055 0.078126424612422695759 0.52842628542920311308 0.84537679329672277273
5.236634995521497693 -6.9975239735002396912 -2.5648735603339809508 -0.99941549427707232489 0.011123933645477559334 0.03232534453613167269 -0.028452554038442785106 0.25350407677207159596 -0.96691578497236474465 -0.018950513655771768912 -0.96727035577454933968 -0.2530393978651991338
4.1219393773384753743 -0.8971676562966250934 2.9748617720525323271 -0.98767238635507348388 0.0065578487281735733244 0.15639773608246032577 0.1318989725429826898 -0.5031775255963067961 0.85405798326395254705 0.084296608910172057816 0.86415818711325120827 0.49610957395663057845
-2.7900133782532998694 3.5332666219551538411 -5.9882257284879338854 -0.95692403413587323602 -0.0094464255305361632259 0.29018469625009207791 -0.27174278104819932222 -0.32280120756566776929 -0.90661747244482093766 0.10223626480475880851 -0.9464196455266526975 0.30632923582309101729
0.56384802212450724213 -0.76467211861172912357 3.647079310010662212 0.99200444300205703474 -0.0016868819660838365107 0.12619167759142821406 0.067468259539862462937 0.85211749044196416492 -0.51898344524424733226 -0.10665467180944032677 0.5233478163823692686 0.84541814746858812146
4.4279948729168925325 -3.4651879553504691955 6.7311764798845237223 0.69866531331534009741 0.012578760098896378528 -0.71533807026081275282 0.34581512175198808601 0.86935218873142339202 0.35304202797347361553 0.62632154803879602767 -0.49403294094862104657 0.60303629386625101638
-4.1819984361760784708 6.0522761710241317346 -4.3023909559115791623 0.92407182366948648067 -0.0035876929450646523681 -0.38220203186204704249 0.25968326634910232631 -0.72783360452439083144 0.63468326376495487473 -0.28045653117446578406 -0.68574439303899992204 -0.67163886243820414279
0.48297612233521358682 -6.4629733831960374246 -4.7518418531466855015 -0.76149250821406910816 0.010577086473069050379 -0.64808740550608379127 -0.38320055710371242474 -0.81376371406579905976 0.43697362701329428569 -0.52276810630459669138 0.58109959809955546994 0.6237281171465725027
4.4744692800601004734 -2.6228899681885859962 5.1414954243149493252 0.89196777847580965837 0.0031281842789851947544 -0.45208815138657615362 -0.41294252120222124658 -0.40143947099535398637 -0.81751136096689669408 -0.18404335452322084787 0.91588021355971205306 -0.35677931283330144296
-2.1715979669291360921 -5.563019592695710891 5.1788343915662009564 0.88209641822504514241 -0.0061885990648869512037 0.47102824776893870151 -0.41769887172899955452 0.45202137299870648324 0.78816516727702101708 -0.21779247349480479468 -0.89198563867027458318 0.39614146323628590673
5.9774710137209225991 4.092152849189816699 -1.8745500109406338929 -0.13180187650527738774 0.004004890819740374204 0.99126798909232705093 -0.76973836646865334554 -0.63051007112124979326 -0.099799285573232809909 0.62460476506023099308 -0.77617073576906714383 0.08618512864675861862
0.53721869157830226538 -0.13939781396601766406 -1.7213445210529711993 0.52697257419585230576 -0.0056891605403676642067 -0.84986324752729835996 0.84506289846017079714 -0.10283456110434244235 0.52468442962284866926 -0.090380328011362351392 -0.99468220376901750335 -0.049383294885402446994
3.3241083587102639996 3.784184627631467901 -3.7365137842215099262 -0.99906014373210505486 0.00059807571035345487298 0.043341337210919032852 0.020404726699795906752 0.88867371095550462545 0.45808588996473365018 -0.038242336932913768843 0.45853972321045738392 -0.88785068896960028795
1.44936505864048093 1.0157728225978772674 4.0613364342820892361 -0.99837421563449180173 0.0062891375248597261929 -0.05665132218639809536 0.055188629384662853117 0.35518248205498970105 -0.9331664479758360331 0.014252745100925832619 -0.93477582937863190615 -0.35495212080876781258
0.51123309770234981464 -7.4495019137680023036 -1.368210917470518595 -0.96441328569213147226 0.0064542671263690945191 0.26432055693127987084 0.20544723635140405005 0.64756446304447057294 0.73379268140099829232 -0.16642850553965127247 0.76198333881906310516 -0.62584578284589431618
-2.6023688098501542854 -6.9954631518271135349 -3.7970595761328489459 0.98273354280390379234 -0.0042208820554735359404 0.1849782906257279036 -0.086524327309220855353 0.87320952022231168588 0.47960262152815297254 -0.16354915050783003228 -0.48732670555563734061 0.85776707643769378731
1.4661254046121030559 -6.085327991336495046 -3.1009104587678142373 -0.99803949018320459174 -0.0094755891562142719603 -0.06186589727076308165 -0.035385846954824655419 0.90075037392292622851 0.43289329599001447058 0.051623811078388537332 0.43423378160609399368 -0.89931974572000783485
-6.0278658752737843685 1.3429589299292357119 1.6927968367164927255 0.96712257860016259681 -0.0054657867304407949105 -0.25425192848270805612 0.25401576127904862412 -0.027372150990924375147 0.96681268008435650163 -0.012243814093762872899 -0.99961036935674274506 -0.025083829270837205289
5.1505726957717659076 6.723386661352514615 -6.850080334009998495 -0.76431534192927408355 -0.014006171049934875231 -0.64469053449231839004 0.64382170751062095526 0.039661434851586657713 -0.76414696199326581638 0.03627212469013869206 -0.99911500727293001134 -0.021296366178946819769
-1.2596783367279424937 2.9538687661561855435 -6.6710637895184206059 0.66925134187609747194 -0.0050392396365293709234 0.74301900881529936438 0.46496545818501611169 -0.77715403177697384152 -0.42407397183465711521 0.57957722875549488872 0.6292902485791089795 -0.51776830624466740893
-7.2293726413128522879 -1.0666550404236903038 4.1996183079607112276 0.8020243196683135567 -0.0052789466079096580148 0.59726804985974013551 -0.36976382474539565282 0.78091871426906533937 0.50342891813440149296 -0.46907537195013648823 -0.62461035408245946243 0.6243638370395270254
-7.3095198480736245372 5.6784419220380355497 -5.4164008205116456196 -0.8727160800933029261 -0.0071469754027477221808 0.48817575143503155743 -0.32659886383895403439 -0.73468412484088163605 -0.5946195580755704313 0.3629047060671485303 -0.67837169564294597102 0.63883645549146095277
3.5642070327569834731 7.2516453649613348276 5.4878480988413915753 0.76089300071445942208 -0.009653384867481875492 -0.64880555918113480551 0.36083308537822206263 -0.82473643226918069704 0.43544150213811372296 -0.53929706652288333935 -0.56543490292734710501 -0.62405291810173380007
-1.1395193518823598655 -6.5110265228677306482 4.7383654171082199014 0.72482435733673489242 0.0071203947838061054654 -0.68889690882561172014 0.64488608900231481069 0.34479841898396657029 0.68208209364954897058 0.24238725878774936007 -0.93864974843887916123 0.24532644890654223269
1.1360825496050370731 0.18809890787359800912 -4.0670788500522467857 0.53018584979584093553 -0.0019242920633534207897 -0.84787927311397515151 -0.42214764607994181844 -0.86783979244106046469 -0.26200278541482324712 -0.73531920251376792219 0.49684040873915136238 -0.46092871320691936043
2.1697195650266207778 6.3209501451064440403 0.39567350413108981488 0.99746052542796859175 -0.015688178353795052822 0.069472161855213016013 0.069168610587918108457 -0.019127519344839749582 -0.99742159657441398224 0.016976558020770610158 0.99969396270243426894 -0.017993815996514929412
-0.48347042427111819318 -3.6898583585318633915 2.6896389174242574249 -0.97898636585282661216 0.001664676396993855674 0.2039189160587083216 0.16025663594718811411 -0.61210620581416919084 0.77436671121543876328 0.12610910398917984931 0.79077381194386520136 0.59897685450662352391
-5.5400231653040892255 -2.9222455084952070337 -6.8674457906261539009 0.96116760626054797978 -0.0027099490471813028267 0.27595196837764629505 0.26841411280975818743 -0.22313742531263444646 -0.93710381146879651038 0.06411471531475235186 0.97478323005729838879 -0.21374507638572082246
-1.6484974615886365257 5.0520645084130153535 -0.047281547521376227072 -0.87717929164466190706 0.0029683004953075424817 -0.48015380817190028706 -0.049456346375485911449 0.99410392203015640611 0.096495917051119706187 0.47760921275976014888 0.10839087321590544499 -0.87186057285010054585
-2.618203653345412274 -0.15177297858506097472 2.3801038472370681376 -0.49281151527827971037 0.016371016708067627488 -0.86998206890771856425 0.21048527149662768498 0.97237249142655290957 -0.1009340794766831334 0.84429423833885286488 -0.23285988862141152045 -0.48264221881137858716
3.1348103182080753193 -4.0287078292217195497 6.5738157778216024241 0.94272136687985041981 0.00017607503564241603136 -0.33358116467492204826 0.25898936140379885673 -0.63063812013592179806 0.73158736464694973378 -0.21024018433206329015 -0.77607701320746436124 -0.59456163218212421118
-4.7955795721458462921 4.2306585822482416503 -6.7963511833988876631 -0.91327979582154339422 -0.00058065374129983920656 -0.4073323917703227659 0.30202662767918425635 0.67001576123690653741 -0.6781288932546463144 0.27331288062737085776 -0.74234664580315767868 -0.61173648472838237922
-0.32383906623598529562 5.3338443102626644787 3.3817954326310029067 0.9998714280710652158 0.00080059786013443080821 -0.01601519185325903441 0.010367909293100651194 -0.79417896655133457529 0.6075954867709809637 -0.012232488868568277759 -0.60768341110376988823 -0.79408515795572598428
-1.4714211603549431917 -5.9869309215332409124 -7.4407545055682504653 0.99992673897583128628 -0.00050643717664672349699 -0.012093808446601468642 -0.00069864419521500692109 0.99504404197176532509 -0.099432723148612137121 0.012084228467106373356 0.099433887874521287298 0.99497079020669354499
0.091752616258154492956 -1.6785745193951973064 0.35987317760050074877 -0.98483807126817457522 -0.0045011687462178867972 -0.17341774090482209303 0.17296978294810108623 -0.10180322376714284749 -0.97965175333759380027 -0.013244907228217740053 -0.99479437227531097854 0.10103825672479117836
1.9137290953889707357 -6.3037508594956728203 -1.3127868763010719366 0.93086950364845144623 -0.0069803117507299498878 -0.36528515221018831305 0.057205021125486352207 0.99027044670241770596 0.1268543572203020553 0.36084560789264630287 -0.13898099739036387512 0.92221186808071664576
-5.4735924185431974465 -2.5204373933054085022 -5.6601585892846646431 0.99891938152378700888 -0.0051562583613808882568 -0.046189633206688063272 -0.036940606068282567931 0.51501082352685123578 -0.85638732082715129934 0.028203915319744012058 0.85716816591029387773 0.51426381800659459742
-6.373783124968708691 0.46800107922139355665 -2.2015781151134454774 -0.90409332730188995964 -0.0019777818549273516388 -0.42733048558134029138 -0.33173432778631828377 0.6336220466554673969 0.69891017860689574892 0.26938372500288587652 0.77364022023871825695 -0.57350956254664575695
1.5122411738825998206 3.9638784057477245426 0.70509614460807568115 -0.87868376975739004298 -0.0036010305661453201505 0.47739068418205837796 0.23049157002745776501 -0.87890475767363429593 0.41761233588692397989 0.41807710881042142725 0.47698370990792332558 0.77310935291925808599
3.9763796900813832558 -7.2818252131179903586 -1.6397863821933531536 -0.99727228866902084548 -0.00053128737265266921808 -0.073808536001219088307 -0.04928387822249690603 -0.73961031831821311133 0.67122848299557869023 -0.05494617002362600644 0.67303513635689538042 0.73756669097020532977
5.9115784059159039998 7.3660048480591173714 7.2945459680438089478 0.99365635237609983843 -0.0056384837826608091155 0.11231767840855201579 -0.051762794141691194361 0.86372552638893551613 0.50129714561999216826 -0.099838201732139503219 -0.50393097003930809041 0.85795449233052578641
5.2951867269565751073 -4.0935167481339211903 -4.6931372509961741812 -0.9764425190233436691 0.0032753878155186485349 0.21575281893413045253 0.21575033676071864175 -0.0010973445201090496759 0.9764479443485839516 0.0034350008729258536821 0.99999403381704587979 0.0003648278231453182599
5.0428534822730251008 2.1536210464573017909 4.9236074189719971628 0.98739393261449814876 0.0021714357345732782784 -0.15826720033820587674 -0.15314652941572540201 0.26574554748145995386 -0.95180115807969167818 0.039992028755341274548 0.96404076099545377154 0.2627280890491361931
-6.0106697341250958644 2.4217658000972637211 -3.3957930087456933421 -0.99996512087336120178 -0.0064482026034675832965 -0.0053082690067587368077 -0.0082553898953008544165 0.85950819190680305404 0.51105529699113849684 0.0012671125995342077952 0.51108129365907928321 -0.85953144543831849766
-6.1429058749089229252 -5.0677230281103797793 -5.9094713899763080533 -0.9998666692902673514 -0.0066827450200161384042 -0.014899146333716617105 0.0015552592823350908785 0.86930071904797445725 -0.49428113562155401306 0.016254993418646234565 -0.49423840480258507402 -0.86917442116483756287
-6.5068530396714079345 5.1852204763374079022 6.7038013882976557056 0.98858573881442790565 -0.00079127167494357332836 -0.15065726302405238468 -0.12756598401937524478 0.52763826462482243951 -0.83983616344187839164 0.08015707538286695466 0.849468796126696013 0.52151472431106227212
0.87492174901257513397 0.17683851302369713032 2.8815185067986806011 0.90270903615127573438 0.0077851749066259363918 0.430181109653279381 -0.42780133326114339054 0.12279402961084689982 0.89549296231279484903 -0.045852102577553309481 -0.99240164114317408472 0.11417778831992715649
2.3099726195302490162 -3.7979096224494988121 -3.1348629179808149559 -0.80267293575260612037 -0.0025964267562227690694 0.59641379660311955035 0.0091928586031091337472 -0.99992559095492850041 0.0080189715120336669402 0.59634859734979706047 0.011919359106368172113 0.80263707820992846731
4.0241371415420985613 -4.2999657413093501646 -5.8254284628867303297 0.98628775516763045328 0.0040935297389751998734 0.16498395988902042619 0.043594013364078379458 -0.9706468852092126065 -0.23652523381764559152 0.15917294369708245849 0.24047425485480730667 -0.95751559086351412109
4.6502046050096250696 1.8238815944773327793 1.1163387506409787608 0.97454387682552179317 -0.0056805009115999047231 -0.22412488494369098291 0.028366702367883946112 0.99476904488537309934 0.098131939421118613565 0.22239505915913471146 -0.10199156458832357719 0.96960721862740828492
6.5186920358089839311 -1.0295995663499137862 -4.3009157308087679894 -0.99989408369185883707 -0.0080751104323036407284 -0.012108426386314111167 -0.010833623297063612115 -0.14259782049445030028 0.98972142252076522606 -0.0097187449964061169844 0.98974777301180494327 0.14249523435521604942
-6.6187545495172157572 -7.1517108737204839741 -5.9386097852835106892 -0.95936214081398907272 0.0016488170059124566263 0.28217293310176022603 0.25929384992491133488 0.39962902740912586985 0.87924020599792440667 -0.11131478861269150649 0.91667547248440139906 -0.38381648737589812992
2.5606785109009448931 5.5806212410435991345 -4.8801564016863707707 -0.98595959232136698436 0.0022247809422911899412 -0.16696925662927589173 -0.16693057542196812482 -0.038442002357342831831 0.98521895812254522973 -0.0042267361949290122025 0.99925835638464755029 0.038273644935155531899
-4.1697766231923845126 -5.5511730333143072258 -2.8406553200087980571 -0.97887741782893389342 0.0085007350867298599878 -0.20427123724992343745 -0.063433029996385309479 0.93720007914934122528 0.34297560022245893174 0.19435856443725257892 0.34868861344399848523 -0.91686476608297839963
-7.1133581737130313627 -5.0650538118822181488 7.3447312436052030193 0.95678499086361712411 -0.00076698177963634844856 0.29079527677919864148 0.27628423226938225721 -0.30956063864007493658 -0.90985671069909912489 0.090716615112440390778 0.95087939442586200123 -0.29597106784082816144
-6.4369450537043597649 0.84127434129861122791 4.0666049656857703454 0.9869687486151135225 -0.00099592057866096156057 -0.16090897240178905769 -0.043619871024459029585 0.96088277529123644616 -0.27349880987041402802 0.15488704306367115371 0.27695360674832403269 0.9483178283677523579
3.7226469920510432132 0.53283245211451113477 -6.8345132237205978853 -0.94479700905653052345 -0.00059529522363004332836 0.32765569932683696885 0.25797802542503062151 -0.61786499628592062017 0.74275849693046813726 0.20200482686209245142 0.78628397668281169164 0.5839105735779640538
5.5354254531318956012 1.2041197569672634771 4.5606009071368571739 -0.98257996018668380955 0.0032677162771149524494 0.18581158163530428484 0.016106283046934920244 0.99758065415043806201 0.067627110770621209901 -0.18514105294583194095 0.069441777735746154643 -0.98025539020144292213
-0.36308512759421202043 2.7082947622931796694 -3.0779761230019540008 0.74893048948566010026 0.0067714418070510410189 0.66261396717445397719 -0.45705072256279793974 0.72930441765647324726 0.50913623264463880869 -0.47979970708997837781 -0.68415584040672683397 0.54929320687020932734
-7.1038848320202641062 -2.3691311028358823521 -6.2227462530514365824 0.95813760558486527064 -0.0078897070846612078754 -0.28619937331581418727 0.2760614861990197122 0.29049274816877862504 0.91618994706288348073 0.075910372162471317914 -0.95684466648649124654 0.2805100704336284112
