1125 14.717824617146108679 14.977075390850430381 15.033177056927090831
-5.6153422772467296298 3.6911410578512322544 2.53704725705460854 0.90881304953069352859 0.0063138224848926531238 -0.41715581818824559734 0.075685498798932701603 0.98079959364204805095 0.17973275267232718955 0.4102810576595566916 -0.19491611723305329873 0.89088560487218737549
3.6905680892155854345 7.001788067485874123 6.7289545985864362976 -0.95977787576405670933 -0.0080030601704733986268 0.28064636149739791149 -0.062331440136452774536 -0.96857450959444257865 -0.24078665024118381388 0.2737539420069689533 -0.24859479156207134332 0.92911754307192795377
0.42478595851527706229 4.9985528265387983993 -6.2692139964119091289 0.82130235055274147804 0.010110807048668705652 -0.57040355938343167974 0.50821899434729933542 0.44127586282857189648 0.7395870920111891067 0.25918314521044505394 -0.89731454042927816239 0.35728239919299370486
1.0116669993754969781 2.8708273860843558367 -5.944823411318868267 -0.9878252717607530764 -0.0083077581225447904439 -0.15534546541746022119 -0.15556698307972827156 0.050297877984292901909 0.98654398647282259827 -0.00038242155189553792699 0.99869970693158627295 -0.050977927855985608052
-3.0196821064423660097 -0.37191659730478360268 -5.6386152689089295009 -0.79801147175616149454 -0.00099447134998794858851 0.6026414373177105821 0.30477824919950619043 0.86202078062621478871 0.40500665745578823262 -0.51989220975164751604 0.50687196094809650049 -0.68759937859494069112
-0.16002469152717047063 -3.5250829021834562127 -1.2413302872640055163 -0.9236408855032240961 -0.0014804860919419280708 0.38325621037078066999 0.36199842806238635706 0.32506216795101838812 0.8736656826539900278 -0.12587554451601648542 0.94569149045973333045 -0.29970477501178460766
-0.8974679699563418156 3.304750265209061677 -2.2226495617790935633 0.76524590419503368821 -0.0027985209676768246084 0.64373198956792776482 0.10678712620890526419 -0.98558375801031783414 -0.13122943885540999664 0.63481904176607761858 0.16916507980870135186 -0.7539150880468054039
-6.2085389917019710992 -3.2371173526691388034 3.7916754293878169868 -0.98329976352949932661 -0.00023429628245871477778 0.18199318709289913354 -0.10596201204655938954 -0.81228629002114938196 -0.57355299236143708619 0.14796495208670107369 -0.58325888604366826762 0.79869609039038846898
-0.5168621349984582336 4.0289602144411560403 2.5693138988433092962 0.97528225118036326879 -0.0038446882093038218554 -0.22092928485200047373 -0.16915720898280736662 -0.65627442339086639045 -0.7353160679953820722 -0.14216317800965369567 0.7545124913316862969 -0.64070315376357189763
-2.8661491528271616502 -7.0299555157421647067 -3.1853742929957657992 -0.99210245167054766924 -0.0026859066456950109712 -0.12540140068906230342 -0.056427349712584867758 0.90244618779961338628 0.42709112883605920841 0.11202088909526625171 0.43079422469611911017 -0.89547063401034066032
4.5428503766153633947 6.644417110200185661 5.1607517612491315973 -0.98784991119022302897 -0.0027591939923268240728 -0.1553864209317619427 -0.13802480281279372321 0.47509995054600773212 0.86903923432707497199 0.071426233065732647187 0.8799275105596802149 -0.46970828116000684638
5.9810110060197896331 -0.19494341420378913377 1.4564235330772272725 0.94289074895920588215 -0.0072483378612355287354 -0.3330232681440745135 0.2913976103319951827 0.5023188870298014308 0.8141026768324743923 0.16138298615370674782 -0.86465206721041321103 0.47574397993954914421
-5.7835230247823536942 6.2660609870222829798 -0.72310923946800165218 -0.98063231746177226267 0.012441857555613885372 0.19546216546974307104 0.18337236398210596255 0.40894101293753792881 0.89394732734394044549 -0.068810130629092580712 0.9124759986532614553 -0.40330226605437136111
0.69697650735483818174 -6.0523042479933799598 6.4635040084493953216 0.36234905801446515294 -0.0074751510158646986351 0.93201249040634859266 0.098454204002654879813 -0.99406624862035908308 -0.046250006142487573579 0.92682788578590347139 0.10851919402242971024 -0.35946300874851327967
2.2786735305493559522 -4.5125922096132322636 -6.3853670586292681222 0.83239428247538527206 -0.0038585337084556577819 0.55417043427085521667 -0.37122186453940003714 0.73859332661449506041 0.56273814973609992407 -0.41147792867934268601 -0.67414020025374288281 0.61336849007068239281
4.6612738291875572827 5.8263159668969510818 6.1503405346441759605 0.98732723738547945036 0.012470434629659684495 -0.15820687272348485375 -0.15861184255739083082 0.04477435932498213117 -0.98632527096667588218 -0.0052162934482102834427 0.99891928853486189333 0.04618490311216797567
-4.5547251792864615894 -2.7419343337958235196 -6.1129838986587907712 -0.40351980410244636666 -0.0017447841828951253518 0.9149692472565813528 0.69503572963638482474 -0.65094345242767936988 0.30528340320166474919 0.59506058702116781944 0.75912421741749980253 0.2638812617530383875
3.8322200630315315095 -0.89467601366898386051 4.6163534016556209139 -0.87319184944821626182 0.007399597132875763289 0.4873204695264959363 0.38867109299221130891 -0.5927090282769679197 0.70542950694691131108 0.29405913610951855963 0.80538267535467822356 0.5146726830804321251
6.1420444811737198165 -5.010868751338743543 4.1985513481906879818 -0.91758171090703255501 -0.012424740383625294815 -0.39735302897447344339 0.33656444326680956536 -0.55624442576865917864 -0.75981347338007076964 -0.21158492228262196222 -0.83092584785152701077 0.5145814377092869929
-5.0826016553440007684 2.2741957742829330691 -7.1758514630056682293 0.89455541354923262531 0.0043478028805729561357 -0.44693591117712933025 -0.19344499714264598578 -0.89767898789028688356 -0.39591851154068469221 -0.40292635204242033264 0.44062856388387866557 -0.80218253753100221548
6.1330431935173006508 -7.1174006613070961436 6.4369950112126366193 -0.87565660352744711936 -0.0055043790802527725256 -0.48290290381168465839 -0.42772187307987680205 0.47311876133513974807 0.77020298425912303575 0.22423093450243022917 0.88098146375709629474 -0.41664391094618680178
-5.4606048478537312363 -6.4308137554714202011 -0.064443212191767795805 -0.84894699238873250202 0.0060823433485967005885 -0.52844300469700278278 -0.47107966865308853466 -0.46191782934925218473 0.75147579116763207896 -0.2395265118844244201 0.88690186831946027368 0.39500902024615952568
5.9445425370915545571 -1.5087239918881840683 6.7823019582519812332 -0.99195345391124423173 -0.00056620404867436819468 -0.12660183524181406467 0.042472616438166313491 0.94055016790333600962 -0.3369888106597312416 0.11926618182254165867 -0.33965432585198113147 -0.93295793946113569906
2.4169185712743193051 5.3711965787526203542 1.5163173523321489267 -0.94411191177842590516 0.0034303301913841451748 -0.32960723728857432846 0.22845415062761675884 -0.71401911082232816241 -0.66180466184632402715 -0.23761607500171189056 -0.70011780595504990998 0.6733302745945021206
-5.9665404030160562598 -3.0646558779643315873 -5.6576115464109477671 0.39675829942102502912 0.00041573720653973519207 -0.91792302455219265678 0.085381393314514414383 -0.99568124115365863602 0.036453857001985154329 -0.91394358114505935831 -0.092836917103119323547 -0.39508029222755786103
1.2267279618929913809 7.3163486733271998474 1.7082220273268999833 -0.94124229379402135631 -0.0090325433684445080584 0.33761125208375897255 0.01706716689501464046 0.99709294174126861243 0.074258853639364436061 -0.33730054282115584652 0.075657641318984780732 -0.93835188768525634728
-7.1782376396561149434 7.1043503857342127361 3.4855791194686518431 0.83327600168082616161 0.0073353069462183291549 0.55280855483158364283 0.34071414904832747483 0.78064526767651265526 -0.52393399841257815019 -0.43539059895823167823 0.62493132368788273379 0.64799372451629599912
3.6976732311547433341 -4.9018918634679478075 -2.8341400775484704155 -0.87861063734756328358 0.017313931796824794801 0.47722486911868855497 -0.026906207415149041573 0.99596015537316884281 -0.085670443628839937356 -0.47678024701344473568 -0.088111274390769711573 -0.8745953346452250976
-5.4029688440987637676 3.5294169521370548637 0.045017121514159499918 0.95362746349736393636 0.0009539146356859380671 0.30098795808243344885 0.032692423418566825266 0.99375046296567470794 -0.10672967163110365363 -0.29920873368733075237 0.1116203718069492673 0.94763654756608761698
1.133539969886086185 -6.8965113989914463843 -4.2713790770485271509 0.78982976919172409591 0.0032509442022532874378 -0.61331750917464955553 -0.59260905320308854272 -0.25366332536397384612 -0.76450600221768716391 -0.15806152523670122245 0.96728710770232417815 -0.19842430675900613046
-1.8994359650892875813 -7.2767953207656281833 7.3214687413768588797 -0.99272802558272643658 0.011835815599021720645 -0.11979557876495265656 0.11378283630288983652 -0.23263386394496474163 -0.96588557889063220152 -0.039300551973182454302 -0.97249236439932806864 0.2295954437689730343
0.53479563656036233077 -5.8434541492854510381 -4.0181311278232616502 0.88833662185754957985 0.0066011867095930095578 0.45914536979147585471 0.40823746802516946985 0.44644294147784518989 -0.79626055390496242037 -0.21023847404139189843 0.89478775379342190277 0.39389676273629370407
-2.3899385306636200532 -7.2920904196116138607 5.8402883240573810752 -0.90748496130390288172 0.010813538571882004569 -0.41994536834074275289 0.33061333199939479943 -0.5983433909758798519 -0.72984930717216056628 -0.25916378935233191916 -0.80116680776170667855 0.53941252898831271168
3.0334232799233484812 -1.1256337798781428372 -3.0131418125895996774 0.99010806111004767693 -0.0089137804288536934966 0.14002346890251918254 0.10417343538033088657 0.7152307695049405778 -0.69108092269608789593 -0.093988949808382862838 0.69883151823014766357 0.70908432957024447596
-1.729886678959885904 -6.2956546377431070738 -5.3195416868553637713 0.8499860712752024261 0.0033661710551056355997 0.52679440726966686448 -0.36454766748905254037 -0.71812710618312725064 0.59278871235319674504 0.38030077145137874961 -0.6959038211258017359 -0.60917090785432548294
-5.0088024707162723814 6.2243175968033934709 -3.0379173153693241893 -0.98846185831852917403 0.0035552653032424291583 0.15142824947118144197 0.058526915931091390288 0.93104487554633164059 0.36018056559236227843 -0.13970595821533074443 0.36488737962205203269 -0.9205104265740293723
-4.8108415721866411019 6.4209877330806435225 6.0425754986086852583 0.91541190276253703306 0.01054982532960716847 -0.40238010570375359887 -0.31453238163322561061 0.64255009322106526604 -0.69871221443853648303 0.25117808261228113942 0.76617105067144497532 0.59151626514253974332
4.6244628601960355851 -7.2944569797673564082 7.5019338140745670529 0.99986963257259009463 0.0005657102610835094969 -0.016136846996154204092 0.012202104374592633029 0.62804312894910652165 0.77808285987334735445 0.010574805336653638616 -0.77817832670398456862 0.62795434972640207238
-0.32061998907709454709 4.2630285122601687675 -4.5304039799104307562 -0.97306639500012959143 -0.014586148876494803989 0.23006311130293227718 -0.034604908873677703296 0.9959300981161613997 -0.083221030685281818795 -0.22791290266957736632 -0.088940901319005075121 -0.96961086259855622238
1.647734815088231608 3.2122081074534225564 1.448448038051401543 -0.93105961670792414253 0.0053294328428875135245 0.36482816130530576482 0.36325049326599806454 -0.080480672406438469313 0.92820899613766782998 0.034308443243663527822 0.99674192172029363324 0.072996384894167293256
5.0227504981394250905 -2.5209656082754583473 3.5142666303069667322 -0.9961046811373054366 -0.000254420204446121484 -0.088178225695413572915 -0.062201522721198741761 -0.70677526459462169939 0.70469830135187705444 -0.062501478283287781323 0.70743809667519874651 0.70400632425058862207
4.4576985031243703261 7.4330778513098758609 -1.266558215458938097 0.95107682108354252293 0.00034031198590004155258 0.30895430824849678952 -0.063960939027662477852 0.97855218907438346054 0.19581780188846545365 -0.30226127551556308815 -0.20599878020388462385 0.93070007192349124558
4.4410496318247618674 -5.6820418983324376683 -6.0827212063010795973 0.237531417924116528 0.0015391277121427286278 0.97137863708489358139 0.96552951600435266144 0.10921203173233466621 -0.23627417516345664006 -0.10644989066812084177 0.9940172851670562304 0.024455215516736364401
-5.4282670944970980997 2.7018051754041634283 -4.3065760486750610525 -0.98929537360062125284 -0.0026024897040553109442 -0.14590370392779083986 0.13249337066656755035 -0.43504535898460555687 -0.89060712009021103519 -0.061156933392034491803 -0.90040477712708222313 0.43073317358284385348
6.342656174849313544 -3.2261389207490429598 0.21010926341994456967 0.89303157785068498775 0.0019085106511675178909 -0.44998995383083811861 0.22205290724095505528 -0.87163107548347462661 0.43698029090257123341 -0.39139124587482038153 -0.49015877615167907644 -0.77881786498132488106
3.9499873427561560391 -0.61630458720401526396 1.8977658652662308114 -0.83872995084099755125 -0.00086138305679524240777 -0.54454690117713766551 -0.34730310153324067679 0.77106144063895487584 0.53370854445591597859 0.41941939061954808254 0.63676016896402165557 -0.64701148520969509192
1.428055496617657516 -3.6833129555376453723 1.4444616715014744202 -0.64031041675842392813 -0.0061072757038203211513 0.76809196804428636618 0.58206269723911241432 -0.65634808715710113436 0.48001063005720323584 0.50120413672808394878 0.75443348922793584954 0.42382133459508614104
-5.9570669054450622326 1.9566137286785161287 -3.0725319493445888419 -0.82685366728784981394 0.002762963857943028477 0.56241032967343118631 -0.22493334574892728805 0.91490549498084561275 -0.33519087879001330244 -0.51547842133576360357 -0.40365864450616795178 -0.75587148104199397558
-6.3335291028498854615 1.2487691458345646645 0.55566034210658443726 0.91314386363738031527 -0.0066994687514871260892 -0.40758238605189567316 0.39459589080288370866 0.26541663442982360577 0.87968636065899608045 0.10228571387443410878 -0.96411053686095060655 0.24500715387683250079
6.3929404288987701221 1.8418494638002009811 3.4453105270409998262 -0.99952301723866043837 -0.0057479837719476923122 0.030343017198703393922 0.030395086595866163681 -0.0091989686124874740086 0.99949563164997456965 -0.0054659602080634923926 0.99994116809887423347 0.0093692913274770715792
-3.2783310837789469971 -0.39296917264205333264 -2.4977643619852303303 -0.93719852502737144295 -0.012630971214746558595 0.3485676164712648295 -0.15978749477429612935 -0.87276418277511191857 -0.46124899759095960849 0.31004335374289948568 -0.48797862640804712253 0.81593503354667051841
6.7920907896700546402 -7.1758152595972779508 -6.5078198743190949216 -0.92793266314713429566 -0.005101221566386185749 -0.37271295953235217269 -0.14660616404822982006 0.92431374895000750769 0.3523502890096180673 0.34270629601431668032 0.38159935932946226211 -0.85844878917238609528
-1.1618891458778586312 -0.35721918423407322818 -3.9677308311786614325 -0.90924645796899550287 -0.0051962955119668648163 0.41622575266772615654 0.0022961009394801045261 -0.99996947724074836117 -0.0074680993196284406466 0.4162518547602614416 -0.0058346465124152202542 0.90923063647723789682
-2.8754735118829777285 -2.0104851150508893376 3.1861101622384442322 -0.9704119520701928181 0.00039980436421009624137 -0.24145493044378801839 -0.18148158067807987348 0.65839258598030447889 0.7304680955393990649 0.15926418038498441065 0.75267459295690208876 -0.63883947746168312509
-3.7750386965597875211 -0.81444915406776208222 -3.3291442091457765784 -0.97093074797780265506 0.0030687812650887213994 0.23934089749303699701 -0.086034840349993854658 -0.93756726900067099972 -0.33699498860467647088 0.22336402771529265121 -0.34779045225569443778 0.91057691187651523812
0.60559537401805385581 -4.8356446263685661791 5.868299138573444651 -0.56207509999918958687 -0.018514043142823916749 0.82687895859508708796 -0.67695819181342042903 0.58468107489461662585 -0.44707454322152001547 -0.47518332093793624882 -0.81105195324748313723 -0.34116790680819519821
-5.7792968862387468221 4.4976435555567810809 4.637209496299551148 0.91571307613955965632 -0.0056678318268449882217 -0.40179277976257582461 0.012184673309346470346 0.99983237702823291038 0.013665708261464399112 0.40164797512664784929 -0.017409581509176694225 0.91562864227173190734
6.532167436276254513 -5.5333406165351766148 -4.8039982165653762891 -0.79030830356151493543 -0.0028651151637137544682 0.61270268192405752394 0.55980883984333795755 -0.40984846797360430237 0.72016546441289730485 0.24905189851737596918 0.91214912400041614493 0.32551056423726154598
-4.0043607783091994534 1.9868414506912766004 2.4831935119744521501 0.45522310857523118344 -0.011520583282514484935 -0.89030286845539841067 -0.12460155378935545978 0.98925247863490706202 -0.07651134757662941821 0.88161577470721907979 0.1457628542377516212 0.44889510591241027493
-7.348977928848677621 -1.1931440327538693769 0.48901316591994337113 0.89787656986216302091 -0.0060320998107896133672 0.4402059507370887359 0.065823593577355607454 -0.98682724540325217344 -0.14778106190658674146 0.43529865589162675121 0.16166509054692024261 -0.88565200766288532108
-0.26032483727332861312 3.3853168087043306045 -5.3278458739318539372 0.97228834146835529939 -0.0013375262339117731034 0.2337810772244352242 0.20373810286069704567 0.495276541689533778 -0.84450691690160284431 -0.11465673328412490095 0.86873434275134209237 0.48182411234494321173
-6.7836690691489494043 1.1949862600926746126 -6.2752329563809228219 -0.97488072899255429071 0.015453465957870986952 0.22219080680518304982 -0.19100389002646989134 0.45512620349512195039 -0.86969974869883859281 -0.11456473381285169066 -0.89029283344413212564 -0.44074209293467531134
-0.93848750375654832467 -1.7947166284839508599 1.656996631893271843 0.90933235440450776998 0.0051726144843904850457 -0.41603835555462648221 0.17521343214431353563 -0.91169792099609625602 0.37162770893431501529 -0.37737901694372988359 -0.41082860770753237833 -0.82994272854198147815
-5.5314940097211362513 -0.10676518144943385191 -7.1786046360089130758 -0.97404272248220480357 -0.001683630497668985428 -0.22635799117307189854 -0.13386525602581833549 -0.80209303378463647771 0.58200245565058161823 -0.18254004494540498893 0.59719672683498248311 0.78104750268393119406
0.63823822619613757023 5.3836307771941367406 4.1190354612139508106 -0.99719610592322149856 -0.00069931993480242763545 0.074829387831310517631 -0.061977187468459926656 0.56811075864790283596 -0.82061500969820244666 -0.041937507854840669341 -0.82295180713098647907 -0.56656117813943207562
-7.3440508434319324849 0.42717937833753577559 -1.8115569489581573315 0.98461592429113120595 0.0059987077061699027591 -0.17462959983420819898 -0.13007491121446362881 -0.64215162108398660123 -0.75546132463020665426 -0.11667047229253493801 0.76655418011079479168 -0.63149243055626325116
-6.4290420669734844594 -4.9801602674151572714 5.1705482606246704336 0.29157936196853334598 0.017256243509540060421 -0.95639097535162576058 -0.66441991096740415923 0.72293015690592654643 -0.18952089633057087048 0.6881334591371039977 0.6907055887249187176 0.22225690567468647796
3.2239967811284482302 3.5125417193568773122 -2.6414173043106266014 -0.91478063807299203614 0.0032883085626015146237 -0.40393758333892348933 0.39286431667489962738 0.23990990461470237949 -0.88775045274636699144 0.093989429673889818284 -0.97078958827053840608 -0.2207567947198999514
-6.3276933361156251223 5.7501010135214913888 -3.6046753028409375119 0.76629727966008920337 -0.0020170958928712613006 -0.64248300406292924158 0.60329663851200932001 0.34616547484545440172 0.71847242813145839602 0.22095620639771598737 -0.93817130384004421284 0.26648256885805560179
5.8608647993648324004 -6.2921855636953090141 5.3911410749943033949 0.93798094460875069966 -0.0097966272077421936992 0.34654837129338245116 0.025479121146221569982 -0.99494950395937953314 -0.09708912893115834164 0.34574927611833905505 0.099897500801288841021 -0.93299406611039170656
-3.6674259538672320247 -0.20611698935525288312 -6.6621652958203085859 -0.59200648557040480569 0.0065218162807339514347 0.80590681034155053908 0.66014726835683101847 0.57754296828209572556 0.4802600377597328607 -0.46231364367015459482 0.81633423651114633834 -0.34621454212100705172
7.3311608501143128436 -6.1066727022946682979 -2.6051203985094582016 0.83129354908557251402 0.0032566240753445991132 -0.55582409955697598125 -0.44016111903518018167 0.61450552130149038721 -0.65470692189691792606 0.33942484372610787213 0.78890579836233298838 0.51226791503266899674
0.21039215257416232774 -6.9368997364941265005 -5.1255716538129219018 -0.97819341023473793673 0.0028584181503027447993 0.20767638676295480105 0.066110659753664674509 0.95218377529500286549 0.29828751018417198893 -0.19689345555445361691 0.3055124997616920357 -0.93160886623584016064
-4.8050708000081936433 -6.3720448584998647945 -3.0504062787094499143 0.96031876605518418089 -0.0036672665917177561454 0.27888065317977239754 -0.2401104614752937183 -0.51959272122222632806 0.81998193293695931239 0.14189726513339523395 -0.85440620035706060786 -0.49985518996900524247
0.70802345227553553642 -5.4557122940273439227 4.6275689087732283511 0.9344140465872603496 0.012695857588040638381 -0.35596236421933435956 -0.070067718949600940603 -0.97328588228919599157 -0.21864378815297649816 -0.34922901411782697467 0.22924529774186419573 -0.90856242997477376644
-6.0952968144512764681 0.028876058022145306009 -6.2478774646556711758 -0.93086528683909830484 0.011692359697586260717 -0.36517544616621311349 -0.28283483603193804168 0.60965269359798901494 0.74049176140935724089 0.23128829041864881755 0.79258241332570134041 -0.56419752286046087608
-0.15193896749505819699 -1.650572856386973708 7.0295049692575926059 0.99809364873861594614 0.012187105322785505082 -0.060502419881539301616 0.022779341749550759827 0.83835040064893096012 0.5446555859636167396 0.057360002938757342905 -0.54499548639941519657 0.83647459606798868492
-1.6218445716855534044 -5.5366599029240903818 6.8010592946315746588 0.99055901890427366929 0.0039989793604983166903 -0.1370286036984489364 0.13353163448663674107 0.19802448267985628405 0.9710590130628515837 0.031018263310834799651 -0.98018891670100993796 0.19562094703220578307
6.1122571376356660267 -3.2842294899336521574 4.5291492125810490776 0.99978905514513916053 0.012010342024835307662 0.016661239346153731977 -7.9355177507178797924e-06 0.81143105207762211695 -0.58444815652136650197 -0.02053886922712730434 0.58432473797419692829 0.81125998018031697523
-6.3087087063889004668 0.17314390323556885787 0.54072807513709753025 -0.99943929596808356308 -0.0023228718794731208555 -0.033402064920869584119 -0.025266956585712443961 0.70689682202052883664 0.70686523745489127091 0.021969856158852395928 0.70731286379047964008 -0.70655915402524027691
7.1785067608698973629 -7.3671900281410733768 0.94479854212050939921 -0.58901961222391441275 0.0069749004589052341491 -0.80808863819452780852 0.59809581034557635082 0.67622467276978026618 -0.43011811585247528011 0.54344944388838145599 -0.73666243470198089494 -0.40248125327313732935
-1.7271667517135054215 -0.49685971516183446983 -1.891319527662929989 0.99800503251208427802 0.014029327190783242793 -0.06155593439395786598 0.02810792421396735713 -0.97177373092262409049 0.23423441353708382429 -0.056532288799543681246 -0.23549733303633357817 -0.97022940918926892095
4.3777104115557330388 6.9981267848126105235 3.9826382695500277542 -0.9424966306127012805 0.0069445327532082976041 0.3341434942487498394 -0.24605200314404376827 -0.69102768635257749708 -0.67966105408729204918 0.22618247728927393103 -0.72279492953333046579 0.65299998224214650389
4.267228043386737113 2.1509109460757596111 3.9098320497528202822 -0.9440383647672072609 -0.0027664633742912787817 -0.3298240629912025379 -0.13968920547267829613 -0.90250547525046087571 0.40739513131269078361 -0.29879506642854158915 0.43066949488358946541 0.85161334797823107223
1.2975151101326996006 4.7622495215706033278 0.59140277028829635331 -0.98217244072145015732 -0.0023340546313580234905 0.18796768040309283498 -0.053378983109623037717 0.96222576455538721962 -0.26696865394246860337 -0.18024422556441618837 -0.27224277807625663073 -0.94519621716129254008
-7.1359130033698470186 3.8976444589555887532 1.1208159726326474281 0.99072065546671383984 -0.0038259797829323779692 -0.13586001880702669453 -0.11814413987778416004 0.46992137252725502128 -0.87476617781821019992 0.067190364220456724742 0.88269998613397393505 0.46510879311743336118
-3.6352752490808062369 -3.2874421667592113039 4.2304083257460272094 0.961822861853881661 -0.014481230677177662353 0.27328936381319812732 0.24943931512971564968 0.45721993126908094807 -0.85365681776578294926 -0.11259134284203480003 0.88923575524622011645 0.443376771052162999
-0.41554135199355729524 4.0958186391827409167 5.5661344445864004982 -0.99752022015391006438 0.00032959308363028324076 -0.07037969701835841696 0.068027386902797137846 -0.25189891650459311778 -0.96535962754563442445 -0.018046745279338288065 -0.9677534950762632926 0.2512518412920012878
7.0933423710303742382 -4.1423700238497866977 4.0442760583875525526 0.95343307723379877583 0.0047785813303568994495 0.30156679591260288076 0.072801498413544524224 -0.97395503609058253769 -0.21473595298055767056 0.29268636638097872416 0.22669087505715951325 -0.92894883502836611555
0.53525835402515908878 -6.233742807000376196 -2.629202480695572941 0.80396685471040640891 0.0027412219115082927384 0.59466779148493709162 0.23419094435241091801 -0.92063988507501881564 -0.31237285988409407844 0.54661860388244798425 0.39040323732179510463 -0.7408059220729431571
3.2006048202031247563 -2.7472139123056313892 6.7096605309329095945 0.39895571506537996775 0.0081961542647575099524 -0.91693356382674473526 0.70628841983542212102 -0.64047362409490726787 0.30157951662087073563 -0.584799970437012262 -0.7679364295917124883 -0.26130946152570067031
-2.3063942983638301421 5.3399841768640019524 -5.6116703570352655106 0.97969023764543949895 -0.00090640655695869293274 0.20051487897227188162 -0.07586439137382577913 0.92398006733928161882 0.37484053847114140456 -0.18561150929719363867 -0.38243955546856023275 0.90514548776948777764
0.44040978627654625566 -3.5140919098779712648 5.2129144855837772354 0.45879134441693908419 -0.0031414432312111576981 -0.88853848179035976873 -0.87686025315424087623 0.16003305818854418607 -0.45332716301280445714 0.14361963210689651649 0.98710665665939700819 0.070667175210492205739
2.7990057226741535956 6.6303749834979122113 -1.6024262584430086775 -0.99787786141091472381 -0.0080943406280758432858 0.064608477428050148372 0.058279808775510373586 0.33148023892768435639 0.94166040327153732736 -0.029038553594614231051 0.94342743910172344179 -0.33030505529717596458
0.72272909562845477627 1.3165014261270284734 2.6026181413758791017 -0.98150134042776659982 0.0018440904354282061303 -0.19144638431953364677 -0.02615208772940205012 0.9892894857698647515 0.14360494995850009436 0.18966071561062897155 0.14595517351450992827 -0.97094072953939802861
1.7131118772200180089 6.7037099536993531856 -3.1316132049730347475 -0.97936286539790839978 -0.017454952669645810298 -0.20135466845092553356 0.10296159060893077253 -0.90038328655234967091 -0.42273969314061921043 -0.1739174768071004018 -0.4347473541317889989 0.88359914516505388971
-6.0397925670432925926 6.6379022186684499829 -1.6651732573375395141 -0.9156724949190353513 0.0086384852961777260083 0.40183237627215356857 -0.25120550498847404874 -0.79274028156490394803 -0.55539052949048262064 0.3137509781852808044 -0.60949833679518172769 0.72806050650458176143
4.7151493780011497492 -5.6896051148501936012 -1.1263843960933737076 -0.65560134507043488217 -0.008875732339494327508 -0.75505502959540504726 -0.75400228951801917532 -0.046378649239005004246 0.65523245363483750836 -0.040834100252351228366 0.99888449896384412519 0.023713582318420502182
-3.0060937595036643089 -2.9473454516404600234 -5.4826079709693944508 0.96135672908959790561 5.3330745782168530178e-05 -0.27530571477896698118 0.27228347200282199125 0.14758274064525722657 0.95083176510757294597 0.04068108046953000656 -0.98904971150057374718 0.14186513973619302442
-5.625237194662166651 -3.984795126923234676 4.6737041568840789196 0.83466360216058743671 -0.0041542558655588996547 -0.55074441748092162197 0.5505673083786587485 -0.020161701190932111022 0.8345472693320824531 -0.01457086726652786525 -0.99978810153113284453 -0.014541040671549716745
-6.8535152716957981056 3.9924603043307662631 -5.4244470987185628985 0.99949228205323414898 0.0026394326470021789791 0.031752346546333139188 0.029403503134795339058 -0.4602611739486430209 -0.88729650385810965307 0.012272412937251292106 0.88777963772029255818 -0.46010509965656548603
7.2126572668058974713 -5.0385895544907723931 3.3858943383920894199 0.93948563851684896431 0.0093226410566958281545 0.34246141882582209481 0.33757625037219984865 -0.1955567701570987138 -0.92076046007113132585 0.058386729700562571554 0.98064807041536028454 -0.18686987928881329535
6.517556727073340106 -2.0663341024019783454 -3.3280148137703244871 0.28637501554328326225 -0.0029612429309290172474 0.95811303169974659788 -0.53803791397266920171 0.826936884153581242 0.16337255814339868287 -0.79278279093366321728 -0.56228695580344201232 0.23522080208346562991
6.2560590753724607538 0.48621103097157536421 6.9477335872070469236 -0.6505647267245761034 -0.01152577021887383861 -0.759363347128789834 0.55661836942796305561 -0.68747043563720877657 -0.46643369404460982564 -0.51666384347767957408 -0.72612089678344460264 0.45365947151720292796
3.7191143761154044078 -7.3239148610467363909 5.4820073190569509336 0.82928271304394896024 0.0052988929291252623299 0.55880417283711047993 -0.55838876410258353467 0.047554276766509945285 0.82821529742282007369 -0.022184904110142740497 -0.99885460027730699206 0.042394781927546511258
4.0533641646226543642 -2.656320072589221315 4.6847383382970173571 0.65020401492287349665 0.0069671111442149375251 0.75972771328972499294 0.55673767163329968 0.67606642950229356437 -0.48267727094242413033 -0.51698926871124950555 0.73680773765096940764 0.43570225358059028187
-2.2293523431467661133 6.810239008386139048 6.5934203019456685269 -0.92195726513943643265 0.010376943354399892697 -0.38715258013248937674 -0.0054344020457592389153 -0.99988919300882439511 -0.013858895288518829902 -0.38725349389132229794 -0.010673366424626649918 0.92191149831113672342
2.2222312821705894059 -1.9392535191088957625 -1.4462532711835371924 -0.97160284378394023985 -0.0033914737629468097793 -0.23659334702506584769 0.16316994513721400084 0.71451911477740970291 -0.68032198525520615195 0.17135776304189934138 -0.69960769901666852721 -0.693675417267826111
-0.13919602510355871816 -3.7762223329800086447 2.1138313377318111996 0.43428358791959564833 -0.0033679557304298513194 -0.90076990521319200145 -0.78825800654425015601 0.4825403946663349708 -0.38184300783712366023 0.43594389591146143204 0.87586724130400550603 0.20690455584159908597
3.9150514736494610446 -0.35780808170809413893 -5.5907727865282597079 -0.9017624772354715379 -0.00094054730295215003937 0.43223089896604288684 0.32625332736877471485 0.65445987328884736023 0.68208580152028486232 -0.28351931332981605838 0.75609615104524952045 -0.58986049990105282603
-7.1457295011615125091 -3.5103236391924133031 -6.0999336870199849514 -0.61453947840216049947 0.00049728914288264466914 0.7888859120231624944 -0.34932129752721352567 0.8964471020570986548 -0.27268521101672693607 -0.70733009308178662611 -0.44315047773513271956 -0.55072842082475170766
-6.0765657000370962848 6.9472963095512012544 5.4202667086579987554 -0.27416576227347805306 -0.0068310751561933523435 0.96165818834411709304 0.95483127582188498383 -0.12108408345492531477 0.27135931796450141196 0.11458782443722763389 0.99261874914094327949 0.039719634246208938844
2.1653063693156577862 -6.1210066515355929795 4.8431682367315005422 -0.77607447222779302187 0.011964574287084576987 0.63052776506543428692 0.61532939620549476079 0.23334781123862036178 0.75293992665781117601 -0.13812366821696317465 0.97231972516875597723 -0.18845743372438963914
-6.2482644873358124116 4.0524604942368371852 -6.5867442024877513873 0.96477436018464668432 0.0053549348825418559977 -0.26302425478032442907 0.043287629509511607595 0.98293437892590751481 0.17879090540969921896 0.25949299617102944415 -0.1838785778663668824 0.94807808409449212395
4.0612039217672055713 -4.3885079652664238381 -4.0065710840803694381 0.99433678527878821551 0.0076905557737374681537 -0.1059962866971189549 0.059769466971902301955 -0.86516231145479616238 0.49791744863586961944 -0.087874730495034317213 -0.5014329767676597438 -0.86072237193557243895
-5.3160795021058921961 -7.0865032797421152466 -6.9393597759348422116 0.69427118331041093313 0.00016483383468304476684 -0.71971348247372413098 0.2748788110850781119 0.92413128581789738547 0.26537333285195890964 0.66515348848306332652 -0.38207504420253735056 0.64155241201056667499
-0.22293338358774303365 3.4687331802213945409 7.4449979924904985396 0.98959884485744831206 -0.00040641109192468289485 -0.14385395749453586123 -0.14223187231007181075 0.14700996349979736366 -0.97885553843804307128 0.021545782788847656769 0.9891349278342791429 0.14542308545145787857
-0.94813274011821591092 -4.7125387781782954733 -7.2138341066290401216 0.9030015076803603602 0.0091773933495581869191 -0.42953934927798831378 -0.42763191551766216447 -0.077287325373045237531 -0.90064288936705882982 -0.041463501511379508013 0.9969666217020838328 -0.065866025038900113953
-3.4960698401044210115 -0.28068696192410280688 2.2349215711379839533 -0.96421852938564189817 -0.015288699073178979582 0.26466749568095665479 0.23146636349589932991 -0.53527973300954001523 0.8123416337965224665 0.12925149964070936637 0.84453647825877731226 0.51966545654936902032
2.9131937175931810202 1.8370835381538488384 -0.51019172623471942263 0.83444003662829080437 0.0039410507133290518383 -0.55108465174698428868 0.54900488838771888123 0.081141626903110733449 0.83187118528645853655 0.047994351732192172544 -0.99669479004503480635 0.065544166018156421738
-0.46275684159886348867 2.3861186819835658035 -1.451807420884647204 -0.95284826788563370403 -0.011234601762043439077 0.3032391170525487456 -0.27700465710982774548 -0.37579023009222789486 -0.88433597852096412772 0.1238894601127195072 -0.9266366530039519267 0.35495903282286955793
2.1829817334088090774 4.6898523186193603607 -6.1284486636613850763 -0.92219290026454003861 0.0038164971369146960187 0.38671137693508966793 0.36544228034487286072 -0.31858728712584705178 0.87461653324078292293 0.12653929997352672543 0.94788584483125171154 0.29240422488538370116
1.1113151239504843737 -1.192578416753549142 5.4640925704121956485 -0.79224429696851639271 -0.0016318368097442458378 0.61020186088659089663 0.60682435023226977133 -0.10720924818148469537 0.78757246337687647486 0.064134093008434187033 0.99423514030283843823 0.085926153765761209558
6.3676844606691549444 1.0519265184372845745 -5.1029798653990026125 0.97516993550220054665 -0.014462681308338529856 -0.22098513013779269576 -0.20055637783783286654 0.36551338856934800781 -0.9089428486353192671 0.093918774487387723937 0.93069371633530995069 0.35353708457938104459
-3.4845348867555498984 5.7053590159741123244 0.65191119636499750278 0.93424911138130672938 -0.0013303140805852741065 -0.35661860319902116689 -0.039953609997621250538 -0.99408792838778836654 -0.10095989145073989979 -0.35437594011349671241 0.10856988946307881416 -0.9287789145811525815
6.0578252392418843186 4.4549059733502307523 -2.0476832349583475867 -0.98346191477442457263 0.0021964408903868155171 0.18110173338693302814 0.17845995202724676543 0.1823400173182591899 0.96690442320157943268 -0.030898344789950640821 0.98323308209792825707 -0.1797164393078179434
0.050375614409411795247 6.1903869936227726711 -6.265450421083539112 0.80621067261958589967 0.0027916796051813529828 -0.59162197210653688639 0.5895936142770084043 -0.086659366016362482377 0.8030376854702625522 -0.049027761095342695108 -0.9962340893619333615 -0.071511662233153278079
-3.3035846956555623422 5.3757662535788508507 -7.0720346763549262192 0.93374862852252515921 -0.00055577715613791198179 0.35792902906034695931 -0.24814016379852882332 0.71967620846273194779 0.64845401847978556553 -0.25795340246322051581 -0.6943096183147688949 0.67185876199793315156
-3.4885451490317991308 -6.3476135164618705531 6.2479470066100866177 0.98594104616519318007 -0.012121312953350877814 -0.16665331457569015905 -0.060673341240959417775 0.90332101669228193064 -0.42465266567477411019 0.15568878941474334487 0.42879390687641683044 0.88988582766338286678
2.4724329471514039369 7.4860179194188170015 -2.2067799430629522206 0.96143283465388651443 -0.0069359753600504924984 -0.27495235350001601127 -0.21371804781466824386 -0.64808589735847288438 -0.73096461315402361247 -0.17312279020297599574 0.76153566028839103641 -0.62457340451008425131
5.2998847110510913794 -0.22888156277780338788 0.56925547938903320322 0.91443033582458832509 -0.0015488692864686916771 -0.40474036360054332917 -0.37763850555424605115 -0.36305556460477728109 -0.85180973000560677999 -0.1456238992966569501 0.93176620351534122921 -0.33257393454715256098
-0.87796603574052933805 -1.3380175385312722547 -4.6630282148357800054 0.98566296173220002697 0.006725891261299992395 -0.16859207649245336325 -0.026568112646272970534 0.99292689828028812826 -0.11571650730074990732 0.16662131094107482387 0.11853664858683393701 0.97886996157923356066
3.1345609171084971578 -4.5891159953130769011 -1.1841409312610737814 0.57596249794542886402 0.0010973677878752079173 -0.81747537990106644568 0.77977717658057532635 -0.30091353185417840654 0.54899781532462665901 -0.24538695125169318612 -0.95365079674423991474 -0.17417061182760756877
3.4218640894047704926 1.9096740933299214404 0.47532737418700843346 0.94257976248844099754 0.011329568943271410564 -0.33378890367247682214 -0.27419940480152166229 0.59684721938661300378 -0.75404779896038731657 0.19067794249416469832 0.80227491396531391832 0.56568267135218186503
-6.8293742381572100086 6.9074002634922901933 -2.6019702605148298247 0.99672881375095601086 0.015398483584654863721 0.079338253963727414786 -0.029370662998956381662 -0.84554630651251805329 0.53309362001246973772 0.075293000961033557106 -0.53367998861335586014 -0.84232810338961794372
2.3766766532120864319 -3.1882925811662179427 3.8861291965078721411 0.58196553065209344346 0.0059442166307357132207 -0.81319172857420429779 0.73956845350768984915 0.4119564411087364153 0.53228788564596585253 0.3381636049446097303 -0.91118415093636595525 0.23534829375448759747
-1.4429855907832811468 -1.5135776574731512056 6.250727801189698063 0.98135771275747674114 -2.065779907619701844e-05 -0.19219011208902717081 -0.12421970306668908557 -0.76311971945822787422 -0.63420640105895909056 -0.14665096311159381282 0.64625714181537541325 -0.7488959885532450178
1.3340008318741969351 -0.73104136210948023056 -4.7444825314905463287 0.97342998135722302866 -0.0016246640602300592773 -0.22897910791498210514 0.1972015995973669944 0.51420262758470958175 0.83468987468481103953 0.11638556831103116784 -0.85766719550861647559 0.50086064053503764892
-5.6076676964600915554 3.21875264384699733 6.4089260189419796632 -0.99798901411530127614 -0.0031537420190035341666 0.063308621975450687924 0.063304952119942636823 -0.10042878176083001873 0.99292826670970180114 0.0032265681833799075839 0.99493925126376159263 0.10042646838577010127
-5.4597773448402735497 4.9693491913096776713 -5.2019526400047455539 0.99954955822661095688 -0.021376632823319717536 -0.021064667530990306005 0.029712506230558245746 0.60607108813879073672 0.79485533469669145124 -0.0042246446656478966672 -0.7951231827154148224 0.6064332417389731722
-0.087670203230589535681 -4.9728613632187199656 -6.304939506142409833 0.9999501274603714851 0.0088115433811898138949 -0.0047009887525279198811 -0.0095142715503057674609 0.69735493761811195856 -0.71666280049731223567 -0.0030366476379830491597 0.71667178518693774869 0.6974039941728886749
2.6451603544387913836 1.6846111007780697477 -4.6861058744622043903 -0.52954860759633304301 -0.006287781263512950275 0.84825629145892555982 0.68611627452334766897 0.58484782722938233324 0.43266323719433247286 -0.49882134078962786505 0.81111866135108479092 -0.30539120350945275773
