1125 14.717824617146108679 14.977075390850430381 15.033177056927090831
-5.713348274926478787 4.2911112714402657176 7.2408114130286094223 0.92731083992772000979 0.0010172935276622470727 -0.37429075765558383893 -0.3563327740066891125 0.30844099396580731964 -0.88198135320999448972 0.11454937940133201602 0.95124293340622567694 0.28638317220717163236
3.825773648610359956 -4.7605335479752142192 -3.3576571585977901258 -0.95814456798037994645 -0.0039971417284421235233 0.28625689460285713706 -0.25838184382357531899 0.44264991146134063937 -0.85866167881508614901 -0.12327939662414530431 -0.8966856075244227231 -0.42515539703360311075
0.53943597735728732179 3.695640373172692339 -3.1853765746485032118 0.99981491817564271951 -0.0027743805760503895824 0.019037652317939444263 -0.014015014996049778365 -0.78294081490123412781 0.62193830860985432896 0.013179861456733740419 -0.62209001211583747626 -0.7828347897722811588
2.0460697371335117012 5.0507171109641388895 7.4626354665255902887 -0.95403115339574884324 0.0017216715088580812447 -0.2997025094949573587 -0.19092042755974292234 0.76734122778540359011 0.61215752097078035554 0.2310280257690132677 0.64123667704525888489 -0.73173873433160840918
3.0110917403573012052 -1.4004411633044455687 6.4832007586111775055 0.89749931050157816248 -0.012280051364956820134 -0.44084485705033282787 -0.35145044968895677862 -0.62377775629818077441 -0.69812885068659902288 -0.26641615766068882376 0.78150528538582153537 -0.56415593575826916695
-3.0813785828954709523 -3.7836897875756276832 1.5146030953354001625 -0.92710110587388638859 0.0091094315903116722388 0.37470062415675409184 -0.16957209209399440319 0.88134757396395813078 -0.44098952306226696374 -0.33425864995576587413 -0.47238064325699707924 -0.81555360510871421909
1.4390081718858847015 0.76303444162091405012 -2.8795076873924463357 0.81199185292577491513 0.0099898357127911202591 -0.58358327080593219716 -0.47125252231600678332 -0.57870088205632153056 -0.66560224557758973507 -0.34436941065210491253 0.81547868904696696468 -0.46519266623356003709
-5.0499309036946122831 -6.9287147223810743313 4.8493862518313877175 -0.98144477702813581743 0.0076741624549765477536 -0.19159137995988842484 0.15064846503166987035 -0.58728783059229583419 -0.79523458427176607621 -0.11862204528628873812 -0.80934177654976247052 0.57523447315263831481
7.2724923428727601404 1.5791603737353270276 2.807364566106717696 0.99981068837507758307 0.014917166050896797994 -0.012492620545095211443 -0.00088548500764907764338 0.67627059872395089979 0.73665276298806581234 0.019437163563005933897 -0.73650224402819319813 0.67615578176480517492
3.1047381207524487046 -6.7516341536807171764 -3.056861288503339491 -0.58246713614586975716 0.015699873409246837413 0.8127026204491386574 -0.090201416130023692741 -0.99488691165755438472 -0.045428378143532052724 0.80783398036858111713 -0.099767464574087083573 0.58090508103682414465
1.3404191299186885011 -3.5496132533757576155 -2.1710111535091614066 -0.95089179062344542093 -0.0060006445940095163444 0.30946533697555472786 0.3029206271054313282 0.1873700750488414557 0.93441508370228498759 -0.063591636234702694774 0.98227106607120329151 -0.17635094714895885315
3.7366490986638529748 -4.2763991563099930104 1.3780221986431515635 0.9572060887777658067 0.00047246324135926439508 -0.28940677321932878341 -0.27613808927811361871 0.30081675339743063624 -0.91282913873575155517 0.086627127717362972792 0.95368184299259162184 0.28807409305513065334
-2.7129212775388027445 6.5046139479755478163 1.6182292753721621015 -0.89012542805773686716 0.0035649309484503208939 0.45570167170249120669 -0.41995298619619719771 0.38189220845864030318 -0.82328478092555301693 -0.17696387119961601297 -0.92419999588071721774 -0.3384348621287698311
5.2146403543221255816 -5.8697184335175212055 -6.9812272661576182387 0.98531209150113507889 0.0067918980253309458803 -0.17062811158461727024 -0.066017795526249034577 -0.90636508252625080928 -0.41730562882755073417 -0.15748565971411537801 0.42244077371697896783 -0.89260408899243826042
4.7585542344475637577 -3.3591398688924622995 -6.3045832873046574463 0.72273827544375945919 0.0022317044962214468984 -0.69111822773218611893 0.40936291109243194697 -0.80708347885890141526 0.42548591654122325245 -0.55684054470788146851 -0.59043312716004048291 -0.58422369869881607407
0.79800263273794524999 1.4198709077422217995 -6.2911788956081196034 0.98541302356244264704 -0.00014183019267289534091 0.17017976635834217158 -0.025966662626902756866 -0.98841552315549974228 0.14953423025242190691 0.16818711432678887241 -0.15177197853802654182 -0.97400121206542578101
4.9476359356035164438 -4.2924377279957672826 6.0584684906005605853 -0.98250960098549733335 -0.0001453649912928154514 0.18621187620648432803 -0.090194962199352288201 -0.87449299889609444225 -0.47657828703750082511 0.16291025985239998564 -0.4850381157711160518 0.85918465622016548799
6.546175645034214341 -3.0136409599812088445 1.6350721949376723074 0.90732262548090392151 -0.0044168823348919106567 -0.42041187476211183682 -0.41452867539840476674 -0.17641946680553335924 -0.89277217082782533986 -0.070225569153789163535 0.98430516755868890932 -0.16190029819155263291
3.9297988540994457374 -6.2641949819281412815 3.0054660081726818355 -0.9290737212079241969 0.00022953845781161440719 -0.36989453614893935685 -0.30513020827978770688 0.56478662287557424015 0.76675395441821514453 0.20908748541192073711 0.82523694653895995899 -0.52465837028605966097
4.8838533444740015454 2.7565431332364815908 4.6845102989759155321 0.98266798081133832632 -0.014148572315360225665 -0.18483359377938987644 -0.077159069464042759345 -0.93782348725959319147 -0.33842810867818551301 -0.16855301091183175211 0.34682405430650448119 -0.92266080325719723731
4.41638948003202092 3.4510656566340172091 4.0525997584759769765 0.99940035984937536373 0.012679058384497347151 -0.032220524692376420473 0.01388418673292173694 0.70571635453209557998 0.70835842361375500609 0.03171986903714740097 -0.70838101924344054616 0.7051171402567537605
4.0365774041435491526 -4.6615104790935868451 4.5086795394666818737 -0.99186339070184514899 0.014688833623975446063 -0.12645652356371323011 -0.033626976705930275435 0.92781344386068387298 0.37152582659768940143 0.12278534368020899148 0.37275521667475247645 -0.91977024730034318001
-5.9018676527345288463 -3.0348786845404358559 4.7851864577769109843 -0.61737438834973290547 0.0064265957065796699976 0.78664322502481842658 -0.75783630756993880517 -0.27310526442847976591 -0.59253493185646899377 0.21102842353223469352 -0.96196268815846930345 0.17347850314213061895
6.755749083269220634 4.3045330106655610436 -2.9456300565544015768 -0.92899310171900961741 -0.0028838212931662468748 0.37008580158303971963 -0.2741484269853206035 -0.66640113589741178934 -0.69336293963269790552 0.24862513336364000516 -0.74558782825995828514 0.61829146315515737253
5.6492692233936656621 -1.3513661219316901452 0.97074100676856323044 0.89634956718642511131 0.0083088367066684824108 -0.44327013957317740189 0.43567910594108388844 0.16865174159498461104 0.88416079233543232174 0.082104628682013694463 -0.98564068163282891888 0.14755092903607702759
-2.2633618985969579107 7.3440758523380793577 5.9323437682158823847 0.98885817997530767176 0.0039849963003708195608 0.1488073240816089049 0.14807146827815237389 -0.12913008963949007546 -0.98051020404256228336 0.015308173562083563293 0.99161965478410452057 -0.12828140967425366581
0.35349188096788286551 2.5600110104826185875 1.5716464744817695287 0.95164246904061089438 -0.0032391048863177306083 -0.30719068885311962003 0.21443075790093391042 0.7230623889363033685 0.65665838285353783643 0.21999104796458429645 -0.69077513700576465006 0.68879144079335385964
-4.4272235675567976898 -0.16465840036262596735 -5.3404826713986928155 -0.10049796841266639413 0.0047794243897608668092 0.9949257838890898098 0.52300605238641262318 0.85093416056559179061 0.048741394621139286225 -0.84638338092859832784 0.52525061778642334609 -0.088016822272574235519
7.0438493988005088653 4.8502575850469167307 3.9578986958563113774 0.95933347249259759426 0.0090881888934296814475 -0.28212885952711275195 0.11136197801925044881 0.90622748740174496884 0.40786057780701995279 0.2593796414660723415 -0.42269273225373393821 0.86836228366555312519
4.9366377744267779804 -3.4207914490504314209 3.8052643255279439138 -0.6982916027440368989 0.0010381359147060773007 0.7158126569228030478 0.36495017036294108426 0.86078478233518640472 0.35476884256104612714 -0.6157923438052739229 0.50896805476758799625 -0.6014576531535045234
-7.1755476022058619634 3.8230577204280189463 3.4047968584771424183 -0.99439450693895337086 -0.0075035510198191764791 -0.10546687295857840039 -0.094182742048565512571 -0.3904757796693127947 0.91578287633684851698 -0.048053882983507503757 0.92058262106865296204 0.38758026538566769936
-0.068386215351569135112 -2.9364391157869653703 -3.1974644284273221473 -0.96005237301177781539 -0.0060994970205696811064 -0.27975388685549323897 0.19249723722941719517 0.71120678445964835568 -0.67611369117748321145 0.20308681575541967512 -0.70295640396452907517 -0.6816216247975278586
-1.3739453992730505938 -6.7555249392583158752 0.82687521516196826887 0.93218355450133250084 0.00095777108797721497921 -0.36198467286881663707 -0.35096663919723591896 -0.24246653509392859793 -0.90445143458902166334 -0.088635426822185503504 0.97015929724671479129 -0.22568717083160236281
-0.11698663653715953015 4.4256867954205718618 -7.0291690658636607481 -0.97724803496311529738 -0.00046641329308600137232 0.21209917637622843767 0.16094255181999916893 0.64968426911150445324 0.74297230465393981902 -0.13814403054244794866 0.76020400743994687165 -0.63482760959003314838
-2.7706712339716821347 -5.1071624155535140233 -3.7815800386856661675 0.44664496896127725556 0.0091079093101454344783 -0.89466491922376145673 -0.85848417481597039114 0.28602351987483187745 -0.42567060935533440613 0.25201823999893013806 0.95817931101981723696 0.13556996216509478725
0.64540568625605676534 2.687568133371693424 -2.1090548289846644536 -0.988981643507473418 0.00055861117928127698024 0.14803714654978761267 -0.11373567982241135355 -0.64296927373121381954 -0.7573999657860898127 0.094760244514285094097 -0.76589176845749018518 0.63594834308174952309
-7.3206713012456763323 -3.6682127247760911715 2.0181530277958521502 0.87416304543461109677 0.0090435791562659840342 -0.48554833299326094487 0.15497027592076231817 0.94235852745262538299 0.29655458067315471071 0.46024252691108624713 -0.33448261451569238911 0.82237351429211091869
-1.4256579199097441091 5.5152208041523058668 -6.9454785149574895797 0.98791189577824178869 0.00016975683055591491571 0.15501631321393904983 0.012326515851350750008 0.99674684691074655341 -0.079647851072453410004 -0.1545255421824867359 0.080595870589672241602 0.98469597463234803669
3.0517171134417693246 5.2001091656706188715 -3.6299989359521300791 -0.99037011278049058571 0.0028243529007289575918 0.13841626617511637587 0.13643376191413444931 0.18971260618976165668 0.97231422681290102794 -0.023513152088225734715 0.98183560237100675483 -0.18827103227930716556
6.6655792208431172696 -6.0202460533139383614 -5.8415496613643371759 -0.5758331881258345053 0.0056080107371688945814 0.81754797392479672258 -0.52168680562182445648 0.76741785904518522443 -0.3727099495030435361 -0.62949107721481090127 -0.64112274942797042865 -0.4389790471912618508
6.1962141701227091417 -4.7676860574900663536 -4.7056058303301311341 -0.24049944934582412337 0.0054165838325743115647 0.97063416150683634598 0.43986544708365393763 -0.89080398041971464718 0.11395901425568344401 0.86526204315577204262 0.45435550958233789087 0.21185529869685368332
-5.5111828010681502832 -4.0082163328417301784 4.2166528409372823205 0.98011261097505919526 0.012534848065948305321 0.19804582144441357228 0.083052631476470378802 -0.93230321845864427832 -0.35201274019065853516 0.18022633051932035464 0.36146035250863361998 -0.91480319378104790751
1.7945394278799748911 6.4493395089601506243 -6.1649895391369780029 0.99371588976029112672 -0.0015870670521927531058 -0.11192055957762118978 -0.044393926428888216829 -0.9234806390611374205 -0.38106782673862721333 -0.10275168969039617795 0.38364174759440000662 -0.91774784105906781484
-4.4295729888665382745 -4.6116049399034340084 6.4721132698632537483 -0.99991036522132104025 -0.012968545729576893416 -0.003328414737490226899 0.006104871295801075036 -0.66286247953594057414 0.7487162772171818137 -0.01191604252540389916 0.7486288466556912935 0.66288223530686141149
2.7255097553817395628 -3.8416336327689086794 -4.7946544130081605317 -0.90391257780652867204 -0.0011393716309853040708 -0.42771573914862009991 0.15141696785334951558 0.93438520858459694907 -0.32248594360739019082 0.40001869147484209188 -0.35626252091764942787 -0.84443002235837860692
3.4561511388637522479 5.139808768214551904 1.0597792175596394415 -0.98215071910411089195 0.0012243808155115772779 -0.18809164217214649484 -0.0027198552496589404118 0.99978182054630182485 0.020710231593258788402 0.18807596165057519078 0.020852150892536763099 -0.98193310385811516383
2.6679472686927390157 6.482734130928962557 1.2417714981219696302 -0.99382508153714121946 0.016952151263883653148 0.10965551456849303991 -0.11055582236307444355 -0.23536594777785280197 -0.96559840553320119838 0.0094402038847506732078 -0.97175896970085795523 0.23578674126516194209
3.5928355925042532171 -0.57785433852495249329 -0.67869051016813175536 -0.81722041876980755504 -0.013812557157417321846 0.57615970043946007628 -0.2126236675370316298 -0.92196434763395074263 -0.32368644966224691117 0.53566963993573923908 -0.38702836453755967705 0.75051121370333107041
-5.4754199356364310347 6.4869019388469926213 5.1116455674963825473 -0.58681275400481713866 0.0045358511552024815411 0.80970995905417297855 -0.78744170522737255702 -0.23616598191621615555 -0.56935155207843113345 0.18864345365211906969 -0.97170214316929770515 0.14215692861874637543
-6.8419559162922691797 2.5962641991462445112 3.3502338565429061745 -0.96678224667091872124 0.009650325253712354473 -0.25541918241286099001 0.25413461159818540036 0.14319398920297893296 -0.95650984346429301919 0.027343860550827596423 -0.98964759014436676221 -0.14088988825150577933
3.4085538203247458533 -0.44321242164323404467 6.5100977244989977066 -0.75298598798353910677 0.0047290375031579148096 0.65801955753949281647 -0.65696020353164685801 0.051768646455958758357 -0.75214579585327856481 -0.037621707511776222854 -0.99864790764734923112 -0.035874275957658401104
-6.9912061017882116687 4.0529819270787568186 5.481931214448151124 -0.99575594286935209531 0.0034352670396722252352 0.091969022942127179321 0.060929475849499308004 0.77355435223762714081 0.63079415272109395918 -0.06897609160626230751 0.63372065066146210377 -0.77048065239303542562
7.222336561180253689 -3.6815562566372901365 5.2773592217103395541 -0.79296174849401079854 0.011264405058400941972 0.60916728293964184093 -0.38712073066249930164 0.76275007757926593932 -0.51802495986610874734 -0.47047763529922859149 -0.64659526160620439672 -0.6004709504644619722
2.9343951614161212227 -0.083911649920861877683 -3.051073977431673967 -0.99665656248202372236 0.0069534823377293891386 -0.081408510271848422146 0.0099464621261649444756 -0.97863574799614183597 -0.20536100076537014414 -0.081097252434918498665 -0.2054841157549164854 0.97529457797114293971
-2.4110837381235974419 -2.098421314997368281 2.0858975714813001723 -0.95026120231707367214 0.0043588745112628779488 0.31142358225377814174 -0.24914956614047542582 0.589361164778546609 -0.76849067082366140369 -0.18689071957373690203 -0.80785791923082062027 -0.55896103734806523722
1.24492064660822499 -2.1634120989186698125 -2.0274986543456328114 -0.99556977056418383132 -7.6424055403351461024e-05 -0.094025667229915982359 -0.015358825524071483687 0.98670051575698081159 0.16182150253721316879 0.092762807294683266579 0.16254871997111058901 -0.98233037987153937198
-6.2120346167632574108 2.5139453445604509341 -6.089128593020180169 -0.82098112885767693392 0.015011859839298232269 0.57075794354842868117 0.39517136705167799082 0.73646990072579465725 0.54904615105406284759 -0.41210384215873746561 0.67630372569508412361 -0.61056014764230659431
-3.4336866396375449462 3.7584416187119953356 5.1304053936303661843 -0.99935235384309151208 -0.0066381652846790898878 0.035366758828979417972 -0.015454398046938235683 0.96675497023857326351 -0.25523712327968611779 -0.03249668366802294095 -0.25561839190622759332 -0.96623144394588267314
-0.14101723143321306941 6.1951519502971086339 6.0869551342508341207 0.38155410346442159009 0.011334803401333699846 -0.92427700845649329864 0.7096010522230883355 0.63719502513469272742 0.30074714733061902461 0.59235362142343894742 -0.77061924591570218901 0.23508118812690584343
-4.0538490904712087826 0.81835871312062291594 0.35463321244449691472 0.96753177842116755425 0.010558731093952975627 -0.25252875270497787685 -0.12750791726932142467 -0.84227676608091595067 -0.52374763040397254166 -0.21822921156130944964 0.53894189159669425582 -0.81358321559837720738
-3.8262899079505769961 4.9582119490407334794 6.8921405285479426794 0.9383337674076603907 -0.0011380539194457113886 0.3457288616470833853 -0.029074562370233241609 0.99619250993408836603 0.082189737644972449271 -0.3445060387939661295 -0.087173321517813401327 0.93472798249009159122
-2.6699310837590575218 0.033373667992783823122 2.8689624137271754201 -0.90759889740105992306 -0.0093858183735547311838 0.41973342474686992087 0.085436432328340680686 -0.98295958752891920973 0.16276076098347291854 0.4110533511203963708 0.1835820135480847326 0.89293492866743606751
-2.8901378813111553434 -2.0074338338305506291 -1.1854639710447003598 0.84237458704712186996 -0.0052451152993805982838 -0.53886690737391595984 0.2474930511973176539 0.89202402614391795854 0.37820672441297081834 0.47869849039479117625 -0.45195754839105278799 0.7527165002483490186
3.1649912826039106051 1.4365123601108658047 -5.4006396168998707097 0.92902966665597397355 0.013423651163557101876 -0.3697616584539804574 0.15857633060347037235 -0.91735487750548883046 0.3651213169471926312 -0.33430139970620376122 -0.39784398236791729264 -0.85437856939879597284
-3.9124587134539017264 3.0216547856020632423 5.8827182610974402266 -0.99950490702377603469 0.014202024930356098309 0.02807567137689650355 -0.013211236583822460328 0.62041612979771842973 -0.78416151978704662362 -0.028555280830472946213 -0.78414420126320116822 -0.61992133981814800947
-6.596948410814724717 -0.39675330348262910496 6.7496962108168263583 0.89205109164638918262 0.014450990717108988873 -0.45170346330294491866 0.23224047007477541249 0.84276497744418088498 0.48560432128761699122 0.38769732260102562904 -0.53808768956473895795 0.74843331325312179025
1.2628491650351350017 -1.6895393542399157472 5.2995314146369629782 0.94691783991689781885 0.011281367430781067546 -0.32127766059298201728 0.12288904957807461615 0.91078083973139278839 0.3941783143095193287 0.29706040789875798325 -0.41273598428897961821 0.86104826887460117479
-0.49325534463859188605 2.3214956200985610302 3.6310541543883401161 -0.82694855269276912324 0.012151076793928463141 0.56214628214745043788 0.044171663584289644344 0.99808059454560349444 0.043404964321763682411 -0.56053987845256803002 0.060724608885722355933 -0.8258980364064567592
-0.50111590023845109521 4.9776000954035799495 1.5684368041441025809 0.98100532689130626185 0.002171553465115882986 -0.1939686391311981617 -0.04001146215797454081 -0.97616962580169075459 -0.21328840699418888383 -0.18980946105719920247 0.21699803228975381164 -0.95754071583160071945
-3.0266832103383052299 -2.7602606777642630931 5.400584043087422792 0.79496773148030952516 0.0054114975557454864444 0.60662758064487998233 0.54039337177225099662 -0.46073303726339320807 -0.70405970777948667649 0.27568335033052893124 0.88752227243496928377 -0.36919223486183294636
-0.7637314029477512145 2.6537716541876235077 -3.0739337652954836777 -0.97213248563590681783 0.0028017670139982020494 -0.23441540152664860908 0.036343906380620072394 -0.98603810958770088391 -0.16250528271352152054 -0.23159782132028594592 -0.16649623582049977166 0.95845785124706261993
6.009854332514889208 4.0658193108720368514 -0.24226933527669713975 0.96531670581391870734 -0.0024029173367222022781 -0.26107064841687777079 -0.16330754807429004316 0.77463095510084889472 -0.6109644246120907729 0.20370150274003320789 0.63240897320317146502 0.74737178726097164283
5.4224320929575071659 7.0143006167182768706 -7.1793111824696893564 -0.92951422392037297282 -0.006047329492007503908 0.36873667750261851506 0.22010724747354387665 -0.811347805567744218 0.54154181556923730589 0.29589881233168791042 0.58453243554691269868 0.75549038687092373578
2.8530105346062311078 6.4595744167548865278 -0.60108738825786334203 0.96867752466160983449 -0.0013411333236493083038 -0.2483184539593289164 0.093020076553166478051 0.92913496417018892615 0.35784840884714341769 0.23024143539639388423 -0.36973831248294231067 0.90015690949338145188
2.337742732356917319 -5.1485290788994122479 5.9912644697445980313 0.90458618595459217016 0.00331520621927982196 -0.42627789244571046012 0.2143613775143869693 -0.86788359902545442193 0.44813754403407413118 -0.36847392310760829215 -0.49675654796945695191 -0.78578616686679592096
-1.5583520066355265321 -3.2255696584314006437 3.0093527581515959746 0.16394192568368720631 -0.0020872894412323171609 0.9864677836736260863 -0.98638610552835093159 -0.013387791278397370709 0.16390002399318878701 0.012864518001170204692 -0.99990820092015508802 -0.0042536935859252651346
-3.9569890775453275822 -3.1008496277189472323 0.072860688076902144217 -0.63500699177741537493 -0.0096550645270663069258 -0.77244604997553978354 -0.73382030296512879008 0.32000380743772649517 0.59925397468993968353 0.24139984123862351373 0.94736705819566668918 -0.21028973749479309974
0.37389696620249424086 -6.3280977049836737436 3.7047862530113708779 0.99988519498428130028 0.0075758986850123864049 -0.013122599227757849455 -0.015151435103651147984 0.48984599628755692846 -0.8716773106690451911 -0.00017568629902501263496 0.87177606395239981563 0.48990454524748938692
7.2604026283338027881 -5.5192526747971974999 1.1096608068107964851 -0.6578671152709829606 -0.0039338839692525670935 0.75312375025759659142 0.43590578708909177852 0.81347724716688452062 0.38502066584017863304 -0.61416366176071535143 0.5815834358874867327 -0.53344512714425840194
-6.8872392813936542666 -1.1767430709320088056 1.5514920064657362619 -0.69945396488024846882 -0.0045658924838160230494 0.71466307001202589166 0.46864916061435646366 -0.75789386247602319457 0.45383351295006596482 0.53956659947476393047 0.65236189791173138097 0.53225166874722684707
-6.115489477550325681 -2.9591330320193200976 -1.6119339041391060885 -0.73067001985827473298 -0.0054482867025381805093 -0.68270904362855355796 0.2704852153473486509 0.91583296375695966152 -0.29679577283818420197 0.62686447527255684253 -0.40152247591909684399 -0.66769800881317931118
-4.5916243627185027165 -3.8204309648532905896 -1.5563823592760184233 0.987950560283278989 0.0052833731790546088758 -0.15467959271915254771 -0.15362536344404517652 0.15478997460835014488 -0.97592997262478831111 0.018786647987463874626 0.98793327190072510735 0.15373650226544849362
3.5629995818502946392 2.7195005397513187795 6.3553625502540231906 0.74316591512662810715 -0.0013698499019492559742 -0.66910578095354800165 0.13004898076140852803 -0.98063210895519092869 0.14645111638025973266 -0.65634722913794318888 -0.19585400276060227487 -0.72859421107062338763
5.5614054986169838557 1.107462151494867042 2.1970373702525507476 -0.96335296474651621601 0.0083625501267032727182 0.26810657035857571318 0.26806158146413061605 -0.0061236987176320305248 0.96338231707712107532 0.0096981367788480325048 0.99994628259190498909 0.0036576049027792680718
-4.1560185172293611089 6.3277360238972866213 0.54551801161318758115 0.93610931789809914694 -0.0010764759326600823255 -0.35170752926798182214 0.23584624058322423146 0.7437624859505574948 0.62545496664049204938 0.26091357907732259935 -0.66844312076065814932 0.69649687620325662074
-5.7330798487656720042 4.482660598747790992 -4.1788229777109240359 0.99434894447947363982 0.0061644985082787290276 0.10598195870340595959 -0.043452727105252407502 -0.88722292708690986274 0.45929003707739574081 0.096860916367635316315 -0.46129976870751149276 -0.88194131679550935576
0.30088800426099004959 -2.5046473379312721441 -7.4419783891721307256 0.81822083774022447145 -0.0094048462226963454313 -0.5748271127524557933 -0.28689097545506903053 0.85979257270058984108 -0.42243378194865977004 0.49820500688991092852 0.5105568340512750547 0.70080203361096626846
-1.1183040298138984259 3.283863585664741791 5.7342453464674045804 -0.92723197463512141425 -0.013800923831677650022 -0.37423308206992828007 -0.21371621026032874835 -0.80110674058791209173 0.55906472939778606435 -0.3075162543446727792 0.59836236904244488599 0.73986230382947082429
-3.6226563717300126477 7.0837759194507388116 4.8074849807797077617 0.99934021128467620532 -0.0028287660592596786807 0.036209669870020083637 0.016315819280802668079 -0.85574069398794161412 -0.51714761789470242714 0.032448977652826324625 0.51739720016209733711 -0.85512993229903822012
2.2149470952597036799 5.1017666478938794583 -4.6928292753166953588 0.83667069264892146574 0.0035389982611071322399 -0.5476948306801173727 0.20293479577134698744 0.92680299694876533412 0.3159963188264152123 0.50872352091050643264 -0.37553119755615232966 0.77471071951694181479
-1.3030390744492084121 0.69220217074442091931 -6.4677750909131619395 0.96783996789507287239 0.0014943583581568812071 0.25156224565321588793 0.021573087437746690798 -0.9967917012424745149 -0.077077274424689826149 0.25063997774378748984 0.080025441126163318617 -0.9647670860519709235
6.8720052060458396426 -6.6931572278519730901 6.4468067378311832982 0.97621787525324932311 -0.0070320537746877739144 0.21667766441344354922 0.075420446729828602428 0.94805691985106754771 -0.30903047250673526536 -0.20324964022362443372 0.31802299750547863288 0.92604047255325983024
-3.80023520649010349 -0.24883919410733618127 0.76295639125577052742 0.64627664677007601313 0.0020835709293184232968 -0.76310035681528065599 -0.28359518863806520983 0.92903159616594965797 -0.23764271986933921399 0.70844919706423314931 0.36999452976728924858 0.60100231540431747757
-0.24519519434850925443 5.4471502513865841522 -1.9651451014691210251 0.59468866239161555232 -0.00048655663857857626986 -0.80395594287579197346 -0.52337980497114855449 0.75883860581302609027 -0.38760488912818730212 0.6102613985588720702 0.65127853763979104418 0.45101806154346640865
-2.3346358955796135959 2.7645648953435655315 0.53502584606110403787 -0.9863250845828959168 0.0057661791735546547716 0.16471059073528634964 0.07292770124692013467 -0.88095409489727249941 0.4675483216465555758 0.14779843677606330221 0.47316660264801396751 0.86848660797110843745
-1.2991992722150063067 -6.6645455849142454241 -2.8769456728010207591 -0.99994672326984801458 0.0062139854557888007935 -0.0082423908364336519877 0.0024407013088427300176 -0.63352521580941345558 -0.77371819411911180175 -0.010029636038537022291 -0.77369709015764032145 0.63347629717491171775
-1.6985127337293761673 -5.2840402132020596326 -1.3674745297090260543 -0.99991987599170140122 -0.00063720715518192014293 0.012642609056750138408 0.0030438948119089793976 -0.98153181636627484519 0.19127474523549181651 0.012287241394827102398 0.19129790230833829123 0.98145511169452570588
4.8780463923942134485 -5.3487596184501180474 7.1234809169437856013 -0.90331656703247242834 0.0032898738826149034886 0.42896195222247834877 0.26702728755707572095 -0.77830184853469941419 0.56828044156676416065 0.3357314513484492835 0.62788168415506018238 0.70217446783411596734
-2.8777780564869193114 -2.4961673028882556125 -6.9260024486110323139 0.71240166382265879275 -0.002312168289212808512 -0.70176814067071302539 0.11492548578655611968 0.98687845829658238372 0.11341534846164436079 0.69229762537457750771 -0.16144832742319548124 0.70331958274513950435
-1.5049196302944989334 -4.0164977190095800808 -1.4536326550927847201 0.98122632528927611339 0.0075526107348402038433 0.19271184870236440778 0.13766586558176543975 -0.72722786297549024681 -0.67244906481127864062 0.13506667987639506268 0.68635456826851948264 -0.71461486032965693127
0.96955484663478064267 3.8762379348198159335 -4.511119086111093246 0.89868498183707479221 -0.010920238008827735932 -0.43845872305405492186 -0.13754618432478973866 -0.95627579451135880095 -0.25810395581894596262 -0.41646890712038608928 0.29226247318725628865 -0.86089273209182004543
-1.6964974319102201772 5.7966438858099778031 1.8650953090773594312 -0.44253125803862330967 -0.0029123450316282046071 0.89674835037767630652 -0.39897098479450432418 0.89621187572432425839 -0.19397532601561842669 -0.80311159806767240532 -0.44361671751317111045 -0.39776370999875060308
-4.4811970497018798198 -5.6407236379313152597 4.6175599600062167127 0.95765345248113009635 0.0039879822443581736113 0.2878957466663896736 -0.23189275096715245006 0.6033612961971324129 0.76300779701139420652 -0.17066228933153027025 -0.79745798776424159371 0.578735812570157937
-2.7441058470331989305 2.132157527915821138 4.1973720018347853156 0.87947394551061297552 0.0049991941143067136072 -0.4759207783089415833 -0.40804355838388733924 0.52265896078622819942 -0.74855064302371432383 0.24500210943863229285 0.85252719532460752294 0.4617048273546246473
-5.8707936881666498152 -6.0521945675581667601 -6.7798690265057022231 0.96051019976008489287 0.0062015601333144983881 -0.27817565818875689132 0.12592774279566407158 -0.90119160527897301805 0.41472387701830620843 -0.24811763289073010541 -0.43337654669657965645 -0.86638467727806511842
-0.97148290902434053518 -0.98375196076794957367 -5.4775250036057512304 0.85920899082427393267 0.0096987226991736372878 -0.51153283850074893202 0.4625980216738016515 0.41235975773765770613 0.78483278508361353776 0.21854743290672631884 -0.91096946434922354552 0.34981660136886827406
-6.6103500712796794403 7.0889825342576804346 -6.7864311679793356546 -0.982837520664039066 -0.001822366052243139245 0.18446432434751822149 -0.057463073261864852648 -0.94717603887282886266 -0.31552424090169955972 0.17529518871413046766 -0.3207089496214515778 0.93081543092416729746
-1.2287374586921395725 -1.222807487690548367 -1.1504559602958011055 -0.99289016626913217944 -0.0082973616863347074424 0.11874456414915746105 -0.054875367794429912027 -0.853332548428951565 -0.51847107518272006477 0.10563054357215236057 -0.52130098367509292157 0.84681017511828393651
-1.0482581608351708713 -4.3169570992618426786 3.6075631421721783276 0.67534788554373981206 -0.021501766753370690766 0.73718580257487920093 0.66548256375921988059 0.44858768616003108498 -0.59657526361556600936 -0.31786505127793496239 0.89348014071499137767 0.3172617961934874331
-5.286999836196850211 1.3130051673758609265 -2.1475381883913939873 0.99702727119944034584 -0.00063950492196980664693 0.077046813808992781203 0.020792460093317241543 -0.96063365157339331013 -0.27703909664163917093 0.07419092995727000206 0.27781752734168752017 -0.95776465136994215488
-5.4722623968665811134 -5.2474258973044181076 -4.0133422601901953541 0.63337008739283606751 0.012842731362127313838 -0.77374246144765790323 -0.73102767677149882442 -0.31806333732417285676 -0.60368389844706504821 -0.25385205965291252062 0.94798247752872921712 -0.19206341168641211103
5.9286825229545678795 6.7325094943979788553 4.0204487407100488738 -0.37417283391966144057 -0.0077068704531808723823 0.92732696202817876951 -0.50199610942956152115 -0.83910563999323628526 -0.20952716064766943593 0.7797400826391748252 -0.54391389858994654283 0.31010171629084404277
0.051950850810959472992 -4.1857578413002229922 -5.1642776650877113553 0.66525381627585233879 0.0048163864178992193271 -0.74660174280015723092 -0.36341445377655140492 -0.87143538137709708469 -0.32943938876575684649 -0.65220188187147454251 0.49048667515628135982 -0.57797536865972787279
6.114848067194777137 4.9551059347912502773 6.5056462666921373028 0.87551202306297570832 0.0038950992196446058459 -0.48318063462257054841 -0.23767340011515203368 0.87410760676372112332 -0.42361214179454598217 0.42070185684158617478 0.48571670755717416545 0.76621748064768657738
2.3136525360842581378 -2.8396893802955105457 -5.5623755176694027469 0.8774148874480475202 -0.0094940253677702115404 0.47963838333387764923 -0.43514762219527697296 0.40516121132460836129 0.80404660296266750041 -0.20196450723469575039 -0.914195961662713108 0.35136317606878786357
1.5316690301957973652 6.1829648026109111925 -1.7209170938685485197 0.99772170124855630302 -0.0047745074911213205779 0.067294954757254749067 -0.060499287791701439332 0.37808238681667727388 0.92379302062508172888 -0.029853693812602777324 -0.92575964097456897584 0.37693214788408635485
-1.0757719871745661244 -6.9192833648669616053 -7.4525838449228185567 0.86871444202031311566 -0.017293378242684113999 -0.49501126986593452228 -0.38250668444158969494 0.61150626366034166459 -0.6926389577995154534 0.31468055958838586639 0.79105058534393168923 0.52460948985323729854
2.7677317677988044764 -5.1066680232507186687 -6.3312141426608592454 0.87423981329408539942 0.0018075420050740502106 -0.485490969682500495 -0.33270396573650662386 0.73049664172526196371 -0.59639142147703017027 0.35357152039524109011 0.68291389590491724526 0.63923062406726660623
-6.3322378242988008878 3.5233767358781564738 -1.2206593153582669942 -0.95052068270901768354 0.0042360064690945232677 0.31063240009961412547 0.30489242258326892943 0.20452090453789067981 0.93016762481732306878 -0.059590623371033442368 0.97885303077430640961 -0.195692876084075984
0.5082526350025071693 0.99755795797882595988 0.3499952014532384803 0.75476396380775756523 0.0028673016573828799536 -0.65599019620608922665 0.62812665445274951104 -0.29153854157309139206 0.72143065137507123019 -0.18917786578585502055 -0.95655478534098725696 -0.22184381383774154362
1.4105550936422615038 5.4137537711979994981 0.037389033748503275323 -0.70256133385075714148 0.0039876162629065257936 0.71161202287103986208 0.51967567922069313191 0.68602495135334640164 0.50922191090633950328 -0.4861530217991324454 0.72756708627937927147 -0.48404687206762264662
4.8773243236973486958 5.4949065563500552045 -5.7463944944932494607 -0.97958542269799608881 -0.002278512926357557835 0.20101544223322156957 -0.20023133969397788334 0.10001195716527483404 -0.9746307090525725414 -0.017883239129179981375 -0.99498362639941140273 -0.098426485030390670206
-1.5354131931313987902 1.9265272940641278154 -6.6827139400712356476 -0.82825673750894968084 -0.0091791094316815442095 -0.56027361237261996685 0.54961378604499544487 0.18146967829342897094 -0.81547130056754291161 0.1091579724997640416 -0.98335370025753299217 -0.14525851861279862054
-2.0718823843841160937 -3.5480841463888883602 -2.657627149000227007 0.76177569174300030497 0.0043304610678472424401 -0.64782639848683698514 -0.29215066622039098654 -0.89022763479660660391 -0.34948926517362521871 -0.5782264121401886614 0.45549534064753488538 -0.67688862521982218201
-3.8506105600941440414 1.3880561420123025407 -3.4258253585988347467 0.77310920975744745753 -0.0041724584547805348284 0.6342592059864522458 0.63357486029741072464 -0.041822478987666569794 -0.77255017743207587966 0.029749725834705920136 0.99911634499772650209 -0.029689778897708643535
3.3927077262097498078 6.050506247093538903 -4.4241729039022708037 0.91848604913098752522 -0.0066335994278377526448 0.39539774014343359587 0.10752643504842107625 -0.95799885893569158846 -0.26585005556460622467 0.38055412665962784491 0.28669527662070193319 -0.8791952997177830964
-4.8866519526787151051 -7.0435603368864594387 6.0967654352362243841 0.95844183887465528304 -0.0032174917827659460859 -0.28526985336906884871 -0.28285569126295834197 -0.14101199813941600603 -0.94874036190143529179 -0.037173907714101936395 0.99000265864667535975 -0.13606188466250992986
6.3881774417312842118 6.2976003472956083584 -4.9374073458903762202 0.83437476506590069203 -0.005322531267234702386 0.55117186256389227861 0.091405866059040538629 0.98744424039529909987 -0.12883648458422469751 -0.54356574493919174174 0.15787825300199448408 0.82438506667572153397
0.99352684093125187559 -7.352035533832532721 7.0652015690559251127 0.50491885910790812453 0.0085527379683995770343 -0.86312443853162390539 -0.40385064670978054746 -0.88141266000612394915 -0.24498240331308543394 -0.7628640775847850275 0.47226959827428005578 -0.44158784593385330686
-1.9782169075725721807 7.2104258988398033381 0.66089528640050110297 0.93303837252845223116 -0.0056514090125613907628 -0.35973247972022814878 0.35558180055319471569 -0.137760193690391608 0.92443697034992478034 -0.05478118750880263399 -0.99044948917668718114 -0.12652600872776587071
0.13961515693568479768 0.66737278012048761866 2.5205045135607355711 0.48140202966985878863 0.00068745658357138167416 -0.87649963675578634881 0.42122734124546379331 0.87676978163632834917 0.23203938673549784344 0.76864791212676653043 -0.48090984333113123705 0.42178917692409878537
0.45810462481772695753 -1.4969389837537177002 2.1086832585712613763 0.99989072199797135454 -0.0012451217140449126822 0.014730707188464165283 -0.014109196562182022353 0.21707738366035081445 0.97605242690928861737 -0.0044130074466911780109 -0.97615360429350050975 0.21703609421054814721
0.36744033239043444317 -3.2918606649781767537 -0.9175145461813863923 -0.91333289603219858233 0.0010674834244333757452 -0.40721232975501647777 0.2151699955025383193 -0.84773018159636148727 -0.48482513574091712361 -0.34572372504765103152 -0.53042662045737520859 0.77403017140763075155
6.7883951059628726554 0.27193464118000842955 6.836421469717132382 0.54199592714030697671 0.01182193771018064804 -0.84029795712723631684 0.79389765141346035904 -0.33514170106684426642 0.50735250002962295479 -0.27562099710211945824 -0.94209356329126814344 -0.19103084557635227614
-2.0813206781115263233 4.0486905092493286062 3.8463271802565137669 0.78773346537332766815 0.00092760181169473921153 -0.61601552503643097758 -0.32056268088169731501 0.85455094463030323304 -0.40863461754645385993 0.52603759861526211417 0.51936675152184863524 0.67345573147519877111
5.9833844249154592987 -6.0100000227955021614 1.3017225949005264418 0.62391764393148263501 -0.00056593174600273331472 -0.78148989328862883408 -0.77156854864908586134 -0.15928616271390108605 -0.61588139532191665815 -0.12413197946823782691 0.98723229185895777782 -0.099818102487185991767
2.3814194803393982092 -4.5649704574075125052 2.7794903426122981038 0.9399479471076739312 -0.0075581536444093971178 0.34123412936241487303 -0.23568344210982167253 -0.73751772534565074313 0.63286722139509798968 0.2468829112018621208 -0.67528547971545194173 -0.69500960356101304516
-6.6682451039080774535 -2.7487593829044514315 6.5026736400088216428 0.94605309668761206066 0.0052593729380009061197 -0.32396894487588889788 -0.28967184596765221949 -0.43424553033068824526 -0.85294843984944823667 -0.14516804022033852339 0.90077919513275983565 -0.40929583642444627989
-0.9284193139848437859 1.771474703149266805 -4.1297789340120374391 -0.81691897340637065206 -0.0025392713860324517272 -0.57674686214098491721 0.30097891155719691536 -0.85490523286967745609 -0.42255027820351109824 -0.49199094065489273886 -0.51877798229380356343 0.69915257233356742361
-4.478362566695547109 6.2032723433051701889 -5.3155456509290228695 0.99541154738273884828 -0.00033281097393192838468 0.095685634104435979275 0.095594968824527115636 0.047119161438088127958 -0.99430447377087760596 -0.0041777114003449808757 0.9988892200150470968 0.046934772453181061724
-4.632026205668767993 -7.3984058923692250787 3.838233437765883771 0.95196133283405537373 0.0017399756848756635016 -0.30621331335107643268 -0.17324029317786437954 -0.82150933292475170067 -0.5432404778155998093 -0.25250232000612748973 0.57019241349065075131 -0.781743685608890293
-7.2714548503674043545 -3.1197215094737980046 -7.2919903471652363081 -0.9802628330886119512 -0.0044826568368931058242 0.19764787844279069207 0.11080316703389682387 0.81550806158216315733 0.5680398398615725819 -0.16372976589653870372 0.57872835361882823957 -0.79891555027876592909
