1125 14.717824617146108679 14.977075390850430381 15.033177056927090831
-7.1661963109558017848 4.3513287414594934432 2.9700792407767395709 0.90357947871663579775 -0.0022180054958097590243 0.42841475942566892288 -0.38093416821774750414 -0.46175070040445975739 0.8010464719105124809 0.19604408975129147819 -0.88700697355073299111 -0.41807337124707644183
-0.59884028312112258519 4.1274931768050207026 -5.3025967763516757003 -0.9930016679531582513 -0.0022779460516427112518 -0.11807835705163313711 -0.11232642348287145972 0.32701118822648977957 0.9383210843641166532 0.036475499033990457787 0.94501772138762107911 -0.32497852888110706493
-0.44191158999720964173 5.882579440226789913 -4.2025760692215534675 0.83190786390694193564 -0.0053822785372397534409 0.55488767966808527632 -0.31560057093024601604 -0.82706914175176782233 0.46513752201953306731 0.45642697729014081176 -0.56207443087170039231 -0.68974397319735913925
1.5914204201015844653 2.0385900191804942061 -6.8639831276415836925 -0.99877115232013824464 0.0059118240477190071164 0.049206052773440235593 -0.049535183224155190929 -0.15044364991462980119 -0.98737681450563719032 0.0015655401809732899868 -0.9886009096378554073 0.15055162087177120789
-5.6864627379745895652 -2.1340532850492408556 -2.7472499015350373419 -0.91196125619516610339 0.00040329593306164999121 0.4102761320761639241 0.35354383185820492663 -0.50660926377807879994 0.78635476269259707571 0.20816682289458371402 0.86217567305428799429 0.46186543780562144823
-3.7212695080270803416 -4.6092028057779108607 -0.98388147571152551052 -0.99999528086358191459 -0.0029784781962046103995 0.00075293973519622355711 -8.2542250218313635568e-05 -0.21894707735747015453 -0.97573673216874612368 0.0030710645364114544029 -0.97573218968337227519 0.21894579826603868811
-3.7484432941637990666 1.9186557050516550582 0.41901336809307021536 0.92376909641213922342 0.0075796307011404898124 -0.38287492175944431994 -0.3813084390915204569 -0.074267153964663296106 -0.92145985486054848845 -0.035419356169252111388 0.99720957628803286177 -0.065715524559439991714
-5.7454209432821947701 -4.4100017115757443875 4.7277282893894732041 -0.75423953631380635798 0.015766133932515479649 -0.65641004782232925674 0.092958255806202635951 0.99220608872980164961 -0.082980962666468427447 0.64998575718136575308 -0.12360625594360361013 -0.74982665260232395088
-0.28059626501612333627 3.4573625799299692041 4.1210300894012164008 0.87293919386195117927 -0.0028037608541406598694 0.48782097407225205599 0.013686439558632426672 -0.99944908785621566771 -0.030235776088727454869 0.48763700145898508653 0.033070526281743978236 -0.87241990755570120175
-0.84568534143656926005 -7.3868383025716450874 -2.1824724798869734599 -0.96210604332056659516 0.015231858465016432508 0.27224979686622913233 -0.0018855376535598569049 -0.99878633536324767928 0.049216877587776555747 0.27266904142887887774 0.046838518117411756525 0.96096708948171127851
-3.9388660977394667206 5.499523835866910737 -5.3383090042064917924 -0.9385454110416566742 0.0037898658069645246166 0.34513497117766900324 -0.27143112401989166749 0.60957391231516699914 -0.74481191608228014545 -0.213208011870929387 -0.79272017909344349995 -0.57108411055823615765
5.4743633502185558015 -1.3324074361899733709 2.3695337077814526694 -0.057750885210372637779 -0.0018327341267018620354 -0.99832934262347150511 0.92799585574226639562 0.36860384732291773258 -0.054358950171988780486 0.36808766208943460851 -0.92958477011202156337 -0.019586428800559736035
-0.73432282085591960019 6.2622505728736763686 1.5636113136410259017 -0.98629851927455336469 0.0061923096724226488197 -0.16485413606503682149 -0.076563975761212266224 0.86797273274708564017 0.49067432460169263519 0.14612730235127951994 0.49657324787849999037 -0.85560611323144530882
-0.34170133283202824837 7.4761405218672107864 7.2971035957726302357 0.91529175752699276636 0.0052947012828782977906 -0.40275670663764784329 -0.06198652442130004464 -0.98615069288662315916 -0.15383264188576847853 -0.39799330320179859832 0.16576723758852882074 -0.90228740074821800476
-5.9775957045924030808 -2.6619912337532620761 -4.9024727181339828874 0.68765589159613527137 0.01057662782873827062 -0.72595971630448941081 0.4632796685051005503 -0.77626891596784963756 0.42752604464742294255 -0.55901817815074272833 -0.63031318013018200475 -0.53870583016261441855
7.2107731790562903385 5.9714718676193800917 6.3839435202690326676 0.93567785336982489675 -0.0085028219009356531544 0.35275296842547548826 -0.12494184496894149283 -0.94292426452045319252 0.30868003944901384328 0.32999468191015191021 -0.33289868338305522721 -0.88333570997252819357
-3.2417341942808515221 -0.097063983562332284416 -7.4754568509681504906 -0.8255731008169201468 -0.005717684349993723894 0.56426621668604715065 0.010156528194285304595 -0.99993724534756178723 0.0047276105804994654827 0.56420377537071264573 0.0096339738652329101609 0.82557936408625054447
-3.5703456450301205294 -1.5629491085394775496 2.6779525055474469042 -0.93296958659227213762 0.00086492632295455764736 0.35995416707731503481 -0.31695970563029829403 -0.47591999740370338756 -0.82038814050313102477 0.17059981096312437643 -0.87948815112757983137 0.44429303002149067581
2.2609833409037234375 -4.7039126572567342421 2.4362701574217990874 0.94077326513414638587 -0.010721401480427609348 -0.33886681035324517364 -0.25699386155277537114 -0.67446468510677448638 -0.69213549516554362384 -0.22113303401552644734 0.73822925984693787971 -0.63727367839333615152
4.6395278409755427163 3.1422611393074988406 -6.1668726701213660846 0.9063376775675444641 -0.0063150516958094260467 -0.42250696366265089177 0.1668621589944764283 -0.91327721293574959383 0.37159353092848218525 -0.38821261457758532432 -0.40728964196784162022 -0.82668380498761784292
2.1414881819925994932 -6.0566034587468839945 -3.7928329129772979655 -0.96726866524938759362 -0.014015120677538506905 0.25336713602815597035 -0.090330111153443803929 0.95208657986125333483 -0.2921842149518655285 -0.23713245295765125742 -0.30550731716346996025 -0.92218950271286115328
-5.8096753256463316006 -6.6419355281267948854 1.8045195085950687108 -0.8984399599658998703 0.0031183584577447361064 0.43908531537352479823 -0.4209938785795996341 0.27804754637890699565 -0.86339661578627735494 -0.12477897472986579364 -0.96056225086824975623 -0.24849621661543366824
5.2063586818529348221 -2.4226085874142668786 -3.9103886402847058967 -0.89804988948077490996 -0.0089897806218675289924 0.43980175061954446258 0.41438884783632207176 0.31819628957112211509 0.85266230366544493169 -0.14760853224849210252 0.94798222828679090668 -0.28203087784835523255
-1.8803118095668929222 4.5762002863523001395 0.54654844467873842095 -0.93210938436215029501 -0.0032151639014081872907 0.36216261306936026187 0.2751709029682753993 0.64388022743627071343 0.71393222848968884708 -0.23548475480109232194 0.76511954323345521267 -0.59928208284460848798
-4.5953740331887358295 -3.5590865519938583716 -4.9111331131332383038 0.99873394696250406 0.0063394624176932234602 -0.049903050015900507486 0.042519179310540333727 0.42373720828368438562 0.90478665866969210096 0.026881640117276141971 -0.90576298750407990834 0.42293118576472954473
1.7002457289368906324 5.4160705951069854081 4.8530489038689177406 -0.86261216682614672013 -0.0028666306066113954494 0.50585771919815780695 0.43539167888096591552 0.50492062669356108096 0.74531150984037342067 -0.2575545293808843561 0.86316101810049261633 -0.43430256875480749423
-7.0994488719002930566 -6.5717045428959783848 4.3945291519464424468 0.590934308739266001 -0.0056991514507213790128 -0.80669954904396479201 0.41296210035282504558 -0.85688486427221044472 0.30856220289180558147 -0.69300717631716524103 -0.51547633219572619456 -0.50400913138447867023
4.3346976042890785763 -3.2279267665044941715 -2.7736786707652032469 0.18022929176360305559 6.6088305129833463392e-05 0.98362462251746685116 -0.83369704610934636246 -0.53066307954173630446 0.15279375419106788758 0.52198336917852261596 -0.84758285237709518611 -0.095585933366145889312
-6.4388190701104583979 2.0884780906795525901 4.2791072389064188641 0.99984702253113277859 0.006118612042970223569 -0.016385790261345713204 -0.0047570837029093501411 -0.80637731523940714418 -0.59138227537007426182 -0.016831568271087646999 0.59136975578227513051 -0.80622485092907170134
3.9535229750722908904 -6.0799288006681466712 -2.9501422877964240676 -0.99384574376588352695 -0.015665778788816118322 0.10965956854404043663 0.024269659161582832901 0.93510322498125519886 0.35354340932010902554 -0.10808154903829736426 0.35402901294171318369 -0.92896815701780133256
-0.46049205212705529577 7.1642462126092425478 6.1451784847220514152 0.98323828363510867856 0.0050421272588164591302 -0.18225546506738440899 -0.15520412072362627098 -0.50141512544571786858 -0.8511724577808534864 -0.095677366731199364747 0.86519214566875191075 -0.49222798840410558752
-0.13714495239255727888 7.0295078791601621759 -1.4111394369263430271 0.99460279936226525521 0.0073784304589544890546 -0.10349314114927642139 -0.057825987213374896445 -0.78877101611495437083 -0.61196114201789764131 -0.086147702835147776934 0.61464285800863882603 -0.78408719565829365639
1.870470727027661928 6.5006477403187945541 5.6999366600995937659 -0.97844404093135661782 0.0020218100619876478406 0.206502230133297493 -0.20116090648021778264 0.21682912352656230626 -0.95525882403394579701 -0.046707049468237692158 -0.97620747972698385109 -0.21174845467018704737
2.6456332383009057985 -1.4556261391677649542 -5.7634533449164360164 0.99895942054051833914 0.013030514066541293294 0.043706770833540992127 -0.016742211176905136272 -0.78664067077623156532 0.61718405151595345792 0.042423748990910198353 -0.61727357045632602617 -0.78560394903392016808
3.2519890428743694066 4.6195697985226509275 -3.8500238839811027347 0.99990921167808100023 -0.0024591838748667651723 0.013248426926603558418 -0.0040903641123820489583 0.88141530873033313576 0.47232438266222753764 -0.012838898815220031735 -0.47233569201419500772 0.88132522755605469111
6.0047251126876268756 7.0381947243086990795 -2.3755629308355641349 -0.86749975239949062011 0.0086380370291901913821 0.49736260806668730616 0.011345191445897876911 -0.99924556261195240925 0.037142862454483303869 0.49730822054103929197 0.037864097989209137551 0.86674727796838313409
-3.0115183643438157013 7.1885330702893295296 4.2792462007317162431 0.89361322240909302206 0.0027548635627479617013 -0.44882938792192383914 -0.43519068248252146258 -0.23939474513646499809 -0.86792812253164075553 -0.10983842049115191686 0.97091841404299117357 -0.21272741867515126968
6.6686987423492469773 6.9316694539903265238 -7.3157157840870139509 0.47531087560126661362 -0.0043755622422109990283 0.87980703906603840991 -0.72073819737370825589 0.57157844272696856081 0.39221745837783977828 -0.50459490919117244712 -0.82053576294087793297 0.26852381524440754879
-3.7592474425551496431 4.4886423402950921258 -3.9532767577561038763 -0.99848093337153387417 0.0088800006224635172347 0.054378040443155278849 -0.036279907946414662046 -0.84873914585294951696 -0.52756575948059281078 0.041467987326283296812 -0.52873718224249666164 0.8477720201452826343
0.58801897583460904784 3.7518241289398561733 2.6083505761804395284 -0.77951877994212537271 0.01013839138198121409 0.62629680243305285714 0.19131705988556152453 -0.94823501000586862819 0.25347218465897231043 0.59644635493422681893 0.31740759099184845393 0.73722735086707713581
-7.0710924977373483813 -2.1461618388120582424 4.5586814594794828892 0.99263888978338887803 -0.0070155371888482439754 0.12090829883690673574 0.036804050890989085942 -0.93363556936921487939 -0.35632862002161824755 0.11538412511128848248 0.35815556095983080986 -0.92650477485316962145
1.540336932656850788 6.3968051546000834762 -1.7065327702863712922 0.85468672484248608967 0.01454697734710125312 0.51894025458433301612 0.029627824735994640754 -0.99934491788178003713 -0.020782856042035321997 0.5182979783670876861 0.03313790207471704885 -0.85455783014773034623
-7.232915249646768352 -6.1116902693499577381 -0.4831540906871132357 -0.85336558269796791709 0.0059681398028025231528 0.5212787772141455056 0.23335824212169994918 0.89853066140273840645 0.37173455765225166259 -0.46616640065584014074 0.4388701765059572768 -0.76816785605316473262
-1.690439998491997553 5.2627101683594990078 -1.261110719499995092 -0.96042983272639170789 -0.00093145408606123926074 -0.27852049978868503866 0.16946081398822104847 0.79164986462856312688 -0.58700385378297348371 0.22103748309212714607 -0.61097432370504545229 -0.76016630209538793572
-3.1946226415902980733 -3.7098601476259296383 0.053433365144721398088 0.57469538171858969289 0.0071006982015002165914 0.81833660453165713022 -0.42766161170270855507 -0.84995297489834653604 0.30771006863151018074 0.69773258782085878504 -0.52681070656013273545 -0.4854273533150372244
1.9254866616558372616 -1.8602918018137613032 5.6730864146851578411 -0.99608012271273416172 0.0047111141918480745061 -0.088330031924390844944 0.077253452978713110788 0.53271863954687492804 -0.84275901364637584301 0.043084720488319766529 -0.846279301697977826 -0.53099439768990486233
4.4381762853257891166 -1.5670718014238556037 -0.27191688665857738361 -0.85769609313237504811 0.013977262684087552944 0.51396697165609150915 -0.16234429847465747798 0.94113016036819108212 -0.29651028649627036993 -0.48785422062151823086 -0.33775532175406652868 -0.80493453277179172201
-7.1557525216182886751 2.2438095062197591645 1.3386347567472813846 -0.99658783125187699881 0.0012209296807277531839 -0.082530018365565421812 0.076481057131218749268 0.38965583660256736254 -0.91777937267166154189 0.031037759274656948061 -0.920959737628229691 -0.38841964312704840845
-0.080538763177579353325 0.53239086149336667386 4.2230120009231768563 0.82959382925013547272 0.0062093184447683481483 -0.55833280651818151252 0.12222174642127670019 -0.97770829634210554282 0.17072882581920173495 -0.54482650740559468439 -0.2098759910717160615 -0.81185968319645529512
5.9082306992081141672 1.7880137163130740419 4.3519505875250059646 0.89502651214302120231 -0.001236595796118754309 -0.44601122563448197811 -0.024247831161174508707 -0.99865216000609646763 -0.045890151440055829135 -0.44535332629843138452 0.051887707080349260158 -0.89385014438035537143
-1.2750937614375328355 -0.91559222955474250938 -7.4924407360696472225 -0.97083649602327926065 0.0001878788970141929515 -0.23974249245918352602 -0.078501123072059073027 0.94462282697682353749 0.318630331937784117 0.22652609488864908216 0.32815800989137616783 -0.91705956670146293597
7.0162446093107639911 -5.9096033625668749067 -5.0326316451517714157 -0.53738077179826537755 -0.0096224817768326385836 0.84328483559598321762 -0.26909685225518586993 -0.94570802275421983474 -0.18227237806302787337 0.79925514712630119085 -0.32487496601442628075 0.50561592760638507382
-3.9641143237444040892 -2.6853454518668913309 -6.0057967179876383668 -0.16831858887653489143 -0.0024623826716080672757 0.9857295720988799026 -0.96707203918444861745 0.19406888381715040048 -0.16464792547033987868 -0.19089401160421903825 -0.98098481385064750793 -0.03504670210043315387
-0.3383336847643519385 -2.2485259668357615581 3.8688454007827353109 -0.9138895832123301588 0.0044415366824444562494 0.40593854516137745092 0.20142363839196716913 0.87313852284529791525 0.44391174553136236725 -0.35246893138670076784 0.48745193883673076929 -0.79884683120825505931
-5.5667014052670458213 -0.69924589465566056035 -0.33252735684661388627 -0.95997214115210494079 0.0070165007116670102122 -0.28000760155681447827 -0.19871940510794314227 -0.72157540580017420773 0.66320398956725945538 -0.19739322745566206807 0.69230029789256508632 0.69408660215600981314
6.3250931895538737848 -3.9455668024735488508 5.3266166722001688782 -0.99986785652227649912 0.0025705770893431683852 -0.016051841852826227025 0.013849271084232969362 0.65176454857123977682 -0.7582949102533195207 0.0085127659356548455311 -0.75841701283601792305 -0.65171402275619016997
-6.8132317731381517589 5.6586619410541043607 5.0297627812413105985 0.96870501730060698531 -9.7109037640067882857e-06 -0.24821480488134697873 0.19082430125706709156 -0.63947585640978321653 0.74475278792269039574 -0.15873460714773385272 -0.76881117901253837044 -0.61946161747038086531
-2.4920754229243691213 -5.9916351355562822434 -4.7959194462423937466 -0.99992249510990272032 0.010180565487208975348 0.0071665793521240748684 -0.012405922229889336517 -0.8631736624831152227 -0.50475471418228590181 0.001047314124142328072 -0.50480450124965992043 0.86323306160685131516
4.7325183267347092908 3.721070976774406347 4.620456224788481947 0.909336686136285266 -0.012816421420700996325 0.41586359613292556148 0.40027343733498593759 0.29967601547730476907 -0.8660112361347952481 -0.11352518051381593756 0.95395493871030279109 0.27763646788514440011
-5.9394091853809856119 -2.4822182063329134571 1.1207224587614323941 0.97093531420458001335 -0.0034454305227673421956 0.2393172468478977355 0.16802419871739959767 0.72189033236872246491 -0.67129890263413083407 -0.1704478931395377872 0.69199889959521199145 0.70148773238255823781
0.90699663641270333869 1.2826650022522274597 7.0835502002504133756 0.65547863791261573585 -0.012314150794380928494 -0.75511331396708170072 0.13638379287195256939 0.98535789481065994 0.10231950046805371457 0.74279688763618689773 -0.17005346460562117961 0.6475605013383348707
-7.2706519009776258144 -0.20503921756786999686 -3.6955507264564380066 -0.99212301008604031338 -0.0014538834815238169118 0.12525900798163500105 -0.12506229437368640567 0.068699839351562486112 -0.98976752553264890633 -0.0071662670697406581632 -0.99763631564609245306 -0.068340517413892118426
-4.6000336513110804404 -0.33419482184207088826 2.1403585526158668273 0.90510975995395215321 0.013693533927872245104 -0.42495742088437588047 0.16569376567846358372 -0.93182229344840483698 0.32288200545710415978 -0.39156340284994872736 -0.36265644977202743382 -0.84567038554473217271
-3.5919395003207448269 2.8853236171638938501 -5.9059858020364082165 -0.99963704925545060487 -0.0035838930261606789796 -0.02670066416269693127 -0.017550770655839733475 -0.66529287133178294233 0.74637615570468340831 -0.020438693826557302602 0.74657387515619766383 0.66498850270420939435
1.8982721077748450078 6.7394915309130745129 -5.7343917723519881591 0.98293182401436218765 0.011572149379829789473 -0.18360586782165144726 -0.13664212533696515339 -0.62233063142947286916 -0.77073569708947597956 -0.12318262427476441012 0.78266894057663516371 -0.61012733960493759078
6.1741233824861216917 1.7183102663721381287 -2.5539645001426749538 0.99539662819468921473 0.0041682824664371889364 -0.095750603131386086142 -0.034705531815546246388 -0.91557517302316659968 -0.40064651328231914995 -0.089336882865639705154 0.4021252640225311259 -0.91121577762614935914
-0.25023019087049380715 -3.4526446176556104817 3.6362446243020065673 0.93239495424071916485 0.00081292599584688492176 -0.36144015888920466573 -0.25248004265807982849 0.71703679494318450782 -0.64970151820423605038 0.25863773383996901956 0.69703484407083771135 0.66876673720005963553
6.9757873216365080538 2.3537735940639894494 -0.98128083111281472206 0.95002271563619355987 -0.01109687707044064095 0.31198349170210254444 0.069661478213997068965 0.98170485569290188987 -0.17720850646090702263 -0.30430924768788747414 0.19008533775213590222 0.93341493781878137614
0.91998383167480712874 -6.3361887470528710509 -5.8463530929756837295 0.86832828984312893095 -0.0085445690322435603747 0.49591629474963627722 -0.49054379109485146682 -0.16255638910033268218 0.85612044093162698033 0.073299181963039500287 -0.98666225766596993285 -0.14534379663679111716
-0.019408786508264740112 -6.943765210871060134 -5.3684945590304780083 0.89999172108739977638 -0.0019620555829180101777 0.43590257204098797894 0.43184677958935951958 -0.13215451290433946618 -0.89221272333303636159 0.059357063036790579102 0.99122718639916229666 -0.11809066013340946411
-2.409206988042528863 -0.17280443406629178438 -6.69451413781186222 -0.94173400518368111101 -0.0033469317025057159637 0.33634188191302388793 -0.25080202093003034491 -0.65933002833007781085 -0.7087892917078504329 0.22413257188110802254 -0.7518462022184971838 0.6200740910822514218
6.011719368940656949 -5.9244754209235468423 -6.8108846820363240226 0.70464954691359782402 -0.015141230174996498509 -0.70939393793802540955 0.45727405419778655027 -0.75478082203787155713 0.47032579138444319256 -0.54255825069011931472 -0.65580229782510635061 -0.52493227256046437468
3.4335244911909792442 -5.3654697494907219735 -5.7547137006518269686 0.86628285984798325536 -0.0052739794257556085397 -0.4995259671673799029 0.19400888521363510164 -0.91790269701667470681 0.34614331030315004245 -0.46034178518975321648 -0.3967704927921116842 -0.79414017456481555968
2.4529268110308519724 -6.4090736782148143291 -1.0129428986942503599 0.78528594833255627172 0.0055102027251581085429 -0.61910872794474547387 0.61742480703702140588 0.067264877891092950124 0.78374871218882313784 0.045962887276264324798 -0.99771993759177168837 0.049420027569918645316
1.8771967357391856623 -6.6069981103208439421 6.7592522721770089689 0.97254779409367753118 0.0068929936383934301697 -0.23260110670907588326 0.027590774117980929048 -0.99592610187119035015 0.085848405898885135623 -0.23106176097993869067 -0.089909322378285416733 -0.96877591648558447623
-5.8608669439168217252 2.5320952606754691949 -4.4095725793737967635 -0.96012214496517311879 0.0072966956714129961245 -0.27948564360223121517 0.10448506780369248848 0.93659013374457744661 -0.33448735697785547671 0.25932284387137743975 -0.35035079506729188692 -0.90000332390609782962
2.6821776517118309791 -2.1475779258254790172 -4.8352309544545235553 0.98091406539823300381 -0.012877219503476004456 -0.19401487964025421196 -0.18110969589416597847 -0.42361933062454087962 -0.88755052857540561728 -0.070759270467456919507 0.90574877308172985213 -0.41786634909239772639
3.0937290955584426655 -5.2981801394891272494 -7.1222184651685331858 0.99983565190729017935 0.00081708312539804494462 -0.018110813079203310488 0.015861928578635164921 -0.52317255206530044465 0.85207915124545074992 -0.0087788608025983067007 -0.85222638608574774466 -0.5230995301683522003
7.0243788833986071651 0.060014275688839109624 6.5847669771659207427 0.99930768602546227175 -0.0083642759079626226304 -0.036251724635792507978 -0.036816602539658689619 -0.36260138826867627238 -0.93121682276636597031 -0.0053559712442721556236 0.93190679368384621295 -0.36265829848198416485
-5.5252010695080997493 0.96882490467159942948 1.1352764993525195081 -0.99993034364964372696 -0.010922667542034058749 0.0044724917476935887803 -0.0029186069194086297629 -0.13834200444104408079 -0.99038021564490774651 0.011436327308933635222 -0.9903242828190013114 0.13830048906885433757
-5.3273330823154276814 -3.7662018275236799347 3.7920722714835948253 -0.89657623908979733329 0.0034620585800186559969 -0.44287589870064958397 0.34453191901060292723 -0.62289382441994400885 -0.70235392807498309153 -0.27829625272802266389 -0.78229872660626198488 0.55727901276445424017
1.5447553367489499365 -1.0553180188047572852 -3.8344630070647172104 0.46875978689114450315 0.0021582696638084248805 -0.88332304626666890979 -0.31527026652765993697 -0.93372611980223574335 -0.16958830219863568756 -0.82514781781038770703 0.35798166862441022085 -0.43701281868107205719
4.4538755008076709174 6.6801956903904846641 -5.5764529061646852526 -0.99968301590767449927 -0.01209513306080064847 0.022081110981696971257 -0.016256014502110824327 0.97981155520859208874 -0.19926128141782148417 -0.019225235979102396622 -0.19955706962172262142 -0.97969758919044447332
0.51703004288522558252 2.0396298319643628716 0.94382892747220703544 -0.37255463321715426295 -0.0050705389878271372311 0.92799640888463363897 -0.85736130682739941644 -0.38081889262429347021 -0.34627815492109603746 0.35515438167594820529 -0.92463574485026578387 0.13752855893086410322
1.7199360031033132934 1.6180765047053735639 -1.1871838823025087084 -0.73833421347273742175 -0.0022128264338933862666 0.67443138466018826005 0.2928110611179618461 -0.90188384026369150526 0.31759600305740492976 0.60755598236091556963 0.43197296451314848298 0.66653963590110310022
5.2807403995602815172 3.2632103487359955807 -0.98820833106878991359 0.92765584387933819333 -0.0082203779296103392932 -0.37334576561561810815 -0.12858543601317867777 0.93158973161223612713 -0.34000934928317211314 0.35060008693912703137 0.36341848789155800636 0.86313763774792828798
-0.24768650958828467012 -2.0609802756624033826 5.2956531403913853495 0.98434122128145662423 -0.0014743678760382118893 -0.17626737169891742996 0.11531923226677838479 -0.75090366646489203895 0.65026545222630027787 -0.13331854618050087424 -0.66041010737948491194 -0.73897540914114867583
2.7642484731095766648 6.4242923014767399081 4.1729909244208673869 -0.83333325768160371183 -0.0064539332910005511521 0.55273323437873911335 -0.38476532746562819298 0.72470085088744884416 -0.57163302870226717634 -0.39687696383391124488 -0.68903339793378448608 -0.60640057067084474074
6.4951610839240787598 -3.6875764808502813352 4.3264007657510354932 0.98644158383649838129 -0.007398891188634796473 0.16394589987962676636 -0.026767307952512527786 0.97835215855512247529 0.20520858918535828108 -0.16191514105580520622 -0.20681467612246359766 0.96488920443608094946
0.70219347987023938984 -4.9892219526655487982 -1.1346313609740357187 0.9522319892377357764 0.012887619333885420511 -0.30510350365138139139 0.29121853957154536507 -0.33900331169171299406 0.8945772839009984434 -0.091902126646972170931 -0.940696903327513545 -0.3265629115313883335
-0.50590672012668769231 -4.2815263216749457342 -4.6392462786022656829 0.86954465209688236449 0.0074211778559528868496 0.4937985663496839428 0.23965960144014741839 0.8679168034335222881 -0.43506746345296953837 -0.43180478627183049856 0.49665415374987359476 0.75291385836343249771
-2.8965602894362341146 5.5678932057197441097 -3.6318260775453268252 0.72696491268861407331 -0.0060691495460087801009 0.68664778536257542463 0.086558524371233611094 0.99279448394743030626 -0.08286576194280301233 -0.68119720902120250994 0.11967572045939263436 0.72225209196949358148
4.1215890748283126044 -3.939836609785943633 3.0353786517108463094 0.74271728568253014835 -0.022261152169643860788 -0.66923499210088821521 0.45459835897774691915 -0.71705676728862477454 0.52836533241730210264 -0.49164150105842524541 -0.69665919472130755086 -0.52245057263565364281
6.8338195876520044791 6.7867878986837091304 -1.2591031502113669838 -0.99752726125446289362 0.0069138919252091507461 0.069939696542192897333 0.060844351892421710826 -0.41311900666138784421 0.90864220195732980923 0.035175671944769448807 0.91065080268639597705 0.4116768000138533723
1.7371139776731781001 2.8700820473958583712 1.4208497548277447819 -0.99672148570027441217 -0.0087464671407218065602 -0.080434938030988542557 -0.017925316912672923514 0.99330610980024802714 0.11411246753549916799 0.078898434439903797344 0.11518016993395195635 -0.99020632471065528346
1.1199521276352730759 6.6812572004551240568 -3.0582207945709205532 -0.99571932649506844637 0.0068234864189654917746 0.092176259836108845325 0.047585485273633196246 -0.8171046939877089077 0.57452201059203322764 0.079237897723007114092 0.57644892149823967475 0.81328223666075927234
4.790774972126818021 5.1389101860773083175 -1.1348772907246245101 -0.88681260906897696472 0.0020349148457610350717 0.46212471857482040338 -0.37826276168246270037 -0.5776663696583136387 -0.72333868173215765118 0.26548197588654443013 -0.81627043587730097052 0.51305155295746673882
2.1279371963010209612 -6.5128042800032188708 3.3020728901912614894 -0.98755502613931533951 -0.0036461968355971964562 0.15723159859154783868 0.077922172091566599406 0.85705640900163482243 0.50929603069901274726 -0.13661334284603104949 0.51520968259323263183 -0.84610624481718355039
-2.6795865092899955329 -3.5826839038279691962 -5.4291172839551977702 0.62335646017324775059 0.0059290812684715419809 0.78191532121809570466 0.43573601971938080712 -0.83295380844087418826 -0.34106022066909591484 0.64927717092111814079 0.55331076168736004206 -0.5218106517900603647
5.7718214219799364173 -4.8820999628772598911 -7.0304795211046862136 -0.83687332809580072812 0.0026100841978901863707 0.5473903727525991636 -0.5277455188521168461 0.26168624462234957306 -0.80808723335221133155 -0.14535370670635894275 -0.96514946865024353606 -0.2176207782147198122
6.0487897508964056925 3.2829336773217803191 6.0249834418722292284 0.95927801760220121619 0.0039632262407050776465 0.28243579408930974406 -0.16589013599449775604 0.81719631048143515084 0.55196979348086216977 -0.22861790770802806194 -0.57634580155786430122 0.78457591685056637942
-6.7332859848897443911 -6.0454816269105240423 2.8679777638893066971 0.93903652084519917409 -0.0011782962640835086508 0.34381539252450465938 -0.31467165959558113242 -0.40587712399932646123 0.85804749685634462697 0.13853576854459193068 -0.91392689632809476219 -0.38150421885188801063
-4.314372731496185942 0.19846777725634268119 0.28260616180388897778 -0.81725918572982581001 -0.0071685257728948889588 0.5762256811167413284 -0.2969066141853224372 -0.85175307627015584 -0.43169799573007733295 0.49389663472556399881 -0.52389436845857861869 0.69397464283949383823
5.1709590916227590185 4.2699206875363362457 6.6619508941919178824 0.96820779221440866902 -0.0036069295180628517701 -0.25012129288555406958 0.075137434351690443601 0.95791617746364787767 0.27703964140977860309 0.23859597032291210428 -0.28702541178942830857 0.92773292273841378996
2.898373929224661083 -3.3122585877684178612 2.9453736730214026274 0.40534721926195288466 0.010154638091822156334 -0.91410640253844588354 -0.51849961301917435463 0.82609330225046817553 -0.22074421232691676664 0.75289559909430470164 0.56344186860950284945 0.34011979883921189538
4.0771949987023301532 -3.241490890753655929 4.817259008053078162 0.99989941809796534233 -0.0026031207127726503636 0.013941931351601231925 0.013978931911674593452 0.01478237938901661927 -0.99979301393951902632 0.0023964869844297874424 0.99988734616569840963 0.014817281396475130359
-3.5575081452754493405 7.1917775702314576947 7.2605523634012607559 -0.041936866882811986434 0.0065717806475395872112 -0.99909864923097901901 -0.5291994288796070256 -0.84833443372011019257 0.01663289025767770643 -0.84746047911965516342 0.52941996587199680047 0.039054270784466854627
6.784854820562038924 -4.2315612053046898211 -1.940965370840992632 0.9966554672567576878 -0.001985767381687301384 0.081694163285656457019 0.019832428985957481493 0.97569451249821692596 -0.21823586561626889813 -0.079275181157488189276 0.21912616230983691934 0.97247065284440381561
-2.4527993714891200838 7.1583882282880999526 3.1004591408031441091 0.98209879566299140841 -0.014400607330295498582 -0.18781527644402309929 -0.18819322026066939713 -0.032248955843686998024 -0.98160242292633892447 0.008078824490198310837 0.99937611906402223916 -0.034381757362765483221
0.30728840985901567651 -1.0413676877994955117 -6.4279778083561804891 -0.9049570884192272846 -0.0052738788841587827191 0.42547015679295507873 -0.39477210649748439852 -0.36269802127873229658 -0.84415942172795932485 0.1587691785311146353 -0.93189180249743674977 0.32614416503532261959
5.0352359845283372053 -2.1725253207321402193 7.1524097630982197416 -0.95352881259093424937 -0.0021678376702713624338 0.30129404912594398569 0.28870754550981964082 -0.29266431118437014058 0.91158957548043018093 0.086201837129864386511 0.95621279087810118202 0.27968972422424576152
-5.4227811083816783722 -6.1973227494335842991 4.2216027441332357739 0.83555784010522815564 -0.006057364039741025552 -0.54936909649126519639 0.25094579508416792191 -0.88532738901766705464 0.39143533589171769504 -0.48874257413115163029 -0.46492872851222999397 -0.73822217091853281623
-4.2109230640800463519 -5.7185581834796321843 -6.4272488013307489396 -0.80450600704424268805 -0.0019710731712978355606 0.593941242464478103 0.59012623557395649243 -0.11585994891078205127 0.79895400263445848221 0.06723920520825724112 0.99326360403917490771 0.094373206865242947883
-5.8760790772158717488 4.7318043932670130758 4.2668372425851117669 0.71227849651643271311 -0.0028370829518662059668 -0.70189122687250771193 -0.69956374886040972871 0.078599196999737969138 -0.71023427649723913646 0.057183080371005876041 0.99690226060111064577 0.053999797480688470352
6.4655570643162878497 -5.0846909164056688368 -5.1153524608857097178 0.51575009003170246835 -0.0019939847280244843084 -0.85673675575256391657 0.037889358353647775712 0.99907197266771496924 0.020483894975463007998 0.85590083605283984181 -0.043025776631252211912 0.51534701065339849624
-5.2798573833422128843 -4.0242241158326406136 6.5692727587798396272 0.99932050460436838701 -0.010552556410826493746 -0.035315331378547608343 0.036542261387758095958 0.40884281474410349988 0.91187291656500035764 0.0048158290928321167632 -0.91254380518714861559 0.40895062220865963099
-2.2709331773844021463 3.7541904292248142738 -6.038033972784069725 0.81856235238906860374 0.0058952136180941347443 -0.57438743171110850927 -0.38415462795637106419 0.74904640568907798759 -0.53977282623701250408 0.42706076508035534234 0.66249130453201188207 0.61540586148362919072
-3.1565217497863260476 -5.6639817322044843095 -5.9398316168640912238 0.80058176697000149602 -0.00046043046118375834542 -0.5992233493438273717 -0.59733328953483710855 -0.079979443477975975529 -0.79799513146037881484 -0.047558128733130367038 0.99679640680773562433 -0.064305114622840414684
-3.6126639161880378381 -0.64389705878847203202 0.59275282717655430886 -0.87835273743611186337 0.013245744182301540451 0.47782948726458479571 -0.15768390887899857988 -0.95169143668222078158 -0.26347522507125270552 0.45125630579431608158 -0.30677020651740832813 0.83800941932291472813
6.1255367521905856876 0.062135472240046514536 -4.7982844056942104416 0.73478332579890537346 -0.0020482622259887562667 -0.678298804915492215 0.48143754919982406637 0.70600630176912981817 0.51939675401637064311 0.47781937000121871284 -0.7082025885890150807 0.5197477687951884695
-0.84020177457505162977 4.6985678473439982383 1.6034701009843699282 -0.91599386064248422556 0.0029848313120551888365 0.40118117858083879312 0.39569682189836019592 -0.15822239466183532497 0.90464893686276615092 0.066176071241494105468 0.98739898957283744885 0.14374965386223961805
-4.475630887299970162 5.3694848473101046693 -6.9724548617736354927 -0.99674600282786718353 0.0011485615163393386728 -0.080598304280423194168 -0.078184402360927260367 -0.25704858735445101914 0.96323061774762497311 -0.019611350639505763932 0.96639779829300997971 0.25630195157386576055
-0.67653970632802762353 -3.1574912025952466266 -5.2684298584129365395 -0.91579492536890250154 -0.008283149959507197721 -0.40156076015380648414 0.40149243950286905847 0.0087809505995834410963 -0.91582024214830237696 0.011111961599260304634 -0.9999271395123334738 -0.0047159279149313199087
-2.8538342134562304508 2.2523038212371395694 5.8248723110336424469 0.95431332773994270724 -0.0052594991568388291953 0.29876146030993627756 -0.2593315554254811417 0.48210528161277127479 0.83685222220045063501 -0.14843590151483418427 -0.87609750319806656282 0.45871554151971244417
-5.3985779295556577395 3.9866210967446957802 1.829798441277461496 0.9595377971041084697 -0.0010577280549734983765 -0.28157787047265570024 -0.15716461431467265708 0.82772044673680200688 -0.53868185978467431063 0.2336375396546166161 0.56113968249015100387 0.79406281665802647129
7.0257689575097099777 5.657714359271752258 -1.5584967360538277692 -0.9124440188152556086 0.0098549098622313577311 0.40908286847527541852 -0.2607003056299414534 0.75656171376231007297 -0.59970803222355273387 -0.31540650464566566402 -0.65384803587738826725 -0.68775103257394165635
1.1567981861228573415 5.8226823874777862144 -4.9248420273751891685 0.915497859990229923 -0.0037377256724621553061 0.40230547816318840137 -0.058098711944431724596 0.98824726359908687812 0.14139266480017187444 -0.39810577491882687129 -0.15281811213231907831 0.90452109791908330561
-5.5523916048341819263 6.1163396727266068353 7.4321323450862886162 0.97165753168367008374 -0.0064815954703960499544 -0.23630410500573773014 -0.22425009880506804882 0.29098762180888315676 -0.93007424281062733851 0.074789934538640870376 0.95670486194765957944 0.28128681593268245464
-7.1495430405567672594 -7.0638406582517099253 -6.3416215909360582614 0.63637250768515729593 -0.0033040339046797959771 -0.77137482122671618967 0.73761852383383430531 0.29521981948383013705 0.60725955857534807958 0.22571872930646094679 -0.9554236450621070853 0.19030689345475157448
-1.4304565394239339149 6.4803561811855674435 -1.8425144871838274874 0.91250479694543762399 0.0062421023893931421034 -0.40901837575998112317 -0.31314478952897834008 0.65400632163121241724 -0.68863348165574445048 0.26320208270906053638 0.75646332853881215197 0.59873858756005515769
-7.1531826459297782606 -1.4321856800604693127 1.2646780248267839308 0.9890102395208705266 -0.0039536046730781751121 0.14779416474538226156 -0.034744229197227950723 -0.97786263636365799989 0.20634316790571022304 0.14370659226416707122 -0.20921050024783391375 -0.96725352515552720511
-4.711960940780153706 -2.6873772567181841708 -1.9614137018814108426 0.92894454635144640964 -0.0030612188101925650457 -0.37020623812043235157 -0.031354172840071768691 -0.99702373085064022185 -0.070431498395140804125 -0.36888879848727856858 0.07703446670208879965 -0.92627573934039775239
6.3806552651542514099 -3.1720335740252281198 -6.6225279265247634086 0.84407074861620934314 -0.0013810090749418772391 -0.53623004778206972976 -0.49773373599565795544 -0.37408256524132166287 -0.78251093438648888778 -0.19951365713213586872 0.92739437522361345412 -0.31643952569379973916
-2.8074873120952248406 1.0576031011622557543 0.32960987994682572344 0.86427453470483106557 -0.0037212885281524537423 -0.50300664078371859489 0.35162376963950314757 -0.71060836799086368742 0.6094230648456988586 -0.3597085671558621911 -0.70357792699394772207 -0.61285222310245024424
5.0258919456253829949 -6.0866120855715548643 -2.1018913828428313906 0.99744796313386052677 -0.0087539399400665771772 -0.070858516606664007087 -0.067398638688356021786 0.21202189285708844535 -0.97493801877463159844 0.023558105677630225561 0.97722570856730073263 0.21089080153491585046
0.796354212884114121 -3.5628724597263077278 -7.4743992651161050844 0.93456968737641299416 -0.012440973808724766977 0.35556254247019830617 0.17375938265931520355 0.88805257470002563203 -0.42564104772293565038 -0.31046284218088870954 0.4595735487813131237 0.83210875303977172024
4.930007370578143977 -3.3658321140645446334 3.4575102626644538262 0.83275595736792928925 0.0047485718184880568865 -0.5536198754867799332 -0.20889317431284631921 0.92874850372733708248 -0.30625129967050845892 0.51271937470103845502 0.37068000740537537796 0.77441279361604875575
-2.5439150889169344083 -1.0903370814608537298 -6.0669140356718616047 0.81208001977947141814 -0.00046998337946673927022 -0.5835459027278883104 0.29308747417994723827 0.86504923414428491757 0.40717263535911812911 0.50460457187157126135 -0.50168675647462701583 0.70262694541565451356
6.6764411749646539462 4.9731208543584477511 5.9840241088660288682 -0.99748064923460122433 -0.0084864544964927610127 0.070429642144113735469 0.056160502855882435402 -0.70102790164128769845 0.71091903831547265113 0.043339962176283788886 0.71308334801093586908 0.6997383700126948991
6.6333309160908049407 5.4526816563398323723 -3.9990607629723546879 0.82888180907589203983 0.00017493314757750831959 -0.55942373562580183233 0.16044401225027180025 -0.95806408711166757275 0.23742561765726510892 -0.53592225697029616249 -0.28655396417651474161 -0.7941499607118576165
3.6531195192479981593 -3.9508155091378762691 0.11949037771625650728 0.97978967977147723989 -0.0055774090570676233825 -0.19995268420694756184 0.083909775685888476904 0.91886935729458230071 0.38553631965030993323 0.18158010066553978423 -0.39452249205008860233 0.90076671247837714063
