1125 14.717824617146108679 14.977075390850430381 15.033177056927090831
-1.9020947388548561374 7.1332890802221289306 1.1373068178522087734 0.94107795660865689591 -0.0010136652880436240742 -0.33818819031403785091 -0.11169200054313377368 -0.94481582515464301864 -0.30797394946991596409 -0.31921337158692664193 0.32760041059203109937 -0.88925856441195438862
-0.70800562296828140063 5.2324670651998461679 -2.803795212641151835 -0.99544067318887485829 0.0014783571620419354471 0.095371277758799999358 -0.048878326608778152607 0.85071112592122022367 -0.5233559872799316004 -0.081907114154827445618 -0.52563142475876245552 -0.84676019625214860032
1.6318284113268815005 7.4540955714776115926 7.0292864659762797075 0.93721001640052059578 0.0013188998716553773302 0.34876302221070137888 -0.27232446741457222439 -0.62197927499239769045 0.73415336676150699802 0.21789164648004649694 -0.7830325931805337536 -0.58256603781134963516
2.0247583286981241102 1.334556322606644807 -5.617352598490461979 0.82993320414167437438 -0.0021001676653839194096 0.55785882260559616075 0.12900500636404665933 0.97361030905054601892 -0.18825693730501336098 -0.54274172955109090122 0.22820726414002012739 0.80830245551872981213
-1.9171584588123018467 -0.87817573219723321643 -2.3804903353633499741 0.59973348242440505107 0.0080867744205388881334 -0.80015895554484040009 0.062490258281276661601 -0.99736845687801678473 0.036757704563433517275 -0.79775605148385420051 -0.072046965961872683204 -0.59866060252586350554
1.3851785560060205782 5.0816689121768296999 -3.9498881139540262808 0.95755208563701721403 -0.0095081766173168106443 -0.28810344994409153863 -0.014092785600856997871 -0.99980486145999303282 -0.013843135303239977735 -0.28791560688206818686 0.0173157032323036017 -0.95749922701554435189
-0.56954617521942707548 -0.55143568884263816088 1.8387515203793103336 0.87219627709957736617 0.013382188046103566867 0.48897297599841899052 -0.23905275481616172772 -0.86046172153124755866 0.44995489351086348506 0.42676390970709249251 -0.50933931992595982141 -0.74729246118837555635
-5.2247085680623230886 -6.117083450607499806 -6.2054315786425169321 -0.97675212015881829331 -0.00029398763895104561283 0.21437166169214191824 -0.140029398633305463 -0.75630289863610222767 -0.63906000738044110854 0.16231778486590128785 -0.65422155198825326927 0.73867929281265809482
-4.8296944235484877694 7.4761300311296770005 0.72451355597641198258 0.93187080487123452599 -0.0083808287215241840384 -0.36269348593351730115 0.35603631206778929563 -0.17088219672402130134 0.91871509149028030006 -0.069677453439445272143 -0.9852558228971437515 -0.15625625084930186426
4.4098277904384559633 3.7454520567374154361 -1.5997270069510489687 -0.98607227297387400888 -0.0024980931094927840384 -0.16629862297353947831 -0.15101360851253167739 0.43240448988078949988 0.88894389427847975149 0.069687606617685637911 0.90167628152336098957 -0.42675932423575818619
-6.1093907936829632277 6.5675508373506383819 -2.4199475586372094504 -0.9824002507744279411 -0.00044740314544047463108 0.18678743830569807804 -0.013867733688014060797 0.9974120067925712485 -0.070547676563042407971 -0.18627247043171116236 -0.071896373597771984221 -0.97986401006610346354
-5.4567719370530740619 6.586313356492791371 0.21674479021792836253 0.22282098126905386382 -0.0069871156405927371813 -0.97483434004001012774 0.17917459178669806197 0.98323281467830314639 0.033907193894320751537 0.9582521985177873125 -0.18222077915195228348 0.22033681417526979063
3.9828642401940173023 5.0633944631926519619 0.80603247124959065406 0.78518264968511952695 -0.00082111323324027957193 -0.61926370183187029461 0.56435440640185763339 -0.41072630304824869762 0.7161061429420249036 -0.25493589509575642627 -0.91175831762451498008 -0.32203176805145289352
0.042298634947193436417 4.7381524196087037026 -6.2399752159112553684 0.85181574521414371581 -0.013123590684508586179 -0.52367710239513320936 0.29120822973574173043 -0.8191190294239324432 0.4942082380635255956 -0.43543966647470044862 -0.57347344053860338509 -0.693916788856800415
-3.96256451688151623 -2.0245001590001368008 7.1494399379734669964 0.92312566396660655776 0.0037012702664595497314 -0.3844805705423499087 0.3836245010447826842 -0.076245517558330727637 0.92033627726519295909 -0.025908506794005622953 -0.99708220405873226877 -0.071804091979710688021
4.6092576995835541354 3.2930204452787870117 -5.9469536557452364889 0.99994985565634564306 0.0087930349269033751536 0.0047925681627342051061 0.0096509897561215217399 -0.71841431575949532551 -0.69554850967309433951 -0.0026729327615707502985 0.69555988487582198765 -0.71846315283511230643
0.14420797707116717046 -0.29799301951192069815 6.5218332925626265606 0.19742988278445916528 0.0051902515383298380644 -0.98030327076506884598 -0.81764274111850543392 0.55253855555862574356 -0.16174514681248455816 0.5408158552408689479 0.8334711788119646414 0.11333139375273171279
-4.2930802935058736125 -3.570096555378744263 -6.3137899626746110116 -0.98876175123440235293 0.0066095239998578960913 -0.14935365241047340867 0.13143891641331542641 -0.4375704717203995342 -0.88952565647690418071 -0.071232089313397473074 -0.89915982810121664048 0.43178419723421945786
0.0081372188598274469706 -3.7106601423878338153 -4.3465696728064333598 -0.98221820424913297565 -0.0040005431704212132335 0.18770027942401437682 0.18642464763150057294 0.09748636728376020022 0.97762071323666144274 -0.022209232246776938052 0.99522881984409239386 -0.095007084761375523718
-5.1481571575156630516 -7.4186668384497762574 -0.64392291533600487519 0.99346125088355718979 0.00386546149002511873 -0.11410434347660110277 -0.045380280230244304795 0.93045405205022235773 -0.36358752342371930544 0.10476341517426393524 0.36638820290864448914 0.92454546216540034465
2.8347331479747102101 -5.4982927863095198973 4.7575511006243988987 -0.69307886502474280732 0.0096788870405055387608 -0.72079678551009118692 -0.08915887721674149724 -0.99338321899582127106 0.072391123979198765404 -0.71532676552009555326 0.11443819014288295066 0.68935587265747921837
6.8236748586429074592 6.9974588949262290782 -3.7053905985504145271 -0.99309170628697218675 -0.0013988776505889492265 -0.11733245946893713918 0.010191692788718349771 -0.99717842010482304893 -0.074372897452037164956 -0.11689735797619398017 -0.07505492401324559415 0.990303875625819785
0.3484122145936435766 -2.3886174068393484227 -5.271330751474293308 0.8145754471610500147 0.0035583422519683085596 -0.58004670422552651043 0.22840413594935432551 -0.92116312773699393635 0.31510322559297337941 -0.533196391176534501 -0.38916041717815424983 -0.75116960677202926355
-4.3515251707099826817 6.3271812983159092525 -5.5289844951648934313 -0.81373591306345738339 0.0079093520563685258684 -0.58118095799923885636 0.03658568078787159672 0.99862160468811478342 -0.037634805850677521821 0.58008219396231797127 -0.05188769411121255809 -0.81290363232534212923
4.5074639933679376824 -4.532148544611943386 0.62935279073204775102 -0.96234832428284600159 0.0068752191372807693395 -0.27173228389682813066 0.064663310494280784591 0.97677165564816592624 -0.20429338951189549012 0.26401583101375958318 -0.21417251010385110477 -0.94043914044982845901
2.5843785221116069017 1.7003002262180000326 6.7244392863641806457 -0.71750079954491663425 0.0029776012130466409517 -0.69655131651822521643 -0.68903542600826550579 0.1435311806846952809 0.71037242477229789461 0.10209203866105721892 0.98964131586257819695 -0.10093206418056677176
-5.0862817009389749145 -6.3512086545525825443 1.3639906910838996978 0.99987340382333533828 -0.0011012414705535396916 -0.015873361148004628413 -0.015854145872076355617 0.015686032974538362261 -0.99975126627991273143 0.0013499576210592100726 0.99987636017497694141 0.015666587939847442107
2.8250233775148902993 -2.7831584501365771445 -7.1660918478017707756 -0.99859108054366585439 -0.0035633875071781014911 -0.052944840428547634836 -0.052963342746058447719 0.0053153231218560515609 0.99858231091145910341 -0.0032769167970760162446 0.99997952459523398172 -0.0054965631735902336502
-4.3047240939991260333 2.6858845942969509224 5.6637511116869276862 0.91043691536325366265 -0.00088652422237693075113 0.41364699590206449598 -0.408023868781267951 0.16241517199702382168 0.89840850085574852635 -0.067979008883058272827 -0.98672211183291613779 0.14750704515813750639
-6.2717310639599643807 5.594051090239359425 -0.98591253708795423272 -0.92795006892686959787 0.012300438816084589139 -0.37250150171978169134 0.26463158724151919499 0.72553222805020989306 -0.63527404251580332772 0.26244769500338738233 -0.6880782551900044286 -0.676512765675648442
0.78372788773252965999 -5.3304158280247513346 -4.1379144625970756266 0.99341130568015068025 -0.0040841962847048178878 -0.11453076917347210228 0.071942488418982625253 -0.75569572030226916937 0.65095948927479496682 -0.089209058434878585331 -0.65491014472021746862 -0.75042284495848643466
-5.5465002777059053685 -6.3671767580432598876 0.12934516060312328811 0.95080814611941122383 -0.0064797828820944876338 0.30971257915517286241 0.10030093117788278778 0.95236459391987349221 -0.28799549207019847774 -0.29309314641928602141 0.30489291999273676614 0.90616594223156199384
6.2943493456671832931 6.642941460058135128 6.4991884509376705026 0.99061410872046595788 -0.0036243746022805189456 -0.13664022655416513397 0.13652764470620601389 -0.022214587965277636517 0.99038715374972596805 -0.0066249403789230467549 -0.99974665590357369993 -0.021511256929815820993
4.4391878828378086297 -1.4327230701521331824 -2.5648259182152188806 0.99704070855815840613 0.012844404947526713578 -0.075794767230189644125 -0.014699207695540715893 0.99960474095243367909 -0.023964456150871008694 0.075456999483586778554 0.025007661366645513035 0.99683542177330985989
5.0817184401091148871 -0.51157310073654604921 -3.0703063035531430458 0.9616361408064196814 0.00047096011987453182714 -0.27432774356887656975 0.12635912141820587751 -0.88836017792085408828 0.44141767830351646973 -0.24349395296273088074 -0.45914700530552188251 -0.85433876324889812537
-4.066496768468186751 7.0609735283309706944 -2.9002874534658040773 -0.93141877730444144756 -0.017737175864589917879 -0.36351678623805211421 0.33244056091454032842 -0.44798525390360316445 -0.8299352298484978796 -0.14812945265302740472 -0.89386498134627667689 0.42315843413483295032
0.0042112425568521828778 -6.2295490223122289564 -3.8193152137396002566 0.9958415457130909143 0.00073987438348633346574 -0.091099222925654102512 -0.060006500435073564792 -0.74707817201100457094 -0.66202222380374697863 -0.068548054219596754599 0.66473578020931178845 -0.74392708431145004866
1.8921480733392048723 -5.3676313133974042913 -6.0665804271861221153 -0.4980096568204879226 -0.0041877457168680923272 0.86716137166001427961 0.48554570620267983871 0.82719115636863838059 0.28284299180580935174 -0.71849269230918666462 0.56190502187761415254 -0.40991584195661640022
-5.8548354316014368237 -6.9814001879657325844 -4.1674996952857723542 -0.99600949372344116384 0.00068230290474272569864 0.089244735842010786131 -0.052341906843475692612 -0.81440483189528856123 -0.57793173868001412874 0.07228701958688882323 -0.58029673809897175385 0.81119065733699602383
3.8337782683299090891 -2.5465474080103649435 -2.6039183216936638843 -0.57495659442180857557 -0.0037403615054871042038 0.81817536275961333381 0.75865304184012394284 -0.37690030112999972634 0.53140542443111826731 0.306382892207851254 0.92624628080442539257 0.21953895020801164617
-1.7389381279237012823 -0.023060878390781292674 -7.0797525030315435757 -0.99943467548591014005 0.001331908092428368915 -0.033593979479889735096 0.010030870534436480204 -0.94189204668156611966 -0.33576592149022860267 -0.032089111436510643627 -0.33591308164270838876 0.94134621182031130715
3.1400836288784290673 -6.626976308529912707 -3.1740021588806150987 0.96458393973743805638 -0.010576094558976980448 -0.26356397596112662862 -0.23147628745883089274 0.44516330204326431952 -0.86501350443687885505 0.12647747445619894613 0.89538694469922641694 0.4269492566071512174
5.433365112022882748 -3.3168485801272238334 0.7467871538382032659 -0.99764468510294468384 -0.0056930621984560515411 -0.068356940603865420925 -0.042016441540081175821 0.83843047790476821213 0.54338655887001430234 0.05421900890119375066 0.54497882781180262413 -0.83669491232513149015
1.4646209917932055955 5.5222367704175612246 0.49184259868357615986 -0.62388470128855522123 0.0013678704236952670022 0.78151520038231070409 0.29860822378015272616 0.92454165911586760895 0.23676116499572116836 -0.72221950139063273433 0.38107853454344287059 -0.57721585418389986799
6.7950622891426561978 -6.0545135239480751821 2.8223880098375171421 0.88638985336569353635 -0.0080335687058710244374 -0.46286984091011440512 -0.0041443959185742777762 0.99967164781619666236 -0.025286766002295957279 0.46292099955905691155 0.024332248688303949324 0.88606551103234509892
6.0443494214068698156 0.28602683008312562718 -3.8884000082519531993 0.93976411215284905154 -0.00945696205110429719 -0.34169281434999226876 -0.32292337434066464841 -0.3523508161539190553 -0.87839023028498752765 -0.1120888389362090648 0.9358202114853324538 -0.33418052600580100409
-2.3895112755581622288 -4.7026125147560460249 0.69573333244329949032 -0.34389275476697978018 -0.0048427024592804894521 0.93899644379071667277 0.74791310473811389858 0.6032284108056169547 0.27702251200563959843 -0.56777087014018534639 0.79755378039969526682 -0.20382395931403898826
-0.36726495540737436052 6.9778420248467991627 -1.1423010250564149537 -0.94949545091765630289 0.0095430215268460447109 -0.31363564757027828644 -0.24871248831713843597 -0.632308023227949767 0.73370884001527458818 -0.19131253707422277155 0.7746583082247686658 0.60274706026369262446
-3.1594754931008179888 -2.2630808789455962859 0.98507879493596861575 0.96805288362960761894 -0.0030739382080178269396 -0.25072727294864577408 -0.24293846581407749219 0.23608345138601793956 -0.94087486192884850489 0.062084751141339315772 0.97172792225271886757 0.22779448805915097909
-4.8528600306827103239 0.28393813199253437052 2.1011692566175206309 0.82979991527514873617 0.0053561702057383989151 -0.55803531433961794939 -0.13106645284071249957 -0.97011383870034628707 -0.20420755348873417812 -0.54245155133808398151 0.24259111979388287006 -0.80429836693107359391
1.9461131266263254069 -5.0324856068298782219 5.5590368293049126081 -0.99889145377199550779 0.004035929506647263805 -0.046899625308227374521 -0.012559899213862107947 -0.98304923870568072797 0.18291102539739537147 -0.045366424950324293897 0.18329731463720905227 0.98201017404811330458
-1.6480243083674239735 -4.0300808369652969532 7.5093371665632453471 -0.89944877255305444308 -0.010093637260858044288 0.43690962914527420313 0.35496139251209979371 -0.6000686591646485768 0.71688214799531468913 0.25493982697663825077 0.7998848184428068997 0.54331387047076606933
-2.491473628127331974 -6.8801415390336195799 -4.1159452250520329741 -0.99956422532068223141 -0.0016019537288553208597 -0.029475298190039429108 0.02791064097390049889 0.27379157706704848607 -0.96138398595338947494 0.0096101810371313350911 -0.96178771362054060745 -0.27362755407500360949
6.7104629129850392744 -2.5504679708302191443 4.213572759047657712 -0.99411998109307908589 -0.011169058697808698782 0.10770661687730996581 0.1059440268938027091 -0.30599411230648665416 0.94612021773105736688 0.022390318373813784814 0.95196788567762691269 0.30537815619587338478
-0.75292840085505896575 -1.9801041978053168791 -3.0139689318764921744 -0.74844557692173019348 -0.0076769533026843491882 0.66315177959076598846 0.22252699048182028596 0.93905682788619471157 0.26201910714210185915 -0.62474871499944795161 0.34367621155442068526 -0.70112459999497966923
-1.9436150341223312754 -1.6781330333899533436 -0.071582297758258611742 -0.97805184526558919256 0.0069927376069824848451 0.20824430266693472191 0.20511682890523080802 0.20800846507990483625 0.95637835868179366106 -0.0366288748441314857 0.97810202948152913383 -0.20487739126557105718
-5.6570910022865055211 -7.2017571885990241398 2.8867822696179277209 0.98647294812344454851 -0.012993804906241981922 0.1634083341041188131 0.13239154405306846618 -0.52466832582735023482 -0.8409492415934791687 0.096662307461976154643 0.85120755924014956939 -0.51585084027126781869
-6.5385401196129091517 -6.7522313911397811026 -5.4566644285470653486 -0.91365720636711278413 0.0036235502359289024042 -0.40646940738165859841 -0.087918294159766430251 0.97452902829279297592 0.20630934677516918341 0.39686380888854827509 0.22423211834712786228 -0.89006689315802411944
-2.7122072140121216144 1.8390001305089347383 -7.478177471926580111 0.99976707596636571473 0.014064515918573465211 -0.016370192596154364145 0.0058628428799949606348 -0.90696517945844934427 -0.42116480185705795769 -0.020770673725799687626 0.42097072658554895996 -0.90683638351756068463
4.7645695052533527658 0.3865061824022116288 -2.2186880570230429477 0.88623605076089484456 0.00033086035612191850783 -0.46323379935306047139 -0.13179508425816538475 0.95885266142734959516 -0.25145900150705191578 0.44408976355803975178 0.28390397004090145439 0.84981340169351049507
0.22380624418875522119 -2.9901475959090495493 7.2761864099523423377 0.94701469024165585431 0.0038718800877652961856 -0.32116691145106540661 -0.22628475141969028872 0.71767603080719954978 -0.65858661243583160871 0.2279438258460363409 0.69636637149518976209 0.68052589143195041377
-0.089976868619860289611 -1.5535452137890533031 3.984257355209109619 -0.99334226554482818461 -0.017983800007351509465 0.11378807678969225792 0.11485088595789025301 -0.23148779201258673499 0.96603451084513902725 0.0089675792101740967044 0.97267157102818613268 0.23201206312749914074
-0.68055163843722743522 -5.125479368990968787 4.7097591750252769671 0.84219931114569901442 0.0050014380117233813577 0.5391431219292190935 0.1116350560028570027 0.9766704298273444218 -0.1834461386135976535 -0.5274826391237876777 0.21468548418278746159 0.82199282740437673578
-4.1286258081303115475 2.9162293622550854444 7.0656907030782951651 -0.87444579309570680259 0.0011702453884506417575 0.48512182538312142999 0.4740375511300308764 -0.21049494490985501405 0.85497384655091857031 0.10311622110979819233 0.97759424542754291831 0.18351167878620219809
3.0783624035500674054 1.8611946264976753085 -6.7893396567613057968 0.99457359767535435946 -0.0015623616014506314445 -0.10402364074270217809 -0.066085675701891305467 -0.78172933194037053095 -0.62010639010665269399 -0.080349500771130760723 0.62361591593731890981 -0.77759060379832611876
-5.174152780988596767 -1.5154478888611160325 -6.2317791364180941116 0.95546356348631111821 -0.0074135194352365919174 -0.29501596326253165525 0.29021383018262447706 -0.15772425831986211509 0.94387445728149943491 -0.053528605631584819102 -0.98745536510121756368 -0.1485482760320942508
5.9492406145764507031 -1.72152107916014252 5.0799167024612694732 -0.83752252059705123433 -0.0022998605908496720651 -0.54639796680998931055 0.224622296884963768 -0.91303458358268707595 -0.34045950261966989592 -0.49809723070391725974 -0.40787566711337464032 0.76520362580287648591
-1.7795957950778806822 4.5281983586627818639 -3.3521633072245231588 0.79076280649065633366 -0.0067300790868107755044 -0.61208568836931864787 0.44718628892376055539 -0.67646630495256210303 0.58516473002267710424 -0.4179935488373584529 -0.73644283165725543672 -0.53191479470962477194
3.5030540679179078545 6.1001827181032677316 -5.2732631213057787889 0.64961569996767498658 0.00288429339195455086 0.7602572743533095867 -0.068823805952652861162 0.99610999820696177753 0.055028676218131962472 -0.75714115334561937765 -0.088071291143852800665 0.64728720177866905239
7.0134431899243621089 7.3545687242775441561 -5.9005966955144790731 0.99916047862177870265 0.0030998517579829704821 0.040850078082470535346 0.02035978050260097913 0.82770544051705985389 -0.56079335149089992729 -0.035550208130901636561 0.56115425210681768586 0.82694745180346773683
3.5788541840703427255 -6.3370688878501653107 -6.227090647481209551 0.98915442135207376495 -0.006302694201136351676 -0.14674401781819348956 0.072136456812988553056 -0.84943933112082070647 0.52273239266716597928 -0.12794476276147861982 -0.52764865089454138225 -0.83977201602044393436
-1.8268843536571242048 -2.2658518281113169124 -7.0143461785283598431 0.91666688911471816414 -0.0059348497225604982669 -0.39960804791630916144 0.36789089321791490494 -0.37810320918839945836 0.84952589948088585992 -0.156134893883489001 -0.92574442518454025386 -0.34441131536552954673
-2.7939300192390996713 -0.47815714839918649348 -4.598316516014130606 -0.79238415488111779705 -0.0096362973710839884556 -0.60994630326462218051 -0.069263112935234141809 0.99483044346234905664 0.074263112962863059296 0.6060775299248339909 0.10109169369137212258 -0.78895532014606672977
-0.92892243813992370072 -3.9716209285941106444 -2.0819822578677804614 0.92309593742421303109 -0.0033695650590795439214 -0.3845549848099462098 0.13524573105008821927 -0.93323968655486688739 0.33282469810948556166 -0.36000344796071476194 -0.35923854674887994998 -0.86101404401210013262
2.0804841588399392016 6.8368381457768814258 -5.2079570808670530013 0.99998814071445629725 0.0025428844003662466958 -0.0041535730891484046179 -0.0048202713369903740781 0.6385390909176246188 -0.76957429423964840431 0.00069528031668684465993 0.76958518898770067462 0.63854377569295739381
-6.3160636467361230828 1.0503293748426139054 -3.1332514388770857927 0.85933098949697139801 0.0064040170114246465147 0.51137974056098201014 0.22077597069343241065 -0.90659549680753515055 -0.35964228885428506377 0.4613114146153793893 0.42195212256146585883 -0.7804794584172941585
2.7292704454568506023 -3.4999711141330021036 -5.2059585097498626283 -0.95907509400124602017 -0.0097763117317465619838 0.28298301679683579568 0.2051131865713161917 0.6649889477401591531 0.71813527978936453344 -0.19520129292885951555 0.74678920929027692299 -0.6357690871114172193
-2.7345472895606004471 -6.4152884430029279983 -5.9101724124411258998 0.99554655864137819865 0.0039143886820590598208 -0.094189846260705187286 0.01625327839651088957 0.97704873638998335217 0.21239490968474472599 0.092859466500444950987 -0.21297991520293810264 0.97263388548903684239
2.1707867690981901276 0.059734530828315861306 -5.7585175320272847799 0.07707815690610665682 0.0064048502719281094966 -0.99700448124420182339 -0.99658211843231181426 -0.029309096374523519596 -0.077233788530354702262 -0.029715971278075344747 0.99954987607555390028 0.0041238681230706900754
-3.5360122836298804039 4.1173774471611590542 1.1717372902627363196 0.96745921841009807629 -0.00035111341395922205516 -0.25302675240505406729 0.033217740000792500554 0.99152043323496852345 0.12563364289382916716 0.25083708350742811577 -0.1299504028347119311 0.95926724656927708779
7.0691681833852895167 -1.9044724070126972659 2.2412195185906336192 -0.4411004372538318008 0.01614434992436494104 0.89731252316007770187 0.45076836951996984704 -0.8605839493683073993 0.23707202097672536167 0.77604012866266225412 0.50905267512824048382 0.37232659406761864362
4.8669907879860918598 -1.3554809468698145736 6.9308487102040476913 0.96938889669786321157 -0.003568398852954604919 -0.24550444698323589665 0.24038761208948869474 0.21737049692503390697 0.9460252972413156769 0.049989628052546516979 -0.97608264690861046287 0.21157434506800182339
6.2439604595268098919 -6.8929256481287506375 -3.6949613017653293312 -0.96159989717310978552 0.00073804552053004408851 -0.27445417294270246789 0.046843990705687468812 0.98576431678667164604 -0.1614755470186185482 0.2704279539759112394 -0.16813139813551508661 -0.9479454386563591628
3.2277497682192790585 0.6242187174520298365 5.1401669603103403716 -0.9245899664002442675 0.008283091102126976385 -0.38087371192268737463 -0.039776649782008205447 0.99220022285826947606 0.1181377835077048466 0.37888152787395179555 0.12437888953432214845 -0.91704889710099468658
-6.5084494036607765111 2.500754088725084312 -5.623899882943895534 -0.89244272566505300492 0.00038301959170337169722 0.45116054205067152028 -0.2512310603132044684 -0.83103137475333466178 -0.49625578939634906739 0.37473848980503576822 -0.55622541066682640309 0.7417441316162678433
3.2208518673048525116 0.44674730778154964073 3.8347181468021420692 0.97746705161996938482 0.0049892015197236950358 0.21102907587699071268 -0.056970725613998504655 -0.95638663309180915739 0.28649423112232158539 0.20325476481576712495 -0.29206115097964130412 -0.93455218402629636198
4.8638621999708568922 -5.4205272436938862768 -7.3531293373512376377 -0.94151281482477988671 0.013827758718686633532 -0.33669335100301972519 -0.19286537639603570926 0.79721386268761906813 0.57206031476265928326 0.27632691889940524943 0.60353860707289730403 -0.7479201719863143305
-1.5089034337139504149 5.5229679437977887702 -5.3049061452279930862 0.99722778734538031209 -0.0073668664153618080084 0.074043699430861462107 -0.07434555461622623096 -0.13981817912215396826 0.9873822032504947499 0.0030787424376510132834 -0.99014978971178213563 -0.13997826716610603515
0.51489327998310163714 -7.156965020327949567 -7.1972285022024680146 -0.99131544331132559478 0.0018929932168046254004 -0.13149185689302361757 0.12931105844963297624 0.19593427521942008429 -0.97205370734171159253 0.023923670603175527932 -0.98061520300824134289 -0.19447745785558104292
3.057192350135208514 -2.6412654795483705428 6.4161196372888404937 0.99819758992922591467 -0.0031966623249635060453 -0.059927896755650869598 -0.057291259744242532814 0.24656193941910561906 -0.96743212763823105416 0.017868492283730441628 0.96912176292763752006 0.24593439288488738725
-2.0585295605894051718 -4.4878063084645569703 5.4736727899578170309 -0.13016279770869421117 -0.00467930267322678832 0.99148159348483877462 -0.98941801045245347801 -0.064042851332580696955 -0.13019413882978911334 0.064106526072421537998 -0.99793617898123676557 0.0037062103614797867884
-4.799569486848216826 4.0349202388123996954 -4.3587860988704090204 0.92382468503694181727 0.0092751644426558050444 0.3827034395467348582 0.25053363985162213634 0.74123506467249844487 -0.62273868853856195749 -0.28944921250380289957 0.67118145849286636739 0.68244750945138554776
0.025778144318538042529 -1.3446811575669295191 0.28504423387751448571 0.91535263599929872491 0.0015718833711803039885 -0.40265007258375329346 0.31378902897353566637 -0.62942655394758995069 0.7108858266146653726 -0.25232121802349133377 -0.7770583905784224088 -0.57664049508056858251
6.0713984475872004865 3.3693419773079145152 -4.4332437122212455805 -0.986412407334991026 -0.004523805204784022739 -0.16422575267557704137 -0.16379718375308760514 0.10429580041710914684 0.98096527390618160069 0.012690360512634687659 0.99453603313385829932 -0.10361965811673283511
2.6092808009281491799 1.4886586134462320707 3.0648574981597511702 -0.96566786812610794222 0.0086282922617999212311 -0.25963651715710484025 -0.10697145149720242718 0.89757454430688521363 0.42768802412132400637 0.23673334584167612937 0.44077827757828691446 -0.86583591573795071206
-1.5943763569128899249 7.302700964123695293 -3.4283161269449355935 -0.99877081645007492749 0.012152943199249286593 0.048053742615372416203 0.0011309508737935985989 0.97481166852538825296 -0.22302675143808983749 -0.049553780459903669364 -0.22269826420181559889 -0.97362719043976531097
2.0105989816636129497 -6.8365886158400028805 -2.2180401940857490395 0.94012797814146376041 0.010767130982188215932 0.34065151343583044419 -0.32922235722783749212 -0.2298477958779909236 0.91585076853777591666 0.088159084710703480847 -0.97316702555132417185 -0.21254156337653509756
-0.84049295121946454579 -6.698493252749985416 -2.8514492611988417892 -0.94425215814728913344 -0.011324440519246747883 -0.32902829495536106696 0.29820579913062522648 -0.45290382015111918523 -0.84020915911308780011 -0.13950327307702556356 -0.89148745742131763059 0.43103242344555992016
-5.0080245936023386477 0.83633612704315651865 -0.05656065067461674839 0.95324603895233084305 -0.0055156751958132348157 -0.30214494294758781345 0.13272138856856702249 0.90588549013065466919 0.40218964654389999236 0.27149037227514771775 -0.4234867838525737116 0.86426380328234064798
5.9788574618010770223 -6.9121359934257267099 -6.811751021738064793 -0.91574949546189787775 -0.0131877663309764772 -0.40153324193699957423 -0.34032474418015207229 -0.5056728793187126314 0.79276352566209007389 -0.2134992507246286364 0.86262449648773409372 0.45858156090196083854
-3.1645675538609379096 2.5587850275913535114 -5.0249900082569300963 0.94482717974835161989 0.010330624606503049229 -0.32740628980514868696 -0.28185304236998054428 -0.48366286283019155334 -0.82863085727344198972 -0.16691453775960668482 0.87519341480284540413 -0.45406610066198044295
4.2122478063031216777 -0.77459141639175599359 2.345607404975838417 0.98722945805138873077 0.0010029178267255468328 0.15930157347427553738 -0.15929352553778988733 0.018074885903307410379 0.98706578869968186751 -0.0018894118891111173243 -0.99983613290145412211 0.018003818131100735728
4.8847755972555573223 6.657775247334198454 -4.8960173256630499239 0.53172234284320119002 -0.017938168312157533324 0.84672874773386586078 0.57534411060352952383 0.74131166614305510354 -0.34559538196297545642 -0.62149055062424707341 0.6709211844605275088 0.40449259539196613655
-7.3126896908995622226 6.7499897216523923049 3.0522338207898012108 0.89050344253853996879 0.0036980146124111555432 -0.45496147475905091007 -0.31028363738093572843 0.73628531555556930854 -0.60133850572775149335 0.33275769442738328818 0.67666111073795143227 0.6568120416178315768
-4.6996217835690492493 -4.8307348783572257034 6.0227777092495111688 0.83473865541243852384 -0.0049074861550161240353 -0.55062445799278336711 -0.55036966762474726078 0.0242585208639100533 -0.83456860300637969452 0.017452968767036156073 0.99969367345463944208 0.017548593564267848943
0.38470699680793157826 -1.7484812488662186958 -1.7013601177609825044 0.62516694201072164905 0.0034294645660105961549 -0.7804835253800849193 -0.77315618905500160807 -0.13405182604207382946 -0.61988677616225018596 -0.10675112150669334443 0.99096838834935885298 -0.081153258403284689315
-6.5601054655252131198 4.9383706033020198234 1.6258255079378869379 -0.92579217580126305087 0.0032293658372720846633 0.3780190715048443173 -0.26582654141437511708 0.70542107402792331161 -0.65705202092144032733 -0.26878448077366118296 -0.70878112243029245398 -0.65221485982899352063
0.4594759895129810201 -1.6675244332807672709 1.305410855973527795 0.99966768034269104515 -0.00056605470144330130924 -0.025772242046887643835 0.020520923612581804668 -0.58761163773064284399 0.80888284374038765812 -0.01560194129375817168 -0.80914290628129870164 -0.58740474686737265131
-1.3320280153180168448 -3.4336355184756990333 4.8444368998568867468 0.92627563047759875481 0.0051395649121366900752 0.37681167876779114723 0.20720194183497706031 -0.84214430225956149467 -0.49785573158448764852 0.31477104644981485082 0.53922774320703059647 -0.78112267235864640824
-1.7500091413329661449 5.0461720473011668631 -0.49017122828611758845 -0.99340191886474205063 0.0010597276706081999384 0.11468000947489431773 0.0081916338371008576291 -0.99674756635430361573 0.080169733078862145947 0.11439197843808478205 0.080580183321510415184 0.99016226413899910419
-5.5142295737126794108 -2.9189907166204740463 5.9234742708341432404 -0.99896524695036004182 -0.015025589577812296926 -0.042926297803544968823 -0.010437292458791207206 0.99439856380744684472 -0.10517870137858988111 0.04426622088468496613 -0.10462183307225692008 -0.99352643333397228087
-0.58616223550448653956 -5.007483079071620935 6.8022184165230461517 0.99120728094818777443 -0.0042309221067355117299 0.13225061623116468601 0.031970665888886258543 0.9775328313193561991 -0.2083445228829944873 -0.1283978298805202034 0.21074074829240332929 0.96907292516671039717
-5.959364500217288807 -7.0372779089138024489 5.8413424762472736518 -0.97158906074620821069 -0.0028679373424936325035 0.23665686546902134357 -0.011330877655624170888 0.99934363315804641825 -0.034408052516196420412 -0.23640285161095048183 -0.036112017415267615161 -0.97098383814988709073
2.3354491964896464395 5.810359540566358838 2.2737179547945949309 0.80893401479455551151 -0.0060373984231264412464 -0.58786844576703622955 -0.38383115560205494088 0.75199276308309059846 -0.53589227299893116285 0.44530821202574361051 0.65914371277524208548 0.6059951833236917329
-3.3773868695546829244 -3.9895102218200242383 5.5486312994218600636 0.63896030906191370047 0.0021530620149769622365 0.76923669164155694666 0.15425571178988733978 0.97932507346749597676 -0.13087236476071809066 -0.75361455587310088866 0.20228140003922151502 0.62541772950118612595
-1.9129866672472823907 -0.68482838684958702302 0.18836409090327430049 -0.9726278392538857398 0.0067633101462889859412 -0.23226998072076823765 -0.214885396709182247 -0.40656509118683015203 0.88799160632818685546 -0.088427103250811323054 0.91359678428954071983 0.39688986274102322493
-2.037211072096403619 -6.9906927127629217011 -2.2483790821770428536 0.95936343036919480287 -0.00089901155455004554823 0.28217193384274907864 -0.28045409896380313342 -0.11325882142775643702 0.95316207317702750235 0.031101556949952497561 -0.9935651116796129223 -0.10890850292003591282
-0.41369410262988265403 -3.3650899703934480378 -5.420941283315818815 0.9801892706080573836 0.0049718631846324716148 0.19800069283023577493 0.17246628292818677597 0.47012043690763899439 -0.86558775179336455707 -0.097387756097605485128 0.88258827058733935189 0.45994952938774441575
-3.2390520149904444835 -0.32021946926826094781 -3.45694058810765803 -0.98359883404179027089 -0.00091275578688657446613 -0.18036768155228324884 -0.17758791550579869356 -0.17005601407859946561 0.96930051291745356057 -0.031557343645705004942 0.98543397493311168933 0.16710480277193318077
3.0498861294949954903 3.6451416335292701199 -3.0489520043616971101 -0.8644059673862696247 0.004224927693206087867 0.50277676311956698285 0.41809025028808755042 0.56149553399171614476 0.71408914564035819161 -0.27928993207956193112 0.82746898146902148063 -0.48712649131994134599
3.6488189288426404744 -7.2297074402788785719 -0.57631493221838714369 -0.99891528578815702577 -0.0098402182685087147967 -0.045512876455560499767 0.033573671281796044208 -0.82947383249740802569 -0.55753562199977502178 -0.032265467848611645296 -0.55845888954014488714 0.82890446269641804289
6.8527308091280358937 6.2428711679988451166 -5.9009260212285301606 0.92964888911599463661 6.7875023538109188759e-05 0.36844665605510357187 0.22244992136260371973 -0.797276591125991696 -0.56112928076175627723 0.29371580728824153717 0.6036141421764906756 -0.74120239605222848489
3.4133509127695580432 -3.7797689810150969514 -4.1387907624214133051 -0.99692237593073529389 0.0047304908657193247418 -0.078252149010796107076 -0.025816654592233652388 -0.96230980514721553565 0.27072742613767725173 -0.074022136650505360178 0.27191443759700373306 0.95947030277753342364
6.0764920087513365488 1.2703144708556222131 2.658413942442298783 0.97907853642412057127 -4.4413969684567976282e-05 0.20348272049729448918 -0.011426342823029032869 -0.99843410295119905395 0.054761124476015568541 0.20316165534680979965 -0.055940504927860221218 -0.9775459077226156257
-5.861155449994347677 3.144498602885730687 -3.3413270224270061881 -0.85199538310443678757 -0.011282059234836194425 0.52342772405373294564 0.52260968229015891673 0.041544004104718472437 0.85155928490002386066 -0.031352625810839099274 0.99907297574412556873 -0.029499186300545054279
-7.0729608248540536408 6.5314189771412962671 -6.9510869154217838073 -0.52948083270946821877 0.011047799152664544708 -0.84824995957989235418 0.59088546043178091782 0.7222654149292526693 -0.3594259910572596417 0.60869074286016833231 -0.69152774097002445153 -0.38895367722304241553
-5.3672559672840547407 -7.4362226669870583606 4.5622046948727987825 0.96235957270355820814 0.0015876396331183262756 -0.27177478217500405933 -0.26747490976575183375 -0.17173704563554112457 -0.94813688874660484451 -0.048179097871188306113 0.98514154645760598772 -0.16484813608764348203
-2.2302536266347301463 1.9153778385419923946 2.9623442370756061237 0.91338008804321424439 -0.0088656994737266511114 -0.40701131942371909789 0.26523498994928051964 -0.74550068319014850537 0.6114565654807027073 -0.30884820684732111618 -0.66644589483007621311 -0.67857398593774087558
3.4984531762250963283 -4.8997214449420933846 -1.9856986154869316064 -0.96631682103873983714 0.0060465209036679075372 0.25728435817726563739 -0.064845351914353741019 -0.97318894903988339973 -0.22067702599433389188 0.24905196588827366311 -0.22992761698320313135 0.94080094028201244338
4.090179505287746764 -6.2492735778591681495 7.5044201981250147071 0.81362135066648566539 0.0046446508254319928896 0.58137657757976746176 -0.56730801712947132032 0.22513347430141925076 0.79213416316279883223 -0.12720814219318116178 -0.97431686117381066659 0.18580834909131493937
-4.0732447724849594195 1.6981805556435936033 0.8412043762613992115 0.98538492332141647267 0.0020930728464569007402 0.17032959794657498431 -0.053057280832246894731 -0.9464115855959509549 0.31857500780880293467 0.16186870556492197193 -0.32295623495411796 -0.93246865494929975782
-7.2523098793838514098 -2.2616006758517799291 -5.5218195637553231236 -0.99065039340987315342 -0.0049840463124455657365 0.13633399179673860724 0.116902129786749992 -0.54615722486500017929 0.82948548979417757732 0.070325600517795822109 0.83766786079580057844 0.54163351530501924191
-3.2495802123923951399 -7.4139307845351201109 -6.8079709804222074965 -0.96770250426934123489 -0.010082914679812402664 -0.2518932275039799662 0.2520914800456011684 -0.043945888113029088484 -0.96670504529895506796 -0.0013224671000360028322 -0.99898302976049446755 0.04506836286413843512
-3.7547892107570683962 3.0917338960903788525 -5.8604819300854629205 -0.99217270119207157109 -0.0069480558661613196075 0.12467981203468232743 -0.12415449135727561758 -0.052085769707123197314 -0.99089491615905800348 0.013378837211725764719 -0.99861844420866285876 0.050815446481978943094
-6.8324903645348546988 -6.1670258100113644062 -3.3838930684500052593 -0.94394593678236460299 -0.0047686579365714514001 0.33006564246166963938 -0.017912345009069116641 -0.99768250756976739613 -0.065641160757608368881 0.32961373807598187691 -0.067873956646292338268 0.94167293137307972462
-6.8673123130558684224 -6.4648635645584242582 6.8347152883305666293 0.97622515003495413666 -0.00090947339488651394827 0.21675707438835251084 -0.032986578242001671213 -0.98896729306629649336 0.14441460764453292742 0.21423431586728611253 -0.14813124620883649785 -0.965484744468530387
-1.4118517567942872049 0.24208677362740513295 4.1312225093678618393 0.98471639840749003447 -0.00085908180423917442602 0.17416336206536914277 0.010234313398833018785 0.99854529337588238125 -0.052939171756207104025 -0.17386452638968999396 0.053912512976399394604 0.98329271705219112309
1.0940556796610159118 1.3854557310515271951 7.1034012030314572783 -0.050940624791223819423 0.00075050738886629601854 -0.9987014015632827979 0.98666366356582591024 -0.15475893251917524629 -0.050442916295386226733 -0.15459582059273255239 -0.9879519773470910593 0.007143018344731726782
-5.8078782998629021606 4.1947385878138128135 4.6877267103689792549 -0.97279108159949756462 0.0049461301741134996307 -0.23163127456525192671 0.13843216377359848779 -0.78927437672214362241 -0.59823280943356227368 -0.18577956721173238819 -0.61402076027290442006 0.76711437110802183081
-5.9020050338877272367 3.5958198293861176609 -1.4015094370004268498 0.93826074115549218391 -0.0015604307991911765818 -0.34592534839489813558 0.18279127825131605278 0.8512188783214262866 0.49194895038454999892 0.29369053474983936036 -0.52480852341111661197 0.79895048879978924905
5.6181842561249171197 -3.1526514117417101524 -4.5408373467509370869 0.90423579513783591821 -0.0062612865470983939536 -0.42698761467093487854 -0.0091164044212628594921 0.99938159016187733119 -0.033960689276084421451 0.42693619893614692673 0.034601062649177005692 0.90361952640571907569
