1125 14.717824617146108679 14.977075390850430381 15.033177056927090831
-1.7198478078674763747 7.3777402923036454752 1.2798050136440854985 0.91874617025313398688 -0.0023317637609179030569 -0.39484178796435226433 0.37748923662583316885 0.2984338504605149045 0.87660658971458371713 0.11579011562644515865 -0.95442747224555357644 0.27506517290664472819
-1.6065876617995840103 5.6982152797240512854 -2.6779087493666020592 -0.96052395351248121003 0.0027343439503318563676 0.27818385663420752696 -0.25190276558071783564 0.41581475622799041192 -0.87386674338586711741 -0.1180624047760962525 -0.90944522202618505169 -0.39871124477785446771
1.6183175576003105967 7.3950728847649767062 -7.2720373207299013885 0.97173388928099468931 -0.0040425784217871588155 0.23604428818004424828 0.050710252239882805392 -0.97294011734366470101 -0.22542404126673526443 0.23056825180524817553 0.23102204575100621087 -0.9452338840924660035
1.4104757133844294525 1.1880334699423389377 -5.852877877257428807 0.015794397483686276745 -0.0047868330144918138855 0.99986380234400140665 0.27799245851546749986 0.96058323427505454273 0.00020745640677521850342 -0.96045339814933461398 0.27795131994538069264 0.016502536896513649717
-2.5450849019376953208 -0.72482782911721355124 -0.90310607397360387338 0.9593327571897672934 -0.011397913299533419737 -0.28204742252880826703 0.18141601803829576767 -0.74060918042572998488 0.6469824342811250073 -0.21626116013251694969 -0.67183936282541278917 -0.70842288301305478271
0.72318892754713171023 4.4929288521362096276 -3.6413085049735345322 0.61363841377279881861 0.0041763860333389442661 -0.78957612358921591689 -0.44434604930361609743 -0.82478395928537484583 -0.34969702454248935419 -0.65269019114028381523 0.56543255858263563596 -0.50426335984684300673
-1.0853796717730921362 -0.96901276763796662106 -0.026535939104789553478 0.98919163178987956631 0.00060249910736858477284 0.14662725732864337336 -0.095058617346292603734 0.76401732709455183468 0.63815467025448668892 -0.11164127760424032154 -0.64519544395032646378 0.75581681923646804044
-4.8734457881980990379 -5.4694704491560246495 -5.6550816344982033357 -0.99876948506146900897 -0.007356937555773053472 -0.049044787490450686418 0.0059384627724053257181 -0.99956161857291692119 0.029005263933494340733 -0.049236677082053807719 0.028678321878198173578 0.99837533196892525034
-5.2354846784808373172 7.175626192534019232 1.2055659996434706649 0.97193740625508284747 -0.0010796575710531894701 -0.23523714133121975678 0.21443760079554619047 0.41520483718228040626 0.88409358019698858211 0.096717080638298508211 -0.90972730942847301883 0.4037846316947055203
4.0457334890769987013 3.7769122762232769652 -1.5342943022132333741 -0.70463625832419118922 -0.011309499084966955981 0.70947856816486543075 0.25712924427203237565 0.92784459934935581416 0.27016467422363843465 -0.66134128496186528334 0.37279551323575932376 -0.65088494383901951412
-6.8201150347941013052 7.2819615336667498084 -1.7717157006747226156 -0.99925717561380722476 -0.020283189527078797354 -0.032767197117900846715 0.030226042759344567967 0.11494078345478475622 -0.99291238416991645099 0.023905717380267359207 -0.9931652473387708735 -0.11424232208393232668
-5.7878813416843835071 6.2530051236433141781 2.4726564057012132558 0.23800404453324155996 -0.0036370852716454361506 -0.97125735332941776079 -0.7718192712104310349 0.60634969322632192856 -0.19140287906007499852 0.58961774682747558618 0.79518980195606447925 0.14150650688571769775
3.4043497422454898071 5.7753724672621293834 1.8395832247255594627 0.61642293204720788324 -0.0014963540703637973409 -0.78741382371077117686 0.64492790416368839246 -0.57276992369658263904 0.50596700775823100216 -0.45176406151598319516 -0.81971481347674934881 -0.35210347525900348442
0.082652502215203940694 4.3719645718366635379 -6.3344051587873337894 0.89528303377120077577 -0.0023868496872187523056 0.44549140551771276852 -0.28490222615005117435 0.76570060407867446273 0.57665700936379027386 -0.34248943191917802231 -0.64319272995135789994 0.6848387409905397627
-4.4616913161843907432 -1.1006821630824545899 6.9635654760853320511 0.91446272408833051415 -0.0022057438479277020373 -0.40466413350699964591 0.35656810331088301114 -0.46847003756281069276 0.80832852950216205201 -0.19135598750547186397 -0.88347663160940692606 -0.42761188880320655237
7.1696612562440051875 2.3687507101992708591 -5.213066001263086946 0.97277378549528525919 0.0034304017816498850318 0.23173129826752034144 0.018025897436998783441 0.99574144786607743374 -0.090410375638418277733 -0.2310546023664659665 0.092126007973327317391 0.9685693415445069121
-0.23906170376716920356 -0.63128457941824900335 7.3355652266649595816 0.96728364966252944335 0.0131705068020265912 -0.25335524238925816176 -0.02143996512100611318 0.99932273851320585489 -0.029906390388680575282 0.25278977232307742185 0.034359890003457897734 0.96691092090629826572
-5.5058330163023576631 -3.12429327995101902 -5.4383724093917242826 -0.57794717575199494597 -0.0017386533536002785581 0.8160723246898980987 -0.80416393671159747125 0.17143667190951369927 -0.5691483377971653379 -0.13891517171604991776 -0.98519360767784147637 -0.10047950267580520178
-0.51871037204299641488 -3.8885603285399001905 -4.3553248103676720504 -0.81218222018393815276 0.0056349179398095423921 0.58337662698879033663 0.47809328805067907719 -0.56663896576659433801 0.67107904928996953142 0.3343454039432385283 0.8239469219403003919 0.45752007681330053579
6.1345796903413392087 7.4872835035241411816 0.26199989935096057447 0.80164383247042503289 0.0010409243502424031513 0.59780103909118487149 -0.59652927046756754059 -0.063824456699233284018 0.80004954109250558947 0.03898711758297734864 -0.99796059802166936503 -0.05054354023056834011
2.7101600847616573731 -6.2868754147021643774 4.7015342680690244137 -0.99856165718221046035 0.0089756603105474487558 -0.052858815040677548103 -0.053096151548709481782 -0.30243229009258359996 0.95169086819202164396 -0.0074441585307728104504 0.95312861012106975256 0.30247386180035412684
4.2006351555080172488 6.8635132763561843561 -4.6882182654458421922 -0.9282867208521015101 -0.006381964019662753583 0.3718104818648758636 -0.17711881642896812328 0.88674226247643384013 -0.42698604755311059256 -0.32697505830896700374 -0.46222011041648564111 -0.8242814329889920355
0.57832840447473354839 -2.9308377844274606794 -5.9436633613456315572 0.96079654028263972165 0.0041964742834692302445 -0.27722265020127723201 0.13625777779471362483 0.86365684857181646006 0.48531501718525166256 0.2414618524145157874 -0.5040627317295380827 0.82922670983870039318
-2.9724766408594245348 5.9803722658931128819 -5.098358278565680024 -0.99997687293886683424 0.006727780875301121559 0.00099526478268134599414 0.0039504715403994652978 0.69372097877541238908 -0.7202330160312562235 -0.0055360059702025477338 -0.72021242739306223779 -0.69373151295479706935
4.9452859276326552873 -4.9786649679148125003 0.63341192863900197541 -0.86732360964490462507 0.017742202489653885467 0.49742835705590499051 0.46863946989927562914 -0.30761852090718544428 0.82809896319667330999 0.16771047494129454059 0.95134434346655372128 0.25849010957721862969
2.6319316527214726698 1.4635782314347431932 -6.6495154740633415358 -0.61343452792273556184 0.00059796859130264090262 -0.78974535287371583347 -0.17060644280696193875 0.97628675068813541849 0.13325772811945230112 0.77109760836413132612 0.21648053691814692079 -0.59878598473133659574
-5.791731403827237834 -6.7379965464657782803 1.9145142116053452952 0.98126933517842729326 0.0034156656139767592115 -0.19261055284452985314 -0.0650173529046582932 0.94704769415986966852 -0.31444142349228121347 0.18133735318442309459 0.32107475487021552851 0.92953093876703263287
1.8973405591014840255 -2.5547163674621460316 -7.3297430384319310903 -0.86645289448978823899 -0.0015222886988858859089 0.49925651149212896263 0.49574816304588914528 -0.12100384355489340882 0.85999524922033998564 0.059102795761371881844 0.99265087139546726025 0.10559880231862700528
-4.2023787826540113244 2.8310231042308418026 5.9278251814162974398 0.96060911117498248846 -0.011028922259738506775 -0.27768417023940211719 -0.078090031524564090804 -0.96966492671273407655 -0.2316287479559204221 -0.26670598513012699904 0.24418905130441850848 -0.93233021227398227282
-5.8122453544776266909 5.5943312374166165313 -0.37668265684632812329 -0.94992601384864394642 0.0010148611900154245503 0.31247326008850984103 0.11092781908496915366 -0.93376707649549206547 0.34025588283813662516 0.29212255504602024914 0.3578798917369830912 0.88689706050011207772
1.4849408323782560259 -5.2710259157421424092 -2.6896225147326178195 0.87860293447434734126 0.0050564880697823114813 0.47752624583510772105 -0.41546065255099473568 -0.48496941964793338631 0.76954344139121988455 0.23547681353992150344 -0.87451649151668175985 -0.42399478339990687159
-5.2852740961443798184 -5.9417273207156924286 0.15471125236970215133 0.99987591252860286151 0.01051220524799924283 0.011732565196849472841 0.013061783056804790459 -0.13689439377083492677 -0.99049952790375717093 -0.0088062119353286977264 0.99052986754313576689 -0.13701471503603232516
-6.8203829781158349377 6.1948989665226363854 6.499899536545750145 0.96049001841173864413 -0.002706785682571061051 0.27830127172319574225 -0.18328173240003650668 -0.75866011110768971637 0.62517408966022069983 0.20944386145186533188 -0.65148101209887798735 -0.72918156845524817466
4.6121721764698841994 -1.8286065480535140804 -1.6593384396130610448 0.72548066327448645918 -0.0057928162997522153477 -0.68821817070912660874 -0.63717473380286737683 -0.38365424943988513107 -0.66844429497904933601 -0.26016565072682912296 0.92345864020328283228 -0.28202477553552235401
4.1749735298020596019 -1.778203850893196547 -2.9249693590289216338 0.99732378659576159663 -0.0087311601786901667926 -0.072588094976404018976 -0.029446289138616361936 -0.9567253489636305952 -0.28949874387705493151 -0.06691921059253090609 0.29086143349088156018 -0.95442204802770858052
-6.1273593516274962312 7.0155872938920662563 -2.8931033914104289373 -0.99987267825411640931 -0.013563152349846714292 0.0084064367633858230744 -0.0092929247016568534284 0.066678985670437479483 -0.99773120349138566532 0.012971847640691919548 -0.99768229099658278791 -0.066796537339073591699
1.1689804477222465184 -6.3054512228756278702 -3.0343433551705230045 0.99536998531186648975 -0.0080019374486292767223 -0.095783930475437553675 -0.027935395623884914235 -0.97759560283313040596 -0.20862993791040729263 -0.091968505541775227852 0.2103397402257701776 -0.97329285812137777967
1.2963973897972322913 -4.8001847624708888773 -4.9538017295924818839 -0.96375291409520391639 -0.0014685787791474860103 -0.26679236092752328657 -0.26480355596477062052 0.12726058496562514533 0.95586809773242498167 0.032548384312015933573 0.99186823055814432593 -0.12303664449306736528
-7.278722343278886342 7.2423476549520913181 -4.1758232801186796479 -0.92890673799985346015 -0.0040283965327457798428 -0.37029183642073582039 0.28719922453469282075 -0.63907780484139820043 -0.71350975100966929077 -0.2337709937634215307 -0.76913154361291125038 0.59480063138364658304
4.3860862168651779669 -2.5456910854396874733 -0.3129380254703543196 0.99275434548886443142 0.006207438055893384557 0.12000115510240019767 0.048238463211079031512 -0.93524763029974455897 -0.35069205962740546134 0.11005389670597626184 0.35393973742925455284 -0.92877058636051379459
-2.722805315896877687 -0.60977849043601428658 -6.3200022474862800337 -0.98580997697541183911 0.0077648036375645469731 0.16768541117307075861 0.16730567182538860771 -0.036036969661348429439 0.98524623774594688452 0.013693117645816108366 0.99932029131907340602 0.034226508542942998825
1.9094914581942294962 -7.1305064473742767461 -4.5083754186077493742 0.79431722004267846238 0.007554669818398120941 0.6074562378538569396 -0.59979457398406943458 0.16853909238571765372 0.78220268687664085139 -0.096470839961533244589 -0.98566601914734530698 0.13840475329761706136
5.8338319038635404468 -3.244920132520970224 1.5806164039983476854 -0.98419536434571208705 0.0062199706627009297352 0.17697682550392671019 0.15115584000144213772 0.55015947322239799888 0.82126516184299891421 -0.092257231878824438875 0.83503644590438408368 -0.54240458808672820101
1.6915683039382607422 6.2908324827228563336 0.26116087535158172273 -0.99971101273886131544 0.00047663722690044008426 -0.024034638037962380297 0.014256911768926364137 0.81675162998636718914 -0.57681324133676403765 0.019355399129849012313 -0.57698920937184228208 -0.81652239454466235546
5.8596293214940944338 -6.2305375357416385995 3.7655500048027978899 0.92231254297740816739 0.011234588857739374532 -0.38628144801389785457 0.38263011452027412274 0.11355273152344266818 0.91689692584591997448 0.054164273545558347389 -0.99346845001579264789 0.10043241655214688035
5.3230741737600286712 0.24835642138149469083 -2.462026375704201353 0.82232145657465161026 0.010202921762331661551 0.56893173794800611098 0.56762034752273138327 -0.084873440565765997934 -0.8189039260894426242 0.039931981358015969374 0.99633950010730654157 -0.075584637266984056048
-2.3000187634885342902 -5.4536674543496328482 1.8701608424857523172 -0.41442620926222806244 0.0057829125258603859133 0.91006454441385298271 -0.72529323878587947938 -0.60612790698589280591 -0.32643326752090950915 0.549727782496072237 -0.79534616255794554629 0.25538959817569834021
1.1562498313199747191 7.4472818066553978511 -1.6523469806886108557 -0.99023282575226878599 0.0024587436922618877838 0.13940195616325359862 -0.027054382877987670497 0.97745162254869744078 -0.20941916326807888393 -0.13677357628490746655 -0.21114516370564156977 -0.96783816243932185852
-3.4826002088562209025 -2.1228691580920733273 1.792815908823437443 0.88578754377004076392 -0.013688292387675871781 0.46388905780726397143 -0.2515094318725483169 -0.85421039442430501953 0.45504681927979756528 0.39003004112625172528 -0.51974727773126128128 -0.76009166178164777605
-2.2239045660177723107 -0.086716757126539228961 2.4168720591008976406 0.99926307147306259182 0.0064057776202648296013 0.037845475335049783006 -0.013471165687219739671 -0.86473075194781345854 0.50205503117769467725 0.035942199227183085908 -0.50219487517179595137 -0.86400721389686530038
2.265620835392454957 -5.333660304222574311 4.795075122393177125 -0.9664465764081707766 -0.0092822746442360656166 0.25669993051446426957 -0.076448073634605456794 -0.94366803066706561598 -0.32194151632636824889 0.24522786747492961168 -0.33076349144725608609 0.91129512548861502097
-1.3734118548836899976 -4.5606637815259176705 7.3845550175776155655 -0.7429744294505630231 -0.0097539467494863266173 -0.66924872633843490721 0.55150981935232912257 0.5576291534524469018 -0.62039233262349524622 0.3792438744933757655 -0.83003288353101079 -0.40892480472151365722
-1.8719094855875841876 -6.7587096687873300382 -4.5829381147104415462 -0.9755089484361945118 -0.011357862773413968105 0.2196663162030473293 0.058823460941813877911 -0.97576307656775040922 0.21077528045274221413 0.21194832380516978598 0.2185347051621427672 0.95253372154267634819
6.1386131762161557646 -3.0253505787149577166 3.9284468658548910014 -0.91908562046666608669 0.010568035241225470083 -0.39391615717356753823 0.26544037023968347633 -0.72221997786103830919 -0.63870158401682064486 -0.29124393916155766338 -0.69158269224274149245 0.66097681327859358902
-1.1226922777753793881 -1.7373106854767441654 -4.2206196468462611193 -0.99858414686646068681 -0.0053036623623519477122 -0.05292988562844897632 -0.052350781706574874008 0.27454135822265668399 0.96014917501401120248 0.0094391356492461737232 0.96156066568406883821 -0.27443029885089303965
-2.2883069447297517129 -2.8937492002517495315 0.0074876246159058766627 0.96677724938858466963 0.0025772830166954953379 0.2556073310309962543 -0.12215412175304823927 0.88304220464046723205 0.45311680101533208243 -0.22454425088006194078 -0.46928650357310869312 0.85401993943985587965
6.2272863629343548908 6.8260800393521456897 3.2856042057105261378 0.5504647503080859483 0.014587692790681401622 -0.83473094940063818914 -0.8290191842771862385 0.12759924972858388559 -0.54446820253249827992 0.098568507995924314891 0.99171852392086123906 0.082332366319161742751
-7.050991606155652569 -6.1657319394094072251 -6.1482233985841352464 -0.94933810914890159882 -0.0046258585064854456509 -0.31422246251777102843 -0.15777777477424456687 0.87175113249462077292 0.46384926083987654266 0.27177808650611912089 0.48992710113593007648 -0.82831642943235328502
-2.9445524045269277913 1.6336051714143211555 7.3876426857414765337 0.97764851919489437204 0.0041008900338545617795 -0.2102059837800939468 -0.16305821003777237754 -0.61636540261271899332 -0.77039321816937278431 -0.13272299369476014963 0.78744960039557987397 -0.60192003935882010257
4.4543880338859063173 0.081497846160178549768 -1.4040438000753980852 0.99360665346692211841 -0.011048820002706273569 0.11235542604933974886 0.090752548914006234138 0.67014338442452692224 -0.7366626223567486198 -0.067154992754011780254 0.74214942423242158398 0.66686163411881116403
-0.68388623204904852582 -3.2280319035041515896 6.7291460601490102889 0.81543441098084845642 -0.0012624899171314327498 -0.57884810400263853047 -0.17875727441517497152 0.95057071028035144966 -0.2538920274461413662 0.55055658949091990095 0.31050560522521225559 0.77490238797658084202
-1.3837490855660481426 -0.96777659000411542234 4.3488004797721666606 -0.96218263106984192046 -0.011722986240770918304 0.27215281747769798359 -0.0096501004475244983594 0.99991334844697332684 0.0089538348700592042956 -0.27223420069639281405 0.0059889223677063591067 -0.96221238444538192969
-1.3456461863871327367 -5.4952260470985008212 4.9765342749302190484 0.98833840836309816424 0.014103789727187605527 0.15161884338594300292 -0.14383901310756391778 0.41325455640354191722 0.8991835240483899705 -0.049975282516533638122 -0.91050631778539170558 0.4104640257200523612
-6.0505175799901920186 3.4588552042780995599 5.8632371410755839136 -0.99978991712834908157 -0.0030457916775782577744 -0.020269305899582541752 -0.0076467746652390134604 -0.86207646214641509008 0.50672053466419397783 -0.019017056707393530102 0.50676907617388178284 0.86187206416498263195
4.1111327366947252315 0.63600260151733389868 -5.5571887522988800967 0.278745619116523069 -0.010912953832492647277 0.96030296639239887124 0.95626705077548301848 -0.089121624513665065326 -0.27858690501389216099 0.088623966422860689374 0.99596096483881124684 -0.014406564225125475728
-4.7119936977900485076 -2.0393803003083785796 -6.1859114900860729946 0.34626585767766837609 -0.010421149877204318943 -0.9380785443885204522 0.44784567439000821931 0.88048004145677161159 0.15552860999407921994 0.82433864869787609742 -0.47396866587545805061 0.30954724361773955366
6.06644210791664662 -1.8687793383932194136 4.0191167246402876856 -0.99734093518220456875 0.0019530180787803515415 -0.072850838913088300508 0.062068725845261067675 -0.50109179926137581429 -0.86316538507105866618 -0.038190735550668195031 -0.86539193111176093698 0.49963814234375947265
-4.8947301574420372106 4.3438028416070366688 -3.5603960984541074275 0.98524717185431021083 -0.010105266822143715855 -0.1708387951713071784 0.16409046735630425373 0.33928999539409931963 0.92625947636088667991 0.048603794871653102638 -0.94062754722999120105 0.3359426863560905363
5.2827336742414274795 5.4249427238973622067 -3.543698908143990689 0.97361810462957054657 -0.0036009959574733671483 -0.22815525232969932623 0.21505510928736581988 0.34874412510330454751 0.9122109597978584894 0.076282935882867150545 -0.93721105842483298787 0.34031800666296424529
5.0694030391909752353 -7.2114502023351541027 -5.3732971679940639831 0.77448073045883536469 0.00016776205469958612587 0.63259747865747717466 -0.5674146286938975825 0.4422959960402390589 0.69456093399426566126 -0.27967881094595425928 -0.89686912297315923848 0.34264491673622299306
2.1864054221562025937 -5.7483011016685177097 -5.2553087164673923937 0.9429162530543994114 -0.0024438124272604874743 0.33302097157180349241 -0.1599091362432950858 -0.88047724045564668138 0.44630583368985771164 0.29212669832066401332 -0.47408212033407620689 -0.8306070884044881586
-3.0849714433614603415 -1.1798168691363430938 -7.2305200375438269944 0.99993984475144892521 0.0050578219897278427555 -0.0097326931074031061003 0.0043221760916535532926 0.63384046664729154497 0.77345173193563165892 0.010080955918746258709 -0.77344727116796563315 0.63378047701919260071
-1.2651729657664383399 -0.65993548115310107782 -3.5233432694410780073 -0.20898869129928898669 -0.013091705772626754598 0.97783042197962066755 -0.72400226266312495138 0.67423200218139089923 -0.14571180766517854988 -0.65737694709169169904 -0.73840355800495194316 -0.15038528836953493628
-0.24165882454575629557 -3.7424935813851729627 -2.5234581193189020709 0.43773030506319710042 0.0046618926181413167242 -0.89909423687756595545 0.84785060836890968616 -0.33494948284909320524 0.41104524060931596496 -0.29923490090183407775 -0.94222455428431683977 -0.15057012780071751812
1.2737769558978371265 7.3622412841282729445 -5.9176080551846732547 0.97547362784597213547 -0.0063910281451978719416 -0.2200235354145049782 0.18863807806189880623 0.53938370801847101976 0.82065881523900219285 0.11343225679744910195 -0.84203584857391666763 0.52736017372798804637
-5.423115169396280244 1.5438650689751221012 -2.9828892144266365705 0.9811341347517187339 -0.0014990784232553145197 0.19332243115795771926 0.058620492455559676526 0.95519955959242974775 -0.29009901623132738901 -0.1842266199256449577 0.29595870339968566309 0.9372667701314641997
5.2354705945578734472 -3.0775894764585416397 -6.9030441134379625368 -0.94090223025114294586 0.00093055840248074637999 0.33867702486217465818 -0.28943136636056854272 0.51709069492044301697 -0.80551020936639616821 -0.17587631243317974894 -0.85593010654363177458 -0.48626245530277989459
-5.2404565110540115569 -7.2260424861294376697 -5.586287234823211989 0.96046328995783514237 -0.00072327864393662358311 0.27840572104653310559 -0.14184756708624779442 0.85919778174749206201 0.49158767229435135215 -0.23956113281396523851 -0.51164308722786311368 0.82512533286581724035
0.60723846500558686934 0.37129740123694021658 -4.5473934025403357495 0.30569940640448156621 0.010125632199538587772 -0.95207423266075386081 0.92380650665976149494 -0.24522800761618815391 0.29401490189062096103 -0.23049818042035799537 -0.96941255193704656268 -0.084320181272037872389
-3.8060610028056851561 3.7458120539873713817 1.7595935789096510682 0.99919058029811547161 0.0065830005775027160969 0.039684358970116268006 -0.026749811575370048555 0.84552899290391358988 0.53325900811854198835 -0.030043831715657668552 -0.53388892689611344711 0.84502069910362020977
6.0054299906398460607 -2.21856590508967777 1.9064984674862210934 -0.98482814065364598921 0.0039347826634451125993 0.17348789831570773923 0.043720702602550474969 -0.96186657716416945618 0.27000219980302164746 0.16793461090722214268 0.27349077721183573386 0.94710124128283534883
4.806699982647668179 -1.7716495814940316222 7.1711418879791342107 0.98148800463309804343 -0.0014826480288430111346 -0.19151788040851194794 0.012321721088213267309 0.99838725992937538134 0.055417094836967259464 0.19112684780215233316 -0.056751043739931408827 0.9799233883745861462
4.4436638608186056487 -6.7092067786460134471 -4.4813431162346395453 -0.66841253738132477835 -0.0049983856409521968539 -0.74377395491684283879 0.40128201094719528896 0.83953725664579492705 -0.36626485279632098324 0.62625667865638856568 -0.54327912793029053962 -0.55915146569920870512
2.1859340369335424903 0.76916894218308740072 4.6455068704401716317 -0.72260946682936033625 -0.0067068744927356949495 -0.69122396969658916888 0.43455469945534802578 0.7732486056786319617 -0.46178870384334280708 0.53758512965839222453 -0.63406751347991152645 -0.55584225884653515326
-4.7261893510792587492 3.3695061407982387358 -5.5333633689369898789 -0.98410748681143223049 0.0064922676597419428507 0.17745507843467661635 -0.090340679508039201107 -0.87864346856731012636 -0.46885415298356813985 0.15287581897619156868 -0.47743429454170849269 0.86526613152707243515
3.9141682767191485759 0.50827757317925037484 3.9878218412332131493 0.99423244800702792467 0.0023944388888723347128 0.10721989550589430817 0.026654383714097298896 -0.97389872015321510279 -0.22541256999732742217 0.10388158238448470805 0.2269703715166286051 -0.96834553094186270883
4.9759422881012254081 -3.698343568919187252 6.8170763292047666937 -0.58082443508569225887 -0.0059048372572812219544 -0.81400743762232508072 0.43927608228225090148 0.83960522359449696328 -0.31953026781143700763 0.68533167090258739762 -0.54316498544168223539 -0.48506937591232990314
-0.99226581687207815463 5.196042090922415646 -5.1545233207005374254 0.89945801367949151928 -0.0014902008086235957185 -0.43700464634744284886 0.35123815704895611223 -0.59251821499492929313 0.72495097898555271865 -0.26001353553338485414 -0.80555567417828399801 -0.53242184134265213569
-0.86879127337340356085 -6.9656719499900940917 -6.9129106188803479682 -0.84272971150214903702 -0.0079377764424183455683 0.53827838992167009735 -0.27707435591399159902 -0.85089016241517945183 -0.44633589683086488664 0.46155870119226338755 -0.52528365975935353838 0.71487106679702727696
4.8622388412877910469 -2.6766104478213108564 4.4174215513329437854 0.91289984634981835576 0.0044249505334130311701 0.40815963831244872484 -0.34902859351990084269 0.52693206399183001309 0.77493331380362939775 -0.21164335907391310099 -0.84989588759455270139 0.48258063451603477878
-2.4457779141774906861 -4.4908993985045286834 4.755581939822212334 0.81711513676498848113 -0.0052500591425316267546 0.57645059645092866507 -0.54874867701183949187 -0.3134658675790565896 0.77499292857470492013 0.17662882762291720606 -0.94958495498923167766 -0.25901866826668745736
-4.7962199169419665878 4.3630247738174645633 -4.769699628196430119 0.98266780201922832028 0.0073017877559149318989 -0.18523140870332105434 -0.15205707228683651433 -0.53978838873245615915 -0.82795358695837306673 -0.10603130501031864108 0.84176907717333926406 -0.52932238104263640288
1.6996632352199252392 -0.58020631468805250464 -0.9957827652280313302 0.99457293515468547795 0.0010910139299901708623 0.10403598582361779645 -0.062202537928774316589 0.80779063073184376176 0.58617842094123417951 -0.08339976578457783396 -0.58946849499401088313 0.80347456243275738874
-7.2666793685012942561 2.8067603055515313315 -3.3299478689581500923 -0.9993990405753846451 0.0018579332219275362242 -0.034613664656326162405 -0.031886835431840968025 0.34232077778086889008 0.93904191324219743464 0.013593653774440252191 0.93958130738296585793 -0.34205581327232015276
2.1329274464543179768 2.7103892611240936183 3.7169306502405579096 -0.98564670066101212065 0.00251077158622208408 -0.16880248073456421976 0.021911696412916681354 0.99333414542887921161 -0.11316869304410179242 0.16739312720776647336 -0.1152430976286583364 -0.97913153836070776492
0.42348567777605289342 6.709076690920587005 -3.1762866963657079289 -0.98624701088559729723 -0.0018440822492973192592 -0.16526776116345312517 0.13736513379884901509 0.5469197525892126599 -0.82583872774551192464 0.091911117585108420558 -0.83718300483734120476 -0.53914465858040805379
1.2165298309950858258 -6.226388662669874563 -2.0536766529889343147 0.97542509637840957293 -0.0017655962371362762461 -0.22032422478056662429 0.21274886754135416411 -0.25252734138200938485 0.94391093923858959691 -0.057304456328423326872 -0.96758814819345406733 -0.245945877705761623
-0.5079775025728253679 -6.8374727603804750231 -2.8135852314174258915 -0.2934267427822008778 0.002487479167337396449 -0.95597832562654572186 -0.79656480529077366981 0.55226912288901663928 0.24593358224445352467 0.52856906605702513868 0.83366217879358539555 -0.16006909150994796942
-5.1203114020712066079 0.78521734276554566723 0.29093270290709083437 0.92420389132214519901 -0.00092152655908914887783 0.38189830852438572117 0.34130734879703439333 0.45063678552321490001 -0.8248853139621156183 -0.17133727242514343314 0.89270691625083287146 0.41679479454018580897
4.0950704567848950077 -7.1557672898878550427 -7.0714450960960952841 -0.87219605194512106472 -0.0055045337401232342228 -0.48912549215880241071 0.08749925693689958317 -0.98556466477397541848 -0.14493505988683463848 -0.48126700178465608992 -0.16920990413449607526 0.86008725216455128582
-2.6718999237352765164 2.8128573515935189064 -5.5884189745942212113 0.89472024660362525772 0.0011909867659706096371 -0.44662541560914265082 -0.42223063493536405755 0.32823512880536598324 -0.84497514232090231712 0.14559179660818366564 0.94459530052227580477 0.29418148648711744952
5.5323900720787113627 -1.2509875513123989155 3.2381865638343136915 0.96941914800328932156 -0.0046398860510053312189 -0.24536704534631662011 0.24369368205253938431 -0.099870908841799513334 0.96469642421580803493 -0.028981111300726867391 -0.99498958437988782588 -0.095686060443667536601
3.2217630992146752966 5.8232174592916257083 -4.4824549049682813617 0.99277268214552105707 0.007671305427087772924 0.11976457180088340149 -0.051222270352732274246 0.92957458246838853277 0.36505804284898918377 -0.10852963008101729203 -0.36855426561342113922 0.92324919317197573498
6.9370505653463361284 7.3780113914135512232 3.707482865708864761 0.80220551078826463076 0.00088454909116362449156 -0.59704734823448957215 0.28274179195889986849 0.88019439389139753072 0.38120192554867055046 0.52585492062048644346 -0.47461252252236846294 0.70584669434949176559
-5.2427908489132795111 -5.5293966439335564544 6.0291898949786855155 0.99955408950409285751 0.0055210007598471243229 -0.029345199031829874436 0.0061916148803358612984 -0.99972062025036589894 0.022811079573307944252 -0.029211060589860914083 -0.022982602044482804138 -0.99930901824339557482
0.67456563515316325663 -1.2634371630568304035 -3.7511572759378926101 0.27771886840212767211 0.0012412441805637912037 -0.96066158945088553356 0.14409635680920412915 -0.98873946922482847111 0.040379474382666077914 -0.94979390927079176965 -0.1496419770985834008 -0.27477046530197513086
7.1352049069573730833 5.39636355874059781 1.4068647746652751529 -0.28604740220042623733 -0.012282341441294310561 0.95813674795565184628 0.35536327549421015126 0.92725293500258387791 0.11797854448634682856 -0.88988416444186568821 0.37423406929068719906 -0.26087360015493921139
0.86161075688201060885 -2.264273531891826341 0.24668826201628005212 0.70567244796621853009 -0.0097240309193845492208 -0.70847148100952428429 0.6373620574801892591 0.445498636436282347 0.62872933176205891836 0.30950929528172993477 -0.89522980745504521227 0.32057384169332447943
-3.8223332482388880926 -3.8563737442237471242 5.3575162052304943217 0.99875589700331146581 0.003854043393008533408 -0.049717246007854355716 0.030562612519742723971 -0.83511456696772123909 0.54922635293130406264 -0.039402854173904711121 -0.55006254770514051433 -0.83419338806720788604
-2.9612485403683117546 4.7456479019011421627 0.95579444521682310754 -0.65181864065454397927 -0.0012779577996350119894 0.75837380395104547759 0.74618935909083738967 0.17746227082749049808 0.64164521568577215227 -0.13540273289323728756 0.98412677499221845601 -0.11471961762682454655
-6.5804616374590247929 -2.8933564282368049447 6.2030389682456332778 -0.9747570051964041804 -0.0073124903889203755544 -0.2231486238019803614 -0.20773548378238632095 0.39597882915295717909 0.89445331663549487722 0.081821449498998430339 0.91823052353265410819 -0.38750220135498197882
0.68233481908675353012 -5.0267390705260242001 7.1980424664535140877 0.94688963987169882941 0.0071531681187519541298 -0.32147914720804338096 0.32155820281404384753 -0.019272080271018225683 0.94669367227472545068 0.00057628706425877189445 -0.99978868722742875175 -0.020548693032108884815
-5.4222342383773449725 -7.2174327878799866554 5.9528873141906455402 -0.83814578757425473032 -0.012673314628754352162 0.54529902426813969818 0.46868998430082009499 0.49463709422416857198 0.73189059539899603557 -0.27900060463660136811 0.8690072106223969417 -0.40863814126751646372
2.0383140144161391305 6.0597203102617376302 1.4252113489933888602 0.84820144017665888292 0.0055831581761031463459 -0.52964435730680714531 -0.51090562012143536652 0.27244884718015854874 -0.81532022727186903577 0.13974893277070696285 0.96215406979090800643 0.23394397144284834189
-1.2427330208417084467 -4.9899559115522844621 6.3464055113586441692 0.94680309802186601864 0.0067036225978933435682 0.32174361690708830341 0.29754178409050563436 0.36267386388115713247 -0.88314016734476419312 -0.1226082391057134735 0.93189201622377471068 0.34138613006657581028
-0.54680955786452556389 -1.4778933643518390451 -0.8541541853759281322 -0.99973932992075387194 0.013126282594602354734 0.018680816756496888831 0.0081448773242505014686 -0.55932789541029070968 0.82890648832616065089 0.021329162731237027995 0.82884257016709883548 0.55907518340209771956
-2.1023912618166549215 -7.1646613443596827153 -2.2548357437204207265 0.47448870957786709601 0.0037357717718876290447 -0.88025366144793049106 0.70830231672179133628 -0.59536466096086526623 0.37927397565010279035 -0.52265504169545118351 -0.80344692698901276628 -0.28513986550842213008
-2.1317066939223234812 -3.4946823670678739404 -5.6259087054856751209 0.94979570261916390628 0.0079256826384116445955 -0.31277037398198170859 -0.28874193137871351222 -0.36276121436591557412 -0.88602054062840696069 -0.12048327829957099222 0.93184842378281851349 -0.34226056556920891882
-3.1962527343906934618 -0.69385988121123964856 -4.2223099389758100841 -0.98624129093841317317 -0.013866561204117285044 -0.16472958000475293461 -0.15483279362287252767 0.42662560343409250407 0.89107654021046689419 0.057921689090654635002 0.90432201840647852276 -0.42290278428735800231
2.920219489430554205 3.7628401019704864616 -2.1545250789970569194 -0.82861987777511403319 0.011319700239780627893 0.55969720612348572431 0.31351711534226867073 -0.81891239225280165748 0.48071770531387159053 0.46378455832798248792 0.57380689975049803397 0.67501816661131175401
4.9780808109976906195 -6.4932606408051443125 -0.60676753363488389326 -0.99979242807170931595 -0.0022390109149297097307 -0.020250619759775562861 0.0075742474404819400829 -0.96355234868228945011 -0.26741260651755960343 -0.018913792487002631382 -0.26751048237202629254 0.96336930108592611077
6.4937846274746320319 7.3605987872645313175 -5.8799534345462012297 0.73991128433994268754 -0.0018321334970153090125 0.67270196565275064415 0.087025663658837362768 -0.99133242657542541831 -0.098420292037474432778 0.66705159108648859334 0.13136461969212337442 -0.73333860632189451501
3.322868730208359267 -3.2922343545815797583 -3.9300733625178776443 -0.99465181040616068575 0.0040338616412907719183 -0.10320612392696182358 0.097695993727903787662 0.36098983212578822366 -0.92743831811676835652 0.033515203494607063994 -0.9325610269907999017 -0.35945328218365169004
6.0807379386818762868 0.52511063329512497333 2.8898278439832694175 0.99999199700171670369 -0.0039616229733547628222 -0.00055810028113051010634 -0.0011200310367689390867 -0.41113732480434861394 0.91157273197663446496 -0.0038407633334868324093 -0.91156481157195445864 -0.41113847161374206252
-4.5009896227515744371 3.3532816966233496281 -3.9013225156908468705 -0.96107142716275717476 -0.0061748201558395089672 0.27623103281006661236 0.27629326168770196315 -0.014475089402971340335 0.96096436215536584768 -0.0019353132167085080467 0.99987616402366419344 0.015617656032062440102
-6.3738120434089982069 7.0566795984105388229 -5.2179369659111420887 -0.6767799264128286918 -0.0036551546054724806147 -0.7361763179086815434 0.73343978608603854763 0.08293623831677515712 -0.6746759670834763245 0.063521739513475034 -0.99654815248374417624 -0.053448745453014243068
-6.8749152361897856167 7.3128003654400490774 5.7380685486074884949 0.87709492564848456908 0.0076048496988576083991 -0.48025686633590258801 -0.30495537716132387063 -0.76367701229509443728 -0.56903395226676423135 -0.37108854649818773241 0.64555370586268112643 -0.6674980925103454199
0.17140276567865417312 2.239603754134082525 2.6676329139213010855 0.96530725766617175854 0.008788844913267507275 0.26096868490705965593 -0.073643841088991801591 0.96802428813956298281 0.23980317396016512244 -0.25051643252826572006 -0.25070248059561628384 0.93508811523653290187
3.2630808756329954257 -4.6093028558854349797 -2.2646096521708045657 -0.50152121176065633801 0.0094409767678211575781 -0.86509383428153585616 0.86387376171678320613 0.059659695909048182649 -0.50016281799157680243 0.046889209541263875136 -0.9981741274154537491 -0.038076415100292165805
2.4529135006752422754 -4.8748112495682986989 -6.2365745459352730506 0.89431540148545773938 -0.0068406019803998211956 -0.44738481068367830229 0.071763332441390742522 -0.9847458362791747799 0.15851076319218410093 -0.44164463857588825979 -0.17386444172222567661 -0.8801824635390482765
-4.9049753742026593883 1.7220166743344786919 1.1773648873427422501 0.83055452743910140878 -0.00012814256209530989344 0.55693730394868024014 -0.17372947265826957364 -0.95016230489632402811 0.25886225040341837023 0.52914766113067113196 -0.31175563817438756153 -0.78918386627350001206
-7.3412325762582044675 -1.364785798509573489 -5.7119236632116905383 -0.93839730843403579286 -0.0048610567096656308317 -0.34552403918026303176 -0.33479976013482948272 -0.23476993285362199315 0.91257448969471943734 -0.0855547318238849136 0.97203881031349026465 0.21867999247063318879
-4.0451463273401708776 6.7601897462295301722 -6.1127842884585694705 -0.90599479572016761164 -0.00054343283776322809028 -0.42328847705635064269 -0.41386167936461826233 -0.20873487201083740228 0.88608592335066127532 -0.088836594269840599147 0.97797211508678716374 0.18888780170025343264
-3.0553552996275508136 3.6299357844390005567 -6.4976811630803812392 -0.99916953548764353421 -0.0067600501755638864321 0.04018135233058348077 -0.015878954798119751524 0.97277776166323448592 -0.23119533993576574238 -0.037524633882424218712 -0.23164137828787936813 -0.97207724678490115
-5.5242403317337318569 -6.0070557198859493298 -2.2727277361885991347 -0.99834217511635481301 -0.0058243746186245242205 0.05726236149806644693 0.045151910836713798902 -0.6962430182037417925 0.71638464846084248805 0.035696026835227143148 0.71778251320494668164 0.69535175084656519751
6.3770362042118371448 -6.1251443780144656515 -7.5074384944816392462 0.97908105514941401459 0.0061154050563295633824 0.20337868440062814579 -0.089944182157421906365 0.90959326956381258977 0.40564778818620406131 -0.18251118196860699472 -0.41545479391300210725 0.89111558322761874606
-0.3398445656212557564 0.70988843443354809892 4.0813563771329226526 0.99982744981085913683 0.0078344094160441735825 0.01684317766601686403 -0.018553035930232594786 0.37600577019583386607 0.9264315655445485298 0.0009249121895715979591 -0.92658420168303556874 0.37608624240841148634
1.5167006080480525121 0.67614678209869849557 7.1859840552284506288 -0.52190664960294685937 0.0022020982590285420946 -0.85299976545331501754 -0.27924554677544288772 0.94445278102049901037 0.17329416905574307473 0.80599961148017618129 0.32863976507093001223 -0.49230126051817418853
7.3323993291820244167 2.9188974435984369471 5.2495435256816085356 -0.86489643496512813581 0.007009612865679084974 0.50190140676434391587 -0.45567430635851341458 0.4083816010933321583 -0.79093956432403067502 -0.21051148023147930877 -0.91278438484445711953 -0.35001369041057600606
-5.8570543587349295223 3.6632191907946620724 -0.29490164300694932109 0.99992436378180138412 -0.011844172704011519254 0.0033139536172341367559 0.0036626900628184645356 0.029544342098328853219 -0.99955676004491234021 0.011741014314072310831 0.99949329533667086167 0.02958548900970694312
6.0808794523219544814 -3.2251666395164786394 -4.9548213658976560936 0.92436380834639586546 -0.0045289074713795599361 -0.38148530616081438582 -0.21236312482320371386 0.82459048481525709651 -0.52435907121706903933 0.31694392727236264662 0.56571195970158294486 0.76125982792732982407
