1125 14.717824617146108679 14.977075390850430381 15.033177056927090831
0.045091289919640870076 3.5245315580944405198 -7.2173812875801344191 0.9910955982451492563 0.0079245199746229288973 -0.13291620338474005592 0.12907517966601095294 -0.30230670329392039797 0.94443118073145260194 -0.032697295503198442468 -0.9531777689008179566 -0.30063770179401155813
5.9163855805122516074 -5.3907475157525928111 -5.9515538317865139817 -0.99802710988263254599 -0.0025143541986924616838 0.062734089315376870277 0.039213189685555940867 -0.80530656704217518094 0.59156035941683704493 0.049032781829634677906 0.59285327957405753452 0.80381638152288426014
0.29180119606303478452 6.5700647504987825798 -4.1753377836266922785 0.99588436526760071299 0.0014121302828949727944 -0.090621944933633999386 -0.033324299101607904317 0.93554306507697893025 -0.35163712044631151299 0.084284174700100758515 0.35320982329836503322 0.93173976979666217613
-0.29005080679705541602 4.0283781629939632296 -6.2136554500667839918 -0.98656622812573824266 0.0088790114700446412521 -0.16312032576305832143 0.073620534333473611199 -0.86721131117063487981 -0.49246782504246239265 -0.14583241905073687783 -0.49786113016886573979 0.85490771468080950513
-6.2888684546003954523 -0.39233063609878393585 -6.1239050572522204519 0.41206467050025991083 -0.010665968514906518094 0.91109217121056496058 -0.59158404627468474946 0.75737527654285285994 0.27642540888079353278 -0.69298702983448734471 -0.65289273820224580369 0.3057777769621617403
-1.8890864422833719694 -3.922561776614079232 -0.19484685568222726015 -0.85789960483690830273 -0.009904981628926683504 -0.51372186965279720283 -0.3746718465597421166 0.69624062563434463424 0.61226628080578004987 0.35160954966568924718 0.71774012187923275086 -0.60101567536019895321
-2.3505485089798199283 0.77937518574549713435 -2.5071801745938504524 0.96133282091297111993 0.0076330915794104578151 0.275283387345482633 -0.27098328805949062348 0.20431295493836251764 0.94065098417890946614 -0.049063887207464240703 -0.97887586156643047186 0.19848118957417587582
-6.7787776365350964625 -6.4353884375137164753 5.0527001993954776538 -0.98505521724916744741 -0.0022155416778071677225 -0.17222459274273305141 0.060762084573870361881 -0.9400996479158486574 -0.33544093528784452163 -0.16116509562728595362 -0.3408925686541049993 0.92618468384423924267
4.1297185214230118788 4.0311078312479988739 4.436150230268733452 0.99789802975322883238 0.0051968015320155132655 0.06459501117396861114 -0.063284489984457528711 0.29271661841213841848 0.95410274846729936638 -0.013949750612206258255 -0.95618511521522853158 0.2924302137239472299
2.8494315683982995857 -5.9180959883442048053 -2.560760280548161294 -0.99216375950772994763 -0.0048430937392632128491 0.12485038551211107005 -0.024488696977732513776 0.98740525927189515265 -0.15630469501161323165 -0.12252092898701025248 -0.15813727708979785636 -0.97978631525190407192
1.9977495459035836678 -6.6869655148022859592 -5.8056218256810918632 -0.92120031281286340885 0.0016809329100156032363 -0.38908502687461399283 -0.20241821430451742425 0.85194371105391109023 0.48292730272115858003 0.33229031010734183527 0.52363067868517698678 -0.7844705616837732709
1.4215859048574039925 -0.96971056484579931656 3.5085410439617947809 0.99929791537801071488 0.012875591002034848451 0.035183738822139001834 0.034045627681958422206 0.079919471192889265931 -0.99621974150275793836 -0.015638783741030372332 0.99671816341455221622 0.079425003383727099671
-5.5039215068059332836 -7.0335709996702711067 1.9790261552179615467 -0.91267276499135419066 0.001913371239809369493 -0.40868663185088521805 -0.4003792946365888894 0.19646496254206738397 0.89504074707233660657 0.082005149041959921052 0.98050897879819542968 -0.17854214635977433412
6.3957800652047520629 -5.5317441330225083362 6.5707634295391343926 0.9175819157743139165 -0.0099310083305601259962 -0.397422700556436026 0.14380283925815631751 0.94028509994285347506 0.30852013588557769541 0.37062672767259002837 -0.34024301006655810475 0.86421671057422011497
-1.3442267693218228342 -1.6544787846352291272 -4.1741956770861321502 0.75887825369299022338 -0.0034420408408462055405 -0.65122342435355140555 -0.21887543437113346489 -0.94316331288641797048 -0.25007300824750355872 -0.61334928083497752827 0.33231177767266462109 -0.7164995060146168715
3.8590291441012909424 4.1017429463016306102 6.4591580818992628821 0.99269640849837770258 -0.0039116172176425836882 -0.12057586742475923103 -0.11673727455378633822 0.22099671297179379614 -0.96826280605285297565 0.030434343827893162865 0.97526670819126592971 0.21892601172397876952
-4.6656429528302538756 -0.63263148967931204236 5.1445472989110134776 -0.93336757093679623143 0.0033747858179646386678 0.35890609961969421882 0.27336589768113767063 -0.64129887136662444558 0.71694270591792397251 0.2325856046889348272 0.76728376002927856092 0.59764501845740158892
6.96096913983177501 -0.56263063324096995732 2.5338971995983636809 0.79697403937667132823 -0.00077444500280570566231 0.60401306343048832836 -0.57425080399510008977 0.30906362308414786488 0.75810005342119235472 -0.18726557257192452677 -0.95104104912525488924 0.24587095844820366919
4.5608569698068865961 -5.3120091959229025491 2.8286182199241967083 -0.81591200042551959015 -0.0061922030894283842592 0.57814294441983671291 -0.57626181841719914534 -0.072593054695196904125 -0.81403474437188572121 0.047009830844918568116 -0.99734242115283167074 0.055661214261029309802
-2.6660533382353390763 4.7732558307451782298 7.0082504623485117889 0.92106890800609431125 0.0086842238307548690057 -0.38930277543415092723 0.14233047506842597119 -0.93808298255093269802 0.31582012873622983262 -0.36245565600660623051 -0.34630175007444546909 -0.86527509806098268363
5.9890867945205181755 6.7155076366690380496 5.4648381744220611012 0.46983975902629054877 0.0039124182746603794816 -0.88274305084853166292 0.30873095275268336302 -0.93756699508890684047 0.16016656496367751017 -0.82700411102395854357 -0.34778272341086091668 -0.44171413566508216375
3.1786716725382895277 -2.344753175023158942 4.0220557714662472648 -0.95502132472060885515 0.0074783905982505694335 0.29644281573789160733 0.13025119781043842382 -0.88750464916371241131 0.44200692662198060034 0.2663998776230125376 0.46073807243035647119 0.84661179640700012783
-6.4689883759898378912 -1.5117500928571392382 5.0809457576444341242 -0.61398647905683667592 -0.011322530145392639689 0.78923532855956546328 0.69469223094464849222 0.46695327506924216854 0.54713558024243102995 -0.37473098057215215029 0.8842094996171557808 -0.27883732351720968978
-3.8791811713519885885 3.0126861486880862628 1.1408968077984229517 -0.99932429352863150207 0.0084385428719652953722 -0.03577355668417015605 0.013735604674299456765 0.98851113863580797325 -0.15052262938554589189 0.034092367589659867966 -0.15091229170317677077 -0.98795910375130424619
6.9544971391648395809 -2.6957098594371973199 -0.073743740802216600772 0.89180047525787053964 0.0051168308919123661749 -0.45239996725399045374 0.04188832504091394987 0.99470724698342816161 0.093823563265613071915 0.45048560526956687999 -0.10262217518758612322 0.8868660601267510657
-0.38666422131818717345 6.4573028610763056889 5.1625954271533851525 0.85565477969106684686 0.0024564791167920414436 0.5175411710212868277 -0.32323844797239831284 -0.77843262222075393364 0.53810738557917148217 0.40419278042059114675 -0.62772336134065898072 -0.66527556537347964927
-6.6429203879305553926 5.4260060761438255739 5.1768812422259689043 0.87843149592113523028 0.0039218490268136370694 -0.47785220107700282499 -0.44157734750314137084 0.38890458269618155551 -0.80855591750358191128 0.18266787661211741911 0.92126969159858884684 0.34335783403892972121
6.0553438872358746892 -2.0728542322977330237 -3.8272723160301462819 -0.98109564108588342979 -0.011083712060389622894 0.19320583420057696467 -0.022157052442545531468 0.99822682027644860092 -0.055247446165106094129 -0.1922508987475431419 -0.05848390041430190367 -0.97960156457775615646
-5.4356495225317029707 5.7209281618158867033 1.0256902437563011343 0.53401460407497070015 -0.0011650888027277669576 0.84547444976348928858 0.39474226348162466671 -0.88397203145107938749 -0.25054339550983273366 0.74766767220208862899 0.46753833017233170644 -0.47159406459751868068
5.4746539761845465222 -5.6094327350695616374 -0.39529959778152212735 0.83529998285675710612 0.0090535042682685015758 -0.54971990386004299101 0.34133188768530947632 0.77529505025431399989 0.53142273897552283479 0.43100635852461560704 -0.63153433723874308203 0.64451369248436007897
4.5848821283834384488 2.9518043956045150189 3.5318768031406935215 -0.88607852270516096471 0.0041446295414129226756 0.46351663793926800583 -0.37606093046685745707 0.57819448362155356769 -0.72406444166660699491 -0.27100374199815224774 -0.81588844896560874798 -0.51076708064181186586
-0.062609191730615049165 -4.9726891371992740787 -1.4565091070096389814 0.99717166686231561989 -0.010540529572931691543 0.074414810646554779838 -0.053917287636358016134 0.58946062519719688577 0.80599571800109015562 -0.052360222508855205903 -0.80772833835302415562 0.5872251174126912332
-6.5327302335201995476 6.9321045774322564981 3.8438836987268736323 0.99650699698739408916 -0.00072244605976323978194 -0.083506185561002338469 -0.072231114771861101853 0.49438811073588662115 -0.86623499237895107417 0.041910273371284216537 0.8692409758144125087 0.49260902849146337434
1.005745695828557329 4.051013807183180937 -4.234417830143226702 -0.9921592072755426317 -0.002348503677461628511 0.12495836086055017722 -0.082218907598890389465 0.76527706497149894371 -0.63842859041706501166 -0.094128415750641569737 -0.64369674409549626493 -0.75946977753507183273
1.3841776401669769747 -4.088957451823474365 -3.9853705648612898216 0.992813961068218509 -0.016005483172128961294 -0.11859284639692663221 0.0055922595144539399836 -0.98372717182691138404 0.17958167513117856418 -0.11953729686426572965 -0.17895439619582234614 -0.97656856325636265392
4.7373538499668006452 3.1952093204537992399 -2.4274134372981319707 -0.88601189855050066502 -0.0036550102938402891095 0.46364809557086550384 0.086159063895832582736 -0.98385059503864380481 0.15689047883985990373 0.45558701840079512957 0.17895431691286975417 0.87201824586570031439
6.8654471021596608082 -6.6606028202304345953 5.8311307700723515879 0.9215741389905577341 0.00058833700724928708267 0.38820195801071299968 -0.15993704014534421143 0.91176096175309562231 0.37830158843504396726 -0.35372482176591196756 -0.41072083278370657977 0.84034942017238500878
2.3032857531111368132 -7.1146914156068197244 -6.9051402312199225975 0.9224580002591911132 -0.011774723025024228309 0.38591785868944200599 -0.24496876960320912442 -0.79043373812484751806 0.56143103543808925426 0.29843180071313246682 -0.61243437324472249639 -0.7320263648199641926
4.9782706765220074985 4.8175850408928724278 -5.1358767992866880547 -0.91400111682954499059 -0.0029832123809962547874 -0.40570070110640238381 0.32361079453608970757 0.59776032730163042306 -0.73345664136613875073 0.2446998408132645686 -0.8016693155835382667 -0.54538820702107138061
-5.5609266224512445831 6.1909230387407241381 2.6723099464866404418 -0.98913191367830044509 -0.0024017936825635991145 0.14701118573220078867 0.016603859628504507445 -0.99529528570417291622 0.095454733253131265891 0.14609027752966632918 0.096858276064040085829 0.98451820966873782037
7.1352420815705484003 -3.1404803718258937906 6.7289872931010652479 -0.98349330401072865282 0.00088071535938065784177 0.18094238117868710614 -0.18089108424804867248 0.019516295579728032417 -0.98330947816354474789 -0.004397340754451858208 -0.99980915106191547981 -0.019034832465451973632
-5.3815122326052033941 -5.9326321610720951227 -1.2621854831783851925 0.94967796789311265115 -0.0017238638773522003966 0.31322322007105346531 0.31203375941804351035 -0.082030818970328309159 -0.94652304658815666905 0.027325634152016622935 0.99662830234372190574 -0.077364957737993067521
2.9176087044327938536 6.7576109169668789889 -5.9151091742536952012 0.55221538300836636726 -0.0061405684641124766432 0.83367887354061243066 -0.6271903277840862323 -0.66186716333580830618 0.4105656474082783336 0.54926356469642545477 -0.74959599219630057565 -0.36934453424999841298
-4.9619633733509846962 -1.2206026992006833165 -6.021341201388854536 -0.74996294605844904257 -0.003531859473028069879 0.66147041166482867247 0.18353188914038962021 0.9596134836979915983 0.21320883558988154571 -0.63550894974650329328 0.28129964072801239006 -0.71902634647024332715
-3.6868514207829248264 -3.4919133203080434669 -2.1506291319705002074 0.99772677241991258867 0.00097299859728458473057 0.067382051544345553107 -0.0032183790122236252684 -0.99806681577186029397 0.06206668423139481694 0.067312180421720879675 -0.062142453513401627041 -0.99579485128122979809
1.7934235849657007567 3.4228790935962272179 -1.730246524715676637 -0.99677344791053368311 -0.0051154361255961820071 -0.080103219997389271678 0.048318978099857246011 -0.83512688435281179355 -0.54793098414550611697 -0.064093446592476038814 -0.55003356201647279899 0.83267947660516861141
4.6407589430996516455 -5.6783366978870741804 -1.5471509110789420927 -0.32150465318441662221 0.017311132581497263444 0.94674974659068311666 -0.8805358839256813841 -0.37320026802862715787 -0.29219534059007029603 0.34826902690302330434 -0.92758928660913853026 0.13522869617024213529
5.4347299227885796924 0.75047215360304209142 0.42216137676055726091 -0.98868808684144582344 -0.0037876772310080778286 0.14993838881035620458 0.14998120713986687336 -0.016791809344491571976 0.98854624203611929367 -0.0012265572543686594637 0.99985183334336225069 0.017169942258754421205
-4.9103161416283578333 2.3743506597080235032 2.2653038433245944461 -0.85697209292767062561 -0.012328463630142850668 0.51521533452297374467 -0.5034151589628482748 0.23403992804582096632 -0.83174424543047698055 -0.11032683114049482431 -0.97214881631607719115 -0.20677202244426073907
5.6236516339523863195 1.4139612802070387065 4.7650970653247570752 -0.94524282147851190761 -0.0079331030521554435353 0.32627147334592643269 -0.27111956896934136241 -0.53744276481309194438 -0.79852955729392283146 0.18168705998287662529 -0.84326291299093469878 0.50586309591504552419
-4.1555256709893466649 -0.75869002743129543287 -4.8892318869320074981 0.01887133642547992457 -0.0073332129267759289803 0.99979502731782277092 0.087161593317804694769 0.99617809862097916884 0.0056614908104051751836 -0.99601542624190997355 0.087036887674502974588 0.019438386561569962613
-4.2088701486913402405 5.092145517014492917 4.68524189198350971 -0.99781607327911592265 0.008568322600131702757 -0.065495555222147852636 0.056818712729518300319 -0.39432600220663510671 -0.91721242788549983693 -0.033685572428037220682 -0.91893067629263136542 0.39297798205318373865
-0.65684210524399200271 -0.58297838528507350819 6.5666302458396428321 -0.999930581547946562 0.0021615026731125201905 0.011582745417619423611 -0.0081060232810845258417 0.5872373093307844405 -0.80937422427245853118 -0.0085512848030246182973 -0.80941192877061629574 -0.58717902303477076398
2.8023708825410955647 -2.6356276599895172019 0.18350155580442803482 -0.95467705614689535309 0.0062154579432078813431 -0.29757870647786521801 -0.022673652907369931664 -0.99839552393328001578 0.051887216672191205369 -0.296778745752456663 0.056282731567504268311 0.95328622679494079417
-5.2512836802375959522 -1.799674297206538931 -2.5118963747336695569 -0.87261013132624698496 -0.0083076233943414970473 0.48834674371826219952 0.16689258799061401639 -0.94474453206778064018 0.28214293044832139401 0.45901897867139235254 0.32770223148726917994 0.82578013096568303464
3.0281504338930491649 -2.9134776738277476937 -5.0166835385695964789 -0.98203160692304802826 0.012400784391996049968 0.18830863907556258385 0.082924289603860529274 0.92469964513715718901 0.371556359758346888 -0.16952134142261901517 0.38049544915761657204 -0.90911260467152121834
-2.1109295599831643386 3.9002167549376340894 5.9431957435905280462 0.97628320201562379665 0.0087102793945649289314 0.21632207583804993756 -0.21201761440788127744 -0.16374558607189299009 0.96345000608363595695 0.043813703824105508511 -0.98646414738442012027 -0.15801533242814005953
-5.876634030992375024 -7.2925458190071026365 4.7022642503280049908 -0.83852698227798061481 -0.0034949738806542215985 -0.54484886450232583588 0.41516078186748006651 -0.65171082497747967466 -0.63475548505424550516 -0.35286544913193218509 -0.75845948195320356255 0.54792808747506893674
-2.1650889003367317365 4.8405481159031058525 5.4765836687878888256 0.99762381432772895273 -0.0019816314098054441106 -0.068867976760732502184 0.043887167287825365469 0.78882175845729918251 0.61305313793491966745 0.053109713175830935983 -0.61461883026920249851 0.78703433968612257488
2.1015850475486042015 0.5496707022783444696 1.2197571512802798388 0.54664028799146524573 -0.0040460556338234145504 -0.83735776402820005782 0.59455810272920095461 0.70603617107442862011 0.38472534048784029492 0.58964824940261595376 -0.70816421440809118604 0.38835343104969999306
-1.6832188994760055589 5.0143743445069111075 -7.3642630731065921168 0.92764511959869755398 0.00031962000722699293598 -0.37346275574378240414 -0.33393089519075042082 -0.44706259709328216578 -0.82983443620835628529 -0.16722646118896200562 0.89450261716957479852 -0.41460870535358712585
-3.3333706603944679436 0.50448982948333187526 4.9491931516579787953 -0.4857601105159089494 -0.008770355952651860687 0.87404816565676135554 0.022500873797732752479 0.99949283271020639141 0.022534152729315477803 -0.87380250955802130086 0.030613039988796515029 -0.48531640820477678355
2.2796812105141848193 -3.0795218028028008561 -1.7997385521218227655 0.94729287678989981814 3.4603334446926987955e-05 -0.32036885676640469711 -0.28936131440171392049 0.42928502237135346409 -0.85556086825866106693 0.13749994658517822321 0.90316906964880205866 0.40666865667131552042
-4.8995223399667571229 1.6545805902715018387 -6.1844561601687884078 0.9189248902790732032 -0.0072983551026337654954 0.39436503399579714291 0.2953724283424068453 -0.64988850483103910438 -0.70028569874271928697 0.26140423600382045599 0.75999451662570793875 -0.59504299012590655682
-6.3935550123502196129 4.6575543777352637065 5.9158911144098711432 -0.99663570611824825463 -0.0061982034107524799915 0.081724240985436971685 0.041361522379076143263 -0.89888200873107926281 0.43623429352361869915 0.070756581013093053367 0.43814691218138085427 0.89611427261772691466
-7.0342661793187355457 2.150404703753539426 6.9184863314070073059 0.96760363980258956573 -0.0098720529027216032819 -0.25228107105437169722 -0.21294348613244176716 0.50492247905665554875 -0.83648572125129572186 0.13564021510842683149 0.86310823928108648673 0.48646263919300425371
3.3257317969811963643 -1.2887645456400258492 1.706275079959035601 0.93679634223035512797 -0.00048930821618305673799 0.34987479726528897261 0.34883146255946329006 0.078488384861726004371 -0.93389302608507940295 -0.027004146210474814366 0.99691490811363614455 0.073698317946718466809
2.1687339391889062234 5.2627477990769913063 0.035386628815607709675 -0.15104101615803355863 -0.01428633575999079322 -0.98842425711261916454 -0.55515793668206392386 0.8285477436151320596 0.07285809419179084534 0.8179158127685741686 0.55973613172712988195 -0.13307586581433575312
-4.4592304069022414836 4.0230305397617405205 -1.9622694211497633265 0.91353231017884717335 -0.0099683011263688482695 0.40664401044646397709 -0.40537070507727990254 -0.10504728046152257692 0.90809672410637731765 0.033664665815595441745 -0.99441726746878655874 -0.10000494205391972924
-0.78635996200198965411 -2.2828947790155309505 5.8489770272152048491 0.99885784362309382178 -0.0061384932108930626363 -0.047384882964858918153 0.023412142927716692031 -0.80162598170039378598 0.59736727147242285607 -0.041651888264797654049 -0.59779436628656368313 -0.80056668419312482232
-0.63562799664538272015 1.6866125468372510365 -2.3936200769091069418 -0.99988440990759153149 0.0019802197769603177742 0.015074665944614693003 0.010509798898678628792 0.80648446859694888911 0.59116186111682123006 -0.01098685354485715894 0.591251960370147156 -0.8064120586942415958
-6.1479630775311946422 -7.385956322907241578 0.30442905387726659772 0.83169852122559484453 -0.0019645410508267028594 0.55522401818511657456 -0.55244640061718908175 -0.10289120352615178933 0.82717372702603841894 0.055502650714829876444 -0.99469067594679760891 -0.086659765452197015656
2.3124538676597534703 4.9838496522320294702 6.9418914925749977129 -0.9997221173271858552 0.00048747164550386710979 0.023567997330863135752 -0.014605860399334421457 -0.79755896237877621502 -0.60306415112428857217 0.018502890822462231268 -0.6032408009250689318 0.79734445450540980538
-3.8930327542669216356 7.2238581144615796603 1.9312335790424439708 0.64715185574392242174 -0.0069943822804904689019 0.76232903278286912041 -0.61206886591108000673 0.5913763126503353007 0.52501977126424204112 -0.45449552141849397513 -0.80636538582234684736 0.37842923454452725984
2.7979233778318937098 -4.2955863490691612583 -7.3217721032681337689 0.90980318603500642816 0.0066613097922520363506 -0.41498649331329046097 0.3137370789245525482 -0.66561752932476025979 0.67714278402978123061 -0.27171162652426655848 -0.74626331251617561424 -0.60767084873638621545
-1.4450314807784629956 1.1630540779682980723 6.1772018968057871291 -0.99760026661781608937 -0.0093908989252739060588 -0.068596786087148364786 -0.014399098238427408825 -0.94095605404711091246 0.33822236815689832312 -0.067722773230460137084 0.33839845651117245184 0.93856278991696384661
-2.2473096909078966732 -3.0822517891886525021 4.1382391363711832355 0.98864757340792153162 -0.0053176579031663012351 -0.15015890952286803373 0.099679020888515282306 -0.72457702444418103926 0.6819473795260563298 -0.11242805872807326573 -0.68917331503916534619 -0.7158212580306163586
-3.9629568263665717609 7.4630371608267758177 6.2322854171575992055 0.90512393134941782069 -0.009892135575516365284 -0.42503272174319595145 -0.14538817152110469766 -0.94665805147181281143 -0.2875774907137563785 -0.3995158926505776309 0.3220879992132338332 -0.8582810566956110554
-2.1041653802601429923 -4.5251115817876632619 2.6201337198723422262 0.97904560337737578379 0.005341788931788313266 -0.2035710485274085102 -0.20148407006477342396 0.17052390868485967079 -0.96453396315367867508 0.029561394041294278279 0.98533905933835386204 0.1680269684440261202
-4.881341926279729293 -1.675838743933158792 2.0525399413209020061 -0.9110642007721967417 -0.0043110268206166570126 0.4122419642867385936 0.3905002202468087491 0.31157831129824326011 0.86627278262434492806 -0.13218018027856823227 0.95021069820130688033 -0.2821843882380015156
-4.5471484613897557026 -4.3007442654289631534 -1.5179165062821124987 -0.99248759908321138035 -0.00033343705516292610619 -0.12234481797642690615 0.1042029067355139671 -0.52631242900453045763 -0.84388208969216826905 -0.064110216766422742363 -0.85029119476506309638 0.52239330414080453746
-3.6163015839332914858 -2.9694279577159345962 0.84401586562763009081 0.55709156524212444239 -0.0023570869313829451511 -0.83044772988868031938 0.75390357384650663608 0.42078474325667580835 0.50454890861428736137 0.34825046917050950235 -0.9071574526969335972 0.23619264751223792431
-1.0110748873316741658 3.1435507597596670237 6.4024308132047380582 0.7125993746262767603 0.0042610618846509271812 -0.70155824749914486027 0.1934810801637608102 -0.96239592417174968375 0.19068077185770837545 -0.67436429539309628023 -0.27161724630294747929 -0.68662716856369021556
0.5910763646883466782 2.2202179981240295348 5.1093073889313709302 -0.76573983629888098257 -0.0063289500922421894347 0.64311931046706727333 -0.040159762313634515818 0.99847077461486977157 -0.037990863780714333175 -0.6418953938110294466 -0.054918636459976334641 -0.7648230166342692149
-2.7223639785725044504 5.6493974717539829911 -0.10241828498355444454 -0.60676254631295389874 -0.0082964778017440010682 -0.7948398460368024665 0.7673941358916069877 -0.26680835296237392917 -0.58302619408441003213 -0.20723284631295482705 -0.96371389491156034257 0.16825598403471031528
4.3270281702030723991 4.2161345341887326299 -0.16910515781771859323 0.86863386390552033145 0.010147731346050275353 -0.49535061726524287629 -0.066761575278912146936 0.99306933657580487296 -0.096727373681110451198 0.49093594545807145435 0.11709105987007840943 0.86329113348617148027
0.90032917267296919128 -6.476790938046823598 5.2435414156785489226 -0.84874186698635534221 -0.0056914897387300841455 -0.5287767488923871273 0.26006819587975993358 -0.87514954431956193392 -0.40801692191526800491 -0.46043650671557190268 -0.48381905917588841071 0.74425623360614823198
-0.53261256237818255244 5.5355765607945688345 6.5915873428407909529 -0.9006899877478113936 -0.0066777953071215654171 -0.43441104155002546738 0.42769558987840072817 -0.1894128025296653306 -0.88385478028716835119 -0.076380811525889644176 -0.98187483789319096594 0.17345827839269828408
4.6757473129540016998 -6.0788694061499199961 5.4283440980367485551 0.9494360150465275261 -0.0021844231703734527661 0.31395299270433663086 -0.1212476036905583282 -0.92494913332035622044 0.36023342344813447102 0.28960364626834722568 -0.38008463408207637801 -0.87844487533527948475
0.58647870212568042891 7.1004326053969482047 -2.9329622050108818954 0.977362862098635099 0.0065890573068249566613 0.21146730270707561616 -0.040761333654528081327 0.98665367505265355597 0.15764846711460936413 -0.20760623658533222669 -0.16269944630729527013 0.96458723851305461228
2.1208043194175991708 0.61968274176135884623 -4.9680791400546997494 0.95857902317613119525 -0.0098383144076054501737 -0.28465674749846103797 -0.12985928116254141784 0.8743917630069849567 -0.467520707436235472 0.25350113100883736594 0.48512086365694895296 0.83689600561956933866
-6.8102828470387679616 5.8968404044035533929 -6.5906922605981028696 0.97058792820722683548 -0.0092089114880947158664 -0.24057071635493229578 -0.051985002790364276404 0.9676770007350096181 -0.24677678524034446506 0.23506729483962857108 0.25202463807705000054 0.93873689002776272705
0.72653551008135630607 1.3656505392661779652 -1.3183958891810927394 0.92445070919040905899 -0.0010692747717302266471 0.38130006940547434002 0.16560295365023738889 0.90188600141106378683 -0.39897030240515574118 -0.34346258605483420689 0.4319727967249422651 0.8339262286738333696
0.68472354507800092804 6.0858090118673588975 -1.188896569126130176 0.79003513300509176087 0.0020260036777585053135 0.6130582222974705342 0.47332453111760697251 0.63352207197033705288 -0.61205691938633455251 -0.38962594479804485426 0.77372196533077819414 0.49954573714989686239
-3.4055602502509900731 2.248451158725787824 2.7268755934496891058 -0.8910812027964465365 -0.0041072277523823245982 0.45382531959238786579 -0.12967211734712810745 0.96057809835969587553 -0.24591636573106645525 -0.43492462795947356424 -0.27797994106026630012 -0.85648568018531978652
-2.7540792550252115589 -6.4277092603460124209 -6.4550191436555808266 -0.99989022100120716896 -0.0053157789475852161923 -0.013830706431536842621 0.0014101189281211187233 0.8950542084927631814 -0.44595512714192764303 0.014749830874433517147 -0.44592567357545015438 -0.89494845445723891775
-1.0647290420747792528 -6.1770189889123647831 -1.1253182761858020466 -0.99788920395512592521 0.0087112146526427333693 -0.064352555264066427232 -0.019502455515841225775 -0.98541905664050177815 0.16902348073103953818 -0.06194183447873104903 0.1699217394828094474 0.98350892806955647618
4.0887068991276418473 6.9687764707099946193 3.9560114676727407002 -0.9963201903419939276 -0.00024449888435378215601 0.085708917489431019066 0.030079037781526984929 -0.93739057520520330247 0.3469786175005184492 0.080257895580702995342 0.34827984400018863198 0.93394851060442596324
-4.4593664753172888027 -2.2141546521714738915 -5.9679566866602025144 0.90075371586356933751 -0.0027764937307875828948 -0.43432134928008553354 0.35164387318198542243 0.59159976151313009574 0.72550417547452406009 0.25493004885930814485 -0.80622702339973206787 0.53386202049636255484
-2.6665470170177267839 -5.5931384935969044037 2.3982578489983845671 0.96670923867914582139 0.0089440529071518268256 0.25572104287650487819 -0.24253789842512121777 -0.28644056725415451004 0.92689113128700628685 0.081539043897818533346 -0.95805626418733069727 -0.27473547090164035511
3.4953395611456827829 4.953248056721879955 -4.426273829714849839 0.97966245334108947862 0.0077932751150782131333 0.20050122786789434381 -0.19805584654962493651 0.19779800939863195763 0.96002595231870258008 -0.03217699739014468624 -0.98021182013941055011 0.1953187868537810401
-6.7610058616653425645 -6.2047668657217007748 2.9702987902800863651 0.067276007979219856758 0.00027173600819364223183 -0.99773436590599340335 -0.78236873980996723965 0.62059161874994539509 -0.052585147195269334175 0.6191712959420585527 0.78413389730123772559 0.041963524453143059845
-4.15031602360375107 -5.1312096133768179129 7.0791942402848144766 0.95454792244972797022 0.0030023216208383296001 -0.29804236244498572006 -0.16468694270584227635 -0.82813527970494693609 -0.53578929572192235398 -0.24842800697409431199 0.56052024457010363179 -0.79000036758095404377
-5.6990573112659097532 2.7072068232091148765 3.4690411496167512517 0.95737046494142608033 -0.0063356027918050903183 -0.28879344347667296189 -0.029786272161577212469 -0.99659531915904731036 -0.076880087285048442913 -0.2873231122770644741 0.082204805014717760581 -0.95429963805083295458
-1.4199083197158057779 6.7461739944245548983 -5.6619279096437571397 0.97953084628012254687 -0.00037580007665414996015 0.20129376532836351643 -0.046927136977603194079 -0.97287087226254032046 0.22653942199588636419 0.19574770752378542471 -0.23134849184177216919 -0.95297466405038688819
7.3351180288482558112 0.17301071100136908298 6.6145377475969135972 0.99846304021433729403 0.0048079998998748823755 -0.055212683894438369103 -0.032737343025676990393 0.85501795961173698846 -0.51756405894640467036 0.044719388384519657975 0.51857610037327250829 0.85386123253387447019
-0.45422681330327752125 -7.1127380843544090183 -6.3081926769634266705 -0.98095968557088164541 0.006080488615900011759 -0.19411626140763765802 -0.10252710348249020889 0.83266743324972192219 0.54419953937588083637 0.16494328824230128361 0.55373998705502347484 -0.81618976862019421148
-7.2007431137684028144 2.0323264945675449944 1.3745576298712955943 -0.8799933575206875247 -0.0052153403432077371366 0.4749573569747209123 -0.40313699077245168656 0.53698808512707441043 -0.7410292592755348684 -0.25118172184746728748 -0.84357370552705379652 -0.47464844459131783072
7.231712790823561221 -5.0261226209215772442 1.8717492586939605825 0.95201851510385926414 0.016048100110810120666 0.30561937991913740165 0.072881013648901538104 0.95800570710229393523 -0.27733269372518337681 -0.29723577299649872607 0.28629970946937788323 0.9108695689333609069
6.752984911205055063 1.1993774768260405672 -3.5201230497673732245 0.87968533255659853154 -0.0027272095067772967464 -0.47554839713022634129 -0.37227599030299279859 0.61828596909935518156 -0.6921943711550790912 0.29591266064285259851 0.78594848606193645768 0.54288182372241511331
-5.8303358462290191255 -3.9261351032795137606 -6.0035339359882264887 0.53388322644104269088 0.012707529607212447384 0.84546272491227969503 0.7630839425343503013 0.42348046190780441744 -0.48822862987388926381 -0.36424112504095329523 0.90581610554997848972 0.21639220354554056236
-6.923408164979376167 7.4335488906754365601 5.065977231464501962 -0.75103918852485862523 -0.0039991920033511443866 -0.66024551779114493133 0.32716863227050047014 0.86632838686960733643 -0.37740669331914550311 0.57349875619584411712 -0.49945883971272658775 -0.64933815849267106923
4.9232723209070323733 -3.1483424748005908178 -7.1651566258138776888 0.89944825177789144988 -0.0053017434034658902919 -0.4369951188406426823 0.39956370707835481282 0.41503739691571511772 0.81736944104069420014 0.17703583354631169389 -0.90978890445980975521 0.37542304532662246208
6.4407951935093104012 4.8179673614273488269 -6.5069985972385424589 0.97541716850725601606 -0.0050909186057546164383 0.22030758028054572839 -0.10888012091547660809 0.85804673180680357536 0.50189732546141896385 -0.19158931768432452269 -0.5135463840624339138 0.83639921375256964797
6.390797774756470595 -4.3957305329599565269 -6.3069217380366264791 0.99762979259689010814 0.0073082471468697424166 -0.06842065804254955641 0.05293198695765652384 -0.71684172328303386035 0.69522381181697034958 -0.043965914980221343367 -0.69719762857043954263 -0.71552949976625135342
-2.8967817641436561793 6.58154021000712941 -5.0332802790586779196 0.92628130392192431497 0.0041421801055803852271 0.376810016252946689 -0.10733351045659036971 0.96142003270174114515 0.25328055245661185158 -0.3612235644828275527 -0.27505338220731662124 0.89098999623942598536
-2.1184679683591758348 4.8015833462261348075 -5.8963248104361625224 0.69948161167272504546 -0.0070667128076346303472 -0.71461565649085345697 0.60214960232376613103 -0.53271852028336263984 0.59466531306974446114 -0.38489132408126436324 -0.84626298496214769074 -0.36837159082893511375
0.260475792785583804 -1.9332463152467089795 -4.3536043187382444941 0.75677825559180167403 0.0080322354055307517567 -0.65362233365887001391 0.20843888139654651037 -0.95069084154409078113 0.22965225129831609574 -0.61954814549439329863 -0.31003613821391196037 -0.72113638683393899154
-4.7664293906529104916 2.3387199896326182902 0.044310689913573529652 -0.94363871220658401828 0.003115482570989785982 -0.33096264833585548049 0.22851384578134115166 -0.71724265445778190298 -0.65828899194241330406 -0.23943141629978584306 -0.69681652419742090565 0.67610600388837926999
2.909357872285414981 -1.1122077589381524909 -1.759170192293492363 0.92165721725061278136 -0.0021590501893635665256 -0.38799911390648444964 0.36168370462414350941 -0.35725469718798896768 0.86113528504323177959 -0.14047374024818654048 -0.93400450739786067267 -0.32848547678901529601
-2.231456136470864493 6.5101974262818238515 1.8497515465440539373 -0.66212407668266359817 0.00013803517731003980828 -0.74939421403128247956 0.033774707272729825869 0.99898934050979060206 -0.029657489718109952131 0.74863273788008544152 -0.044947508207156247617 -0.66145955679849210984
7.0945666577470793968 6.4362920900417002201 -5.3457869760474041598 -0.95858151520132250933 0.0051875381823871906384 0.28477108027632169751 -0.26188609953551578169 -0.40911392024298975922 -0.87409465799389607366 0.11196941361036065465 -0.91246856916341911869 0.39352758569729784366
3.689233543536808213 0.65202015592568696167 5.4986450062848577502 -0.99837645183023659978 -0.0094500560940815013511 0.056170783069548986532 0.056822798641467588132 -0.096791715054321353362 0.99368130376461216713 -0.0039534776310203162408 0.99525979539851072708 0.097171547676984174058
-6.8321015305551444641 -1.3964814061349715146 2.4543545004813793753 0.50885860769604596143 -0.0034108557343145769897 -0.86084335592303018458 -0.79321534650499092578 0.38667743197799886445 -0.47041468691787108325 0.33447321483603476011 0.92220872347975990646 0.19405859655067556058
-5.847946114298093967 4.2581152291352903916 -1.2486901699503383245 0.99158181282417046098 -0.0021616145326700721835 0.12946364701659651697 -0.10033764374828738064 -0.64480201946793169743 0.75773525253679663294 0.081840489510184827315 -0.76434657264398897514 -0.63959084668558185971
-5.0283723323538653815 5.3491474699755432454 -0.00056045671403213981332 0.82378455012838258664 0.0057759176978444039946 0.56687357827353146433 0.47958126482315183159 0.52610714301496974699 -0.70229131028317293151 -0.30229261552430009008 0.85039867876389818591 0.43062891421293042482
-2.3164731413489323408 -6.5734323077330403251 -4.9028601683191235239 0.95760493722350659151 0.0036756719719395806144 0.2880612324501596877 -0.28724346362549346701 0.088540791335548998942 0.95375663608393213 -0.021999472938912304626 -0.9960657697689478951 0.085842911677004446469
0.8609330335591849348 5.1857400297697058278 -2.0069856632878102509 0.96631077865937131666 -0.0010448792526736023871 0.2573759648336907957 0.21126206640317279906 0.57439677438810399224 -0.79084555057954653012 -0.14700958589764570594 0.8185763579532462364 0.55526653766849909388
-2.4876269202051064511 6.8503787892751901722 6.9728926056746232121 0.97666735690288097871 0.0028571969053135005956 -0.21473870258125205002 0.16592025397206847104 -0.64488465876491707363 0.74605244199823006479 -0.1363500762092348384 -0.76427456670723170618 -0.63031186201923916634
-2.2593136490107390557 5.8608941072178435405 -3.0593891620521063146 0.89439101373204432655 0.0037966627931783798744 0.44726982897021605456 -0.29528468464578749852 -0.74607743608616183817 0.59680433508544972199 0.33596379205058596318 -0.66584836465567731612 -0.66616385800809074791
4.036867373767462297 0.71945310648861693359 1.826563855412685955 0.99973482548423886485 -0.001957223996236520918 -0.022944454407447564814 -0.022440440122130825285 0.14079626719190480033 -0.98978423799933112903 0.0051677229949644541696 0.99003665609863344965 0.14071501064208302711
6.7454524074501618358 -2.2195328355743244586 -1.245089217411671223 0.88860358349325196947 -0.012898440140306005261 -0.45849460372492978344 0.44708411392475266855 -0.19895186289636260235 0.87208597702642032257 -0.10246690431087843165 -0.97992437794559128506 -0.17102265063130039913
-1.5092235153179984763 -2.974345154005584746 -0.55691959931239509718 0.99872534181862571145 -0.0043822531506204067883 -0.050284067720843296512 0.0068194937365553013817 -0.97537436548876454978 0.22045031561029962419 -0.050011859737537842086 -0.22051222869676234684 -0.97410121182591236089
3.9265721034967562275 -0.26168317014840636325 3.7585179563066652975 0.66314406301776762653 -0.0049068300874805488923 -0.74847570080989067609 0.53714796013013232923 0.6995186812437719226 0.47132333224555916784 0.52126003166592882465 -0.71459746543733471125 0.46651735420899531626
-2.2306444182473770255 3.8225319051432262718 2.9371303779480451013 0.70195711359234058691 -0.003275107066745087947 0.71221168507048870921 0.03773204861901087448 0.99875612327730611817 -0.032595992438484627796 -0.71121902616858578838 0.049754194694951757449 0.70120754197748880188
-7.0828477218172505303 -3.7524186001921222555 1.7962792588099900648 0.78772871818797052246 0.010871408088523156626 -0.61592635844565768455 -0.58923058723601617892 -0.27836184617604925462 -0.75849983365798623325 -0.17969635947218778882 0.96041475159412259544 -0.21286785410852743228
2.8462943976492756093 -4.8966857131725287644 5.4590299922415335132 0.99667399668763079212 0.0065106088483425864771 -0.081231498196784171495 -0.067654988349702877004 -0.48957094979342502539 -0.86933485359200701748 -0.045428480915282412611 0.87193915905347496587 -0.48750216002692620121
3.7334924793816472999 1.2309950387917705239 -4.733474459007026347 0.87596339235190523453 -0.011237333651028750398 -0.48224667711835883521 0.48229957169745885093 0.038382186743780175031 0.87516508778704404925 0.0086751599265160114771 -0.99919994499249142894 0.039041151712849241073
5.0603456198727769788 2.1811287403153514219 -3.3697370460150497529 -0.95076591625072059966 -0.0052931739963078972694 -0.30986473630430150239 -0.099361797704830279176 -0.94186499766135967082 0.32096348598739460334 -0.29354966471236887404 0.33594986008239580144 0.89496719820218029184
-4.920144519346776768 4.7766604995025030433 -4.9865087044909746083 0.99261159359712591854 -0.0036234822908453147641 0.12128105636368369247 -0.018804467886438372415 0.98288303704052060183 0.18326845742107736315 -0.11986916302411718127 -0.18419502130647719129 0.97555296005999658782
-1.6202938772135153656 -5.1293852443776311034 -7.0029870953300230596 0.57336936096232349325 -0.0067240888669286283039 0.81926940778880152916 0.5219597615019870851 -0.76777174577151796608 -0.37159730053905026814 0.63151055674673717277 0.64068817144072531811 -0.43670709141661001595
