1125 14.717824617146108679 14.977075390850430381 15.033177056927090831
-5.4099640182228574403 3.2267548200407150105 1.6969471880214568316 0.98578701573734039965 0.010622782466382173217 -0.1676636993993570468 0.09010805624978283912 -0.8757341394134247059 0.47431029428502491374 -0.14179033042658745201 -0.48267677959332128124 -0.86424454215163348803
-0.27846476844897205538 4.1703972685906087747 -5.6017745194076731252 -0.99931119975967686031 -0.0072846663339921381708 0.036387630745052745862 0.010516426199297502705 0.88475557161624662772 0.46593667302971941702 -0.035588352235388337474 0.46599840357073862851 -0.88406954311007113212
-0.24006903935155507468 5.1418538895601990646 -3.5818440384483580807 0.97965277638124470538 0.0084758469822466021848 -0.20052081624201506527 -0.19844000245974044438 0.19041599106379106243 -0.96143814973766061893 0.03003336731359610573 0.98166690397771183552 0.18822350140903792992
2.4701771840947985837 2.1536659901470662781 -7.055001001491021384 -0.88337087210788811653 -0.00034721488266425363112 -0.46867449445557268772 0.42286183956101019987 -0.43180296403455004084 -0.79670199252545848001 -0.20209840908440759866 -0.90196789282816014488 0.38158898484189368583
-3.3511068521271263343 -1.3243247034281351304 -2.8068790220854200612 -0.99770687685999259742 0.0025658982768199780147 0.067634340629166220249 0.047843199625899140992 0.73356965360024906087 0.67792816106608078108 -0.047875005126510265796 0.67960943157295838901 -0.73201024883618293071
-2.8954082339656688205 -4.9096331649160349642 -0.10262097213258057626 -0.99966907670980453826 -0.0049910237950278584645 0.025235426520732445049 -0.01449823170906331532 -0.70103583375656941534 -0.7129786540047974297 0.021249431698612937514 -0.71310858182378933368 0.70073148365248227876
-2.3598838623390108182 2.5560547431947311381 0.047708088253952903035 0.9484148050360727833 -0.0013568780718308508931 -0.31702920444375815023 0.1460144613913599565 -0.88574740688956310475 0.44060334571249848423 -0.2814056407625084022 -0.4641655847543115776 -0.83985783039562345031
-6.8253884184232296306 -4.119592646001248859 5.1825984995874900818 -0.99841315617704329277 -0.011106828922108324606 -0.055206955395380036267 -0.024612931525850475362 -0.79568989592996575144 0.60520392688475954657 -0.050649513072042240402 0.60560236778451159712 0.79415388871375047763
-0.45636419574987230341 4.1473611054880263893 3.6499933876747960859 0.86547449488293493047 -0.0034272214759734388745 0.50094126687681950205 0.31749742520545443103 -0.7697369388861315942 -0.55380540797487509685 0.38749101111518369223 0.63835201814296649303 -0.66509955438090839763
2.0997303127070203743 -7.0812627193438624218 -2.4883494158762866633 -0.97836466560085333377 0.0031258336423238414215 -0.20686423148467569799 0.19135936088302948899 -0.36639122935585549667 -0.91057073423959844494 -0.078639532718284749224 -0.93045563903673256245 0.35786607505981565813
-2.5257503263098981527 5.3555284412766290814 -5.6010469747852562605 -0.9101498566815939828 -0.0055343649642675216832 -0.41424221077396239377 -0.27513965542800578046 -0.73946581438445946333 0.61440091094315185671 -0.30971827261791684549 0.67317136017597656306 0.67150198171366637379
4.7705884861704612732 -0.82373069400483245328 2.8134438666060477274 0.97395165213308543262 -0.0062792379575311585427 0.2266688123184611714 -0.12382451367312512225 0.82269063891028770819 0.55484015938183062211 -0.1899622834164925167 -0.56845464534993095373 0.80048338337475766213
-2.022180444885024464 -6.9430933471499525211 -0.060522067068795502853 -0.99655180924918429497 -0.0028937309411358499815 0.082922360093218933086 -0.0048850197270164001997 -0.9956118611991784384 -0.0934513692885714925 0.082828908386249081031 -0.093534208506209332024 0.99216466565522198895
-1.0732935068423961056 7.1998108065750727746 -7.4841870929227498621 0.44080031897211585656 0.011169779007919020813 0.89753569000408672807 0.10284027461342742926 -0.99396650842426903516 -0.038137357648998074233 0.89169443012258442494 0.10911377625185676721 -0.43928945710157674132
-3.5512016141381654855 -3.0794219331097658632 -5.0585726558867225577 0.84070332979474948765 0.015539306130168857589 -0.54127298217908614841 -0.40809097493587892513 -0.63883912348491411759 -0.65218580978190798803 -0.35592087245335213286 0.7691834009324609589 -0.53073272772838886446
6.1198528240165153136 6.5960437195912744457 6.9491335967621488123 0.47842961315279264323 -0.00040043485549359422726 0.87812581382761722981 0.29066840202908278412 -0.94355495353584206697 -0.15879524463830518854 0.82862354861550713281 0.33121577454859241207 -0.45130823764898436723
-2.6878161695968674216 -0.45183110795815317751 -7.1151715434525781845 -0.84687522250173885574 -0.0063922001947738123218 0.53175322969330340861 0.094712324253513086036 -0.9857542061713507886 0.13899000197859587291 0.52328953089766439 0.16807077316468757577 0.83541623282096755254
-0.32446443184740880739 -0.74491390136448243364 3.8742536892791035186 -0.92405255904850314153 0.010576182531379416107 0.38211910771249968377 -0.096027748930403084016 0.9611405341491560117 -0.25881952215974574072 -0.37000748580443726388 -0.27585687952040566229 -0.88712876318496292072
6.0227109770058762095 -4.5629323095030454027 2.6290195415832480208 0.88052451416611521307 -0.010318471126920875786 0.47388828758049705847 -0.41464490068170045678 0.4676429015182385629 0.78062777493393209483 -0.22966537895619901222 -0.88385725420637928362 0.40749253722700368163
6.039143046347998478 3.1568427153463427537 -5.4561563010694875686 0.98623442170383490701 -0.0047546668635489314214 -0.16528478027151238816 -0.11884802892967614996 -0.71536126539403688263 -0.68857345722386908982 -0.11496439216531084693 0.69873861573336160102 -0.7060789866702844586
4.9033868640812965367 -6.9753893137247189316 -4.9922345040525684112 -0.97543559604265750451 -0.0010212599920738796994 -0.22028244369670588187 -0.18748033454189932945 -0.52117913812306426724 0.83260040244122390796 -0.11565691562988046626 0.85344669605855216776 0.50818521707508934604
-4.4630634402753575074 -6.3786647141540155914 1.6037349527375930336 -0.93969101499446727743 -0.011821755105154815174 -0.34182019022369947159 0.22830913296252733358 0.72246377809265915904 -0.65262625533303075809 0.25466789382316395995 -0.69130769954501702923 -0.67619370627456765188
4.8238842595421722592 -1.5251077888566113572 -3.8246699970655901879 -0.96356645524976236583 0.00017807041914528944776 0.26746897877774256091 0.2483198184520031826 0.37216323504571530156 0.89433315618077446896 -0.099382866136295072712 0.9281672773650534447 -0.35864822758144199177
-5.5384473720062405988 4.3751522919034524506 1.4057792277483303067 -0.94340126937385493378 -0.012431085905191138763 0.33142044753927940581 -0.086646934196555364105 0.97382911739408073437 -0.21011701242359007158 -0.3201348992819436079 -0.22694122194675478421 -0.91978874098519014524
-4.5994255490864563996 -4.2095334468353122759 -4.8235249950826535326 0.96636356258801270336 0.009863170608410222473 0.25699062778178721755 0.1327946573008724207 -0.87488453578851343995 -0.46577100385319147868 0.22024314721346133217 0.48423110897970145228 -0.84676631321862960711
1.4220683650250802721 4.8868166794098426564 3.7383464615055004288 -0.99524768629753901372 0.00073474278100599125021 0.097373009978792973707 0.081782573295582680628 0.54908593791440896137 0.83175491792338107633 -0.052855024590249287397 0.83576557295549125381 -0.54653659844318625005
6.634572746391338427 -7.2945794731321518256 4.3570921635966248786 0.96592664288473784051 0.0067496798282984209194 0.25872796985982443596 -0.07755808285151037651 0.9612687184683305075 0.26447531960221781766 -0.24692198028921794051 -0.2755302029116222795 0.92903855836746684904
6.0474117563372100648 -2.5085982018825974116 -3.3054786637965660745 -0.97116329510903609545 0.0048659005739363700438 0.23836563771749996743 -0.20484336060118857326 -0.52858465838340973342 -0.82379454752946212892 0.12198791682163516448 -0.84886664555357960182 0.51433876600571015736
-6.6811787108661011558 2.927051792820435594 5.6755615470175433401 0.96600044429036757698 -0.011874718226291372178 -0.25826756028982900126 -0.040402404479749180755 -0.99360530417309722573 -0.10543313156356667881 -0.25536402907076310997 0.1122830823681997825 -0.96030293244929254559
4.1186521087937491004 -6.6105508290044694419 -2.8328647436528471282 -0.99476773539864860041 0.00446911874216442042 -0.10206458537319697266 0.066744524302065663668 0.7847888867586304551 -0.61615872281068406746 0.077345465836214447042 -0.61974706953540781296 -0.78098095285154633949
-1.2209548451784832945 6.5069786698811356018 6.1178025884509183996 0.98810480721740889809 -0.0069911766720771387207 0.1536229585788603802 0.02483639612900897034 0.99310661660768917436 -0.11455305093002174366 -0.15176311601007727581 0.11700586095911645612 0.98146705758267349662
0.81031187567454887599 -7.3611994170704058149 -1.7256211790160527197 0.92987872118284264911 0.0045173420836301832193 0.36783849378784810868 0.26483722491071876037 0.68577565971844933745 -0.67791812841919463217 -0.2553170738378964244 0.72779896823112089077 0.63649183313586776833
3.0066881655150359265 6.8943181762646190691 6.4909402727508975772 -0.86832106331967995327 -0.0019420374358500983904 0.49599874948028443988 -0.48904938882392912092 -0.1635006619845187914 -0.8567953249297679541 0.082760052479469908837 -0.98654131288120250343 0.14102131644674581468
0.77485483142434152803 -1.007132128055157505 -4.6250672944683852705 0.99442181900941650774 0.0017034339882559771263 0.1054625250543478332 0.091585615635569689319 -0.50991026842349673753 -0.85533829165128882899 0.052319412141649049297 0.86022591013579374764 -0.50722190670772793197
0.27665432287644819986 5.7972401545560723335 -4.4963783434725774768 0.99990604928809179164 -0.0040393332136595735266 0.013098716895523533632 -0.013528445734798569267 -0.13690417590395023706 0.99049191201951614083 -0.002207657836070789012 -0.99057605987995689389 -0.13694595955937502452
-7.3519901482135905368 6.476075766235991793 -2.1846009414432638884 -0.95839314175849965594 0.0020421148001892618952 -0.28544424253645372946 0.048848754146946615773 0.98639690066247565081 -0.15695525980888819229 0.2812407954909153518 -0.16436844019009264062 -0.94545577941062197702
-2.6262926465153841882 7.3327891489264391822 4.2050777872911275779 0.94213876458779710621 -0.014154233039966355318 0.33492417940186830494 0.17317677285236313112 0.87601289737373988498 -0.45012354857215508552 -0.28702674719510085088 0.48207993250266323315 0.82777689329478931768
5.2629909993711736504 -7.3632818780744679898 6.5539576624499984447 0.71238737722810330233 0.012407642662553784382 0.70167675974734933231 -0.50596389249013307143 -0.6837819253094933325 0.52577829749461302278 0.48631755496005196759 -0.72958092698725529601 -0.48083979318907876799
-4.7180740402151712942 4.2774242221376157502 -4.0910132835816002128 -0.99391811948717578851 -0.0027425473590820988179 -0.11008746608515679322 0.10929950831634664687 0.097358015576564649329 -0.98922951547401272165 0.013430906033070670602 -0.99524564567589601793 -0.096466136680905187339
-1.8014188421013743735 4.1883090180755147003 2.1706990523858999964 -0.99841206184493735964 -0.0023159244233015483481 -0.056284911448199886896 -0.054874073568407108481 0.26586820967579810615 0.96244632636508786749 0.01273541568507807753 0.96400660349289724049 -0.26557311160862889787
-7.3173295268395754931 -2.8863244425836813711 4.7367910790054370551 0.99969574610822897753 -0.014630721777006179193 -0.01985842877694045383 0.023184617535835571472 0.28254646293676671798 0.95897339368280143379 -0.0084195441040929575038 -0.95914203237167927618 0.28279970476445670524
0.56317395332124187135 6.6305796017486828831 -1.7981264659247133686 0.74592312686980222214 -0.010143168236032088989 0.66595480697931752623 -0.12597604154335936832 -0.98398410917311629476 0.12611625530377751359 0.65400972910028798424 -0.17796738193534711314 -0.73525429968778455159
6.9460456996612949254 -6.1841350368543563931 -0.12821488869818081779 -0.97142520656412123525 0.0028898456587128588252 -0.23732828917759510312 0.22353833453146687571 0.3472178493636115526 -0.9107526437392962082 0.079772683587774673164 -0.93778004557330130186 -0.33794216232640222897
-2.0006111537443720394 4.4527024477423680082 -3.6332197892611666212 -0.53704114707534045259 0.008190863686410759445 -0.84351628087438745851 0.50059623895821581119 0.8079380337755943664 -0.31086900636722253344 0.6789625997718220507 -0.58921052547529562116 -0.43799628397982948158
-3.09727492789036285 -3.5501652735656041848 -0.50896259572301838503 0.86544071438063441271 0.016980513185498487261 0.50072350859963821179 -0.45006521782922048747 -0.41275352550896499126 0.79188119492772490737 0.22012194255156680711 -0.91068446201296082698 -0.34957136761399754121
4.8324702550499063491 -1.6812834320009066857 6.387656304208536362 -0.75148228957495522007 -0.0062242441886144004443 0.65972390228002075752 -0.38427638217462495307 -0.80869760533941925651 -0.44535361817446889043 0.53628912962873631631 -0.58819167105852387945 0.60533009799569226228
6.4368305974961312899 -1.585060297548193109 0.93292895061158553904 -0.9835889603616561061 0.01205853425128317058 0.18002041219370851222 -0.0091415330919493061057 0.99315182066368989933 -0.11647271562520131183 -0.18019209035749575443 -0.11620693982758990848 -0.97674293327796479769
-6.1272520790583859807 2.217728291577709232 2.0440785170321205122 -0.99019015410677524436 0.00073303968590338530395 0.13972444797829761121 -0.088680594341610852194 0.76947295332347565022 -0.63249278754056414975 -0.10797782595161117825 -0.63867897785699834223 -0.7618595358373561055
0.049702363858299562771 0.59024409200281080512 3.45622360912678106 0.29136049195178437277 0.0086644268013037137321 -0.95657409092956835472 -0.93644428490511366636 0.206837222095143769 -0.28335572135490971757 0.1954000127896017569 0.97833700291062664078 0.068377947743652245371
5.2349401581069772149 1.4011803024078934854 5.074011528772515156 0.97344271084192524057 -0.0021167238409292156269 0.22892096493969804616 -0.22860518293036408144 0.044322473572704093603 0.97250973705862653329 -0.012204877964709578975 -0.99901503382907252959 0.042661494784902991018
-0.2679985357354261466 -0.82321066346004834191 7.3000446449882749889 -0.99321281045943354826 0.00095376353510988071821 -0.1163073663796134749 -0.11499005880318050044 -0.15834532273195103813 0.98066510346059510006 -0.017481404849612532104 0.9873833344269491441 0.15738027633870690924
6.7771965109360667867 -5.767129188274225271 -3.8387466404424479549 -0.99478096219638312281 0.0086668190381168561109 0.10166476036257539317 -0.041253389738219334304 -0.94547901140565238087 -0.32305974188466196617 0.093321996800957776608 -0.32556769686082054349 0.9409020563660431824
-3.1350592841491407015 -2.144752745186651044 -4.6015112359773482353 -0.98571751262088691536 -0.0056566057572806473577 0.16831217461561281956 0.040905252081744024328 0.96146320288864872694 0.27187362844401308237 -0.16336384442298201858 0.27487544870814545339 -0.94749973194343473093
-2.4704100843525846898 -2.3712964017825983731 3.6690702127574157387 -0.9989465901283075544 0.0097405937072436183516 -0.044842289249238075077 0.0068980329347276755914 0.99798248601638650523 0.063113982178454319794 0.045366586961169415304 0.062738173698562382796 -0.9969983923500109757
-4.1223496722372461321 -0.74405398986850790344 -1.4806295372396449661 -0.91409823628579534027 -0.0040877867831653532521 -0.40547219931630151812 -0.15611882488383863055 -0.91931757242965306265 0.36122308001982506021 -0.37423432089539815371 0.39349522363219219256 0.83970839107548789215
1.3868304814029406291 -4.1518721694374409736 4.3503486837402904897 -0.92213500173790896586 -0.0085038227897405657685 -0.38677477111062263937 -0.1770626461361644588 0.89817815627969466163 0.40239883067078263679 0.34397072246482418567 0.43954941085156784553 -0.82974722506743459061
-6.5960892409151714588 6.3809849815145556207 5.1696439398093909645 0.9961731346938089704 0.0047080448757590119546 0.087274967933078623217 -0.086556229618022784145 0.19170895028168544183 0.97762758630067814192 -0.012128677940215923381 -0.98144052937268644321 0.19138281656431577193
-4.3401946456225433124 -6.9003198696442131777 -4.8524733199508585102 -0.71835066416218107399 -0.0047610821208457793779 0.69566490165514560662 -0.64963460634455894027 0.36234969704470648688 -0.66833941623344716998 -0.24889194751404564165 -0.93203005807141026118 -0.26338710924034480776
4.3254312556035063864 4.161122415679651354 4.2096260404342862316 0.87198522967755709434 -0.0013754138034607053288 -0.48953025183435205925 -0.3946355440101418921 0.5897361504539344601 -0.70460915424910275373 0.28966281540440730335 0.80759481244294994973 0.51369842542824006859
-5.7611492282330543091 -1.4676812631028539613 0.43010730776218636384 0.94564243439406248104 0.0099098502486573009085 0.32505719672267352482 0.31409046339213603227 0.23128699110948688911 -0.92078961144741056088 -0.084306388128399287196 0.97283509528155864832 0.21560220385972070356
0.67384659149741465978 1.6447468252221546514 6.8264496055183112588 0.83658282766259040031 -0.014019465733914862962 -0.54766105123563013635 -0.34744079218587003988 -0.78649256549715207409 -0.51060193922745700235 -0.42357297881856054156 0.61744060361957942007 -0.66283710865988865191
-6.6668483554819983894 1.6904448658141619788 -4.4940594474526491808 -0.90763512868673856815 -0.0017521908236833160389 0.41975636147775136076 -0.39200347436765375919 0.36113414205443766791 -0.84611784494020148006 -0.15010579355050759909 -0.93251223116370607347 -0.32846489838745190903
-4.4908881270273290909 -0.64385755165004698863 2.8101721924339115866 0.98424814803467730595 0.003619044314304657034 -0.17675544011028931912 0.17263870439798140177 -0.23512541092127886566 0.95651028164000462262 -0.038098042392159456315 -0.97195830345616873736 -0.23204653737674826863
-2.1519497713986792675 2.270920571701046331 -5.4517819275676382418 -0.99406452745313078623 -0.01376215883961640768 0.10791810896947459653 -0.041468161509104900508 -0.86914697742496871413 -0.49281225960206864745 0.10057885881500941427 -0.49436235153695756717 0.86341748797565698315
0.0700771175952258768 -7.2668042871099141067 6.213239191944891715 -0.54175757288939285772 4.2763562132065204013e-05 0.84053478832722150482 0.51203249455550947644 -0.79301929437161511327 0.33006533182631409007 0.6665744195033738162 0.60919651749305625543 0.42960231183973468516
7.0133534824454972778 2.6254746298631852497 -1.9079340725216074048 0.86059510064846900246 0.0065463332519527326486 0.5092476983363813936 0.49519749737140072998 -0.2443500100939673958 -0.83371008819880643159 0.11897693615591169169 0.96966500302332858663 -0.213528149373519327
-3.0891549612314497253 -4.0527104470329318175 3.8861913362051678789 0.99874072226259125173 0.0019140464663574656423 -0.050132884622683726583 -0.050159843819709795665 0.057609469022878320721 -0.99707830141207209884 0.00097967466419390455967 0.99833736056754196486 0.057632930972888699039
4.3295563934837595355 1.6653473934037192894 -0.59025319309287505032 0.9775555221040589382 -0.0093786583013843825146 0.21046909980434022613 0.15315122886727719487 0.71764997245211792354 -0.67935500155368044872 -0.14467170525165831685 0.69634083451135053711 0.70297904655228060644
6.3747614150216298512 -7.4863903798178146332 -6.1935979926964375153 0.9682390426474722922 0.0098712081758354427996 0.24983137421525664079 -0.25001611083344099651 0.029199349068368463112 0.96780129279606319503 0.0022584545301060268002 -0.99952486575517640599 0.030739910865334126033
2.735725165077454335 -6.3231422654663420602 -5.6133465161028235357 0.99512961221857920702 0.0098508541986414843716 -0.098081677989075966018 -0.004897698950227815512 -0.98882439051010684317 -0.14900448744027700032 -0.098453376938489794989 0.14875915233656866743 -0.98396018576231580877
-4.6508714644515869452 -0.1913964374542996838 -6.9162620075104781492 -0.89904415207020449419 0.004757384692398705997 0.43783213669071358032 -0.019543999742035845363 -0.99938038173613585879 -0.029272592558056937523 0.43742158691854704511 -0.034874344321775684052 0.89858006621873787179
5.1050253997385688365 -5.6920936591625039824 -6.012873739555218755 0.97065714013396808824 -0.0085190311223677199493 -0.24031675433824808974 0.23069145384039738134 0.31504871774398318651 0.92061162200622415064 0.067868766247226389177 -0.94903726563119161774 0.3077695550431781002
2.6117160808832204921 -4.7247399856342653379 -5.7580731684779822288 0.79739156472491157235 -0.0011561833939708332508 -0.60346114683996798789 -0.54718664932698868331 -0.42306292701139458501 -0.72222193997884165384 -0.25446701810604144267 0.90609956573685435099 -0.33797945746410107404
5.93621573744237363 -6.0352427386391029884 -2.2720352939119088376 0.99754506202387038805 -0.00094297743108841909285 -0.070021139846107208204 -0.031331735275684648168 0.88823252178242484423 -0.45832445888550421564 0.062627243244399485866 0.45939318458337119466 0.88602242091374716626
0.71332632231150550073 -6.3421762473705509677 7.4086019668399778482 0.99055548880733290673 -0.0054040680440729568085 -0.13700591097582215383 -0.1329789436728106844 0.20563646321022929775 -0.96955156930314079222 0.033412933624728219373 0.97861352997346318094 0.20297570007170742667
-3.7864505032342221647 2.2390264781365334379 -4.6259886148286382124 -0.97591280526037926801 0.0089641732827010663087 -0.21797669629157404025 -0.092549040371119356552 0.88778128505706499496 0.45086479683877506153 0.19755726171223292331 0.46017826274116507834 -0.86556749872273264224
2.453339169424696653 -1.7948732827048610172 -5.2973879362787537062 0.97855836898923442835 -0.0044032134797686254407 -0.20592263156881507324 -0.079280221997112473864 0.91469012484220024728 -0.39630369909501683701 0.19010040736748029522 0.40413189335578353356 0.89472858895384932421
3.7088882754852687818 -6.3458732861580866569 6.337082869102379945 0.91608336173917093159 -0.0045388634530978515247 -0.40096218408138240008 0.2143960643253572107 0.85055116201291969258 0.4802052148823519051 0.33885926569391355834 -0.52587272178441246684 0.78014888228886647425
-5.0095815786942150538 -1.5214252865019832761 5.7455479525577972666 0.91942296846449889092 -0.00054916767694217650392 -0.393269759166529842 0.083100865431605316913 0.97769001296332525008 0.1929157451228570852 0.38438997284601333915 -0.21005222437920306744 0.89895629026594681132
-5.136265489527708894 1.3412428427807443487 1.4549634831363431609 -0.97565890260425447433 -0.0076624346236447218872 -0.21915974280111177874 0.14202646701649412897 0.73938996064854645152 -0.65812686372683337765 0.16708736767284776414 -0.67323381762041467624 -0.7203041290846384781
-6.3882264018223056112 -4.7167555259553592961 2.0142891671890299499 -0.96796572129717839417 0.00915857176106840698 -0.25091529040066340439 0.1384367709033226812 -0.81424492653236157924 -0.56377341200004704724 -0.20946986144895085591 -0.58044923996806829791 0.78689329452283318656
1.5806957648244797099 0.1040236647562254868 -4.2323133477361452037 0.94120346026458678867 0.005546866951196012703 -0.33779472857491549265 0.23607850052327319923 -0.72603158947543788848 0.6458676897588443433 -0.24166710156045767555 -0.68763897748070346161 -0.68465294030814383142
3.8962274772469225326 6.5226750983830763531 -6.5829212285040386021 -0.9965074697816870275 -0.0062664623909546102523 0.083268205928903965551 -0.013082268679244665049 0.99658239647683533047 -0.081562131401400062014 -0.082472522186000568611 -0.082366610235204543167 -0.9931837818866533496
1.1565592208550299347 1.0323798819842378016 0.66115240767407845723 -0.97092904051840356328 0.013810554863779470752 -0.23896875706321205057 0.17184251918550094707 0.73520004792180571052 -0.65570651829586579229 0.1666341707992595178 -0.67770949389107482119 -0.71620031765699054827
2.7746903876600863548 2.4896639503973632124 -0.51768395046566872963 -0.79544707176067463994 0.0014664484419619531162 0.60602129133903304137 -0.34222071627433642282 -0.82638135547827895611 -0.44718993355219238683 0.50014891520421678184 -0.56310896356453288281 0.65784447840907589455
3.409927995413079671 3.0733362108156208059 1.5629915851607096844 0.97041197233842235725 0.0017007512392992257463 -0.24144919007400145183 -0.22119691370602317937 0.40720343914728585055 -0.88614743948937391149 0.096811824221507122856 0.91333590019882138211 0.39553129345107618242
1.4141594522102096665 -3.4323693810908131319 4.9843745975950390914 0.9929547398534320779 -0.01023201094461242272 0.11805164359200689961 -0.046290650163974024489 -0.95059351409359982288 0.30696766388442264795 0.10907823023011641028 -0.31026968417052053217 -0.94436998193217691622
1.130331257411585355 5.9711370339287324072 3.5654000780163577211 -0.99948764981370208371 -0.011895524798515539483 0.029714211407630718165 -0.0030375954501663457452 -0.88892656951744908334 -0.45803965660178297403 0.031862374106284924169 -0.45789523965179257381 0.8884349940320186434
5.0864843831192221302 -3.7417195807339829194 4.5704352344368066596 0.94057369724502715158 -0.0024925944140477968025 0.33958048681265901036 -0.08876791200090755618 -0.96700985843864772917 0.23877225860937964508 0.32778251608326464117 -0.25472675685043499882 -0.90976530022564106037
2.4630449283971964647 -5.776646201984992679 -1.8728084130906417215 0.75626983681456638742 0.00093251850259849083935 -0.65425917214343332073 -0.13979663553461016412 0.97713491083053727326 -0.16020070764268254382 0.63915008770844872199 0.21261819405980342257 0.73910802250896279197
0.2633343984562415141 -4.2608355010285201558 -5.8086682231980724112 0.98909659069220823291 0.0055047820011578860178 0.14716532083417740995 0.10003490533933449835 -0.75848931274618014431 -0.64396193999622997062 0.10807845296288899617 0.65166222832466680348 -0.75076986366001874362
-2.8574112059683023368 5.49606684758612829 -4.3696616672140891069 0.98892939932791124047 0.0016843321941731473693 0.14837724276278749236 -0.087371091656959595784 0.81483159003337946036 0.57307571247303734641 -0.11993721477294583266 -0.57969530178261818865 0.80595807682765330249
2.3238590383285844254 -4.3033266292571781264 3.6830187443468838104 0.95173480707241087106 0.0028035756842134636549 0.30690877630014107291 0.20252075701932573115 0.745633698890139196 -0.63483519913111075006 -0.23062133462230316461 0.66635015348003290292 0.7090777622900068522
5.1944727793040792463 5.7251834298395243295 -2.5795839402910503146 -0.95917930091191128117 -0.0026587663173333153481 0.2827861376793352477 -0.005450030012614986985 0.99994388396361377769 -0.0090843875186277719957 -0.28274611557855894306 -0.010254749406840939913 -0.95913996592761019411
-1.2734995666704500561 2.0987719347885569476 0.72644540162590709453 -0.99702404499852237407 -0.008124426279469791623 0.076661903136098510925 -0.035990967835166635946 0.92846036282571864362 -0.36968365516448664643 -0.068174070797586014403 -0.37134262933191874989 -0.92598971253023265593
0.40880242628531171523 6.9583917341039676074 -3.0715541198580633697 -0.95311729690588298247 0.0044378406691465699385 -0.30256854415006828596 -0.24715047713724069833 -0.58834144800976473366 0.76991621765279105727 -0.17459684988485954515 0.80860042426654954451 0.56185522502350959684
3.4934677654561321347 4.652867358132056097 -2.4858899680722954528 -0.8809163547472601552 0.017347956612414869998 -0.47295393469151719712 0.31962675337006379861 -0.71518945615964168994 -0.62156478369359291491 -0.34903454623991692074 -0.69871531412971565889 0.62447721762423491487
6.5483940528077093646 -7.4074590571588760923 2.2116317896513582042 -0.83593952174483976414 0.0019312153057323986141 0.54881817243282238206 -0.03976458553793296713 0.99715241724809566826 -0.064076786071829983094 -0.54737911334110844752 -0.075387845066387626503 -0.8334823208048131038
-2.9260986483699498173 -4.2973601312058429258 -5.7775062337702758342 0.99849585851743072329 -0.0079900032258222990905 0.054241869178754439917 -0.022274481174718072096 0.84488288819813006647 0.53448737376880273153 -0.050098582933586141563 -0.53489163863190192227 0.84343409162166560478
4.0825264297129164603 -3.2180508753420502543 -6.7351689837990953436 -0.93466083265085941889 0.011029159638149181252 0.35536950565005087643 -0.34394317993998690941 0.22515636339958575163 -0.91159623792187527425 -0.090067845988866745977 -0.97426021660451100903 -0.20665142985366058426
7.1267091033813407819 3.5128392750593806504 7.3786497847464351807 0.99906073729031230624 -0.0069913329106649421685 -0.042764055805851887426 0.014027419925886056365 0.98593768116342750396 0.16652363301451397759 0.040998471862527530174 -0.16696709294430378545 0.98510969702806916448
-5.7627814033331841159 -6.2211333495958687223 3.2950961392040931663 0.84282580653834493489 0.0054799284559900419619 0.53815855490460218213 0.41863436346959093104 -0.63507900752058576987 -0.64916864059281298438 0.33821580323120514766 0.77242774716523654455 -0.53755506309013612043
-5.1989221778403456042 -2.0956834667234707226 -2.2904386354023573702 -0.96068939833019073582 -0.0023063771333567727531 0.27761585070109012774 -0.25968717279609093707 -0.34614870548521187166 -0.901522959206326302 0.098175619280672421496 -0.93817682465274210291 0.33194245504819097636
4.5450990530365196207 4.2802129941647670819 5.9220026474437563735 0.90298843624790381401 -0.0088368482669831278919 0.42957396815362752784 -0.26593563874832798488 0.77377952638142732944 0.57492910919211159815 -0.33747610292590690673 -0.63339336487341546533 0.69636393163938392625
5.3228623427167773841 -3.7386975883572293178 2.9552789477389449502 0.94273811776578853028 0.00095506044567972921307 0.333532500921442987 -0.32134913835875089649 0.27042401105957963869 0.907527181696766716 -0.089328453403375349118 -0.96274084887997068982 0.25524593103630804913
3.5519442168917909619 -3.5309518148934686543 5.0299199608823093044 0.92124715639029108871 -0.004134289948923739258 0.38895576160966283119 0.29301149084200001083 0.66503176442446132466 -0.68693305244477598226 -0.25582795601205021718 0.74680362877607453509 0.61387001634686877427
-2.4388296681135606114 6.6006773591271601376 7.1839389121972416774 -0.74209435141607260622 -0.00020105528912744106973 -0.67029540739373105751 -0.18024153181882041075 -0.96310858231978269117 0.19983705579702606969 -0.6456074378474854214 0.26911302131029779527 0.71468120022662640078
6.4244776761622581773 -4.2419896347070737974 0.2392060221193294256 0.98853477035038961329 0.0026769674892403822961 0.15096967130249711042 -0.1035595596924711731 0.73964410534170499378 0.66498271784271267837 -0.10988369034768329102 -0.67299289095670233873 0.73144114138945526271
-2.9319762096815211727 -6.9292545522546857839 2.4131438937162066338 0.91943371463095957541 -0.00027503893396736136742 -0.39324492209486350269 -0.066521835113268340534 -0.98569692114416640472 -0.15484322749162052202 -0.38757772104828175364 0.16852745770471150299 -0.90630127780255731462
3.339986381211998534 -1.1789619290062434143 -4.3468385612158062514 -0.96535835818475079773 -0.0039665296555877731927 0.26089750271979389451 -0.24803157630329797367 -0.29650623025525230103 -0.92226047978668712624 0.081015908557754368058 -0.95502268143862734107 0.28525094302786896394
6.6952258930912575963 -2.7519307713877418919 -7.0343797964036340886 -0.99895508275592181935 0.011888916030042117472 0.044129313519357740714 -0.045702622611728103974 -0.26226465734487985904 -0.96391312875907964042 0.00011367704096663575324 -0.96492274467104088842 0.26253396712451360084
-6.5366681179022769754 -6.4389808736107614351 4.9080763798272233345 0.89042473708462632764 0.0021236082936598871251 0.45512556275784032955 -0.039557269801829171574 0.99656606199853980943 0.072741367037463228185 -0.45340821562214861373 -0.082774237299240424615 0.88745107788873689447
-3.7987655940338327376 -5.201799923771098122 -6.5105889893990083195 -0.9699832283683331724 -0.011952515507394824434 0.24287789948273275087 -0.031553026153764207606 0.99653384470677752738 -0.076972091659164493249 -0.241116036846685311 -0.082325170676321876573 -0.96699825390142624126
6.3085031737277272867 3.7122204048029296963 5.9873365484275620219 0.55501245429111178975 0.0017580453815597288716 -0.83184017987723435361 0.83011781927352357169 -0.065522924993205444721 0.55372479845596644932 -0.053531128387802009994 -0.99784951549673484017 -0.037825424211126598695
5.8510984613638541418 -4.9973433818565835551 -5.1358013656911998268 0.87317715255938543883 -0.0018513523740775828311 -0.48739945911226240094 0.063957233382658046361 -0.99091084698201192804 0.11834342242557832625 -0.48318850622352821356 -0.13450749357470989653 -0.86512230443203808061
-3.5033464380846570663 -5.6323692126364699462 5.5889299659848852286 0.39878310925310289647 0.0022923411309407181607 -0.91704240738717024417 0.70874939815487592032 0.63380179014863169407 0.30978957603419493561 0.58193326283132107424 -0.77349210466339846093 0.25112475312879317668
-1.1368311025651463009 4.6163905394850477393 7.4327055954313747677 0.85853190469197593337 0.0066006213890313870582 -0.51271766150900288661 0.51268634871651352913 0.0059140182767480654891 0.85855560811601749904 0.0086992221315853116015 -0.99996072732135254935 0.0016933248962354985334
-2.2471141331059945045 -4.8747376376181579261 7.0289788353403794829 0.99364841818284221908 0.0062521952010004848074 0.11235537858851286919 -0.10956134224336153138 0.28154975999944237275 0.95327123366339405752 -0.025673592043893522785 -0.95952625951533632165 0.2804464725613947107
-4.9032670280287655729 -1.5992869670749807476 1.9072833592940285907 -0.96268758051315383995 0.0056988870099684372367 -0.27055525316017237092 0.26562991206650204967 0.21092074970029614511 -0.94071950503930168441 0.051704662664651103443 -0.9774865523537933365 -0.20456458106428435095
-6.6793294167979704312 -0.62348281061433574735 -3.8132378949877154817 0.72791217467807722841 0.0027749362753463667833 -0.68566476188013436577 -0.66256791404107040488 -0.25454446651694639936 -0.70442236892993348452 -0.1764868982070249559 0.96705708947009971777 -0.18344743243502495411
-0.20131135137329450591 4.6018974135789809665 0.93152618169465417619 -0.85653024014838108346 -0.0099248241182856127007 0.51600140075176792465 0.51524625964388914845 -0.073822687989806526354 0.85385683967563430485 0.029618231454028101646 0.99722199564796509819 0.0683450931768142117
-5.1806139161781930014 5.5209629400950834821 -5.6948980556148143251 -0.94366219155276198638 3.0240102776787902705e-06 -0.33091036282422542358 0.11346378242314865414 0.93938080504066268084 -0.32355783594179149398 0.31084986458398139453 -0.34287563796801495686 -0.88645849230304807342
0.43684979028851678162 -2.9531959507954610444 -6.3872844997078743745 -0.51127833558989888019 0.002027754806962462665 -0.859412794742351549 0.37596848550676331691 0.89975817079226150241 -0.22154668130732801945 0.77281444180483005457 -0.43638414533877623036 -0.46078923189984094533
-0.35954553194524641047 0.99854971816519044747 6.5853527376467582144 0.77841077419734860943 -0.0012786137013837779383 -0.62775395798073441167 0.58962692473856148645 -0.34170992195047744655 0.73182950122560863626 -0.21544548321310688643 -0.9398046043660828186 -0.26523677983174220874
-4.3984574668285905119 3.8975132374248833145 2.3480026614277740293 0.99511588970865927362 -0.0031874008571715246874 -0.098662082509301737843 -0.096726767517225781257 0.16803185202191103786 -0.98102458131877401382 0.019705291039774062295 0.98577641338274957228 0.16690285894243109266
5.2104621118959189019 4.9904996465218864898 -1.5346646622566584295 -0.96815379739954054994 -0.0011110433375046088224 0.25035373007734001982 -0.23135222374245908994 -0.37819529994192169209 -0.89635063656540081567 0.095678488441006875886 -0.92572516476787247708 0.36589417345071090226
-0.7250609360446398366 6.2751195425505006398 -5.4763815671054416612 0.99926100154292785138 0.00083169984106483928199 -0.038428623066408137965 0.037662791087560744396 0.17854212717490861029 0.98321117924450052161 0.0076788646882266550081 -0.98393191690246606385 0.17837886068109304327
-4.1896647362539987114 5.9135589547661515653 7.3697078433797074126 0.99330108037268804999 -0.010037814817994676272 0.11511822620311271126 -0.015768100002163682599 0.97512763775242139452 0.22108246677101031641 -0.11447414884065429397 -0.22141664879794509257 0.9684370588130337687
-5.1603678904662659832 -7.4870681429212595503 -5.9403219989752980013 0.99928061083583796798 -0.0012852436457399499421 0.037902624664031138446 -0.021694964569737060223 0.80036908947393525793 0.5991148880865465598 -0.031106097793998567502 -0.59950618742706618391 0.79976542930822314137
-1.4723986855941042506 -6.7764935421921528302 -3.1153804987677076177 0.91785502085567571839 0.0065201140056776133586 0.39686225419328668984 -0.12617227822165449913 -0.94320956806033151576 0.30730484364529520036 0.37632793797209695974 -0.33213430842475338833 -0.86490698012486499913
-6.4195377536794788753 -0.58566383932107912713 1.1207093668059255887 0.9825918178697412575 0.00057669301447911525647 0.1857767124276440418 0.17902198428505952665 0.26427795288335459434 -0.94768575633613005849 -0.049643213009427762661 0.96444638578039387777 0.25957411341881780897
-1.1291772631412850814 -3.7033132449650723039 -3.433621226779645319 0.89794051777183947483 -0.0092634627230151339594 -0.4400193345774538467 -0.43543006249244231576 0.12681818084303328464 -0.89124508957159309652 0.064058467211253994344 0.99188272354451700874 0.1098415928167391642
5.6113628815058458343 -4.0494455117606529271 -4.3734001304351215467 0.91170795413568028742 0.0093281092498322705497 0.41073299446661432066 0.35743946156108702406 0.4748735411350887281 -0.8041965874392220659 -0.20254786516933870333 0.88000460584455819646 0.42961175031377424327
1.4860033375385850452 2.1091531286685825108 -1.9582766285600750056 0.68833742902254246854 0.0091803185458680432868 -0.725332548255017584 0.724915386515577298 0.02748417092370598197 0.68828940333385257855 0.026253879707122673715 -0.99958008288484767601 0.012263429385419015449
4.7258284963609034079 -5.6986079019503739218 -3.3212111550042195951 0.96489799679372645347 0.0040121415381617099583 0.26259428497932629787 -0.22857142484304038277 -0.47957488887888544138 0.84720896460199801581 0.1293327473175671094 -0.87749178268353478227 -0.46182378868371570801
0.56135029440919870236 -3.0709601316988046626 7.0748102630084046538 0.6486891266835187464 -0.00085658298007642175859 0.76105300944690879028 0.30085288023961387349 0.91883534321043702775 -0.25539999318530320904 -0.69906363184912378994 0.39464018844141651732 0.59629620180973474941
6.1108461611840025896 -2.6966799588547720745 2.9486552944965866985 0.96190544003732714184 0.0061037659760215887822 0.27331423026912576857 0.19405324513360158734 0.68895957417543729484 -0.69833948993684247242 -0.1925649565206747349 0.72477406768800012316 0.66152950676993360624
-1.9920152130767749821 -1.3532195430315800966 -6.1356780006642708258 0.92335556545935648654 0.0018234718150392445479 0.38394162926896563404 -0.2510521243644294187 0.7594626983243707441 0.60015767986926371602 -0.29049497514980959778 -0.65054829552032367168 0.70171189572941772283
-6.292786107078577551 5.3252877007648997676 5.8022368293115516025 -0.59551054225639910022 0.0011656916780018382156 0.80334664698644320247 0.7919481954241398558 0.16871514189109346193 0.58681620347527052584 -0.13485269676915651038 0.98566416291733538468 -0.10139481305525899213
-5.987974793293401099 5.6603793835165401305 -4.2538022376355852927 0.94520908710509632389 -0.00078663670456083877036 -0.32646464258279456194 -0.24397035651310355897 -0.66617786306104265215 -0.70475919285264332359 -0.21692912851177728606 0.74579248854503132904 -0.6298692858307928244
2.7248036406415487853 -3.6116375773005504612 -1.2757997137930101594 0.98161348176535023757 -0.0026074304625038251595 0.19086166121809020058 0.17452537593341302391 0.41720939310450116944 -0.89189529400080891364 -0.077303722884759257239 0.9088066480896378474 0.40999342777225189494
