1125 14.717824617146108679 14.977075390850430381 15.033177056927090831
-5.3043320855056697027 -7.3224291779229249144 1.8816561809294267693 0.80600348161468227115 -0.0027638766735947825626 0.59190434076011888553 0.59143877840568304105 -0.036167067979969255709 -0.80553840044518776331 0.023633853324606442226 0.99934193556531036862 -0.027516118868195497266
-0.52108832505619140374 5.7409776256078330903 -2.6257715600912763243 -0.99985877788034505098 0.015048811752623170862 -0.0074804786233986057808 0.0095065019916923086674 0.87353531640836745709 0.48666793340756953068 0.01385823637707047154 0.48652809194557244954 -0.87355501545832936472
0.57727604539871590905 -6.9195393739351507278 7.3921981230744657765 0.97095932447006805255 -0.0001926149128906048209 -0.23924454669649428129 0.23033383543680061023 -0.26962445258714656804 0.93501282281047959355 -0.064686277350883975013 -0.96296553285492958452 -0.26175001061304425942
0.34092433156417539797 1.5024499325751441425 6.7103530470826466825 0.54691885367235304471 0.015189742787198845173 0.8370478117836459564 -0.26058687011415132551 -0.94707786106951641347 0.18745134887768047371 0.79559678897152674715 -0.32064434625620957808 -0.51401649058382525848
-2.6622985610317400074 -0.083480071386431001224 -0.75895883670988284475 0.99127607289482455588 0.0088402807491818613528 0.13150512059442404089 0.094778884542281519043 0.6455297006682830796 -0.75783135894479092265 -0.091589903107296380402 0.7636840020528785633 0.63906027466691672778
2.8186501791389662053 6.0927510713971777534 -4.4693676679379814587 0.99979054073319750806 0.00057030807783846511338 0.020458480128961915173 0.01474103980564349034 0.67337429657357716906 -0.73915475947837427917 -0.014197760595884373336 0.73930151593432413826 0.67322484515304492625
-1.4352217506512889855 -1.6032690663465198888 1.3897776515026658561 0.87276669533382067456 -0.00043866405276488801279 0.48813738136917372845 -0.33393303857976913696 0.72885500173455608497 0.59771156270518455145 -0.35604356652099700131 -0.68466794435003142105 0.63597388682132383053
-4.2617660500027074733 -5.3022596615612691551 -5.5073268521703129252 -0.99891416238694519247 -0.013312316917386581017 0.044646146543746045854 0.046580555636263655528 -0.30317280225584786191 0.95179646133456108359 0.00086488122346816374841 0.95284260724975911039 0.30346370094270341822
-5.7778065799019406867 7.2926968724256013843 0.24315092602756874229 0.97781690654740804902 -0.00072038326260411358892 -0.20946020700372491863 -0.16744043625461901836 0.59812667460124535612 -0.78371434938845629947 0.12584831177640737332 0.8014012491744828548 0.58473775339428668563
4.3570642049319801004 3.5294564059231552378 -0.71178995040174963815 -0.97501617799386042229 -0.0060647870721880683259 0.22205105495797267112 0.045683513528586752739 0.97278453870998493613 0.22716350463598472542 -0.21738553135360366708 0.2316321644430796578 -0.94820360216230781258
-5.7839993670131129022 -6.4366892573219809393 -2.0234324438885638031 -0.99656421251627391733 0.006957509014594696721 0.082530984485593164579 -0.035181295884458396728 0.86654002215304160028 -0.49786611295302296565 -0.074980309093373442852 -0.49905909777838503016 -0.86331800060751329173
6.7182741867286761561 6.8195249615449791136 1.2359854823559488501 0.98923263139928696575 0.00097095363564933089961 -0.14634841380694457724 0.093484657801181120229 -0.77357514377854341703 0.62677118287594846269 -0.11260292949378788996 -0.63370383790607454078 -0.76533654433349163071
1.2725189941145456096 4.9193795260315127393 1.4031976058522699358 0.989586985099811689 0.0026999888106082063806 -0.14391076742728808879 0.058357930567297884583 -0.92148554688363804033 0.3840035661613798168 -0.13157488689331664489 -0.38840326587859852481 -0.91204766991312247182
-0.63162729583213050866 4.4161538319500523997 -6.8337489625559078021 0.99109844154944604089 0.0047492454305372343651 0.13304632210717343144 0.13232847134722874882 0.074426761946961600414 -0.98840772598007631267 -0.014596397819526159279 0.99721517325701980461 0.073135787387381051561
-2.9624424166006222414 -0.67919128207434964484 -6.8493242082722840536 0.99679359822893520704 0.010456197690609224729 -0.079329631661876218174 0.065767067165948836505 -0.67177174968169073299 0.73783291415193041907 -0.045576478650167721873 -0.74068440260300749678 -0.67030545300961563715
2.1120485038466347838 4.5188775335860507099 7.3667079128810284416 0.37970670499693870426 0.0082488515788198234213 0.92507014578786539438 0.21365183217836863916 0.97214543007784082196 -0.096364710270487152766 -0.90009761292153711576 0.23423325815584336573 0.36736775577947028415
-0.69596611815723896655 0.02122195718922951363 -7.3358919741272972104 0.14312830775295726227 -0.0044170979025225662676 -0.98969428449693253036 -0.38319690584157817259 0.92174625466476056701 -0.059531280558418490922 0.91250995549267610585 0.38776839899304210713 0.13023536335875307568
-3.1811963361182646892 -4.2681148497793985896 -6.871751077397752816 -0.88829367310707985084 -0.0055904032597383704339 -0.45924187277436229193 -0.43836281925409098514 -0.28798032092057829212 0.85141374986446871631 -0.13701236810433287117 0.95762000926989021554 0.25336047211934153989
0.95756671906133750127 -4.7997491754227521454 -3.252738965083986411 -0.9208736730730451292 -0.012037587529342096831 -0.38967521697858742424 -0.2286399879065964813 -0.79291296442762648766 0.56481216946232648546 -0.31577750738601162439 0.60921599398666725911 0.72742040011262998345
-3.8690315880186627595 7.4018617437575544571 -1.5306762606036337093 0.49314123450461355702 -0.0029494335316796469262 -0.86994426469342311936 0.81993241817188367015 0.33576304959047026388 0.4636528918925947873 0.29072762590077722011 -0.94194186411467195619 0.16799694094399783562
3.2396106242284896659 -5.1210467897581031238 5.5166366735170813129 -0.54159389623376497092 -0.0018513611480553728017 -0.84063822422266953893 0.81212406676631165858 -0.25940212022505276801 -0.52265193025732503695 -0.21709572022793174884 -0.96576762861706433316 0.14199413992860404621
5.8456798826433216121 7.240754512301896817 -4.1813810782517411013 -0.97978569970719919802 0.0065672877658669234768 -0.19994212507708650217 0.15022107069214940545 -0.6358867219507895463 -0.75702160257606410099 -0.13211212120423548866 -0.77175446067911612769 0.6220461718013989838
-3.0513547344303626474 -3.6785784544464852353 -4.6832733921743860961 0.94132457050204654259 -0.0015884635830436776016 -0.33749893296522781583 0.32861577447444662026 -0.22365160526186095291 0.91760102017730083013 -0.076939753936171501048 -0.97466785945123268764 -0.21000675707461927133
-4.8997971756825400291 5.5193857928267293644 -5.0368404382866494018 -0.92432914165243340587 0.0013824510157739401325 -0.38159366703515346098 0.10606031789013517508 0.96152325335668720196 -0.25342502288330620575 0.36656083650764176296 -0.27472007950557097988 -0.88891058664824840196
3.4235873646557348771 -3.7334604448412145317 0.5447318270372103477 -0.99424637110027791476 -9.2953615406118211828e-05 0.10711743515187875653 0.046865366250234033463 -0.89958886981421160023 0.43421596326322142723 0.096321290482002441813 0.43673774357854300288 0.89441732560023368137
2.1392326064851050482 1.0072929182887551125 5.7094129194061720156 -0.76944637091270384754 0.0013915338074306155599 -0.63870990748757860977 -0.48924480294320671359 -0.64413831576775015808 0.58798414345368432699 -0.41059932425939699163 0.76490776816130490179 0.49631069011675882363
-1.6142346125107747135 -4.5526868347478091081 0.28874470374968452813 0.99789393321789521263 0.0027078753830792577639 -0.064810226492425349054 0.029962890170407634888 -0.90539350257818984602 0.42351485298857477479 -0.057531932522079318182 -0.42456480412319497209 -0.90356781917027051421
3.4219498447958938137 -5.844233500128094505 -6.8484471342778148184 -0.83358730542185810464 0.0042793113258692595802 -0.55237115396622271657 0.55000926836782659812 -0.086265853826221983169 -0.83069128271161796206 -0.051205555840296519687 -0.99626296225358723646 0.069556459749482671406
5.232585343680053569 3.8479907041951006974 -7.3776163242836041434 0.91460206504884666856 0.005177306966422752163 -0.40432197330977404093 0.18393978143125022662 0.8851442074419036965 0.42741769832214460134 0.36009612524370793185 -0.46528800492234639874 0.80860240728053833781
-6.281537798843005227 6.5549940689865486831 -1.1150515209446063558 -0.76713180649098655639 -0.0032395285638510459142 0.64148133014492625392 0.56121707871126125244 0.48097040046145994596 0.67357469106446998808 -0.31071559670000065134 0.87673084771476350596 -0.3671496134176776005
-1.5853633718897062188 -7.0525289878380377218 -3.35997222732262113 0.93969621455149110467 0.0039227579993508744291 -0.34198777218955578316 -0.17894433792336078559 0.85778489047862460648 -0.48185475570107516585 0.29146174411523112502 0.51399386536825930616 0.80675916981524964378
-2.9568826174156654929 -6.7377048991153269952 -0.045897900997172919046 0.76799894305334071021 0.0093393028490182990881 -0.64038301108902118131 -0.1353533800742591775 -0.97494167261476727404 -0.17654517127823146638 -0.62598489276620850053 0.22226451003588343358 -0.74749006789860528155
-5.4123390266653412795 7.1268105127278111866 6.7113576287846203883 0.91415389538876379305 -0.012229087939739397006 0.40518280436587850168 -0.36432538705307498939 0.41346826572412359591 0.83445251847406187728 -0.17773482465242188 -0.91043640230788591694 0.37351825853437903291
5.2600855968073885194 -1.1950478657707312991 -0.76653983222185895219 0.93836558846961948266 -0.0022283198932974554105 -0.34563717532499621532 -0.20615132303980468476 -0.80625938409824937647 -0.55447942934117644409 -0.27743765855610574844 0.59155797699297185677 -0.75702543251265297375
5.9488106548005230678 -1.343310156868009031 -2.0181987506603404903 0.9501766144143702908 -0.0069477885874002567879 0.31163460920423496914 -0.17775163943283933676 -0.83334887613356456448 0.52338705116373474002 0.25606396876385029149 -0.55270369899315463513 -0.79306359456243302741
-3.6275636486981701623 6.4318964076355182868 -4.6046081922214785465 -0.97644517473253411577 0.0046909631507014975388 -0.21571466247347212408 0.2010674762815670702 -0.34290088897245568633 -0.91760059411684347097 -0.078273180100592559816 -0.93935987523765762663 0.33388071832665600081
-1.3189463274384001235 -5.5000591532484737201 -4.4579404639641948549 0.95694186004038472859 -0.0032161305268583423138 -0.29026183525724696954 -0.22087688588111181742 -0.6568842695246582819 -0.72091362709712791812 -0.18834988130049107324 0.75398455750458948099 -0.62931042360556921356
3.262062389878150892 -6.8080713232143619251 -4.7399266446302670275 -0.95245542225147139526 -0.010281177553975940492 0.30450445975685330735 -0.033116516151721078765 0.99700259365990295812 -0.069922275373638709262 -0.30287285283049936169 -0.076681977175632715094 -0.94994100311269291659
-6.0084323383685127595 -7.1134986574497878209 -3.7933383211645472777 -0.96857070687750501659 0.0042242743594301038201 0.24870251563860837352 -0.20693534914978095607 -0.56847058786348159121 -0.79625307032785097583 0.1380164738395899815 -0.82269274108877699092 0.55147811081548137047
6.2101409750779357211 -1.1422840196642549682 -3.1826079006082061973 -0.9576493666514707126 0.0037636225216693438948 0.28791235766756706482 0.12234254751592972543 0.91048457515476011181 0.39503182083541826808 -0.2606530099951379631 0.41352590432856589642 -0.87238542791006523647
-1.6794136909884724851 0.50163558452507461816 -6.3379192409131004382 -0.73341971023359942006 0.0097614005415637156854 -0.67970599798767150634 0.67737768093333805552 -0.073425403200106958979 -0.73196187574089888184 -0.057052660010058042772 -0.9972529394412952275 0.047239483077290332635
5.763910765406746961 -6.2438070455016507765 -2.8036529212348968443 0.98829811166775594078 -5.5058741088222202349e-05 0.15253471553212047396 0.11952327121683768707 -0.62101041186408689754 -0.77463556334187810837 0.094768296975057550457 0.78380231265604660695 -0.61373683657046484985
4.4632464787770507186 -3.1320503933327521473 -1.1357142712845127441 -0.96395057853921839452 -0.0085747354611939805707 -0.2659431443856639099 -0.088532887179367594777 0.95286878287124343601 0.29017754998806782885 0.25092072457584518874 0.30326153158810215116 -0.919277560607941302
-0.4493983650730872248 5.722443979365243294 1.9398662222437121905 -0.82927621393139316908 -0.0079776323262233540118 0.55878199540617512486 -0.42275922108055541404 -0.64497653078671779436 -0.6366159876453696409 0.36547996114557862457 -0.76416073709447451812 0.53149107789708815996
4.6913266608617840703 -6.0512627747499108111 3.2179668277235351503 0.90184737751509969073 -0.0099794456059151097349 -0.43193948457451653011 0.12764024856119890461 -0.94895683019223286969 0.28842486262226540994 -0.41277024434468412295 -0.31524806914048653095 -0.85454044976629750519
5.8810516685098477296 -1.5125409111311731714 -6.1088804022846563413 0.98782300966014013888 -0.0010449509077250147306 0.15557830717576245916 0.13424049193033665839 0.51120917581127123253 -0.84890792721748042915 -0.078645991076232726891 0.85945569207725502903 0.50512446133965127615
0.7686556022832828905 -4.1191864453802242707 -0.7279954097935982249 -0.89930696190769288112 0.0044699900750558843252 0.437295103394748641 0.014277265252639788351 0.99971482121697330392 0.019142516449486411678 -0.43708482925080460735 0.023458376496314596593 -0.89911431787676254768
-2.461354793864380941 6.2026055322465802888 -1.4541037550966233738 -0.91943075022699916055 -0.0021862022196273067295 0.39324587226936030815 0.39258606444283578041 -0.063271307365490331298 0.91753633370535003788 0.022875260485266404875 0.99799396901187875653 0.059031858124339940674
-3.9303731831023314136 -3.0315538306053908535 1.2779119779286942649 0.99999879475464281686 -0.00031905732008908910952 -0.001519437942150468103 0.00089941972817042178945 0.9167602505929700607 0.39943689611366983705 0.0012655170429785155689 -0.39943778130662266346 0.91675943263839598796
-3.8820400003651864829 0.52547362602994218683 2.050851308743391499 0.98527508409687158952 0.0046952896413846572504 0.1709121496943078744 -0.16931745732858249909 0.16571717587434453556 0.97152942120352014932 -0.023761466742240298922 -0.98616214279162339729 0.16407199889933402059
2.9381902466695484222 -5.1955789040863518125 7.0683338187188642365 -0.72662368069851135388 -0.0025872691545605901349 -0.68703080912448577511 0.62063993691384700124 -0.43135385070994336498 -0.65478234871237506187 -0.29465928689846604405 -0.90217911831078212437 0.31503768525126152333
-3.9302924488346770993 -5.4522090292899729747 -7.062476046423349807 -0.95820469127161556067 -0.0013448600220908463188 0.28608034007388682962 0.28322488628701003588 -0.14547077680998271587 0.94795670622775207725 0.040341460223722105938 0.98936163481605776671 0.13977167860908254471
-5.3533462908720883533 -6.263322352898440748 -4.6994786818166236486 -0.996239581155413223 0.0034533719785289646725 0.086572346400875688222 -0.012591622575534209064 -0.99436777115012475736 -0.10523396190831157959 0.085721339118621606157 -0.1059283244462588397 0.9906720154015526969
-3.6758203819802770518 -2.6105228708495444856 2.9896058911065286345 -0.98953938637809013557 0.0052980651857545933703 0.14416564539308965309 0.084937314996068727369 0.829153639165925882 0.55253044728715028366 -0.11660812719361211831 0.55899568259817877802 -0.82093018674489215414
-1.4978520868591760351 -1.3849724923962272172 -2.8773193468319981925 -0.87503301874724626064 0.0018029833071553853004 0.48405987785953386027 0.20874189771722884146 0.9036419276396704392 0.37397605103696540674 -0.4367425285446554506 0.42828497039114321598 -0.79109288196612148614
-0.71320714174834365373 -1.9939803086362415385 -2.3308526312709947348 -0.83115488023447303689 -0.00012594410406809855227 0.55604096000240843534 -0.55357293389046058341 0.094301646955819884433 -0.8274443825691469856 -0.052331366561711556429 -0.99554366228684543216 -0.078448993328693636395
-5.1108980836489967814 -6.8910155606878529255 3.4201550420359816407 0.94188748846834080553 -0.0043673529270485643428 -0.33590011207976300245 0.30503371466117118471 0.42998529779089544878 0.84974530101881862176 0.1407209720929737673 -0.90282532635725798453 0.40632996210117477975
-5.1378021094749204423 -6.9988887683891336522 -6.9975855821904913157 -0.99882827570645438264 0.00037288757462301293233 -0.048393559532124610922 -0.047845013628714162801 0.14271906847949741848 0.98860615118624484143 0.0072753226868040110978 0.98976316785741824678 -0.14253400026871049233
-2.8253326685405597551 2.5735428957722001897 6.9067641554858560937 0.71459882007207997656 -0.0061957851641980359048 -0.69950706829723163782 -0.63374266310270399583 -0.42910393423620191156 -0.64361483092493532165 -0.29617353581146727004 0.903233871081799089 -0.31056369848345288798
2.048805848553725717 0.60203055225044077581 -1.3605429842916254568 0.97960792109286953799 -0.0011920514775963062144 -0.2009151560865579389 0.12412713497203468893 -0.78273247371291898578 0.60985435061064985351 -0.15798979490980477602 -0.62235717526869460681 -0.76662296541118146731
1.4526887155710723754 -2.7698891987260361169 -5.2769360813518160214 0.98722816455361317445 0.0046488642849038964294 0.15924490313003411557 -0.029526309131706885563 0.98759598573659768128 0.15421532357698164439 -0.1565527009702953054 -0.15694762507839701837 0.97511983612329056204
0.17563822549249044624 -0.56422841258234213146 4.9528398766807555376 -0.9191294770482891785 -0.0078254448593455278732 0.39387785776003070293 -0.36834086603346399835 -0.33755833856845401941 -0.86624440804693692009 0.13973550311427393456 -0.94127208100297443671 0.30737738806513059675
0.18982763460128837529 -3.8881493593873153181 5.7297660772373415483 0.96528512712089142855 -0.010850801248410943053 0.26097295544087051322 0.25460031158021900755 -0.18406679220689223242 -0.94936720890815007312 0.05833784965636389791 0.98285384270449360766 -0.17491431953537539545
-2.5940101646791680068 4.9905534096151891177 7.317076570232762478 -0.97229945101412129649 0.00013504182958830367525 -0.23373865602731935809 -0.22711561576434463605 0.23581805724042967376 0.94488535863106537516 0.055247394813928110691 0.97179721425975695848 -0.22925509748572389657
1.5038120891605439855 2.2235041796422918559 -6.8246941832060423749 0.9879524694132949536 0.0062428517647826198278 0.15463164288740385843 -0.026520359412500388308 0.99123490693629190407 0.1294219062124292996 -0.15246832037135035764 -0.13196357858471360891 0.97945853674885385853
-5.3731391669950099299 -1.7059544549335905472 -6.1169789225413211398 0.98869747991497014539 -0.00084201466054691434526 0.14992192708606266738 0.1387486485061273922 -0.37370515478479265914 -0.91711137263979847223 0.056798818188443719879 0.92754716769486111883 -0.36936451637073741683
5.0174218808763662025 -3.7276691408673201522 5.5742352844799807343 -0.72651540445131501667 0.0027529431597044067004 0.68714466337080337688 0.64686177548306833529 0.34011642567040534235 0.68256183632546285622 -0.23183013288577689059 0.94037930554276349948 -0.24888059625655581386
-3.2254371818697440411 5.6455212200126760891 -3.3826108059282127272 0.923600493333371797 0.014478802388018205058 0.38308288006095925216 0.37578521047485335949 -0.23181401940708090681 -0.89724452408180443985 0.075812956035081799366 0.97265236579557901031 -0.21954446248876208214
3.3687445082560998344 5.364023571797780221 -2.7568801063887335978 0.88263937318252683184 -0.013375983915678353597 -0.46986042604396915934 0.13390549481270269672 0.9653317624908315242 0.22406228327255972577 0.45057413970051962693 -0.26068308610377305401 0.85383093950282251683
6.7020694621748244657 7.3273476350346093966 -5.5258240598505308228 0.9721226541067898852 -0.0096815334224644618299 -0.23427294611826832149 -0.22421133091975348206 -0.33073131724861465353 -0.91670391887362256966 -0.068606300436338585325 0.94367529569314756444 -0.32368211541394392716
-7.2032739574671120764 -3.6179332779946324905 -5.3420630565778530752 0.85510689734334388579 -0.010015195878097481186 0.5183549845109423071 -0.27735751022044641267 0.83587473981055671057 0.4736942377431058171 -0.43802397838488754678 -0.54882885784023394127 0.71198446553391336877
-0.11380839625602362508 -3.7232404505667711092 -6.8651345537350083603 0.8799563944471350263 -0.0095647838818052662718 -0.47495816529548418039 0.44422082734244056068 -0.33775939695330431389 0.82981109074594738839 -0.16835854723395463073 -0.94118388462569368969 -0.29296466492440859097
-2.3315328943506363757 -1.4110383251883937827 -3.8746127042493530013 -0.98461215433171866973 -0.0058008611970866621327 0.17465753791776614245 0.17225654391449318759 0.13614394137122251549 0.97559853951636144043 -0.029437877314101589671 0.9906720836065020519 -0.13304974311121778308
-2.3487532090880232083 -3.5011585159249793975 0.34638169145915498337 0.94978992183323840415 -0.00051241103358129480583 0.3128879061563622499 -0.28033811131152081009 -0.44551046881199529714 0.85025347133968065538 0.13895915849724549407 -0.89527658274623245216 -0.42328500169020838451
-0.94669388465562653856 -7.4598560924191730237 -4.7602519158419775991 0.84478801530704705769 0.0078707114403505206573 0.53504323292146149793 0.12434180906898754937 -0.97540948431313123645 -0.18197651614856852342 0.52045395926167292711 0.22025982342114613921 -0.82499290086371035446
-6.2122552780695619035 1.4834195705769217533 -1.9810290096843230501 0.97509004799947884834 -0.0078535418830744697927 0.22167029609802912926 -0.21620098768784137833 -0.25696214069118539225 0.9419275933817220503 0.049563406007516158658 -0.96638955920022273638 -0.25225916961262234706
3.1749631433593701324 -4.5821024686980793561 -4.0309280686782633651 -0.995956795836155373 -0.0013463133176993785471 -0.089823428281520040217 0.079690148287379164449 0.44830955686686591033 -0.89031905600628180597 0.041467349731219953213 -0.89387735661124845254 -0.44638966189186529698
-2.5018122987809174873 -6.4468637148956791094 -6.4542525150160239278 0.98958028106199202867 0.0024744725402583477372 0.14396091246926970286 -0.024981476825711369794 -0.98173696044576885811 0.18859604001727489631 0.14179842435286224567 -0.19022727848621293067 -0.97144572126848804938
1.6354159216229888774 -0.46503068323114643556 -6.6445305372830327784 0.91897287248086079181 -0.0034123703173984960141 -0.39430599205841909694 -0.21425608750028363181 0.83515062556682739814 -0.50657453704709687337 0.33103351584611173664 0.55001071657212474708 0.76674964821793700764
-4.2194752178775667417 1.9818579392604114275 0.91862405859418561072 0.94203565294564872712 0.01616655781740576614 0.33512306842047084876 -0.0040831391972213550851 0.99931688627359804844 -0.036729943952225257986 -0.33548793801495602196 0.033232562597138470828 0.94145814576629860415
6.3264847575214551156 -2.3896164803812078858 3.3317596185520561569 -0.95587332222086673905 0.0026442537365096163704 -0.29376725445238949241 -0.25586571622266901516 0.48386590953319186248 0.83690293155987427465 0.14435694347056193809 0.87513815452975285414 -0.46183794057879423711
6.8207142437601371299 0.12030159833918821488 -6.3909497691011498688 0.56748199640718777204 0.006548352493269114262 0.82335976512905384439 0.0036188032787214281794 0.99993888139314701657 -0.01044690102748737498 -0.82337785251756090421 0.0089080052689284282275 0.56742361549867514903
1.5878562217834546466 7.3459968515400042577 -3.21660848001069688 -0.89967210059344027151 0.0055189311889799327546 0.4365313881183069955 0.26707490319780113897 -0.78402043151603451054 0.56034182339656235516 0.34534201524838376018 0.62071048352995916719 0.70388734051707602113
3.7357235341170351717 0.72822698782748429558 5.4120191831641095703 -0.82805024919096781311 0.0048101465131099238604 -0.56063325561838972533 0.36212647718816726172 -0.75880507626850424163 -0.54136796243262363948 -0.42801541950499061295 -0.65130002204798365106 0.62658685107997125208
-7.2366726607676374883 2.9524051496325358634 -5.966102601701631869 -0.94974805982054433251 0.008664523951941173821 -0.31289542804541659038 0.25667358483726765428 0.59369744103482580133 -0.76265458718570888763 0.17915717600433544998 -0.80464170568855564181 -0.56608694716692209425
2.9240579057354461057 -0.12866024066426159922 4.2198588402948882248 0.77466841268141484189 -0.0010620841555487800512 0.63236676254437540479 -0.12336627513489621666 0.98053087064952415552 0.15277425785347176213 -0.62021739136619336019 -0.196362123844174008 0.75945526778509386823
-5.9790555597746868344 -4.968950041067862422 -6.7456780569112773094 -0.94635726054069779778 -0.012612853056210446279 0.32287590705995916629 0.3074973500453562214 -0.34212227813042817015 0.88791763498760856166 0.099263866220638527493 0.93957078644699554282 0.32764832079269079479
-4.3258004840633805799 4.6744667639317034613 -7.0490584994791980478 0.84000262251223056786 0.005044244421108960881 0.54255889060150586101 -0.50408903033157892448 0.37717998867709001676 0.77693597267789860084 -0.20072330126798168526 -0.92612623963468332366 0.31937492792689942123
0.40826085634794745394 -6.5739359860592907481 -6.4505673271681720493 -0.99500049434235737777 0.0025430760285284760396 -0.099837613266735444895 -0.045958525545757217268 0.87587647285862324509 0.48034177230619751198 0.088666962213298214368 0.48252869039776707938 -0.87138064745258636545
5.3117298866811806235 -4.1637235004927948268 7.5014101380115496553 0.99571266225661625437 0.0060465482866934195522 0.092302402329351079802 0.090949962608018616872 -0.24592122137707100871 -0.96501339740846092674 0.016864119412098192707 0.9692709590874564185 -0.24541680738336427159
-0.10327880377300251158 -4.7870085652638341145 -7.4502577111794199283 0.98462583550430105017 0.0044544341630625428063 0.17461993607216766411 -0.16284507253330970933 -0.33824938468259330149 0.92685966365657934674 0.063193721279918235734 -0.94104596687841457481 -0.33232370034752450882
-6.8906690282957079319 4.6865908720170379453 -2.5419518748633982419 0.99984813042892328738 -0.0033284254271196459483 0.01710665548528515767 -0.0055253158158028586877 0.87040929053544291438 0.49229781416820184159 -0.016528368426765235877 -0.49231756878444865588 0.87025871124822762326
-2.0785680888869446648 -1.8889661196769447216 -0.77880179790415626773 0.90941959592195331652 0.0043183067859245260339 -0.41585736831219433096 0.061098962758395616857 -0.99048311891996643208 0.12332926613148857686 -0.41136712958487919867 -0.13756650522994740005 -0.90102860184117639086
-6.8012480590165926841 3.8893200784895216593 -5.3681654010459141091 -0.87997368753541260755 0.0087413764922017033604 0.47494199391311953118 0.40610584822885281708 0.53251712185358646146 0.74263285341211082713 -0.24642311027882354835 0.84637409179963962735 -0.47215097950831502738
1.7739762969662116188 1.3258835216680078251 1.1082730175689596841 -0.96363202683828252937 0.00075516963313830825361 0.26723163467377786251 -0.20616003255956283358 -0.63837292285355595745 -0.74160505145419775008 0.17003340209096237667 -0.76972686135162904364 0.61531227932425047733
-3.080309682737786936 -7.1937621984611332948 -4.539124582306179434 -0.99633264878575622525 0.0010407393944605316735 -0.085557991007060255062 -0.050601555492573530026 -0.81349563348732190082 0.57936546055055704318 -0.068998083635590040652 0.58157009135502879538 0.81056492232018095834
1.9738910726536611495 -6.9296126594121059128 -0.88441090278003609004 0.9998745571694145351 0.0010350393620409854833 -0.015805018786762912303 0.012187407616992220263 0.58705119987183362884 0.80945806304247358565 0.01011617619992007111 -0.80954914453818305198 0.58696494406102650565
-0.84718230442327568941 -6.1450616343351995852 -0.92542101467954474003 -0.99937140165073323761 0.0074625901573015110749 0.034657052830924933717 -0.033905107114008695146 -0.4867648817656526905 -0.87287478689178865654 0.010355929430331011973 -0.87350115033002762033 0.48671192208310631866
-5.744976386888205333 0.52174523306977427239 -1.1931485047741940964 0.96657485811292620514 0.0082854887586475481354 0.25625064749182979718 -0.13011663564511494195 0.87705100403197444603 0.46244047990505082746 -0.2209133422687484527 -0.48032581338341434618 0.84881352970198531427
7.3232713880610402768 -7.2255431904490032835 6.8673785764393189268 -0.99462665252252646653 -0.0083609883469305569526 -0.10318873952937521188 -0.04957640786880904149 -0.83654886779672887887 0.54564473017778936104 -0.090884552453275396777 0.54782851848170865949 0.83163929227969746183
-1.7755965250851764026 3.0603368157712598219 -7.4252438023496569741 0.91986695347968139291 0.00014276182487805641474 -0.39223050304002288202 -0.22262154933097116905 0.82350937693554271402 -0.52179684923611135972 0.32293100450325340489 0.56730264032379340566 0.75755084358234381359
7.0554838760450921953 -0.78607697838702494941 2.2929764887000989582 0.79487666828151470888 -0.0020028357260267002499 -0.60676772398564160493 0.19266856866056389364 -0.94740963215353690696 0.25552653786443796369 -0.57536936386283388245 -0.32001715196492575011 -0.75268792841141007877
6.3584997057156513733 5.3929485775834544725 -3.2646912708333060138 0.99086925413170523491 -0.0075538347523240413281 0.13461448955077404133 0.13014049820741313557 0.31451835231509639446 -0.94028807116936985455 -0.035235946742064289117 0.94922133648460327304 0.31262962498721497129
-6.58227737724422024 6.6363091652619070615 1.7923152036282885557 0.99006024386114599434 -0.0056213434677662120487 -0.14053154102623680033 -0.09913701175987710279 0.68086729865552286789 -0.72566629694429618525 0.099762550212517092652 0.73238522794981009145 0.67354236055048655185
-2.530319495116624573 -3.8618475454340845943 4.67579500895391309 0.9485404954686733614 -0.0026197982961903088298 0.31664501435031067178 -0.17697901727339476752 0.82482053292417778501 0.53698185808417575604 -0.26258209364117279794 -0.56538856118916036575 0.78191202764477629739
2.1853622821409643961 -1.8607317747419758192 -2.252048008391862588 0.97940892657436851021 0.0015439112054798564619 -0.20188058570500416744 -0.19851924918367364059 -0.17450755224661856913 -0.96443621972243598339 -0.036718690744079435229 0.98465462500677458646 -0.1706077583316086832
7.3436724236150485723 4.5244824604717157612 1.1808343383848298735 -0.9997807667172308177 0.0070492171866242273395 0.019716161880168933673 -0.0022894223400424674325 0.89917629078211658289 -0.43758057159870622499 -0.020812905793679319782 -0.43752977799495834654 -0.8989630227768876658
2.2870463694601177451 -2.8474553782206335484 0.82229928500747695441 0.89985733636352160936 0.0016032090194095290764 0.43618138877466561265 -0.35003306723034993686 0.59931727334465556556 0.71992753643403795127 -0.26025684628434336831 -0.80050998469196132934 0.53986122139900405426
-3.0173139311411616426 -3.0640361234366744192 6.0595183990226075821 0.41508085556691631801 -0.0077006297517741104791 0.90975193522367436838 -0.90428878311063798368 0.10625332727532080246 0.41348763848894426465 -0.099848285323698993121 -0.99430927318631212586 0.03714012888488064934
-1.9884543715990605772 4.5452095614077689945 -0.30981463496153499593 -0.85154653954495251877 -0.0076709626816350122425 0.52422289850845105175 0.50531541283338732296 -0.27850095535196273122 0.81675795155061681196 0.13973125828568810913 0.96040531766520897961 0.2410327804641634597
-5.0699179542982655278 -1.7997396881314831063 -7.1617939236519534418 -0.99920209786647085082 0.010469428960404024778 -0.038542945870352937621 -0.033647926072498363093 -0.74056487191162034822 0.67114192803118855046 -0.021517079033687519507 0.67190331264830494007 0.74032624819211534373
2.1074291385307053481 -4.6456376515219988121 -7.4113970231411174794 0.46411185941572141722 0.0031876323665535675859 0.88577086255400916404 0.61267551677029419288 0.7210425061731584595 -0.32361460943803965762 -0.63971000703444746982 0.69288349907570689901 0.33269139395033064943
-5.3422130079159888538 -5.4498407702507103423 4.7538943042081704959 -0.89075475179719776353 0.0033179073692271021656 -0.45447218137232686663 -0.12040257720782163164 0.96252159395436642786 0.24301316954682397609 0.43824558360843973714 0.27118475742966113851 -0.85697119892408735176
1.7168963307086475556 6.6392318633257092486 2.1312148109014485975 0.95975828869456736303 -8.3982938500413474581e-05 0.28082738511202104403 -0.16416474822282556278 0.8111716688149378518 0.56129355880237419285 -0.22784635771266953386 -0.58480810242247271979 0.77851494566150170051
-5.4930357330283730022 -4.3714287509494669237 5.1846163554310109589 0.44746322627054480048 -0.0041096434411669255371 0.89429288936372863805 0.87341540104558412771 -0.21285140080202544222 -0.43799522645001476295 0.19215149843797843521 0.97707593973420303612 -0.091653748644758600839
-0.53351774732766266141 -1.6526838822074092494 0.57812711465238864061 -0.45563464350165150396 -0.012503575058992726782 -0.89007905955129296149 0.25859183804933832951 -0.9586403373486092061 -0.11890737951170685105 -0.85177892257053222647 -0.28434550149217591164 0.44002307081091801555
-1.8938243338705913477 -6.1213095169131079842 0.44643951377664181646 -0.86595886553911405326 0.0015542499733152887777 0.50011281477411995144 -0.49964370893545467789 -0.04610229361191801184 -0.86500331944152142327 0.021711916439619480951 -0.99893551485100862131 0.040699261096292120576
-2.18591469273262895 -3.3648351019702791298 -6.2436200540044568541 0.84878663769008000362 0.0022777598641009347627 0.52873060767154134165 0.52741374582034639129 0.067016547794233355395 -0.8469613468402777956 -0.037362874601570082722 0.99774926416000364604 0.055681428409805923396
-2.3075484803119921118 0.51027616004099307645 -2.0024555291430123916 -0.99872755984942018781 0.0046317740845421874474 0.050217605140971746658 0.048438656174183046532 0.36521360275104514104 0.92966269203064877402 -0.014034164930685624068 0.93091222520403460461 -0.36497324721171003903
3.6827653237778132933 2.8495089526441019778 -3.673643611668051534 -0.99786564317197190555 -0.0038801203885635363044 -0.065185142806686025008 -0.06497154036241489794 0.15906918090268593047 0.98512724793797734613 0.0065465349533025555054 0.98725981400682327749 -0.15898176790874191111
3.7813841871018993857 6.5600832354065943264 0.32511119601685328773 -0.9744057890404212996 -0.0065743352066149514379 0.22470010325138026208 -0.11051314833402864357 0.88444999214834729706 -0.45335974174383258939 -0.19575546564498011448 -0.46658867271436393898 -0.86253974294794588662
-6.1788555790025636583 6.4923787160424826226 -5.5790217188676693993 0.99668522150020522066 0.016745488456227142215 0.079612548378096684165 0.07807524911097554754 -0.4719213372389065575 -0.8781768084701467858 0.022865360682786106672 0.88148161641352273943 -0.47166443071940372667
5.3134697853516366095 -3.7716088173635400338 -5.8519725541978679928 -0.75874818067259663934 -0.0041992661126855328896 -0.65137052780285153997 -0.61192051885777354325 -0.33817739864448576048 0.71497505246465520301 -0.22328116115523388707 0.94107301162568168795 0.25402186886752065043
4.8189203429757982988 1.6998245148933543991 4.240285618770244902 0.53084609661780035594 -0.0070240761421192206629 0.8474391329529068484 0.84478684463232511792 0.083869063453791303786 -0.52848951487394324467 -0.067361775822114958179 0.99645202721948777924 0.050455412081971191818
5.2844738681666107993 3.9504754104530830361 -2.3070942744756912646 -0.7324706694342993929 -0.0058747198206292013459 0.68077324131125327433 -0.27661263055604445871 -0.91113489776752387694 -0.30548101526433052433 0.62207087300016961073 -0.41206636084144293575 0.66575456680938593923
6.9539727563926501119 5.8458577026325082571 7.1681757625542568135 -0.98220575318089764494 -6.9996075088951887136e-05 -0.18780802304217361631 -0.16023340989340556506 -0.52130991657226877223 0.8381892538307967877 -0.097964854781670787642 0.85336742730438541749 0.51202238353768270152
-4.7775876082784529686 6.7134289981749279974 5.8045647712621768477 0.97958634219865037274 -0.0031797213805308493888 0.2009987252443365402 0.098665208999511283539 -0.86355069908229076248 -0.49451528454387483347 0.17514501052269287884 0.50425199998253400491 -0.84560874274262765038
-0.32319121224465036102 3.40615552313241432 2.8813387407092250214 0.87036147267489116786 0.0011457984752152338727 -0.49241201653602606481 -0.28534864198943521441 -0.81380348894487652966 -0.5062608358304898637 -0.40130668994921114834 0.58113902684890550443 -0.70797625106722761323
3.1670054885963256908 -5.9073703848863647892 -2.245378419314540519 -0.81306295497134895012 -0.0014764220193876544801 0.58217390136575064563 -0.049145111793102852493 -0.99625330823272972847 -0.071162516974503375877 0.5800977411093375391 -0.086470607800152768374 0.80994409976640913129
6.6939717542439565179 -6.694478643614960589 -5.918083622087655371 0.94607568359082117038 -0.013258724670662750539 0.3236742299570301018 -0.24861742298734457179 -0.67026964811143441292 0.69923384915758057812 0.20767806312962977522 -0.74199919477081699437 -0.63742216548692121059
-4.6270402548233553475 1.4524475948713286844 -0.28661444509430550331 0.99817346304072818164 0.00035414189848881165446 0.06041202086113528491 0.052531779799532475617 0.48875999373507955648 -0.87083527755546386029 -0.029835378196127478045 0.87241821571281263914 0.48784865183816783496
-6.9145185867123712953 -1.7454006640683696894 -3.0055076092763877149 -0.90094711636778779251 -0.00018515799706334511165 0.43392886424514887089 0.18259440867218862392 0.9069946598641441815 0.37949962964354005956 -0.39364143002262708126 0.42114208136259606574 -0.81712041455062212059
-2.6351374284361539502 7.4282381894343476603 -6.6732242947813675826 -0.90279915296721513496 -0.0062512205296666942256 -0.4300169899475562163 0.082515608064827203338 0.97879903307981275251 -0.18746633635883247493 0.42207210737899586439 -0.2047275630783534639 -0.88314311472638151734
-5.3880384300391286345 3.314037561796635778 -4.921477122326424869 -0.81620310995120648467 -0.0022820256078295098404 0.57776056949673981755 0.52895679674289375338 -0.40521559900379822139 0.74565744514724852099 0.2324159858649028354 0.91421830581275542738 0.33194532506324647692
4.1965602512339348351 -6.4323474280376649048 -3.6502641947096687858 -0.99995704050501521554 -0.00034832853085833836992 0.0092626028613624258184 -0.0073903316932574479592 0.63311230621502156968 -0.7740246706123631304 -0.005594652982743001865 -0.77405987261082676021 -0.63308768229347889278
-5.185724984111067748 -6.1113454667738311699 5.6294633261851956263 0.89852449496006081553 0.0085345452208271561922 0.43884039637966337777 -0.066290836161471189403 -0.98570352979920927705 0.15490021427527631004 0.43388853061330134864 -0.16827273361833142151 -0.8851130041541764859
-2.1723807528284915236 -0.36648720969334502851 5.7142562032463706245 0.68944802123205983779 0.005403246191599299364 -0.72431500809376725414 -0.066930672713056180156 0.99616922392434081868 -0.056277547532360201743 0.72123623804509640056 0.087279334533830077447 0.68716854314929565195
2.2881678497965811658 0.55019442039323140925 -7.2553113874897423585 -0.1192289206219040304 -0.0099780057768318643208 -0.99281665169758315237 -0.25465668316528816684 -0.96619174320980738546 0.040292543633181292229 -0.95965329062449977737 0.25763143199906068936 0.11265703280098528227
-5.0981933920091186963 3.9010909290208646283 3.7914853936600350082 -0.9295550639924295977 -0.0016803959125503032269 0.36867948041021164629 -0.19410188342459816502 0.85241342938405129104 -0.48550572010706738446 -0.31345149841241459754 -0.52286568225046348157 -0.79269138791065762994
-4.4393742895710657237 3.5356485465386175981 -0.45774535220400386359 0.81230841080096150009 -0.0014931389899061357687 0.5832262136410121256 -0.10146646722970961707 -0.98510883650255021138 0.13879890587645982158 0.574334050679558894 -0.17192542214730924255 -0.80036369698374476567
5.1502250014895665231 -2.2138378686016588759 -5.2847526699507243464 0.92845112962588305372 -0.00013527624038159932057 0.37145454849404402342 -0.25635833547852149294 -0.72390231618786404777 0.64050436411369904288 0.26881016299103360767 -0.68990247014948102855 -0.67214260239519907358
