1125 14.717824617146108679 14.977075390850430381 15.033177056927090831
6.0105748351101819793 4.8706618422528613621 1.4785452182008052002 0.9993750855296401614 -0.019503290124510751918 -0.029479825252430709448 0.017555313021318696282 -0.45001208979612528083 0.89284989221150479199 -0.030679788254095563538 -0.89280946495412627506 -0.44938848436621481319
0.35525252871002260813 3.9115675730022796408 -5.2351199056300723456 -0.99886761760540665467 0.010687270065555368875 0.046360163479335581016 0.018605099904400686228 0.98458974700057722007 0.1738875509025836763 -0.043787358413486021647 0.17455317917447374376 -0.98367365263251815843
0.32806596889596484345 5.7328063647341664932 -3.9317285039159259874 0.95663265210568726449 -0.0051095843808167873065 0.29125222930064831317 -0.040491607600939685807 -0.99247189840517269221 0.11558529573390137479 0.28846906010707218382 -0.12236593898410036418 -0.9496379195975326315
0.51586678971806776417 2.8232893551744258076 7.3078880625191811049 -0.88700511751373123381 -0.003710094019760948672 -0.46174468779493260673 -0.061896039438255362475 -0.98998810741911524858 0.12685593194868657885 -0.45759239701542220313 0.14110202823151252183 0.87789487743272143216
-3.8014183159702423787 -2.0893525571920159578 -2.882904661758459941 -0.96812237358447994495 -0.0027931369989188390215 0.25046210921197498145 0.20617867328951081096 0.55891398907697587006 0.8031846036215618545 -0.14223018120559727251 0.82922093027121424047 -0.5405212524539554364
-5.1253910272335021503 -4.7584132529401754752 -1.8916489749828733213 -0.99998804525694828804 -0.0006847821359046088463 0.0048415304051205101943 0.0044346825004273043164 -0.54411889570512295133 0.8389964010219015389 0.002059838430013710437 0.83900784168567765775 0.54411542769491572091
-6.4064316822314486544 2.1384704473987730111 -0.26958236309696087529 0.99185341142860139474 0.00011092737831165894007 -0.12738444933557005467 0.024167902506873624457 -0.98200094875529597704 0.18732338116787269899 -0.12507087081263162931 -0.18887594960407538824 -0.9740036719311980784
-5.6863843839754473208 -4.959111767656801284 5.3405604933889829766 -0.95724841962035689402 -0.0079147074378703441422 -0.28915881542960908401 0.2819661648411673216 -0.248699883269992289 -0.92663015812476057231 -0.064579757039142329789 -0.9685482566540104532 0.24029924992198903322
-1.0812206080961643817 3.6330432076090737326 3.5072324117693574053 0.99295529450399477867 0.015173126580155226265 0.11751408148111314178 0.018801162714509621343 -0.99937825798050572423 -0.029826393622558775021 0.1169884583929012567 0.031825676830637639192 -0.99262320489553701464
-0.66963428632697419296 7.3067188323674177042 -2.234912124426425617 -0.99977869320012202614 -0.0059616396857387482511 -0.020174822806860011337 0.01750984382835572839 -0.76737982479905619826 -0.6409536721640274326 -0.011660617142236401333 -0.64116508275460959432 0.76731438580563438023
-5.1330158827405094613 5.1782824676539149777 -5.3104474700254424846 -0.98050732402094031848 0.0049355383330191796715 0.19642053864770145366 -0.073377406961971924915 0.91815740473074358707 -0.38936196050167598548 -0.18226668288205224999 -0.39618508376704741902 -0.89989790293768467944
6.940810812238961347 0.30213997588651225756 1.4990553193504774221 0.97468233390363345769 -0.0024889263193847823222 0.22358030597958028496 -0.045789596786147142293 0.97652364299499927469 0.21048726207973741942 -0.21885534218362345804 -0.21539586792099701951 0.95168637653383159059
-1.4176165881911648725 6.032526272862549277 0.20711309911948572182 -0.99269428873405340941 0.0043187329621147459852 0.12057942469751577186 0.11394425827660925599 -0.29512716879248956925 0.9486393731268244478 0.039683184355501485707 0.95544822088181347031 0.29247896008648216482
-1.8569876224297199308 6.2245921450266097352 7.4226436616592810225 0.90715175387984148259 -0.0014980596910005113034 -0.42080096393665633592 -0.32082328016008343496 -0.64955684991872664202 -0.68931003302661575383 -0.27230152100237731139 0.76031155097174241142 -0.58972724807230003652
-6.9601478786133883503 -2.728522533319003518 -4.4587722098240174518 0.84331682068689062248 -0.0037952068518064575875 -0.53740332744736851733 0.18374894759447771286 -0.93767249299441191024 0.29496884604909889838 -0.50502778557671701432 -0.34749948530401209013 -0.7900576203726578095
-6.2966985141238529522 6.3865759986387331537 6.6412408545407446425 0.97333959142915738028 0.0064595790796183856844 0.22927780877065365162 -0.11208926095855933913 -0.85871815971752862851 0.50003911821879898358 0.20011506023861225234 -0.51240745116490982181 -0.83510033328707888867
-1.5429923959338720518 -0.14604684740565535006 -7.0145637198104058285 -0.98310698349848579802 0.011550985560552619671 0.18266700229945262435 -0.010806735248539502819 -0.99992875602244979394 0.0050692556352040108597 0.18271254327427982611 0.0030095866835972481107 0.98316177148945604891
-5.1259523465186207503 -1.3347703500171463897 4.5807504745306459881 -0.82463988793973119762 -0.010189675630715671131 -0.56556628765273753157 0.37212713741493624875 -0.7627854643380338473 -0.52884754797023703077 -0.42601695836924746708 -0.6465713463379282322 0.63281517465743086781
3.1539417268017628793 -4.51590168418623783 2.8019311295001418927 0.75843615296371846846 -0.0013503157150831883448 -0.65174594630492532765 -0.58349791860271194022 -0.44690495294276005867 -0.67809006925449621939 -0.2903528557873031879 0.89458042661503323068 -0.33973677965957532754
5.6913712992473266539 2.9770508523480021523 -7.3624007962120359139 0.94787104078279871278 0.0078678370857321530685 0.31855703913868177457 -0.23796199699310474629 -0.64740021977308181977 0.72404906147629521929 0.21193059720641790888 -0.76210960666914651096 -0.61177967389460641279
2.6030605735988268101 -6.6800583846536980559 -3.9584162417250801091 -0.97626219083284393463 -0.009372319681963250243 0.2163892196346590413 -0.051407720288908290152 0.98054144066959081361 -0.18946168326136614279 -0.21040290170291425786 -0.19608835445612074477 -0.95774734465913524684
-6.401434479367800634 -6.7408866615450850901 2.4334424482201355566 -0.90890640206129247325 -0.005678817396333424479 -0.41696151300167227927 -0.22083333370537147622 0.85473871304781823266 0.46973862002388666603 0.35372558716643381915 0.51902743997824696276 -0.77813156055597909599
2.9229775036874001692 -1.810282280874971228 -3.3704704267177580945 -0.9998719808859913849 0.0030028224221936173494 -0.015716389429619573304 0.0088812326868031830907 0.92118806323833091199 -0.38901629252924802005 0.013309603493989905984 -0.38910607191966029017 -0.92109680232326784921
-2.5685404717004600705 4.1274902058291251805 -0.67504832453879215493 -0.98791686267224843032 -0.0072859771418839671536 0.15481339407498601046 0.12735253439076532622 0.53111300324902677161 0.83767553967157271089 -0.088326691504698864876 0.84726966918269563944 -0.52376760423965462721
-5.7441622885802772203 -3.8417891147519358519 -5.8652948873374919359 0.45649697766281854827 -0.0038092361572154825183 0.88971680837474786951 -0.18792292887169775861 0.9770179441690576283 0.10060273145357209734 -0.86965250657316384153 -0.21312303134943796912 0.44528989582014688597
3.1329736811161663645 5.7366824017298281291 4.1471720570091363811 -0.44343783534525943457 -0.0135071908695611545 0.89620334856494754394 0.18733403832081713114 -0.97919979626868980382 0.077934055930147752567 0.87650946616146019341 0.20244830150463941076 0.436744594639888295
7.2864670965479030329 -5.9972611156563049306 4.8582584686547960473 0.97983870025978558882 -0.0080625917522684047156 -0.19962744322259476371 -0.094581920675428143852 -0.89884596002708483375 -0.42793714541318600419 -0.17598403835204262657 0.43819052335403152476 -0.88148663262015281017
5.0167284171508610413 -3.6392645076236300739 -3.4796813335937115674 -0.64280051318902231561 -0.0018398471677410974112 0.76603140614875109282 -0.6919805579988871358 0.43034128021719847412 -0.57962857925790634006 -0.32858850800877875686 -0.90266438807761428809 -0.27789673423982919065
-7.203003112034564559 1.9778884285750779615 4.0806092615595632722 0.7669989821116660611 -0.0024456098481837758828 -0.64164365533551515064 -0.58718054741521386042 0.40051991234871420211 -0.70342220930910637211 0.25871135687662788483 0.91628479132016882325 0.30576235055750677905
5.7378120438845225948 7.355107954748740795 -3.0804980041841227845 -0.99606581329315957429 0.018551814094177162401 0.086652904061811822367 0.088292590647840688001 0.29130124826304149011 0.95254816214033255495 -0.0075706026990876975138 0.95645146921014900787 -0.29179320249205559223
0.28677155017671318582 6.9627187540816519729 6.1619584455191711569 0.83324371690269904978 0.0022693529136667174584 -0.55290121927833546511 0.51707201129957869323 0.35094524751549366348 0.78068813772013079255 0.19580971215126835583 -0.93639323111796668453 0.29124950359365747721
-0.48672285435023754374 -6.7064217180861689371 -2.8034708301026163291 0.97056257646756916024 0.0010929633647267984232 -0.24084661216621752744 -0.019974057468535106469 0.99691022367430459639 -0.075967380907664264211 0.24001942044159507716 0.078541781013726982841 0.96758558610913203424
1.7083466113247116613 7.125475364436943515 6.3060556445538136217 -0.78378169073436543268 -0.0020511364717079368786 0.62103305395832220093 -0.43407295628529957154 0.71697669919948869843 -0.54545859735337354213 -0.44414741909795335539 -0.69709411534183651771 -0.56284355238784300468
4.5115096286747196075 -1.2861528333423528636 -5.460886954877465449 0.99977983167314410373 -0.0093306148295504640067 -0.018794355713863921536 0.01984339226258410166 0.71160037612931992257 0.70230416806120776751 0.006821140909757253748 -0.70252248670028472066 0.7116288553151699503
2.2817834526955347307 4.2352013985293428533 -4.1957818524447381137 0.99576904399292764936 0.00084201941686379159005 -0.091887442171015631942 0.0040237557894894481619 -0.99939843640494374633 0.034446693610779531569 -0.091803161246059930556 -0.034670683792915928112 -0.99517341366748723885
5.5427805903874522997 6.4050865011553366202 -2.3942587924317479953 -0.97562520784565631704 0.0088212030455474595841 0.21926614009631154034 -0.21230311481908972771 -0.29075645244074876938 -0.93294591097346890596 0.055523339723588582828 -0.9567564328191082712 0.28554209322799228854
-1.3538466319345023869 -7.4561268242098046599 3.9431624269668343885 0.99257412302283809513 0.00029932069872293937118 -0.12164094998208445364 -0.016723491542762980444 0.99083705422763024284 -0.13402334423515599449 0.12048624459267301412 0.13506236476703267768 0.98348422584575723171
7.1456870015176612299 7.1269349051873138734 -6.877195226129037664 0.97994563842258841646 -0.0081467261686264912102 0.19909840930853764385 0.12328569845096722102 -0.76018109128983102352 -0.63790700341265371698 0.15654769974009555278 0.64966017216559157621 -0.74393176999499366353
-4.0396552262001419464 4.326613139734215352 -4.2210145803400482833 -0.74102363922846503641 -0.0030425589345955258644 -0.67147204628317114228 -0.23057854505690603131 -0.93803060301508089935 0.25871243179781705512 -0.63064847630354015084 0.34653907520283977473 0.69440130234139230136
0.24679567847901864863 4.2154465447806401812 2.3576057358938977693 -0.98002400590970928373 -0.002658401546954986417 0.19886146117850278525 0.055125706011775375825 0.95710059192131902162 0.28446372963953459045 -0.19108664102328193346 0.28974366230336340289 -0.93783500989114854107
-7.1073008564446862323 -0.055612777578010974544 4.7748458810798908303 0.94726098656193435943 0.016416851481830502246 0.32004235707984141079 -0.022882850880272108396 -0.99267259222589776524 0.11864864002163300061 0.31964511332629863549 -0.11971470933354162736 -0.93994435468046455551
1.5746933946368004698 6.2657853892827937159 -1.9524459932342930202 0.85764474106209087623 0.011867000267706033501 -0.51410570161510316112 0.2104777763721071282 -0.92025902910939350043 0.32988244117577336656 -0.46919569881023992508 -0.39112976573933105895 -0.79175305655917105341
-6.5104944386710492665 -4.9536403537800008934 -0.69121845617885624424 -0.99970363121444050236 -0.011098284589432474978 0.021667436762583265619 0.0046033894785078247752 0.78780057574035688983 0.61591319328972149449 -0.023905199057847267147 0.61583039949509055244 -0.78751600651404951581
-3.7102115368404455786 5.9177490878655607531 -2.4339407248419298035 -0.49465313122246479249 -0.00017937835772974470086 -0.86909047146734075273 -0.82374915811673621313 -0.318682478241990641 0.46891236128253066529 -0.27704801799297329445 0.94786151197570500671 0.15748952295697357662
-2.2920113699322466339 -2.9821410066538120986 0.24828187337630314158 0.90395812028164246321 0.002712235338347054707 0.42761239523237337679 -0.24508094729059201611 -0.81616439236990023787 0.52326954230352107356 0.35042124086879583578 -0.57781340275804404794 -0.73711371276157700017
4.071298350006158806 -1.8850013207286804295 5.4418295390634101594 -0.85159015229946088965 0.0051188595006575110177 -0.52418318342359704332 -0.056736559482403428611 0.99317813486447537041 0.10187323124966694843 0.52112875119752721798 0.11649459088114437477 -0.84549029265319153303
4.8500528020561990417 -2.3421854819695107075 1.1395524803148775472 -0.74254790243212132062 -0.015253903288196280288 -0.66961924332275524208 -0.61865668838827514442 0.39874875323767711155 0.67695150025968864327 0.25668368570315297506 0.91693334012120630838 -0.30552697960732050353
-6.8051486284035034302 2.1023730092979744377 0.87316038863674771964 -0.9563119772580672695 0.0038680687677220344962 0.29232249348414374168 0.22048175199378935996 0.6661580554584386471 0.71247543268910329406 -0.19197707985716369605 0.74580056529329685766 -0.63790776576061736236
0.35466388396044079556 0.60073308424821658669 4.266525359589300237 0.98515363061722460714 0.0064979479470798871821 -0.17155203512080979822 -0.01323776906050710446 0.9991834721581228651 -0.038172639892916485072 0.1711639142807563907 0.039876881003582581586 0.98443524358359324467
5.7789656827660680349 2.2495132284534551381 3.7440283159821987624 0.99206587062455042769 -0.014986232931144986141 -0.1248227590006170673 -0.11946021225603056792 0.19700309052169301394 -0.97309765183803653699 0.039173537365781004038 0.98028832245790453737 0.19364978394730419931
-1.3904423481407781615 -1.7112343645802543524 -6.9996195008985848673 -0.7435948900643153392 0.0077697141006971975896 0.66858527579719384537 -0.51973359102117999697 0.62235779738936336525 -0.5852758036967927735 -0.4206466852768851461 -0.78269432320128040637 -0.45874389651972263815
7.237781740609142922 -5.9725090632641988364 -5.2964528454148149805 -0.86658478631557867011 -7.9910727666933530078e-05 0.49902986057032594491 -0.098121032435210822631 -0.98045175513125049083 -0.17054799574897583359 0.48928833127344717457 -0.19675962358785201167 0.84963673378993742613
-5.0081201208409451553 -2.9206509503843753883 -4.9945054028361770548 -0.66264937549751068424 0.00042741987904011940341 0.7489296512123571059 -0.3956094761377955682 -0.84929904526486443839 -0.34954867200758388268 0.63591583369405690895 -0.52791187619199808623 0.56295657330979231858
-1.8514079075394898055 -1.7773846379666653483 4.2038562369670851027 -0.98171578593432740067 0.0060362118482479324919 -0.1902568784399689128 -0.06117944469248055156 0.9364616061982496964 0.34539359528505952923 0.18025313088621869317 0.35071815502391728847 -0.91896984963729189122
-5.6151377827080661831 -1.9580577845180509033 -0.68013350465279664991 -0.67677027829334612807 0.008787201101688112484 -0.73614181752943963488 -0.015318279401486747243 -0.99988036229307897251 0.0021474209925191993509 -0.73603487739025197367 0.012729736742786719461 0.67682391585076262519
3.6746931081680767051 -3.8502509542284881761 6.813399226587722346 -0.6828622822030039341 -0.001560207929470123784 0.73054546011567056407 0.13277984775823334362 0.98307672788961353305 0.12621275336142537271 -0.7183791586438087462 0.18318764377819093947 -0.67109885381606348975
-5.8954266876625904814 6.0142656613117457809 3.7841821528681811593 0.72760520958116292611 -0.00019183296663014535489 -0.68599608030251302271 0.65300050620179317384 -0.30621149034497585628 0.69269391659000678629 -0.21019276364923394906 -0.95196349004613822764 -0.22267580858432370339
-1.6511751433331223193 -5.4150763052874157921 -4.3153828741960049697 -0.93271819472174588572 -0.0034871471267579525616 0.36058925252976303799 0.054865335252351800366 -0.98968388927020312096 0.13234649336790008101 0.35640786217856279539 0.14322583260029492225 0.92328749404137366863
4.4631732957834495679 3.8691523115288379842 4.723599743022859343 0.94714853987927638546 -0.0065037917132570125661 -0.32072939387881732598 0.19620588353930967784 0.8027312154158876556 0.56313927856395140648 0.25379695559465736965 -0.59630553954363663127 0.76158178079617355749
-5.3569549435066345922 -2.5775931370893916394 0.8669806346415904752 0.82765233621584854973 -0.003269265913354682182 0.56123161195421189529 0.49134002422067118987 -0.47907507289282119656 -0.72737339457214500449 0.27125005245194344639 0.87776784312995137505 -0.39490128210949804188
0.54584859626923076803 1.1044925460753673985 7.2750007583891420637 0.98670545193475289736 0.00045724050024593954067 0.16251812838346815782 -0.13497416079133958688 0.55930068478378924812 0.81790263474262836496 -0.090522522284821091421 -0.8289647368443362474 0.55192675059986973096
-6.8793976185997234296 -0.15895016702634717776 -2.3708806107217892389 -0.9800252320157281094 -0.0071084312883612447292 0.19874610641981854675 -0.065495122847894673979 0.95514747587015358388 -0.28879696712739572062 -0.18777894848879775336 -0.29604521536995576092 -0.93653419422945227701
-3.7764586817174468081 -0.61101193099962447519 1.9781076513352575663 0.9489386159755193173 -0.00062743414345828004211 -0.31546015507018349 0.13557872340316198811 -0.90212070476091410498 0.40962988636353725447 -0.2848401531927695074 -0.43148330253695721392 -0.8559721062984425588
-4.5374663890396398358 3.4274259752769618004 -5.7088501371130977446 -0.89270660442870830575 -0.003355362585338522198 0.45062585362067708594 -0.41390952934160896159 -0.38931408416822022023 -0.82286903295024782512 0.17819601547062519087 -0.92109895527576990393 0.34615443758550662467
2.4916523470341176427 6.3883578398763019024 -6.2042504040685004796 0.86223737163127689431 0.0088029236860013432286 0.50642790552751149047 0.47574104295467284365 -0.3572206451841103414 -0.80378098428779110041 0.17383088048673447923 0.93397854321650408682 -0.31219690229140312221
4.7834764337106472354 0.50097239937038173796 -1.7716879976112409611 0.99769835886674440584 0.014623996432842293475 -0.066212713605767026248 0.061843735792693088626 -0.5967019051167665733 0.80007636433874362858 -0.027808938453423390907 -0.80232971723506929518 -0.5962329140392710336
-2.6381334425169211677 -2.5500013219988053592 5.9278304388184563933 0.65072378640424888285 -0.0038385720586653045497 -0.75930482625382789141 -0.11374683922944940628 0.98821059097052443843 -0.10247675082137812363 0.75074643547140706978 0.15305258331092702617 0.64261551208228284704
-7.0165596794696076799 3.4823116823899828987 -1.3117546073484691593 0.76238204051870672728 0.0062251079017138968158 -0.64709726651119336971 0.47112193857714784739 0.68018436630491474482 0.56159891989370869236 0.44364145803333843165 -0.73301464914829916886 0.51562756020987920991
-1.3519676377415656976 -6.2739652872492879254 -5.2911864093779978901 0.98166412027672100837 -0.0087429982016280043122 0.19041826315726498309 -0.055231731712647488819 -0.9691413169068424649 0.24023855576508931775 0.18244180105833662786 -0.246350700925633187 -0.95185414921604272198
-0.61921183936122559111 -7.3977447425606719378 -5.3628875890301266338 0.98170697537061146765 0.0085019922457357406664 0.19020812452801819092 0.14727443674827878084 -0.66706239059644245604 -0.73029994340152870613 0.12067168180265187838 0.74495334295481241416 -0.6561119279751586042
-2.6006750345800337954 -0.14488175964312982602 -5.6693229727987368705 -0.91501334068123640897 0.006750833782771336819 0.40336709411964422056 -0.19997860945892223516 0.86077996053295247059 -0.46804531330183862803 -0.35037000746950147656 -0.50893249629803849476 -0.78627512492611317807
6.6445845968525585334 -5.1857853672020066682 -5.7765920188474133568 0.67617178133695354791 0.0056342791861266078995 -0.73672245589614138161 0.7329095329229867728 0.096745660931352256418 0.6734121276318228988 0.075068892853081548022 -0.99529318895947371804 0.061287268961868389405
0.70392700863676749279 -5.6923213888806758476 -6.2775739301199413589 0.87438060045939269838 0.0098389535006393920302 -0.48514096975432152714 0.19093097200026470928 -0.92612161746700027987 0.32533692319084223099 -0.446098564749112525 -0.37709673116361319689 -0.81166133693463249354
2.3122766989100553836 -6.5727074564493497277 -0.022024274775412813754 0.88245408249338397333 -0.0098352378832916084045 0.4702957158921461378 -0.4122704137033913474 -0.49759847163805037695 0.76317027392866410018 0.226512468256256011 -0.86735173321971148486 -0.44316258033043465225
1.3212396090947260419 -6.8309282111885485378 6.9799867524367620319 0.71565837613312399679 0.0028814021897237054176 -0.69844454768576469395 0.29059699425403440198 -0.91055800372480688587 0.29400256594688300993 -0.6351271334158781201 -0.41337128513517207296 -0.65248578913627031106
-7.2316333896514626289 2.6437649784512218254 -4.9541692333487103994 -0.93556661032663168687 -0.0091591373829250002231 -0.35303148279486318284 0.35198467945359768194 -0.10533733468211214923 -0.93005958483942807735 -0.028668851944587129404 -0.99439436649868251372 0.10177396918522295388
3.3318886195380703619 -2.722570396608184673 -4.0361578273081990531 0.94352230768005851402 0.003125929193163730184 -0.3312942551219709153 -0.28730418598358714588 -0.49025471043851881481 -0.82286488782137345854 -0.16499078648957432591 0.87157360415487072913 -0.46166816320165476872
5.4949783093835398162 -5.64028208903964412 -6.5991398959341598385 0.98389773039557548717 0.00053275854163625444015 -0.17873156489797326074 0.17083242149724825465 -0.29681885176431155315 0.93952905915816575799 -0.05255035573562329837 -0.95493365497597748615 -0.2921304070212166204
6.3735840942988284397 0.19076684189904219435 7.0212547013053727696 0.94012315436258730994 0.011874591797928988821 -0.34062802101569189528 -0.079846776857952578288 -0.9639086898506594725 -0.25397741997231920719 -0.33135018765164314658 0.26596810278684107631 -0.90524473013826944889
-3.0646515865906818199 0.86054447815256196463 0.91113927745491629651 -0.97379498946186515695 -0.0074543920365112460724 0.22730541247029681373 -0.15593315188097844892 0.7494352235304766463 -0.64345294923269991116 -0.16555413206372621149 -0.6620357073233842371 -0.73095865244583835274
-4.8903088514222483596 -3.5900763794297811948 4.2340021430710734762 -0.91349424604302409403 -0.0024848249960287838167 -0.4068440586895131772 0.39776871240969530197 -0.21557312533620207051 -0.89180058256356276036 -0.085488676877187613767 -0.9764845381660993695 0.19791319523543543513
1.9851037841225140923 -0.68942803873129698822 -3.7254608006182237112 0.98651898598082765623 0.0077791972942582252731 -0.16346184383153924968 0.15684598981247768745 0.24001860835155142126 0.95801378023738015255 0.046686462482150192788 -0.97073711772776172246 0.23556277822788834753
3.6440992503784781498 6.3311312362445280044 -6.7550706132454756414 -0.8356287651330299715 -0.0079938450940611246315 -0.5492364384516625897 0.3716927568886885247 0.72797691270527986607 -0.57610251608946305701 0.40443672108114592234 -0.68555504010162482409 -0.60534719428805072727
-0.99537247932305350506 2.1821237944645757167 1.9198333772464362124 -0.91413418678835067777 -0.0076597385794969167355 0.40533938489820925399 -0.22771510113188217495 0.83690228757447882035 -0.49773526474325180402 -0.33541693645561920789 -0.54729872049681649315 -0.76678523021855404807
0.53795750245000240053 0.8038537177851250437 -0.27670741697526962666 -0.91955509057164186437 0.011399028281549927755 -0.39279574534090522242 0.16154945144096338749 -0.90023694341307081146 -0.4043206901127737174 -0.35821810415278598771 -0.43525108600484146981 0.82597595727041528413
5.8452763505204554662 3.3414563807238542026 -1.4984287852256636953 0.93963657614123874406 -0.0076297135244135965218 -0.34208901217230403002 -0.098189387031901317893 -0.96371744355220734235 -0.24820864865577738079 -0.32778338739455109563 0.26681543520713035811 -0.90629331592126805006
-3.9790044694570996242 -0.96436864166337721294 6.9280871823281939825 0.99545760365001889625 0.00041828042834019148188 -0.095204959834024521781 0.085999694318956043659 -0.43295092475295138268 0.89730571676139736503 -0.040843749981657212489 -0.9014173959920217527 -0.43102026204157134481
1.6746891793331819542 6.0601276782929351938 4.8813601951408447377 -0.59450325343167231829 -0.0076573577633464000314 0.80405674335284482712 0.66725976273991738363 0.55329462074094293289 0.49862758817323793448 -0.44869844070096731592 0.83295043521887957017 -0.32382600541235456726
7.147614878986473741 -4.1568513195888847633 4.764202983384097756 0.8264367436571108394 0.00148494694064083845 0.56302762247161541875 -0.33572507629075293289 0.80407106522399307558 0.49067137191713344757 -0.45198559919867786761 -0.59453134232105875334 0.66501240673763317712
1.3840493999657468294 -5.1838579540255729228 -2.0503037104029124826 0.65775026103366374119 -0.0014771184667702200524 -0.75323463292076764386 -0.21322604233710623634 -0.9594596028695009382 -0.18431474528797039958 -0.72242594705583285108 0.28184231155450778505 -0.63139976436340750077
-0.15257936211536593518 -4.3628116183859040333 -4.584457345625046365 0.96529853043200763985 -0.005654456796180542047 0.26108767543530064792 0.12122388909867280737 0.8952276994358951967 -0.42880314233296468185 -0.23130827018856314758 0.44557310655054499504 0.86484743791101958976
-2.5968419624486371866 5.0521243530081223483 -4.6255898745056445165 0.98470298256250177182 0.0013024845022826555922 0.17423644758355158468 0.1294494625094105289 0.66387951575958636941 -0.73655062637334456355 -0.11663135422541889841 0.74783841308736698217 0.65355553331187665744
2.9506218808613038362 -3.5701625859807348817 2.4972670810122865603 0.91902809864673462581 -0.0024159918079379345823 -0.39418462283702204729 0.36712478551815352912 0.36940297035164526562 0.85367490144301205746 0.14355049897441626849 -0.92926616664926797728 0.34037867995104609253
-6.6841419877477408207 7.2735943579472737142 -1.4353064010167733144 -0.71616971328775691497 -0.003731556746558486494 -0.69791619644007163448 0.10337163654148741332 -0.98952351086469469976 -0.1007845534032739826 -0.69022840171050281466 -0.14432358410947965233 0.70905250619524340383
2.4919417027970691692 3.7514319371069526632 1.4940035083644691571 -0.95131931946014547385 0.0031577069140973218486 0.30819081963775779576 -0.26321199056114602532 0.51190482560738603812 -0.81772421851420318273 -0.1603465011991326572 -0.85903636617256329266 -0.48615380400270535866
0.80394652355977436198 6.5963982784247603419 -3.0432890387455566739 -0.98856318408430332578 0.0028702000560662912013 0.15077994901448571463 -0.15051333781348386065 0.04361470132125658955 -0.98764542876939764859 -0.0094109624064922445252 -0.99904430321195658582 -0.042683884620374062946
4.661332278217947156 5.0878595315705394952 -0.42939154760887821016 -0.74416972787301460812 -0.00033774559608247285009 0.66799049547528688286 -0.20665652875015733114 -0.95082508151623501558 -0.23070488396316196633 0.63522003687095907054 -0.30972818775087751497 0.70750544483432775689
0.86522108315056933669 -6.1172798268968211488 2.841489167786048764 -0.95076012250844121887 0.0010184275214861603781 -0.30992604319928712675 -0.24917373181392205028 0.5921498640946774028 0.76633608151163390421 0.18430312211593516403 0.80582721551087110878 -0.56273871194395574946
-2.0344441870330562949 -3.7131316872879183144 -4.1424324598822916954 0.82142709057896667879 -0.0042978447002010190109 0.57029734647280194704 0.26173425514823311921 -0.88560608173214805383 -0.38366267433896600325 0.50670772102360150946 0.46441726553806911282 -0.72633593393495243795
3.0192765417641904691 -5.2809311947606198956 -6.6628650309203329982 -0.92282768158184724783 -0.0033236697431097746852 0.38519868032693022064 -0.21398747868189305077 0.83590581051696166703 -0.50544122794961876544 -0.32030989537252452237 -0.5488628509594373206 -0.77210824484849815974
6.8094358425864109918 2.7306935120584401311 6.769569920810052821 0.91392448418576388569 -0.0063986480063344709779 0.40583382622618735525 0.18813443352951758625 0.89265593011377364352 -0.40959837078934796528 -0.35964909582288517864 0.45069329675117525413 0.81702391650270633772
-6.5520370158634158031 -5.0626930890503736293 3.3949493444955431976 0.36293989251633890225 0.00018874922162176975549 0.93181253414722486905 -0.14365434224063339252 -0.98803351807473582813 0.056153335754044200745 0.92067261519802001679 -0.15423920232750013004 -0.3585696642072987439
-5.1724235309366823898 -0.61118069252239815015 0.2654322921775209565 -0.97408969518522914299 0.00024624726103888820716 -0.22616190018709653176 0.18207829850203338662 -0.59231342048779744847 -0.78486451386508349071 -0.13415199942065492156 -0.80570760904460647644 0.57692156293478025209
7.300333364095779487 5.3907167766279764365 6.4315371285569309379 0.6007287469658484369 0.00575659712603954557 0.79943219484729521884 -0.76646527461393598735 0.28843353684635192336 0.57387897472661608678 -0.22727946537201609845 -0.95748261415642921257 0.17768254896965529621
2.9285187628347428834 -4.3735920414095676989 1.5040728703175667569 0.97753967384304474297 0.0075743610381701969789 -0.21061532498288343396 -0.20858828485561042854 0.17758882155027341798 -0.96174484031957574448 0.030118324716903475957 0.98407562692885319766 0.17518004167428125051
3.3128916870190665556 -2.5686476142668470679 4.1239905240069960612 0.74806775618284104823 -0.011843970500370094856 -0.66351665579868146505 -0.2293808637317736876 0.93359935659253401319 -0.2752756086610789743 0.62271907913061352868 0.35812283051042581583 0.69567879567660584339
-3.4561058551771166591 -7.4764585063689832367 7.0788629063542067854 -0.95722862577614087343 -0.0010415731024089546451 -0.28933073310689655377 0.12835652665953234397 -0.89773311609702610703 -0.42142597728031583326 -0.25930283465206860338 -0.44053849705594333441 0.8594695297409967738
6.6654775682598241815 -4.3049679907212530239 -0.87046682127397068118 0.89367642246388701022 -0.011398748876348398576 -0.44856718611153967302 0.07862294209493286834 0.98818960789545562395 0.13152844492221185679 0.4417701720445896818 -0.15281154200973387502 0.88401795667289650993
-3.4550887317621046257 6.8208977499739305017 3.591153288272203703 0.80199196237177949875 -0.0071604204871903651131 -0.59729190574579038575 -0.47747579491761010795 0.5931463206852034542 -0.64822396401657045306 0.35892305242037647606 0.8050628364519647473 0.4722796542358242422
1.58622753938035288 -1.5773219735471888381 -5.4005350646573138107 -0.94156431912060667422 0.0051255128750699726833 0.33679424293895648956 -0.14537567228233111427 -0.90814657407772358955 -0.39260121484707038997 0.30384625531265224696 -0.4186209850313695191 0.85582353556314672005
5.5714098452030027531 -2.2922361389023744316 6.5373273428582159283 -0.89000289937448873179 0.0042984382661053806979 0.45593460335164487374 0.00091014490506599945996 0.99997031776206368736 -0.0076508320465873023639 -0.45595395682153866401 -0.006394296147814115816 -0.88998039429846120818
-4.6982102976164075159 -5.9475732122946673996 4.2423612902191019103 0.98742997085237915744 0.00038969708742832070633 -0.15805663794568852731 0.025663219111493759672 -0.98712277218804678203 0.15789246914451138259 -0.15595977637634933499 -0.15996399833680299829 -0.97472461105111807278
-3.8456374679607829847 -4.2658098684587599791 -6.2352869503870351764 -0.89843049940200025993 0.016280401315517636224 0.4388138401158837576 0.3923463379925499761 -0.41900872316907727955 0.81883822637440262238 0.19719784179374158506 0.9078362398809284306 0.37006266057346298703
-5.1481083608851330169 4.8901311062962342646 3.6626903069099463472 0.99850068476964448649 0.0017586924143381046926 0.054710963394038289453 -0.0037356680576155504997 0.99934287334374838352 0.03605365836355117759 -0.054611604066108522526 -0.036203984562766598765 0.99785111324454256465
-6.2733252631764733209 -5.0349583582088017764 -6.6174554564906067355 0.60875125600357016253 -0.006829619580395540103 -0.79333174940290862587 0.10762249567470551226 0.99143046425898373464 0.074047504778594661068 0.78602754833335131135 -0.13045685430662432025 0.60426956106157159176
-7.0870708743566384058 -5.0525557828549567674 7.3741383832856435276 0.96020721387667007374 0.0017248022174699501399 -0.27928324596439169092 -0.23182865842072281071 -0.55272847672310565503 -0.8004665540509247057 -0.15574844960367414948 0.83335961989813123196 -0.53033401208052621811
-1.2031451260486647481 4.1804551404973011586 -7.3695675446414563581 0.93015111527089622268 0.00017362051243603217332 -0.36717689553706556183 0.23234787809396820202 0.77404063493662500495 0.5889614240441075621 0.28431209313984756593 -0.63313589798938962883 0.71993441949357217524
-2.3801671178894054925 -3.419631706869098231 -6.2455709905885372635 0.98433165827771595957 0.014996975308015352002 -0.17568801109836401642 -0.076951649206874611631 -0.85994905383757391792 -0.50454540775656608886 -0.15864939393656621314 0.51015950009338917326 -0.84532103621528908999
-3.7989680960074210248 -1.4150453880982400978 1.1202058380594044351 -0.9892844017923427824 -0.00010548652480244120888 -0.14600123712813578569 -0.11750344118379162095 -0.59295568818177624149 0.79661564958442132589 -0.086656296253108486272 0.80523508413714384169 0.58658941824255850239
5.4037482013664002167 0.37480633839057370116 -4.878378387588576004 0.61332112949473616137 -0.011882499435892205503 -0.7897442613419156654 -0.093171369460463088208 0.99181712962829970959 -0.087280451927887497954 0.78431899634533941423 0.12711249971200946907 0.60719529345089628958
-2.6553315857158485969 4.2891486302443633249 0.4695062470642714092 -0.98863464431517489306 -0.0074701758824680421223 0.15015237771105788278 -0.11503139761942111907 0.68064269926994369619 -0.72352836398593967093 -0.096795235532076598362 -0.73257744464512997151 -0.6737662576705994999
7.2425499113304612209 5.3376994822590946299 -5.8861314300853164738 -0.99855584364917338025 -0.0090144749391721928911 -0.052961933078852357903 -0.044152702955660760864 -0.42392636415712081632 0.90461979670697567624 -0.030606632215710975059 0.90565179678182006207 0.42291613477181433378
-1.0724275142145867079 -3.2746777050823787647 -4.8324208807350768069 -0.88331017294352298652 -0.0044194307217601544804 -0.46876818045444546001 -0.20596879518671129539 -0.89461073655742151534 0.39654569149784091309 -0.42111755340261725067 0.44682446068712461384 0.78930849960446869407
-2.4201639635028122655 1.3295035327309849826 6.0041036826940130666 0.99449487635363564841 -0.0017945853934299461907 -0.10476984475323943002 0.1046594962290816333 -0.03195138697154059626 0.99399471765187574768 -0.0051313502541436685836 -0.99948781299923572519 -0.031587670232441848739
-2.525186701830942404 3.2896911752229613946 0.77708788439529741243 0.99867544963584864437 0.01845129642231079295 -0.048030156723911775207 -0.049154142136606689129 0.066262196788113097989 -0.99659078441833170992 -0.015205808278443285267 0.99763163088237327703 0.067081386818126545468
4.8078975801300316562 5.9936431639723792841 -0.14826322957081933263 -0.7479887345589925074 -0.00082312784956739288439 0.66371091254661451764 0.46450759486277154453 0.71362654925640023329 0.52437566925932810324 -0.47407335644151288312 0.70052585295395231046 -0.53340227038835597018
-0.19031550740806019162 5.9808405151856618431 -5.6197605389527334196 0.84819910121792363444 -0.0025889373323151128499 -0.52967120187584826319 -0.45750676093679426559 0.5003407686607357352 -0.73508277011032474579 0.26691917950991966846 0.8658247008601692718 0.42320413394754052838
-4.8192091781494301728 6.2559752851562944187 -7.2360219370430431951 0.98147521362473832962 -0.019259127791787629402 -0.19061870589470134019 -0.17870197681706387338 -0.45075992620834959279 -0.87457480663814812782 -0.06907972583851453019 0.89243743473779535424 -0.44585133907706658851
-5.3699581810097409829 -7.0865893031812507985 -5.6256194562194581366 -0.33238313335637026391 -0.0029801908021944338925 -0.94313974103685616068 -0.73008433015379281539 0.63387810600741056888 0.25529476608098949919 0.59707480563494641501 0.77342722035574407169 -0.21286618164627121863
0.83729035494357983982 7.0108699637641738178 -1.1928788578134117415 0.99380069014744309985 0.016734795565432461495 0.10990966690813513962 0.10805288557982110909 -0.37808040336433540451 -0.91944536678900945503 0.0261679609514249914 0.92562149673024141094 -0.37754480874502277521
-6.4475711517261160566 -0.69431645740661995791 1.2354291503903651606 0.92453646753128515545 0.0047312575549712495085 0.38106421428224529491 0.33772951282836588538 -0.47341720204485848722 -0.81352008516857876597 0.17655338107581186602 0.88082561725344721282 -0.43928935295622623114
-4.6283386173977536515 -2.7420172712888288835 -1.7825106543215754051 0.93479340797987553469 0.0056141620817137822402 -0.35514752650337166884 -0.3002462892075258849 -0.5217240410130402628 -0.79853377564516747622 -0.18977210072728492585 0.85309583647632680758 -0.48601856299155771213
6.0149501243497827119 -3.3630864786753571494 -5.7530980859609970324 0.98300079658816896799 -0.0012791821173382662922 -0.18359683439560273155 0.099776496133523906451 0.84314878122364567137 0.52834154061603511021 0.15412360210656378401 -0.53767880413335811252 0.82894355589471324652
-2.2810388326019452876 2.1493582535009370105 0.63128998406636038787 0.98589472666852173699 0.0066342193244009238853 0.16723508920456259252 -0.16596327346187156326 0.16787706625901285817 0.97173735262474603136 -0.02162821742819207374 -0.98578561450159096768 0.16661015110928045768
3.7575746591259076013 -6.8752503178706581011 -2.5373732317253594459 0.9926437037031332622 0.0059900980798926499113 -0.12092392742368081315 -0.10669993386192531959 -0.42871226755967778432 -0.8971181169487347784 -0.057215396637800716717 0.90342122532558899461 -0.42491939002450718199
1.2333102558503041823 -3.0733298938284616675 6.974785877199841444 0.94996108627324038487 0.0070758339431486270282 0.31228811559299102241 0.30482333507931369532 -0.23940232580944922902 -0.92182930132878804219 0.068239790135441819041 0.970894669349338435 -0.22957977278326593962
3.0433671347892112813 -3.7405430835822004454 3.7859716665877827246 0.99995615961477690714 -0.0079965622212310755873 0.0048717390334851104483 0.0089620364639204225243 0.96807511409655500056 -0.25050001071756766713 -0.002713070398559550532 0.25053268940344447513 0.96810433879276613922
-1.1691100557649263258 -0.91757187217903579679 -6.1842930021077755498 0.89344920657040038936 0.0096782671867034642671 -0.44905995860564523747 0.42564737658015461275 0.30101393741190418663 0.85335509624909089421 0.14343230490054129089 -0.95357062697416927755 0.26482113450942207367
7.28995453223096046 5.3080119317706495607 4.5460516290789074745 -0.78003353388860408035 0.0062772748697247403651 0.62570622645887941093 0.39340297201430146634 -0.77268695770370587894 0.49818567523054207991 0.48660228895835683227 0.63475622187954905407 0.60025223961734541778
6.5570278208875727444 6.1704358045491947138 -3.7994365933985601025 0.98497977551458582024 -0.0013523071458021325951 0.17266445231340349364 0.068467965935255892251 -0.91493668781367731846 -0.39774740091325616609 0.15851491875529274966 0.40359512950230613804 -0.90110154365314698577
4.786282193815181607 -4.5860963732241222246 -0.57019733684804840834 0.76488808375921979454 -8.078657612776150073e-05 0.64416318801740424238 -0.10858085430847189135 0.98567503023742863988 0.12905399197316894111 -0.63494599565703835342 -0.16865564989086609393 0.75392231321219183027
3.1633696104731043874 0.40979868529059981785 -6.6696626472890310211 -0.83281797716108330043 -0.0079557624480752452134 0.55348976753075684876 0.019150571594191301977 -0.9997122493676371402 0.014445555443296240541 0.5532155750925179527 0.022630163682997292418 0.8327306906598057612
