1125 14.717824617146108679 14.977075390850430381 15.033177056927090831
0.3760690698593189274 4.0457674999440316199 7.104750987690905184 0.99998811851836444387 0.0011550024677294346356 0.0047359044920899668468 -0.0048608596340247375855 0.30945207927669515779 0.9509026147166714793 -0.00036724062575165840328 -0.95091433715164086493 0.30945401683243306534
5.5065296630014106682 -5.5564977288746604245 -6.0157109210044552583 -0.99902311425751899598 -0.0062261177123762653784 0.043749887284293957623 0.0031662707518893759562 0.9773953437650377829 0.21139611329419444319 -0.044077113207212782753 0.21132812743366802266 -0.97642082661468176941
2.4982594990041362415 6.6150401846050961296 -5.0238677797562791838 0.61389135876693878835 -0.004032858438580149904 0.78938022250625705656 0.73381263466398383155 -0.36566505668816362551 -0.57254526766426738771 0.29095775782546745569 0.93073777315102090846 -0.22151925602785210723
1.7818288508093722555 3.6269135011941457947 -5.9503273337846769309 -0.93606782295009438588 0.0024908669469924770573 -0.3518107821248565581 0.30738572982544842827 -0.48065779262712771125 -0.82126859156209719437 -0.17114626474784846999 -0.87690471658482238571 0.44916263657400917753
-5.3662410295638611757 -1.0235756940261011572 -6.8126282345494306725 -0.49370811884361276434 0.010469982944692177856 0.86956464558138590881 0.86259937635979744286 0.13276711061784210455 0.48815490394125554685 -0.11033861197058397741 0.99109196031211410638 -0.074579601186025856752
-2.7890854360865140471 -3.3229046622235109965 -0.19406384637029930329 -0.98516880065219047946 0.006984440504361230477 0.17144576930423896521 -0.17095713045874186276 -0.12555366888007621351 -0.97724609785661376016 0.014700128121467103542 -0.99206224291704669938 0.12488559729454584701
-1.5542025005722670539 1.4723517705487036977 -1.3910714813728088934 0.75213623243796934315 0.0039746923578740760152 -0.65899566741719506346 -0.14641853131040355462 0.9759957532114585943 -0.16122624910988261893 0.64253614804380398962 0.21775328133871499348 0.73466373731345380182
-6.4326330757549525785 -6.3872225843171825943 3.9891933298229571569 -0.97737875255655604079 0.016841049183303341552 0.21082493475281272044 -0.080880648479884881263 -0.95081687566902461928 -0.29900767489232593643 0.19542030281571889927 -0.30929540572957697764 0.93067032682995731729
3.6954086603318283544 4.5977932129304557307 5.1665060410546184144 0.89838582671110300826 0.0077144984767346597501 0.43913937750782527925 -0.42829708417753536986 -0.20608109718444403424 0.879825090042535507 0.097285734050628500102 -0.97850450581305015163 -0.18183623966010328821
2.0022555312246637094 -6.6355300314214149537 -3.0695999701103837687 -0.98323782143743276851 0.007706231359725898393 -0.18216476194151187684 -0.16921169355689213987 0.3335210518618929032 0.92743253702286954088 0.067902792715685389435 0.94271115510705105756 -0.32662652797690672202
0.83025088708445793362 -6.9111976998492812285 -6.6189858850934655266 -0.99921235673002029021 -0.0057527580324620488511 -0.039262856913808749648 -0.020725624811448593865 -0.76810028167015809153 0.63999406698379623926 -0.033839542464244497244 0.64030372720550321475 0.76737606314801753982
1.809067097098655319 -0.14042361100365799431 2.5453893018749673693 0.98283675473647658105 -0.0065938687547653380278 -0.18435952493405702302 -0.1661750176300863524 -0.46562651251134146158 -0.86923979105998339101 -0.08011102954466141346 0.88495676263942335549 -0.45873058673249711426
-6.1911977820614989554 -7.3366089682293109675 1.2907351803066502427 -0.9849353632731944197 -0.0092283561618101486723 0.17267648252310274781 0.14456531104921196973 -0.59187510712193824869 0.79295947463334659489 0.094885199137034845207 0.80597685761566728591 0.58429282382445002497
7.2601893603113083486 -4.9754063550946048267 6.2351191122289604252 0.88508428575601949539 -0.00031100331825551202208 -0.46543067194244019946 0.254423927930883087 0.83768964372470977597 0.48326444695704784404 0.38973615691135660155 -0.54614646760140839188 0.74150506668710236546
-3.3017703652687289129 -2.030073810146395541 -2.4394060002419140076 0.34941119846090701317 0.00090419583037662596553 -0.93696904795198732163 0.60327728281956116696 -0.76535996726127364376 0.22423345100065750213 -0.71691584891393467238 -0.64360182018362488421 -0.26797082421836682098
4.8591291471117488143 3.6514970066538903204 5.6234781466776846415 0.9182656791771549587 -4.6522759299808588013e-05 -0.39596482202464566846 0.097988019239016135864 0.96892314900550491341 0.22712613105232820621 0.38364891571710546536 -0.24736193958817379035 0.88973343216498845809
-3.6572459049976364653 -0.18136880443723826795 3.2470233798513965517 -0.56701393568621238916 0.0038953456011490460512 0.82369898811415276363 0.80535377969076649141 0.21254509378619987348 0.55338040500659058107 -0.17291757075392649723 0.97714349477965101176 -0.12365316144159287093
6.4952136015513426415 0.13820971018591995949 4.6531388692793251849 -0.89033691233535927623 0.0023287377807143321527 0.45529634252165201991 -0.35846803911665414688 0.61295280016616249252 -0.70412323473980376054 -0.28071488643306669042 -0.79011609384256431543 -0.54489972544131903831
4.7501751706520449758 -4.6067510873011716654 3.4743119872838703621 -0.83629296197442970495 -0.0016189060010765969622 0.54828045824676086006 -0.3989766939600732365 0.68770634167494626432 -0.60652912980072226645 -0.37607403450469967243 -0.72598716707905919243 -0.57576987921211464361
-4.5585155078142696183 4.0327596707692601186 7.1238196272987233115 0.94155074993205400968 0.002109959719041311528 -0.33686456235732742392 -0.27343847092662526554 -0.57927568270735918521 -0.76790044018808778503 -0.19675768833658582868 0.8151289661728986502 -0.54484050931129890394
-7.0912010548315427272 6.6832629395340719114 4.7381677768051977395 0.67268335290646574798 0.00024497008470315671412 -0.73993043369778843665 -0.7388953978261441069 0.053097810052253287261 -0.6717248049900186313 0.039124133138005182109 0.99858928622194820246 0.035899020166164696821
3.958136675413702843 -2.4995894679724344201 3.083065670466145658 -0.6262406350386342524 0.0024036828325823271675 0.77962612150627130791 -0.69859950859167097015 -0.4456495413668504213 -0.55978139739996612967 0.34609448655195512723 -0.89520428316017486292 0.28076306343588203207
-7.1562936672118029335 -1.67472253524228476 5.2972506601411621929 -0.9316193469611790956 -0.004179433486279278756 0.36341150876572747563 0.35776367767801992015 0.16542204441398911108 0.91904336032428712855 -0.063957355339068308608 0.9862140130608805233 -0.15261512749529948518
-5.3440704179282771946 2.1115787049304435286 1.7218457520873791111 -0.77967067519797150776 0.00061718433046997669272 0.62618947397731750115 0.62617997023090044006 -0.0048284615427832446033 0.77966360107467946872 0.0035047279512305656857 0.99998815245116079442 0.0033781414055481327058
6.5734389401125143948 -2.7565992334477500414 -0.43553457044907611939 0.93561365008493557749 0.0053335746317738786521 -0.35298534071027659609 -0.010508477758513037545 0.9998635508141694439 -0.012745652138335348061 0.35286919626106011405 0.015634344721715806581 0.93554203411458702888
-0.12416571528841267857 7.3590814598758589327 4.2006890945818708971 0.86364882789543795383 -0.005022658653188578036 0.50406891887399762897 -0.49821045219881565647 0.14382485584599311035 0.85504430070064751934 -0.076792235249271187381 -0.98959041211042308994 0.12171182713479530846
-5.886471339121960078 5.5033650969124918717 5.433117771335736812 0.66014363436415557373 0.0029806461763502481964 0.75113347532713448107 0.69902172905280335335 -0.36843404506186183678 -0.61288251463998733026 0.27491635877230763407 0.92964911132522221049 -0.24530292597447500569
5.718711823305395292 -2.573888804082393289 -3.1140182220402023994 -0.29909060181111646326 0.0061644436976659305882 0.95420480586825018321 -0.50969358628683381074 0.84434369219641358661 -0.16521554874203278618 -0.80669527084666348138 -0.53576648745699007037 -0.2493932856187658087
-4.7668630646985326038 5.1761842478934330103 1.1609142543796016067 0.63319821003375287294 -0.0040035423874139712541 0.77397932689353521329 -0.33755216008458610588 0.89844820145608617068 0.28080129722369362444 -0.69650453410751544947 -0.4390612724309487791 0.56754438858914246779
4.9749177744500148179 -6.1095814935804080292 -0.29921364227856861451 0.99981013901500703778 0.012843747838747521933 0.014653465943844238076 -0.017504212962117154939 0.26161263169943527185 0.96501421412524501786 0.0085608674379790278275 -0.9650874929646446887 0.26178778136493524586
7.2244632095531198246 2.8366657072902365933 3.4479959839596592275 -0.91070783817844125352 -0.0046164017937827366012 0.41302532890216964168 0.23889540607708845132 0.8098384389824657692 0.53580844310413366927 -0.33695729467629254028 0.58663480256529321188 -0.73642337685837910843
0.44500593999266002676 -5.6999918333935317705 -1.2944398660845695126 0.99185109515967662119 -0.0026836902583100771813 0.12737426285305752938 -0.12683408592678380167 0.073538740813395800378 0.98919420148256675951 -0.012021633744303497626 -0.99728875026556806915 0.072599097211570373656
-4.8506686094407411858 6.2919253317984056295 4.6801541578355907447 -0.98080095465790684273 0.0014594659471809223045 -0.19500604426884496356 0.035618070151514261146 0.98449188766172290865 -0.17177623877266828822 0.19173116705672335613 -0.175424037940530686 -0.96564256663211345266
-0.80757202363810398626 4.6698996485735833062 -4.639466290191072595 -0.19932192162669909452 0.0010591827138659343395 -0.97993349248361349968 0.72418237840585708565 0.67385181502059199321 -0.14657289722165436907 0.66017471503044355963 -0.73886575879890337148 -0.13508048011845849579
2.9231629882066361148 -4.6983297089042777017 -5.0227302899253576385 0.99971405628012821598 -0.01531175545759447254 0.018367248590477336379 -0.017340523001795747626 0.064685588062414589583 0.99775502051306075302 -0.016465477156823511706 -0.99778821642764692346 0.064401577776996857261
3.3965485567335429451 2.8232829918508111078 -1.9480860862478670548 -0.095653527080832870255 -0.0042366590160267678447 0.99540567281746827888 0.99541427999280240879 -0.0013134536795308391667 0.095648763848378670627 0.00090218804586988986596 0.99999016273140206579 0.0043428673611015924591
-7.2270866798243718065 -6.7364409731742087573 6.2008244960657137312 0.93078107137828913764 0.00091582657216873059047 -0.36557592703232194564 0.31933111245313122728 0.48478810607468419969 0.81425311348979978465 0.17797257593030230138 -0.8746311528125297885 0.45093914084552721988
3.0574027335828244389 -7.45975805233824385 7.3930546050375678391 0.97822469829445002354 -0.0065907973308779186153 -0.20744397083842242013 0.14103115803571961151 -0.71218898936960950419 0.68767510925131647426 -0.15227163921680234027 -0.70195683970684963349 -0.69575135147483491149
3.2310802872430897104 4.5761246827673387472 -5.7934266326243486489 -0.73973755419550935031 -0.0088983234188740462089 -0.67283665978687567932 -0.64377802500482805836 0.30031693427130756735 0.70381786955923020255 0.19580144390125434062 0.9537979654151464981 -0.22788425951783183865
-4.6895032037102479805 6.0488691374210681317 1.7582403348263171416 -0.83807705454593450778 0.0023569507213554979214 -0.54554678573617276793 0.064992382804290219078 -0.99243788046886494136 -0.10412993607899384552 -0.54166672486063549563 -0.1227252956553608193 0.83158623183959723413
-6.9969455007559915316 -3.8666164425042373054 6.5921357377156919455 -0.98439855558042543837 -0.0075563764690416276512 0.17579074192325594428 -0.17587352929280777869 0.012218455974328515032 -0.98433693978614344999 0.0052901290485014504372 -0.99989679992892455118 -0.013356797010802626269
-5.7627262087904123078 -5.8940382518428204861 -1.7842383805525947604 0.56876647212776476614 -0.00024134524731536741854 0.82249902245276118595 0.76574384290555752575 -0.36487240581513730175 -0.52962675019953930899 0.30023502000195423367 0.93105750049460944684 -0.20734238239515573321
4.5563597965491826614 6.5116018321827482396 -5.1403155956437966978 0.48587296283887093651 -0.0057954081670288414355 0.87401022718641840914 -0.058577309640522587375 -0.99794562510455164794 0.025946640049255998567 0.87206431114772764435 -0.063803938583323394074 -0.48521427704041009132
-5.1545985113573760117 -0.6654200524746166634 -5.4995165752614019183 -0.77104722984395601681 -0.0052402695577537751134 0.63675639684653240202 0.5659540514377393583 0.45268350792068828836 0.68903820889546119055 -0.29185986536559516136 0.89165586479963243605 -0.34607461299140723776
-4.8588421823441771963 -3.7990612395631662146 -2.0871526080893825217 0.99357765406522080553 -0.0038088891926324726714 -0.11308818552537282243 0.10736927629675203921 -0.28368724787886501204 0.9528868683628545222 -0.035711116614040756823 -0.95890929589507523101 -0.28145635255967538235
2.2607595554588284514 2.9243617360502858205 -2.2376002491357058766 -0.49353132205129524035 0.0086840290298865058238 0.86968466802299460028 -0.082001066392765109558 0.99503114508209822286 -0.056469862999485219424 -0.86585371701281599321 -0.099184716345487630718 -0.49036693687343613224
4.6758470805408629545 -5.8621131935146015834 -3.131512640821024096 -0.93264818561686213538 0.0010746577738338959629 0.3607855415288429568 -0.070398953261714164453 -0.98131589722115919461 -0.17906171349750546473 0.3538521573274164278 -0.19240050668249208954 0.91529814584264712618
4.6575033752505099471 -0.42056781635073969827 -0.0313547819986565654 -0.890619433493646806 0.0054902928061122506509 0.45471626468426246115 0.10316735297955498263 -0.9714154942748629562 0.21379531042995833512 0.44289222386797050257 0.23732213164295540286 0.8645950982221010106
-5.6964382238828550342 3.0782910273981323179 2.3190938402558827214 -0.99882859455147565697 0.0054672620876627239447 -0.048078558126468357026 0.012528813201997571203 -0.93049261316434506153 -0.36609633388814988297 -0.046738287794944675946 -0.36626985392178479373 0.9293341307420384112
5.7535736779465809221 1.0921930582364602902 4.8795276186781455507 -0.99910652501994245966 0.00035952538339775025854 0.042261358285005566626 -0.021275601884305529732 0.85973719689042649161 -0.51029334803379811092 -0.036517125120333095156 -0.51073654952879965485 -0.85896139409654781449
-4.0909640299727945134 -0.36231490441239672107 -3.7391582295687570969 -0.7380346745794438279 0.0037448224582182767714 0.67475239564074562804 0.59147620083151764003 0.48485903793921725224 0.64425741530740232577 -0.32474716775984713291 0.87458429532746917445 -0.36005775564282282986
-3.8274127431098787788 5.6279935466579313896 4.1769353251339564892 -0.99453964910877623584 -0.0063241390950603279877 -0.10416761308327690538 0.024715419652244108306 -0.98403901810010796503 -0.17622814442678244595 -0.10139050439848483476 -0.1778404231928532031 0.97882212352216579898
1.1145214032491517209 -0.054817074976689715571 6.67361884494006663 -0.92432447961725239249 -0.0088607616465092089997 0.38150457832556466942 0.042175451604392365235 0.99123384721323004598 0.12520659495790564808 -0.37926967669757954971 0.13182164860915296378 -0.91584800338030658562
1.9626585559710001405 -2.717715113592820142 0.83136981866346326697 -0.53819705947016260872 -0.0074286574207887154722 -0.84278629570394081316 0.83403549991802206076 0.13929534437281732018 -0.53383667156979308643 0.121361897044526032 -0.99022301633773812668 -0.068772580733795621311
-6.0536143639949138162 -3.2676323167275138637 -3.8457595297025388703 -0.62062078227049444212 -0.0047044498182655615157 0.78409674962071684856 0.70769876701095857374 0.4272179376676011886 0.56271421601587068295 -0.33762745709611952094 0.9041364398623112919 -0.26181099733945673025
1.8368584158590730571 -2.8628529746216115903 -5.2496385135431342661 -0.99875464858700102599 -0.0028287772609472405794 0.049811142779048106499 0.0042048830299956027612 0.99006645425622519241 0.14053730862367191934 -0.049713890256663444134 0.14057174031680019777 -0.9888215789210367257
-3.2152998776882419918 4.0738632397782446048 5.9268026877084452053 0.99537552153891661888 -0.0040223745596920327389 0.095975995040089384647 -0.091514142188728553329 0.2640185403454350932 0.96016632524428813245 -0.029201590718396473745 -0.96450921761110031127 0.26242948813494604288
-4.3796974186814781049 -6.5807520996994650631 4.734137306683837032 -0.98643425930689088155 -0.0083349913413216566299 0.16394505172505088875 -0.15335190787152158665 0.40313229468086586582 -0.90220149929913551201 -0.058571703218696778703 -0.91510375417469469461 -0.39894169333042139858
-2.6789552833082237449 5.8175022402390528242 5.1054629484125992889 0.95954541209220656217 -0.0094819480476942916841 -0.28139419822374783786 -0.05827123339676836683 0.97110585152225614713 -0.23142577319242188527 0.27545791963787913392 0.23846072590785430401 0.93126763967645465048
2.1131794281314180139 0.18476878443184552303 0.68274326280748409701 0.94426389769379781569 -0.0019290942690473229532 -0.32918379381026607877 0.30418168376025395139 -0.37719468197622807448 0.8747557802915616465 -0.12585386278054225273 -0.92613198329614454529 -0.3555845254493699148
-1.281881723814766616 4.5206653813299393363 -7.2179711129664783087 0.99789489699859390548 -0.0051284679852239816594 -0.064648846550170391279 0.048246888513114559449 0.72484548752199506882 0.68721994802808683556 0.043336039193099994138 -0.68889238494489390963 0.72356704573382657486
-3.8893033263529326327 -0.2951199120607152504 6.7044313212616470921 -0.93534068734986941518 0.00058422551317672231919 0.35374773111405788395 -0.28925284033074383228 -0.57693532836397465324 -0.76385759225534310968 0.20364329831449762276 -0.81678962136290744755 0.53980007547746089447
-0.11651074627741916934 -2.9509313840841575605 -0.20824020148858246593 0.89929359282324627944 -0.0094323027021214998766 -0.43724371416052715267 0.23808772126262398028 -0.82807667747952296011 0.50754630645747544904 -0.36685865246868676337 -0.56053550099909998927 -0.74243833496703215413
-6.4103512771251320856 1.0578292700062259524 -5.4470630447906831506 0.99741679398180727034 0.007237377086306935256 0.071465792209060935436 -0.0335645713370356924 -0.83265782781824748682 0.55276971816838826879 0.063507154196316334405 -0.55374051878647534419 -0.83026398164670478508
-4.4014678814412802055 4.7561035168578369436 5.3338979134554787009 -0.86353069702460727441 0.0046000113071316857394 0.50427529702748030704 0.36055433985961243826 0.70476250301699250311 0.61099131118994221001 -0.35258375360263061182 0.70942839965503523558 -0.61024260950732800435
-5.0621251687355028892 1.2221903484472529389 5.9293598760936330194 0.62800161924470199182 0.012440755137563243304 -0.7781125842946613469 -0.45350469136473819942 -0.80669563006887157197 -0.37891378351573229422 -0.632413995050979727 0.5908361769896132154 -0.50096422110181615395
6.0479651768414255386 -1.3953123155684679091 3.020085408345814848 0.86496036703584266991 0.0032998394898840393077 -0.50182932807548130683 -0.49874918329537704098 0.11646842798811446462 -0.85888553221258434611 0.055613088562790000124 0.99318891271563924938 0.10238636647126103663
2.2385965941025225412 5.8378469570856523774 -1.9113139854215146496 -0.63583866178627812538 0.00070615464338480773976 -0.77182167469150098071 0.77132113680492764285 -0.035438689532307658669 -0.63545873446058198653 -0.027801080839739519823 -0.99937160287342463594 0.021988616925383973333
-5.1171483017435486218 4.7753153390453171312 -2.3063852584961099801 0.89555441085814613267 0.0041010531743190855453 0.44493311694612025509 -0.35658237412001869693 0.60472477984355887948 0.71214952861743863188 -0.26614151810540426224 -0.79642395870902582544 0.54302630722144906716
-0.24245702485708861551 -1.8694775298420656107 5.2832520437424372872 0.9588828357003144065 -0.009007264230791102444 -0.28365926142161512757 -0.26639234084650753598 -0.37325027479653483109 -0.88866155149337966446 -0.097871487868144105282 0.92768696312675746896 -0.36030274812590107336
-0.031992006421578601805 1.6279243729073922253 -3.8851939110636699581 -0.96722204975433390128 0.006577987685461222922 -0.25384687618127116382 -0.10271946056740655084 -0.92435956027260257617 0.36743450539309013836 -0.23222880719179259112 0.38146576964479650407 0.89473663594346330985
7.3464176231088078595 6.6302933822972525135 -1.6786626006030853642 0.74358486567341619544 0.00078019559037044092231 0.66864111362994949062 -0.32874193428382336712 -0.87036209010950882359 0.36660410901083462232 0.58224590010140908625 -0.49241164019053879075 -0.64693159485378493034
3.5875514739612581749 6.7574971678463793268 6.1754144092065432758 -0.94003265522932411002 0.010676181141280981571 -0.34091733053439021717 -0.3397976883355374178 0.057425745599212540959 0.93874374285221540148 0.029599630137560197646 0.99829269400244469157 -0.050354334442059292543
-5.4713166358108455967 7.0412960968870113021 2.1387111939974334796 0.99983883637972081893 -0.0078507284559848830585 0.016145195245548200902 0.006506953111614297014 0.99663890077388428423 0.081661257799350794873 -0.016732030002657355405 -0.081543040946898556753 0.99652936316245610548
1.3402634319578923261 -3.8949830503379452296 -6.9177460811042559286 0.90414054266932453174 0.010468526584690969819 -0.42710688246953248948 0.29789161325110080636 0.70116143228907290563 0.64779104086512706573 0.30625229118551089424 -0.7129257014735242981 0.63082999161596731152
-1.7971086906392264027 2.1611893618217807855 5.9599278654548655254 -0.9296934412424568972 -0.00064846191856653568469 -0.36833365961846170622 0.20088415699261846781 -0.83907668063926810209 -0.50556491123930058507 -0.30873234488805423315 -0.5440127788060202807 0.78021435241577685726
-2.9114101190295627042 -2.912719674760130939 4.2515889926486716277 0.99599850123062716456 0.018383299434264453037 -0.087458789428514052688 -0.03125356367914668837 0.98847071401804620372 -0.14815148425222365858 0.083726938936976080807 0.15029205511497206738 0.98508989329174279082
-3.848469069824746569 -7.1031234522151089905 7.1950126764509780841 0.99157972112036596446 -0.0030551325484937212618 0.12946166547695453497 -0.08088078009808931379 -0.79535997982528661154 0.60071690662317001053 0.10113335786807135797 -0.60612966323839490013 -0.78890992848926422276
-2.5950398723544236823 -4.8265946606996523727 2.0349742742143002161 0.98310401228226651504 -0.0033953513597689637636 -0.1830163179166249543 0.13610273287871180181 0.68213910013461609427 0.71844435704545250854 0.12240321538900916787 -0.73121455104274013514 0.67107580287604551295
-5.5835871664083001065 -1.4772591378319639421 1.8910779977274652097 -0.90713463612220912591 -0.0045967147934917462759 0.42081542528815302218 0.408507536039219743 -0.2499210012872756792 0.87787304669565691118 0.10113528042462655021 0.96825531928755270705 0.22858978919614975078
-7.1358416334407328563 -5.4694157541170422832 -0.6469596194624315233 -0.69161566351460879165 0.00034842126278319821356 0.72226563851797342952 0.23075866429261229773 -0.94748201468911252832 0.22142328399370203584 0.68441085090393860568 0.31980886548583215001 0.65521300103217172683
-4.0159976131056618343 -2.800073248886026267 -0.7279416045325407536 0.95986254978017782058 0.01042851390957884837 -0.28027688386151589084 0.26867496304592558554 -0.32095010496919418319 0.90818764269974272541 -0.080483847831383265037 -0.94703868781469358051 -0.31086986669728722266
-2.4234158143924302564 3.8288873042788948986 7.4284336499908727447 0.92904350818817105218 -0.0089784830646366005358 -0.36986152372948538636 0.15009313913538738228 -0.90459504383682887152 0.39897350319327007373 -0.33815707811326317644 -0.42617742022270482805 -0.83906054430787524456
2.367045956277014529 2.4857790213611146157 3.4730564888109998201 -0.96916749550036174199 0.002586887183421885273 -0.2463892726564921587 -0.014308294702736016127 0.9976667262349480092 0.06675609385092022563 0.24598706951424995082 0.06822324661164270998 -0.96686914846505322974
-2.6215398081994805146 4.4756825862965490259 -0.75333914070879282043 -0.081788022751571223812 -0.0046583118307750347523 -0.99663886110524801953 0.72977014509454496416 -0.68133713135577578246 -0.05670316361929361032 -0.67878292160535358413 -0.73195492591188526799 0.059124713701492380424
5.5922160903888693539 3.8950620748887114786 -0.31733173547743626086 0.97395869530205647635 0.012148499437965329037 0.22639980964410111319 0.21188602599727049403 0.30655285471843396472 -0.92797072111739409284 -0.080676959738103362629 0.95177610877008245183 0.29599572115494826585
3.4721469137756786338 -4.9116463245658854575 6.7206198942968091714 -0.98771097519700545853 0.0059962474943471393007 0.1561764210484244686 -0.049085507362183575242 0.93680164028953682998 -0.34640049035462755489 -0.14838343048501406729 -0.34980956500203247428 -0.92499493284583955699
-1.6166878075614301569 4.9341552237307242379 5.6118020903493208706 -0.98901595815706666581 -0.00084474496486678068551 -0.14780636290938847788 -0.1411051341368963763 0.30313267102156082888 0.94244359241260522442 0.044008813103312074966 0.95294798922361845239 -0.29992224693072522257
4.5567256797610804497 -5.9178296670163081927 4.9097103707649951687 0.50227914273363594155 -0.018586474229304730116 -0.86450575807828478059 -0.1439651883081990158 -0.98761273784963643507 -0.062410773048285489439 -0.85263690239758360701 0.15580636383927598532 -0.49873308458240928065
0.53413703582152349814 -7.3879625051633839306 -3.8863567521447346387 0.99029718135527111667 -0.0052281636528095478192 0.13886741484113884759 0.053811611044532942083 0.93575773221563895987 -0.34851366847690096185 -0.12812417069641554579 0.35260478287067537062 0.92695958055361915573
3.0425477513776542082 0.57775483218223833148 -6.2778046810056427063 0.72311214492691455735 -0.0031637304454334748416 -0.6907234009854780199 0.25656915245693889815 -0.92721456435058446921 0.27284688318518435235 -0.64131201132270032605 -0.37451721250959085774 -0.66966839679598610946
-5.9281418912847838598 5.2783132591361505703 -5.9737999808067234753 0.9979960972191281865 -0.010178090813643174417 -0.062451552444232033556 -0.0038006566701826441021 0.9755539082281975416 -0.21972739280694134067 0.063161261420146261325 0.21952443738281607333 0.97356030960986739142
0.76403874065544952199 0.060558646338967014877 -0.13436699137582172603 0.99558320299971114764 0.001694243297427194643 -0.093868074680790905551 -0.093404023941982661228 -0.083031053857180708855 -0.99216003366743910075 -0.0094749256513030951504 0.99654552010182284594 -0.08250607340605481399
1.4423428515349405732 5.5331246530695707975 -0.99812504654370637347 0.31044059590557271378 -0.0081249084994509130492 0.95055805834019257983 -0.36103934176893537344 -0.9260407906759767771 0.10999567127508529107 0.87936183116428867645 -0.37733597743394231561 -0.29041406650692735969
-2.9072078843455098074 1.8126602901876058827 2.3673939761167552831 -0.98858743877356536345 0.012730614293434215634 0.15010931802836088855 0.004144994003279828601 0.99834435131960375109 -0.057370508215820889553 -0.15059115154600868913 -0.05609356155516865422 -0.98700345360499153191
-2.0307723192159792269 -6.8425819923237334308 -5.7039199305254753014 -0.99477626959247511529 -0.00037160989271648858095 0.10207857445038022448 -0.036446675900875434573 0.93537477345937136697 -0.35177503179130670263 -0.095351000369709823512 -0.35365787858051206394 -0.93050217175800253866
-3.362648882157451613 -6.9227684953571673176 -0.46204948506529780472 -0.99720101947476502691 0.00013552375434339007654 0.074767027436820260311 -0.036635734435964295574 -0.87260796211105906561 -0.48704534431873780509 0.06517629723116918905 -0.48842125884688053494 0.87017051443130688515
4.4120978257044152215 7.1920972951699129183 2.8296065895902562382 -0.78618740437820211486 -0.016475426208216098489 -0.61776850480445544278 -0.0082359930361240556163 -0.99927645622327831987 0.037131286760770626509 -0.61793327602246417296 0.03428008706326989008 0.78548287187889986871
-5.6189858631045472848 -2.6714160349924780391 -5.5369578765571860757 0.91730244996548526704 -0.0066497664093190782947 -0.39813565011685320139 0.21862255948530512351 -0.82726938591121401689 0.51752250155715395774 -0.33280683852848225168 -0.56176609344158234816 -0.75740244552544755408
-1.1435873233497928503 -5.5109957445178592295 2.8849382216067436246 0.96808016845385047588 0.0009875787589225318297 0.25063880811724248421 -0.00035773260677929253834 -0.99998577452025949608 0.0053219154783948662349 0.25064049847068686772 -0.0052417025069612281987 -0.96806604375997151735
3.6514846870652410971 3.8441247783197032284 -4.4267969135626703547 0.98638636683385128023 0.0086926629698804783186 0.1642144114706309832 0.12834182835661250843 0.58364055262870595531 -0.80180551284044221383 -0.10281201495077105235 0.81196560452878929759 0.57457945198559179367
-5.134603907348394003 -6.3392872851571384629 2.5388212348888243852 -0.89739721361236246544 -0.00080175470151519880393 0.44122284413895473953 0.11464359723597328244 0.9652287896401136047 0.23492600805941940556 -0.42606934484128244911 0.26140531907235331488 -0.86610171027837590252
-4.5882623167105069939 -4.2581225010923882124 5.9535113945822413228 0.91722059406682643345 -0.0057953819266292026791 -0.3983375394913222789 -0.073888482125112786569 -0.98502025970343287664 -0.15580622639358043813 -0.3914675900109167439 0.17234123569852197178 -0.9039090797469866434
-6.2483710381457058247 3.6184263894810455575 3.2095712401027238769 0.93503597197459364931 0.0027910635662063993517 -0.354541874928344658 0.326241552989606165 -0.39832857107843216982 0.85726355257033892698 -0.13883148135948158997 -0.91723855099248297051 -0.37336210353592358402
0.95520715176457393625 7.0671796386868734885 -6.1701755827620710093 0.66748482849581736165 0.013047562322063784024 -0.74450907640227892426 -0.51599825808218768852 -0.71275527943709138246 -0.47510599795279451207 -0.53685174991256001675 0.70129143211087208165 -0.46902081602413386863
6.2908644025267328459 -0.77099908319319210293 7.3036955600880943962 0.99605445086439092783 -0.002947587984889368188 -0.088695223311311854886 0.073559959620851392281 0.58651257531008627044 0.80659279152729246309 0.049643360621003773669 -0.80993475708133177982 0.58441528557865285443
-1.1061580670541162341 7.0980315682755019679 -5.8514405993965592501 -0.88836354937135963983 0.0074616350553086546737 0.45908008903744812468 -0.4347798224031980685 0.30768977809521796951 -0.84634124706696822749 -0.1475693402417425637 -0.95145747380434153584 -0.27009621500983832521
-5.4582328198775131867 3.1979202647489191058 1.3946739535439633961 -0.98777707408767922992 0.013274357381507024406 -0.15530693269371034781 -0.015609553181266309224 0.98293450076515709313 0.18329241406831464634 0.15508963136230349833 0.18347631629607955017 -0.97071295839820337381
5.1057753324529526751 -6.0252179159212548853 1.9240582877713128251 0.98198661088289973531 0.0013367748011732403721 0.18894578343995513392 0.087425790832389785323 0.88328273365655363136 -0.46061735043469376194 -0.16750828977675877307 0.4688388054090231738 0.86725494948062709089
6.418056072388976574 2.0480985048094573209 -3.6247018973835194444 -0.74495992573517411106 -0.00060736298508419972117 -0.6671089417470720262 0.24703001575329744388 0.92866099680083258328 -0.27670367604677242879 0.61968611438823284487 -0.37092908234747046237 -0.69166519032204953898
-6.1077236413681337268 -3.7480505862191844102 -6.2780255359500349854 0.28724240459171590523 0.013816579543813958114 0.95775826967663402201 0.0017247882723638663718 0.9998868803247924486 -0.014941608337593855968 -0.95785637029248982266 0.0059437937386612694698 0.28718608114985572088
-6.4595764267783151169 7.3013015788609161305 6.1930073195211425841 -0.81511902325102536526 0.0075797134133902569972 -0.57924392606130037375 -0.47803742119539327504 -0.57358230088647621514 0.66519438365531846635 -0.32720208109244169892 0.81911286893464441139 0.47116123150621164184
5.0133811870291449253 -4.2919576018599236988 6.9745016594610227401 0.99915419824927875769 -0.0038562611359320682694 -0.040939191135664160237 -0.040238577855994481225 0.11338749679681855986 -0.99273568104617870844 0.0084702404288460788478 0.99354335829904383282 0.11313642298948979603
7.1508037345292043696 3.7419799373719579982 -4.8523437915902523088 0.93364988139243199061 -0.0094260674492333187263 0.35806291099243603426 -0.22501525039792089067 -0.79321249201205190626 0.56584633921642357723 0.27868626816606406615 -0.60887198307097378791 -0.74270375801335442034
6.3180882126643433949 -3.9555625387982189523 -5.6822001308751381998 0.99542659225009799684 -0.0053340286662389687147 -0.095380540886432649272 -0.074632578283541292641 -0.66666589658067176849 -0.74161078780923883613 -0.059631180605020893404 0.74533759496923135401 -0.66401505391457282812
-2.4717232169629475003 6.3238968702888236351 -5.3174067615200169001 0.63474962293567260829 0.00010503616913255450771 -0.77271786905072903373 -0.37657135113913070557 0.87325793790734418387 -0.30921609172705466495 0.67474953403779758254 0.48725820962720289842 0.55433970042453772908
-0.34519729331702297959 3.8316975890468323307 -6.2104608066373598874 0.56735777130688969105 0.0028458748453484201436 -0.82346649010999961593 -0.8165980898159573842 -0.12698835012458087323 -0.56306440008357672156 -0.10617306177436847126 0.99190012598493859652 -0.069723891346049657325
0.06768260189562294582 -1.9033079750863144408 -6.6348531346518075935 0.99553224717381028075 0.0052231335131577606712 -0.094277588605205103756 -0.065003708228661694069 -0.68627363147762598938 -0.72443289589517134708 -0.068484032835648273041 0.7273247016394338571 -0.68286800747415021817
-5.5996320265589600851 2.238640456138139001 0.53136503516121602608 -0.87619909902264225821 -0.0018635152551815922697 0.48194570875030867674 -0.45032431974619074877 -0.35310688167633058621 -0.82007532407573213717 0.17170656923097130098 -0.93558113353332961193 0.30855274534383758667
2.9262595447985826347 -1.2339007448429402114 -1.5709086144496995363 0.70043032268959237729 -0.0041282710191326860844 -0.71370884850575644354 0.20563382204295813094 -0.9564124615678346597 0.20734014225363450734 -0.68345599294258119194 -0.29199000108934286546 -0.66905137693218563744
-1.9882591658907533549 5.9157828891793586834 2.3092084460177861871 -0.72113091105455251473 0.0025095166846382651812 -0.69279427786882763485 -0.091192256044704947393 0.99094874394554410824 0.098511721689046941042 0.68677083627597457216 0.13421732078483092354 -0.71437492204168817622
5.7494620296699556761 5.123483991900974921 -5.6208401276154882353 -0.97049764753499567771 -0.0037647553414602375269 -0.24108119533893818121 0.16634014327459531457 0.71337022316987053205 -0.68075978247098023477 0.17454304014837651593 -0.70077724799811913492 -0.69169789346510068828
4.9885856819239338122 0.48915438954809470351 6.1596206323135653804 -0.93223576181829204135 0.013878256958652229053 0.36158522974648293902 0.13861016815801277535 0.93674061257332341679 0.32140977900323253191 -0.33425096210822452525 0.34974907968346075071 -0.87518676611926815578
-7.1036465671316060266 -1.0159613370243820718 1.0641838568703381185 0.27611870970758733979 -0.0030300384964612563088 -0.96111876322134803807 0.2941500466662685942 0.952277727432679022 0.081503864215405827376 0.91500503178711134478 -0.30521787087677121342 0.26383298334713622957
-4.6803195856862025437 4.567844908712273444 -0.96128811608204289829 0.81906940967294050715 -0.0084071451881665565375 0.57363282860006670205 -0.48831834430045067963 0.51459766887900404431 0.7047938945563179125 -0.30111542098936372458 -0.85739055225369964486 0.41738584564926323184
-3.5016721455007315811 5.4125806610427495968 0.47782754288767848028 -0.082897309981179598259 0.0042195627061944254721 0.99654916150111061413 -0.91354246375482739406 -0.39989973118129040763 -0.07429920536524625696 0.39820623163725288318 -0.91654918050900713311 0.037005361687719041941
-1.5962219345724244501 -6.6192088046926684797 -4.4472093759551070136 0.99149675417182558945 0.0012042063214024547636 0.13012584813888516955 -0.12797740271653126887 0.19020946773985933365 0.97336639698320226444 -0.023579034345392133748 -0.98174279129995278836 0.18874618107421484159
0.18088118003029549086 5.6195569380224306144 -3.3363064224425231785 0.99621092878313788344 -0.0015850594703822953879 -0.086955580381721631067 0.043346769261980444554 0.87584648323630531763 0.48063915300046178292 0.075397897633808427797 -0.48258722049900387718 0.87259654574357015111
-2.5660125776404667519 6.8636092846130729583 6.9731627214297917661 0.99137507450555761856 -0.0089683703604971718587 0.13074796358744100733 0.027011655600943134531 0.99021795524826894397 -0.13688963279094570891 -0.12824130423103727305 0.13924068887014093288 0.98191964969239620142
-3.0086030383450874659 5.7701322808489496907 -3.6491238320550367646 0.66524747504693992894 0.0059013262212696485781 0.74659960574095485253 -0.72776927719918749204 0.2284256802429782407 0.64666342696224932141 -0.16672635097260019021 -0.97354346741902819673 0.15625441093601330489
4.4054935794419209927 0.60533760908927458644 2.3604982590010052945 0.9726132007194736584 -0.0014094909029051016017 -0.23242541840650754459 -0.23227156790711173118 -0.042773698651419181371 -0.97171000275061802931 -0.0085720783967677127713 0.99908379230122446035 -0.041929648613887107733
7.3411499303670479932 -2.4462954100166052207 -2.0431417363473318716 0.80401562782607893798 0.0028353201387066465436 -0.59460140528856031406 0.39494017018785221307 -0.75009074617535365093 0.53045841917537650545 -0.44450099233119755304 -0.66132883912752327138 -0.60420446403091754295
-1.2062829332063405019 -3.8776516391384507898 -0.69043359616349431196 0.6620747476148518551 0.011083941040493441865 0.74935583991966514539 0.32742711315641842562 -0.9036912073210019436 -0.27592333605709618016 0.67412796570144017938 0.42804129247283306814 -0.60194031082604082528
3.7491577971069309783 0.58555804377053477516 4.0101517085749458502 0.99765198515170427918 -0.0068101936220705339489 -0.068147911088903737054 0.067237007123355702065 0.28665952516459652921 0.95567018448079121828 0.01302694883856048147 -0.95800831828080856845 0.28644434138018426417
-2.9470523162988291332 3.471875522188287988 1.9666815360646761057 0.89964598659130756708 0.0010917058448316396477 0.43661872038271104524 -0.43661392357505496298 0.0075620182643117411087 0.89961719504471815423 -0.0023196013881442928764 -0.99997081160309209125 0.0072797933543773587356
5.4949822098100140622 -4.1958597030285877949 1.9323504174962755631 0.95396863813686061384 -0.0057132099800055232558 -0.2998519579443400529 -0.033945673943382353999 -0.99545030394056333023 -0.089030239836787830598 -0.29797907421810365669 0.095110733445777015382 -0.94982230954608370954
5.2239818993604156816 -3.7702001581399136043 5.5820958040683406054 0.7943200307112207037 -0.0012108373057944550599 -0.60749833142496467708 -0.58478024476565482193 0.26939514785799889562 -0.76515248130190938181 0.16458357798671457983 0.96302896539182059055 0.21327788838395075888
2.8951951755959104418 1.7329605301883979074 -5.2866318950245565489 0.99638691842554194533 -0.012308374016898878528 0.0840334024031208493 -0.018283199437855775921 -0.99732965414174634677 0.070705626281804309641 0.082938732861677993968 -0.071986560541822772197 -0.99395125720151555893
4.6942880742897141744 1.3370917590580368994 -4.5814647502512206856 -0.99878002590774184188 -0.0018221407614724038828 -0.049347134169569435713 -0.015455720960206935713 0.96064457913919043541 0.27735016361999614842 0.046899685897742432461 0.27777449914179369594 -0.95950078013997464055
-4.8230235609116558493 3.5528693659184273912 -4.0542644498344015958 0.97029705538197763559 -0.0039950761213877594019 -0.24188357464672274877 0.23964619381923454866 0.15253607669920796197 0.95880261112137898927 0.033065482077805206929 -0.98828982827509914699 0.14896271084722739753
-1.7164276561307021396 -5.6297787889870880562 6.4227724486432498097 0.99186976883578192865 -0.00049980440047898673853 0.1272560877335851548 0.097298598581408157759 0.64749874421125319657 -0.75582958327860283454 -0.082020390048979346931 0.76206635304319947366 0.64228306001001977954
