1125 14.717824617146108679 14.977075390850430381 15.033177056927090831
-1.1022664094858540818 4.3329443509544072199 -7.4778237061831784871 0.58315204514454510587 -0.0037508760063292793246 -0.81235437043995095685 0.38156447265088477838 0.88408296618782644671 0.26982561425341905492 0.71717657899181630476 -0.46731492574674227125 0.5169859908352223421
-7.0110345728404936949 -5.502316336614239134 -6.230697307605337798 -0.93919483164804828945 -0.0096588080283152438765 -0.34324885379707997801 -0.17992218259228789923 -0.83755959536614366101 0.51587007319795163962 -0.29247406110077944774 0.54626058949695521783 0.78489380934357344533
0.063518875879524483441 5.8023715809849694125 -3.3358184191020767706 0.90974601033506519165 -0.005110253861005780926 -0.41513381214355565829 -0.39086240355047369155 -0.34763554300826277066 -0.85227701525274246475 -0.13995991629776347032 0.93761581393602355661 -0.31825745440933322916
0.20966562541295002964 4.9346383263995470259 -6.5478581137567921644 -0.99857254673652329213 0.013752813556623361135 -0.051611326502772780778 0.021497572008542048527 -0.7810758277804433769 -0.62406602667885480162 -0.04889502328293707234 -0.62428471980050248558 0.7796652264412808897
-5.5743087160990310025 -0.47168338948665755606 -7.0068278542700248579 0.93353012554832104364 0.0029348251184875178213 0.35848694745459108724 0.31600426521472174679 0.46549724264638137061 -0.82671253858563742423 -0.16930094228884159935 0.88504446435766459533 0.4336282821149106681
-3.4023649398664659316 -4.3436012290739061115 -0.10072531070013586441 -0.96891745812377672031 -0.0027726163814573078978 0.24736869636498895475 0.14851379250523322195 0.79317798634219360832 0.5906033655659184145 -0.19784492103322909307 0.60898357496776267528 -0.76811222659245126376
-1.0551345514856931285 1.0711318905790445655 -2.0314162029625606465 0.91560966882317085247 -0.0089064629632460579761 -0.40196966213255846956 0.044956530710048368815 -0.99121758796234837874 0.12436480072978627065 -0.39954704942473862062 -0.13194077546958329905 -0.90716800377030337721
7.1284497485683422369 7.3538144409030836712 5.687904386951787572 -0.91419207122879753147 -0.0096579679401829210406 -0.40516611476995650909 0.30217148800807897002 -0.68246447706356139218 -0.66553334205086700504 -0.27008378095964596932 -0.73085495223166807577 0.62682197637032599502
4.1295872529854573685 3.3394147905792199715 3.9679204163486119228 0.93851018470986402598 -0.001939978880065139008 -0.34524610016322615502 0.32757489310515769398 0.32087404380820028216 0.88867009481438330454 0.10905651105307390125 -0.94711988918620415578 0.30177904649724446307
2.9201859396960783144 -6.8661263446149423118 -2.175925500529697576 -0.94058561298573950538 -0.010755876849654221264 0.33938623389501371141 -0.30136131070570565393 0.48699203542355312679 -0.81976833181327490863 -0.15646106561708339466 -0.87334017916695549921 -0.46129910730319928502
1.5458092497951878563 -6.0613645920080196916 -5.2431721349887014938 -0.9877789122269118316 -0.0039624179207659177004 -0.15581116713523171513 -0.15552743698997018029 0.090478729076483563332 0.98367922410108687981 0.010199848192445539613 0.99589050544169499535 -0.089989245290338151784
1.8537540876678593182 -2.0515500612736756736 3.1888028566071735526 0.99821468815612846015 0.0034865568613602244963 -0.059626171020997570382 0.055658182897165273118 -0.41649727831586169646 0.9074316414099170558 -0.021670325931096835748 -0.90913027728516271342 -0.41594775621143231792
-6.8152547637158278349 -7.2422060811879198639 1.2454057896231525149 -0.99829214248304798396 0.0023264995758745243837 0.058372816074089388383 -0.016031794126248423427 -0.97175528070515848622 -0.23544565402420375433 0.056176328055434265885 -0.23597936736400110247 0.97013295910649810505
4.8570315973068405313 -6.2809561148943560127 6.9633021355722881651 0.98870486202772767115 -0.0029129591667042611935 -0.14984729050508671655 0.096646136189166162445 0.77656271690876099711 0.62258322420949951947 0.11455225952600731065 -0.63003322243861514806 0.76807286012544750964
-4.0294638319404931792 -2.4582947159637122958 -3.4470566155058444124 0.90539232241501776954 -0.0079435735406507192863 -0.42450163975111770975 -0.26552266864433327065 0.76958760907611456492 -0.58071733605300723813 0.33130417285014324147 0.63849182578626229034 0.69466951383816366583
3.4588559286320341712 3.116039087775391625 5.9241087381238459741 0.70494463200006485248 0.0028530962600084742303 -0.70925660071381457783 -0.44765220395128907382 0.77744283270639646943 -0.441803288999704169 0.55014595346307204604 0.62894713745676678052 0.5493313464321862849
-3.8855621037320391409 -1.0459084289910869359 4.6817434664692223478 -0.73216226557064800762 0.0072945685744655484536 0.68109118783299504862 0.36412006129133661636 0.84925977055241919089 0.38232763840255046262 -0.57563443072812436885 0.52792483498185793778 -0.62445205642212597841
5.6341988757316174841 -1.3784898205876934263 3.2131000466714882968 0.99367816183205037728 0.0074038088548165625902 -0.11202184747906311635 0.0032580920521654939057 -0.99930453748990721863 -0.037146011742510531839 -0.11221896245447487983 0.036546203176806374424 -0.99301121821416582502
3.1300774937488262673 -5.4725832633620470347 3.7847031066853902281 -0.70679615321305733211 -0.0061491113239024348947 0.70739054717536375971 -0.58001264365016513835 0.5775198981595727199 -0.57450509174051844763 -0.40499942099851449218 -0.81635345020386895776 -0.41175540473827992871
-5.1855565420006071164 5.9951990114021693756 6.4133609817609347203 0.65303092615087854345 0.00059175909059688228814 0.75733101039870176496 -0.75435287238571335777 -0.088091758210225218351 0.650531771751914345 0.067099578342849519608 -0.99611218843905324771 -0.057080247280652099406
6.3596545603142242697 5.7683795285614936077 6.7691690105255748477 0.7429568438686560139 -8.9267389651081011093e-05 0.6693393161768380617 -0.59618095567475937191 0.45450209266149371734 0.66181274984465288114 -0.3042751981996001942 -0.89074566504566021763 0.33762222077778575313
1.6006862305132008029 -2.5763737116115366099 4.4341212404095511346 -0.96943755874577919318 -0.0081082835680841534864 0.24520415051597135858 -0.17694530323185997389 -0.66920929606025947312 -0.72169888300509765777 0.16994463615203575513 -0.74302972605686234964 0.64732190356800289877
-5.5430242826432900571 -2.1968415953083137993 4.315120426619525773 -0.90542945572780919594 -0.0036695516777622968693 0.42448090073755140317 0.087351217672462164177 0.97695196889451840772 0.19476810633220839608 -0.41541216336502406747 0.21342770406761882307 -0.88424054966103637909
-4.3062069974563375041 2.7694298129384096185 0.82028568360827913697 -0.94079547909664273941 -0.0028037305379471394624 -0.33896313310817643982 0.26157506233254057548 -0.6420116970835940684 -0.72069374048450063341 -0.2155976652868367982 -0.7666897155322635049 0.60473508813362408798
4.2713123696805306295 -1.886095578479989987 0.87872517808155459207 0.96833669698664281977 0.0050000285602075445271 -0.24959775837002293186 0.039658248940627090218 0.98402270464996022259 0.17356998595458222878 0.24647771615284105873 -0.17797279693183667981 0.95266700320332931007
-2.5135369630411932285 6.6097712515785076448 4.0919728605396459287 0.87589593455629410901 0.010088512084694889123 0.48239458304542731648 -0.22183503233432766422 0.89626826680821591875 0.38404740897673422806 -0.42848048993726778333 -0.4433975821274090956 0.78727571657370010172
7.0210722087726269436 4.1272403726201218888 5.1324343413341226849 0.99997176820267485997 -0.0047881969353094390451 0.0057910247707474386131 0.00181795284079512608 -0.59362200495814643197 -0.80474195260158087883 0.0072909426863543612754 0.80472976109973948233 -0.59359654122573124457
4.0315885599333247669 -2.081837191192700498 -2.8948888182277565662 -0.20767043644581639761 0.0049369472628331776548 0.9781863914295788609 -0.22662687968462175148 0.97253738267580103205 -0.053021662577063755073 -0.95158459804206896315 -0.23269436144813146483 -0.20084841776686152004
-4.602026420570481946 6.4975141539578205041 0.77082187002746893612 0.93124395159525630294 0.014320755371993064073 0.36411484257438064827 -0.32912837985113296835 -0.39580035387639278532 0.85733108508196853581 0.15639441228487666047 -0.91822491571339792671 -0.36387331857285143411
5.4248578018705400083 -6.1708147310756675807 -0.92811250705123726767 0.95923438415295037007 -0.0065539362338491585769 -0.28253573610868298882 0.23181943882583044836 0.59006225035766235454 0.77336038719682076437 0.16164511759132219049 -0.8073311505340733385 0.5675273291536309106
5.3449397099923459109 3.7385454314871018333 4.651092428097346243 -0.90418935621056117924 -0.014691533577443705375 0.42687910110076393577 -0.36106853836133284696 0.56021411845117952133 -0.74551301269230030311 -0.22819096985004005962 -0.82821754408431347283 -0.51184429365746142437
-1.1570026755503421967 -5.1909830404432044659 -1.2712869192439266719 0.99893127526419078777 -0.010680680754571431068 0.04496921566914994367 -0.046185313430944507918 -0.19286428694208768153 0.98013789011833751808 -0.0017955841853974632491 -0.98116730983099320618 -0.19315145869630348519
-4.763720553959402082 6.998158530413274292 3.6014025726935745553 0.47749580967765681283 0.0036620292504368459792 -0.87862639459678915088 -0.4627211746967609951 -0.84903481668633173918 -0.25500783231428564291 -0.74691824601334311229 0.52832420879248431778 -0.40371606876159427113
-0.30278847964350569244 3.6844311598617940362 -5.1214739860978060193 -0.99820780673998554811 0.00054367761498802687214 -0.05984044600524510843 0.053473349291223867819 0.45702501790000504833 -0.88784499431439967143 0.026865879457671982405 -0.88945367357058335855 -0.45623501300625318722
-2.1702901598640456093 -3.4361838994138520498 -4.3594511384332879089 0.84949168112951312093 0.0019491289726627468448 -0.52759841223045400582 -0.49363678101967278788 -0.35006116406494669491 -0.79610295178325196641 -0.18624342167271412674 0.93672481674704644039 -0.29641188500780774051
5.7061025534614477905 2.0768746876118382438 -1.0134044440468368276 -0.92768929242195130591 -0.0063199521596238508042 0.37329965835795075879 -0.077586151050852633637 0.98129259548518699141 -0.17619656980476722241 -0.36520263675195185904 -0.19241855484994757619 -0.91082497432747866473
-5.5430577106218006378 -7.033823923254066024 6.5243350975916740708 0.90317528238764244186 0.0049015610877920466615 0.42924396790504643073 0.4117719243727519518 0.27270489265881608931 -0.86952626401861210503 -0.1213189662925383272 0.96208524373817705388 0.24428199319410900947
3.9212484687202282529 -7.1604256693859014149 -6.3144224174465568566 0.99521867319188817014 -0.015029366183790183326 0.09650860418756211645 -0.093840625584056286401 0.12689474294956709644 0.98746729626948681613 -0.027087442110940551654 -0.99180232020496505996 0.12487765258844062133
4.7024881667349660574 5.0422029157858325732 -5.5936945082957869602 -0.76209264341611715476 -0.0029782051580914711657 -0.64746114411989941217 0.64710696467214823269 0.029886143709186352435 -0.76181322821746644269 0.021618952885016889942 -0.99954887259607938521 -0.02084879296075173305
-3.5747025064168549413 6.7278093127970155507 4.9895707502893325014 -0.99226666797834051081 -0.0081133309430442678706 -0.12385892571926176986 0.11716946133298583588 0.26810570592853272265 -0.95623775693048540525 0.040965558097653856362 -0.96335533647231408327 -0.26508172087148840212
-6.6861082629548542755 -3.5820971237828276301 -7.4314873245193195928 -0.98168405428168070692 -0.0081181073140118246295 0.19034314776957531046 -0.186836355795030995 0.23643912511780762475 -0.95351387838174639366 -0.037263839340730575689 -0.97161239002341859283 -0.23362527652292341962
-5.0963063731536148993 -5.8781291233897796644 -1.3057454078663888186 0.9592231938771804689 0.0042904750003928716906 0.28261715473816517719 -0.26234204841600278213 -0.358642840900860016 0.89585264541858866671 0.10520225264178800773 -0.93346499907331670354 -0.3428929593098695161
3.4757116156140566154 6.7447832683208792659 -6.1162196317468611184 0.91429690472310898297 -0.0024534314341042619267 0.40503722136122710662 -0.40078438063874893826 0.13917376981941220748 0.90553991741399086912 -0.058592237112283888922 -0.99026493549381267023 0.12626284996676390149
-2.098274392219669604 -1.7332490052466658081 -6.4683918940049007773 -0.78874749882483186081 8.0572956212720224511e-05 -0.61471731438574395145 -0.34494824858918493593 -0.82777254839578873202 0.44249668238035144707 -0.5088104646062794334 0.56106381244053382673 0.65293132064313108565
-4.0969979746138251997 -3.2865650861501505275 -2.6108297489698251148 0.99814486710174910034 -0.0012885807313040478078 -0.06087005699175772333 -0.058302891408296364517 0.26777036054941472099 -0.96171711374218649127 0.017538447249072216388 0.96348190100846620165 0.26719848296201653692
2.4340232526744749464 3.3747250800916313018 0.57165332215969011376 -0.66145680727683042743 -0.0081749187482110571151 -0.74993870603585721657 0.077985708285979254972 0.99377024467395114193 -0.079617398248767304314 0.7459176371492510782 -0.11114797121057365392 -0.65669856637998613724
3.3783318468772813858 -5.3816614942322376081 -1.0839982043916762677 -0.99370826941797429921 -0.0074595137938044363268 0.1117507536632730003 -0.049261803970145109921 -0.86697176202463865913 -0.49591656407248269067 0.10058404426133600584 -0.49830143438064550265 0.86114954016950917559
4.2509752325144125606 0.35288113149135247326 1.4207197691539523721 -0.99903442405538012139 0.0033792684402956406006 0.043804110505790604113 0.04367217706529957777 -0.032358581579062649369 0.99852173894637841212 0.0047917118827376457141 0.99947061124524250175 0.032179756901395108193
-5.3829928016348782549 2.4800777770481081674 2.8025654291257553474 -0.49380426979181757385 -0.007701984416122813551 0.86953897127809653966 -0.8238141477689590042 0.32424894081644206612 -0.46496545496961666499 -0.27836593374736096074 -0.94594043354504631083 -0.16646051517857007873
7.2644509136933672622 1.9235476212071320745 3.6892771211755883698 -0.99971117290622901752 0.0041150739408004994788 0.023677772972076176206 -0.0093187237261631028495 -0.97452549736360138954 -0.22408305687050386612 0.022152475134167314008 -0.22423898223713190081 0.97428237523348526494
-1.0401384778539279896 -0.78100109406670925605 -6.0242607496190183625 -0.71756832678798943004 0.0023822110487332287879 0.69648404250272988314 0.2889107279865790745 0.91092048275045245376 0.2945411097961413982 -0.63373992113857369191 0.41257508307724982677 -0.65433593297258763055
-4.5108243960177709653 5.2257348649960126963 5.3994712390680836833 -0.97585305696246982254 0.0024231308354238775479 0.21841460494696193773 -0.050865174821965862539 -0.97496916467332805922 -0.2164436691766941645 0.21242303360862485606 -0.22232691329057166496 0.95154989276402190956
-0.51447660559941932323 -0.057878255152421995144 5.1654857645125842325 -0.9994490172160827024 -0.0095375362741053834603 0.03179146721465778147 -0.033031355040852090899 0.37972492824917847276 -0.92450955022134206907 -0.0032544692360373245199 -0.92505027661636152203 -0.37983074409796185877
1.1474862345427856436 -1.804849738180450025 -1.1646909396156330807 -0.94887111803573420676 -0.010258946586336109563 0.31549699740620856803 0.31561841152393055321 -0.013894883716504904253 0.94878445946050837811 -0.0053497349997712832087 0.99985083198518864833 0.016422366272644189217
-4.4550635974541741291 -1.6988560305629476499 -1.4891445049123877009 -0.090623813424654545146 -0.0024302507531422426999 0.99588223115062191049 0.98325105799822298813 -0.15899991330884899465 0.089086387923632756602 0.15812868615735473088 0.98727560561832738983 0.016798725102430720618
3.2330813725767866273 -2.1284264730719844039 -3.6591474411795203991 -0.55786109548148887782 0.0034633437375499380277 0.82992710728005247844 -0.4226147784580789879 0.85944658038579846426 -0.28766008498217798817 -0.71427428007523952047 -0.51121383071400450238 -0.47798815059551125195
-2.6253251554021601599 3.4411634374121011781 -7.0279582287953532571 0.99388750160194960781 0.011194737543657514584 -0.10982855735481386605 0.090425987859378553768 -0.65325431783787890616 0.75171932058823365264 -0.06333067881343677763 -0.75705579323947680415 -0.65027359706788423477
-6.5089781989103316917 -5.6861086293634111044 5.401566844711069848 -0.97911502650739334896 0.00039746668952902791585 0.20330668185719574792 -0.14348636833927616574 -0.7097987862210196619 -0.68963566118644414882 0.14403272880960441005 -0.70440437612169537474 0.6950316884374156956
-2.7161083291476257884 5.4025489980611913765 5.8064101179646199213 0.86589443149587730364 -0.0082065516409784190766 -0.50015946058688809384 -0.054204687564523762466 0.9924385861177156265 -0.11012495008285672071 0.49728129398816617313 0.12246756833901714656 0.85890221175337988502
-0.35648214169286479569 0.028333811236175260317 -0.57835127971530175817 0.99842997950785272732 -0.0094343316309822740362 -0.055213851581886547182 0.051253177149696536874 0.5515484574738457324 0.83256676062052459297 0.022598403746585591506 -0.83408949906155882559 0.55116605456361134063
-4.193658909045192118 4.0593698271105722597 7.0586601541616031952 0.99993462320731552051 -0.0044309136704813664731 -0.010541172384987546745 -0.0079024407078690257072 -0.93407364486124111469 -0.35699296548592701628 -0.0082644262997397799353 0.3570529274206010184 -0.93404759315480156978
-4.0480530141983788184 1.0198158187433650212 4.1114522743812154104 -0.99977922348433867494 -0.0051741737994876035173 -0.020364975189397997724 -0.020918114432767972305 0.33661474025715598657 0.94141008552604721338 0.0019841314346384780753 0.94162824116906107541 -0.33664865758730283529
2.5228800048756245822 -3.6404853242836701099 -1.3646635118144414545 0.87877991441643410475 0.0014333337724648387984 0.4772251120515635936 0.10670396618563064706 0.9740884013179326173 -0.19941426733888459322 -0.46514527367113400746 0.22616306500470306773 0.85585637954574533826
6.4462609344067161032 1.8405281262206567572 -6.1863037960346005661 0.70613087591264578347 0.0070804810483463161142 -0.70804593980269403541 0.49408735686615623539 -0.72120010749587037946 0.48553896726521261762 -0.50720495844172353017 -0.69269060318157882339 -0.51276003978074147227
-5.2613250668092241824 5.0077415880143334448 6.7599634740308438552 -0.9455377817075825142 0.0075072699499903897472 -0.32542578917686038054 0.30400673260434529777 -0.33698697304431729505 -0.8910778229367153358 -0.11635381340843076181 -0.94147937890122324056 0.31635165434847878352
-6.2777262337897710154 1.5437683587287067688 6.8770446160038822825 0.99984299111002206129 0.00046034505112473077595 -0.017713870573136940301 -0.016761614891401457189 0.34885208023383312836 -0.93702789413283382736 0.0057481644446197811479 0.93717768549996982586 0.34880502348245856492
2.1452018853422729627 -0.47112653104697937989 1.7300866033894937157 0.98241405679268722917 -0.0093377228743318895637 0.18648170941883468466 -0.093513857617833623381 0.83985227098326842299 0.53469928123909848949 -0.16160996086156079188 -0.54273471406913087467 0.82420947015583823081
1.3434807250836835468 4.29345335253552296 -0.16238956732982123832 -0.99848769925830549443 0.0089427631993006465733 -0.054243353660597001809 -0.054899383980032530339 -0.2141273905029980329 0.97526176910359729799 -0.0028934527130602049824 0.97676480670768894843 0.21429451768220478258
-3.9837880097279829705 3.9743074109989424691 -1.5983405009109141748 0.64108561748414238934 0.00464581948130815027 0.76745530646179060952 -0.037119577519709109903 -0.9986236719202048473 0.037052649639708216955 0.76657117609497826827 -0.052241537514909064388 -0.64003082249075493593
-0.69736175050047866097 -3.2342755776423564029 5.1956371970651300529 0.97930497388639481393 -0.00072466766418686004436 -0.20238884104121068752 0.17903209476868375827 -0.46326662065006840585 0.86794674216461653593 -0.094388967384722771703 -0.88621865983976033654 -0.45354956706825944046
-1.0204294904197486193 3.7464065736763063619 -3.0465572961802336316 -0.99897624822311459347 -0.00073018180905341594465 0.045231872839300378553 0.03034933281997977475 0.73064726449252992424 0.68208026865396498284 -0.033546586762399764614 0.68275474492974674856 -0.72987710252641180286
-5.4817355302725889743 7.4604602628062224312 0.099867804190393441588 0.91343743157072609939 -0.010801557724507030583 0.40683582064046314164 -0.27879759563406836254 0.71163978815646589116 0.64485712571187481235 -0.29648601868243718016 -0.70246148525272089636 0.64702697197450176336
3.3735547536854877393 4.9339896652891246376 -7.3963243823185651493 -0.96016312679510928962 0.0044198825738770482902 -0.27940514415631506617 0.1974786259413954248 -0.69669843560433863949 -0.68964736070163878967 -0.19770928718519817369 -0.71735051018630380248 0.66807131602563363248
-2.5860505845710028971 6.3336707805828265094 1.3394745990306231587 0.66115262908370198147 -0.0031576596034205268136 0.75024478021608898004 -0.5223215009600361558 0.71590881154216101656 0.46330856153442090406 -0.53856981969890482809 -0.69818665322530093498 0.47167567943173249745
1.2568012524640916894 -4.1302892269555782079 5.9831366729107067215 0.79116786126759874875 -0.0034522870808531844547 -0.61158932055034964659 0.49478685107981262847 -0.58417912404024729955 0.6433667096098494298 -0.35949880013122792466 -0.81161741772193973787 -0.46047560191028968912
-0.98545382553055727026 1.1909556625800190588 5.6909178815452943212 -0.11525067710433611889 0.0043710141718047053339 -0.99332682217996903784 -0.4190027322576589941 -0.90688775424962464466 0.044624114023087885217 -0.90064087836798656372 0.42134961187460118204 0.10635089461568154878
-0.008317256382920180241 -2.0160425866994584609 2.072421985506466946 0.98909150486087138443 0.0089305458006392161863 -0.14703142644959488194 0.12359088710250909493 -0.59339993247533995291 0.7953626925897467892 -0.080145415572587724862 -0.80485822695053788056 -0.58803056627414740376
-4.2234882762672532053 -6.1036125634702962373 4.4188516772111174902 0.97452597987869160612 0.0029252469315000301578 -0.22425556285624997921 -0.05042018705952881763 -0.97146110618322967234 -0.23177817824380647638 -0.21853356556476655204 0.23718086369580163031 -0.94656659491986216981
-0.86826777528633003467 -4.9125733870561543171 1.7068290190184138844 0.74655467159035138192 0.0011544718199062368839 -0.66532307153860137383 0.56230610586402962614 0.53341582316884994519 0.63188559320584036794 0.35562334798875078201 -0.84585236701676891347 0.39757490813347795555
-6.0738256269895458672 -0.5237802263552630011 1.3926106280189676223 -0.99595197624467801667 0.0048731408053990822593 0.089754740893888240727 0.029014994749616995762 0.96250635587177146846 0.26970288279161958034 -0.085075208456475898133 0.27121535245095707012 -0.95875150143347609433
-5.7039754440348016118 -4.1488276350679091919 -2.6525765954237381372 -0.65104932533746662227 0.013824224547065225993 -0.75890952477432205292 0.49785819553970789286 -0.74693730248075973499 -0.44070611896898287396 -0.57295025360986528984 -0.66475074800886402304 0.47941052336180428606
-2.6851195580380218253 -1.8949763096483915881 -0.57761190842595344641 0.66342000454512750629 -0.0038204811816763923835 -0.74823746330484641742 -0.65994315627169197747 -0.47425809944512675731 -0.58271286720034187745 -0.35263143373706734574 0.8803775661806780839 -0.31715361089893517876
1.316102258408552661 2.4137991133229022012 3.3723177923935550027 0.45497358189883813084 -0.012063689550386478416 -0.89042321800860546599 -0.016756409706730559378 -0.9998471781460379626 0.0049842840137003432271 -0.89034727073650921092 0.012652578702441526215 -0.45510619611718033939
1.6535149609588937203 1.6495571047152848276 4.4329965565943263428 -0.58624458883351870941 0.0020209321738647537808 0.81013159295050252151 0.79542664525914141826 -0.18824522556492565006 0.57607307441305655171 0.15366760906282839194 0.98211997784646154486 0.1087502415618114282
-2.7054450212302310064 5.8444851082066957559 -0.10120297567808578254 -0.52683410156739995944 -0.00035689726206744511877 -0.8499680594292384761 0.49548837280815011264 0.81237946566337659871 -0.30745873898830877735 0.69060632913229258456 -0.5831290392295863656 -0.42781236748095036182
4.7267221873761533502 3.6767543086994600721 -1.2058365895998519601 0.98823431410272699615 0.0060474963571098402579 0.15282790392361622622 -0.1085284406689263903 0.73180066303502777636 0.67282194312281018433 -0.1077706731715864924 -0.68149190557879690822 0.72384685164396378454
-1.5632619744564857367 -6.6663936768658249576 3.3297550576633661024 -0.93077188162451607312 -0.0042368117165130763507 -0.36557592071108291343 -0.12582772961827035085 -0.93513296947406343573 0.33120041041918107938 -0.34326533008208520714 0.35427161730682049656 0.86986236516723336454
-0.6988775856747042603 4.2593021627062563894 5.5495084946940576032 -0.7654025538218207636 0.0096899040474386390065 0.64347885463508369686 0.44028229019019576862 -0.72137952553591244698 0.53456812950503662663 0.46937238473076947631 0.69247215532266492843 0.54787943797429761172
5.2959652451713328247 -5.7740470961526026983 5.5239371950711362302 0.98197373574549717823 0.0020954658112106328699 0.18900579707797188211 0.12787831425850651468 -0.74372334498444536699 -0.65614230382401816932 0.13919309985938854712 0.66848425198216154808 -0.73058475607107409289
1.8810644262627165268 6.6673161384292960463 -3.8135294337049496782 0.99791865215098296549 0.0078614421277574814129 0.064004385919070344579 -0.058664761995653062765 0.52276286535888416562 0.85045719016394361045 -0.02677329619603496455 -0.85244189498723987874 0.52213600362493239881
2.3149614658535648815 -0.26013110055031335444 -6.0952046830885766582 0.87436025437052622422 -0.00072904091818202718112 -0.4852768427161360254 -0.17881099735707578491 0.92915389405989712301 -0.32357328130994178483 0.45113276626886888998 0.36969245279394097325 0.81228487462576681732
-7.1061613235917242548 5.9437044229988806876 -6.2586276567600114262 0.95091694039410268324 0.0079301548233775380481 -0.3093446057650039438 -0.20013643201811665007 0.77820674083885288397 -0.59526437579633173502 0.23601351878757811931 0.62795810461970935634 0.74159708588424799736
-1.1785187285747809049 0.32635614578492960769 0.53214921173828622081 0.87231553269211370427 0.01036226100179938811 0.48883354525932148915 -0.44431911770955700991 -0.40048364570857625244 0.80136968445153222707 0.20407384217932411641 -0.91624531271212616979 -0.34474395407497415711
2.4287647621581784918 6.3936502924466944719 1.2414359349812109645 0.75457834990276917431 -0.013197279561450800042 0.65607724062795969022 0.60254133996953274099 -0.38206949926322641975 -0.70069025350752889292 0.25991430796620396126 0.92403935497612410543 -0.28034946579131819755
-3.5981811869867348364 1.9234119634502819807 3.6939764952715123947 -0.96538171359797608773 0.011840538560528787726 0.2605723482975861871 -0.2374251570470581052 0.37379095619549213003 -0.89661006901975248695 -0.10801593332428743865 -0.92743739557617232983 -0.35803971209215335048
-3.6393281364075749096 -6.2663075361997542245 -6.0714817708831301246 -0.93515604151081710427 0.004863919521887085165 -0.3542026542994186622 0.35402061889073238587 0.047699542793796637086 -0.93402042537498530805 0.012352304485627792902 -0.99884988657159690106 -0.046328443420253412333
-1.984663607620121617 -6.0656567104944461022 -2.7456371386872864271 -0.97800963328696144394 0.0053324646351345155945 0.20849153944165035868 -0.13667623066908732299 0.73870534145561883577 -0.66002577712908327978 -0.15753337794867702804 -0.67400740598731145869 -0.72173211893770328196
5.5628268137293357398 -7.0113044321927668889 4.8130735242973541332 -0.99992917863838559622 -0.011895848982408375669 -0.00035564667850733998333 -0.0014870044056364880442 0.095232311667891658691 0.99545396459717705451 -0.011807900976515834854 0.99538399404019684003 -0.095243256365847114853
-5.987771117204276905 -2.32952037421551017 -4.8152445161230987836 0.69203404812347868447 -0.0060927705284231289951 -0.72183914716855412941 0.60361370073781805967 -0.54354140225161529099 0.58327801631789333303 -0.39590324135982563059 -0.8393602457738206235 -0.37247147715650164024
-4.8781099048613034697 -6.0198951596634131533 -0.038307108513685766971 0.97451721609571306804 -0.0071386506935880878616 -0.22419909723104233801 0.096692889883823976427 -0.88849603126276388565 0.44858141677523355462 -0.2024022741444589657 -0.45882877208868522168 -0.86516442213294875163
4.4509422298868948076 4.6356690943383878079 -3.8060617228411830482 0.71419242279010330954 0.0087984808616513171531 0.69989411339399754119 -0.19438747528291711042 0.96308039165554404359 0.18625162727265995311 -0.67241556546693004304 -0.26907015059854327843 0.68953503273926863848
-4.3131739853770918458 -6.6338021325452523058 3.3477031784407613735 -0.9935239280176908494 -0.0019598051237605983513 0.11360617773730598279 0.028826413024782913952 -0.97148609963823850943 0.23533762156072837723 0.10990560662826166782 0.23708841678498454586 0.96525117987908881645
-3.8613566948885114094 -4.7869115658377694444 6.6170759744369975763 0.98366628747770201713 -0.0060835808617383030014 -0.17989892974591975561 -0.15880441595299416013 -0.49986478514649884675 -0.85142019828299553286 -0.08474545624198072391 0.86608208999749058954 -0.49266623695155620233
-4.4461380134165304767 4.2994442680358222475 5.1945745387211710309 0.16555757073436452864 0.0082148722514304994835 0.98616591233242778536 -0.98310925804848192655 -0.077732665790750957169 0.16569194128982223102 0.078018443408368498559 -0.99694039367607489854 -0.0047931143509839608738
-3.6469677807644895751 7.021839649851658649 -5.3248707346358790105 0.61406125384264487188 0.014939859378136901777 0.78911696036200795756 -0.21428558001134290212 -0.95910948581954702519 0.1849072319034496259 0.75961205014692900761 -0.2826407522151966889 -0.58575057700272437078
6.5819511027962729344 -0.4854562118462159015 6.4263539690507460733 0.90892797136778102907 -0.0079506112477222799784 0.4168773568400363505 -0.29743071511018603914 0.68832393004166414485 0.66162310800116641563 -0.29220696872973817015 -0.72535987972381232858 0.62327211738766497007
-0.92663261645844574588 -7.4156631033760831428 -5.9450447633842564699 -0.78401744973242204484 0.0031826862280743876098 -0.62073062516960786361 -0.52829662747512862175 0.52161245666860045489 0.66994262324967834843 0.32591304348477062591 0.85317660279494977882 -0.40727186562532941005
-4.4905157803281765538 0.64310424202372107327 1.4316910970421588001 -0.94651410047732664754 0.0026063706992667931214 0.32265192457078006871 -0.2962675715694913503 -0.40313223757120819624 -0.86585791274729884126 0.12781464561535976765 -0.91513802557996504206 0.38234253033591097948
-5.1624720400616768146 -5.671048781424212315 1.1080162134977835642 0.93720877904115906798 -0.0071390526197354468863 0.34869576770553145639 -0.21198617525264726313 0.78225367027766656847 0.58578243131626017703 -0.27695047569885739014 -0.62291911936031540975 0.73162162676171882403
7.2294535140196760636 0.033486319611693446396 -2.3570559525177587901 0.92670177181112589615 -0.0062118633285708647201 -0.37574624266405537432 0.37005349129816539344 0.18923409580054101342 0.90953332570311395955 0.065454103768855631529 -0.98191235339032856277 0.17766229357756416207
-6.2594454575235349836 -4.4987893194411059383 -6.4380834012877699024 0.93673520528780518379 -0.01001158356126139945 0.34989558923900776488 0.22831413615739348799 0.77516565160645845012 -0.5890593075405737844 -0.26532962594676201551 0.63167870057817598894 0.72841074184207799114
7.0805795865657055188 5.8139852562084985976 4.0800792112653194721 -0.9080868974664766391 -0.0062187818468597052396 0.41873561277029131 -0.20723036609740691505 0.87556060127954082883 -0.43640486804581146707 -0.36391449822301552564 -0.48306827699540072496 -0.79637383039863995915
5.8482358514797141424 -3.6805933591330672883 6.1439738021356804509 0.40059720871918969021 -0.0013118526472020051662 -0.91625332491020528014 -0.60658602631384206383 0.74909857791415779271 -0.2662793894534498107 0.68671338202125720152 0.66245724360869695513 0.29929104788351951205
5.9654238346204504495 4.9422651504936565559 -5.9802362384558245267 0.69164885511382545591 0.0034026028513314465415 0.7222259227648892832 -0.49350396197047524671 0.73235421783330334478 0.46916003574626330419 -0.52732883549005560297 -0.68091535591127849703 0.5082111542903878787
5.2493765028165499942 -4.4466378424642893918 -7.0833384687939151547 0.74452359357303898868 0.0123855836679763881 -0.66748124762464555726 -0.46695077467759921186 0.72421894311183332427 -0.50740900313846426517 0.47711800703939388768 0.68945886008897117048 0.5449815479478415936
-3.432191416137757134 6.086544157187717019 -3.4617534456823007005 0.8787707613093648229 -0.0018962830492349359163 0.47724035158210070806 0.4745320344719322625 0.10992905828530638579 -0.87334698167698243676 -0.050806469347784856405 0.99393762694405296543 0.097502289292745555893
-3.7755562184943372017 4.8018407352512584296 -5.9458955655536520624 0.98729999129233914079 -0.0054192532522905458373 -0.15877455365505313556 0.081152737344147282683 -0.84198248740829317871 0.53336640700292026196 -0.13657584125938887487 -0.53947763863924602656 -0.83084951525076056189
0.39364963450880030571 -1.5674771025477107766 -6.9985435807239948502 0.95029739343925978545 0.0069836341801991132922 -0.31126530946451452797 -0.18303256469495834957 -0.79621383010665192081 -0.57666508218212786385 -0.25186096220656356559 0.60497501237705131327 -0.75536169489578397496
-4.7728414871910027628 3.0847632328364809062 -1.2826626024984191243 -0.91537630630754074357 0.0005469190187321463538 -0.40259895520280175596 -0.098877970529612002615 -0.96967603758575904305 0.22349838718855852271 -0.39026832409851813788 0.24439329575815185724 0.88767254784273430523
2.397531819168698064 -2.1379089680449321342 -0.60799676487700882177 0.76212784357370810806 0.010635386718809758388 -0.64733919902869441199 0.035141993634781834577 0.99771148688449329267 0.057765294270251288378 0.64647211102498003399 -0.066773329167412853735 0.76000995531568826813
-2.5314858849596650892 5.2762923195295234891 2.2215883374278937445 -0.63723029359352278966 -0.0085095621384596673714 -0.7706264596281924284 0.32005592008195332676 0.90670981775038728134 -0.27466618724459035406 0.7010718657507490903 -0.42166917571388873309 -0.57505942762938999646
-6.4637022488859958713 4.9567034436334314051 -5.9628007006156202863 -0.99785476327576139166 -0.011024894206731937485 0.064531566813539165128 -0.065452347416186912321 0.14746345900195637069 -0.98689944699390719229 0.0013644139386839674449 -0.98900605658764140227 -0.14786872018011978924
2.9962891779392775149 1.2323810341994498874 7.1892253977878208815 -0.65600745567455309715 -0.0023995953132383320006 0.75475059459512849891 -0.1047367739140641768 -0.99003030002602887549 -0.094181809392234611122 0.74745195584025958535 -0.14083411153774530455 0.64921593228907115147
-6.6202992829207172321 -1.3243519792864839602 2.4990637675653188943 0.7577344544223184597 0.0029286048833165392868 -0.65255644955418445896 0.052990474341591937979 -0.99696363724945102902 0.057057126036685341941 -0.6504079536802056527 -0.077813426064800919613 -0.75558888591198913876
-1.8500105246438267592 4.3789501756869757543 -1.3031567919160198521 0.98146868975168233273 0.00049142270013472367368 -0.19162194430895868047 -0.18658888943214999023 0.23015048932498308187 -0.95509964852042594785 0.04363252659992816751 0.97315492639511769202 0.22597719321930775926
-5.5444492963527673979 5.407755896302444576 -2.2145729910254297046 0.95193987487054321228 -0.005493521197877677259 0.30623568677803408855 0.11159838347160554173 0.93732896057255510325 -0.33009123053863864694 -0.2852302148056793385 0.34840241230048130117 0.89289388152524262754
-1.4045180360088371785 -5.538788573561490125 -5.5976771780535274914 0.96236949832410323413 -0.011619658422814095958 -0.27149573151989980779 0.27105517858042388335 -0.030058949553448909703 0.96209435593215086868 -0.019340084284159255595 -0.99948058664991212829 -0.025778247613040650155
-0.67887855041157418867 4.619728422771325782 -2.3676105546484271791 0.94689998041849376964 -0.0078808329649861525584 0.32143167167416020202 0.20340199464279387631 -0.75955558848407911388 -0.61782112021022050907 0.2490141675865435722 0.65039464978912719939 -0.71762019471794236125
-1.5156951742270945438 7.2628824481956097969 6.8224384715823394032 0.94437803781167573014 0.0038673458402643744701 -0.32883911770837681576 -0.32874262866613324086 0.038025099397750214414 -0.94365373729642110234 0.0088547047811327640743 0.99926930076526176983 0.037181430194285020052
0.56736074844495176794 5.6975355567753336317 -1.6906832277375629658 0.89755645079510459894 0.00073952497559891510609 0.44089893483536607421 0.082079223208582560711 0.9822372100412224416 -0.16873963472748265691 -0.43319212683706498357 0.18764198973916046409 0.88155264444783421052
2.2863836265113972601 1.2132743351690618017 0.89691419301154351462 0.97543646791175231403 -0.0030712214782494034679 -0.22025953933098602056 0.061280390802039057252 -0.95664877411422644116 0.2847241413875193361 -0.21158546918644280388 -0.29122790145231802761 -0.932961895601724156
-6.5237256580568976361 -1.6253810730143258834 -0.66838870559102270263 0.97173354816532309108 0.0035661590407014970294 0.23605337082896057921 -0.17971408407648520322 -0.63722066491957818357 0.7494349018987335187 0.15309068996701355458 -0.7706731516726949005 -0.61856780868096383763
0.61771740621854598352 -3.3609551265385166907 0.070503983492536129174 0.99047086713180365614 -0.0037512051306778939307 0.13767131082105704687 -0.022876153165225485836 -0.99022361297127858837 0.13760042852619960851 0.135809215370248898 -0.13943860575282726599 -0.98087345373710566054
5.6855267164936371671 0.11886956497776089703 4.4240558125629014796 0.97712772283138193963 0.014947434500849282948 0.21212729073905536858 -0.058861420409553236177 0.97756312315774229749 0.2022515103269576231 -0.20434467563852784511 -0.21011167136548383749 0.95608385568118436915
-1.6935607652329829342 4.5356942282769727726 3.8263030065111016675 0.74480237703708684904 0.0027278973676099389778 0.66727953492969305227 -0.44742982348987453411 0.74392440415700122891 0.4963698560060000875 -0.49505148440517915409 -0.66825821317477918093 0.55529720718975283944
-6.5250764926298367996 -5.240378917649985091 1.9176158870385231481 0.98917123448213106762 0.0030807534821811963233 0.14673369698576471665 -0.12683327942735964089 0.52100377833578781495 0.84407842182452619273 -0.07384841300151631649 -0.85354881050696163047 0.51575269265339984681
1.3765405831328390018 -5.1219327273495975916 5.5740251286784516793 0.97856506513910190836 -0.0087193290051567617915 -0.20575321769333482225 0.14956519014724239947 0.71689048950925138293 0.68095394847778412117 0.14156506343615016252 -0.69713126407657077799 0.70282809666475065669
2.2203864961092958374 0.90662115343892191177 -3.8772114151213137312 0.78675828059327146402 0.00016852863026534884577 -0.61726119229702380853 0.61684856715293101548 -0.036773959804129313644 0.78622231021625621494 -0.022566637305174434835 -0.99932359497723466379 -0.02903617403022472343
3.6419179856777263993 1.2437427877801592313 -3.4012859694971355751 -0.93193912264210032603 -0.0081766952302021935622 0.36252256942725874511 0.30759656430289622486 0.51159736038508374367 0.80227956129770261473 -0.19202558506115358083 0.85918640730755846402 -0.47426247182316838558
-4.556036239706000579 5.3966654646227825154 -4.8445902848809776486 0.99877338130962500795 0.0043133816068042542258 -0.049326742508285337241 -0.0069649935295110123462 0.99853221954620285938 -0.05371122222814272984 0.049022664681784303142 0.053988899481448776596 0.99733744393775791703
-2.1972994938884187199 -4.2557757505078956939 -6.7296847548347464851 0.99751570360001728943 0.00023293788965584455442 0.070444068673938972647 0.025121312924205212169 -0.93542387914468494436 -0.35263449343905700628 0.065812922047010946613 0.35352809232932463912 -0.93310586067487188977
