1125 14.717824617146108679 14.977075390850430381 15.033177056927090831
-6.3678387537687282105 3.6258864679053841584 2.5420729405594699735 0.92115221157627813486 0.0065294048348503545831 -0.38914774826611386871 0.1832939725024393951 -0.88931489530809837429 0.41895385978345334177 -0.34333936965098010852 -0.45724871115807769195 -0.82039118315098880085
-0.10310735564354685245 4.3165442615655926772 -5.4885903823912087773 -0.99254792780474043745 0.004809548826614158494 0.12175992464916765567 0.036686956393275897692 0.96465325011133817856 0.26095626890387019214 -0.11620102512922779459 0.26347860499430669767 -0.95764103215627127685
-0.022943503994482365022 5.297949713549432893 -3.5694973091490869166 0.99830541119681870388 -0.013022401748880859523 0.056716161962408237485 0.027892279177155112485 -0.74830403091393427051 -0.66276926458628859784 0.051071780244716959152 0.66322808623478568535 -0.74667273881670059854
1.3893734398201800229 2.2851803408810829055 -6.6772677667133457646 -0.99773293877729563039 -0.0036852458929308396993 0.067196739813305830791 -0.064499969145138696947 -0.23254393905898254613 -0.97044477966919817646 0.019202522206698286605 -0.97257890958505788248 0.2317790494656751521
-4.7515490023693507382 -1.3034019305768476116 -2.6539489975196035587 -0.97291835473091770048 0.0072672568156347408866 0.23103476363114194836 0.02143107490052158573 -0.99236442730252205635 0.1214642023528597764 0.23015339245020238756 0.12312607523579804925 0.96533382077947160749
-1.9406735831458732378 -4.2039835808319976351 -0.30415410289901995133 -0.99675651843084944748 -0.012672528295263465331 0.079472322177308554747 -0.079376388117133392375 0.31752815884028900983 -0.94492076776464151155 -0.013260164973484733428 -0.94816416055982777333 -0.31750416163382177981
-1.8833285801043542218 2.4292712885384499799 -0.27728851991661473964 0.97041998580443411537 0.015280720859960624652 -0.24093889416464922548 -0.2206823626077160927 -0.34855254101009125467 -0.91093930697348812764 -0.097899673059457764657 0.93716467375033285503 -0.33487016631734384253
-6.4640295242061256431 -4.0919319568793124375 4.5141478066954423554 -0.29214360062460636991 -0.0079703508575020200894 0.95634125191871288685 0.39963719717912132845 0.90745934278721462896 0.12964432814083681755 -0.86887411472823949943 0.42006429828713393038 -0.26192319114502038424
-0.060888463670565426411 3.9974437305350298821 3.5305261072646754172 0.9960767467195205116 0.0054261922732165481648 0.088327068796324473277 0.085227215566826136639 -0.32749836168465351616 -0.94100007695042209299 0.023820922976559598394 0.94483616544417337035 -0.32667596192137010602
0.51850482044061185771 -7.3919852712674156692 -3.0157420436668016528 -0.99200674911522235266 0.0032677111822250219306 -0.126142505815593442 0.070269552408042765257 -0.81600997930820806658 -0.57375073304865942259 -0.10480839524671708984 -0.57802857691738018797 0.80925778621697352921
-3.9872755473696179784 6.1686922913542732161 -5.9873217044842901302 -0.9293854930028316863 0.0057569561695198319048 -0.3690656619783792558 0.34220944973521066901 0.38816027130663754985 -0.85570105544586239077 0.13833039401308783178 -0.92157390438032738 -0.36272060991536431152
4.8274472471088065717 -0.75346880093450752103 2.9549571104079146444 0.99912264224812485924 0.007877194007928212463 -0.041132658091315714433 -0.0091254773063269047084 0.99950074607632111157 -0.030248706694327651134 0.040873847519221379043 0.030597522894975595631 0.99869570950389974229
-1.8556398369614828248 7.0834194630748026356 0.73660263015535065723 -0.99995526319858518693 0.002194351403783447417 0.0092008925314261830186 0.0094160101347992922194 0.13835110630477184812 0.99033848260961876431 0.00090019697883436319841 0.99038081373088804327 -0.13836557895384837824
-0.10826630733207866231 -7.2279464060790532542 -7.3369629049283195954 0.99590912141557852433 0.0080895965376875725306 0.089997668354407978075 0.049216892510927312543 -0.88384395661676407041 -0.46518550906464939398 0.075780732201096240308 0.46771189719749417524 -0.88062640310586215442
-3.2657215731579656293 -2.410204579058227381 -5.7829531875105351091 0.9552380538575552249 0.0067070122543999421277 -0.29576219577400303384 -0.059989142203660354713 -0.97458187252936834266 -0.21585058849766564082 -0.28969218712306177288 0.22393121650129862998 -0.93055534332790046381
7.2620963287167956679 6.8422570138482630142 6.6647411449204936318 0.94405376498691195852 -0.006453160212435166132 -0.32972844211158142125 0.075143219156640683742 -0.96930066591080144001 0.23411474895777287242 -0.32111677849161518461 -0.24579376678026459979 -0.91458703182527112396
-3.7074785826660097143 -0.3031271467277471543 -6.9092357045379220182 -0.98807487560073514743 -0.0028493779608986481364 0.15394778742087755763 0.092085748767170599871 -0.81224970404199114959 0.57599534126388940436 0.12340281633954501561 0.58330292244162507131 0.80282591238112133158
-1.4366767540157976413 -1.5591728008557657059 3.0124314397448310743 -0.49066758409282124065 0.00055261995803792770578 0.87134666839996877119 -0.70923317266308949502 0.58068086737821389409 -0.39974746660274407262 -0.50619524762178502719 -0.81413108580392512525 -0.28452934191922568674
4.3848061967108966641 -5.0107628880237822244 2.3893936216033173636 0.75935166773531048712 0.003552087019986072472 0.65067075190548750996 0.29019475895304291946 0.893177541672097286 -0.34354167276885866356 -0.58238479254158503906 0.44969018416065326127 0.67720505881593529018
5.2934167553405648832 2.9405480662658840529 -4.9248054295640946165 0.99318161825069761761 -0.002127907502771403999 0.116557904830456735 0.007269964776541154583 -0.99675679461739152831 -0.080143870608396172717 0.11635042234965248253 0.080444790966349502548 -0.98994505646812902544
2.4370563426416387287 -6.3247275257686279559 -3.2285281674349719516 -0.99884690283024646362 0.0048595987036384423463 0.047762422540325241704 0.032035698159747029445 0.80844335291656366227 0.58770150516088726089 -0.035757219549305933881 0.58855393077049711348 -0.80766681981163312987
-4.5528369898345060207 -6.8053440133931513145 1.6319236274973190071 -0.75782257693115973041 -0.015098175636718922515 -0.65228597025041534785 -0.39428174783758401789 0.80714097331457002049 0.43939202600751092742 0.5198527149253651114 0.59016564987238107065 -0.61762258742320186311
3.2735548866611448027 -1.9646242227040540129 -3.8618500003127933518 -0.93466421752013340019 0.0054931109550438918937 -0.35548927722167272814 -0.23608485837559478604 0.73802458266049675295 0.63212629674344111841 0.26583216534744036341 0.67475146618651216102 -0.68850832874111467241
-3.6772252735063206686 4.4415077638270110683 0.28474509731583069749 -0.79581841114242179991 -0.00068891975044129555306 0.60553495512352895069 0.33049362054513015119 -0.83841724665885819512 0.43339414772694423439 0.50739237604225684297 0.54502848172785045566 0.66745556469303268798
-5.0331743791242073982 -4.1079924858776522001 -4.3205309519269059493 0.91852411020163049482 -0.0054077010403161106938 -0.39532798502976290722 0.35532700687755147673 -0.42716698896970445309 0.83142713554342728699 -0.1733671744064632092 -0.90415657952812844567 -0.39044167622628073167
2.1169959283736550226 5.3708804472391706852 3.6793054339662809582 -0.73263438537384495408 -0.0083076225028760955493 0.68057170142178025074 -0.15635808262852007866 0.97523668704177279842 -0.15641468679271053333 -0.66241905721720684141 -0.22100766424735376892 -0.71579089473065093951
-6.5931984519118911336 -7.0116714194077784938 4.0955953602073567055 0.95563092060151044738 -0.0014046353153352271123 -0.29456335581685444414 0.09087200973174885954 0.95262130778815790055 0.2902669836466791331 0.28019960998859616552 -0.30415566893889173228 0.91048201938014583501
4.6060420619209230253 -2.5470847406985912542 -3.0599887717870295489 -0.79653907714468685786 -0.0085766478413476336662 0.60452621092323788332 -0.097053756632548282557 -0.98511787772508374594 -0.14185674220811195223 0.59674623325580611333 -0.17166597827815591182 0.78385248930965989445
-4.9478239221186832708 2.7627393832710427368 4.750758763041911692 0.88521726305063208606 0.017966365847861130028 0.46483072929354118941 -0.16182082048125479012 -0.92495030307754866339 0.34391998908974064086 0.43612431628618919532 -0.37966320144954346372 -0.81587464368556550376
3.8696215143099208511 -6.9500424395889783824 -1.7463270308770726391 -0.74500221952307355 0.0044129727415869873797 0.66704738855433842737 -0.18520046556164962426 0.95929694816981225802 -0.21319041438977301417 -0.64083732761242850895 -0.28236481881339636768 -0.71386107096205420053
-1.6411132646568953319 6.8523611365149346142 6.7355675106523298368 0.51515901077458847723 0.0019630842648035700532 0.85709237537026994325 0.82979901568554470526 -0.25149967857556909667 -0.49817818623833465264 0.21458049115671176676 0.96785539104581252978 -0.13119129101569140805
-1.1688644848626634776 7.3398981191492005394 -1.6816575715289108217 0.94916840024620008354 0.0054146655000169158223 -0.31472214630024181181 -0.17971373493406528343 -0.81154892920239540821 -0.55595980878707162987 -0.25842275722220142686 0.5842593746856333814 -0.76932350909205160505
1.8817545835132847287 6.5721469361455078229 5.603449541441796633 -0.89708082277388589976 0.0085003885211630825225 -0.44178472224190068474 0.26697845903631656217 0.80710769327032416687 -0.52659251217084102059 0.3520916071450576057 -0.59034304845474394607 -0.7263102541746955243
0.06074269936997296615 -1.5813427585277519682 -5.4816954880442070319 0.92176821427140931409 -0.013456311484065839809 -0.38750778939309687976 0.1167752835412200485 0.96263086390115815139 0.2443467884356131381 0.36973895157657710175 -0.27048243482004630245 0.88889389700959264839
3.8632503811630090063 4.378997088902581325 -4.3258920921095285195 0.93753801114548829254 0.0014148974526575579507 0.3478799731553926522 -0.19666791874250022509 -0.82270370978772677795 0.53336698026688333929 0.28695680405754397935 -0.56846864818273334929 -0.77103773489916338502
6.1780660853435671598 6.6189234253941791053 -3.029556624298292089 -0.93173536372824683482 0.01551382621224272132 0.36280646793329734967 0.1399599967775164433 0.93724120713139691397 0.31935891870566340822 -0.33508269319675176856 0.34833639036292257662 -0.87543209209439831753
-3.0355952875018092918 -7.2853836652390215889 4.3628357623446838431 0.98926766092917106654 -0.0046753563381172775354 0.14603984416185050721 0.11810497258202354298 -0.56287836557841375296 -0.81805816481167192844 0.08602738221695259424 0.82652651899794027379 -0.55628518127125292647
4.7209916346089650929 6.8875148342431522508 6.4573950129587212032 0.99916574774841893092 -0.0036498364869149636965 -0.040675388380311136571 0.0093928433642397977238 -0.94875855410032483572 0.31586228093120244376 -0.039743968344949816285 -0.31598082966393725712 -0.94793276779796153964
-3.1534748437587847292 4.1835741992707875525 -4.261637453550210175 -0.91072105461688845907 0.00069817210768664209747 -0.41302139561190559514 0.40465317233215586379 -0.19877677021117626244 -0.89260495503110448556 -0.082722250930657992285 -0.98004454397744411587 0.18074767224188192927
-1.1578545924327341421 3.2679588766576235237 2.2266988379081991134 -0.87557436522824982905 -0.00038904873077372594849 -0.48308320152575184858 -0.37970201837003997314 -0.61767600861179938754 0.68869639583127462146 -0.29865684020459482007 0.78643257627495932738 0.5406735565686606737
-6.1596694680804855437 -2.1891904320762072267 4.5165390479275497881 0.99665385689534646829 0.0040826188075978476349 0.08163590974187989735 -0.029650676616588787782 -0.9126641618010270518 0.40763337098437185668 0.076170380804440412925 -0.40868993135085812662 -0.90948920449909365082
0.87373805325396314281 6.7549352444353774061 -2.3893236221284031018 0.88591578149854566249 0.0020610428428408170132 -0.46384154642957209358 0.28117114428956169192 -0.79771090219319118475 0.53347924433947235823 -0.36891193489873658207 -0.60303654004095808006 -0.70728418310099017141
-5.7631672302174452582 -6.1795909174220646776 0.099983391663861026499 -0.97945073094743939635 0.0051144983607606386844 -0.20161871826065280722 0.062303330327155813373 0.95845622310518385767 -0.2783522290569861446 0.19181908319225524084 -0.28519381181468067554 -0.93907929858239391763
-0.90562163128483108565 5.5449825862610016003 -2.3043282134316562804 -0.81925757937040233347 -0.0064534641800151424512 -0.57338937158297265118 -0.30673445271592536532 0.84978385504873954481 0.42869730021962026978 0.48449044795667323138 0.52709178754614671725 -0.69817136387857126056
-4.3758966946045081414 -3.5205475580628218246 -0.53600679658602101707 0.93086078903093516512 -0.0041264800317534176821 0.36535074053200522481 0.27726889126105735972 -0.64323067437182168682 -0.7137060049389719607 0.23794989679254924253 0.76566132964239519421 -0.59761406853142262641
1.3236840720455114173 -2.1166108239458689688 6.7696024426619931802 -0.93410599477471822905 0.0082311241342443147023 0.35690088136839542843 -0.35200384189104755306 0.14536544906400206134 -0.92464165032318157422 -0.059491897095034496079 -0.98934379000120531433 -0.13288935008545496586
4.5733990088885709824 -1.9434316100747155431 0.17641163063095033348 -0.99808626038861014695 0.00051638111424745242878 -0.061834862125166818736 0.026825237052891876682 0.90459077573693136287 -0.42543617042829856567 0.055715558693679528846 -0.4262807312114680891 -0.90287347658308469978
-6.3669618628984698816 2.8524110488599156987 1.696226192108180264 -0.99549685889562689045 -0.0069146302623599234516 0.094542010859160779956 -0.077815827028592299275 -0.50995713478088877668 -0.85667287674460179669 0.054135949172696325171 -0.860172022664290159 0.50712265817333179729
0.060152436219269786455 0.20947399661552296157 4.5263750470448780305 0.2041821295639536793 -0.0022005127012105648275 -0.97893044477659163505 -0.8537496557226929017 -0.48968621298775882877 -0.17697157444950575855 -0.47897931408378785489 0.87189596314783701647 -0.10186386074700437554
5.2259450291069651229 1.3913130011870606939 5.0247398021953859626 0.99320350671809465304 -0.012218759156864718307 -0.11574755361378412377 -0.034414583606621917955 -0.98083775342979195866 -0.19176271243923406762 -0.1111864680529421473 0.19444280231357111144 -0.97459199973644272674
-1.775042977810837419 -0.74950262748374674171 6.8003519417143740711 -0.90063774642184657448 -0.0087375556774892705614 0.43448280154769558514 0.42284097865231895508 0.21310260042434486794 0.88079100158026057965 -0.10028537526599116958 0.97699075574603477801 -0.18823364920916796361
5.7554071138723834622 -6.4860651047549877646 -4.2372491594788295188 -0.98753933388221137868 0.00043746880675104063939 0.1573717657545546933 0.0097120101257800583311 -0.99792062931173031171 0.063718870466298899169 0.15707240653587720147 0.06445328707848321792 0.98548162483621959407
-3.1888677042665110051 -1.7085255729122692525 -4.4118233293245694426 -0.9093056397336689578 -0.0030232614390365390722 0.41611790809681270531 -0.20455703305179173679 -0.86756686633889501525 -0.45330359877244358335 0.36238056484536929069 -0.49731136355536076366 0.78826501501786339077
-1.2752722860917531378 -2.7742575941558547115 4.0662093723919801036 -0.95152776647064285509 0.0068541883361364405042 -0.30748647082025243327 -0.060546833371442197735 0.97601364208743623951 0.20912066236540419184 0.30154434268260760232 0.2176014488962300375 -0.92828908150124433973
-4.8731069208920931857 0.14978478577197013033 -1.2000256377811726605 -0.99883209885488788426 -0.0066529473876611715938 -0.047855789494884823365 0.0082459052177493111918 -0.99941582013098007042 -0.033166602465821960755 -0.047607177444772948161 -0.033522481457078194544 0.99830346082374932237
4.0444320126014892125 -4.232737323711203814 6.0976386228135330825 -0.99074026005409787654 0.0096946356600950533283 0.135424337352084867 0.061307125884116811521 0.9219131152134896201 0.38251489423697293546 -0.12114113018983327374 0.38727538268879674321 -0.91397078976278933737
-5.5432519360213161619 5.5941356341253580808 4.7139846258027295889 0.82857376223825429662 0.0065224072749799737181 -0.5598419229868750735 0.54812190460509091494 -0.21330087041839795869 0.80874292353672372347 -0.11413981874173068087 -0.97696478794381291788 -0.18031057898944985451
-5.0248710244980498985 -6.372634132685637276 -3.8233904277245778225 -0.88415757819230922365 0.0073977065278115049923 0.46713022901896261718 -0.46685487644997364365 -0.051787575898572531241 -0.88281627268506057682 0.017660726486544035818 -0.99863072300054411823 0.049242033053983932933
4.7035431243727572337 3.6100487007019297359 3.755277960776478352 0.89786733912513905231 0.007902175352514164558 -0.44019518052450623546 -0.11068425600441489376 0.9717780457045731568 -0.20831808697131654062 0.42612584620640597821 0.23576468249364299079 0.87340241451679023754
-4.7503303874228235415 -2.3731727281636607607 1.5288095628600486542 0.81728491193651620073 0.0047645853069985177539 0.57621408473557511609 0.47938426202883488436 0.54924467059661796764 -0.68448595393923961083 -0.31974380688269787854 0.83564800636868574735 0.44660531502893746625
1.5235872820086910906 1.4235050889803344543 7.4654357027596676133 0.87590952999455917727 -0.0010158364088091852845 -0.48247431365929699387 -0.39784480304997099642 0.56420754087102054086 -0.72345653878465754349 0.27295055953542890492 0.82563237515289478186 0.4937906167077496522
-6.0996860463937370156 1.3044470293155880913 -4.7742269539373447529 -0.99172565145111879481 -0.008042124949021345337 -0.12812320820238720653 0.045627761225723109662 -0.95495052994767715138 -0.29323641103746850289 -0.1199930817142907391 -0.29665604591670591272 0.94741588057293824043
-5.04877564298065451 -0.33301452768829115092 2.760293471063681725 0.99355264800247189427 -0.0062577531082484974187 0.11319883468193911447 -0.062163872487353902252 -0.8650645162531528376 0.49779416999120185139 0.094809222150014388353 -0.50162159367978287339 -0.85987614698252845535
-3.0524463274519653133 2.5508620259021927978 -5.7793488252008673456 -0.94885115806343500733 0.0036447477268511810702 0.31570270137549066858 0.12613917237713867525 -0.91228546364702645111 0.38964617540834234344 0.28943114731105962223 0.4095387022398085386 0.86516337320405212186
1.626264934210078561 -7.2297731753786633746 -6.12290639811096149 0.99956710620144051394 -0.02226655719299792946 0.019230201009379190719 -0.011140078512656586759 -0.89139460948782411887 -0.45309110433420812791 0.027230476507340818648 0.45268073805592790038 -0.89125678148460363293
6.5487150178977051596 2.6936646687581076165 -1.9353269834069086741 0.99860475987591401648 -0.0043682349669650483159 -0.052625583859302715872 -0.05137397186206982963 0.15019085709189211597 -0.98732133647632835949 0.012216733130413878067 0.98864737139660718857 0.14975689120157573142
-2.240623577873928074 -3.7958226856373933344 4.0289486000902146046 0.89295835761183839363 0.001460222532320948341 0.45013691175174813663 0.4337178238326946933 -0.27042895743356165639 -0.85950976042807825106 0.12047498022845523624 0.96273882581491920796 -0.2421151222195871977
5.2722229010065220223 2.0020130698223441712 -1.2475461027160532623 0.97872384173870030644 -0.0042569950793729088162 0.2051378063772195115 0.17008772293300616907 0.57601981480977848538 -0.79954445745940994072 -0.11475978441870755831 0.81742464541962356339 0.56448838866775508105
5.1749958501363968466 -6.7951517856975094389 -6.1086737574507603554 0.99308784709147235326 0.00012335638545784514269 -0.11737339026571064204 0.0097221253512885449921 -0.9966495340962058247 0.081210753379567748866 -0.11697011685855712715 -0.081790531047540179777 -0.9897617394064199825
2.6049618967146490611 -6.5841307317755894957 -5.3453505663234368583 0.9959685083916194337 -0.0097146792950705083275 0.089175979379397002367 -0.074357900194330278643 -0.64547294091921869619 0.76015497447547908383 0.050176019877769609256 -0.76372135464923707193 -0.64359308532787884438
-5.5541050366207302957 0.080727544027665243398 -6.8987801336879188696 -0.64801699407858215363 0.0024869022543557318256 0.76162181606257250976 -0.43723928938901751584 -0.82000488197107901378 -0.3693423850010146281 0.62361508897707773613 -0.57235112375251007144 0.53246447011912945158
5.4002786814961751816 -5.7341615076395013872 -6.4722697345358639609 0.98336832889871539365 0.018797650915667291072 0.18064710913540471537 -0.11749348622799765662 0.82431139439984224548 0.55381044207980223426 -0.13849913506199404423 -0.56582450758402957902 0.81281031994216390579
2.9306943432856171761 -5.48673216099787453 -5.4854047528156621993 0.73731475168972138157 0.0028180204420506652432 -0.67554349652809642102 -0.074714321599843480648 -0.99351642807693629766 -0.085690590434807173414 -0.67140503951680696737 0.11365371046287220391 -0.73232377198168263632
4.4620098923872744123 -6.1396549455764422021 -0.88521347714358045167 0.97588589806291969886 -0.0009251660643267765969 -0.21827931195987720914 -0.20012304428033883541 0.3955217806229720523 -0.89638902726486668904 0.087163530847942746749 0.91845613129890368853 0.38579898103736481874
1.9711476687864375457 -6.6821271400778172733 -7.4615575039194510509 0.6960612188798498412 -0.011858404596930870525 -0.71788450172153628337 0.48214794039299418982 -0.73315462677693821192 0.47960156047547530811 -0.53200765327797339133 -0.6799585807063538434 -0.50460299778896056111
-4.8778245978339960232 2.2464380310103919669 -4.4381364798392368698 -0.99982766946391499197 -0.0048248704863745779658 -0.017926293514139410995 -0.0060643535714930713737 0.99754639191812288779 0.069745391149246271922 0.017545796936235424912 0.069842083270697061237 -0.9974037439342839928
1.8793113760074797725 -1.7652277768082014209 -5.1933571203746300426 0.93284585113996842942 0.0017857072569049167038 -0.36027132728067767786 -0.14576169284215903521 -0.91261909085773951222 -0.38194230441509785523 -0.3294725283096316959 0.40880705259533900442 -0.85107264486500866507
3.8769887331474071068 -5.9942000117318814389 6.6560082062977699024 0.9854304026367766145 -0.0092464820975205162801 0.16982763063774350409 -0.16944693866569549012 -0.13939031377269955891 0.97563214143605325734 0.014651161592343527745 -0.990194346073186904 -0.13892624110947335292
6.8726488598646398032 -0.69066381374838814455 6.4981771891970989685 0.85277331522181565315 0.0074591169508499265833 -0.52222795254563525447 -0.44417366436046012979 0.53636121135602432553 -0.71765340300267788098 0.27474975656819589087 0.84395557497238116174 0.46070767167335424652
-5.3089715541351889527 0.86662714540157059773 0.87693214502546357192 -0.99977303712877452213 -0.003057746301720585657 0.021083747717584273157 -0.021214714079717658657 0.052216928367536621924 -0.99841040073626108331 0.001951957166175036229 -0.99863108432463276731 -0.052269946277064431583
-6.6219723205218556927 -4.5708473084589744673 2.4735687135591493124 -0.97506492571318204021 0.0089052962485483087157 -0.22174103441310369367 -0.154116386066024319 -0.74611624594374381658 0.6477335000482521421 -0.15967632945995904881 0.66575614397285931556 0.72888423399916291157
2.2492506760771191487 -0.98803552876442268804 -4.2134429458633348986 0.97560997873449151196 0.010505149220420510053 -0.21925968903003598132 0.028306832731300517192 -0.99653517913191014266 0.078207160626321825525 -0.21767841559141601349 -0.082506233657580280161 -0.97252703242285043483
4.1667318140727331865 6.508814584752278698 -6.3613719049976804598 -0.99626926023841833047 -0.016991407570518361758 0.08461000634076112914 -0.066612019321018303697 0.77473900753576940836 -0.62876252201011550991 -0.054867112063497737451 -0.63205281604571394993 -0.77298048988478773591
0.55613172714641134764 1.6961585758128807644 1.2854352873050167716 -0.71303452537142197887 -0.014803287767870000266 0.70097263020719036142 0.54534171737393866142 -0.64007492075920391361 0.5412083767890861763 0.44066333739029328598 0.76816987606020414869 0.46446836769982047244
1.9433545381836119237 1.5791894992868567016 -1.6036197927716195899 -0.97677651199527848469 -0.0031861813803633421208 0.21423700395224865023 -0.094269645319244435577 -0.89151928888716513999 -0.44306499693989265243 0.19240810686041720512 -0.45297152867502177287 0.87051474118717775408
3.8225599241284831109 3.3711677129512880313 0.9752414920486836003 0.7289499194269882798 0.011953953412918215046 -0.68446264906501608216 -0.63209423008131104815 0.39565666135229260458 -0.66626773194076827078 0.26284767312124973637 0.91832070069530391532 0.29596991639253683593
0.66665230624676230509 -2.9170875082356753083 5.3063557683005289078 0.94011763736346165565 0.00068718623125771859887 0.34084946192324522274 -0.21427853305710950482 -0.77648792281616840771 0.59258013465826764321 0.26507270359120155279 -0.6301317588375843215 -0.72984274218155686942
2.2152850317931211954 6.3834942529094043095 4.0023544363199867746 -0.88750699081498163334 0.00050294338328580852696 0.46079397598321436558 -0.31120214471495627473 -0.73814171344053536306 -0.59858168699345182251 0.33983020227650301281 -0.674645505378267063 0.6552624479502403565
5.2440183590475486497 -3.6567843613545543136 4.4512334279305214579 0.98143470953680178592 0.0013008569710346051286 0.19179212363280648268 -0.180647180612563657 0.34224266201773123619 0.92208272754221753953 -0.06443994920208544197 -0.93961070027228743573 0.33612382373273586023
0.20740268504913109138 -5.7744626196453845424 -0.13849836002870205554 0.85423356963780927575 -0.002212451297789351165 -0.51988471179983442028 0.51095423925413385735 0.18817343127764657451 0.83875891956464088128 0.095972776827987812953 -0.98213332334288216963 0.16187452328105952915
0.084865537022911968768 -4.3044626089353865694 -5.0816835237941555548 0.82793158334623162542 0.0014532220293226238636 -0.56082722958465103247 0.4582529210637623085 0.57474245032803117361 0.67799364018225671824 0.3233164914357973263 -0.81833306418397855353 0.47518148367638551877
-2.9682129873133056286 5.2787324789716807416 -4.7759656833661905395 0.68481529653340744712 -0.0041739303101136918453 0.72870473302944949179 0.064550451980416076458 0.99640009400933227113 -0.054955361953549657084 -0.72585208464462913636 0.084672492369643442833 0.6826194549329912542
5.6446336909803225268 -4.0299710790880292066 3.4673901875073402934 0.81330537659036128417 -0.0110578294087784329 0.58173197335009918518 -0.11428944540391547391 0.97730485992922278005 0.17836236550377090881 -0.57050178534198681124 -0.21154889545351662772 0.79358350395786669829
6.2876523838009035217 5.971744389258819119 -1.2846667183208599905 -0.53600837685813074174 -0.0041349912702845770252 -0.84420253599766859054 -0.64342061586859422562 0.64938817924537961535 0.40534541286613318123 0.5465390480222419578 0.76044585244671936142 -0.35073804253788398722
1.6736308722375874414 2.5835038622921100426 0.73402955039519346414 -0.93913706383239559106 0.011609209536505148141 -0.34334647455631644997 -0.29802625779687658136 0.46960678458690957582 0.83105343843431356277 0.17088570741843359113 0.88279935099881146066 -0.43756528755861262558
1.2963894322308424645 6.5794547617562617603 -3.8406977412010347983 -0.91642822235719922919 -0.0066796283233217148417 0.40014334410653212837 0.37942883176370739706 -0.33242950837116175267 0.86343753890522945138 0.12725201331904026358 0.94310445048763325016 0.30718222698691610706
4.5423075086814517221 4.7176461860420522143 -3.1982616306824178665 -0.95299937443141280458 -0.0064911975503649087943 -0.30290271819136643794 0.0014974623843722577321 -0.99985916313586065129 0.01671560646651838733 -0.302968562626147353 0.01547637707922158018 0.95287487731220554821
3.9021031094039719811 -6.6790878150185220008 2.7333219226189515716 -0.98434231510888170469 0.013389881413962191961 -0.17575812289012998635 -0.02882702834517884144 0.9714573178401714193 0.23545632727022927644 0.1738942469517301137 0.23683621068259153031 -0.95586055478120435236
-2.6310114932645842778 -3.8578371902292043494 -4.9261093321716966642 0.93417045744826165965 0.0035005288545994048439 0.35680989718427602586 0.30765956040047331976 -0.51442967605498224337 -0.80044219234623403825 0.18075162883098400135 0.85752542509922846659 -0.4816419769738498613
5.0774144906338882777 -4.0721146422714626922 7.012745296413258167 -0.71946407189757410894 0.0098112092275208766939 0.69446035842367703772 -0.67971123125210863858 0.19549973168297005155 -0.70694589398446083806 -0.14270280781471661458 -0.98065467677735218555 -0.13398624390737931544
6.1223236672676311088 3.1203353825032169588 6.4959882634204388907 0.98832189024325867166 0.0049188886480278533331 -0.15230116808601654177 0.15015073506725137853 -0.20179602319852960046 0.96784974132355205967 -0.025973024942601737053 -0.97941521815611176649 -0.20017800183740122599
-5.8011527438075622953 -6.4498850713472517526 2.9989833727012942255 0.79188700415965029844 -0.00085184936005558431482 0.61066705085147210408 0.00761909016999667843 -0.99990740840930203426 -0.011274931184698928216 0.61062011276075833788 0.013581198802238559492 -0.79180719176518665758
-5.182807633728280905 -0.24263846338174704931 0.31985875269181007763 -0.71752048572810456228 0.0031211591455281885443 0.69653040918978481599 -0.084842322739823283761 0.99215235397532020034 -0.091844906082960670046 -0.69135094766163507352 -0.12499585939887096486 -0.7116248325491161264
5.0789390854678559961 3.9320940291034633951 6.3130026735248314651 0.99959468470122636585 0.0026822339404003869151 -0.028342052468570036461 0.016622227593678914892 0.75324157100763999839 0.6575339057841396162 0.023112071886053322384 -0.65773850527930954879 0.75289168597219957579
3.888152684008330251 -3.423129433056830262 3.3182650691326589509 0.63971479804328257313 -0.006013839005980704637 -0.76858884385918835314 -0.31324119192272764645 0.91111900853480276563 -0.2678471727857538176 0.70188669516328261455 0.41209948559413478453 0.58097253044010011003
3.8508183932522026538 -3.4265564573982731922 5.1998972057456880336 0.91285477537406356507 -0.0027004195475403740614 0.40827547907138062033 -0.0140291659050476962 -0.99959507967125882377 0.024755993235607849645 0.40804330846217023998 -0.028326391075017345877 -0.91252302655222516936
-1.1048120115255435358 -6.8656996500265510264 5.9339286253099201573 0.728817753323227846 0.011925644067313435209 -0.68460387192482496932 -0.6746316435893077168 -0.15839163692814375861 -0.72096063333531135164 -0.11703344782130084556 0.98730434434621239248 -0.10739322011319847594
-7.0640300305763874533 -4.4717337160792132167 -1.5252088269473520477 0.97974948563557795467 -0.0060239625351896242816 0.20013659653350115986 -0.11826077932865006193 0.78916542695104086036 0.60268757825067886813 -0.16157145004368383967 -0.61415115466837133518 0.77247202263259373556
-2.3822038946578869556 -6.7017247281396947756 3.0953674002284827793 0.75540792924216193516 -0.001294951571233358056 -0.65525352615488330343 -0.28669741733973508335 -0.89985243779189605373 -0.32874029429119200341 -0.58920578012164004367 0.43619251862026525712 -0.68012692592700729755
2.9726899878590744564 -1.1704507402382529069 -6.4125294555233169902 -0.99671327815644228387 0.0015266429251267451053 0.080995743765510413992 -0.077715593160847612486 0.26421150832814149778 -0.9613285418870475274 -0.022867613045597274396 -0.96446355463975674827 -0.26322447463182718774
5.8556084621787194422 -2.6223317941029997691 -6.7023319009958743919 -0.94659895942488214704 0.0040477964044355755138 0.3223880043673317819 -0.086248518683097269433 -0.96665853974464788223 -0.2411067410166057301 0.31066316653359415945 -0.25603687797455626507 0.91538708428536363915
-6.7256768418155958855 -6.4200668270608947097 5.1772573230513989628 0.87520399961776684794 -0.009202904407127192668 -0.48366648178634885635 -0.48370461398391240149 -0.0023580119024652328868 -0.87522813379739627937 0.0069141495288697913529 0.9999548721469194712 -0.0065152287719500712182
-5.5793875733476534506 -5.3350037658562747822 -5.8687496575016764311 -0.70856278067892397576 0.0059326842672002885054 0.70562283770715572562 0.51913198890442613376 0.68168633663015631985 0.51556349419622293784 -0.47795477184841311802 0.73162049021957498152 -0.48609741241662940414
-6.9734066581539098095 4.3281079092853351753 4.7801630083726314169 0.99526197553440842736 -0.01774748328067098091 0.0955961656790471348 0.080283255071038936435 -0.40461759438739830497 -0.91095510387040468103 0.054847051065125995706 0.9143137476542618769 -0.40127568059895224462
5.2187795891436596918 -5.0062937890582368539 -5.3313778673498237737 0.87238540576061907039 -0.0046918673684833347298 -0.4887961642614632729 -0.15665425600505691883 0.94452978177452584507 -0.28865712431262802173 0.46303687530432086072 0.32839226196963811066 0.82325899593441331792
-3.6189817730822366748 -4.7107023154320852854 4.9678690296156293726 0.99818901233256407401 0.0093595929671283321916 -0.059423006301780302574 0.05863832884787516242 0.069069687011496613827 0.99588700399495266868 0.013425425445158211887 -0.99756793069733262769 0.068395771769820562502
-1.5161068298746618321 3.9669974844707409645 -6.246644482335319104 0.99918038160840705331 -0.00031574313026524244291 -0.040477960857273495576 0.0038325481079441925045 -0.99473961789865583683 0.10236407650026856098 -0.040297352070368872012 -0.1024353107527549156 -0.99392310091226598878
-3.6203480320290686301 -5.2371736918199909283 -5.6870274771786926138 0.93723207172198985671 -0.0079115458784902864542 -0.34861648150564972237 0.27398103215571689706 -0.60173181666605612961 0.75023543959925642621 -0.21570915083622088648 -0.7986590187643378691 -0.56179474364928394525
-3.3904919484317366241 -1.102550013749290736 1.3727122308669383877 -0.9465575315547050117 -0.0031072153612744434978 0.32252005312808118553 0.12340123179799161734 0.92038320407988827299 0.37103489544561329971 -0.29799492520465320489 0.39100524658916901988 -0.87081221953518384016
5.870285648920749999 -0.61173671267006046737 -2.9069646706767806599 0.81158360646984772924 -0.00092706636887115220075 -0.5842355605895503956 -0.11587437055720357926 0.97987768385300133556 -0.16252032160579354958 0.57263005505942332629 0.19959675657393435855 0.79514524132886021945
-0.92787990671265452303 4.7401317569705980759 1.2566032471238450796 -0.99900788222144121242 -0.0035493374399473923836 -0.044392042793387598287 -0.038487278346824846387 -0.43268929019086149745 0.90072121522672388139 -0.02240492501851141377 0.90153612260287285807 0.43212340711539298788
-4.2727249107595008937 5.3878672973706258631 -7.2073541644718064347 -0.76841536060197834779 -0.0076225421492548076779 0.6399060325093758328 0.61777066327309448912 -0.26981280162810766798 0.73862064666284843462 0.16702467239863899584 0.96288262468943663919 0.21203728417747280677
0.48029240477854934221 -2.7685856757273432649 -5.4546379181417217197 -0.84537965001638637474 0.0052912674193304840703 -0.53413972874825021986 0.52439202060616130208 -0.18219109085268922477 -0.83175682452172983172 -0.10171654763486216722 -0.98324890485724880662 0.15124594220762510588
0.055475213987208608912 1.5280124962965764279 6.9636901278265215254 0.97638205771496999752 -0.004321678568541945098 -0.21600787130710522033 -0.173703909326848982 -0.61022017265556183219 -0.77295426305114911525 -0.12847190065090602351 0.79222008556889100817 -0.59655872029876022555
-4.9491930126897445419 3.9880001945722933776 2.8616494993499861366 0.64131512333369899981 0.007415690994493307972 -0.76724176118777065447 -0.3304655867695064364 0.90512313785990883286 -0.26747822578974972396 0.69246473451321277626 0.42508483016646436692 0.58291978746459927052
5.299744126284505974 5.0222557840725183809 -1.805625750542707797 -0.88900801603816148599 0.0063625270871347072016 0.45784742619025836641 -0.16832724035704027532 0.92534766419223446476 -0.33970228219384585033 -0.42582941135360252716 -0.37906624569204844244 -0.82157050446277180011
1.3652871886825792558 5.5187817460679804427 -4.7824489454833125635 0.97882720159148917105 -0.0050118454254719623647 -0.20462695528693145008 0.20177567076866678719 -0.14442170158634967669 0.96872542590599797219 -0.034407675167304446751 -0.98950353891054332323 -0.14035262154031652448
-3.9867153887654223077 6.2357183505496527332 6.7268833694005518709 0.99958948718345763673 -0.010743023488784102584 -0.026560206298994144813 -0.026045234165886655547 -0.72698527156524672677 -0.68615891796601680142 -0.01193745741635073021 0.68656900772863427296 -0.72696663935637406695
-6.5480330560962674014 -7.0788389300492182699 -6.5397410388708880902 0.93694690668034519287 0.0055880516842638019992 -0.34942705639461563161 0.21644607122601866589 -0.79429193298497235975 0.56767193293820872313 -0.27437491195992369519 -0.60751057511236072894 -0.74541888144419521378
-1.4221922994348781266 6.5139193273678381857 -2.4520262086151158876 0.87700739309111841457 -0.0062323166508884341938 0.48043645853815142299 0.42615341338597723109 -0.45175920447398931756 -0.78377732133084176969 0.22192634075973199925 0.89211814206533524008 -0.39354023920649183754
-6.4075245474454902705 -1.0035695113552829394 1.1307240897524994949 0.8882426360979664981 0.0053622580215209256216 0.4593432982056728231 0.4591211576746973555 0.022848013251889835729 -0.88807979982985940648 -0.015257194795008921506 0.99972456930860542634 0.01783265340987636588
-3.0621079566844917608 -3.187061387340209162 -2.3396078891689677803 0.95314841453371368374 -0.002996309395416929186 -0.30248821795543012758 -0.2160238172898967246 -0.70672984585458764606 -0.67369624857338528123 -0.21175884924917459662 0.70747717073305471658 -0.67426570627333703989
6.2435941491021047511 -3.4380204711722957001 -4.739044587949115872 0.65203382567584688978 -0.0018122944201264109751 -0.75818771142996388424 -0.74597863197284630665 -0.18028466426374717413 -0.64110320578777491018 -0.13552774924145280511 0.98361280767393832747 -0.1189036322628201775
-1.9852423384581969756 1.5841055046359990843 0.56443282146956363921 0.69372100132598868427 0.0017505420940592229806 -0.72024170104328855135 0.5843634844934386674 -0.58593915741596547253 0.56142196412093425817 -0.42103502266439779556 -0.8103531572154768492 -0.40750125187653080117
5.5420598021557543333 -6.2355597602198047369 -2.1432827174502415701 0.97934696183633573874 0.0080648684635157719819 -0.20202595436891318537 -0.18228884647359394622 -0.39703573354711613197 -0.89951842823701089191 -0.087466020792663023986 0.91776771798932621493 -0.38736560382070600594
1.1008285887682680571 -3.6452251750534401253 6.5836486923790848991 0.86756397214203295754 -0.018388523647899560759 0.49698552940625423391 0.49727236490970649907 0.017453071047733581533 -0.86741892151847777015 0.0072766295965237572096 0.99967857459732134551 0.024285760285823319859
6.0306870238204330903 -2.8360755598615807749 2.6987764632962685241 0.97750966895380764221 0.013220994828761264278 0.21047577627282199053 0.12718363306234925503 0.75915517564840540032 -0.63836333131487799086 -0.16822357320829495198 0.6507754025638045059 0.74040003027757872456
-3.4338491931756327524 -0.42341162270401122569 -5.8990630275856554832 0.97707771823378763987 -0.0020613185210664602964 -0.21287292805082996816 0.14587848140847980982 -0.72178859613710399934 0.67656536354476592976 -0.15504386860797222947 -0.69211052112531290526 -0.70494285254521027451
7.2250369040470543425 5.1479263452313714922 6.5399052622542503954 -0.53955519561595810529 0.0012406259966889340504 0.84194931660457517086 0.55397419111051671159 -0.75252415920921422732 0.35611793747285286349 0.63402901074573692064 0.65856347503759793405 0.40534104514486368753
-5.7454220899557348901 5.3074347286359424558 -4.0353764325716676709 0.97569680784253232098 0.0061886293064331628772 -0.21903753110658275016 0.10549021518856942226 -0.8894086307119016821 0.44477421475920353444 -0.19206132787578847343 -0.4570710978419919579 -0.86844600169046992644
3.9459665561311401127 -3.4363258534415321854 -0.65655117954030628447 0.74893080684828250426 0.024980302943634673241 -0.662177190046947306 0.654345920917638324 0.12980887732650905897 0.74497051696412486255 0.10456606682905672523 -0.99122431358008111779 0.080872107897717065983
