1125 14.717824617146108679 14.977075390850430381 15.033177056927090831
-1.0670213187194881321 7.2679033437247912985 0.82790481668168958151 0.91734213980128642696 0.0061789613972284152671 -0.39805177927095442003 0.32318813147688396636 -0.59538659202164367912 0.73557068845448236871 -0.23244962941938476786 -0.80341560009559020994 -0.54817017732252071305
-2.3132300013904831815 5.1290353857857109432 -2.6163988710124526094 -0.95812204611139684118 0.0012562042091121194617 -0.28635741077588161563 0.1786733847638244943 0.78408214937809495026 -0.59438287711175130656 0.223781067859473215 -0.62065578622743899917 -0.75147084353962145808
2.3909720457673695471 -7.1895157300894627639 7.2197141795934749453 0.99295120639548739572 0.0026589727345388064136 0.11849401496120977317 -0.011267099217478161385 -0.99310323687096746514 0.11670052866883165454 0.11798709333171990277 -0.11721301455193144925 -0.9860730982167675851
2.2308228455607377327 1.5572902038321185803 -5.6215395180125655727 0.64472934672343340523 -0.0076244747888411035577 0.76437290431945104086 -0.22635376866030385012 0.95320045113060991593 0.2004317125048696302 -0.73012878376822754056 -0.30224289462036862952 0.61283047555144998242
-3.0050363006983871195 0.24388706024916387283 -0.88348620845392267231 0.86805882510581733325 -0.00041019405507953556056 -0.49646118468294064829 0.14526944598431520972 -0.95602174533775230447 0.25479248518123720491 -0.47473220263574034128 -0.29329550658386133177 -0.82982352437032591563
0.98786988305510314845 4.9490465153469269666 -3.2554970206184878911 0.89416942710616154066 0.0048634796654554550421 -0.44770233659682057148 0.027795261022126031836 -0.99861524162905868085 0.044665676429496092847 -0.44686514642944380471 -0.052382685610193616133 -0.89306640019369498695
-0.18688755616463903486 -0.43409360448875039529 0.80427186237577796835 0.99735933797496645337 -0.010758921725681188167 -0.071823370551979570653 0.05437077619289380076 0.76626166026320707836 0.64022409100794619441 0.048147374282805500967 -0.64243856796903442419 0.76482319312091517904
-6.7342820702940633382 -6.1587565789502622948 -5.9569563561137348628 -0.9699763290661327364 -0.0011544479377520572815 0.24319660421455260857 -0.12907243261838372006 -0.84508966982804567536 -0.51880994312749828534 0.20612187702787926336 -0.53462334142826262173 0.81956796826771904918
-5.3134016751774568732 7.1343642482132443305 0.96017055412327556585 0.97415307307494802824 -0.0079361429461195925894 -0.22574943599883623424 0.16285074946518679484 0.71725080153872267097 0.67751820720238653539 0.15654208257614266042 -0.69676990845416930664 0.70000447931102449672
4.2354198304524484087 3.7817277264265887204 -1.1627884886834622957 -0.99524892423257693697 0.0019862194788025184719 0.097342866949899575779 0.048923114696177168181 0.87461034136664927985 0.48235182141562255032 -0.084179021509379753363 0.484822447610175844 -0.87055217341124946362
-6.5051118476850371408 6.2966046954747003639 -2.2861472913630489501 -0.99963679232819502296 0.0019505588408935650886 0.026878964712918305968 -0.022406957545365105422 0.49400456428544570198 -0.86917053488873785572 -0.014973699522503932519 -0.86945712130352881264 -0.49378143194865181664
-6.3855846509845006764 6.2217878483101287657 1.7564043462896241632 0.34261415464709765732 0.0015581993265258060888 -0.93947491347573142129 0.11396832944266717391 0.99254430866814824519 0.043208971457936555527 0.93253780669703023598 -0.12187439167136801532 0.3398821438899892744
4.3042791994213533968 5.1962789549156349622 1.2355239066979004647 0.36627094988432556955 -0.0010744048002101283523 -0.93050762324935143432 0.58197885769990442828 -0.78000570219026865715 0.22998198568834393729 -0.72604834581538069127 -0.62577148401403348554 -0.28506814857806894725
0.66343372685442303371 4.9097391353425843263 -6.517058041201618579 0.98005109624854880312 -0.011629417279800156534 0.19840515466057861982 -0.08838134782221974961 -0.91964891332257758805 0.38266775874355096754 0.17801288183522565034 -0.39256927143929976065 -0.90233074923912570675
-4.6832145236916034037 -2.1185202991380669424 -7.3159520794124812682 0.99597776441237517719 0.0054947301937170248132 -0.089432101262231750161 0.078625779002660906025 0.42505434006923925594 0.90174652473102201444 0.042968356639477442438 -0.90515115639785170831 0.42291264393404520705
5.3373193399198415321 2.5856980986425281976 -5.5344186526382888047 0.95365304253334959306 -0.0055426716191563762254 -0.30085736364292964273 -0.28680489844251666476 -0.31925188349626953954 -0.9032282021246770265 -0.091042982685196560677 0.94765368868338362152 -0.30604519540151098322
-0.20285895516632759805 -0.10934559675595333095 7.0671297554153946763 0.41970234945277162808 0.0093857413878801407292 -0.90761326881134951616 -0.7661335627547622984 0.53986156613171576435 -0.34869593263256787319 0.4867127508957290738 0.84170148940848443786 0.23377189917333182634
-4.4805081676398126334 -3.5918172621311881265 -6.1184233588465550824 -0.99979139619429024943 0.0010403820416252625505 -0.020398080817785022717 0.017774521438089080361 0.53628867832933180271 -0.84384745059969534786 0.010061336068748668801 -0.8440339869348826296 -0.53619529876293914317
0.46052982818121307451 -3.9588698007854521421 -4.5414472378457020341 -0.7995211902842692675 0.0050664428353283498876 0.60061651446104169505 0.51887169603738536594 -0.49787480034925984951 0.69490491884037741688 0.30255252327108167476 0.8672341173721785923 0.39543261920093447648
-6.725027375153794118 6.902648000150177765 0.30995705939866369238 0.92467058054196626937 0.0066774550004370216219 -0.38070950746570919598 0.31310363091458709439 -0.58230824389985247347 0.75025544009638611698 -0.21668048778839071877 -0.81294066246006579934 -0.54053403734733973529
2.9293769904828805828 -6.3000329524847140661 5.1639134854788322215 -0.96431432717108145347 -0.0075990145109124211664 0.26465096521844699851 -0.15604161746598585458 -0.79121827415148338059 -0.59129066986327816213 0.21388990633313281764 -0.61148662914835094639 0.76179735516839819365
6.0561192546509987622 7.153408746599465573 -3.9160478664715978603 -0.98608301005915310888 -0.007248160008588666256 -0.16609563946366281972 0.12581303629316364923 -0.68561211243125208536 -0.71701262972580148691 -0.10868015996986679639 -0.72793096888653441301 0.67698236857749649609
0.063706268561681503315 -2.8705661481485198472 -5.9683078181081912206 0.75964283778103591782 -0.0013545509632978784686 -0.65033908401677353872 0.54834468780506417929 0.5389869592082577876 0.6393834226498823492 0.34965820791736867967 -0.84231301960444227017 0.41018034404499381651
-4.0534235904275206508 5.9158046407734001804 -5.1055743963599047319 -0.9685173075824763389 0.0049967201217497852345 0.24889607811554781414 -0.045378509450444505513 0.97950465362509919753 -0.19624327862840496017 -0.24477543952229705027 -0.20135954488128757212 -0.94844046618220767542
5.7209768762953654431 -5.1717666642921331643 0.42723159625496320846 -0.99977366578062420999 -0.0012306426132156975117 0.021239179134542013339 0.0082745371743217516897 0.897229227501936899 0.44148753702775167529 -0.019599725663955035182 0.44156335766795967723 -0.89701597082715189835
2.9889082372289017542 2.0593067868489871586 7.30357907180034438 -0.34769336015365398529 -0.0053006611103648968233 -0.93759331818049129748 -0.56358166231459261297 0.80035434625816281873 0.20447158807128068547 0.74932305263333032208 0.59950381434771060629 -0.28126524736402896965
-5.7391460605479700519 -6.6920090367722098179 1.7362386605981479093 0.95083074423865143743 0.0020169732589763399687 -0.30970441977733637051 0.076863060637979804812 -0.97023099571285542631 0.22966036851729318413 -0.30002160875524575001 -0.24217296871656043833 -0.92268049047486599967
2.4988154144227188169 -2.9793310005913351546 -7.4179328139196147873 -0.79673052477337302779 -0.010935669277787291725 0.6042357834750394785 0.60400999944002520259 -0.047182014032658800562 0.79557889497413825097 0.019808873535122738935 0.99882644572988210641 0.044196604394451784181
-5.3855398578373101515 2.4442395194756589838 6.1161829494785679984 0.99977665564200168813 0.0050397217850620462318 0.020524133057788343515 0.0085908491883687123497 -0.98420818243517127488 -0.17680625254162296578 0.019308965370201647965 0.17694308359452007307 -0.98403166058029811758
-5.788128565580405116 5.5744591046187714767 -0.51030420558202427284 -0.98977160476261183408 0.0044731629611620467996 -0.14259088757250787394 0.14154226596296753948 0.15572073118589963014 -0.9776077131573993606 0.017831358660154547624 -0.98779099241290235778 -0.15476109962227871386
0.74086183710432362837 -5.2396227327580300326 -3.6017104353088353896 0.98579942691483968265 -0.0016730705378257236526 0.1679187027381345565 -0.13014367847242963583 -0.63953997994085665102 0.75766169034134489557 0.10612310232912657015 -0.7687560177924678273 -0.63067588526896800616
-5.8523558727255604595 -6.8901039608959031568 0.25712111799912473753 0.84439855944709207858 -0.01269417026277370325 0.53556505752821226274 0.47009174136696146862 0.49699480078509444825 -0.7293901032309334509 -0.25691404691524372117 0.86766066295181365486 0.42562911843966477754
7.0474769911958619062 5.9395212220987723128 6.4064122794662461402 0.74613233022861691346 -0.0010350103650051453025 0.66579687183196512024 -0.66506155135642730514 0.045852338939564266096 0.74537956500103441648 -0.03129981940783919947 -0.99894769220786427955 0.033523566900356904785
4.3196128339026031995 -1.6916712351639946466 -1.9092399232092134298 0.97824548998031490843 0.010534062760772511247 -0.20718299846997934033 -0.069908177730843956699 0.95703415529589652699 -0.28142223132419569298 0.195316686485385832 0.28978381445294532082 0.93695076330698279232
5.1280520676739111963 -1.5601317655053894562 -3.3339129582739652768 0.79885702730429875018 0.0042237575528613104103 -0.60150611783984175851 0.15809501034657211238 -0.96629390920036395407 0.2031798433551155747 -0.58037351561739047856 -0.25740676159423336866 -0.7725984348001102564
-5.7562159794960132686 7.1080665321524607592 -3.0897983355112876858 -0.98094442401022452493 0.0015613318680751631876 -0.19428226693610370357 -0.080879389755779171334 -0.91248644020914948527 0.40103244350936662066 -0.17665378941809734004 0.4091039704979180236 0.89522476507688519831
0.24712568169975607235 -6.3268721348124525861 -3.6275021906181152964 0.97912310473952468559 0.0022650082170611917157 0.20325554236726800506 0.095764314803899366901 -0.88715284600653920855 -0.45142997666578060789 0.17929624027117085916 0.46147014807042535667 -0.86884875592038279812
1.7913908699624436771 -5.614596610449084757 -5.7236963444297428438 -0.7472379581778922919 0.00015889325338823076517 0.66455655034841276674 0.60992687073494711303 -0.39688998568053701632 0.68590637234390527954 0.26386482564669033746 0.91786617435193695869 0.29647434925633792124
-6.173111202286664323 -7.0557883353826733597 -3.9359997863448770161 -0.9990528654361139349 0.0034166388500060295916 0.043378550492807949057 0.0089101436733581076965 -0.95972467351689005888 0.28080092660589578424 0.042590860564286847634 0.28092147946002238301 0.95878524236363205091
3.864491141132508023 -2.6141707233014788159 -1.3416716707819320575 0.55055940961488081253 0.0011792460533357812177 0.83479515203635412668 0.043336783744718145039 -0.99869098777247278242 -0.0271704640497408903 0.83367035431238711851 0.051136291621143678543 -0.54988982534686703385
-1.9770753742463511582 -0.15008560328394482397 -6.6953848247230256518 -0.97539274520355245812 0.0035065305780722713647 -0.22044658502153610669 -0.11803036506221047108 -0.85283023434429505727 0.50867418286305188246 -0.18621983118785281897 0.52217649854377934382 0.83225830055389748985
2.786009077918957022 -6.7136531482573325036 -3.2336072161195015262 0.94094223672616883469 -0.0037247224143053979037 0.33854664905688314214 0.31294304820695606484 0.39117297833992348277 -0.86547694919944262448 -0.12920663962688483384 0.92030963673082155641 0.36923680317209112145
5.3527570501273729064 -3.2150214641979593111 1.0625528343377905749 -0.97622140602706053425 -0.0067377570942350516539 -0.21667110800464400855 -0.16297276412909245114 0.68188068015111868991 0.71307686555424898422 0.14293930378572766715 0.73143238967519974558 -0.66676458721754916503
1.6043704473558018098 5.8879039356364941682 0.84789708300751542858 -0.99983983728956182802 -0.0053546828166535880011 0.01707709403637273915 0.0095316511791881629312 0.64828285166542232165 0.76133993187165704963 -0.015147521070878888425 0.76138076650810426749 -0.64812798195796483824
6.8985358585535161424 -5.7896328745768625978 3.1068997525381489844 0.99589887373197305553 -0.0040204686916390603921 0.090384009265211895379 -0.011313660227257892749 0.98563620276514452012 0.16850304712645011729 -0.089763212908307105087 -0.16883456882451691738 0.98154849802656962687
6.4987556896882505697 0.53416566913144247764 -3.0927234910844396687 0.85592860498852452178 -0.010304998390130507002 -0.51699132504391409615 -0.47572049882253275577 -0.40756046843863857898 -0.77947705005736012129 -0.20267271686755480853 0.91312007511295267825 -0.35374496217370948736
-2.0442534976885777809 -5.6371032502543654275 1.5712085188401077041 0.23120126715124866834 -0.0022282689147509956995 0.97290339134224657069 0.88769243900587280205 -0.40878555775329744604 -0.21188794563193047438 0.39818099879259594154 0.91262774590190631763 -0.092533721478024105744
0.67193793640170651482 6.4830747145965821332 -1.4665345657872865814 -0.96005976770483847371 -0.0064858333986026533644 0.27971981767417541942 0.11007830278336706853 0.91035414677106885062 0.3989211635310370152 -0.25723143215952581908 0.41377924237657925932 -0.87328044114556413469
-3.4300395482184495854 -2.2712508023099462484 1.4221365657605646859 0.9283937254536264172 0.010323668385085242594 -0.37145458996946528751 -0.34224601252107178517 -0.36563012885827772536 -0.86555316173217566877 -0.14475067340694647289 0.93070297664836354468 -0.33591548312947666632
-3.6501097594180942352 0.29963735676084013448 2.3894170904112370657 0.99914447563780550698 -0.016860910006270560246 -0.037762766268561551164 -0.0037389977886319613644 -0.94620436889686032611 0.32354800598374638954 -0.041186608236518158777 -0.32313000788264339969 -0.94545791091283459817
1.8901180327265545422 -5.4975031248305263887 5.6519675066501111615 -0.9994067639693103855 0.0023104419337193265668 -0.034362508497354178616 -0.034302364635245968794 -0.15592008568214094089 0.98717388268800976281 -0.0030769973347022365646 0.98776697086860765218 0.15590684189108591773
-2.9411816890885069675 -4.496332951037187442 7.0816762818614691355 -0.9849875270065473476 -0.0091831650904436266242 0.17238109270060994471 -0.097073259127973904326 -0.79627366912035879576 -0.59709716648803479178 0.14274576702655394911 -0.60486685588208066733 0.78342819240273287029
-1.7873229953905520606 -6.4873708082296008826 -4.7006362891119932712 -0.99941959965708149216 0.0075267667945036744945 0.033223660288688783293 -0.030645849547324029161 0.22724127389565329516 -0.97335617085621128908 -0.01487601179350668372 -0.97380940189543530039 -0.22687871881963508902
6.4701257522105484199 -3.1770733666549193508 4.1986877229460395355 -0.99992264338931213796 -0.0018968756324179458263 0.012292644142732536 0.010808455542458243054 -0.62157683549084796759 0.78327863169509670538 0.0061550406961172624346 0.78335090441256671756 0.62154925470958277689
-0.35718777291912778837 -2.3866220313807904319 -3.7947794341461622558 -0.86744627827216058691 0.0010359509651364090521 0.49752977912632162516 -0.16386343952742760122 0.94360983302257506189 -0.28766170445415800705 -0.46977199522544071941 -0.33105801580512633775 -0.81836108330801660138
-1.37362642857113193 -2.250237859198656043 -0.12178608337321500388 -0.23712528848781480595 0.0036083850384076520366 0.97147237588975288158 -0.2444276405435249766 0.96760209131763097457 -0.063255999051391606502 -0.94022695456890137411 -0.25245429771559269039 -0.22856093600401508614
-6.9898127415018462827 6.9851034259937581083 3.0942803506236580269 0.99231803224115344708 0.0061057227904606839464 -0.12356230427700076735 -0.10550146785426967044 -0.47984960237623797141 -0.87098438526751920108 -0.064609311787270654048 0.87732951577418527567 -0.47551925048501725302
-6.9598829659097134481 -7.0690598423848900467 -5.7165265877079258772 -0.98217747612790096134 -0.0063439448965243493486 -0.18784876829577823454 -0.071613418285388724671 0.93667417652792872573 0.34280169974384600007 0.17377837526161929449 0.3501446006850876258 -0.92043459023575269207
-2.7100821021704968317 1.3993370112832925756 -7.3551854710366102452 0.99149394254239475721 0.010889381592500871343 0.12969650446435324054 0.08262700399748579283 -0.82259303477506384716 -0.56259530512613908915 0.1005611262473884715 0.56852627072827066623 -0.81649576813346036452
5.0886644638483389258 0.57760106648081532832 -1.5077316605263133553 0.96838520208514655696 0.0012075328234302886744 -0.24945669413127807834 0.034407470567101021419 0.98978410602512845173 0.13836021620779032082 0.24707534549527043755 -0.14256915979399598093 0.9584507333837962717
0.30323162882355042536 -3.338007159465278928 5.9823403709023725838 0.99954810281520833914 0.0030943928676800919013 0.029900081792975791162 -0.0055960992798918616359 0.99645414751340555259 0.083951269056097219123 -0.029534282305421322157 -0.084080655540130611048 0.99602116921911054703
-0.92151415074164821917 -1.121517347960827804 4.0963546018893755019 -0.99199887264088537631 0.007879534779513738818 -0.12600059369229790751 -0.12396483846182494715 0.12810535024342914467 0.98398259032572388261 0.023894675228746154599 0.99172926354457746623 -0.12610357776465214164
-1.0166905991296426581 -5.3395528413360340281 4.8902436926580374887 0.9841031884078623726 0.0082888321449616497727 0.17740408627541992548 -0.029522163797366451216 0.99264731281402063257 0.11738719780264533776 -0.1751266867449456921 -0.12075846812921543771 0.97711208976496444212
-4.018920903450882598 3.3350199046852559981 6.2515343845113289234 -0.97633768324784142578 0.00059439504515502051413 0.21625072246091825434 0.2147273230226292573 -0.11585499790295526734 0.96977822011451386697 0.02563015836618730281 0.99326595942645967696 0.11298596738844000897
2.787456133510177736 1.1195882431165307125 -7.0672030865008101941 0.91304534014081484283 0.0056131314129508301514 0.40781944485633120356 0.40783303084082633827 -0.0014849907462078848139 -0.91305531801621286903 -0.0045194913856597242544 0.99998314363702123231 -0.0036450842776011163973
-5.0303134523325736538 -1.6837157040295076538 -6.2056755881993241886 0.98542527088061449003 -0.0036378545854398526734 -0.17006999007462050844 0.0064929790406656941876 0.99984712504704387204 0.0162347700508688568 0.16998493090019295426 -0.017102413556076397072 0.98529824455215686552
6.2424831063091028582 -2.0142965276036322031 3.8473542201979058497 -0.83606419440137491605 -0.008182991926099135449 0.54857059844944933147 -0.54422795919933886211 0.13880300345643467597 -0.82737515956011054019 -0.06937284242213412333 -0.99028620351621987616 -0.12050163426138857381
-4.6807145141065280569 4.1356886831636785473 -3.5935620588337275905 0.98970666644726235095 0.0090592672831217024854 -0.14282382177417304869 0.13747912874400416983 -0.33739743711586678288 0.93126927286769090042 -0.039751774170213367843 -0.94131870219598723359 -0.33516995292890272573
4.6090623051859180848 5.9261326916963232847 -3.7334133955317274634 0.94454740375654022699 0.0068266895621322491033 0.32830412480868209624 -0.12719877296105341902 0.92933641427310820227 0.34663280465530221797 -0.30273862359129477539 -0.36917099752763510301 0.87867064385368276458
5.4817258960971138038 7.3861443351615685415 -5.3419291041616183691 0.70051182153158542132 0.017018858192350765079 -0.71343783636719115826 0.35474521714603740596 0.85914669563637047212 0.36881267099866432702 0.61922453020407519642 -0.51144629614746461854 0.59580505817804596536
2.1096730749530974158 -6.6212594136264639744 -5.6208644094756197163 0.7509626798053036234 -0.0052456344448012642845 -0.66032381212468049814 -0.020214240318886234765 -0.99968242935425744022 -0.015047422662013653499 -0.66003517938662348286 0.024647997073023841796 -0.75083023261741443921
-1.3257805065752998885 -1.2041913053211545925 -6.8318972617685789217 0.98021057964150304365 -0.0087058882250251323764 -0.19776609180807747101 0.174040643224622954 -0.43812638407308934774 0.88190426129203514094 -0.094324302620090574867 -0.89887122497569438284 -0.4279409385020483958
-2.1657394730210524081 -0.13915409355052624218 -4.4814262952548240548 -0.95559707448360720061 0.0024968395107013343498 -0.29466590747946219686 -0.10697480254681535072 0.92880673921538681181 0.35478787015350343736 0.27457352905611381866 0.3705560780508806995 -0.88729790384130713399
-0.1545904501961573585 -3.6938018490277855221 -1.9878926147018178838 0.89166051933249101946 0.014534794677101578117 -0.45247127865464120688 0.37310096208699800036 -0.58965961312804626715 0.71630804318771590378 -0.25639264878977630069 -0.807521071173575411 -0.53119914274890012162
2.4474691714774339246 6.9322859196053405739 -5.2875349806238460815 0.80008332655803371392 -0.0092838826602301763313 0.59981703884319514941 0.55482414677181168816 0.39166987822823512433 -0.73400604401308622293 -0.22811584057836156725 0.92005897420308868639 0.31851946136108894025
-7.2126630912165703435 1.527505420843732864 -3.1583060406506917595 0.99934031567294745457 0.00053748156982647791319 0.036313146162273074458 0.036314950120681255274 -0.0038497496861663897325 -0.99933297945418220198 -0.00039732653557572042077 0.99999244524188413141 -0.0038667286830484691798
1.9724744610128290834 -3.4527360434276102019 -6.1665188543645701458 -0.9713734313332880177 -0.0079367683878928778352 0.23742507156442255178 -0.00046000276457432739789 0.99950270348456538017 0.031529892556995134378 -0.23755724635817784818 0.030518083733336198726 -0.97089402164600069334
-4.0636018816890784322 -6.8011813268567644641 -5.9536231561380921207 0.99263489371599955557 0.0025321892826987097216 0.12111794167226853924 0.060581395594491355139 0.85541668035110229873 -0.51438526172976806183 -0.10490882844313295652 0.51793425354434741159 0.84896304202258676685
2.0568415578538026267 0.47338256907229575576 -5.6742664786727425863 0.1663350967911481626 0.0078561562843022392927 -0.98603798932089026241 0.72305993890097552956 -0.68088236923860623317 0.11654837629337236327 -0.67046026006916925599 -0.73235065376393104764 -0.11893510667364343147
-2.4503150524210171035 3.7731009876336476516 0.74546450390156426824 0.74310425828264425885 -5.9485463640295607041e-05 -0.66917565540270251834 0.29048131540676142004 0.90089900512576370772 0.3224927719545888638 0.60284049857462618238 -0.43402877672439610368 0.66947916640731397475
7.0169864916341593286 -1.9925731473271277583 1.558398649407965797 -0.43537406093210612168 0.0037004525368249394437 0.9002420417412342335 0.56040230388803013994 -0.78150191184737016759 0.27423351286071895316 0.70455566484449394515 0.62389187238653598389 0.33817191886012071267
4.7924748502007687989 -1.707600766663724734 7.1235776338548797426 0.91985336408509044137 -0.017585184310246897849 0.39186802609313375889 -0.20209099981017603076 0.83496715057710135799 0.51184869371028152152 -0.33619788276702866625 -0.55001874399875383403 0.76449353487972770971
5.823737910109237248 -6.5097767939771689072 -3.0941752955618300192 -0.94696174613668238074 0.001500704634252655878 -0.32134280642261453531 0.21522738736121102554 0.74552452462197105199 -0.63076965281863284218 0.23862234405773258272 -0.66647650451672457717 -0.70630619836127606082
2.9666142633375525151 0.62917561999891580271 5.0322678374028901871 -0.96636508429288170419 0.0054509223625692371923 -0.25711633807478223579 0.11682929617263103361 0.89996318074475800675 -0.42002046242961216249 0.2291057385038349492 -0.43593183039229937981 -0.87032982244404244465
-7.0513191854430150585 3.050177582981092872 -5.6971958983035388968 -0.91826274097550020237 0.0064025975730048426821 -0.39591987229793723646 0.3930417657771579365 0.13614539007345777266 -0.90938583841866504898 0.04808023388984165869 -0.99066817830496645136 -0.12753372731566281484
2.4825549466638334728 0.76876882996840567586 3.8189002781313643453 0.97642526008956420647 0.0086042222280087315989 0.21568421087046024676 -0.12880854313712344905 -0.77857547191943821119 0.61418937937769424451 0.17321105817427515094 -0.62749199348306949897 -0.75911246033836632385
5.063586096738272424 -4.6489474741358387533 -7.3302191322114929051 -0.92820266312371424444 0.0017082405077108479483 -0.37207109278271771613 0.29643982919060118952 0.60773666232358181105 -0.73673575787883072152 0.2248627222097282774 -0.79413678367281181902 -0.5646091789709115627
-1.4992902697323118311 5.4507329260828845108 -5.7497976769738281533 0.90236195001357777379 0.0028790300629121818449 -0.43096939839569392561 0.42498387458653558157 0.16026748325231493508 0.89090012916904326445 0.071635309094579102673 -0.98706942258281538116 0.14339573736012437011
-0.20626663785141974294 -6.8644572072156400111 -7.2419156725288917897 -0.998131562666293215 0.015988179237472806976 0.058972550682746545381 0.019281328509170927998 0.99826121468814588145 0.055702581808719939249 -0.057979427215925596895 0.05673557414806678495 -0.99670429950201355762
3.292934225598122655 -2.5121412964610483343 5.3541362656734454717 0.89378561491570074349 0.0077998881420769921452 -0.44842662311110037532 0.062339861582166311571 0.98798228585034519877 0.14143812959621851477 0.44414076172734540116 -0.15437021924820523711 0.88255811093753899765
-1.8857962639411918193 -4.4394555772060213528 5.3318101536425128728 0.72164332308300149776 -0.007519553111418095237 0.69222421986725624077 -0.49872622013947959241 -0.69913737687283927791 0.51232712753169773467 0.48010735423992967341 -0.71494781948083130363 -0.50827801823836959993
-5.5170303572217189725 3.9590503689265923448 -5.3693967005719578367 0.9825935462373909246 0.012734796524190449343 0.18533145402240738808 -0.086080208628156157369 0.91529061234519926149 0.393488618177642413 -0.16462114255191051537 -0.40259274696682734174 0.90045486256374229761
0.053529026294994570823 -1.4649615384291743148 -1.1589471732924256919 0.99242506911737071729 -0.0081207147216446964877 -0.12258277276882106888 0.013201705951269467054 0.99908442391242879843 0.040694334441503117461 0.12214007183251587851 -0.042004379391589845294 0.99162363574322776039
6.2086149878682928005 2.7819365915893006225 -4.4076962620305293328 -0.92607036869458703165 -0.0020324923084895094375 0.37734538714642529289 0.33222841789967477721 0.46979049927174271195 0.81787600841069130198 -0.17893560452175630293 0.88277559762878843319 -0.43438380916576718738
2.1176470214427398631 1.9371426487124288052 3.549896410332994634 -0.99957491845149348819 -0.00029616029547175140579 0.029152953397773538613 0.0025095050177579196829 0.99536313278919008596 0.096155791653884895021 -0.029046252551774568579 0.096188077083896164621 -0.99493927907167056812
-1.5328102781048364989 6.8346648955689959237 -3.3631023591323789823 -0.98491782271275052363 -0.00020235798386076305627 -0.17302266196691398759 0.15516706311036948529 0.44140009317433159808 -0.88379247579482322905 0.07655106157702069869 -0.89731037929858892266 -0.43471141942034524641
0.73803989332289710035 -6.4987267211100689934 -2.4795496228218696366 0.95223896071610503178 -0.0059130375437747694639 -0.30529657332072962506 0.30317631719728477258 0.137497300863639621 0.94296267844796877178 0.036401681074455849441 -0.99048449167173024943 0.13272297982162664653
0.3389904585083796662 -7.3255997682640412449 -1.4703015885608801128 -0.67004234657203942671 0.0054718666372044729232 -0.74230270946283194444 0.58212597653869380121 0.62437064969858602215 -0.52085567985188452322 0.46062197216286981938 -0.78110905158664833969 -0.42154009096440925308
-5.2515723723825074032 1.0092253173350251849 0.25088814855082186561 0.99411504345317813769 -0.011058258171525964936 0.10776360845050247939 0.040158162650452161602 0.96151821983278906725 -0.27179042459597274606 -0.100611144276336828 0.274518538273367807 0.95630380622039601324
4.2813389730300652758 -7.076480098364972271 -6.4684026275407404682 -0.94942029583839848694 0.0064740728425383316236 -0.31394137706093538931 -0.158825436639140255 -0.87236806195776950279 0.46232936868900925687 -0.2708792766648880912 0.48880676228633251901 0.82927219090997372763
-3.6147445249693923586 2.6263295472396386288 -5.0554445109114940493 0.86176209923992685979 0.012097627293050038783 -0.50716834653537490318 -0.4873068732329665087 -0.25823591861722150487 -0.83417397564048612058 -0.14106060971598058384 0.966006137532228637 -0.21664267039704282469
4.9323016684456915115 -1.0193177897841791957 2.6467813864990961115 0.98051858293234339659 0.0066487072691597693536 0.19631378763595308534 -0.02853271007925248931 -0.98400571650797252765 0.17583695383835390436 0.19434297769628994246 -0.17801276519188799496 -0.96464618511078314977
4.4360116356767154144 6.4528076515882686337 -4.6417181655196948498 0.94855214598267156845 -0.0084157651136498590194 0.316509085571381521 0.20690740476787716773 0.77314703441320831168 -0.59952730465791215231 -0.23966257989913908322 0.63417098488950440771 0.73511156277156008976
-7.2283719561915846796 6.6204510751333822682 4.1055611747101252718 0.92560314469802773552 0.0059700493876679227787 -0.37844838093910421195 -0.20141956941468119879 0.85430876174559611247 -0.47915206006183941323 0.32045120624191320013 0.51973156351618909898 0.79195336119183812329
-5.5233507326619157851 -5.2990666681060982768 5.8488832762359086459 0.86379939258933358115 0.0025129038448450861758 -0.50382962862115632241 -0.34437351645039360193 -0.72699361212659541209 -0.59404307006698631177 -0.36777369472254695104 0.68663962399602151976 -0.62711126303777031676
0.82070770136521498106 -1.5886950263860011301 -3.3293975511652109667 -0.17733188737691416015 4.3251831685035303787e-05 -0.98415110620706980349 -0.95874038378560466622 -0.22578007117063542131 0.17274326603637674138 -0.22219423533936985549 0.97417829866591765242 0.040079473430481092622
-7.2767561144979442389 5.3727945668754495401 1.8720198904291411868 -0.4375013638386760495 -0.0014578290056292365559 0.8992165653355260746 -0.54625026399491138918 0.79477035703323206661 -0.26448200064795546194 -0.71428510114996879299 -0.60690852219738244955 -0.34850945461985044505
0.20276912493658311165 -2.247227603959271125 0.63463391880988717642 0.99987762121484180522 -0.005000200177103340457 0.014823649743677468071 -0.015592812676374511252 -0.39530497513500062468 0.9184175743235200029 0.0012675907755711453631 -0.91853632189013856291 -0.39533456537718186796
-3.8874309687017110093 -3.520243584998240749 5.1899240630374574579 0.92525952979082559668 -0.011618099454078488139 0.37915672524207988392 0.13742891737880952308 -0.92136169332864847892 -0.3636013238900516753 0.35356483874859145899 0.38853268824067033194 -0.85090202430663275379
-0.17557780972898739957 4.935675643606026064 -0.76931434028171463702 -0.90187500424487432316 0.0036399946336150290627 0.43198174400942335183 0.43092261944533072349 -0.062902683806567327718 0.90019383935927477225 0.030449511798106072835 0.99801302737438479795 0.055161802202720100485
-5.1864520910914126972 -2.6603172106979222633 5.9644403751110761647 -0.89976751379651509488 -0.0019821953975464375736 0.43636509028302611357 0.41620032221738501033 0.29660635059258050328 0.85953590068953922287 -0.13113242506123357067 0.95499777156267384726 -0.26605176828584764515
-0.28891495746120993138 -4.84485328559382733 7.2455753685181889523 0.92695865171146674122 0.0034387367420579718902 0.37514774836987124784 0.25724067662509769727 0.72205031266800390188 -0.64223872529260783715 -0.27308403890902194222 0.69183200349915030536 0.66842620133230346013
-5.5101548784762535149 -7.1955420856620797565 5.5282682781131162741 -0.99644302045471366824 0.011765366527859411755 0.083443892152004095486 0.052723899915760936985 0.85949702256561488767 0.508414258826844212 -0.065738096752880947893 0.51100532712611312913 -0.85706012524438557332
3.3800500309034227087 6.2321117890201636058 1.6478470269913758628 0.97492161147375733243 -0.0052009214804558103959 -0.22248775673524373575 -0.14438216642979165294 0.74599785095486037534 -0.65010844971272852 0.16935655138904257 0.6659280417482654757 0.72653850669812747309
-3.4404050910839147903 -4.4952858104528354843 5.3975659354396636758 0.6954559055889851793 -0.00026142892694454387265 0.71856872673148342034 0.71190316087751948082 0.13614188188363302023 -0.68895520720128788916 -0.09764718589942275595 0.99068931540223592602 0.094866787833401966523
-0.52559106302145486289 -1.3224677325816955875 0.21161571174737323076 -0.94922246554634559512 -0.0075630317931891320044 -0.31451472374445349489 -0.31434143523477925397 -0.018162784322310866758 0.94913622592340896045 -0.01289081054628204992 0.99980643817484238234 0.014863148647011888148
-2.3213768422640357336 -7.1890237827130629711 -2.1074178192457981851 0.90301381160856586394 -0.0054307558056469317637 -0.42957719089312951244 0.28901612147277888631 -0.73214204275807981404 0.61679632842194787035 -0.31786119230419918047 -0.68113033709949022398 -0.65956480069027856317
-0.58467201841316329691 -3.93816843597533639 -5.6494522979602432855 0.9988666696438108783 -0.0035412464616464008581 0.047464047953438358307 0.047588491563268664475 0.091982348860987009354 -0.9946228345301256768 -0.00084365002378159826071 0.99575434072446455946 0.092046625050105398969
-2.7542826638283912644 -0.22383728257236962245 -3.5716533239571401914 -0.92868491736355174293 -0.0019208810919365069524 -0.37086471182538666147 -0.36804725955921985259 -0.11836171455826270671 0.9222427659015823842 -0.04566770185193316095 0.99296868769490731488 0.10921376408172597805
3.1224265574789127342 3.9465801276765222205 -2.7127953788383716294 -0.95115060073598778345 0.0079397571273072883868 0.30862516905839670889 0.25638035413887777514 0.57723341149467377598 0.77528749678155972624 -0.17199316478034804012 0.81654059844628157361 -0.55107150385216785438
4.0871186366167551185 -6.9326291628032539194 -0.5299380063325468404 -0.97368016961225356543 0.00050469664570819590399 -0.22791812693422358604 0.004553974157320388183 -0.99975483454311964149 -0.021668690015545555294 -0.22787318539764669922 -0.022136307029626146187 0.97343915849310214128
6.7995318024025479531 6.4026824866743270448 -5.3854150496005921411 0.85413184620882076636 0.0092419638522723331769 0.51997439878890283627 -0.024889998643564857639 -0.99796984584891546 0.05862315876623393901 0.51946056371900251047 -0.063014068908139125869 -0.85216779442806034339
3.6086694227309461525 -3.8344781018546254536 -4.4075931080492818381 -0.88316682426601356148 0.002118147278688269422 -0.46905423350398106619 0.19307949633566054426 0.91298270336345455078 -0.35942021570004556441 0.42747709717672338625 -0.40799276563597758338 -0.80672500554903203707
6.3204988930399474967 0.46714852879621238113 3.0082230192675543101 0.91663777374811561405 -0.0029616058093523784864 0.39970791914735875894 -0.16941347117416155621 -0.90859466017235168689 0.3817784950611650685 0.36204180355698140081 -0.41766849581629922339 -0.83335392246022133023
-5.556620535413147266 3.1977539387551017214 -3.1730164633727331314 -0.82329462304207601253 0.00086387296657457202098 0.56761361628613893338 0.35375080980295142696 -0.78126161145679551279 0.51428655341901508002 0.44389900679508581538 0.62420313054909515316 0.64290288814011675722
-6.9511731824521918455 6.9887998335650980408 -5.7731386958610508842 -0.56669216138567890528 0.015575238810628350833 -0.82378237791309505411 0.76645812300731208655 -0.35690283717956555742 -0.53400590866523456324 -0.30232753744948531738 -0.93401165771591343479 0.19031627190178301845
-6.8961280654309780047 7.054411433945489307 5.1778778738133031112 0.68116792921486746248 0.0043492582247330775769 -0.73211429173461284314 -0.46274657956044940033 -0.77235008134229521382 -0.43513326114600836547 -0.56734103968805027485 0.63518220677487169379 -0.52408750116981528411
-1.5305807780713089894 2.0571673573646327426 2.8218070542618707286 0.99507813157380842206 -0.016084939605417816061 -0.097779275828224848643 0.094817100039355659002 -0.1321924247878292491 0.9866787118250113231 -0.02879634705538698658 -0.99109355640459706471 -0.1300166637383599888
3.4955916355094203141 -4.7333008253832860035 -1.811564379254539281 -0.98776756472075932791 0.0099956522545773009158 -0.15561274055091608992 -0.016579193321796824312 -0.99901883561211313189 0.04106697506463412306 -0.15504956766967872839 0.043144559658931241897 0.98696412221376217389
5.0733748267710225832 -5.4649918225145208694 -6.7120900996200330013 0.32587939289384276753 0.011462352149632561854 0.94534186185228663568 -0.74585930128780231207 -0.61132638301653097201 0.26452590820261917548 0.58094451023278437241 -0.7912955629289137871 -0.19066936859199634657
-4.3312874220045136653 1.7602342804161541512 1.2059225413048961784 0.98021864322089902188 0.016361620947522151348 -0.19724023129647680341 0.17284912559340692706 -0.55621624575432393467 0.81286325279255711163 -0.096408460539140872214 -0.83087651628799275016 -0.54804162562487823696
6.8816118280803939555 -2.1870338386141763287 -5.5384542031800965134 -0.96229254739587877232 0.0021979306034921536686 0.27200776152055688994 0.2512542417395703942 -0.37598883152398854257 0.8919101437796902454 0.10423223702010249447 0.92662158817415052336 0.36125901109242097853
-3.8361180245307333614 6.9058141346489341217 -6.1323402683254455425 -0.94611984357296108339 0.016808202389974682273 -0.32338015698224598093 0.021626600265159397207 -0.99314236783788567564 -0.11489354797555888232 -0.32309368882479788665 -0.11569667902689544092 0.93926819743014899888
-4.4630015656733963425 2.8984305842146356191 -5.9142925725407788917 -0.94376759105150587192 -0.006044837772265703596 0.33055437376811608319 -0.23962553246447640398 0.70135218652609776502 -0.67133055542423525353 -0.22777694850892729606 -0.71278928891460024975 -0.66336196102626487914
-4.0781765707522685815 -5.6052466144631560852 -2.8359369216258270008 -0.98563053935595501542 0.0019704267561459279379 0.16890398842947787483 -0.050739679776068746797 -0.95720682493484765541 -0.28492205810431248114 0.16111463243670057222 -0.28939801608961318591 0.94355225795829589241
-7.0229114769631300064 -6.5137210440458694904 7.1358216425701455066 0.89385258373829257206 0.0069159913290248661855 0.44830762608763830013 -0.34249277385026954956 -0.63475257486630909387 0.69266721343012516154 0.28935490043326012044 -0.77268450079224293425 -0.56500655202454741488
-1.0635359061036575579 0.41561650336093181046 3.6601688892270578535 0.84723574170920989967 0.0086111793118373632788 0.5311472917763779833 -0.028570904465332155886 0.99916005954725306548 0.029374799125544401313 -0.53044820801708258973 -0.040062738255063061465 0.84677014331812006098
1.1813207942945287421 1.4481102798286396016 6.2012665035276723913 -0.67859236028243008487 0.0051487056889860200945 -0.73449703838475655093 0.63109538367212036913 0.51571421156526009444 -0.57944582895845742065 0.37580716501158367704 -0.85674520297416212333 -0.35320904844943862289
-6.2636859063510152978 3.9491727041323927416 4.304813775985024904 -0.96054784645058643999 0.0032490983196520033943 -0.27809580730243210756 -0.25640070750124754895 -0.39768980866252701123 0.88096622709316951827 -0.1077335225078373121 0.91751417397554624333 0.38283316037405135113
-6.2342611182644009915 3.7694953731452480739 -1.6019305472015377134 0.98511235363988991498 -0.0090471171900571179664 0.17167352846807759637 -0.085550551759991030898 -0.89197969950584521381 0.44390688073403306024 0.1491132247645935438 -0.45198491715985011918 -0.87947420704664835966
6.1126140883449542329 -3.0909912272401474098 -4.6879864400676947156 0.9604428377666258676 0.0094499862056912665997 -0.27831682152477049685 -0.2058224321937575374 0.69729690132272736935 -0.68659606597455302701 0.1875811338828805297 0.71672011913060407196 0.6716588338172959638
