1125 14.717824617146108679 14.977075390850430381 15.033177056927090831
-0.03668499356622599572 4.9434120769509934945 -6.8546747615037881829 0.94127263159468266274 -0.01522252407106908581 0.33730417692592473689 0.061537734278660938259 0.98998586001391553069 -0.12704764552088246288 -0.33199237983815665931 0.14034340644816700738 0.93278335533812672953
4.478365353810340288 -5.5443862077435275282 6.5770501616232417419 -0.99936803813332275581 0.0072477281657031128459 -0.034799350481573419758 -0.0094198716857425614929 -0.99799005982204536114 0.062666629985693764193 -0.034275215169657501091 0.062954832481500827557 0.99742764083039803236
1.6621844916689476612 6.6133018891165891162 -6.403504839124943615 0.99197569806581908924 0.0018694617102151221688 0.12641487080119767628 0.10028824674705423547 -0.62047831689842902758 -0.77778462688799832048 0.076983647686920009257 0.78422137395754720757 -0.61568689657734287923
2.7770815811769535841 2.7840789197656325982 -4.6442492594186397525 -0.77190650510780633997 -0.0059864779645635614325 -0.63570788059754823607 0.62123915290475029138 -0.21942990010314084026 -0.75227151603582487205 -0.13498985988010467341 -0.97560990207270925634 0.17309840180427987777
-4.0105598643962832028 -0.090379794556500220315 -6.9247102469500534383 -0.69615612432097084827 0.0054523420474672269764 0.71786971139380506557 -0.62455726304587544373 0.48845581605271742864 -0.60937602589939465769 -0.3539701622271071435 -0.87257159461582889382 -0.33663620797896270931
-0.60996544995965051861 -3.3421170848366523742 0.54801870516598172323 -0.99990782657417853763 0.011421539537900593508 0.0073407622411370450355 -0.0083672111365077003753 -0.94417808681803028215 0.32932921241573320792 0.010692433469171484101 0.32923743530642457511 0.94418662512205064896
-2.6730394012138178894 2.836489725989055799 -1.8037077706458388704 0.34485615710473299655 0.0045237609048272408446 -0.9386446433524153754 -0.64077931683280320296 0.73186550358948232464 -0.23189383729402193723 0.68591260232358608473 0.6814340909016374237 0.25528705750752400672
7.1627797612103032421 -6.8969922897051576527 4.54665787925900311 -0.92846027290072052907 -0.0046874061320629559213 0.37140214036675645026 0.12798142901209844102 -0.94272587859034007174 0.30804004879907054271 0.34868650027386605128 0.33353552443455364296 0.87588342744153169228
5.7903612051807078487 4.5702172788569210837 4.3899178955757669485 0.98268719179331787128 -0.00089236022473131258043 -0.18527030733147414887 -0.08336047706483179498 -0.89518075964545940071 -0.43783837020546972907 -0.16545970491028377802 0.44570237968163567421 -0.87975705441733109691
4.8870589621554936244 -7.3448461665127497966 -1.6463274084246912743 -0.9688807950073173858 0.0051036225645826396868 -0.24747516663838486917 0.18999525554412521888 -0.62549357944187733427 -0.75674274687493758851 -0.15865625716221154473 -0.78021262173448258093 0.60505905244826596601
0.82151297655039856593 -6.3418170745156228207 -5.5848584072113629517 -0.99909804674071311936 0.00024933156534430022527 -0.042462110553450692352 0.037522334823838543461 0.47332201633386206119 -0.88008996315324972137 0.019878817576782385756 -0.88088944067199670407 -0.47290445750102827471
3.0135116698271655622 -0.87333659585699019434 -1.3066007596975837135 0.66425676415222500992 -0.0080386819969326291091 -0.74746125710283128907 -0.74597968305738371342 0.056707443971972068542 -0.66354998173733847899 0.047720684650607567145 0.99835847539338029577 0.031671609787925596169
-4.1236038571669322295 -6.8348904144809612404 -0.24632946797667559791 -0.72429885321421449973 -0.010949487465139341041 -0.68939921667847003928 -0.47537359720688804332 -0.71630136673111521883 0.5108153238675016139 -0.49941076711577414571 0.6977051388254772446 0.51361116123523686827
7.1798773532232109673 -4.3421650565139406908 5.1619075174736170908 0.99978235132111992201 0.013324077444854314986 0.016053627227820530671 -0.0082419246134371841606 -0.45464778547392203922 0.89063318029503391049 0.019165611537124777747 -0.89057164794530263574 -0.45443901594226093765
-0.56395656190552423404 -1.6296013810405147737 -2.8075007198319146262 0.38728923028510509052 0.014830445758282975732 -0.92183898267746833266 -0.56133111724849349411 -0.78939234408302660917 -0.24852988534912429097 -0.73137844438684573856 0.61370985406924749572 -0.29739836264599267546
4.8827172382329244726 3.9956777934524447815 6.4442964552964907554 0.74627764611614155754 -0.0033046437759252037664 -0.66562658768781302054 0.65955246717745708018 -0.13120402448622381364 0.74011894111599241253 -0.089778716561928623152 -0.99134987935033447304 -0.09573504459896008123
-0.24799763139648703381 -0.89382829162014332258 1.8702577260230224265 -0.97121848241074193453 0.00047000371197497927724 -0.23818992111399905909 -0.23818639906823244057 -0.0077014336526591339188 0.97118892457577743471 -0.0013779414746310555268 0.9999702330651228932 0.0075917231962458553776
5.9119051818978398671 -0.59947512380594270009 1.8284552920200394244 -0.99606325978392207254 -0.011900539598465815008 -0.087842812261364450199 0.033393585102581460622 0.86757172209534427765 -0.49618965677917731272 0.082114864566117495848 -0.49716967342947038233 -0.86375891592474363101
5.0604799378714337976 -4.2690400472447667113 1.8051215795249166973 -0.99187073616995447001 0.0060441091772477379546 -0.12710590652602296591 0.089591626175857586034 0.74250623311929975223 -0.66382063413110903305 0.090364723475058389424 -0.66981188592268559034 -0.73701170562482343218
-5.9112669354874389782 2.9663258936598877469 7.4485041634972892766 0.49698105020025562517 -0.0078669360506802045452 -0.86772573262456942356 0.79013742470250125649 -0.40928636244236388242 0.45625379297382173682 -0.35873762811596338063 -0.91237206491429434507 -0.19719160564790644274
6.8364560764436328455 6.1333933580449135903 5.282173329001641271 0.98978710204303965714 -0.0047139344225479162809 -0.14247551176091022285 -0.083014068329916548827 0.79344342884399698956 -0.60295620876104338848 0.11588855460563922406 0.60862575039710753444 0.78494874919636958843
6.7563578912805981602 -3.4076266927187424116 2.2427648473117738348 -0.47582823189567874378 0.00037423708053706131529 -0.87953814793750240142 0.726161461542226494 -0.56406416530041947333 -0.39309178215126311384 -0.49626306078716786452 -0.82573087466227812481 0.26812589790525515054
4.2019056731631554413 -1.5572747971885672058 5.1849489994849164987 -0.80434367821888796968 0.0064978313378593107602 0.59412879537794205387 0.22174486120736941475 -0.92441073751083358001 0.31031275336788122221 0.55123539784514985485 0.38134310871256976716 0.74210307208634895826
-5.9508831683066567564 2.4291874311813885789 3.7449864280946090211 -0.96436224936134307129 0.0033227549209292033677 -0.26456456925785482026 -0.20399919226545074058 -0.64610502989773965776 0.73548121654865949992 -0.16849267509867854598 0.76324127878450154228 0.62375713927581832863
4.0470215508609852506 -2.5960116362699769965 -1.2756802706558882932 0.84155012693762087927 5.0740922206845900586e-05 -0.54017902706101927901 0.25426531912576139094 0.88225309891798642248 0.39620527121613058341 0.47659472441596606451 -0.4707753889861129859 0.74244730572876938002
0.65992041785527322251 -7.1726825639339999441 3.9640234913364627012 0.89138663515218197197 -0.0041734650072242423721 0.45322450161238936328 -0.41665811144090436624 -0.40113170589225993767 0.81577531998606711561 0.17839810773224037965 -0.91601088242318884358 -0.35930234961624735179
-3.6447862950883918032 7.2268665532098319559 3.8342534785382875739 0.8858593737852084038 0.0055241741632786698496 0.46392095595784094142 0.046437956197661292568 -0.99596341595507953404 -0.076813998094885344026 0.46162396612523126649 0.0895899412822291491 -0.88254005932868562212
5.0847515885707901262 -1.1068145772610298305 -1.8280343665082439131 -0.98925360602539758048 -0.017971703938111486393 0.14510107106159475521 -0.083275563005253433468 0.88497203601206408941 -0.45813718041955769911 -0.12017688451536343019 -0.46529723116973070729 -0.87695838162029216001
-2.0050423412425142367 5.5089696969785135749 -0.18868366026560651205 0.98615464630858939987 -0.0098050078026640837686 0.16553813876608963751 0.15506704504784996068 -0.29922255359879923464 -0.941498844905235166 0.058764148120073994574 0.9541329704186229943 -0.29355927792509994845
3.1548971154579481535 -6.5137385182325457933 -2.0553853725169499711 0.94349671694343673067 0.0066750659746665115535 -0.33131463688025497571 -0.27609247921016666361 0.56876136035780788802 -0.77477961891585034326 0.18326725850643607596 0.82247550629680732381 0.53846741173574841355
-5.6005148258240096126 3.1436993943095004056 5.5281422015736305653 -0.8780444847839695699 -0.0013184042377969919669 0.47857720855744401156 -0.3881075164165637692 -0.58314047063185481257 -0.71366641171643008246 0.28001863945340671469 -0.81237026860993633015 0.51151159149832092776
0.95736441679230177559 -5.9184620762101900482 -2.6179866963594204954 0.96050702012270050556 -0.0068716400407666652569 0.27817089146486984053 -0.010709221720715375939 -0.99986726521968727344 0.012278620130439701214 0.27804959425498149139 -0.014772694585612353158 -0.96045311735106952966
-5.3861723916469763651 6.2249398204616799291 5.4328083367017958594 -0.9952848408483886411 0.0011073610564099767989 0.096988964985513723138 -0.059993704482321552618 0.77868823508027928959 -0.62453613824183040748 -0.076215752964578734052 -0.62741007825750449989 -0.77495016143045147849
2.0837861133322794771 3.7939224114216205663 -3.3417177300450204847 0.78676726085215076267 0.0037249816285628827711 -0.61723852906569209864 0.047538598673132280437 -0.99737731480964442188 0.054576309323078192604 -0.61541641096695065549 -0.072281508112371758989 -0.7848808984155463131
-2.7604989837161295618 -4.2411878226979675688 -3.9874750570374120073 0.99329631750000701995 -0.003337747578149618307 0.11554776104306256623 0.078105172840785691557 -0.71751446126761520006 -0.69215069157470276995 0.085217413810030465116 0.69653561094388860564 -0.71244377677862535947
6.2452444011629362208 4.2612182091166506126 -2.1935738470594929872 -0.99892489907950787753 0.011835631512178193189 0.044821466124240913476 0.021365613839211077679 0.97559093796066509441 0.21855395744348879439 -0.041140692071074895508 0.21927662801959707517 -0.97479495477769639855
-6.8388148797369296972 6.7175373975509931057 6.4753459209961086174 0.91208209421030095321 0.0023607825829818750857 0.41000082942172377809 0.40782688096531011235 -0.10822346153425699278 -0.90662280885464963109 0.04223136965543815291 0.99412378961530523114 -0.099671472036262004357
3.5493040853343833518 7.4330782468475753433 -6.6004029216499899846 0.98344105412403892696 0.0014583350552227021188 0.18122242223908374692 0.14338348451402410655 0.60530752447197666566 -0.78297124927178818332 -0.11083713020440377761 0.79599037310538056644 0.59507516877419508461
3.1471439863580648044 4.8277603698402984378 -5.3940221760521973593 -0.98795842218458784778 0.0025680302803969233538 0.15469829105391372237 -0.077116197728596472261 0.85863987503238881072 -0.50674515987071844236 -0.13413145821321598161 -0.5125728925967308891 -0.84810245943074191732
-0.96804518429969721449 5.7076097917047459163 2.3525995282248226559 -0.74456986938762026451 -0.0025021697881526250296 -0.6675398480589850303 0.63973699559649710444 0.28294139521545064175 -0.71461929958447423239 0.19066275479310909602 -0.95913393539170754831 -0.20906890709723080501
5.1196445691911272036 -4.1724825228322552917 4.0121951817947358876 -0.92865002522321549172 0.0051910478504273325703 -0.37092072424606076231 0.19018325998719748382 0.86515650963523704764 -0.46404152988311758721 0.31849561735384124272 -0.50147509096449194299 -0.80441486489769264967
-2.9094173621066041768 -6.6166995886277488736 -2.1158276435195579879 0.96349177171419198018 -0.0023400095896654489469 -0.2677277165220176558 0.23496493830135189995 0.48677823619025389901 0.84133134170822032605 0.12835530222011698465 -0.87352245141538298334 0.46955664542777686421
5.715470427099647921 -7.2274837410673731242 -3.6967881406173894732 0.99947966297050960804 -0.0015759632899387462923 0.032216760360789443995 -0.0031001378035798144404 -0.99887521030996540006 0.047314938166428878452 0.032105956675235976239 -0.047390194848759316371 -0.99836034425366471101
-0.43380148044397376372 0.92385589141235657795 -6.4579800860878711077 -0.98358790096299919536 0.004323157574695849284 0.18037780181565260529 0.1570518783920699657 0.51265917440321129295 0.8441062008975958042 -0.088823130843206254958 0.85858131892604983015 -0.50492432127831265998
-7.106916032167300834 -3.1018697092459475151 -1.1688795646951699592 0.6700234207819508736 -9.6381747786836342862e-05 -0.74233995333289415353 -0.46495043961589038739 -0.77961180883008596165 -0.41955514087378220633 -0.57869655632689742664 0.62626305834153894736 -0.5224029837703044743
1.8945268641548920208 2.1737658818201337496 -0.67508927179465472168 0.97949442732971103709 -0.0044266422661273126249 -0.20142261955513809935 0.073247276116400916735 0.93916938226323420924 0.33555283929796247966 0.18768458480053323845 -0.3434257943976088967 0.92023541573376710367
3.2192709406562296515 -5.1877575441032108827 -1.4496267432614209358 -0.98310318460661294537 0.003457496549708253316 0.18301960040923462292 -0.073547158016382382928 0.90811119994573907821 -0.41221943680616429662 -0.16762739622166061837 -0.41871481255226000728 -0.89251272359849720406
-6.3747687154410055399 -0.53248117248583481942 -1.203534642402476873 -0.99557904464933921762 0.0050485776323298536816 0.093791671906546775217 0.073148151087641777313 -0.58472537442150429587 0.80792671975867735856 0.058921251239179101011 0.81121559919140484585 0.58177103552936326736
-4.9576624777268269995 3.2205683081046410088 3.4854836855886852653 0.46655879576523995311 -0.0044328288339463891438 0.88447907839730555146 -0.82915377413748658775 -0.35034272013160261405 0.43561909655611252834 0.30793978133331961766 -0.93661108710034268743 -0.16713097436748780567
-7.303002032116034492 0.38043013313190143787 4.1767115678776640664 -0.99076253881994280626 0.0056976146963029043746 -0.13548848238092497942 0.09470928575558054674 -0.68599952095394911566 -0.72141167750646506551 -0.097055359783949746166 -0.72757968253494353927 0.67912300999117702904
-4.7158155557320187157 0.28430062877837791735 -4.4145755533252311054 -0.97831151052162557136 -0.0010256846249493993192 0.20713651621986614582 0.10758105423980789117 -0.85705717342218756816 0.50386438478446149425 0.17701103115145336298 0.51522029216310272215 0.83857924216743329193
-5.4642724782214369128 6.3842046064489892387 4.4536592688806209139 -0.99440281584308720664 -0.0096518411784151467853 0.10521350581270691449 -0.0014996058925037768217 -0.99442899838500231624 -0.10539790488089557929 0.10564464504032046455 -0.10496575219084605668 0.98884852219203733803
-1.455804780376540597 0.63587995926539653269 -5.2184733942339684987 -0.8713774576233034308 -0.0076954786019849067552 0.49055285745276389076 0.1997118175818263508 0.90772276049122446739 0.36899130071653540863 -0.44812555859282376947 0.41949990428534073006 -0.78943227324482767582
-0.63640812679766423088 -3.2279621778159275358 -0.55319411551258002024 -0.97279845338737602756 0.0043026633487392960953 0.2316131606257322284 0.22536422954614371283 -0.21380976911023633069 0.95052424833576665275 0.053610942241591817703 0.97686584018541311458 0.20702414629907192611
6.8090647794738243803 -2.6612700660465349323 -3.3981776908684220295 -0.83249032369320541402 -0.012648771212942194753 0.55389517920262365536 -0.40444974002580891259 -0.66939310381865635424 -0.62316392735235426326 0.37865587114191529006 -0.74280070082545923693 0.55214748944727931601
0.50962144006952936337 -3.3735367236125957113 -7.421411125333843728 -0.56383094995717342179 0.005196093842077697221 0.8258738768595813573 0.81651097039827214008 -0.14677004222461068061 0.55836223898525771947 0.12411484637054950864 0.98915699224854158889 0.078510824707506199349
-5.0775688001897734125 3.9277705275232346338 6.5639806755537524197 0.14090979240973500186 -0.0065705130844498655512 -0.99000063573755525681 0.94976577546356355519 0.28315202516787546516 0.13330379739991612964 0.27944481058160869358 -0.95905253192989503574 0.046139341541629283472
-2.9314347391015780353 -6.8498329948641183407 4.4587471867422525662 -0.48575622106702115444 0.015245538911535589516 -0.87396136484292130664 0.71687244692159801662 -0.56513936423534238962 -0.40830306616093059446 -0.50013477037636178135 -0.82485457659815908382 0.26359085516298663698
-0.81198475294724858919 4.964378125110576967 6.8028654891838771235 0.99313247115478275884 0.014031008726733903286 0.11615087400475986035 -0.097694836310718138894 -0.44677387312804639485 0.88929681504457380736 0.064370907218912962189 -0.89453688413863574613 -0.4423348835663054035
4.0146579883641990705 0.43259309943528739817 -0.73700975254267586667 0.78882898108812760096 0.0079116644379908038914 -0.61456183103184103267 0.11043154249993995808 0.9818197364517279313 0.15438549003982712793 0.60461038116832122036 -0.18965075976533157798 0.77361416500981472488
-0.1566590056982814505 3.8255108971673159601 6.379040365001773516 0.96279069118080917722 0.0022374867088248012736 -0.27023892878113353611 0.26906518796985284814 0.085525770694414041118 0.95931708374747171053 0.025258851880050052496 -0.99633344629211684218 0.081741386098781343428
-5.4459345103300229596 0.59469177521387650565 -5.8122079468818865777 -0.94954576502547438643 -0.002276285759756834122 -0.31362024591094767034 0.14942215134268643784 -0.88247245916186800585 -0.44599930438163842839 -0.27574600778655095068 -0.47035856252859858939 0.83828811386410884143
-3.324944208550410174 -1.7404599650974634795 0.3880454094627217021 0.60199718185924167013 0.0088870316388036038613 -0.79844875458746300545 0.57489017691265897891 0.68914436461751615859 0.44111373726673913653 0.55416665139913712235 -0.72456957249440934188 0.409753898202808442
-6.5027454663457966433 0.18396863426873064085 -4.7768884332817904692 -0.15151054477555944699 -0.0041901798490360199143 -0.98844675992931385622 -0.72125280333264574217 -0.68331777565347795456 0.11345136033015566779 -0.67589862295064706554 0.73010907395312607537 0.10050766948154168934
-3.4579609905804806758 5.9391653359275329294 4.8021401000688470617 -0.62062383490821160237 -0.0024381404148598280132 -0.78410465565200127003 0.62198651287020589873 0.60737482744409598823 -0.49419489758068202434 0.47745034647737899514 -0.7944116530229005102 -0.37543480418045577229
-6.5969243215543524883 1.4405429983933433213 -5.3053737522565294071 0.96468249161000441116 -0.00061503280417245882392 -0.26341471507083830117 0.26266925292190174135 -0.072969489197417164439 0.96212281815575084742 -0.019812974300614686479 -0.99733398386953531212 -0.07023083844335688275
-6.7366684648678001324 -2.4054533664244774904 3.051234036046719833 0.99985775726493530957 0.013453824194030612402 0.010171521606337869878 0.013826651495790544602 -0.99920027426997481967 -0.037518470212874854841 0.0096586202765186236763 0.037653771567484305149 -0.99924416662848070114
1.8131231552422533149 4.480950604430854689 -2.0935728209620316775 -0.93938474935702143132 -0.0069491267069403117596 -0.34279440239537362078 0.194554558766056096 0.81244331648313428129 -0.54962203482510574304 0.28232041431481963434 -0.58299877113071829626 -0.76184487694091185261
-4.7291939132615157249 5.5706770409604953187 -3.5109397665980242031 0.75926413774148249214 0.0044151696109240110705 0.65076760476916328813 -0.60960968293962392028 0.35486122358376881447 0.70883675586332728358 -0.22780255399348348089 -0.93490856145062239957 0.27212493108892688021
2.2785251050436619025 -1.5851577532183331876 -7.3195898867950663913 0.73833574080338826295 -0.0084212738012465447601 -0.67438076485006948069 0.58994095205444163632 -0.47652499084678251462 0.65183863508354100702 -0.32684859941769622838 -0.87912059198154901551 -0.34686737784438681498
-5.8604919162388178222 1.2350263811198003427 -2.7008090831461046832 -0.85945820611607293138 0.0048557263017956261292 0.51118295537096869463 0.49257069197158237506 -0.25966335704831972064 0.83063172008846086758 0.1367688025478177305 0.96568699014139425252 0.22077801457830908971
6.2909009240295583609 -7.2791029408837957249 -2.6262445867518939835 0.99642366821448657976 0.0046114815378252181285 -0.084371841629892335712 0.075127132657083220413 0.40867772362786242146 0.90958145987544480882 0.038675410285011424527 -0.91266710932764472108 0.40686970910958597525
1.5562707348102156057 -6.7277654297537292649 6.2556704888109866403 -0.88709653700653701147 -0.0089966847098898721641 -0.46149625534250715564 -0.25272688354590461257 0.84609981009591139767 0.46930185775130783821 0.38624973315733673873 0.53294856320278682915 -0.75284591558696989377
-1.9549944764263522679 -7.2558891971060255344 2.1768434620815915181 0.99904786038754234134 0.0024917971944331839852 0.043556441564709273695 -0.031337604268280944142 0.73558768988096567831 0.6767042966128404835 -0.030353372362255923167 -0.67742493417513482967 0.73496539465739896269
-2.6516966636532561807 -2.5358023999080048227 5.5941047826073235782 0.98012534918162819153 0.004300965293794667757 -0.19833255302451266444 -0.19080358159861357525 0.29408292854923034909 -0.93654109594037071584 0.054298187270258202464 0.95577023014612472185 0.28905877261496493169
-3.4699043191100686911 1.8446887115534709167 6.5314491387430768654 -0.51393609842715648472 0.0030267189366496535276 0.85782313194853032634 -0.068655140889845339691 -0.99693108662416296539 -0.03761489268088716309 0.8550766973569297047 -0.078225619169669607933 0.51256667287540957911
-2.2011483164071985463 -2.0377958588570646015 7.4637597914885800421 0.8638164883264375371 -0.0049064007070777192893 -0.50378269296146160894 0.44412942823362694389 0.47948891511856661651 0.756861566771237948 0.2378447507772638303 -0.87753422013647996991 0.41636950778979925358
-6.9216399082109028029 -5.6328346181280997129 -6.8227530790907282565 0.99776968835461932184 0.00087442430714803611944 0.066744920278189942553 0.054385554307591871259 0.5691034995303165811 -0.82046536691372107253 -0.038702202566161511554 0.82226543293792719869 0.56778666531719856891
-3.8992024624889976003 -4.8892070691513920266 3.9233285072645820435 0.9558013375928583466 0.0005132769436302824298 0.29401282217376911721 0.23974862476182787208 -0.58020881711130534164 -0.77838186352913807386 0.17018930630513065538 0.81446759609761132381 -0.55468742091945100192
-5.0913840748108816214 -1.6195524100994411754 2.3044053040945811084 -0.99773171653388614821 0.0014259865873741410427 0.067300730936037833629 0.066680052542751486189 0.15801953299084772753 0.98518201251657788742 -0.0092299737364442968612 0.98743495672149195208 -0.15775618475744446201
-7.2079869680472405946 -6.1832426822793076227 -2.5027342985196443514 -0.94115729236451572959 0.0030107218252926979535 -0.33795545058936488081 0.33314526320200238407 0.17660539953554552084 -0.92618829967827520644 0.05689626204833718448 -0.98427712988210602774 -0.16721646735867401468
-4.8704898463093027061 -1.6253905657863316758 -0.53645959308905377672 0.98446449639718058844 -0.0010223989803439196417 -0.17558077922635673129 -0.037915220692174858574 -0.97762834689290878387 -0.20689430004543912789 -0.17144121841979179099 0.21033727689540554495 -0.96247916267048660988
3.4637028232572029118 3.9029257185638526195 5.9491470077939414551 0.93801213349885803616 0.0002099724901383380124 -0.34660235619612367319 -0.005140511733370671868 0.99989825679640931266 -0.01330605856823550634 0.34656429785573927838 0.014262957864881145587 0.93791777650535024247
4.0506471325748734102 1.037869265970913224 4.1002314217565851706 -0.99353886058307905316 -0.017541127388474173077 -0.11212868215213467327 -0.090993266747645989989 -0.46735272864765137202 0.8793757174451050096 -0.067828887045480831808 0.8838969034200279129 0.46273697302749006166
-0.93188224812559261601 4.5797590919848794044 -2.0867511671239271642 0.95496255612183189587 -0.0022461226208140647881 -0.29671783117684996656 0.21827079090348144863 -0.67208331635773699286 0.70757464462189756382 -0.20100840341508571796 -0.74047212696134878662 -0.64132413875504545864
2.5024122721568233807 2.7838845144049875202 0.38498587440606191201 0.6292630279076230071 0.001672958592568012234 -0.77719060912881465786 -0.56207711056880949041 0.69160110222064674623 -0.45360471468215385338 0.53674702000397178647 0.72227772817443747222 0.43613933541949556627
1.1208069407617005098 -4.9900725845421192162 6.5189734830740313498 -0.85823285791855863369 -0.0038633272634982229743 0.5132459802974868035 0.36464158639636917725 -0.70832571282666512147 0.60440979311972742316 0.36121029201749099702 0.70587517257024412487 0.60931713063844339384
-1.7979980176454954943 5.3391183956935046595 5.3539237374076860121 -0.8290977514417396943 0.00083487085620743322137 -0.55910305091708589753 -0.43443491959170549288 0.62851282582945289246 0.64516503966601801423 0.35194206795083732286 0.77779877266461094898 -0.52073587359427897514
6.6334335285628815981 -4.7577461060263113168 3.5754450900282965797 0.99902960809598218006 0.00065206581777609105149 0.044038811947692838022 -0.020930968407249742058 0.88679281459643966024 0.46169296999369985324 -0.03875224779448308704 -0.46216672185503809844 0.88594592639770175513
1.82386300998634443 7.0075549019411162988 -3.3289203858168092687 0.99956119174509816538 -0.0035656978028281603385 -0.029405947635344514834 0.022053108165094433002 0.75234773075804139975 0.65839695658719377125 0.019775853392702574807 -0.65875653911164688825 0.7520962290826302965
3.6668696890916296915 0.18687797725809682237 7.00809687404164805 0.99843223836893679746 0.0036380986867091589208 -0.055855435041055043199 0.025643502453813225156 -0.91673395777610677815 0.3986743802180303109 -0.049754157289365302796 -0.39948168280687912368 -0.9153900310437259602
-6.3378462719541106551 4.9976809988880415148 -5.381668691256988879 0.94780183701963005571 -0.010934906212863406902 0.31867241105597315931 -0.31673189241172244879 0.082986067467553381594 0.94487788678522977026 -0.036777521278518049419 -0.99649071266744071451 0.075190913654635163632
1.4877021955539959652 -0.82752543600700567694 0.68056699972941081533 0.78314143534170821415 0.0012372813040960935899 -0.62184239272156882627 0.51961964726741616261 -0.55062193545876647605 0.65330766593197941994 -0.34159173646979767991 -0.8347538279796402616 -0.43185776854063540053
1.1542462599555465275 6.554980131702794921 0.73998651262954817653 0.93982168934475895927 -0.0030363784018404742573 0.34165182956216311183 -0.30654647011179569915 -0.44907488319803379184 0.83926218248094253127 0.15087893789061246341 -0.89348896450189652096 -0.42298110645049347145
-1.5949961503601195467 2.5419535689865075945 3.434791164145595932 -0.79338882551921441344 -0.010787675050193847384 0.60861958365497126344 0.07715557869607336805 0.98999653212987070994 0.11812655521473862386 -0.6038055880972279521 0.14067868508708780695 -0.78461985658329680415
-1.2275458915699652973 7.3784959065876458695 -3.7331075530172403987 -0.95948356734924611366 0.0019954894496969615564 -0.28175752342871762668 -0.259484334270194128 0.38346987153426242978 0.8863513625498766757 0.10981422610573222942 0.92355123065658939474 -0.36741524205920683688
-3.5132690659622567431 6.3381370352013961522 -1.076863485827275202 -0.47248110980465990449 -0.0088569614874521637032 -0.88129629246408303089 0.86383091444523918412 -0.20298678813887346961 -0.46107755864887028929 -0.17480775762631073356 -0.97914141883298355662 0.10355834007647772566
-5.2442352782337327 7.0571002071519490784 2.0567056331892481502 -0.96357399726156767183 0.0024060324737924720581 -0.26743104309167292643 0.21135719324158461219 0.61955634333702735983 -0.75596168837834398779 0.16386973078143471372 -0.78494850050094588934 -0.59749691454850684114
-5.5312139465704595054 -1.7582908730812136788 -5.3413570335241811193 0.34406581110724004935 0.00152838665669487693 -0.93894429103184318119 0.50166716208371475716 0.84500227119067738979 0.18520588589269171287 0.79369312464820918063 -0.53476053118817412635 0.28996965042807226753
-2.6019950603410904044 -5.7102603898688109041 3.9090834900945292674 0.22720224986214565543 -0.0087615082018489224419 -0.9738081811278316291 -0.93735444789742328187 -0.27314295297161811371 -0.21623960379341905513 -0.26409425715894663256 0.96193355447033013217 -0.070271332132467778653
-0.19358648603658129561 3.172664011138271789 -4.8264409453001899664 0.89900544831427653403 0.002318295896961367758 -0.43793130671970481593 0.14923449845871153419 0.93851299516030706194 0.31132366178143999758 0.41172596271183486971 -0.34523612704839884424 0.84338232623747222405
-4.3238711736801187513 -4.6675867486676443363 0.83379207286349443784 -0.52515754174097895035 0.0090877155608229120975 0.85095650287095325748 0.21570614610726621119 -0.96586601825699724966 0.14343532796340902058 0.82321346859975075283 0.25888269197129454291 0.50527154769844784266
-7.0863282905143645252 -4.1247350927972741275 -7.0431051566233886518 0.52878479280884549407 0.0059510953315357380949 -0.84873507489582511454 -0.77066608371015299372 0.42233735089881341285 -0.47718439774853460555 0.35561275330470620837 0.90641918917253749832 0.22791187592344364088
-4.4299889673324583939 4.7856086183084585173 3.8795559679267590525 0.87775599636315526642 -0.0097637114193259849637 -0.47900843498611794802 -0.065673458264609629875 -0.99280698705733705367 -0.10010636008597942337 -0.47458551150252376027 0.11932709830302822007 -0.87208350281523461245
0.63240868918545012356 6.4378862972457921998 7.2588054076879933163 0.97105014430352587507 -0.010173406441894865607 -0.23865900160993455681 -0.222112376849473242 0.32921721640594259206 -0.91775929113913967683 0.087907390464750642667 0.94419941020077546856 0.31742678601278279116
-6.7112263636900379993 -0.65322701567825725011 -6.1134143560647427051 0.72981896378798860603 0.0083424721138175197271 -0.68358955759608064362 0.48102869275153703477 -0.71678195018878287925 0.50481187845910480139 -0.48577327720370822028 -0.69724747331389957949 -0.52713402860399594108
-3.640109514345439834 7.3370165941120042419 7.0798951861852934542 -0.95740360134289725913 0.010319167764467892384 -0.28856863813016625508 -0.21379385411990700638 0.64640037626226731771 0.73243343827862139594 0.19408897979074596352 0.76292861287595481468 -0.61665987349519035821
-4.3582461429333010372 2.3913544048678625487 3.1897615319726742023 -0.86415139695706344458 0.0042242750883782435173 -0.50321418763481806646 -0.31810922693015036833 0.77024759932230024706 0.55274329980570091614 0.38993445972230073027 0.63773097089450414554 -0.66426675807456025957
1.1159814279281858873 -5.2861676186045247761 0.18076505889400112936 0.90529269202759909962 -0.00049639708038264063195 0.42478805933223767743 -0.29737084131102031748 0.71335793861866247934 0.63457941516225513379 -0.30334093772404541189 -0.70079968964000327603 0.64565011461401544679
5.1762810547702393649 1.577881306832956021 -4.664380350413699361 -0.99689439019510206474 0.0060932183851567667948 0.078513995486976420612 0.026580085524557293258 0.96452933800478724002 0.26263407086960094405 -0.074128765341933147703 0.26390534063882886695 -0.96169584450133782649
-2.7793978111848396395 -4.4292963406375838176 -6.133592729872585636 -0.99142059830806228415 0.004826992273951561524 -0.13062119811105124545 0.10322136364226278116 0.64199308688140843682 -0.75973036432949936358 0.080190693588600966968 -0.76669523054607469081 -0.63698341903050781365
-3.5944393047580960321 -6.6238230083834448436 -7.4685014118299939412 -0.98739557463385629887 -0.018614865328077195156 -0.15717336282703511796 0.14343274322117041675 0.31458050818991351028 -0.93833157894155949652 0.066910592327145135272 -0.94904825517768653942 -0.30794542045409317721
1.054486362360915308 -4.9078530315277886231 5.2333355047038878638 0.96334279275588285962 0.0051310774521690898781 0.26822441292587623218 0.16195315885712080473 -0.80819879544706074714 -0.56620303900110313666 0.21387341578944904508 0.58888740781408188685 -0.77940347890966577005
6.7812538307820791061 3.3669379087398607631 -5.8275300039957969034 0.85760930123958800664 0.003113647242148330236 -0.5142923211834188324 0.43259638124937294101 0.53645054970038186237 0.72462485373904494956 0.27814862458302652692 -0.84392601152422885846 0.45871802854872906208
6.3634135442941150984 -3.3521339948336699166 -6.9027600418627894641 0.93553568420620936141 -0.014390140753207318614 -0.35293895708206907136 0.11516291346794246819 -0.93215036927000294309 0.34326839707635065091 -0.33393185972382993798 -0.3617853132990532794 -0.87040272296365128746
-1.884814101166687017 -7.4334632142703949143 -6.9458420747591036459 0.99931437108844101136 -0.00045163734621725187476 -0.037021395971750477305 0.030796583240138383775 -0.54489873578657199715 0.83793611820879099206 -0.0205513551068262669 -0.83850173748292822218 -0.54451122857245204401
2.2123776862879664939 4.2649703888622720882 -6.481482408704317244 0.97748398146480297566 0.0056537947680010613646 0.21093387728023135774 0.20989436022107993418 0.076589494648993422521 -0.97471965551983941189 -0.021666183953857796884 0.99704668091019710285 0.073678304532295180174
4.3287411825869916981 -2.2846357560084009641 6.9563495566751178956 0.99110990094083284419 0.0032997633637495238194 -0.13300479622412214598 -0.093934105250233934647 0.72532038443190938182 -0.68197267085889923255 0.094220741494187423837 0.68840355278665299466 0.71918217468388478952
-6.7036513828574939566 2.0103169089677148662 1.8022531834405910445 -0.68342639312002351204 0.013995351353548004733 -0.72988526175522039363 -0.22844908458550156061 -0.95369990161956019747 0.19562084092159742754 -0.6933537199286280428 0.30043406563057806213 0.6549809090879088469
2.6803115514677728903 -0.70175499515501449377 -4.2276419450683846435 0.6092959609425150358 0.005118990801610344421 -0.79292636979252173468 -0.72427694114401264258 -0.40345368981581142265 -0.5591493831714969831 -0.32277135019430308605 0.9149857463957040693 -0.24211513663253880768
0.99816261651574089697 5.2021286810210751739 2.6786898048501535108 -0.97108586061278012735 0.0047274942251662281645 -0.23868368632237874083 0.23414568432814442112 -0.17614236602325111791 -0.95611174315668356893 -0.046562321984324389623 -0.98435335001715051906 0.16994243872960237973
4.1471064341396361996 5.1635081032168654858 -6.5531938907189308807 -0.99320581808246222177 -0.0040392500349985920038 0.11630084860430059401 0.11487326092819119538 -0.19385494083548959754 0.97428147669827336319 0.018610127636498486475 0.98102188883475416326 0.19300185692510499202
-6.972534199659456533 -0.44260565062238715894 5.3167262123706544585 -0.93040049247437295321 0.0099149894828578291617 -0.36641044825023089127 -0.36311577662683719447 -0.16134156644994193663 0.91766869386511240592 -0.05001856023590436906 0.986848819181064707 0.15371256198784105651
6.0776909671209038422 -0.42981615823856578196 0.79127051085554112042 0.99146594716623326349 0.0044585399594712499249 -0.13028966586506826597 -0.12821386617218344384 -0.14749646227752455374 -0.98071708363674714448 -0.02358983109277101517 0.98905253401282866577 -0.1456660730299064177
-3.9933324098587732465 4.222798049651509622 1.5685953469992963694 0.98862182186868996503 -0.009756860706497533231 0.15010561946214245888 -0.0027020145541435617448 0.99658129834272557446 0.082573693818224519481 -0.15039811316073242731 -0.082039743189397454359 0.98521565562824264806
-0.14590287201071991396 3.9792710795350711983 -1.4574859029884967843 -0.81442592443709238559 0.0055911503643285998671 0.58024059892642798619 -0.03276232602123704124 0.9979154042125952806 -0.055601043415557521721 -0.579341905612362984 -0.064292962856250870929 -0.81254499649477240908
-3.4716958282007572834 7.04583517467806697 -5.5864661940349078506 0.97771980889627563283 -0.00069024387209690521439 0.2099130745218258931 0.20127320956435043597 0.28704297685164570364 -0.93653372846461824253 -0.059607637123721003702 0.95791745625796476116 0.2807865320719360458
1.914653938482713702 4.9095883563904560987 -4.1815752789004561052 0.99340524744780955846 -0.020651572836931197941 -0.11278087995104663088 0.04566419110485896854 0.97352848213298592839 0.22395775522723554429 0.10517031897791383199 -0.22763085690441900444 0.96805134005960924437
-5.0599745057693592543 -6.8434837567623629795 4.8712852419409280458 0.99937263082412575166 -0.0067166887756465272138 0.034773996774053531067 -0.032969672737411810648 -0.53506159341983117184 0.84416946872453046957 0.012936206528174544472 -0.84478635011399849652 -0.53494735929964809529
4.7496887152907927288 4.7928154178414903441 -4.2145330352187366785 0.96250271439259404982 -0.0038260893138164142266 0.27124506599657804973 0.010024398185351612867 0.99971924664224320889 -0.021469497761076324072 -0.27108676881756649246 0.02338351841897705341 0.96227084276634122784
5.3472318371550775495 1.4939829847556285181 -0.15525098112382679227 0.86035287702900231643 -0.00041275271520228298469 0.50969869199651940406 -0.017474283660443384186 0.99938793306457218701 0.030305257884153807835 -0.50939923085766958266 -0.034979835335082323788 0.85981907092217446653
-4.9574190899592549542 -2.4136283113759304797 -2.8219362593424253127 0.79999272252921960202 -0.00079539523229978483301 -0.60000917596875213977 -0.56569995039310938534 -0.33430755006515511241 -0.75380503321125957861 -0.19998802470517931806 0.94246370185590944146 -0.2678935621821416091
-0.89139776824458760718 -4.926121747601402312 -0.56417445624942363924 0.90447788740401480201 -0.019095849352641268426 -0.42609282994980091086 -0.27369549032130890964 0.74020690990250670449 -0.61415348986267681575 0.3271246395105603666 0.67210793706822036242 0.66427433425876614148
2.2570638403997329569 2.606824708356499265 3.311609045762288428 0.88597412532522989981 0.0041486872795990139412 -0.46371611752032732001 0.42846292183234813145 -0.38984588394790092858 0.81513171413201779281 -0.17739609316195303901 -0.92087077006643414112 -0.34717092471594296343
-1.1485453254396469358 4.4447493672253983732 -0.26579435679094154388 0.9990132389647100597 -0.0010701968808445746183 -0.044400484817382027125 0.032632174377218117756 0.69584157931924150997 0.71745357876722493096 0.030127886895730784239 -0.71819450789399730262 0.69518987281327726535
5.2029383921655281142 -4.1285176174716085029 2.8755958823455842754 0.99304057187587624345 -0.0034042470140074956864 -0.11772354781727337181 0.11404589098583678419 0.27726657237620122576 0.95400041016353098744 0.02939315154355297971 -0.96078699977933201826 0.27572519597832489957
3.3053661654033952289 -3.1576660763229429385 5.263382563455950347 0.51501896514557121698 0.0061629486574780109609 -0.85715662723004426571 0.46612858519880123742 -0.84121072170474864294 0.27402310805775181857 -0.71936055466020731863 -0.54067230348233386028 -0.43611220190008276321
3.0716948125306497985 1.0935176197424094635 -4.9248238059498579133 0.96328420564256422853 0.0067983958707647472453 -0.26839769181775546825 0.22735409911458048793 0.51107368921247520177 0.82892327619064387623 0.14280634711143036508 -0.85951001507151181258 0.49076356956916866725
4.6647784152621962761 2.589503694085236507 -4.9730348657196605799 -0.98789406624398456991 0.0010007069759027350034 -0.1551267625699690178 0.11431671110042601613 0.68067379557554896774 -0.72361237798971755897 0.1048665983193598078 -0.73258595577744556326 -0.67254800122711055899
-1.2879285572537380045 3.3814215234846658475 -3.452137143314653045 0.9761251383425481043 -0.0028393386197178714821 -0.21719035994260932343 -0.14497634141076384817 0.73607339972787111382 -0.66119423064952775881 0.16174540094533612633 0.67689577363819286582 0.71808811221452906182
-4.4809017832171740281 -4.6774028118183617053 -7.1291316196384189041 0.99832092411134232268 -0.010731075712778072317 -0.056922548217423915573 -0.016738376992584340364 -0.99421113262399984922 -0.10613223121338091759 -0.055454118126351377438 0.1069068182144087692 -0.99272139747378496111
