1125 14.717824617146108679 14.977075390850430381 15.033177056927090831
0.29788127755243370975 4.4679610770969055977 -6.9260360364197604 0.90888082387170510135 0.0079400544116331253641 0.41698033950557089611 -0.098848253073482897357 0.97543125895498039579 0.19688291423550649539 -0.4051723964716252846 -0.22016088342266221245 0.88733562677711053102
4.5369549096346970529 -5.6130170844755014059 7.2163777996814264526 -0.9996753721099556067 -0.019740681011132379247 -0.016107635145588643927 0.0096368918104101884692 -0.87820227187129085156 0.47819232532140104608 -0.023585603935454883817 0.47788186321863185269 0.87810742172804945316
1.1682929880860426497 7.0596148397337179503 -5.4246218200818514532 0.99440462762934100915 0.0020157454738728743104 0.10561900075019034495 0.10204470908414507713 0.2402301815194098078 -0.96533742144137857366 -0.027318746260131664128 0.97071385931046216822 0.23868030803868811596
1.6978283376051126474 3.3339033843936825008 -6.0726137023977173612 -0.94983828731200481421 0.0057090542570852522569 -0.312689358078713453 0.28220197788086615054 -0.41528816147129549163 -0.86481083863573449122 -0.13479344062799583637 -0.90967200113081103652 0.39284548962957627216
-3.3477036540675348952 -0.51122778984486327847 -7.5079024313078539521 -0.65570621412301954845 0.0066508514894878965548 0.75498683891505291577 -0.092235708205982994135 0.99176580932377611521 -0.088843421749231335505 -0.74936101772921315245 -0.1278919294984070254 -0.64969355813102858122
-0.8963198337935075477 -3.9945457648796165451 0.54369277681330141494 -0.94245329017267243099 -0.00096171068482991299911 -0.33433646369374575569 0.090353074720113418783 -0.96352026704081128461 -0.25192264068588487991 -0.32189768208444224928 -0.26763364906921438546 0.90815973933806293239
-2.6061547515833307642 2.7053788509182510325 -1.0716094642031592787 0.94411471241697730861 -0.0025487137880254428363 0.32960721147418958754 -0.013081060015780314812 -0.99947205763414548318 0.029740408157544605261 0.32935739807487729447 -0.032389968609683621181 -0.94364961414017756169
-6.3839224853092257916 -6.8819252977410290129 4.5134037470059737984 -0.98721190240476319744 -0.005200104146374244854 -0.15932864986360420478 -0.014860490826905291273 -0.99211372762075411558 0.12445688923827544214 -0.15871932951869513473 0.12523302433202404549 0.97934920434622207974
5.5676921438257265251 4.8116334957279995876 5.1800346219618127463 0.97372848261412514592 -0.0095742844015015947379 -0.22751082441126874167 -0.10498098681340201077 -0.90547728294753904166 -0.41120540180511538919 -0.20206888566472877566 0.42428672279982310167 -0.88269413859045231519
3.3190517974342159668 7.3337261511410689607 -1.9726802277881310133 -0.99585802974270931642 -0.0056271404149358401209 -0.090747561332015252988 0.029174283056626296173 -0.96508337481577433081 -0.26031315921874126351 -0.086114144047880938904 -0.26188244489665229997 0.96125019596874849981
0.33019658821046005137 -5.9679536560972916703 -5.6474051194060335135 -0.99154084476186510333 -0.0043907091918614117587 -0.12972075717363110159 0.11941933755984211751 0.36069070643626988115 -0.92500877623260502336 0.050850516080752250492 -0.9326751502872270283 -0.35711523217448520873
3.1197665835432482062 -0.80206290812980618465 -0.41028569532650405183 0.55472504032542346852 -0.0057536769840430537423 -0.83201383692646380119 -0.63397830645039843223 0.64468302508322383737 -0.427147871491449449 0.53884286817782944823 0.76442834351597876985 0.35397411069624012958
-3.5269749252465381062 -5.917211598193359734 0.78399264835493631676 -0.97258046237863571282 0.0036209844175671629732 0.23253845417752125324 0.0067113627037113515739 -0.99902537623382192677 0.043626313753047103738 0.23246978687584149426 0.043990750310354223562 0.97160826060562699436
7.1458992069671527503 -5.4576691622157751382 5.2099543085673429843 0.99534194789533225745 -0.0063006650211810408604 -0.096201394898037667636 0.096397227222739731434 0.050473818779055983075 0.9940623562944871372 -0.0014076021448461684647 -0.9987055097666812653 0.050846075738895227247
-0.056962723399564846316 -2.0594695939120413186 -3.6639673899444851202 0.9369450501552010202 0.0060822363289295645547 -0.34942378194816442472 -0.15686714828868858485 -0.8861459110489542379 -0.43604830250671783309 -0.31229260442335171621 0.46336641088069313588 -0.82931592200437376228
5.0422141313154131836 3.9248550381435234335 5.9010547844137075657 0.96569445909012752161 -0.0018243669457840344314 -0.25967457204728983111 0.18107677505561670106 0.7214879124901187879 0.66833105095156231101 0.18613278383488821022 -0.69242462681203320596 0.69706722987520663981
-1.165840107556967542 -0.40221738968704501271 2.0958899348686816921 -0.99938123891649399688 0.0047749200704903810993 -0.034847373502999899608 -0.033161273000702672087 -0.45817028736324250104 0.88824564043428433369 -0.011724729195704315307 0.88885161186549932477 0.45804513184785300428
5.3406581040418901196 -1.4505223297481197875 2.3665237929900642122 -0.54734903913277488385 -0.0062616550878971059119 0.83688100769230089337 0.51959898700405948713 0.7813583864901787468 0.34568188347950540296 -0.65606853457923752782 0.62405117060790804562 -0.4244222124230866422
5.2198866834470578624 -4.4128382420593936786 1.409737831037602529 -0.84292044157201440058 -0.0027712724339728754021 0.53803108574599223246 -0.48321715937860376666 0.44366562918765983792 -0.75475955532849359209 -0.23661425583006148732 -0.89618811056980163254 -0.37531395445861281956
-6.1794885292767691709 3.1810994592141952353 -6.7387694378519142901 0.58724313826666940663 0.0010903473444479438829 -0.80940985149749433702 0.71955072172100886796 -0.45864669551260511815 0.52143069296498101295 -0.37066461313350396178 -0.88861803933867500316 -0.27012168504716066453
-6.7378194785107359266 6.1775462954946913641 5.2880922901651095103 0.3445791995992327772 0.0064277758555104447594 -0.93873524430540822294 -0.92373582174222435004 0.18049362434826912716 -0.3378375100543709042 0.16726418275794907586 0.98355515110600033601 0.068131915422577710162
6.8907917755984531283 -3.1830597896253265411 2.8516039294677972826 -0.95779554976733738414 0.0091221073642270122245 0.28730553771690303666 -0.089825288418340323848 -0.95894086855812998849 -0.26900525676946368536 0.27305512704604445462 -0.28345934058749039375 0.91928869232002041745
4.6299939829171385952 -1.545785054563091343 5.4248028098008553854 -0.76068382576394866224 0.006324559562210783567 0.64909176328736617467 -0.64905881899156969705 0.0066037938509772098686 -0.76070956310276505175 -0.0090976211364742123194 -0.99995819405272090563 -0.00091838801102532563458
-6.7439951660450381254 1.9005950111912697231 4.1404252784999329151 -0.97809491583902874456 -0.0094617901199414190805 -0.20794424766679392436 0.069991868490057770891 -0.95575123908222237024 -0.28572838035112496646 -0.19603947040134822588 -0.29402388256831446522 0.93547767612288301731
4.4580217471478205127 -2.8967242253850513656 -1.4809922729901332517 0.92548479457712540253 -0.0021589234996861120242 -0.37877860823417125458 -0.34697855870010618773 0.39626913881401093498 -0.85004508670184941721 0.1519334551996608107 0.91813185799911578577 0.36599196236836528673
2.027407178729669468 6.999517038488218823 4.4238453471844847442 0.94277480490598464247 0.0025268584215984253236 0.33342057858039203522 0.052977980375442143557 0.98613309031774176727 -0.15727320743096759315 -0.32919447265971701899 0.16593716632148219903 0.9295675639798393064
-4.1644278890051982245 6.3115956866397402436 3.6931105724418467062 -0.42042165908344542036 0.018163005262767366321 0.90714702987635953413 -0.78742921828319611954 -0.50402317833172438633 -0.35484625106987072174 0.45077805488678235335 -0.86349912619771540534 0.22620434188646287854
5.5587874259030289892 -0.83265951725223330548 -1.754507169730226579 -0.86848027428477980738 -0.0093495175812250298081 0.49563555128656555659 -0.44171936577748527331 0.46840106863329394882 -0.76516955036141165447 -0.2250022557115688715 -0.88346648234342262107 -0.41092695153829056354
-1.890676849243322577 5.7085357973835746392 -0.010720856100251932586 0.80918464898344100167 0.016305075090698159523 0.5873281436948302181 0.42273157225845359175 0.67809317332059459993 -0.60123844364100975657 -0.40806644270949471442 0.73479506858869225727 0.54180991640261177977
3.7955785096273446655 -6.5690413994814988996 -1.9474565601323168273 0.82062763016352302525 0.0087865317587725987741 -0.5713957380588060575 0.57081175924944838052 -0.060335581212753786051 0.81886113178130170986 -0.027280544617797952006 -0.99813947647581846567 -0.05452850067609776169
-6.1908077479540670751 2.9930916337616255696 4.5099969865050786311 -0.99682538276945809042 -0.0047551923809523591671 0.079476690997127313887 -0.078562126640346605089 -0.10334652227561605398 -0.9915379410750057021 0.012928593279290639603 -0.99463404550559542106 0.10264485859930157219
0.14101053366676319367 -6.08352386110369725 -1.8965674509959793426 0.99495597231924726156 0.0030581887533811091123 -0.10026594949434007586 -0.07602672743482927209 -0.62908034193373152387 -0.77361350822497365609 -0.065441193922478338441 0.77733427228843687828 -0.6256747391927195423
-5.5312101840508676176 6.5169252755230306917 4.8277493909380053694 -0.3638106738948587715 -0.0057607807730843015037 0.93145510195883085558 -0.36164030405357261433 0.92241185881240406186 -0.1355457605616950667 -0.85840438258683537942 -0.38616470077820275186 -0.337666610473586426
3.4246097340535768261 3.8029831068600716826 -3.1991377089353560947 0.9987737844204238602 -0.011253684429573029835 0.048210809383114887339 0.017830380497652512789 -0.82669891817430429803 -0.5623619619255794122 0.046184468016067049823 0.56253200200187969404 -0.82548454960578199202
-1.611947196659621051 -4.7457260849767726185 -4.1674631154523611443 0.992309798109824448 -0.018322999019256554221 -0.12241540867971457962 0.045219449770305772396 -0.86696195610655091279 0.49631861543404237613 -0.11522354767036710466 -0.49803738250339041338 -0.85946628769921351587
5.0443635881238062524 3.3864250138892284525 -2.4527146242084456595 -0.9636901712149491539 -0.0025284314216670062542 0.26701097531388728878 -0.25646341085722706987 0.28718852907841718736 -0.92290263173162290222 -0.074348993234966645471 -0.95787074065351107688 -0.27740921290508924191
-6.1731166427522969897 6.9136707172926321618 6.7119718263443264306 0.78962356342494799399 0.0026652062180141126643 0.61358579250163414187 0.51299540896132078682 -0.55151021307938064009 -0.65777822649703832081 0.33664571654571945336 0.8341638817072541956 -0.43685269827076195215
3.4761810434823354754 -7.4197659212735587175 -6.6613780237404940365 0.96336739000730242655 -0.0079749818912389983105 -0.26806654310877309211 -0.11981243091182899874 -0.90706020433776168854 -0.40359232785788201614 -0.2399338518622486649 0.42092539169147458189 -0.87478772359925205393
2.4725560240383157584 4.6070884954039783565 -4.7372244983499331994 -0.93904182858715101734 4.0971494151512783885e-05 -0.34380291226953824113 -0.31112484431327447343 0.42541418981793144294 0.84983768941647774842 0.14629345650012409719 0.9049987654260823744 -0.3994689714638147704
-2.2109565318181969573 5.8294158644279541193 2.2999030624384033672 -0.7442531822163779287 -0.0056761833508539270843 -0.66787347731702007003 0.33966874628078413956 -0.864209750082407413 -0.37116930188588515005 -0.57507594590717192595 -0.50309968078406885894 0.64511887868365691556
5.0387153186814623851 -3.6031468743226051643 4.6222285697248466363 -0.96619909392336833509 -0.00080210167474214361105 0.25779578649515016986 -0.19845611037100946428 0.64057780690373455901 -0.74180539601614003953 -0.16454325619162415983 -0.76789285055608991204 -0.61908487859624605765
-4.5576933025054788828 -6.3757416738668828415 -1.6163734828000326793 0.93430317064627455004 -0.0095952761996587511428 0.35635027149548159642 -0.29188267433540493467 -0.59447295738376970675 0.74927058354255737793 0.20465114156303740311 -0.80405835212012921609 -0.55821866382533757989
5.6700790807780778735 7.3367635798989372375 -4.1300030156803959613 0.95133190646549803393 -0.014765859503276581102 -0.30781418605050375747 -0.090376751617419134877 -0.9682994744889202865 -0.23286942794502382692 -0.29461779733735588005 0.24935536308149588991 -0.92250867551189197346
-1.932013917434576511 0.39211618565289541039 -5.7914262336525403896 -0.97484456510304162702 -0.0019684236857131940865 0.22287709437561220582 0.20266644071037420716 0.40833195986970255431 0.89005130434081591861 -0.092759838825409723917 0.91283138413244035991 -0.39766125841460731039
6.8832834904711930335 -3.5224413663613827197 -1.1926710890052096836 0.87467320832343709025 0.0059613515237132898988 -0.48467642910426289582 -0.13631196896045622013 -0.95654496186125304025 -0.25776109686279474742 -0.4651514009001259109 0.29152392393395554215 -0.83585164713292325889
2.7260641523801072417 1.9347125684227688414 -0.91477412511911104787 0.99776834639146827488 0.00081476403781951124271 0.066765732969594954183 -0.0080436180378557781828 -0.99117681084682585091 0.13230204022798539021 0.066284441223220733064 -0.13254382595652752785 -0.98895829388939460181
4.1048809352303967657 -4.7900968152255849475 -1.5728915264283775954 -0.99469210491795323481 0.0058656853511417769362 0.1027288184944803312 -0.044885897230316350315 0.87363880791514314517 -0.48450024719746953572 -0.092589808530622083604 -0.48653964590763398856 -0.86873833823325574688
-7.3031821841145694307 -0.28111450713550184544 -1.0855429852001168278 -0.6333375057698635846 0.0090145700612361684412 0.77382319770852581176 0.76893466867938986553 -0.10548400633554710915 0.63056530170177083061 0.087310246180100595237 0.99438013955125725829 0.05987536202779166622
-4.4510508235342154393 2.4338461315403727703 4.7239732810500081328 -0.096359772654815684101 -0.0021925117620938145563 0.9953441551071744442 -0.46945134445802744194 0.8818858939038881628 -0.043505233247305499789 -0.87768458423310713457 -0.47145780619846233694 -0.086007601838546193784
6.7402962955120901967 0.11380526657948508706 5.0420066063248833999 -0.97737541266298322284 -0.014982770692635411988 0.21098061357454242493 -0.20450185963802627875 0.32161542050941072102 -0.92452285569109426966 -0.054002704807188189884 -0.94675183542092755662 -0.31740300880824579011
-4.1475925649530287487 0.51914649582132166294 -4.2787111940544546584 -0.91543000518607631211 -0.0025090223221498411665 0.40246939065197484542 -0.31028895223086599975 -0.63248626254478301778 -0.70970549794657689091 0.25633702761872156906 -0.77456751319632977104 0.57821838069409137173
-4.5163072207288514903 7.4612592736528977611 4.1973999833853392616 -0.96980856078875510295 -0.0003146073391643024967 0.2438672926885971648 0.041581977077628548556 -0.98556836341011355707 0.16409125579246952586 0.24029626423094596621 0.16927758879260418334 0.95582571807273886133
-1.6875709881020115599 0.64561202514045379353 -4.7769385372682933166 -0.88567430809808722625 -0.020964852590291863099 0.46383347758746978906 0.41242064392887956004 -0.49441403196831074096 0.76515617847224848269 0.21328439332567980524 0.86897367045770679272 0.44653614368266886236
-0.048194627080396144903 -4.3592274763957279404 -1.356711219924500611 -0.64116229084084930268 -0.0090200079800229378268 0.76735230257004460874 0.7604610827872592127 0.12674670515963448736 0.63689419395797075563 -0.10300416675936158173 0.99189410331308658364 -0.074405842801311489199
7.2734698295425372905 -2.3568632217946015039 -3.4799934868837798518 -0.91901415637524219715 0.0047943335295844791491 0.39419537636535945113 -0.30334634703359503183 -0.64722846617039064832 -0.69933990757015063178 0.25178160004901783964 -0.76228100261300701934 0.59626646638230529351
0.84531727794905264783 -3.7790565119839687469 7.4575522531472167032 -0.84409726462049206042 0.010864161786095017856 0.53608001067825150621 0.49377081287647933694 -0.37399826763534627094 0.78505775593712390226 0.20902198977955474546 0.92736576699511585886 0.31032650868749828144
-4.9457482510576387114 3.9145550939678654956 7.0521406526764138789 0.5138121380016321682 -0.0062017561632656346277 -0.85788030928713387979 0.85728999204405831325 0.041498728234632964451 0.51315857694850242066 0.032418457445653858784 -0.99911930907946255864 0.026639253770438232199
-2.7769718069960878104 -6.3409940412882486171 4.5184781272803249408 -0.9163339902157824346 -0.001040602931329475192 -0.40041345571905506695 0.40031002023365780396 -0.025257021323656397849 -0.91603164278014059807 -0.0091600259767114049214 -0.99968044895320629095 0.02356043091096908515
-0.91468541175917184027 5.5521767908097832134 6.4101392652882189793 0.92224861999035057103 -0.0049645654168053001201 0.38656543561999739955 -0.37298026116009097564 0.25162068855960145752 0.8930692883946756977 -0.10170156198798137315 -0.967813195910902202 0.23020514787941709356
2.4250573288984664799 0.90004178886790497938 0.067306702056259340439 0.86968852609458746628 -0.0082776987465600013194 -0.49353150586645128106 -0.3552982015037497443 0.68357674543257740396 -0.63756256250810361408 0.34264421137319400756 0.72983170170059286086 0.59155780073054597956
-1.7063872621304672084 4.7094620093172405717 7.0976243437444459516 0.99930184532261323582 0.00087258133155256262584 -0.037350509188276703743 0.012993930033703502552 -0.94543153537659296859 0.32556162196676791121 -0.035028270255404531097 -0.32581965950075908456 -0.94478281618883219739
-4.3439643046421201333 0.33171141996627589998 -6.3176578645769838616 -0.94379346949758258223 -0.0092151250457794230131 0.33040727656033724857 -0.32061317662880006729 -0.21756646920951694391 -0.92188503754408668289 0.080380830461177027457 -0.97600200458100383472 0.20238332230759711883
-2.959165598452382806 -2.0280809717056818009 0.028750119604129743822 0.60565763643186010246 -0.0022301585707806791115 -0.79572222152244320714 -0.29765220691346411241 0.92676429014311278998 -0.22915303671400438779 0.73795798738913109815 0.37563676192355061056 0.5606380578771273937
-5.5660316147762038952 0.41114535234921778528 -5.0181165375739702483 0.9950925347675959598 0.00058868088673097278274 -0.098946959047354968164 -0.090839107855531037172 0.40191024262480912199 -0.91116212243336203169 0.039231412591464641382 0.91567887948123660724 0.3999913573290584945
-3.5138743835695831486 5.2781410376758524094 4.6091057578404299733 -0.43906169783424287001 -0.0011474005936658940308 -0.89845618088295553516 0.76123734789446839688 0.53068381382067408847 -0.37268269334556503036 0.47722376896531848445 -0.84756909642849631581 -0.23212949212427183565
-5.6863559893017345814 1.4356713218629366668 -6.171136882053906092 0.70720814278138621756 -0.0013126108524641284456 -0.70700418657638819386 0.38345900766270529791 -0.83942572261171566339 0.38512808993940977897 -0.59398302351681242506 -0.54347284501683801317 -0.59314537383622178979
-6.5631343535019688318 -2.2461409625731540984 2.5319954360624521428 0.94976511648533801235 -0.01674863989404581921 -0.31251513014476534069 0.16384767417473602991 -0.82417248924678498945 0.54211958794734260714 -0.26664613849672680335 -0.5660911508144109705 -0.78002605456122475758
2.0082586290733828172 4.3366522806167573378 -1.5734525198303439542 -0.55428012756122357896 0.0021996749755219557367 -0.83232728035362923968 -0.83026957897028319522 -0.07178373426584487571 0.55272011156770883833 -0.058531755717222890001 0.99741779456995383057 0.041614620601462481986
-4.3711295436021604388 5.3539992369913020909 -3.0952268618158953473 0.70748718348558892188 0.0025951384216530192298 0.70672140936878491413 -0.25933270966654381473 0.93118796123542368903 0.25619431404147252618 -0.65742560864370580553 -0.3645301717370612038 0.65947655226897550218
0.69433607973225930365 -1.1330713785825077267 -7.4036754929035870632 0.96880552779999506985 -6.8139303943063472824e-05 -0.24782220372900048977 -0.015682911660087967692 -0.99801244696503210729 -0.061034432779635057476 -0.24732548511207749775 0.06301706959153996479 -0.9668810440556369068
-5.5323451953793467695 1.4185004645553649372 -1.912279398763753413 -0.99155469626402314987 0.012576566244088326768 0.12907793885183355131 0.12319781036192070656 0.40228238806300986585 0.90718861312101584105 -0.040516463798776332361 0.91542924916987378214 -0.4004343965312853193
6.9097340609679518408 -7.3453453735221421184 -3.0165195895502274759 0.94278208997822277038 -0.0083682133466941484301 0.33330452115398429003 -0.27705485864799928031 0.53647197983365380036 0.79714391432976006158 -0.18547920669407133576 -0.84387664256029792931 0.50345772019644630113
2.0046663016676307123 7.1655619123686173921 6.3859750551954768127 -0.96533259879892630018 0.0056589468536696885259 -0.2609615872432868855 0.029529963502592307401 0.99571412944898296526 -0.087643332154698230796 0.25934717070285090434 -0.092311151743140265613 -0.96136241673590505652
-2.3973950465305224888 -7.1448964694856211821 2.6083446941697236987 0.99098460878679928143 0.0032566682226860665245 0.13393617606804161801 0.12365585989950167445 0.36252047546576715575 -0.92373596507907118625 -0.051562907793867587825 0.93197011699951159969 0.35884950544709437459
-1.9083499111749022692 -3.0606671370697862145 5.0608391211452925518 0.83837109515885921418 -0.0093135360379267891767 -0.5450203343442292514 -0.5191608975703981832 0.2911195639814018743 -0.80356789501654357633 0.16615014064442554242 0.95664134215173313169 0.23923100394816126935
-2.7254568969438697223 1.5448963677449327747 5.0863516563906383539 -0.47138822515943790137 -0.0098703240030137799621 0.88187057887489506136 0.38809355431520303759 -0.90023743895149366256 0.19737260855723315345 0.79194477981733180094 0.43528741104450002775 0.42819193769399049865
-2.9756056443952116908 -2.5274710254857031266 6.7247534825533570313 0.93743901489792313964 0.0082229363427571092876 -0.34805240505581014343 -0.14211893912684553376 0.92167070653011928805 -0.36100597760404173897 0.3178211769041492385 0.38788592658441495287 0.86517871417931724309
-6.0220427847862074699 -5.9199198990246424401 -7.4723281554386717929 0.92263684042145410746 0.013802002365402694928 -0.3854228397849616683 -0.28431417434170536129 0.6995875778815073831 -0.6555476116516227858 0.26058916125873626823 0.71441355362610481361 0.64938937736144120016
-5.316807861138728164 -4.5717815097276766068 3.3914639061975688783 0.89797129799639219261 0.0016889720230055301625 0.44005078723743590308 0.33855663895980170341 0.63616828563319582912 -0.69330319094227244037 -0.28111732460128119326 0.77154848177413293264 0.57068904850274781992
-5.996754423302370185 -1.1045867769447079709 2.2977251854155817945 -0.84008516326755178216 -0.0011121542604353340696 0.54245339115039858946 0.31422506491401031026 0.81413968505157907618 0.4883023467114094851 -0.44217590056160638312 0.58066800870804624601 -0.68359720349452690602
-7.25517245274068312 -6.4047453309434336788 -2.4067233258031590637 -0.98909738581695993975 0.0019844311405879952806 -0.14724952768344620746 0.13977699157824527432 0.32739723062899667161 -0.93449100905347359802 0.046354654515996907005 -0.94488471011521590892 -0.32410512275361341716
-4.1051384274812283692 -1.5659379326349820438 -1.1264368203862789031 0.68873182036848523691 0.0004658618707900113098 -0.72501604298428878881 0.60942182270231359809 -0.5420856001124189083 0.57857432034694578071 -0.39275122103701365361 -0.84032314327486656858 -0.37363550855143934371
0.88292593422595777586 4.4840214294368223591 6.096569079490892662 0.99547495899623938964 0.0078211745336716625987 -0.094701822794421741669 -0.089319362174777788832 0.41713139893804762615 -0.90444648684190698251 0.03242926999425272544 0.90881253581193355284 0.41594244457466467146
2.7255919900942080503 1.078790630891696134 3.7721763759992308351 -0.97816568124885139301 0.00031340938316766486782 -0.20782637417202390329 -0.1902155166135753861 0.40151164514480774947 0.89588305936235823612 0.083725487555344063617 0.91585386420959014053 -0.39268529657471618055
-2.9244802670484100204 4.5580852765766568524 -2.2780332368791222919 0.85769544726197877171 -0.0043050399371645535138 0.51414004549060865479 0.29095598856906468299 -0.82038916662526817358 -0.49224610511364896848 0.42391406259017200275 0.57178936848722050623 -0.70239147604689700088
2.567369380492316111 2.903050621515132157 -0.016057995550832239451 0.77550867984352378492 -0.0010634706946078143625 -0.63133600920380406052 0.55606048831880161565 0.47470043620878638047 0.68224352631147999748 0.29896993296651297456 -0.88014678599276585658 0.36872566263922229579
1.4821463479166436805 -5.4657787956357859471 7.3445539883096202516 -0.95983296150815389236 0.0078973310908284303361 -0.28046090309392596174 -0.13256476885764661988 0.86822720927890395526 0.47812978899623986839 0.24727973645313777729 0.49610396614967977591 -0.83230618567334768709
-1.3465055741594864624 4.8045793062146717745 5.3464134900490210001 -0.99968381703224751256 -0.00064886061654918737382 -0.025136526085117669171 -0.0074455092192100558179 0.96247609946579371076 0.27126430349312952162 0.024017292857279153029 0.27136568857731280247 -0.96217661201405224602
5.6706947682346005024 -4.7265501039977264597 3.3392309571281302283 0.95674675868392389244 -0.014629898654218509782 0.29055396368520114425 -0.28758651077452068723 -0.19836481179618270509 0.93698740667180191455 0.043927651523208641193 -0.98001906486888645809 -0.19399225222985888584
1.5489908836515033919 7.3976046833194244456 -3.0728376081186703495 0.99126623268781655085 0.0058649099338738521284 0.13174543166420069062 -0.1313278130668158461 0.13488839170645217092 0.98211920218358583767 -0.012010888726765742152 -0.99084344102102428486 0.13448053367560294791
4.2520208320731303075 0.38466161279543836793 6.438170335924350951 0.9522740884440793474 3.2674410950786318686e-05 -0.30524426187968889401 -0.28346608607944284719 0.37104356317095149587 -0.88429274127541313 0.11323002482092364707 0.92861546032887376523 0.35334443297904116754
-7.0015359356087198961 5.4465053440063204704 -6.2741515055784642385 0.99804986390999950174 0.0057675889828167122703 0.062154678556433785863 0.0282526430232603043 -0.92963267951601513683 -0.36740287061785453782 0.055661991622065455643 0.36844241896578228124 -0.92798271890988293098
1.1019554309573134088 -0.93614210909379336201 1.0436281153169615354 0.84063819858097188487 0.00080649741323955692618 -0.54159649984859847827 0.11421836783227520828 -0.97777232985207551685 0.17582785736492409501 -0.52941626678456732424 -0.20966788151197401913 -0.82204488680739207229
0.61949321004187718476 6.1535556847738881459 0.98988377131168714396 0.87337916507999358018 -0.0065621949501443836705 0.48699668541111296172 -0.47168646739605807339 -0.26048843728182047297 0.84241180578023044934 0.12132893504629416181 -0.96545466576099503442 -0.23060047242060899286
-1.0008483549360989162 1.9698764191868958218 2.7482753576465892564 -0.75611759104175346735 0.015915006713227763946 0.65424223425168148705 -0.27895669170828851779 0.89649751222999951583 -0.34420251991608019626 -0.59200452081762133805 -0.44276282943215439225 -0.67341794170099233963
-1.6462676587061890743 -6.9877447136103985059 -4.3302553559665089011 -0.86464635472454809406 -0.0027470771304752578806 -0.50237350132033886663 -0.49409235738955425976 -0.17624860173796416674 0.85135725330487466156 -0.090881371198281574175 0.98434185319562261807 0.15103540120267194835
-3.4325284274508107707 6.8350012386911007667 -1.4575234793686946411 -0.58926160788999248918 -0.0048408009535050103289 -0.80792779634878320039 0.56513624579099519529 -0.71711281301130280763 -0.40788507831019849004 -0.57740088427373459368 -0.69694029877821406238 0.42530276131109834292
-5.6906960913394950552 6.7657745793099675069 1.9485713175864487479 -0.93675869004215661651 -0.0082521060800964801674 -0.34987863520903822456 0.34193983721364595851 0.19142454695804192455 -0.9200183642450618926 0.074567448372493919106 -0.98147264127291689029 -0.17649688404057800595
-5.8371352626533736796 -1.7290800473510565816 -5.2835236784882235739 0.29499155264763121664 -0.0014211391882596197817 -0.95549880388721541991 0.8004556357795330479 0.5464439967466764303 0.24631226840765285679 0.52177654126565231607 -0.83749444104589565452 0.1623339219077669926
-2.4999818059912288781 -5.8150943872271128043 3.5731176540922708895 0.79005308684205044489 -0.0041539872144233979182 0.6130243587015553608 0.32121349742321564369 -0.84891237153806331506 -0.4197257134398995615 0.5221474974031891092 0.52851729379440626211 -0.66935152283067089751
2.3180675029972972467 3.5019795397964630368 -4.8075236209590093139 0.95364949436185764142 -0.00022588280208278490452 0.3009195754353261032 -0.28494535888853966821 -0.32216160510406427475 0.90278349710473193568 0.096740810163569987412 -0.94668466195127765062 -0.30729361606642197069
-5.2592979389210023911 -5.9988043074233328156 2.292952036231213242 -0.99828655569390911673 0.006409696406903344669 0.058162432141904280014 0.05063950057202819266 -0.40340121933308875635 0.91362087170907024802 0.029318828464079831758 0.91500074974422829222 0.40238542998586901422
7.1556472383620359778 -4.575436987121539012 7.3828039548163113537 0.91764488623436846204 0.0043048031091555347127 -0.39737807115902507027 -0.38480946689688816376 -0.24009452444879064714 -0.89122179816039248657 -0.09924483338898462681 0.9707399693017664255 -0.21866498358377212119
-6.5833890928414966481 4.6153709821635846566 4.073445982396195042 0.93470797217137713275 0.0041465506524389524057 -0.35539247723744626928 0.1641135542035599415 -0.89198525132092298939 0.42122328135157810491 -0.31525822445412199357 -0.45204548172015934782 -0.83442623063423115859
1.0983156153173347924 7.3057329712576954961 -6.7386740085685010726 0.96251748521145075177 0.0063653114753505256676 -0.2711449307511416551 -0.15148334029682186674 0.84187508646484843222 -0.51797599983236708443 0.22497308344487029763 0.53963489657332841531 0.81128372973074180941
6.3126678279203201072 -0.22463190582205047607 7.3997894919491358223 0.99909597538823569085 0.0059054598962771202852 -0.042099376555777008602 -0.00028695412644123320656 -0.98934502637396282143 -0.14558961654775012806 -0.042510582450747104455 0.1454700805410942821 -0.98844893952454293551
-3.9367989320652174712 6.9560257973407173537 6.7671673104929270792 -0.98580218192765645124 -0.0032760144906086646407 -0.167878902294851029 -0.083415687844937899675 -0.85815325222906957414 0.50657163235826707659 -0.14572536199309851779 0.51338315459097616511 0.84569607747366348782
-4.8287286678009495589 2.5277835143616207425 1.8442049925402523858 -0.10628758115645227378 0.020308371024763873652 -0.99412802000449840278 -0.9908318742809966162 -0.086018306437450370305 0.1041779624796330822 -0.08339752394807846414 0.9960865529781182115 0.0292648590524399628
1.7195333759710744737 -5.2147721667604827189 -0.41632816225075297556 0.9125803265388301444 0.0031624854153758374942 -0.40888524832790645869 0.40855461592857794662 -0.047993618970064641505 0.91147119446615043614 -0.016741368451642792137 -0.99884263586617116903 -0.0450900804856660814
7.0354924992856400223 1.2756842313141933953 -4.7839633654170006238 -0.95309581149480004925 -0.008706835661499254253 -0.30254349294591392772 0.2360016859113594212 0.60447098822696754272 -0.76086662999430965115 0.18950350487033856828 -0.79657957255050426681 -0.57406393915407183393
-4.4084471823143083213 -4.4155312021610519935 -6.2217153479363132007 -0.96906132020891111445 -0.00011037287996544173363 0.24682006703810416282 -0.027488026277480044623 0.99382732144484342562 -0.10747866560888347243 -0.24528466337346099824 -0.11093801407780118362 -0.96308265011179605697
-3.972743248840919339 -6.314711131272971123 -7.4295142746799189837 -0.95008824886440335078 0.0086084155087358359137 0.31186249301938484546 0.29805827994940570225 0.32033746336772722652 0.89919139860024865918 -0.092160626752315302768 0.9472643795401469724 -0.30691466913634468661
0.85888341110633847908 -5.8200188145573594767 5.563770184475877123 0.99933685971073960008 -0.0040949528973537709445 -0.036181102583989502297 -0.036081620779984696634 -0.24493731994535547503 -0.96886729015888850558 -0.0048946363825881937168 0.96953026804666830873 -0.24492264467778135373
6.4322230249943039837 3.5679753232696351795 -5.2416162417248584049 0.870672630095481348 -0.0013222180121829178734 -0.49186118259340821934 0.40883541171410647808 0.55792024151562369383 0.72220399489059794451 0.27346439865421345861 -0.82989352078858280581 0.48630645360933133503
-7.1186646335802654662 -4.1374665315679628463 -6.781509265061598235 0.88073195185544084218 -0.0022166185870059942203 -0.47360987699076217972 0.15808184344880937822 -0.94126588610797101708 0.29837671226353079668 -0.44645420790147183343 -0.33765902661028579512 -0.8286525339342801777
-1.8099914454643586392 -7.4472113485853475012 7.3574246305163581994 0.80785426151872319345 -0.0049567121046715598848 0.58936145373702619743 -0.5466740490567503219 0.3674156950188930959 0.75243151923717532803 -0.22027023456151081926 -0.93004362158932851745 0.29410862909359664075
1.6500784228415066313 3.804720777015739408 -7.1649761997858334439 0.98955047213761593294 0.0034841508354087639618 0.14414480145053665261 0.14234417189382159163 -0.18292380880008551891 -0.97276770963156822258 0.022978246671930269152 0.98312091874141538383 -0.18150828992868237033
2.396444663910464179 -1.9877001078374321175 6.8414560963302983865 0.92975249178292529439 -0.00038229534322718175445 -0.36818495063424300229 -0.36177640669180233246 0.18481899017721217793 -0.9137613323133569887 0.068396897476842341557 0.98277250405176264092 0.17169761121056287267
-6.8628715580202079849 1.5904936416348636197 1.8774892530510147726 -0.7712410106467564308 0.0072034195768228923701 -0.63650248565344458296 -0.62837611694824835329 -0.16828098744949857024 0.75948993733429093211 -0.10164034211674953523 0.98571274720845369899 0.1343116556556135377
3.3854207757724039674 -0.74235074936725864436 -3.3982566353328831354 0.98427518001943137271 -0.0046675153166032424396 -0.17658024889131090918 -0.010942468119764205831 -0.99934206368805522658 -0.034578926170937156204 -0.17630267266615290422 0.035967402525855195206 -0.9836786637751454565
1.7901717101977283608 5.3793365880347279173 2.3032178427252190112 -0.99993120454549211384 0.0028086510263260582032 0.011388487860772898361 -0.0093038104702111296129 0.40135479855699746077 -0.91587540898632802122 -0.0071431986586182934923 -0.91591835725387094058 -0.40130105601431975693
4.1903836231354469888 5.3829060423846755157 -6.3794246300747170508 -0.86906611278638745688 -0.0017029644612371686377 0.49469302756171718016 0.4622322190849300072 -0.35908077284317591049 0.81080353613816114056 0.17625398504997494276 0.93330493328089270122 0.31285209647313277914
6.6939085069129857786 -0.2251850305785672024 6.1004778559301255925 -0.96939334488027439907 -0.0023223083054040279463 0.24550183255101179491 0.24480269674271989966 0.066856376506151907191 0.96726514699326526792 -0.018659650834431343314 0.997759906893734283 -0.064241619112127126834
6.3686219846278087076 -0.61160456970267973453 0.91055424123208972276 0.85996337864529170947 0.022183090862060897419 -0.50987341357322479851 0.085106827699849091351 -0.99129902557030602495 0.10041448990258010354 -0.50320951428598303945 -0.12974649275922511826 -0.85436879176903623989
-3.6831091739689800768 4.0557831267755046767 1.4035086708317785487 0.99773389954841806837 0.002621524504232534275 0.06723238283078021571 0.064639113184446927995 -0.31473035001899291041 -0.94697760893463756027 0.018677546374164952225 0.94917750415085622162 -0.31418659244988694779
0.13821056124930411468 3.4604939807051167122 -1.7806706192873380523 -0.93015508458701356975 -0.0025488976123657610187 0.36715803373749805738 -0.36664061653384133477 0.05996832580325654749 -0.92842794992828625578 -0.019651384803599444839 -0.99819702615336036722 -0.056714372552068681443
-3.042637521874913098 7.1288410859870738889 -5.645784329754525821 0.91170103479058495211 -0.0048109421099454419829 0.41082609215794752 0.40952675568011215335 0.090958308478813643116 -0.90775240153955694122 -0.033000902167652154673 0.99584308048752356868 0.084896993476979043525
1.4806082366145125739 5.1900199347190758559 -4.0890651422225889888 0.94130481702778756592 0.0034832058165053070113 0.33753978834729991831 0.04424847508432507015 0.99004521894309216457 -0.13361338593301183564 -0.33464505657940207817 0.14070654471285548581 0.93178020712081488508
-4.3687606305544441909 -7.2827438367612034043 5.7017194476378456613 0.91394632015930943325 -0.0054656887301949468386 0.40579828747056639893 0.23705234339677708211 -0.80441118514643561443 -0.54472821819824124301 0.32940599623780064675 0.59404778550042769414 -0.73389298823776472069
1.4310310115674182985 4.0419643035672914166 -3.8400981244404084336 0.99765867974682820307 0.002842371404865845063 -0.06833066405837123769 0.065237956749798597933 0.26026717965916762454 0.96333016364661105957 0.020522371329269612633 -0.9655324521304039509 0.25947238033733110996
5.3531032773369027211 1.2629768323399712671 0.002227634738458939001 0.93034732752741655659 0.0022594232289485042392 0.36667253124430582156 0.026472273111595487349 0.99695776478154651823 -0.073310531290106561997 -0.36572266667351216451 0.077910912254953321177 0.92745718005347288493
-5.5626564868885424175 -2.6253846252116823656 -2.1052377441247331902 0.83784997945955541621 0.00026397276548189348849 -0.54590048748649577792 -0.44692099464741968928 -0.5739100634569680448 -0.68621342423923803455 -0.3134789250698379881 0.81891829224977419344 -0.48073255990814822702
-0.5686914867326060552 -5.4111082494085920302 -0.98989928160926898837 0.84987112303526735069 -0.0044804980244348719537 0.52697153563374388163 0.1820116338331284056 -0.93593367629724688594 -0.30149613384296530816 0.49456125948171408835 0.35214780804416373483 -0.79460750179538097715
4.202899305927061846 2.971143549145633056 3.1665829642850695791 0.86711495866079568717 -0.0061041552926749363672 -0.49807066542302530499 -0.09204688386362923358 -0.98466731826557551965 -0.14818111725421231895 -0.48952938587763716871 0.17433591605824202975 -0.85438162944575624103
-0.82276167040491265947 4.855655379384484327 1.362808629085633827 0.69552043529390294996 0.0043686209329020665032 0.71849303353606452927 -0.56800008299396531619 -0.60907023993580855503 0.55354254447455430999 0.44003094187502250767 -0.79310425416571228574 -0.42113942135220472363
6.6417618974048950875 -4.5014194403972176417 1.6783776773793783743 0.75103064480428449734 0.0022207308931479112848 -0.66026361320244786324 0.64342090760886072598 0.22198796257189695735 0.73261919175323453324 0.1481975243271481113 -0.97504687724612570943 0.16529089798232521336
3.0221533019646487084 -2.9491188168838577965 4.7512158198990341873 0.99350559273582050857 0.00060489377879440614505 0.11378168264851445945 -0.026571304592849606663 -0.97110352354775697492 0.23717485601440629894 0.11063725853006063649 -0.23865787365332741254 -0.96478070895322720624
5.0992297168394635776 1.204254010306164524 -4.6328999056427893066 0.65366017508251617052 0.0055438796271530099008 0.75676789104038089118 -0.54160847986627880246 -0.69499581406452826116 0.47290704474538070023 0.52857225622236136964 -0.7189924087439247824 -0.45128847328557447627
5.6392338526417660205 2.5763102051010435822 -4.4950414819121382592 -0.99874251910332523252 -0.0078661482974631373455 -0.049512667531414630839 0.041800147932803850825 -0.67592423980846394471 -0.73578473052388770892 -0.027679020356737443764 -0.73692913210855537365 0.67540308415185212887
-1.0977355262248842394 3.8190798009927626744 -3.8009976447866291593 0.86120306997514006753 0.0056559773663947873062 -0.50822955658390533973 -0.32885790115094376551 0.76862185974167118729 -0.54870111862275672276 0.38753290584940514041 0.63967839313773311449 0.66379951810519044475
-2.5661424842698905557 -4.9081502366754623523 -6.9869731102208971762 0.97584251394018040049 0.0033459336827393773399 0.21844951983181359889 0.21110279884438828968 -0.27199614699757385106 -0.93885765925337183457 0.056276072242343079532 0.96229252348050209331 -0.26613173983329496686
