1125 14.717824617146108679 14.977075390850430381 15.033177056927090831
-1.7445398749152498663 4.3848931187775654905 -7.0206472002582298586 0.3649947176188294562 -0.015746650919754062031 0.9308764145122159217 0.52433891319660952401 -0.82272978811901453788 -0.21950945275657426925 0.76931629400278578323 0.5682145182291622465 -0.29203544486134153102
3.0611169216433720131 -6.4182515461326072881 6.4842698941452736605 -0.9277394839100423507 -0.0049868665680017536593 -0.37319509797975425336 -0.069289524142766373282 -0.98022709417681330724 0.18534779654934949167 -0.36674025118382685973 0.19781297986599227778 0.90904984085492268608
0.58002655213966169967 6.0995802245522607876 -7.2474977101150122039 0.8765758638929216362 0.0084945992705183926558 0.48118873285182028887 -0.31180157380861717176 -0.75159888334006685895 0.58127351318673137204 0.36659859984837567248 -0.65956573618195102338 -0.65618481104339443366
2.0419980682443394926 1.8596288990757448012 -4.6087306238201772857 -0.99891007592112990299 -0.0010784517839499659433 -0.046663660004122406444 0.046004354088696429448 -0.19174992815048885753 -0.98036501592982527864 -0.0078904770526612780235 -0.98144322403083583684 0.19159054876430914316
-3.4313721711078848386 -0.34573876584043011784 6.9843038921101854299 -0.44954539889169192746 -0.0024621631732808374471 0.89325409155952772977 0.060945442802114307979 0.99758140111591431243 0.033421567127877312153 -0.89117595756219691872 0.069464277871010435272 -0.44830807126673649643
0.079428269864970743597 -2.8687000337598069777 0.88180004541412726482 -0.99197920729422972563 0.0095273522632716590303 -0.12604158779848215199 0.046566566082912937141 0.95456686687805569758 -0.29433595020276154264 0.11751088127977066256 -0.297844466487740267 -0.9473541399938579799
-0.051329904164033976488 2.6652938884298422728 -1.9387001822832528042 0.99815064045044932239 0.00079980254031829060846 -0.060783709036249036761 -0.059811392476629775261 -0.16568106089101158895 -0.98436394864500864621 -0.010858006184719324813 0.98617906405381328128 -0.1653268197351767943
-6.9782276244623817618 -6.8307002787773738461 3.7301919494066675398 -0.99949254188382319342 -0.0090477313179539910898 0.030541730087865519988 -0.022979831957403780429 -0.45917003903972136714 -0.88805112610227487924 0.022058695382370211574 -0.88830232117569085659 0.45872911413132794189
6.41350163604673007 4.951088835921289899 4.1809304780611551422 0.96626943710481660865 -0.0026868941612173073002 0.25751923329532699913 0.030857755863580645095 -0.99153359689320552661 -0.12613058762711507055 0.25567787119790291728 0.12982259753936162272 -0.95800569901632459668
3.5322425122729907976 -7.3616013869869547648 -1.3146879792113617125 -0.93559399580298985288 0.0087620541360568845318 -0.35296898082510236305 0.10482085822703804401 -0.94772858670002768644 -0.30136873366729360901 -0.33715940250568909864 -0.31895728923945743105 0.88577072933301403967
1.0728891516129510642 7.0021100102130056086 -6.2782681267134377023 -0.96972681069036414936 -0.01290545042464525706 0.24385110616447763787 -0.17192697251409036485 0.74522741753888577243 -0.64426486189341936051 -0.17341000187546209976 -0.66668549219079498158 -0.72488580186942153105
2.1718985558262913216 -0.68175988333016379617 -0.69907257028100633356 0.90601066901824178768 -0.0023695019712205453791 -0.42324821687220887112 -0.24065197237231661376 -0.8255026613733937868 -0.51052128678304486975 -0.34818284825421463857 0.56439325077973434563 -0.74848444383015588777
-4.051905619990901819 -7.103678256382595535 -1.065940689928321472 -0.9726671030883562441 0.0058396141580260348819 0.23213057850324014808 0.15864113621895264972 0.74671482524816212845 0.64594888315865095496 -0.16956325211829356703 0.66511868764995885073 -0.72723134893231111686
6.4931858675187967833 -4.1868505601269987437 5.5841507565490751119 0.99584598420859982149 0.00064613670527103109209 0.091051404399237201304 -0.08629009913229815365 0.32590007832153627954 0.94145799573951960415 -0.029065349257508629743 -0.94540399907001726465 0.32460203945004467707
-0.15961304040359353129 -2.3703954493808647719 -3.3703379775641959526 0.24620193181366661905 -0.0077935449322549272405 -0.96918722104073029566 -0.3638241292545753014 0.92609836345021956383 -0.099869035175900525148 0.89834103309561685879 0.3772016461684498112 0.2251717264322005696
3.9358815283715551381 4.7199978317934041527 6.2450526907444761093 0.96077987837093492551 -0.01253363195248473165 -0.27702875913460756063 -0.2543132088054091966 0.35850789065788479792 -0.89821872846375117039 0.1105749390442514607 0.93344255335071379953 0.34125969942148642877
-0.36100785004130164779 -1.5126204204702313749 2.8226049983620415951 -0.69647814034167898622 0.0050824815914769505554 0.71756001031765448417 0.69456480137472520475 -0.24644150816727716791 0.67590407584477685266 0.18027184116630817767 0.96914433983448011745 0.16811101049430293708
5.7355757426898223983 -1.2132084755192755754 2.1148713000727843436 -0.73493072155433081249 -0.0113647643513212597 0.6780469575530551074 -0.21165617848138290613 0.95375607414165097797 -0.21342683324427866309 -0.64426585865341157167 -0.30036676442193133152 -0.70335006234764974042
4.6562041433854126637 -4.7807174921459907324 1.4190175963433817596 -0.96622463384235268702 0.0083190251243601912728 0.25756698308801062591 -0.25735991258269513837 0.020278785443111395359 -0.9661028135019839036 -0.013260179165510119909 -0.9997597534817942444 -0.017452878460759504997
-4.7350562862626759397 3.8951950095802740925 -7.3428379286552836192 0.635760107352473125 -0.0029413784553493508081 -0.77188110107177132502 0.58141876559486460607 0.65956165411412526201 0.47637237896019113403 0.50770198435020108541 -0.75164471175892910715 0.42103316065596874118
6.5659690613702705875 6.4129498520913248427 5.3457202707992470536 0.85279876834343437686 -0.0098103766326152579136 -0.52214750523417940986 0.27278836223576174991 0.8609527849339310146 0.42935627577006524325 0.44533220200278689216 -0.5085902659555887606 0.73689563116804657206
5.8754441555512570972 -3.9083512733617671309 1.7784597965597295222 -0.99965878532262775202 0.00087326504495871233938 -0.02610651901623635765 0.0094503580854425044827 0.94382953819803805384 -0.33029758333507736046 0.024351666453112923161 -0.33043159690478746127 -0.94351574237412150215
3.6993842118412678666 -0.71788788425557648054 5.2469548382296613553 -0.74351358609785023202 -0.0003501160455573392935 0.66872073745825222346 0.095743519919481184788 -0.98975311269123411595 0.10593372603379865027 0.66183134232326634727 0.14278884177952266832 0.73592840751115706777
-6.9102708168485200702 3.4117722601148132711 3.9327190212555107607 -0.98714856314657539738 -0.0013380188411379599113 -0.15979963699377452979 0.15977044238918100549 0.012602942345512811728 -0.98707374171487838321 0.0033346688758825928506 -0.99991968454964663682 -0.012227200565630397255
3.6560104462556166638 -2.5787007851190315577 -2.1655102014391784948 0.71544412131130363797 0.010119620053786602953 -0.69859666659025532187 0.66139953250121918948 0.3124047192898781744 0.68187531834825987342 0.22514521466869305555 -0.94989519666934274511 0.21681500791312496856
0.85403319756785867067 7.4833901388869303872 3.5811091458776269647 0.99169500635580964953 -0.0024785073098094515497 0.12858799077032745384 0.11338488944088542798 -0.45505153889649230248 -0.88321682716890848042 0.060703222445936365348 0.89046165214980077529 -0.45099131348090104598
-2.9246046392029851901 7.4544153322360724445 4.362331403248476569 0.98875834819431196454 -0.0085093035229227252658 0.14928000746832006951 0.14806163304928735003 0.19493196509256136006 -0.96957685708970953176 -0.020849021439046926119 0.98077985335074457929 0.19400050919090772172
5.4528839343424406749 0.076794607613726320605 -2.4396901999907676384 -0.99616331656994649979 0.0086058987267114330638 -0.087089524211482222116 0.047746697220100366155 0.88743588802941208993 -0.45845152147416845523 0.073340981891788517566 -0.46085082526187376439 -0.88444198070349000496
-4.6741185714962840692 5.0948321459166203695 0.055882621640312712952 0.96773090643178039105 0.00075070629036415575247 0.25198477965338006435 -0.18876661033151340141 0.66459587954254628617 0.7229657555645183642 -0.16692531132463386823 -0.74720261866188308897 0.64329168120226587479
3.9055580317421392245 -6.5008896127709219215 -1.9536050919146668026 0.9984051354006017176 0.0064638263003539628282 0.05608390638280447843 0.025632106890846953484 0.83322847737946736935 -0.55233440919437526428 -0.05030090160153985468 0.55289105928148507552 0.83173390929113766301
-5.140986705223737907 3.5992613082460405138 4.7863033174361477862 -0.47089474247685714214 0.0011807026143399567807 0.88218861217367638972 -0.37047116783542294316 -0.90781333446520118269 -0.19653514588950068975 0.80063053608402212635 -0.41937281231432976814 0.42792194262650617986
-1.5977329691881196894 -6.7844243456651511792 -2.6898100884392728283 0.98529048086623294278 -0.0096185174749250992865 0.17061697581476237273 -0.024800887783028455202 -0.99589269191170071149 0.087078482773345969314 0.16907863342177648081 -0.090029052635864012522 -0.98148213707727893773
-7.2497985217788087908 7.0308479610567440332 5.7183177944163983142 -0.7043292162861152228 0.0045076635220109347729 0.70985916635303603073 0.058864782643934243644 0.99690674139819490662 0.052075774781362924037 -0.70742864831026819328 0.078464195174424447576 -0.70241588651287367728
3.6091900569120722864 3.6072871519168319132 -3.1486147334656697794 0.92079388213989254997 0.0045250830516265563852 -0.39002326884075527724 -0.21505409955805007693 -0.8283276385415108134 -0.5173249051529910103 -0.32540799141554188623 0.56022571063068027364 -0.7617458843152877801
-2.9171934181845373679 -4.839856439700091606 -3.1886772402140630689 0.9608387493768687504 -0.018274820371876793895 0.27650484378452649947 0.19607996336591257402 -0.66024398104320092262 -0.72500381617108300425 0.19580997334749428163 0.75082881966307168931 -0.63080467492010483532
6.6156814333310167697 4.2719987949327142829 -3.0888578063777658578 -0.98860555548478301624 -0.0072212047209283510354 -0.15035594390257256414 0.10651267389820198717 0.67225410218893033587 -0.7326182309969587747 0.10636778630532385537 -0.74028526683459250357 -0.66382499029783681443
-5.1934944620778606961 7.1579911264853359754 6.8940808903495085502 0.91045221819978539024 -0.011359265835975573822 0.41345825116293150048 -0.16291393609061555203 -0.92866424069108566286 0.33322931667087990482 0.38017865248132226563 -0.37074748163827891956 -0.84735500060854362925
4.0252515321443036456 7.2193236470707651264 -6.8290734036751752356 0.97137809165928501454 -0.0048919074072990460789 0.23748825715437588135 0.232926153877205111 0.21568325404330754291 -0.94827535071058244309 -0.046583364887833732249 0.97645112687078272629 0.210649440893016765
2.9653064451041770688 3.7366341026586917806 -5.3819694381862861476 -0.99643462910858227044 0.0043115258379230851637 0.08425817858330167387 -0.047197732734397881971 0.79931184534029120492 -0.59906005368708947767 -0.069931423108350515561 -0.60090097740289616368 -0.79625850790941599122
-0.34806128933403607251 5.6124865371688548166 3.0179104455366250193 -0.97599219591126396001 0.001130641584607240159 -0.21780256006316178752 0.036533022022159251929 -0.98496948795102179375 -0.16882075141204663793 -0.21471975182180677577 -0.17272472160931237606 0.96128122769700719008
5.3816803668939678928 -2.7128715466567117076 4.6450250422823673446 -0.90914844901469116234 0.0013761110621901919727 0.41646993165486717592 0.35327812501704958237 0.53211987055101950261 0.76944331158900791667 -0.22055308666779174787 0.84666790991682705503 -0.48426210493719368255
-2.2880577950387990249 7.4720126345414907831 -1.9373979059816508475 0.99859781338183906119 0.0016534711032695085034 -0.052911937615747216268 0.02432567871136142798 0.87340438198558378868 0.48638775363244229899 0.047017746268520274611 -0.48699286602755298414 0.8721394842421982263
4.6540451785825407427 -7.0230821878878870734 -4.0757078727813587093 0.74043072166563894676 -0.00044673315278118738009 0.67213253666466499237 -0.23080146726083825004 -0.93936286839603411192 0.25362981723151434288 0.63126304273575695181 -0.34292448426463872924 -0.69563623321960099677
-2.0807489827511345126 1.4874977780591061016 -4.6094607883883185195 -0.81702011939494800785 -0.00038146170407043697437 0.5766090347808462413 0.06534130970329658783 0.99349708285338378388 0.093241941250254326001 -0.57289496223142843956 0.11385693149224893062 -0.81168218004399839138
6.8331987868765970973 -3.1175649055839818047 -0.71249192736054034469 0.81197962263447864828 -0.012167553922502752362 -0.58355894565843213773 -0.3773592677862242506 -0.77368212069593189639 -0.50893610515588294518 -0.4452966151254815208 0.63345712305336709935 -0.63280565564062163375
1.7757456039239238876 1.4453832487640059234 -0.4805635288706130992 0.661123701522750018 7.6091454043625533082e-05 0.75027691254304040847 -0.3082460977564384641 0.91173360411606874099 0.27152564951318147735 -0.68403201277635550248 -0.41078197299260549302 0.60279215004966935076
1.7030478899479597477 -4.8536107078931731706 -1.3692826840636220798 -0.93480920913610732192 0.00056720693925048403308 -0.35514985680782346078 0.32360907411610101425 -0.41062757709155656149 -0.85244481351088685628 -0.14631783781891727347 -0.91180297828431988716 0.38367488727798576553
-6.6104923165491271675 -0.26934322920022013559 -0.78167849769057917708 -0.88130724751902556058 -0.013456449737800147901 0.47235205030879395816 0.46958622971338076502 -0.1365992884279848274 0.87225535668430975722 0.052785493593997673267 0.99053498593507138814 0.12670490639519205178
-4.4305108592732107553 2.3516136766006527914 2.2342480500291537204 0.78617820479000777301 0.0020313321735480087057 -0.61799652426423556939 -0.57408186963820495574 -0.36783968315304588215 -0.73152168419711849356 -0.22880960920783929846 0.92988700452655592699 -0.28802139077975685844
5.964935169553499783 0.29634301491454079214 4.4154026152343917033 -0.99735438385580821308 -0.0061178194953202726797 0.07243483477083627331 0.04214046748740225834 -0.86059342381993830795 0.507546194821603458 0.059231866453784483284 0.5092558602142746027 0.85857443173771008649
-4.659508714373143512 0.18524792062996844888 -4.9026107323593386411 -0.75937312912469479009 0.0057594376703284560007 0.65062990988798719005 0.5365854996608522276 -0.56002735357124155957 0.63122528847132552965 0.36800604929383851083 0.82845409778076473106 0.42217929313674940062
-6.7143362879891519412 5.8682774403234789773 4.1261226882179133924 -0.95050283372757815581 0.007172817540269875447 -0.31063308543129208861 -0.29344343107235437706 0.30795780468554140308 0.90501543815222262879 0.10215339366106468422 0.95137297692435074392 -0.29060994983258625624
-0.38679232572425881198 0.29480951509635772156 -5.5427587849792709918 -0.9251671651725940082 0.0065221078768756884578 0.37950385847231893344 0.018566162339217293781 0.99943310248112227079 0.028085072210703786871 -0.37910554480582697723 0.033029316885625797928 -0.92476378071569431683
-0.40997157257882316239 -3.5596035832524903775 -0.016343538981940429478 -0.96767824898378662635 -0.0029117265433375697121 0.25217122812091635753 0.195150374344954608 -0.64199829242894601578 0.74145433029387020074 0.15973458559906053567 0.76670053760701639689 0.62181600799325065232
-6.5688538092349491038 -2.7801113446596081857 -4.1032016536691093833 -0.94906104414848946327 6.8039448412977529546e-05 0.31509225609391200429 -0.25854159774969059926 -0.57177642107076243061 -0.77860642595644891095 0.18010934654478058525 -0.82040948292794768637 0.54266831822862637846
1.1623210372789603007 -3.0623677566444351683 7.208728418489155132 -0.95153067110039823984 -0.0033895531372834433043 0.30753518966883486296 -0.033521446450638661685 -0.99283906635023455589 -0.11465993614433048209 0.30572159652694236298 -0.11941147037995171465 0.94460320037502454316
-5.8555778103393461009 4.1920469435560043792 6.5390265631540209768 0.9982949152917900415 0.0022737815307646517399 0.058327455113455002611 -0.030444397164585166454 -0.83228486022754888385 0.55351156276730917316 0.049803622195047636545 -0.55434352287498955825 -0.83079652013163529656
-4.9001299069191839308 -5.9222932818034195179 5.8599134488496531503 -0.9998550099304808203 -0.010377682716502722657 0.013500474749402425687 0.015407004775924038747 -0.88896549671213420662 0.45771494388896249994 0.0072514357791664211389 0.45785658164631215516 0.8889964945500071769
-0.82619846862882473371 4.1425434180938101036 6.7126282242240256082 0.92700417136767632176 -0.0064206602138008302474 0.37499605516499096014 -0.087418900667424997986 -0.97601278244459865885 0.19939153520374619522 0.36472071791036736466 -0.21761852776641166241 -0.90532920769187918975
4.4780157665634421349 0.27356252848041129333 -1.3402361507237774418 0.96212437709583009671 -0.0056637358054066515647 -0.2725520227307428045 -0.26521347654844085184 -0.2507715490679187087 -0.93100775616267938961 -0.063075310978068066525 0.96802972695817190996 -0.24277551950356682231
1.1600686583155543907 3.466618057081303661 -7.334646072342816403 0.90972554048567388918 0.0031495837742287610336 -0.41519817088960070395 -0.040828614877572881603 -0.99444642666190186109 -0.097001694348191128126 -0.41319785236036810083 0.10519688503605227614 -0.90454471983615059028
-4.689940856846686934 0.11914236320975406247 -6.1490581083026762954 -0.89612387404113114098 -0.012797960137601099503 0.44361944793905339068 0.1484335755198275264 -0.95066179690982177686 0.2724144297840137563 0.41824571250865971717 0.30996509499046431824 0.85381037933237857729
-2.5092735564199561971 -1.5295863544201462325 -0.14622025924981399414 0.96220056070780979329 0.0090951131259543460672 -0.27218993348558584433 0.26622242966434439548 0.1792654067022432518 0.94709531299846905217 0.057408178139308679855 -0.98375870663348330414 0.1700679517298943344
-6.8167681168510156908 0.034415636045114675334 -5.1329327503637705021 -0.96281244586117520345 -0.0075152330305074590416 -0.27006613147049102208 0.035723261592367591688 -0.9943774648069568789 -0.099686037463981205797 -0.26779851134033610949 -0.1056266006107002553 0.95766746763540522291
-3.7486700715182017518 6.3735948505842774381 4.3274064768153115423 -0.82902056602897289395 0.0098364822688097198339 -0.55913159874717899278 0.49467062625516494689 0.47922401105373213515 -0.72501401279552069035 0.26081769997705389619 -0.87763750537801354934 -0.40215237974242074026
-5.705435400009026381 0.99771499973165267416 -4.8972187812986236466 0.82118120612763290112 -0.00082981633421140912898 -0.57066692396501961237 0.56521778123777577374 -0.13668793935083720092 0.81353873110560137594 -0.07867837362007272517 -0.99061380903004248033 -0.11177653995202774251
-5.0778018230016410683 -2.8343575484005105736 1.5260193819214682431 0.97883426925732652801 0.0079131181837047738503 -0.20450148138383314467 -0.20370796849590883104 -0.058322839415755625692 -0.97729294992527371289 -0.019660541671898956739 0.99826641181751984977 -0.055476428670867411475
1.9664738498108091935 4.7969880096965802352 -2.3947139682144444883 -0.98300755661292926746 0.0029474978036570383642 0.18354142829000316683 -0.095067543705130236331 -0.86350810387878951246 -0.49529376805042302223 0.15702963343237463789 -0.50432634949242993727 0.84911520268550921831
-2.8952857030576120145 4.4637061364213419523 -2.8305744295871093641 0.87353311162265367962 0.0063427757404291035953 0.48672340409594799793 -0.28270610085714498183 0.82059804763872323807 0.49668511629565698096 -0.39625391283489569405 -0.57147057090215314101 0.71861270734351445633
3.9634145904712827502 -1.4616052441294600239 6.0176878647650822174 0.75855674892774715978 0.0045081572668072798782 -0.65159138666354776692 0.45339145093809174458 0.71456182404946955167 0.53276410523546835485 0.46800411416174958479 -0.69955777183097711536 0.53999173419459089995
-6.2244438496219460788 0.77586170183087976859 -2.8288093843565631502 -0.94381677421798537697 -0.0091854194639982532367 0.33034152747420025831 0.31658685269910485927 -0.31181560655659573689 0.89584808545081173747 0.094776903319293781536 0.95009823469833187826 0.29720478296987734579
4.757741672367093777 -7.4244625614820352055 -2.3843725258396752942 0.9999175543485734341 0.00065174539612010288017 0.012824185490935818138 -0.011268173488035888863 -0.4343611827934508729 0.90066830251130636231 0.0061573347978517139339 -0.90073855147335468718 -0.43431802762258930883
0.75915684382967218991 -6.1668256286368157149 -6.9715962320220974391 -0.86038136944576926179 -0.0022848927906904360416 -0.50964564000437995173 -0.40135535492513524369 -0.61325730012494727994 0.68031563477284007213 -0.31409835749884262857 0.78987990423124976314 0.52671810174719557729
-1.5184478684616957711 -6.5828360833595196411 3.4049035769189259781 0.99747037194781118519 0.0078625131376401473371 -0.070647278598736637512 -0.0093592668432383330918 0.99973817417998411816 -0.020880306784090554156 0.070464609630674662766 0.021488694106516124938 0.9972827958082114419
-2.0176362652168102763 -2.58032666763948626 5.2732108296320854279 0.99137036328736960478 0.0039733452956207115925 -0.13103058926341251689 -0.11062913963959605801 0.56159297698764920614 -0.81998446428020133059 0.070327777287277848384 0.82740409760012623153 0.55718620138732899427
-3.270406401002651009 1.6568746352909955455 6.2066235133554421566 -0.50872434740099470307 -0.0015226348414020453997 0.86092811543392588902 -0.02556958304427548595 -0.99953057331428318832 -0.016876890489417175484 0.86054967014364280864 -0.030599258043125906331 0.5084466054786368483
-1.5222921858808726725 -2.0463736722257084288 7.1535243507252133099 0.9735819983369323749 0.012136830736546790066 -0.22801488954444354418 0.2121743031036752436 -0.41710817081874362877 0.88374365001329913127 -0.084381026402541151055 -0.90877580908377819657 -0.40866413007178870043
7.2807481910622255938 -4.3994139212299945285 -6.5050327309225215444 0.84506352965624653706 9.5206736301584179646e-05 0.53466589734214997609 0.044855225291919764707 0.9964620501250790463 -0.071073141371427631108 -0.53278104283936345009 0.08404387899239736115 0.84206946672766591622
-4.5783761650551362266 -5.1581985746841612084 4.9231778274043369592 0.9637762831532288299 -0.0030639469282694128428 0.26669437238283255631 0.12779948492462001042 0.88297121681320467346 -0.45169582899600213555 -0.23409948245227749086 0.46941713060836470772 0.85137828831072637215
-3.9974136870977301506 -1.0909219154064955237 1.6390861320526215472 -0.66921402689543130204 -0.0010129403673760778437 0.74306901439782746532 0.73172943953047819843 -0.17493794322786221374 0.65876304035941402049 0.1293236773790164551 0.98457894044663640809 0.11781212373158106432
6.7347772962581826661 -6.5325658279480594004 -3.0672927365553563916 -0.91279691617626945721 -0.0043114240604342716351 0.40839099089174607515 -0.26696320983523319503 0.76304590362818569549 -0.58863536552835415971 -0.30908321600084726066 -0.64632991620291591062 -0.69765693933884731504
-4.3712279467990402537 -1.5506728724651104301 -1.4420612235373777565 0.86138805107260207894 -0.0064431884469394636039 -0.50790659652336789254 0.25077775322676271186 -0.86416324807377831174 0.43627101572887805325 -0.44172519053798781075 -0.50317031510327780985 -0.74276408774452995498
2.4244090410329941498 5.2091559176822785915 5.9033122918589411299 0.925545746622691623 0.01435432197467681123 -0.37836361393442624612 -0.36331866981638905045 0.31501629505662709363 -0.87679203806356009743 0.10660494862664231241 0.94897770642385448348 0.2967771851724348986
3.7294681433098966217 1.0395794623211873642 4.2506952866476623853 -0.86613460958023613667 0.00012586525827064506608 -0.49981078644340865003 -0.18065462473864518644 -0.93247184420088624623 0.31282609599110022813 -0.46602011184902242258 0.36124263858304983543 0.80766887486256233597
-0.5329697648970248558 4.5582031634748725324 -2.2193767898952461159 0.95423015944044864423 -0.0024726901663420109562 -0.29906301780303928828 -0.11180474703624641852 -0.93041193884418160742 -0.34904630437269545951 -0.27738871886636123909 0.36650717572713104042 -0.88810359124724425062
2.033580841929169214 3.4274354894530123516 0.50020124503148266637 0.87589592851023945208 -0.015815567523167858854 -0.48224080109738082234 -0.41066080861384207656 -0.54914047885685668415 -0.72787528790965494441 -0.25330618367460328022 0.83558039846858611632 -0.4874847433586343981
0.78868018996686140021 -4.5294725395809871671 6.7359262330231626237 -0.92640709168921209216 -0.0044832845045779503093 -0.37649674716805070496 0.34302104617361156569 0.40227977235817274915 -0.84882715945798892232 0.15526255939539032602 -0.91550580823468974412 -0.37113697301459691591
-1.9721242950791582071 5.1151752818813003287 6.0982389875087923414 -0.99164032786438160993 -0.0018207468588458013744 0.12901994045024459123 0.11331390260108201162 0.46599610152284470788 0.87750076515229125107 -0.061720496030343102722 0.88478489942270810431 -0.46189421096546412482
7.2614915452863906253 -4.9384922025952118219 3.1181804154903982607 0.99969592563561049392 -0.01133430811631415229 0.02189953714335124077 -0.016828958659158593791 0.3355235440223732768 0.94188148806368554578 -0.018023385309498117512 -0.94196363245413827769 0.33523077531130957007
0.66338966500307183782 6.9333004428571296529 -4.1403017024117829692 0.93869329697085623909 0.0085516757531283234955 0.34464730241777130626 -0.27041523620733798339 0.6383623261285698014 0.72067270005631201002 -0.21384689441039175795 -0.76968851454438458326 0.60153893999439245199
3.1533987976832191791 0.22968895637067895943 7.0753937403083781987 0.98122752469761176375 -0.0099968259113508602109 -0.19259441385352848997 -0.18531286298702881465 0.22765336892438983729 -0.95594617339529397437 0.053401194625862020982 0.97369091969119203611 0.22152721124834701127
-4.6982354939785384573 5.0505370601121084562 -4.9198939855860279735 0.85539407187282201495 0.0040889295109118100821 0.51796164188111049054 -0.47958103062067541922 0.38407794044038745529 0.78897792791435772397 -0.19571156550789237105 -0.92329162041178247655 0.33049896641881659765
2.2512168433714938587 -1.1891793347701051786 0.88404311390310597041 0.89987555294169119247 0.0050414007277858200254 -0.43611761429272405399 0.27569954357532433509 -0.78138927496799059913 0.55983976514492805876 -0.33795524983352764892 -0.62402354542421734074 -0.70454301775418315401
1.0974001354754858717 6.1510634576962335274 -0.2379024447282925836 0.4852743110184712938 -0.00012499613918114105271 -0.87436195447955944449 0.59734795030034470997 -0.7302011769449884282 0.33163484054023578684 -0.63850158131158984975 -0.68323219008183044831 -0.354273206859274159
-0.7454499012047032247 3.0741922933013889896 3.9431794980023617825 -0.99998724388999993273 -0.00048513670624204547482 -0.0050275938337054591754 0.00058078422772637723973 0.97773046591698453689 -0.20986376225406871976 0.0050174442758033309386 -0.20986400515605185824 -0.97771771211984959127
-1.9315158060702302123 7.0468464441017326649 -3.7764612205685299529 -0.94686585651126708996 0.006059771777860404815 -0.32157165443993473986 -0.25943177454514676494 -0.60535707319004039562 0.75248785258986927715 -0.19010577090026653524 0.79593096001149665764 0.57476404094682109758
-4.3702012579138509452 6.3000014586511516868 -1.3420139250406315501 -0.64441529306708100755 -0.0048602604730866114796 -0.76466025653840663523 -0.11443555223152697409 -0.98810573975592963514 0.10272074496760874585 -0.7560644380254341046 0.15369913769885834576 0.63619426327492467621
-5.1184018522992955624 7.1468895565876859877 1.831439515642196536 -0.92727831194477716714 -0.0078084749124285096275 0.37429127683715329722 -0.37061131833683363945 -0.12222111703823652917 -0.92071127356544779641 0.052935648833908235944 -0.99247217909092977361 0.1104390819098323151
-6.1131734501780083946 -1.8133857323331636913 -5.2545194367185565909 0.98790999375787369452 0.0043851327716983154112 -0.15496649587525182512 -0.11385778688013174775 -0.65788864588127193844 -0.74445881953744830195 -0.10521524889507864742 0.75310245002319320395 -0.64943548653341798271
-3.2213732275134461247 -4.9628031275687316537 2.870277736706088767 0.99594949624758954965 -0.016668498241807133686 -0.088355883168130713856 0.01837158124855273883 0.99966011198990389897 0.018497175423167640934 0.088017531926844902457 -0.020045489831169889527 0.99591721162497925945
-0.29433627493095521066 2.4409574184438089794 -4.9806880872780805447 0.99430590078159186707 0.013050628499683903511 -0.10576131980320192805 -0.00048186419601756180775 0.99301293129473833243 0.11800460197938753004 0.10656239241715824428 -0.11728170947417117242 0.98736490576950852738
-5.0719799177544642177 -5.2743538821563449304 0.59933436579647181297 -0.77645067037455772763 0.0076287215224272635419 -0.63013185848895669761 -0.26678277436209429929 -0.90988133295372530807 0.31771514166949488267 -0.57092145499927937635 0.41479846015905752488 0.70851318242577854267
6.8825770669994463802 -3.4060590381856772346 -6.60744923730524647 0.93504576405361816693 0.0054824463511676854027 -0.35448464269607760091 -0.15234361875324367586 0.90907268813846120459 -0.38778637096459223077 0.32012628906500151249 0.41660147678895520507 0.8508597819775181037
-4.0702229644936789299 2.9246832149398560574 3.9116019893024835952 0.61576645788023676165 0.0026457415153370482733 -0.78792427897702765893 -0.78687405408410915353 -0.04965784105735009113 -0.61511244649310392596 -0.0407540471469570037 0.99876278408508312179 -0.02849576754161264186
1.4999621794137494302 6.7629864701268322946 7.1713780356668177518 0.87567239465109369956 0.0058366622720345236533 0.48287036626771057124 0.18257197586153756097 -0.92971095819371862845 -0.31985154031915541406 0.44706300548804855932 0.36824376109864148665 -0.81518783205843581285
6.5534532647919467863 -0.90635491931001777033 -5.9928231283184967282 0.9990762633519240099 0.0042091518700832853198 -0.042765676040810773895 -0.023824740217446786772 -0.77397910018496374196 -0.63276277879670850268 -0.035763134094572109067 0.63319715375039342664 -0.77316386537541970103
-3.1327080887390232888 -7.4473472083608918126 6.4499480214474882445 -0.97074575832529541586 0.0018335557307275623939 0.24010270878694914276 0.020463004046734952629 0.99696455962672780871 0.075119453630622348705 -0.23923615562625327735 0.077835113681240117312 -0.96783663751665738317
-1.8137972657829184442 1.5721580784119983942 2.8957971900013452782 -0.81733401753173406945 -0.0024633212739309379158 -0.57615886336458843608 -0.48557941705474744198 -0.53530875237470121331 0.69112746245810197099 -0.31012535129857782268 0.84465287052096349463 0.43632991509005009112
2.3659670435871036354 -5.1498489184963780474 0.84678640718723741099 0.89500523747860238899 -0.0034647031773787249562 0.44604217369844795238 -0.3472143232118127254 0.62232541736724056314 0.7015363772857509117 -0.28001399722573316886 -0.78275096341712613324 0.55578151339095915873
7.2054386526954665726 1.7753639357943995503 -5.813436536629532192 -0.97815553630217633163 -0.002137144112682485414 -0.20786336718270326251 -0.16728721529627255116 -0.58548748667787375854 0.79323350316413054895 -0.12339665473541271135 0.81067862655846956166 0.57234030964221704885
-4.8654671570659324686 -4.7490268471628693803 -6.7500862252132289854 -0.67628176886163271497 -0.0038152310654916490873 -0.73663316047894222827 0.17932960033355585527 0.96904985402721510734 -0.16965634339438800948 0.71448153478562836938 -0.24683562227051483728 -0.65466656553455504497
-4.5186933405634848171 -6.4793161590521322069 7.0572905394748248753 -0.99929634087896124228 -0.0047085367737870840316 0.03721092295863609456 -0.035975883175173875572 0.40094549088471370668 -0.91539524205062294815 -0.010609379612161042722 -0.91608981165640679389 -0.40083275570192256065
0.88730815939979501561 -5.3294016501858489931 6.2037785557092588462 0.99862115904412807055 -0.0044548750369402569105 0.052306164050847689384 -0.041581469070387469533 -0.67532151832855991103 0.73635034345908501052 0.032043129361258741727 -0.73751000059037574719 -0.6745755976092232542
-6.9677800447721969235 3.6456711955842977524 -5.9022192412307274978 0.78383602630157500624 -0.0035744192757642023923 -0.62095757294570352869 0.48330756999150203956 0.6313773447361175073 0.60644574476460866297 0.38989085224050934464 -0.77546751839195837697 0.4966238528891214199
4.7790960256073198309 -3.8083517965850957054 -5.5033000380687218112 0.93913504870612396491 -0.0022883943827511836304 -0.34354057044713298685 0.26457858294991110082 -0.63304875821333117525 0.72749394716984572273 -0.219142724579613285 -0.77410854082339208837 -0.59391281623496361419
-4.0119513288692711939 7.0699257027416209098 -6.4263736201212751098 0.99938074062589399293 -0.0042973653629858471481 -0.034923744313416306417 0.027977075247823564308 -0.50490299298561991392 0.86272258051742145568 -0.021340537165530467506 -0.86316539569488959227 -0.50447009936019282517
0.75806706499369036489 4.458507912688760122 -7.1336563004612045802 0.97759516662461920511 0.0060427953705592335823 -0.21040716436549417034 -0.018807778852862687413 -0.99308214179338083483 -0.11590568193838084177 -0.2096519917549424239 0.1172661258637979903 -0.97071865031944148949
3.8113254057014653853 -1.6495154764673647385 -7.4110420066121820426 0.96675991854311471574 -0.0072833379903326500582 -0.25558210595826985623 0.25566338287987677713 0.014281721407548563299 0.9666603680135538168 -0.0033903617480751293417 -0.99987148445257056917 0.015669078653851968574
-4.5173130472592495366 1.3067123021078543843 2.0787456258631560324 -0.97162756757352364279 0.013240623884247362807 -0.23614520069301125904 -0.16676431730252630481 0.66965707256776185741 0.72370509714564013048 0.16771861079146496709 0.74255241635791702226 -0.64844920892464374962
2.3824254977679499845 -0.53831805575791025209 -3.5216628049669451705 0.8323520475401037233 -0.0095035049247504561898 -0.55416581665597053341 -0.050591768479602526598 -0.99698161009838426327 -0.058890933833058614622 -0.55193345787154890481 0.077054218053068529448 -0.83032048364612043301
1.922279060265192685 5.2512495841376125583 1.2259677799347745708 -0.98447872909473321812 -0.005490962659267299012 -0.17541801871315232386 0.17233264016672716901 0.15890543654057456835 -0.97213709083179378201 0.033212845306180530103 -0.98727853798554154885 -0.15549275011951621539
2.1684162694998732057 5.200247163169000153 -6.3572966686477867526 -0.89966411114417166317 0.015088407134098355544 -0.43632193056172130508 0.32166835283738398621 0.69862997643231194989 -0.63909750962826272769 0.2951846166416675632 -0.71532404964489215704 -0.63338577983550914396
-5.5461441307494592223 -0.40888866451659189316 4.5648659690477808581 -0.83949695855241845965 0.0043228653404780827477 0.54334719049279922576 -0.064776251154747693795 0.99204104329509834592 -0.1079750235204472858 -0.53948947521481327438 -0.12584069792072832827 -0.83253541959442334264
5.467505710455214718 -0.028130690880686703981 0.43217617797590457407 0.92095922682883923915 0.0060265686917137691048 -0.38961234963572555223 -0.24818676292566121955 -0.761754358717825375 -0.59844266866847006803 -0.30039546139609496489 0.64783792529026817952 -0.70004899066305703581
-4.611724622521604644 3.6406584955368685996 1.1468474228986360597 0.97098007641291872449 -0.0026201216153378106485 -0.23914603524170105486 -0.23361409261816895588 -0.22448916959692830075 -0.94605975945697740048 -0.051206903238665814337 0.97447306155494417546 -0.21858660838286703143
1.6945508086921561297 4.2218523517387609445 -1.5203929354296745746 -0.93878921994888575586 0.0014539872990575737448 0.34448902221814087232 -0.20430110066047829642 0.80280846601410693619 -0.56014250612232530102 -0.2773731435751929375 -0.59623523278746293208 -0.7533708823721356751
-4.4532183045531068544 7.3250218109399671818 -5.2632288797804962499 0.92589058237858679057 0.012373761538654985681 0.3775890881474300298 -0.33319978761987689708 0.49780490803493193663 0.80072977655788957208 -0.17805766198819775181 -0.86720076312342941893 0.46503581092818097042
1.3914055644182774518 4.6055166607424355973 -4.8474522249574443222 0.99220268614540030327 -0.0002275347489651574108 0.12463457719996220985 0.12291653160359086727 0.16726286434022363814 -0.97822014928700451453 -0.020624157302189419921 0.98591230971156895713 0.16598663107288663676
-4.6799905212572205926 -7.2417004567911309465 4.7646584631112451902 0.88210732287870508017 0.014329137943298287175 0.47083048619396805634 0.077522460030435280665 -0.9903243080740322668 -0.11510010003709217341 0.46462559024944732888 0.13803057865381576641 -0.87468315420029629781
5.1004752740871808214 5.0992461639280142194 -4.0273888319773050171 0.9696322562563008951 0.0051234780671216848327 0.24451388017830533173 -0.18347735671323159301 0.67629199229714775932 0.71341797056726763415 -0.1617075978451965601 -0.73661583686970755203 0.65669457259196384324
6.3367659727754421795 0.66189554087849222785 -0.62000083764437519118 0.99824133947516757726 0.0049270463456041191375 -0.059075818885470671171 -0.022464853025721737145 0.95365386289069298265 -0.30006605968043637001 0.054859443500727911314 0.30086547493505455542 0.95208739485974824834
-5.8810169303821746567 -2.3394349700344609921 -1.9977102459165263504 0.95914755766839066009 -0.0058454508528041236246 -0.28284588263411630793 -0.21227514005737502245 -0.67578423722052327616 -0.70587175155113324188 -0.18701665041475798446 0.73707631587826616393 -0.64941764453933947809
-0.045031848337953053751 -5.3611004560024682064 -0.79515338003182089999 0.99543499917339328675 0.01906279650555115987 -0.093518833450881938552 -0.0944383678491303169 0.3384501970642411206 -0.93623333565159683189 0.013804242051430683919 0.94079119569461611139 0.33870543102350336717
3.1196506954647613696 3.0460777119009758707 3.8086724689646791475 0.94714657229659282578 0.0027212734908799635948 0.32078959655430844267 -0.20990073502974770925 0.76146331926304011706 0.6132823940493568049 -0.24260060185592177695 -0.64820228948029967597 0.72178857007549734881
-3.4588739201282305835 4.5805570606558436708 -1.2646596341334466196 0.83566265254437610555 -0.013799503789720113378 -0.54906967211619206459 0.35870750383499361291 0.77074970214783089517 0.52656796648815695772 0.41592890959287642794 -0.63698859513662609011 0.64903672610321583303
4.9135633316058431319 -3.0583294709188253435 2.5023462186108420546 0.88451573070933064979 -0.0076644771786789278253 -0.46644740101891646322 0.46631742592150471349 0.043279668107239516184 0.88355810709350013354 0.013415677757680422727 -0.99903359609075592651 0.041855626529728288954
0.76337114864070909626 -2.61666408503605874 6.3869161264177067849 0.93964887964139853782 -0.0025421499269173597653 -0.34213085283640864986 -0.10765100011332295882 -0.95138162673257931079 -0.28859012888586266232 -0.32476336795181043327 0.30800411976062014308 -0.8942383446526682711
3.819578460274335896 0.2287089420721281352 -5.4348212121856072088 0.96711560682495545382 -0.00015420272531612138484 -0.25433713699940235786 0.2495529086481308445 -0.19247300243635409589 0.94904029899603525866 -0.049099376989879824074 -0.98130225698021988912 -0.1861051628100183486
5.0429659688052943523 1.9568827848038206074 -5.0162552514074452148 -0.97763512614120295918 0.0057032384269681693847 0.21023090449857470552 -0.045266049840628160006 0.97049641143382381347 -0.23682841916856445241 -0.20537902732914598003 -0.24104810404879051244 -0.94853321853681882292
0.13542336298590423871 3.4940769227546915054 -3.8068681116571481127 0.91273777819339263484 0.02179284837164310179 0.40796423865150094334 0.36070659149837192015 -0.51187253702691304369 -0.7796648386885675075 0.19183457224457542423 0.85878494257732429507 -0.47506622621928140671
-3.3428363554725133433 -4.234251335302527508 7.470137651015221536 0.97493322358427847441 -0.011097112706820476402 -0.22222075429888071829 -0.21157509335322699506 0.26284665744840962631 -0.94135413874957374336 0.068856295457889044043 0.96477380186132455364 0.25391006639765617559
