1125 14.717824617146108679 14.977075390850430381 15.033177056927090831
-4.1005816346461294586 4.199580694615677956 6.5279901231155719188 0.84869716635397440818 0.0028077930929833981588 0.52887166318554468258 -0.52863495734618870525 -0.025878433913053208726 0.84845470623354357631 0.016068655648078276205 -0.99966115406976152613 -0.020478655949668880115
3.1160276369370638605 -5.9244413217852605058 5.8861705383691855786 -0.95932455517872083917 -0.0011755400633132549043 -0.28230305690282764264 -0.061303207748962883217 -0.97526188096362920188 0.21238215616884739689 -0.27556907401016572656 0.22104950044006660415 0.93552060576161522043
0.021196267012880236347 5.7187322411092367247 -7.0083018016911537984 0.90753714172107391445 -0.0038266569276943713032 0.41995439406371393165 -0.33345288514711773908 -0.61447293720023021812 0.71500502294431689254 0.25531453108611718017 -0.78892861916990919546 -0.55893302288469726147
1.7659891055561920403 1.9027156102390843095 -4.7154463634246015502 -0.95916198350226644642 -0.0029096561043569346 0.28284240011946915061 -0.27542505515787907289 -0.2181112459562535022 -0.93625238230864238353 0.064415280758699983155 -0.97591957572782717101 0.20840262310241683408
-4.127669926978667192 0.1625469045734725948 -6.9623092600265437113 -0.38384019869564334204 0.019403254374114019265 0.92319565401111669534 -0.31204412103721729244 0.93823795401325693621 -0.14945905183411339889 -0.86907719357452073439 -0.34544616855409998601 -0.35407877123581366074
0.29113239478694358242 -3.2745594179673167545 1.3709633064799047197 -0.9143217419307990701 -0.0090686872818783251238 0.40488703504015954859 -0.3384198493553635112 0.56626642467320009722 -0.75154131080734654091 -0.22245844060166025669 -0.82417236983459551958 -0.52081872758794223177
0.20399154038562811175 2.2715926108208899237 -2.226010971370017355 0.60612732441941019612 -0.0035550218146181656806 0.79535968493004038926 0.25229937704003685406 -0.94748612485280025997 -0.19650716922439961931 0.75429085301190201829 0.31977711774192757455 -0.57340029999238484315
7.2512797710130563189 -7.1164205097133566014 3.8578702026251665558 -0.99989333245607325829 -0.00081398420413949720831 0.014582905737533895241 0.0014987912807037833199 -0.99889327609357214666 0.047010388211476114573 0.014528500773698384621 0.04702723046077590674 0.9987879465933982015
4.3775910550510443997 4.5832691478192497669 3.741540346540890738 0.81778961859348897612 -0.0055440462662543783107 0.57549057617984344937 0.56953187827018181277 -0.13604421263144472753 -0.81063272315125090017 0.08278634763526662721 0.99068725426363224429 -0.10809803367645456906
2.2509063406090912274 -7.4743044920841184009 -1.6917776029851017139 -0.8520599413186173976 2.0894874883177656788e-05 -0.52344422431002302076 0.40716694727750818439 -0.62840967275322523466 -0.66280944488971260675 -0.32895126302370636395 -0.7778825636004949029 0.53543420118772577787
1.128038866439893706 -7.2381732240995768635 6.9900695111668484927 -0.72607664815820127657 -0.0064608500634865395629 0.68758341924148502766 -0.63747530673878749496 0.38116340600523229698 -0.66958172855961106684 -0.25775557083735667341 -0.92448510822995244585 -0.28087248060885383616
3.6927454675875637236 -0.48413549927899418579 -1.4915038861662963665 0.85884522346390512748 5.9029140759173787112e-05 -0.51223517904257809263 -0.47116069857670422882 -0.39226545613335178642 -0.7900224098347301549 -0.200978800498759963 0.91985205790927626612 -0.3368675011188085322
-4.027637900558494799 7.4538111039702865668 -1.1772424640874996626 -0.99942661079031569482 0.0056853486795915278082 0.033378532841174785029 0.011031077301290586473 -0.87734545283043985364 0.47973250018262347805 0.032011950546859999078 0.47982562791940569502 0.87677967689379232574
5.4349538582323537739 -4.3353200761856394152 6.7164358111963142761 0.99985253876788293681 0.00093582809054233143022 0.01714715560383093737 0.0011081812137003737694 0.99291664364578757773 -0.11880787307964581212 -0.017136879935270805941 0.11880935567994299618 0.99276918986699180802
-1.2605348139431045151 -3.0077752757331976952 -3.0744070484719498992 0.91799933722218562959 0.00080610335680249126968 -0.3965810977051884012 -0.28825327553498913957 0.68815719159670696303 -0.66584512373154669529 0.27237339444771485608 0.72556118270691949412 0.63196020772348227013
4.2549507948776641442 5.1480677460013968272 6.3691182431351744953 0.96529872698179752799 -0.0071716721831802474757 -0.26104967880743196185 -0.17498582316884175869 0.72426115601064500193 -0.66695257671288710188 0.19385130739112077514 0.68948846619218873144 0.69787343093893927648
0.50102273003851649502 -1.9780596587363916683 2.0668008679830647267 -0.97428148999886476922 0.0024969309952040334016 0.22532053519642258888 0.22449543774045876976 0.096961015073528028507 0.96963929375292845503 -0.019426185402826864207 0.99528504805991557802 -0.095027871854389739381
5.1684125913921370454 -1.9729296547272128226 1.7370331722402816421 -0.99732511107160581876 -0.011945168174928017316 -0.072110580245643568498 -0.060686629860296881223 0.68520001136862584978 0.72582234560308278581 0.040740100420742969556 0.728256999539168004 -0.68409208944415933473
4.8436230379212990016 -4.5942398408275346711 1.6337718246639787445 -0.98717904635629416532 0.016402451806841349125 0.15877181742888182847 -0.13362735913299250701 -0.62896468525738224997 -0.76586366514563075647 0.087299824318740601448 -0.77726082126520590343 0.62309257450245569832
-5.354844658862301543 3.1170552986069348655 -7.2174881700844508714 0.47929199200913680246 0.0019695707576257888427 -0.87765329554828663827 0.52867122579427938689 0.79756891440763044709 0.29050053663913405488 0.70056114751889753123 -0.60322462446564140137 0.3812271383644239009
-7.0382982722935816255 6.3925874434400684621 4.9474343058663512451 0.92531822753158388117 -0.006072284538893416711 -0.37914285587139562317 0.13548691894892045395 0.93916257173504336109 0.31562154338011488841 0.35416023575713584393 -0.34341926447480697338 0.86984696136504413566
-7.3452350768056637875 -3.7468972990990860872 2.2284265391723216965 -0.90709661973148192349 -0.0010525151743376137507 -0.42092115019706566326 -0.320029128733191226 0.65128963939218675883 0.68804299457427497977 0.27341740843202466671 0.7588285035712678539 -0.5911194658730074547
3.6672093061533428404 -0.71501481300974578659 5.4094209890496047777 -0.72893801614618247697 0.0028252743384495149562 0.68457387215831211336 -0.67689902451592143251 -0.15234943986625937296 -0.72013704166762881886 0.10225986126642971907 -0.98832265277964770345 0.11296572390078400694
7.2148641179911843224 3.490246635080852311 3.0861155251091472174 -0.96833529087782543865 0.0055376794518771296771 -0.24959186394386304042 0.24721471511215875605 0.1606633660954375209 -0.95554809791392592011 0.034808749944161727907 -0.9869937268803791186 -0.15694500318951778994
2.6320808392209902316 -3.3606156082348981329 -1.3171434418279517331 0.96588286362511333039 -0.0045711895576121489709 -0.25893898505503981644 0.0005893650108816969168 0.99988042149634459577 -0.015453004793103884001 0.25897866013286063858 0.014773182943341893469 0.96577005889682709938
-0.91794372158777359783 6.877022658612051309 2.6921800822886927662 0.5515431081438633143 0.0096791298498672927175 0.83409023151229810811 -0.62086354093367468465 -0.66302574849987838679 0.41824074450653347945 0.55707150653949322194 -0.74853401477248715512 -0.35967786327530448798
-3.5843059640483412309 7.3205456450308421523 3.6067098051739594489 0.90257788633540503298 0.0068400426467117979995 0.43047226730073367973 0.26599563756747102161 -0.79506595990309347766 -0.54508388363486570682 0.33852544940299489351 0.60648440476238907326 -0.71942837509129620166
4.9288980656069121267 0.033629953536915120627 -2.6150756023620882473 -0.97464406836504469123 0.011583333861886492208 0.22346088332724725611 0.13439344031648195466 0.82877201264596200847 0.5432083893448474976 -0.17890596189241514402 0.55946651144766035291 -0.8093144502404838736
-4.7126206575863243131 4.6339762838843565618 0.55717913786903294771 0.82900861536552350461 -0.015442335185307130493 -0.55902258445785224517 0.38155718915448127992 -0.71519065725999619865 0.58559067203338110996 -0.40885061704051578468 -0.69875879819291397688 -0.5870070824901827411
3.1755982568643079667 -6.5613402602335613167 -2.104505704826479473 0.97462961256242819363 -0.0027362068284359350109 0.22380713011095715315 0.15352548682537242586 -0.71944909607799456541 -0.67736468984400122206 0.16287124734390026615 0.69453978383148273767 -0.70077631628360159688
-4.3333312544404458677 4.037626976492572517 4.2146227380644170069 -0.9999894926987283883 0.0040222403899011840989 -0.0021991076186389686697 -0.0029916609333060419779 -0.20912656901541537557 0.97788400544066600428 0.0034733927120768957712 0.97788030950314763778 0.20913640483893977673
-2.0113002631019223365 -6.1732023817024970214 -2.6170640958801896225 0.88429667590088845142 0.0041822054081938342396 0.46690673388672010446 0.39825376032051856834 -0.52876344017823440069 -0.74953530051726369177 0.24374850026486838406 0.84875893720708928125 -0.46924933151768410955
-6.9719731012245036439 7.3918964071946859917 5.0275514664536231635 -0.87257112914834045192 -0.00014014389340331868082 0.48848705708190026664 0.261546145931107199 0.84445136588163338676 0.46743502672477926785 -0.41256907073282783616 0.53563221618975143112 -0.73680722774307183531
4.0138874046106414184 3.3861974051196548352 -3.0711505786331128043 0.9073446360450059256 0.00088309551489099699997 0.42038664534303610276 -0.0094965858056266921894 -0.999699548511114644 0.022597069826620685973 0.42028029492056001581 -0.024495567946561117023 -0.90706363660577726815
-1.1191316225756520186 -4.8259624283882658347 -4.2268241795711478659 0.8714964434634977497 -0.008217217927014739895 -0.49033297498745676002 -0.44685746872603110402 -0.42519766915285195363 -0.78709932333266596771 -0.20202067140339421969 0.90506321297275937887 -0.37423018163851418105
4.9882156919892235436 4.3662235134852611651 -2.6636782780077683519 -0.95710676022878005131 0.0099984789200384879826 0.28956291189218497095 -0.28744271414669508857 -0.15824743724152323665 -0.9446345508662956636 0.036377680083169827707 -0.98734886389034837162 0.15433368189085211464
-4.6796969529983734049 7.4778725556158605059 6.1534699967019239608 0.84712161033702892965 -0.0047483974809052025001 0.53137785992768626908 -0.48204615933641292713 -0.42770793286048119919 0.76465510162233141234 0.22364363967923303611 -0.90390451757332190841 -0.36460957960743295425
5.0283688582563579317 6.6076654247626454008 -6.6124355342059182306 0.92117271049040383435 0.0069270367893024759401 0.38909234586279589641 0.31150463251070820148 0.58615758333205481012 -0.74791988302672696154 -0.2332502976891283053 0.81016745408811541296 0.53779456576312023586
2.9774429291718988999 3.9213354257054175989 -5.371193756951274878 -0.99024740883090678345 0.0061659111477313129079 0.13918351498428410684 -0.13795604576031839095 0.096054225343565974304 -0.98576960555292014732 -0.019447332512365758661 -0.99535700496516821278 -0.094266823033192337356
0.082850193223748092031 5.5375799598351278519 2.6481737275965424594 -0.95879902512190695596 0.0083610747050970046779 0.28396218384711463534 -0.21016275815902094037 -0.69342498927089213367 -0.68919764896404156485 0.19114404125787884392 -0.72048030971321386229 0.6666123902293258352
5.2825625863640874869 -2.331441132486168577 4.0333797135901745534 -0.59104682726556134753 0.0013527525416499736055 0.80663611253151590308 0.78883377187881997816 -0.20796893192088627966 0.57835128053716466923 0.1685376169366696042 0.97813449658832352096 0.12185228049180603371
-5.4953652030831685593 6.850380377529669218 -2.4120892820406694135 0.61688005862200012697 0.0073450708195313815438 0.78702289878319808825 -0.40579638155665076482 0.85976816516778564736 0.31004515619431283202 -0.67437993000245655129 -0.5106317186571196487 0.533354439290898652
4.5918956022986012755 -6.8392938724987324406 -4.2149306917658710958 0.85650955930561900598 0.017828703389799784029 0.51582314038206267259 0.35217238294773817175 -0.75079463763580478464 -0.55882199740713656144 0.37731417612784756699 0.66029504725746623883 -0.64934156116819519156
-2.9949605805058143737 1.6716128481756027391 -4.9291192929234783904 -0.92383883348239503874 0.0065829971820606739824 -0.38272506306493137007 -0.37817561203225258382 0.1389459786318740786 0.91524708220572781325 0.05920317739754319547 0.99027808173769904521 -0.12587416182797844799
-6.5935017105305613327 -3.4451549936207590541 -1.1033002611681899108 0.56181463582561230741 0.010136739554240740621 -0.82720104054782694902 -0.65239905656577967807 0.62025935496577333517 -0.43549259875395357478 0.50866470878589553628 0.78433129421728153829 0.35508398294941018181
2.2292054393693585546 1.1694473859007230576 -0.24091770663237346839 0.96584285804247638207 0.0026134903778848540476 0.25911530876531685408 -0.19096816280820147482 -0.66871957531785219953 0.7185717016279409286 0.17515345946396260191 -0.74351012047910580716 -0.64537893239786581212
2.7489959741572573826 -4.9162238132674334068 -1.124437168911499807 -0.95032896537320710184 0.0017206147788686020766 -0.31124250522297830512 -0.0026196076604215164443 -0.99999351743281383875 0.0024703740645718123142 -0.31123623701036612355 0.0031630012797912703676 0.9503273121374905541
-4.9785357293815026836 -0.57585700797569061571 -1.0688268989415186105 -0.93550010819562501307 0.0079535570590259403734 0.35323687306977213929 0.31551900294907675448 -0.43114567897992372991 0.84531719624936885182 0.15901983003382516579 0.90224727454673181448 0.40082733094060768453
-2.9142923825046231912 2.7557937647122474623 3.0607097480210798679 0.94125666530050289271 0.0041069521152023707317 -0.33766702973730094994 -0.061132950232687423286 -0.98133218728072957315 -0.18234555273625224769 -0.33211240931821933708 0.19227654862500315192 -0.92343439205263055936
7.1270815870826771388 0.15520546694944475918 4.3172336731423310852 -0.97748054910192772038 0.0031718807788099039058 -0.21100169501634968849 -0.19596607431068294169 0.35730445738926858157 0.91319812880288098178 0.078288401738014740117 0.93398258222622476676 -0.34863657618105509117
-5.7476720569372607983 0.67561462686621132079 -5.1247794089181928356 -0.88487575793898565202 -0.019191095297954659238 0.46543162212395916555 -0.41898584300954622162 -0.40387373339134324812 -0.81322621135458139641 0.20358230858655385065 -0.91461342070726603382 0.34933727870464387211
-5.6014602996686209124 5.7397393723478868921 6.8154092604168647895 -0.84256968742398197225 0.010584609746369735145 -0.53848332181317559719 -0.50190242863572009924 -0.37810994529896979621 0.7778989789141627087 -0.19537214224130167173 0.92570018650887542222 0.32389641976031047221
1.0693662477824958934 0.13306669439131393884 -5.6145287365967746496 -0.94466231765973529555 -0.0028279078703863560346 0.32803217606028856057 -0.10209988947748856181 0.95283122586798041365 -0.28581159455090759947 -0.31175105158195959287 -0.30348749224325899387 -0.90039248324799125989
-1.38976354230240573 -3.1875666516008989149 -0.069642205028093207009 -0.99958854647402917148 0.0027128694699213081604 -0.028554826159134360369 0.013138173877855981869 -0.84164270477825275929 -0.53987493540717201856 -0.025497571352998238403 -0.54002796023262922276 0.84126076576893826786
-4.9807798984884747995 -3.4262630431552554278 -3.8957248663167378666 -0.9974574537524066864 -0.0074398181173381469633 -0.070875080670800783 0.046783212647942010176 -0.81858727597736902215 -0.57247375714735437846 -0.053758338590825453795 -0.57433398011465408572 0.81685403856355731644
1.0459304428457432135 -3.6053596699274161885 6.7361038707791411895 -0.8396017086384838235 -6.0998838782674001668e-05 0.54320251023938104229 0.093814041237852127675 -0.9849897909756354375 0.14489319287105145717 0.53504008870165697953 0.17261259500070763595 0.827004834042263548
-5.7738560269366114852 3.8870163158949195825 6.5155967001934813609 0.85696038830783272111 0.0067812383057781156978 0.51533766374896217144 0.15591168955572479171 -0.95647267043584183188 -0.2466811216307779886 0.49123358795092780804 0.29174311562775767648 -0.82071646538417741823
-4.791866036911646809 -5.9298993318437904776 6.5645908194583952877 -0.99242122776479546609 -0.019982522680623466399 -0.12124687818345626644 -0.035656998708248385799 -0.89740836023161307811 0.43975767580523555944 -0.11759542986456170133 0.44074815232033776047 0.88989458988189973354
-2.299027279655363909 4.1618764598767725715 6.6595445400529014179 0.76546942799708017624 0.014060922101701926398 0.6433186187818824564 -0.56348527254229019423 -0.46810229918428614138 0.68070888427166764689 0.31071031915562552506 -0.88356240751190862071 -0.35039487667809365856
6.2016712440822194807 0.41522248940551170771 -1.6338780334126754568 0.99732381944039916188 0.011486534888668553309 -0.072202899477724097332 -0.065798372760716539176 0.57153447952409897059 -0.81793576328281758503 0.031871198891529312069 0.82049765278841235716 0.57076074536520249314
1.6306573714165029099 3.3414865398694275633 -7.3796782577535413594 0.99906979985806454447 -0.0011858244748935904168 -0.04310601851077953961 0.036953292975385451657 0.53876263270132551675 0.84164676660869941482 0.022225866683053006889 -0.8424567759980193804 0.53830529574320273856
-6.4566835762594116943 -0.14600378584266604509 -5.9169676991272792677 -0.8739354689209727356 0.014915349034580662607 0.48581305923675843772 0.45180350201652974551 -0.34357632487050471237 0.823303652702952804 0.17919372680822567845 0.93900630527789197277 0.29352472965827297591
-2.9834825022487643231 -1.0655871255437239231 -0.17461499134788649457 0.99343541863112627688 -0.0044517145156608402615 -0.11430770423356652332 0.10719390214112770043 -0.3126883858429509444 0.94378781550878854123 -0.039944165444216361838 -0.94984533246041658039 -0.31015852084083722628
7.0874938198310806214 0.068147187255973212805 -4.4397118291530368595 -0.91889330771970667566 0.0026921713394722230489 0.39449694706237486974 0.014770103328391409256 -0.99904085785869500835 0.041221455294688992554 0.3942295436363544292 0.043704880075550789353 0.9179721947759253986
-3.1349594672234664117 5.4855170168008982046 4.34814806020225042 -0.968991898041140165 0.009223637533589847462 -0.24692028276606556303 0.15960757877764092383 0.78621841628165745064 -0.59698075571685582652 0.18862693955896886466 -0.61787986405952710633 -0.76331143792187305941
-6.7137201381764635144 0.81740114651252848699 -3.7161212694555145752 0.91328585076839219337 -0.0011088127375820408353 -0.40731772036169028306 0.40658584277028447795 0.062463131027083729219 0.9114747992793381659 0.024431685269156899754 -0.99804665612223320004 0.057497521323026476447
-6.002228978162475137 -3.7721946548664528898 1.5684124034444886231 0.97564093234719317937 -0.0041974968523310817944 0.21933342688465629067 0.16067372735306958975 0.69440061915876105658 -0.70142122398049600029 -0.14936105405109756372 0.71957637616310965445 0.67816009496330920125
1.1789483075961739722 5.2410144063486674426 -2.8232196606515569393 -0.89008720254888373802 -0.0029422478441901399326 -0.45578077519403942253 -0.038762096229323347862 -0.99586782142182095345 0.082126622678182839565 -0.45413904451690684239 0.090766874101956274146 0.88629515558359606153
-4.8347801806396750735 5.2344061923073095244 -3.4605288597266343764 0.97767842368918911333 -0.0081450498846837356831 0.20994894144768461164 -0.1098494412445119861 0.83198275829459655828 0.54381779132238616814 -0.17910332244513194055 -0.55474169490197555721 0.81251686248727938988
4.4078550105172773499 -1.5962996973764675968 5.6632629405243850584 0.74143016656728388813 0.0058871782251974733718 -0.67100420955196393713 -0.65926572208928535535 -0.18003188434519054595 -0.73003919641154901843 -0.12510002310983933671 0.98364315773129373799 -0.12959985519377614782
-5.4907565747200202111 1.6157239880320324321 -3.4997513728859206417 -0.99828135870341605518 -0.0046426817345725885852 0.058418955584073499476 0.035107019379947305981 -0.84556242144226023694 0.53272102327111314768 0.046923619377416979359 0.53385638232676857484 0.84427219366348693619
4.8869210791656527704 -7.4217342731711095638 -2.5126078096616506485 0.9881175969135482795 -0.0017054714829816963739 -0.15369029259134239784 0.15186380908586291638 -0.14325894658084356581 0.97796434378486218897 -0.023685399715983990188 -0.98968377050029499031 -0.14129768663614725166
1.3469993837103135803 -6.4718233291375399929 -6.7658664843821343382 -0.98139781600075348678 -0.0012871986399085632354 0.19198091016693655253 0.14479487718671507634 -0.66159487559379526189 0.73574904969596643944 0.12606653120221497644 0.74986036280607926141 0.64947414575407713677
-1.9559344480127214272 -6.643011201788974418 3.0575740294570628031 0.45974792667192010409 -0.001385067807133709937 0.88804838016179465932 -0.72996081761454723047 -0.57010194708425132593 0.37701588120159468254 0.50575591807537467748 -0.82157279136899830085 -0.26311423339253403597
-1.9292371587116834419 -3.4087776974166499322 4.6510456013142613685 0.97053968465878226457 -0.0027982603523823584325 -0.24092507184083580829 -0.18770025479917210043 -0.63572671469664387978 -0.74874572357340973827 -0.15106731893710625969 0.77190913581849041059 -0.61752323939200526315
-2.73767808437324911 1.451610225959601097 5.95301332621528001 -0.78644618050192649505 0.0016852658219792409928 0.61765651057289139292 -0.42789151307647804723 -0.72264863735236317677 -0.54285154505585286877 0.44543378656211202182 -0.691213503059386003 0.56904537163321888826
-1.3468813325776458623 -1.8447027752052933547 -7.4838328972142349471 0.84169703158607500626 -0.011481127543225781024 -0.53982801958545512111 0.47942909176134401728 -0.44401482190824459462 0.75696669933280513742 -0.24838247319826189941 -0.89594588097500960089 -0.36822157102996772027
7.0569561500618869232 -4.8667733297810880089 -6.4614221871784529583 0.99610975532254264486 -0.0075945832409329431037 0.087793380483679447912 -0.061147932738606976255 0.65781517816595680426 0.750693094211040024 -0.063453019417024705828 -0.75314109812158069879 0.65479172310528699352
-5.8536655935846440002 -4.8711797033642030286 5.5186476191053435159 0.97308053644317860087 0.005791966388455126527 0.23039254050623667047 0.0092950033953982640761 0.99788445431402317265 -0.064344531626770978816 -0.23027781592548696166 0.064753910798836300522 0.97096810376487907579
-3.9731840583187860716 -1.4882169971598184777 2.0237858190340523024 -0.86053581799075407055 0.0050919375670139899528 0.50936448455575034089 0.46226040515029609423 0.42788374554550606677 0.77667935348392458383 -0.21399398072202058252 0.90381943576675771723 -0.37056309010072713273
7.2097666964882218821 -7.2639773445015300979 -3.2043758529576735761 -0.87601352691271705542 0.011733739195889424448 -0.48214377526866092349 0.46337618885046338857 -0.25671700341942410573 -0.84816206456181353346 -0.13372661766576987574 -0.96641538663234749507 0.21945043223442850522
-4.3316912534936031776 -1.572368319154001659 -0.85752749205939049482 0.75067671704905380992 -0.0017895214252175543901 -0.66066728698603582881 0.039175823764216959055 -0.99811614458777409009 0.047216699859528421523 -0.6595071806377553747 -0.061326662442124535435 -0.74919244467684009692
2.9913916463456446948 5.899904681064525036 6.0009965830738405401 0.99063977099082467515 0.0025590138353390329273 -0.13647818719367740825 -0.03116533931954359668 0.97765663094449795079 -0.20788514520129031116 0.13289682372642655506 0.21019268164818372124 0.96858529352092337383
4.8046305605742265499 2.1158629925139553762 5.1279254013364994336 -0.79595153574527965912 0.00044731829649072817057 -0.6053601842300383451 -0.52149951279733697262 -0.5083157526376811397 0.68531259566159752339 -0.30740756480091369074 0.86117065412535243052 0.40482798022920762904
0.39838454368934939076 4.1981712334234932982 -2.1689502394189572598 0.50832265973647083879 -0.0001304923304556882685 -0.86116668338368063118 -0.32017692646728534989 -0.92834373957493465657 -0.18885083253682374838 -0.7994340556646302165 0.37172285935048637873 -0.47193993948376888881
1.0090993413130093792 3.4910841804766539198 0.70154925863491957028 0.92412634008753946624 -0.0092748109111435855789 -0.38197445652675016126 0.1757419033502699568 -0.87736406299189151348 0.44648301689677860615 -0.33927170669425704697 -0.47973563433728566574 -0.80916526753433903885
1.6894767621620345732 -4.3369291603988511241 -7.1913253880461072143 -0.8524798837306335475 0.0035237855570618018333 0.52274815233541027659 -0.52266450434134581471 -0.024861053116238967381 -0.85217588791262155468 0.0099931844957366171289 -0.99968470578138246552 0.02303530530154826797
-2.2115192639719651879 5.1404782592924824769 5.5878771624158778408 -0.98702278120079567358 -0.0047490010374364975687 0.16051005071235274757 0.15789552159780667617 0.15331374133926031766 0.97548136885127234574 -0.029240958429973259308 0.98816615187214629223 -0.15057430937712867891
5.6883336063994045517 -5.3844445461512560058 3.3922027696363943328 0.99985623778342691548 -0.0092405428310966455235 -0.014216755387977458511 0.0140459045796443565 -0.018298392052504067196 0.99973390530319816705 -0.0094982277353988144725 -0.99978986853063644968 -0.018165969652199732282
1.3006186787016091877 6.4935873901295417809 -4.2163152830689929473 0.99704581917076740005 -0.0024387759788820967052 0.076770351346508280965 0.064500792440581197762 0.56927645182846642324 -0.81961208456678980028 -0.041704702956381081713 0.82214255075703546183 0.56775200923125734853
3.6906524548163743837 0.20846072620718586466 6.6768665477350506166 0.89821609158380610882 -0.0025267714889191197382 -0.43954688970101574164 -0.409448314737866359 -0.3685239459040373089 -0.83459102490609993197 -0.15987473339575741793 0.92961482169833897782 -0.33204872067276802738
-5.6678390128818652016 5.3632852132820030278 -4.6476804255878505501 0.98690990266493594518 -0.0025027245905618884618 0.16125315622148767014 -0.16025095287487992057 -0.12758551549977917294 0.9787959789136327915 0.018123910296934039876 -0.99182441621708172796 -0.12631647268376947069
1.780720756627855339 -1.2280418056411408489 1.2047632235765721731 0.29707471091282372511 0.0062967776996656881633 -0.95483347591423117784 -0.93336370525196921122 0.21287642811168708268 -0.28899103804946607577 0.20144182747030917047 0.97705884006289123178 0.069117387106342881298
0.64628242555713033557 5.4108437306804972877 -0.79590033064796816831 -0.060836062451153055664 -0.010629823328960803092 -0.9980911683615016905 -0.22816088110733429017 -0.973320828507971747 0.024272971076587775141 -0.97172094031030165073 0.22920203238309794225 0.056787696851409850962
0.4338299837599084996 2.6692814284790649104 5.657122263667368145 -0.79807733593675833639 0.00083998162356170059939 -0.60255444591759022011 0.49390920446559788415 0.57371670812994990385 -0.65337801964613151373 0.34514672765111309438 -0.81905337630919183844 -0.4582851766622246803
-2.5658386569183884163 7.0336552953509619002 -3.2490342139425556489 -0.99491673713612926999 -0.0032851522729151058297 -0.10064737423796853155 -0.030725293044319704899 -0.94190580187974004556 0.33446885767256151478 -0.095899126866658995771 0.33586108461680447279 0.93701690982936358676
-5.5071836096966331198 5.9900145880404691567 -1.548005093010515143 -0.85614904501803779091 0.00086797411017753255125 -0.51672822579730792736 0.017101535597685384865 -0.99940317992630911537 -0.03001368743146872603 -0.5164458831231854008 -0.034533035979726740827 0.85562323439184384544
-6.7920486670628763548 7.4661980956420936906 2.11100194317611356 -0.52019264785008989538 -0.01635928809747588808 0.85389225480482422448 -0.41054837553602419042 -0.871929800681297551 -0.26681164522664507777 0.7488989521073305955 -0.48935753430055012325 0.44685519260256029161
-5.6827385814523303509 -2.2758064262690917978 -4.9940188725492786759 0.99873772862952814311 -0.010450017224348621958 0.049129894686511368929 0.012163990426684114649 -0.89868419521164066843 -0.43842759335325037773 0.048733835769349254097 0.43847179432278093891 -0.8974226979715054231
-4.5265658296184572151 -4.4006561921971574236 3.9278164530020931444 0.98979245780070956862 0.008721043786695234501 -0.14224919639838123908 0.11313710665516044096 0.55888620253643062075 0.82149023592004954963 0.086665365506790298378 -0.82919850217522828029 0.55219467437840585866
-0.77228813645282312628 2.4003913163847543366 -5.4031913748441420253 0.5881263498113663557 0.0053728202553247218082 -0.80875121604849065093 -0.18409201217686976815 0.97461787255603971047 -0.12739754136951311758 0.78753890552168692718 0.22381048969347544508 0.57418754513917458215
-6.8661269314409301145 -5.7291142094502527371 0.24371040110211975027 -0.83727900079940242861 0.0014456521660226764707 0.54677397973026864442 -0.49383033937581338746 -0.43128571429228995671 -0.75506571141816325454 0.23472424402319511105 -0.90221424436612718267 0.36182037882147810581
5.958837602226116914 -3.2085726565220973328 -6.038203694683920375 -0.3703771352567633568 0.0059060457159954811782 -0.92886268969259255801 0.69496085758720083092 -0.66173224652619921926 -0.28131804124347609131 -0.61631987157699563706 -0.74971698162135858023 0.24098602317968759179
-3.9126851135961162598 3.0668700052858919314 4.170766517601213863 0.99957630164996391642 -0.0021740704822550225433 -0.029025688576039671701 -0.024328083607709528879 -0.60987914154063749272 -0.79212093588138143829 -0.015980035286320585369 0.79249145492630612697 -0.60967362772311040064
1.7433389753571231218 6.6304831083944657522 -7.0286586166503015605 0.95775643511623342885 -0.0053097221778359571243 0.28753159451408449865 0.16770169883614263751 -0.80191630706198535616 -0.57341640774880453524 0.23362095625368481389 0.59741279139179725988 -0.76715005408380188001
6.6497855840100887903 -0.73470665080872266106 -6.0963041590332363029 0.67211045923150947168 -0.0085406920179557747896 -0.74040163909286937916 -0.37789848381466623062 -0.86385861894157245366 -0.33307810256910058699 -0.63675761991687351848 0.50366193330487096791 -0.58383592765221858922
-3.6093030204504206182 -7.4293042391778341127 5.3021498529507242736 -0.99615654057109614961 -0.0028607903774531002333 -0.087544060654307254143 0.087587113995150400747 -0.041691942256260577926 -0.99528401947032096864 -0.00080258297591646789865 -0.99912641734140383853 0.041782269340538483182
-2.3554017087926109042 0.65268072662000320427 2.8639881408954694919 0.46831840083461073743 -0.0042328918328048102671 -0.88354963531556818257 -0.61294832381752850647 0.71867438599164934487 -0.32833135587202599837 0.63637428276836505159 0.69533388350207692152 0.33397389521461373629
2.9025601936082976451 -4.5991994416948882574 1.5122536620738409319 0.75995354989512897692 0.011515581730636999247 -0.64987536757371577867 -0.2398575296397590928 0.93424237115799246833 -0.26393097091505884899 0.6041017856924346674 0.35645277851421969251 0.71274290541023233025
6.5376195808562558298 1.1392088293641193797 -5.9949110337494273537 -0.83670390024032914589 0.005326039640251862238 0.54762963453822044446 0.26867453881260616733 -0.86735712839023648701 0.41893388980180179537 0.47722172573817295271 0.49765775903973757943 0.72429012098122191876
-4.8278413400958397617 -4.4852507728703780998 -6.0953852045208236632 -0.96999171276125328855 0.0068509724970246786702 0.24304143957405976995 -0.20240677592280509334 0.53108655591025522025 -0.82278707281522001082 -0.13471293269361611644 -0.8472898761977957216 -0.51376287473690074314
-5.459210572016536922 -6.8248736347249367995 6.8372453664468304524 -0.99996991247087818611 0.0035128180238984119121 0.0069162318198666243585 -0.00655899081962862604 -0.85892193717977471934 -0.51206453252563666201 0.0041417137134687163902 -0.51209448927012668484 0.8589191348821533234
1.1441444682542061262 -4.8308230892886454555 6.3436562403252727549 0.89620251123319638609 -0.0060041611846140176961 0.44360456366872674794 0.25115937190973031123 -0.81737625822435977518 -0.51847374320501460332 0.36570483830702282813 0.57607291425608864177 -0.73102665389111787242
-7.2745892156262250694 2.8277335176831903674 -5.2545775629758608716 0.75409062868144638436 0.0086679923522300760669 -0.65671317151662678135 0.12096529056329653751 0.98097349145930712311 0.1518499507188154074 0.64553444696152806337 -0.19394812441198602815 0.73869439068088404987
4.9016016099011192608 -4.0676335298816272967 -5.7963821547256415556 0.88787518106470741941 0.010199729613286533797 -0.45997133428658254495 0.038976813232265816733 -0.99782772073755621189 0.053109770833115813038 -0.45843044279341282898 -0.065083064183428573912 -0.88634402117732080661
-3.4318311461694448461 7.3846539287754175973 -7.3080047722555319112 0.95418870191629612254 0.00045377698022678984724 0.29920513902943424167 -0.27905936306653467138 -0.3593859538010378829 0.8904872868802264918 0.10793420690423224939 -0.93318890386513664303 -0.3427953860293976307
0.30974664550427605247 4.5347757626303648593 -7.2687222661972628046 0.9938541622341234838 0.00076896554874765661591 0.11069468325946561771 0.044936836313189364167 -0.91667884280394573704 -0.39709014077119969555 0.10116612551688775046 0.39962395805001971194 -0.9110796382316224129
0.80680820677952869158 -1.1284315103668098867 -6.4120455066500614549 0.95188841402330282015 0.016364430880835119375 -0.30600760227483447817 0.067735144802385113816 0.96263864062170190206 0.26218084930187390835 0.29886518266043926584 -0.27029438208001516086 0.91521612180367695188
-4.3010537090760738721 1.4362307920155450436 2.2229122350823571352 -0.98147898637362374075 0.00091332824457168292759 0.19156765159743011084 -0.0077363378197317393334 0.99898391320502777369 -0.044399214347700624583 -0.19141355329272616292 -0.045058927961885368585 -0.98047465272009448611
3.4663811545244298529 -0.17763264360661995545 -3.8357978131264411914 0.96520334273151331406 0.0040067110971214684595 -0.26146979451961827046 -0.2098044343251836974 -0.58497240436470665514 -0.78344711721293192053 -0.15609166062751753112 0.81104329871965230581 -0.56377669434328159248
0.21424125369760685378 5.6538650048780052515 1.4908665500230875445 -0.9457068359611960906 -0.0035904275543221161882 0.32500106037734244335 -0.31569164607599869976 -0.22771051238771336522 -0.92113338184317428148 0.077313420660508863635 -0.97372225576803994596 0.21421392020056162497
2.305423920669391169 5.0706265630028912739 -5.8948445323927467498 -0.9468147452571851197 0.0063220846017418086751 -0.32171706421892076744 0.31118087564842900061 0.27247598308904830144 -0.91045225095570481155 0.081904217193237441319 -0.96214181381230012846 -0.25995159033948816996
-4.9173138790224824035 -0.30720709562851405972 3.9860462005618035874 -0.94291343332873067684 0.0021480933990461895458 0.33303099396738872207 0.21581522915437714727 0.76554860850997796806 0.60610157141638287825 -0.25364945123778909197 0.64337447392871771612 -0.72230965809942915268
5.5450464627674849183 -0.25896598396334846726 0.27082069958736709747 0.97406235715591615865 -0.012192705137574868027 -0.22595101750895030257 0.0096967739718586444531 -0.9953807873717551713 0.095514714604042136314 -0.22607188446699760798 -0.095228283995733464806 -0.96944472610918508426
-5.4817357983193435444 3.5866123968107181952 0.71723264136598463558 0.99658430397515718191 0.00043992115553004480788 -0.082580454949470194492 -0.059490019749399179749 -0.6897469959869381162 -0.72160239680666182771 -0.057277068888873870767 0.724050335264209588 -0.68736485899642074671
3.2274177977848159671 3.6643476474119380804 -2.2960785697053087695 -0.94897628817249723987 0.0069379506807516295661 -0.31527110449074829956 0.25790481942550164129 -0.55822629524143685398 -0.78858639819496945123 -0.1814637941947562505 -0.82965973033608542142 0.52795418670105576098
-4.8796972929543711572 6.5868475555776972996 -5.7307810745030929311 0.89810427965219852275 0.00061830253209092973787 0.43978212852771658703 0.065144409855472151794 0.98878008084793511667 -0.13442528624844918284 -0.43493092409598838044 0.14937727210115681054 0.88798734329089012984
0.24865589318940925501 4.5581391027677797823 -5.097577517323999885 0.99999154095500786266 0.003937071791831957962 0.0011905814383645916057 0.00015518511495567991615 0.25313755722611114285 -0.96743028329643498964 -0.0041102233559103563965 0.96742228452080925027 0.25313480494918116914
-4.7057423473944197667 6.6969257623543105851 4.8696328613420840625 0.90467856273462843308 -0.0033152916305166828595 -0.42608180783728460961 -0.274055500790215123 -0.77021935191565182866 -0.57589559159737502281 -0.3262671920605907383 0.63777045931588127736 -0.69770951018948434985
4.8118042161474727791 4.9381127724687052805 -3.5489103145014460061 0.99248674542194936787 0.0036261084159975535274 0.12229845256395227571 -0.12235169434437923042 0.026548072222161794853 0.99213167611582342431 0.00035078886919529591454 -0.99964096114500144985 0.026792270305498865762
4.8027120357146948493 -0.3062664011281378551 -0.67645510081050586049 0.98785246798974524207 -0.0055441144145970018553 -0.15529573169208923944 0.06389416502860949254 0.92546826654677039059 0.37339794226824690737 0.14165111069703670288 -0.37878456992100839607 0.91458034771581331324
-4.9367850927573826425 -2.4266733618881213275 -1.4436103321648747766 0.82834330784730281216 0.00072558452501683169678 -0.56022034760589756175 -0.23956481047994782063 -0.90349636618038497993 -0.35539135875610039506 -0.50641491479246925067 0.42859513509367702655 -0.74823134407068625507
0.3424472952869505038 -4.8099080685601434126 -0.5678959801762952786 0.99723618642714373372 -0.0039397229420309737291 0.07419209569312826269 0.032280899263034214253 -0.87643521544315627914 -0.48043652720627294528 0.066917352181404876621 0.48150367777865688002 -0.87388573409947634119
0.65088556320789370258 2.8357584008258474029 4.3133152569541888255 0.99120712618499440261 -0.0092317966143578931298 -0.13199699591817126709 0.13091378048212806706 0.21344041749453576684 0.9681450150982893188 0.019235776044219360381 -0.97691246389377717207 0.21277223223191177315
-2.8435843465087971005 4.6692224202721863691 -1.1970755186586898855 0.87168262604394319837 0.019035246403635533441 -0.48970098922467186764 0.44354664683553207682 0.39430575108747306645 0.80485361820661305288 0.208412503305963559 -0.91878214722189688324 0.33526645285816075726
5.8975863475171541594 -2.9692793003319679634 1.6937259081643329939 0.99207861119185558607 -0.0013331886533277876108 -0.12561151150927846176 0.12286421332242639104 0.21854621876544669257 0.96806091510202818551 0.026161313045972980906 -0.97582568774924638433 0.21697883036911896903
0.74586235049413984743 -2.6213300560794787764 6.5626058359500243355 0.80434376548032415766 -0.00022436949331280497261 -0.59416416636432478615 0.50809658325876982943 -0.5181290151631425811 0.68802629726409159083 -0.30800806647524942017 -0.85530244551530720809 -0.41663984168797546515
3.2397189972622983944 0.31276950690126076315 -5.6391580151014988331 0.95130381786591922122 0.00054911993640637565654 -0.30825435046557042584 0.24785931801611849057 -0.59589257945843809861 0.76385718051155471198 -0.18326703082181128313 -0.80306396520674716566 -0.56701099036967306244
5.2390567772741025721 2.1481308206140661277 -4.8337860341567866485 -0.96736100057611840164 -0.0061201828570213532427 -0.25332832041864089545 -0.14893279652041463423 0.82255076781047520296 0.54884356286194146968 0.20501638150389647763 0.56865875332764448391 -0.79661502972194375705
-1.4546058709318487878 3.7994600925241375222 -4.1186287096927287621 0.99833126488703016754 -0.0046339700360037375942 0.057560506172345531073 -0.052217369483566838939 -0.49807223918208431979 0.86556189315401832474 0.024658302320571902355 -0.8671231578489004832 -0.49748306227333666252
-2.7029009661798220066 -4.5022662391861079101 -7.0640096897950641619 0.99796704580118700267 0.0097784951449149653396 0.062977428715098468515 0.054589582798248631468 0.37880224296890308011 -0.92386624474098777426 -0.032890012842425278561 0.92542597853885422143 0.37749835138820908575
