1125 14.717824617146108679 14.977075390850430381 15.033177056927090831
7.2611279387729004142 4.1912255287376627422 2.4355552618202369608 0.97491088858594410205 0.00033230645295159733088 -0.22259525801091525898 0.21354170967805538583 -0.28369568660330846122 0.93483511681498465684 -0.062838662814255097366 -0.95891430637731522868 -0.27664897520245668172
-0.85303687730055566263 3.8865188062115132439 -5.3019642811892602197 -0.91765295139858538143 0.0016295614447133575757 0.39737942236474954605 -0.10471658775378173134 0.96365537966432823769 -0.24576970011213800094 -0.38333731495730766214 -0.26714350782584062038 -0.88413056116615951208
-0.071601350208522179797 5.6320010296637326164 -4.150165529477508386 0.78490567398537702815 -0.00068100496154515494096 0.61961489586492768389 -0.15729665198426934225 -0.96745891431397612603 0.19819438031625372099 0.59931698308996950164 -0.25302724230140555273 -0.75947111099325392836
1.0643089690931721858 1.8062437645724809254 -6.6766442331025217527 -0.9386020891379676101 -0.0062934488113029537354 -0.34494421399395625016 0.34489273759382971241 0.0080012136445984753663 -0.93860800131643296051 0.0086670537618390493945 -0.99994818519873240881 -0.0053393910531171311085
-5.750960144448439948 -2.1181464242270631182 -3.014071395833254563 -0.97179086449801588277 -0.0059768918067512350617 0.23576851452765759665 0.148539985893525045 -0.79200079163848080555 0.59217448326895572031 0.18318948733213111235 0.61049080485160389653 0.77054694141411339547
-4.1380456508997101039 -4.4588549941456081527 -0.89431651208928986119 -0.77507772207795555541 0.0061941734800466481323 -0.63183554581345680035 0.59107984976909133668 -0.34633071634776124714 -0.72847762224445811174 -0.22333637396409181108 -0.93809203553222686445 0.26477197158238940933
-2.9204089921330624868 2.1853509205183150321 0.44454605175134453976 0.94052070333196924334 -0.0023785115984884300754 -0.339728051956966981 -0.29933091183744997554 -0.47877920492417008758 -0.8253311324255196979 -0.16069166693530451129 0.8779321247197432454 -0.45101371660156386323
-6.1472715607818830819 -4.354841276355093882 4.7508853363845169326 -0.75762018819710275075 0.0079980850267189103342 -0.6526466739915641746 -0.0051038693391504581787 0.99982174948545943227 0.018177452342859820589 0.65267572419539565676 0.017102628213655247935 -0.7574443208276377959
-0.37192988629699702541 3.9158407654892384286 4.3670102358235807216 0.84860441282030640853 0.012923624380564675135 0.52887005065029901729 0.37180452470164465639 -0.72573787041292558975 -0.57884880483593825762 0.37634019975725163665 0.68784992795042432245 -0.62066942140339398382
0.099211660458744771462 -7.4786086486916945049 -2.2128210227231708274 -0.96385545106242564994 0.01104349181781200985 0.26619675194426439813 0.19233293161029160756 -0.66256026756266084288 0.72389359388349772129 0.18436570417347905582 0.74892718814039338504 0.63648829839115550477
-4.8896160945431859091 6.2130442892939550248 -5.9152373145582348712 -0.8712281133434351954 -0.0016239221034291817514 0.49087568425929456462 -0.42870529402510454409 0.48961983643803153043 -0.75926555739168810621 -0.23910948411742402597 -0.8719345036431200846 -0.42726675035825972815
5.5531213830308709944 -1.2358828086156246062 2.9133344577770361461 0.36364974435087560334 -0.0021090503571997436423 -0.93153336780821227592 0.84124165167155018352 -0.42874954792139291504 0.32937259851117145493 -0.40008917371802199536 -0.90342093016690239171 -0.15414044248619268584
-0.44151726828252912949 6.5978160562297647473 1.6646391564000344587 -0.99949923396319217961 0.0046181282544101847493 0.031304220137723590134 0.031329277597622932905 0.28339307266013141762 0.95849196279029502676 -0.0044449603170579957134 0.95899272117142086991 -0.28339584165632586421
0.53077073084424253313 -7.2342225242459496926 6.7872564913342348092 0.97989427582803079186 0.0015839877555613444179 -0.19951115052140988571 0.02136022386972010606 -0.99505415470351121776 0.097010154332775003216 -0.19837073633940169315 -0.09932129776746301264 -0.97508170466588750536
-5.7445027368439030013 -2.506607984045445825 -4.8816837946365581047 0.81308826491029362327 0.0014474955941811895252 -0.58213862457465392897 0.51994091881866444371 -0.45155575127221275755 0.72509230062865548394 -0.26181847605391139755 -0.89224173195914624479 -0.3679072945014033591
7.0459795767402866318 6.1257729282852366737 6.3805717799034979976 0.99977655163251410997 -0.000109649833931078672 -0.021138466896726656324 0.0012600069753043168386 -0.99789940378135066901 0.064770304269542292031 -0.021101165566223930442 -0.064782466066483079814 -0.99767628662903995451
-2.3588561040133462221 -0.35860540127873552496 7.3078197039035037719 -0.94787196633143955271 -0.0037076933482165326181 0.31862986120728697959 0.24850355539782723047 -0.63451251627664018162 0.73187420342771503101 0.19946106987973036273 0.7729036936762216925 0.60235800144444440196
-3.4692418793065580296 -1.8471255059827689227 3.056385304843967532 -0.99996709373376879704 0.0043077328559316986623 -0.0068742190330511321328 0.0064348509463831547739 -0.09482108568392773329 -0.99547353274870964412 -0.0049400549561960400285 -0.99548501000642886094 0.094790245857250599038
3.0112793869951719472 -4.8589242995502486266 2.3527153741553341604 0.99959901389601668598 -0.0076424457496583704172 -0.027265444080749413891 -0.023731128441005066437 0.29920900865676541835 -0.95389244817306217961 0.01544813778016330269 0.95415699031220124748 0.29890766614044084193
4.7137523197833521849 3.1890898975555921346 -5.9982420653860755166 0.96520351062720088908 0.0012970219770074235127 -0.26149665544093581016 -0.063847964632504958238 -0.96855400148766979118 -0.24047158587741260249 -0.2535855289348166175 0.24880004810320094366 -0.93476891025480313147
1.8512397311189385807 -6.1456659504169737218 -3.4528833964552392288 -0.99997835415730129682 0.0047713742626170028982 0.0045304750910168719441 0.0063475183942622373512 0.8808493533992489688 0.47335412285760797291 -0.0017321163755989795602 0.47337263398269080472 -0.88086057305857512478
-5.1451299957833214194 -6.4679466337572986134 1.0743363722271863647 -0.98331449681203930702 0.005072142518338726945 -0.18184299197173667273 0.019460169967225646181 0.99680810488505833256 -0.077426764237761999676 0.1808698486310613418 -0.079673555247313843086 -0.98027456482881913935
4.400160228691556874 -2.1829762097400267074 -3.1797911496308568502 -0.90691958084543944363 -0.0052126088120486406552 0.42127153071218037539 0.22652427003784253445 0.83705479882481081955 0.49802210678662311993 -0.35522335081330952411 0.54709422632097348682 -0.75796060488871785932
-3.1105386723993362352 4.4346684689661381995 0.85644048769881941929 -0.97496496470031024373 0.005401092190931998209 0.2222929279356301302 0.19312730374305375758 0.51604135864017219859 0.83450773556735124981 -0.11020509133415193337 0.85654663876289816038 -0.50416534338258556236
-4.3724094338504571056 -3.3132029466897319203 -4.4881898348254045672 0.97321553253421266838 -0.0014743110580663224343 -0.22988987285435644181 0.22855879084112989963 -0.10143714238027781716 0.96823105985860824507 -0.024746845522810673179 -0.9948408579027504528 -0.098383235787709036324
1.3964907681293921016 5.3980493070452695292 4.8384252257297610811 -0.29694947177762476276 -0.00072073712308539511495 0.95489292161419092597 0.4964945719965812021 0.85408128344995670744 0.15504290128331918441 -0.81566791722417875121 0.52013906005838561608 -0.25326114390617893157
7.3336027714232745467 -6.6200871751795187237 4.7455377195149175407 0.67371811920346724722 0.0081581224783929939121 -0.73894339491920435492 0.60304254639161536389 -0.58403254363217727008 0.54336513986462475767 -0.4271341511733118268 -0.81168924658156094143 -0.39839300180261022488
4.4256345072911456029 -3.4141202509105288421 -3.7026131656395242508 -0.67505746242657160838 0.0082198942716653119328 0.73771936111252234269 -0.70382921674533116541 -0.30695782754038675177 -0.64062572986675181408 0.2211828566544044028 -0.95168761967882986585 0.21299957387837617495
-5.701732368824995234 2.4360674756122451257 4.4988359496246523861 0.99972976433521165696 -0.0090642965099212349095 0.021406467042528944111 -0.0058416014228563619901 -0.98925666278237600615 -0.14607234794254858601 0.022500533222114094123 0.14590782593619669449 -0.98904228035779762074
3.7822237287945159601 -6.3772090082422829838 -2.7489025266202866682 -0.99877975229613102925 -0.00793708844129989953 0.048744323056607002931 0.027104747182031280889 0.73696932982944940438 0.67538251352161948748 -0.041283641837593483548 0.67587958211338894365 -0.73585491192144192318
-0.56955977027108173338 7.0215772823747526488 6.2753856950924911118 0.98641834167745900963 -0.021977298639801717828 -0.16277546973276019182 -0.10737058324229600825 0.66367804890781012528 -0.74027225076465585918 0.12429969049215225385 0.74769542311179604255 0.65230448503830829043
-0.21499363078517874648 7.3709509322974193779 -1.0773198024496346559 0.99947691775913494183 0.0035487851267723326959 -0.032144937253988460635 -0.032103840523570591203 -0.011086513456742361911 -0.99942304988582297831 -0.0039031129341724111158 0.99993224537645097882 -0.010966784666672529935
1.9278416368173652007 6.341134172257554269 5.2387810694711891557 -0.98324047038817563582 0.013107376375328471871 0.18184161810606544463 -0.15229547532848483615 0.48924539292600272011 -0.85874619864958268156 -0.10022108353710881823 -0.87204767196829813258 -0.47904967616049226597
1.9752270550043453667 -1.6464758562326886615 -5.5820418216691471969 0.98369514116948031379 0.0032703450011175240648 0.17981427663929064331 -0.16755198245653890599 0.37995774172659135814 0.9097023951144289633 -0.065346785801662560234 -0.92499806450913091282 0.37431053717439904949
3.4496472677444507404 4.2359842745434672651 -4.3517246025636850959 0.98134137863892501041 0.0045911946589245848649 0.19221867625883559683 -0.12517818813990311266 0.77408081583077958943 0.62058787595051811969 -0.14594354999485872892 -0.6330701473726388917 0.76021225241410739226
6.5482941037875983525 7.0080263104174536082 -2.8254366547569333967 -0.9995317189966698157 0.0049085306342790818723 -0.03020346083410559157 -0.027306328942914043223 -0.58853574461222768477 0.80800992674181781883 -0.013809674833635765534 0.80845629667941387719 0.58839417845541441832
-3.2960332404441765597 -6.7848075939984537897 4.8382842920133297682 0.97308667600438647494 -0.002086973081136200836 -0.23042995796136941933 -0.20955647784123315747 0.4079400340754942289 -0.88863435179669281183 0.095856160873967463654 0.91300633795267016612 0.39652367303947100297
6.7038239099094392159 7.0850675889459857615 7.372033308301389809 0.81640136380647310155 -0.0010498092361103392514 0.5774839487599867649 -0.49305518064919778842 -0.52187150300482343379 0.69609390400041171176 0.3006416504909535381 -0.85302346524116290372 -0.42657422066747019418
-3.893166718593684017 4.5583873921392212836 -3.8399433356357137725 -0.99995818030608907279 0.0063923398104884718296 -0.0065403081475245783763 -0.0048420797933531878332 -0.97674787079578107019 -0.21433653715435993514 -0.0077583440367512308822 -0.2142959049719605491 0.97673797571810494489
0.54343190312060640768 3.4981026099657084316 2.9145074161623991671 -0.79639994547173920125 0.00064765189319280960095 0.60476996238220837032 0.49996764223938139349 -0.56192778780523156001 0.65899128826243724699 0.34026384404788290183 0.82718603822800507164 0.44719545457716702863
-7.1412115133263220912 -2.0063069101041124398 4.4690697327276964756 0.97931110203718807483 0.0050580369089728016707 0.20229726070665257631 0.009074793191822591934 -0.99977956774206622192 -0.018933146962043796713 0.2021569033085770517 0.020377246820619806383 -0.97914113091860555116
0.26944773176525049774 6.3553947322581096913 -1.7396208855246919622 0.77878286938544061258 -0.011307282398519878652 0.62719166744824028648 -0.3648355649027795744 -0.82150541776665841898 0.438205270577722239 0.51028644204390416483 -0.57008858429618491925 -0.64389964522545894976
-7.2491035950763942353 -5.7413026116291963064 -0.63109114463063931133 -0.87230547676463365825 -0.0076747015211932247819 0.48890106786854975462 -0.30435512605386949581 0.79108365644834033326 -0.53061719322402922661 -0.38268931583093229731 -0.61165982985387234994 -0.69240244084787361256
-2.3177618094034793117 5.7302177090777011159 -1.4205901358791210853 -0.9955220987115179776 -0.0094947185486187191117 -0.094051056861659099173 -0.0089855825180780307671 0.99994260193136752513 -0.0058354219705615394814 0.094101064201870296411 -0.0049641879946384281572 -0.99555027324266720523
-3.3514389619533657694 -3.5010834434369106916 -0.16951086659933944922 0.63304675978028246419 0.0049588613490262889449 0.77409767447385713357 -0.55287389328017333412 -0.69702845878531949353 0.45659805712737688843 0.5418323154453942303 -0.71702631565192798124 -0.4385099823284739351
0.98715064632282434332 -1.9071254489108881991 6.0597622652610212413 -0.9974263849537688964 -0.0032555987849866184144 0.071624071894274360384 -0.063821887175870201103 0.49551561344808170428 -0.86625114346043008418 -0.032670679752273619478 -0.86859292991926995153 -0.49444812546799926656
3.4589773827587588784 -1.7833069349331491793 0.33055406568103001819 -0.94098045456175460899 0.0060480360170648882548 0.33840686369087319418 -0.18167531969304440143 0.83456897898321447116 -0.52008527909692958691 -0.28556936521130393825 -0.55087025748286233551 -0.78421431832984156429
7.1637765626750491421 2.4764316584521584019 1.221767695354005312 -0.8771852001537038257 0.003658414277785990848 -0.48013825158625317302 0.4107847358150265582 0.52345570699921883939 -0.74649181082666316023 0.24860013164251823503 -0.85204503332564995866 -0.46067041985828627304
0.12130907965281768901 0.50152527328696938635 4.2757484703384172064 0.37030704867901753641 -0.0019453052775429864607 -0.92890737185466065728 -0.34855945876655103355 -0.92721861309233255533 -0.13701075592650549528 -0.86103367727575885748 0.37451549944230350109 -0.34403364264913477433
5.7163573122723523312 1.7284430218341411134 4.3970471117113776316 0.95576896196403071659 0.0074305177330762205851 -0.29402462269758739 -0.20250969733302640052 -0.70835002193166263229 -0.67618789468280215971 -0.21329677407856556526 0.70582223954455458603 -0.67551421327156369045
-1.18860814486122357 -0.76847597171398485116 -7.0954218793455705594 -0.97960121224596974354 0.015521569854567818236 0.20035105648648662835 0.11741977311605693302 0.85331184940021176377 0.5080073666341852201 -0.16307685871190527593 0.52116980778098609406 -0.83772786130714071984
7.0110638466745944797 -6.0125181025347211872 -4.1753018136450315012 -0.61199274102508327555 0.0081588349766478253378 0.79082129355791830339 -0.70734295801167224038 -0.45290423046535527307 -0.54271880175462905438 0.35373835625213811973 -0.89152184013544510943 0.28294519589060784792
-3.7312403098637951793 -2.8034749268864467275 -6.1893214454393454815 -0.38310149553958028346 -0.0017147076085628600375 0.92370466269972117956 -0.79490392960674893796 0.50996152783200776604 -0.3287354298323775792 -0.47049015591316795115 -0.86019550098166652763 -0.19673005179626751326
-0.72855748767310013481 -2.2939708266070653053 3.8793550337716218301 -0.70974078100500026522 0.0052814606733986588574 0.70444313464708241401 0.66763122703157418147 -0.3140613735288720898 0.6750066654113121567 0.2248033995978806765 0.94938799225096681678 0.21937609646211689296
-5.7690649834811571495 -0.4017755369286553635 -0.53823643600409032395 -0.97695779750353350934 -0.0049960670522671158517 -0.21337408748731612196 -0.053289555288154794033 -0.96235357103827057212 0.26652547271723481259 -0.20667289419323561783 0.27175474903665730597 0.93991258698976287711
4.8797640445109067286 -3.855652294383731693 5.724980983609453844 -0.9611139868905373973 -0.0014265263677271122246 0.27614827398661201396 -0.26380091985688697287 0.30045942976270806346 -0.91658780580436205465 -0.081663816258702878748 -0.95379352906653624977 -0.28915207940615883508
-6.4425533260645551081 5.9096457136388975684 5.060258202767433211 0.99722786216369674328 0.0040678568494095148494 0.074296994993264878215 -0.069575081096676705261 -0.3030222517128361992 0.95044033113981829519 0.026379897929355335118 -0.9529747989886951931 -0.3018992107934458935
-3.8983879666285248256 -5.7309586086930055515 -4.8739440095132842146 -0.92823251530208295002 0.0080416194772405490132 0.37191360541424517416 -0.3719616045045573971 -0.0056002737342820624669 -0.92823122211473785281 -0.0053816642793092367425 -0.99995198349231328994 0.0081895298583243309604
4.2334446287279225984 3.6449757409055534296 4.3056077531350940291 0.91464974804781040696 9.5462678979499511478e-05 -0.40424723781730287353 -0.39335277341420810115 0.23080452183095059859 -0.88994542998420134161 0.093217133851072803141 0.97300013545191421649 0.21114284825056298112
-6.2643456834166242331 -1.9545727114716591188 0.96364854245531883503 0.99976160575869410518 0.0042973127219000008953 0.021407119237754481528 0.011556783597073624209 0.72769187506915156138 -0.68580680640474067644 -0.018524913051843183015 0.68589071145599112 0.72746873440356629725
0.85123997041865173685 0.88009014921700268186 7.5157496195721034127 0.90027716508446853361 0.0018318963157338019089 -0.4353133011789036555 -0.15830205771419189609 0.9329060192350447922 -0.32346068972650199314 0.4055138524770944275 0.36011526409027749818 0.8401639792435231513
-5.7237027130087430038 0.33180698818581511045 -4.0076631157432434094 -0.9712649732366299693 0.0082909266379739172959 0.23785628496855285019 -0.20968311857322444181 -0.50260319057969793377 -0.83870317908332403523 0.11259370119583329839 -0.8644774683903713175 0.48989934180035210609
-4.5509298462137586228 -0.99775958296543065806 2.5379086461711213296 0.90837029754180598218 -0.013431008704172528803 -0.41795096668034076304 0.064761198631765354294 -0.98290681690399750448 0.17233739128692310283 -0.41312151928412832458 -0.18361317297237153556 -0.89197354950437923726
-2.720092352172936323 2.9678657865531810067 -6.108780930111488594 -0.99700364527163432005 -0.0043730420105334549125 0.077230873481665449076 0.066963504714003391216 -0.54860703602280558311 0.83339438986754177385 0.038724931912025230274 0.83606889460718825102 0.54725604895568458197
1.651168593485157432 7.4497432673979719908 -5.6717818355438458511 0.99816593895216820798 0.0090164057742912126492 -0.059862030893207213156 -0.05461701155840327504 -0.29236884161166981633 -0.95474470017020462986 -0.026110158256438920077 0.95626312533819002315 -0.29134017016922642007
6.0121452702941171609 1.9933011956161637013 -2.8442391484291849046 0.99854342560400721762 -0.0056111104511759983537 0.05366136992866214761 0.04430126811547070026 -0.48242954025584827704 -0.87481377237225288468 0.030796506725161012369 0.87591680776674318842 -0.48147826643100399835
-1.568783265528669979 -3.3157520396536401819 3.9942571490675828905 0.90327859466447224523 0.0031070303662295555708 -0.42904326912720441856 -0.39438568187098821394 0.39980000329403486692 -0.82741760393476415647 0.16896068878935130431 0.91659713272971377052 0.36235615341186028227
6.3662946832264504238 2.1822754919882685343 -1.8084598611252249434 0.99910585196581225276 0.0086679778458495504445 0.041380704777137282402 -0.011190046551799165755 0.99806826150984540025 0.061110786486260275374 -0.040771061133536089238 -0.061519196409449340701 0.99727283581130965473
1.2251469879985454892 -6.3954629701461254143 -5.4716675741987108594 0.48530547526447403994 -0.004974228573067436196 0.87433051686903362487 -0.14918151698968426522 -0.9857918701190774291 0.077196268017256694516 0.86152392344427797255 -0.16789772439572558937 -0.47915225500426528171
-0.00065935146938570204228 -6.8548802093269838309 -5.4007533462781598388 0.78635245973775413919 -0.011170050304125163365 0.61767713171243698866 0.23598146160413438488 -0.91858672182330169953 -0.31703498902981508412 0.57093130834055771938 0.39506159578744365346 -0.71969700339122777422
-3.523639083852314613 -0.025424970677672555086 -6.2450726721851754775 -0.96770693937961949072 0.0032309431595269623959 0.25205721668451391837 -0.15455966741181867419 -0.79751250634654047289 -0.58316816736722953962 0.19913459941957559196 -0.60329376196603334837 0.77225776013372937623
6.0016295710043792155 -5.2648600988411358159 -6.2362969632232045925 0.46876017587631263472 -0.007153956740366803832 -0.88329650651145186213 0.61467047548829301107 -0.71551254480556736315 0.33199699515041458664 -0.63438482333312085082 -0.69856325349168557626 -0.3310064603536070349
3.9640180232682076245 -5.7545132807183900781 -6.1294058593445690519 0.97581268260539288928 -0.004056694701393900003 -0.21857070182084989418 -0.020152236073244546299 -0.99723978747755359642 -0.071461133862540812678 -0.21767750422958037637 0.074137369118217444353 -0.97320098368869034644
2.6923720642119843838 -6.1889274001275484949 -0.90595189004070941774 0.97586145302858851025 0.0042348679686834370811 -0.21834946848164304978 0.19456558491857930959 0.43724220050322715192 0.87804526720689535235 0.09919000785475069748 -0.89933382233310532605 0.42586384954514322487
1.2921255685755603793 -6.1911399447984489797 6.488846136262649722 0.99645306956601387149 -0.0083688029785891817486 -0.083733167199373528811 -0.043184449709239063064 -0.90488007959351002274 -0.42347035888985290475 -0.072224534999145453829 0.42558430973385763529 -0.90203193505144652065
-4.5377055485870725349 2.4965491653571079134 -4.4773756545124587802 -0.996457195934309925 0.0049833787386775402553 0.083953693230720924379 -0.0017450620563164067484 0.99680285960511116894 -0.079881248370012439275 -0.084083360001491233571 -0.079744749163077333076 -0.99326268607636059027
1.988952472698258811 -1.8476751909884525649 -4.5524213657052525761 0.99460860728857292123 0.006310874809954188959 0.10350792803773004036 0.08467308572231480035 -0.62567206006914866112 -0.77547723487103614737 0.059868078821657649824 0.78006066822266006966 -0.62283317752843914139
4.0577707788882593221 -4.8416529762622166899 -6.692011509424978577 0.99685232315533367498 -0.015008643683448428391 -0.077847199273247097429 0.044826580812280664157 -0.70318988193996501135 0.70958760388683428388 -0.065391310375201933125 -0.71084367518613789105 -0.70030368125220610054
6.6262805726322211441 0.13287995726107207362 6.6866613537826635749 0.99996510498914092935 0.003268684830157844376 0.0076879453456796774391 0.0073086290470647016088 0.10344286443198248693 -0.99460854497615358571 -0.0040463249510175455445 0.99463002644074449687 0.10341536518720796656
-5.6972385869331931829 1.0793897200870334885 0.81359381760772819803 -0.81485712854704761554 -0.0069256064397772362784 -0.57962047585593712284 0.51214588201645505627 -0.47695178083289180293 -0.71429937301798962501 -0.27150406182899206042 -0.87890217586244756554 0.39219447940350676829
-5.6118728982791763471 -3.9455820684856015568 3.9853191987226259663 -0.77919553935698182556 0.0024632674817254684302 -0.6267760714636586572 0.5816060687348612035 -0.3699209608409997907 -0.72449490235697688867 -0.23364223132170619524 -0.92905996310447769293 0.28680811128572375468
1.0276260104234291592 -1.0375033281413268416 -3.5285239970119817166 0.89951739539280761715 -0.0018559386790990978211 -0.43688100310881783361 0.0057899870712575518539 -0.99985251145491038649 0.016168840001824218156 -0.43684657654079445122 -0.017073688204602907592 -0.8993739810199214979
4.2791554559038074146 7.1866146154910968136 -5.5581675933034713211 -0.98192944091018796726 -0.0063467462525898226539 0.18914093128146666767 -0.12338057308116769095 0.77930139125002528822 -0.61438308552725418021 -0.14349845734423968824 -0.62661715617099855713 -0.76600204460042187193
0.51876607680771658071 2.0747680026117829577 0.84773938537567128382 -0.014358261085604921356 0.0039153198189781929922 0.99988924917176857932 -0.8991810023129717111 -0.43743354062959932671 -0.01119922370657335485 0.43734124596015810926 -0.89924221865022946343 0.0098013661831416881709
1.2572180657767193512 1.2843513022087282849 -1.7974385474397596152 -0.99871496848129215351 0.0072175664124216462256 -0.050162919237050490606 -0.032957630392416538412 -0.84441763183685802918 0.53467060667461041579 -0.038499432855707317602 0.5356367890446058766 0.84357040245124692568
5.0167068088503921075 3.3250632708900917933 -1.2015593534608506321 0.89841532500286358509 -0.0017172336820216070261 -0.43914343318372223157 0.12839553718000668026 0.95732359851437898168 0.25893264328732445989 0.4199577238629841891 -0.2890131118755580597 0.86029467703340356532
0.87943774650466843834 -2.1066585078861126412 4.7449858856304052424 0.98660074393278573979 -0.0087211521922668060192 -0.16291996064284472445 -0.017392156146457397187 -0.99850227001213076594 -0.051872243881367220697 -0.16222356479871355428 0.054010723797704281168 -0.98527476205312103374
3.776998106758949536 6.3649946888465089856 4.1522984557394595484 -0.98859120932309274554 -0.012964916680901640567 0.15006442544621398372 -0.10259626539931400446 0.78739274219868826687 -0.60785415673415876814 -0.11027886096239764013 -0.61631532551801671005 -0.77973969525514419399
6.5982879612513851697 -3.9013433929610292772 4.7562814714298724539 0.95911219872614961179 -0.010652475855683674749 0.28282559115621602741 -0.21665330293082685209 0.615360159682442176 0.75788734004778146591 -0.18211297752732005795 -0.78817409157731177505 0.58789154168304558201
0.20194899718425754487 -5.0309380940831207596 -0.94073088403657001422 0.99893045025043980534 0.0092052468518684441023 -0.045312459577355169993 0.042365207654140091265 -0.57482047540995651058 0.81718211570598486837 -0.01852416645829872005 -0.81822777053814377268 -0.57459565850889826599
-0.35259291956473376439 -4.2795572578292091492 -4.2926381611503412472 0.76539389725344053605 -0.011679097997846945092 0.64345612182743661123 0.30534585604448866158 0.88672124621458126015 -0.34711574396479655258 -0.5665122154407952193 0.4621569324176199034 0.68225719459355971264
-3.6209946734390086043 5.5107684390804285712 -4.6789809490341705001 0.85493946114879415532 -0.004519970196798755134 0.51870809482784285827 -0.44175234185094541806 0.51781639844051863264 0.73261248008440738033 -0.27190694408147186856 -0.85547983458149623459 0.44070496523723068361
4.7620412330162036341 -4.0272899878700334497 2.9686397609518810903 0.99777443211816763124 0.00056919871140683983048 0.066677272169120768708 -0.058681587767107044884 -0.46736482304852727809 0.8821148414090258516 0.031664710139724994153 -0.88406436314880554317 -0.46629126942514143028
6.766324064090408541 6.287412492624294913 -1.3262505064489114037 -0.88598508289382404968 -0.0036679896338142137582 -0.46369923306110577554 -0.32915912302580369042 -0.69937376627452052524 0.63445299808247446194 -0.32662624606462675736 0.71474672500048208601 0.61842737203538900026
1.6519374628318095333 3.0385760569806592457 0.71213659549882879496 -0.95865013798452014537 0.0022479236034536748123 -0.28457838951997899146 -0.020989294577438664946 0.99668691213226212611 0.078578932910519760924 0.28381219574823657315 0.081302804525345398479 -0.95542686351229677566
1.5207707544389652554 6.6208289714128598646 -3.2785579393412040972 -0.87365467122538409406 -0.0025929127164814134293 0.48653961015500685194 0.2179673775479884501 -0.89611227655514347212 0.38661739502018610537 0.43499165253025617872 0.44381985603504403581 0.78345784673969665057
4.8596815115753431158 4.8021509066655791997 -2.1226999437049189901 -0.94868196425834561136 0.0085824483820147595692 0.31611528319698589673 -0.31329962419148188468 -0.1613195155894784627 -0.93585221021875319991 0.042963661068386685415 -0.98686491247269991778 0.155729792775366499
2.231066913987802991 -6.5781565029804687228 2.7369294823449648035 -0.99065790176176948822 0.0035870472607449311805 0.13632334638264420601 0.11387969732501559972 0.57170527601687803898 0.81251737945205881886 -0.075022238131022128682 0.82045122369728895606 -0.56677284102139335875
-2.7655161304519011445 -3.778411898805156266 -5.6120844832023770721 0.89406710919102416746 0.006499875734428597375 0.44788587372036359202 0.42502492139077951983 -0.32797957013184458885 -0.84367245882083097275 0.1414136501880512431 0.94466245463207210165 -0.29599835531459228744
6.0284599275516086436 -4.3204409083780177525 7.3596746600825291296 -0.97751567841820496962 0.00074230084479305624701 0.21086144132093015413 -0.16408243370896263835 -0.63075474396912312169 -0.75843615941518527368 0.13243886663148302096 -0.77598189537499506763 0.61669444999570544041
5.7912776454151773109 3.3319456734874317583 5.4914981812245482473 0.84477290389391279657 0.0069898692078078708545 0.53507932362875876287 -0.26304733506226318784 0.87619220231626804285 0.40384814487237008507 -0.46600948527167918023 -0.48191116020351509874 0.74202209758753523428
-5.8456472956311316125 -6.1835150597194159516 2.1343838973915256751 0.91267640152491458228 -0.0025196798090860303074 0.40867522228917807503 -0.15746792637038434237 -0.92493951749832958864 0.3459634968238847752 0.37712814568004565663 -0.3801059591530318027 -0.8445672392132073103
-4.4318428559702134351 0.27909094471882567312 0.26905759398982564967 -0.57082507375207014455 -0.0053491638986526354738 0.82105427446760037569 -0.69614683167325230873 -0.52706955296320401327 -0.48741899336248273311 0.43535999348498649608 -0.84980531463671804548 0.29714071294253829869
5.4027457076218405874 4.2364429788504400776 6.1293477866795047504 0.99895496678992035111 0.0068392259547959150662 -0.045190699420061528069 -0.0066572544708405701278 0.99996912042585306413 0.0041760217475346576854 0.045217864706823082677 -0.0038708116804169190317 0.99896964995352821592
2.9947896642238478471 -3.0175010005446250005 3.7285209970691992609 -0.17419992949170529095 0.00055875810139212507555 -0.98471014636512221863 -0.49487215875155027289 0.8644947921414980474 0.088035793020509414686 0.85132598401422310275 0.5026414648132602192 -0.15031841800909478968
5.1512320889687295278 -2.9690275107544423783 4.7935864468417541673 0.76343404708485085308 0.0063082503148073777038 -0.64585498506206917568 -0.5504187163587119791 0.52955843221321052816 -0.64545108533022887976 0.33794628631441647748 0.84825000610072709417 0.40775511611326625827
-2.2550546260988539871 -7.2409633776031485652 7.2201493857305782953 0.35008192300271634423 -0.00012161293387717014847 -0.93671907869810011604 -0.54517069626622005618 -0.8132150868607315175 -0.20364217253491989634 -0.7617293214255987932 0.5819632357051365279 -0.28475820123085737734
-7.3547597614445070491 -4.3725103792867665575 -1.8227893552539511379 0.98956021335704791309 0.013145987717824089702 0.14351922222299778875 0.015405738149538925064 0.98047664327977956944 -0.19603115878548871276 -0.14329426845703244209 0.19619565486933118748 0.97003815267110538034
-3.2945044666415395085 7.1982182406360033511 4.0595825223963180051 0.99321270885288548413 -0.0068652159666924856413 -0.11610936130550709999 -0.11555263624741940465 -0.17213462862492578953 -0.97827258874221023621 -0.013270389192202136641 0.98504951065305790259 -0.17175959458740461261
0.51225167533885107574 -0.97733705017257765935 -6.479187148911548455 -0.90109705626421976454 -0.0036579159930158959384 0.43360202356844879112 -0.43361654046747427627 0.0096525050588872705198 -0.90104579516202154554 -0.00088939590141054718914 -0.99994672297909426018 -0.010283976772293756952
4.6375617767411574377 -1.9295151359421416348 -6.8800385585725134518 -0.84140277582294698 -0.0083540773552504901667 0.54034394438072952394 0.030632900989572674905 -0.99901012989073101345 0.032255011278664799668 0.53953961320222365572 0.04369175857260585577 0.84082580598987133325
-4.8932274493015892602 -6.147767992770107881 3.5836350193160231292 0.95749757376795674446 0.0026470608670015249517 -0.28842917553065977598 0.054161501946908177652 -0.98382105879051651165 0.17077077029483880843 -0.28331065623340512261 -0.17913435557984644375 -0.94214964560605074517
-4.0052513157916003195 -5.4348433720864957053 -6.929092456594815097 -0.88213339247179634039 0.0029625880125661238629 0.47099034062115718857 0.45666987016263771437 0.25016623977294927261 0.85373853266876997825 -0.11529660693983043163 0.96819836580636120527 -0.22203291845581699104
-5.6805957267799893629 4.6879069435411819811 3.6869948050848835308 0.50644541027196854355 0.010773996727947338786 -0.86220471316790447958 -0.7481161238577366257 0.50269611440605554975 -0.43314995300163572356 0.42876020295573824548 0.8643960536443080489 0.26264834057304142778
6.5215284192845146549 -5.3103619881924091217 -4.7754682454169570249 0.7976016258902713929 -0.0076302108089343796682 -0.6031363247727984378 0.30499063069648257862 0.86778068446624234689 0.39234856805477641428 0.52039635045291610105 -0.49688878388459789548 0.69447042765335764702
-5.6515318921033816935 -3.9016340030867562305 6.7523258252723765693 0.95083390937003442467 0.0057829556836781967344 -0.30964727387071999676 0.011951128299237515074 0.9983958018575981308 0.05534431646951602779 0.30947059201866727873 -0.056323887087685695074 0.94923947053369628346
-2.010567896394500842 3.9925714792430171407 -5.9449146557100984722 0.95425114561541857228 0.0034416962226900488578 -0.29898646427352021382 -0.094597453080637772249 0.95204708902030255047 -0.29095989785285208962 0.28364779738674467113 0.30593217388001703316 0.90881760107441045271
-2.6803077903661103321 -5.1782562032736043633 -6.1260113727341831691 0.94726837663157215097 0.0073415110024371392494 -0.32035718323433287624 0.0079919700803793847221 -0.99996780760647696606 0.00071565700570495145369 -0.3203416161660864736 -0.0032382042734459774019 -0.94729655493158171353
-3.6849248150632694099 -0.56840745471389797494 0.77908718714443969677 -0.98264531105546004675 -0.0017043144848376910044 0.18548662478152450062 0.15086596586030959211 -0.58913799364132513059 0.79382358543525521899 0.10792429293607801177 0.80803064283496572884 0.57917081006707393787
6.3692052141311332747 -0.11387761103577252741 -4.921361170298469645 0.62593238701983677785 0.0042866839110449281997 -0.77986554688659526224 0.47453186075085579398 0.79147153833617278629 0.3852172336956191101 0.6188926886076340228 -0.61119099170787882791 0.49337350115635469905
-0.78856403299854582745 4.7623468712027943184 1.421436849460426366 -0.93139904080235891293 -0.017721221451486607323 0.36356812993290532621 0.035956706872229141081 -0.99840834066263206559 0.043449977285518588677 0.36221946665459292536 0.05354197984274065153 0.93055376758730090625
-3.5793873273303424831 5.8398275926963281179 -7.2527880238151745118 -0.99444164398718504216 0.00053363350946891187354 0.10528785276143613758 0.097787046125041993117 -0.36602815164935681436 0.92545182792526969884 0.039032170244222834377 0.93060362530751039589 0.36394145442722120043
0.50830089626834640271 -2.66166636364938336 -5.5805058593251306576 -0.98813087422660006442 0.0011062088075589149392 -0.15361038930435086391 0.12057350668086355694 -0.61400810124176463667 -0.78003594859220715119 -0.095180906104345319729 -0.78929894711159265253 0.60658698238726638241
-2.0929056295266690313 1.9116164542616553845 6.0916582398902985318 0.99984628781892948002 0.0036134443833934089783 0.017156449352554923454 -0.0135292903020970013 0.78139807577749265111 0.62388621196121263335 -0.011151638382800197966 -0.62402242763472937082 0.7813268527129805241
-4.9811092949980295685 3.8648297491598362363 2.2812326909021742871 0.93770106195069080623 -0.001214608296931193876 -0.3474409923183969795 -0.34169932213874082416 0.17785489958118774756 -0.92282674860713753695 0.062914955824650009575 0.98405597372383302179 0.16635969737864639284
5.6800029877583906313 5.2739836775543302849 -1.3179983902230605342 -0.93981146053055197864 -0.00051079961197763147987 0.34169307534579407282 -0.23612481407826826918 0.72378386994307220004 -0.64836870821060255121 -0.2469807499219504876 -0.69002655651363564715 -0.6803409883830017213
1.0897265624920680072 5.8568797660041873598 -4.8136499219898336577 0.81199687581429424998 -0.0085743150231930576055 0.58359879608315878841 -0.58123599003805015428 0.079188180389526782732 0.80987280234063363515 -0.053158231275332007426 -0.99682280933404643353 0.05931685459635747254
-5.7285984063938109045 6.0883909420423867331 7.309777187067126647 0.92555186820932955349 0.0025089123835727389702 -0.3786125256946467621 -0.36974023268921341057 0.22129859578595259539 -0.90239630530822112497 0.081522387017927161468 0.97520286959275703786 0.20575097461029068224
-6.9529260908178622813 -6.9664610137293196956 -6.8133314371310831348 0.87098026722973331815 0.0078167734115760154068 -0.49125581131417511704 0.37165703990339421514 -0.66445203255310802959 0.64836297019978128553 -0.32134781590466859891 -0.74729003371478941453 -0.58162976774210528585
-1.7066314835835505459 6.712778008665221563 -1.7618352423307288568 0.99854817913507010196 -0.0019640558771988527592 -0.053830069947519543216 0.0039337271638463216367 0.99932558003857796525 0.036509051907901587941 0.053722060055812759227 -0.036667800113030321607 0.99788246437045158288
-6.8504000024313160822 -0.89401793393091533169 1.3926350488372720715 0.99899653735487825568 0.0078525194990881619361 -0.044093721665333741877 -0.025087016361569486333 -0.71746069764009701153 -0.69614710295441151189 -0.037102021007783432538 0.69655472525801764849 -0.71654375634554745567
-4.1440624800804704009 -2.6883769947189368743 -2.4166183121872633066 0.94872227770950323666 0.019902670112723605533 -0.31548363428243664242 -0.045742429766001881097 -0.97886835882036027368 -0.19930972434739424592 -0.3127837430186518608 0.20352056363606810252 -0.9277638224680713197
5.810253925118464835 -3.0192669935995297692 -5.9778879474597168553 0.8998367877096145051 -0.0032098106551868548636 -0.436214915609211773 -0.38957483965826922301 -0.45584661996950837093 -0.80027201835860040102 -0.19627837320914212627 0.89005255809864292083 -0.41143801967293419652
-2.8643205105338078731 1.3173067641884124157 0.80343719603688446007 0.86666082631892737975 -0.0068416024526893309127 -0.49885088413287720366 0.43290998633248201077 -0.4866713069517268897 0.75877531768209427465 -0.24796765082944569047 -0.87355837324463903037 -0.41881715900419236309
4.9407557800725667718 -6.2484179027143387231 -1.706173934325744268 0.61613534669812530797 0.0027974945280765709486 -0.78763532714931228096 -0.73199094829129229822 -0.36717202890740829879 -0.57391110183336468964 -0.29080317427558222132 0.93014884572973388632 -0.22417992465630834364
0.6305368216036368878 -3.5317847271006503895 7.3793943289140608854 0.98437051903457584157 0.0081832685944531555894 0.17591962758811041656 0.089374424285616732577 0.8375124600718601986 -0.53905945081054651435 -0.15174614835061148166 0.54635694682100743869 0.82369120009932772497
4.7165181541038352364 -3.3307154100071931779 3.9488474256554222386 0.79914697563976133665 -0.0015093731896956936664 -0.60113378969950381769 -0.52526146305336895992 0.48456322336985879762 -0.6994990192906513915 0.29234313187925115018 0.87475493959741712491 0.38644441889233555054
-2.5788356776050447294 -0.82818376594883380548 -5.9412239920782488056 0.97381973396873500182 -0.0041337953926468230456 -0.22728404578550473469 0.06035914701496739726 0.96864714475190016874 0.24099685129831843744 0.21916181032423931452 -0.24840616075233193372 0.94353721717563854288
7.2176130751592708634 5.1300991115984269086 5.7447460842471045339 -0.95601919252378408931 -0.0031982431268363187109 0.29328667676358188832 0.18048054725569262491 -0.79463279724203117471 0.5796425533116086326 0.23120137453831410279 0.60708194569449147604 0.76026142584201261698
6.0664692287431849493 5.5576046502442135733 -3.8244510014273980225 0.95999613169598119189 -0.0093955485878043573655 -0.27985558918046754551 0.11128722675814579912 -0.90431132125951319001 0.41211186272948435727 -0.25694859464350405798 -0.42677014645895289258 -0.86708976571182294624
3.8583852859016722903 -4.218320971721608359 -0.031613938926975060362 0.79727098417224151472 -0.0045873771873153291675 -0.60360412007176977855 0.1264943086584732479 0.97903750540803635705 0.1596394465084921277 0.59021874561399978454 -0.20362838450246059652 0.78113847258407076435
