1125 14.717824617146108679 14.977075390850430381 15.033177056927090831
5.623105288637016308 5.6483006877559347458 0.51663419214412287239 0.73150950989356244847 0.0042666056110090893813 0.68181788845102131447 -0.31499513091434722112 -0.88475617001995110478 0.34348884568783238924 0.60470811507331134749 -0.46603467219542299427 -0.64586359231354784072
0.22652571269741378357 2.030035014026970952 -3.0062064718329342128 -0.92448986765107488139 -0.0040921728785979286092 0.38118465175239807374 0.32556608597760056112 -0.52865137836880482514 0.78392247308644391612 0.1983058452786804482 0.84882917849819705669 0.49006511552902887185
-0.46497331765877658594 7.04415430171452428 7.1713332156937594775 0.91207608289508856902 -0.0098480444959438990377 -0.40990271410451600831 0.29253382402365318837 0.71612271427814644387 0.63371304223359836705 0.28729980997697490697 -0.69790491767468498807 0.65603928622659202219
3.0928917166606599842 2.8048467550601436926 3.4857187422564055446 -0.93360980777227542404 0.0017304496992431605586 -0.35828722050228850593 -0.35449957372009088807 0.14063744059594540659 0.92441936507997768402 0.051988258901925328559 0.99005965267072348901 -0.13068705019955537128
-1.9084408037804814207 -1.2923413484863179868 -1.05268575054347302 -0.90875689584002461441 0.010168690445939061046 0.41720199184311340668 -0.37420048741212869059 0.4227284521636303638 -0.82539363394196652024 -0.18475632461100707782 -0.90619934532416579476 -0.38035226705029850924
-6.3844566647502682954 -7.0429458658197843235 -1.0038103199322991887 0.98393217536746946372 -0.0010622033529317821687 0.17853948022976390275 0.17833295296568671406 -0.042603250689505739457 -0.9830474662584651746 0.008650558548981765461 0.9990915046955086698 -0.041729283268069856938
7.0938154009230345309 -0.2814502475070398968 -1.1849405686501721657 0.98684277548718279949 -0.0024551586882742525153 0.16166418485411540584 -0.14870032133708924182 -0.40634949091060196258 0.90153663578969467363 0.063478743709802831763 -0.91371443210261038548 -0.40136814231395762098
-2.4412116496459597137 -4.602767702895224744 6.1610313043821403056 -0.91179442863353543647 0.011966918865353368823 0.41047254812697775428 0.24681585660452379227 -0.78290801266445642081 0.57108403640305416271 0.32819636323630307917 0.62202237625233980367 0.71089753874922934074
-0.55993626469999979722 2.9505843162312848094 0.58263103059123655392 0.79073407535398632096 0.0025590145630630398502 0.61215445233911380818 -0.53248989857862571995 0.49617954289796228906 0.68575532744658962425 -0.30198365847491071001 -0.86821616700796744315 0.39370872146810526049
-3.3245014928415801414 6.1793576407118591121 -1.286726304100126006 -0.95640184874919620395 -0.0054119848630261695177 -0.2920037912920727674 -0.062994264607307060011 -0.97247063858000748482 0.22434923607284856795 -0.28517928805529701997 0.2329625882405377546 0.9297317925857226939
-2.3926641661569698627 3.0569509756465809147 -6.057378146527577556 -0.91976414871276435115 0.0053034958611970451844 0.39243570642127478809 -0.39144541389967663081 0.059861975192185300221 -0.91825216137131593364 -0.028361923059696914767 -0.99819257503637826012 -0.052982869520424476228
5.098364629285757843 3.573025973116680909 0.61219313877724901296 0.98998094928042879026 0.0086859148684329794826 0.14093358345225526218 0.0060399174929110788224 0.99458769644203792737 -0.10372479685544423733 -0.14107175287235412808 0.10353680007088338078 0.98457040965714126557
3.2706027013729732644 5.7093626259384233634 1.2731595043450383287 -0.9565895952655099066 0.0089262640271239260953 0.29130167874615980894 -0.28319284208183503893 -0.26454711247492274095 -0.92185499915929769443 0.068834296854192164594 -0.96433145084654992019 0.25559086933004737663
-4.7928314790012107593 5.7331610084468334065 -6.9153072829176815972 0.92635860628545363404 0.0042664765754534799552 -0.37661854672686440049 -0.17213438138968553681 -0.88460205532333413547 -0.43341545710957102289 -0.33500669740265226482 0.46632713935132885652 -0.81872431978042481404
-0.46332707809505430108 -2.6134652469063768265 -2.1214110172980671365 0.99999369156480977239 0.0003910584676055095521 0.0035304254476910593673 -0.0018676479152476121309 -0.78755064032417110287 0.61624711018892441849 0.0030213774724706741331 -0.61624981622569963147 -0.78754494175249289967
-3.8778766021570292288 5.1428260119812794215 6.4502577189186274254 0.9922666823872818842 -0.00027323403358458370205 0.12412395565458683722 0.12295628395462865345 0.13902413379500466739 -0.98262609494075325856 -0.016987738526682776008 0.99028895559099738843 0.13798261185396742956
0.31695533733052494441 -2.3702004580020594737 -6.8019782054316628717 -0.5542639252446136533 0.0047717814508848478 0.83232729816715367299 -0.53673402975703710105 -0.76634670895911383148 -0.35302875657418714139 0.63616670965498378632 -0.64240948916510975941 0.42731951249322575048
-5.2747663769384747212 -4.2182827063346755025 5.6425346044402697743 -0.99143435429315163177 -0.0063419612414932517372 0.13045190935714276459 -0.014218855893433315907 -0.98764241115704198837 -0.15607783898163363201 0.12982967790299398958 -0.15659580841033515775 0.97909244074505186184
1.3024466399083467483 -6.0755673352023178424 5.5597400205613274338 -0.86799330178104372457 -0.0033640627744562501267 -0.49656450854317207844 -0.4173391593364133012 -0.53695988513855053004 0.73314535246185164041 -0.26910156845973481898 0.84360106972054771379 0.4646736284951679119
-3.78658657091809836 4.147273615268921354 -5.3364287525991702665 0.99902606540727623141 -0.010157092671742340081 0.042938957895862987779 0.0035500652961821372276 -0.95148709772904316306 -0.30766816522257822708 0.043980878494099075182 0.30752095265782658506 -0.95052435318807870779
-4.9536247001723117123 -5.0962925208047433756 -3.6333297938519235615 0.99915764807640128353 -0.001684831441651450136 -0.04100189792517811016 -0.021411096705434076726 -0.87377829211130075837 -0.48585292133823515526 -0.03500798806450716727 0.48632155779694008491 -0.87307833737506479466
-5.0785471493415030864 -6.7587366354216626974 5.0509669342967384864 -0.58618610992489439404 -0.0071044928940397697459 0.81014527753454224079 0.18913033664809345002 -0.97353297673918437471 0.12830923178299616372 0.78779157160404289506 0.22843613852027228051 0.5720151836511683241
5.0019462885574927924 -2.1483600479239037817 -0.66138472011623850033 0.99916409037902276236 8.2269122232652217019e-05 0.040879257930245695152 -0.038604483131463751544 -0.32703733023411163394 0.94422257890580840733 0.013446723738187525699 -0.94501141679090316927 -0.32676078062639185573
1.1576504173660155939 6.0438812463854310053 -4.9580055802736051618 -0.95437754144746633767 0.0060835684656326957306 -0.29854061461639197494 -0.18218034281426595533 -0.80401544510780798003 0.56601191393835381671 -0.23658789291275206246 0.59457729036922080113 0.76844259037638396048
-2.6693065799489010814 -2.682690227072359157 -2.8598563174541693499 -0.82167682620725435161 0.0032807192811995095072 0.56994423425007867401 0.5259717867604839503 -0.38083035914682877854 0.76047479713929710954 0.21954697175292448019 0.92463910496649392989 0.31119391504493271183
-0.53207531585605227775 5.6108440771308920603 3.2591759894855236723 -0.90278854682684017696 -0.0094858781817067135828 -0.42998006678600153574 0.091617228254071300664 -0.98105149466890873011 -0.17071686587726186968 -0.42021318780497823875 -0.19351481318763449901 0.88655112310100836481
-2.3917116095778356843 7.0451390033030882876 -6.4852431038937377039 0.69363811383511575492 -0.0053334118429425696195 0.72030390930046295228 -0.41000484837354167489 -0.82510309527682701436 0.38871700049635377061 0.59225179724975474116 -0.56495702215545262614 -0.5745096794412513086
-4.8420763707941185672 -5.8429465493364656226 -2.9808186680461927764 -0.97684803331895853074 -0.0074000304927169932231 0.21380635946921022761 -0.024682181863101247676 0.99662622195486338939 -0.078274923254058367816 -0.21250578744885889604 -0.081739912286851706957 -0.97373501376926197004
-7.1626151525629397909 3.4347546588127264577 6.9294639109226876528 0.93840493993084805879 -0.0091151573128809802726 0.34541725871864492614 -0.15054210128248157741 -0.9105757868471473504 0.38495299992219816909 0.31101968499594739859 -0.41324163671486419114 -0.8558610314941588193
2.3130591875123700518 -7.3655876781407574327 -3.1184304627744046101 -0.98642468058636179062 -0.01088475619954897694 -0.16385320141060202848 0.15822191523751369391 -0.33008705510653196802 -0.9305957025419435702 -0.043956513380933009971 -0.94388773598009811927 0.327328224871951734
7.1456907419746418242 5.6817209270550668165 2.1296679408415717383 0.98225114155253356873 0.00098085370711827740697 0.18756794194281883881 -0.025885315498411352875 -0.98970940728514245066 0.14073108957455593426 0.18577579325687010314 -0.14308852874107874653 -0.97211780540340153589
1.6617964552103696718 6.6257986451188566335 -1.0330282983594740731 0.99332902465115857638 -0.012860585529327870496 0.11459517496659284153 0.10881376705601845944 -0.22441301241318306614 -0.96839989878087429087 0.038170838147170753352 0.9744092596027463804 -0.22151654998137351726
2.8288107320366315811 -6.9622799777543571409 -6.3146105565825791928 0.93370337605329212227 0.0017218794127769601263 0.35804335027762523858 0.34574894547606388473 -0.26417526457023293718 -0.9003716434292137194 0.093035865390464433933 0.96447315396573962687 -0.24725667439026785543
5.0179294220917158853 -1.963475605715446326 -1.7581587524959942925 0.99916687043886998065 -0.0064208120583246798552 0.040303079163002873686 0.040765005003237764214 0.10997745746865413008 -0.99309776619213452342 0.0019440639377836100958 0.99391334230971994934 0.11014757643346549665
2.8276907815075871255 1.9107229010587933882 -4.7702153339196931014 0.89523594622685953581 -0.010981030192625283043 0.44545708834771086115 -0.14105499605257185158 0.94130188077535548175 0.30668266553131856567 -0.42267728667613868598 -0.33738729410679657583 0.84113835075060694457
3.6218872568255489064 -7.4854797293514891976 -4.2556993491551153852 -0.95334512017364614334 -0.0044127993863500121138 0.30185030899847203889 0.15848521932821138525 -0.85833373584587391303 0.48800167332016769484 0.25693484990435133675 0.51307282632230888364 0.81898764202773244314
1.7982090307535647522 -4.4403070099887429478 4.4124361997334959895 0.57947667894721688331 0.017888778398941297676 0.81479247061058668322 -0.81429759199708529049 -0.028458835345169471165 0.57974953760947589565 0.033559055766827966538 -0.99943488347070985611 -0.0019244422185141377233
-6.2579789266900496258 -7.1655027295043201008 -6.1314134469716705667 -0.98920374065269844888 0.010920136455146667309 -0.14613935164237210063 -0.11488498904678916268 -0.67688730033931998609 0.72706603684335890936 -0.09098021087231300541 0.73600566115976484571 0.67083400925297254069
-3.5327137894440889809 6.3160020508033136721 -2.8101560034079975381 -0.88410150128594566787 0.0034490279181048108352 -0.46728218415677952313 -0.40679566028512453846 -0.49777715643298908743 0.76598641848719684067 -0.22996048833905646802 0.8672981071926277874 0.44148858089740289357
1.6282249460763682514 1.070613398365347857 -2.6461734652185477934 -0.99458653320523493502 0.0053430418422769510728 0.10377417728327963109 -0.018587470663015109862 0.97342188729899525867 -0.22826374057555928743 -0.10223567822101918556 -0.2289569418713506832 -0.96805298660127880872
6.0777533380989430256 -2.1792536568894682603 -4.8704509774168442959 0.19972977008406983535 -0.0032116430361182925213 -0.97984575535706819327 0.87697093564473238558 -0.44546907514051664601 0.1802200907992586032 -0.43706978501885346278 -0.89529156616284599757 -0.086156918359057671486
3.4496407389723851011 6.3126602544422762975 -1.6241721809480307304 0.99887910891005959879 -0.006461207029397105471 -0.046891135481421541975 -0.043630342892013743161 0.25847264395002789161 -0.96503278986188856248 0.018355352411118994876 0.96599696952594871213 0.25790101958826849859
2.4355972564392622814 -3.9677612710675322916 -4.106836969729508624 -0.52974982631681710732 0.0031620116531248972092 -0.84814805499961976043 0.020212875513320651549 0.99975610597771524812 -0.0088976527042254095756 0.84791306227756291225 -0.021857041027283696799 -0.52968453684880212329
0.43468403778926839598 5.2303265858873198013 -2.9367041052063158624 -0.99718944572824586015 -0.0086006691525491747036 -0.074426056045019020613 0.038917493999202010246 -0.9083176238837006311 -0.41646671271922897084 -0.064020605972685662444 -0.41819268601023046328 0.90609946439581834365
-0.46047645335059639304 -4.6571206646826688313 -0.21935343694666042946 0.87704929104662732176 -0.0084116290073918808384 -0.48032674875760672517 -0.4785916483959328227 -0.10198052146530635353 -0.87209518249285467029 -0.041648231177770771161 0.99475083198714753241 -0.093467679443991688593
-5.8328782139689767661 -0.17884823395810042768 -0.32297343283226537247 -0.078136049834515455825 0.0019320468452481104164 -0.99694083320494020217 -0.76936670912124116573 -0.63607071158506056641 0.059067053080732206949 -0.63401074487129727153 0.77162835423452058592 0.051186505341808075098
5.8315903666008885864 -2.1557623261128306957 1.862907390024273635 -0.98405278782516780733 -0.00051178513588942889379 -0.17787593667907405925 0.11996006034013720343 0.73645354090984105344 -0.66576705085527587702 0.13133809309057656312 -0.67648793053334432823 -0.72464776626026128348
-4.8723992074007567155 2.1149683385377406886 1.9348736823475112256 -0.99274934876319942401 0.010778124964574281597 0.11971868088342547953 0.097731472294142932022 0.65221745573813416641 0.75170536099830997934 -0.069980639132701777383 0.75795529053675458897 -0.64854181645741404427
-0.99831270523370052583 -1.7013471672204227847 0.83692161740184789487 0.99139375834378695718 0.0010332949097474428829 -0.13090969489907886003 0.092030330027061749143 -0.71668405213168839829 0.69129905813278103022 -0.093106574805720584975 -0.6973972338071023902 -0.71061119045940712713
4.2099528928295750774 1.642916696686506528 3.6618743588052242721 0.99240041905047826631 -0.0013899194828600612735 0.12304257959056007221 -0.10865482744440917162 0.45942492795538147909 0.88154572430829247764 -0.057754105841062476634 -0.88821551646940422042 0.45578246956351547992
-4.168863521176453979 -2.6552123371188889323 -4.6698360460246970405 -0.8947817244678748505 0.00020906889323749717688 0.4465037758499723064 -0.023724509744181710574 0.99856502329278984398 -0.048010851832924451854 -0.44587309090760279817 -0.053552315977222070265 -0.89349277347834255014
-1.2288757418163247515 -4.7805712709514214254 7.4722746559864097193 -0.88613914761369039219 0.0033302742850309561239 -0.46340729422384563385 -0.33772750225342929031 0.68009667623772551703 0.65069858244209266562 0.31732876530230369472 0.73311487520284990271 -0.60153556376000694161
-0.15718143112074797751 -2.5873521754828416874 -3.9132750202803010531 -0.99968258462193926306 0.0041060967405151388432 0.02485699042975484524 0.016990917086579675199 -0.61860700847365934774 0.78551682210118389804 0.018602116552245754472 0.78568983004546544269 0.61834088674691367604
-1.6068337572995223805 -2.2799435486229042702 5.7653907644380399944 -0.83233989899932792067 -0.010748690381244267039 0.55416131062060691725 0.51154241555215951287 0.37002373848438946391 0.77550421665476132471 -0.21338849459344941262 0.92896011680441925584 -0.30248711007567385955
-4.1302075606259416318 -1.0266121537686838661 -1.3866452601077159379 -0.89447235988170958887 0.0034775275574480892134 0.44710972278597782559 0.0058150561427190647357 -0.99979470521267377325 0.019409599451129629782 0.44708543090748964488 0.019961318365387708401 0.89426850735075635868
-1.6950803231714874908 -4.1978610780855563078 3.3080090637449703905 -0.93978148889711343728 -0.0017472807510695894783 -0.34177141503671021328 -0.23859893871199369664 0.71933018710834673026 0.65240679668449641504 0.24470655808891531025 0.69466612766468949225 -0.67643009358221073413
-4.5606566444477687483 6.409481724608012243 4.2301579424305533195 0.98792880617279899003 -0.0039598531961434306481 -0.15485797847257490312 -0.039067342047139276551 0.96099099429960366248 -0.27380659535574775054 0.14990135662933015692 0.27655131248576669822 0.94923598480203330574
-3.6489504543260635749 -3.9879659175035557794 -1.8594067193877961142 -0.9485283870614719115 -0.0045408201303772143323 -0.31665956466077749276 -0.023587701769754054748 0.99813285126010531378 0.056342094038788308186 0.31581247483881558225 0.060911346956012399345 -0.94686445098974403312
-1.7657076459862546258 2.4278844061810689325 5.1455325815645638343 0.95665675066333766274 -0.0031031335330639429199 -0.29120135983978212568 -0.14141957733364177163 0.86917326122572180491 -0.47385477217923627213 0.25457487023871816501 0.49449793986683560076 0.83106162401509187099
6.6456081989446742497 -0.85940405231277094966 -2.2183760006965802525 0.93945795404513920968 0.00026555464446110545185 -0.34266409508718254084 0.26828631744411218785 0.62152403850351800596 0.73602331582255742237 0.21316942663873533759 -0.7833950466034939053 0.58382445692479145727
1.6752451476696279542 -0.739455075403654849 7.2427823099210169033 0.99940063625426922567 -0.0099322207315961415913 -0.03316201510454980933 0.025479459883192997344 0.85953863717562661861 0.51043523421312553268 0.023434277853554556781 -0.51097424807271696334 0.85927652849823255021
4.8827494709163872244 1.2696073014488995501 1.6074807389021863457 -0.99631740844901939269 -0.015300608791910062095 -0.084365354215706095387 0.061762919010630162875 0.55441888424247887102 -0.82994279479406452005 0.059472375575816686932 -0.8320971050099125188 -0.55143217568208147128
1.237904991549526823 -0.95192688390818225308 2.8839432902310142559 0.98305238849734843942 0.010618836210732332179 0.18301705326905390314 0.16609715861773061141 0.37091966337056836434 -0.91369050406816376686 -0.077586953599619257194 0.92860424489804371806 0.36286970249462285887
-1.2678528768496621915 5.1345158007860973726 -3.8703823664819649863 -0.17310209381929836381 0.0001483130599537162142 -0.98490387506530352457 -0.89823423110314892792 -0.41020970862079331187 0.15780767100417980586 -0.40399372667147293026 0.9119912132012598649 0.071141379334651866362
1.7719692999483633855 6.2738851302090701267 -5.8232577852300151378 -0.97626286856173094542 -0.0059487974023852453753 -0.21650732846052650471 0.21599042886191729962 -0.10100820854215515621 -0.97115677233243602462 -0.016091802499419480266 -0.99486780710631139701 0.099895446721854991301
-4.740068730117275031 0.51975885131907906267 -3.1230427462636924929 0.7714650464970833621 0.0024057473764037646743 -0.63626715647825060618 -0.43978672404911822724 0.72468093466323690865 -0.53049522173717988949 0.45981444016427114319 0.68908036927148363926 0.56012402671305749902
-6.1133549639476942872 -1.9517181309636606468 4.9703597820952953867 0.61294829398974748358 0.015917766617180511418 0.78996266595395159271 0.71782772407883621568 0.40657885313362296387 -0.56516988129963052767 -0.33017835701154507611 0.91347701716594720267 0.23778560021733025076
-5.277407285982202545 4.1985605232490739169 -1.615282034170212544 0.79669782568557667712 -0.0043929158591164644415 -0.6043618757319502155 0.5225314040204784849 0.50749303702827386342 0.68513629970998735086 0.30369969766263049671 -0.86164465973978743296 0.40661403564254500198
-1.4579524599461044509 -6.1589460211970497028 -3.2011230445221015017 0.74756387359151166283 0.0066455082957969160984 0.66415667738896910777 -0.21397864545382688783 -0.94422650202631863703 0.25029872584760054499 0.62877769854736620392 -0.32922963124650478361 -0.70444762453892473264
-1.5632506860794168624 -6.7683892598987567268 -4.4036229320590463132 0.99887428045303716662 -0.0059826679228705739039 0.047057194283931187695 -0.039200806490008975602 -0.66270417257704916647 0.7478545824019152688 0.026710833380604599718 -0.74885738784729782846 -0.66219267894362665583
-3.0728464056448689945 -3.4231643306431953633 -5.9813826140716219726 0.99089289119097623271 -0.008315151918783996593 -0.13439544797220481787 -0.094871091209131730437 0.66517489892796144435 -0.74063609815416198145 0.095554980193980787462 0.74664128742301105746 0.65832821121028883837
5.8555501949195507549 -7.3891591141243857521 7.1146465439616344284 0.97229569998326981217 -0.0020508189892232656266 -0.23374530141905416891 -0.0026369956635091821098 0.99980165111790064714 -0.019740939081966828172 0.23373942339261616352 0.019810415529217952069 0.97209743821735206115
0.33367709884799451325 -3.1043247115872310005 6.6905551788622643627 0.71071854062581552025 0.0032672823825712201881 -0.70346889119305788807 0.58462543896027474588 -0.55893216418022961811 0.58805436140312961069 -0.39127005013303822745 -0.82920694685380769151 -0.3991535884321625316
-1.4195858337692202067 -5.2406486296469454444 3.5656972281290530979 0.90310502528295211189 0.0053284721317747264432 -0.42938667968790611429 0.041726944663224914411 0.994102208284470934 0.10009825959033955001 0.42738761727230889509 -0.10831623548053070927 0.89755635908479691754
0.63537281252350119587 -6.1733866434467898898 -3.5867002181446183684 -0.98488209781199387294 -0.0057951987786902707869 0.17312905325398356138 -0.017565114882566415511 -0.99094785717363176314 -0.1330932421360231932 0.17233316613078666912 -0.13412218322949920335 0.9758650110631332808
4.7635274618467144947 0.64155002999358634597 -5.6070972060638553103 -0.90228129772386866936 -0.0054792190378178985688 0.43111302223019826174 -0.41685775723409090876 -0.24421617831842329371 -0.87555015189364693295 0.11008210577324269164 -0.96970533483431842203 0.21806763533881309836
6.0399324061851018541 -2.7814499129375298558 -6.7263293811462938621 0.9687961593606398969 0.00023077659821806040252 -0.2478587265969550979 0.24785341941242630681 -0.0075118979619662185065 0.96876842117956707412 -0.0016383203824467153231 -0.9999717586667743463 -0.0073346966640702032647
2.8785491728584493565 -5.3381004937634282115 -5.3281677023933493587 0.9283406257647717208 -0.00053535547906212108127 0.3717302731138089622 0.024028982706599373576 0.99799398169648567691 -0.058571498935799173879 -0.370953218809071672 0.063306602278297652298 0.9264912215252018024
5.1958919726251506788 -0.79231528316480781537 7.1360992995198602173 0.99605850913693061432 0.0038889243422216297069 0.088613332199405439593 -0.034747294255961146126 0.93629691606104359369 0.34948635240381120681 -0.081609263676991256053 -0.35118792866795656149 0.93274163991961600573
-2.5176646230574704077 3.2598708161214373646 -3.2923063588010066383 0.96919657218379218211 0.0031358515233479858711 0.24626849352356144918 -0.20023012031313028314 0.59226255702332730735 0.78046970630996126417 -0.1434081705711022503 -0.80573893413649821937 0.57464673202763716375
-3.0006572752168851892 -1.5019046809909872842 3.5775636166200626143 -0.53375805483251415051 -0.0078419179237699254692 -0.84560087702450403846 -0.74533018039822007683 0.47674491757158793392 0.46604421008872526366 0.39948123997118933914 0.87900670526048196862 -0.26031125795513176957
3.1536268505159763542 -0.65474866704090894931 -3.1366462152578544753 0.90526495034004328399 0.006869838881862086466 -0.42479191964957735417 0.42457752018927014115 -0.050266784732413909154 0.90399512150374017327 -0.01514262314633962013 -0.9987121986169522625 -0.048421537541156703388
6.0912610188545119883 6.0149938935048883337 -7.0745989078933533278 -0.95802877487993132188 -0.0070999185599271126892 -0.28658411969036068356 0.16331278987976122208 -0.83512801169018791025 -0.52525245049607216519 -0.23560517643706346824 -0.55000981377323909793 0.80123617341530672942
0.29480174553586807606 1.9231747129431497889 2.5687190763538061411 -0.95624599596768788956 0.0082703044616164889807 -0.29244691357549629229 0.28136260447757538428 -0.24795050043420982511 -0.92701436565782957544 -0.080179049615750605517 -0.96873740063991853333 0.23477471883527828433
5.8794746643292663535 2.6556857916900060701 -1.5387582553223362325 -0.88441678754580710375 -0.00088156455537630705466 0.46669708457518743749 -0.46667801483902865423 -0.0075646078479455602234 -0.88439493846013239597 0.0043100316593080948563 -0.99997099935549227379 0.0062788593752911847634
0.9136151198840752885 0.42884856206520871602 -1.7028075292778783734 0.99488437310432065175 0.0048801320735835027054 0.1009022718460314133 -0.040458054790408079504 0.93447760107434651999 0.35371564694388041294 -0.092564733864109349781 -0.35598847930981680765 0.92989460297580961434
7.1637175358834950245 -0.20225190153371386259 -6.1555363953960426926 0.83791904426098640091 0.0013908149694302485155 -0.54579276369205964592 -0.12283669479371861488 0.97482222095175352639 -0.18609885531868430864 0.53179208500786379066 0.2229791541209191208 0.81699294681809297991
-2.2736891488809676254 -7.0509937169608809526 -7.3758092197917726196 0.95615295069919870041 0.0044854183545244025871 -0.29283342686819213707 -0.0082534987278430529262 -0.99907288439077190922 -0.042252235845059119002 -0.29275145538141300605 0.04281650029302738053 -0.95522946597915769917
-4.8050420120188936934 -5.9091571370695481491 6.6182853469865126073 -0.67851683522151695627 0.0042321538022579811844 -0.73457266025573342283 -0.73003621332440216118 -0.11499518482288585697 0.67366403696678833768 -0.081621269016526137863 0.99335703367004191122 0.081115794407746258377
-0.48132809903884626879 -4.4120571559712029597 -1.4480411249987832356 0.91003691734167624361 0.010493802592028396783 -0.414394364322822506 0.11041618385566655258 0.95742643747632483198 0.26672623261309330589 0.39955109237501434949 -0.28848656282124568451 0.87013471810611331403
2.2494803361475628201 -4.3398000082204442052 7.4027418872290517982 0.77692492949667057989 0.0071075773201250448674 0.62955312426457743502 0.39554187545290903083 0.77245178128410285634 -0.4968549791984854247 -0.48983086743261627927 0.63503364315259835937 0.59732570125059358812
-3.6311413386784732182 2.073069560086852281 -5.2277199263882438984 0.9789753959814433415 -0.0068521777230845740819 -0.20386324269802344467 -0.038887479966012293564 0.97483535122782905002 -0.21950809073585461628 0.20023720424737712076 0.22282074781549496278 0.95407336006106369108
-0.79063432157213575646 -3.6032144551096445539 2.4002057517430221978 0.54588453590553431827 0.0044635404400368040856 0.83784852465453019121 0.02021987895715335673 0.99962439627761701111 -0.018499266516835113222 -0.83761639785413088966 0.027039659270068704122 0.54558924739447123287
6.861056099113179485 6.08239324788639113 -0.30254076606610064148 -0.96440542108378957131 0.0059718744623698969895 -0.26436058802218076469 -0.15449824573455703258 0.79862433883507955024 0.58166094718927641161 0.21459840597958998454 0.60180021779287240502 -0.76927499765382401087
1.7628731277587705861 4.4909217376788364007 1.1613533172766712376 -0.96373986898016017477 -0.0024246408182047986604 0.26683250561928523181 -0.26230434392603307892 -0.1750469550440041655 -0.94897576085341517338 0.049009142980643197185 -0.98455710075483959809 0.16806373570042734689
-0.2095397022639425566 -4.7529714359476642471 -4.7245294268158080087 -0.38062115615126096424 -0.0013303127144749706673 -0.92473010427813151502 0.78402860817394470772 0.52977935055433034162 -0.32347021700806483091 0.49033323062487171873 -0.84813446457171870474 -0.20060222568703864332
7.3253187542719748748 6.2943603349211931786 1.3323046335393393669 -0.875540794480416662 -0.0017717704097616956971 -0.48314095047948485417 -0.3281895592264810757 0.73605647473387703084 0.59204094386869920985 0.35457006418381770141 0.6769178139419085305 -0.64502894722082448897
3.7237637697271579462 -2.300490760670740098 3.3643566900861463509 -0.99960327146208349802 0.0040484049996918113415 -0.027873107098247112967 -0.016531460780914612047 0.71689370284814579737 0.69698646301144595583 0.022803738439055518117 0.69717073176779142951 -0.71654236460909692674
1.359729375774925364 -1.7881685867851784266 -3.2266605778253785175 0.93889937690396307879 -0.00062210481420669995131 -0.34419118674795562418 -0.24709453209385678907 -0.69736554898035052474 -0.67277454121314106406 -0.23960853961973066495 0.71671535778218364854 -0.65490979810994087718
-0.65088469323675601785 -3.2608028315020098908 5.2747356161893650395 -0.99667323129524687531 -0.0035888103591333805897 -0.081422297067045748542 0.071481760854237894054 -0.51840257586632298992 -0.85214384184845926029 -0.039151345885451951934 -0.85512916555061913026 0.51693450488434466994
5.1162075356199325782 1.1475389298827285423 -7.0940164698739911486 0.93683823613020833498 -0.0018888899100458255223 0.34975784683017674404 0.04355826520333094809 0.99283063157754214423 -0.11131044215993955715 -0.34704005079650235288 0.11951472334515265972 0.93020397443088354006
4.7022942584572273717 -3.8004469405066965138 -2.199208617615313166 -0.99444073145720868201 -0.010022169914017546588 -0.10481978691543955562 0.022234224601335273591 0.95302906503213991041 -0.30206165009875252103 0.10292361670267879958 -0.30271299495431452931 -0.94750808535365205199
5.2582027934694881566 3.906631193367505972 -2.6375635138923447798 -0.87010902967740233471 0.0072390425657185494823 0.49280612083919211885 -0.2531930111544888895 0.85129833475346972094 -0.45954808709052114013 -0.42285171819015909822 -0.52463200579906299481 -0.73888949303324469309
5.9204462878175867502 4.3611905254900111828 -7.44747161582814865 0.98369349332078537262 0.0046401454045994156364 0.17979315962784750416 0.12320847354580717614 0.71086686457984593623 -0.69245070069203262797 -0.13102207159429896111 0.70331128946785170797 0.69870340407223741064
-5.8448238049904395197 -4.0742234760546134353 4.3693482314015321677 0.76937514160480602321 -0.0091962328507257350141 -0.63873102381353752399 -0.54402433070018607619 -0.53350804897060222221 -0.64761615891647072996 -0.33481251333655748237 0.84574499169962980005 -0.41547080514564715958
-6.4820921394344077626 -3.6982986565453872529 1.3675738364092233645 0.99765982590318535994 -0.0023569373466643915582 -0.06833239806331375954 0.0037937573361771764063 -0.99595781634472224653 0.089742049604383797301 -0.06826770234900489398 -0.089791274120879283061 -0.99361816001310598878
-4.0986761611074307154 6.4159099953358502688 6.3407385470612407374 -0.94921302302677101892 -0.0044692319756484289589 -0.31460238855079530884 0.18824844245926558584 -0.80925167870809011639 -0.55648382224449155498 -0.25210545576795878597 -0.58744510081692369319 0.76899355829442261889
-4.6653685747040087861 -2.595511134967402711 1.0835049740037561161 0.99986258341559264284 -0.003215750747015692218 0.016262633011591507565 -0.0089856289930949038991 0.71926088358148465574 0.69468197027209177552 -0.013930999854100819049 -0.69473263943525198627 0.71913314966438401932
-3.1079130728477748491 -6.1268125323001756399 7.0753003965873935144 0.40557221836893125877 -0.0042989006902568070376 0.9140528951543722691 0.15538942276820555399 -0.98510914584282982531 -0.073580554962127245333 0.90075818229924919933 0.17187638066236435308 -0.39886489791821672091
3.1279833789329063443 -0.30058406047718100318 -5.0321732356546116094 -0.65454335026254351071 -0.0031937777453556605127 0.75601772625441931996 -0.34567841243534802587 0.89060391685480411184 -0.29551835553669436596 -0.67236852826649406989 -0.45476858188170132813 -0.58404289151572019723
3.6242417618783728805 -2.7710307016712985018 4.3965419785593669033 -0.96092404076458137752 0.0064314887811204929022 -0.27673746373172342095 0.072761374503793385671 0.97044353722378018379 -0.23009807352698324889 0.26707821000775183728 -0.24124256882355049614 -0.93299048908689974358
-3.7072488725768093509 -2.3903627331172714321 4.4435155804117254519 0.9751624423146398879 0.0086151437353631597077 -0.22132327125150252911 -0.027343416751925850305 -0.98691710414205802149 -0.15889294229805203673 -0.21979660747924367747 0.16099816412068324034 -0.96216892617169569313
-4.6786512424281765377 -2.7942960120681101799 -5.9546744782488705283 -0.71313591599624037709 0.0080907319318877790604 0.70097910480480474238 0.62142213073355867525 -0.45550361528071070527 0.63745665884096347487 0.32445600741972607794 0.89019716721797725878 0.31980822804655317793
-2.0420128923704949919 4.8925842014803260227 0.633670169036539499 0.89862182259003597906 0.0026371459497897195567 -0.43871615587547890813 0.37368780270774532015 -0.52852286632162237545 0.76224733904604702328 -0.22986136272197821295 -0.84891496937955068791 -0.47592765068986642163
-1.35511832986976688 -3.8259973937976545777 7.2753951709247832724 0.99879210089643954973 -0.0095368924900315014265 0.048201523510467053635 -0.048944613192450844852 -0.10662085871129242665 0.99309436476454260312 -0.0043317463613338404865 -0.99425401189501783072 -0.1069588509856190528
-4.6178116460294411638 -1.4910584123652550481 5.0642672565952437935 -0.62819527610506731286 -0.0026958601656090503546 -0.77805104422342197257 -0.67896575831427830039 -0.48645430031732705967 0.54987972570324028521 -0.37996867517729826513 0.8737018633612128049 0.30375789675872905127
-3.8318305100954943576 4.743257318405188272 4.0769707037651787829 0.99958911440181297259 -0.0060006280701450694787 0.028028464677536221034 0.0022871574801322583359 0.99142115246506534731 0.13068614064031847111 -0.028572211676270102554 -0.13056833807465778596 0.99102751617312789811
-1.0113781068938441088 -3.8322609999439878337 6.220787565245469608 0.99290472410525565383 -0.013336808855846029806 -0.11816233908875077574 -0.057384382114849218082 -0.92406787637928067269 -0.37789627218753035764 -0.10415009140026942891 0.38199566669463397295 -0.91827668438652121363
0.18178039607085461071 0.13594285454869506347 -2.8530873543057864161 -0.99880003266528138983 -0.0077603367932739149293 0.048355681369368894162 -0.036016319014487582773 0.78545159041100731656 -0.6178742783814962225 -0.033186134340765512107 -0.61887444307680017364 -0.78478857292506198906
4.2051284160455466576 1.3425461385781207735 -0.90263662546041389945 0.98511741320904466779 0.0035557807498328691115 -0.17184597352156527617 -0.15794906925903479111 -0.37559745695265633891 -0.91322431080807342507 -0.0677921360669923867 0.92677608231656360971 -0.36944596294118764446
-5.8257919789619787565 6.2945529673725157949 -1.6551674185696640951 -0.88346638473183936036 0.0085054900208408803358 0.46841733922700323767 -0.22456052838546958217 -0.88518156416956939037 -0.40746308734101127635 0.41116871979787700253 -0.46516798588649127533 0.78393815366135999323
5.5384908110118526992 6.0780436013594325573 5.3775558363783844129 -0.92595780706237373892 -0.0098415391165541411811 0.37749872006120971379 -0.10142959939586150553 0.96940713117804488963 -0.22352147634500846296 -0.36375015588511150355 -0.24526100001608247547 -0.89862832470643905225
-6.6827202405269625629 -2.8794813728871937464 -5.5970609001020417139 -0.89300682507260931153 0.010127550843872967085 0.44992915340937789104 -0.083111354400921932939 0.97883974158048558945 -0.18699000794767040023 -0.44230228706555940743 -0.20437757464204550639 -0.87326885541625909326
-1.269043285962838663 1.1650855166237992222 5.376102994872425711 0.90208592119391994846 0.010995585431228090123 0.43141637415000416711 -0.42467441009168771515 -0.15520055272591087858 0.89194418763003302519 0.076763508238057387434 -0.98782178834782286003 -0.13533468981902194161
-5.2718581207888721707 2.8762961344680895159 -3.6983121446824500644 -0.92375591792288047621 -0.012088339963719161793 0.38279090394013509657 -0.052732144497470032074 0.99399668899424131752 -0.095863982835544286898 -0.3793340546788344092 -0.10874030671882782551 -0.91884776794388789423
7.24115018388168874 6.0995298196923251055 -4.9995778000530597396 -0.94252098229241598748 0.0072806646462269340031 -0.33406764264284538601 0.27690934683716644793 -0.54253378264593465907 -0.79308152690763666914 -0.18701714245721365315 -0.84000243250254569283 0.50933338965456187442
-1.6639561087670420303 6.0861328723160319498 -5.5883399895255507772 0.99070341995721322714 -0.0073125513155377491747 -0.13584277779241935025 0.10149699394826401655 -0.62515649949594576107 0.77387189596043959305 -0.090581973397363624301 -0.7804651675323832638 -0.6186024800825062897
-1.1812682742145972359 3.3699160622454389369 -7.446117713146787942 0.99325919903134007871 -0.012620480660984433746 0.11522537484211542447 0.097926144487043897957 -0.44051830498800464975 -0.8923867397021409964 0.062021236407600127682 0.89765491500821448234 -0.43631298375841681692
5.7438148230364394209 -4.9342497280955512906 -5.1129647560308200127 -0.98910430201704735431 -0.0083520167879536245242 -0.1469793303395527384 -0.13986685569631049364 -0.25820168143905081193 0.95591273366331286354 -0.045934109429850107642 0.96605493400608000165 0.25422022357255852354
5.5000512269195516168 -7.1836594222575964608 -1.5051494148325748057 0.91622631794335029909 -0.004745319903098356093 0.40063301941682261109 -0.30762191811915717832 0.63233002798671833489 0.7110045648229226245 -0.25670623249286705914 -0.77468459236344611174 0.57789764885647532111
-7.0770015755438402394 0.6960169784720815489 0.82539782073318923583 0.75624834857314959802 -0.022134299971348456171 -0.65391016817674474382 0.20297080894515767691 0.95805785602730353379 0.2023066860498416164 0.62200585688266230022 -0.28571877304285325794 0.72902228822889869608
-6.0390919264367566299 -2.721556096333350272 -0.64018163631781133116 0.99909634784771372829 0.0019503395108912587042 0.042458025072921540266 -0.03389441062653769654 0.63929256167185832815 0.76821623877611489029 -0.025644817128968114273 -0.76896112825480877895 0.63878096918080840005
7.027658740436867113 -6.4523267882071522195 -5.0397634472180232734 0.94199172502090267045 -0.0012032376044053827435 -0.33563394079168762385 0.087523846530315224657 0.96627535383409823844 0.24218075245862707989 0.32402340390879214027 -0.25750823829957009137 0.91032869938674221277
-3.3076575695773979824 4.4233699759772129312 -1.1085540569220686535 0.69046530136325456883 -0.0059989379242849395768 -0.72334063922694136206 -0.24072655775975621006 -0.94487520197092977892 -0.22194949220395296385 -0.68213517135724499596 0.32737572519083690814 -0.65384764475622825231
-5.5340905881085200591 -6.1222133271953813605 -0.79853507371546827986 0.72519954082697990483 -0.0052343533322376069664 -0.68851886504991610671 -0.65723531155253334113 0.2928233547669964465 -0.69447550579657479908 0.20524953406216769891 0.95615222870014227041 0.20891516057730583067
2.1256698643632443435 -5.4312175541483576069 7.4230870501715191523 0.996902365008562108 -0.00095631619788625406471 0.078643245734970002037 0.041746759274710630583 -0.84100162046303672536 -0.53941957924119887657 0.066654952782624315999 0.54103175492568389426 -0.83835658131340562438
3.4898512755150887799 -2.7223633537301519247 1.9837497649852326997 0.96585838020685721439 -0.0014980672361786665295 -0.25906629494948496539 -0.20862457978964665806 -0.59738133808144711079 -0.774345737781095389 -0.15360134794946611603 0.80195591693477519257 -0.57729830521275216082
4.6869088127249378672 -1.7350436571658054419 -6.7097411542560658759 0.75337092367499847168 0.0052430547996553181211 -0.65757490960148889947 0.24819211067028187911 -0.92827839415888124819 0.27694746638828771079 -0.60896053038109076994 -0.3718490733001844073 -0.70063923607205602639
4.0701569582777672451 -7.3890301822572403978 3.000458928250971713 -0.90642487641784408314 -0.01058423058036820838 -0.42223443425882545288 -0.19324459275386607349 0.89930864232223650667 0.39230153353746927136 0.37556686592704019434 0.4371863903502585802 -0.81720107030659294711
0.40875385723624341194 6.661906325852056554 1.074246931440495656 0.83272450041698364842 -0.0023708700353266189825 0.55368247703950979055 -0.54783243267933223741 0.14151453893115023552 0.82453214672066421631 -0.080308979012292183719 -0.98993333828415897013 0.11654378423414121779
7.3455530152459047599 -4.8353175679298638912 -3.8582039408708110884 0.75666754065054930845 0.014470779695681192795 -0.65363967861577143559 -0.074267784043441364972 0.99518628507141215778 -0.063941803690360302093 0.6495679557823610395 0.09692705783677341147 0.75409987155550262106
