1125 14.717824617146108679 14.977075390850430381 15.033177056927090831
6.0258027192061023314 4.7019314741750246611 2.2816843013913845617 0.98022075819453569068 -0.0016272213424085735928 0.19790052388815829176 -0.16694370967703200948 -0.5438383641049212569 0.8224169450631551026 0.10628764276148035262 -0.83918840904676872405 -0.53335330796549229593
-2.6952711196635710245 1.6608174006011138246 -4.7696688924808716692 -0.95839208316299839829 -0.0083973114067207345335 -0.28533156168150441978 -0.21125286522033048797 -0.65138916463010954061 0.72874164361499271791 -0.19198135812281733048 0.75869733185483334559 0.62251226234492340605
-3.3265218463777093127 6.0620392524277075808 -6.6318174687876902951 0.99521445672511088532 0.0021614805439261180336 -0.097690906061296739482 -0.0097122056240604610899 -0.99261665672670829075 -0.12090428383876479501 -0.097230952824340508012 0.12127448532361999323 -0.98784545401716616908
0.31620359183357044097 3.405790184017616351 6.061626408259928489 -0.99434359740507149983 0.00039442109332926862664 -0.10621042666119136222 0.0032909960117909510535 -0.99939852984285137971 -0.034521701771084767341 -0.10616016034653193156 -0.03467597121825754386 0.99374423136703837756
-1.1828324201467639298 -2.1255478719673530641 -3.5414283702855922087 -0.98786400863145062967 0.0050128870905035210689 0.1552403665728369353 -0.032334126628442531881 0.97094470415341616043 -0.23710943830157604761 -0.15191841463699315429 -0.23925144187549785002 -0.95899924027847416319
-3.4233325101166105497 -5.4927194777334218401 0.76786513461384042767 -0.84350931283309071862 0.0097726709828012368886 -0.53702563632080624334 -0.53351228932553196316 -0.13084716728481496362 0.83560975099152678958 -0.062102144105480545921 0.99135438351552795933 0.11558464423141781574
5.7429944886176187424 0.36512461440878413166 -3.2986760486584199015 0.60046766742683599372 0.0080189789148580846445 -0.7996088270849133206 -0.36577332731993289494 0.8919618030756435445 -0.26573297664269501794 0.7110896240252538858 0.45203964188024459148 0.53852735192609990644
-6.9343725148696782057 -4.7103470335884596309 5.2930948124151386835 -0.93255612252436148601 0.0060713163908613166156 0.36097398446391232296 -0.20760406544652637573 -0.82702734139343803133 -0.52242351459117775114 0.29536355623622967403 -0.56212891377776030843 0.77250984067670680489
-0.95189408244225592881 3.3908091732781011629 1.2813773325591815144 0.91645914996678790043 0.0058441319518770535463 0.40008558154969720011 0.2950554208637553022 0.66551149841222434489 -0.6855922579056188404 -0.27026824649060937622 0.74636471754958777503 0.60818975931527641254
-1.6928783042331050357 5.048881314555301536 -0.81271681781656690546 -0.9811857693587241469 -0.0036472268362850697801 0.19303156152386527489 -0.14423950727217421663 -0.65074570833787903634 -0.74546964232073831269 0.12833335712048116184 -0.75928698185623944017 0.63797635429064636359
-2.6043982220294781271 4.2124858693708988611 -5.9777158985513469958 -0.97059994090398737931 -0.0015933784203997153686 -0.24069319862095242546 0.090619809638130655038 -0.9288206621274290864 -0.3592773687645572922 -0.22298835130633787305 -0.37052616473125060681 0.90165767142038988347
-5.7739058150593507435 1.6994498179158574747 2.1452139292093415079 0.94564304513467578595 -0.00012468615744911162868 -0.32520642005004885 -0.14572573831394580735 0.89381978102441150824 -0.42408750069087519652 0.29072880899771591512 0.4484263412230755641 0.8452162895471749815
-1.6598721262231697082 6.2564576518235153202 2.3453817302713897419 -0.62500995354522970171 0.0035150643454131434359 -0.7806088663934382943 -0.76021991271394784295 0.2243594874145344864 0.60969541963215556635 0.17728012376638926928 0.9745001101743426819 -0.13755469089652114234
-2.9973079731501419687 -6.9474128765412679343 6.1076690284941337339 0.82335295742509617689 -0.003862260857651456103 -0.56751651116118018159 -0.13337497072987505864 -0.97328733329625605197 -0.18687665458274418939 -0.55163486536143291339 0.22955794428929990336 -0.80187413322260947535
2.1022189290262511818 -2.1290857148801394239 -3.3051486694098519692 0.88881801268563143115 0.0047438720554597423734 -0.45823578647185819746 -0.4443402662627207178 -0.2356653402483509796 -0.86430525578823169663 -0.11209044608322464576 0.97182269117547359638 -0.20735570600614164349
-4.1242000045445106338 6.9846986717633967601 6.9383172119049980608 0.82368560195825790693 0.0031287881634434787717 -0.56703812906305361974 -0.10607748130293566391 -0.98148141363011098814 -0.15950486719525716617 -0.55703644143544939205 0.19153183908475035491 -0.80810021502878159882
-1.2381890938834891891 -1.4407813517658332181 7.2346470899843673408 -0.90004905495623954703 -0.0034473162298995583402 0.4357749587610273978 0.088158890574292672615 0.97785316876925754137 0.1898188355791514681 -0.42677828984742038898 0.20926370048037021276 -0.87981190886247706562
-6.5716469382804589827 -2.27357325469724314 6.0460223205553909054 -0.99024939660584065937 -0.0049542595448614397402 0.13921777125829737365 -0.13814002924837487374 -0.09410123601412467842 -0.98593219325674419373 0.017985128329557904803 -0.99555030646026665408 0.092499310624482800058
0.05340666665450174988 -6.1591806192881293214 5.8054906315351315627 -0.16074169741270952216 0.0052546147318489272796 -0.98698252048185119989 0.70436227738691647993 -0.69988984093367212491 -0.11843982755885150426 -0.69140139492714092206 -0.71423147479082671474 0.10880032863427448186
-6.0912518385169880375 4.1125225666631317623 -6.4806151428338614195 0.98977992988198060242 0.0055355860386271747015 0.14249578130562223777 0.0071173273704167828654 -0.99991856307627136058 -0.010592963063748584915 0.14242553862907861295 0.011498891362999287546 -0.98973872382762595468
7.1714068509558890341 -6.5186426842827600581 -3.4204792016150613598 -0.9316414955749610094 0.00088560571014439405657 0.36337768151801036476 -0.36266493992921283729 -0.064915226343063806014 -0.92965593352320785581 0.022765435840570311804 -0.99789038931703610835 0.06079889669749979908
-6.8838477003564797485 -5.3223666320317288836 4.0918534742187064879 -0.97850260578144332424 0.0013203303421710620852 -0.20623022864357212769 -0.0051335174302244322361 -0.99982560018396826607 0.017955952092715825319 -0.20617055434128173097 0.018628632385328545984 0.97833873304594209941
2.0861315796829482672 -1.9876155144754015236 -2.018559412777506612 -0.95249778252530470368 0.0058334903214579724232 0.30448964625276209173 -0.27588965465000547805 -0.43992897268152797441 -0.85460364933253762931 0.12896849515109759521 -0.89801362427641373554 0.42064077057795595804
-0.022658310505638649957 5.3609894532100605957 -2.4639224902768726011 -0.95239400493234538381 0.002537551604544266079 -0.30485934494598321276 -0.01123629425314089797 0.99899380604238074977 0.043417982224225805388 0.304662772685618366 0.04477651528227083455 -0.95140719916276672574
-1.1611412778371104082 -4.065634211004908849 -4.4463594261366017335 -0.99369970119492412319 0.0048423782678289522055 0.11197077841008470922 -0.080285773471512458799 0.66632854801210006368 -0.74132345213283112884 -0.078199094771845736873 -0.74564255342417162797 -0.66174170497259898749
2.3673360245046128902 6.2807439864095320203 2.369891011228970612 -0.98855035927195089585 -0.012290995045962907831 0.15038988870258365727 -0.024198475902698513701 0.99669042701130894368 -0.077605582711458565015 -0.14893831255652845158 -0.080356232768682867018 -0.98557610305240983539
-5.7176034449038741769 -5.6309214873016477654 5.6818379751849121817 0.99698543463256639185 -0.010566768458114035242 -0.07686602978571353828 -0.031545044213088735408 0.84990597459944439152 -0.52598930077125483074 0.070886905111308379235 0.52682841394950707947 0.84701054830454702849
-7.2138304954056637897 -5.6049638345916763527 -3.0926054566447933603 -0.87760611962076029435 -0.00093644547583470274556 0.47938149930296447554 0.41006126938043574448 0.5165089864031906508 0.75171019836025931848 -0.24830878791985741549 0.85628125638407581732 -0.45290744728611292969
-4.3361653168940410552 2.2187742511044712401 6.1242525598521799779 0.99098943312245513226 0.011305416767255460977 0.13346209571088654688 0.082461601872934053858 -0.83669700136937097401 -0.54142239713186179895 0.10554632943106777299 0.54754937261515057578 -0.8300901498586777949
4.025302780406032177 7.3709510408708487361 -4.2707081054277029608 -0.61030769821470021164 -0.00347816526457428183 0.79215681267421533818 0.40615662358723331193 -0.85992298391810984004 0.30914278067819911389 0.68011860040440641484 0.51041195528283955785 0.52623029681723620943
1.9071057046261223888 6.0876696932891771752 3.6919538061039074428 0.82925697072964210665 -0.0082802124873235134761 -0.55880615116279308552 0.37776852537927230191 -0.72855826262582634723 0.57139635909973141015 -0.41185412190358144935 -0.68493378953056383018 -0.60103401420400137667
-0.36552894029525934139 6.8303403700234452955 -1.6034498422737748502 0.94727528251584525165 0.0014420559789120196165 0.3204176331123536059 -0.31314456800229800715 0.21606405463061381655 0.92480095362587388941 -0.067897118240861614735 -0.97637812591804018503 0.20512371038825161218
2.2682328693423783328 6.9518713885671070685 5.6583793968722160272 -0.66766604911307991799 0.010702717699605682894 0.74438397262140143518 -0.57168896077203912309 0.63310442609104056189 -0.5218721278199253133 -0.47685823783716679847 -0.77399240144709791078 -0.41658370528518295917
4.7973905600406174798 -1.2445768358925879404 -2.0713624154814000988 0.40724153376312854924 0.022689912844843840301 -0.9130386087310395915 -0.73713696018526930764 -0.5820729669919979532 -0.34324941809996828423 -0.53924339134300225407 0.81281992406207004276 -0.22031871445857023617
1.6759856676858124747 2.5663605578550683362 -5.267522863344842321 0.99961669905239380896 -0.0068049104435757620107 -0.026835576562706020542 0.024223334413924102471 0.68431463194360997448 0.72878440884652029297 0.013404665063668230046 -0.72915511223730344881 0.68421717111806190648
5.3651943276619631362 6.970614509071916487 -3.9102565729945442108 -0.71398744656254298224 -0.0017863564918547229776 0.70015622191149440301 0.13180515239044379716 0.98177493491938883086 0.13691376471089633515 -0.68764040599301834433 0.19003890679137938613 -0.70073952789261517715
-0.51564686391292080536 -6.3753314640378917488 4.0840227259255081904 0.81250355668069185189 -0.0039518343964653470865 -0.58294283886683617713 -0.41776695289775045428 -0.70137935402169282462 -0.57752729357018806056 -0.40658177953234758695 0.71277723361296763116 -0.57152416553919904718
7.2226583102487609267 7.4236671104588216608 -6.1766264263865151563 -0.15326423088070054157 0.0016704216064601417127 0.98818383169536216926 0.98410822469546832547 0.091002054574647994745 0.15247828747067002086 -0.089672055955874296895 0.99584930373769386946 -0.015591235544574193195
-2.9983503349877027588 5.2796639644213518849 -3.5056366038209598734 -0.99382653722004143937 -0.0026325413367581911722 -0.11091385685886052948 -0.091462882511583645795 -0.54641077640096802348 0.83250814083451207814 -0.06279613873381778566 0.83751318387175910374 0.54279674999115401501
0.76567376531386355243 2.6883933669673512057 -0.31737046299701132668 -0.14120038399519424521 0.018666571851236744145 -0.98980503668908792481 -0.17452453835516262837 -0.98463249253185414211 0.0063277296349057675362 -0.97447608337588154104 0.17363874494404529791 0.14228826087459944816
4.1348256184289029491 -0.2952913572178542112 4.7983723368081463434 0.71768217121614796827 0.0030060520306886403738 0.69636431899528050682 -0.50173721394088255376 -0.69121326908917013476 0.52008074832832895673 0.4828996471994191908 -0.72264457396849424153 -0.4945631915624625341
5.8558477530985761916 6.8505929651159336302 -1.7793333513821345537 0.97181201358909496957 0.0044398338808527681304 0.23571529038012692392 -0.098094217798240498918 -0.90155109066695049425 0.42140616434954553116 0.21438035049514464481 -0.43264988014833727359 -0.87570265874287578356
5.0198110752678068991 -4.2508664841437306947 -2.4451925828800513685 -0.99971999975059699928 0.0044106414920711423805 0.023247974971933101085 -0.015762642489776233778 -0.85688756521572007063 -0.51526230182331922425 0.017648263382221383855 -0.51548447776843919765 0.85671715984884744266
-1.5597538579296843508 6.3886897323706319796 -2.5865855506652200013 -0.99922188545243162405 0.0055203242188388420772 0.039053164449003155423 -0.038848096766888107201 -0.30884607080495424247 -0.95031833083761130254 0.0068153510952617176594 -0.95109601543104327348 0.30882020727370296242
1.3193025640814266541 -4.598826402058519669 -0.97116262596969959997 0.96390652434428925055 -0.0024805536082929133604 -0.26622933568695200668 -0.079374055249750441465 0.95180685136012643799 -0.29624901190903335513 0.25413376729532721754 0.30668805740953553052 0.91725594234250951153
3.8138785887383588324 -1.8369820206758946668 4.5502883322717728731 -0.97608912824290472443 0.0021322846482857921516 0.21736022425524115231 0.12808805277631202246 0.81354601989246322358 0.56721805705841721323 -0.17562307497055271166 0.58149662671365454081 -0.79436654553082131081
5.0818989954156057465 -2.5735056387210111239 0.88698633260870340944 -0.73139935048411641727 -0.0014322031545803534571 -0.68194790043341091401 -0.17772170852813010122 -0.96504216840315837356 0.19263594555940263819 -0.65838437438113106559 0.26209075145422594533 0.70557668156826758299
-6.876175277451464396 2.7756820722251602795 1.62361095690490842 -0.29605693323509457704 -0.0013115877575921883278 0.95516939441179260495 0.93772587366627635497 -0.19064288260126383001 0.29038849352246332014 0.18171537673011620151 0.98165858171311515257 0.057671056941864813628
0.81301681242138812422 -2.8352916859678067851 2.336874997738518811 0.88729171972793163814 0.01121938103303882911 -0.46107215226190267909 -0.44028638491709010117 0.31829215797431298363 -0.83954630689960407786 0.13733646041327435272 0.94792627754552216679 0.28735773694095534392
6.1588122789148629366 3.0036346760932923772 4.7435200498912033495 0.79168937557791041471 -0.003924846221808483103 -0.61091122774035200305 -0.54787186559833322974 0.43788116152189643371 -0.71280888551565335653 0.27030418325092270271 0.89902429553725793365 0.34451555052087917685
-2.3927401486784942719 -2.7830216339387514601 -5.7482787814267304327 -0.95016973819732519768 -0.0015116056555596541541 -0.31172934360135828857 -0.092309565425579595543 -0.95377598977876532071 0.28599004432412894472 -0.29775226740489424415 0.30051468578079154614 0.90610954684593836284
-3.6281526450819674423 -4.4106573808829923067 -5.4101466850935393538 -0.99985758477958686097 0.012171900591266139602 -0.011689952733306700067 -0.015345808773956026716 -0.36749986092064496068 0.92989696116100239998 0.007022557367705665847 0.92994392145940596439 0.36763431100583254807
-4.8375075388328774295 -2.3012526242378590347 -3.1817241607808406378 -0.61244216129730455478 0.0015214609898750225316 0.79051393676644610142 0.76971106819955237288 0.2290557153672004298 0.59588451125098984562 -0.18016512025540601383 0.97341212464924109504 -0.14145446274068865233
-2.212224036687559181 -1.9591752420164054715 4.0796487883758114634 -0.92725873699231253777 -0.004682599309369451894 -0.37439191756095885344 0.24907819632449845759 0.73886098008520662006 -0.62613457357302326756 0.27955551646678056255 -0.67384161742302162157 -0.68394896581672326441
-3.4860009562312650466 -1.0466523247237251582 -1.2672294328968103372 -0.79572096304840067571 -0.0036769115411927318429 0.60565223460900408092 0.53408326314880372188 0.46732638382836488855 0.70452900508235138943 -0.28562775948725538377 0.88407722021291990089 -0.36989762328361491805
1.8984578787331218841 -4.6095432186269373886 4.0246533756954603334 -0.82747421721406100303 0.0032162807449896448075 -0.56149450165077685604 0.55996965955966837569 -0.069140965205525956039 -0.82562310245233327954 -0.04147770748877398217 -0.99760171534968977713 0.055411346427010198246
-2.0854582418456431014 6.1467384881913780248 5.8083410734261349262 0.99471578553627804098 -0.0012648474316914177888 0.10265917477686263559 0.014211552673479383932 0.99199428021256830235 -0.12548059529683788793 -0.10167860038130469014 0.12627647519002618837 0.98677034513512451586
-0.74472763989789014794 -5.5132322380704756881 -2.3261064202158232561 -0.90792199815137364372 0.0023363776022246951838 -0.41913265992112902492 -0.059744250376171974259 -0.99049500414206437249 0.12389621187386289092 -0.4148593373901774406 0.13752886282305670784 0.89943178844796634053
2.9370960751096646391 4.7604143822562496879 5.2050935997238632069 0.88351564813284722 0.007155342633688849957 -0.46834698736745050685 -0.44861913870768682644 0.30044205771500159807 -0.84170983025100476471 0.13468841037576678721 0.95377322830322075475 0.26865528299797025724
-5.4675413794535900891 -1.9762180939158324744 0.38367891502227019496 0.61102465739104594444 0.002829496103492380385 0.79160650705501012236 0.78435316236707308679 -0.13727129651736594274 -0.60493529227270348425 0.10695318950271656688 0.99052944686372568217 -0.086095471140821167033
1.3697282927540457287 -1.524353129382455263 6.0978407279695154841 0.95643782601499793827 0.00071647166684420658146 -0.29193521821797813187 0.2632830033909906442 0.42992795986910353756 0.86362260823123127018 0.12612987391204694143 -0.90286291096215287588 0.41101072846804498351
3.7938787252453414212 0.31409636672479440689 -1.5745583914926293279 -0.68570163035363107529 0.0060135828467643287487 0.72785789200340111904 0.72707403305056239606 -0.041465263113109843141 0.68530575834331919349 0.03430196195407109877 0.99912184881338872433 0.024060478586234376741
-2.4947411026253867306 0.54206387578870129929 1.8005381028378020236 0.96935077696560778548 0.0088016089706676702009 0.24552312085786512363 0.011543896176069353213 -0.99988600491517565239 -0.0097321958463197928008 0.24540947344658911589 0.012268205021242954353 -0.96934188060163528622
-1.9952394660454719766 3.3528057388291112595 -3.8230926987679452189 -0.75520240191801335516 0.0020284833153719830645 -0.65548853338007684322 -0.16539454899812836008 -0.96822854812957759307 0.18755831559440408474 -0.6342822520762572136 0.25005872078833873973 0.73154402523608974551
3.541107929591892578 7.0455451439697949212 -7.2212860435874119958 -0.94696187923682373366 0.0072210166227368198164 -0.32126477583329871024 0.29722302151951141003 0.39971931506226493491 -0.86711184090921966661 0.1221543071327974711 -0.91660914575684104832 -0.38066520613758980662
-7.1280368559932973938 0.099799579909377600373 -1.5071758182782790669 0.9380736312239228436 -0.005738552593402609231 -0.3463884112042268093 0.31483564534479002717 0.43132972667839125647 0.84547807973011401828 0.14455579830215234405 -0.90217611135405284539 0.40642574386903718153
-6.9335913369597914624 -2.6830284535653832201 5.0459938837842157611 0.99691799185052010213 0.016646670161190348092 -0.076664241321138762442 0.0022082545419081214474 0.97088617867174964449 0.23953110795040016834 0.07841964764443830338 -0.23896216528276240099 0.96785713947186302608
-6.3500940680553767947 3.8980229661482770354 -2.1564670337175568804 0.99923628507714568059 -0.0020099990492024703836 -0.039023153244585988275 -0.025545119110801012274 0.72210782179606491926 -0.69130871583587305551 0.029568454050609711825 0.69177760415090694401 0.72150499161145220661
-5.1170353849518761535 -6.8887039936445049193 -3.6530327410442331448 0.98033236372151999483 0.0053869417142357219064 -0.19728009909565255575 -0.16870857860723531552 0.54155006044751086147 -0.8235659946438198542 0.10240054757937698537 0.8406512433156848596 0.53180787411151497768
-2.4345188575705187795 -6.4245876105585377758 -4.9601718683227602469 0.99735784076271827292 -0.0091929316483118951597 0.072061275847479580592 0.030380123186757961723 0.95383463749946961752 -0.29879178774095865867 -0.065987768443960703735 0.30019156269621216637 0.95159373689705017973
-4.173391048394933911 -1.1408755067583209453 5.6749995181865946492 0.38023023708199732429 -0.0054461909985021750985 -0.92487583264569672714 -0.90435026099737225724 0.20739291519105218509 -0.37301311526887181991 0.19384419579285314117 0.97824256589665647965 0.07393179306127628525
5.8798491084541009144 -5.6363857792009728342 -7.1337950064681434625 0.95157005875986000465 0.0034383138475011917543 -0.30741275391503003478 -0.30121588586122011177 -0.18963533875625060432 -0.93450919117991237961 -0.061509457619262637718 0.98184857095827393625 -0.1794156356917932793
-0.4780483607544097624 -5.4865607164949814489 7.2404885495470514556 0.99991537807176089636 0.0022614664477574918447 -0.012811029036986431098 -0.0049395014774497774182 0.97702569810499617642 -0.21306427801848154546 0.012034866872347220468 0.21310952820532055862 0.97695419082343259998
2.9053758406445640006 -6.7199643501705965676 2.2104984092675321605 0.87821484929196025337 -0.0067439245625753709359 -0.47821877625683129054 -0.34489320658613270565 -0.70165883748748902882 -0.62347698580337951313 -0.33134174885432099433 0.71248115431716974033 -0.61853314398579506417
0.7225362394897372198 -7.2706050389888492447 -6.4115684989392942583 -0.89173685415569226009 0.0060848806221397589572 -0.45251337788884443691 -0.36457042597311817289 -0.60208714596637691319 0.71033757690831977882 -0.26813016884783336113 0.79840719115620806257 0.53912166499207403447
6.4744494476992473508 1.2117885986518044383 -5.5916640228833802695 -0.97776595376651398439 0.004595204559942397439 0.20964881051442610382 -0.019942337142743352812 -0.99726632762440969859 -0.071148963277614898915 0.20874875531213948898 -0.073747921199493790545 0.975184701107569607
5.1354653233854214989 -3.6714168130874962337 -6.1110511302579251236 0.93440901014631883026 0.011067678853448210605 -0.35602992604861749548 0.030985319759524475314 0.9932027951822927081 0.11219678070978811313 0.35485167565732306239 -0.11586938390719234149 0.92771470515245824107
3.744942933637798621 -4.8878843856044147387 -5.9443184258380679097 0.6840598996616726879 0.0027586562353724467488 -0.72942062178878497303 0.49574923374164675538 -0.73529600139250772539 0.46213903490257651763 -0.53506518380424128445 -0.67774049617242781984 -0.50435411064905044665
7.3388058615545173069 -1.6183194420595514718 5.4078169910643669738 0.9729685328868011851 0.010132462995627202276 -0.23071533803769261883 0.095616279225620687265 0.89170958327056859538 0.44239297717131953469 0.21021360840645947343 -0.4524945881412152926 0.86663653658472161734
-4.820652596636234577 1.7222543303670558856 -1.3969379925972733592 -0.70684595223225932248 -0.010472095816852251479 -0.70728999358255839613 0.28929512044248684166 -0.91672556392420423421 -0.27554051196873774465 -0.64550533158217260343 -0.39938023944235395701 0.65101328038831729472
-4.4218550242418963592 -1.6951177801875860762 3.2550480888884054664 -0.60066023764908349492 0.009327251058197505787 -0.79944998673774059217 -0.10496442369900652047 -0.99219694558461024592 0.067288118788616374522 -0.79258422181169274623 0.12433110455670451366 0.59695228266156452612
1.936807854032031484 -0.87125001093251763784 -3.6834389183058298123 0.89758741382766027428 0.00082119132723467661711 -0.44083575193371693501 -0.23828717019334749727 -0.8404168580534567834 -0.48674298065896803855 -0.37088550667201564126 0.5419398770568143453 -0.75415191479980725475
4.41102839231756505 6.093234384723342778 7.4714102438461598155 -0.92676967375296659402 -0.0084003016430230642575 0.37553615903709464119 0.18346513591857452341 -0.88251339530248518184 0.43302500044928088352 0.32777815014788319603 0.4702122308532839523 0.81942781392971653087
-1.9546139734257068632 1.6139377155210175019 2.0307540491292583873 -0.92753545200922682401 -0.006377777104098658785 -0.37368075843585596418 -0.18301868665546783266 0.87951435107002495783 0.43927060748100432708 0.32585601974021644045 0.47582962310164705899 -0.81694799355776537286
2.7888306493407233333 1.980927767331165823 -1.2005275540748190366 -0.97885675999893295707 0.0031069273160576529186 0.20452332484818638858 0.20227255574183958253 0.16339499239233676309 0.96560234551011192572 -0.030418030803901246334 0.98655583899936050152 -0.16056873898198395501
0.72179983054336904758 1.7580725953848455045 -1.7628251441029174629 0.97503557388454731303 0.0056497635980478971493 -0.22197682273340363368 0.14334686572297378193 -0.77947369173573055612 0.60981344686656180354 -0.16957979168213563326 -0.62640948593011513967 -0.76082445425340206047
-6.4753656244255752839 -1.6636632200771259704 6.7983613610058526433 0.87046741562874407894 -0.0007801101741603282862 -0.49222542575215688654 0.018894813557874440973 -0.9992087565882001865 0.034997811048231283748 -0.49186325777532441395 -0.039764961783830536646 -0.86976392398454394073
2.3927073930000299917 6.1736458618705967183 7.1912854585817518327 -0.98638635893504555963 -0.0022482614744749737298 0.16442900056604231596 -0.078502982511545485456 -0.87217521154397414929 -0.48285368602204120636 0.14449647969273582415 -0.4891884562095006328 0.86012523603711166231
-3.9399574523181928321 -3.9304945056289239957 5.3854349842091657763 0.9769088534025007764 -0.0045605485224190500659 0.21360780309012483702 -0.084075455566665319163 0.91090633680703292363 0.40395663546468701943 -0.19641896526317714766 -0.41258798693352960463 0.88948903485265617963
2.5693594551623806232 -6.576290065602719892 -3.7693363306306366667 0.8632999194570976087 -0.0027592765645813271784 0.50468369842735527619 -0.43817370055113330496 -0.50030217070221005837 0.74679417923267688018 0.25043373816389891129 -0.86584647853040996868 -0.43311986609465502607
1.6264815690805571879 -3.8367666578114234532 -5.231311334359318721 0.99876310025186498809 0.0014246812588731127408 -0.049701507609361580964 -0.033619871264773018571 -0.71710425573944547306 -0.69615457382439627221 -0.036632960997892635713 0.69696445869482914759 -0.71616937206551822825
-2.6829456635236619277 3.1517462718611506389 -5.6431965907397989568 0.96054231302469506026 0.0034627203763823687088 -0.27811234143181018386 0.017022797807612833482 -0.99877985400223923129 0.046357605569977484994 -0.27761248034606117452 -0.049262691836474296891 -0.95942925635463482958
3.5556387547171501851 -3.2724224201408196322 0.74648046277620472289 0.93116942086055409789 -0.0071618881025361210216 0.36451641528585904117 -0.066975145361517357534 -0.986152617335055659 0.15171468362402271146 0.35838225340813312236 -0.16568561398665390683 -0.9187548300607821794
-6.1399106894398816081 6.564753250661796713 0.74352077010862138717 -0.96769779270340217092 -0.0095486141422922183458 0.25193214555656029408 0.23470137321575032519 -0.39903728499728480239 0.88638846483502142792 0.092066537935591191699 0.9168849814179428348 0.3883885727497370377
1.5557371259569783284 3.5478796293016250374 1.5078683244253763274 -0.97766913710798264425 -0.0091211113602621511631 -0.20995205089293253464 -0.045549384233003503697 -0.96611052516737483398 0.25407815088425095285 -0.20515436125660660438 0.25796755316964053995 0.94412098248536668876
-0.22288817615928493976 -6.846125117908202995 -4.6406342584175970245 -0.8768514267778759752 -0.01374652200442499396 0.48056488478712328094 -0.2197667573694333798 0.90050119713627174711 -0.37523348239680859306 -0.42759109872981210243 -0.43463620084970944202 -0.79262678809003583869
6.887816463048204163 4.5676062996491921808 0.28895590846521773676 -0.98414472122164831092 -0.0027894001443255506817 -0.17734538882756867295 -0.017080819128091100784 -0.9937385714039622675 0.11041692497905225556 -0.17654295032506789331 0.11169543836144278648 0.97793492408226390111
0.43721080133198286788 -4.4077528161929819817 1.6669040953531706339 -0.98924352338598531276 -0.0036518438445713972962 -0.14623240227616493558 -0.032921178285422354748 -0.96848327546002377364 0.24689338017569148476 -0.14252525200551791063 0.24905182029215761075 0.95794558475413793541
-0.4132235659450673726 -3.0092070665644810035 -4.4433326858278414662 0.99947006916025415979 0.00054846344607517409642 0.03254658262637896704 -0.0012714873335750765965 0.99975277414818186639 0.022198511276227711475 -0.032526361197776416934 -0.022228130168050832388 0.99922367168537251647
1.0761233408702437497 -5.2684427944825209522 6.5492177693912365655 -0.80562508920904785104 -0.0064275060828642583549 -0.59239083619044996531 0.23578907686188060877 0.91384993492643884494 -0.33057799029493767362 0.54348111914715435677 -0.40600121132873834284 -0.73470489962305263187
6.1368308247772489494 2.5766806352532469759 -6.7658389222107251371 0.98845004824568383217 -0.020061307068888471761 0.15021333523263472043 -0.13510001939237892277 -0.56573462913709449129 0.81344472102000997538 0.068662121167401168886 -0.82434329824039664913 -0.56191070443890178687
6.484221647652715248 -3.7143373037888962607 0.44564728775261241989 0.97220021530445788205 -0.0018619866540187258314 0.23414370452265406697 0.17262537222811644155 -0.66991087610593169632 -0.72209410670500839835 0.15819994382109717201 0.74243919015677106721 -0.65096607184574173388
4.5347894030389674924 2.8663712943376604692 0.42717851488412977856 -0.96587981542760048548 -0.013622541413935752158 0.25863218770091322973 0.034800801534213013366 -0.99638596859606221035 0.077484874637073181125 0.25664194193880285333 0.083841683847423215115 0.96286317080235117594
5.9394874108722648387 5.1505963647797035065 -6.6940429025731562618 0.98783485770803236559 0.010618051244839995378 -0.15514364596943863717 0.14883737217484591109 0.2244814500229266041 0.96304491859915841712 0.045052530905815985074 -0.9744205127065623806 0.22017023839655086581
5.5086117607014264408 -3.6592307933285490584 2.8439971565481796389 0.99069550977328635355 -0.0056583871030734056787 -0.13597937185615677214 -0.10409696313259897416 -0.67512863114032706235 -0.73031852891810244977 -0.087671142239475682856 0.73767832696238699874 -0.66943592430384402103
-4.281196159578438909 -2.9138503158998649845 1.211474183707381691 0.82967384757758289027 0.010634177983594153907 0.55814713195029297399 -0.54892631206389153053 -0.16641221549305670879 0.81913788732953629612 0.10159335888597616215 -0.98599892940783451234 -0.1322304830097334738
-3.8416011007048829207 7.1581282276173592294 5.5602214976159407556 -0.99699437550604841363 -0.0023488439304620665343 0.077438350585774903823 -0.075623893059486718693 -0.18762685237917176018 -0.97932486492728709759 0.016829795238815795089 -0.98223757166919845041 0.18688528779367721833
-7.0746221798438906347 -1.1004351131090779337 2.264009326739336192 0.89917592655544620328 -0.0014309276420254105067 -0.4375849695191287303 0.437586065145651959 0.0053247685220672389544 0.89916076562004498829 0.0010434046772564257999 -0.99998479952750929378 0.0054140576658336988375
-4.275008000838050215 -6.9349015619637706109 4.9965261493846542251 0.94683371526964810183 0.0012682642269174150464 0.32172085281258949729 -0.2351617661038200302 0.68516036008375857946 0.68938684693921437052 -0.21955605068306685568 -0.72839115348527549987 0.64903117654915998269
2.8818714958119362457 -0.070011030010947578051 -5.8210268996269860509 -0.9999606480966275468 -0.0084281194965831387339 -0.0027693067783049534966 0.0031617289260087908485 -0.63023433010071416849 0.77639853981879058953 -0.0082888918728005814285 0.77635923126110506498 0.63023617660934438955
5.2180302040254495921 -2.5544875468864498558 6.4992380757799299573 -0.99606808667869572993 0.0011208861281265841865 0.088583916793481404239 0.051716696231623296431 -0.80449768683713174244 0.59169997059699985797 0.071928784440411480672 0.59395472511629765489 0.80127650313799503312
-7.2961804495540150128 -3.5678713977688794046 3.3863482083947027412 0.98963308925448545406 -0.016768743815532644037 -0.14263645355779636104 0.14217963287046009313 -0.025854706934350567271 0.98950315114510845049 -0.020280548551140642477 -0.99952505889556819696 -0.023202499655832022063
-3.779396393024978984 -3.6170316829221875743 -6.2267322225698995553 -0.95067534567331513085 0.0031340950120551961874 -0.31017183072829290769 0.29868784973360978929 0.27900033587776118527 -0.91265786634507095609 0.083677688486381879285 -0.96028588973725659272 -0.26617485685362252124
-1.581858520270154056 5.4525724615097574954 0.42332071712379226724 0.96205080266603171246 -0.0058525830790917094879 -0.27280762518832774033 -0.25272582151854022792 0.35789553771607779398 -0.89891069813461343951 0.10289758125136808098 0.93374328985781018808 0.34283459046364039846
-3.87574254658774775 -4.6342554938596238756 -6.4489884785629927322 0.97725707249268722876 0.021885295703443517767 0.21092569330267862959 -0.16150912477624981833 0.72137091848000112204 0.67345289411012665415 -0.13741694537883428207 -0.69220302787789145249 0.70849950692959451359
-5.6588475422264821191 -4.2104858195950649602 5.982060168070570505 0.99841204019308771311 -0.0066640908680705678024 0.055937356840244291389 0.038785559574143674277 -0.63881826764488691683 -0.76837939931499954493 0.040854355531497452136 0.76932880539868553349 -0.63754537941864808381
-2.7983393337058988237 4.0490838901138657135 5.6496968639996865136 0.57061856284703349473 0.0019855338307184738737 0.82121283075084061664 -0.46122330825466084647 0.82815747458993727026 0.31847803252874506974 -0.67946119510747682302 -0.56049197580003218278 0.47347780244361309387
-1.2047451524326775463 -3.584763576169633037 7.0129066045782213479 0.99535621526856876695 0.014997189880140347068 -0.095084641355967530751 0.078773786795572314778 0.44080709433327341928 0.89413857768211635335 0.055323550500487858606 -0.89747656787307439341 0.43757869564097662263
-2.9747091952108273283 -0.7489795502567681007 0.68539216950688963692 -0.83425565226147702091 -0.0054969448822726647841 0.55135042420111513017 -0.41542290917194618638 0.66376526925916234934 -0.62196420625339277066 -0.36254835981539834666 -0.74792075176597994091 -0.5560334844888550343
5.7581875457322651002 1.0304972011556201572 -2.2461492008555756783 0.92818387892673137607 -0.0015762154285526362545 -0.37211853278960554947 0.34669598415193991769 -0.35963121408743675689 0.86629514856480316354 -0.13519090751049475663 -0.93309319223699438428 -0.3332574277155330722
-5.6004175158987443695 5.6803838801083754717 -0.51519927705565149445 -0.37279770219447155855 -0.014963673977535424386 -0.92779198191178380295 0.1578441725275386287 0.98427485958348992501 -0.07929828491786786171 0.91438891640132524685 -0.17600877606792086905 -0.3645734772434880977
7.1224180447652409853 5.4615105996413531031 7.0851798513262176371 -0.85895354938238377418 -0.0058280518292105950445 0.512020345118316067 -0.43888938788694359383 0.52346914530218413564 -0.73031237091858935973 -0.26377055408719302099 -0.85202469901317656742 -0.4521935504494624114
-2.6607498455178708596 -3.8518103138224049076 -6.8226920645047437475 -0.85668384711692169287 0.0019503114931937394656 -0.51583813582755422278 -0.22524237954927636696 0.89821069269227282739 0.37746976301185253266 0.46406751291591041841 0.43956085792329208095 -0.76904329893562628495
-2.2674961100139547909 1.9861228754224646842 6.6083523842443749885 0.92347849566689899081 0.0089499532020736842497 -0.3835457813331862309 -0.0047694132346445062068 -0.99938278098896449197 -0.034803875650909955886 -0.38362054264370210044 0.033969919055137534625 -0.92286582115780202429
-3.3380339648222694393 3.4350394337605880679 -2.109376023531661648 0.46418344943382089385 -0.0030542286061988402346 0.88573381834458098094 0.84685519943159182077 -0.29150828464339628709 -0.44481365894029206709 0.25955730863788128993 0.9565634279396832973 -0.1327268317289172217
7.2250736409831279872 6.0768259356453651066 -1.8264613918944283544 -0.99549949149437366724 -0.003040528367833411974 0.094718095534954263592 -0.092076843688236958974 0.26748278759581989306 -0.95915317504368857726 -0.022419127791664866106 -0.96355784129821731021 -0.26655894129031265649
-2.367065212277166264 6.3950666841581949029 -5.1912425599615392713 0.87466279249323397593 -0.010324355225167523853 0.48462192182889490821 0.13338908645870611869 0.96630079192575768499 -0.2201593312520022383 -0.46601754370587650245 0.2572084508970040595 0.84656450536603100598
-1.3606497618722313003 4.7871816446099035858 6.8392775247068540168 0.99907399281791720025 0.0049962774253261670043 -0.042733992169678200468 0.035737319356277219562 0.45671237108879264577 0.8888963123444315606 0.023958315468736064713 -0.88960038630072468813 0.45611089859115494516
-7.1720490972261270457 -6.2148983231726555587 -5.804362543599407509 -0.94868436239985509673 0.0050107010265379578126 0.31618487220816482441 0.30946386204375386786 0.2203591807630051469 0.92502645883369527535 -0.065039208382587032631 0.97540592797491787458 -0.21060193979227315175
6.8474036453664508528 -6.3055439955120613504 -0.059866986096679862539 0.95034869242881336859 0.022363360964124376351 0.31038241394326432365 0.27046007565158497465 0.43395747562764486194 -0.85937899487097324513 -0.15391137150134831524 0.90065575523230223531 0.406362523234268469
-7.3453402651993364714 0.16940705567110964092 -0.13956192691125712813 0.99309432579480039216 -0.0033512709626188292092 0.11727075107162167333 0.093904740329526795173 0.62189521843254325084 -0.777449829271523285 -0.070324674315760282717 0.78309329346736789024 0.61791531289386347758
-4.3545478517717919331 -2.729333606775020904 -0.14485853203450749227 0.97037534930303570579 0.016803713723551362558 0.24101725388458158927 -0.09298223299620557436 -0.89476707776950448192 0.43674498381416471116 0.22299324162859909815 -0.44621688868180525711 -0.86669746881086673351
5.1587920848807025109 -5.871143889116953396 -4.413925078400921187 0.85861583652810236078 0.0069382779889504038462 -0.51257263442522227326 0.51258045528867923757 0.00073497300361192812422 0.85863888606959004601 0.0063342023323627585571 -0.99997565976036828506 -0.0029253662301821550112
-3.853815575940300775 3.5871898358183922362 -0.16164465131248897944 0.90355385699689627632 -0.0083399105670484488528 0.4283933629246072794 0.42827028042349774006 0.048446298873672868912 -0.90235110851125188702 -0.01322854535067158159 0.99879097013201767474 0.047345576041786158195
-5.6311039834906759793 -5.8798651257786289648 -3.052589322351140666 0.89584099443330433843 0.0032045308899028620425 -0.44436318892839749006 0.30005172987387812578 -0.74195719890240607874 0.59955689838127090852 -0.32777716835150849661 -0.67043959159548738302 -0.6656371999285819463
3.2152791556980298004 -5.2288859585882176972 6.8984061292565677093 0.80764979860280616819 0.0033647528115402398907 0.58965284808557594243 0.31577765791070450119 -0.84697508148787425952 -0.42768876780109288394 0.49798220207280913252 0.53162194252799976901 -0.68512176774745370267
1.565931263755116154 -3.624922899213018912 1.2193305727788672499 0.53048816753698979642 0.0024366420369387161229 0.8476888384772717222 0.23087900308104508662 0.96177562764179580501 -0.14724988288848242513 -0.81564525992593905901 0.27382787449407924862 0.50964802080503535109
0.58794958746783465564 -1.8495570556467102463 -5.6332984058425870089 0.95413666986624501298 -7.471527398369287587e-05 -0.2993713574043757597 0.092370172788135113118 0.95128250363259836409 0.29415871474711008382 0.28476475623853353403 -0.30832060051217180519 0.90766042158072079982
4.3972072917023456995 6.366874995216088351 4.0105697025199225081 -0.62174072021545789823 0.010062514222359559418 0.78315849138818605102 -0.72591578293994707405 0.36804341640705739991 -0.58102523156749452671 -0.29408290141490489589 -0.92975415538027994522 -0.22152304089742450022
-3.261201462840107812 6.0896156546700366263 -0.79437003631057823139 0.67083663663123649368 0.0087127661044042147009 0.7415539728571046707 0.2412072397614400121 0.94299931811014559013 -0.22928443804692061336 -0.70128259242619062075 0.33268058817823137341 0.63049690864384400069
5.0014862151075325514 -4.8534760880746254941 -4.3694339492807383607 0.9708841256497720007 0.00048805388669244040289 -0.23954911054886773858 0.022913751275535472474 0.9952234199410922022 0.094896282347500790499 0.23845119954373716897 -0.097622262851786836824 0.96623543675030210132
5.9322702027520373136 1.4334032681009998278 -7.3999163497136732914 -0.78233996311273901192 -0.0057401223252467976563 0.62282520269538221847 0.44149054554316496946 -0.71046865987912588558 0.54801494644371195886 0.43935211426920689481 0.70370543150193376469 0.55836223489942427012
