1125 14.717824617146108679 14.977075390850430381 15.033177056927090831
-4.3137663123142067079 3.8319473809195847558 -6.492634499700973727 0.99985875567172088907 0.0019032584513604035997 0.016698691979883793779 0.016722817339779403462 -0.21186685748278932806 -0.9771554544086817895 0.0016781200169629503175 0.97729668591864138349 -0.21186876033432716637
6.9027585314815382844 -4.5870569317850380386 -4.0288097636656994283 -0.94483378588735689174 0.01076481104145936632 0.32737323636634207968 -0.29918828846266909416 -0.43517910014945782038 -0.84917932077966939985 0.13332473548644968586 -0.90027955082660648944 0.41439262212441585476
-1.2275180935657648007 4.6092066557255089165 -4.1116791449525811331 0.97415380817224195287 -0.0019299441708232746399 0.22587747417335604649 0.22551319538120886965 0.06571471075777465809 -0.97202128345989091684 -0.012967526072041735477 0.99783658587246770733 0.064451463614492179866
-2.1675359225974015764 5.7970418066119320244 -7.0975561185131823549 -0.93108634279170110482 0.0011847902823354924604 -0.36479695522131827534 0.067861049420026103851 -0.98197764382892882562 -0.17639383490268006893 -0.35843144426566714289 -0.18899339483719845845 0.91422557198403742174
3.8826312692830908802 -1.3772767493240420933 5.187708485389301849 0.99988507028565121182 0.0065095212343183276454 -0.013692054382300901383 0.0091508618128938040703 -0.97919276571285229771 0.20272589697343820769 -0.012087512067826419737 -0.20282789184164090601 -0.97913979509723381156
-3.6699491233365524323 -2.780750617984228068 1.1091185028675376589 -0.97448868519668796484 -0.00087440046153093066439 0.22443493009656093062 -0.18222310817120440651 0.58685597719019733098 -0.78892002185553755655 -0.13102114818625915094 -0.80969086536771983642 -0.57204384558179210973
-0.39996161490863318955 0.49637998273625688617 -1.7441877303955366507 0.90122137118634659814 -0.011138074966558523735 -0.43321586236308018414 0.20378847176323733326 -0.87134754939389658102 0.44634482963464910954 -0.38245300220207723019 -0.49053989791985319613 -0.78300722196894267935
7.2412116018223580127 -5.8820745538894811943 6.6212112267940232968 -0.68622575052339906954 0.014949188656001826184 0.72723499714826722595 -0.18066329614913004264 0.96495716630006245218 -0.19031143063610270194 -0.70459562356225291513 -0.26198127598119991255 -0.65947768596974620792
5.4257996570776771961 2.2508368442914097329 4.0972514766695686816 0.66627239138412674979 -0.014398037938421454074 -0.74556944477554776274 -0.29140733560956189052 -0.92533996516582728287 -0.24254425084902164755 -0.68641304273175707262 0.37886494344354892938 -0.62072416530790586187
2.8463988622288884933 -6.0998648473032801576 -2.7577253789851057242 -0.99933421285061918571 -0.0011728196029191549979 -0.0364658130357897875 0.0287411033859567705 -0.64097208003687211608 -0.76702590672641945968 -0.022473985012485542256 -0.76756329843698722915 0.64057903719235798068
3.5155588294751383138 -5.0999427259535545787 -4.1053412592656499669 -0.97028607138299161061 0.0053631009625820721953 0.24190117161396848533 0.22272131912263007369 -0.37088343995745437498 0.90157677874581643174 0.094552385947851036452 0.92866393873854558016 0.35866855897635746553
5.2250938270242359707 -3.6806547015270205669 2.6353982430587890029 0.57143722397080931596 -0.0014987673715788803197 -0.8206444131028386435 -0.81941712449736747725 -0.055742299163534597684 -0.57048082541329214745 -0.044889588334820498816 0.99844406442233246679 -0.033081340341641403413
-4.357059847662205776 6.7284457297592936698 0.88966726210051960688 -0.99995993899784030301 -0.0089411610065277726672 -0.00041957046559138247432 -0.0021477299709661661076 0.28517448475607165559 -0.95847321324085177352 0.0086895141114175771663 -0.95843391471921812741 -0.28518226357987302988
4.702457308888797094 -5.6536331845844074451 -6.8957935885171464108 0.89844322637924722841 0.0014450447997670038541 -0.43908732709889081169 0.4200189667903267976 0.28868079575368493783 0.86037635119726507682 0.12799936136434134082 -0.95742431032890606968 0.25875635930685159103
0.81273117690098117816 -2.2335261155336363359 7.0496774274579188102 0.95833818372490908732 0.004113383801993207925 -0.28560638243665803504 0.27835529345274417912 0.21086942247354834024 0.93704451189497905972 0.064080076636078481256 -0.97750558399390352626 0.20093923718112358112
2.9217927731496438071 2.5580223962943944294 -6.6651888712533065018 0.86735930981979858512 0.0011197718972533266327 0.4976811969322401108 -0.43490654764648190023 -0.48446469506284212114 0.7590456205339843887 0.24195892726482257085 -0.87481009673436671559 -0.41971796741180061874
5.9101180169385481022 -2.1453869669417242605 5.103047886441780534 -0.98582504085673339222 0.007720354933944984302 -0.16759888108075940427 -0.15869493386705182947 -0.36710852945876432107 0.91654091319676234129 -0.054450957611156695914 0.93014607654841874318 0.36312996226824134638
6.1173713699887741768 -2.241916471243526221 3.0750115061943903427 0.77603988753134200973 -0.0056544367521828772793 -0.63065848151394954257 -0.54235696238412156589 -0.51633992236085557437 -0.6627533552762863156 -0.3218866544513555028 0.85636505762533698949 -0.40376709841772051579
5.0684901040220458057 -4.6340850654543626064 3.2508762868983871464 0.52766106673719115339 0.0007693527585979744246 -0.84945465255420182782 0.5827625000696540214 0.72723300927716183484 0.36265688843630367044 0.61803047429906321497 -0.68639023763021667079 0.38328419550468345589
-5.5906971196818195935 3.8322014595526763259 3.7166049360335833285 0.83486734538013740448 -0.00470023519243725936 -0.55043112503459634688 0.35539941828880522445 -0.75900196384689189166 0.54553393327668431301 -0.42034244265579079336 -0.65107136833499801298 -0.63199549384217790227
0.94956174723414199512 4.8829205412960892119 5.0856706191885274748 0.99676025703259363286 -0.0048147663082545580013 0.080285789687491809774 0.07046460314533251057 -0.4289923463541147064 -0.90055555435133971542 0.038777953838719868285 0.90329529213595305404 -0.42726325081977745146
3.2429093861608806471 -3.5284509788377103057 3.0523065920978322829 -0.94925776831018704449 -0.00078972321853700011562 0.31449811706851671378 -0.27945102753887440805 -0.45664282745179113343 -0.84462089208377411076 0.14428032613577682075 -0.8896497650615206032 0.43325106233684135271
-7.266648402486801217 -2.9999879916851996953 5.3484274161024556449 -0.99295394628638122825 -0.014250479227109523819 0.11764091293469648714 0.10679852845202136846 -0.53777883020844297057 0.83629420905568407907 0.051347199288807925111 0.84296551152549359376 0.53551154189594074584
-6.5709621910215467722 3.8711325959761517801 -2.2959298669456260633 -0.99696812078742924612 -0.0080002429096930616215 -0.077398722515896606344 0.038643609819558555341 0.81245318455388604306 -0.58174435478855024417 0.067536934738093190589 -0.58297154220565805538 -0.80968076636696773019
1.9827053175251636574 -1.3589393984508009172 -0.38179133107534873881 0.60001528898598421868 -0.010702219615635211875 -0.79991694286238779199 0.10200996928808146735 -0.99072441987316750556 0.089772434704191467203 -0.79345801347577815665 -0.13546433612636205046 -0.59335806600144413991
-2.9455233731262793206 6.7437778453936338963 6.0624890130267976573 0.92745222399114413125 -0.0012318863770887813862 -0.37393964040970767426 0.25703006938013372995 -0.72421912789417230982 0.63987670548832409345 -0.27160249565910443703 -0.68956880530381570171 -0.67136200898143738591
6.6534659557460429369 3.1517032782615475028 2.986998547289886563 0.74934970139343271001 0.0079958943080432800382 -0.6621261894049973451 0.34594569772321082102 0.84788724323497932644 0.40175713682054492448 0.56462075701176606124 -0.53011629708363172675 0.63259790729803344611
-5.9691343685028019905 -1.2343935069813067873 -4.3061488459280603536 -0.98145543969955684194 0.0032040739532036696322 0.19166364755510501006 0.13284393663383192719 0.7321932634091298242 0.66801610273840861254 -0.13819445858516868353 0.6810893912904517622 -0.71904070308157896907
-6.0510748748059883795 5.7025172499842327056 0.54350049484732010363 0.99442197482449490309 0.00066684781274324068934 0.10547270405316805375 -0.10312278170385383302 -0.20385282128972534443 0.97355519573663851229 0.022150121443176708919 -0.97900131898085274162 -0.20264695791907350042
6.9306849510576524764 -4.5340899026769738711 1.8115660448987391806 -0.96417795608641221339 -0.0029195873469918731322 -0.26524016476894929362 -0.026740045651871918037 -0.99377577827467533655 0.10814190895745473542 -0.26390498092209335734 0.11136057886052065646 0.95809862880623120063
5.7107700225350974677 4.1865488634056582384 2.448534501712341438 -0.76976163988921664227 -0.0038888863073329388645 0.63831958635019858672 -0.36023763357475785396 -0.82287881675996454867 -0.43943065469322845074 0.52696856178658491032 -0.56820359862541824914 0.63201962421869695152
-0.67479192410522825796 -2.6031373029091793292 -2.8489856209925079611 0.062371118715430072521 0.0055979391989017506653 -0.99803732727144267578 -0.99802777200357117859 -0.0067639066981618643434 -0.062408459969770901932 -0.0070999901273112175915 0.99996145557864068998 0.0051650263588065075879
-2.5476158405306299493 -7.0228348779777229893 2.7395532875029231512 0.96095856996984996279 0.011060023586371760598 -0.27647116066578447668 0.063512964850989561683 -0.98133765739250200522 0.18150070379813643129 -0.26930415907945282061 -0.19197415988007085486 -0.94372728679477213554
-0.16213286123142381379 3.3147836129464178789 -7.4541201410262010185 -0.94164447081819768748 0.0081430033652991808818 0.33651059726820836682 -0.15232456042906944438 -0.90179831858315473436 -0.40442183532886599728 0.30017148243575447752 -0.43208041392415597048 0.85041377989512068059
-4.3915730278632656436 -4.083277678888467932 -3.1943589709824191658 0.99813501848781960302 0.00032654196638188734414 0.061044068006356172473 -0.051841077340927209371 0.5325528964752258565 0.84480762020474053919 -0.032233330087879916159 -0.84639665986241363616 0.53157662345632272771
3.4198472921471658736 2.42986454920136552 -2.4512041465729068612 -0.87661580880231615431 0.0011280265753328229048 0.48118962095384526512 0.43859454334507264051 0.41322268868253192453 0.79804876799967883194 -0.19793824871796125708 0.91062930828841892605 -0.36273228775559895887
4.969646519397458384 -6.3215632632296072657 6.1618839531460736225 0.99938511254141693119 -0.0057909302231201652614 0.034581237076291203303 0.031628544782005212077 0.57458395609466306198 -0.81783428184042950004 -0.015133802745727443356 0.81842516000281584354 0.57441381032208160828
-1.7168329187937036995 7.1906636015409901574 -5.4377153658310000139 0.83104493464756523657 -0.0058681724480992526402 -0.55617432622219875604 0.36908613249367605569 -0.74224644998394040396 0.55932605364591825303 -0.41610064094817350577 -0.67010131475647238819 -0.61467429144565766119
0.39210469072381415323 5.0430425207739997262 -4.8424582043049486657 -0.989971420035939631 -0.0025814362000690337096 -0.14124419881587077508 0.11517653643141514963 0.56418405550435168916 -0.81757612304324123187 0.081798245504729041877 -0.82564501312719928983 -0.55822876970860735302
-6.6018147454161342225 -6.1601279097171000032 -5.6272685341941581783 -0.999184231005768142 0.0056357051342065924218 -0.039988890172072716345 0.026417635707584159743 -0.65773972154457482908 -0.75278188555917258107 -0.030544738224112518571 -0.75322420137045309474 0.65705427586827025443
-5.9318313826439199588 -3.2775843469224299476 -6.6605411815596822223 -0.99111956526228417452 -0.011773826236957718461 -0.1324514415556217739 0.08082447483821474099 -0.84429400785138286611 -0.52974997175384719306 -0.10559077432025761045 -0.53575087990762138013 0.8377479233376097234
-5.92865657834671822 -6.5469097163316050114 1.7343995362939250704 0.85826612592857709494 0.0096550453170039674672 -0.51311405864920045516 -0.3041768558238173159 -0.79571010943115549896 -0.5237574458948078826 -0.4133469456337058312 0.60560069505332170259 -0.67999419165633889772
2.4097255480883292833 6.3385255980950736543 -7.271756319224641274 0.99597681590829034715 0.0041540305715104391959 0.089514949607722479885 0.03516175828376249396 -0.9369300769792769934 -0.34774370102971419172 0.082424710661609001949 0.34949216712466490975 -0.93330669781747888081
-0.91927741299250920193 -1.785069241261001638 6.9946324497867626846 -0.67321973431338766325 -0.0015919524451759336538 0.73944077181236889107 -0.39431223341547871897 -0.84517899254967121525 -0.3608189755703773427 0.62553421322088043066 -0.53448099708050933465 0.5683634504873505966
-2.2258680267399721942 -4.691472394213449526 -4.8695377532519730224 0.90065019377549493385 0.0021032834430028176514 -0.43453976187565457323 0.08225071277737798503 0.98108649067772391028 0.17522590578228461333 0.42668963978492946421 -0.19355845114176623012 0.88344274137706735317
1.9972769880534797515 4.7380889292415284686 -1.6609427535134726472 -0.97335724970891168706 0.0084586851175409167453 -0.22913776442419911406 -0.055316573469629398696 -0.97846559295364232689 0.19885964926443386314 -0.22252132737973129295 0.20623659726650420132 0.95286448396882239553
4.8884477162284882823 -6.7894237034434814504 0.41613573138404474916 -0.99722258007139885638 0.0021989788752864256743 0.074446559945309825901 -0.074167693292280151285 0.061979882653154884375 -0.99531786250322118459 -0.006802872003146377862 -0.99807497646124621049 -0.061644645301127537484
2.781842010298013701 -0.11883382081980219114 0.27865233276045436872 -0.67830250662207058898 0.0013644479754092633111 0.73478149663146563597 0.73477436738493573376 0.0060400413133823976225 0.67828470934774709455 -0.0035126263975046676663 0.99998082790753051174 -0.0050995365609841324106
-4.5583175490605913893 3.5333019160053322771 4.2334815960397085277 -0.87090193473682164793 3.3597038465088980425e-05 0.49145683324463196318 0.18623399423195788338 0.92544268386560935014 0.32995869176608433326 -0.45480404512711475329 0.37888763209011727673 -0.80597608077727533882
7.2259213571700797729 2.8596919016458470786 3.9844253709969605914 -0.9462398960033410189 -0.004883312794648941163 0.32342883679064549085 -0.28536654835953761955 -0.4581889785974231355 -0.84180092240940573856 0.15230230559300050874 -0.88884138807095358636 0.43216315734112925595
0.083631980348210344101 1.5422581667442250009 5.9375740120629094676 -0.99874274227485604349 0.00017753003332695964367 -0.050128866295961790889 -0.049166788087442708788 0.19153719079618566901 0.98025309562942297692 0.0097755665929006932413 0.98148534019873234779 -0.19128765060190638936
6.6251942606867020302 5.8188377751499000823 4.2792868080016219778 -0.83011272601772723156 -0.0021269096009906983576 0.55759155154931172582 -0.42921708587016704772 0.64076119894710137359 -0.63655147405466960819 -0.35592914365180372549 -0.76773730023977415637 -0.53281693152514575385
7.3513633038851171619 -2.210086878236877439 4.2965222069230399882 -0.99984689748265376252 -0.0061462939726531504517 0.016383060299597587695 -0.0096647308833581919985 0.97448547041620803277 -0.22424241553461754517 -0.0145867944158998529 -0.2243664213251279349 -0.97439567651466796327
3.2698593196831766683 -0.65657607357155811645 -1.4459927986907470387 -0.90712121187019878477 -0.0071712345011550404986 -0.42080836537630011973 -0.1336572898622200023 0.95300435253609738773 0.27187944555281262637 0.3990824925270179957 0.3028717178000919219 -0.86544895095855933764
-3.2305197602777560029 -2.2759963770378028869 -0.26411551941113203812 -0.78015501805288267612 0.0061750786583129194454 -0.62555576586771510783 0.22552714021085465412 -0.92993555124872717688 -0.29044341884804492082 -0.58352005692617592292 -0.36767069359321896682 0.72410123894211231299
1.4852401422304939427 -1.8549468122907004641 -2.1649591347813448294 -0.77894667143196416603 -0.0020988820193850324727 0.62708665889110692948 -0.52266681729533381873 0.5547202548725359561 -0.64738306815398860561 -0.34649889056586169467 -0.83203427425100462411 -0.43319451209383552648
-5.6717090002328927056 3.6706699276590217806 7.4388489182522619103 0.97481319533197174909 0.0074066029439486900238 -0.22289992471820230246 -0.13381043177020998658 0.81899359808631100321 -0.55798230674720727951 0.17842085796236722972 0.57375485054713992739 0.79935684704494192054
-6.2894100624482378592 7.3670953578385827143 4.7829497991503036047 -0.93160419982158371166 0.0022690188120364192595 0.3634672838489602098 -0.32432643636682473298 0.44625434184115397862 -0.83406799786444374423 -0.16409136951245917313 -0.89490329865381901264 -0.41499651626241407243
-3.6120749794544955158 5.8462956060479767117 5.2099105774518212897 0.86708464236940174796 0.0029007912713500151602 0.49815239473188305253 -0.013207981560239022423 -0.99949764029183107983 0.028810003023330588157 0.49798571484564879697 -0.03156029881191755454 -0.86661074038397911679
-4.8013866796410651361 -0.19497532059081182365 0.56691633788342210565 0.99222865384068537065 0.0072952601056723020978 -0.12421383850992927245 -0.087719738396512939027 -0.66699028059692633263 -0.7398845944366998495 -0.08824707356633884614 0.74503070055474329703 -0.66116692993355452579
-4.0585374127604678662 4.9608423048891863161 5.8346951902176860116 0.9900754689414265064 0.0037081059014165708952 -0.14048777794172542799 0.13244670528139954047 0.30965343093658875828 0.94157985480216299656 0.04699400026053464352 -0.95084225960975532477 0.30608913943438925687
-0.85195611083233135918 1.5859409429063133778 4.4771894597182742004 -0.84373206736499994918 -0.0077939516559479586275 0.53670797722548202469 0.33302605025724130172 -0.79177839930122173584 0.51203575680805302195 0.42096300116516432999 0.61075872545345022413 0.67064441467330981883
1.2151939582734689882 -3.9437313036672629885 -1.6546705266102668119 0.056485247196246458901 0.0074489710714226902225 -0.99837564557596680803 -0.93266243238335444499 0.35725423631503783195 -0.050101874774315977024 0.35630072139995960789 0.93397747481669657343 0.027126969328405182297
0.638783724076349535 2.2638142613406668779 -6.346656674697790379 0.97133458506447878378 0.0055364006964732622243 0.23765199794036634406 0.15528847665047490478 -0.77171427680654880454 -0.61671919379286610496 0.1799850351480579147 0.635945298937088066 -0.7504525060804421166
7.0218346255930175204 4.8302586908824167722 4.3136727175691058633 -0.99989047816199383423 -0.007912462791655201777 0.012506982592037960145 -0.014795031263155879186 0.51313986675854705855 -0.85817747826014512125 0.0003724659846314967715 -0.85826853028384486599 -0.51320073187149539695
-6.0306310794765183303 0.26707580517307644152 -7.3611546621736900775 0.92902754434205248035 0.0010956262858665887991 -0.37000894780653609262 -0.36763041927766787476 0.11597552477718346686 -0.92271206368758984517 0.041901034302890952099 0.99325146728099600324 0.10814724253844049118
1.9581074141494341223 -1.588423511791466014 2.4733961097806886897 0.98247600297739645647 0.0075149840422062928746 -0.18623755955358994862 -0.17951931790049488469 -0.23062001725884836989 -0.95634053670226759625 -0.050136993070739176159 0.97301486764297717702 -0.22522954795375255133
0.56844497927855541786 2.8947536945719996027 0.88900670219037492004 -0.66938365383448683588 -0.0097610369359581398291 -0.74285277554659279176 0.53130057517923834354 -0.70519550132235730988 -0.46948802298781533437 -0.51927374552686134113 -0.70894571518042059921 0.47723238588116334569
-4.0743307731760172175 3.7816671932941834378 0.36515971059976759516 0.93231881244512004869 -4.7536401365421191399e-05 0.36163742851260810562 0.22936645366833488535 0.77321047717147228795 -0.5912161938951114859 -0.27959374437293116333 0.63414947428231560611 0.72088957710230228138
-1.0344580245411461039 -3.5683699827629822288 5.9341361101632328356 0.99795534056813395285 -0.0087909310315919010625 0.063307643795626838967 0.005076635692369587359 0.99826897803468350734 0.058594157247514294662 -0.063713154068863117607 -0.058152962307166849998 0.99627248630753795222
-3.4870332164032329381 5.0939233733479580835 -4.2753179207689644414 -0.90161477673224055263 0.0028618034716966357471 -0.43253046650947407636 0.35770229997458519167 -0.55728437098276195627 -0.74932182301820227099 -0.24318688075414104932 -0.83031677084059640759 0.5014321500360459094
7.0636028447238263794 4.7153270824409050377 -0.0033799754475982470014 0.90856974175668614446 -0.0014682040081681327001 0.41773061743326383999 0.26270222017757249855 0.77950933975016867272 -0.56864112826642898568 -0.32479003660507421714 0.62638888369711620552 0.708624299966394533
6.9265871794686022511 6.2313166385100018374 7.0513366144598546015 -0.98732928695388455509 -0.0041187278293189164696 0.15863138152382322277 -0.041619691649036338887 0.97138829631755385652 -0.23382168215183052329 -0.1531296195715548536 -0.23746118389818654526 -0.95925153414087838133
0.031023311062321968362 6.4549709739018910071 0.97098286342162754003 0.98418762681894145228 -0.0078424950523192440976 0.17695539123677458959 0.074988387730662797726 -0.8866278315136341126 -0.45636370373960244429 0.16047260489555661978 0.46241711003880942021 -0.87202004530929477788
1.3802304568993675193 -4.1467757439403820641 7.3871474304351698592 0.74176955480254758157 0.0065204435551301006407 -0.67062315154189300337 -0.19810186199921436812 -0.95320264707019541905 -0.22838643981402106942 -0.64072894412579195489 0.3022618028039210647 -0.70576499114451973771
-0.97816990675620030249 -2.0605793663944460548 3.0822515355152422245 -0.89276504381317955961 0.0042952198111385880147 0.45050208393752338987 0.45032114933190242612 -0.02138940578953087493 0.89261041657825601625 0.013469929827330175132 0.9997619938798633088 0.017161485474828430675
-2.2078448361038414127 -1.6894771321418986521 2.6183727590408567565 0.77171271340036895481 -0.0011012117074248664594 -0.63597034153258491518 -0.43132351444321065381 0.7339587189989851268 -0.52465667316243558282 0.46735373526346613016 0.67919318764117275755 0.56593029605868039322
-1.5665315564228430301 -4.89921092156399407 3.4229995528063086319 0.95426344141317243075 0.0084685745304554846391 0.29884706394377669181 -0.29888254807502651067 0.0032612388298857838617 0.95428433224975239835 0.0071068163417656992492 -0.99995882293564530841 0.005643190123406686097
3.3461815114479853683 -6.8713757086933160423 1.9196271476045780879 -0.8594743252358229002 -0.0085340643682393566016 0.51110767359323328041 0.32486887260173957781 0.7628505592375189881 0.55903420278678794819 -0.39466960850182525311 0.6465185179222053824 -0.65287801778634801941
-6.1826137351095731276 -1.1263937532181900192 0.29137373655734993827 -0.96563454452692787378 0.0037776988109991761419 0.25987623094058254214 0.23375405296362744556 -0.42448335371705109287 0.87474163336390597934 0.11361764448935897376 0.90542786096342675606 0.40901273751784533728
-6.91261376798858862 -3.9735414432213391756 -2.7761928161356603795 -0.99630061060223384928 -0.00037989601155748956712 -0.08593572593810357152 -0.056395166033964758134 0.75743358038740049576 0.65047210282186329611 0.064843492822998075042 0.65291211275365590438 -0.75465296292938544021
-2.0105834605593941866 0.34830641221995267687 -3.1300867952076232292 0.80228723366859766575 -0.0070392659573489998331 -0.59689667734640228236 0.54717160705785783392 -0.39103625170200850825 0.74006343125747275913 -0.23861774268084676165 -0.92034835719391450137 -0.30987170617579939957
2.8599400877784795227 4.6789639029742771115 5.8855033683206290362 0.93043568752447902703 0.013270661472643089165 -0.36621485623216759597 0.35799920377481309064 -0.24636028866563061679 0.90063487511044693079 -0.078268777156944815965 -0.96908745617343117207 -0.23397329080408882374
3.0967738625579657175 1.302208679056741536 5.9677439564563403707 -0.96863184310323080517 -0.0072382704457333146147 0.24839476638479562887 0.12434982247007843326 -0.87954462849468850738 0.45928027187952541466 0.21514988770171725174 0.47576134135410202974 0.85285501223529913695
-4.168156444761685897 5.6940681200133766993 0.036598060657712289112 0.96909025665446935083 -0.0084338611537008827124 0.24656225267318673811 -0.010764390417559326074 0.99701820165097498894 0.076412259981336660974 -0.24647150414643073657 -0.076704468986951809817 0.96610983955309515103
3.5963675261116381243 4.7791822565332262585 -3.0491975954088088585 0.9442026657645996579 -0.0042790773924015080426 -0.32933723667334408036 -0.24842178561247726942 0.64728586785471675658 -0.72063001721325670168 0.2162589706718986704 0.76223532768586643726 0.61010602589362616932
-0.32039729866495547661 -2.6816247040172394023 6.5683291285744891397 0.93753552253238037206 -0.0016874341048758196432 -0.34788546470957243395 -0.086831487031530499299 0.96720389621595403984 -0.23869837872232685383 0.33687896468897110536 0.25399562144040127576 0.90664148782145081995
-1.0902593336491255283 4.2415810748685585096 5.6499655979763270253 -0.95485763295467107614 -0.0038924795665753976134 0.29703829616888882681 0.26549327258493088388 -0.45975918248449409997 0.84742835469045407759 0.1332674866583935247 0.88803510219141168491 0.44003799185496517143
-6.9244500258962897732 -6.5424544542854974338 4.7692701706784861315 0.99765146371632518196 0.00019154699875494063388 -0.06849467318282663475 0.025818073525156845505 -0.92728811487197793095 0.37345706459583821735 -0.063442761794536381426 -0.37434838763759548108 -0.92511529046333351722
0.98194222226568472767 -7.2202759785628227718 -5.5341850574585569333 0.73573278297701361073 -0.00044859463292619850688 -0.67727178504335128206 0.60096589436576652865 0.46156107159223358494 0.652534574562597669 0.31230956735581477668 -0.88710832255902338783 0.3398552017912340184
1.4617648949486192755 -0.24203937337948858155 -5.2341878639798240513 0.87755414423324329398 0.0014616394119887016548 0.4794753252769348717 -0.1089544656248898763 -0.97322735503815294145 0.20237944516682923601 0.46693430839852417824 -0.22983989865957499266 -0.85390044655368824156
6.8064086347611736372 7.3166568750146927513 7.470057823944915576 0.96023203589287586812 0.0099637480004527365085 -0.27902537692963769178 0.26403351753540582614 -0.35733248542148610127 0.89587934259059454067 -0.090778515425523578775 -0.93392409680250376702 -0.34575286339932242985
-4.5397083244688252179 -0.33023280537436300319 -0.89454061513661520255 0.78546377500261066462 -0.0053882254956997719872 -0.61888417751987323534 -0.31357058809427024171 -0.86558279191570208777 -0.39043554733377033861 -0.53359173947953408845 0.50073685441114190731 -0.68157351635289464831
2.0067415531145122998 5.3498443012176304379 0.3095671344863825114 0.95985490679896068311 -0.007161737485346714692 0.28040554097582692794 -0.058110299797042658243 -0.98306338292703654425 0.17380902797474401256 0.27441164507220261459 -0.18312589839836002081 -0.94401438250922053985
-3.2730758599431974964 3.431201812515528804 1.5164951086189022433 -0.97009306567416919709 -0.010364070564011347575 -0.24251191717588910235 0.20649974050162048234 0.48989110360002841027 -0.84697376806265489702 0.12758252663946823002 -0.87172202717089475321 -0.47309978465585622587
-4.2785608123182949925 -6.6681128864160026382 -4.797738151876767887 -0.95691784152915970729 -0.0060048996112434449221 -0.2902967201741638581 -0.060775249397313851896 -0.97349776149848665785 0.220473303187311509 -0.28392712731241920299 0.22861769296859346667 0.93119242739497676276
-1.8281437987764319608 -5.9970636419902785264 -0.76590943802993671774 -0.98754886598575375434 0.0052430878357230589065 -0.1572251484977378877 -0.071199227873404283273 -0.90611647835289033104 0.4169935222607140668 -0.14027796420114371778 0.42299578920733410525 0.89520760445407732142
4.5295955407675920767 -5.5455548490461117339 7.0380428601936380062 -0.92639965653945366419 -0.004107815802068823588 0.37651932515198116569 -0.17420618400763801525 -0.88181373734558166078 -0.43824278440387598454 0.33382013393000337098 -0.47157995979244482498 0.81619633649335454617
-4.2039320308823517891 -2.3472429231834581742 -6.0164919056722769852 0.85937601893279447207 -0.0094795064695352704298 -0.51125629291013952038 0.51074379177126094653 -0.032523202469618747723 0.85911758244610225699 -0.024771702609078065371 -0.99942602540561131796 -0.023108061182896003083
-4.5571119324673476925 -4.0519963721359859576 -0.78256070194010929342 0.97633239090160139906 -0.0037749457648053588374 0.2162424848653634879 -0.20690583885582611301 0.27480240811943640322 0.93897476554961656348 -0.062968534393174152575 -0.96149331057273390577 0.26751743382465320575
2.7402235655591273833 4.1685641254915006826 -4.2290510002623475927 0.97335653861785298435 -0.0015659226267244310063 0.22929151012638407381 -0.15117193372039700039 0.74749332156808268035 0.6468390685992569944 -0.17240677244506083521 -0.66426747782611994531 0.72734078857003214846
-3.8292829568757751346 -6.3815606363228862818 5.5301651908258708801 -0.80480221864459589032 -0.016343934034707081893 0.59331801311346965555 0.59340506001060877583 -0.00059990425029972024862 0.80490376745840841455 -0.012799360081800865638 0.99986624902287768446 0.010181377428282539777
6.995034167055729668 -5.623850315928289767 5.2103856256627478771 0.98485370400343708042 0.0023270995666346931674 0.1733717575567549074 -0.048295990309927663842 0.9640188229877586501 0.26141003470650148177 -0.1665253104807451201 -0.26582380166735358751 0.94952989812670895997
-2.9103737112479093341 3.352564699833723072 2.9882316561461461646 0.99988559157045453496 -0.015002479726789840972 -0.0019311581652501309467 -0.010271352443570825122 -0.57968527022345228694 -0.81477572791836805344 0.011104192397078445353 0.81470234631307159034 -0.57977304509887206407
-5.8316669082542995639 7.2788102962350595959 -6.5531581731984784867 0.98263462874611240405 -0.0037759144267869733901 0.18551261105175853583 0.078891909827290107593 -0.89642112964996734092 -0.43612523990351220737 0.16794419594848747357 0.44318720738234962386 -0.88055655483338268752
3.0410320700535535821 -0.96147695531432175731 7.3589237596224306159 0.93685760257542749496 -0.00076769993983519767278 -0.34971022737880352871 0.20100419542102979098 -0.81712940669384803716 0.54027478762144387492 -0.28617327953480509173 -0.57645376514770307885 -0.76537958604042310995
-5.4065086236934432051 6.427835863415421791 -4.0761969462480625026 -0.76321815427130312859 -0.020321026895381569949 0.64582126386227467485 0.080351400858716670594 0.98876193103401133211 0.126069409921927722 -0.64112533982897845775 0.14811110560641704836 -0.75300823303958064336
-1.5789477125724040718 0.40073306699803656894 3.5343184091144856929 -0.87952410178182371947 -0.0085424425743415542678 0.47577765926911125272 0.4482297362592556067 0.32083405962628780417 0.83435940080795989449 -0.15977314517064264421 0.94709689729106083522 -0.27835231133179733076
-2.6243917924483004533 -4.1761256172692862165 -1.2283767671525922527 0.3148232576795975679 0.0083754569972863228411 0.94911335895349280278 -0.68857047031355422817 -0.68622229704002313255 0.23445610774132466525 0.65326642638053999956 -0.72734366757758939226 -0.2102716466827792563
-4.3046056216976165132 1.1140177738611676261 -2.3832427554890758259 0.98906341887579884986 0.0061682886740368984141 -0.14736181885615173837 0.13052241822027887963 0.4286684145868756568 0.89398394206914211235 0.068683708284288658152 -0.90344083511341954917 0.4231751477412541429
6.9687149011527642628 -4.8868008539325895612 -5.2910658143534821107 0.97100863409346205302 -0.01913828428136886417 -0.23827706266158862891 0.15786320311925361448 0.79984912879371206085 0.5790687180886512353 0.17950331923615756025 -0.59989590533918402127 0.77968164088979485804
5.3843238602110927715 6.4892492269056196719 3.592297726276430847 -0.98618290596858049213 -0.0076536362690522025121 0.16548322521412983654 -0.069750009517895408817 0.92525593911971937278 -0.3728758282537059654 -0.15026048099106695255 -0.37926622440641449829 -0.9130054320083852426
1.2471954858681835177 -3.6082315177030284126 -3.952074397005479689 0.75591570799104568223 -0.010329015410587715287 -0.6545874684509245256 0.20176579156622884148 0.95488041551094071657 0.21793108412346309799 0.62280174033636093167 -0.2968108884697041594 0.72389314730818776766
4.433009547443835352 4.5590890822222425172 -6.8668708873970594198 0.82067628997943664615 -0.001725861321957908659 -0.57139080187584678772 0.31419576793168196849 -0.83387917110960674272 0.45379130379899601522 -0.47725406910728662702 -0.55194433541121468156 -0.68380260611394538817
2.0826653484844639408 -2.6473053469349339117 -6.4898688811302100987 0.65312546609687915922 0.002737480522703770059 -0.75724476342619451152 -0.74495705708265902434 0.18177368082681250039 -0.64187016760511672597 0.13589006085288438119 0.98333658284390135229 0.12076032544818295078
0.28999304256553198877 6.961651500142259863 -1.688000129230510904 0.53361944127068805521 -0.0057330259417893922325 0.84570528218249896302 -0.20866818840788176059 0.9681687230088751317 0.13822775023065536626 -0.81957786637058815948 -0.25023280400628272746 0.51543735289043501879
-1.470599664121996053 6.8590723931334718344 7.4500477298928986514 0.95181027964872355618 -0.0075111367296316648365 -0.30659545720713393679 -0.30434753956738352931 -0.14638859833174419633 -0.94124542678181322142 -0.037812256138674907313 0.98919864592680095683 -0.1416201686984772945
-0.07476705443151063224 -5.1016622171380801021 -5.1068480709459818101 0.93450207434824039687 -0.00057558113379176014529 -0.35595721898152210549 0.25871505544349004957 -0.68573508404393557214 0.68031898003670732145 -0.24448393224426681614 -0.72785098970711514799 -0.64067194698755880466
5.9589807227185662697 2.5396927240024775863 -1.083999939838636184 -0.96964879911860668571 -0.001707854137281948799 0.2444959909735629211 0.2368710899331231412 0.24131457414500726011 0.94109476837303374097 -0.060607698535634052517 0.97044544387578690614 -0.23358584575859189791
0.66784129642470435595 0.46849270626031119802 0.98100616388495043285 0.94964030573433155791 -0.0072623080408310367734 -0.31325795856900445768 0.2693748469741916729 0.52961236912020548395 0.80433073439509372715 0.16006399202353380207 -0.84820869917544750027 0.50489753524918679073
-1.7869052447342494983 5.4072751166823627145 -0.30125262781140765833 -0.99955356804395800729 -0.0084664653757367414749 -0.028652810941622239294 0.029869386133786847426 -0.26082982366269036323 -0.9649225994140880891 0.00069597615291147412429 -0.96534766900429447301 0.26096626901784408803
-6.882546764088969482 5.1982260200517638182 -6.1507950191127944706 -0.99558792299592502317 -0.0015351034109909213188 -0.093820738869285352779 0.082340891234268770438 -0.49376292847244335205 -0.8656894062520678057 -0.044996280015133297003 -0.86959520118497313224 0.49171081019331908113
2.1385600862524629662 0.84932283265257613181 -7.2719971526988711474 -0.7378670381116312349 0.0026135562787417479513 -0.67494103697427876298 -0.63028150060686105594 -0.36039575607970764093 0.68764825964475784215 -0.24144867790299545662 0.93279583421207101779 0.26757142525973254266
-1.3441227224500591486 -2.3173801350908656005 0.67732622345487869531 0.30334693317427086079 0.010730451944063867237 0.95281976025628978277 0.74974338959860065135 0.61445802585451236855 -0.24561389255564380907 -0.58810329695316854171 0.78887653778275457217 0.17834887229479387538
-1.9607326348312992259 3.541649866760618437 -2.4955467948373546427 0.98769803322970561865 -0.012005571991024317768 0.15591171025692374119 0.13844668423049871775 -0.39639575879607558129 -0.90758080523662110206 0.072698767387438828491 0.91800123564702895695 -0.38985717970908007057
4.2037774043099389587 6.3201696905789237491 -5.4320391894476811601 0.9216234038395032524 0.019429671160300199251 0.38759874790051063176 -0.24343471375007330604 -0.74888122814907320812 0.61637362554492258759 0.30224136321300465458 -0.66241934905656185695 -0.68545661012112091282
-4.816236719009274303 -5.4277114864759967716 -6.5106000789485518609 0.85299306216744019693 0.0041464810561081090826 -0.52190577941719362709 0.48486771133200684547 0.36376311398878180547 0.79534879104005140604 0.1931479702246288177 -0.93148226155743651944 0.30827691772512466617
-4.5684652931819833555 6.0940974515696559877 -2.0153312071862981014 0.94571983346664290071 -0.0048030162275777398689 0.32494757673041696489 -0.017487846659531167126 -0.99919417436330182358 0.03612723539815890228 0.32451220594467111713 -0.039848876438672353739 -0.94504174259111795031
-0.67127526806773163415 -6.6596482216415289201 7.1479325021147337438 0.99110475803996600508 0.0080128821442465338054 -0.13284258470233126226 -0.048927621309597310595 -0.9063405329994447257 -0.4197057613558363709 -0.12376367182513114962 0.42247204873458243934 -0.8978863633970084468
-2.9230629212894534419 6.885461738966172085 -2.0085028558992252812 -0.99250733671114799161 0.011138023400709401792 -0.12167633709693620458 0.066976442801708946373 -0.78330017910219462696 -0.6180250686890909062 -0.10219267431778022992 -0.62154386317710319521 0.77668518941880071438
0.6730455178957084339 0.92554178557446797893 2.6962763188822873595 0.61551652856181826579 0.012583875497605511926 -0.78802350798976406043 0.55314255009781587713 0.70533912709206647573 0.4433170818547757519 0.56140246021754136585 -0.70875832402197347371 0.42718721398374898124
2.4658285934538062278 -2.4228363094959655122 -0.2182142126071884014 0.91222147000036513109 0.0069442220845432941351 -0.40963858149593612712 -0.3618297353100795033 -0.45534297765818076975 -0.81347527027117694232 -0.19217500439904239284 0.89028902637127038666 -0.41286101439491373899
1.8736628580744427719 -3.1963606738857186507 -0.79677701723311289417 0.83203565345792918073 0.0001507693486625912363 -0.55472213642810641598 0.45514972591358288101 -0.5718315455626240551 0.68253015354664015035 -0.31710471200477358122 -0.82037105066431559308 -0.47585285630777285348
6.0973848108938470958 0.56312102747856696006 5.8437442152110117277 0.81930743631478819555 -0.0050524832888882821938 -0.57333218748993286518 0.41667804004711739285 -0.68164192952118829449 0.60145132044180993347 -0.39384608128281184403 -0.73166847159851688964 -0.55636904292644528969
-0.57490025156321933331 3.6671928558367219431 4.4959142065463097993 0.92608436827309970063 -0.0032347001300593852119 0.37730263656034984665 -0.32333381097397634329 0.50861057723323777058 0.7979790269220504717 -0.1944813346347462335 -0.8609906024118598733 0.4699704171936947561
-6.246696382941784087 -5.6539439758264906644 2.1918312641279986686 0.93480333631095935409 -0.010723846905869697382 0.35500383311938848996 -0.35334886432783113586 0.072893382850524407468 0.93264737967523358986 -0.03587899803779186908 -0.99728208338668589139 0.064351718358194254233
4.3743405792216556449 -5.6639364677194041775 3.2726103519239115869 0.91846071727295475196 -0.00084926544442920652491 0.39551130145018759121 0.39546214870420176579 0.017882477945434731292 -0.91830817590006152962 -0.0062928347242071575388 0.99983973502297762703 0.016760205857892368497
5.3676338427647571905 -0.73652170453705978481 -6.5891201387630040642 0.92868825807765675862 -0.016667853242999176172 -0.37048657462434075871 -0.36855516100632768062 -0.15271335583772155386 -0.91697640331933594204 -0.04129421998587215481 0.98812995785821122752 -0.14796612375367568237
1.2245851113660619625 1.9902515821199564527 -4.6377438463331088769 -0.99994217103773341826 0.0021763378373514719911 -0.010531767844210570412 0.0078162359949027274131 0.81970947308564456879 -0.57272618779702544334 0.007386544197310396416 -0.57277538641886327486 -0.81967908090759267203
-5.3434298520835561419 6.277983990989668861 -5.7289412534357673223 0.99524866069958961567 -0.0034769724400000390566 -0.097303720578097385729 0.069575982085414697642 0.72450107127884655345 0.6857531483213369361 0.068112305000932391041 -0.68926490435716192273 0.72130063463787963407
-4.9751586167884376266 -4.9171230157583183384 5.146910857992766708 0.99202882202560760394 -0.0056998672419581565898 -0.12588219804221675857 -0.066043488632897287549 0.8272619681041424311 -0.5579210461506328711 0.10731763079625630808 0.56178745771157878597 0.82029127660751310902
