1125 14.717824617146108679 14.977075390850430381 15.033177056927090831
5.228965434269683854 6.4458891013735239994 1.7339887308375780961 0.89641907325299541309 -0.0069841729327093857171 -0.44315241896739210326 0.056909709004956537948 0.99341261053467233566 0.099461903519673586227 0.43953854225673694156 -0.11437922258529160946 0.89091147894253874817
0.0042595034268311550429 1.9631327369528797089 -3.5364549147398678386 -0.97485366509022486348 0.0012419898922035052871 0.22284252090036019145 -0.078665198990246182342 -0.9375257500282858647 -0.33890596704940184614 0.20849968375983723989 -0.34791367534923195448 0.91404811491361226405
-0.33296484309500773424 6.9670468320971883358 7.5155783723052165257 0.84948622188570566127 -0.0008404040674010659559 -0.52761013309757565093 0.52657775791141803179 0.063897158513168378358 0.84772225286758273732 0.033000359078379455646 -0.99795613473487876366 0.054722293864103398187
2.5807485954909821224 1.868293159733808606 3.3075487270675845153 -0.96693668529610765638 -0.0039912993739590852879 -0.25498532537755319582 -0.158798326785574484 0.79179005288949044772 0.589789456971991366 0.19954081797634642959 0.61078030557200746475 -0.76624466085363918122
-3.5220493549427804858 -1.9815197297402027399 -0.1912348090789731947 -0.99345026286517890135 0.0029114662880314373834 -0.11422827398335055893 -0.064351162436669454014 -0.84032637752033811918 0.53824762622482247298 -0.09442194186842697845 0.54207296797350867923 0.83500981688013919957
-2.3663496306545335202 -6.4215719842605354373 -2.3892252814270182881 0.92400995418650910818 0.014205898001162137884 -0.38210443209450772883 -0.31455226675117659019 0.59640798552586893333 -0.73848113468296805451 0.21739934693092907714 0.80255573467700935808 0.55555541279971965007
-5.1845938647189138138 -1.2818967934407599074 -0.87999333848749694553 0.96731910242803598177 0.005660586495869342552 0.25349893853493493667 -0.019844358016525221605 -0.99499429901778413399 0.097941545715339667355 0.25278440524039841319 -0.099771251784834688592 -0.96236466154191557809
-2.7193533911714760087 -4.0907278116267615786 -6.4128635110953187137 -0.92880238099805179086 2.5447344107633503019e-05 0.3705754125747331984 0.30233466963274779893 -0.57820881552822667171 0.75780493082557243145 0.21428925449154623273 0.81588881901750232029 0.53703403096223911728
-3.2946713861862484407 3.9200194907611498607 0.39364292715687276836 0.87493407991990768124 0.010514753545010089089 -0.4841278712826060926 0.37029761914956887958 -0.65876791183987049028 0.65490801765008987978 -0.31204171042803541258 -0.75227274195470283935 -0.58027208502998517403
-4.1181176661365004321 6.2492015811320520413 -2.8288176728068359367 -0.9675541052436977818 0.0075301136104193779758 -0.25255167949360624036 -0.18876397706544989497 -0.68596503702510314149 0.70272336587142503195 -0.16795003539293004713 0.7275955369353587221 0.66512970182015229703
-0.91390191351913596662 3.5679938647717790445 -5.1104596409762255149 -0.85133712900269531421 -0.0030868349438154148168 0.52460991625351593992 -0.21187457792943320545 0.91682637197824912167 -0.33843546928849821409 -0.47993151178967702331 -0.39927418536051562103 -0.78118235316474238239
-7.1378444988398479509 3.4947482524104414026 -0.54666673727850934039 0.99362107968075707998 0.0059073331361651042204 0.11261551149484402834 -0.10080594354494251674 0.4941689052888951772 0.86350173988909240119 -0.050550091592793867934 -0.86934584398883507639 0.4916121355084008826
4.3841177289619572832 4.4311731879194473649 0.50955926129769801847 -0.95651607360163815041 0.0074712568230279078826 -0.29158391804626004884 0.093337206377143433489 -0.93926677695426263881 -0.33025155202639144836 -0.27634248107636727454 -0.34310654618005470562 0.89772642331674445959
-5.802369243767180329 5.1042267117780282248 7.2176608590075703731 0.99994691155004100658 0.0019230181072268405507 -0.010123047122313750742 -0.010169545678650464271 0.025943385706115599382 -0.99961168514527143358 -0.0016596452547377642597 0.99966156410036588476 0.025961564632535748948
-0.95831681079734454265 -2.275603961998916791 -3.4886876493446585812 0.76918147424159954983 0.00090628139916021062741 -0.63902976326421867537 0.10863711293262447166 0.98525709643933945259 0.13216062806114534101 0.62972838381090334714 -0.17107785528782346041 0.7577430501515497463
-5.2261293352637858689 5.5001739845847588128 4.9108790291960353613 0.98508925833973948194 -0.0012835075580884204496 0.17203925631100530635 -0.050703298531303557517 -0.95772565363273243211 0.28317970953393939437 0.16440294590343140779 -0.2876802478134485308 -0.94351033189684041513
-0.48325254151550472992 -2.8932826384510206275 6.8120026468301411171 -0.8040477373269564465 0.0022974422790660187915 0.59456030632594614183 0.59273857395852014296 0.081413119949650170071 0.80126954693266594365 -0.046564139002142651558 0.99667779430422942522 -0.066821817544469114258
-6.8019795247447225606 -6.1100959553798368518 5.3281879296137315549 -0.99916047771406801825 0.01071166639137808782 0.039542382038737763916 0.011745298747520560578 -0.84979476693021593903 0.52698282899497317366 0.039247773586641339361 0.52700485225601845229 0.84895553356302555503
4.1464578914639131924 -5.983687658734202941 6.3060016313505746766 -0.94905991925877331017 -0.005322139553664903891 -0.31505070145445945862 -0.17775073591142070972 0.83462011778161826481 0.5213577801061296535 0.26017291469200271026 0.55080026672543824784 -0.79305051581589836029
-4.6148812034394950388 3.961331434303720922 -5.2768993162577846334 0.83279220101445583513 -0.0030351046309519003757 -0.55357740025153312491 -0.052514024941461366625 0.99504238133321720738 -0.084456713972538732804 0.55108930956233703746 0.09940547012343105282 0.82850414929313964674
-2.067753037353908141 -4.4874486556384187708 -3.2002967625957339237 0.99990421317874988993 0.0011872156918038240074 0.013789669550546550247 0.005300031192949637357 -0.95321572179319591367 -0.30224443319214738812 0.012785700480056302539 0.30228856783739982417 -0.9531307085694155079
-5.4080042085731783175 7.1095515050584436878 5.1282237888277037996 -0.99996875338334467731 0.0024061042176806921034 -0.0075301340714273136759 0.0056942520590926894164 0.87997020930127689553 -0.4749947433769863836 0.0054834067994930027479 -0.47502277987978624996 -0.87995641417349612645
5.4543983091463985602 -2.2911848327122803504 -1.7073780866532104472 0.9638350507539130696 -0.0075587688557761803856 -0.26639230460293683578 0.26209782468955639123 -0.15404027202911174665 0.95266800349662628111 -0.048236140302245836264 -0.98803565705221596538 -0.1464882765348770044
3.0431586840487905299 6.3638767118788130972 -4.6909336784511603824 -0.99411595286166387631 -0.0033204135617395822908 -0.1082702503914479697 -0.10576014103265339583 0.24581428262231980186 0.96353003639098122601 0.023415055729327206857 0.96931125718869093344 -0.24471906720264099966
-6.1976266529809729278 -3.078080807117943074 -1.3031972042526318578 -0.97656185501952152972 0.0041856288689371742157 0.21519624492944416927 0.077328409015424925954 -0.92623391960408119061 0.36893230183052233562 0.2008662751182877515 0.37692599629883521972 0.90420104668946932325
-1.6081022248855711965 5.6703228718021900789 2.8188490641515411284 -0.918256660274489378 -0.0027701808476668070974 -0.39597604972964994818 -0.21074511622250524656 -0.84317677989099681923 0.49461036568294897142 -0.33524797068710149306 0.53762928115075592217 0.77366889183903597704
-3.55492834842208838 -6.00437518791917757 -7.3810060470006852995 0.96302239722933491439 -0.0021035694696913964652 -0.2694131352223188558 -0.23507844667311400544 -0.49510464289248845571 -0.83642663545356088495 -0.13162821257078929915 0.86883080492224884495 -0.47729136392102350372
-1.8538727615824952544 -6.7034252563549605597 -4.7955151306875452022 -0.97087631274253094471 0.00066510929979275452278 -0.23958034766019287165 0.14700227016054351337 0.7912833096108770059 -0.59351584351126107642 0.18918117750720647718 -0.61144932869447965462 -0.7683359945467901353
-5.592571508483886511 2.8536239994074024118 4.6845982981476099738 0.51601115124177687754 0.0040377937348656045904 0.85657234838398244037 -0.64021262058861772015 0.66618054404634619026 0.38253272170248636685 -0.56908724483437123087 -0.74577957799599281508 0.34634163597658962352
0.45466810735449847414 6.5621105950974385479 -3.3465402627184701601 -0.94942239588050225674 -0.00016002397857269728965 -0.31400173342321480163 -0.23205975907672710123 -0.67330426442642865581 0.70200401403576384585 -0.21153104362651983794 0.7393654995315002143 0.63921301276247188827
7.1849115070182305587 6.2163297073700718443 2.183700155023582834 0.99903829951256428732 -0.0042072264363478412141 -0.043643732111973219945 -0.030341472172001844598 0.65222966363361989384 -0.75741392972589116628 0.031652348623550589923 0.75800973946380267865 0.65147476060434428291
3.3454592189817176084 6.8618302520185832094 -1.4864509927570155323 0.99354413774429273243 -0.0063201584059243238675 0.1132700399570181482 -0.099605608123596131587 -0.52651818591703902772 0.84430878399376696475 0.054302570698605501232 -0.85014037399502717651 -0.52374858025505111048
4.586019284826805098 -6.8066189606010683022 -5.5135691625479674727 0.95429057945861828216 0.0055361009648115713094 -0.29882911762863306748 -0.17011152320620287481 -0.81202338038534571663 -0.55828317132080917951 -0.24574694225785742585 0.58359864743990175207 -0.77396450763414337271
7.0950107896035943256 -1.4354869242648693461 -1.9054450872205443979 0.90815329505384878583 -0.0098322939699276561826 0.41852230368073245481 -0.26037314014718587751 -0.79610415146145330212 0.54628198571408570494 0.32781613836544792884 -0.60507975178577633191 -0.72554467361153940352
5.2401544350344897438 2.7662353191470696601 -4.1368480649904713076 0.58828393673859580293 0.010614250358092883891 0.80858478062890881688 -0.69419058591119520152 -0.50622192362783480224 0.51170186092176173087 0.41475467472671756486 -0.86233792780319795668 -0.29043391342004576394
1.2644264772259141694 6.8973937233134314795 -4.1342387393956867569 -0.97107042015765965282 -0.011558775110216953919 -0.2385133828794026023 -0.23852258367129733352 0.094498733233052925606 0.96652830610183271265 0.011367329213357587475 0.9954578766252182298 -0.09452195348836801847
2.5918354078061254242 -4.7515132202166059372 2.1565335009625723472 0.99699558957301459561 0.006682361635139101412 -0.077169556270230602046 -0.066035125860151810961 -0.44741204274915019612 -0.8918866666541880317 -0.040486498053027848709 0.8943029744141248738 -0.44562656275111783843
5.0969461299660228093 7.1841588653531083253 -6.3481832843896208729 -0.96726461165481758542 0.003949963597250468611 0.25373917479923463469 0.25308661149523697942 0.08834096618898321096 0.96340180650377038596 -0.018610161796559863273 0.99608246218893881085 -0.086448773256389208064
-3.7661812361434146013 7.2697237740882085788 -3.2686158433361058862 -0.71231779260185357217 -0.0013283142428242820932 -0.70185582417192904359 -0.50640973081444484727 -0.69141102775821638993 0.51526689708432216186 -0.48595529308696761017 0.72246039772133707757 0.49183170581504687124
2.7961057305688585828 0.27390024425180597989 -2.6245069223684827087 -0.84019545582470556155 0.0091632111673880869973 -0.54220626294132212575 -0.27137694668338857573 0.85854660871636023778 0.43503134768702428348 0.46949563237628111345 0.51265364157752890684 -0.7188602749888023391
5.5282827243162770969 -1.7871475086003694166 -7.2246067911780205151 0.98922356565101887682 0.0013782512967517096189 0.14640641237367293948 -0.057808677654852862193 -0.91503540883045397791 0.39920966593271695055 0.13451726264151361856 -0.40337117027581220752 -0.90509491493525140449
4.182688861701186589 -7.2280213882329285013 0.09478915870684694045 0.921329072181699682 0.0054895866650193202857 0.38874491018024187605 0.35541841717069894147 -0.41715972393730393897 -0.8364541311156374892 0.15757693196871971897 0.90881660920281592819 -0.38629248161015905527
2.4727352283114143461 -3.2595386557569314689 -4.0655116171329117591 -0.99363869191882581156 0.005613905793436537589 0.11247503715777690259 -0.086671970306913787008 -0.6758181207803102275 -0.73195480542720381401 0.071903542923987318058 -0.73704704848924629257 0.67200560178348656137
0.55317899067664066948 4.7002666512995796566 -3.0720311586555708594 0.12554295065169179813 0.013362035017465297843 -0.9919981973582185919 0.26526508855227209915 0.96305149897163944139 0.046542917010924833576 0.95596725902981372069 -0.26898562479937820902 0.11735984540828074685
0.031668650354137815872 -4.5529803613664725503 0.32865785030586902593 0.75461079879742998244 -0.0053054522133942497511 -0.65615119790725684457 -0.42982771078668463582 0.75156171309172925543 -0.50040296807118089806 0.49579298238092245343 0.65964145078318692228 0.56485615428220570244
-5.8045143004029284839 -0.74536640292413669506 -1.9709716906056466978 0.82794152640938167842 0.001672123217691581093 -0.56081194071717122007 -0.49053379513336936579 0.48685589097147113913 -0.7227364230882709073 0.27182609271202806678 0.87348070695944357578 0.40390844246015905616
-7.323270006914216701 -3.0707252705049579156 1.8299019703057968211 -0.86377806583593819134 -0.0013610249271178006744 -0.503870618901160916 0.47415711877813859765 0.33613724073462941666 -0.81374859883339878408 0.17047721165212678662 -0.94181203167214511129 -0.28970263599915824226
-0.36829500238375012522 3.0012136928561119475 1.2581746967186953068 -0.97908990804838369471 -0.010556269413097851134 0.20315392473166329901 0.19045961333920141678 0.30329128758859486004 0.93366992591570752147 -0.071470886691392412904 0.95283941986512399325 -0.29493889588628741105
-3.6480089549942693594 -1.9717869521850333037 1.6088097704984143377 0.9790543320934926852 -0.0016370060377163819787 0.20359257113205397882 -0.11008830718732065534 -0.84543765329508890893 0.5226047636709477695 0.17126931841270590096 -0.53407161935660474317 -0.82790961219704595209
4.9793849459130647972 1.108773525141691918 1.836690230524339551 0.88128018614662939623 -0.0094600727992748007839 0.47249946087590416477 -0.25328216871989472914 -0.85354128664134087945 0.45531902552737779644 0.3989904466449807896 -0.52093932374243423489 -0.7546050917299358396
-5.6524837080306999937 -1.6623094871025141384 -5.2071015310442447799 -0.99850215861383440075 0.0041858303667231281861 -0.054551975834439256352 -0.05109919809410182201 0.28498008585774853296 0.95717042506478144936 0.019552779788424828195 0.95852429780817838267 -0.28433933831586311047
-3.6893385626298091928 -5.0524541916876879455 -6.5055507725366865657 -0.79505596232547892654 0.0016264066825117991927 0.6065338997716608338 0.44651975602055732351 -0.67521384020633101741 0.58711700492939322693 0.41049497470033197155 0.73762024429591888097 0.53610656678562773614
-2.8988565557996235356 -2.9526463354968073283 -3.8937777400165405339 -0.95827399042184002731 -0.0025020437585137971469 -0.28584033840255268499 0.0094730792204602079498 0.99913446788045667812 -0.040504022805767925242 0.28569427724603391194 -0.041521739732279523694 -0.95742087144501131224
-2.9243670761944970948 -2.915029382208695008 4.8798028632025545193 -0.9041871542300867759 -0.0066171970353251256466 0.4270852407056056621 0.40941652578292370146 0.27158304542135702775 0.87098837986261434807 -0.12175261205042200996 0.96239226001833089175 -0.24285271115593051738
-5.2064290745074268685 -1.7839943023740987282 -1.7773975389942284764 -0.98880126870319062782 0.00099152921328828861475 -0.14923494188960298446 -0.1277609395760906652 -0.52244413674485623567 0.84304760618819096774 -0.077131014057917793303 0.85267293896941787068 0.51672010394370826436
-2.1005913146702273053 -3.6722040722677022906 2.6905411987023049036 -0.99989342975099182453 -0.0062357978268432132096 -0.013200150232181854376 -0.011526730807743947038 -0.21765862813876440951 0.97595689252833395244 -0.008958996460308961407 0.97600503913770819686 0.21756355384169023814
-5.781597878419420411 6.9527087775788052326 2.353528046953951236 0.99941900300127883838 0.014473032834595991533 -0.03085753976661480269 -0.032561712785575951112 0.13797396563836275551 -0.9899004594737628171 -0.010069324721514949506 0.99033010462501680493 0.13836506991674438205
-5.5430257109006593197 -2.4526689091134969978 -2.707386168460453657 -0.90608650153562997343 -0.010625812614876569903 -0.42295903328957246137 0.32255493598723006254 0.62958331566485115083 -0.70681197068726364652 0.27379840212329215055 -0.77686030967138453018 -0.56702953560809155054
0.64180122518001758714 2.0929876279503649705 5.6166351189948917622 0.96439337247555190213 0.0038477469558688926973 -0.26444397888513587747 0.1439725666779113622 -0.84638965455131487392 0.51273429055671670973 -0.22184977613110853922 -0.5325502300364749475 -0.81680654338643421397
5.2790171789244597633 -0.78618718009583710149 -3.5032004504976388404 0.99933595870497493596 -0.0067330602508716384802 -0.035809321953117631554 -0.029667226633362801108 -0.72092775529828745373 -0.6923749181652354423 -0.021154132054194800527 0.69297751589795264504 -0.72064878072252136487
-0.66336338897494506739 -1.9766175783340735883 -7.0180515828393250644 0.8518142020323851149 0.012776691419723006093 0.52368819098027286074 0.086980928477590702119 0.98237534563136119647 -0.16544787208283912028 -0.51657224402502133209 0.18648173222046035558 0.83568994265276341782
5.0588023363839509372 2.9262571110944644026 2.6084502281562205184 -0.94184942244682290369 -0.0070263556136301048155 -0.33596174747027063301 0.2368427290089699655 -0.72311626321454258726 -0.64885159442679030128 -0.23838034137081948183 -0.69069059657809583896 0.6827307761090767313
-0.79733140094074228532 -1.3010190853684417966 4.2953304179085503023 0.90853569166466907614 -0.0058339589033819562458 0.41776651600507991313 0.30969321454890080814 0.68058395156760687073 -0.66399969708663331147 -0.28045143935067218255 0.73264687933017058619 0.62014154865964266072
-2.6619267515370967914 4.5199167836026994394 -3.7229244192819304082 0.015192540776741786379 0.0034575411053734323753 0.9998786086892307301 -0.52224167161679890814 0.8527829581595600672 0.0049862510470741255517 -0.85266219755047234496 -0.52225402983799373846 0.01476161191209144144
-0.70491728974595502244 5.4182962818414015516 -6.4813484619509482698 -0.84755541167460535235 0.0086036970196358281138 0.53063716467912958041 -0.5041089464901152839 -0.3256192956017013862 -0.79990389697793362611 0.16590356900856495503 -0.94546181875810786366 0.28031759677336848258
-4.8028489601372639228 -1.0190317398537049876 -4.4352583181093612197 0.82327137002286998602 -0.0090779262328976768892 -0.56757540693381469676 -0.55657681519000234971 0.18360283445940334124 -0.81025443409565212072 0.11156388346511102172 0.98295859039632693666 0.14610239379425782325
-4.1647071965684636652 -1.9150554337123479876 5.4672109006284523858 0.70177423734388999499 -0.0054465753648376743351 -0.71237858938720355351 -0.69434867044380443879 -0.22890541417946683178 -0.68226258523544525136 -0.15935132146716679546 0.97343343181549268905 -0.16442174482270374702
-4.0986697315688411791 5.2125044749816753509 -2.8050731400175905605 0.92805049755377189147 -0.0054829150285680486321 0.37241403254052973804 -0.18483005729543980356 0.86130657453490377939 0.47327458687658036096 -0.32335757902119416363 -0.50805602280240880209 0.79832258754449703098
-1.6306037014499905613 -6.3296463525834054664 -3.6263637819881346935 0.99872809331521239518 -0.00058371465182401917338 -0.050416811681845682958 0.033459522338869659985 -0.740352540396385983 0.67138556455549447399 -0.037718112198355704945 -0.67221854720455687104 -0.73939135023756430432
-3.5887649297868815523 -6.9843968494042014683 -5.5952354080826136595 0.96039961760759284815 0.0037755063013755968751 -0.27860064617886243221 -0.027501196728818684545 -0.99374108873229138883 -0.10826972219275556031 -0.27726568247368765796 0.11164405097171557768 -0.95428473067786623307
-0.42467911096783905744 -1.2395493005899049788 -5.0777148490033372497 0.99124894235385641039 -0.0037947988228959547707 0.13195125533375870464 -0.070889782450530625102 0.82791803697474697366 0.55635093492873233245 -0.1113560641652617117 -0.56083627161037330477 0.82040386604387161018
3.3166101381525505687 -6.8986688094313812769 7.1475392012964737987 0.98340800300247610544 -0.004184797567030223639 -0.1813592762997246477 -0.18095664479882003772 -0.093073489245820734128 -0.97907712581940387064 -0.012782501078201339434 0.99565044722985707182 -0.092286481118589738792
-0.065103321134845987261 -2.5325935658677916074 -5.2969298004434817173 0.86235620055364348158 0.0035528204890956068332 0.50628960174301962383 -0.28261033420989228881 0.83307369902021821684 0.475520358132535792 -0.42008711282821653565 -0.55315060288071593586 0.71941033365411921618
-1.0390134547478266924 -4.3869815919297785456 5.0728640367192650018 0.99323209550705171544 0.0067507748164170999078 -0.11595012502809483312 -0.11597687224346822643 0.0037141527211326545374 -0.99324496987107624424 -0.0062745166567880232208 0.99997031561384974729 0.0044719494386375119657
1.3138540095043533817 -7.2914645816555916369 -3.0171624006504895732 -0.98974711523550873427 0.010819579146553329543 -0.14242045004187831037 0.098997440099099914823 0.77072642791612588908 -0.62942853459753023149 0.1029570528757874498 -0.63707433633667853723 -0.76389536930423607153
3.4829931827062150518 0.59842513180655620975 -6.6400274060386808017 -0.89821434250952547629 -0.0070211955048294838119 -0.43950164700924454486 0.40558838570720623373 -0.39866212583457971697 -0.82253666836448413591 -0.16943747014600327172 -0.91707099629121757722 0.36093175459056636711
4.6094715088643951617 -2.8384904610581553897 -7.0078490122728718248 -0.23269643394430125638 -0.0025521448224467718248 0.97254606892755612879 -0.81078393396057046871 0.55277216443645627031 -0.19254180495634171111 -0.53710500096454250052 -0.83332851912142202888 -0.13069734946717531665
0.27134988978158974815 -5.7914071074644706272 -5.4895949312848930646 0.86497843292292275752 0.017613751836206333751 0.50149981687388855978 0.45859252428822899761 -0.43348390082690213543 -0.77574777111554038544 0.20372826815464201156 0.90098915835326964796 -0.38303176015138246102
7.1174948498818215725 -0.24674596086674122075 -6.6166196785907898104 0.99175456938324835221 0.0012561363335692702237 -0.12814560557835710797 0.048244993833481922274 0.92272556682633100067 0.38242639670279449104 0.11872360623544735148 -0.38545551033366159954 0.91505669489698282515
-0.6470724173739040852 2.162782587468053741 -0.77147167511448666577 0.95703971370346585523 -0.005648673044062217305 -0.28990184353877784806 0.26513376758064832739 0.42180484463992240496 0.86705522218989528049 0.11738429061338551129 -0.90666904961575800481 0.40518164171893811254
-2.3716023994420192267 -0.48765183300693198953 2.7806708514776126151 -0.99227115452553604769 0.0062702343892015160315 -0.12392998046146606883 -0.09299886770036189243 0.62363085528199768692 0.77616735756324084505 0.082153310967432766065 0.78169382785135843594 -0.61822778407005951617
2.6698019416924902991 -0.70344992432370978541 -3.8718909217741406259 0.71459433999436483553 -0.0038901536260620567242 -0.69952826672893386739 0.51263294352850785618 -0.67750497377813434507 0.52744144292532313401 -0.47598570824894381737 -0.73550790424749823426 -0.48214699867581500836
3.1956902296873104241 7.0148136946557890781 -7.1619110659907923022 -0.99774251446700423784 -0.0077581149701662719537 -0.066705970327687519328 0.01864171176532192567 -0.98626347412557058281 -0.16412448381721239654 -0.064516365425446364767 -0.16499748864124258452 0.98418162314402157786
2.3533935055284178617 2.9518586963020125857 2.4226960430410411362 -0.88276330374997080686 0.011753468298026707034 0.46967095453664819971 -0.13091459537813687763 -0.96624599676800959625 -0.22187844069841006212 0.45120983840051709368 -0.25735292831586087381 0.8545052088886673225
4.527986479065192249 3.4206944252116402438 -0.92175713747446808011 -0.988781959042840497 -0.016056862958144842851 0.14850055428599082119 0.13623628373321763907 -0.50455070494675080539 0.85256569314757557621 0.061236528852285102009 0.86323273993151117267 0.50107816181153863599
1.3334971092740217635 -0.40302756163686337398 -1.8936013534493107979 0.95437934576499805495 -0.0012066230200446313031 -0.29859438782063185691 -0.17381137816262159923 0.81087004599432854768 -0.55881962504048188212 0.24279552960938893813 0.5852250102055819303 0.77366789918657763447
-6.600531663075920541 -2.2634099455229446107 -4.4417071667086052145 -0.23902451772466359881 -0.0048584354739815783022 -0.97100137771858752167 -0.10942049080859482524 -0.99348334219080580709 0.03190619031870067096 -0.96482870817449972733 0.11387380907914389228 0.23693526434049058671
-1.2920532844131134009 -5.8143081188617511401 -7.4819879904111825653 0.90411809231571260703 -0.0056402492531524555525 -0.4272454361788822208 0.27973297041983868905 0.76365452070400763329 0.58187733953853515434 0.32298597555843727713 -0.6456004651460138799 0.6920116321247092861
-5.4450039392142581818 -5.4392282777328535559 5.9310425875572843069 -0.98103553794096365337 0.0040652610858461883658 0.19378531148975830511 0.16487746249054027747 0.54313837764600558788 0.82329589157884985884 -0.10190532694404537406 0.83963335830611263155 -0.533508320422510951
1.8476375407978486987 -4.4467676685656272184 -2.8087552673290492322 0.79006168764970274854 -0.0035593278757532109853 0.61301701517435192024 0.49605834324166458993 -0.58381904058862799101 -0.64271412614501455263 0.36017863596890697941 0.81187601210485760284 -0.45948742220043514717
-1.047095228439141712 -3.8883775422367676811 -5.6398854955514110543 0.9995258243987980018 0.021182897362309528744 -0.022347510359993875972 0.014449137148443084999 -0.96356346188692243437 -0.26708926850822134469 -0.027190969008360633963 0.26663971905165706477 -0.96341263819216815811
-4.0263901550395582163 1.5628962326089466117 -4.8854699283602860405 0.7137317154040820899 0.0085621966950256769846 -0.70036685188123981582 -0.29145618731338951424 0.91287382245182824292 -0.2858577883476862147 0.63689899458477272631 0.40815202200900724261 0.6540425044497917284
-0.37428726848435756036 -4.3962818199000279762 2.946764964627905492 0.68734991533960965171 -0.0058502707477747755566 0.72630287636402646179 0.62640573625603612751 -0.50138516778524411244 -0.59684903209322059947 0.36764921796197469472 0.86520441969351080669 -0.34096240947467115756
-7.0597307039654042526 4.6484410671242955004 -1.2396988805520692267 -0.92344243496560818318 0.0027727402836708750847 -0.38372696180479809458 -0.33441156308416686294 0.48463837704729417766 0.80826638552430307705 0.18820992476549236461 0.87471021224413270101 -0.44660840656602601717
0.84991580214694151252 3.6508841220523247095 0.38004428043179994123 -0.98194797177325587878 0.001670327935028223347 -0.18914383610106946798 0.1106923506406748553 0.81592778233912144348 -0.56745841919630102268 0.15337986908348080761 -0.5781514196227068858 -0.80138352350683206282
-1.4065850517544171705 -5.2979359405019605944 -4.8844437980542556588 -0.99987676528138103027 0.009277972033765721771 -0.012663865344759557552 0.0089694430832082186478 -0.32442591909890500235 -0.94586858078053692722 -0.012884228393904191556 -0.9458656047514222287 0.32430272031992823933
3.6451813956323051436 6.2372456601151888833 -2.4948159100444042835 -0.95372518050598142914 0.0040417251356340711671 -0.30065253121629598176 -0.082979775692806609366 0.95754029574984012019 0.27609950894768342522 0.28900283198406484519 0.28827113361056611041 -0.91289490996065891792
1.4308808762873859166 -2.1476921747251096484 4.0014165022961307727 -0.99517672231951481709 -0.020008829560801143915 0.096036129102740758201 -0.017950486408748786427 -0.92530571601042943541 -0.37879692706806006308 0.096442062354081481423 -0.37869377953444427476 0.92048354137966759136
1.7853246722497297938 -1.6914102828342034712 -3.2428453068867635345 0.54580663409033303157 0.022336710440601072192 -0.83761338907021443134 0.3312699078509567796 0.91245090699527586775 0.24019490101959567463 0.76964626052191498218 -0.40857608066317918638 0.4906222783104176588
2.2309007411542332022 -3.5933849599269547248 5.9327217737547703891 -0.95894833169817728091 0.014893772235662683379 0.28318946428470997967 -0.2724410435395852037 0.22875973935869864384 -0.93458271942269444121 -0.078701810197390642543 -0.97336897279352030399 -0.21531109556757468959
3.3431249057683927184 2.1519201193896955182 6.8291709102568720624 0.99971503983665843673 0.0069832960392788509529 -0.022827016904186946122 -0.022980390193337661697 0.54034883060032512514 -0.84112724538886496362 0.0064607113290687540746 0.84141213138708959018 0.5403553315771780774
6.6479892038986418967 -3.3884259720641369817 -1.7816743310575560155 -0.81939925284723069687 -0.00071674333009604527037 0.57322277581437774963 0.46913867471640385842 0.57377822915402776349 0.67133259092214303543 -0.32938392237435781817 0.8190103967763954218 -0.46981720025282297515
3.0396413592005200321 5.3109372068002755896 -3.4036176232426873511 -0.99179006365194433137 0.0029738629094237835349 -0.12784219092558846143 0.07176238673740467644 -0.81452372454156873882 -0.57567461469892455828 -0.1058424748908080304 -0.58012262350162013824 0.80762312510887479533
4.6126222877507130349 5.1725768565959509004 6.9014962933846994986 0.93158313947144699707 -0.0042227531895177730994 0.36350381374616658192 0.3622192131905557777 -0.074002114843678482026 -0.92915064903074251479 0.03082362483766612829 0.99724914407288267615 -0.067409560135763130218
-5.3932323097345218343 -4.7589248617497590388 4.5205175877265109108 0.88585657474368328934 -0.0010069000700564699827 0.46395809631429113518 -0.46382826247560987598 -0.02567708830048195251 0.88555295158741509365 0.011021429677740061243 -0.99966978212246926372 -0.023213246201276148406
5.8675809609847027204 -3.2953314185464415154 -0.30116908551389520721 0.90877302927497882745 0.0036061886012003037047 -0.41727518098502675015 -0.38578695334254331506 -0.37389764011036991098 -0.84342692709603284129 -0.15905976201733557085 0.92746296428688757008 -0.33839687052817957191
-4.0350361132265364361 6.5374834586819998705 4.2393456471247414896 -0.96848170579497050436 -0.0040612394021853322548 0.24905158476695446468 0.12182085760200818403 0.86440347851064669449 0.48781790146719206103 -0.2172622014836329829 0.50278239097379551215 -0.83666421169621685294
-2.8557779341924840466 -2.8418171708884152338 0.72433014168309417524 0.50576634501011652478 -0.0059425507465784418656 0.8626500393239322495 0.45373783679920820511 0.85231611154860786872 -0.26015230433611452598 -0.73370455887349250723 0.52299324286757442604 0.43376916465204445883
-4.4748213580302111936 -5.7671594211584427114 6.8165895454958853605 0.99227748734499587879 0.0012283552877630369085 -0.12403176710632604629 -0.12044151277160483615 -0.22950116543376899991 -0.96582765391440505987 -0.029651814607477736813 0.97330761129651832686 -0.22758089481039789348
3.2436860496207176041 1.350484122588547109 -5.3913996809282309641 -0.99983319641468482164 -0.00023595181464014492421 -0.018262630534386904702 -0.017829561122899854203 -0.20422178947285693495 0.97876226299073154635 -0.0039605678202461122583 0.97892461662339580464 0.20418351762878148015
4.6891269876283621088 -3.61282124719067399 3.0532011198974169375 -0.86492152130295385515 -0.0069483379107841579045 -0.50185902660726322555 0.25873268875786320509 -0.86298049821732913944 -0.43396089163035417302 -0.43007924590134394283 -0.50518944990647773885 0.74820816752309227127
-6.1208075831610821993 -3.2506121168362609453 5.9795648228833089277 0.98177105201907755028 -0.0034772685548999596877 -0.19003554936078739801 0.096733740906637347146 -0.85151388511294034966 0.51533162801250342877 -0.16360985541124056786 -0.52432052416743046841 -0.83565531360072620171
-4.6975934637575518238 -3.8234873616540285823 -5.7774775787041097175 -0.38545826940986249731 -0.012088130650285361031 -0.92264608579935014632 0.72196994169521155893 -0.62663340317318383388 -0.29341094273412404725 -0.5746140668588761713 -0.77922041498212635258 0.25026829412232093341
-2.1428533914245062597 5.7955382698238739891 -1.6984376506735821 0.96462714294102758217 0.0019895751707684370888 0.2636105397969193409 0.25900294581682953288 0.17914024276899620514 -0.94911866880755202391 -0.049111599033218204802 0.98382153615967216087 0.1722882347378560941
-3.354730446979802938 -4.0086489138858656389 -7.4460450568449099151 0.84952790028027536096 -0.0043572167446401461124 -0.52752569729618759009 -0.094210391545024751991 0.98263821895723812982 -0.15983282757130817808 0.51906333791791481325 0.18548084889483062998 0.83436808779028770466
-2.6177553642328406092 -2.0711010065287283055 3.9321343680515457031 -0.98136152424727551846 0.004780567109797509949 -0.192111178501147839 -0.14130891121386904286 0.65954748229317927688 0.73826073321844631892 0.1302357490805230722 0.7516476999092590594 -0.64657898580350758877
-3.8745853460064032525 3.7660215619924364283 3.7840097737574573955 -0.98760428223161278449 -0.0054380856978166400295 -0.15687003838126839517 -0.10367990750930217159 -0.72774654386158033059 0.67796419129354967836 -0.11784845563976248384 0.6858246095915871976 0.71816178287471921227
-0.97391640309796834174 -3.1255077365902570463 -6.7915581353422460609 0.97343978193241742503 -0.0051567478234172759236 -0.22888512162912169612 0.17150051748049471856 -0.64586839848322208368 0.74393654591280922173 -0.15166596010715924225 -0.76343134582795124654 -0.62782960805634058232
0.25188198085576279928 -0.041481066079084139009 -3.6236453048050680792 -0.98783066612373970905 -0.0064080091194130533311 -0.15540113411638140084 -0.079758400606498025542 -0.83690475291307686589 0.54150626227604958807 -0.13352592481688227433 0.54731103768386535346 0.82620908699376738316
6.0824522457394580854 0.92734312703172983028 -1.630293255020740073 0.44189303982481920041 0.011387484160842197001 -0.89699546629781989893 -0.89048491217440706169 -0.1153454564577048036 -0.44015002767723448995 -0.10847655296923713886 0.99326016273641071219 -0.040829971551151464371
-4.5937889715965471993 5.684871858179515236 -1.6932881587763362052 -0.57910485350027174345 0.0037487990380643734095 -0.81524445116683386114 -0.76503264270677362457 0.3430511876280118444 0.54501462206073569838 0.28171372747088652133 0.93930922979211184387 -0.19579465411933996699
6.7668688611076897033 5.7887271087158609362 5.4390567037719472765 -0.94712317498173614894 -0.0033310565638877114719 0.32085291875635629788 -0.13603084765812722967 -0.9014714432735889682 -0.41090734411488216704 0.29060849935568616731 -0.43282576289346585963 0.85335136906080211183
4.5284846947102765924 -3.9530552051477565456 -6.7602994462325778358 -0.97626027340896381901 0.0033367655555379747805 -0.21657503216921122902 -0.12343086385493118318 -0.83021850925379803154 0.54360100141592615497 -0.1779907312516472162 0.55742810557782962455 0.81092120868824990598
1.9992201427386080415 0.24864891577800984912 5.3713143111193675239 0.97026798191839658259 0.0036815506626564392829 -0.24200514343440976406 0.11197187091585610041 0.87962090678560589385 0.46230872852395332728 0.21457479672035323359 -0.47566112572985880247 0.85305577196449855482
-5.9514160713388806201 3.3224729169450930577 -3.7563178437827366984 -0.80234029961205155512 -0.0042354247557504949573 0.59685182817471749139 -0.57059941242675205064 0.29883114259583737349 -0.76492892398772383 -0.17511811487286699229 -0.95429660451655962117 -0.24218099936079817702
5.3881455892339671365 5.918292855146961351 -6.0997350067340745383 -0.93051195002365039155 -0.0057793285351113868678 -0.36621593387641693251 -0.078349351830247215833 -0.97358946571977167395 0.21444097394698527492 -0.3577833002406483609 0.22823266988155954671 0.90548382562458373801
-1.7839516408162932048 6.4437522045183355246 -4.9746040247962488579 0.96180206367934450995 -0.0089666240543593497825 0.27359895824955166033 0.23080735271481297999 -0.51083574282171284597 -0.82811521528621190313 0.1471895248818595181 0.85963157428569847429 -0.48925330888638712823
-0.90886008039277199622 3.8470187147455527921 -6.819889904605705766 0.85509264713685406711 0.00034124675909957651043 -0.51847511836455917322 -0.50104163361103803975 0.25767970830931669068 -0.82617095646956606458 0.13331858910446381383 0.96623033044733330765 0.22051100272530319013
4.9245717702137135063 -5.6955499191901353129 -5.3215118916269057436 -0.9711038911689938713 0.0096239112269257062748 0.23846302205849120859 -0.031373313571483596451 -0.99566333344761537294 -0.087579915639986613551 0.23658602611332926746 -0.092530572032525418291 0.96719447138987013624
4.8897716405485445179 7.0712757439408928661 -2.2566435675702432029 0.9995830474372102703 -0.0016955841924073764698 -0.02882457754114612497 -0.011685065545790778579 0.88912333225598361164 -0.45751847971557130235 0.026404365536160399885 0.45766453329070527767 0.88873279699147789135
-3.8023801260498939492 1.0348386820055317514 -1.362435233781638555 0.7681371439069972773 -0.0088134099560096268444 -0.64022468864854076287 -0.083313045204671948296 -0.99278027890439235481 -0.086291681622103655336 -0.63484192099215241978 0.11962291429069804582 -0.76332567998695166622
6.6611476084687222254 -2.476966675900064363 0.36850247053377671591 0.99853656639305210518 0.0081024384018845950484 -0.053470328855185197958 0.03721628156347694949 0.6144179015801681798 0.78810252543969838701 0.039238679418795344156 -0.78893915653227808527 0.61321719914535977036
-5.8353377464753446446 -6.4289597988179121302 -5.4568512245223619317 0.99919235565653174991 -0.0018088134142094777421 -0.040141806032167021145 0.035244386907353292271 0.51925911198255492174 0.85388981011294107226 0.01929947121086915407 -0.85461494418077166291 0.51890348581775114223
-1.2802806735664205018 5.2335203161409298289 -3.0766773076734215131 -0.98581931930685084975 0.011197453431892930714 0.16743621686519954972 -0.031477500095248064915 0.96772155324827924261 -0.25004832006340660389 -0.16483154027444046896 -0.2517729382110271974 -0.95364613506028883538
-3.7507176729379820834 -5.4020690680230103453 -2.9951319418072968048 0.9930851678192735843 -0.0036116443434537626178 0.1173405534441843423 -0.087124471601113001595 0.64725277898465360948 0.75728011101892644952 -0.07868402573371523212 -0.76226687985358254629 0.64246247203446693597
-2.4732943623587089199 -6.6697949638765949842 6.6027945311789455474 0.95713561343332620446 0.0061489155897616496957 0.28957487517866403737 0.2618674571506890425 0.40882578007633346706 -0.87423504644377114658 -0.1237612717416363417 0.91259173368050883202 0.38969151291094633605
6.4311828439759768372 -0.67494398509634956351 1.8880071398204847366 0.90296283352697148672 0.013445042801254069101 0.4295082677820536432 -0.14229667430817038998 0.9524752754202033822 0.26933716081178893376 -0.4054747559958555847 -0.30431904399395448557 0.86196295843429304728
2.9158032157378683813 -1.671265055438268865 6.9462313908966573095 -0.92751453712556708453 -0.0058186806227321493865 -0.37374179104900628889 -0.032015754417994188308 -0.99496766821233606493 0.09494382908435015922 -0.37241344617204663603 0.10002740708405703784 0.9226606867869474593
4.2310148082109684253 7.3842188492174090086 2.2209019556915441385 -0.91248999839105260357 0.0046806570099675471469 -0.40907223602466430412 0.015300211404412818531 -0.99884451566760623642 -0.045558062422054533547 -0.40881280112937273818 -0.047830167997056069473 0.91136401545272704983
-0.36807270519474843962 6.7732026750593439246 0.11807584437014027878 0.90619121120093948374 0.0009134626473746715325 0.42286718284610219643 0.37357717980946758551 0.46682045047887849032 -0.80157267776560015005 -0.19813525548923421882 0.88435164533158572286 0.42268734063317631167
-5.4047969322248157198 -6.2417792435141761231 -1.4975108869889435237 0.99897968595763664279 -0.0028248832293732793058 -0.045073352203020798645 -0.022529661690061490026 -0.89615459882412862314 -0.44316966203772278909 -0.03914078931508560566 0.44373297718478943441 -0.89530388336625799095
