1125 14.717824617146108679 14.977075390850430381 15.033177056927090831
-1.6589094561216741752 3.846031917769980879 -6.8470824325724874981 0.82000599773601801079 0.01485351016098741643 -0.572162159630305589 -0.52335439994226096161 0.42416150129389551537 -0.73904478408362939135 0.23171175140248878588 0.90546473926709480917 0.35558862496697485334
7.1842043074892192323 -5.2741085289468365715 -5.1095395091138264831 -0.99557105726269889967 -0.0056556227773295608685 -0.093841802368664350986 0.070028418354424443182 -0.71059452576557535775 -0.70010816348241444729 -0.062723923375146983794 -0.7035790175119770451 0.70784339761951586834
1.9071843973176267895 4.6944946735209605038 -2.8162342100983392967 0.99982670540837248474 0.008190520568456371997 0.016717491587319756319 0.012806339226175246851 0.34915720838980435214 -0.93697664939160152375 -0.013511359212890993592 0.93702836627412511294 0.34899181074914381595
-1.0636626742124928313 5.8101766489948420968 -6.0394636113669921684 -0.74690056651236791385 0.0091630182239965194541 -0.66487260647474122344 0.42270383284592305539 -0.76531471528571670682 -0.48540174728197793552 -0.5132845345817802496 -0.64359103914224180532 0.56774075148342306729
6.9393068142934257736 -0.53422259358503887405 6.7589877870137229365 0.85857607260782298209 0.00011340010998658195396 0.51268617563357243849 -0.25426919314733920086 0.86844248293144343798 0.42562287445115287721 -0.44519018965108231312 -0.49578991617441142692 0.74565277043551947411
-2.5470562100577409659 -3.6726206117637856252 -0.37504304079247380299 -0.66552453279576884171 -0.018102140714786704723 0.74615642378021862502 0.7427655192111197735 0.08214864087609555221 0.6644930280094757391 -0.073324482391546819127 0.99645567553390035354 -0.041226289891970135937
-0.70450058951459471057 -0.34872834489069937103 -1.9882971453108606585 0.74649433527517994325 0.002416963528714828266 -0.66538738016985998769 0.57514748485010491752 -0.50518959412916886187 0.64341964894937253572 -0.33459165870157275835 -0.86300500130123081188 -0.37851128075200257683
5.8852727814209222501 -7.1650120727145818478 6.3543164060571184493 -0.92093698345919283721 0.0036644443244442277685 0.38969429601289501397 0.063631659794234643468 0.9879502597793781149 0.14108612998359551516 -0.38448157871211902092 0.15472832982264059232 -0.91007310672338681545
4.8558265233744277722 3.3820663091978384607 3.2585015456867512107 0.86335335382208699961 -0.0074454775890802418759 -0.50454489523503387449 0.24556653759054525299 -0.86729909197884424987 0.4330004164761619978 -0.44081522439679232672 -0.49773170475283129432 -0.74695721967444150824
2.0912309390168837275 -6.6055552598116538121 -2.1227424317370706675 -0.98074960368870123251 0.0038178150979461082659 0.1952322697514350669 -0.087311518071030394528 0.88572257122680453367 -0.45593006660194257407 -0.17466228464261773778 -0.46419925797809241663 -0.86833872147688806464
5.2271928849179110088 -6.1534763961151908163 -4.5440868833166163654 -0.97197134374314109184 0.011915303795161287861 -0.23479721565134925587 -0.23070761723369886953 0.14379589869009795633 0.96233919948754453877 0.045229440550392262244 0.98953563101860719797 -0.13701654152736178482
2.8411580684016080056 -3.4645954342003268955 2.818217450552726433 0.89344965401970122265 0.004744268804990112165 -0.44913829456593401535 0.20913475797969099945 0.8805469006995596537 0.42532318144323022491 0.39750518076726515382 -0.47393527784049233054 0.78573213226983817936
-5.2199150093959660879 6.9406018753401372834 1.5183383349432915121 -0.99040127568760183419 -0.010864230868775619915 -0.13779434532699905147 -0.065966753342122916304 -0.83889572068143014594 0.54027988790628989069 -0.12146481206483036863 0.5441837358008012604 0.83012671389370595865
4.2454046934828078008 -5.4400588020161890768 7.5115165733702911055 0.927307829932626837 -0.0048295416031203033946 -0.37426843852193658613 -0.32075114887765077132 0.50512517292749414821 -0.80122859420314695988 0.1929219765590001745 0.86303258061499799059 0.46685744693405623051
-0.7490633574562939323 -2.3877729230984336972 -6.6469773052533209778 0.99394027294654707649 -0.0082804981171112606447 0.10960915639629237317 -0.1067171040007560967 -0.31170503692675721741 0.94416705601719763674 0.026347552612359714796 -0.95014283310738689714 -0.31069986026053686423
2.9050359138822945404 2.599337823312076079 6.0687367585076463783 0.66921821337702336319 0.006167385938459291235 -0.74304033957466719684 0.15173883474971505692 0.97775987651313167603 0.14477896915566190739 0.72740793844523043976 -0.20963679837202794931 0.65339888571608872869
-6.0641966627107750654 -1.4012110153293750869 6.6146107490245373839 -0.93106447686871751657 0.007876650589144749276 0.36476965099728403397 -0.36303777395348113544 -0.11965056097431227278 -0.9240602350179573099 0.036366393773652902488 -0.99278482141608492828 0.11426190865669975938
5.4330361785849294876 -1.1340373222909576612 4.1454041296704389197 0.91477757588853270132 -0.0048825732527894138285 -0.40392839356752252566 -0.39120627690783488228 0.23854694874350090839 -0.88884925727211505642 0.10069575740575767431 0.9711186918825863712 0.21630730620328508795
3.3757027753016126681 -5.0768402517357804626 4.3063244187910827421 0.99629354313923679243 0.0079157794291360352584 -0.085653466567335287407 -0.079174440522536457254 -0.3048476051070277415 -0.94910449668543528379 -0.033624156003135084736 0.95236824710644796266 -0.30309097320200495407
6.6653126847964490054 5.2098653476229896953 4.8509265116398889717 0.99984670047663726233 0.0097238998372071415444 0.014560951814288377107 -0.0037633931081308578601 0.93152424299350911063 -0.36365976074824224451 -0.017100070704473651489 0.36354921329459349844 0.93141803562903502378
3.2912424245396043609 5.3550229347456621554 4.5569501249448052249 0.77860585626157685635 0.0021493520925860310627 -0.62750960222197060823 0.098571549131794236609 -0.98799856158327947764 0.11892220991475696557 -0.61972297867430736762 -0.15444812266526369848 -0.76947333099217607444
1.8708393908773548464 -2.1378957425753601918 3.5391567017840137588 -0.62924821488128213076 -0.001452585295106654335 0.77720304558354169622 0.087139868213446741718 -0.99382483978550184567 0.068693749301907733318 0.77230390872781928824 0.11095079008892874683 0.62548908443092843257
-5.636562404383051117 -2.4189280531075114666 6.8827517300881364548 -0.85015423048072569223 0.0038243084320385887197 -0.52651985628344577517 0.1656978416098363327 -0.9472244269096380398 -0.27442687614646438243 -0.49978196214105402584 -0.32054837346440684387 0.8046531740991067494
-4.1217485494819383618 2.5923260845970093058 -1.096071808736010178 -0.63091459125496252014 0.013588143991897250543 -0.77573329236572197143 0.19426855661469993874 -0.96522881200886345709 -0.17490874300264114272 -0.75113680941123839307 -0.26105306512428655408 0.60633719227569948806
2.696710582447481297 -1.4097484069947587848 0.37041590062295215446 0.58880367974601899306 0.0024424615959282589342 -0.80827239288425023478 -0.80700003771921025031 -0.054392302294398939266 -0.58804116911337966922 -0.045400064302299120156 0.99851665576120895995 -0.030055321140727633833
-1.9873522278325173041 6.3289443817281281213 4.2603978606736356838 0.95608978738628425109 0.01504117648981600705 0.29268768587925042546 -0.26394365237134487234 0.47825834726051241752 0.83761727635504756861 -0.12738157962755425334 -0.8780903804765114451 0.46122794460675070605
5.8989746889569110166 3.5121813133271957419 4.8051241005852745047 0.89092341907893590758 -0.0059826782380394873812 -0.45411415844253788521 -0.41234298080918940776 -0.42972544578765503598 -0.80331146351838433883 -0.19033845516400438314 0.90293978138287533941 -0.38531937880422290066
5.631036081045126096 -1.9424157422582748467 -2.6159923392014237109 -0.99942100474332407067 0.006679085841383819791 -0.033362330405109039133 0.027980341454333181039 -0.3965545219568480384 -0.91758466182013498358 -0.019358609708179257136 -0.91798687404994128158 0.39613803566722810556
-4.5645148844797116539 6.2567574502325280505 0.83561570791481387666 0.96365712630792044191 -0.0012004192535714722917 0.26713948025273870357 0.1766785905034752302 -0.74719242665154739225 -0.64069349396743069391 0.20037369731027804276 0.66460667807974105337 -0.71982521828429901767
3.5342810382454641349 -5.7334734278287795561 1.8564793657066973598 -0.84178683588508784741 -0.011303512342596244711 -0.53969172083626115732 -0.13860310034592859818 -0.961736647498706132 0.23632985725956781597 -0.52171266373842162256 0.27374230850666320114 0.8080105475972674256
5.7658103282667152456 4.3196219059552172226 3.7362672451672880314 -0.64476282360959602524 0.0034225849027378291503 0.76437503046834387455 -0.55772549264694992743 -0.68592924650816622378 -0.46737922893128880375 0.52270754360599291921 -0.72766019177715357547 0.44417054062607774778
-1.0303966220508626872 -3.2600626811643476088 -2.2878179129564575334 0.91403701616055499368 0.0048773431361795269862 -0.40560146031844818149 -0.19484031764429982081 0.88229861946994203592 -0.42846983172883829072 0.3557718141011245172 0.47066480387359838078 0.80740390058871880363
-3.2572085556538041828 7.4773680462740248487 3.1764720233727063992 0.99119085288534469758 -0.0097462733633543168627 0.13208218393131671009 0.025960019084161504999 0.99224011433128833648 -0.1215961879376462329 -0.12987213159761079595 0.12395388524507845729 0.98375233863362787634
0.43099103076699690762 4.104668317223072016 7.4210127221909836237 -0.76225911019659897683 0.0013958000873561613592 -0.64727050038180322655 0.51892140863148084051 -0.59640028306550563197 -0.61239470443773502684 -0.38688709022960687811 -0.80268596231749955727 0.45388723854296131321
-1.7546140716501454904 -3.4493411326706873155 -4.3944799351122441067 0.90526305395778516871 -0.0099552660236069644151 -0.42473485354691958849 -0.41999859840249414988 0.12970253172333856551 -0.89820845609718935609 0.064031089941308683144 0.99150297323960545626 0.11323371219730528348
2.8815267233378847322 2.4008919177137904022 -1.0895870578833422027 -0.88868494917021523261 0.0076274547997672026423 0.45845488660436484185 -0.022383378968691004796 0.99794787323658629141 -0.059991888188404993154 -0.45797166447727333249 -0.063575657572237612158 -0.88669052679046922449
5.3723828709773551182 -6.3094163366112105962 4.8949281711381109616 0.9526862743144262069 -0.0026846951748676715216 -0.30394350650192808461 -0.079651283783040482955 0.96281180100262631072 -0.258164886926295023 0.29333348892443966704 0.27015963477499455037 0.91704374814595623899
-0.10977687782447020926 -7.1863958409556483176 -6.3372579936053137217 0.96405049116866148307 0.0046318379973202365718 0.2656787468996997803 0.062560939606607482433 -0.97569768889366426112 -0.210000354102404585 0.25824945171863072924 0.21907205655761893826 -0.94091160834730436235
3.6913020848679165553 4.5630872209951949259 -5.9916760358854750379 -0.993248475774628381 -0.01163707803092656895 -0.11542115831272756199 0.088618305080320869394 -0.71818203487148946085 -0.6901893658936382181 -0.074861614837226531094 -0.69575796308965820458 0.71436446959598742801
-6.8108998581247766069 -6.5191952245934334798 -7.324057490434138451 -0.98740898657289366547 -0.0044222815184873365268 0.15812633133477746461 -0.032649530823313559214 0.98378329248696039233 -0.17636451332528246816 -0.15478210934169472912 -0.17930665589882915922 -0.97154084925866146527
-4.8602446785092752179 -3.513957013600043755 -6.0904717127051979375 -0.96795223880464464905 0.0042139985973988283718 0.25109899563523596644 -0.24646029481476566803 -0.20794706399723580925 -0.94658086905165572666 0.048226408460465358674 -0.97813100390008078655 0.20232140948566107452
-2.6047846664913061332 -6.9455172079423332931 0.58223758087306709541 0.99834122814320136463 -0.0078521552624473550663 0.057036267823534061994 -0.0066553236974907746537 -0.99975430097201001267 -0.021143423433522563065 0.057188275511514272131 0.020728756492915140219 -0.99814819530890608323
1.1758036675865428666 6.9147730029635843252 -7.0186094328722461455 0.91180902198337521192 0.00055474571114143289303 0.41061417375316938694 -0.40998038893516114411 -0.05432577898492924745 0.91047503558642095545 0.022812016972458961511 -0.99852311039604446652 -0.049307300542347047567
-1.5761878940574225449 -2.5455446979224820581 6.7961490550323730986 -0.98769778605303770735 -0.0015769747899274239034 0.15636686534074481503 0.1205516243209032029 -0.64458488296120597383 0.75496863148842030533 0.099601151095612044939 0.76453112546732227006 0.63684516869646845549
-4.3282772104383244738 -3.942950461422019881 -5.0118441739473338359 0.69776469116835482254 0.0016605153273642702348 -0.71632512063141695613 -0.2399949847884307319 0.94274489122920945849 -0.23159118579419896156 0.67492728722074180059 0.33351058866243665779 0.65821261322986301945
2.3905571142899648684 4.4882617633476797891 -0.82053516048346497591 -0.72260565972602919249 0.0047608172145686914606 -0.69124409230856409536 0.63540513777594176403 0.39836131004088315422 -0.66148966549036369855 0.27221567078327557621 -0.91721622384366863212 -0.29088318496959975068
4.9088731337996636128 -6.9468669174106301156 -0.029087579005564245804 -0.94242856884392833816 -0.0044323556886876518471 0.3343781494803121368 -0.312811977305816169 -0.34181888360847234587 -0.88617634681966772625 0.11822461453046202717 -0.9397553963833564783 0.32075338733582886563
3.346658318107849972 0.075037843555544950225 1.1867450061308932874 -0.99985770981286370418 -0.0023450661511381460864 0.016705112766388974244 0.010707931445534451739 -0.85342736244273498247 0.52110179162820002841 0.013034582154753317218 0.52120652115905818924 0.85333103891120165585
-4.1289334428462751703 2.6126140458824460566 4.0289576137357636654 -0.82105753115150437171 0.0070813481203486280946 0.57080152859653021657 0.32945347952463799324 0.82246589528021385451 0.46369198389662763526 -0.46618122588584437471 0.56877034522706726438 -0.67762479221305749189
-5.3647044110961150665 2.5959070906995611594 3.1316288746495861695 -0.94576554134938739526 -0.00056564582223932007021 0.32484953569447955202 -0.18483176602768405794 -0.82141610328199787805 -0.53954870358124706886 0.26714183323317325369 -0.57032908510246693723 0.77676249627728732872
-4.0359111795814284207 0.080400686747519961584 6.1485072674995207009 -0.99580388291928656486 -0.00032953568960489884165 0.091512393525903124036 0.034492366235334803726 0.92489140811793291164 0.3786636500393419924 -0.084763809695436606595 0.38023121202219001269 -0.92099908901696581065
-5.9926491044662606456 5.131331128753130244 5.9797626917595412266 -0.87977320558417992924 0.0091063899912044461021 -0.47530640685526737155 0.41765384203468669533 0.49238088895325821115 -0.76362708727980022072 0.2270779050679201938 -0.87033219741368506028 -0.43698683180966990669
-5.4492463332459539771 -2.5561913288924333898 5.340838235835261294 -0.97099697345209268207 0.01083205416006334347 0.23884627723623091944 -0.23057043761811371607 0.22190042797852135847 -0.94741620914975632761 -0.063262554829429953895 -0.97500916234960055551 -0.2129670925068689602
3.034255864901636901 -0.59288917254558093362 -1.6075719892436111103 -0.42236941622158047371 -0.01927156299857532562 0.90621889359028695576 -0.30855709082507959407 0.94312092165001515376 -0.12375560127828801049 -0.85228903427317725949 -0.33189084652294625899 -0.40429181051810214598
-5.5617792595101631647 -2.7119071367455189758 -1.5781237615804470931 -0.99333788991886595721 -0.0041268871690568285221 -0.11516425336757904474 -0.04119550348121402833 -0.92060442975527045917 0.38831741450521545245 -0.10762326395505965315 0.39047465054392999084 0.91430125250827354311
1.6083811405103134451 -3.0698278858920446943 -2.0903307476691295186 -0.98856731109212803155 -0.0036973964036508253674 -0.15073486889168161151 0.061548903368381729928 -0.92251217487299763675 -0.3810288961551467346 -0.13764593686013071316 -0.38595027720018920681 0.91219295085798146605
-2.9014302181974587214 2.95466425151573997 7.4473563880686741712 0.48279355946871294059 0.004842384018548702429 -0.87572080610914204701 -0.65217537049052121123 0.66935673572440868018 -0.35584947163898067446 0.58444646038877989813 0.74292537421824866861 0.32631920458611402003
5.6737147251050190633 -6.2840850491934530098 6.1035918559473500977 -0.79458518404237155064 0.005390305245559099713 0.60712875892172180059 -0.41126542301813251434 -0.7403942944716460639 -0.53167381028563087675 0.44664878498670801399 -0.67215119826062597053 0.5905231829035917368
-3.6684215417730396958 6.7567900898255297548 5.1406602165919448311 0.99942038622147366667 -0.0067873301303831177697 0.033359013093839977315 -0.032791900591708882107 -0.45510793545666561322 0.8898322641599405447 0.0091423662405371274031 -0.89041041056036251966 -0.45506671808158544179
-2.0090219443776740071 0.42512985804051406369 -0.71200530727931865549 0.98457154610841446374 -0.0028711289133013708635 0.17495893007313781387 -0.1731045992771874098 -0.16207330833437250117 0.97147673180293614426 0.025566937686346158376 -0.98677454331989700176 -0.1600697733896849495
-4.4035105480833207636 4.2853553690582542046 6.5237198782955196918 0.84569647398332148391 -0.011208826090454749452 -0.53354647043141667506 -0.53285897721477193389 -0.072636536683495595002 -0.84308080510720484479 -0.029305021647217197045 0.99729549069283873752 -0.06740118656191863844
-3.7033029420748477811 0.8509825053810985418 5.5695115925657967537 -0.99992782464963003708 -0.0036680301007419092475 -0.011440762499021093698 -0.0099377933512089094981 -0.28262301281767254757 0.9591795832319987003 -0.0067517223496987455872 0.95922405004306787735 0.2825661622776082238
0.33893403901174939952 -5.1221614552462266801 -1.6263931728746259253 0.99356748702296682207 -0.0007356294058193249899 -0.11323916098386964391 -0.042966926295911929412 -0.92765101151167828064 -0.37096825212706485697 -0.10477352707453407854 0.37344753271499808722 -0.92171549207632530454
4.5789019723200956591 1.9429055727441093548 -5.5172877369917472379 0.99927271778695869742 -0.0038949040207290918682 0.037932376796604126701 0.035971900000374541773 -0.23375800462102958033 -0.97162915646143610537 0.012651399018600600899 0.97228700752304331179 -0.23344788948418171426
-4.9379322939872745124 5.0020907759798234338 5.2847684955154372588 -0.97070115425311187529 -0.0069598524876455019825 -0.24018915376222646496 0.21901744247494611684 0.38556406486584404725 -0.89631005337207725336 0.098846492215986805907 -0.92265481754416556193 -0.37274315371186644841
-4.434734154794233163 1.9742632959278689775 7.4525273494177808331 0.94801976769173990078 -0.010811624353203454912 0.31802771710124044802 0.31813792307402222193 0.053684591582319404757 -0.94652323084488110272 -0.0068397344909740679167 0.99849941081887572114 0.054333641757357976909
2.2848320870283931328 -1.0585902513775145017 2.6758669032800725951 0.55190934003588876244 0.0037574505859543638753 -0.83389565411166977071 -0.68245548382937926135 -0.57262784761615526108 -0.4542596842397825796 -0.47921873186713392911 0.81980682462364706797 -0.31347436470637751738
0.70107145715959162668 4.347489042523354108 -0.64908082137759770536 -0.93516463239274627561 0.010698141464139613449 -0.35405177600329684751 0.10908604076960774776 0.95966132665253267575 -0.25913389171777084785 0.33699754603120185559 -0.28095495706037248995 -0.89860834965635061344
-3.2753693001855697098 4.6220815958540217849 -1.645220063854059056 0.61430675850965688056 -0.0011793006841777481895 0.78906642033435558936 -0.77132828258312458036 -0.21174456827105750389 0.60018073802398852479 0.16637273495582863281 -0.97732433053587974836 -0.13098574733789358771
-1.064470543219783627 -4.3677387097588464826 5.1882540192989701211 0.60364245307899433435 -0.0047103123268014412961 -0.79724124441626653681 0.78186017581231959106 -0.192067669567058813 0.59313124667794836498 -0.15591810132042524528 -0.98137038026668732549 -0.11225739359068503953
-2.2046239342413653794 5.2730272220087481827 -3.5231711072555436104 -0.97073900785954669868 -0.005292461453858750102 -0.24007867142161576357 -0.22796777956366831575 0.33453352035433459033 0.91439489020895081683 0.075474963402610950602 0.94236899015777220168 -0.32595124833056510205
7.3493411921850322344 6.3824380207346163019 0.30009939017069864331 0.99697063338715197212 0.0025738362087604936199 -0.077736294810085218576 -0.0047349352048877118432 0.9996070355475228375 -0.027628877512442980013 0.077634635004250204804 0.027913255832332478645 0.996591046315751794
5.1037333138362299678 5.872464971037086201 7.3791803588005588921 -0.92107857807403348271 0.006122814419757312103 0.38932860690762399747 -0.12643382027190699923 0.94099434967773343264 -0.3139173823891063253 -0.36827807714351284973 -0.33836687931614045644 -0.86595560675903737735
0.88916423898997931641 6.7015855299599413897 2.2915453506100744718 0.99052245552446183119 0.0045754371739310344125 0.13727465343750366866 0.056461956385513462076 -0.92465820505835949472 -0.37658896863734803162 0.12520907548114063035 0.38077062543323364485 -0.91615305392940715734
1.7232305596307433415 -4.5138178473953933789 5.7474192694782990642 0.68745369867698602473 -0.00013152965489395549228 -0.72622819752153455752 -0.70652798899946400724 0.23121771871198493198 -0.66884719279826254645 0.16800480033565701188 0.97290202448842355576 0.15885854654555681131
-2.1512442432547751459 -1.4553856245487286625 4.8512555609719933969 -0.96697645213211580462 0.012975012050749851547 -0.25453524330495630457 -0.23161524719363196789 -0.46148553362466177008 0.85637928485119541033 -0.10635280104187991301 0.88705284584250798652 0.44925085463821529119
-2.2565971473638510858 -1.1741625853165462701 1.4778842345701628247 0.86380657672942873226 -0.00074487699532679049839 -0.50382302761712338679 0.24841956293729072769 -0.86935981532260464544 0.42720162950582035721 -0.43832170691059263445 -0.49417907347496681236 -0.75077368400228527978
-2.7453795441562269808 -5.8150086629507349301 3.8678409450489863453 0.92305114157663414876 0.0057031227779553266 0.3846349755609497767 0.36662209685231639256 0.28969259142478687163 -0.88411901946122917195 -0.11646814214111993191 0.95710275146628354115 0.26531018638941361587
1.5661630527701349003 -5.1214542119520540808 1.9647251631224820212 -0.9994340882896513012 -0.0028134367747708766833 0.033519960295982968723 0.028199518099650995595 0.47317920801160562316 0.88051474961208542336 -0.01833822084276226505 0.88096170273114804417 -0.47283209279541293935
-5.8266832856542407626 -1.4778709073431095522 0.31323733361858707713 -0.72284847012031605562 -0.00034359843482489361988 0.69100649142011627557 -0.68276611657082475482 -0.15362011265629740842 -0.71430476062407988191 0.10639792905599967932 -0.9881299220889520063 0.11080946604429726954
6.9168768265565558906 -3.7234343033171293236 -1.3799789866910390224 -0.89919973638539829608 0.0089292579348957817897 0.43744725674878265353 0.43513926449059470158 -0.086305069554154428824 0.8962171921291274268 0.045756470394140318081 0.99622874046176623786 0.073720025061513039244
-0.067790381762590612436 -1.3050364558629992118 -2.3420598940539254507 0.96600895391691465885 -0.0037289599974645601735 -0.25848171271808545457 0.0036433413632826080163 -0.99960025534756213883 0.028036682628612589335 -0.25848293370361957733 -0.02802542357290200431 -0.9656092111291474378
3.1625552718357456961 3.1514448609993661599 3.1876238121103215306 0.88936635641267069996 -0.0051029100742613613811 -0.45716675774847320701 -0.11474615213229938382 -0.97042372021715161967 -0.21239379419075160582 -0.44256163938174486461 0.24135402119851509517 -0.86364774752156059368
2.8047616220088804617 0.90378582113292893485 3.6235094320608003393 -0.97445976910755027767 -0.00034133093046496108813 0.22456188876123728271 0.12409043832101285254 0.83263485695495065286 0.53974138075641420187 -0.18716228655393607472 0.553822244476272596 -0.81132681455449850993
-1.3882954457319018893 6.4132883306221133424 1.0283400495650503181 0.96182007129358726427 0.00053405114636744487056 0.27368205137725210019 0.25039285082619366918 0.40195714181470415527 -0.88075755824129886573 -0.11047882472129495757 0.91565832652443546191 0.38647672420827239304
5.7023808181491979497 3.8822401121028260462 -2.7146557975392724416 0.99652140187104532032 -0.013494807735467623591 0.082237374575594074377 0.064741414534067440179 -0.49600289300355027144 -0.86590396660157054054 0.052475183249136830854 0.86821599864114396006 -0.49340382532636734014
-1.3281750561072784844 -4.8529508191763488512 4.1468923757338584934 0.41089554517520238131 -0.001431720099727397822 -0.91168130458666396532 -0.56049998654980026647 0.78828739427100513737 -0.25385576438442991609 0.71903033039840447138 0.61530556166101346705 0.32310129952704597089
-2.0830237935911042335 4.6357448813803179277 5.6727445081997629472 -0.99399514611547234999 -0.0079660379299932235209 -0.10913382490534381808 0.077099441473357455124 -0.75871539285191402779 -0.6468435891110961844 -0.077648732270910431064 -0.65137354481844433884 0.75477359485310946408
6.3494066096386747589 -5.6649830694867242542 3.510732728303008976 0.99450075496858225677 -0.0034979029165874290022 -0.10467097516558421244 0.0081284814608377428669 -0.99384922762910676841 0.11044292883699462215 -0.10441348646634912578 -0.11068639219048218014 -0.9883553745631438181
0.63747801924573110899 6.6491795649230818199 -5.0665430508785185282 0.85214002416079803748 -0.013423975918550826864 0.52314164056575584993 -0.33567424466978224018 0.75289983903309476432 0.5660959581635506277 -0.40147251548351853279 -0.65799819851912000335 0.63707000404741553901
1.0153832786765726315 0.27272660443313956335 -5.8886664751978994303 0.98997817287228295768 -0.0069525223500477972144 -0.14104921009897739004 0.078327287586137356312 -0.80404528934960139974 0.58938612869180329046 -0.11750767317905147502 -0.59452740484168520307 -0.79544271423923273989
-6.080403951258347206 6.0835663543972735567 7.3567688531282326991 0.86215259853469028428 -0.0045698605471612653225 -0.50662808174673967798 0.50293856833841210641 0.12851241226974510767 0.85471478071371653762 0.061202069553425601789 -0.99169737131206703307 0.11309566930340321511
-3.2316842351513090925 -1.6375060130424436977 0.22790269765299864257 0.70515191211039485175 -0.0016296068914878683587 -0.70905438806077702996 0.60873456741911902146 0.51418048237026825475 0.60420249749462118238 0.36359731472608008973 -0.85768046260302033268 0.36356734835939075179
1.3018340385252238356 6.7805446761027940994 0.661509274932937541 0.96451349197617386455 -0.0086538158225012082325 -0.26389171125185562072 -0.14867878874318946059 -0.84374203553746973672 -0.51574605693588515543 -0.21819335822522512025 0.53667913033646175158 -0.81508721587778909523
-2.4116489313724969179 2.0709626839842849577 1.5962763154143593258 -0.93930512898156137691 0.0086939307861572754504 -0.34297272520785537786 0.33570256907654932865 0.22952704671311807694 -0.91357600665872040757 0.070778950150269401287 -0.97326345374451361803 -0.21851450711791939319
-5.2054020061213606141 -7.0006337114970218494 -5.8464181848351728377 -0.84014257616207133061 0.0045979365027723562501 0.54234611706891133753 -0.54061222647892992477 0.07324220319673586943 -0.83807756219372486761 -0.043576051924637627943 -0.99730358399574192685 -0.059048192587510206497
-1.172140821110069675 -5.8940178123655284637 -1.2873823002594901865 -0.98087203750909168765 -0.00056428321968392041938 -0.19465283870819294343 -0.0054909893241875135789 0.99967805736534587346 0.024771569556819413721 0.19457619347945864785 0.025366576562767802899 -0.98055935145431516453
3.6623319729404650857 -5.4810664875925771966 6.5014879874158726381 -0.82782572524310071849 -0.0077670009446354649346 0.56093158435058076972 0.5493195924240320549 0.19163131790030038526 0.81334213181099235257 -0.11380928786720037604 0.98143624943045493225 -0.15437076892689222118
-4.5527455177927134145 -2.7060511093432326746 -5.3028602676652019099 0.65711245669721496387 -0.0087957975227462431578 -0.75374123756047239908 0.23817874059906310458 -0.94628052182386601654 0.21868713163597613969 -0.71517417932965066107 -0.32322717701716507932 -0.61971774644391186548
-4.4264276114954066443 -5.0531032610542183647 -0.50229882098424716297 0.97894443076754278366 -0.0035643573517656250774 -0.20409580305770849695 -0.092818365520217757658 0.88273152347809480389 -0.46061894064403458016 0.18180360967610817435 0.46986418549887637441 0.86381427094838192371
6.578527329267780388 5.4584487203129832267 -3.5749521237213324198 0.95576288161612099614 -0.0028075075956294198026 0.29412485788487796601 0.18920877901433480472 0.77147718473127213645 -0.60747262603595253427 -0.22520513330874752933 0.63625079280126339842 0.73788046226419801155
-1.4031993090886982767 -6.4986459594389769379 5.1372959896138796765 -0.72132576242915880105 -0.0042657407704448447108 -0.69258280942539207636 -0.26800992952668933889 -0.92035803063622756426 0.28480128707319340986 -0.63863903899700402711 0.39105357548438623994 0.66273469727319467282
-7.1577579535447233283 -4.6618532171359055027 5.5136311736892977819 0.81000660849957750731 0.002067138461290479387 0.58641710507588618029 -0.27821909705744457542 0.88163919323269057671 0.38119085375771089019 -0.51622032914211579691 -0.47191954811663089364 0.71470869022694338835
-5.0447386126414679453 4.1865277434874856866 4.781963675011269288 -0.99689443964827550992 0.0096696811199272775933 0.078153524970957524709 -0.074191525174369485351 0.21741124301978068112 -0.97325637372731443886 -0.02640253379216636262 -0.97603219653639949893 -0.21601865089320956836
-5.3404699226766316755 6.625953520522364748 -6.6745092254380571362 0.9952098891127428848 0.0042268935490936141233 0.097669903159232129841 0.097692502231323641304 -0.080480702239232482231 -0.99195717224832213876 0.0036676450214375971165 0.99674720463024202299 -0.080508126558723053234
4.5448918504569482124 -0.97078258216795365598 7.1648942269105040381 0.97262535573756625507 0.0010306783870541033274 0.23237653728018931032 -0.23054314862118771567 -0.1211644472456713667 0.96548901254627161883 0.02915088335059700525 -0.99263191285882090842 -0.11760999776458606891
-1.9791806275144079308 -6.8244907878274654323 -4.1967473055270065885 -0.96180849030806514488 0.0064154033389100242543 0.2736480779602832869 -0.085340434813094764865 0.9428663228314575484 -0.32205606259828029048 -0.26007967655560748632 -0.33310950132106614818 -0.90630934121442896512
-2.0439814007260035389 -0.15682856771028647058 3.1849201171184775561 -0.99649100986038108285 -0.0047671912382024235477 0.083563994369625138603 0.024560645589924857968 0.9377722501191102511 0.34638126622943588018 -0.080015260766420584493 0.34721820343138021236 -0.93436453124580376439
-4.213129360492096076 -4.0355089836317725727 -0.90037493272648172482 0.99860416684518338304 0.0047913299132472057101 -0.052600010617829290327 -0.012837580336160253625 0.98803103663734448414 -0.15372009358690844061 0.051233919335206171142 0.15418078284581870907 0.98671341924113331601
-6.3592833838774422972 0.5463879892199808852 -2.4090133814457663775 0.93540802055769090018 0.0024828996307894144087 -0.35356140949745418212 0.34565393270637539969 0.20399496177093820459 0.91591998251848560919 0.074398883600467466404 -0.97896878948283316824 0.18996029937191485915
-6.4401749758810886703 -4.3519185528398063312 -5.9414812590069585596 0.8001113588383536035 0.0079657422387096471494 -0.59979859987193961945 0.28971715127654978916 -0.88068509179064180525 0.37477692212014435125 -0.52524830862558580247 -0.47363521411343295631 -0.7069539576505701195
7.2461516268782792949 6.366526066348037638 4.5799714463109566509 -0.94692689638098481719 0.0063384747716618136323 -0.32138649107870959076 -0.25220854920939406174 -0.63453301125466399224 0.73058791759358276963 -0.19929952487658059157 0.77286976999079937123 0.60245499252503487142
5.2749494603100695045 -3.76520808499175752 -6.7134990938494194523 0.88093244523870162244 -0.0033479541319079691303 -0.47323019570696928104 0.15251549312770501521 0.94862987384752006648 0.27720098628967976273 0.44799224466695641844 -0.31637027933583888872 0.83618944927041161108
-6.9553775213285833345 5.2248642454982512362 -6.4052945269036998255 0.81367655913194547601 0.0031209861346715161989 0.58130948432377183011 -0.38409072725897935863 0.7535043760382863498 0.53357798729430250262 -0.4363539507703905751 -0.65743548332658530153 0.61430758981997835022
2.8084191787979966293 -4.3622157887507180263 -6.3955668516833164006 -0.093960832498292137793 -0.002437101086041203353 -0.99557291169194961356 -0.99518666106724373854 0.028190050277050213851 0.093855371179321203656 0.027836515408055515636 0.99959961064605085124 -0.0050741310846933252235
-1.6687680423665207652 7.36836340947426649 -2.5616275288722749615 0.99893523005848217089 -0.00058423634743317350709 -0.046130952903197880444 0.014890628156727774359 0.95048645624181160585 0.31040902965902672506 0.043665493710293115659 -0.31076543432097680775 0.94948310647974287768
-2.7310554302172773689 6.0207599808176226475 -5.8916675941849634413 0.81349499834118910169 -0.0060472512086792544472 0.58154047015380783137 0.08788265396002384322 -0.98718493450364841468 -0.13320114196921098437 0.57489349170680115186 0.15946578266763694609 -0.80253855817105412829
-2.1976889088395816785 -3.6712346463158804788 -5.6820547956360618613 0.55262273160715713605 0.0082978488547774433004 -0.83339022205404156285 -0.8141766633883561477 0.21907555428870695291 -0.53770090413438220711 0.17811366400372499741 0.97567261272289140805 0.12782204613331610288
-6.5951440686713942441 2.6399964356807283927 -1.5166456298766375355 -0.9898516522417526442 0.0067073842336412871357 0.14194617836014772339 -0.078753115151875371924 0.80556901282186610391 -0.58724484879396288139 -0.11828631961543858986 -0.5924639875788912935 -0.796865590933482415
1.4717940749231326336 -1.3685410180349890652 -0.02899246363776193311 0.57184477700257152488 0.015981753049620302243 -0.82020615371041405428 -0.76168747107321488343 0.38166181841951840603 -0.5236090648287267113 0.30467318133532395041 0.9241638598918933134 0.23042441850825512439
-1.8067534514542646917 5.3958234799756255029 0.76658712365056003168 -0.93571797640039844346 0.010814364804511067061 -0.35258320742088639088 0.2892652956374542339 0.59557338516552371654 -0.74941172370212427722 0.20188476262729765365 -0.80322810732464555716 -0.56041694319721224726
-4.8260440921348219945 5.4910675133595194808 -6.5082464919387161828 -0.91966353179303172993 -0.0070108344771832847159 -0.39264466950372473031 -0.36081342902353813473 -0.37961109104534807024 0.85188560792610756867 -0.15502470037411494874 0.92511959646057451145 0.34658487347062821859
2.8444573226433189639 0.44833393412621247442 7.0643539163258886049 -0.98026125949206965871 0.0043278512831795472662 -0.19765913295942932892 0.013733553139510129917 0.99883597228292875236 -0.04623948520197364298 0.19722893463472582209 -0.04804133820845658126 -0.97917964499167409187
-4.5827566413745692842 -2.3493552043283405517 1.9379005223903476018 0.97843790053822798924 -0.0058076757519344955616 -0.2064595497735806362 -0.15493509369184699231 -0.68165432842584039452 -0.71508215841340638796 -0.13658108043597436132 0.73165131547813977431 -0.66785624278446487079
-1.9413142158644136614 2.4621082528223392494 -1.9575949936401833007 0.8898648845502636906 -0.018792440576542571162 0.45583695705966986722 0.38499470043065103786 0.56702131895087992675 -0.72819358998510796965 -0.24478473785050666733 0.8234887176107986706 0.51180735055586612514
5.9934474204576462242 5.0414335146026143519 -2.6609657992599888843 0.98272966308220410792 -0.0020159995807493662212 0.18503606417171056253 -0.036870621514060474 -0.98202378139026369475 0.18512117667397509635 0.18133661121691321827 -0.18874646627064017856 -0.96513823098186979355
-1.9102840434679557724 -5.2092810060198058153 -6.9631211674126065603 0.98875675213687952425 -0.012447891141429461015 -0.14901387556142234314 0.087901483121349349714 0.85455369187439378376 0.51187041032760238757 0.12096865035528005239 -0.51921386509801248366 0.84603992099744229627
-4.2390158094722716342 5.2996338145534389596 -3.2517119911591216841 0.94756897459304789688 -0.0062938901023577818739 0.31948931959624149446 -0.29275966070778608463 -0.41783689907384291562 0.86006052509952979346 0.12808130016094521064 -0.90850025466143169428 -0.39777187913344103087
1.0570674049035115871 -6.8930204408608437561 -7.2999944085040535668 0.98239513910031528443 3.3600538357611911544e-05 0.18681485364708810826 0.18457915523398676916 -0.15442023205325150492 -0.97061059513367387019 0.028815380012651090058 0.9880052584898260104 -0.15170788730686826651
-2.6243267065215842848 6.3735016532569899184 -3.0950804690181428214 -0.81737086389732416247 0.0061534600901590767383 -0.57607899265701323355 -0.17606555952159322342 -0.95477053692950486496 0.23961247997914755792 -0.54854880330019095691 0.2972799299319461297 0.78148503098745147888
2.7079417238353937769 1.4732111133112151258 0.52991745473817630785 0.99094751815746462409 0.00086437961847023181416 0.13424704505223444828 -0.05708317352821969809 0.90779305819513611553 0.41551567334173339363 -0.12150937230251512844 -0.41941747262193945778 0.89962461955084660481
5.3285161877690159216 -2.4158824788323713939 -1.2840076748019999542 0.90427525452919843563 -0.001891528522111580058 -0.42694576489994928714 -0.12444464571090863014 0.95540176932130649323 -0.2678077469595809279 0.40841130518152496398 0.29530303299749199875 0.86371078753393260019
0.40968948192058135538 -3.3632989167841733646 -0.64693986464843311612 0.7218401240590011092 -0.0026895100596513732416 -0.69205462344677282083 -0.49489852570762743467 -0.70101329562981284926 -0.51347425310602290427 -0.48375849816911875578 0.71314313141607776902 -0.50735055884780144719
5.7290546564805522323 0.34701655439477741005 4.5025211268026099631 0.99936052599074398639 0.0034049008322704441692 -0.035594181292762004654 0.011150865729093198397 0.91613535382535182805 0.40071395242098023504 0.033973479142874962733 -0.40085461219955220713 0.91551154148557090107
-0.53454509998073751476 3.7750946333225856577 2.815323898393907065 0.97760411717954098787 0.0069992634925908903121 0.21033592271481330038 0.11541838828218344004 -0.85356514757859869302 -0.50804048508500743164 0.17597950369315906727 0.52093910311054736351 -0.8352566462652956103
-6.1205714234059147572 -6.386293671330261823 1.9804068425601750736 0.98345458640162009001 -0.0064615759652143197125 0.18103956617736466361 -0.13306355862521862532 -0.70391134867792115593 0.69771262176391490861 0.12292748208450710035 -0.71025844679140304194 -0.69312464456962186166
3.1391344751837246818 -5.5395601665779841127 5.3606162615226367052 0.99901448610854648447 -0.010316875890814822606 -0.043169649260661815959 -0.033662699780762528334 -0.81002779401608071552 -0.58542445760746586458 -0.028928864286445549886 0.58630072061477112033 -0.80957679426832152014
3.7431205826879643261 0.31929422764455389627 -5.5170805983983752796 0.98848126622751264492 0.0060629482714796290033 -0.15122178075734482583 0.11905931512209791401 0.58570817848219591806 0.80172988539894463056 0.093432680577060528426 -0.81049933394004680665 0.5782397114369889346
4.8018829640022415717 1.1168681290399695705 -2.507148116022808626 -0.99064630976799517015 -0.0040090123215766604314 -0.13639580918493665607 -0.035894857423784849726 0.9720209995981775597 0.23213516655313287673 0.13164895804198611939 0.23485975423711613619 -0.96307291919464832475
-4.5502488288019709017 5.8588190422899391052 -4.8103899577622941663 0.8426520824449508229 -0.0033993333556562540555 0.53844768778772700291 -0.26884786967909396482 0.86376053526371454616 0.4261907562229916846 -0.46653862746850294219 -0.50389104204549295396 0.72693571024275616121
-5.6365202845423327815 -4.7679331235261086519 6.6272608991493271446 0.98639169149302974304 -0.0055231077470258892539 -0.16431958566878615557 0.13604293397036776314 0.58864153401187768733 0.79686477181078096965 0.092324162981767682323 -0.80837530870081619749 0.58138249819954346265
