1125 14.717824617146108679 14.977075390850430381 15.033177056927090831
-0.70787658740916570288 3.3395115103306509674 -7.2450651759220399128 0.99616158059800552493 -0.0087203306609744644928 0.087097997529194240429 -0.07925115399895572843 -0.51233756706264577119 0.85511956588901594234 0.037166650780918325525 -0.8587398751714858669 -0.51106209687291015431
6.2999665707936127745 -5.5216870690423673906 -6.2878853687519651317 -0.99926239269390448872 0.0052197307257609484171 -0.038045038556296477406 -0.032879385805780141083 -0.62814018190445797263 0.77740520828330739178 -0.019839771587254931284 0.77808268602267427472 0.62784848265749571006
1.0757034832980103545 6.7149856911692547001 -4.1854912244236190944 0.99529048372250428223 0.0014175545945050854746 -0.096927001141765126158 -0.09371074863903977592 0.26990060719962455371 -0.95831725322191596561 0.02480218943692264616 0.96288714435925404356 0.26876234599900716837
0.47702693729081691032 4.2753159893762440191 -6.1903157801796453441 -0.9490588625414294599 -0.0094794432043240461211 -0.31495621217574115702 0.024003812056930577679 -0.99881788784152514271 -0.042268711057081159721 -0.31418321476216226618 -0.047675644560257683657 0.94816451129403167553
-6.6209740536236969533 -0.56264336335862630278 -6.395096230648765534 0.24099201065428918489 -0.00198264206874419497 0.97052507434443180401 0.080523740603814744632 0.99659088908687831765 -0.017959036394038827011 -0.96718084038092533294 0.082478293626060336652 0.2403300919164065852
-2.062859077656920892 -3.9168196942840052266 -0.050941711573799348944 -0.97185827536181856878 -0.0036978638600386800478 0.23553729728767405782 0.14781968534269901427 0.76894114787566913982 0.62199586150452479405 -0.18341437576131672249 0.63930887441556372153 -0.74675520075697299216
-2.567114527925936418 1.3510577143820232671 -1.6596410201731428558 0.78335504195661587179 -0.002962201806867910403 0.62156745700008664279 -0.48970664890443527106 -0.61880308479617884831 0.61422320068965818862 0.38280840672576055272 -0.78554055758258767295 -0.48619312637369760388
-5.5999340129962238422 -6.4913862514470972442 4.908739384746582779 -0.94996686405388486296 0.013715514019082010108 0.31204942216729958382 -0.02122347046937930054 -0.99956092614221481174 -0.02067653817744698197 0.31162882007439507426 -0.026264797828273164781 0.94984084924469158739
4.013180202034429378 4.2010555653949879229 4.4849068254041011272 0.84904033160156422433 0.008800999340222302042 0.52825472806651407875 -0.52739623848578565113 0.07347562040457647492 0.84643637731213683395 -0.031364357878063742202 -0.99725817901720847924 0.067025379059852799313
2.4128361581049695417 -6.0281998566500814007 -2.657063765102944064 -0.99327598244219061918 0.0023284962046201075278 0.11574714168791194746 -0.081795602802278807864 0.69342302201883221358 -0.71587288808602156376 -0.081928640082227652264 -0.72052695344437622804 -0.68856997269308417575
1.9399879543209390675 -6.777095649622213891 -6.0101229929026800392 -0.85612400529755483536 0.00010814511645792015959 -0.51677042858303146033 -0.39295209427824706605 0.64931911994225455231 0.65113234605556669088 0.33561933668309151813 0.76051605425663970639 -0.55585518983122295111
1.4662033497948765426 -1.0054937581094227639 2.9695728691489371442 0.85052428947866220987 -0.0062745183932849278238 -0.52589833943999653165 -0.50822695718281596378 -0.2670968225477036162 -0.81875799072586086247 -0.13532846337511172941 0.9636492711582009818 -0.23036121461019115619
-6.2231965725071303197 -7.0138179666138960044 1.5309634902344111396 -0.93084622489228541209 0.0061193155171185417349 -0.36535990417870045643 -0.36513828064603742751 -0.054209477248778135949 0.92937364315081705257 -0.014118838857418896174 0.99851083447003585736 0.052695083597075968729
6.1551147565062365175 -5.5511180471629959499 6.2295002673979702479 0.94038925517242077934 -0.010649043373157163553 -0.33993329732698507328 0.3230049169592752456 -0.28493664546886626754 0.90248486507485981001 -0.10647005389537619879 -0.95848719654688829817 -0.26451166643339180107
-2.0977790380777441293 -1.8872054768751873599 -4.1861870690527558381 0.88882416395324470582 0.0017805437303742002383 -0.45824495113080937481 -0.45589597413982285712 -0.097759869455347453426 -0.88464787836018277112 -0.046373120834580006111 0.99520843926689017689 -0.086079591518313791632
3.990107361640709005 4.1847143496380798666 6.3488633850999285357 0.98673671093141723798 -0.012244094096544175937 -0.16186644327985683089 -0.099019437215034922239 0.74474953473876648324 -0.65995703008600548056 0.12863053429847165487 0.66723175334062578834 0.73365930306915261294
-4.0950112942397876026 -0.56710897231615897685 4.6254913555285845916 -0.99172540690244814776 -0.018332760756443512024 0.12706150946379055067 0.12837580461586284297 -0.14631080720316252952 0.9808734885217472721 0.000608353016681469419 0.9890687830372251188 0.14745362772073350444
7.0088266259552236548 -0.94057152462818527372 2.3795817516968713612 0.87755874952808210487 0.0073007416606174456442 0.47941353787520851748 -0.42089664212739763549 0.49063049650465118123 0.76297295662796260629 -0.22964463366833706703 -0.87133714202427958728 0.43362994264290510849
4.9313711461207816455 -5.4293918874138649144 2.5505568403155614021 -0.81618773311915604474 0.005973347078719583314 0.57775592029021949347 -0.56344560614581840063 0.21317715290772940029 -0.79817576409785806479 -0.127932143031836143 -0.9769953022419815003 -0.17062692101908122355
-2.8495956967140858573 4.4582042467597338131 7.09037695446308458 0.94478901752123123359 0.00084701265583780264556 -0.3276781880758056209 -0.14628786164976437245 -0.89372225371359137469 -0.42409951043460175635 -0.29321250639270718397 0.4486199012378342954 -0.84425506235290703749
6.8985478227063738998 6.9331884247786819131 4.7773302869951592697 0.47448839951997001663 0.0087863602340214307096 -0.8802179040412870803 0.068574148328538392372 -0.99728030970053904714 0.027010554686929387491 -0.87758665948268499424 -0.073176387976681370184 -0.47380045519254465614
3.5292738572925825835 -2.0873631188150003624 3.6369980930042800082 -0.68446230942948138587 0.010839116123842435641 0.72896766768614529308 0.043330150607509582139 -0.997517100983621674 0.055516946004164319239 0.72775946920572498477 0.069585535903277331848 0.68229319810059774198
-5.641424936800354395 -1.4206872919111761533 4.880626603888511994 -0.9220692010346284162 0.005017158436820386147 0.38699252786664650738 0.22109213655318066261 0.82752817986021276475 0.51605753428426848206 -0.31765807979295684893 0.56140176314154621728 -0.76414750191559377424
-5.1837902921659217981 2.4231174618258832787 1.1229604197000258026 -0.99201165842637861747 0.00045353530253050035326 -0.12614540757401826454 -0.056470846744140802687 0.89260053507770320547 0.44729780711173433572 0.11280032364444109172 0.45084817742197785817 -0.88544452559211106468
6.4505196733475189674 -2.666840782622217354 -0.32232967915479809884 0.9718737377135735489 0.0033374468570591220122 -0.23547887249407631338 -0.016725246827260138033 0.99835291653586677452 -0.054879141418473907643 0.23490786291903251182 0.057274038557874107358 0.97032880017350620072
0.78139661370292756715 7.3819047058895073121 5.3112804176017256452 0.8534387740366089492 -0.011199871360266839063 0.52107276061248075649 -0.52070315860784699424 0.025017903753300603509 0.85337115319627276921 -0.022593795311828184652 -0.99962426309751428732 0.015519440714900332307
-6.6918412936022546589 5.8415669458570675943 4.6038209334746813539 0.999142819926817638 0.0051742326137115485576 -0.041071312442086616024 -0.032973868470665620989 0.69931203247960915803 -0.71405560373641696614 0.025026973187635078583 0.71479780955605731751 0.69888321060601488188
5.8108571724383217827 -2.3666683309480820441 -3.3075904899363677281 -0.88857773448543253547 0.0060054372191670844089 0.45868676076430137112 0.13612505481832576359 0.95832665978020159514 0.25115728658585806388 -0.43806344201196545374 0.28561153316749288145 -0.85236522271526449224
-5.2713862341031489933 5.3472321649065452931 0.95252228084158796495 0.79604819541958016238 -0.0033380342454012402673 0.60522403132786284363 0.41109149787195387038 -0.73093385046109748959 -0.54473799814906909145 0.44419708570263155556 0.68244015398972934783 -0.58048633513270497808
5.7144252379927307217 -5.7490428436304954474 -0.32036883886837630442 0.95984961120055001249 -0.002102409759280866007 -0.28050722584504378387 0.1165665901439493779 0.91253655738834515976 0.39203221996660370108 0.2551488858300388074 -0.40898974474056409845 0.87614293055230763052
4.9679815776959923568 3.1056714201340809289 3.3656849360264788906 -0.99715664395055458868 0.00076894862018617865518 0.075352744762253218158 -0.002173924655093164432 0.99923821820595248866 -0.038964821674898370008 -0.075325304359089476081 -0.039017842003182479083 -0.99639535653699673468
0.38207700263406435548 -5.0132441175340360928 -1.547924751059396975 0.88762371468096634697 -0.0028534895803199664122 0.46056052667743246909 -0.27266947509182803966 0.80264694743626285867 0.53048019296145809687 -0.37118122055038749174 -0.59644759649825174197 0.71167040555460170381
-6.2187665791304276297 6.7042969691206151239 3.5729584752681264881 0.65186907735858024004 0.010340278912640679665 0.75826102670239614589 0.66021955068170512515 0.48416953722603423005 -0.57418638447800063318 -0.37306413775843888514 0.87491310303048475117 0.30878829521901640653
1.1212689191594220617 3.6297959124123022612 -4.4214935867163722705 -0.88397766231741536913 0.002048960987423933261 0.46752464564215440168 -0.14732286827522264594 0.94782545703845944018 -0.28270634140935785306 -0.44371101519695876902 -0.3187831625866925922 -0.83755467298806951515
0.66356042516802593578 -4.207490951500084897 -4.2357388606392518682 0.99041122613415955023 -0.0064974413903422893746 -0.1379977768040966668 -0.095258471440370931504 -0.75557796912457442229 -0.64809548385434889717 -0.10005711751963207445 0.6550265000967508966 -0.74895183917571805932
4.1419931848942095343 3.2309579422245842117 -1.9213175995193818579 -0.66386410640658333193 0.0036362333225267483641 0.74784438624088955816 0.71867688933213824676 -0.27348991594114779868 0.63930180245192524957 0.2068525488473302032 0.96186799701700231857 0.17894686180436158995
6.5583591479903811106 -6.3513094005108667872 5.1881896411639205624 0.97040006667973843779 -0.00012684033362454956179 0.24150299066358721367 -0.22545180383980087391 0.35800742467846807804 0.90609169956485802189 -0.086574792713075610084 -0.933718730553570464 0.34738183239778891442
2.3939885784735435159 -7.164051325624353872 -6.9836423469696828903 0.9583805575324694237 -0.0012185072093523871724 0.28549119458203614519 -0.28205300237023406273 0.15074407174447362889 0.94748209940233041326 -0.044190618887325811004 -0.98857207125942880843 0.14412650390634210162
3.8602138267225885038 4.2958263227764197367 -5.1172858728629684322 -0.68943618099897985285 -0.012952669899922067409 -0.72423061290723689254 0.53192741360684303586 0.66960365144607192356 -0.51834754424395779182 0.49166144752564594489 -0.7426056681123658354 -0.45475910403668035054
-5.671528494402103604 6.1724758210257819613 2.3208789762534900447 -0.92605883037563907489 -0.00098316241808203089919 -0.37737789558364015496 0.33473425728688716019 -0.46391328495057942982 -0.82020573092663739967 -0.17426422375827449462 -0.88588006944400210507 0.42994009219883655426
-6.5695925288563268296 -4.0833496135412827854 6.5479151512063378249 -0.99499371312365614273 0.0025745314491620284458 -0.099904367433607865756 0.093194749868910020663 -0.33706963511854726168 -0.93685580516842237309 -0.036086693411362530393 -0.94147619877971100433 0.33514223501341000588
-5.1989761491793542447 -5.5860657045820625299 -1.5120447734716890853 0.95950685915733946452 -0.0092435641630351540743 0.28153355706116506285 0.21280011768640669234 0.678635930588695091 -0.70297182278288328217 -0.18456082233950174554 0.73441665982987602845 0.6531228618122619789
2.4760514374733713083 6.8428969715744045743 -6.2108191257543126085 0.68195911090079674999 0.003689434778052893063 0.7313809945100409049 -0.56906214890008277596 -0.62551113774251854149 0.53376407452090268713 0.45945624573905968768 -0.78020651409168717549 -0.42447350167047692704
-5.0652249783772171909 -1.0347128429916820913 -5.6239102138276599874 -0.78833993468589891318 -0.010464040003524736899 0.61515091745544880908 0.23127006689379664417 0.92148513382424868112 0.31205657227476152338 -0.57011779794915762309 0.38827265163510149559 -0.72402351098138895136
-3.6566971080716896836 -3.6082688169415035873 -2.4156822987197221764 0.9532736414053095686 -0.0045528462888762893587 -0.30207389194133199561 0.098145839458592371018 -0.94098423333103931032 0.32390749731874912687 -0.28572147066486919265 -0.33841977515055043924 -0.89656862369154499692
1.945726244145945083 3.5158539385313174463 -1.6373163084384316779 -0.98755329765166888212 -0.0011248040717858119684 0.15728070165558397098 -0.029306689311492162275 -0.98114637710799690318 -0.1910311614621180154 0.15453026324655008694 -0.19326283011425285374 0.96890137590844283011
4.0442475389920558015 -5.42369650261885905 -1.2948000976353588598 0.097581185460026559353 -0.003386567464615438186 0.99522180613420774264 -0.88295972941433975567 -0.46168888569304700198 0.085002876775073954452 0.45919497871461872895 -0.88703545813471840198 -0.048042351471877853264
5.7838191048246061499 0.81291458213532552524 0.29054276742978540904 -0.8317683757399105815 -0.0029787395313910993051 0.55511484958506163156 0.45959229378775240393 -0.5645465856725846443 0.6856107321915739794 0.31134593719832165393 0.82539583214127087984 0.47094100232817637242
-5.6036533248311659605 2.4172063732374415856 2.4380681612491534871 -0.92692050726034225239 0.004054434725925792557 0.37523583887898054323 -0.28237702875839071348 -0.66610330536272566171 -0.69034020614073610123 0.24714689326337471731 -0.7458484753245279153 0.61856969292577224095
6.2033823747850256325 1.7047013948394071914 4.5797082750413249386 -0.72842341763309004232 -0.0012524088421635984 0.68512608775016181628 -0.34668609770956282379 -0.8618482135006536593 -0.37017078023628774419 0.59093829990840962552 -0.50716475464865784506 0.6273562284248566101
-4.2534547564143387888 -0.4573604608149107742 -4.6729809354916875819 -0.54396646160797923475 -0.0068755231292178167063 0.83907878999957563604 0.81284663305960480617 0.24389104910564612938 0.52895888998088880228 -0.2082806754577648245 0.96977826504200537183 -0.12707980517379796614
-3.7931910831210959856 5.0618132289225297171 4.5620546453449914992 -0.97252126748942679946 -0.0058002267173278146753 -0.23274179180150181279 0.11741586730893541213 -0.87546055625611063356 -0.46880948000648198226 -0.20103705724330078741 -0.48325476905034880915 0.85208504845765220548
0.29557234883741440035 -0.45789895571148769848 6.1949189545463339002 -0.9786097886759562714 -0.0031451665785936326614 0.2057012139848031218 -0.16087068824490183272 0.63494416075161830282 -0.75562327544297658299 -0.12823222360723743329 -0.77255162976636115868 -0.62186853608628767098
2.6112552355357019351 -2.7726291475804241138 -0.038981230231562219446 -0.98965327620566601041 0.0047667510867539465355 0.14340038695642920441 0.040420632289644285728 -0.94970539165843315121 0.31052510613534883843 0.13766831654546540786 0.31310852294226915182 0.93968637719213576887
-5.1925717175363939049 -2.0536836129505227078 -2.4532259463304444402 -0.71189359079748493198 -0.0092272084058619158881 0.70222672549996267843 0.31725782858892442873 -0.89629331245095500424 0.30984797603806052413 0.6265420860408846826 0.44336571437234539861 0.64099286871119365294
2.6826519174117793298 -3.0268114166481630001 -4.6782745612765799237 -0.77451122987260845321 0.0039554887446295603284 0.63254779179908660058 0.28610871974907498005 0.89403757165746300384 0.34472977960764566996 -0.56415791697422223994 0.44797452446941798954 -0.69357383899749980305
-3.1703812519811558346 3.9534762485847347868 6.1157750346864769853 0.9898580568809683955 0.011393808697876588176 0.14160228935679858298 -0.054014347602114598512 -0.89172941691632634509 0.44933405975841239632 0.13139055324053150464 -0.4524254945615594492 -0.88207011874901830595
-4.6845781206059466939 6.7570039501072232113 5.3473386320172817676 -0.95020130099363875331 0.009534097337975349154 -0.31149091251281108006 0.31144073894806850733 0.064500588179526446853 -0.94807401622872877756 0.011052317115319648666 -0.99787212362723765047 -0.06425784912317260289
-2.3602068205993851358 4.9976273598037614931 5.8162272668893155725 0.959798229626590782 -0.010796744662959332009 -0.28048313444895756064 0.11075935354696733737 0.9327428224390603706 0.34310813570992310106 0.25791417953949624664 -0.36038071187735121192 0.89644075013327984003
2.430537986184355681 0.58981355110028765854 1.1272756042350164929 0.55267882593994388518 0.0038132537204072437971 -0.8333856096991348883 0.30618018141213376726 0.92912844956336726465 0.20730176246784204341 0.77511277364522490618 -0.36973745185996054197 0.51234207793620378801
-1.0704821273376097235 4.2829596616816241195 7.4706930915094940104 0.82182266490357669397 -0.0010545820398726063905 -0.56974239381274860428 -0.46225115921107096106 0.58335015295447911754 -0.66785212798637272336 0.33306361743476997628 0.8122200975749631624 0.4789228955025702783
-4.1562458192261511059 0.38043385969689264003 5.0517857490779078944 -0.6224186899409477336 -0.010855056976870253171 0.78260918864407369444 -0.71213655056316460534 0.4227205929486255731 -0.56050765708340177795 -0.32474067771708864383 -0.90619504966380437505 -0.27083948050588269041
1.5501914046113376422 -2.8640419525677089929 -1.2765043753351987821 0.99521367283525796754 0.011984479640025018365 -0.096985141385690573634 -0.03409371766199802839 -0.88751129973183029431 -0.45952291701772290944 -0.091582551929011518643 0.46063007402498551413 -0.88285478482362433894
-4.3951579355003911331 1.1695119227309820342 -6.0645428655430722031 0.94984632343081720762 -0.0023055291074771484469 0.31270856464223961702 0.28536829067294650075 -0.40257554717975302383 -0.86976885865804365316 0.1278940989390021099 0.91538386120157511083 -0.38172697849135234227
-5.7032174405810209805 4.7062194746895746889 6.0941683837828257708 -0.99292025882345891219 0.0028863699358474678366 -0.11874775150097045817 -0.08328742358558949288 -0.72969730055270465297 0.67867890392921337295 -0.084690995332471180612 0.68376422722653817932 0.72477163084300166851
-6.4767921964638039967 1.722459252686695752 6.956171377854637683 0.9536019491076653809 0.0016128080594654606306 -0.3010659753414565154 -0.25469652555996091792 0.53754390401489493545 -0.80385087617316430819 0.16053972257942042412 0.84323422019431804042 0.51301369120871243013
3.4994700836586862813 -1.2870622155116551166 1.6517848165329838128 0.79259703040407059049 -0.011307117915961228949 0.60964095702242215857 0.60731876214089297594 0.10375876807382086731 -0.78765350199144246179 -0.054349503644049709794 0.99453821803498054788 0.089105916309785787588
2.4191109123893124178 5.1141038952803601347 -0.64200507729991818096 -0.67456940090408912258 0.0042456413464937187846 -0.73819922642440194416 0.28857418698069980945 0.92193029186767183614 -0.25839790158839842649 0.67947116345901159562 -0.38733255926453463713 -0.62313114716021245076
-4.6992490210549338059 4.0147199404521192179 -2.5020198500686827714 0.88580494927584252363 -0.0022953515816251266954 0.46405206949173705144 -0.27935672660532478995 -0.80113368577955323957 0.52928691350681822403 0.37055284527145965212 -0.59848103467893543073 -0.71028940579923283138
-0.21374052993146905322 -2.2894787396560674075 5.7117402468722602293 0.97182998705687306806 0.0086139212330631070857 -0.23552553283645943916 0.1177859793603013433 -0.8833338840306441675 0.45370443285189898663 -0.2041395094611380967 -0.46866517865562296041 -0.85946495623300955824
-0.56711877729915805002 2.079349963290518577 -2.346079613391148122 -0.99626707434479766512 0.0045928647222117941623 -0.086202216735220077437 -0.057992010399949805999 0.70408260803445343878 0.70774614643477173903 0.063944063885510174505 0.71010322253670765669 -0.701187970544727035
-5.7729064496833508713 7.4001572109647151265 0.48769704781648282044 0.67258984225206774887 -0.00076762831190047052868 0.74001507744513150833 -0.45082622444920256166 0.79258202256418830434 0.41057210433373875214 -0.58683781358078368484 -0.60976483028700678712 0.53273655055466839769
2.4913464280526027572 5.7059194776134001259 6.9080353830000165161 -0.9997487238994889891 0.011207230823975814979 -0.019413578715668702163 0.0027891607587937714691 -0.79712630337580558937 -0.60380615850507879383 -0.022242069228216577309 -0.6037085840401111847 0.79689474581827046684
-3.6409278167826943928 7.0463935834522999357 1.8840751921570904059 0.77940178623829470261 0.00049749308631136853615 0.62652422787082917566 -0.53839719741427594091 0.51193717975513719498 0.66936446111274572335 -0.32040804207285394911 -0.8590227450334454451 0.39927260122639118833
2.8298372181513933299 -4.7881222234153160144 7.0160923978537033108 0.68795408877718933205 -0.00040749476511826952102 -0.72575409449952510421 -0.15800182506490750844 -0.97609809468270913868 -0.1492244377876913719 -0.70834638067189348298 0.21733003360069311216 -0.67157506020118862278
-2.2134448373953410361 1.2720617514973246998 5.8391868696535746963 -0.99955877033359308292 -0.01367801564381111723 -0.026366200660962228752 0.0093657957566747850053 -0.98751726379134008305 0.15723210735583895148 -0.028187701557360250737 0.15691579143530967611 0.98720964737943583955
-2.1510896879956109551 -3.1276564181935926356 4.0001526353064758013 0.9443564880781016857 -0.0052374423417056864549 -0.32888203450865732824 0.19716303888473304951 -0.79132072989907542571 0.5787384888962021634 -0.26328228106452195023 -0.611378828247884476 -0.74625623538277474633
-4.2822483548132446174 -7.0849024606741393129 6.401912256359098663 0.89886591107619417951 -0.0035429757409336549989 -0.43820944904025554978 0.062347450789204367227 -0.98876116562251725739 0.13588286402914021012 -0.43376591531069935703 -0.14946171643471886648 -0.88854281046844751923
-2.8000562765986289904 -4.5665674497566479673 2.2735422144816479495 0.96212466414034814033 -0.0017480929837915782851 -0.2726042457920417883 -0.25388114505695669187 0.3585037263924417128 -0.89834260855604075591 0.099300024357934266184 0.9335266586089544516 0.34448146949997343613
-5.2033223373599355455 -1.6481738392243037161 2.451415132061044666 -0.76343059732211726587 -0.0035392532286684643891 0.64588017213635973146 0.5607408138410633347 0.49263140212220318803 0.66549533532247029388 -0.32053621131665710475 0.87023087472786364582 -0.37410528184601782309
-4.9056600887301939906 -4.5703950299852555972 -1.5937460111662944406 -0.9094438377201118362 -0.0033685045808336602779 0.41581313015549398182 -0.13153166379055192259 -0.94629322021469319814 -0.29534482016144081307 0.39447601632204748467 -0.32329211953362513299 0.86015747278863174952
-3.2199206506363342584 -3.0482591248612997958 0.28905817500692942978 0.44449024324954228282 -0.01009634543621585126 -0.89572679286977863189 0.82799079987573154238 0.38622471646942146961 0.40652392759744609974 0.34184742060902689742 -0.92234946316292010238 0.18003279930597537728
-1.396843703539744963 3.5154650151592510277 6.6803373082872328226 0.95449672389505979542 -0.008272918918682255901 -0.29810663006108456541 -0.24077526615872274496 -0.61119526892624553849 -0.75396791340769508949 -0.17596384651395655108 0.79143660646621061261 -0.58537579610474910208
1.3325651958505606576 2.07040371839393611 4.3526362306666488422 -0.88677220963272740395 0.0076474871693391751823 0.4621434454398642977 0.19465150052366841926 0.91305270425243678645 0.358393014163372714 -0.41922051663402204458 0.40776988019865306745 -0.81115835891388543555
-3.3239786563059108282 5.3062509639711503695 -0.40999666216957797449 -0.39894426954100536964 0.0046500102215420082569 -0.91696338378652653134 0.48090571099859330539 -0.85037059955742588802 -0.21354048922196153248 -0.78075166790048411425 -0.52616368252963907626 0.33701426120792676855
4.492122952521202528 4.4415786851547913727 -0.14014254907149883977 0.97986620597293228041 0.0086557758188093251311 -0.1994675310348734687 0.007716181898743207368 0.99667162236459927449 0.081155022704071336226 0.19950608744865230837 -0.081060191945042617268 0.97653805166665785809
1.6883110767946298836 -6.0524715036303469162 5.3779443854203812236 -0.9891780456898926488 -0.0055636134692086522055 0.1466145972624237348 -0.10001204402354521572 -0.70558197758772767116 -0.70153521932524454119 0.10735168827499499966 -0.70860646279053862706 0.69738977330892515383
-0.7006259842109825442 5.3101254986464105912 7.0196349915255682461 -0.9897603862145449849 0.0019683021186815106984 -0.14272527339998777873 0.14206092525953689654 -0.083752934760126906966 -0.98630833892526814655 -0.013895013304910587559 -0.99648460685849205021 0.082615718234631499439
4.3225991338261184893 -5.8562012290322469354 5.4015540008564615349 0.96745165867729410181 0.0013935881315634583363 0.25305206190563961366 -0.033384532707338952784 -0.99054172767217618656 0.13308853713252871698 0.25084409719687805751 -0.13720475083717265097 -0.95825471313697874187
0.16530019550726723909 7.1745306041949685749 -2.9388460472206547891 0.78142811582022819739 -0.010245640981085310517 0.62391115284675824348 -0.23188127535789970768 0.92349686339064607221 0.30558896813501507106 -0.57931094754382228551 -0.38346912541737565583 0.71927064162774412281
2.7535497740398189315 0.7277867877034354116 -5.5070184913242563596 0.99982225548222158906 0.0017967030151762163753 0.018767772931469813014 0.0083885402654992387989 0.84909564803460091387 -0.52817252189139030083 -0.016884603481995497098 0.52823607633999891675 0.84892965422241695173
-5.8886366040455451198 6.067215084032847372 -6.6013822315502590499 0.98420635798780831127 -0.00085609399000794632675 -0.177022913769292356 -0.16827910147383046136 0.3059050531539707074 -0.93707216502369539146 0.054954425694769153121 0.9520616395790966191 0.30092963552732243659
-0.15045174053147059023 1.2821946577857505911 -1.2950666536212436242 0.6994215803914707319 -0.0023919625499507924521 0.71470534585775791214 0.71024026905046444558 0.11398083269979261689 -0.69467051902061083268 -0.079801084589810084013 0.99348006939859001552 0.081419522266266655675
0.54062891550956881925 5.8662659106931922537 -1.3162491843455617069 0.6544647123056976934 -4.288941926530558113e-05 0.75609254625801436411 -0.32757590299548372537 0.90125845909172008774 0.28359692821377796568 -0.68144696647879154927 -0.4332818806228334596 0.58982780860223982256
-3.1475729432081278603 2.2737697454194827351 2.8413345868791659576 -0.81473049819067300259 -0.0034539414775808770577 0.5798295315058985544 -0.17551943227198910091 0.95453698288490573809 -0.24093998671846203474 -0.55263653897749920318 -0.29807250559764969511 -0.77829662545444555644
-3.2159901949921718689 -6.2994434527679290525 -6.2759746159919060915 -0.99378490500491623028 0.0042231817969049269268 -0.11123725688785515708 0.07116031188710811306 0.7925418896048613826 -0.60565135452160112628 0.085602409992694417085 -0.60980285171288506341 -0.78791668940707992874
-2.1714837665756605567 -6.4640804695487261711 -1.5311551346585867694 -0.82367123007810838509 -0.003409162700875221011 -0.56705738893980661697 0.20318275165091048695 -0.93536226518168830157 -0.28950682600862220895 -0.52941710793391727474 -0.3536747241233372252 0.77112367058932651531
4.5272617522775044918 7.0461630968678283793 3.9207012582196245631 -0.90864453551835566714 0.0087837902891041222397 0.41747808697081201235 0.11510808605473768496 -0.95577316149483859675 0.27064329345274734662 0.40139162497170327581 0.29397365323162627515 0.86744697509893553544
-4.7445930002199849795 -2.3316529305347777346 -5.6596716619874287701 0.68172237798207990789 -0.0020657328094013825345 -0.73160804540843960009 0.53406872122211324072 0.68486018635815204547 0.49571879745824032337 0.50002519973543491094 -0.72867157066078080963 0.46798775810927795149
-2.7229190243051979436 -5.686571833001362819 2.1936596932556251538 0.96977301463334097953 -0.0038334857255803316857 0.24397869676678710094 -0.22131188895427264529 0.40729645851922019473 0.88607598019868183403 -0.10276841876908664186 -0.91328796075762541662 0.39413671846046122171
3.3481699158087470103 5.2520297063544472138 -4.234134761378001599 0.92874581857614713076 -0.0043228165173151006373 0.37069194452336323709 -0.34500956461988074864 0.35579560225411327457 0.86854930184613943212 -0.13564514292050483535 -0.93455379870507360174 0.32895226481677636299
-6.4666930311443540091 -6.4108204370536601147 3.0603536027590600987 -0.18151955708577671711 0.00084448837655821615018 -0.9833869722721974016 0.063044348828398460993 0.99795250349801023493 -0.010780113307818256149 0.98136438720595142726 -0.063953792706212028718 -0.18120113664739462278
-3.4534649410404880676 -5.2172869486251904902 7.1108709881862379731 0.9844505136833772152 0.0015338368144176576721 -0.17565543957746271309 -0.031931058330250221278 -0.98174004869609743373 -0.18752835598935205241 -0.17273561770070666732 0.19022125047112276031 -0.96642551820967725895
-5.4209913545445740368 2.8183463052122696979 3.3856070472884645106 0.77314145396926547971 -0.0007352339566027640827 -0.63423319968710145655 -0.14856113025197770217 -0.97238875292484028279 -0.1799713970704691357 -0.61658890902495566699 0.23336574859280703742 -0.75190328144726870097
-1.1364210934697207556 6.816993178568112377 -5.5849884272333358837 0.95802394732732620852 -0.0032345424195936757494 0.28666993927289691202 0.035419541391346814896 -0.99094012403766373875 -0.12954970729361398041 0.28449177920457324742 0.13426543973626223205 -0.94922980318660044041
6.4133825789185268107 -0.16290123525639299551 -7.4590899010303894912 0.95009198918620618723 -0.0062799954596987669214 -0.31190667473004124455 0.041849823934055702113 0.99332626914596888756 0.10747797570347270013 0.30915013233189125863 -0.11516720315122004614 0.94401414766814373269
-0.64686624724137697928 -7.3708795328541034664 -6.1363549559448458126 -0.96793843727007111699 0.0061609935109372768874 -0.25111197465302842469 -0.19528515710974328479 0.61030103465037988109 0.76772153448852287205 0.15798382533604715672 0.79214562377371366964 -0.58953067915801848908
7.0045412390594119501 2.6288516611537269263 1.4451422810652125861 -0.9766212317208043947 -0.0044744260591733243243 0.21492079765210547748 0.0021394400117820122631 0.99953152989137528106 0.030531026012837171602 -0.21495672250112562995 0.03027705838411656053 -0.9761541411001847246
7.0611750191265914012 -5.3074417363984309759 2.1495621447164285911 0.93284467191167408373 -0.010730065809563312657 -0.36011898557783572627 0.19658671376302211398 0.85279999938172268426 0.48382416746822171083 0.3019180055209835789 -0.52212740470319118913 0.79763932400557646663
6.0876936492153079783 1.0906760189365711788 -3.2428912782489143218 0.76018475746167180063 -0.0098083141248921559135 -0.6496329205766917525 -0.64921181794676341426 0.027561753093928477443 -0.76010812731125732 0.025360401440207226004 0.99957198177038064646 0.014584351147009603014
-6.6407169612742018572 -3.777818625824955312 -6.5271994754195894473 0.91468627917035616459 -0.01227120200442944134 0.40397825225965633411 0.32376131632824711737 0.62055081664855371582 -0.71420955888741743944 -0.24192482457744224345 0.78407021468630899719 0.57158225803033491097
-6.1742590709786959735 7.4631944060100545713 5.4769638696101967668 -0.85873952023588417948 -0.014642585886156940858 -0.51220311504681959036 0.16168664326583778723 0.94078165192332652289 -0.29797200001641604983 0.48623437329594798584 -0.33869673468005628836 -0.80551887385869336278
4.5206988712145941278 -3.1243937193850053191 -7.2926656866736179197 0.88429833029191318161 0.0052231256669978565893 -0.46689311624949514368 0.33915182868553589435 0.68009056641308252011 0.6499637363539038093 0.32092444615850235223 -0.73310950098470950564 0.59963151970501249455
5.5342466927437730106 4.7288742439528039796 -5.9142020389121769952 0.99968456595221477645 -0.0053192859966520525394 -0.024545341583559955601 0.02430976086456647714 0.45044663475468493807 0.89247233277290982656 0.0063090509331409985738 -0.89278750799665429483 0.45043385911997335658
6.1904948074439767325 -4.1586931173042005483 -6.0869146273095946498 0.99962661928683771428 0.0074633383897779233956 0.026285368429809365109 0.020261246962735301319 -0.8478899771151269249 -0.52978492671953636428 0.01833313625450866402 0.53011968958700106391 -0.84772460789297088279
-1.9134026435173450142 6.8260483233168045558 -4.6867833905309206344 0.96644149658358313726 -0.0046829757597258176577 0.25684412280445373389 -0.021420833545905345469 0.99488260752897716976 0.098740797679677708154 -0.25599215138629910493 -0.10092901948532159717 0.96139552290118335254
-1.8137945302674374215 4.807455567620759318 -5.8378299439662573178 0.88820936668215133558 0.00086382004091001447776 -0.45943810764133863334 0.19256686769702693884 -0.90862232960372890656 0.37057180628152625035 -0.41713561632091067377 -0.41761790665665055045 -0.80721320705015997543
-0.16055457160573843867 -2.7643136415666220707 -5.0319973031260554208 0.54093494848463508085 -0.0031738879576096324514 -0.84105844502210813651 0.30468594721073471998 -0.93133006240015137056 0.19947628541275644332 -0.78393612946479318548 -0.36416238315479809717 -0.50282194026795090647
-3.9780072678017730503 2.4280280413515153981 0.27023236774799253013 -0.97251068794008455054 -0.0076963814875460317272 -0.23273101975099402816 0.23192971750797033992 -0.12118029843560886027 -0.96515487949225575726 -0.020774214281459830317 -0.99260067548982533481 0.11963415498067082876
3.0789940685084231653 -1.2876716952323079557 -2.0344887240783657845 0.87166665475239479832 0.0019658985431102345143 -0.49009527465153818193 0.34946312604328072515 -0.70360507506352909513 0.6187207947700729127 -0.34361718020052567368 -0.71058851214175278166 -0.61399609109777564253
-2.4700162800009719533 6.2579243977803269416 1.8581089544325444241 -0.79550548805786469586 0.0078594962722434991154 -0.60589540911638584131 -0.0024203315334361749644 0.99986668751817597833 0.016147730076575501912 0.60594154872000505208 0.01431207566019233185 -0.79538041466019582248
-7.0824841078245936998 6.3227032670489595745 -5.4025719172281201352 -0.99733527433995816658 -0.0017090782609950876808 0.072934419916328541156 -0.071518583209039629511 0.22027306850965469587 -0.97281286357916363361 -0.014402875157751498375 -0.97543675055892187231 -0.21980833206765973409
4.6539277085325228001 0.68199239045190951369 5.3199086679132703281 -0.99877063757617345896 0.0062601719528392312658 0.049173405035321478274 0.037003489466056888046 0.75423125700315696296 0.65556536876708060291 -0.032984167156156422862 0.65657902891154362734 -0.75353568164393869289
-6.3245607275484561072 -1.6018071874208354988 1.8790565994540624484 0.51791505671446957937 -0.0035787745261506654151 -0.85542456499761376776 -0.054265869481130976637 0.99783967316696231542 -0.037029745660369109417 0.85370908946665524653 0.065598620618875669308 0.51660198560888781483
-6.4827311982204989249 4.3704214472425677585 -1.382409045365967204 0.75002712197982324138 0.0040318505624911717133 0.66139478413093022446 -0.096582329639874425764 -0.98859480003152322425 0.11555161163676945513 0.65431733119020374367 -0.15054589177914043385 -0.74108350715179860391
-5.2173862933818888621 5.1181543948375951558 -0.38818897930182905132 0.56944304906334708427 -0.00081933529130317431927 0.82203037812676216234 0.051135510261565826629 0.99809812252441543201 -0.034428148418634910155 -0.8204387688693403069 0.06163981264504914126 0.56840193528290861025
-1.7198429538110444614 -6.4667399384985317923 -4.9515445132931930061 0.98353797300309864227 -0.0024807684916494125368 0.18068453572077861069 -0.15138695480499408941 -0.5572787617551457906 0.8164082138315104098 0.098666334561606616749 -0.83032176141812497061 -0.54848037972188012912
0.37507987511777562961 5.1346369419735466977 -2.8379240810716512833 0.98492926679108427912 0.0012616087163858937491 0.17295302183493088677 0.10922270948815301916 0.77081844545352407039 -0.62762195936769360483 -0.13410719276184809856 0.63705363392111424847 0.7590638499873397782
-2.0065062085710900774 6.9960351183781046558 7.1477513580881053556 0.99950323376139416087 0.0041607686568872924091 -0.031240577856307152199 0.029321654437177532837 -0.48620054951764873907 0.87335517759375735913 -0.011555357271722337814 -0.87383734965548931495 -0.48608102212012826993
-1.6338702221411205429 5.701928711134785388 -3.0409830804257054204 0.74729313627010207632 0.0018627353232133652718 0.66449191018458442226 0.12595305622039634774 -0.98226482897729727739 -0.1388943245168732521 0.6524483091496855458 0.18748956229985216937 -0.73427438190106875116
5.1738234908625226893 0.66178803486754866903 1.8030479040264093538 0.96547941049952679116 0.00036347845866903263738 -0.26047912734945261048 -0.24133291740383244761 0.3775542369069290749 -0.89398614148707489235 0.098020053451773669906 0.92598740060377637828 0.36460856139741543158
7.0342454878582216793 -2.0005530354050158337 -1.2968538586726059414 0.96264365662144057989 -0.0020651893975124147387 0.27076359681322970108 -0.26474648920242699335 -0.21695167945286794597 0.93959633100470718592 0.056802172682650059476 -0.97618015948664527137 -0.20939390966125692728
-1.1950986607736384659 -2.8604831395960705898 -0.91394939855952794794 0.90751921851588446266 0.0092547695119186926954 -0.41990858203371367319 0.20639017877385185118 -0.88055289079962939525 0.4266493883860940084 -0.36580317402941497917 -0.47385752684299320414 -0.80102876485440877019
3.2341250008599335963 -0.10517383468631015531 4.3125367283590687606 0.95429507467857521696 -0.0080148227302204201605 -0.29875855311755333821 0.2250555021283939805 0.67701937177381565913 0.70071020486701740548 0.19664925986643211342 -0.73592155346857068832 0.6478800318997250951
-2.0186177496141266552 3.8461941975450253395 3.7936266102638711573 0.78049252621323728096 -0.010995369075181834345 0.62506841096339937902 -0.23745288904792483109 0.9197016209265292952 0.31267403785389663584 -0.5783143971994250121 -0.39246404972168263958 0.71520935932631923837
-6.9803032855937718892 -3.4897316448512532006 1.3134204200753409886 0.79485030148996649313 0.0031374591832135914279 -0.60679745761762149403 -0.54528883627239910226 -0.43502474687757231031 -0.71652882331489298195 -0.26621999034278392982 0.9004130307553241952 -0.34406872974426361278
3.1204424491728577351 -4.5225591338045960654 5.4699830746218767175 0.97011533313440212467 -0.0035725040050901199495 -0.2426179664262829716 -0.22712995717779069227 -0.36516825168328526097 -0.90280902217194458625 -0.085371089779264427988 0.93093468362597608934 -0.35506674281348366007
3.721656503763434376 1.6127436628092808313 -4.9178239910832317605 0.9984831395759812267 0.0043697578932851768863 -0.054884653578073427926 0.046670514273270527483 -0.59604596280306010314 0.80159283512499712732 -0.029211009566564222206 -0.80293842568531603732 -0.59534578311927510708
4.7642883172404664194 1.6135876156499349143 -3.8718175377795924774 -0.99986906164378397399 -0.01018723497499665967 -0.012572979404546855836 0.015808989731305019 -0.78082124259552132539 -0.62455445155343480845 -0.0034547664491099625006 -0.62467143952248305183 0.78088005303867036311
-4.6562712991220545078 4.3789339101819333422 -5.0359340104269527671 0.98705293896532320108 -0.0029285300938022909567 0.16036807472634864724 -0.14553727429993698617 0.40391250804654077466 0.90314649289740966953 -0.067419562956834239165 -0.91479293261102556656 0.39825681786461314404
-1.3747251975400462953 -5.5114932985362541373 -7.3769132251489910601 0.60298434698252734165 0.0050804179772208296964 0.79773684047264725727 0.59894592990905803909 -0.66340931227368815648 -0.44849956235662835624 0.52694748347396680455 0.74823944946916975951 -0.40306832661313851673
5.9570225172871316133 -0.35570259226175543477 3.7917426373413558593 -0.71737178585872551917 -0.0052505944964490918261 0.69667076306632647054 -0.086011198996135435069 0.99298922697527403081 -0.081083097859465616541 -0.69136082800611220467 -0.11808821435126380661 -0.71279406502169029292
