1125 14.717824617146108679 14.977075390850430381 15.033177056927090831
-3.4450080198296597622 7.0312994972965343621 1.1270199174999802061 0.6105240474854676247 0.00022698614000327826945 0.79199768681428861505 -0.013311626505090125988 -0.99985575934714399082 0.010548037741713530563 0.79188584280923501879 -0.016982608094910641577 -0.6104329635435559176
-0.51801925385616620634 5.4152965986057264303 -2.7700109211853884972 -0.98847433768163128764 -0.0015058911701051563934 0.15138102931546779106 0.080916424355837332505 0.83987429906539801117 0.53671565473614224473 -0.12794927125345453844 0.54277886294625354857 -0.83007234017558384487
0.24977626280754125498 -7.4288789651031397199 6.7439195298026684 0.99307866762348384615 -0.0070426616278286176265 -0.11723975788209052562 0.08158826534694324506 -0.67668134389306200394 0.73174156215477836884 -0.084487365142583398248 -0.73624232406473277823 -0.67142320885343953485
1.4802901620867410237 0.89848802301506869306 7.3744593856217397487 -0.21479860535698741542 -0.018206750831125505935 0.97648864476801144896 -0.67770495635905669829 0.72272310971848596761 -0.13559977435517781008 -0.70326207864716216989 -0.69089783680577454561 -0.16757872130424752988
-2.9087350591284342194 0.4911308576472714349 -1.1071784261767725344 0.98354239526795594895 0.0044068779327435707652 -0.18062374189875946007 -0.17260317242234979318 -0.27259772389534048243 -0.94651921575681019494 -0.053408815567937181767 0.96211800749908116259 -0.26735077719297117849
0.48361826092167592428 4.906073824516044013 -3.8070517781807819979 0.99590823501490022274 -0.0095983847554229617671 0.08985910326546146798 -0.0011868577369899026286 -0.9956469782497296972 -0.093197028230180514741 0.09036248556952225508 0.092709037921403059102 -0.99158441672378727638
-1.2437682858494980565 -1.805076269323738769 2.5451281250548047908 0.81519599468566728007 0.0021524642206239351198 0.57918119543562540663 -0.39876963397816883594 0.72731616456739434096 0.55856420917919180624 -0.42004555617860495076 -0.68629917940857365632 0.59376356159487286845
-3.7437278196363319438 -6.0798635270483147863 -7.2924629838483516764 -0.99477485849177238464 0.0016877935786803171386 0.10207904910237559915 0.098972261379450379715 0.26126793937679049229 0.96017891839557834022 -0.025049398999654214071 0.96526484200273787728 -0.26006982216913787642
-6.0810040586281948194 -7.04523348007130501 0.011043873931246183523 0.99841480587231512533 -0.0057888373385652034525 -0.055985397893033153616 0.016074834480660264713 0.98259365767093320709 0.18507107716044157719 0.053939550530145985441 -0.18567765958018364603 0.98112911057690799232
4.7624724521163859237 3.7114420545370290228 -1.4901559742815781995 -0.97855978866779991243 -0.0075351550780373265787 0.20582507485802162273 0.05987624144277737398 0.94576183834561078356 0.31929513124982050742 -0.19706743950503130547 0.32477340803566462357 -0.92503332789682579662
-4.4270469289114204869 6.9823145082943618434 -1.9404093601580241213 -0.98445649644089661123 -0.01221468834863816133 0.17520333331273565958 -0.089612220562089048292 0.8928858965381307744 -0.44127590653613280036 -0.15104653766729270181 -0.45011729266036998309 -0.88010190677380739643
-6.1099550252504055692 6.9523001304164866454 1.0631868502546448774 0.77883112226350281748 -0.0042175393304077733736 -0.62721949535685295185 0.59253526690974400726 0.33293247941141046464 0.73352431563043818397 0.20572807407328699836 -0.94294123704227372773 0.2617972173708169592
3.032836148477102256 5.0063108301045202708 0.79586963346387185059 0.99861157794560384549 0.0038798077077461792447 0.052534402872373049675 -0.037106534654246008109 0.7596748683637239985 0.64924355943105283018 -0.037390125420558022185 -0.65029150499516419348 0.75876408524143079681
-0.43561419385096428192 3.798581882422098932 -6.5038803789510861719 0.91285651604205886311 -0.0039145390200348026757 0.4082617512135576221 -0.32770671190420158636 0.58939665240974348226 0.73839007110146259727 -0.24351856621752021592 -0.80783430387215315882 0.53675175397465269
-2.9304053483223704291 -2.096261321446761805 7.2079103175148286908 0.96426282448603017894 -0.004448943874363491674 0.26491019650546054898 -0.063731625476259934349 -0.97439612807744024892 0.21561647780674228492 0.25716820415494962004 -0.22479411132417573271 -0.93985750105302445778
3.7228464984340852162 4.1220416689984178404 -5.6550923853612227177 0.84830505381726628578 0.010747039434089580151 0.52939875029268068651 -0.1489567534582387498 0.96426223879962691399 0.21911234658098963091 -0.50812441514573425394 -0.26473163008687566888 0.81958937448221169664
0.30143838144229456733 -0.57869959976337570495 7.2855853867862556683 0.31670781248876411773 -0.0029582198038094120393 -0.94851853458125645613 -0.92636616262805127064 -0.21584323234665461766 -0.30863802712550397755 -0.20381828732070300658 0.97642354948341036902 -0.071099632684880051392
-3.4086043488689310443 -4.6787557628295193268 -6.0480605068287722759 -0.55782755668340966437 0.0026556092373064268605 -0.82995262801208424808 0.81870201343164594743 -0.16236546888381137022 -0.55078531908293593133 -0.13621831817970539436 -0.9867271164075039902 0.088397780167767670001
0.47246002246849982953 -4.5564406725368433726 -4.0714359167819340612 -0.99034843727678933956 -0.0076968902939467277041 -0.13838616499899736301 -0.13778122331281855706 -0.053699320177641098051 0.98900592390286479194 -0.015043513078757198356 0.99852748629789001011 0.052120550860338871191
-4.407455482316883888 -7.1737320645616673431 -1.1064791031486143069 0.95392587267500117409 -0.0058561036356360243738 -0.29998522545505862391 0.1427622094100246819 0.88824100014783935464 0.43663128291566294381 0.26390221864446938849 -0.45934043116906275728 0.84815210150550612855
3.1375420608372484033 -5.453834089343234659 4.4761547347598060753 -0.63904007444754906686 -0.010227718616859169873 -0.76910543946976339669 0.4698938891031834153 -0.79682300647381809622 -0.37983263332358313535 -0.60895608727850991659 -0.6041262203595537672 0.51400777585607282383
3.9571130936226208696 7.169119945736687427 -3.7783595817160180452 -0.84875282243761795975 -0.0043598704971262395441 -0.52877182029028257926 -0.42095315649140496728 -0.59961445299956039889 0.68063275545187817972 -0.32002669645485537497 0.80027713904824493429 0.50708915811019650288
-0.11857814110156991716 -2.1818619030267187853 -4.9655594182970750339 0.9881766328196940341 -0.0044607994088490358908 -0.15325483228225914023 0.12224604762640710331 0.62621512673338963761 0.77000683041781181615 0.092535648206170953434 -0.77963755445652105358 0.61935647045309838443
-5.6388641189021369016 6.0889481442176318637 -4.6345089202674412121 -0.71252228580834009453 0.0014272898452915671989 -0.70164802791017399919 0.69690032185569361634 0.11759145436607910951 -0.70746179491015137586 0.081498059019243784817 -0.99306103171145887476 -0.084781210609013737955
5.1421257530844810546 -3.9886071870003827478 0.33999479955562428302 -0.99930810386213553276 -0.0047600250177059167875 -0.036887067073348850377 -0.026952839934769289021 0.77610382578133663145 0.63002888507355025993 0.025629240622631277446 0.63058718173569716647 -0.77569513873417328398
4.0662765081427698632 2.48768106902055397 5.0329652148976604664 -0.87474207564093864331 0.0067503074661326330219 -0.48454177781934826275 -0.47612241046902253894 0.17412071590835090373 0.86196834427996138484 0.090187312591375690118 0.98470117784058053267 -0.14909674378356421731
-4.9710654159543743447 -4.3778732512487490425 1.5391542915970195526 0.81859895883681887963 0.005214210006358174776 -0.57434184646903474469 -0.46041259999138106629 -0.59187623857284688 -0.66159107912828618581 -0.34338896656792039508 0.80601199136671963785 -0.4821085846699820765
3.1272420167167882532 -4.5719166218780094013 7.2793826101136627216 -0.88205407919208045353 0.0068860677155825281842 0.47109784912681723634 -0.30856506596877042448 -0.76405923111388507341 -0.56656958214621222503 0.35604522387504528025 -0.64510934997184365969 0.67606636148738175063
-4.8741676980334585068 4.4066026028529599046 5.9009227198091025457 0.9911070142070567135 -0.0033545488007272090958 -0.13302493522666675174 0.058695646540816368009 0.90819480485398029757 0.41441165224125814381 0.11942239097786155888 -0.41853427988465941034 0.900315138767854517
-5.5401887220698950998 6.8767430476836493014 -0.62672395871285413449 -0.99958677727922606859 -0.0086183568179254207292 -0.027422593134824105321 -0.0029198061714580565706 0.97950324067427663177 -0.20140723979131916477 0.028596318301440815796 -0.20124394508702778128 -0.97912365161170611394
-0.51522441371039873204 -6.3301939314676793913 -3.4528863086339609545 0.89330084946873977714 0.0084398943182317186229 -0.44937997343253593963 0.34828783068097096676 0.61896879583021480187 0.70396961354025933133 0.2840936101672965064 -0.78537022987399995877 0.54998583862646788223
-4.963823226805744504 -5.642511938146791195 0.20435129361428649997 0.92461459176776661373 0.0057787620759277560575 0.38086016147556112088 -0.15659884063458631709 -0.90570739930136656692 0.39391738976938878158 0.34722422122058788085 -0.4238640262627670352 -0.83652532982459049116
-7.1169118642042645817 6.7565706377728043108 7.1333135167625236761 0.98740219022813591199 0.015438074871784232892 0.15747565074321498435 -0.11451546174054853811 0.75651790877476665642 0.64386866884899407459 -0.10919305726598041439 -0.65379073069853632649 0.74875533834336105432
4.0959042339523410448 -0.6079845332855687845 -2.4320488492034293415 0.75368985521593878651 0.0040952426656030707294 -0.65721749149896069309 -0.56169922700240237923 0.52321467529540977015 -0.6408903041398714695 0.34124123509562070966 0.85219107748387201706 0.39664188750983908616
5.9214411012731149597 -1.5009082345313449203 -2.2160773233688662032 0.79269203262381626729 -0.011347947524263754526 -0.60951666548323490957 0.53952012009625027744 0.47855559976778982989 0.69275001114560685878 0.2838263226449217469 -0.87798391899736027977 0.38546965711454439507
-4.1542596033122638488 7.00307838793580828 -3.9985146244894247403 -0.95415081267466095305 0.00083439687215188928105 -0.29932512499610713919 0.16227145123293756912 0.84173826432434339928 -0.51492200427532552887 0.25152376187316727307 -0.53988517126702029181 -0.80328064775584173685
-0.65907480944242491372 -6.2930507380274605111 -4.6630290132111396062 0.69174180932229323293 0.0044928217627235476558 -0.72213093257950367043 -0.49095975092680094187 -0.73039885725113606885 -0.47484316599899839551 -0.5295769936518486265 0.68300609358829067475 -0.50304163238827181992
2.5393607100267381327 -6.2857523699155315455 -5.7699575084118190915 -0.70184960708051080669 0.00045427251532425281036 0.71232501196949993272 0.14955033575072698704 -0.97761865743385267802 0.14797451711050416123 0.69644944261427765841 0.21038430139566530186 0.68607333398735004248
-5.1635796289950572913 -6.8912057638444581542 -3.9632575361218269627 -0.97770496649592775196 0.0020416992879978518131 0.20997340296625197076 -0.20670745787565958373 -0.18529823779293361219 -0.96069588836921737673 0.036946249441764028587 -0.98268020969932856623 0.18158904184273175209
6.2629440654411920875 -2.5476666620776873273 -3.0776441929136022502 -0.74533333346308716649 -0.0021335986715259615785 0.66668858531227070952 0.42707829361528293344 0.7663485914992032022 0.47991037437194788984 -0.51193979445990911437 0.64242142248209488375 -0.57027393661691594406
-1.4187575498135542862 0.13279013399124528494 -7.0083091008452242932 -0.99960568005139116554 0.0040347391549507716918 -0.027788581990542311068 -0.021991545102112527998 -0.72783631151320760111 0.68539818761558335414 -0.017460136113899044075 0.68573903529163271475 0.72763804128434717011
5.3851434128933304279 -6.0543810210248576453 -2.8795883831463666702 0.99941081362424133427 0.011069739964770525936 0.032488251230432765859 -0.0022092903599025305594 0.96534694551251198913 -0.260960521584652827 -0.034251199205396348768 0.26073499122045995513 0.96480263251418074688
4.0218916199221936836 -3.5032333902579551044 -0.43210471912761333479 -0.99102581457149352406 -0.013306914624875263928 0.13300661967037530342 0.076974495712896676136 0.75668116710471633457 0.64923688924668099265 -0.10928294406133261252 0.65364863449117849292 -0.74886627695819218964
0.67978233258810472073 6.0000820950597031356 0.81699402860786274339 -0.35137662127055518946 0.0031157057066308058157 0.93622901172868033814 -0.22047599360835518079 0.9715954469427992013 -0.085980368238468662945 -0.9099037346152949457 -0.2366275128930638294 -0.34070898707715480125
-6.4022944389680338517 -6.4386250916959602009 2.7338944114508136884 0.78391676036967516961 -0.010754808689902906754 -0.62077278202375807403 0.56273926788944994559 0.43471203454351936557 0.70310025131427722478 0.26229569037003580556 -0.90050529210720697826 0.34683020298151012728
5.2235797035901629926 -0.44121891136796076438 -5.3910436230095379884 0.73109370793974726155 -0.0017979604540504733577 0.68227469361629955458 0.64742497148259658957 0.31734994346277722865 -0.69291407814024419398 -0.21527400333459242865 0.94830679672899509391 0.23317659137639998312
-1.4433092556618067892 -4.0547411785357105884 0.15952380431792101412 -0.87205420854412696308 0.0014747335757807969459 0.48940707240628689156 0.3281063291986937025 0.74374650302409683889 0.58239795327523280477 -0.36313591684127544124 0.66846014421230581792 -0.6490711374722785143
-0.42741132758925370894 6.4609465501148255484 -1.977004672616350156 -0.99367994373691104215 0.014637297773924995772 0.11129204342138317163 0.08644769977563146468 -0.53264848830425326476 0.84190996140359808386 0.071602825492638799698 0.8462099842362037494 0.52801675916621382267
-3.0981059292662513904 -2.8916211160677991465 0.56001384388309671802 0.84082662725618939614 0.0036895163663557602879 -0.54129194559492754824 -0.5293085917901309001 0.21495813810914646269 -0.82074686323973511382 0.11332694981396630729 0.97661629431914809274 0.18269541897980770551
-4.3493546918795118472 0.76394562247242314701 2.0766958939875030943 0.94979553595459953463 -0.0029454427245727814871 0.31285741839999742231 -0.26315733879527958283 0.53332838939165350123 0.80393348238963679986 -0.16922368309119861784 -0.84590315842658536649 0.50577780857300713713
3.3609138931885587098 -5.39350252260745755 6.0383109897089184415 -0.68521383631679955162 -0.0039023774034214766225 -0.72833149730764235041 0.67128275120697999956 0.38461216321796543038 -0.63360315011590750967 0.28259771133504996143 -0.9230700164968053123 -0.26092197721306659153
-0.52736496021303536086 -4.736243921792400613 -7.4093722496588663162 -0.99498994032758514283 -0.00086970792961932482344 -0.099971307159788941332 -0.092795465292623016684 -0.36406877846455049097 0.9267377871699282732 -0.037202422881359435702 0.93137165951918898799 0.36216406720754923398
-3.0302358888441633944 -6.0656900960097743791 -4.0617168423786633724 -0.98235827628506044995 -0.0080416732072287333555 0.18683561894444253304 -0.18428781800617485831 -0.12817401424922161834 -0.97447905170189941249 0.031783913365911603544 -0.99171909004684088984 0.12443082129387332546
-5.3826450182742426875 -2.6866651020124439064 3.547826584464505828 -0.97308693447378302732 -0.0037691008654805206388 0.23040749083944991882 0.20389029447411227691 -0.48000364128087263937 0.85324395818342957387 0.1073804720400085011 0.87725839878323552679 0.46785375491572150919
-2.2277232016204422393 -1.1355132304126045462 -1.8780288389458468234 -0.73449344722053111489 -0.0043040467791747201443 0.67860213024388282843 0.34318659795004291535 0.86032704589684061425 0.37690891881994242896 -0.58544199967003285323 0.50972428751218623599 -0.63042748650619351292
-1.6736803455357558423 -2.0216477542644097909 -1.1884776511317400871 -0.92370224843007997517 0.0041140366406996094206 0.38308906398856290565 0.33448601957669815699 0.49621219691699663956 0.8011819757947952203 -0.18679737405236834791 0.86819152860030501806 -0.45972840973102468975
-5.1641484969750219847 -7.2418315728787128194 2.4746784662448439995 0.82721667559132316949 0.0006133278842038106379 -0.56188272393138272154 0.076746950069593658506 -0.99075057021201251573 0.1119071636646418455 -0.55661699334341685486 -0.13569425726004771815 -0.81961246407555754523
-6.460294483692266887 -6.7899428526038629883 -5.6156959854475418936 -0.98384885015548828591 0.0015023028795231939229 -0.17899492488292081949 -0.13001279133237148011 0.68133150078487314527 0.72033607443209568544 0.12303704376219475047 0.7319734483738344899 -0.67013189503106085354
-2.2165985222573874047 2.1541876034489693126 -7.2075262014676004796 0.8612876693807441919 -0.0016809294120241104198 -0.50811487387103948521 -0.50697047689443985874 0.064315588479429947055 -0.85956060905325537558 0.034124567837366538703 0.99792819358662054885 0.054542041720696515794
5.3605595384796105307 -0.0034759647226236646891 -2.0954738144052096338 0.89831320152376992194 -0.0023423482131846844884 -0.43934941148573708469 -0.43934069887532345433 0.0034620836244899019785 -0.89831384509455525222 0.0036252282328743706992 0.99999126365270285532 0.0020809465236377323177
2.0998386459688411776 -3.0409622895710461954 -7.082482082000793433 0.95647090108698085142 -0.0057761830476919431149 -0.29177054526321349881 -0.17401148926456921906 0.79132956326138792491 -0.58610368017307468147 0.23427210029727071894 0.6113625422103595719 0.75587857821501391875
0.36755940620207661063 -1.0992812811708929654 4.678372385080640683 -0.99998136658554059863 -0.00086183356995267381556 0.0060434861243005844056 0.0025813286822875913633 -0.95681983135620640724 0.2906701688610031642 0.0055320180649531761757 0.29068035290735538823 0.95680422721149194221
-0.27848138106759745547 -4.9053530088060686154 4.9142120973597256395 0.980052332060470488 0.0056860260079787134507 0.19865823801476364951 0.15803094106592713297 0.58384753066694050627 -0.79633427817724211639 -0.12051409912831509419 0.81184341473118459831 0.57130256595689887789
-5.1821080428131365281 3.8083966839331901966 -6.7823766396158955416 -0.986348221451236018 -0.0049056559932574477292 0.16459988025319430283 0.13534441567639834969 -0.59353190433903102452 0.79334845287358735089 0.093803385788092191744 0.80479551009610827972 0.58609309136328102685
1.7880238025389232348 1.6997797233527534022 -6.253325068829894029 0.98296162088878891172 -0.018966854788994833014 -0.18282973029334187443 -0.037498774110567990869 0.95305143417334459155 -0.30047762938420613521 0.17994525222940419007 0.30221386837721980756 0.93610174872207541075
-4.6981904118050046293 -1.5968666729742819754 -6.5761344352238868538 0.92156129168455358514 -0.0018460872046083473541 -0.38822851213020270755 0.04749513820834267569 -0.99194133918504656666 0.11745889265018885639 -0.38531674959100259414 -0.12668453567055720788 -0.91404706164765625598
5.9947273763580390948 -3.1929358193205628069 5.8645843458127062675 -0.97914071565725457891 0.008224044988916276791 -0.2030168072507638477 -0.20281456760991548038 -0.099729963760036469123 0.97412534383083237977 -0.012235608177283936043 0.99498055227848325455 0.099317624216905667223
-3.1820060113281796177 5.3065031406643319301 -2.5670308165469335471 0.81989133847972139879 -0.0094632521257231993345 -0.57244094887172369823 0.036696431656502687124 -0.99693873393490284318 0.06904008027253449864 -0.57134189850701633251 -0.077611903981053970147 -0.81703416536324635633
3.987883105194737432 5.2808492020165989089 -3.82117176964972316 0.9696317756447888625 -0.006825709411412296708 0.24447418953941349451 0.2444045047765789902 0.06375050292678466346 -0.96757548099437884481 -0.0089809634688456235763 0.99794252493185164887 0.063482747479533196966
6.103661591706178946 6.544676669669608593 -5.1266808863980006805 0.93342067334678158197 -0.0038680373316700156217 0.35876299259541205577 0.21318098815656771894 0.81026712426443259218 -0.54591304584603250749 -0.28858224626160711157 0.58604797211787551525 0.75714467674222563076
5.9200405918829712704 -6.3936160411023479355 -5.5970614636233815276 0.99286536108227541053 0.0078521742115319776573 -0.11898200756033046332 0.11923915607660401372 -0.060098598503045996821 0.99104499500082077201 0.00063120605075228685462 -0.99816156098003006036 -0.06060610332963693031
-0.3653633519088423931 -2.6490335041146191308 -7.3147080745491068754 0.98093743215294981752 0.010182072131628930323 0.1940568978630696495 -0.19238144662391767903 -0.089958193225940064064 0.97718826357383792303 0.027406809300733064177 -0.99589349273840555021 -0.086284517297896837218
-2.4619657875499623145 -0.65661997951966888376 -4.1937507851322743946 -0.99895767313969174861 0.0090865462684374710689 0.044732560312435880323 0.04525380962769130766 0.32535408393074882749 0.94450876797607263846 -0.0059715985611357297325 0.94554859988603734422 -0.32542615946499642288
-2.0387711756912949568 -4.0428325538548337548 -0.71514474608444777992 0.81235924110045243385 -0.0008430995171247448669 -0.58315671357007858866 -0.0069075576463009918243 -0.99994271099571818695 -0.0081768193002847190665 -0.5831164112302340552 0.010670703337208502573 -0.81231852560690998022
-0.096188311878019377987 -7.4266027927613835757 -5.2122689815742360153 0.9662035449040391466 -0.0029399417441880893592 0.25776358656229747535 0.25729185882384053574 0.072528264667861594428 -0.96360808952985033127 -0.015862193980434903529 0.99736202432566889442 0.070833489503968449785
7.250620253640657431 1.2733845929010392251 -3.1107807522975261527 0.9461014562207297196 -0.0027514720932999480948 0.3238587098385252161 0.074711852616864818377 -0.9711393371686293241 -0.22650944104366907417 0.3151351672147849059 0.23849699621732292631 -0.91859077351111440013
2.8635039960694035344 -4.7895915647734224052 -3.9888219292179987185 -0.79311368724660080698 0.0021004824441489163001 0.60907000178601466978 0.16449575610243138968 0.96357217406181239205 0.21087866558339138368 -0.58643995884184418887 0.26744018648554096496 -0.76456780034613158747
-2.621966524026806411 -6.444673122534375409 -6.5983634688989765138 0.86699574315903926713 0.006065315190096500983 -0.49827863018175627685 -0.3132622274489161307 -0.7710030646510698249 -0.55445563497206629133 -0.38753729910530604341 0.6368025488722452998 -0.66655634086853465803
2.0333566541409404671 -0.041271104461725931223 -6.4547211828977415493 -0.34047396622128350829 0.0056352909148648881038 -0.94023705618419595176 -0.88963815347379804344 0.32173951491154356708 0.32407968222073624265 0.30433769764743595632 0.94681145326868365597 -0.10453055892828434781
-3.4354103493557315296 3.5026036073221886724 0.98937722831799446155 0.99986704777501034247 -0.002835513582462597694 -0.016057603693191948441 -0.014446305290108997152 0.30267766290332653867 -0.9529834923244171474 0.007562475594017578108 0.953088764093944385 0.3025964585397269424
6.3470323736209941501 -2.2508448652161803238 3.0790483645568191839 -0.041312283112982489675 -0.0074899985913010128091 0.99911820881464719069 0.57086780900220679413 -0.82085650774965290832 0.017451026620264150496 0.82000197555187259724 0.57108536455261960096 0.038187255528532214333
6.6532430293483679762 -0.75784839078416632585 -7.5125370647863300988 0.59602091213515917545 -0.0045861003128782745764 0.80295581446398123227 -0.66573115934997428855 0.55628804034044365689 0.49733855636252377597 -0.44895556101698286255 -0.83097688527303747996 0.32850619533539715533
3.2414320262750555557 -6.7708296967595655858 -4.0755313519910760789 -0.83036454286391758739 -0.00056781195499440006297 -0.55722024689001825593 0.0079782943066492879175 0.99988485761480583314 -0.012908072383749254197 0.5571634165794409066 -0.015164072747492027271 -0.83026440253888156295
4.9728876830940969 1.5381660896368403169 5.4975382169633419949 -0.70594953723027120684 0.0026861031755749205027 -0.70825704072326267635 0.65309633209064377191 -0.38445377778448697192 -0.65242660411496178341 -0.27404458012167076664 -0.92314033472544509973 0.26965068238180450733
7.2709173429458591187 2.7215829643195919019 -5.0815457744403005336 -0.42912606672629050042 0.019666371516398134522 0.90303048270107488804 -0.52470678656729508038 0.80834480535657193823 -0.26694842907043081492 -0.73520990675191066899 -0.5883807521362304227 -0.33656274827950471984
3.0606083056248833962 0.78251083319459868726 3.6733986652126366934 0.87957181606694379017 0.0047206278083685247055 0.47574272044219328981 -0.45311033818804408169 -0.29658578851479866501 0.84067109589791877422 0.14506702522549985712 -0.95499454748408474369 -0.25872953536095533167
5.1087830640519262815 -5.4860168080148978831 7.2108066576004912207 -0.52318231940716819484 -0.0088119734738871767499 -0.85217522246503674133 -0.79482371139673912985 0.36580853398451074199 0.48418940949350913749 0.30746630459506313349 0.93064841137110065894 -0.19838852273020049499
-3.4584302781541338412 5.0126907052448483881 -5.3566463803872270688 0.99853552936642409055 -0.0085552057075756558074 0.053419144959196876443 -0.033257522746061710106 -0.87587440901802671167 0.48139168751459643358 0.04267005710879540753 -0.4824632919535527531 -0.87487624161580035409
2.4362504547461178994 -7.1679614531627846574 -6.7348136404623897278 -0.99619292803276737747 -0.0050146872309817080299 -0.087031620974766688015 0.073212568656377263743 -0.59008414777122453199 -0.80401530976699886466 -0.047324094584689946341 -0.80732617414591767435 0.58820479308711548505
3.6764124774406066187 -3.4696696260281738589 6.9349045856713606995 0.93405018111117676938 -0.0013291285818243917839 0.35713931817077193553 0.13868671957503023173 -0.92016667184559730597 -0.36614107914563437385 0.32911434635967795614 0.39152462175663771404 -0.85929751400704224018
-1.9165948742928338167 -4.538952363441225657 6.1372659882354598793 0.80183979569473684545 0.0086359614601125653938 0.59747666248145492318 -0.40415952006298561106 -0.72864376003146547056 0.55293159912397848998 0.44012273786164424205 -0.68483844163197438171 -0.580765257638802046
-4.2255589703902138865 4.1906559649868029283 -3.8218033080482354258 0.99813389301745225612 0.012960948329084974462 -0.059671981935998083535 -0.044767174737571732712 0.81991452757887484104 -0.57073292136619935278 0.041528684975226520804 0.57233921871876869414 0.81896470439251123352
-1.1414591573687400405 -0.79866606941440709821 -0.75331440815634542751 0.56498088258482803692 -0.0024299066095232486201 -0.8251004168387243709 -0.33427863420361947355 -0.91492692597177527336 -0.22620016544403459546 -0.75435694271918185549 0.40361220953509063802 -0.51772848799879456205
6.28791698309298841 3.6879179414181391117 -4.488513488428756304 -0.99412666589971399045 -0.0028001512296948870978 -0.10818655785274405856 -0.10554931974263671857 0.24591195581906180601 0.96352823056049774486 0.023906343275293139017 0.96928812493404592487 -0.24476318680073042011
1.8989798910096100659 1.810419808013563836 1.9302661321022187568 -0.99962183581868191418 0.0014228421145178081139 0.027461989637650039559 0.027393861887131183003 0.13869723511305151464 0.98995588452356964027 -0.0024003511094712937958 0.99033380861827347008 -0.13868376192707052019
-1.8628756659581326982 -7.1581305253599731842 -3.7961140016054306656 -0.99996445501087638519 -0.0020436442817649228681 0.0081799897888207469265 -0.00052271460862158766747 0.98334036649486644688 0.18177307388977784197 -0.0084151936598854115701 0.18176233696764546033 -0.98330648191482739051
0.76535992663925367374 -6.7033730656268417647 -1.0130874032656072004 0.97231631203697976851 0.006785485516352569163 -0.23357000349612014323 0.22371130777354639174 0.26165333912991584064 0.93887740461482949161 0.06748511036597490409 -0.96513806644876387608 0.25289181989621811741
-1.4240833578891469724 -6.483315298213737421 -2.1224220628535142019 -0.970664523613099961 -0.0039749018464989025259 -0.24040503895382517308 0.072664116266195691307 0.94825964101591819766 -0.30906889107082557988 0.2291949144425202145 -0.31747102761640744184 -0.92015315997824842498
-7.2259166126974818667 0.15125225928473920445 -1.0373652051809347796 0.91372809767525531299 -0.0069139278322248873612 0.40626735177793993348 -0.36370503127177239433 -0.45970556083306390871 0.81017865163596824996 0.18116184406863700129 -0.88804447801956631903 -0.4225605179291478386
5.9075785105263536323 -7.0640518544929404854 -6.919094031036080672 -0.53142088829387290616 0.0078195713635387832652 -0.84707183508165440067 0.36814972514952826188 -0.89845522899621743651 -0.23925714484969046181 -0.7629270078829710755 -0.43899550771388529125 0.47457910283717474886
-1.7223932844602918291 2.7005010291325493021 -6.4358203684274553069 0.84167937767091860479 0.016264752558240065661 -0.53973260326541872001 -0.53037044298325963787 -0.16280872004439031486 -0.83198588562983999406 -0.10140521886556350117 0.98652358233438708357 -0.12840639814705745447
5.2519274475156443316 -0.60066711402078498683 2.9367542938585957657 0.69403632501996914694 -0.0079940701149798041453 0.7198955996502184318 -0.46645346187779418434 -0.76666635817778849837 0.44118461344500398136 0.54839287691851845707 -0.64199594241814350593 -0.53582316342576141732
7.158282054379674797 5.4925931478630687366 -3.5998147846204706646 0.9231231370399520797 0.0063961592722966394489 0.38445124919565348831 0.29048944507178192653 -0.66667029291359414245 -0.68641576529715508936 0.25191180235038934665 0.74532530461075974237 -0.6172767889233458094
-6.334405202350306574 6.9846651290123338285 2.3465609451627615911 0.99658666397443040896 -0.0037249322125244357928 -0.082469061279498018235 0.0019367270459906668536 0.99976150540263541977 -0.021752733239762015588 0.082530420310665889017 0.021518763790299117594 0.99635619761619276247
-4.9634353752534252635 -4.4801310439453354562 5.5939550114368215006 0.96894556173787516062 0.014193225413753474476 -0.24686646337810727592 0.21344742965832635972 0.45601899595340117388 0.8639947164779433475 0.12483866853147632114 -0.88985685797328251123 0.43882807471412504929
1.1417499789375245012 -1.9513426542252003681 -2.4006466610287984231 0.70497322209574964091 0.0012126981574410496817 -0.70923288522959604396 -0.57080062640435658139 0.59449782948171248087 -0.5663558736677968275 0.42095059214164753936 0.80409630026804901348 0.41979725924660704628
-7.1843814537826862221 5.1617535803770264735 1.5023238944142676132 -0.99143996937565237459 0.0040589980343832777684 -0.13050023624229736829 0.12964268893539335203 -0.087883617324063634246 -0.98765846475976826202 -0.015477736589671942102 -0.99612247958826338756 0.086605111448776223027
2.1640107257058325274 -2.1625449014419775295 1.338008340666980267 0.94805361552954003912 -0.0044186945776056949647 0.3180798912527888489 -0.2241021359061931284 0.70037944284203756951 0.67767755512964833464 -0.22577106715306755058 -0.71375703932253942163 0.66300702413616929842
-2.4714503644512633151 -3.3002050796849573544 6.0859830695062386852 0.7902837411152366931 -0.0028457898414840409121 0.61273445309452390095 -0.41721594713330162341 -0.73486680601368747912 0.53469770045967168759 0.44875657319585243732 -0.67820548427410709547 -0.58194059758193461551
-1.9459569241592236111 4.6752658843581649251 -0.58039874712542838253 -0.87162979848194066523 0.0070169222253131892028 0.49011453477821587121 0.25913241003292269982 -0.84214772825208406015 0.47290337054251674331 0.41606716821795969308 0.53920123015664567223 0.73222274270104326099
-5.7523428377891256957 -2.4469563255265120993 6.186929739038377285 -0.70247780663972414494 -0.006257476245649401525 -0.71167814015153574303 0.64014973745760062052 0.43143380962660432543 -0.63566750864261534204 0.31101968556908565766 -0.90212289179589877364 -0.29906695452095899412
0.6216867506057495163 -4.796726710416117534 6.8050231023770457739 0.93315641254084980005 0.0011648555363610742751 0.35946870913275341675 -0.257192063387246872 0.70079863040658951778 0.66538223762797510386 -0.25114010485097248981 -0.71335820085833478998 0.65425432746267087047
-5.7018890188794841833 -6.473294260615176654 6.0000814471504968495 -0.99696381036087267091 -0.0062243687331950403596 -0.077617124814848212355 0.064884591334733926482 0.48467144342031187598 -0.87228641038373055938 0.043048236177297437288 -0.87467413884635136778 -0.48279602338389265848
2.8963879148708171485 5.3295401038637280067 2.4440166338335811425 0.99402903254286467671 0.017753143479181353326 -0.10766200981964023364 -0.072434564591688191393 0.84527759107486077905 -0.52939496397227425728 0.081605859558110935281 0.53403241467486495253 0.84151640730441457094
-4.0493367761236456204 -3.0510339837021209775 6.0421217902725912197 0.24809640300089402798 0.0083969595031725269285 0.96869895524321913971 0.088399548610804609683 0.99559413609889679808 -0.031270368896051170537 -0.96469357550649359467 0.093390616426865344368 0.24626103658511311334
-1.5582748148723466475 -1.2644529555898269546 1.4824646922209230304 -0.9599280756309205298 0.0087440815184337550292 -0.28011003311869930865 -0.21437349053188950454 0.6208695578183021091 0.75403249182751008739 0.18050511397900442789 0.78386512437595701197 -0.59411562057784239599
-1.783701022135139036 -6.8704310833130115554 -0.96876616421638495069 0.90967571733558783009 0.0075809337978594414781 0.41525006770958355906 -0.29934294995980403886 -0.68110782252830492922 0.66819602842282588284 0.2878956192779352774 -0.73214388171544331207 -0.61731794795480776639
-2.2916958415917281222 -3.1349424052437684374 -6.2361384312074488179 0.88759621442537606217 0.00060919072952677049554 -0.46062195890376161911 -0.37941748824552279373 0.56798329768648114779 -0.73036795053085434848 0.26118064582033168053 0.82303985470689744464 0.50437096249983348617
-3.7136071776830399394 -0.0015873588997704617815 -2.5974176055522408824 -0.91619540239122898573 -0.0037163468322126535365 -0.4007145784763139762 -0.36810682770837355182 -0.38739806299776752274 0.84523375712289772199 -0.15837723331237543722 0.92190505452119453356 0.35356431157072942817
5.5026525047382035538 3.0896493808439191575 -2.6277499797471755016 -0.82607447353288621095 -0.017680747892839760588 -0.56328354789688828141 -0.55965283157780831846 -0.091769412069107270113 0.82363042872115954651 -0.066254601985729230651 0.99562330535323784186 0.065913288138811587658
2.8016160900485087559 -6.633878529418889336 0.44485654098806381995 -0.9430711553465419561 -0.0040770416746192181257 0.33256604409437501291 -0.30357670088349442139 -0.39790739479912301535 -0.86574297100514718828 0.13586015837656237326 -0.91741652639097337474 0.37401729167320529879
6.7527709336995123124 6.3051629701365481395 -6.0170908102461320155 0.77961589786329998919 -0.0069917320088141009932 0.62621894532353772345 -0.28189089282420526361 -0.89683048288819822158 0.34092903881190811388 0.55922855465490295401 -0.44231911630175646533 -0.70115420772654202253
4.4418251891891733507 -3.8280760591950899752 -4.9172696578113788135 -0.99482136906038132196 0.0022320748174647587689 0.10161427804626614602 -0.043123877576676218626 -0.914579451568440005 -0.40210043266759398772 0.092036812437217174754 -0.40440010461257186458 0.90993943784504027761
4.9812315855127513586 1.3449797904614309019 2.7610856288946905579 0.95689331348799699928 -0.0020846101521853170613 0.29043216247938835606 -0.25977788008016616805 0.44105383022761895928 0.85906168105832436677 -0.12988702638454582838 -0.89747822995445414307 0.42149992542690645214
-5.7890569036417192095 3.2631133743281321991 -3.4435695982565390771 -0.81672469789479407165 0.013144781074780446939 0.5768777882524823708 0.35647755304671513432 -0.77465098173719104668 0.52234051218274490935 0.45374499669128698365 0.6322523793738953346 0.62799076964038902382
-6.8260938579484751187 6.1419628002201784867 -7.0107896261913600355 -0.99770349066352548295 0.0071151231578672419556 -0.06735814531579796538 -0.062528142660382382556 0.28554245974036529532 0.95632407428703447572 0.026037974064393589607 0.95833964684132633138 -0.28444181337977947344
-5.8409477871402515348 6.3935214915799090107 6.2116052059896915694 0.99947938339899966564 -0.0012843661978289800871 -0.032238370986592275458 0.016867341736991219026 -0.83098386257237311092 0.55604074754189869445 -0.027503725986229899531 -0.5562950391184543486 -0.83052957473482502682
-3.1055033870220780656 2.4726127570763898333 3.2538825213071000952 0.86769110690126505236 0.0055554849134404225494 -0.49707271056843799206 -0.0096646673145902549373 -0.99956001928067417239 -0.028042147941133875599 -0.49700979588957500122 0.029135964765693689316 -0.86725564763054618922
3.791022965119854593 -5.2517925267899974173 -2.106656912962307171 -0.9092247351254666432 -0.0019972981826778596001 0.41630084294429747782 -0.20334045210205639598 -0.87045661142573271807 -0.44828333469371689501 0.36326717657263746242 -0.4922410978627953515 0.79103455044623693926
4.886241475073603624 -6.2840104441113702194 -6.2987417054486787293 0.94949967257685907729 0.0046378548497272506501 -0.31373374392761915752 0.14274044834427315753 -0.89681794795006020138 0.41873945675223567253 -0.27941999961158492383 -0.4423754723501181485 -0.85219035742017668067
-5.8876986246349369836 1.1123882612995348307 -0.3853581806473154181 0.9921988346577131912 -3.3515412429250060478e-06 -0.1246654422539738849 -0.094022063252794607635 -0.65667054284860371105 -0.74829382583082770797 -0.081861615701814244295 0.75417756406807379133 -0.65154806248732943796
-6.6029772208053669758 -2.0908607850370781733 -4.6104807957899911486 -0.94591236016057100855 -0.0017720617864406557757 -0.32441742661653877322 -0.30962886396812033807 0.30345502512038674547 0.90113540288183480165 0.096849230731537810923 0.95284411501895049934 -0.28759054049208732096
-2.2678872733515400562 7.4729662783077577259 -6.9060722900611564157 -0.98598819487420630292 0.013787579706405567181 -0.16624434490988879154 0.022536706945377172479 0.99845163035621442571 -0.050857041588706596025 0.16528574169822943252 -0.05389104271526511114 -0.98477224732741175384
-6.16866390227295458 3.4963316761381366682 -5.5363340331101991154 -0.87729758463532003798 -0.00093781074239860761754 0.47994590164324135717 -0.42229692326064821595 -0.47368163459517753644 -0.77284605042134335573 0.2280663425359092944 -0.88069565092506163495 0.41516371932530782285
6.6219684753504362007 -6.7092925833898000576 -3.8537536229674289601 -0.99916268591491264051 0.0042131754436204047268 0.04069614512530968925 -0.00069394248015797318704 0.99279547628180486729 -0.11981928358256851985 -0.040907768445774761457 -0.11974719799257549369 -0.99196127094444985772
-6.5853531249725802965 -7.1052658154630119469 7.184518574921640699 0.96709483173562782454 0.0013898760772459420234 -0.25441237130836974467 -0.0075601011798864647256 -0.99938648749019087791 -0.034197858007453091345 -0.25430381692066855726 0.034995955003931281113 -0.9664909993543242539
-1.6372283042466113656 -0.52807078899578552278 4.7852447545506420212 0.94487076030193917209 -0.00080657157819304320726 0.32744250757776000027 -0.037622506074136134735 0.99310689757924885956 0.11101007619729025278 -0.32527495040844101037 -0.1172093828279899691 0.93832732413262698312
2.6447168893466250772 1.1924211579978933884 6.7210256537019379408 -0.032212263793785694821 0.010466430464619438934 -0.99942624735121798896 0.99947481516384284461 -0.003194745970806629233 -0.032247285953540823222 -0.0035304269529533860439 -0.99994012192298264985 -0.010358023654068942293
-5.0005659303646030622 4.1093815626967140631 3.7666682589825368765 -0.9554590325208780488 -0.0019668949039435947371 -0.29511721145781866227 0.29424662904017695464 0.070690727681095827384 -0.95311161063033233987 0.022736720799009794286 -0.99749634202051373766 -0.066963342083211183087
-6.384430869880586279 3.9170472064228780695 -1.363117389447661143 0.99063786073533066645 0.0056626579668539326132 0.1363985453827543104 -0.065170610473561499387 -0.85832195792021503955 0.50895599817912451357 0.11995591026826388226 -0.51308025771485799016 -0.84991718933963478211
6.5856242074244812912 -2.9613271919940626908 -4.3736062447085934934 0.91968840365340021048 0.00139673591480701971 -0.39264651954959034486 -0.3761516744312554672 -0.28368396118297128927 -0.88206197514135609161 -0.11261952765027148649 0.95891681562924679927 -0.26037546484931872737
