1125 14.717824617146108679 14.977075390850430381 15.033177056927090831
6.5370554113224486059 4.5376110441938841689 2.4593121156541815076 0.90390505922667629957 0.002952476980788695804 0.42772295564308548954 -0.37369200920496647989 -0.48107993211309874049 0.7930424838395836451 0.20811037014229027964 -0.87667176400165724992 -0.43374726747429931395
-0.1270586000694138018 3.9274506605219827726 -5.1613663575939483508 -0.98154799774466405804 -0.0045468361990215607968 -0.19116185394580670343 -0.19101829409733792065 0.06875583872864632351 0.97917549293314976033 0.0086913430245026106896 0.99762315576647186965 -0.068355684731598323478
0.44189854492414692988 5.7365152144721038852 -3.8014505506313600591 0.89290337074755643521 0.0093028510078430846908 0.45015222699735307765 0.31699542723732032634 -0.72299183791744803251 -0.61383768328064480801 0.31974594542894596572 0.69079393401207045411 -0.64851081032926483072
1.7282196523186441617 3.1122281872774704148 -6.9602932669937329635 -0.94978257404453902968 -0.002544188614943707679 -0.3129002862664632123 0.15766466849047264254 -0.86764500294253188439 -0.47152306537287280719 -0.2702867261837521573 -0.49717771065607851977 0.82447523290613211611
-4.1547510432669101377 -1.8574427472484782431 -2.6924442582089587184 -0.99047117207678381234 0.0053607059949642536789 -0.1376158425332552615 -0.12261452570215926328 0.42067289630685972268 0.89888819794216479053 0.062709930407696984345 0.90719654824305007157 -0.41600707624291632936
-4.8986442687564091258 -5.1264438695199627816 -0.89234106675144819754 -0.91512475529423831233 0.010130759117869989408 0.40304348396594286141 0.10743400183666951264 0.96966567342361908999 0.2195595979073137749 -0.3885931259004627436 0.24422499770411140729 -0.88845345010269127783
-6.0934942159371932036 2.192379555989600437 0.040176357268232348874 0.94344343566553345859 0.011868185068076547717 -0.33132103748897084872 -0.01184423952369268937 -0.99751452769419668432 -0.069458484213033022669 -0.33132189437116116304 0.069454396709394558562 -0.94095796350748950321
-6.3491133877569421173 -4.6262268490128581888 4.2687284371596927457 -0.56226400189158631804 -0.0056346738585393279369 -0.82693859664881796956 0.82613378948765570087 -0.048456562235525635352 -0.56138660782311478048 -0.036907371129798756393 -0.99880939724586847994 0.031900375067717416655
-1.3607902709238339778 3.7579111589039735364 3.552843968221632398 0.9089395104805059189 0.0093405931075352631454 0.41682336739672465331 0.4001423281700849377 -0.30036418812018123026 -0.86583339719695739944 0.11711141487550026652 0.95377885687158903139 -0.27675044478834692763
-0.68934025058831316368 7.4194279484459855212 -2.2202120690097419953 -0.99062825085008698878 0.0096395490784635714382 0.13624517500163457751 -0.10883199907336406353 -0.65843935671393072351 -0.74472357926139853834 0.082530385891227589501 -0.75257205145010008795 0.65331771962879681137
-4.2168497874672468129 5.715875298425836526 -6.0747903228233592898 -0.91138311274793259997 -0.0073720705104177745512 0.41149298216892082891 -0.39448850792388090447 0.30061975132508705899 -0.86833552399363567176 -0.11730148726205767706 -0.95371558532384037576 -0.27688796181214037073
6.3672525280797724889 -0.35284441961438395285 1.6685530491680078402 0.99970844448940721083 -0.0040958405726725620466 -0.023796010307434761061 0.01470393169442902985 0.88497221628345312805 0.46541161437909406295 0.019152556207281061507 -0.46562581596839514031 0.88477442271707507082
-0.99211709322939356515 6.4335501642089649721 0.79331239469454728486 -0.97815398650806473224 0.012319857543874157546 0.20751626391314667575 0.16291504110752408341 -0.57462881499339035773 0.80203517027644088966 0.12912578386726114577 0.81832141979144923383 0.56006837604997727897
-1.5950277524929961093 6.3225764715074079803 6.9170248726815621865 0.94744804754256428669 -0.0043699495320552042901 -0.31987982235363637828 -0.015021038360267956538 -0.99941153714275898778 -0.030837442058186250587 -0.31955682689391973206 0.034021801351535971292 -0.9469561507369145259
-6.8486604217963273911 -2.5244919359338937603 -4.2831155495316828308 0.91429621378600045567 -0.0063998963948702063814 -0.40499564785650721266 -0.14453043566247988916 -0.93920957803766635941 -0.31144232482031819487 -0.37838259291862635925 0.34328473582206187054 -0.85964074096551024162
-6.2146690862127318411 6.2475593312864585727 6.8018556169252812893 0.98377732746890844684 0.0062961280457068348124 0.17928337549755177238 0.11145693885489267594 -0.80454392405535113397 -0.58334074523098178311 0.14056856241440404687 0.5938597755675747436 -0.79219381859705917392
-2.9234173479180523003 0.30559421751617210639 7.3654127779975633317 -0.93513960454786604348 0.019667576670894741653 0.35373310056302975646 -0.20301362052304267047 -0.84801705078652900305 -0.48954320693629532757 0.29034357214889489063 -0.52960387838766920243 0.79700711546924773998
-4.1893842891007864182 -1.4953935982004165073 3.7464436817942723401 -0.99986179788783602351 -4.2598074065935162373e-05 0.016624779996428404316 0.0082201826929895645268 -0.87046884938204249771 0.49215486470435421129 0.014450388265321278611 0.49222350659138691675 0.87034889891238553794
3.0134914403112094128 -4.7195405663544001129 3.0491341856763667373 0.814234587446160063 0.0099817918930784968468 -0.58045017050288671978 -0.39475304603504046685 -0.7236022302953623031 -0.56618887745846546711 -0.42566661749820777771 0.69014503993162645834 -0.58524162070502872002
4.7957012122011537514 2.9737579411065002688 -6.7882576885137719813 0.89444420554686099312 0.0019914205166546203839 -0.44717513057843744084 0.35150561870698543432 -0.62128745654215578043 0.7003182821836675398 -0.27642967131081003229 -0.78358020048222132292 -0.55640696098403930048
2.4300029867627106483 -6.1445335761205122083 -2.8891142880399507398 -0.7780037335205055582 0.0089917845223339391836 0.6281953027835504022 -0.22155724133175908053 0.93173180108105779773 -0.28772945568300611896 -0.58789674215938747537 -0.36303580906747962009 -0.72289862490741929602
-5.9238059855658011799 -6.3636374028423592364 2.3123774496718083604 -0.99995258009507714814 0.007737642763609373954 -0.0059132432157985009152 0.0082888461378598007195 0.35750142077840812993 -0.93387581035763900239 -0.0051120045550560912206 -0.93388054001877729426 -0.35754860422545164944
3.5822633054272641218 -1.6112268868655441612 -3.6916632506658602075 -0.94348653546892391475 0.00064219587544996504375 -0.33141023667559532662 0.035025734191894260239 0.99459082849044766483 -0.097786920531409693425 0.32955478350837247303 -0.10386852972463077316 -0.93840554836363110347
-1.8908799817835757473 5.0116920563945699385 -0.7690102582941019671 -0.97021751872185635346 0.0060185132606068655892 -0.24216057454394138149 -0.17434197421881234003 0.67669921466886728822 0.71532024219369350071 0.16817503498086169844 0.73623498311662460836 -0.655496153493306144
-6.3670669991850274982 -4.0852696259462337736 -5.0161977436420466248 0.95437874467546546242 -0.00085992944824614132165 0.29859750875209928322 -0.23979454463183333401 0.59368019728512022581 0.76814217415545793521 -0.17793197598075488619 -0.80470061754229782469 0.56638955503319632356
2.9781692237274040025 5.4353458618607524144 4.1033518623753497678 -0.66243973779361475795 -0.0039500643752330023145 0.74910479292503895365 0.49211216939941970772 -0.75624049678700822064 0.43119128440667731095 0.56480014741574480208 0.65428182613510421639 0.50290763114949044166
6.9487277984552147103 -6.6847930291838366657 4.6075031618764477059 0.89933951553917634847 0.0026591626763970235316 -0.43724291262839115602 0.41425021994555000227 -0.32523700016772849608 0.85006920247531425616 -0.13994710095227050339 -0.94562879745476435822 -0.2936000448898198889
4.9523048425232927272 -3.5369004285514988872 -4.0100786517524804609 -0.75558699307433196957 1.9691323981285008271e-05 0.65504831540050656447 -0.46972722953215112485 0.69696644152943509898 -0.5418432515200430899 -0.45655736302560789852 -0.71710374353653549839 -0.52660952827794504927
7.3100263137896828169 1.9699479289314361097 4.2595199219789234846 0.84220443519992371773 0.012090035719856642021 -0.53902274568524077836 -0.52349894292042087329 0.2575353968516630454 -0.81217262705019710456 0.12899824065041870513 0.9661932262258785542 0.22322657436867721081
4.6069561789751380942 -7.0048730864796917572 -3.0757742254624016454 -0.96877077945533529579 -0.010818405209357818964 -0.24772189847110095973 -0.18122701683954769991 0.71275074250523962061 0.67760102377838327126 0.16923340462455629951 0.70133397263138863575 -0.69245267967732526682
0.68224572582490961015 6.5440468635115305318 4.332866674213447844 0.59009190581124615349 0.0018124986491286181056 -0.80733404334552916204 0.57236607082187451745 -0.70618975444610210257 0.41676505574161470946 -0.56937564372557503134 -0.70802030024845707956 -0.41775427079568161481
-1.1691952904705207317 -6.7191983040320115705 -1.4244885119781467431 0.99428892679863889459 0.0079555561363469085023 -0.10642480524952376009 -0.09973794898464169445 0.42408249310181372893 -0.90011464857370082626 0.037971984122260646344 0.90558861972265647378 0.42245399779232073456
1.4011123564378624717 6.877278812830748933 6.2236328933317093259 -0.99924724700376676978 -0.0055169691558048655766 -0.038399250080759804449 0.036852912045077443337 0.17415289514482423794 -0.98402877599510685247 0.012116196978629411099 -0.98470316957149472969 -0.17381848465217406008
4.2700029820181226725 -1.4192331664821478121 -5.8817881913634613156 0.99710582533243885539 0.017001452873079841294 -0.074100767124941152586 0.074159796323204768553 -0.0028673591387885326298 0.99724224883470113934 0.0167420935848308014 -0.999851353377997909 -0.0041198847828839216256
3.1955122931335138148 4.1187106670572006806 -3.870221217691800053 0.98787174281997525149 0.0044569633247243901561 -0.15520810293206593888 0.14790371068934532461 -0.33128153520699737955 0.93186749959166903512 -0.04726427934668808728 -0.94352142525161764031 -0.32792286896317202061
5.6122840205065145369 6.7811185163248310914 -3.0332419276902418126 -0.97445151863808276982 -0.0040294221226530573671 0.22456179902439613039 -0.15961287824626771426 -0.69099799043020715406 -0.70501454333884916448 0.1580125530509962628 -0.72284544750497281562 0.67270089348793338235
-1.2412079294380116146 -7.3259247997772982686 4.188069749491521776 0.99994463326059590536 0.0085266313553779213286 -0.0061666012546170469177 -0.0074402235794087953971 0.15848199890018802027 -0.98733383366394256164 -0.0074413363310872407408 0.98732504910097695916 0.15853666431237925516
-7.2076173044822455793 7.1190737805375174929 -6.3731019844041361111 0.6107068642931221536 -0.012417792788399295914 0.79175938537377033022 -0.79013780831419333506 -0.075402947132573602818 0.60827349065714042542 0.052147576911448514925 -0.99707582158330143596 -0.055860864979744941083
-4.6091228860670536704 4.205819606301923308 -4.2538987914417498715 -0.99781383078595986547 0.0035954711474184535697 0.065989633121076723965 -0.049128812605505937927 -0.70822281757357818943 -0.70427750243796394258 0.044203154459846162594 -0.70597982496335232039 0.70685116388129987097
-1.5228913262963104103 3.8687316656585393204 2.22797968681443459 -0.98774686483974283302 0.0040516267857808457853 -0.15601190762179378835 -0.13553974461106535476 -0.51781837863406510181 0.84468521022889331284 -0.077363483829083479204 0.85548098229544433657 0.51202263651200530248
-6.397141151896943434 -1.1329771744997749749 5.4205929136739197105 0.91033139495343551317 0.0045173007656420455583 0.4138554643302503333 0.35162879807432123602 -0.535852131563180345 -0.76760646262513632099 0.21829782345911624697 0.8442997613957181624 -0.48939143145341301722
2.1991945383049404938 6.0549712435402369692 -1.4798769852082769294 0.99350812671098898132 0.0026860723047876268466 0.11372944726308638341 -0.081448905323673298495 -0.68114724841619345153 0.72760188413487325576 0.079420891337001753296 -0.7321415238809245718 -0.67650654913952801284
-6.2495667657605409318 -5.7973009212273982627 -0.19072035756316418897 -0.93197075136780371807 -0.0066090101016852897606 -0.36247322601874376602 -0.3625306281138335196 0.013029230958212192903 0.93188077714904293813 -0.0014360620917243144441 0.9998932743679297408 -0.014538830749243069479
-2.5343026225791978057 5.6224933148496694102 -1.8947415183074269862 -0.83473720443076460107 0.001196846959496204385 -0.55064722563231605079 -0.51135192807872786869 0.36930696767955245585 0.77597137142651317898 0.20428657613595924136 0.92930669382106290133 -0.30766225577722039475
-1.7502609453382020899 -2.9252903965949696996 0.48529941078057470261 0.80215798005420368977 -0.0057686173058868195351 0.59708399584125171344 -0.58337562181113511439 -0.22082107768276226789 0.78160791675072927021 0.12733993447384006625 -0.97529727504252916592 -0.18049866033527903197
3.0570297795160983334 -1.6783933385268519078 5.2460640908145785843 -0.99776901816722918248 -0.0009028359208271639208 -0.066754559941656591016 0.042169388058454534973 0.76665957444098420392 -0.64066749537397649217 0.051756440144919244051 -0.64205317677376383401 -0.76491109882017049859
4.6617139994923366686 -1.8599062679729843062 0.15301258295924885511 -0.66707107746214955313 -0.0015874305941398917166 0.74499238766419584312 0.70784955146494354938 0.31046881690502242668 0.63447468524793226852 -0.23230408972790930755 0.95058223936367813867 -0.2059811061771989471
-7.2352351219209651845 1.9521367149108128647 1.2353480973418273781 -0.99714477392573019898 -0.0099727437303231102061 -0.074852149034715986797 0.0073967924506201498253 0.97357482689767882444 -0.22824842582707777217 0.075150431097065845121 -0.22815039078114851545 -0.97072128435113980149
-0.076111720599253904207 0.75787134294454672201 4.5369003659998599076 0.99571627843388366141 -0.0025763927021622756372 -0.092425402689584199023 -0.059885780750048578369 0.74364242308086148103 -0.6658901109480763747 0.070447044832573371687 0.66857259052037898428 0.74030257670711319129
4.7903912885311532577 2.3277711002955872033 4.3004166862408457206 0.99966293127143934782 -0.009451868689976720278 0.024180281638206131689 0.025252028944186037662 0.13767372104682951139 -0.99015568551989707746 0.0060298321730901886101 0.99043253617361004526 0.13786599440251234849
-1.6109618030359009744 -1.6618398339863806878 -7.2650038318750533861 -0.86093597616340600265 0.0057643106548114853363 0.5086806637469324377 0.41869319269400645522 0.57597100061529926673 0.70210641418659003321 -0.28893815140786888174 0.81744980223431340516 -0.49828763328837877289
-6.9603912724965040226 -6.1477150739471575491 -5.1518157504474419994 -0.82330701279383999847 -0.012382988896871827827 0.56746120948540901274 -0.3122222706695511607 -0.82503413681163728643 -0.47099461439970413679 0.47400719022239978795 -0.56494719636579249222 0.67539014572017230797
-5.0663846362376778742 -3.1942393919017071369 -4.4478896472901077175 -0.2875596042028074617 0.0101164265145255311 0.95770931495175448678 -0.90807244953567889389 -0.32077958494205210949 -0.2692673100819654719 0.30448957359010736523 -0.9470998446832672446 0.10142969868785658982
-0.96840846615588749291 -1.953915673086849436 4.1173184056505665041 -0.95290083439543749044 -0.0040531605268298281225 -0.30325496153909148322 0.10322426431362924371 0.93587779046909325142 -0.33686423461660003342 0.28517494817255167883 -0.35230148054837889804 -0.89138034291667789244
-5.565676370543200413 -1.5574917301103405887 -1.1562364930608668434 -0.91542029342159347838 0.011013363621361483072 -0.40234859539168726927 -0.039922633138528881847 -0.99718069718205648577 0.063536135630577986189 -0.40051450629805762649 0.07422508328946950118 0.91327912888419504611
5.0889124992526459934 -3.7854939132138523128 5.8140233437355108848 -0.98436903340515602423 -0.00040975077609279111912 0.17611768274989708649 -0.004066347889035086538 0.99978359144712258821 -0.020401840305829536254 -0.17607120970718462272 -0.020799095588972055237 -0.98415767371644424788
-5.7418334038729259561 5.8530282716631498729 3.8818299593350813481 0.62997065519274075829 0.0011121870448589452757 -0.77661814081050162262 0.27718897110890222679 0.9338129101860467296 0.22618515217704154852 0.72546760636959362056 -0.3577599919076299706 0.58796644487473459506
-1.1721258964560217208 -6.2158177310496345314 -4.9852373203315414329 -0.87611057353500254585 0.010709523166855883583 0.48199125412580612338 0.48188850495663998474 0.049769471441404186662 0.8748179630661587769 -0.014619566714982394975 0.99870331221335140182 -0.04876435627674105544
3.9587401882936643638 3.8554672383783308298 4.8101674137845424895 0.85989673318622172893 0.0098726959664345963208 0.51037254837028422916 0.36171495185460655897 0.69369921187633709625 -0.62285126398442369755 -0.36019425572944002711 0.72019714892283204222 0.59293858436025881353
-5.318874823649192507 -2.3218759573953913211 0.77632287704470326339 0.99676443080046561729 -0.0099592247871505747842 0.07975890754363978985 0.066859533878111027105 0.65351355351573969799 -0.75395612478490536823 -0.044614708566961265579 0.75684929095082698058 0.65206493431761014534
0.85081883819238302014 1.2634487324009631148 -7.3974751049338962616 0.91805270027822716283 0.0071483494579573647609 -0.39639392100761289273 0.16795974997224502601 0.89866584983873365466 0.40520268104092527217 0.35912221025861185142 -0.43857563935256593801 0.8238219751046912398
6.2979864305684953862 -0.15715282240095934663 -3.3649018333167566297 -0.4325323233900169595 -0.0074622987931058856748 0.90158754612043090493 -0.21070484876270412222 0.97311295443667877869 -0.0930303424446493471 -0.87665230047648812217 -0.23020749771497861502 -0.42247514964209492705
-3.1250130305263308372 -0.53063731852500173325 1.7389257156205668586 0.91403123988567247515 0.00095299410983623773774 -0.40564268058886904234 0.26625189582987240922 -0.75584765408767162764 0.59816741116289362523 -0.30603401850137856854 -0.6547468332206652919 -0.69112210491886161279
-3.4736726017230163954 3.7002157320262267781 -6.0887084328476186457 -0.78470037554875315955 0.0048514076470463490809 0.61985626112637759455 -0.20250560341561449351 -0.94710972477851196327 -0.24894708235938661778 0.5858641490985135869 -0.32087323520955324252 0.74417979395243383234
2.9509326122955075178 6.8407982052192100042 -5.9327813995235940681 0.95483241273571028973 -0.00052869217672351503934 0.29714438253801517265 0.2442004589459122188 -0.5683458840280631863 -0.78571565592074377182 0.16929618849786243207 0.82278957005601516261 -0.54254596484270711798
6.096471754699924972 0.99942038635807728397 -1.5926372619463593505 0.9356423528300914505 -0.00077130190464816026329 -0.35294871112393233492 0.099223731067168738362 -0.95909340390282848965 0.26513108792347306331 -0.33871527686803692969 -0.28308876290609435999 -0.89729187755862360731
-2.7229726355344658906 -2.7091688633960888666 4.7028753532359397482 0.71827790445398753683 0.0002872451051405960909 -0.69575625722196765555 -0.57843266087619704674 0.55596205073054583146 -0.59692700975837553745 0.38664261121203974403 0.83120762486737376218 0.39950140870516415159
6.6788465374039951428 2.8236130432212829255 -0.803210200573258426 0.95512910520024507655 0.0017828242020006238207 -0.29618442554826762692 -0.019454236200321356476 0.99820016311779058427 -0.056727127950921968358 0.29555020739859094725 0.059943772733806695296 0.95344471209243608634
-1.4959515413898427649 -6.6710433055735505192 -6.0464085176036164171 0.99880886876780849981 0.003750163765054301962 0.048649562614287711337 -0.020658897140254837976 -0.87076541632140702642 0.49126449058278282012 0.04420467893535780235 -0.49168437641476020472 -0.8696507461904513514
0.42185281705157234855 -6.9706416031792333143 -4.9733396806910743493 0.98381174852150965471 0.0045595402524492021148 0.17914701801499680056 0.11268783067899748596 -0.79303881425882072342 -0.59865757482543224821 0.13934093543475270516 0.60915404428733255227 -0.78071470720133306909
-2.7163674082972377732 -0.16958534354518101095 -6.2218134923820462845 -0.9745888689387782744 0.0094099434035733349468 -0.2238034617821878236 0.16848362718365486601 0.68919844024365695123 -0.70471183992947861174 0.14761369825183054405 -0.72451153402195278552 -0.6732705497476315637
6.8162215912968671105 -5.8419323585843132562 -6.8016682683452645009 0.95306708431506925727 -0.01100475949044750143 -0.30255913151598595734 0.30258322396934755893 0.00055451822214313151865 0.95312280692568895901 -0.010321112703322511683 -0.99993929204637566066 0.0038583486707803420213
2.3814633841307402129 -5.8109206012147840426 -6.4969513797024589508 0.98443111366797253492 -0.0080633884999848706721 0.17558577450413564991 -0.10431033276552729994 -0.83082723070115205299 0.54666760211643972145 0.14147344952556917264 -0.5564720069251700707 -0.81873327072253743175
1.8976834170494505383 -6.1920624945359241664 -0.60117970070490356349 0.95003616696314241441 -0.0095377301831343699878 0.3119940915544945903 -0.30998200627676325558 -0.14615476497895563135 0.93944129165085177302 0.036639285563268543522 -0.98921575825338903254 -0.14180883744145156289
1.4574939487091118639 -7.201298285244967623 7.0407934194128030114 0.66632936968327904914 0.011462661453048614973 -0.7455694323736393736 -0.25272934234022870204 -0.93722689637444167587 -0.24027822255200464996 -0.7015219530548438831 0.34853170889439605284 -0.62160485622092043201
-6.4255584885151915131 2.1218357220067667335 -4.6896862953713664979 -0.99012137783189702045 0.0018669519705770305784 -0.1402004695092340103 0.13685133187091028106 0.23050549131429023952 -0.96339967377967405948 0.030518357187359169275 -0.9730692333868884436 -0.22848390952163838419
3.2842879546452694584 -2.5836997177832383699 -4.7225150073736728018 0.99282925316854264697 0.0049849666789182223853 -0.11943711383005825577 -0.079243302712208460448 -0.72061520389728261904 -0.68879186035222483842 -0.089501804608057566881 0.69331729966829169776 -0.71505282948361570394
4.7549846034482392554 -5.6201904813569951713 -7.2967270339438101701 0.99278582010772298272 -0.0029154093903534889984 -0.11986582407521459426 0.10638582104389092409 -0.43967910733644166577 0.89183201313508064789 -0.0553025539552042672 -0.89815020066804507337 -0.43619702493952472455
5.6788996810492902156 0.28944208707538315872 6.8976629703785512504 0.97625471265039343027 0.00026208054862859745185 0.21662563869906514835 0.09389583200718795708 -0.90169027940929480369 -0.42206422822892802893 0.19521861786131441963 0.43238243642934848232 -0.88030399289544269958
-4.6919403818723575128 1.3410808862236451855 1.0805325577689957051 -0.99001038256062701137 -0.0070426730893233639719 -0.14081847598198754534 0.13200678010356173275 -0.39718146031111123406 -0.90819661835519049919 -0.049534356045395112889 -0.91771307517157341138 0.39414345006644690983
-5.1985389982105392193 -4.2546652679830634369 3.8852238813396096084 -0.74489607101964572244 0.0030740684444470235681 -0.66717343583405874785 0.45265692280402752834 -0.73229870960976439775 -0.5087635110161248253 -0.49013422000215850494 -0.6809766148752618431 0.54409493323855928626
1.183168749441597889 -0.94649731743050924404 -3.0749626136774539376 0.99624532314941327549 0.0021588886124659107529 0.086548225301709746926 0.00032436926066352692044 -0.9997750969232558349 0.021204960661684479906 0.086574539487700080675 -0.021097269302878071673 -0.99602196478812576874
4.3787722131986290819 6.2728535179681070844 -6.1731454695427201429 -0.93535446289448298529 0.0037642918785480549565 -0.35369175683105202879 0.2724963020597017116 0.64520456772453860239 -0.71376244728286242225 0.22551672689035420771 -0.76400058631789602437 -0.60452072751775853821
-0.44125698855059686254 1.9557518127777546724 1.7509502224803799031 -0.93452842423299098407 0.0059532313487327473411 0.35583870410212231628 -0.32625240681053019332 0.38512871752161537131 -0.86327008403536587 -0.14218295028209829156 -0.92284366497076741886 -0.35797147745656587858
1.6181004909193568153 0.98028963930728574283 -0.75858983670512081243 -0.93165450634384516793 -0.011935026664837337582 0.36314933009385974572 -0.35590340872882131329 -0.17127150042991867718 -0.91869409315372541069 0.073161769143954807904 -0.98515157629624305891 0.15531814851054462356
5.1353926000328034007 3.64602695343730554 -1.1001118420794209207 0.9316017334813673223 -0.0078185430608349489046 -0.3633965885349421665 -0.34906830108141695401 -0.29798064219454256651 -0.88845869800317023302 -0.10133869623489609457 0.95453989296514119012 -0.28032848835552759414
-1.9268108004075867878 -1.0802797143427103066 5.8599108599206291004 0.96114011008133448666 0.002562525355287771818 -0.27604913015040599689 0.11926512600459251989 -0.90567742617961799478 0.40684669032432430047 -0.24896891073405130745 -0.42395970701532992297 -0.87078852100574088979
1.8020326821310790333 6.3475103722053427546 4.9509534489754285502 -0.90591786162696086304 0.0049000856421449485306 0.42342510216787021537 -0.34694071379535190713 0.56471992947500704307 -0.74881475837817945695 -0.24278585028037807936 -0.82526807184971706643 -0.50988983171780566384
-7.2508938809824217131 -3.8751720186134455126 4.2996141925818003315 0.8096654696134708562 0.010991392961503585954 0.58678873250633345471 -0.44208259526879079004 0.6690284810546602845 0.59746453492908857541 -0.38601140692472063476 -0.74315548899165762009 0.54654836282402152747
1.3846801354989837218 -5.0520356535951718158 -2.1957618006475549954 0.90045019490405386886 0.0047648267885566399082 -0.43493303268782801396 -0.32505705372282039933 -0.65704392809045497614 -0.6801699702165053818 -0.28901100034842058806 0.7538372324216513487 -0.59008649255218525997
0.060907397489191480999 -4.5333240039607041183 -5.0016960613395973212 0.99996500423789413947 0.0032941548559134274654 -0.0076901783693122645683 -0.0074826675004023377596 0.76328008563241267481 -0.64602439626083307811 0.0037416556023186129352 0.64605933119239877804 0.76327802312955372877
-3.1580619547016759441 5.2660066257888216157 -4.8312309238574693282 0.99296946236263106123 0.0091352960888348901797 0.11801776637666500092 0.08985630555538033637 0.5908498942965336731 -0.80176196390315246365 -0.077055117721769025851 0.8067297867162419589 0.58587503791995543256
3.434569572933200643 -3.5708925683778529603 2.5745974870585039973 0.85474982108394281788 -0.01067138793778643624 -0.5189305009693190307 0.12892745505274563755 0.97281904011244713093 0.19235598906305562128 0.5027727664566247201 -0.23132063607531391791 0.83289273537191699237
-7.3285508989204286578 7.2831116634721020375 -1.0004358500223322626 -0.99909712270405903745 0.0028380407718303752272 0.042389679508747314662 -0.022970428467603706824 -0.87543679688911524295 -0.48278646839829952864 0.035739317568932699176 -0.48332428055812021173 0.87471157589372006136
1.3615254034181980547 3.7224240224308990932 1.8805453271296606044 -0.99994703538792462094 0.0097997162574649937516 0.003145151862135410481 0.0046885205415914676941 0.70577250001704538995 -0.70842303463028222232 -0.0091621064223427178125 -0.7083707671699813746 -0.70578106522135053424
1.3687511939423553375 6.2840322571189082268 -2.4380496368259847451 -0.98565128765899678864 0.0043636886150165308737 0.16873795470463970325 -0.06901087054965426848 -0.9227163273392505749 -0.37925199934572451088 0.15404232821604654791 -0.38545497465121730807 0.90977767813591603474
5.7815645617789819255 5.380097431635469718 -0.95084042806587609764 -0.97238633358286741259 -0.0043566969622340148693 0.23333631833225212948 0.10715168260988446047 -0.89654588087307496291 0.42979530058303577755 0.2073242271784602464 0.44292945564841301742 0.87225578940117221016
1.6987257118389280652 -6.4564576039797785256 3.0022908081526678004 -0.97505378128704456309 0.0016639443524424284235 0.2219625078410283614 0.22185669164650292928 0.039075356312418756122 0.97429601502867113627 -0.0070520897301410380084 0.99923488120575487681 -0.038469731116729355413
-2.3248447082720966606 -3.7898942727645166251 -4.8656801478407141204 0.9318973989782756151 0.0038240456550032216748 0.36270182581889592877 0.30701130830675876782 -0.54081878290852247737 -0.78310861355562455532 0.19316131690701804358 0.84113044215988630459 -0.50516164237064364873
3.9546418146386725923 -4.6765789171021117099 7.4857151275480129371 -0.64975204744225856235 -0.0086212604135665511784 0.76009732976334498655 -0.75398823809067061497 0.13433076575446656342 -0.64300620696274368715 -0.096560932397273049888 -0.99089904593788624698 -0.093782019032775512657
5.3872631405195763321 3.0398177215543387142 6.0821828606288148578 0.99764663990438529062 0.014012989823060584965 -0.067117940996533329012 -0.0061714582453196251827 0.99327158296394613135 0.1156437442297376661 0.06828685810996809602 -0.11495737728641643172 0.99102053783813204291
-6.5546713613083795735 -6.0305831554374558223 3.730028837659907115 0.91887389785871287362 0.009633245701335143088 0.39443372118913710977 -0.28428622949976906087 -0.67705158905074203091 0.67880960915465970995 0.27359111745571396135 -0.73587250685230309877 -0.61938643358420819585
-5.6671248364345689907 -0.4811073796785059753 -0.31876759804712678781 -0.88387934259574940654 0.0019116879697745545186 -0.46771107874585188258 0.27995322620011320325 -0.79891250522268975054 -0.532320392375661533 -0.37467786013142123647 -0.60144422388776475064 0.70560707669313915691
6.6622886327540076223 4.7700068350203794765 5.9934670588923060208 0.91085151034447175977 -0.008242655119377009787 0.41265189293128767822 -0.055903155034729520856 0.98812331806760889119 0.14313331390073272265 -0.40893075619272489796 -0.15344173789304718647 0.89957282624142298477
2.8844755632408300983 -4.1720286566620110591 1.7883789539287471282 0.50015465085190879968 -0.011464563470718339838 -0.86586020177369749096 -0.6411940797442513551 0.66713445944580018754 -0.37921203187773644405 0.58199267807428611832 0.74484909666621623714 0.32631939241120372364
3.5833625495434451302 -3.0499724669257810561 4.0139572911972329905 0.6198560146575632368 -0.0016878605852284700797 -0.78471375177155944236 -0.26873025129771233033 0.93907525212150610994 -0.21429354374419909424 0.73726696191433938044 0.34370746570241300644 0.58163786404441697453
-3.5712958856765886217 -7.2603889568839257151 7.2468814660438765074 -0.98710573413216617933 0.0083907954169565382441 0.15984950483395149456 -0.042800843766859816841 -0.97609958654937190037 -0.21306732483194218419 0.15424123124587624245 -0.21716167178049819442 0.96387263209066187386
6.9548203985617336187 -4.5398892857746542262 -1.1870121680554159838 0.999751781867548317 -0.0032168891609358971073 -0.022046003642680229995 -0.008959443962423535926 0.84793471279766652327 -0.53002495337155197674 0.020398603294629207711 0.53009091150167175766 0.84769541848871965417
-3.1538026242186991688 7.2923528573518279217 3.0958005489724329529 0.71458171560680416867 -0.00085152577955437732532 -0.69955146102643150918 -0.6976301607534880489 0.073205987737159181061 -0.7127082447723234182 0.051818245121078965187 0.99731647848777593701 0.051717610243373804413
1.1167272628611444318 -1.3300641239298272023 -5.6327442413714861047 -0.73888987552267837433 -0.0043078813450306060323 0.67381243236416255016 0.066011537453436811007 -0.99563227252773078835 0.066021623914843591274 0.67058498997008764153 0.093262104091903511027 0.73594697578503198709
5.6736309385581744635 -2.119806668129988303 6.8977279095294763422 -0.98348042516550748804 -0.01053682151013217265 0.18070757789501512569 0.00087742389415640365501 0.99801514612245978419 0.062968231969741272902 -0.18101238477940631566 0.062086580696218772457 -0.98151911497128441209
-5.5671966087002378032 -6.6035967037642198108 4.6656921068974410716 0.97657605723049745183 -0.015491023427458837022 -0.2146141482692850988 0.11349556008851711952 -0.81028892980383382394 0.57493530773251810828 -0.18280580484326550139 -0.5858258089487783371 -0.78955060590511283447
-3.6898835395688016625 -5.1152735701710412286 -6.2416763696383954496 -0.57666376417083242689 -0.0025826970913125366427 0.81697749832417720928 0.39238810743848884233 -0.87798091553049650848 0.27419169408462951143 0.7165824978557299163 0.47868866880244337336 0.50731319924377060726
-5.4121132907307467619 4.7645857960554680588 3.5054917002051695363 0.86489986263061613414 -0.008428377546937444037 -0.50187367939894200752 -0.48846639938666142067 0.21601349571368572144 -0.84542222962255020313 0.11553702563149280402 0.97635399938841993528 0.18271306353606170392
6.8189850973509793519 -5.1208971324332157593 -5.011611041311337722 0.56528557746790908389 -0.0026836750780307476114 -0.82489091023908878153 -0.03334764393325905657 0.99910287900255256854 -0.026103099679593854548 0.82422093552092479118 0.042263874134503422175 0.56468895366583671258
-6.83011932631574048 -5.033350850306975488 7.2618453702818959172 0.95761603127796168788 0.0030250951078605605414 -0.28803191739620043199 -0.23992699548782406294 -0.54495355541196754956 -0.80340566296236959332 -0.15939439599789478885 0.83846077501785454267 -0.52113045898417742485
-1.7978683526203829146 4.4108596139829110427 -6.7544604263469603112 0.86622410542757311003 -0.001924683304262554337 -0.49965197364804569968 -0.31718393948534967519 0.77054846441026580983 -0.55285568869954282434 0.38607013314784094371 0.6373785057475714888 0.66685717563968693877
-3.5227168860762563263 -4.127934651669065147 -6.1920373468156943986 0.99626984734618817541 -9.8293133846552929733e-06 -0.086292474596805779363 -0.062024463362533685529 0.69516610854109284201 -0.71616830946395382274 0.059994643204587555507 0.71884913677297235246 0.69257242317867040438
-3.8461923276615102019 -0.73948305917421186528 0.71743482262782820591 -0.99456959652378640335 0.0013552224879204727986 0.10406479252131235758 0.10079322462497704305 -0.23652705499683282508 0.96638278033302971171 0.025923802579826467352 0.97162395793144273881 0.23510602041046779753
5.2588610436327698494 0.70166063664516509224 -4.3408925322013640624 0.84608054471002558383 0.0061850822614706382763 -0.53301918973019168924 -0.45381786929756123827 0.53291628676107594131 -0.71417754992089099719 0.27963736046778958633 0.84614536343485347025 0.45369700304104360056
-2.8004894331747323122 4.5241798875758894027 0.27493218098993976728 -0.96339177538483977692 -0.0067188172173918304236 -0.26801332917644193898 -0.20288655784212958344 0.67175394016194378555 0.71244907784613153989 0.17525219475947689807 0.74074388378979816316 -0.64852537873234894494
-5.1189765133124733865 5.0686939160931760995 -6.5222807887182900899 -0.89221121122193525199 -0.0048149866807000920449 0.45159270418478891784 0.31612414413390238499 -0.72077968329109376455 0.61688100444926252663 0.32252857247896532522 0.69314750526713830858 0.64460984779684638024
-1.553707569890892648 -3.3815430539457538295 -5.8375360502986932687 -0.77906254632589388986 -0.0021397450572300420746 -0.62694255749892846552 0.45212017706809487505 -0.69469584004518725173 -0.55945065493911050325 -0.43433730486818644678 -0.71930043188844372537 0.54217893198181665859
-3.2635428555588452681 1.8370755369784350641 6.2050149141089967486 0.99728073370331393743 -0.00051059115970343799205 -0.073694487452155774121 0.073465484067142303171 0.085961773598873331137 0.99358612919599342828 0.0058275925518406282433 -0.99629830511576589203 0.085765531471760789173
-4.6402489271167262075 3.8791861168311450037 1.0259040834110493279 0.95204636212605708856 0.0052561131990576581349 -0.30590864263131573031 -0.30480579478809005645 -0.070239614840455558142 -0.9498209431101158895 -0.026479271630624891254 0.99751630050890571777 -0.065269276024900804711
6.7189498718909854702 6.2468709337564849449 -1.478006154171505715 -0.97721469112221148734 -0.0033365638328871566679 0.21222703597042447132 -0.1546437149734583294 0.69606704928462381776 -0.70112479938978466976 -0.14538489905837728711 -0.71796903153414182164 -0.68072292519332078253
-0.74449820499874397317 5.9503096611625716506 -5.3459228284920339291 0.9993968769907543015 0.0094239347838992858913 0.033422622792407083447 -0.0018627805808165160545 0.97563496590102638528 -0.21939221353498516986 -0.034675817360821328816 0.21919763403030861904 0.97506409272725036441
-5.8489525504955723889 6.1553163990201760214 -6.6899135055138998496 0.99868341895653101048 0.0015595674930751601134 -0.051273740360192048005 -0.049168596896226234028 0.31406388629068066054 -0.94812779961727033928 0.014624560866623403238 0.94940057040078529305 0.31372707747696843006
-6.3560712436514013035 -6.7747548535381012513 -6.7957428515803650626 -0.71781845055195958594 0.011927853550591262233 -0.69612814794184574296 -0.25046355759470023683 0.92849072617842243194 0.27417690952680862093 0.6496188716194727375 0.37116397684898450038 -0.66350028178243525279
-0.37483842753643892287 6.8363093812735993282 -1.2114343618711236328 0.95820366928622902059 -0.0098878842156047905276 -0.28591599799968447915 -0.074745326464192143878 -0.97334227307665677209 -0.21683624146753990858 -0.2761500757526070271 0.22914416682029573047 -0.93339921066704856223
-6.1472412305140471389 -1.1570432838174073975 1.3098954922034264925 0.94127973484773808099 -0.0046128042010212966934 0.3375961830385432183 -0.040658977612823443692 -0.99417840258150025345 0.09978051603361466626 0.33517056598731725936 -0.10764769332340978769 -0.93598753507608545288
-4.6146539631943293003 -2.7685087088150241996 -1.6949330659806436383 0.82438671453045220261 0.0063983276572202475024 -0.56599081821957231142 -0.27388819705752098788 -0.87057019347863218162 -0.40876985424460005047 -0.49535017958837779251 0.49200264189314146801 -0.71593407514379658885
5.0892685817051486197 -3.4984603218414016546 -6.9898797645448116356 0.99983229842876453208 -0.00657908887541450247 0.0170906585062504425 0.0039450100645378963909 0.9887061734251770817 0.14981501769407479241 -0.017883285889307615896 -0.14972247066039731656 0.98856632041816028256
-3.4076876730045735364 2.2728167071406897293 0.53392796932946706701 0.97839629731080357544 -0.0040736940053481308921 0.20669806584909033997 -0.14969723773895710073 -0.70353040095405994236 0.69471988020122699137 0.14258829693186717003 -0.71065348796064231607 -0.68894136007899131613
3.4405142397646462094 -6.8032677716760661113 -2.0455608468550527945 0.9860541766289637744 0.0087864479813798777169 -0.16619253618769874725 -0.11951788305139017521 -0.6575314077533660484 -0.74388703675272060956 -0.11581293703005386686 0.75337589963422546546 -0.64731145321769534284
1.4571884923917546306 -3.1861329895560381864 6.3787952531616660679 0.99648361283442210556 0.0023077502562279680019 0.083756096143806857413 0.082623609442517370605 -0.19312765863489128604 -0.97768862457996852378 0.013919357570734440868 0.98117092382462944844 -0.19263922167057281887
4.7962461034516614689 -3.8347374563196958697 3.275716577221210013 0.69973971129006684588 0.013117824918856975033 -0.71427743847413927014 -0.65789475995134405473 0.40154662657478140675 -0.63713012133716218077 0.27845793447552191768 0.91574463108221415553 0.2896082688249861925
-0.73826762474936691305 -1.1307902384572618981 -5.8341164301835082284 0.99682186313414056222 0.0049909220499848245059 -0.079506376315257518139 0.079531817013134442629 -0.0051243048290717935211 0.9968191569099617011 0.0045676318019771122714 -0.99997441577120360634 -0.0055049561861792717377
6.7611627736951005474 5.1465994312318441573 4.8822172689975555926 -0.99971674081171879589 0.0079263627857817913619 -0.0224412770075705717 -0.019145203100787461237 -0.82797487164654703928 0.5604382866294148613 -0.014138576271056559064 0.56070918014142590025 0.82789209198186597405
6.5414679291069646183 5.7857876196720443573 -3.5512668997443568308 0.98335863780063992312 0.0038652351317990693395 -0.18163383335796129403 0.092826028610186780976 -0.87010819320438603786 0.48404035010635398928 -0.15617015680141238532 -0.49284560673295474409 -0.85598720203558742448
4.4759201323125132888 -3.9807547412620860605 -0.77709504386122851827 0.99805408591109701089 -0.0012455283533780170391 -0.062341721626364976494 -0.017020448967518798239 0.95639040517495021998 -0.2915950911904471865 0.059986214359348942471 0.29208875628571373539 0.95450815215928586088
