1125 14.717824617146108679 14.977075390850430381 15.033177056927090831
-0.44066920479760285367 -7.4462754118365657163 2.602540165531036731 0.99702542712025055138 0.012431796596509569336 -0.076064105259731479292 -0.038129675696817466601 0.93723313533161389799 -0.3466124317847946168 0.066980784608996590812 0.3484817075112081608 0.93491928743778529576
1.9184101249135192546 5.1410095155472443906 -2.0211973800861753325 -0.96421628295471761838 -0.0071079828659564286281 -0.26502157697919959123 -0.16715158721774209249 -0.75962549883061769584 0.62851368196473611505 -0.20578461209613155281 0.65032190344927309766 0.73125516430219461572
2.684370447027242701 7.2659021238804468723 -5.7971586800296952546 0.94929871383937669549 -0.00091842303801432326887 0.31437415352079939312 -0.31405146061126398838 0.042620841288177759021 0.94844880935966002777 -0.014269968139142545638 -0.99909089695934871767 0.040171477721075432576
1.5642035488373533525 -0.62652203764563341171 -7.4070567010675985031 0.93031782542490848442 0.006716355524944777125 -0.36669283367021154874 0.33320002189538061588 0.40231463815350199109 0.85271371358521474981 0.15325302315299055289 -0.91547682794039864085 0.37204258949570218062
-0.71650266194508682727 -2.7848962568082282765 0.91893478893915625516 0.98025156413936087585 0.0030205697308897296732 0.19773150270224512659 -0.13108102407290067593 0.75859212879546367159 0.63824426927127153597 -0.14806970024417553944 -0.65155879112176695589 0.74400706016918050079
4.1661131112658260633 5.1572398417949179006 -2.2598883704546492979 0.97700193953097325128 0.0017314943368863392262 0.21322338539693810877 0.03434591542157775651 -0.98818765154190690847 -0.14935033791047069851 0.21044611720492156781 0.15323892216887524675 -0.96552072193503235553
2.1906222993521549114 -1.3703895255269857856 -0.71556165857960440935 0.61403635904077991103 0.0032663863294131942339 -0.78927098039663157181 0.78164243638413621884 0.13624097350761005254 0.60866534218835388614 0.10951918288343262531 -0.9906703426761678255 0.081103765156066390252
-6.9760800841397472283 -6.3249048570324397645 7.0428872816198220264 0.95432658384130519824 -0.0076040906295562846889 0.29866862771240265673 0.27642256116356589413 -0.35684494797591215232 -0.89232967606366198066 0.11336374664628501296 0.93413267842939706753 -0.33844467795572169555
-6.0654761503728771288 4.3093919073175595003 1.6441246363699726363 0.99986545511389479657 0.0015667786731470238065 0.016328406979547262917 0.0028353814564254864808 0.96393642509226107329 -0.26611750974407971659 -0.016156493490102088323 0.2661280022563882186 0.96380228996052219603
0.35425415762879963744 5.0173231498054606803 1.6631611954362710559 -0.90573669589745775532 0.00093255694907169554841 0.42383979053667569792 0.2717055633078632737 0.7687700435531524823 0.57893756744821667226 -0.32529544197890264412 0.63952462851156066659 -0.69655662006396446007
-1.9807693871605991376 7.1659807648044759887 0.51619135498113943861 -0.98763758753463726237 -0.004649441982133718787 0.1566856036080586656 0.07388737031920765419 -0.89536237051894396188 0.43916612115018810458 0.13824851607191115943 0.44531405563718545748 0.88463706663013130793
-5.7652494288754283502 -6.5718990512546913152 3.5395870491442424921 -0.91320092479818260056 0.008290495436130425333 0.40742525527157369414 -0.088049935649496258172 0.97216194647556808395 -0.21713672802381728255 -0.39788350026075791632 -0.23416322834766065131 -0.88704921098543021429
3.3917827457255675938 4.911537745956046308 1.1274985203217282592 0.93737841673620736493 -0.0034995529519514711678 -0.34829507169387857735 -0.0079487374721113196463 -0.99990403826103568807 -0.011346005553906607366 -0.34822194274588819107 0.013404006810134316829 -0.93731628130091981799
2.6780149102718020515 4.7441878922236657701 -4.2083763307806494325 0.92770895493509963892 -0.0017506533033570690835 0.37330018771275508271 -0.36405685560395933953 0.21695612329667135487 0.90575529060110993029 -0.082575425043587474816 -0.97617978660552984227 0.20063480107338160785
-3.4284166681794117082 0.23856255025109024404 3.9060012268662136492 0.98349359234230127047 0.011542590866634470925 -0.18057442348697491652 -0.16801224855742394326 0.42873839733237223415 -0.8876684465426749604 0.067173195221309447978 0.90335494422119544389 0.42360076321322676085
3.0880598001484091952 5.2101184627940853034 7.1890322943064939309 0.98095400470157656514 0.016974976324087422824 -0.19349700472793684991 -0.18731882759077028711 0.34622794353193964145 -0.91925941275988298784 0.051389663259229237391 0.93799683437430758648 0.34281342041065282489
-1.6190452810980706655 -2.0068597716083886873 6.6869714390284924477 0.9467369324325702884 0.0080788252891342837714 0.3219066842271559592 0.31639516089832808721 -0.2091776564373414582 -0.92527769356423106295 0.059860528967923369581 0.97784428240359966278 -0.20059231401617297341
5.1941035594961162403 -3.6953126934047233476 -2.4731504862828543878 0.62298062945256738043 -3.1224679922173953495e-05 -0.78223726218575806435 -0.77230837163968668602 0.15879852747628234177 -0.61507951255653281475 0.12423733103312534221 0.98731100809042215971 0.098904291521651283015
0.97632197968130562948 -3.7475570280487198183 -4.0475144194892545002 -0.92586587449222323976 0.0030975300715528953678 0.37783963232851097702 0.29974823662924721113 -0.60279632776863800725 0.73945086507918500462 0.23005081414412492657 0.79788908535973046554 0.55718006997335911556
-0.27355252531759516321 -7.0558221377545038422 -0.088789294140887667361 0.96524776783725707574 -0.00389030217126021087 0.26130750512394035345 0.23466160836501395726 -0.42718919440614666616 -0.87318000534944661961 0.11502467667684845853 0.90415389051413785904 -0.41143051178023182235
5.6843893553441464661 6.8028711356170825653 4.2697157869427702082 -0.97510451543371889915 -0.0037545338942578509317 0.22171397668169073869 0.19797142859011712668 0.43567716202097850342 0.87806191350912921045 -0.09989242935656826583 0.90009516939519484957 -0.42408747751927206027
-7.1486292436508334092 6.8715447211735902755 -4.3790633760112633865 -0.76408868591798484449 0.0044806582584963720872 -0.64509565473146102121 -0.49431203372490439829 0.63846878625582126343 0.58992645498555529304 0.41451669853776751395 0.76963467481568414996 -0.48563193259371417732
3.1386494473815802486 -1.4582533618893722682 -6.8585309562288481189 0.76472971468755901459 -0.0077231741512620855072 0.64430490922779759533 -0.62827305055756643704 0.21304288451741812405 0.74825510576249254502 -0.14304348086200460721 -0.97701232435293283718 0.15806796210918297452
-2.5701505951833496511 -7.397709450337719872 -6.2971477035348240037 -0.99261255201411235927 0.0045049590079044308025 -0.12124366758090926455 0.12089012910262285361 -0.048035566104444558932 -0.99150298087022215032 -0.01029068849387743817 -0.99883546679791090916 0.047136100782323830938
1.1317981010218625126 -4.6530505892706894855 -1.9396972358173310003 -0.88928187981223416614 0.0018530409430474945043 0.4573557745091726412 0.43433547656012339022 -0.30986202331467355142 0.84577669648000519675 0.14328444451127733683 0.95077972882615124917 0.27474984115458617184
3.2228329400558202167 3.2964576611815261664 7.1707004082602070483 -0.81441722508056113572 -0.010851076865391145326 0.58017828089543510561 -0.44982416612122505528 0.64342939752008998511 -0.61940037938339786994 -0.36658260060367020561 -0.76542854959671424719 -0.52890106106607870373
7.1037256688039613906 -6.6887049590071967486 1.3303183718333011498 -0.20308493701639307449 -0.016229080564281361115 0.97902662134450868514 0.60028296989879947887 0.78786548422875146702 0.13758028496333729596 -0.77357408462706245267 0.61563349137703593517 -0.150261571562104429
0.3577064926939664824 0.24430097774751174944 -7.0423092128760922392 -0.80273730154408462489 0.00058793367811889318819 0.59633252388544744083 0.54697147011735092192 0.39909487247997543768 0.73589774672698460289 -0.23756059350681257847 0.916909448688494777 -0.32068992394294898451
-0.61089156142451295217 4.4613747778349202022 3.5073488022037784262 0.9965697325276425822 7.3440177825908649345e-05 0.08275725234957567733 -0.052626604437157900596 0.77232112903079697119 0.63304858751748993573 -0.063868683369253401172 -0.63523229472304276744 0.76967572589083566026
-3.6394543262745693291 5.1670077404836671775 -1.5326340126838315925 -0.99428695906911956914 -0.00030066046846514591848 0.10673964881118749859 -0.071123774175481019322 -0.74379069681781218026 -0.66461779097025452945 0.079591782063698240934 -0.66841252900475411902 0.73952000601566847404
-2.460026435752260987 -6.2564730997711750504 -1.9404956005804789854 0.92781628273388572214 0.0071634052813913185256 0.37296867310615583468 -0.33851655825088428076 0.43622910606902548514 0.83373299491395036487 -0.15672742352178048453 -0.89980711968895543684 0.40716539891449932131
-4.4906554784604191255 -3.925060977225980352 1.1957021913194398888 0.97719927980311060978 0.0070399421142165160073 0.21220746162067574692 0.19996189797298113966 0.30554119376577143496 -0.93094565806566509369 -0.071391924693814071134 0.95215283338724143736 0.2971669143113043754
-5.5562898152349884384 -6.5170088812783619758 -6.1345939102002811083 0.99851266499804613996 -0.00068584597084345080148 -0.0545159376132970247 0.026826360275565494518 0.87668200808527396717 0.48032177037263901198 0.04746371490850208319 -0.48106983517455736976 0.87539648700021610583
5.2998764660770323331 0.10009145973422492459 -0.4056746079993667764 0.96757823960516076145 -0.0076960417958201101513 -0.25245419620857656451 -0.23410946285440834003 0.34779696769433721126 -0.9078711520170175131 0.094789818254230578942 0.93753828732665955847 0.33471906153074126866
4.91726748364548083 -2.6808746128154683497 -4.6588619502665649108 0.97299631143758591456 0.00031275800165617151372 -0.23082044994181805109 -0.043948854924461489002 -0.98145416407136254477 -0.18659105546035370526 -0.2265980495938055006 0.19169670317826831285 -0.95493753613049259243
-7.0971956639583426707 4.4646679191754445881 -5.8312909108710311301 -0.72869548765433656001 -0.0009878579882818686389 0.68483714152241437212 -0.60399192755920338982 -0.47041768106979670039 -0.64335134784978798006 0.32279503979374313261 -0.88244332932682079118 0.34219458325790236275
1.9066717311390304346 -5.3433536952330289438 -4.2389052364979074028 0.54422041309203728066 0.0047258618710593509882 0.83892896493298652061 -0.8295273732401814426 0.15242351474201382144 0.53726288648926845415 -0.12533347126393873383 -0.98830397064018571385 0.086872219942028608419
-0.76000609358622561729 -4.5085380274575976856 -2.1607598943623087528 -0.79596852378155746877 -0.0070033554513653489132 0.60529749888908745969 -0.50442312332192051905 -0.54512296796370063312 -0.66962546431315683737 0.33465119424132283577 -0.83832684724445971636 0.43036806965901824862
6.6435486959242124883 -7.31863068632586522 -3.1347796838887322934 -0.78645393529182372472 -0.0021601630667223573404 0.61764515812845477427 -0.41665668408816119994 0.74004817393923849611 -0.52794498563198699603 -0.45594672415608261673 -0.67255039509676783904 -0.58291384508041810264
3.2265771190101730781 -0.56906814077149092679 1.361519827441206365 -0.98425365524729080402 0.0051930640654058585204 0.17668552351031421854 -0.17226367189630975574 0.19588231153532661977 -0.96537834415961365497 -0.039622840348657518972 -0.98061366098647539946 -0.19190330484263073973
2.6983836421280473772 0.12366558977789512963 -2.3475458244430722488 -0.48804374544625811483 0.0035973370222542808139 0.87281175616349593316 -0.83861496517049116672 0.27526648508323536824 -0.47005670124133747123 -0.2419467766323991631 -0.9613612335413794785 -0.13132530571420153453
4.8302140514917155656 -7.223366522764016473 -5.237475607909964026 0.97054855522872107709 0.0059346983314921830654 -0.24083247559064768772 0.23095168469471197281 -0.30731740864762230325 0.92315617837867902651 -0.068533358885225367785 -0.95158856114278833616 -0.29963709553741524338
-6.7966305208587272091 -2.5408510344002799286 2.0176749901786776853 -0.65922479258431887494 0.0056726759797316433226 0.75192452652474861541 0.024252707559878586285 -0.99929088519911957178 0.028801613390766662298 0.75155470793435363852 0.037222943262560134747 0.65861974877516837878
-5.343699272405512346 4.1681622956321779938 -3.136744100289457382 0.9506385603590132849 0.010997971776309057451 -0.31010542106740363044 0.29596912193598312601 0.26806896614259995149 0.9168103992929416135 0.093212694516411009893 -0.96333694728689112097 0.25158163600101146606
3.4774530747266196862 -5.4129353964333200011 3.4636381444499009241 0.8569995113570944012 5.2500609895794921045e-05 -0.51531721762168181122 0.28182990972604632374 -0.83724198215598111261 0.46861259618074352362 -0.43142060627364614556 -0.54683257086525605128 -0.71753076583752706252
3.91260966237275154 -0.30335028517814111026 -5.7255687244415689463 -0.93846604495503727073 0.0042483262048469598929 0.34534538391441060856 -0.32072404094976408873 -0.3816868445589067238 -0.86686287395846106651 0.12813107360576367344 -0.92428193989451823409 0.35956268377227401656
-2.6774896191546493363 -5.8943566828378539668 1.3688729518464100021 -0.97245047051097244228 -0.0034384866070508246852 0.23308423201229486188 -0.233108813569061879 0.016929978770487102979 -0.97230327411524475334 -0.00060285931364736228266 -0.99985076517885806968 -0.017265107354560382813
1.6609806553289385711 -6.2403309684150167769 -0.26492870582260907852 -0.98049709565122100674 0.001434728239355832595 -0.19652833631419169835 0.18684979266034326684 0.31682587185309168953 -0.92989704909050441284 0.060931111940600399257 -0.94848263478009620098 -0.31091492585314606245
2.3130421221136825416 -3.1704648619614177463 3.3260524718242518993 -0.83687167457455047259 -0.0010749163090813618291 0.5473980679996116594 0.20754332719756826697 0.92471265757211029701 0.31911168618803709141 -0.50652894056562869363 0.38066434753069106067 -0.77364273853538356729
-5.3278016370211656039 -0.67407895230804426578 3.1861292008260964082 0.71873516782946600401 0.0031473479771446520765 0.69527681733673329934 0.32292604714760403395 0.88407810151713839275 -0.33782344277972975455 -0.61574225662915393897 0.46732858313885128343 0.6344016620270032103
4.9314569159250334351 -4.3849418423103623255 -0.20313239556487663884 -0.88709063294154499868 0.0024759316806538568534 0.46158864664273302481 -0.41802673135306528396 0.41978965683594293701 -0.80562416540709069768 -0.19576480996732770201 -0.90761804398981726916 -0.37135646675740086042
0.088499697379028297028 -4.0684692425313571107 -6.597323721617010861 -0.98989601649474934231 -0.0020738158158094127659 -0.14178002615316437351 -0.085651219553185276023 0.80560728137013293271 0.58622587523295499601 0.11300329693010321974 0.59244629080748112404 -0.79764506354110042974
6.8397606626238047767 -4.5625838225795432024 -2.0594379849733699395 -0.96324994935953145436 0.0040777512913404761682 0.26857570069411407232 0.089995931453508939968 0.94699220346353940592 0.30839341578759266183 -0.25308154294761081582 0.32123066248998827232 -0.91255717305579819865
-7.2986851559418086666 -4.4575603867643787126 2.7006946778950764454 -0.96055807570214046809 0.0097011140561782827768 0.27791018619209795215 -0.27735567925979243142 0.03863558476174326628 -0.95999016597703545894 -0.020050196647823814722 -0.99920627498839220682 -0.034421063873803378619
-4.2972779774344465054 -0.9854625343918166358 -2.0739889485166687066 -0.92175763408919819675 -0.016203439306394583352 0.38742781592578046101 -0.37881489962468234411 0.25106992867665234304 -0.89076549256061154924 -0.08283800951687622649 -0.96783332215260242659 -0.23756372768232911219
0.52307074516350771098 -0.65011993594539341235 2.0583319360317866575 0.96992262727204126005 0.017066049582204822349 -0.24281442926079047084 0.19587808127244954459 -0.64692501971290661267 0.73696661806787666649 -0.14450562059175203755 -0.76236262291714496087 -0.63081007981508230298
4.3266168685615609135 7.485373620678664075 4.2081471201864006915 0.86060640449898728743 0.013712717746689986886 -0.50908602210953679545 0.032032173704296194872 0.99620056566615067251 0.080983781179377309356 0.50826229093167107909 -0.086002292634180507735 0.85689733882103358287
2.0529212072190174965 -7.4100587626869653946 -4.9434089298363570464 -0.92234496307301594431 -0.011197150252843620505 -0.38620511767726706243 0.3812072903299156823 0.13644659583946605608 -0.91436498636112473193 0.062934655741067033197 -0.99058414600173982922 -0.12158239509368470865
-3.9439782054076166773 1.3268631639154198076 5.3907684406269709143 0.86866239179520177149 0.0029925760428911687451 -0.49539549207602673331 -0.25801256420165136207 0.85638875816849657774 -0.44724468872949674214 0.42291271652050854701 0.51632290223394228246 0.74468482919563450118
4.0936569289541475669 -0.29188063455289464665 -2.0889272248307841906 0.88670723141255236577 0.0011149265737822877664 -0.46233001492369757424 0.35383791435065065079 -0.64526797809907421311 0.67707308823182343893 -0.29757186716587180619 -0.76395549175234711559 -0.57255828567294519971
0.46726959649573857059 -5.3690387720297163554 7.3460479674349166146 0.92680883792778989694 0.0022431128468274165802 0.37552675854540573663 -0.36816148357820682735 0.20259369425153589406 0.90742102524624423943 -0.0740439055448407768 -0.9792603144691409689 0.18859145409431457563
-1.9935193725640574236 -1.3335342375554388727 2.7467199196622802404 -0.96800827064449090908 0.0012533411249106320151 0.25091515916703044375 -0.11860020613901592346 0.87894594624990185494 -0.46193940584736703503 -0.22111982965708243398 -0.47691975499747568668 -0.85067829890364010659
-3.2425362886918334127 -6.5123117587285417329 4.6885975471127467884 0.99819181115371469204 0.015014646835023688631 -0.058203681379688405884 -0.038176604446765238787 0.90628683712107682702 -0.42093552443826554033 0.046429032066643741161 0.42239641243926906444 0.90522130760371821712
-2.9741277997318618098 4.9282118001417645203 3.2911254731884813651 -0.99974098850209180966 -0.0097650900506368980281 0.020557211028362689514 0.021857822653726287354 -0.66359777611526526986 0.74777016998790590829 0.0063396764744630363861 0.74802582478889678708 0.66363934026778192976
3.3165338117157965314 0.99807922432831819304 -6.0316617613297216494 0.75271118357302335689 -0.0033443611771223555329 0.65834238005194112286 0.51416229555479897595 0.62752771691156006284 -0.58467606273697292352 -0.41117272277474820052 0.77858704057800975917 0.47406667494133858387
-6.6471519023062919374 -0.27575656779257018414 -5.548218784281042204 0.96482888703694302812 0.0060158189151877641473 -0.26280987169799691072 -0.24844675514999242649 -0.30582741893911574715 -0.91909945037557427838 -0.085903600591618112237 0.9520679596268130096 -0.29357651755132330162
-6.8490978330237055616 -0.99591146369067506949 3.9063876168985274262 -0.97814810543559160827 0.0017452109131995234559 -0.2079019915048940792 0.11730142153426813267 0.83024482007153510565 -0.54491642960214048408 0.17165855742978441967 -0.55739617237939398375 -0.81230711352168094574
-7.2169331061123065396 5.790430867304782403 -4.0369620386790758815 0.97152064602041998675 0.0046135726708953113395 0.23691000253958241495 0.14612909809432428343 0.77538708628892649699 -0.61434611832953311961 -0.18653128704383875602 0.63146938276024944248 0.75263038577387486594
3.5770428606185373788 5.8926113589897379796 -4.3224235378785849093 0.99806923483093523686 -0.00016554078748310264296 -0.062110990011685178469 -0.06046028169051775869 -0.23161675167344217274 -0.97092648263510006323 -0.014225217815190163706 0.97280709955277366863 -0.2311795627594102065
6.6768357177559680693 -4.6831422196824794568 -4.7394194245411807032 0.50078296386233533966 0.0022934782703122429115 -0.86556984874857045842 -0.45576380174717251448 0.85084243331366427032 -0.2614316558680625513 0.73586396849024193756 0.52541592441640116995 0.42713267991036113491
4.016039973714279121 -2.9816266342854862437 -6.0213799738694406827 0.73834003876845388792 -0.0091366606911673815816 0.67436674635004001388 0.35185799028225916985 -0.84782452749997527786 -0.39672348713429661515 0.57536939597606240326 0.53019816295502564252 -0.62276798743447880913
-3.5799906365382327955 -1.3559425910925331227 4.9429100013703681782 -0.97105240130247294505 0.014739293570369807473 0.23841138217310883785 0.13180042159421978543 0.86546597910912448359 0.48331903321953717523 -0.19921315918448545546 0.50075082848627716636 -0.84235546236613700888
-4.69870737827797047 -0.12813172826773733259 -1.0531259946372988345 -0.99143694271137372542 -0.0023278172387079759491 0.13056557698695603342 -0.11107452530944490754 0.54078962345767189746 -0.83379196025608470766 -0.06866759391671306556 -0.84115466141926342747 -0.53641737212575868465
-6.3495763171673793579 -5.2962230309217810387 -0.50619491572722508099 -0.99747012511322308281 0.0060965526904065772684 -0.070825006543070459508 0.060383653277823488847 -0.45308559302376749667 -0.88941961964592897161 -0.037512183665512351116 -0.89144617192487274338 0.45157121103657532624
6.0368771872904218867 -4.9070390451567309498 -6.225578952838577429 0.99567895228408576092 0.0023451188002692026704 -0.092832776519335399867 0.077182574646572910115 0.5349720671530625582 0.84133687517961719404 0.051635977277481676095 -0.84486649110013811725 0.53247942501740352927
-6.3369659430955920243 1.4003185782740275034 -3.0738804116125364452 0.93025226843224406714 -0.0032065692491873225116 -0.36690657528895775918 0.3094924355278255157 -0.53027319472346989837 0.78931918214910612441 -0.19709172846085010189 -0.84782076930874783471 -0.49229543335374442714
5.2843216045885759158 -2.6047217680394041395 -3.3717566801284126754 -0.68991545072404392158 0.005998443177939664743 0.72386510451306185221 -0.69880920602497909044 -0.26645805547282569448 -0.66382663267492836301 0.18889776183704584667 -0.96382784943841903758 0.18802529675515577967
-0.30337729516640593586 7.0311557006566225425 -6.0913938234733286947 0.78482363034919710998 0.015139043770596350216 0.61953424328222161943 -0.42357764105818607181 -0.71662901635705444914 0.55409821774715528608 0.45236473253457920585 -0.69729022814669461283 -0.55601482578265815082
-2.1236838448413317693 -1.89706197233783036 -4.2962253520881255042 0.6858752240849717019 0.0034207639126582929656 -0.72771112081695266127 0.60016177635350331787 -0.56819950907521754591 0.56298770864998048946 -0.4115592535597068502 -0.82288371976902618954 -0.39176697735824517199
-3.4545638398295142046 1.6101099615040048718 1.8636323061916513222 0.8531935075853099848 -0.0081407450375159413208 -0.52153098362846694869 0.076676904317357449936 0.99097283500891586439 0.10997041701609984454 0.51592779626470020027 -0.13381542715479885497 0.84611579615136467414
4.2989777170676530815 -1.8125855286789125387 3.9450084710970232393 -0.94032712731897771796 0.0032651944867918033903 0.34025612725259457569 -0.012724134786701740002 0.99891717460641271664 -0.044750135981088942638 -0.34003380717495568231 -0.046409231639424876337 -0.93926737045249553137
-7.0552387837653522951 -1.8865908681320131546 7.3057984316266901814 0.86535372065482485393 -0.0089161528513412770941 -0.50108226906087371955 0.41572153868473354921 -0.54562380991919123829 0.72764707126663119574 -0.27989022923712592039 -0.83798279234569417184 -0.46845095720893481506
6.4785779923168762551 -6.8821854978216396859 -1.3366374948471018147 -0.98470345847929907634 -0.003491825500599047942 0.17420363375597658351 0.14365257076412096815 -0.5820781192562707318 0.8003430526943128287 0.098605465223643731787 0.81312537178334953758 0.57367594684650413672
2.6453150716379587593 0.30144598728481503125 2.3817433578333582211 -0.97457118157652011803 -0.011196940401120635683 -0.2237982139477164012 -0.1530633464626474094 0.76269579704316481372 0.62838422413547179168 0.16365397645703910756 0.64666045935898242014 -0.74501518527575361084
-2.1699871661798093569 4.8175482826553874816 -5.8127148275440498892 -0.98855551163234500756 -0.0024568085368835736182 0.15083754344679520254 0.13746093044902826796 0.39724693843337810506 0.90735845315139818101 -0.062148958328778182436 0.91770846895790991748 -0.39236293528003812758
4.3546781652330945889 -0.62534138557907037459 4.1776581551674958348 0.83916869549326889022 0.0079928779777501263171 -0.54381248092120826332 -0.21866030828764759786 -0.91056307373773637259 -0.35080273420382235283 -0.4979794876133989967 0.41329287756625610051 -0.76236830159018253994
5.9379196676528609444 -2.9325103036540838275 6.5510337232435311705 -0.99408439067500997677 0.0035551900958959437027 -0.1085522217173389703 0.083363575640601525474 0.66562529821290872256 -0.74161545064505296487 0.069618521047156989301 -0.74627764471569491 -0.66198409235025168496
-1.6322675838320250818 6.5998191147035578652 -5.7537994540657644293 0.88055396863591661738 0.0070513769010985731869 0.4738934335938083664 -0.01216083981944483805 0.99989626587745417119 0.0077182549344749964287 -0.47378985034975024115 -0.012559282150926920005 0.88054837580768230421
1.3423135809748232283 -5.0612751137434823789 -6.3256246663308735023 -0.99976957213692640991 0.0011442338185255792726 0.021435796186034989513 0.011895795958184943522 0.86075807327482034559 0.50887525910644038074 -0.017868762343373603696 0.50901299592559867691 -0.86057334220339265496
4.2963094604832265944 -3.4756643469557473303 6.0741273507026978251 0.65896269637760496174 0.0075300747651968272245 -0.75213792801378076547 0.67708062480799646732 -0.44146975898911283709 0.58878372889163355097 -0.3276125643077960059 -0.89724453181516294897 -0.29601057047951756518
-1.1474560407722751432 -4.9970924518745087894 -6.9717072149942111992 0.99936308497241332915 -0.012884594647625688402 -0.033277794628031112656 0.032236502842612591024 -0.073985733194383090927 0.99673813971789448907 -0.015304648934698048685 -0.99717606193913288504 -0.073523256297116423852
5.5981157264181922173 4.6955597322727671283 -0.8647300463723722741 -0.48162418023105285636 0.0090257463344474257727 0.8763313784863570044 0.7520630050179779591 -0.50911646093620688269 0.41857098046473406594 0.44993264551496281456 0.8606503152308681015 0.23841486822975715976
1.2985770080032725815 -0.53342409776810129074 -1.4906583002839979279 0.77839955361848267579 0.0034788921205284213667 -0.62775953376756732371 -0.31246524736332964567 0.86946056805387239574 -0.38262748174913613353 0.5444810410994199712 0.49399009899903950638 0.67787475094901383788
5.1665570689552202666 4.1231559651797384802 -4.7413242791629786055 -0.8650784287280721685 -0.0006609328873856150019 0.5016361981724343222 0.47195965179798166078 -0.33992407899327681253 0.81345295352294144653 0.16998058484418795966 0.94045264829660368822 0.29437292179774621204
5.8579582029203702831 2.0202834199167685192 5.1565975927289855463 -0.43280127820648045534 -0.0073955298429998561974 0.90145901721666610307 -0.72217852129800752525 -0.59567287505874277898 -0.35161343730726812851 0.53957505220189139195 -0.80319308516546239485 0.25246708891215802195
-0.19883921408543062115 -7.0468615142056414413 -1.319328724737538705 -0.97797923694401256434 0.0069364425706852682676 -0.20858690723762457475 0.13508733130662059496 0.78287612352553781481 -0.60733548236064227588 0.1590849616618271456 -0.62213894025225757733 -0.76657361942271751154
-3.2589604150443141073 -5.3883496282884015827 -4.9497608764090781364 0.99838736433932651071 0.0019930478579357857431 -0.056733574608591755273 0.021798444496647060437 0.90930947950135176949 0.41554915269601122585 0.052416586546216337172 -0.41611572699084764526 0.90779964926504042033
1.0760152623800640637 -5.3931125171766725046 -2.9748497980248669315 -0.97568591397675741295 -0.0010613132230098236419 -0.2191708714261696167 0.089573448997376348135 0.91073278686921932401 -0.40316546002386188796 0.20003398336823702275 -0.41299475122063106225 -0.88849408605918123172
-5.8272286492884539655 2.6615724817889470089 1.287350437571703976 0.18602931651398940671 0.013257745894015958085 -0.98245474479547023616 0.85629368793381710478 -0.49252685143577651372 0.15549411763601347913 -0.48182384063259658946 -0.87019626107479841615 -0.1029769576626810984
4.8785347468358022383 7.0480841079125902127 -5.9991228794439130922 -0.97487390690124153814 -0.014219680601107800855 -0.22230309562994179928 -0.17538901628830391721 0.66424113456384803467 0.72665150389899335615 0.13733010816451579617 0.74738311182207550765 -0.65004532576938633959
-1.3183310956578095929 3.8344975764446562749 -6.3300029928982715077 0.94191539621915998381 -0.0021840705307118318812 -0.33584314225714484436 -0.15745399729772374675 -0.88614567724091164447 -0.43583721438427974748 -0.2966540495260350796 0.46340162768728598852 -0.83501814732178381018
-6.670976212871865485 -1.3370003515401722716 5.8270067275928623118 0.78267060175120750642 0.0076711295170437667976 0.62238885186538073224 -0.58471039909527411371 0.35188512350805911666 0.73095185138525986535 -0.21340215168596229911 -0.93601175934150382396 0.27989553056476723647
-7.2359464899031724627 6.0729660174899189329 -5.0412229482525923174 -0.99898103026109386082 -0.0056590751793811726322 -0.044775842220861887533 0.044706658455421578735 0.01181165071449086397 -0.99893032769921019653 0.0061818984321923928921 -0.99991422620922210118 -0.011546616658661107424
3.5008590609907708213 6.0594470145677608031 4.8561110648836249837 0.99532577510914854724 0.0002489757936647398525 0.096574010035985716205 -0.095356002515259594143 0.16087372933900045968 0.982357814644356786 -0.015291637835170261359 -0.98697496483931568267 0.16014551068544580215
-3.7849424253257226702 -6.0715478032122369711 5.826036826909962052 0.93054773257462763958 0.0023314760277111574484 -0.36616318987538631902 -0.36094932221914749482 -0.16242678680363714649 -0.91833170789103824028 -0.061615778739694926358 0.98671784373662585477 -0.1503043334775177875
2.1768838643013688205 0.26722100986858365879 -5.2172044516956033178 0.48700931568077010514 -0.0087804083131260285411 -0.87335263832542631146 0.83893532869859710477 -0.27341398771036229398 0.47056594180391031479 -0.24291858862926823948 -0.96185638000393924862 -0.12578896431811811829
-1.3157876450139440738 7.0592587360581777745 -0.59506448794681510162 0.98509258278172873169 -0.0071041699595958563568 -0.17187825376571561065 0.16731695086579123632 0.27172293555674620347 0.94771920115897723136 0.03997050539256181978 -0.96234930096177428993 0.26886089644477845217
-0.77511481332433096458 -3.2989152906398588883 2.7146222755189084452 -0.99997496495162097041 -0.0022316697099116827516 0.0067148432679065284123 -0.0065995502003026139393 0.63646536230321315575 -0.77127705043346383995 -0.0025525295219389100565 -0.77130205642051119508 -0.63646415637832198797
-4.4418909142128075729 -3.7582466770103102327 7.4597151268289545456 0.99303123564054873729 0.0066955375237976542252 -0.11766110155646206104 -0.10835835214371056234 0.44444807845768019572 -0.88922684005597474322 0.046340398821192139989 0.89577959082165070637 0.44207634194161632424
-0.56188988641046677674 4.6650941990580951924 0.15732866711544621352 -0.95278570401249229604 -0.00041295587199797860467 0.30364326387538975727 -0.29676853826957738658 -0.21032436331858386791 -0.9314999178143109626 0.064248244511407093249 -0.97763157255792954015 0.20027149426500276408
-1.2302294094974022265 -0.0094982565546657456851 1.3685560492920390008 -0.92482638064091959862 -0.0052185626585155662355 -0.38035369365141358244 -0.052470058705807315347 -0.98859758329062363824 0.14114429230847713725 -0.37675331267279976721 0.1504911456386655022 0.91400730657613660224
2.4642125925489062332 -3.8197377609931808529 6.3404520758518732038 0.8244766032018063795 0.0014262619620260979549 -0.56589424502263019345 0.055532542745609411727 0.99496632460335965309 0.0834155237439825753 0.56316468947289377578 -0.10019969402197814734 0.82024725165578615815
-5.8869006471814504522 3.666568354051186418 -6.8925154159253754216 -0.98897224087631552258 0.0034051548808379942038 -0.14806185091454587832 0.14543292483102573942 -0.1665813295284147566 -0.97524352088467436417 -0.02798519521297068019 -0.9860218382838505935 0.16424908911800198408
-3.4227726271318199558 5.9137632432824851492 3.6558651638153114583 0.81558427732234106688 -0.0045969631472139510162 -0.57862004330503202798 -0.3270550347161221838 0.82125538402593400988 -0.46751962362596727329 0.47734399635005170248 0.5705422527196563065 0.66829951893619532477
-1.0635488052082713306 -7.3429340878805851034 7.3333264513806746265 0.7242702504298621502 0.001658530643929468848 -0.68951421567547277469 -0.45910421035014015168 -0.74493665716301238344 -0.4840379126200259341 -0.51444720660252718503 0.6671331397036994737 -0.53877402083615988371
1.2079800983593034225 -1.7440002936856342508 1.7412395553035748819 -0.94516878162898076976 -0.00085276685960664847658 -0.32658114921484682203 0.23461245141240746892 0.69386831476771582139 -0.6808111040542671466 0.22718488478785009432 -0.7201014057409605984 -0.65562259995664173839
1.3366576151290541219 -6.9246803908291765239 -2.1993143914098096658 0.99105703160413471942 -0.0026652828205402834434 0.1334123546585966047 -0.09732945169959199283 -0.69839692030161892866 0.70906185875777150152 0.091284927232964996335 -0.71570569229300795566 -0.69241058923115195167
-6.8714747696051894366 -2.1862932775191046275 -3.8257640753320627525 0.84053073304974168511 -0.0066559069280761468113 -0.54172297874627795 0.24083776912279150628 0.90028006722575404375 0.362619593403273488 0.48528883745946987949 -0.43526026634526432391 0.75831605863147910629
-5.830662642419502717 2.3925516836573970103 -2.5489036387774612891 -0.88621008032098025353 0.0023492016529659005136 0.46327764330811210813 0.26309790966403107104 0.82564023571330891205 0.49909687546778813694 -0.38132818341668334172 0.56419206164465662834 -0.73230876965196145534
1.6100168338029734461 3.9798622305419959488 2.4434789665301659412 -0.47707071146198493095 -0.0086712654705717595593 0.87882213525849561808 0.54429042179743336582 0.78219272594796340758 0.30318719665194515667 -0.69003729827067949998 0.62297620229769035127 -0.36844155352794721869
4.2270065234487841366 -6.8468812662176405937 -1.8723670815063897521 -0.99994406871737151477 -0.0038058916231293385413 0.0098678582259726973364 -0.010146224396436660103 0.60857048446963513122 -0.793434949799200262 -0.0029855598323086391527 -0.79349069346862166618 -0.60857506177226139421
6.3959804918379159488 7.0744173582437079872 -6.9460308360010847295 0.99963401603346124791 -0.0084117876428086747753 -0.025711394697647320384 0.025861193454404456105 0.018212448489014099184 0.9994996275102420169 -0.0079393111642211688928 -0.99979875402438111998 0.018423321892399362187
-6.9398934530738038973 -3.6530712284846860172 -3.9928936768165863569 -0.91275283134264595386 0.014536612937147242591 0.40825354347552927914 -0.36971291321189625467 0.39569883813735662326 -0.84067519964672010602 -0.17376602280183361948 -0.91826527560456727706 -0.35580086135156713256
3.1026411926496484384 3.0218116445987548424 5.7212600993175151132 0.96394493605453934748 0.011030545186931660362 0.26587306619446060552 0.069041115061365274097 -0.975292639377034698 -0.20985135693675321944 0.25698926959278628468 0.22064132579822737235 -0.9408899620381963036
-4.8941323231276152583 2.2284535617298222299 -4.0573577008923704668 -0.90981468437472956534 -0.0032310953362290392027 0.41500216881238094491 0.34242718364459706626 0.55913036183187148076 0.75506083356171749266 -0.2344799863469877732 0.82907345784352415308 -0.50759859879826108031
-6.2446021516822254327 -5.3314999342906741475 7.1965434323721781951 -0.94595549884920149264 0.011088520089324302442 0.32410683257112138378 -0.083981102168629556681 0.9569460984230072631 -0.27785128970656908232 -0.31323372850892183816 -0.29005380438001315824 -0.90429719776694794664
6.9412603517119881857 5.9875615052717847675 -7.335635827071513404 0.95108174520388177875 0.0019617356330877151055 -0.30893310850940236545 -0.047864709704596455908 -0.98696947804353318823 -0.15362362765954837296 -0.30520891780037623375 0.16089562145590696751 -0.93859475573410100502
3.5564170513516493166 0.58009503588267141705 4.0608500071938422593 0.96913060727197963828 -0.0011076898061864472698 0.24654540975643574052 0.1951893344579797851 -0.6074706584979074897 -0.76998735234924742254 0.15062200955550328341 0.7943413448180576264 -0.58850219893402855309
3.1372639414019385384 -2.8309444594972168474 -2.8466831687999802902 -0.8259527300164373198 -0.00021959511420942962046 0.56373933653465813087 0.45666696735326262058 0.58607591583262397261 0.66930583578008373546 -0.33054102424183290365 0.81025611547145781621 -0.48397072084392689373
5.5469398207584026395 -3.9258877624618229163 -7.3358908626804195663 0.50684315414013403345 -0.00061952750579671866937 0.86203806951139760884 0.81816995164436956411 0.31528765287801263639 -0.48082390349164727539 -0.27149207599412605862 0.94899594947934462486 0.1603082672356059557
3.9412471306181973141 2.5705196450373697381 0.11433037428049074025 0.94385652379915863097 -0.0016160196302659056607 0.3303517079751060459 0.28776886696695297418 0.49514292244139990196 -0.81976982474392900979 -0.16224654599127721899 0.86881003380295207528 0.4678089176973537211
3.6306045257645918056 -0.51562694656147911587 -4.1882503904544314821 -0.98927339067049679944 0.0020888029033882104385 0.14606093048363719133 -0.13127911408248174596 -0.45122191699002878185 -0.88270299412294239705 0.064062100473193883676 -0.89240933350695550441 0.44665605196025548462
-6.976551912295560598 -5.7357501158503856331 -5.445399681696932781 0.98225747929227680277 0.0012987063610667860108 0.18753281775766672546 0.050397887850175848712 -0.96501897095743205401 -0.25729057229638396809 0.18063858191035225831 0.26217684690708265016 -0.9479625539393542466
1.9768827905220247576 6.1208344428920646862 7.0895994038354794853 -0.96610597185419033739 -0.0047877925767946093866 0.25810139129810727443 0.14806376262779744057 -0.82929544020186762854 0.53883781888146531358 0.21146246320393388696 0.55878989781730326047 0.80189617579404082193
-0.63360080151819686556 -5.5548656596809413699 -2.5123549512128193761 -0.93763605571145225426 -0.0026886192446516775541 -0.34760811031461630316 0.26679195992152621164 0.63548199609392741483 -0.72455826733379102844 0.22284675710259443937 -0.77211100495136431032 -0.59513353029539461936
-5.7859979332863273882 -5.515713990204669237 -6.2882930199557920403 0.97573981482615812499 0.0033181991376771639152 0.21890820751520204124 -0.017123186952858096554 0.99797888731073070012 0.061195889982281745367 -0.21826270920985491042 -0.063459672522209631396 0.9738245528490887537
-6.6850634680673390875 0.9027690674719025532 4.5224697359719172596 0.97739919109931416852 0.020069013705024313365 -0.21044727588496697779 0.058230814077736677004 0.93141528388269656524 0.35926973326691158395 0.20322399841144866972 -0.36340446287676220205 0.90919591003862476608
5.3110420423892685804 -0.62093243331558090059 -7.3536352483231874899 -0.75920894395953286704 0.0050443710246277015385 0.65082742238843216409 -0.17650639159928890876 -0.96409131229881650516 -0.19842740555316740192 0.62645612227542835093 -0.26552306090226845958 0.73283711081835589685
4.6653726608718857349 1.5580498162748723789 7.2777896394920471579 -0.49946405129365412101 -0.0079717301498114269409 0.86629793546082778377 0.85864330670196475914 -0.13750492793765448085 0.49378544596693441093 0.11518391086093265896 0.9904690032056807647 0.07552364111653697698
-1.5373473096126415438 2.8863362035574482434 -2.9404231542819978529 0.99889951935800802563 -0.0086914631574925779733 0.046089138574931132197 -0.026759282307475422413 0.70143091017560954548 0.71223494653141561361 -0.038518710217078998281 -0.7126844580306539445 0.70042642172095004316
7.1985401186149680086 -1.3332254363829236787 -6.2838796928590925361 0.94953943218287928385 0.0097893653450770532626 -0.31349487245585594408 0.04493224082522749574 -0.99344897055184688828 0.1050725303971232899 -0.31041256492672142375 -0.11385653795794420384 -0.94375882952161826989
4.8662510193318633256 4.7597969097328141075 5.9455140942211821553 -0.99812137904014275325 0.004937724179843764119 0.061068253479259558547 0.043177011004172809183 -0.6504794952941066466 0.75829557029092975462 0.043467901074539190553 0.75950776499121885887 0.64904429470897206933
