1125 14.717824617146108679 14.977075390850430381 15.033177056927090831
4.5121903065821173939 6.898843922782496918 1.6142832428036482106 0.91623538139688132098 -0.0027526830608063605071 -0.40063093816185579854 0.08118374029764355293 0.98050686118636376509 0.17892874413537182554 0.39232884954814206679 -0.19646556416459570737 0.89859855102804109261
0.12487643883680379919 1.4219600353754189292 -3.7133025525560778846 -0.99981796971953207365 0.001634458026667298669 0.019009365397987667418 -0.0062980791402967618853 -0.96874994235040279289 -0.24795943901211439653 0.018010042338040561233 -0.24803402537362562175 0.96858389447276405093
-0.033767722286884259419 7.0572827537605009596 6.245503671404851076 0.71775222646307668128 -0.0013442013387769821079 -0.69629730326200534041 0.54925747036070826645 0.6157102322756780044 0.56499304519962556537 0.42795790991667836956 -0.78797151153693956172 0.44266570269896027279
2.4970833976480126815 1.7751546901768648912 3.9592301492791350803 -0.99497227441911773038 -0.0030436415493843749398 -0.10010449232369503236 -0.097350291695352628163 0.26410928474907474639 0.9595671974469112131 0.023517947276193683359 0.96448795842950296731 -0.26307771513455618928
-4.3946810195329435444 -1.9201196121028185626 -0.38744286030672370202 -0.99611212840742802133 0.0018764002242343711616 -0.088074438754253192574 0.038820481275756532624 -0.88811631701503002123 -0.45797639424455000023 -0.079079693178410487286 -0.4596149329318459098 0.88459059205537504678
-2.113284797492321232 -6.4847187355224935601 -1.8736279958899735298 0.9458144138199168216 -0.0046124599698893278821 -0.32467494486570158685 -0.31966580743580352841 0.16229452558293258613 -0.93352785631827850388 0.056998826013712859673 0.98673158061290766607 0.15202605583985473459
-5.2283752004122376889 -0.63496004385824855731 -0.86289227827785663916 0.98874614825507955995 0.0025426509349024024875 0.14958137998078629982 0.087107202403696890047 -0.82267288731588028572 -0.56180215001799127528 0.12162807899552641189 0.56850932745357418696 -0.81363613181709049105
-3.8125240868256948801 -4.3532837601403349126 -6.3583201583332558116 -0.81384890089869921237 0.0048423287985065767425 0.58105638139335269443 0.57391148355976573381 -0.14985065350030657427 0.80509029970792844733 0.090970190416005930478 0.98869678541865890775 0.11917672154554205532
-3.5326788714315164874 3.7093449399399465172 0.001374634249316181861 0.99392916766327576994 -0.0057811510063468362491 -0.10986986830459923026 -0.0035740298742430219939 -0.99978805627635558562 0.020274832617757948539 -0.10996379394456040623 -0.019759069316696936669 -0.99373917262076616463
-4.104902607449844254 6.1660820091338948146 -3.0964043115591448618 -0.84901937190491760798 -0.0042571814723782975751 -0.52834456800089135697 -0.44611558378045107487 -0.53001843790940295076 0.72115278643598701436 -0.28310244089097474918 0.84797543117833540371 0.4480967262540509477
-0.78729383853187617781 3.0627809379642543242 -4.9479070464885506198 -0.74070290849535080913 -0.0016412090567244430953 0.67183071363208968219 -0.62982153306580856977 0.3497673023712601359 -0.69353274665200415061 -0.23384618413232041712 -0.93683517260231152779 -0.26010732696715432866
6.8862493278880005931 3.8982374200254441554 -1.6017500869222920379 0.99928736479959134886 -0.0087298046136053530225 -0.03672265054824138536 0.033809487113609731912 -0.22557410572151409545 0.97363917413431733117 -0.016783358811512587988 -0.97418689856678597483 -0.22511820345689731449
4.0739599148443037535 4.1901088198050127076 0.059458400330991575955 -0.99914774091737068584 0.0029916973879022881744 0.041168453535190253911 -0.031702979379085616252 -0.69432071974794951075 -0.71896707798573611381 0.026433178360285997099 -0.71965949439687260103 0.69382382432886113843
-4.671592584856213648 5.0526348453376543901 -7.4243639172862607722 0.98887130036854098414 0.0021505054241176026208 0.14875794645663051319 0.042829532796191879807 0.95345015582869274695 -0.2984936037352740601 -0.14247519934374028305 0.30154299142375318166 0.9427473902882491652
-0.61889582313877233855 -2.1626815903717191425 -3.5616171587691565215 0.91335957810991108552 0.0043907145396930736397 -0.40713020362126206564 0.19149045223787000691 0.87781504967472423484 0.43905824814735761041 0.35931279934974758028 -0.47897960310469944734 0.80092000351661940538
-4.7010961418790833122 5.4825186122823650336 4.6477348567740186525 0.90598898853966791656 -0.0010911464357281821375 0.4232998488593612274 -0.42119861801978109028 -0.10187141237746480393 0.90122912709164659795 0.042138780512657375565 -0.99479697664372468413 -0.092753967231774342439
-0.66141169536281818608 -3.1432665704955193853 6.7155267906206672635 -0.98869620441082683993 -0.012952887039767855409 -0.14937214633589260271 -0.10652364822611662398 0.76177519580702546254 0.63902367985996377797 0.1055107944821805227 0.64771195277729753936 -0.75454403349125964695
-5.6364957911492723497 -5.4188520291464037371 3.8977794621192338731 -0.99485825997210552973 -0.0065442804589111187169 -0.1010653994131042871 0.0096677458405908696382 -0.99948963983878391648 -0.030446585120350290465 -0.10081456866753657486 -0.031267111289664147045 0.99441379239034544124
4.4484378714284815715 -6.0952079912954255647 6.351804138286204271 -0.99670512168243141637 -3.3244264064468623948e-05 0.081110414292334689912 0.070229948988179635716 0.49993945518229138125 0.86320814142197965779 -0.040578993050316529423 0.86606035589148144815 -0.49828988076836772114
-4.3227364149229261514 3.6494975880841429294 -4.4259186133315431277 0.88971615995880937167 -0.0045418825545946381328 -0.45649153991162250144 -0.36429722278235504573 0.59556694336535287437 -0.71595219773626050941 0.27512304189417685629 0.80329284029760550379 0.52823093864881720538
-0.93760228965179204241 -4.2059453652218188324 -2.5506267854291375663 0.89373608123733627728 -0.0022653905027905370077 -0.44858743306118520344 -0.40206753076338674902 -0.44751714785539808972 -0.79879290374991207546 -0.19894099074947105277 0.89427248106001600014 -0.4008730619764542813
-4.4050835711357079205 7.2255173445898668305 4.9786555502536078421 -0.99647734635043927476 0.0083893171591549690197 0.083441701610568366765 -0.00088956640852935666558 0.99387037038777381603 -0.11054815935551438877 -0.08385765845567870469 -0.1102329634133035613 -0.99036184644572033964
5.5606226306951516136 -2.8003819776600336056 -1.8287521667937993719 0.98664452007307601455 0.010684287364497533496 -0.16253749417703483582 0.11253720386348603499 0.6766950956004667006 0.72761193320128625395 0.11776234014491707147 -0.73618584175045209683 0.66645512800922346308
2.8709316996553670975 6.7914470335479437679 -4.622594927548689725 -0.81625585397157263134 0.0035002768545730165994 -0.57767995371068714405 -0.50744875217432927617 0.47355593611146479249 0.71988925487903754341 0.27608358294897744623 0.88075679017286012673 -0.38476659391182971293
-6.6214950548760702631 -3.2225783870798960784 -0.91106051676211563528 -0.98339774030838655872 0.0081531898539092644007 0.18127992125852454564 -0.048328997398473197422 -0.97467623486624799245 -0.21833585412703504502 0.17490909743848553903 -0.22347206241967151885 0.95888844239111092893
-1.9990503670899264499 6.1434455916252677099 2.835946922354524169 -0.81890559148059982597 0.002063874383741771696 -0.57392453568758927673 -0.56547781585219492051 -0.17387082301897055503 0.80622811702504104669 -0.098124777812632263396 0.98476630594530611962 0.14355086434430305853
-5.3813251537355482057 -6.7151075921663663237 7.4575417452344243685 0.85980540430691554388 0.0027512470553206240173 -0.51061443121442295912 -0.24234010347689580178 -0.87799124359643143656 -0.41279855912408125462 -0.44945071028039662586 0.47866878612224944556 -0.75423487868217464758
-3.2207130957343079736 -6.4403167264920959667 -4.51912234693943482 -0.9981286652020646688 0.0095050750614403285016 -0.060405473675123229349 0.041741249434251864736 0.82780142587982485924 -0.55946623437609876994 0.044685968687128707622 -0.56094068568739829939 -0.82664908597493436115
-5.7660604200247620454 3.0130418106154266411 4.7821401810029851021 -0.099250806988498876948 -0.0011063560248612738096 0.99506183390211488948 0.32893745974268290277 0.94374453167755423255 0.033858625292305107035 -0.93912162412020916413 0.33067360781438515094 -0.093303484419588508803
0.2508455803219657998 6.251224752271496321 -3.3301014502901344905 -0.75560439887385777435 0.0084413387293807047584 -0.65497384390742474647 -0.5776864171073959886 -0.47993650080460559249 0.66025703986018802194 -0.30877240144164336266 0.87726261689182072345 0.36751857791428804711
-5.6870979674356103573 5.4375899960347657824 2.5031177126164387836 0.9999812590939727297 -0.0026740869148868936719 -0.0055073332842531502046 0.0016664741834607555218 0.98448993902699954983 -0.17543312919292719521 0.0058910376444707424071 0.17542066358836977402 0.98447594509035352139
2.7107986105884118722 6.8564114654343706334 -1.6352226741148281342 0.99771125111690062148 0.0046022594634433939415 0.067461682478038201283 -0.065396298436074612459 -0.18799371104191875403 0.97999065748588765068 0.017192543319720213213 -0.98215944928335507935 -0.18726246991238973405
4.6104305202600395219 -7.1057911762482097728 -6.166043377790991542 0.96751821174526819735 0.012849656750633261376 -0.25247454577183098268 -0.17499917276534274202 -0.68669156221189320277 -0.7055706824397064425 -0.18243848133755155572 0.72683532158833485948 -0.66213791299015001268
6.6153724235255504382 -1.1328523458407038227 -2.3117924170866310796 0.79607269439432359892 0.00089318225290012679893 0.60520035316028897299 -0.21399705181403053111 -0.93498154220897000677 0.28286883452130778815 0.56610381296612022339 -0.35469524659065715388 -0.74412213714636021855
5.6515797307554400675 2.6795146207369375801 -3.9186272841531666344 0.85269349534350369346 0.002083282508476819346 0.52240737258666125609 -0.44055420078439827547 -0.53455757508469814443 0.72122132184980236591 0.28075932606088616073 -0.8451294923581812446 -0.45489596830077616563
1.2320335287852626216 7.1071186396827048526 -4.034599495733813157 -0.99999140854069212825 0.0041323829495047044447 0.00032596895828952004992 0.0030029733025404899832 0.66798546598672881025 0.74416826012790948663 0.0028574457032254987898 0.74416284551270228675 -0.66799213645250665738
2.6153313628027046178 -4.4442616904416114565 1.1687342040113533059 0.94068485538128798762 0.006857021225635933151 0.33921229947660430648 0.27830508811153542581 -0.58744362801954708164 -0.75990542953074491361 0.19405741621363847838 0.80923603797598475662 -0.55450766816459640118
5.3025273007327360375 6.8222325862381074657 -6.2276506203870320988 -0.95049423565412205495 -0.0049118787695833533713 -0.31070336566442324777 -0.24813773466287869507 0.6138739666991032129 0.7493906975974206075 0.18705179128953089429 0.78938876762723930725 -0.5847024892364741655
-4.5932726668344487919 7.3108948531792892211 -3.241480236229901557 -0.58945718217725862065 0.010951977333990519162 -0.80772537695189683404 -0.80184844026513779625 0.11321717156437237362 0.58670346079382906801 0.097873945583694471617 0.99350990244449421951 -0.057954848981396821228
3.1707435272813566662 0.5267233349488950056 -1.9380099753989656897 -0.99522502979003846235 -0.0094685423158075328331 -0.097146728128209652864 -0.06225458312319245846 -0.70498659333061419741 0.706483028886186748 -0.075176505370784185711 0.70915742253081581747 0.70103084319434461058
3.774079070376412659 -1.6951603690829879501 7.2977523864974118695 0.95266655648773657106 -0.012685879898980449709 0.30375236723534621008 0.0053996554568498250637 -0.99826538266203979077 -0.058626525561375431028 0.30396920217487505278 0.057491688352680009322 -0.9509455451809145643
4.7669039317190584626 -7.4666273411811383554 -0.038599642525071031773 0.9654421582536683033 -0.0044956999886361934463 0.26057864023762750127 0.081400715800433565139 -0.94462800095316468152 -0.31788655725333547775 0.24757900261057799729 0.32811237175217911055 -0.91161774279003937593
2.0074459737874748022 -2.6444238823146180017 -3.8551433598743485298 -0.99996237124208386948 -0.0056607757596764170932 -0.0065735620304048104218 0.0086589046919882811659 -0.60512261489042018514 -0.79608519915748221507 0.00052864875308445205548 -0.796112163307409193 0.6051488609958788345
-0.31889808249140105811 3.8930779821175427458 -2.1390402106630883594 -0.053877322899843309301 0.015106009005618547397 -0.99843329400073410618 0.73924030953795727417 0.67278598232696018577 -0.029711727291051169553 0.67128309887213366558 -0.73968292563520510186 -0.047414878385505780656
0.027639978377755568956 -4.5063012311227037543 1.0679605663698479301 0.99870462005507587566 -0.0024339138361731019015 0.050824776872072215117 0.0044013063045082430683 0.99924376018252270004 -0.038633356559532115726 -0.050692310891050994248 0.038807007095055093271 0.99796007225582694655
-5.5095364169589444714 -0.7862686237713498727 -2.1740213435055206759 0.97120831272353302932 0.0039369260289178684142 -0.23819931551175244078 -0.22985223083083117235 0.27833944870024079909 -0.93257444918855736393 0.062628789537469656268 0.96047470133822354654 0.2712304975668798912
6.4462113660220801137 -3.1890427368756113502 1.8963515239749260122 -0.95664281871833989346 0.0074385386073668822299 -0.29116865479989140209 0.18977244260598227776 0.77427776397582070977 -0.60372209189325176659 0.22095460488966056634 -0.63280219054295527847 -0.74211889224170612955
0.44367765573501216636 3.4402352217894600628 1.6401757029391250686 -0.99888613936030534735 0.0020872868020088094533 -0.047139408435689152121 -0.044195148890492107208 0.30860806604951651622 0.95016201270290312486 0.016530862300967730238 0.95118699781008075878 -0.30817207172067673238
-3.944337929217443417 -2.8214272130039699249 1.6928979948709901304 0.9781854546645749604 0.0023544780592808876168 0.20772017888421570597 -0.185564507944725815 -0.43956514430880871958 0.87883348667427330092 0.093375744569204957579 -0.89820762652177454921 -0.42953932297784597205
6.1999331441468354953 1.1408122646027341052 1.9100597265422922799 0.98176711452857923224 -0.0015835982559752829341 0.19008110123527369173 -0.15136674642913455768 -0.61139443708507212882 0.77671420122004775077 0.11498452463582534144 -0.79132441799675767857 -0.60048665645149890135
-6.9712526155701892705 -1.6559004966242290013 -5.8440563505869134175 -0.99291953104074237579 0.0077163484993188159386 -0.11853802277517627717 -0.10733204844595434224 0.3692940071434742122 0.92309358553959952598 0.05089829323307144826 0.92928057886396975285 -0.36585102089814602877
-4.3064245594210319723 -5.1704984131750686416 -7.0253118727410308608 -0.99994869407280106977 0.0035693965900083302403 -0.0094799066604517034929 -0.0091887938425988732738 -0.71350279596489663003 0.70059212543254678618 -0.0042632487642267728745 0.70064328981180268308 0.71349898749174223145
-2.2117502837247635661 -3.0563767073710521593 -3.5589031462537450423 -0.99186473067539349113 0.0064303902374548225357 -0.12713381188211728134 0.096890363909723040137 0.68589555445260386168 -0.72122087169169701859 0.082562784738172786958 -0.72767158695637801369 -0.68093865223875060799
-3.0298783768952963769 -2.1146175703047034311 4.3855945464787975396 -0.83152950554094173796 -0.00016158346160223096806 0.55548056249115262961 0.047597530304711560545 0.99630132702052320859 0.071541183148189801955 -0.55343758141613907942 0.085928107555975782872 -0.82844625885339140403
-6.0924595425393093251 -1.5692846566701432742 -1.2572798161114111526 -0.98759584105537445708 0.0071497854058098723323 0.15685450359743446924 0.15297280044740549365 0.26908614991934132199 0.95089009156944614976 -0.035408714371282783151 0.96308957241275350292 -0.2668420852420744227
-2.2223391613903076269 -3.8596362791212008858 2.9479267441704162245 -0.94528639524416613327 -0.0053532849058270191162 -0.32619775184219457209 -0.22677190524402326965 -0.70803049777888937832 0.66878047011473817918 -0.2345381290072094671 0.70616156547607833449 0.66807762235100098813
-6.7629414494219339815 7.1144787250761956088 2.6741259325536641533 0.92632134416642097907 0.0065283721016857285818 -0.37667777701818927483 -0.27670523348138198472 -0.66673444524779390541 -0.69202557270956055469 -0.25566184913995759764 0.74526677094700255477 -0.6158039127973874427
-5.3403729860222650672 -2.6739442005408093905 -3.3218570502855264692 -0.88199493562080955034 -0.011543148196668361755 -0.47111748987805768252 0.37312331495659678549 0.59354570943337003897 -0.71307957665965993055 0.28786094798550915241 -0.80471749486570376408 -0.51919729205945353012
1.1669858085250197632 2.3530607930572013942 6.3392918275652929694 0.90380921307914152685 -0.00069656187917080739092 -0.42793506651688600906 0.12573928782910526181 -0.95542490878810049093 0.26711958962887694113 -0.40904588721746520941 -0.29523339660142033924 -0.86343424977347826843
5.2978805577072014543 -0.14468281565511945108 -3.6051289912011577066 0.90981206892216548443 0.0060645041116634216399 -0.41497616923544194956 -0.25375388704375323456 -0.78308922932290658814 -0.56778536765972997813 -0.32840670525068504926 0.62187979602829246417 -0.71092514038969589762
0.57612397984733987322 -2.1408309910560960887 -6.8992681611453026136 0.81123971161308316979 0.001437013083645454067 0.58471195070325510112 -0.38847657744170122074 0.74871049773677822436 0.53713921785494345151 -0.43700809955994962541 -0.66289556158721896217 0.60794193419020725599
6.5571150458690965479 2.7802156976624226026 2.9401370858581183931 -0.85649958645105184196 0.0021141833928494087672 0.51614337992233838559 -0.48141768170605792054 0.35734428036516324712 -0.80033872893359003786 -0.18613294751296108331 -0.93397033974256815636 -0.30504742308575133469
-0.23713549646829790163 -1.111675026876005834 4.2706850033930061628 0.98898929624011089334 0.0083057717324419300109 0.14775380224728271172 0.092641688512235087494 0.74383613872863096894 -0.66191035365148243041 -0.11540229405083740621 0.6683104165560481702 0.7348765186414474293
-3.6277675502925226247 4.2323117818794173672 -3.8564323504532804776 -0.89329560499801996531 0.00025651787662996604344 0.44946957215127614216 -0.21661231881357029261 0.87596460262941588937 -0.43100477755875932218 -0.39382999559383397026 -0.48237531978612091521 -0.78243976473058785004
-0.3118312422571870024 6.1433542677549946021 -5.7807292905929985594 -0.76499263285697183257 -0.0067863986567983447876 0.64400327364683618292 -0.32802518544659214905 -0.85642084240090177172 -0.39867633289934162333 0.55424340265570748443 -0.51623375082859079832 0.65292952538389037453
-4.900819037099455322 -1.0984897501089720961 -5.4536559685367587136 0.93211668172197570392 0.0020761293170227144121 -0.36215215219957658244 -0.084639562042733110236 -0.97104181769994357687 -0.22341426278427717333 -0.35212872105659309696 0.2389005608308631956 -0.90494855425151932149
-3.8949191637965832058 -0.91536552609487920051 5.2127305906685590386 0.91177587939368065495 -0.0063647047487627797513 -0.41063881488412801168 -0.29754533712676300983 0.67894993059608899078 -0.67118832237874481716 0.28307511036837595952 0.73415698748766000659 0.61715638181334619983
-4.4752179721673632784 5.0845601731661558276 -2.8087037063151427674 0.95875528507132445899 0.0029111082480871479719 0.28421792483353669478 -0.18371559904253859097 0.76934289124296861839 0.61184973184797508683 -0.21687987923350038333 -0.63882943039807582597 0.73814637900685353689
-1.6614856673455136171 -5.8072943190712003059 -3.4981861356650458816 0.99057200127511624288 0.0081990941897640105818 0.13674752335699930095 -0.085834595780511432905 0.81512130870201637833 0.57289586686162563556 -0.10676859302715382971 -0.57923227375055286181 0.8081401119784309417
-2.5537072137314926756 -7.1067625343620060008 -5.2746827350397849088 0.79328560810907799983 0.0013261506000692439757 0.60884824487839894758 0.14167561737053296911 -0.97294977944710836493 -0.18247396010543778799 0.59213677761948602107 0.23101291738439616585 -0.77201494065326847771
-0.6704774588346420483 -1.2824044034202346509 -5.4646870610417153102 0.99503310785157861318 0.00042927650547112863183 0.099543608538223596338 0.073196246434102468781 0.67456771881624011389 -0.73457518487836970245 -0.06746424080273792645 0.73821284766164241287 0.67118579228118635527
2.5468865948207164429 -6.9481328783635873947 6.7798972594275710435 0.93816312286731939896 -0.0055717688569815303906 -0.34614868233694218169 -0.30648554658324100863 0.45159048946965357763 -0.83793355318673656829 0.16098622496173833896 0.89220792711812224596 0.42195787723449051931
-0.66850184755117225688 -2.766812414831207434 -5.7445214029386750809 0.91662456364855771085 -0.00055784446961356683181 0.3997487937761585175 -0.39800523904637391537 -0.094580264173275335748 0.91249460454322606218 0.037299316449597143264 -0.99551708294656049425 -0.086916618399077077983
1.1246230269725026041 -4.6188501192522295469 4.5830798073273477655 0.7350801417072861943 0.0033571057081415254381 0.67797191321532057628 0.25267066831587708942 -0.92930445708293563101 -0.26935248173833670204 0.62913807597406190553 0.36929927685688784811 -0.6839614941446312546
0.76740055516093919064 -6.7171807069397626577 -2.9501206405493367591 -0.9424924343171305896 -0.012152075904660376154 -0.33400649440725288519 0.037840575844447332798 0.98903349101554971501 -0.14276149505195717682 0.33207845770958183129 -0.14719062708237368176 -0.93169674101848598546
3.1989130538082903854 0.48114772858048659998 -6.5564637584919296387 -0.91539976843732073775 -0.013467496220410471799 -0.40232063145011986993 0.15808768507859141672 0.90711623957089493331 -0.39006206138630061808 0.37020473764035183306 -0.42066465795456275956 -0.82824495034770917457
4.6100872492752120735 -2.8443038013939139219 -7.3021548369108000287 -0.56674870109275865548 0.0042163312759967517401 0.8238799259359772531 -0.71556027284085943485 0.49313986073444476821 -0.49475910672458434103 -0.40837410023368436729 -0.86993982568073535688 -0.2764693363700065909
-0.16807693414715338398 -5.8337109980055199543 -5.1705351702805417702 0.81895771496148228596 -0.0097195726469123163577 0.57377154949745667878 0.50428938353237406922 0.48935430254547301887 -0.71149461293579729926 -0.27386215284638554257 0.87203090340188460505 0.40566195871751697943
7.1029349274217645771 -0.42047591172512621682 -6.3042697694315048551 0.99519170915759913587 0.0078265619284233998998 -0.097633021834020727869 -0.034071965800338707697 0.96221007381730416785 -0.27016823460770739151 0.091828988726711163748 0.27219573614020009522 0.95785015428116437874
-0.44344167599975214955 2.0492290553312115797 -0.69969148781012646676 0.84965285363901865701 -0.013464567005674313652 0.52717049778831126527 -0.16533632866767661307 0.9424678665096986041 0.29054813546009089498 -0.50075335917571228705 -0.33402548709941465299 0.79854433016723502803
-2.4298937719841635641 -0.97462640775104358859 2.5043903840397971905 -0.78417049562658458495 -0.00018957511873556780538 -0.62054540353623721671 -0.44493508122311914432 -0.69689472631252613599 0.56246823371171428274 -0.43256144914407562707 0.71717341312900717565 0.5463999343111823892
1.3286870637287329089 -0.49698305848299628718 -2.7127444431511311684 0.76305193539907001377 -0.0019883368299708648747 -0.64633411669227902596 0.29989847573863809282 -0.88474342583167564502 0.35677720596646250728 -0.57254925389288036097 -0.46607415393283080363 -0.67450888422791821508
3.5692774748698399279 7.2434588200440739314 -7.0701978552594253458 -0.89116690408501220144 -0.0001810555470831680001 0.45367556280078902287 -0.33421480615427401339 -0.67597689225809065583 -0.6567767539129399923 0.30679311010995075071 -0.73692279673791505346 0.60234772286202331593
3.2678595262772578423 2.3392576618536629063 2.345128209596887725 -0.70747679649256611789 -0.004005639678109039481 0.7067252204890832612 0.30241599470346686163 -0.90552510646832751195 0.2976051876278550945 0.63876533137930147088 0.42427377529878057549 0.64184937097549843443
3.5638017570762254849 2.9630090290304487155 -1.4551795745459352727 -0.95407821827103178602 -0.00035331654486937661731 -0.29955738780423407652 0.12504277759142434778 -0.90918055353203286462 -0.39718386781353104409 -0.27221142002664616699 -0.41640196474860585729 0.86747354228273498844
0.22578465002941933149 -0.30304083469851722521 -1.0798740455498030411 0.99995494097505288611 -0.0026334532715936781119 0.0091203587295024361736 0.0001947810282371034013 0.96624071709055958657 0.25764091037079056568 -0.0094909472572643586996 -0.25762752484976331191 0.96619769217284978691
-6.9994412043857554551 -3.017654845735060043 -4.7180074833885710106 -0.71939694448089586132 -0.0018468837387670663033 -0.6945967357338835857 0.51973541727275751612 -0.66484323810938217303 -0.53652452392467153697 -0.46080704454678622639 -0.74698062743332405145 0.47924608494524123525
-2.4614243098518535646 -5.9777672956347780442 -7.3916422305176316954 0.97291780485844092663 0.0071570331747377782111 0.23104051996456370643 -0.19277761248281991002 0.57664004070639518496 0.79392887312376336784 -0.12754503955385948499 -0.81696697627893077875 0.56240307836547598352
-4.6550706663267495955 -5.1080420121626932684 5.3439286799704008857 -0.88252832519980484172 0.0049737638434164781198 0.47023293897093987326 0.36931007083254263623 0.62636946522583358821 0.68649207177813542646 -0.29112510506944005995 0.77951045836855581417 -0.55462565617934422857
1.8833174266426917498 -3.9453428624897388666 -2.6179491712321563135 0.96475995867921648941 -0.0015888571003514883467 0.2631267710866458942 0.072811559975263284716 -0.95932351404947724394 -0.27275790020743972963 0.25285707200573226405 0.28230457120767610268 -0.9254012266104110207
-1.5825913543384988458 -3.7485489384856207629 -5.7114005895558621617 0.97655014341371171316 -0.00089093322816625889274 0.21528823385568651716 0.073481814361765707133 -0.93856144551794606912 -0.3371985111851330541 0.20236165732872407608 0.34511102449119895885 -0.91648684683293235587
-3.5279762712529056934 1.6302725698063387227 -5.9725566838542683001 0.82646297811130475797 0.0074089837592193844712 -0.5629423174455705503 -0.46380272909863207165 -0.55784379333859812622 -0.68825673314131696756 -0.31913316075266928706 0.8299128925335210738 -0.45760093587616890165
0.15870973695653889379 -3.8458093183131065729 3.2868543089733628371 0.81025098921724625356 0.0016192029584273437068 0.58608080727328415449 0.57467271278241183197 0.19416763980978865578 -0.7950158494232132389 -0.11508521910146359002 0.98096702586401463009 0.15639401047320344862
-6.0451993272564505943 4.388694583810075045 -0.050097869880765713568 -0.95459733037835514669 -0.0027878832000296032388 -0.29788616037274900927 -0.29789573509693423325 0.013760400462706654998 0.95449923121504398615 0.0014380004879239688485 0.99990143468555081618 -0.013966140061847103979
0.74231548756895371355 3.6321998782187714383 0.47634531977150129656 -0.99962669017273664274 0.0062892476660302235741 -0.026588073607307114582 0.018177009283899266123 0.8796205464127435647 -0.47532861334238241113 0.020397956462431168084 -0.47563446016066340816 -0.87940649513173174689
-1.7452954578184340928 -5.6446328708225799176 -4.7328217190230494893 -0.90652599331542060845 -0.0045357377111865243569 -0.42212563358199212127 0.34025148648899705695 -0.59973638122518013738 -0.72425492678830338811 -0.24987906952286056961 -0.80018479123161867506 0.54521991021604021554
3.1356567931055474574 6.0130994362087735183 -2.353546905520836674 -0.98682879252569621897 0.0068075956058191635506 0.16162484612320696109 0.057313257777919540681 0.9490193378893474474 0.30996368625180509282 -0.15127499702582508645 0.31514433669988217712 -0.9369097727747502935
1.3726561410042619205 -1.8878544179662146707 3.7953800491975040465 -0.68748462735889803721 -0.00096527252338849539592 0.72619828930823249191 0.66049562446385712278 -0.41648136871683161253 0.6247309817641113483 0.30184502183962474975 0.90914373877885745756 0.28696209685232898501
2.078124845339407667 -1.486472782355179767 -3.3359520283105488225 0.26948895159344371519 0.00072373186875733064131 -0.96300320933071670293 0.96214285390010412247 -0.042470327845805615208 0.26921626983065771732 -0.040704221622760133892 -0.99909746644899766199 -0.012141617570667569137
2.2688115507967339113 -3.5199118000669020745 5.5791410012792237438 -0.38637101220506281374 0.0014430978728645347305 0.92234232169848540117 -0.44142124664432458303 0.87774994977934672757 -0.18628555680258085392 -0.80985475484100388766 -0.47911683661800380518 -0.33850012249709399148
3.7390042959748175377 1.0242947841564624678 7.2128374731159583533 0.99956114248186711535 0.00047066858554649501287 0.029619265881477927632 0.029137520390318163294 0.1646583014781545784 -0.98592020400226776378 -0.0053410996789036158106 0.98635055747209976484 0.1645723258291582336
5.5458484470664428656 -3.8423017451451118021 -1.8014954001540763873 -0.9977704034841325953 -0.0033474442089118016871 -0.066655956585417605598 -0.063231968082061995595 0.36695115068131312075 0.92808866560590896899 0.021352754939735665851 0.93023418966993098866 -0.36634466315963953864
3.6063724718334082553 5.4778554911685661821 -3.2680329922351138983 -0.93293942726870071613 -0.0039121176532335381199 -0.36001211143932349001 0.033458253937797229061 -0.99655584178739176071 -0.075874893363530593327 -0.35847534125929808591 -0.082832056203878637324 0.92985712890427474342
3.899644648183623552 5.8962709079324984174 6.5545215827528195973 0.85592278363992824186 -0.0051227535820058791097 0.51707827825369157004 0.50832424789974051116 0.19181427848958038096 -0.8395318585763557051 -0.094882282030169518006 0.98141787224564769332 0.16678223104845571467
-5.0022261936252867542 -4.3748665223691949322 4.1300797242211890747 0.93694129458458719206 -0.0038147885513666423933 0.34946596098963678134 -0.27661422538314800468 0.60305505205813225711 0.74820396584271264828 -0.21360145322022300318 -0.79769044846702619189 0.5639719564010320374
6.817865700199301493 -3.8558203604550307375 0.20019291782200576701 0.99995137708726089532 -0.0091613786001475232268 -0.0036486440449342081964 -0.0088050228479197804182 -0.66288937227917232864 -0.74866558067808375299 0.0044401614688814169604 0.74866130477114789521 -0.66293780681492975315
-3.4336296870964262418 6.1839377902816714538 4.705950936755535885 -0.55284406645086736631 0.0040899899039421681174 -0.83327469070685367125 -0.71948684101874371688 0.50211182894093142615 0.47981496104072157705 0.4203595173074219371 0.86479302912333189113 -0.2746468514089438484
-1.6345576787330020618 -2.9540756474422229516 0.86666457771074145722 0.47422462616080363063 0.0064931701206595165976 0.88037994223191806675 0.81899712199630481102 0.36365874506346018702 -0.4438423496024267445 -0.32303980885386851529 0.93150961126574105542 0.16713804478643695672
-5.0860213007096621851 -5.7416924925917358635 7.1447006799542789324 0.99300676944190846562 0.00023865370221696807947 -0.11805718481685605059 -0.023704191977385474094 0.98003632538060914126 -0.19740038555467709358 0.11565321925986067619 0.19881836931955665371 0.97318836249510154435
2.556673331468636956 1.4089251093855825747 -4.7090643940005367796 -0.99486451675464127042 -0.01259336056274473585 -0.10042908230384936519 -0.073688247827158243064 0.77033291496121925057 0.63336975161400732581 0.069387574066413854057 0.63751753497221896883 -0.76730486585718049586
4.3806126468282133857 -3.5781636199300130841 2.6435079858785641704 -0.9684195998107739678 -0.0020464508265784649675 -0.24931765028027622066 -0.018069873359010064917 -0.99676055913631944616 0.078370067161863538052 -0.24867038098467253437 0.080400247444794126217 0.9652454826788399167
-7.1054917660359038223 -2.6055822155119017225 5.8756164947247873087 0.95545552237682263019 0.0093913513460159268875 -0.29498567300741851405 0.29511968929908527493 -0.040625183289192928759 0.95459623059735410067 -0.0030188984385261575551 -0.99913032032995519049 -0.041587128412571908176
-5.3821529363969418114 -3.4033436061551700647 -6.1677354377973978572 -0.89147505294043594137 0.017205965900045729067 -0.45274295656831425871 -0.14789153225459994445 -0.95559359982658231836 0.25489010702219089266 -0.42825264117359906901 0.2941850212159483613 0.85443247165584756964
-2.4025452421415072202 5.742365729232408178 -1.8950151808868866965 0.97443156785124074304 0.0075293403820832875695 -0.22455829668115506736 -0.13157057893046478214 -0.79103842048741301873 -0.59745075116936230408 -0.18213265038107512295 0.61172013727386220783 -0.76982216863317476374
-4.8033393453790447225 -4.2237192068021309765 -7.0240265250715090417 0.89602892863993588435 -0.0081445239210950603342 -0.44392096793311419667 -0.14576533597716095914 0.93901719906168479302 -0.31144689225256311227 0.41938601057738517097 0.34377371423134850392 0.84019938558393769679
-2.2183244105755903774 -2.1033101418885054024 2.7576588666700154739 -0.91833528017820897915 -0.0040069236127971922384 -0.39578309431187896905 0.088078844459505950537 0.97280663832570923866 -0.21421802349022098233 0.38587877674036402675 -0.23158408622476106542 -0.89300973156452012613
-4.1549793948200592908 4.7677973751092057597 4.0728968511661385321 -0.91860119255428340779 -0.0074403145490233215525 -0.39511579411265995709 -0.25671320117526080784 0.77137512454805534645 0.58230468791754252944 0.3004499648530360445 0.63633722109251789067 -0.7104961362822395099
-1.003535402684410327 -3.1500505885033245335 -7.0985030709269967275 0.94245481091043759037 0.0033418672779012030191 -0.33431685765870183813 0.29090511388487616529 -0.50103951292973747389 0.81506663604811679935 -0.16478211100522238697 -0.8654179559070371841 -0.473179265697934337
-2.3876872538609172913 -0.52797317535779941799 -2.7671320688639928775 -0.70666246986908387573 0.0048915368419954361953 0.70753390487371725648 0.28390311603254059225 -0.91398745629675115509 0.28987230022750098968 0.64809503499528386961 0.40571295591771133759 0.64449191074430356441
6.5895687551298047779 0.83722950510912841349 -3.5483792832025864428 0.26868324925247910606 0.0088686097849572011892 -0.96318775912674103878 -0.56997226254487165509 0.80756511317708279396 -0.15155925543737996941 0.77649271181423562549 0.5897117395302539089 0.22203408017622336401
-4.7387866614462286208 5.8932929314963820033 -1.9566901991775986769 -0.59473165684529516462 5.2468351547310318472e-05 -0.80392428349517519592 -0.73934711011610088072 0.39265039987073230288 0.54698401644310190584 0.31568989072988168365 0.91968780612133960162 -0.23348283055198837399
-7.1621635065403905784 5.6946065712723754615 5.3139576365893654852 -0.99107499649476316073 -0.0060874558852048177293 0.13316641544901064442 -0.091855538181846663193 -0.69276239939546147006 -0.7152921208073395043 0.096606994715853350408 -0.72114020888078955718 0.68602032601619433727
4.4135968119666175724 -3.923466526330174009 -6.5740437076207527411 -0.87963724704474399729 0.0053345826910246836941 -0.47561523928389426441 -0.46141210925652809127 -0.25235518765460573931 0.85053849101332779092 -0.11548670504864405606 0.96761996749310619226 0.22444246359734204566
2.6867525953020261476 -0.16257238983049976389 5.8350669054413177861 0.99983185975543498181 0.0021405689770430582491 -0.018211814363865114902 0.013632869102489834912 0.57744189323902794797 0.8163179557088817706 0.012263649456934672122 -0.81642897908953004915 0.57731561992115199011
-5.8174532329390062912 3.4174469171347543472 -2.9124918970531399331 -0.90824681854038502582 0.00091829500889765384303 0.41843383389190985655 -0.35838497975222582959 0.51445629192557751352 -0.77903461411294339101 -0.21598130219817088249 -0.85751611088788948223 -0.46692418728135670625
3.4728031872652476153 6.0011752761825682967 7.4112429491438351903 -0.83590360820208609027 0.00057101375136681337477 -0.54887597117941067104 0.12813688870708159206 -0.9721645121427854308 -0.19615580308192520631 -0.53370974840950780038 -0.23429860279889261343 0.81256265554062978573
-3.448147532375218649 6.526190676785314615 -5.4948022682326698174 0.97950220078853866834 0.0032519500136448022815 0.20140720809231557609 0.1986759706157951999 0.14927958689088999256 -0.96862968343815203376 -0.033215920133120267754 0.98878967923362459658 0.14557359956704751802
0.38496756978088392254 3.9642528170399859988 -5.9371966908609667968 0.9325733117246960413 0.0028885595780520027104 -0.36096907690603968755 -0.34898361459864501999 -0.24844224079215884715 -0.9035966410582000341 -0.092290059055455550552 0.96864240523207589817 -0.23068254330538115471
4.2207647451421399509 -6.2580147884619661269 -5.4302770854699291547 -0.98986835272749318371 0.0027062620869676146107 0.14196239084422565546 0.061706002611610147324 -0.89226781072856087285 0.44727007856476935777 0.12787890174060287385 0.45149842755329566701 0.88306067538216792556
5.129255836653586087 6.51042196814498908 -1.8847641018262772938 0.98282986896889257267 0.0046952331120783596594 0.18445433973927047311 0.12020361144675607845 0.74214428061818016324 -0.65937315576304722509 -0.13998764394688320567 0.67022371006375913716 0.7288371820992890493
-4.6098481378423761257 0.95668230174737645122 -1.1298942645392133777 0.98174482167222754114 0.006349754240846916184 -0.19009677993225618242 -0.16039414067739860004 -0.50953731288312420489 -0.8453670483382530465 -0.10222927543472058731 0.86042513178131008189 -0.49921715499685054285
7.1136933785804554731 -2.7847451250197501338 0.49256135052696886634 0.92811938128757531796 -0.0012089980550964679433 -0.37228074406559269471 0.055424883316586875948 -0.98840155127869289142 0.14138760815303041962 -0.36813380228886832812 -0.15185819620153082066 -0.91728762766039528831
-5.1551803759447585307 -6.8302418883744140388 -5.3485535645275987804 0.98160384722528082335 0.0040648066337020689193 -0.19088573665808286628 -0.089732640558929502306 0.89229910739409856735 -0.44243683861329219376 0.16852875223769481217 0.45142638413233515671 0.87624898252628502515
-1.307206893905526579 5.6857602491903200814 -3.0120233152065436499 -0.99991849521540354662 0.0034713726034164386902 -0.01228627276765114143 0.0085551695951546161828 0.89649787091817045859 -0.44296543489580131325 0.0094769193027561798165 -0.44303444224063942558 -0.89645450023363626446
-4.1253446164033276133 -5.1508469420317064547 -2.785825011899282444 0.95208605968696757849 0.0023082761459104622626 -0.30582152771031001492 0.29042105928294820183 -0.32023299878175737199 0.90172414563223202144 -0.095852716575111157615 -0.94733600076874990847 -0.30555974599522101043
-2.7103362575705274296 -6.7905035490407108512 6.7326955062751405734 0.99997365738665089374 -0.00070503702949499416717 0.0072240885659342760419 0.0072550335676406290872 0.12744521013963308609 -0.99181907770546817726 -0.00022140630904110092467 0.99184536160389957793 0.12744696796705126673
5.8343892168422533118 -0.80576867207148206163 2.1451775727316002573 0.95603364150462055715 0.0025580968622320133729 0.29324585666635449854 0.28042453357106467138 0.28459271313378114998 -0.91671646030968456653 -0.08580068346459059081 0.95864510835432625857 0.27136285476353144697
1.7338666976845229506 -1.1287909285274473348 6.6926581871299255511 -0.87372795170244899055 0.0036831581058122363215 -0.48640096706335694821 0.31690969087007092586 -0.75429815864830729311 -0.5749804654876977672 -0.3690090977827625851 -0.65652168449039594034 0.65788415663192967298
4.3813304976954690062 7.2314750929350655184 2.7414919796865415691 -0.85056148539894127492 0.00868054432049749497 0.52580396318991040605 -0.3896351688565141691 -0.68189730727550879053 -0.61903190347550385297 0.35317077278008318642 -0.73139641131241595051 0.58337783191789627235
-0.61595070810556884489 6.3913662935906314644 -0.00085554066612500249966 0.9945941411845372615 -0.010924499479925539255 0.10326252772688984671 0.096883674745104300663 0.45545645813111335087 -0.88497060307931285639 -0.037363724243048457296 0.89019103009285172057 0.45405273047624794547
-4.6182463455838318467 -6.9808340083274833532 -1.9991106600453003583 0.88091902971467972439 -0.012969784928900386992 0.47308925982899813212 0.4270112631253787927 -0.40924250936442324589 -0.80633860734390883085 0.20406627416288697363 0.91233346601350306937 -0.35497127002230982606
