1125 14.717824617146108679 14.977075390850430381 15.033177056927090831
7.0856123759218325731 3.5830413169946950802 1.816625959588814565 0.99593806879444291003 0.01293541008447640292 -0.089106892504988516324 -0.074382836730071622 0.67587400140819442473 -0.73325406771492507296 0.050740089928408220465 0.73690366357243364259 0.67409082020712807193
3.00925527094547407 6.3223064474416323932 7.133086857755471577 -0.96896875972212526129 -0.007436963831907117406 -0.24707131410084548495 0.063593968870840289487 0.95840047502381175981 -0.27825228947370433952 0.2388626170120070058 -0.28533002127898837719 -0.92818717355460078622
0.70780347250710773377 4.4792326124032966206 -5.684269873058696021 0.9951638858377429564 0.0035444921141159968156 -0.098164539931181599153 0.034786676879080297153 0.92186620404974706222 0.38594376396394447504 0.091862546426527733057 -0.38749211399280131252 0.91728465274281856257
0.82582199664069400047 2.3485646874195924561 -7.0553296430681218254 -0.99768678598884574793 -0.0019615908315262155399 -0.067950196649231520141 -0.05860358232107509141 0.53136329993220199341 0.84511458609128931041 0.034448471698913775418 0.84714178013284313629 -0.53024909915146167805
-3.1069775379677144755 -1.0347114875842045034 -4.7656240861858059077 -0.99895381403552607757 -0.016851210572142699684 -0.042512517288200678267 0.02359279154315153948 0.606454310545920805 -0.7947682362849692872 0.039174706267293982198 -0.79493974986943904959 -0.60542227945984028459
-0.086411916372177613455 -4.4321695626013273284 -0.8476877959812915142 -0.9601088556376726757 -0.0069491471922095652408 0.27954014860022047273 0.1570387783510608648 -0.84055196210045679539 0.51847007734583860916 0.23136509550951758762 0.54168635607913506735 0.80811266802198822301
-2.8834324784696874211 2.7539479776832278546 -3.9165901072132265348 0.85604422481837039172 0.0042942099018832514609 0.51688475012944234965 0.42041669557636285326 -0.58755507829138919895 -0.69139629161187565742 0.30072925902837077672 0.80917278113853552401 -0.50477848907109557075
-6.2990288858527474503 -2.8401680078333351176 3.7155172021202926835 -0.94909361998128860538 0.010637914629305472367 -0.31481444579835249353 -0.19590333271698037731 0.76269421809732185213 0.61637603288198627993 0.24666411320122622053 0.6466717594369079114 -0.72178421346359533661
-1.7732461530786804982 4.9084015170556680729 1.6005287855615657477 0.66636946524317730578 0.016273099328164120081 -0.74544411060109783129 0.68035071229875498933 -0.4223365991009906395 0.59896135545998463456 -0.30508137285996167476 -0.90629298976547290057 -0.29250362841474164544
-2.0491512770029225443 -7.4845269394322091472 -3.6207085946405075383 -0.98002172897430905874 0.0011662183933459882752 -0.19888702992618592647 -0.036297458798734034968 -0.9842377264342246912 0.17308550588780433066 -0.19555026265127259388 0.17684665051491982313 0.96461668914589160373
3.7478232227955117217 -7.2929453416682905598 5.3016222268977442056 -0.99425497780973925988 -0.0019145394014400440082 -0.10702043561599898502 -0.0064293745501433977041 -0.99696647220535217215 0.077566206826303621402 -0.10684428970914647272 0.07780866171192483971 0.99122656840863221372
4.6790411637739479644 -0.65830204204875319984 2.6250357672101682915 0.88345498034061242798 -0.002138170336224235954 -0.46851118016429932345 0.43470251115407299025 -0.36926255840164001754 0.82138839154134801745 -0.17475990532058405247 -0.92932265182235396228 -0.32529737825879556645
-2.5946127781920780286 6.9990639798813010231 -1.63659957483836771 -0.97372206562126384366 -0.013724618383327134852 0.22732569976243616194 0.1039674059023594499 0.86130777262472046907 0.49733258421936116234 -0.20262309205071332707 0.50789817450608232274 -0.83724747052544479242
0.9734835816211274695 -5.8812592367237153113 6.7160541146918113498 0.8905199813587186819 0.0076291885575578812298 0.45488015815480048465 -0.44408667219048891805 -0.20255902510474324552 0.87278684048942745122 0.098798736751961796498 -0.97924033660318032801 -0.17699483830232684567
1.9000459949940156079 -3.4508147644285465105 -5.325224525690877897 0.95750778909432454622 0.00058494333278462287001 -0.28840681625968028756 -0.27951816683462998858 -0.24447818928084710799 -0.92849340836397664667 -0.071052292244234316332 0.96965461521474927142 -0.23392626821196052522
6.2863997564267632967 5.6588199074059799543 5.7442367245709080592 0.83674840822331653101 0.0072526087457067383441 -0.54753949720743866347 -0.54645516119431225555 -0.053212077352090839111 -0.83579616631560937901 -0.035197416664198177827 0.99855689597041896732 -0.04056189554135594677
-3.7082256911085269557 -2.1177430212495838013 -7.1150627372149539696 -0.99450591785015873825 0.010278973120779900247 0.10417447898886644797 -0.016795993132651849955 -0.99794251682280921134 -0.061875905909209723277 0.10332412097716686672 -0.063285668432771807757 0.9926323842165321043
3.4924088646873214792 0.27634096864165735852 4.3910226096326780976 -0.64232691756561610674 -4.7350301796089677708e-05 -0.76643077230017442325 0.36413521210782862081 -0.87994787810779384607 -0.30511846734822828386 -0.67440468435056522001 -0.47507023646155427388 0.56523145007556097053
6.5435034149935296099 -4.501240453064337288 4.5677045574467642908 -0.89773775121914634045 -0.018410460048574817798 0.44014541346772506625 -0.41362224161974164849 0.37906388220554154689 -0.82778452174753724968 -0.15160333529758451832 -0.92518734760487686408 -0.34791493293417280475
-5.8107551440164701972 1.343470199891017014 -7.1324023209554692215 0.98782931538779172875 0.0049281017537748644103 -0.15546368538491092681 -0.08946453695366951564 -0.79961419876744699309 -0.59381245335291266141 -0.12723733841936740729 0.60049383589065230549 -0.7894414562015112935
5.0561006817446516592 -6.8633369848046381634 6.1919899842433343551 -0.99997369635284516498 0.0069601882059354587551 -0.0020401918098181953676 -0.0021585927529689206972 -0.017046285446243147899 0.9998523714177645072 0.0069243829912647410565 0.99983047559702720175 0.017060861278584544404
-2.880293519818344361 -6.7021954659739160221 1.8272700544029014669 -0.80974580735012835486 -0.0037612790295183549591 -0.58676876217010442982 -0.37226310875133561407 0.77626890156558214784 0.50875020425057637663 0.45357679100830616825 0.63039070840413935493 -0.62998067384343936492
7.0085545888012319438 -1.4168365914101164194 -7.4657975399907634539 -0.99938089705038990473 -0.00042462864139229498928 -0.035180140723927624813 0.032761627584388913759 0.35328707366456951755 -0.934941131483432053 0.012825691749934102839 -0.93551486533999062001 -0.35305444106978456364
3.9300167850979312867 4.9358558741544378279 1.893650169960318097 -0.99965954480128182968 -0.002709387992796670995 0.025950986580952618149 -0.0077756005787706222732 -0.91846911074633752481 -0.39541627766252979148 0.024906515682851328164 -0.39548344064141882637 0.91813534604382263105
5.9795584896854405699 -2.4696906482431022489 -3.8346309500697053352 0.97997127845177178784 0.0075011537763535821033 -0.19899755300394400548 0.051840964775651969532 -0.974445179419647034 0.21856144828600354568 -0.19227274320781345684 -0.22450016703276848284 -0.95531715530586180929
1.3530309215227913633 6.5182147753339982899 1.5800416080738666214 -0.99985388771138017372 -0.00081160470612984302388 -0.017074674993464468431 0.016757042742337972113 0.15080131756769366014 -0.98842205769513447056 0.00337709147971624506 -0.98856375814487162934 -0.15076568354731909039
-7.293543366613182144 7.1993590378094065585 3.3402937125431906296 0.83170523149172514987 -0.00051001291353410926205 0.55521720776312888379 0.089075396297977671445 0.98716882818410456313 -0.13252651974613136043 -0.54802553013865595855 0.15967919259718099667 0.82107890836858832273
0.46647585263562235669 -4.7322408945309897277 -3.4905119422769725901 -0.96180975665397605567 -0.0038714625659973115127 0.27369143900153686255 0.0067082437136364208088 0.99926623990494956029 0.03770916669040051683 -0.27363660477250872916 0.03810503331328165405 -0.96107804832121623839
-5.8881086348504023675 3.8838951864461788155 -0.88802520520065120202 0.9954326452641509837 0.0064551587314738544804 0.095247990363833620608 -0.076911180372687404372 -0.53682992961844966384 0.84017753897583857814 0.056555451340027089457 -0.84366578548120119141 -0.53388156301955613792
-0.084487302807522479675 -6.7083644990042436973 -3.5951965298612416078 0.99949781643891844052 0.011362436555216457942 0.029580567425685471566 0.013175124918810395686 -0.9980000903583898797 -0.061824232529539252523 0.028818935044047411936 0.062182913087268726349 -0.99764861264022486331
-0.57530719734507707042 -7.0807977525288530174 7.1528288116274172381 -0.99119490833064083368 -0.0025963535360387819673 0.13238546992640481959 -0.077522713650277325081 0.82191673041355384211 -0.564307644051178392 -0.10734469044918275304 -0.56960174439216226805 -0.81488095462934750923
-2.5848831190017240722 -6.509658108192333259 -4.0127354578254159634 0.98297593629194646159 0.013837288343919338859 -0.18321254903105005374 -0.18223007565052040668 0.20076072403187231186 -0.96254211918992838015 0.023462911148849394105 0.97954257750111972669 0.19986453077757657115
-2.3131918208827548789 7.4055121792042610807 6.5739698516157263342 -0.90276967595795065691 -0.0033070117363859291224 0.43011158534057752911 -0.14777187846462599974 0.94148895924680109371 -0.30292245138212536837 -0.40394354074031518786 -0.33702760018983279888 -0.85043636599369787366
1.8183992982088064139 -1.327207574450292471 -2.8634960901668855549 0.30258287283744417229 -0.0096269614441452863729 -0.95307446019654706859 0.93304060720407844265 -0.20119472934717949619 0.2982547672564525576 -0.19462484521185297037 -0.97950395736632756005 -0.051895733254272588542
-0.53772893401789589873 -7.1176067260173692119 -6.0380082298299635468 0.96702674112922004657 0.00023418113653037031519 0.25467474766892411742 -0.021593620854998378522 -0.99632311425471431487 0.082909393558153202108 0.25375775353557555869 -0.085674950604023927814 -0.96346603747077363966
-6.546997473510527854 6.9759027567840314887 -2.7313613169640760248 -0.99894494864246163868 -0.0043475738248129848149 -0.045717482250719566894 -0.041971939333828887919 0.49043877199536700662 0.87046434001178751849 0.018637217873716579314 0.87146480681973825799 -0.49010381000802777374
-2.8066428412364965439 6.4685207562666127146 5.2892733837960532739 0.98316018965217444325 -0.0051822611817189494221 0.18267234506663235227 -0.031350518466317638111 -0.98956168921097087399 0.14065848085946749957 0.18003662537103606867 -0.14401669144523845945 -0.97306012461211077724
4.9162098956095130475 7.4575490180210639579 -7.4355097011677093732 0.97672944889806012636 0.0011037205596757890952 0.21447229531142475434 -0.0074237072598172517898 -0.99921356378963388511 0.038950513596053545906 0.21434661701495588693 -0.039636293214644471861 -0.97595311979340448882
-3.4796874334002154683 4.8178062464479554095 -4.9603041082166763331 -0.9749956627889579952 0.0019785681117014991721 0.22221508232100886659 0.18540491232260564169 -0.54402231244229981577 0.818330460175919705 0.12250908549712992424 0.83906841725399794463 0.53005255884425639401
0.56478281156203336 3.9526756264778324379 1.5622017975316146998 -0.67113758154151015312 -0.0082615755233868808788 0.74128678189525509801 -0.55446996058147623998 -0.65813488752240323354 -0.50933440158556209099 0.4920745974497959252 -0.75285471121308755738 0.43711826128515801626
6.1890755317735379748 -2.6549308551961967595 3.6492075807486585859 0.91958336838647036782 0.012122529606802646268 0.39270787216837954592 -0.34733491664590854242 0.49227135588658627041 0.79813994252388187345 -0.18364336161600344766 -0.87035737283565428601 0.45689512941685239689
4.2117123871005039959 6.8319082493933462885 -0.2767592759411726111 0.70989373298250002531 0.0020885212633382829045 0.7043057048974201706 -0.14829988863669626986 -0.97713319797723163784 0.15237406748242413035 0.68851872225999299904 -0.21261785317733222778 -0.69335100606251276467
4.3890454796602114129 -6.6110599969402770171 -4.9640790625174568973 -0.49194436812190328601 -0.007282624705010524481 0.87059617622099083611 0.090758659387247447858 0.99408785918776843005 0.05960028491206597473 -0.86588313554394458205 0.10833416632243125788 -0.48837496249081940869
-6.1729664755627835504 3.0018057148641874576 -5.2361843222526234243 -0.89474257845076454743 -0.0073351981840335794133 0.44652201868998248058 0.44658135628794581873 -0.012680601065336322836 0.8946531699897194434 -0.00090029072193065391716 0.99989269285466686465 0.014621636447187839197
-6.8475397892668947719 -3.3544548719968299011 -1.4507569301105567305 0.83137690941875430628 -0.0026100910977516667173 -0.55570281797904996779 0.44744296760888513376 -0.58988660223677025218 0.67218195991773910247 -0.32955610330075285619 -0.80748187838858698218 -0.48925023336867518031
2.9818742452104194385 -1.302453940235419827 3.0599640259419031985 -0.90041744666525735941 0.00049957122408004518699 -0.43502663386226925191 -0.33567687047411792767 -0.63687732971626642708 0.69405209136075174392 -0.2767118724768599658 0.77096499098341764178 0.57362315356712612058
3.7829827550353809507 -3.9612515854885508304 0.79541850905098532287 -0.90796666181422625019 0.0015905987478220277517 0.41903939078511825977 -0.37449672333620931397 -0.45174890911596216059 -0.80973769044238064208 0.18801261990732337503 -0.89214370653394037269 0.41076862300741984191
-6.215720675845839871 1.5199328106378184877 -2.9515353177635748061 -0.8284200364249749704 -0.0031551828895439843446 -0.56009846283542341627 0.34663479331987168131 0.78259128472595762549 -0.51710269882397830177 0.43995972919092196651 -0.62252785149894229733 -0.64722060442970252847
-3.9533471663910835225 1.2743182800110957054 0.43746520717668702094 0.99944042794773202409 0.009015116383928496735 -0.03221115738589556271 0.021017387452809774273 -0.91840469401268531868 0.39508364613099744567 -0.026021153091546234126 -0.39553956273944146371 -0.91808025460718689637
6.5527495762235936638 1.1652167638623658341 3.2202668446031221805 -0.96458328910411428314 0.0084433222647613895284 0.26364329820849918828 0.078009188955856484382 0.96391077522282742063 0.25453994548569108813 -0.25197945316946757099 0.266091577691776493 -0.93043088268921303463
-1.6397342304462121376 -0.78121312735186498877 -2.7199869218532803927 -0.59495388543309557505 0.0023353132867142984558 0.80375644353229491745 -0.073312708196461670584 -0.9959849472580458718 -0.051373452797219110177 0.80040934591305423762 -0.089490396955531945067 0.59273632234562301235
-7.327736055923498526 -7.2744868231740706932 -5.7514029845145886455 -0.78907310805586639013 0.0068954865185955008938 -0.614260598125013213 -0.54166008123100795046 -0.47949216189621052253 0.69042857927596501533 -0.289772301202183169 0.87751907041715548896 0.38208938026363786777
-0.62673145844699806872 -0.67203748040370936412 -4.580111363138922087 -0.96310822383520833245 0.0034001448177420653778 0.26909289882160941643 0.14943078769371270775 -0.82484787280354421313 0.54524895820240859567 0.22381463059915965297 0.56534451951599085096 0.7939096833916725604
-1.1933291088295538973 -3.9496009326872343337 3.0023027263431143474 -0.89861831185151119783 0.0026696857246411029654 0.43872315004237205649 0.10440646110155810122 -0.96995237609792661626 0.21975367797250061619 0.42612723508970618003 0.24328021062198593172 0.87133823434678470132
-4.4004435631436935594 -1.5661505360180338897 -2.0034711419921427122 -0.99989845398444043845 -0.0042645585363801849499 0.013597619643546240628 -0.0077282777614113441073 -0.63940513645316165992 -0.76883115519614442235 0.011973113309587245234 -0.76885816963714759265 0.63930724971634023124
-0.23137424235700984609 -4.1697812577702455528 5.3231557980774022454 -0.99883884584713944488 -0.0067140722624053697509 -0.047706197294626273564 -0.022214346112919950565 -0.81449914327366712552 0.57973931075372420185 -0.042749068451088001463 0.5801259060239204457 0.81340423548598983494
-5.4265862764428973719 4.7697191956182942718 5.038166269635206973 0.91722910065692198067 -0.0066669625659219484276 -0.39830431646941449886 -0.038252367406095069691 -0.99671360287252874777 -0.071405533655090877576 -0.39651927228805855519 0.080731316469391634083 -0.91446974867695196565
6.9880484809023171167 -6.250006508702747432 -5.2439577075273922091 -0.85715312070862459404 0.0099451064941674192227 0.51496565178308872923 0.51286440969723012806 -0.075773487318937515766 0.85511898346693360207 0.047524992640823583712 0.99707546027181626069 0.059848989950872961974
-5.6155857346719617595 1.7389265214025246831 1.8019209774451205863 0.8313460357578286164 -0.013611824527155137049 -0.55558841516247070569 0.46481902192032303889 0.56502513510662977225 0.68168165118241097478 0.30464248832162194036 -0.82496140208556889561 0.47605844113771400572
7.1163425777344899714 -0.64278783824964191851 1.417580337199986662 0.68037058557738827602 -0.0026366436089684712821 -0.73286350324701343695 -0.29991504836393417799 -0.91342500371502466372 -0.2751467360389870942 -0.66869038429293226056 0.40699853893905474367 -0.62225827375419218157
-1.5088698329375691554 3.8910840544176648059 -5.1741064023388023685 0.99934171406255256631 0.0081377632046998917004 0.035354141829173672817 0.031358502497344363513 -0.68378990779956683177 -0.72900480541108880761 0.018242336900158809959 0.7296335647442385719 -0.68359496658694685056
-4.692560621710957669 1.8396820402009779194 -6.3917694987256323813 -0.99972426512293444123 0.008826956239971664453 0.02175956267627443888 -0.01071771034046607729 -0.99603027315178349621 -0.088367559942526874295 0.020893166571484426963 -0.088576406614198271994 0.99585023762710567219
-0.079308243544575274253 -2.2146471572680188622 1.5066738004835946718 0.96922654628048410252 0.0077516244332315404134 -0.24604839829576091725 -0.056215069241002280087 -0.96612491243914522254 -0.25187798545096906633 -0.239665950805481337 0.25795845766957536949 -0.93595815405459426017
-5.4440028829990216863 -0.74057665888570722856 -5.7448241615541819627 -0.87937327780710239367 -0.010451795012419169695 -0.47601827513228472943 -0.12596548188243722466 0.96924392541930293188 0.21142116831558943613 0.45916809084799253826 0.24587999719139982946 -0.85364377308574379555
1.7770484665658428103 6.0428379582280440374 4.6674772384946496828 -0.96723680244453258403 0.0012097483767108804451 0.25387300861999695378 -0.15726068593163378129 0.78218070567744735211 -0.60287844573032844941 -0.19930390025582747637 -0.6230504635860707463 -0.75636371883370911995
7.1434338082395836267 0.98631239427165950939 -2.2217866525063980632 0.96562139757749010371 -0.0036983331300998651715 0.2599262181324152321 -0.016053252790310862386 0.99714197590129560744 0.07382528679778346814 -0.25945637324108389299 -0.075459937900804782696 0.96280225807625463563
-4.773218607947825376 -4.6506437669807949575 3.6122382846098903819 -0.23889247703976057569 0.0065472503939336523099 -0.97102395332254531901 -0.13620182886717527304 0.98986585044106800702 0.040182831454522477399 0.96144653841333505007 0.14185461445701463834 -0.23557975747121714938
4.0579211601284068678 2.2752715888373207243 -3.0704280822466949452 -0.9993642174830145164 0.0013136578275827390759 -0.035629132992350709408 0.035574519722825478918 0.10315374128372878371 -0.9940290535018078133 0.0023694643198690769174 -0.99466455650243901232 -0.10313489068473943866
-7.2862594071083943703 6.2913597012656312657 -3.5136904963528223789 0.87861118008927530099 0.0019816733538757062838 -0.47753373408888366569 -0.43530738537631119556 0.41447327616396956174 -0.79919921395276516396 0.19634121945988036728 0.91005932571262249109 0.36502349133211098309
4.3404447153959830885 -5.8310466102486246953 6.8464315453864532657 0.9991911272987954451 0.013598619498936844255 -0.037844004478442203054 -0.0045403189756790703069 -0.8969193989487384 -0.44217075580940301549 -0.039955933612437356806 0.4419849198073973473 -0.89613216326160427538
-4.3049959522039324966 0.08256386545476446237 -6.3764358624486243698 -0.92614618260913761372 -0.011147288715799308703 0.37699998195320238992 0.28253697944909650364 0.64165384676360948113 0.71305904115809903843 -0.24985216365328694055 0.7669133450968831367 -0.59111573945374717987
-6.7169483039088673237 -5.526717232783598277 -1.8778215033364418218 0.91629741561318012177 0.00053489392969651274393 0.40049813985719118214 -0.078719896674580014384 0.98073250860442484633 0.17879296528124141719 -0.39268591012171460974 -0.19535470420495198995 0.89868476983700651406
1.1877734214004538327 -6.57088263709648146 -5.7564835939399747744 0.16598593586634530217 -0.00066486194615625673898 0.98612789589031180082 0.75137638136007345313 0.64772567508343692477 -0.12603564325985291972 -0.63865656078114285688 0.76187335417137380666 0.10801291392658099455
-5.2334151015103653748 -6.3357300357997301532 -1.5587652253738821795 0.79594928717637203341 -0.012325823234357189545 0.60523780972853580273 -0.60240628218878256028 0.08257194146361582221 0.79390713919353206318 -0.059761220058712781478 -0.99650888032390472215 0.058297924599230825649
-0.73078396465025219353 -5.83633227502266827 4.7891583100669299355 0.70343121529968011263 0.0071282631460719446045 -0.71072759423468356843 0.62106792123834442254 -0.49241809796023333634 0.60975327306218418677 -0.34562864833624867833 -0.87032959542115029272 -0.35080939665785348947
-5.9905852729304918114 0.91790622899963014714 -5.965898104097004051 -0.95069851833960505871 0.00045416554251751558441 0.31011630231346787312 0.14932673425002762624 -0.8757648590966677915 0.4590614751961257789 0.27179744970314145824 0.48273771895796169229 0.83252053489987964952
0.19690957058912539335 -1.3274027039838580677 7.1287052241957447052 0.79927269139715706459 0.0052701819057653313122 -0.60094541346903107559 0.41740416513711509072 0.71454613640354402992 0.56142460034905328214 0.43236203315393711977 -0.69956846993951682379 0.5689174176921051318
-2.5289748848230972911 -5.0749996397014314198 6.5448866500954103742 0.92180972634514879438 0.0093953898427646398428 -0.38752877966065774062 0.16929475735694826666 0.88957143707683528078 0.42426635910523458062 0.34872068127238980972 -0.45669944710567567103 0.81842501273262735495
-7.2401371100799822855 -3.4295255102023971538 4.3782314064805669673 0.96534444784237871673 0.007980540255773282271 0.26085706430384225651 0.0057756345167340626331 0.99863426278264799674 -0.051925439261406670932 -0.26091519516096894904 0.05163254955729518203 0.96397994831854971753
-6.7591790103864708428 0.70362929950174901705 0.0027327027953874712118 -0.96769303165872488925 0.0055508028074655255124 0.2520701986893177371 -0.20419881048400853607 0.56918446707814485119 -0.7964495515937417558 -0.14789537611423492214 -0.82219111587584525758 -0.54966237518940408435
-5.4203466253139271913 -7.293839877101287783 -0.20455028208265446654 -0.90255456838971104272 -0.0069690059370497324173 -0.43051908672557054336 0.43030246448315606633 -0.05020009493331965833 -0.90128782280047547992 -0.015331018836191222243 -0.99871486592765401635 0.048307105445434213309
-0.56321263842198521221 -0.46452432300242146868 -2.5112828689432511453 0.66887611823977999315 -0.0044961304023584383258 -0.74336029168895023655 -0.11788733854360193554 -0.98796896052760307949 -0.10009949273127423386 -0.73396683430484821464 0.15458692650212135788 -0.66135888010599130915
3.4591514532314624475 6.959020120613385707 4.5515228554873665701 -0.98515076319926220272 0.00031985763181995897908 0.17169120961543218873 -0.0087745697256964849675 -0.99878526733734784848 -0.048487077412683321498 0.17146714173345517507 -0.049273597808467420323 0.98395687500256268088
4.1703717477538573277 1.4922212234876035541 3.863531297671065623 -0.98569176848378148303 -0.00017760479044634167045 -0.16855772305004798617 0.011194057351400374389 -0.99786078695768232194 -0.064409183600993194507 -0.16818570279093822406 -0.06537444690911142775 0.98358515191521600496
1.1352571094066281621 4.2689934912526066313 -1.1681249660262336132 -0.99109602238161398358 -0.0025437994173608605153 0.13312476668048939255 -0.097298439658898575044 -0.66868596716763806231 -0.73715133517677122743 0.090893828498669143601 -0.7435405882650417686 0.66248449456824065606
4.7571064158156683987 4.0912453581754952836 2.7215390975878412938 0.98687816277593876091 1.1044529338754345733e-05 -0.16146668917751150207 0.14110290517320595027 0.48607830947433772195 0.86244875048335534196 0.078494980652306187152 -0.87391525729713881443 0.47969851060413459809
-2.9474785574116793008 -4.4069823523583986358 4.0336866871051304528 0.99937191280794357429 -0.0014526458100454471903 0.035407198574575776684 -0.013686031708413183561 0.90581495840636661043 0.4234524219595764416 -0.032687496490643348779 -0.4236710409592515103 0.90522614667585443726
-1.334641400097441144 4.683443771747950457 6.1217781005425209173 -0.95336318094036165416 0.004032636365094611694 -0.30179858030006001535 -0.013562642166098030916 -0.99947310033033009979 0.029488581749667210075 -0.30152064600072997491 0.032206514249134017558 0.95291554739932338158
-6.5167903321779654391 -3.9054079408866924084 3.595613144649994819 0.94292988578449443704 -0.0016081769759132480066 0.33298745360941678362 -0.21149561430653077143 -0.77528160692846714852 0.59515379112248012472 0.25720193549737074834 -0.63161368234487846873 -0.73137631944929359928
1.7997996961122535442 -6.3366836580882095475 -2.8411564350319031824 0.98925736704019717749 0.0025553768653035864242 -0.14616200534288958934 0.1347379553522760065 -0.40378537194800473431 0.90487737113272748157 -0.056705776991969283896 -0.91485017541119806328 -0.39979196015668666542
3.7048515544679898603 -3.602970417448222662 7.0581317339892528651 0.99111395155251613698 0.0066745835304141808847 -0.13284797692371638766 -0.020820320843927868359 -0.97864519791332049703 -0.20449961085859585941 -0.13137598440345243933 0.20544835491204252453 -0.96980994230106076781
-2.3156667282634413318 5.8696190245244030947 -5.2382298831499181091 0.97953223180718462793 0.011407094086789405091 0.20096388992853420064 -0.022157852363001041135 0.99843600931598586179 0.051328012624583453649 -0.20006408080754645162 -0.054730370963716142019 0.97825300922861302411
1.6364467469302299563 -4.0632803844731641973 3.8548893069955108004 0.60969069317319202206 -0.011083711493701815104 -0.79256192817805637407 -0.76339427001750492785 0.26089194146063576785 -0.59090150057812007578 0.21332240192377688315 0.96530438008975805175 0.15060214678762701146
3.0729135563503522377 6.7649222578018548546 -2.401992619737450152 -0.9435527586718271964 0.0076277087722133509601 0.33113442838440593219 0.25007388873910629812 0.67195265684703131548 0.69709588804345579138 -0.21718941450608300614 0.74055482242367798307 -0.63593027385973099896
-1.1011430783180966575 1.7453972722877708623 2.3611639360537313159 -0.99144738446523805742 0.0091279384291214106517 0.13018742096351976212 0.031412701232869648382 0.98491416215394333999 0.17016854994339442042 -0.12667014659486428019 0.17280270231860897501 -0.9767773031930576666
0.61539667568728784186 6.1754983277006276765 -2.9413489560094849828 -0.99737160110672318236 0.0071759199566541805732 -0.072099899297255104491 0.045385748312943764715 -0.71380452673014338494 -0.69887282925422211655 -0.056480289977738032392 -0.70030822056603669878 0.71160267920491304672
-6.8738801266373812382 6.617238819394259508 -1.7535241304537620977 -0.95692510913574313491 -0.00071406230761638669023 -0.29033398977828411835 -0.065474380009879165621 -0.97370639166276951038 0.21819479461532892417 -0.2828558662426359227 0.22780551562666559451 0.93171734232126801611
5.263843664744930706 -5.93036049560749845 0.090759938223024139159 -0.98723389631327795879 0.020246032878904585139 -0.15798522754618218866 -0.070239764502581639172 -0.94557098874380118847 0.31774499323933408368 -0.1429531722375813052 0.32478547288751286048 0.9349218080398370434
-3.5458042483279470503 -3.3606482185228578885 -4.9442769471688112759 0.99997508478054097925 0.0012056829981214390365 -0.0069552963016309837796 0.0012545652685136709538 -0.99997451640167744902 0.0070279878407063667983 -0.0069466455302108296582 -0.0070365386100334995773 -0.99995111442519790668
-6.9643870442110920038 -4.2790704714145730847 5.4793221694993547999 0.55361750609168458581 0.00038529442231980570071 -0.83277098202141586203 -0.60531190416915681141 -0.68659441966033429861 -0.40272273534313796084 -0.57193107593463587968 0.72704054525139250043 -0.3798774670084308358
-5.6893297339022099735 3.3136648296361204125 -6.3602768964510776328 0.99965947661024501247 0.0084635649467541228252 -0.024683980464937593097 -0.023450246731422187685 -0.1235573835985279284 -0.9920603101054518147 -0.011446254908651306431 0.99230133579812140887 -0.12331683673320310846
6.9936780542525456283 -4.9977831241218337865 3.3364266792401435779 0.86585129978530950279 0.013731344071647978711 -0.50011296408905847599 -0.40622597057957537947 0.60278550326824420491 -0.68675330204983708882 0.29203079886662391962 0.79778511344822011786 0.527500640069427984
5.5998614899286875968 -1.894944281899484384 -1.0020195763257790933 -0.97919650238097533101 -0.011630781506636492934 0.20258068675566806571 0.12701343458001673747 -0.81371609096274022388 0.56721575325840556392 0.15824600203811528543 0.58114615049045870165 0.79826521570786812543
3.6674805921063429182 1.0351869992688924604 6.3050316288760557271 -0.96887587944840791732 0.0035747357383426468964 -0.24752121421701847592 0.21564725787072153151 0.50317790486480007406 -0.83684422458943008571 0.12155570902224617502 -0.86417545517116189924 -0.48828781705445417627
4.0622098264292905156 -5.9197089552693364922 4.3585628259361195447 0.86665791080768517229 0.0075244199148623213888 0.49884611729407263292 -0.058936710168031647417 0.99442897969854970874 0.087392611416673732228 -0.4954094567417034467 -0.10513984706381636347 0.86227320654794414878
3.941071531312873244 -2.950564644451932228 5.9330106536671172179 0.86108841819010495389 -0.0031316527424705776009 0.50844560063973931463 0.032151715859517135399 0.99831515797242320609 -0.048302303566721882522 -0.50743768408164380279 0.057939952654905764462 0.85973830824289187991
-1.5255226628983493686 6.8727546614166854511 7.1829740142934523917 -0.8952445885828943517 0.0022352410421146175733 0.44556944499207401522 -0.44141099322478183353 0.13194344103184568739 -0.88755127369016939554 -0.060773856824850286396 -0.99125472612557008478 -0.11713499161433840734
4.1253079355586859123 -2.5913591962960422777 -2.1274570554481018192 -0.97104195395282144609 -0.006197976648306388614 -0.23882861794350007667 -0.17296775225293764544 0.70781672449999655239 0.68489243038494951321 0.16480194277951010218 0.70636893306780390578 -0.68839178528840494486
-0.50177712745842861786 -4.1328611389766543027 1.5710993292802180044 0.94363245874318368855 0.0032503908133262992414 -0.33097918026026879046 0.097344631826596111912 0.95300427919237096219 0.28689173305540893733 0.31635708536519335787 -0.3029393979008054294 0.89896936307011898748
2.8865911639595780436 -1.2914682295416861635 -5.4349660730115632035 -0.86841424070297634774 -0.0034988395101671204701 0.49582705116443265281 0.43998098572842508913 0.45565562956292854357 0.773818247035485407 -0.22863385300906285957 0.890149260163487277 -0.39415841471238605154
-5.769318768848404666 -2.4979322234517344903 -6.361598163903228631 -0.49586770795655188415 0.0048695162735981310786 0.86838442179549657496 -0.74339970595166549039 0.51449020280644697234 -0.42738356122698573092 -0.44885642849004164789 -0.85748243073982688411 -0.25149908066586668109
-6.8314202496447009594 6.4862744612824174695 5.4949170088842400617 0.8720074713471932526 -0.001647464732940653008 0.48948979128751624046 -0.48261943071533958127 -0.16988232429644628541 0.85919641583723815881 0.081740167669527075134 -0.98546297837697394151 -0.14893375452788157332
2.7425629023328590428 -5.8353437122984184171 6.0026270243270545279 -0.99748212576226846782 8.0467401472505170439e-05 -0.070918279094398503637 0.0038977442774111468668 0.99855006191060113885 -0.053689677292762430505 0.070811131711463040639 -0.053830914753909962778 -0.99603615207603091175
-6.0908445912931243882 4.7072791075781719172 6.7891760722175602538 0.81216236410528863665 0.009987113910546914497 0.58334599671778630814 -0.55806612797530941172 0.30490945721103657196 0.77174634415081277972 -0.17016019257638057005 -0.95232897701331931106 0.25320945559633417643
7.1282253173149534575 -5.3742220955958321937 -3.7631534625128817417 0.87347292213155980356 -0.011512889868231913557 -0.48673658961504462361 0.3536179710296864509 -0.67217905119253462676 0.65048416867954950149 -0.33466309158312523842 -0.74029911286236527168 -0.58305903528482305731
-4.8244686283539062188 -6.3787146949641568838 7.4816698059385826625 0.11448459115905307293 -0.0025430831373402752391 -0.99342176899602574469 -0.4701820373514437601 0.88076296990580871249 -0.056439725324303170739 0.87511263854391996286 0.47355055017474229073 0.099638076507078038313
-1.5373263070915774708 4.1356905745309902045 -7.4584881456494125374 0.94039727740676393175 0.0025622255489264238529 -0.34006822204701342427 -0.15714675162560068356 -0.88353361870143953816 -0.44121790883614731005 -0.30159220662916685907 0.46836073663845989579 -0.83046996410223306029
-0.26297443572762291275 -4.2551306711568930297 -7.2857837800065903266 0.90585311787618405521 0.00083004293316259062166 -0.42359112344639682224 0.27447230153959917276 -0.76281971693433403559 0.58546651069369282094 -0.32263769854351215249 -0.64661069468808585192 -0.69123044275669454084
-5.0978014233206963013 -0.29015423966010073231 1.9488913305043851221 -0.99877614973181871871 -0.0036096386764569911992 -0.049327205835106073539 0.020123301977236433824 -0.94070890586407807099 -0.33861749385632455844 -0.045180255028067613232 -0.33919570300431911569 0.93963025686638168565
3.7030889183845565604 0.76357992800488616592 -1.6312221762992387131 0.76017268969910289922 -4.6586828534735114093e-05 -0.64972107836004289183 0.64959697357001533469 0.019599149462031742464 0.76002608196628929083 0.012698573318590436476 -0.99980791713715855273 0.014929000825250223622
-1.1280586398864289599 2.2215433270360844809 -2.8770049267963182515 -0.98871643186492685906 -0.0017080918381981008945 -0.1497895182673324721 0.077123254321274758993 0.85142383832941803679 -0.51877687994670618199 0.1284204851391932134 -0.52447548078692041162 -0.84168500583643457436
-0.7101811127007960911 4.7992431197691605149 -4.4915051399745475891 -0.9984457742475643105 -0.0077157005853965973316 0.055195143368072664691 0.055674361176014548758 -0.093125115228197330453 0.99409661422889794569 -0.0025300977421090285573 0.99562451801785456507 0.093409944477042664013
0.65944118161370435249 -2.4153246070461129591 6.3854072701448263416 -0.58716686627629377515 -0.0028253273725958186549 0.80946098650428710553 0.80946008743012931586 -0.0058446457869230760557 0.58714581406429355859 0.0030721336041800093031 0.99997892859842751889 0.005718772093197951531
-6.4872528938955342781 1.0465250321416001977 6.5813804342055446384 0.85023435345151099352 -0.0065446128870729636945 -0.5263636691994034722 -0.52639998697133361105 -0.014643725122369744343 -0.85011094277822274456 -0.0021442778546032631448 0.99987135640383251189 -0.015895682299968183493
-3.6824324342331364868 5.0462343925986790083 1.1996675590835694791 0.99973408814325537275 -0.0009261634312221090487 0.02304116372118324152 -0.0047929581291383215047 -0.98571734794066168117 0.16833994630248444446 0.022556164494439798207 -0.16840561804779627386 -0.98545967307299719984
4.0464180388216863804 5.0320881945511661826 -2.8231471461019430613 -0.93429631188087258753 -0.0026035097624106402076 -0.35648790069627006583 -0.29763899703326884838 0.55608658250080256202 0.77600176559565336998 0.19621781022870596334 0.83112028882672994712 -0.52032454915144643603
0.81649929944867216669 6.2584702693419815844 -6.8109803714444057121 0.93751223726527777025 -0.006976526034053546696 -0.34788235520404936496 0.31690347203889407401 0.42995766947538421876 0.84540439546349777089 0.14367670092093901002 -0.90282209241018307466 0.40530146196224237087
-3.075413143368305402 5.978086560982422526 -7.4445856750832675175 0.99374011464398193105 0.008040957260385336175 -0.11142678113329512746 -0.079003019877089616929 0.75578704662271400938 -0.65003420141363132956 0.07898802059606196968 0.65476811404013168794 0.7516911662636428515
-3.6453179308586918239 -6.4010742646255138766 6.70844927993250284 0.072163366260857897405 -0.0034894710396907646296 -0.99738672146858653456 0.15615462322624210079 -0.98762243217195766487 0.014753478091990285606 -0.9850929815072647644 -0.15681120834498965544 -0.070725262264785995758
3.4181184742573949009 -6.5467654866428208749 -2.2209992444642501219 0.99127699888700604447 -0.012947026679298593438 -0.13115748540489019502 0.098045795429657037201 -0.59258588416660062936 0.79951797471045904508 -0.088073455002906433919 -0.80540321851015539423 -0.58614735531023132165
6.3456484389833907045 -0.30550131768889354777 0.34431831630367731867 0.74396248520018415373 -0.0018083194986674277355 -0.66821893911741692129 -0.66785122300733923417 -0.035292648234168534638 -0.74345757976376780629 -0.022238807123774101404 0.99937538440826456654 -0.027464094678313295816
-2.2148163007596837204 -1.8373839896824937234 -3.5709203913483977821 0.64948562233746032213 -0.0041489394120964940074 -0.76036255344319592098 0.10857126745780831811 -0.98923273184946902692 0.098137057833548785313 -0.75258269064570648688 -0.14629213423612288936 -0.64204198087131814088
2.5254561772369603645 -4.8821924506564107205 -0.90250914880156196674 0.94897257941562962458 0.00765497892410586106 -0.31526567338500144366 -0.22454519290437985335 0.7183426478787927616 -0.65845523506322956031 0.2214283176577826473 0.69564735429396429289 0.68340636418091671445
3.0310889984621356419 2.3719199424538639498 -1.0548873436959156358 0.67700439560613923096 -0.019801331834110195984 -0.73571254956514164913 -0.23538203257662712597 0.94130933207720457467 -0.24193395810535109347 0.69732370321832171101 0.33696386839247460809 0.63260967770646991948
7.1644117226274346422 -7.0715330175721486938 -2.4642812923956110005 0.99976651431151830618 -0.0018506551437129281548 0.021528862882922543409 -0.0056596862485002773571 -0.983970171186974496 0.17824328925887306108 0.020853892036275026994 -0.17832351861100986801 -0.98375090236153894807
2.1800161758211760166 -3.0977655245193669309 4.679073404272466874 0.10017878452894442287 -0.00086193296879177286503 -0.99496907901798048446 0.79591812400891392976 -0.60000731600114709519 0.080657055608382682843 -0.59705824758101089245 -0.7999940486132730566 -0.059421975553875204523
-2.3178620612265969925 -1.8091095403794184016 5.6865928457154026887 0.92177740446635081373 0.0070759455449066555391 -0.38765493368463999069 -0.035973992317973858823 -0.99395961299738722072 -0.10368297645672840124 -0.38604700295701266377 0.10951812053203281716 -0.91595496220236150009
1.1397383858592133876 0.67974383420875383877 -5.8405002097133884575 0.54451868244114087769 0.0034350238524448592145 -0.83874167959132150951 0.73358177021826176389 0.48286456734861327167 0.47822546565695539522 0.40664135411443042001 -0.87568830653966356348 0.26040890713172293314
6.307881136945294287 4.6346833153557662754 6.5404614616085083867 -0.99401376819693332276 0.0015445070266096078311 -0.10924396153996970837 -0.091160291387450465006 0.53940688999867292264 0.83709617625223142756 0.060219846471592314296 0.84204383586601005973 -0.53603707760840491048
-5.7653064344287789922 5.4254485846879143551 -5.5617033153600123896 0.99544209548947359956 0.0029466449189791579615 -0.095322357352910336292 0.094861470679055884259 0.072275490299715597353 0.9928633112783273873 0.0098150857456572732085 -0.99738035412060932483 0.071666542445857572829
1.9748199061740860927 -4.5046804206223747258 -5.5186829756017781179 0.9787709993165643052 0.0072814770548611405451 0.204827515214083683 -0.12535501134734422513 0.81192252017692867483 0.57014729882706371988 -0.16215255787987245539 -0.58371979692455333577 0.79559898608002865839
