1125 14.717824617146108679 14.977075390850430381 15.033177056927090831
-6.2251080214491461007 7.4320803507858999026 0.84519947691483487962 0.96725408769436882483 0.012997668600123246652 -0.25347700181561877431 0.20778358806171798312 -0.61407878767962498223 0.76140214279589757407 -0.14575839725610331699 -0.78913769592697624589 -0.5966709197676339782
-2.8721796055045722973 5.304049823468251823 -3.8516151805920402218 -0.94332363002558561327 0.0095447865418581169517 -0.33173698329430240106 0.33162691869952043433 -0.011475305641295879128 -0.94334082078233350011 -0.012810770046397718103 -0.99988860100033438716 0.0076596188226481370931
-0.86875126685870152077 -6.238728867321910343 6.1310704736535219794 0.98620712906745111592 -4.9891442073827022008e-05 0.16551584844735972579 -0.064322004337640278915 0.92128450957828955659 0.38353296099425832066 -0.15250632227672766827 -0.38888925148672570664 0.90857414212805409637
-1.6204574724105642591 2.2765944396341653011 5.2714944772928715722 -0.60873501863701207082 0.0091977947833768534253 0.79332028693090972382 -0.79180660741700625849 -0.069858751323113657539 -0.60676358766351068397 0.049839477682863099484 -0.99751448883447968452 0.049808342971724317572
-7.2151763437902189935 0.89915680407603704172 0.68944649273038127735 0.96321955541564585612 0.0022408145758640784714 0.26870628354209546984 -0.1556533570867573435 -0.8104693667359529341 0.56472244333860444065 0.21904364974263232368 -0.58577673590948575733 -0.78031115279400309337
3.7461854336674953458 5.9999882838967053544 -4.8430422587892509867 0.8803322885418661814 0.0010487395756393711604 -0.47435636592755969776 -0.18995662066608748342 0.91709562813298450834 -0.35050262641601886981 0.43466256339353676053 0.39866591151578401053 0.80754810815176880645
-2.5553242906903017584 -3.4615973122424543718 -1.0900504492315230554 0.30707461233154542679 0.0072105319923325443196 -0.95165812700246688038 -0.92712021125467380944 -0.22346669215177555889 -0.30085004800049819362 -0.21483318259656625226 0.97468489560845072983 -0.061935917917532452848
-1.1141314316263304374 -4.1557456147223090781 -5.9619745767720280227 -0.95363782372138294896 0.0057479002979997683223 0.30090174943030667531 0.28788485834035565381 -0.27404081869681923278 0.91761862340865485432 0.087733742120134378117 0.96170088454260482802 0.25968095648980721313
-4.3801822625400204103 6.3297589505167257684 -1.4849322032455425369 0.97217074266437619734 0.015674333066479511495 -0.23374850243444564302 -0.22732520951827708822 0.30431226385887716335 -0.92504988794260123441 0.056632995902741692373 0.95244336385319006144 0.29940665060593257829
-4.5066287430083340482 3.4841654524849592356 -1.1333357105859320768 -0.99930242101562583024 -0.0037956742719192559585 -0.037151907206365325509 0.035492857134807001551 -0.40595734960422941162 -0.91320254456212368588 -0.011615870378839125363 -0.91388414099336523488 0.40580888161328698693
-4.0236291484706034893 -7.1814442621346703532 -5.0365262948995797032 -0.97908456846318470124 -0.0098893197741722373151 0.20321321106583697946 0.044145754148763011182 -0.98534806767913851733 0.16474324845560903152 0.19860654618599318799 0.17026857277685578107 0.96517565910908509341
-6.42805958385600551 6.7068075674977354339 -0.052631917476640942277 0.85063779152243923498 -0.0095498969929845717308 -0.52566543266718479543 0.076161034143841677135 -0.98705048029222430817 0.14117664903564608458 -0.52020654024329626708 -0.16012541591580303768 -0.838895110645964448
0.76292907485134431322 4.2192755567982267451 0.56851378228422411176 0.65712437548991797787 0.0152073336606313083 -0.75362874954445324693 0.019149779934798386721 0.99913697788941235878 0.036858992697302840613 0.75353887827071563965 -0.038652767263724789604 0.65626604553145095888
-4.9347356481117072846 4.6447548971716470234 -7.1377745747511456287 0.88590869909441261054 0.0015210305096208594396 0.46385715833128476904 -0.38917971188289979256 0.54656089834720067433 0.74149196641417336462 -0.25239835325874021565 -0.83741797858910105301 0.48479500864605518107
-4.3298206024614316334 -2.8170320539559710049 -6.3463001253435207261 0.94799742945644738246 -0.005743257958880087187 -0.31822615972283574415 0.31827788282820762555 0.016317631163323888244 0.94785701675704170377 -0.00025109025456307405367 -0.99985036375509772633 0.017297024381345140615
0.69193547559261281421 5.9050178155248449485 6.0821822031281147503 0.9999931205380666599 0.0036777964359960418905 0.00048237942402749520165 0.0026906059528359949941 -0.80872219610074180807 0.58818463952533073247 0.0025533343180894792213 -0.5881792952384785611 -0.80872652802813471684
-2.4510550780296278539 0.20936248699307830057 -6.5210625888468758404 -0.69167317514117632182 0.014722993893347496863 -0.72206055995390694413 -0.67299336297890255398 -0.37590299350513345367 0.63700617960911842808 -0.26204608788627398175 0.92654205135262523996 0.26991049423619473124
-3.7072767471258458727 -3.7184176862248192741 5.5998886894821229276 -0.57997875757965577925 -0.0018941590632442820673 -0.81462939605553019717 0.14772917198499838087 0.98317237283575931173 -0.10746244477642959148 0.80112466726538356099 -0.18267046136188583305 -0.56993926873389932908
5.1906135663930976776 -5.3775064242420667071 -3.8256029763603218719 -0.92734985603503805596 0.010408527131373829233 0.37405067447419559912 0.22404601938828763719 0.81607755773560397561 0.53274834674224191833 -0.29970923527301118749 0.57784866731981132659 -0.7591213947510965232
-3.4377830678954972576 7.0404365897369647342 -2.4021757993661601027 0.99969116224528165038 0.00024842428174212921165 0.024849917785465469589 -0.009668225992553220946 -0.91728472410446337815 0.39811463214832631952 0.022893351321345956073 -0.39823193394030009795 -0.91699903012802119751
5.4761846873306438965 -3.4816395082418791773 6.3290823246767402566 -0.094957851074102678224 0.0033170655274529460207 0.99547576745781207741 -0.38765961057005893231 0.92093226685369811157 -0.040047299539261671519 -0.91689859463958967023 -0.38970855385017627581 -0.086163856714625439159
3.7203719874036051962 7.2051011823376169829 -5.2438805906272651924 -0.87237702958435758838 -0.00070399377755472891671 0.48883312351559071729 -0.44369585024832608466 -0.41856051289643492197 -0.79242734021254068733 0.20516410681614732914 -0.90818863758397805341 0.36483021782419772228
0.70081104984453823636 -2.7540773740040180861 -4.6538322390305753018 0.96811440550295135843 0.010188681638556226772 0.25030119581060628065 -0.22476614224088597993 0.47650746679130362438 0.84995341954388536898 -0.11061048395122893839 -0.87911138364749386032 0.46360381359677055313
-6.0472424885089290925 6.1678447105287315111 -5.2403072293729877629 -0.70676577669401219328 -0.008400760546399328732 -0.70739774110216091518 0.4097417280646474258 -0.8200008734242535402 -0.39963769074757171662 -0.57670950501680573463 -0.57230061576564805748 0.58299069633878186636
4.8405489041454767829 -3.4980578326566962311 -2.9507200016839254531 -0.82934700681240991482 0.0054039898852967210158 -0.55870774040151893747 0.53705866421000858502 0.28352681504547710967 -0.79446871325881429637 0.15411532528660429331 -0.9589490820912278668 -0.23804437499820130242
1.5090572999048410541 4.8391948111919482756 3.530039711413746506 -0.70403792877576665266 0.0099062901005340202321 -0.7100932757472342427 0.32908526255900050206 0.89061686216505553393 -0.31385425724970755779 0.62931191376893469425 -0.45464653330220222704 -0.63028806505019774331
-4.0020216962571693031 -6.501678948612688913 3.7666755567630922918 0.96777433042886906733 -0.00725130886539229573 0.25171464773203483523 -0.20248221411754324661 0.57186922863064182376 0.79496323079218855767 -0.14971238535662914626 -0.82031274759398842278 0.55197209875649466682
3.8054995155625448433 -6.9424842684964351847 -6.2684137787073899162 -0.81063078415656253384 -0.005288463067023938674 -0.58553374278171699263 0.2500655803432006441 -0.90731511803382736137 -0.3380036717475409791 -0.52947609701031583818 -0.42041801667578698742 0.73682002819496483781
4.0870442152001045244 4.0519444521405123538 -6.0468378015716783835 -0.24416410903828694723 0.012237164803248884101 -0.96965671227257432818 0.87467759859273042089 0.43452902094050432913 -0.21476412288946553075 0.41871587786650776852 -0.90057469526859401654 -0.11679996517289613356
-6.6412211216106031841 6.2361977172581406492 -1.7942155121493861269 -0.9922806420034183672 0.015313163474002720182 0.12306353858736608642 0.058183582469148210914 0.93383374021293663603 0.35294364475201495113 -0.10951620079374846384 0.35737942395197691559 -0.92751611797288224803
2.9105591134776140905 5.4577175604253458374 -1.3815348656521158066 0.73125725943357611225 -0.00044612662176476795828 -0.68210162109221750271 0.53874886394372145659 0.61369510205549715476 0.57717240345708964444 0.41834493199390138107 -0.78954298343033335605 0.44900934866753205998
-1.2738498850264281526 -6.369951640625190592 0.068997865786853532222 0.93548612069402703462 0.005511203654891877815 0.35332045599328365526 0.35314357833463400071 0.020684726210261135393 -0.93534044881138078686 -0.012463188596719160239 0.99977085811497867773 0.017404028100460905426
6.8895830346678197387 -7.3568101610660363576 6.2518770723691554636 0.85646638292392218705 0.0010857696505652417521 -0.51620166216853169416 0.50008262116741741821 0.24620900847682469781 0.83024002321690304473 0.12799494883644316201 -0.96921614991148108409 0.21032676440064726475
6.4215216854301342408 -2.6483979269244737331 -0.33944759834454857339 0.978609206122099895 0.00097430193173581188491 0.20572572135967145956 0.033358863483589129562 0.9860035073407532602 -0.16335320547472620412 -0.20300543815443791718 0.16672172698103440713 0.96487960794716376434
3.2448301861566859472 -0.98432193357907493692 -3.4703157279880327835 0.99787594009152780217 -0.00083244184094527896942 -0.065137663660180283864 -0.065081133236344970716 0.030822816064527636115 -0.99740383000394272628 0.0028380069063261934709 0.99952451748344672833 0.030703170298285255985
-3.4384903691054482522 5.6045952702533625711 -6.6747925298583687947 -0.95185746125882797486 0.016492266343890001762 -0.30609700847367127263 0.29714239026851974046 0.29500895293156537136 -0.90811679733152927962 0.075324453872381111341 -0.95535214598648277029 -0.28570702442843887159
0.097019991865993110425 -4.5934289615838643783 -3.8836513179698450848 0.95808428583194094053 -0.012275457267002937156 -0.28622336450889984683 -0.22629296140743870858 0.58025782058427199939 -0.782363315390015579 0.17568721313560697883 0.8143403310652795879 0.55315805005533991157
1.3449420735433128549 -7.1780118723423740335 -6.4961834553742425769 -0.9991922921282533343 -0.001646615094270042004 -0.040150367497240213588 0.03968379877801833655 0.11674364708702443527 -0.99236894196634284349 0.0063213500124407254188 -0.99316071686487450432 -0.11658400838219518114
-1.6339543996249816793 7.2016679776961556314 -5.6694036119547366326 -0.99810352856440898162 0.0014199934374190285521 0.061541286027435471162 0.058627840681522068456 -0.282825724573635362 0.95737786992207163372 0.018764929104300137608 0.95917026285114781459 0.28220610251659433709
-5.8701766538823125785 -0.12718865817470098589 -0.74151495154764701656 -0.83812798920585529494 -0.00023561818743795008221 0.54547357240658422839 0.4811315181905043703 0.47084842133553050925 0.73946888124484311255 -0.2570096027654084625 0.88221409454280930174 -0.39451787725844000843
-0.97652585235372169059 -0.61722354650809674315 7.0885701855079723543 0.9798475541609468209 0.0008231568156447498924 -0.19974507007108219248 -0.1975713044914049199 0.15117825851018468208 -0.96856115645592377739 0.029399834122061183767 0.98850617426832987356 0.14829427900939709528
-5.1056589367811193725 -6.0531092358651612528 -3.2778406152325740841 0.89677484530598083889 -0.0055505386929433188706 0.44245233454763338576 0.083070860001492899394 0.98425406887308619641 -0.15602294743201919336 -0.43461949915424785695 0.17667235048804949549 0.88311537837816223018
3.6716146816745234283 -1.7121356672771934626 0.60480309870146209406 -0.80084144202004481361 0.0043314098376087701442 0.59886077149211836002 -0.11793839231951422364 -0.98153201384163024645 -0.15061686964278947487 0.58714863566260311334 -0.19124890769026597903 0.7865623528665380837
4.2068314693722648201 2.9258962450670122912 3.9036100208713495618 -0.86185111686422655186 -0.0020739289283706833361 -0.50715712671589252558 -0.0027993949474549874833 -0.99995695160629305409 0.0088463733915130800256 -0.50715364116587868804 0.0090439898857676091076 0.86180820981182848506
3.1373646046245236008 -5.5093572111874236086 2.7038906511187903448 0.86582085904592076542 0.0018723745741248756791 -0.50035061132609293111 0.4522342066521599091 0.4249639401772333791 0.78414913880118986 0.21409918816899456417 -0.90520834273802275316 0.36709589191769337324
-3.0669280500466316042 -2.4360434446502963191 -4.8786830400950780273 0.83967455467459672924 -0.0016837760282841845658 0.54308729236690145292 -0.2668165378180749614 0.86971091807028366727 0.4152250644363010279 -0.4730280936464890118 -0.49355859215257730233 0.72982486853599304322
2.6375503885797959569 -3.5143552541113747267 -0.11982779332624929336 -0.75271725237477926651 -0.0006311694277649664616 0.65834363337276224915 -0.56553923869467237484 -0.51129987475129190511 -0.64709953451997004326 0.33701944672973732642 -0.85940214085403443534 0.38450728578470244612
-0.86241660981149137477 4.8177096808910642167 -1.7124520618505232328 -0.99796170598991040812 0.0016438732372540953985 0.063794443790142402184 -0.0082774143722862472683 0.9878887246138394751 -0.15494306112909828066 -0.063276518464743802816 -0.1551552946616138462 -0.98586150992389598446
-3.8518609393616602965 -1.768799359671969107 0.8450728715941823177 0.90548142692165611845 0.015171500767215000821 -0.42411462019643925148 -0.42030971951161433253 -0.10611822198752093871 -0.90115407264591351755 -0.058678149118709291288 0.99423777263121226877 -0.089711349835639039862
6.261342826115206428 0.79899263089985284036 2.8625697649611239193 0.99319494255292983809 -0.012255679482477887729 0.11581711621235478427 0.11091595705502840796 0.40280546999526145591 -0.90854025987432185385 -0.035516989707445156821 0.91520355750086546109 0.40142370605112998039
3.5432093132387230128 -4.4393861149686628664 -6.9625508289080810798 -0.92755154306966214328 0.0022256787100091114315 0.3736886154315863795 -0.36337223285301240017 0.22804472512467513501 -0.9033029523555560214 -0.087228179738032776691 -0.97364811389799466035 -0.21071448683582896799
-2.4141014127590874061 -4.9418864709266285828 -5.572316423409144015 -0.52909843383435117836 -0.0026668508893176868894 -0.84855626520612359442 0.064472320217258613506 -0.99723087515939790038 -0.037066178043838160505 -0.84610765700351064922 -0.074320048003963051775 0.52780523228252507195
-5.0876128187363356403 -5.3610081771557283048 -4.9263036824479682352 -0.96095775510456293844 0.0010910005256774962801 -0.27669297537580062052 0.1815940091369103726 -0.75201060036599165493 -0.63364317465181663191 -0.20876735556604103516 -0.65915010934924656016 0.72245229918304365579
-3.9088326225999590058 -1.3446809868424800527 2.8556504763510974776 -0.8966333985929022532 0.002964080108910617517 -0.44276377760233875946 0.27245528339909363957 -0.78455257530460209558 -0.55699674606861726556 -0.34902244494531065033 -0.62005521593827905846 0.70264846268399228091
-3.4685854593452907224 -1.5985556308777839618 -0.78341730519116370424 -0.75079984484971007408 0.0076402156009905547451 0.66048559414972063397 -0.63935708505465305151 0.24273605401648945534 -0.72959010812306901439 -0.16589789258500531322 -0.97006228417873752168 -0.17736136571914432047
1.0956345779485454628 -0.7156439353642388701 -1.2651058858654602446 -0.92085129710624991084 -0.0017331468166553874906 0.3899100983813471033 -0.13201547375736086276 -0.93954394513912475873 -0.31595741776532310086 0.36688527267562581757 -0.34242396434018862461 0.86495145837168452285
-1.3473416008798317911 -6.1791231554763710321 2.6772782692910861435 0.95635897021776583582 0.002657874703244288931 0.2921822304419536831 0.26293763870973441144 0.42830671205130160795 -0.86453291352118943891 -0.12744143060139609402 0.90362951263991808659 0.40891611077631617732
-7.2401273171250224436 -7.0705992803311552564 -5.8053740764236874128 -0.91619018993462475464 0.0063360991164360322414 -0.40069363573133726097 0.20848305927997567988 -0.8463770691756582476 -0.49008231019590414723 -0.34224311514021005243 -0.53254643987321281795 0.77412139843659166782
-2.9351730985208956959 2.371253600491961766 -5.7761800134056739964 0.75524624754160540885 -0.011525865612713747516 0.65533980498378952007 -0.38381285911405449429 -0.81826672623336926815 0.42793370271344149947 0.53131045044594960025 -0.57472316741300699672 -0.62241664991055944967
1.208233637939073013 1.0829495078523074802 -0.44312281889558347014 0.87945618704876415972 -0.0061513488365107626271 -0.47594009703854384119 0.46819352944074316136 -0.16894237333177164473 0.86732536771542945164 -0.085741670449001425314 -0.98560673465659320858 -0.14569739375874027343
-1.2033861212875867075 -2.5157931895642220432 -7.2162650060111186434 0.98729494817062679601 0.003149551383135449148 -0.15886713204048905079 0.13717969163378682107 0.48766783482914050074 0.86218432778393006011 0.080189884149787699075 -0.87302357539705643941 0.48103993522465027244
5.1745601754615799805 0.98392882998355468693 6.4310427377368899471 -0.99963375006018251323 0.0072523747285489891662 0.026072376211836157528 -0.0076906496689750098589 -0.99983014554874316548 -0.016749148026325860056 0.025946476604820002676 -0.016943527163353379328 0.99951973329148224856
0.50340444289753050189 -3.1551738633342343299 5.6816729866665154347 0.87392664628639327162 -0.0048900157219263825498 0.48603323410743465294 0.44666254497042634508 -0.38627595810516829333 -0.80702134736983055507 0.19168930025234903747 0.9223703008750179233 -0.33539266574056986192
-4.6455156291985524319 3.8866711317244697632 -6.116714523029161299 -0.93652288922270110483 -0.0061217114933489729517 0.3505529954378168167 -0.027434771144532771325 0.99806136959839197864 -0.055864441710624546111 -0.34953141674856169629 -0.061935669559440166554 -0.93487526523162667313
0.21735507951100416224 4.1769196182800207851 6.5762508909470831497 -0.91602462515243432417 -0.0076024341526423665563 -0.40104998330548802254 -0.39440068831937757921 0.19933399969015430653 0.89705855640574139187 0.073123068641891844632 0.97990211733745258282 -0.18559325760902564695
-5.9906738561552854705 -2.5625341085253303675 6.7845372621567774374 0.98942680603128874139 -0.0057558883187410489826 0.14491882298898139947 -0.09874951867639797376 0.70508585748816521299 0.70221255053695419424 -0.10622206959025659589 -0.70909858505010991969 0.69706245675123468253
4.8380620610600555409 -2.5141274499349877125 -7.3228396846804315601 0.85899974458392169829 9.2507750884172901262e-05 -0.51197600553851307925 -0.15489218002915575156 0.95318427758074475431 -0.25970780800465698146 0.48798345399267539779 0.30239002036292256248 0.81879937971045568812
-3.8249018450164360416 4.8602785329262108149 -1.5167698606158936947 0.93216565534740103427 -0.003127529168537883722 -0.36201852100702441861 -0.3164755953590008275 -0.49265105694181549056 -0.81064056994227529085 -0.17581350497889033924 0.87022132509806071621 -0.46022218200734615889
-0.35439867579530787145 5.7450426788964668035 -2.9431768447678066103 0.92803534161547218684 -0.0055240380840549203542 0.37245119105176599517 -0.15822001659795242867 0.89936026444863459428 0.40757519683933529642 -0.3372192625879385508 -0.43717342066280218127 0.83376409685555463724
4.5902346748567781631 6.5600086017125747162 -6.4817178891827484932 0.85658107499038094179 -0.0047495534965967412672 -0.51599060428446552606 -0.46437884690354463979 -0.44309626457301726221 -0.76682330876807947018 -0.22499144098580256546 0.896461455982898614 -0.38175346680822641598
5.6149196034435293612 -4.3384264338160791752 -4.1109169134586629468 0.99736777447349966863 0.0079481878467314200087 -0.072071830500307410006 0.070991116565528353255 -0.30934067552503696774 0.94829774218574347522 -0.014757500143775767118 -0.95091806838213399633 -0.3090906718324537561
0.16907609191641592705 -5.2324738649677202673 -5.9309460807683960226 0.99472335958238899956 0.0011894048246238663954 -0.1025866619850872713 -0.05343008921780478121 -0.84761923168362207637 -0.52790800680258165301 -0.087582323943003845268 0.53060364057958742112 -0.84308309978110584915
-0.15021194959644987299 -0.85728871848842513881 -2.9513971258474027692 0.64768581836739047564 -0.0056602441890400909119 0.76188650225696707974 0.37853080573072334092 -0.86543918841016997945 -0.32822163285916644559 0.66122425076408386513 0.50098200845901441625 -0.55839011219919787443
-1.7980013862777040057 -2.4949952196966793672 1.6420241124688927936 0.99948317037829137455 0.00040700483710123976089 0.032143840430353343152 -0.014379110867952831637 0.89997234017012928131 0.43570979802996867569 -0.028751231298815838749 -0.43594681014512798312 0.89951306017367116397
-3.2580289899263825681 6.6119979668978450249 -6.7439845278099861403 0.87367242603219841257 -0.0021303022232647675013 0.48650997297433973277 -0.22236795354136335012 -0.89117419393030616881 0.39542515007345113709 0.43272275792814923756 -0.45365627724664381315 -0.7790680309741506715
-6.5018998425763703253 2.5225335926621461624 -3.5720652851240206616 -0.79128706352514255329 -0.013811096660974131467 0.61128883247338849927 0.37694243807671445889 0.77615254916587661516 0.5054716795229680093 -0.48143450382616587158 0.63039390386654858833 -0.60895348302923857364
5.398295737963079155 -2.5569012744659871395 -3.3115076888420191814 -0.93765943408186813723 -0.0056424346590022936981 -0.34750963815184349182 -0.22535202098868600817 0.77107685489440114246 0.59553081404964924861 0.26459639512586557997 0.63671708535058180178 -0.72427902144754885416
-6.6853894668035875881 6.7070051983442091625 6.6912689760986401311 0.99614456452052002611 0.0027134488895277225629 0.087684911880074475898 0.044842350451651309673 0.84332567877593256345 -0.53552867628443567849 -0.075400067521595531828 0.53739597757355328511 0.83995261360720852029
1.7385168781061233201 0.95259215843008293589 -5.5344423433675418167 0.82080994738475920869 -0.0046768470702114118068 -0.57118224532611927557 -0.49752730948700712998 -0.49708647374416964348 -0.71089493874639586579 -0.2806022212828704343 0.86768840301230931722 -0.41034038149932794415
-2.7294865534929466655 3.1572796413857568965 1.8671906830845987901 0.99699273012985234477 0.0046814999057356934675 0.077353601253034781626 0.027566450713796843836 0.91146183475758635328 -0.41046000362447571108 -0.072426423791494956572 0.41135800385915338717 0.90859177070772123574
7.2811763438229135659 -1.860110051196054215 2.2153620453036193538 -0.74322740258347441689 -0.002014170949235759029 0.66903585192745906873 0.58573625002736395828 -0.48519460065666358828 0.64922973198824152075 0.32330492333536681171 0.87440387842748468206 0.36178969573228575429
3.2372203198551927628 -0.18168399567190657296 -4.6365850372175838601 0.59380075398728493496 -0.0035540985604577222251 -0.80460427102246057096 -0.80092815810193651593 0.092971379346337326699 -0.59149844309338228676 0.076907412670082248018 0.99566243828205636124 0.052359897541333570714
2.0509821747339240794 -6.9805525536232053696 -4.5781613007407964133 -0.9330580317852634753 -0.0035052492615038942717 -0.35970880243445607638 -0.05355381541595494177 -0.98745568209708500795 0.14853708206592905472 -0.35571716036143313788 0.15785749624861727947 0.92116573574062621255
1.1250870854907064622 2.3089962307240581296 6.0166250956368445557 0.0084787858010620179017 -0.015718724110646557779 -0.99984050323220985401 0.62222150461677161459 0.7828096673988694798 -0.0070302076299774661494 0.78279531768133514547 -0.62206265467333154984 0.016417803659660858834
5.8301111174600173115 3.9936002524915110712 -5.0246272911517637638 0.5381055491586417272 0.011468714252891015065 0.84279943436027859871 0.15794826110897114413 0.98082228610144672754 -0.11419277516241860271 -0.82794611224240732827 0.19456647110953689817 0.52597445141630794208
3.6437050311972294381 0.2480512948086922298 0.4277652045638713485 0.9014708879472840275 -0.0037251347803342136494 -0.4328237072461950663 0.081246092350447107755 -0.98073284270492877557 0.1776574336124096265 -0.42514622268266066829 -0.19531823931941788564 -0.88379945390797298721
-5.4054947024067443451 -6.3467870395872827416 -6.3347917010313414821 -0.95243667259634068323 -0.00017005998306967597643 0.30473653501563080503 -0.13202883395907000219 0.90150122976595370439 -0.41214550796283794254 -0.2746502716130667654 -0.43277650561246994165 -0.85864528444094934123
6.6005743560649756674 5.8652022995026484864 -5.3923117510327456259 0.93718848443700286666 -0.0049512127974433882069 0.348788231066453569 0.24237947822080999072 0.72832669032985630775 -0.6409309016505640999 -0.25085839267611309555 0.6852121698022139995 0.68377945945971640995
1.6405961345984254596 -6.1453257947212378554 -6.0265914802905227177 -0.93254089764204273205 0.0062311583147442988623 -0.36101059110643823891 0.099146187994240200791 0.96583619375247586891 -0.23943784212983790227 0.34718512011770918946 -0.25907840416295030428 -0.90129954669090928121
2.1139491650258297462 -2.5132965092585060063 -5.8549881310831022319 0.93791740064870354754 -0.011201427023606897598 -0.34667777199168930968 0.29801743313905060262 -0.48536617141559285082 0.82195212098417702595 -0.17747269960665107424 -0.87423921650657987481 -0.45189515732789264923
1.3370974630551821782 -3.6461971849752692343 -5.9158363656818160337 0.9995962583356402531 0.00634574738386691449 0.027695700236885400364 -0.021181664317779722029 0.81611644965588758804 0.57749915817939934115 -0.018938252775812444706 -0.5778526387335437553 0.8159213629330202
-2.1829517429215243851 3.7453124700508899636 -2.093219357699850125 0.7907949743757940464 -0.015904753662094140571 0.61187445388154593218 0.40494164462271842186 0.7632144971209032791 -0.5035135507955944556 -0.45898319462941350455 0.64594943315674435702 0.60998668579924941735
-1.1971445011002994629 -0.82969310980676180822 -0.678978436778359562 0.71899516835452259578 0.0087892707564407902832 -0.69495949277803437116 -0.42038262767993517244 -0.79077307389621942502 -0.44492290562045405666 -0.55346580222068031407 0.61204631713650337055 -0.56486716266023107025
-6.9982558250789823617 4.442419828370584689 -3.9266608815531336418 -0.97486241240790760809 -0.0023996706367173134371 0.22279479000843233072 0.22067701748016593788 0.12755827126033664198 0.9669697727380426322 -0.030739727229469659964 0.99182817514615617682 -0.1238222118843827213
3.9361063583316946435 1.0247413214310363561 -0.77097141583762074379 -0.91318002558858879514 -0.008079568901196695907 0.4074763323586403363 -0.40477501573620439101 -0.098627682582274445178 -0.90908182627536027187 0.047533435619849601084 -0.99509160422288578385 0.08679442207512340357
-2.9366175747573439736 -6.2374943016449631017 -4.6781523662056994084 -0.99392528765615340003 0.0051931654662084386284 0.10993431488925675676 -0.074298050205617832686 0.70525454066633441741 -0.70505023410062672706 -0.081193117278340470877 -0.70893516198738226741 -0.7005844801339501382
1.7305634271466694418 -7.225306678124679749 -0.040158344389217455472 0.77319054603164849571 -0.0054609063794339831113 0.63415026455002310168 0.17102465739003325229 -0.96111846482284979398 -0.2167991308586275645 0.61067744848808414027 0.27608237009625230529 -0.74219376097491662758
1.1869426064805983501 -5.4746550918248670925 0.8652541272755707169 -0.70354879992330010552 -0.0060289129889462035605 0.7106213748085307147 0.702431008473513252 -0.15751469224996170193 0.69410359461712789475 0.10774861698188648029 0.98749823996483543365 0.11505416813357170758
-4.5154084709592163804 0.17482077089342254461 -0.569308911074871693 0.78323680894923497497 -0.0018431331926846896557 -0.62172076044396773487 -0.25115034769398064673 0.91383542252767435699 -0.31910550510252738698 0.56873860776298712505 0.4060805626887293851 0.71528663670316960932
5.9083641787673562007 -6.6626628990724663382 5.6749767241671822404 -0.98802822284073044123 0.0083602718031342872218 0.15404654077758461739 -0.10529849360154523719 0.6932239972824369989 -0.71298858114064622704 -0.1127495370962522947 -0.72067370941857789024 -0.68404455003853548156
-2.0825958932509349708 2.3576859203214044491 7.1215476055937205757 0.80554234119247714041 -0.0033364004485744052676 -0.59252882206535206766 -0.53702496111986541827 -0.42671165866315280413 -0.72768217753024844185 -0.25041111732568882564 0.90438157256388007621 -0.34552603885486732338
6.9491086280879041936 -1.3866971266346421743 -0.1134461813717053541 0.89867170289953735018 -0.0018581170803926158001 0.43861796339014430535 0.36368458527317631956 0.56217357742762152917 -0.74276132860891785903 -0.24519929209170079898 0.82701718013779501604 0.50588525469178546867
-5.8089861311784947162 -5.3103579367592788074 -2.6370427632941195739 0.79588769721724939021 -0.0001499368584224893778 -0.60544425914959532076 -0.13161670042592224505 0.97604225473705785721 -0.17325865385860866885 0.5909651576762010583 0.2175810067235875167 0.7768002883148108495
4.8865526210550997988 5.4294681316457023001 -0.11213681242896839096 0.99176601480940840272 0.006712468721636423441 0.12788711675819139368 0.1278972650378881748 -0.0011032518618256919457 -0.99178680795377660573 -0.0065162462272730847443 0.9999768625317805304 -0.0019526740934646220557
-5.0228186941429084911 -3.2944591499610549334 3.1035333910780091848 0.80319635932692234892 0.0013362215135390119458 -0.59571286949001633904 0.50869717590063834312 -0.5219283201028448449 0.6847028639528593974 -0.31000450253944411561 -0.85298830190497532122 -0.41989065864655422677
-0.5490910153434630514 -1.7606047628231222824 -2.5111593260884919054 0.98825822266044893727 0.0017794071338580030178 0.15278258753602669273 0.11739733970190524559 -0.64883827580683617331 -0.75181563995370015441 0.097793404557098506658 0.76092425743856384468 -0.64142865890667033479
7.1363361040028001625 5.122699903901092533 2.5224884970607468482 -0.61607759957766972114 0.01166791053083834212 0.78759904212892806186 0.39941811340360372506 -0.85717795262771989684 0.3251324779441064905 0.67890615108703067371 0.51488816008213511566 0.5234277606542107053
-0.22929467530798214314 -3.3389991882037968196 1.0208491195266127249 0.89607235750048819245 -0.0012325655991377512666 -0.44390630870193625857 0.44309767902284136198 -0.057911684172741485777 0.8946008515985217624 -0.02681001618649018689 -0.99832094920328140475 -0.05134691240735608786
-2.8111198116040116979 -3.9770154172398211045 4.2594192950995068969 0.99699360451520513404 -0.0082013054583944863113 -0.077048628440285010788 0.0018788281528656757685 -0.9915314148756814161 0.12985346864581301385 -0.0774611035328260783 -0.12960783889633606392 -0.98853507046338329189
-0.064549037717246585122 2.6373493538918055812 -1.7461611915165797804 -0.98617030477136002897 -0.0061105532158435785922 0.16562243545670177203 0.04820699583382025144 0.94553696378915896847 0.32192535728200122325 -0.15856927678426280259 0.3254573877604009513 -0.93216590433907609015
3.355308941511929266 -2.7314661314687747051 7.3591236341601504733 -0.9310594353874748208 -0.005556229293950042461 0.36482524048082065615 -0.3330435506538670376 -0.39546411906423206695 -0.85597320279347044458 0.14903127572338473183 -0.91846462035773690502 0.36635013307971531216
0.72416579276916426267 -3.3115735585108074801 -7.0863538985048286634 0.95101827321202625498 -0.0086738138630066512202 0.30901295922661070614 -0.30207514755278258578 -0.23847933065010973319 0.92297248825930799931 0.065687512114713395017 -0.971108837260664437 -0.22941834483417228308
-4.440362165995114907 -4.5167258371558478558 5.9085954520164918335 -0.83412478899397624055 0.0040821243543729913636 -0.55156066995972974354 0.40082898091004465213 -0.6824522492758102743 -0.61122422687662625318 -0.37890891312863617113 -0.73091878052153325118 0.56761410468071138435
0.95258117060622482519 6.7791319134228551491 -0.0096576597581510444102 0.99958645317798366925 0.0014126828855838247621 0.028721541568280585521 0.025701514123000507306 -0.49187129159474707318 -0.8702884950847286083 0.012897860085300971722 0.87066677714966567159 -0.49170418787447633946
-5.2542663721563940271 -5.4689079837323575362 5.6453541531443649504 0.96632994165903107753 0.013017514196015177175 -0.25697662963312722928 0.17613543599562878073 -0.7615107846866975283 0.62376087805541413633 -0.18757065879305673262 -0.6480215036015578578 -0.73816351767748222823
-3.9061699614995890606 -0.49385567875891200895 1.7772786681528476294 -0.99889714282772956722 0.0063331053203728848028 -0.046523003207876938159 -0.037253685043043195668 -0.70999031145712909741 0.70322536969854887445 -0.028577281207215650405 0.70418296586474182774 0.70944322506094703584
-5.3355370764688254681 -6.0106978751128083971 2.6032476940632327533 -0.80804496135694925396 -0.0062784843883506961937 0.58908736284143559114 -0.57603521292275317034 0.21800523737191074281 -0.78781796752255484062 -0.12347782755910213792 -0.9759274036075334946 -0.17977466169918493444
-1.2153521525057788821 -3.4952000410283186049 -6.8765761695946565624 0.95883874298629112598 0.0069454071781505262451 0.28386621191598843117 0.04448534979673637868 0.98368194248857798723 -0.1743298301363736813 -0.28044485839803057203 0.1797820829255807884 0.94288338836632135109
-1.6868271348826373579 0.07743255904826978897 -3.6869698428633013165 -0.90389590386494722551 -0.009365366242465329033 -0.42764995602868877134 -0.31131275344858189147 -0.67123565319941325136 0.67270132110338232145 -0.29335399181945909231 0.74118485399328914998 0.60381159950303286976
1.7308113332085470759 2.565814022484033341 -3.4364278813542536994 -0.83895049724476644659 0.014294987209213915608 -0.54401995966453586817 -0.53819563312692120238 -0.16997495454920139024 0.82550225639247953868 -0.080669223721477084643 0.98534469510257283176 0.15029407232985628196
5.3999060864472054888 5.6548588305036169288 -2.4498863363351053302 -0.9321444504498147543 -0.001076196103949034243 0.36208502495636946117 0.16439943473232707105 0.88972279825305267131 0.42587106984199940563 -0.32261362239582541678 0.45649992778815229322 -0.82917324279911119866
7.070812820321727088 6.2489650506616376546 -6.6549258002784537069 0.96870782289705326118 -0.015135932995937536813 -0.24774191690190366932 0.074970444363020832812 0.96936058354859455655 0.23392197745028753264 0.2366106217605041806 -0.24517537110116763288 0.94016192811426602116
4.1809064297754581219 -3.3399940353985608787 -6.1231333186734655527 -0.89716251266884794457 0.0080458812100791966132 0.44162731987193931671 0.44039073289434582659 0.093237380162122671101 0.89295173067824040736 -0.033991590761569975832 0.99561139745185678329 -0.087192413783881220213
3.3148102117139184308 0.68018602696819474573 4.2734963742702625211 0.99838878432584032829 -0.01233281746935444359 -0.055387155059955804626 0.013641189881680724702 -0.89530496042207974305 0.44524481555923345333 -0.055079517708356826033 -0.44528297683269307816 -0.89369419673181238473
-7.0485208032939308254 4.038034248206296084 -2.1824397661534828963 -0.75742011278348508885 0.0060021644739112131606 -0.65290025790514338855 0.53904553181208669788 -0.55850989475289591901 -0.63047332385793708465 -0.36843545891294260386 -0.82947614280621717597 0.4197911875335298415
5.6519865051647908416 5.8447931271066799752 6.2214481511518471279 -0.99865207859741533802 0.0040521215384543268073 -0.051745591350659786434 -0.037791392580942370638 0.62661113546667179808 0.77841524622533120326 0.03557859693670176876 0.77932154161185074326 -0.625613377590232278
-1.7532714418212320684 5.7668027339289400501 6.7904545310015240744 0.98818615767441586595 0.0020135638554981171236 0.1532451087027535408 0.13590221171390373667 -0.47371749038954996669 -0.8701277654173715792 0.070842830491055525099 0.88067456240071506635 -0.46839471443267771678
2.9657023824436321568 5.2878620258591357839 3.2491424420845183008 0.93030260825519883738 -0.004970078106440150266 0.36675926081996401695 -0.30576108871386881161 0.5417993977837354258 0.78291989959991292736 -0.2026011196960006977 -0.84049313553698390411 0.50251773641657748737
2.392900815645730539 -6.0168151997888283944 -3.7279056378609385369 -0.92386265740927853152 0.00010783936024767737383 -0.38272415473218945881 -0.32711497942392231408 0.51889702132374626586 0.78977317724634810148 0.19867959251332484305 0.85483675028157202203 -0.47935430517173216458
5.7814640748608283616 7.4149236450594777637 -4.887443637474357061 0.9962079779678498781 0.0034471968095761036655 0.08693550176643030647 -0.068596486797476569075 0.64576063809165606955 0.76045231296285109579 -0.053518096306431096887 -0.7635321310368244907 0.64354836511483837214
-4.1274690053895168873 0.97099280605364857166 -3.0366447710144406358 0.9904886838214853606 0.0070876049734704994754 -0.13741154637453772969 0.029738375830451427295 0.96404096382403958732 0.26408454909765699536 0.13434208657104090845 -0.26565915366291770194 0.9546608915477656776
-6.6808167278847383486 -1.3168550014742645971 -2.4896054070799227276 -0.97786038748721137992 0.0045025646515578533757 0.20920991729574517359 -0.15308270699958698158 0.6662391477296634168 -0.72985689203438042227 -0.14267006483852290311 -0.74572456372581796824 -0.6507996063727794489
-3.4190546888489632416 -6.0808206272366760459 -5.7675729210657316059 -0.99935149776209297734 0.0032686815084295587144 0.035859442854576970006 -0.015874625996088655849 0.85387493408296577524 -0.52023609370592283074 -0.032319965503226320835 -0.52046797467864680531 -0.85326930518081189891
-4.3244303863064557092 4.6734504233456579669 -2.9098432793348538716 -0.94814407474653650265 -0.010483170015970882591 -0.31766793459451719839 -0.30768597879593834188 -0.22034622921095561865 0.92562242719422482828 -0.079700388803999863696 0.97536538918446913371 0.20569444719187393589
-7.0358273200626433308 -5.9195193385316304813 -4.3108680431355788087 -0.97505650892132178509 -0.00072258091896125432527 0.22195558629388867367 -0.13219329861083559119 -0.80140022102874497456 -0.58333748168401544643 0.17829676444805844793 -0.59812804951110354335 0.7813149814098222512
-5.0647553567319301138 -6.5111819919013020908 6.8066375565988650465 0.95005950606429034888 -0.0045677958911264655156 -0.31203536686983313064 0.20455368033791321292 0.76425005298483772442 0.61162051009838391824 0.23567928801041307385 -0.64490386241161112846 0.72701738730888154638
-0.2554473251851600013 0.024091129635130784092 2.4820071526570122167 0.94958014706215854162 0.0087682525641890225743 -0.31340175821533250433 -0.22741621126178937495 -0.66884367565857505422 -0.70776408808794755156 -0.21582263820280039868 0.74335136730794615367 -0.63312663311588279758
3.5032800477048562371 0.41083763772268788728 6.0218442913050722609 -0.99169928925411066079 0.014269878811435744714 0.12778454621569521055 0.11898384463087458007 -0.27486038993017819498 0.9540936069193061142 0.048737710345412299517 0.96137824845686148389 0.27088096829443042424
-5.5101155216059014563 6.459375806224876726 2.5863994862258805618 -0.87348782130072277763 0.0033500640670412989812 0.48683447198202073336 0.48095913536666956567 0.16097445654325856501 0.86183846192188895419 -0.075480700490944907521 0.9869528871285121463 -0.14222047124815812014
-4.3764455065323399907 4.4677532922440530427 0.36351110554211685244 0.99996124088898896698 0.0068925637645851226334 -0.00547807307070923271 0.0048912705270085978654 0.082447652833912143944 0.99658339340709822807 0.0073206688525260443443 -0.9965715614580540338 0.082410743842163111661
-6.1813881337492579959 -2.7437776961264597197 -2.9001400709396425448 0.74784146706376852798 -0.0034985908460078520878 0.6638681344981994803 0.5411642540004897306 0.58244466551282170208 -0.60654716371269568054 -0.38454439318778133039 0.81286282451464653143 0.43746958544581693307
