1125 14.717824617146108679 14.977075390850430381 15.033177056927090831
4.7492229226081885685 4.7031103910867866347 1.5249757973687187995 0.87414461146123245694 -0.0010156437815715562735 -0.48566466488820719816 0.073694524471574290869 -0.98814101970857137758 0.13470873109144282376 -0.4800419932840793158 -0.15354573793201481413 -0.86370330035650422218
0.22400772204710170388 3.6439262700302532672 -4.8829136472084622156 -0.9400116307518813219 0.00066495260250382364625 -0.34114174750272135972 0.24509799160397957585 0.69688086807976545867 -0.67400595710727895238 0.23728697512269752989 -0.71718659604210710512 -0.65523909979090710909
0.68821308573397188546 6.0724893739782714874 -3.638539148012395863 0.95156970549889385858 0.0071860080983227273693 0.30734907981684067568 -0.10103300693419096923 -0.93688971702478296422 0.33470881321385465013 0.29035741265981379611 -0.34955116853017981216 -0.89078984810825423413
0.31975768277314092769 2.8103684548863894221 7.1729443696192269897 -0.97344213081871089344 0.0056665997353573908935 -0.22886307608389777624 -0.13876538349308353837 -0.80971976056112426878 0.57017372589488291013 -0.18208400888367590187 0.58678939919205386211 0.78900165697206581239
-3.2516088397877371818 -1.9308180431471848593 -2.7073582122410799755 -0.98700688802824920742 0.0053182840026683502951 0.160589908898784689 0.060366838119767396442 0.93850697976738017836 0.33994189765813986881 -0.14890684282553426354 0.34521929955216412722 -0.92663390148238944377
-5.4784297581279757239 -4.8291692983537686246 -2.1528107679508226013 -0.99983120469972142086 0.01472603382409927962 0.010986629900561758338 0.0081036543868755750442 -0.18321344943469136668 0.98303975643499064141 0.016489175065406657533 0.98296285579572295621 0.18306318917689948234
-7.333520982638271235 2.16428179666250875 -0.12614635299820012304 0.94948462646987363822 0.006954193247292914451 -0.31373648702949674671 0.11984700632365667683 -0.93201017794357299273 0.34204345233447608354 -0.29002696283726497883 -0.36236537832121334946 -0.88576277491304289402
-5.8948585922026879302 -5.062008785666129107 5.3639794711925947723 -0.96780825493808375626 -0.006783863296382740618 0.25159721952484670471 -0.19188524311430579794 -0.62699368238135610998 -0.75502250014744376472 0.16287183657345385979 -0.77899480194196280003 0.60550793834467941945
-0.84274286863196457009 3.8158446608760843155 3.6170386499297704219 0.77391677260658708892 0.0048273204470876832431 0.6332689208034671946 -0.58613006497446895615 -0.37318919298651320737 0.71915323344276926854 0.23980070060644390062 -0.92774270313237205965 -0.28598793816042977767
-0.614190238654735432 7.125039477889591133 -2.3090963505335793116 -0.96439465483854669436 0.01148247391052019048 -0.26421790725025834368 -0.001788581512790314576 -0.99931734905234814725 -0.036900363944418992923 -0.26446124611182841857 -0.035113938485335137452 0.96375684725410371012
-4.5639842760593856141 5.0663876031243564313 -5.4306267588251460054 -0.98915331105072179518 -0.0050467868986679622484 0.1468000585129030644 0.023188961885357885218 0.98151164040424287993 0.18999255721665261887 -0.14504481819103109963 0.19133590800748487282 -0.97074845919159524765
6.7222115034531144673 0.34815969094216975277 1.9518276292155225526 0.75959389301779289827 -0.0046209376616914736233 -0.65038124559767362953 0.61363458511065904766 0.33652418713236426084 0.71428570434445748383 0.21556835028845239277 -0.94166348469603933236 0.25845728456338501466
-1.9832522132568757289 6.1004850641283683288 0.14117745475091780794 -0.87177578533100763547 0.0017672240063506504393 0.48990188510538107414 0.46801287659073359526 -0.29258872968832072559 0.83387995695110317396 0.14481342291324728055 0.95623674483821230474 0.25424468601222977027
-2.2514754267090650863 6.7265638560191538531 7.470541470327647815 0.90929469310433908014 0.0028303353023439482838 -0.41614318484686652067 -0.30540541352571481948 -0.67472701694960157681 -0.67191590693154912284 -0.28268479704722826451 0.73806194983930883957 -0.61266129608288066866
7.2802742421030286479 -2.310781709129019923 -4.259451870674847207 0.99739513628540643619 0.0028877666835559847626 0.072073593762142812436 -0.033787680809121062309 -0.86409429667491832738 0.50219462271054349234 0.063728602210803453332 -0.50332167374096847823 -0.86174587785659306771
-5.6208663556006417394 6.9027238950340139567 6.5232021461442020183 0.97330237428837118596 0.0032912983400879007763 0.22950306220156560522 0.15278669574440473244 -0.75546891464358600921 -0.63712082418539650597 0.17128547459768372896 0.65517622542518816342 -0.73580255492167168097
-1.3075751874552741238 -0.22205907596553930983 -6.8827954141039144886 -0.94054410611837602207 0.0058783702732429637949 0.339620713751226877 0.06646439653781538448 -0.97733744728779536892 0.20098258163797980136 0.33310549145702034179 0.21160566838326141936 0.91883827340250567861
-4.6708436809974420711 -1.5727309915144915831 4.3826735256407447494 -0.9815244314309016227 0.012484219353019170712 -0.19092913547019305098 0.038650877622767823572 -0.96436094096244795448 -0.26175195358423875014 -0.18739236954382895717 -0.26429551606731471747 0.94606129823790674482
3.0677687424183854858 -4.3443153138265691027 3.5745510937993798528 0.65905830343572280317 0.012218180650826429567 -0.75199259885576164031 -0.74417944362967669569 -0.13406012917766180204 -0.65438890382090442177 -0.10880766678603634445 0.99089787456956490708 -0.079260922415314766232
5.8313459211769691493 3.2916532091628276646 7.006801903898915107 0.98309368685045861458 -0.0011801326792891869352 0.18309945429056531663 -0.13884829577098398157 -0.65669003880713228138 0.74126873918496272164 0.1193647922803580258 -0.75415966493733144205 -0.64575169078039862391
3.8720064608713884446 -6.3441276548975453764 -4.1223601335567936488 -0.92184154313486788013 0.0089040916971842836575 0.387464690651718624 0.014629786358794017592 0.99982299083595405076 0.011830314740848051069 -0.38729076764345404804 0.016574201242291058955 -0.92180863369316790035
-5.9807404094735305833 -6.7347424951192804699 2.3060373090914927374 -0.99258376518340496464 -0.006123668168712597358 -0.12140827723911240543 -0.010610177067223062336 0.99928308704391932693 0.03634193295071815738 0.12109869213420944301 0.037360575961263797762 -0.99193714222581652606
2.6284372731677909663 -2.062600084490645358 -2.780276224190415757 -0.99813075261235606472 -0.0052584279463857757156 0.060888008877789175088 -0.05266677256647813582 0.57942773074191811222 -0.81332018044232112786 -0.031003415247229746537 -0.81500665873528810312 -0.57862158139859720674
-2.0241087457745949862 4.2283085530381336881 -1.0856633598548628417 -0.88675703801888638989 0.0026482604615831648563 -0.46222823609187257965 -0.46187924523349505046 0.034194213184754733426 0.88628343017751887167 0.018152640210825257694 0.99941169820113262556 -0.029098782657906028387
-5.4462812765750827637 -3.8919128612503044451 -6.0438498485883638267 0.2425646396750343603 0.0026784183652130795147 0.97013154863364492453 -0.94364101931844002191 0.23275788186274087854 0.23529852334936882108 -0.22517553650187990821 -0.97253102495804100158 0.058986297181888663888
3.1253109260947256054 5.4535891515855166034 4.0569275121061956213 -0.50875085463077718284 0.0051505041089744893479 0.86089839134463386205 0.64544537351892294907 -0.65946002583582774559 0.38537351248831219763 0.5697129432577474617 0.75172198759378450195 0.33217648269040384035
-7.1562637606238430621 -5.8712030358127842433 4.8528977784308704457 0.93668303389518059454 -0.022273496006679577297 -0.34946929105245772007 -0.34659964658807729254 -0.20128205334365595336 -0.91616276937389096169 -0.049935748698455961758 0.97928005513101168411 -0.19625747023874540176
4.5633599572975054315 -3.3973345022064247445 -3.1301990173004310414 -0.61576819030906337904 0.0003550262732510880829 0.78792728710189663399 -0.70137750213238370112 -0.45590473945448178883 -0.54792377941228775917 0.3590252571978918561 -0.89002850656558807341 0.28098064380798098982
-6.8001916935249093754 2.1547976855633979021 3.6050789419474802422 0.85885139397062215671 0.0040936345228605678509 -0.51220847828915938571 -0.51222469514296864457 0.0076065907095674498151 -0.85881779293597493297 0.00038047408633624414664 0.9999626902710975207 0.008629791729802785416
6.2442395020167547059 -7.4648537419322069653 -3.2962801075739074363 -0.98930381177997162023 0.0017659378822931313252 0.14585900541587648593 0.14549681507050454821 -0.059504715329446296324 0.98756765118028588812 0.010423281722017898113 0.99822646244076573829 0.058611303356853300395
-0.31964044633944593832 6.8476682669107438173 5.8968120356888187317 0.95514206917063471103 -0.01012670411483587371 -0.29597479210931498805 0.26400600751699393465 0.48193767388390496009 0.83548603009646049689 0.13418068301860128222 -0.87614697873991520538 0.46299245776734526681
-0.90930955167217153434 -6.8393335867117173166 -2.7260710597240076503 0.99605087589191909636 0.0022206241502923220257 0.088756529131955808065 -0.035441702839808325587 0.92652676681639234424 0.37455578499424246885 -0.081403552348631336155 -0.37622230024445546537 0.9229465003259249567
1.3206785183861049493 7.1654869065890141044 6.0369405130627660228 -0.802938290567438262 -0.0031034922312754998491 0.59605408301316120667 -0.24405350943860082413 0.91403503959975762605 -0.3240028254730794588 -0.54380877711873876201 -0.40562336559895456611 -0.73467115038563590712
4.6594968747638114692 -1.4444139562546978173 -5.2570097629385781346 0.968204385785716104 0.00079617165872287141981 -0.25015921621272196873 0.09001708777059586053 0.93190149917919784528 0.3513637996961122556 0.23340349452135938924 -0.36271057599453138121 0.90219944957142017561
2.9399517624796067672 4.2590121322761289591 -4.0564803080079538944 0.94213503919852625845 9.75975709787205159e-05 0.33523358779979745004 0.14572519956153137666 -0.90069573509826306168 -0.40928151557157449458 0.30190351791123376524 0.43445043819813489172 -0.8485912341182343388
6.2017406926497180564 6.3509293115997955681 -2.789355819787033397 -0.97491736070900714139 -0.0042414967380648149753 0.22252673882792373128 -0.19652269772787284152 -0.45291736826793177473 -0.86962330166511558893 0.10447472931656846817 -0.89154240910151572042 0.44072345490968278803
-0.83677912936207654582 -7.240500011827363025 4.013412884287609117 0.99038758212747102228 -0.0035018785216757381332 -0.13827571737113675265 0.034676241631473071758 0.97404155412136783632 0.22369758405264766887 0.13390293288049706644 -0.22634219158504853553 0.96480009166376756724
-7.260458449290033478 6.862392132888444074 -6.6225498360054526614 0.90184034467413587421 -1.3939568385901851544e-05 0.43206943021189758714 0.20833570748495244818 -0.87605754247967948523 -0.43487862128559978681 0.3785237452323228502 0.48220657613749573489 -0.79006113195440463848
-4.0150925967295147956 4.3560559372415657009 -4.312493395589027223 -0.88854584476632680889 0.0010036028163833109195 -0.45878674188544377177 -0.17636915153346041651 -0.92390155465598533535 0.33955830087299732067 -0.42353300241637958923 0.38262894569776528808 0.8211058919397794531
-0.35592839425810124387 4.0349780390117100382 2.5148953104780171763 -0.98645331567186944621 -0.011808400153008605932 -0.16361667911906438433 -0.0049245599071467121427 0.99908794740912221233 -0.042414880070776046772 0.16396830397921419165 -0.041034558941503700147 -0.98561176954352258672
-6.9954942896962570842 0.1106226903108866455 4.673855220378364983 0.98894788871857941537 -0.0072840835882016282538 0.14808448779474481238 -0.059464891791162002854 -0.93442552968922365508 0.35115930303659048661 0.13581605223028719864 -0.35608407938456859698 -0.9245313019932295262
1.0186419908028430115 6.3977912935880194567 -1.5125798899519824481 0.99192719363210557493 0.0037912284715676172059 0.12675199848438151173 -0.079139926995831083589 -0.76249593204306465033 0.64213458524897548685 0.09908236214481463966 -0.64698190098681251925 -0.75604041248297004785
6.5452377163589492426 -4.7800144618574931243 -0.53745631060614573737 -0.99549531324188622605 -0.0026664871451377151514 -0.094773261839886893676 -0.091430567580353949708 -0.23753342387179843254 0.96706686627944626888 -0.025090488743699609908 0.97137570609427470458 0.2362196117695631592
-3.7559320389089494441 6.3207659279592247614 -2.1716086425211007516 -0.82248335118523729914 0.0045934107982465426784 -0.56877063707652864011 -0.39176099560003813105 -0.72953773988812176121 0.56062287538544242071 -0.41236447391794683881 0.68392513234719654047 0.60183216430675656738
-2.0590991726364755721 -3.1215874928863600601 0.37961455644831865186 0.84677806175687331258 -0.0069103076518770723685 0.53190145870776761594 -0.52586248418235592705 -0.16166998550114650146 0.83506374817587536441 0.080221953708521781534 -0.98682068454010474223 -0.14053246851527401162
4.1158784171296520782 -1.6727337232368695297 5.8167676345138055183 -0.9669467060360674715 -0.0076312874392419358452 -0.25486433869437541411 0.021426270334469248169 0.99358482758111643651 -0.11104100747102250979 0.25407672586369672851 -0.1128315286284903296 -0.96058006616927815724
5.4294970349865128156 -2.2896672943338476358 1.4056998555897273206 -0.78379899380655593255 0.014287975517675346668 -0.62085021628686687389 -0.27256706307907213604 0.89038021943822809323 0.36459602433045429359 0.55800209088524654888 0.45499331708138235353 -0.69398468857672124255
-7.219280214460167322 2.1345817978972370099 0.90549579607341257326 -0.97986060251544615518 0.0066600443736847666706 0.1995716499080509021 0.13267892209144654947 0.76863329357909415673 0.62577884562707153382 -0.14922969969380678323 0.63965498810737730917 -0.75403712966844882448
2.0661156689198310055 0.52735540736079344892 4.8751668739297855382 0.98423946169102161097 -0.00098883667587832996433 0.1768380735365358003 0.13456284769150400615 0.65301595147538349373 -0.74529390654957083928 -0.11474110889844091332 0.75734350813932871382 0.64285712923475191172
5.3768922043667730648 2.6111586045121142341 3.8964382644009463164 0.99997088744228246338 -0.0010812773224527097785 -0.0075534831222540711748 -0.0051364147279037569715 0.63666376356166509698 -0.77112441889184724086 0.0056428283395676516812 0.77114076730954239647 0.63663967476233662701
-0.84214424893868644606 -1.3654737597452653031 -7.3637026390893467465 -0.88814706061909942658 0.0035067347167305816351 0.45954597324430707106 -0.33407305356715194522 0.68175215035832159582 -0.65085267177922678794 -0.3155788231074089234 -0.7315748138731175132 -0.60432466283670427387
6.1560902567627362458 -5.6249625440284045652 -4.4955466885288215551 -0.79673500357342652567 -0.00034867835028753145499 0.60432872884254162926 0.10014162809685669964 -0.98625100926443942662 0.13145569994138642245 0.59597398299177983816 0.16525382037448083095 0.78581561860819004739
-4.9351563560404914099 -2.6222863321233793599 -4.5192080092309314665 -0.66028976992423515924 0.0026953729342162457278 0.75100609498072756764 -0.47852969634963360424 -0.77221942868066784094 -0.4179551216096322741 0.57881495267917715264 -0.63535020967413147197 0.51117840488630472695
-1.6852945915378907404 -2.0397299238690465017 4.5081888742884848043 -0.94483057896987943103 -0.012155030298831193125 -0.32733382391945214929 -0.064631606010571954202 0.98658333421112254236 0.14992024600294867609 0.32111981026984920407 0.16280534357185449945 -0.93293970199405940047
-6.3517833880672380786 -1.967931641613612781 -0.94985252753130122727 -0.9492657234422167134 0.00026381667302569598854 -0.3144749858072816151 -0.11660743613487549453 -0.92900761401409415186 0.3512087113697089924 -0.29205700151811747611 0.37006051330112366138 0.88190584778622427287
3.2735867556077828944 -3.7803932754056979171 6.6947587626154652085 -0.99896344263283620712 0.0014144151359599703086 0.045497689093721475906 0.030797940207399749496 0.75701015684870165412 0.65267687970909937789 -0.033519056699566972257 0.65340157778944008005 -0.75626903346644147597
-4.4829712112557000836 6.3614889396844374048 4.2888602876267079012 0.93393955346407031559 0.001693878462721622527 -0.35742697331207834432 0.0078295437922112059298 -0.99984578016843739245 0.015719863970983904977 -0.35734522344545904815 -0.017479892877647701388 -0.93380878375913112244
-1.2385328683140748307 -5.035083300915720983 -4.6721974588096024661 -0.86251930802286902455 -0.0042214913060317719312 0.50600654373135911523 -0.40003824614969152318 -0.60668556765683845367 -0.68695125272067358857 0.30988682596272915104 -0.79493068943653855118 0.52158925802458111498
4.1945671865918745524 3.5982057111868024357 4.8284332646089946905 0.99866994419989985055 -0.005773951202312311258 -0.051234793248863264026 0.051137541438055773846 -0.01589119236192698334 0.99856518157856200002 -0.0065798485858751237093 -0.99985705552996184675 -0.015574790520535893718
-5.6224098784384892724 -2.3474699404873553554 0.47065701789772518282 0.99126547242452045516 -0.0016443351772663485424 0.1318713742277171086 0.093384414823273823036 0.71481618310459749122 -0.69304918688338890131 -0.093124187228614402345 0.69931046076366631947 0.70872615672023286937
0.67294426225841275091 0.78030113524106992084 7.45429159139358255 0.98450030013033629217 -0.0083866469886908472792 0.17518225707952075898 -0.12279438094367345347 0.68021711211886659587 0.72265221260936185477 -0.12522259800787766126 -0.73296271701420057099 0.66864411790971089999
-6.0953350244114421486 0.071845364726249402731 -2.3868791495182484219 -0.86127262362514878102 0.0043728545023284754942 0.50812434102024117699 0.15557050446607872951 0.95421560552075312955 0.25548071614272832575 -0.48374299574663581769 0.29908770674195012118 -0.82252006525186216468
-3.1762543480777214455 -0.41126466646222342716 1.8041912761743141846 0.96561099349927592694 -0.0076289467539520684769 -0.25987921887833542733 0.11242272901868390067 -0.88903702718518773374 0.44381786162104364113 -0.2344281110135485735 -0.45777173729411968495 -0.85760626006426499135
-5.0470700670936698984 3.8761228032769676766 -5.8365878799639920871 -0.96073505952756699244 0.0037183557823965776579 -0.27744246110665743421 0.13843996948941922343 -0.86013408301978688808 -0.49092131149043682914 -0.24046313697194612868 -0.51005444126879417865 0.82584620039051481744
2.8535290564308239958 6.4175086025019334457 -5.9431735922303445818 0.98667985571316252358 0.0054932129213916981031 0.16258132408634440313 0.14763459267823619836 -0.44994639880895709316 -0.88076799739976330272 0.068314635142086563291 0.89303866814973864585 -0.44476403610758413754
5.2519729495546094711 0.33593578900906401197 -1.3649019676154703351 0.9868881909703757227 0.0022107651959682519949 -0.16139024456443498701 0.084372107023631709444 -0.85948177866335284669 0.50415515439430702571 -0.1375974057884448154 -0.51116160327544701847 -0.84839894463473841668
-2.8576543417420428028 -2.6397597656482472139 6.2714997778055892041 0.98689174340203700275 0.0046333216111685282534 -0.16131713838221578561 -0.085278524598810842572 0.86360457514750066377 -0.4969051328236291365 0.13701189746595940355 0.50414846039145488898 0.85267934760826258334
-7.0611655631963312629 3.2851524672636944757 -1.7966160423534909274 0.94114407099554120428 0.00064504533406346993563 -0.3380050614215233673 0.32927216121384500491 0.22410191334122769868 0.91725578563803589205 0.07633925254825744966 -0.97456550131495123246 0.21069979156859164338
-1.2430431066250751115 -6.0448806691688430348 -4.6066184620903953828 0.92313687241652586657 -0.002469876426153549704 -0.38446354117852254983 -0.069385401767976986886 -0.98463051244171029275 -0.16027607429145299123 -0.37815867146810566712 0.17463291121430096764 -0.90912010510935858942
-1.0401147503534151628 7.3426230664594758224 -5.4217942481053684745 0.95902039735801281051 0.0027224478814998243244 0.28332395897407069985 0.17510723025100657924 -0.79182298140022522315 -0.58511009565748861583 0.22274949015658179752 0.61074459015529092287 -0.7598511105676811761
-3.3660024677388329373 0.53377463910751976606 -6.4686990799501877802 -0.98846653129769113111 -0.0067826232076069340252 -0.15128751609651475141 0.14093694880428092597 0.32434600241918543073 -0.93538037566355169972 0.055413833705730441981 -0.94591419628687345433 -0.31964924573177216915
6.23157431792662031 -4.9896394357063771352 -5.6477276909002149807 0.68077566473893047494 0.0094648211862464522864 -0.73243082366811651518 0.59403431409750584447 -0.59216268968331908784 0.54448744946213678553 -0.42856473020294416632 -0.80576284731117864268 -0.40875237726424301643
0.82247319514053485179 -5.985652276156925744 -6.4205428067853418383 0.9922070708166641495 -0.0015817491277383909608 -0.12458983381878098451 0.1085195355060340483 -0.48037221241305949615 0.8703252541176108581 -0.061226130327264469133 -0.87706330194067994022 -0.47645705509948527157
3.0660494567634994922 -6.5357290602422271064 0.36540043166880203929 0.79657707025054291794 -0.004576522159947177433 0.60451966601257700606 -0.49872057614462977915 -0.57014550781411088565 0.65284905364823986318 0.34167639380117165171 -0.82153098259548928972 -0.45644724399937991466
0.64418302857574327724 -7.2274230296938171136 7.3494770337186698939 0.88829929276734798105 -0.0079128229021937206838 -0.45919685724403513927 0.23570833117103148768 -0.85026918332040513082 0.47062075869255526328 -0.39416487550977152843 -0.52628861200825094446 -0.75342839592422250483
6.6756362975069691856 2.6897613663901540626 -6.0676644727758501929 -0.90162774602093698206 -0.0024434443435327867639 -0.43250599670402928298 0.3444698799973931469 -0.60876681256725440061 -0.71466318618700763743 -0.26154905730989186363 -0.79334544650878879857 0.54972274204723792224
3.5515229913232273518 -2.6215461168748670495 -4.1068579179504052235 0.9152137536118588601 -0.0050943741154503415988 -0.40293651181308398623 -0.2450864967153309204 -0.80075567343347231475 -0.54655554209251144826 -0.31986933946145135188 0.59896944731474932588 -0.73411116791389652292
5.6624131538819604259 -5.6711783744006245556 -6.6462917611649148242 0.99587044739590591114 0.00096769433193822414901 -0.090780590278254275072 0.084985150285728450203 0.34175921057807040482 0.93593705248584713186 0.031930803850095598739 -0.93978705330131662166 0.34026565829189947543
5.934781776425822386 0.14377706007813625955 7.2368938519296781564 0.98182897124244772336 0.0044119228947813657338 -0.1897166470435964758 0.063806664699390058804 -0.94919858391630540506 0.30814080844840774365 -0.17871927923145605743 -0.31464675944247838535 -0.93223217923608148183
-3.2409456453385341312 0.7516842534377966567 0.96570632541029655105 -0.96771869954401446012 0.0032824616265310756907 0.25201139656467747008 -0.17151893020931641143 0.72406954497757280986 -0.6680602896563981874 -0.18466665950474789315 -0.68971915986263832021 -0.70013263413850646
-4.7303710820006505955 -2.5890686324273746166 4.1919147294208656263 -0.96429522662777389375 0.0065572141446607725215 -0.26474840669110732971 0.19367456706946989398 -0.66436689555477623781 -0.72187726807356900061 -0.18062358088940425049 -0.74737783686263437044 0.63937586050240069468
1.8989255404255429571 -0.45466721370477208852 -2.93901273094343507 0.9248624240387505191 -0.0033191675046979089367 -0.38028736467076174055 0.3774073469697757921 0.13114883140324562483 0.91671352039488807062 0.046831517746009646008 -0.9913571340080166161 0.12254730432349640601
2.736411753415830983 6.4179928963614516491 -7.1392499949955476879 -0.99691328934196521416 -0.0082014654332783244739 -0.07808091635182430601 -0.037046590369008515486 0.92598604597366884761 0.37573580186630689548 0.069220254807559472576 0.37746864588575479438 -0.92343163130660188553
-0.92714852027093286324 1.8184012239442108871 2.359870220564690424 -0.9936659722360230429 0.0031455105147989363516 -0.11233005556753410115 -0.0061871014136040255668 0.99656051907477483098 0.082636865849642221482 0.11220363361455122642 0.082808439092630165002 -0.99022881548598373769
1.3924420213882591213 1.299629825067789568 -0.018888737671297634729 -0.97378643767153039157 0.0012580523040885724199 -0.22746074630865589783 0.0061967997106997137202 -0.99946682757761340365 -0.032057140314598379927 -0.2273798000707844269 -0.032626337155792398126 0.97325944569963074304
5.3801883771420744296 2.6648044109575019789 -1.3551795028438509139 0.88342025554198111426 -0.0043240136692927477746 -0.46856158080218668349 -0.45106175129036779614 -0.27872320129286998203 -0.8478541582040778346 -0.12693285083445166039 0.960361744327107969 -0.24818011888991417524
-4.2907691989906640018 -0.33163658466519241319 5.8710020865272305457 0.95890503402107951647 0.00093641050059599471173 -0.28372567537069898203 0.22837836426933411094 -0.59592439236000793734 0.76988144627864485425 -0.16835812562170116014 -0.80304000007828690855 -0.57164875562831596323
1.0759924631436008635 5.9707613896365847594 5.1875018990359995641 -0.87304429963586827057 -0.004199054175560754977 0.48762282433996795294 0.28180261120967459165 0.8117402580728290129 0.51153205348181474132 -0.39797102807707307459 0.58400352855780490735 -0.70750190066418672252
6.4182551134742960031 -4.0489132838533992143 4.7796115884061567414 0.92694248113245791831 0.0031245173858456035641 0.37519045038904824674 -0.063036010505690603933 0.98704883588773661973 0.1475162938529494816 -0.36987038006783373723 -0.16038962860386293818 0.91513445404751125878
1.4939053287044956608 -5.4027949629400104925 -2.7035921163500047371 0.83218300879517304036 0.011235657388930873207 -0.55438722917808558321 0.55228453785264608467 -0.10610017613626729349 0.8268763764146129791 -0.049530082995155724768 -0.99429196548446763249 -0.094500043659300606014
0.28496462495653873681 -4.3193639280767621713 -4.6508061168499494897 0.98881279484867923291 -0.0025982660332021100154 -0.14913921602726643023 0.081652355560207251495 0.84616772060254885623 0.5266242317268330364 0.1248284806247111911 -0.5329103467038697195 0.83691362326160534391
-2.0648158630011446135 5.3257815213470784954 -4.4022011253860924285 0.94858921039422161581 0.0024643427378871866906 0.31650029532125473208 0.071468135800482959774 0.97247630652286909392 -0.22177046425745386427 -0.30833555664046985445 0.23298875566565824258 0.92230440975019001293
3.5337241118317854749 -3.4868454042356153977 2.4849435240416375414 0.99744120417676307433 -0.0040116232816982053122 -0.071378926083742647024 -0.0028783727173485422479 0.99536142326590448803 -0.096163153258756739472 0.071433599802364675102 0.096122546537279557333 0.99280294966649795807
-6.1165834598582646819 7.1252783456905204318 -1.243392352550642066 -0.99107154002302244589 -0.0063110589531230176091 -0.13318172956936702445 0.023549640746154697213 -0.99146062121662603683 -0.12826243018681099395 -0.13123496857513430869 -0.1302536260976505933 0.98275702791244357037
1.7061906355772662458 3.4321379219733536559 1.6693761692560669108 -0.97797219736951590541 -0.0034536571908376913036 0.20870662046115170951 -0.20748976923280568196 -0.092975914408026383295 -0.97380874662515914952 0.022767890460629630622 -0.99566236827152565514 0.090211260782542754266
0.30508842822118154015 7.2445491076339525449 -3.2304148592682859764 -0.98231218948576104477 -0.0070552449407323900021 -0.18711757241529131113 0.17937877055711118346 0.25123789078728270274 -0.95115865075515615423 0.053721681481448194106 -0.96789965686096524067 -0.2455284814175290875
4.6669773721306446745 4.8491146880325128876 -0.57907289198647460271 -0.60161779381741353756 -0.00083238328090951343996 0.79878366113757215405 -0.14851795019423510991 -0.98244588998719095674 -0.11288264577540425837 0.78485568650063186613 -0.18654592031247868578 0.59093330502045593455
1.2726826007215612524 -6.1877125767646674603 2.7520642425256003349 -0.96206454175973654674 -0.0062102069969657280879 -0.2727512618077777562 -0.17159408358295827335 -0.76346244957068631898 0.62263999114647672339 -0.21210206969290906764 0.64582236057965114462 0.73343451691840422235
-1.9537857906369346939 -3.6231389049699886939 -4.3630894086132716581 0.92384399614705514647 0.00047487940993985429741 0.38276891889572139949 0.28078645542544666824 -0.68045855111364650369 -0.67685679923143737824 0.26013695860569019391 0.73278641820503720439 -0.62877088677956716189
3.4807910377317599071 -5.5664362667020954589 -7.0851441327454764973 -0.8961603299203830808 -0.013435509667443543136 0.44352694411599163926 -0.22650714396469431855 0.87335760259600203614 -0.43120877973505650216 -0.38156411887109303871 -0.48689422369508777999 -0.78571167620342607929
6.9173557505371094933 2.7666325682218122495 6.4461334999038646387 0.79056330192754531438 0.0082711309981968392235 0.61232446793945694008 0.56334851647981054601 0.3822183755930709248 -0.73249406983199516485 -0.24010021787866622778 0.92403501110676100616 0.29750829168886838705
-5.9070354379950220647 -4.6604899703575286551 3.392621220903353052 0.91971620663237219073 -0.0026570337870576317928 0.39257488384909244861 0.017351483908547241791 -0.99872478243297846401 -0.04741028327695889083 0.39220023618535421184 0.050415762670858926819 -0.91849726488998695295
-5.2580946231106482358 -0.58627097084617207923 0.050703890448411122194 -0.99630780504023219724 -0.01126683717493983522 0.085110610360857819057 -0.085736033192343949483 0.078814628783089146769 -0.99319564381961089605 0.0044822124406911287298 -0.99682561798436075673 -0.079489603733950822684
7.0508316817774421281 5.1827444150756987185 6.5153284480274784585 0.679848951282552183 -0.004496890492145009556 0.73333838125104822137 -0.47143550722837018752 -0.76865753119129442972 0.43233570551970085249 0.56174190333669571373 -0.63964472773465730349 -0.52469101032597786904
2.9549181939637687577 -4.629703177070564557 1.8625606362960167584 0.99771773105153116479 -0.0034406364542791446383 -0.067435088537974960388 -0.06364605612835194659 -0.38144946360905318539 -0.92219601292329278497 -0.0225501371312476738 0.92438329102882899058 -0.38079787628379274667
3.145102868688334663 -2.6018205094540070021 4.2112771677297766715 0.99710361233626065847 -0.0068664373578972096729 -0.075744559566321048583 0.0033238594527274021966 0.99889887399534715851 -0.046797344894931702797 0.075982486299330201374 0.046410037372091691998 0.99602849869219145518
-3.0721446165842447584 7.2822499078067481904 6.7448808398726116664 -0.8967699985164415688 -0.0026791906689851430201 0.4424888605356734339 0.17156704811588491255 -0.92386350619468782241 0.34211251061969732978 0.40788272550044812892 0.38271274326710230662 0.82895273591406448688
6.140211520705895154 -3.7986506830840349735 -0.46780995775609435228 0.99579931456740200524 -0.0089828822090232893216 0.09112097965965985924 -0.0892684707008267464 0.12613180804933804557 0.98798881933796944832 -0.020368241103632764299 -0.99197281960004768386 0.12480007984333003901
-4.3482968288009997693 7.0345320256207237719 3.3856510772036378931 0.86756641953127211497 -0.0033972726897724247336 -0.49730972868011458221 -0.49250952316230778294 -0.14463653570205875498 -0.85820431258209073366 -0.069013602253881409232 0.98947902002938292743 -0.12715499056500703667
1.5493808582276307195 -1.3852743789773636074 -4.6726157704176047858 -0.76371898949779004617 0.0086607699796104106044 0.64549074055632194025 -0.2593855864586809834 -0.91975924189015545451 -0.29455399249573188669 0.59114500980559492316 -0.39238747179412719612 0.70468407769788243833
6.0579630874835972421 -2.2378671218438537238 6.691798651749301996 -0.99175516884810188678 -0.004320255002582575922 0.12807427711970637008 -0.048220202403985848449 0.93855743406064595646 -0.34173784550373120794 -0.11872867026603060869 -0.34509604223484230401 -0.93102751006122153044
-4.4480215979787462999 -5.3847189763039553512 4.3398744883010698103 0.99715536042677455075 -0.0024811907122342133185 -0.075332800723477644222 0.013554948065791565595 -0.97726023156539409964 0.21160978990495335483 -0.074144794524856810769 -0.21202896852396538319 -0.97444664602611041904
-3.5983185232968644129 -4.4496906629498447217 -6.2407664822864941101 -0.75271005802464951984 -0.010129974670652238528 0.65827422261673762538 0.64001863663105695856 -0.2455811082831151626 0.72805636046894139923 0.15428452065408598814 0.96932311582234598202 0.19133474284342089078
-4.2025900937698130733 5.3405589415300322997 3.3431471384091215882 0.97867185117992316901 0.001417492031202174322 -0.20542492162433026448 -0.10971167416135786665 0.84903345879954572606 -0.51682253665234223483 0.17368003990311259299 0.52833718074299707013 0.83108066226092935924
-6.6890102762210954523 -5.0285207091158383719 -6.2262507721171891362 0.69326925575610232055 -0.011436607866944767387 -0.72058791484737738653 0.60590566158798597751 0.55061551947335019008 0.57419585419149099526 0.39020003623665805437 -0.83468062977143486769 0.38865431684896051268
-6.2876283640419563525 -5.445336621157327528 7.3157808206489072234 0.80558596624839806655 -0.010020114655502900328 -0.59239416631650088085 -0.25079348923377714486 -0.91162929886501364862 -0.32562961660265477004 -0.53678103239735053265 0.41089124930226539334 -0.73690874910357828664
-0.88001763121309584115 3.9322371746415898386 -7.3343635050195974401 0.86384679360727290032 -0.013929497315687818654 -0.50356199844604976334 0.49433139591404223756 0.21588115733615589886 0.84204025849171892926 0.096980349494685050282 -0.97632028300742745852 0.19337403341741726814
-1.4133793054955425816 -3.1165129135766718171 -6.1979544886057080788 0.8869474365810336991 -0.0032033132476204980582 -0.46185926809626892675 -0.36082241467181125349 -0.62904631910444164244 -0.6885549458769388842 -0.28832521536041688659 0.77736122054388334668 -0.55908684744139858225
-3.9465844192581562844 -1.4915963687463953402 0.55291375138713383386 -0.84580068379237705045 0.0016478683765622642587 -0.53349647405222433427 -0.4290918525412848461 -0.59632541981852060786 0.67843656723449274892 -0.31701953469615107295 0.80274110285195454662 0.50507953473969946501
5.535665056339365897 0.15926882043597517802 -4.6663325395712407229 0.74417700737321523796 0.0079831472514329659268 -0.66793476556999009652 -0.20172898274670364449 0.95592655172885565573 -0.21333036637983876505 0.63679352950308731884 0.29349735443399582735 0.71298899270841509246
-3.4270944604608235551 4.5574789684883523222 0.33881429373079918754 -0.9819984251598394831 -0.0041628563007103771068 0.18884322495446589918 -0.15139405483314408163 0.61519942631398649713 -0.77369858861448626008 -0.11295544761075225482 -0.78836053712139753102 -0.60475509949454553382
7.1436115648542815038 5.5341547412204592504 -5.9185683582841734918 -0.99631597430688323414 -0.0033907131849124417557 -0.085691203777361335536 -0.071487794240613342089 -0.51910444370419039917 0.85171595723052617721 -0.047370609193141365034 0.85470408890486238018 0.51694965498976341856
-0.31099886203605264789 -3.1810991334483791348 -4.9126072766505259892 -0.96735450604894224202 -0.010265708031648255322 -0.25321902548071534289 -0.09420623034049846467 -0.91301298349022386169 0.39690361316481581611 -0.23526675454009662869 0.40780130850321594238 0.8822401300049975692
-2.315456998872768235 1.3539461810605837311 6.2449237383019422509 0.9802954542226939294 -0.0018239272193815558171 -0.19752846812500324258 0.14548139266298409922 0.68309980901672306963 0.71568835068786407216 0.13362629538809925323 -0.73032275345290798008 0.6699049850314274801
-2.5264563067116254658 3.1976392807783127203 0.81908508581201289189 0.96236097902239059465 -0.015788528335751741971 -0.27131544082120806483 -0.21929356058608981406 0.54458504092250481499 -0.80952916407552921729 0.16053560458814217227 0.83855700794659782105 0.52062507054792872552
5.3396162222140093334 5.7453104714777314399 -0.63792264882182603269 -0.67362032708014485394 -0.0010921129190166417675 0.73907676342440276063 0.23938587883453202321 0.94576850832431014204 0.21958217067102309139 -0.69923533660646131072 0.32483955416683929496 -0.63682745550861408201
0.13270041056480516573 5.9352406023477044528 -5.2135451998922111017 0.87005258672877827664 0.0087790956867024039223 -0.49288073994171061054 -0.32119250701058849051 0.76857222439448247275 -0.55329206512431272635 0.37395704267581625357 0.63970279299711374499 0.67151803167523327343
-4.7628234681644032733 6.176083927388956063 -7.486179267306686036 0.99385747064677898432 -0.015196571670094225631 -0.10961930600518601797 -0.10440128071623062944 0.19983483755472469801 -0.97425171813249800135 0.036711042267729185329 0.97971174429475138545 0.19702080465439292256
-6.0152721897526939543 -7.0562590470440351709 -5.7023331551616145418 -0.57158664865068997685 -0.0021254869930221196098 -0.82053896031170003855 -0.64269821960009576589 0.62285079022307943131 0.44608955562908031434 0.51012518229067060904 0.78233776300488977462 -0.35737924249919572617
1.6557821169612139123 7.2444985123888363532 -1.0016274114607579548 0.91984722406080254853 -0.01300670243915200662 0.39206110503249230748 -0.0035763794885768141786 -0.9996866812298957905 -0.024773955706567256374 0.39226049239929605683 0.021386095091455021439 -0.91960553556359125871
-6.410266265774699157 -0.58989440662022263329 1.7432330747571922469 0.98126608317089525357 0.0026394334199012891434 0.19263931947942222744 0.038658864735068763918 -0.98226634124061884545 -0.18346205886535882357 0.18873888363465338158 0.18747231330772970437 -0.96396668279941566393
-3.8549344909903267009 -2.605044649918267563 -1.6163693838522072976 0.93126047693384927939 0.0089419461883521490775 -0.3642443763454421557 -0.36039325863198790056 -0.12439904310094176965 -0.92446826728026576525 -0.05357819737108769631 0.9921919772271940996 -0.11262529508293163405
6.1053488551021910524 -3.9343241148431862264 -5.7644989532854467029 0.999166669745137348 0.0037498078758957434885 -0.040643634326316638306 0.038479535635853233388 0.2455498913721909926 0.96861993381536304337 0.013612178650373122496 -0.96937670169442891055 0.24520097635282050996
-2.6777099751330690758 2.0693946159803129348 0.74943382366319821752 0.91267823015114535323 0.00087219021477565094116 -0.40867797529657268196 0.23561128952366205969 0.8159586979847518462 0.52791923949794861137 0.3339247946129095812 -0.5781095419272352931 0.7445022424919041093
4.2319111113729892537 -6.7202246479307872207 -2.3979800762210143894 0.98890673777281190571 -0.0019189977569537631022 -0.14852535620290158169 -0.14799501842651860417 0.072670545951241477534 -0.98631458788361836554 0.012686154204664850872 0.99735415434978702542 0.071580390420356410086
1.0536866319808240178 -3.0831780707395659569 6.8152839802869698005 0.93971020042316011356 -0.0018593634073801950605 0.34196678491987203552 0.23889867354379701325 -0.71194063531860285465 -0.66035441662892879755 0.24468788895182763676 0.70223719251397942465 -0.66857367765287778472
4.2248248125225380534 -3.6009018858031507371 3.4750732125924730376 0.88929014775178816254 -0.0028947177260737000717 -0.45733429099619676839 -0.32108600641889223359 0.70814434858199071243 -0.62883651138709451001 0.32567899777800407568 0.706061755217479603 0.62881633902564804117
-2.2760961264906205415 -1.0432091517850046181 -5.3210209007518507462 0.89532466202830907065 -0.0012967126386718695087 -0.44541224511697341537 0.44466584626711358474 -0.055338412198202006909 0.89398542790082036191 -0.025807648621547846918 -0.99846681400613435109 -0.04896924137569000357
-5.6428751253415976308 5.4727431828730184193 4.3808944696020031273 -0.99851001054654409117 0.0012746009583379592014 0.054553957057991687984 0.052641001851972991921 -0.24088541853386843949 0.96912493521825293641 0.014376500349774910814 0.97055272424022087652 0.24045940552933736667
-7.0468387136338668242 5.619623306005036234 -3.4843530983559727332 0.73444525339895627702 0.0006588689212584063204 0.67866761794825791743 -0.079321412116779968504 -0.99306246493578664847 0.086804690630672809437 0.67401653046468501529 -0.11758616682001013509 -0.72929775128749374513
4.1754585302099895827 -4.7695584854673898079 -0.24977327561906828568 0.79142456082716650112 -0.010201032951314803476 0.61118172702259931928 -0.21550054705903518015 0.93100734027609899357 0.29459267908319075602 -0.57201982372719595293 -0.36485787819220438788 0.73462374722331991173
