1125 14.717824617146108679 14.977075390850430381 15.033177056927090831
-6.7722115575722749981 2.8319359255562934763 1.6065022736380938362 0.7452865213087851437 -0.0056736494209772688965 -0.66672018932806487168 -0.66529369107426572505 0.059598728151837934708 -0.74419909716385135301 0.043958000093785074003 0.99820629195816890089 0.040643485613494033382
1.0209575485136050954 5.9467213048525602304 -7.1563832370328315235 -0.82351527692909487488 -0.005062631535265237244 0.56727150327362008131 -0.048461647399138406411 0.99693265703594380334 -0.061455236282979816553 -0.56522036180218104828 -0.078100237497519472973 -0.82123461660308660903
-0.72872278287265401797 4.1395853791248562459 -4.6664739366333938264 0.82398218297658398779 -0.0076902456102087108844 -0.56656352005712373732 -0.39622068383963526816 0.70696588453368180982 -0.58583991653283518097 0.40504633294813863209 0.70720583865521224887 0.57948025845348549723
3.9877316340820359031 2.2941888886238852585 -6.4720301507132873553 -0.88961927532042095468 0.0029334674947034200879 0.45669348555331140682 -0.15127873680894740605 -0.94541947318026353653 -0.28861178687120730979 0.43092028122128922529 -0.32584262228878485557 0.8415071578614831127
-4.5401633312094293871 -0.16018178154572271232 -4.4172278149984256501 -0.82601021887404613153 0.0095736641461294218897 0.56357383125061399909 -0.15767089977761686304 0.95601586006011352037 -0.24733289849288456197 -0.54115340309284853948 -0.29315869468321159585 -0.78816938157520011199
-0.62448556305801350419 -4.5440091653477496791 -1.1912446021383062966 -0.026941845989857327037 -0.0047456471825426446015 -0.99962573784767982943 -0.95884154090785456148 0.28288277725845784039 0.024499668567636152111 0.28266063815825054339 0.95914274910641783567 -0.012171707875239409086
-3.559992341850844344 4.0872332300492209001 -2.1760755099036015459 0.82323769365289811706 -0.0080532631723382961525 -0.56763971381615441203 -0.061638308565218402624 -0.9952560981374102278 -0.07527295688052293432 -0.5643406937890088626 0.096955887250909492114 -0.8198287243450601558
-7.0149733385166426203 -3.1669499930928060039 3.3073857926380276773 -0.96554004410987914753 0.0051416744289142363167 0.26020374018162978347 -0.25729792148507424354 -0.169135441266464015 -0.95141525219386269274 0.039117806941316064784 -0.98557940608126770599 0.16462998356442104519
-1.3051975059059839346 4.5921684976318681848 2.3535820956959954131 0.70412500558901813807 -0.010279434034623880639 -0.71000162657580945247 0.50369173569187719597 -0.69755295767550373753 0.50962192518959459342 -0.5005023595348963017 -0.71645949255634877595 -0.4859868142510056499
0.36445816504974926087 7.0994756698278376206 -2.6850707135588351981 -0.98478428231846448782 -0.0094877231505381635218 -0.17352204588439368305 0.13398474493354248227 -0.67734209717334792344 -0.72336420392635647492 -0.11067070716133591002 -0.73560700547665536231 0.6683070612152756107
-0.09685768255225277179 7.0331005037504876753 -6.2495561031507893546 -0.97840799371242803684 0.0069742018213951751521 -0.20656514311121820793 -0.20193935129924250882 0.18063427350256622272 0.96259636277783489078 0.044026085863395313102 0.98352560706122804657 -0.17532565134166677723
6.4059265971796692796 -0.57233501093292671325 1.6186064876420604985 0.99033307036759798958 -0.0058092865641884766301 -0.13858810167494858834 -0.058688490742180340898 -0.92283536220281137119 -0.38069745904364293843 -0.12568242037239144016 0.38515081001796563909 -0.91425531595483189307
-2.9778674567581977506 7.3077188335432481381 -1.2874380865248435946 -0.99736611360290050587 -0.0010109516433045916215 0.072524571101202819912 0.071782362029085333699 -0.15710833554182040972 0.98496916875856244111 0.010398458451855855864 0.98758085688216268316 0.15676709853082806956
0.74307850654554574721 -6.9065795929705693368 6.569050419590444001 0.99237541094795900243 0.0031753364201051350983 0.123211042462129855 -0.094101774407815308443 -0.62608410783491330598 0.77405655217818214453 0.07959836555662876123 -0.77974906678706168428 -0.62101166900920778957
0.41662221172828028948 -2.537227230696453173 -6.3478814045559142087 0.99878560990085019089 0.0018028004982099006537 -0.049234696763383198337 -0.03749582375971157594 -0.62042843376897427454 -0.78336621178828580447 -0.031958858796960011583 0.78426099512939040359 -0.61960739413199428238
6.073280636387758058 5.6864448850685658243 6.1757503006961984582 0.97945698826773863743 0.0063372829626321671923 0.20155358339206189133 0.010161445516054719643 0.99668519168172853284 -0.080717864858243573711 -0.20139700384703421165 0.081107752569627780681 0.97614588014003456085
-4.7020415973184848113 -1.3140286939541807598 7.2415106383316061311 -0.86294197740410438779 -0.015903033715761745459 0.50505270730143470015 0.46883072121771179885 -0.39803955447337535656 0.78851903459405181529 0.18849110980716698993 0.91723039995048316619 0.3509408709888552913
2.4761465583151833769 1.2159367483504601726 4.0249714231657707231 -0.99984326736211537323 0.0044751886828028140247 -0.017129313965278204768 -0.0033054755207344681256 0.90332525764668725188 0.42894353093300235935 0.017392945186166984539 0.42893292200983024198 -0.90316888446955900793
5.846579180853400004 -5.6846442718705647579 4.5350359165622444735 0.98358070540248632163 0.0019448424474364305829 0.18045834297052756878 0.095890278489081215429 0.84147753516288925635 -0.53171478473663880138 -0.15288574312571612257 0.54028860380736076774 0.82747457613200581239
7.1241485287782078117 2.0309160150591671901 -6.3736667135834137454 0.91862261047110982393 -0.0078973083993542775305 0.39505712504795315043 0.37573323547836540159 0.32690750991140299364 -0.86715397463214693996 -0.12229895865490768292 0.94502333965026674711 0.30327191137400588694
-6.7044692461025086061 -6.7704932532463857342 -6.9838143238096286325 -0.99436093064800856745 -0.00015367225397514699958 0.10604864914611822346 -0.053427091657552550075 0.86454684963044958756 -0.49970420317525554577 -0.091607234855611341384 -0.50255220741615425073 -0.85967982024891709258
-3.0473879428522954171 -6.1245982904154514515 2.0034133323873200005 -0.99995762177288072259 -0.0069203425882972914238 0.0060715332879898980395 -0.001762275802380213266 0.79119338684009976603 0.61156350365642686562 -0.0090359859452146217007 0.61152688696327994755 -0.79117205301937831852
5.6758973863072075261 -0.60486529625224683127 -6.4329205391884025644 -0.8543231284455216068 0.0071060098248831521719 0.51969365671277811813 -0.36462361348278465867 -0.72075095827186042019 -0.5895487059106691019 0.37038036218711262171 -0.69315767381928616864 0.61834523248070372148
6.0047525844772762227 6.1131940082550677573 1.6872067021542616061 -0.97656350771845179537 0.0067843440248137485901 -0.21512249549714873575 0.07844627359324692073 -0.91952988721258055449 -0.38511163145531129848 -0.20042429381711995839 -0.39296152381500859541 0.89744712560069384022
-6.2877759332802787284 -5.0075412121051963155 -3.3119085079608132638 0.82357629545408705951 -0.0040822389741776380495 -0.56719081523859604665 -0.13112189918113933973 0.97151751502909278191 -0.19738481589720208165 0.55184158335638666681 0.23693259234763533461 0.79958352506928509484
-0.33751340389837164446 5.2969581532707161742 2.9910703021238544963 -0.98933943307043437088 0.0095034985095500713881 0.14531747894815524869 0.11223702225935976162 -0.58606719200122592284 0.80245130524791163928 0.092791901619249272937 0.81020672051999687024 0.57875273910194113824
6.0778901482475760076 -6.8177800674285009563 2.4696400691556403828 0.9895867143647046893 -0.0013940722669005889758 0.1439312034117962158 -0.1413313603827244247 0.180027817699897702 0.9734554080319419711 -0.027268687636530408031 -0.98366053159447641718 0.17795611048189613479
4.9426911944495817153 -3.3572026242732717627 -3.2809604708694375397 -0.94817683845429978629 -0.0045226666029326689084 0.31771091971400228227 -0.30764203818763402598 -0.23704657634980760839 -0.92150165327065247656 0.079479930538965626319 -0.9714877591239958754 0.22337071095804172938
-5.8816376656174442772 4.8743772011769754826 2.486736511364604052 0.89011895174822097676 -0.0076787375819955738451 0.45566356967392662725 -0.36852979504166671898 -0.60031931119540815622 0.70979047244408288719 0.26809334550740759884 -0.79972355323262689364 -0.53718543958275233319
2.4866888077597320006 -7.2994782462093796838 -3.5523408034006540568 0.99249447021454884066 -0.012558761901001047959 0.12164293688055140275 0.082744102147591216956 -0.66346916730207405877 -0.74361419943351014794 0.090045211717272199969 0.74809821650565688778 -0.65745031622769067869
-2.61448423453390566 -6.6356190627373354829 6.975728623336795664 -0.75321979331526256463 -0.0022340097037772529628 -0.65776511929310110816 -0.33613069629639452662 -0.85825873065752023017 0.38782483966020209198 -0.56539906081047108799 0.51321239311886102108 0.64570654447954622945
0.32068097714315768609 -6.7425240029154389632 -3.1708915708922109644 0.98960929311561141031 -0.012099162676062555008 0.14327266746306083212 -0.042862816975828069155 -0.97597132798706465184 0.21364162952973242415 0.13724513069814794908 -0.21756281210205175025 -0.96634890018562391578
0.27787374645731610645 7.2626130928474781356 5.3424649345186736582 -0.7091657399824753405 0.0080585193406515123055 -0.70499575424336602403 0.61870698189618400509 -0.47234710751197372947 -0.62776578480984646102 -0.33806156804333320487 -0.88137578267796290454 0.32998652384757737321
1.3281574619355902556 -1.609850824862306462 -4.1500876996194522306 0.94565928380713693002 0.00263762579340337186 0.32514852280104722393 -0.2118355061759517044 0.76363631543785337463 0.6099059731365928938 -0.2466865161955069663 -0.64564124765593033928 0.72269851394108552967
-1.014818649327118294 6.7857108865891513361 -4.979452995031528495 0.89873369236649869318 -0.013399007081973850555 -0.43829010576847338143 -0.37371013346872616889 0.49947468966405977886 -0.78157902385350919161 0.2293871974373014877 0.86622485590881015405 0.44388738736044258681
7.3331287130516198403 6.5627669804739037218 -2.2133210663479818692 -0.45876164444488887195 -0.0041035506105254800774 -0.88854989418624708009 -0.56679397575712797686 0.77147926216520368303 0.2890749679484046486 0.68431158300261030192 0.63624123484830641395 -0.35625096273130779645
-3.0546919403154340067 6.8281271117800708126 6.7346100585316719389 0.97732444300985843455 -0.010433500421814520878 -0.21149013018203333125 -0.2046255654500035992 -0.30339217593242484572 -0.93063503348365295142 -0.054454669769739394436 0.95280865322053243105 -0.29864755028012091032
4.5660513922401495535 6.6683519605221128757 -6.8732355817949875032 0.99135855644325743263 -0.0081376123450579776475 0.13092742963943124201 0.023487019503761256273 -0.97093538637235943245 -0.23818655588598822148 0.12906034434131341548 0.23920337530090368672 -0.96235397477393358479
-4.4068842196178348303 5.0698621058840664944 -4.5001247585757200298 -0.71877879380094622519 0.0014880284211950031009 -0.69523724824944377332 -0.29632028987474734461 -0.9052761473731824049 0.3044164627707647286 -0.62892871725699750485 0.42482100085650986721 0.65113423027865335868
-2.2030107125543949564 3.5173962912699878736 3.259246665899834472 -0.12799822785905373701 0.0055508058327982060659 0.99175886293981696529 0.38858112288524215838 0.92031500358309081822 0.045000056855150662172 -0.91248077492199741734 0.39113870012358104011 -0.11995562789409300319
4.535702575914808854 -2.1662587393745149633 3.6991491400926315158 0.98888124338632432675 -0.011325702637268515727 -0.14827546978030869962 -0.027208905777279808469 -0.99404336042479257696 -0.10553422687287519754 -0.14619699697733004595 0.10839523077620945302 -0.98329899421266742099
1.098904750792827123 -7.3383625888949781668 -0.85205402090734394527 0.54041243936326710529 -0.0068817663570741958307 0.84137211545973500382 0.58547087515203977137 -0.71510770160459380396 -0.38189635957220385842 0.60429980119984638698 0.6989804120271670973 -0.38242402365999883518
4.9018769019038730406 -6.8544049316135078342 -1.8777258818594646517 -0.9983326635496797552 -0.0064892384765464026369 -0.057356627113636787785 -0.023300982848170143091 0.95440946813933225101 0.29758970298752257522 0.052810577427006344386 0.29842998661310560227 -0.95296935207908672893
-6.4105245704995255096 3.6676078241896163945 -4.0821051417099800673 -0.97983709675580432652 0.0014558665632743675745 -0.19979275330656204313 -0.16234080855060156745 0.57711038743033182818 0.80036807944794507996 0.11646770239170144146 0.81666485241655517591 -0.56523781997224487039
-6.9162618617589259884 -3.9758222269793819237 -0.73599243921128909562 0.72819115032569903256 0.0090050207031222018195 0.68531493358129869087 -0.14308957642716679803 0.97987657881028145113 0.13916631566899795303 -0.67027085697147181786 -0.19940110305902511434 0.71482597769919242747
2.1558189443766728743 -0.69137622810525778405 4.5212380759267798425 -0.99930401680292868516 -0.0039297848976311781227 -0.037094996863754871319 0.020441810906034949685 0.77413257460037532276 -0.63269336120233610199 0.03120279424253220163 -0.6330113061654217832 -0.7735134594163378674
5.2004377391702698574 -3.9718917445935693067 1.9649410723967912773 -0.99877771245035418257 -0.006842435760017185481 0.048951631079232484078 -0.04892670742969016523 0.2774907614802603617 -0.95948165933132067984 -0.0070184337669720086098 -0.96070393897699679631 -0.27748636582989583133
-6.6630829951312531279 2.2900923233903962561 -1.7349980270494340662 -0.90186441886893164988 0.010527232351887235579 -0.43189089751605952427 0.41644540634721138872 0.2871840501238372978 -0.86261146809368638433 0.11495126580630636581 -0.95781757069572837082 -0.2633850940278242847
-3.7336655672590204347 0.22478210337268239583 2.3992325248136903149 0.60987617209634248372 0.0051086895334868567126 -0.79248025590563475618 -0.55385309340227051322 -0.71248514903413862065 -0.43082672077596789739 -0.56683137319475207505 0.70166859249718560587 -0.43169825186707472264
5.434138609846769441 1.0016934555459129363 3.0113660787933058671 -0.98137228782609875477 -0.0025945162200488426987 -0.19209815504730384794 0.026886722066031418232 0.9882133522392424485 -0.15070326682820495146 0.19022496382842268847 -0.15306089945426870624 -0.96973544031072955729
-1.5152951987540033141 -1.7554385924594189117 -4.2248611703030070075 -0.87135229828318760958 0.0044833271572423706586 -0.49063741403806754304 -0.4685600391501629769 0.28910986730416360357 0.83478558584763251638 0.14559073455457524626 0.95728542473235000987 -0.24981583938353257857
5.6357615747057279165 -6.4653680262201191908 -4.1284932330567967185 -0.68459323185527443112 0.0029803972154143210105 0.72891921646404322921 -0.093260328155796656802 0.99141520451658282642 -0.091642803567457867264 -0.72293472602326647181 -0.13071728839696789004 -0.67843818614804141109
-1.8569166831251604499 -1.2435439332180495686 -5.881110839804533974 -0.67935597943483239103 0.0025349978549004770038 0.73380448826102195881 0.17789000005675545402 -0.96959665909886250112 0.16804007422112315906 0.71192036147731008189 0.24469550966516415147 0.65825033723027759347
0.97887517331591178404 -2.7228197336398181072 3.1010024301325191942 -0.77837293372957927495 -0.00039610478586750929274 0.62780205410467437854 0.48026377753639371004 -0.644415093614690071 0.59504276410041700984 0.4043294201806594268 0.76467576803675563202 0.50178550173736546913
-3.9392841086545069551 -1.0445553658674349151 -2.3966580670518529139 -0.97957355326223638503 -0.00656655575066665987 0.20097893943079181422 0.16230645434021925833 -0.61585271203147329278 0.77096177075330785122 0.11871086146040675524 0.78783394026223563245 0.60433882379191228296
0.4832298396948080943 -3.6656642699089432291 6.1184170886182833726 -0.99390303619370323762 -0.0045021515741166077962 -0.11016571733546093315 -0.037454276760436576443 -0.92596395344820214834 0.37574982909762000283 -0.10370116584296837359 0.37758507325598761328 0.92014975990712377651
-5.2228210813085134134 5.570481428912738231 4.7299282246249818584 0.9619572120327601894 -0.0087879443719824801989 0.27305877435418285382 0.2677938228635233231 0.22818320585079654439 -0.93606564567004113542 -0.054081333695139344186 0.97357855183923347475 0.22185583775142114771
-5.5329378512247915367 -7.4310497784310562963 -3.9693193191658746599 -0.95250965969846213 0.0053950192847394490628 0.30446057535932613547 -0.2784703074576471149 -0.41997440884197639877 -0.8637567850861547214 0.12320566563934454152 -0.90751991145357069346 0.40153203392705344443
5.64558427269512908 2.6749475308573589238 3.9545898888768875601 0.98536709549561884991 -0.003923339696507828489 -0.17040039471823728578 -0.082748419393399316735 -0.88502586777954550534 -0.45812870729629223687 -0.14901136266203218739 0.46552531699875709936 -0.87240001893114582643
-5.6121008143242923083 -0.26205815099468110496 1.2283651545290708018 0.86033053131444525707 -0.012374757749445382607 -0.50958634426243998305 -0.072568759911658231587 -0.99249592115391127578 -0.098415555567166287942 -0.50454449949728663594 0.12164995628174238296 -0.85477256399793288821
-3.1468153818763133778 2.5851133201510401172 -6.0839654213001681526 0.54831364474394250763 -0.00031723202976263005157 0.8362727105145708606 -0.82038337528816607236 -0.19421304974551992228 0.53782191184370187198 0.16224445919122254534 -0.98095932161958820927 -0.1067499170461486957
7.1993212705697686715 2.0887892653898267881 -4.3429007713475868968 -0.84512419362068491591 0.011742899769318177958 -0.53444101794484466517 -0.4985377474947003118 0.34352194530241114689 0.79589747293135870709 0.19293836238510914116 0.93907123127092850812 -0.28446442821463951978
-2.7923426601497500776 -1.7228008520095912104 0.83879517257812430397 0.97903626585448766395 0.0009877530848972819813 0.20368361368944898349 -0.13359673838701605075 -0.75172880440800138313 0.64579851046268244019 0.15375272886719404397 -0.65947162862948993656 -0.73583780101235063409
-4.986390874614066604 0.0045805812955896571537 -6.2058998955369313322 -0.9768921890058841484 -0.0072081889616772273563 0.21361107899941697563 0.062117412254788798021 0.94671567853534832615 0.31602349771834531422 -0.20450691468541909446 0.32198985391979706439 -0.92439139752512311521
0.94703365141124595805 6.540633305322561597 4.9159939907196816833 -0.82935260664035481692 -0.0028123880147327444054 -0.55871848397249190832 -0.34455610392061380987 0.78977665221011938979 0.50747801023770355844 0.43983558872605349466 0.61338807462923394809 -0.6559723506311889718
-5.6904619599037111755 0.69665469157004789036 -1.2610979780074162981 0.98479747535053407947 0.0054219855727620060518 -0.17362181491891970353 -0.11620035669574847736 -0.72238547293352384226 -0.68165732270596235409 -0.12911781305104183537 0.69146932727875853875 -0.71077335331716740008
-4.2055629848692479555 -4.7593884213295432062 3.5666023315183830178 0.63382889119009599987 0.0022534675534592986737 -0.77347001142694016274 -0.40834152220645675291 -0.84830797190584561474 -0.33709165822218567499 -0.65690040183792131057 0.52949835380750476244 -0.53676191684976715113
0.61240154394126877779 2.6680704346856223275 -1.6830153839128401128 -0.98220105628315224067 -0.00048438830064744670123 -0.18783197386055230926 -0.11967825754978456132 0.77234796992598386822 0.62382347504812196703 0.14476947090537523044 0.63519947947018473577 -0.75865896262715015741
6.0443207463585117978 6.742871206591399158 -5.8656140622650925209 0.92379936281260366382 0.0018498369575552170777 -0.38287245313586437678 0.37238029223792440403 -0.23688649201070902106 0.8973392378892428578 -0.089037381025096520859 -0.97153557217733066409 -0.21952443320516210057
2.4124693112286061947 -5.491665066056339306 -6.6537732954867294666 0.89201874925466551058 -0.0036299370625995216674 -0.4519838210986544258 -0.12866414545429430416 -0.96063794446649508618 -0.24621185455967056765 -0.43329907529621691786 0.27777970265679724493 -0.85737410045979212114
-3.1760094640129796772 -0.29936378646205807907 -6.3483261095256642292 -0.66791114283127306361 0.0023384419929012804223 0.74423735257696033152 0.61018293010783242192 -0.57082237712578143274 0.54939840332635447862 0.42611207104091419762 0.821070243926463883 0.37983174887261195174
6.4047830732648476371 -5.4852752936320898769 -3.5995529416457161531 0.44329753846981340137 0.014767173959653153575 0.89625287891299787457 -0.77050101896331313345 -0.50466297113642810679 0.38941425929244977144 0.45805618887119825544 -0.86319013904069896714 -0.21233773027848956705
0.42663262658282030682 -7.0383337725846013555 -4.7743344966524041695 0.9967161760553957528 -0.011732261983836226801 -0.08012002507580619215 -0.073702839415294943426 -0.54124609020685798821 -0.83762793727159812196 -0.033537379914525489166 0.84078238793669701767 -0.54033343435694947132
-6.2782401202706505927 -5.4248093816128282185 -1.9775254892603335577 0.97538356191239694581 -0.0063531952645169299104 -0.22042355604831323501 -0.18034954162926072896 -0.59816737497415595204 -0.78081357208407209392 -0.12688951881528084953 0.80134601042643172075 -0.58458842067591809677
1.57003391446568763 -5.5277884003385855394 5.5254236210140623697 0.97018449170478637811 0.0051913765880601450003 0.24231199240799067285 -0.22580455968761675711 -0.34388343187156755754 0.91145843904626389076 0.088058803534354107567 -0.93899799514884163543 -0.33245813605128882173
-5.5631891309246030985 1.1117874937169833771 -6.099210225204979352 -0.99993060503646202797 0.0072559456904621195267 0.0092809678135657401599 0.0045850621966634745597 -0.48599503339447536199 0.87394954357800846978 0.010851834686949730913 0.87393144969604530381 0.48592803882461171883
1.7395414296827449441 -0.0044885292965765617029 -6.8794711788146800657 0.59393113073543435387 0.0025251995428643495001 -0.80451192365970625175 -0.80234565449338135501 -0.071542415457513830468 -0.59255643908934130248 -0.059053049532053550341 0.99743436182926481504 -0.04046518482831491792
-0.65679040157212176254 -5.2021576165748122378 6.1560177498906654137 0.66875889384452924524 -0.011240556213389853168 0.74339437164936605917 0.44108054420129189088 -0.79891652611050201216 -0.40887692259962721275 0.59850605296114522957 0.60133687247952161137 -0.52932454162408404397
-7.1155694290496658283 -3.0293661002694336482 4.5892297170122171579 0.84907128778051510487 -0.00064538209682018555808 -0.52827789254215895554 -0.28431492105424049921 -0.84338016878653210284 -0.45593301762817661782 -0.44524484717139056755 0.53731692173199463447 -0.71627337775998967118
6.9296788814267173962 1.4621432693674345504 -1.0242862032388690974 -0.96876330846985714285 -0.0065350289608320224696 -0.2479010801891841087 -0.23998801249367923694 -0.22714423358733715208 0.94382797744469593137 -0.062477244031668432989 0.97383920158540060452 0.21848067061801845767
-4.7598953711921714316 -4.5137675003008954633 1.0040793854173004629 -0.99102576749674842205 -0.0047412395395402973791 0.13358685865389058334 -0.026690806513205586614 0.98626435203507700766 -0.16300376913592268258 -0.13097911667537581737 -0.16510647640991107932 -0.97753993393743110474
-1.019258096819493753 0.029494730465773950912 -3.403519512795391222 0.67075019887547737696 0.00073837074974905745478 -0.74168296833429092629 -0.14758263441317404085 -0.97986951308264225169 -0.13444368096272613089 -0.72685179832486190854 0.1996376521094993528 -0.65713870007179076005
3.0429186307497753106 6.7341443526603432801 5.2775904125632147057 -0.87581450561519857967 -0.0076171495665288153215 -0.48258774413230648426 0.424783260004294283 0.4625455038816861375 -0.77821002233266911574 0.22914653341105989393 -0.88656282116461437859 -0.40186842418181739633
4.0377068312295003594 1.623605956524720062 1.8778007216529102319 -0.93870348084563670632 0.0078266702147917182469 -0.34463679182816170377 -0.34415728713842835829 0.036108069617994703604 0.93821744229039394369 0.019787287782857269219 0.99931724219181572444 -0.031201165048558261034
0.91027004232229269398 4.1760849268253412703 0.16022890997662372903 -0.97420604509348740496 -0.0016748532352852778249 -0.22565410824935855372 -0.046894175416895708675 0.97964512182982432797 0.19518291827630948609 0.22073404362524853828 0.20073024221955787505 -0.95445474059450230442
2.7634733307849215223 4.3327297075166333329 3.2778447683919882394 0.99567189066345418436 -0.002523555941009573457 -0.092903809437582154929 -0.060014601637757111763 -0.78072701977428360376 -0.62198357549429061919 -0.070962903920793338197 0.6248671476880997 -0.77749939807527990165
-2.2480152649719942204 -3.9940982289510902348 3.535960423937611008 0.98159039336126485686 0.0011420007589182500779 -0.19099475253341446912 -0.1679300727995440834 -0.47124084436437807533 -0.86587040442110341232 -0.090993353111986086112 0.88200383357273848262 -0.46237370951686085352
-0.37756688881842931371 5.6397360261393263414 5.2093862082717956596 -0.96796769142834038213 0.0019392780352745367725 0.2510672968578913089 -0.18352204456542026145 -0.68788013983041251809 -0.70223968300394012942 0.17134236927668353156 -0.72582170842960869184 0.666201651201120848
6.2075287164409109764 -3.8535768115968926928 5.5917011260749589496 0.90126628591906976506 0.0013116345911621358437 -0.43326361661275664128 0.41076060398776370608 -0.32068493284071142302 0.85348514929113072913 -0.13782165315086797319 -0.9471850154345320405 -0.28956128618844040323
0.90593051900697896262 -5.9178234271768674901 -1.7551950655303694138 0.99940836352360185035 0.00055887691505060801966 -0.03438910548050798377 0.007166792594462128782 0.97453579393385902918 0.22411743222116717322 0.033638668271211258354 -0.22423129575981265438 0.97395521765576731354
1.6992989904696083059 -3.5438590411545711767 -6.8296787998540020581 0.93439134227358111584 0.0025862054935553010701 -0.35623886793188547228 0.34017310318270788105 -0.30347236289118556529 0.89004875418845874613 -0.10580680202732603568 -0.95283673129366142085 -0.28444170605306196009
-3.1319317104977262289 6.1823310755596834198 -4.2030598833255474744 0.95290926192673408579 0.00039298312493448502719 0.30325531173979630717 0.020685003264699269865 -0.99775439073707916648 -0.063704838159765089789 0.30254928387636609299 0.066977767425358769593 -0.95077752891864930618
2.7952441377567658343 -3.4979215897733935137 6.1877648483055702755 0.75900233368024683234 -0.0014516961638713059973 -0.65108628463975359857 0.65023464319172397108 0.052869163320449878707 0.75789165476554731793 0.033322158710468230414 -0.99860039262364230783 0.041071761477086840553
3.2933754426194283838 6.0736616129416276522 -1.7897699404966782577 -0.59522348149032189291 -0.0033297183575684199258 0.80355330878417896567 0.72691811721624233211 0.42398026048972925484 0.54021365178771674209 -0.3424895004890491923 0.90566530886995988414 -0.24994257413256928957
-2.2501357873490639427 2.4621938230825795024 3.0022162952561926019 -0.34869800513882059922 -0.004691896228803999272 0.93722339243215635474 0.92377806539574913725 -0.17056858426125770523 0.34284171851859901459 0.15825228941746535827 0.9853346356304543141 0.063811195892568395305
0.98433176362350305322 6.3830018845658536009 -1.7719037911221549031 -0.99364215300846514545 0.0018005362956086106568 0.11257011074803567607 0.10640351978476517147 0.34176067480022565004 0.93374403994760379888 -0.036790796976816246555 0.93978529421837186941 -0.339779396121459909
6.3583928449271152061 5.2617151546934977091 -2.7151837910391800612 -0.99965310362861292681 0.0044938969688736712244 -0.025951441110853221139 0.0035463157834623067199 -0.95339630808414610463 -0.30170002216728891709 -0.026097816959672365256 -0.30168739552959455974 0.95304964158669747132
4.528343934395912207 -5.9583464550554872119 0.48364860887855598559 -0.99223973644413843154 -0.001491023316870253735 0.12433053635680239857 -0.013198762169588389506 0.99554156173041019606 -0.093395886122249013872 -0.12363696089157995284 -0.094312118610772863181 -0.98783557649269360112
-4.9672251384817140973 -4.1688162921228295588 -5.7335530181100651248 0.92926772188259620933 -0.0002671705698509595564 -0.36940686199231725917 -0.36682731386042999322 0.11730565062112954799 -0.92286353603237025744 0.04358007426672607515 0.99309582264360107828 0.10891034925415402079
6.930168002847787001 -4.4390496178785072701 -7.4073281205262420102 0.84029969096629464342 0.0086124822038326030033 -0.54205373766087272536 0.54212175068429990787 -0.014568457282941121855 0.84017365317371084377 -0.00066090608608348859476 -0.99985678234565289468 -0.016910884082843961884
-6.1471177825727671973 3.0032445803025664688 -5.6743944312051395329 0.96104616180748658749 -0.0032840781992668705361 0.27636839491039000283 -0.16437395183133449161 0.79708342423191180792 0.58106731002018008336 -0.22219693704975079784 -0.60386027327947167098 0.76549414858678721529
-7.2287566680053245705 -6.4165914159261188132 3.5237587295106931329 0.97360152500652363816 -0.0077613762498769355014 0.2281224047382504061 -0.10274221603502949052 -0.90735245209438242231 0.40762184034047954651 0.20382371684637495823 -0.42029904677149892978 -0.88419715207290738856
6.7908888484467153646 -2.3014673439459687465 -1.4887142272932467613 -0.83759434291324108557 -0.017594926147855526749 0.54600928132549642058 -0.27977658388987980409 -0.84464231912594600615 -0.45640378597077990719 0.46921293655084245211 -0.53504184071474025775 0.70254497995358433649
2.6605002038297369538 1.937753309924935774 -7.3491492517299121801 -0.99305082414144252301 0.0004079558869028586561 0.11768557364425583089 -0.06627916843650719092 0.8243870585946071472 -0.56213259063417198025 -0.097247789195172865129 -0.56602633436417093549 -0.8186312089719576246
4.2868389936609014867 -4.7068698230219974121 4.4170286656381616552 0.99696876849984672475 0.0094398170248883167543 -0.077228003278508899898 0.059793270641045254132 -0.72805710915318355703 0.6829038077192901568 -0.04977990982223101657 -0.68545148308695558192 -0.72641463704426589842
4.6728789641685324341 -1.8668002256671545336 5.3944793915991784417 0.21801098442914434994 -0.0077215365049054535823 -0.9759157691840973925 -0.34795729047317280891 -0.93486837402148048604 -0.070333827288641903586 -0.91180970310413977931 0.35491055370131746605 -0.20649833945265486101
-1.9036665806330719253 7.449573688589546272 -7.3277782732183087688 -0.97613307229847723345 0.0027273922293389032609 -0.21715613391468552296 0.026030571518624267408 -0.99124304958059317183 -0.12945897421434535146 -0.21560759381700125847 -0.13202188451111576684 0.96751412780317025408
4.1434898620615285836 -3.6337548726541517574 -4.0222905162036752813 -0.8146890766418615204 0.0088582127918018574442 0.57983035490254253297 -0.3821423292166118979 -0.7602718567429671559 -0.52531318664718007483 0.43617536452806437985 -0.64954463735029877025 0.62277027503573811895
-1.7416534973079078608 -4.5863833022172633136 2.783042372176610435 0.98554250821952571471 -0.0049499869300845883088 -0.16935602180507988712 -0.1242706572308098778 -0.70055048565885458256 -0.70269895459899556212 -0.11516409268376130715 0.71358567437442788073 -0.69103742089982100882
4.0550711979499087789 -1.2994768808840231333 -5.2339933613997224882 -0.98162414101996864346 -0.0049174990496261838935 0.19076127481747259806 -0.18885778819043405607 -0.11812335844962762454 -0.97487414984111298022 0.027327305148967983434 -0.99298675237468536636 0.11502403227862026402
-5.6471588056193704475 -1.9462260479970092675 -6.6466416435519510841 -0.99380874705608490682 -0.0044805601731468134782 0.1110139579300145618 0.022114981964359434891 -0.98717011342746396885 0.15813315505689076734 0.1088811363252357306 0.15960918437254212332 0.98115738106409011721
-6.7056855295280284324 -7.4664432292302134186 6.3631527660278095482 -0.13231386756937230098 0.00062159531782240984299 0.99120767454058511525 -0.75920417951117968869 -0.6429773813453473208 -0.10094107633151522263 0.63726137044511221852 -0.76588491348082454735 0.085546741848658958141
1.0825507026970553337 -5.8804679780782738163 6.7791555553881677199 -0.89591973830400095657 0.0064581291678112258056 0.44416901634946931443 -0.41373046320692125066 0.3518983559951929796 -0.83963959581619718175 -0.16172484760163455264 -0.93601593982977171482 -0.31260075824083033424
-7.2314469306749318278 4.7570289512678423094 6.7766187839236469159 0.98712858004108283705 -0.0033549595056816435001 -0.15989343548999851441 0.072673891144766009087 -0.88118437870142940493 0.46715371804006416978 -0.14246287941762722506 -0.47276086447542420288 -0.86959846654001748956
5.1004260245939274654 -4.9027827992771424448 -1.6012964497994155444 0.48300028412700102276 0.0055780518974060527837 -0.87560242740100047154 -0.8710356565184966815 0.10525514694004338423 -0.47981062838997817765 0.089485253571059783506 0.99442960503985100562 0.055696947974410597471
-2.8021316134296796463 -5.2989935143780959592 6.6924095357301478515 0.90413155788368448906 0.0069372287994117686968 -0.42719784748439521005 0.35545323764944430911 -0.56699366010535834359 0.74308221970706545001 -0.23706353975949598367 -0.82369294294471917528 -0.51510272165838510983
-2.645868926407771049 3.9931527481955599868 -6.2744394068129931696 0.8049766629905398263 0.0082116543228310853036 -0.5932496445628447912 0.10529837920640446047 0.98205332435217340681 0.15647210443159151327 0.58388768044647310074 -0.18842461851374808779 0.78966533402493588323
-0.18735622504960683377 -4.2732897215799567903 -6.5931785427080296103 0.90006375221540191323 0.00080144525635803334773 -0.43575750094896492648 0.39242056601050429032 0.43326816273149765246 0.81134752020038780618 0.18945010245394716675 -0.90126469854802637727 0.38965446466248587765
-6.3161215180376704126 -0.60981431656817242093 2.7880402756638487105 -0.96619820773366515976 -0.001277615254595317008 -0.25779718980532650985 0.19005377356907562914 -0.67918212384866616382 -0.70893667262778548022 -0.17418549458663479257 -0.73396867122755216073 0.6564673663875857379
4.1745890097994342582 -0.22948837179310477286 -2.0492222900609542435 0.99874873100635408463 -0.0048216728914914361651 0.049776739384486561046 0.006780786556764111829 -0.97309294119632450126 -0.23031315361381776707 0.049547888420069644 0.23036249535114144971 -0.97184264543639331535
-0.35329452958249235595 3.3714215273054115585 -0.72555246021982255922 -0.52354274212860474336 0.0016157607549659070041 -0.85199787938812399091 0.84205066291068131346 0.15335400945832483588 -0.51713946752754791358 0.1298217171976365214 -0.98816999402946370523 -0.081647931042980168015
-0.54319754141023079974 5.0719370975703563786 -5.4686115554763690128 -0.92219951588282911281 0.0098457011263205947149 0.38658907780040413504 0.38627428245555389674 0.071134546410300675268 0.91963691477691766885 -0.018445368488845568372 0.9974181362279274099 -0.069403385399997796767
2.9597061951296801396 -2.7549373984020020245 7.0251976352513452184 -0.87514149046390943276 0.0066110066339183579109 0.48382193652197130751 -0.42195412147291178062 -0.49980614163073017187 -0.75640501066571252942 0.23681657678594442151 -0.866112068602793439 0.44019063322609064404
5.5093396224843935727 2.245494492237098072 7.1545851274084482085 0.9944931161513563822 -0.008873162920399612838 -0.10442561423014691535 -0.10387050226457260338 0.049096408421782915255 -0.99337830731275100771 0.013941330168295606659 0.99875462935598258163 0.047904380314067136759
-4.4910924430044865119 4.2143430168712292527 1.6261942561780617922 0.96218071028069851458 0.0025795684818362444798 0.27239975512127018176 -0.13892928055983477797 -0.85549092172871377127 0.49883257496157312749 0.23432229037546450923 -0.51781138329139153598 -0.82277848511428486322
4.6679999761763442123 4.2121160533189856423 -1.5952407804069907993 -0.97061761096307530572 -0.0095961341648249480485 -0.24043578664070519579 0.22823862990578133725 0.27976378311643035346 -0.93254455843947536842 0.076214047964605916019 -0.96002090595233902093 -0.26935344628820917512
1.0449294895611569434 6.018094011459614201 -5.7690799912680175154 0.9888457165590873732 0.0015910373896442300823 -0.14893494365915049826 -0.14523983276105986717 0.23190322216507380793 -0.96183485408306967912 0.033008178112050964859 0.97273756180670023497 0.22954758989855647555
-2.2066682075357113568 6.0608746233928938452 -6.7938592380662115033 0.99972155042699384353 -0.011005399222093500619 0.020873495151135554315 -0.014106774881988037168 -0.98784510863224228583 0.15480000081918099397 0.018916144276520031886 -0.15505135452221502357 -0.9877252942730040397
-3.4891475268966858359 -5.856999326336175038 -7.1321215677405840339 0.96227306320908667647 -0.0043511516576939931675 -0.27205076603742595065 0.027225078111967650207 -0.99331430902045814157 0.11218501957475468522 -0.27072005271881666166 -0.11535922578819014783 -0.95572114242667827178
2.7975856848272804278 -5.2096780947699929953 -2.5584013303468955414 0.93631488404381391089 0.0023614658324105836963 -0.35115361509906584114 -0.20761293753288984076 0.81021633775926427123 -0.54812986982740952158 0.28321600605712088372 0.58612618906429136967 0.75910788719776844946
6.8995325736681456519 0.32958210241521462835 0.93997458216084672777 0.99384280385596213137 0.0042870888123655911256 0.1107163135815317917 0.033309328309903379894 0.94146701529505538719 -0.33545543334241545441 -0.10567388452745575533 0.33707785448007959728 0.93552741817005979907
-3.4649325660684904271 -2.8205869269656695941 -4.1646773953382583144 0.95513296833133021213 0.0086284604958644858796 -0.29605162130282269839 0.087799270136303397827 -0.96289430401043840657 0.25519766352334821713 -0.28286445688718114821 -0.26974081814528638734 -0.92044966731282185091
3.2599753280551921897 -4.6914687907648442433 -1.4804953765027097923 0.64892923691455839386 -0.0097266750141432808952 -0.76078659114801849839 0.42985824549666468153 -0.82035570370838672982 0.37714507576237205067 -0.62778398693820769427 -0.57177085548876327437 -0.52817170934985202546
0.46041635125471658263 2.6468041486555242692 1.0306345773902778618 0.6635478270485488661 0.0029524446273869473303 -0.74812804003724575619 -0.717197938256142975 -0.28207783226971916424 -0.63722775669551312561 -0.2129117154605683071 0.95938698115659915011 -0.18505464546155797612
-6.0777707169265315912 -5.9593768514839497996 -3.0471216526335833663 0.86498701133514499517 -0.0022537227000765580262 -0.50178918975560127258 0.49979248581508217697 -0.085362587472807491262 0.86192847718514076227 -0.0447765713782684871 -0.99634740396809018392 -0.07271113574729438922
3.8255562209666393869 -3.6394252920628340497 4.505042024485381269 0.98727007395606281026 0.0031901957415919578176 -0.15902082795009145344 0.039787454054582865881 0.96305813427843645069 0.26633810936508972578 0.15399597257928365757 -0.26927467881592853649 0.95067154568642286971
-5.4260986625450815524 -2.3567653579552270138 3.8355661475180284903 0.81380601487613868361 -0.01209031743574362841 0.58101083843233014559 -0.21952276928908512343 -0.93210394711733035589 0.2880832961697935013 0.53807947732206340419 -0.36198902744792887942 -0.76120589861889487171
-0.092768860232805533395 -0.71792012967983998006 -5.8635541871580247886 0.99994481901244203215 0.00079638672128201832591 -0.010474955767284483549 0.0082704107194100338896 -0.67451363098491978754 0.73821606723382227067 -0.0064775949756151057768 -0.73826196392858856044 -0.67448299710185732891
6.1801181941102401041 4.0012363520203741984 6.1716018342906204808 -0.99654249960470520087 0.012262789029044214584 0.082174634083779049543 -0.08051398383692742744 -0.38665294409587630531 -0.91870397801941527938 0.020507191135914468183 -0.92214376581266432886 0.38630341738653345418
-7.3063633428241594459 5.1556704320271640185 -5.7189929073312173458 0.98115476318192818006 0.00075298925577563181801 -0.19322205798679248367 0.090436987303341820343 -0.88548837815495917702 0.45577569426201647307 -0.17075269254963751364 -0.46466091417257637808 -0.86886923804876825539
1.2682318382402366641 -5.1650722485696425323 -4.2592960431650741526 0.99118223348293599262 -0.014492705951914739565 0.13171082530292962942 0.11947579051878509659 0.52759055452993508517 -0.84105513627279637756 -0.057300222579798894273 0.84937516342610497322 0.52466991170388677101
