1125 14.717824617146108679 14.977075390850430381 15.033177056927090831
5.9192044945188939664 6.3522990466574373869 0.87048568936334769219 0.99895942147686034307 -0.0020055964731981916829 -0.045563711716143324992 -0.022895700933887798423 -0.88607667706635973026 -0.46297290335167412545 -0.039444405450101117927 0.46353435680848442679 -0.8852005642433870003
-0.13463590766494459849 4.2554722151991324353 -3.2576919533989543432 -0.87957922821420519988 0.0047051654182613212793 0.47572916949929194841 -0.46956764533201167389 -0.16929842533985123287 -0.86651270598576757287 0.076463113665765553018 -0.98555360310637163401 0.15112077174463153795
-1.3004857216473171277 -6.1444165037022449027 6.9565470329438143793 0.99629073415837465788 -0.013575109427289872022 0.084973463116911354676 -0.027234348096337020195 0.88697398358971846211 0.46101566428776535878 -0.081627589170584949341 -0.46161983150530494502 0.8833142520344571258
0.24363643481874039387 1.1424809101605948314 4.5431063160099158793 -0.99941485530268514559 0.0005991147821734180319 -0.034199240661414213871 -0.029438356474582001027 -0.52417202113465488633 0.85110344578532148851 -0.017416376443239393879 0.85161219655486308788 0.52388294161061954579
-6.2023472414901448246 0.69742262678079569582 0.84944891844382164336 0.99935275437234105667 -0.0029536240055098583746 0.035851756354720182296 -0.020120918084533485903 0.78025109457309671512 0.62514268617090995583 -0.029819808582908859801 -0.62545943555335448139 0.77968665083697474838
1.971587770909512205 7.3782190848670783367 -3.290269877991847558 0.67101874409374806518 0.004891591857908121968 0.74142424926893324422 0.68271702722852412037 0.38595429571956346715 -0.62043270573677511415 -0.28919077752774757784 0.92250493437418856768 0.25564299373970911233
-5.8015099066803381689 -4.8959896612485893641 -2.7583553591541947192 0.99999089205533975289 0.0018840951641636155545 0.0038296203204423156369 0.0023978863508862186329 -0.99029940959235984721 -0.13892922479503697075 0.0035307148617088508769 0.13893714242968235872 -0.99029490784623841471
-1.7045801815357626285 -2.7348694296590210229 -6.1199674653777078603 -0.99592342792098109694 -0.0064271815732271668151 -0.089973424161085502337 0.072758280000303168777 -0.64682209187648764814 -0.75916231080841212187 -0.053317524414027483992 -0.76261384251633346221 0.64465290567304855962
-5.5982350557942606173 5.2544076844705029927 0.50983618496092719674 0.93947908960522774624 0.016987205443004912281 0.34218485507953921854 -0.13969692227337643375 -0.89297803466851732868 0.42787264402738167668 0.31283191988978742426 -0.44977957318097089301 -0.83656113072935700536
-3.7361133991934041276 5.2989478781545678032 -1.0200289290924065 -0.6801670220913363929 -0.0095061509468353094787 -0.73299553556178365099 0.064511198821377013779 0.99526024318401684621 -0.072769180041585196372 0.73021306978579747504 -0.096781617218723178797 -0.67632994261870127417
-4.6693356999852735356 5.8576242738478558891 -2.5170744996627152368 -0.86629011904174579861 0.00026065826163639027081 0.49954115116567010535 0.028330931807093961278 -0.99836469928130233686 0.049651641785360745018 0.4987371932727767132 0.057165192961349163558 0.86486608949601140317
7.3562421577674728113 5.5510854112962304541 0.77426930837441165778 0.93813443468841184458 -0.0015186387152971896411 0.34626792543961715243 0.10883915214808440042 -0.94801553473746347223 -0.2990327488019083324 0.32872149520750859608 0.31822042617152446198 -0.88920073040655700503
0.9273166132328956035 3.9578629834806817733 -1.1042653872715642027 -0.7934757515404525785 -0.010813687992491440373 -0.60850578951176448328 0.21494800142363967854 -0.94038583118501584135 -0.26357512248053194259 -0.56938000351378803554 -0.33993757170784899557 0.74849773475950842627
6.19340921529399413 4.856288775420240178 6.4220866978514017376 0.93013564039644491821 -0.0096187748957623810109 -0.36709013829563641451 0.092498950463931195465 0.97356024320773215663 0.20886454224805930946 0.35537534330262415816 -0.22822780727806848966 0.90643280686308447258
-1.0006188866104737123 -1.9359244044445655941 -5.0680613963948344391 0.85244645187758394389 0.0005961849574618125619 -0.52281420336939410376 0.023773274198283143865 -0.99900917905376884764 0.037623019551034454777 -0.5222737578274746495 -0.044500614936651777809 -0.85161600334599518725
0.53496866770806994484 6.8632506269730635395 6.263044239673281055 0.99669892264876758237 0.0112759445489720566 0.080399693191742074849 0.07368223827860653774 0.29020241610182134773 -0.95412446014702989583 -0.034090839723545159068 0.95689885085260362185 0.28841359864568999472
-3.5247447333796437796 -0.88628754629109451901 -6.6608540614522135925 -0.99429426626034045356 0.0027250042352362771267 0.10663717191373600635 -0.015757573234563480163 -0.99245854402596311861 -0.12156371693726981953 0.10550171073305610048 -0.12255044978200341221 0.98683877927993746138
-5.2731671652746845425 -3.7596589398250226388 6.2954050879656824335 -0.99695114317108513013 0.024136432478690881404 -0.07420142018227600389 -0.022820223551009651691 0.81918608720181740335 0.57307363569811708981 0.074616724177272233942 0.57301970922675238285 -0.81613770732083612547
6.5979977541535408392 -6.4461103116240572319 -4.8863573675929634632 -0.99961041957155494231 -0.002757536221000653643 -0.027774180056839146979 0.027391177539579560779 0.094189299734044121259 -0.99517742097006745006 0.0053602683548967314242 -0.99555048682104829716 -0.094077073262107555052
-2.3601267985784546433 4.0700580432881183768 -3.5555810496893642814 0.97780460011687253541 -2.0593279819527314858e-05 -0.20951888594126330534 -0.16932194339666872818 0.58890392895527621242 -0.79026719655142285692 0.12340276931464022603 0.80820304505551920915 0.57582948386543986175
-6.522457304391097388 -3.7026921767119085338 -7.4279845684132093098 0.92040088079575232971 -0.00098113217811532805329 0.39097475111581941887 0.084110169196345563325 0.97707950516632824378 -0.19555336873005890741 -0.3818215526501793633 0.21287244528958793044 0.89938736035606170471
6.8108657724733250305 6.1695894260885815186 -5.6923465100895453972 -0.98634824495028849967 0.0058371570501097374759 -0.16456933882332880348 0.11443288168403425997 0.74294050671697320354 -0.65950323658692600048 0.11841560400849315826 -0.66933200362498534997 -0.73346602760496382167
3.2888988397776164341 -2.258608329713047258 -2.9760473627790764439 0.82219295044868490052 0.025591265250141465026 -0.56863330835915415484 -0.19793974273125333752 -0.92378644656186459372 -0.32777806423879124464 -0.53368399871091554143 0.38205194449384671795 -0.75446517562336001816
-4.6773959785266736588 5.958226735315243161 -3.6862944898521918802 -0.96827188533735197851 -0.0011682328188296637467 0.24989636111280999486 0.21403215222776295068 -0.52006083752398812869 0.82687784048588275354 0.12899532502411389934 0.85412842155376922371 0.50381032702400074808
5.0976310124058832329 -2.387102379096581295 -1.9497689658181667216 -0.93406972903895202354 -0.0014402056805297987034 0.35708775826207972415 -0.29124946724435774037 -0.5755138348470872911 -0.76417116782135829922 0.20660950879116060652 -0.81779077501961405794 0.53715059263673559098
-1.156168225240865155 7.0433404745435463923 4.6569041536622446387 -0.98670404773861486447 0.010059049403039092146 -0.16221571348421631731 0.067129869941326858473 -0.8837444743484427212 -0.46312987878160816191 -0.14801588677485727485 -0.46786164577118599661 0.87131898732811041697
-3.4861529234913999353 -6.6980235082009036418 5.2079980094172917404 0.98029214782701468156 -0.0077976589893753332425 -0.19739934504238257351 -0.19450129425344772627 -0.21305713856255392713 -0.95748415247531548644 -0.034591204700108027503 0.97700862443575653415 -0.21037489473688278374
-4.0645968099036675625 -6.9541535867651989022 -5.0561126002019172176 -0.7115089790714722584 -0.00046851802609493981011 0.70267684833884180851 0.64523302367773405219 -0.39643716760206532124 0.65307879869072527068 0.27826124030537113807 0.91806173683179681522 0.28237090768919015371
4.8625984165715410157 4.279724036994835501 5.9269209874781694225 0.99887910559919879105 -0.001808238421775456347 -0.047299711112175540917 -0.043370188134927344092 -0.43526932375193805314 -0.89925504868285688342 -0.018962045739450334586 0.90029847610354818421 -0.43485985644459668187
-0.52766521697604651386 6.118378793262027493 -4.7986796735087189347 -0.99094101347331442486 0.006433100352820990929 -0.13414366565837848588 -0.016454279234706110924 0.98551085222161582955 0.16881237172721902384 0.13328602519120985592 0.16949034005856544738 -0.97647727066001044349
1.5984488201345401492 5.4785275016860142117 0.66448881797194558896 0.89971011661587574348 -0.0045952295822095905881 -0.4364637326560173447 -0.35942017180930935227 0.55957718747957396754 -0.7467867910916881069 0.24766680471055885215 0.82876550068004839478 0.5018056383968813039
-1.1495747272214742463 7.3158201153769333303 -1.9272208654947591278 0.99574897399736328474 -0.003183628224788986015 0.092053491485799499028 0.081313635545274584593 0.49984708440873099056 -0.86228822610688771189 -0.043267464194240462527 0.86610782049319801068 0.49798109384071936878
6.0234845704877386652 -6.5994253193450411743 -7.4244735398695658191 0.97218423961873012829 -0.0019815894406977462711 -0.23420904666627073709 0.060077752804241803253 0.96861830660339975907 0.24118300050118540723 0.22638124448593324733 -0.24854506516132363059 0.94179450132663056205
7.036525217992769754 -1.930137852624840944 0.83006912975552560319 0.87837275674207593301 -0.0099803935636525228231 0.47787204559145313176 -0.46343742625409095615 0.22692825612173295191 0.85658001291214003192 -0.11699167560298150137 -0.97386033819944706202 0.19470231000619181438
5.7726678214164648395 1.5542012536804581391 -3.6277964431118956412 0.93761557825862351656 4.8516024553487899218e-05 -0.34767373362535874959 -0.23031379997551112981 -0.74902623537715962154 -0.62122077577744594379 -0.26044688699931117792 0.66254033564979042392 -0.70228749290409397954
-1.1226434510648206633 7.0888450250382035733 -5.3408591185581171246 -0.99877506850724251386 -0.0038715347745287126933 -0.049329238253472074138 0.049199736019761207417 0.028429497173355553624 -0.9983842695405533707 0.0052676848573822432353 -0.99958830270710419263 -0.028204194498045030703
-0.32638352868284653541 -3.8543200300925102297 -1.5579722658445402939 0.91942513155600003039 0.0081867225809290830596 -0.39317986346792144214 0.16703877988369303376 -0.91324484654550575069 0.3715937247490797013 -0.35602734934020585644 -0.40732889393130028433 -0.84102776332913709023
5.741591492122299023 6.7596852755193346241 7.4222141561038927904 -0.96413512386307120838 -0.00020437568430213396732 0.26541179545012733021 0.083080326189220607414 0.94951249133725412754 0.30252882208948972398 -0.2520736446631873795 0.3137291618978246821 -0.91544136384646812576
-3.8472453639844741424 7.0033700783751360319 -4.2023722548872797233 -0.9820153449371371579 -0.01164554583596270898 0.18844161846621948486 -0.098884258300286367871 -0.81852641721360630545 -0.56589434330444088328 0.16083459133032612653 -0.57435083841288014916 0.80265394077763907443
-7.3543523332554068261 -0.13490960726362585809 -1.0477937853325536288 -0.859089085441416489 -0.012468640544928299985 0.51167418957631460863 -0.23286974868856813448 -0.88071631741916067693 -0.41244447914514414943 0.45578242991723527666 -0.47347999032120680063 0.75371020647479680665
0.10329198020594684837 -2.199415259642527154 6.9398552263831847497 0.72040634382885426756 0.0042816606262911505176 0.69353901631665793026 0.025528257806978038591 0.99913961170792831012 -0.03268553761698708704 -0.69308225184637961558 0.041251711458448046821 0.71967721130880246694
-6.2210399303056620468 -5.3530700138907523211 -1.6735640041633819131 0.95905330291593382519 -0.0028185910484023420954 -0.2832116129513542746 0.05705068518150303164 -0.97753149315962095667 0.20292215059328130855 -0.27742022544572342291 -0.21077057533152268598 -0.93734400466858269763
1.2406270181670675523 -1.5448292141340194128 -0.14284877790413336163 -0.78279151087340692605 0.0016249081449302912872 -0.62228193785301910701 0.58859895660439887077 -0.32261532179007246235 -0.74126285650261725113 -0.20196217167765898037 -0.94652877073013530485 0.25158411593632579173
0.37693882114215843115 2.7340735850841175747 2.8341083675025982025 -0.9805756140085357675 0.0088857678476959335578 -0.19594006313555878407 0.013417700272347135582 0.99967200582288984201 -0.021813896796477459661 0.19568196271299931333 -0.024019240283621262622 -0.98037321748654493447
2.4092207485078751539 -5.3095941331448495148 2.7221578946655986542 0.81664756483448519564 0.0023574490534262410382 -0.57713187165832746661 -0.55948906534044695604 0.24863094228819432319 -0.79066721210715518176 0.1416288834042196132 0.96859542481410654258 0.20436282052971649348
-3.9946687773415616718 -1.275770777239164655 -2.3134251471287501367 0.95383419894194254596 0.016556455726091906522 0.29987698261566841929 0.050115000903895465245 -0.9932545769810577907 -0.10456496540722751143 0.29612296029407331188 0.11476597527140697252 -0.9482299105737732603
5.5501150109589536541 -2.4417531255156332826 -0.26813934916497911276 -0.93265488063763257731 -0.0031969409981409627891 0.36075566965886152193 -0.35999897665628055599 -0.0570867928663947935 -0.93120450755279737809 0.023571390057058900364 -0.99836410074105552681 0.052091380499022746364
-1.2668755088845038426 3.9036234305172046177 0.96675988832490689084 -0.98328527930972486892 0.014286157791346558443 0.18151023439012115013 -0.15403458688137164345 -0.5967936895513507034 -0.7874710395664450413 0.097074226945682684509 -0.80226753505746051243 0.58901901213431051563
-3.695684366743065663 -3.1731774688605596246 0.53707964859248302769 0.95529088776130832716 -0.0086753787065611751017 -0.29554028078163480098 -0.26004612624070000404 -0.50030629769534418205 -0.82587506362260310055 -0.14069588475648214798 0.86580502787329094438 -0.4801940459042893794
4.4696068164761051378 0.92402735571276106707 1.7282119877591122226 0.98138933173948794675 -0.00049743791465924926121 0.19202794615226370656 -0.1212768990948207698 0.77372171866896999326 0.62180914741253356937 -0.14888550397497454791 -0.63352541749758639611 0.75926191270901677299
5.5776322720558457746 -3.9954517357076957396 -7.2254617138404473309 -0.97971299518002785689 0.0027664736483849032556 0.20038661057747381156 -0.13907189567549685383 -0.72933809722389331132 -0.66986935127017022129 0.14429641335961912452 -0.68414785431323621445 0.71492675046480802514
-4.2107485038622902707 -4.5248332964155233427 -7.3922405424329760137 -0.94618887788399452798 -0.0059175986984182646702 0.32356079706058726853 0.32013899764507930401 0.12903192384499181933 0.93854237241362670208 -0.047303589246952833236 0.99162278344873600044 -0.12019411711828986711
0.033545257279779534809 -4.0985639524730581584 -5.000600619798854396 -0.99713919341322743151 -0.0080942083326595963555 -0.075152596433625179495 0.0666292583213270867 -0.56361416325502788904 -0.82334659585982483687 -0.035692728878515489477 -0.82599852225647796278 0.56254108324224272319
-1.8720307087227063825 -2.030924387251606511 5.5710256106291256017 -0.99280797860941405464 0.0076267435485342024992 0.11947447590248259919 0.0386783421692290727 0.96488352147170386441 0.25981488764042809381 -0.11329741151674370403 0.26256736807047309501 -0.95823904834243223139
-3.3477494991627940735 -0.66378161238639366015 -0.36376854538118230664 -0.99974014630801288916 -0.0049051592822413241438 -0.022261609836377163618 0.0031684706067530050977 0.93719379020984339146 -0.34879472528439442458 0.022574336183075111029 -0.34877462494370214952 -0.93693471509024672805
-3.1618994129414161876 -2.2826792738559786855 1.1875050988614239689 -0.9920032998216115061 -0.0079811015562541633844 0.12595933931582142806 -0.029678061332870792066 0.98476575698507673451 -0.17133480832873074218 -0.12267300362531124991 -0.173702924234060474 -0.97712774410211233889
-2.397955776183055665 -6.302836643753567003 -0.26685422843310524499 0.93288746200762873162 0.0042036056182391161665 -0.36014346159371329881 -0.34065161154308482017 0.3349873379247473304 -0.87848731520896683467 0.11695068525652703439 0.94221325246988341107 0.31393745250950011449
-5.2503504156004892067 -3.7925958174724470062 -5.2658793780518990957 -0.94751255492563413174 0.00017299244672125228817 -0.3197185142151862669 -0.017536260158092974171 0.99846639165128747706 0.052510421085719322098 0.31923727513873589867 0.055360950285766347134 -0.94605640812023661379
-4.2442620586173456232 2.7806147186623149103 -5.5901299618023667648 0.93858623046842548643 0.0041030647706156962717 0.3450203658257891548 0.32592998452938204412 -0.33873750302364807885 -0.8826248066024371397 0.11324987046251228096 0.94087197264293687127 -0.31927166791845801308
4.0069241475882586556 1.4839491633098007561 -1.5786304684600793724 0.97137715077559450005 -0.0089656558692178291159 0.23737322503984656374 0.20839201454971520433 -0.44746734437481078261 -0.86968140372777857916 0.11401403081597799583 0.89425532860188505779 -0.43279118295562601926
2.2790945440896384078 -2.5109752546871200174 7.3613144309856428649 0.92234184392863094448 0.014055482646849346007 -0.38611910901402346497 -0.062853711033437342781 0.99148477145047364534 -0.11404980925470330211 0.38122819143859021374 0.12946193027019439747 0.91537133157158201424
6.3654216067632738429 2.8689469950887613869 4.4562073984416610273 -0.99870344332012928046 0.0079455431571926766338 0.050282210018671016916 0.050844565076258903258 0.10713484544815758681 0.99294358102210245054 0.002502499276534906128 0.99421275048892965298 -0.10739992673477566365
-0.88799033802448767982 -1.7661787798225017099 3.9066598040281301785 0.57807041592482788506 0.0010666527548398802364 0.81598618645444920272 0.061703581475593467787 -0.99719312280388705538 -0.042409242693767446042 0.81365057749975255863 0.074864798701896023703 -0.57651365955173794475
-2.1670959485196013006 3.3407341502359075847 -4.3467008185072995019 -0.87008266736474104697 -0.0068467298650428803919 0.49285826993332410018 -0.35416389375368917403 0.70412068544694095262 -0.6154526762367280579 -0.34281786463472163629 -0.71004731012501998144 -0.61506806864884955299
2.0224798363196616613 3.4853627441172569945 -6.692661499565990546 -0.99767278619490773472 -0.0018114851837648985287 -0.068159593657472358763 -0.051937474578349428211 0.66785734927378415104 0.74247495564190535422 0.04417590316626029967 0.7442870948379848306 -0.66639718639640455056
-3.6090831661221911553 -1.8850496887347754082 -6.0969888895520378824 0.99911423365585827483 -0.0010112554897816466298 0.042068105123956298086 0.034795058806456398426 0.58207872577202124376 -0.8123876296981102918 -0.02366541757582666522 0.81313180626889491887 0.58159832672128564113
4.5518570418045447568 -3.5112987444460550535 5.4820313865328174074 0.92132728640125050035 0.0019089225481339396756 0.38878321381885111441 0.032799984513079305515 0.9960412939612043326 -0.08261901560730773586 -0.38740184866432164634 0.088871236846824838707 0.91761740987882034482
-5.119928983113384291 4.9203034677183490331 -0.78259301073848874797 0.867627158132821652 0.0052891199307771022062 0.49718722799446291027 0.025786335471308607231 -0.99907643228973652683 -0.034370733862491398281 0.49654625099119770182 0.042641618797171723654 -0.86696223272581962593
1.5121933704873713467 6.8004744962673377984 -4.5846524753847610612 0.96103747561449126557 0.0076381622111674363912 0.2763125566139639222 0.22429258877739399747 -0.60578146125672993616 -0.76336207386613041947 0.16155434096316848014 0.79559441908265071675 -0.58389186947603621824
5.9320615791479633927 -6.9958296305296547857 -6.131658189494863187 0.87643959007796701233 -0.00075333988065613005647 0.48151124329855427009 -0.40713387283195567878 -0.53508281226560849841 0.7402218543186076527 0.25709075155828464698 -0.84479927586200076473 -0.4692744708229826256
4.1148964736903881345 -3.0576566035367949148 -3.9795188779021839487 0.94138598808408990859 -0.0030297025617209401641 -0.33731771720629794009 -0.023085626965366722041 0.99703664207389908203 -0.07338247876504429279 0.33654045115927855303 0.076868428268501265421 0.93852638187159631578
4.2714825431198084615 -5.5039714981011078621 6.6355109909575702432 0.99012071551463054497 0.00078706396207718003037 -0.14021536734282893932 -0.0023569966800550206341 0.99993638022408415367 -0.011030869007669877324 0.14019776487315535607 0.011252379069908155507 0.99005957936373578665
-0.003967783230202189676 -1.6430313710451016629 -2.7588008039910913993 0.65312531881065361006 -0.0027995089606314711023 -0.75724466368401666116 0.26598407304821714003 0.93712339353917739615 0.22594737919756721634 0.70899914725835933016 -0.34898697401358397263 0.61280363996613129718
-0.98776809820930877581 -4.7358268428981880049 2.0804667130763427885 0.99995945408624187234 -0.0050665862482868655528 0.0074444534603874878628 0.0043024052128960805705 0.99504782882151066037 0.099304117069521996575 -0.0079107201264910428917 -0.099268061637956428456 0.99502928220511621671
-2.0883671718600602674 7.2568400047396073305 -6.7792346789170077059 0.86181896753026110414 -0.0054319378445449404552 0.50718690958697210114 -0.40421952711378567047 -0.61138225490165420961 0.68030751303465830659 0.30638968831390728242 -0.79131677123818477959 -0.52909651903242638227
4.345927561263648542 2.1954423351855671953 -2.4491436200318839056 -0.95465723527246237889 -0.01349352357939530983 -0.29740122387654088776 -0.099450450628511141704 -0.92713063552022467739 0.36130097225070728628 -0.28060500888547457166 0.37449527300216539638 0.88375003224175141536
4.1354821151898955023 -1.0297662931133855224 -3.6410865253770534622 -0.99336899161950131809 -0.0063295972208511335627 -0.11479539488970168237 0.068400839489968362495 0.77000914718698143524 -0.63435576643205637826 0.092408720616213482768 -0.63800144940861691634 -0.7644702603152916387
-7.1193263371900741276 6.2052647255397106463 -6.9294371917752997092 0.94828924116413448875 -0.006803629231156994861 -0.31733456433502527094 -0.19757824349010488785 -0.7951126161571067108 -0.57337489073645986348 -0.24841568547844639081 0.60642364585904839913 -0.75534098852861364382
-6.3146299952452080717 -0.42495364538338109561 -5.2650838821337533346 0.66283437401044631443 0.0020841957194358191365 -0.74876314596703608117 0.38247251524287273483 -0.86063644349644030651 0.3361840079623400479 -0.64371217769586031032 -0.50921564022916543379 -0.57125656585460338199
-0.62168951967828633975 3.311781193539316881 1.8109620768873877505 0.96782429093418076427 0.0046051496842821788846 -0.25158484547778431351 -0.23097598877542163676 -0.38041673238285855785 -0.89550723187049641183 -0.099831029679843502622 0.92480371015666174017 -0.36711287527616343063
4.2166218269016395581 -0.56990535195068869889 1.356639257820666522 -0.84935741883645488048 0.0016035357842766270482 0.52781569107061154789 0.49122849441982890939 0.36824029233424049323 0.789362814789016487 -0.19309723285818330973 0.92972927015047213128 -0.31355532667769597799
0.47132294849023442795 0.028208726217383441048 -2.716609176146817628 0.99239644028702334033 -0.017558827491901369405 -0.12182361381422615598 -0.12273657493093791115 -0.21533239935529785436 -0.96879703290323948561 -0.0092216310852824209809 0.97638293991903346569 -0.21585021694477779519
2.1920608026371657395 -6.0573628629969835657 -7.4941634078890864146 -0.87357260885263243733 0.005072610885976402452 0.48666740766297972298 0.40614917918774484651 -0.54337006649095720423 0.73470525728813573796 0.26816737554687436473 0.83947795650658785238 0.47261296980921257971
1.6112087649551125601 0.28069536953239937471 4.2305127276652640944 0.96866989713839035669 0.01625471500028670413 0.2478193184925981396 -0.08538508687530543817 0.95882417068622871614 0.27086084369498647506 -0.23321238671471056225 -0.28353481963971993718 0.93017202104489515868
5.8684608205495889521 3.5876728640377781865 -2.4259557945937557655 -0.54043394580426218354 0.0014098753102132232685 0.84138526399858437621 0.38444832595908429163 0.88991908463473146096 0.24544552851914225311 -0.74841875637219290596 0.45611625168851749335 -0.48148450655852731428
0.41040531807825414434 -0.80353115984682854656 -1.5139887331800132575 0.49579892331787001059 -0.0015479476219261937425 -0.86843596856354410285 -0.52359611904376401892 0.79726941309214138798 -0.30034744392126599966 0.69284235707641561586 0.6036216420954044759 0.39447481723811650411
-5.427414569633586261 -5.0673099755587251991 -3.6197449404648169846 -0.96740409581193698152 -0.0058350181834191227476 -0.25317043265203736935 -0.09980916124907798781 0.92759512957850376313 0.36000750952312865483 0.23273900991704588037 0.37354146777173352634 -0.89794171588011928442
-6.6524840784580181463 -7.306389288577178398 -6.9544200769191810707 0.99976668676923641232 -0.0035056188842335529732 -0.021313907728612628556 0.021527659536993929562 0.080867598112171104607 0.99649234389957463964 -0.0017697178543622758828 -0.99671868760042159341 0.080924198401390395885
0.1739072973870662564 -4.176221122068072944 -7.3052757019151135509 -0.94055803456794195849 -0.0016330914756549183738 -0.33962908683135972776 0.17094704086755954653 -0.86636138770984161273 -0.46924945935392797791 -0.29347519968187052442 -0.49941493659846492026 0.81514233620516740597
1.2206798171438073553 -2.8284842180123681565 -2.3532147410888430983 0.57385694942675646857 0.0079973771067662242917 -0.81891650585034736487 0.58369174878350893465 0.69741401492526577943 0.41583366168178759192 0.57444942683984390186 -0.7166238439692181883 0.3955478760634148494
-0.19580195449425244481 -4.072108408230934451 -3.8059756817172187837 0.98352860847040324277 0.0058092349381552339793 0.18065915174655611253 -0.04919035473337972364 -0.95315765332916335684 0.29844731009238600894 0.17393040367219622655 -0.30241815535706340068 -0.93717206210431558411
-2.5912604622343891059 3.7709655163015511903 -2.3342710080566306807 0.96988688525659261241 -0.0053519319674698992081 0.24349699511783465256 -0.024029533925113654574 -0.99698350181294881356 0.073800261599789099276 0.24236751289427105327 -0.077429025158999534306 -0.9670898276563870688
-1.9400650691869454345 -1.8867499523585657961 -0.024568920014028293453 0.89727600450045463809 -0.0072749825647900273964 -0.44141006601146037802 -0.24405259708138571373 0.82501474458776380416 -0.50969500789267196961 0.36787783516469246825 0.56506437318372559897 0.73849045528903189961
5.2049530765647675778 4.7466142443269507822 -3.4854574194787319996 -0.96543854671517970178 -0.0016252537501520057314 -0.26062572986286869359 0.1591125573050652664 0.78833303109774488515 -0.59431828693723198764 0.20642578962954125088 -0.61524660960492560946 -0.76082849759015691582
4.5781733741663801496 1.557609408028187703 0.60117197094839724958 -0.97533313100292218234 -0.010751389407141020635 0.22047605582898413545 0.021184532733435977592 0.98964357344728892674 0.14197469178443550275 -0.21971913694753048008 0.14314330288292692606 -0.9650044019064749623
-4.4939223944287620682 -5.1788528665441670995 -6.2184656581993866808 -0.90164934174352961982 -0.00058219539382209188616 -0.43246748499981840785 -0.35602470283104215021 0.56869274988890461398 0.74150857526939784048 0.24550942040507095498 0.82254982661986275616 -0.51296871953365608121
0.64053260178640814004 7.022662703767309722 -0.92202241121631045573 0.95692604248100665565 -0.00094812428210292788201 -0.29033024348494390621 -0.070034487332078454447 -0.97121854325105461125 -0.22766139731912282684 -0.2817582648403051393 0.23818824972177118915 -0.92945071837545734095
1.1048087707860589912 -4.423768506915395804 3.6630653716113688034 -0.87322990687729373782 -0.013498344006586168037 0.48712146785401283511 -0.0029386689161395931902 -0.99945224572023694254 -0.032963202967936929 0.48729959363836788944 -0.030215943373995492877 0.87271192429460564544
-1.9203472247850472687 -1.3133954458504033536 -1.1183963214707830502 0.99842034667770496181 0.0067159591087813143295 0.055782678612783104244 -0.033851888137683604219 -0.72049062276795938775 0.69263793728964573315 0.044842624917422364839 -0.69343215846729400198 -0.71912514946553873774
3.7038901347243293749 -4.5342981766586607506 5.7930901519522466359 -0.97467028934306354504 -0.0011536545631091804295 -0.22364368122765235225 0.2199122176142164764 -0.18692229251374631316 -0.95744382242790693205 -0.040699430166657571406 -0.98237402532971596081 0.18244130766239885499
1.0038815294564371605 1.7497868946227421727 6.7783722204475820305 0.99329038157697402411 0.0058429724712542084955 -0.11549925341457432937 0.0033258983820925779387 0.99686645645955418438 0.07903294493908412377 0.11559911879676397495 -0.078886802815778034326 0.99015842978538837205
-6.4609991485012159274 -3.4200217327232467213 -1.5133708179638685198 -0.99872102064002810096 0.0044218634417380409465 -0.0503663583694115638 0.030144053115088526029 0.8518335720059689864 -0.52294445370933650974 0.040591365996815169381 -0.52379386472852540457 -0.85087738733568296645
7.1136343802368093847 -6.3721070937268926571 -3.3225745753001203475 0.64863567960033874371 0.010575482447602731553 -0.76102556745514926551 -0.69788576193562412708 -0.39071146235105069788 -0.60024996166189348301 -0.30368934528068308731 0.92045244980854479255 -0.24604891628392711045
5.7523057680224702892 4.8079243508482596425 3.4861431651223950823 0.23680027736162972962 -0.0013878227602257507678 0.97155735939234422194 0.85963112629075855153 -0.46567845776955024695 -0.21018539597567226229 0.45272503283284276643 0.88495290717490038279 -0.10907977231870862045
-4.6847610103565093809 -3.2027234161995208339 4.2909167930337339669 0.95459481666483181339 -0.016903787026100063062 0.29742729864754324787 0.2425188447793227009 -0.53572942618664920467 -0.8088130759604004183 0.17301256001662157491 0.84422049483647998436 -0.50730504647070695512
0.069248002596106278395 -2.6898842292301163859 -2.734910293283721483 0.78620382657012244376 -0.021140535759988827308 -0.61760555440686293327 0.0092859839486182649271 -0.99889767783503879972 0.046013038564740940672 -0.6178974944022711524 -0.041910702256441299818 -0.78514086599022925306
-6.8388937079415814679 5.2555855232496693219 2.805958030823082705 -0.99029524663373014182 -0.0021932550444583717372 0.13896227591285292835 0.0089763100044529409854 -0.99879716191072576148 0.048204307046244308788 0.13868940245487784702 0.048983864602620288964 0.98912376912869959256
0.085552010096621694535 -2.2800926917727939447 0.69416263357008178847 0.98236348519223193332 -0.018272782385690883311 -0.18608623910618316 -0.18680901349249576238 -0.053208304064365531671 -0.98095426440610977714 0.0080234306112920636411 0.99841623674814838907 -0.05568341547299406058
-4.0159119487188350561 -3.3674959786892912916 5.6815887754158893586 0.86104264351358494878 0.0070678662649000297685 0.50848363918375949488 -0.50852968270292331354 0.015444634622732999335 0.86090593276580518189 -0.0017685760194304845673 -0.99985574385895747973 0.01689270881282666989
3.7266852013596380999 2.4656923590022596926 -4.1601672131740157212 -0.97183305879103443203 -0.0043682982097780296421 0.23562984490862246001 -0.22828969911329996534 0.26570987230302184345 -0.93663337386597700363 -0.058517682111133360878 -0.96404314308618521689 -0.25922287543509953123
1.7575166764795575602 -3.3690329895093706902 3.6062121875136665672 -0.85944242330614739611 0.0067821104136132270498 -0.51118756244640373154 -0.41478269966596797991 -0.59377555841362206213 0.689482340809614902 -0.29885453498213887524 0.80460213099954258631 0.51312900688983908992
3.1282483604901480945 -3.5309756661296285429 7.3490393917224325904 0.99930656179917998205 0.012751703878452914226 0.034982704203844326718 -0.036874857534612053012 0.20869238289572772382 0.97728590197702225328 0.0051614365261352266809 -0.97789819683314882504 0.20901788488902781071
-4.6773998314459728221 -4.0073655074010661181 -6.0999376520434278603 -0.92642308410730977997 0.0014731380626147386192 -0.37648120683145031018 -0.3731121623487111405 0.12994484855875634843 0.91864119798779309001 0.050275078721530960801 0.99152012899243457955 -0.11983426163767300909
-0.56953762130825325016 5.9337864330505869503 -0.28106805905333953621 0.79337352705619745841 0.013820865768536513829 -0.60857820387831207398 -0.56491292495783096417 0.38917281345073967413 -0.72761109700620818508 0.22678587650473469584 0.92106107557562044708 0.31656699334853327654
6.3157570784433119115 -4.9512445844135548612 5.0202622265574889937 0.99986013599808198915 -0.0067145459251671032325 -0.015317418683130083062 -0.016283770316910271825 -0.18197824068136922437 -0.98316771648725465038 0.0038140878807570071166 0.9832796320435023274 -0.1820621265999714522
0.83731224724519393021 0.16348865217591154742 2.827951587806538214 -0.98952936915689926334 0.0048458289065604204238 -0.14425028775723194863 0.11070497015879141034 -0.61578150960632194177 -0.78010098193057675342 -0.092606895844561998299 -0.78790205633010723663 0.60879743139483599723
-5.7839793173040332519 -7.021509401606998324 2.4718753258230199421 -0.97243477452519799797 -0.020560431429586148444 -0.23226682490954445037 -0.084563951744852358661 -0.89719381049179591781 0.43346534403620357034 -0.21730059217463545962 0.44115817466596174423 0.87072378947967721263
1.7039377361484480122 -3.2628046413757925137 -6.7142013800622963871 0.99935464735790668911 5.3958071989360437137e-05 -0.035920549725505887539 -0.014660451284339518635 -0.91230785718219964409 -0.4092425257616282841 -0.032792681686576466427 0.40950503148574263212 -0.91171830584657653773
-2.1507971540393833187 0.21884721225408054757 -2.628686343983333451 -0.91225578186920985857 -0.01171081441949645488 0.4094535935510041913 -0.21731226361260191915 -0.83348933763981947198 -0.50800679535249138041 0.34722437778733011848 -0.55241142354798711267 0.75781056379793965139
-6.56610134119332578 1.20880535467880601 -3.9722529749606629856 0.98554159104164129612 0.0068246107424798059873 -0.16929618133705878757 0.079094962631414467147 0.86510375123538929554 0.49531756125212833552 0.14983911109392042404 -0.50154653252383085693 0.85205593507705734702
4.2271990114936368599 6.0398869362645930536 -2.4186960932683212455 -0.96077310934438819867 0.00080057595235561340892 0.27733443969141663432 -0.27702106001290255355 -0.050382879945723338388 -0.95954202498776375307 0.013204721509344558711 -0.99872965535546631699 0.048628292622157641423
6.973567540880762472 3.9566353862216439019 -7.0583208768117540188 0.91420781235559267497 0.0025336131101128932935 -0.40523777789395643012 -0.24772257931194580083 -0.78789740698078647441 -0.56378293675128743345 -0.32071420225318975072 0.61580131282543471016 -0.71967433162200811214
1.6601521808039716444 -4.5568341771678397834 -6.0543990859486829237 -0.98717467933296298987 -0.012641790840328870696 -0.15914250723242007179 -0.063921706715798665144 0.94476221949011618406 0.32146285016252518218 0.14628796223341888894 0.32751264669989643696 -0.93345342591755786632
6.0235996246717666835 0.22904961399947990075 5.0867747397569686996 0.8474705652266825151 0.01507609458189030846 0.53062826201260215875 -0.37738079660966555862 0.72011048355766704709 0.58225821232573249375 -0.37333279446715855743 -0.69369561252950040497 0.61596186710928380048
6.8691571190341660369 4.4034581443293490111 -1.9796668385651732258 -0.95226537085357643164 -0.00073434448922797025683 -0.30527057541009261499 0.27697740161953926519 -0.42252851986167649923 -0.8629908278165705493 -0.12835179182669703701 -0.90634933146199081477 0.40256267449075605613
5.6871661219558289346 7.4409569304926099775 5.3029317555430051101 -0.75149570021925671259 -0.0013169436910550624559 0.65973667338672470351 -0.6039124876101757966 -0.40121168763599657225 -0.68870813049712686915 0.26560105395228505998 -0.91598441436721100839 0.30071353939569156477
-3.1908491716538365246 6.3033428118567025322 -6.4706029579441395327 0.7140558464553643514 0.0038617904326107063001 -0.70007809187089709013 0.68016808326101740878 0.2330225444674952906 0.69503372024878606883 0.16581805286496290042 -0.97246366530820593788 0.16376444363645084601
1.4819910434602454608 5.0629196708644395031 7.0922244410811368098 0.9662496054232743159 0.0073097365357934762642 0.25750391797242411229 -0.11100797749096588674 0.91384218478107059891 0.39060170282240269657 -0.23246274745157252672 -0.40600373035994247184 0.88381108953281350971
1.1489961320900257125 -5.809993962664102618 -4.0252787708099493358 -0.717566350369148509 -0.010753893340887984986 0.69640712704281959589 0.69607616579670872348 -0.045542188124350270473 0.71652207259132616457 0.024010502445898695978 0.99890453141366297718 0.040165070564354081462
6.7604768549434171021 -7.0965344822787903567 -1.3595370912093083238 0.99385916612287161787 -0.00013672213662131314955 -0.11065233490824509521 -0.051470102888900866323 0.88465937322481436045 -0.46338819781490780958 0.097952980670253694817 0.46623789493400741302 0.87921978987349547197
-5.3191680915692947096 0.6045636522924376921 -1.4949795444509696996 0.98101324903252040688 -0.0058801228547506216235 -0.19385156532145925157 -0.026225138035697499045 -0.99438174727022687893 -0.10255331701487119256 -0.19215943213226521769 0.10568994678285392741 -0.97565587570187417565
5.5780259356073136345 -1.3445104639616911602 -1.291438957548959543 -0.26451680980158093215 0.013016395403292222582 0.96429322863072530758 -0.02565117166132740989 0.99946017374146323142 -0.020527505865494226345 -0.96403987195803919619 -0.030165121504223669363 -0.26404013088888994565
-7.0363962857497863723 -6.5835964262123738422 -6.0517742595947154882 0.81496024125401045346 -0.0028077949319653973913 0.57951007019963629574 -0.33927687608775258798 0.80838893141987422375 0.48103901807447940753 -0.46982018531272695672 -0.58864204050127677537 0.65785221868377286025
-5.2957985261255346998 4.9199867977562981025 -2.9210421103550414657 -0.95320819656588018365 -0.0064575328765019597566 -0.30224565219188154197 -0.24055567373194547409 0.62173705986913452293 0.74536970438882921286 0.18310407378075310714 0.78319941819086091872 -0.59419825774774215343
-3.6955045593847839491 -5.4161453089017443929 -3.9990235292148876844 -0.99554640601325217197 -0.0044158854059126563876 -0.094169280714320235948 0.053737677698125568826 0.79414471399290420539 -0.60534819338352596763 0.077457184752444854792 -0.60771265676562746805 -0.79037061644339112743
-4.2944988941755397605 -6.2287335665198870771 6.4976985481584472737 0.93797004166433051164 -0.0031771640034018592061 0.346701754493872083 -0.02601472854344027974 -0.997784188139642092 0.061236817336099980125 0.34573896922246960539 -0.066457652136806044663 -0.93597432958033355277
1.1909778223589935209 0.11775583837202437121 1.0753388690597940336 0.98720293330629016459 -0.0096055401403806611738 0.15917946497636753511 -0.10085731034442697862 -0.81079717469740708591 0.57657241041598228382 0.12352397104058895905 -0.58524838752566610278 -0.80139013812064718856
2.756839473338352775 -0.016496638967763248979 7.198179122740639535 -0.98464174308223617604 -0.0075955198776735200275 0.17442174708938890104 0.15379219548638209392 0.43513551691280183409 0.88713304668946224574 -0.082635333770835192602 0.90033293286355631224 -0.42728446217214022251
6.9625831939141917815 5.7089680616489557607 5.2561660253382713748 -0.81266213964669720138 -0.0090618447142852519283 0.58266468037385676926 0.29814500410745220504 0.85263611546035411592 0.42909347599140279517 -0.50068932813727595743 0.52242658583097278946 -0.69020334620052736785
-4.4084387055522844534 5.9525097211075594927 -0.16574931505569617807 0.33699649503733625222 0.0021910515980781454515 0.94150335189287459592 0.94089752159527517694 -0.036727173834387040474 -0.33669417660245881674 0.033841042956896612293 0.99932292778413578382 -0.014438483873116466499
-5.1611752709687568341 -3.9740172516715905893 -2.6654294058849634652 0.99097530851229664872 0.0061275813182273767415 0.13390440868867564683 -0.010590924345997685188 -0.99225245309104692648 0.12378570861147451809 0.13362548499661011658 -0.12408675224265722226 -0.98323278407379710586
