1125 14.717824617146108679 14.977075390850430381 15.033177056927090831
7.0035362028844492244 3.1832890823343471531 6.3842702763866805427 0.99908396541465072094 -0.0097933715837227198336 -0.041657171343163920674 0.0032297145333906769615 0.98794061178555026004 -0.15479960119087921022 0.042670821357508818827 0.15452325863075189183 0.98706725381137772057
2.8931965381420692296 -6.5662129170015699486 5.6260395688049174012 -0.99175202303198428666 0.0074508807568281218772 -0.12795471537967345599 -0.12282091935946870542 -0.34067813224862858457 0.93212307769695901261 -0.036646235545333631645 0.94015046380018163497 0.33878335088499134109
0.57638994946012112042 5.7159634989526066917 7.0862265363135552576 0.96243562630950174608 -0.0011952339078776831605 -0.27150734175350971222 -0.01571779651990771326 0.99806800624153824142 -0.060109947509770250695 0.27105463671135987536 0.062119452130341062945 0.96055742024325918571
3.6118414753856269428 2.6126744435244413367 -5.0245837853890833458 -0.82413048810900457752 -0.002925980282995093839 0.56639242333262296292 -0.30617596561484000661 -0.83898967308983141145 -0.4498361996642356031 0.47651360594316943819 -0.54413947392928596614 0.69054110396337631261
-1.3431413954049280512 -0.021790495154389907112 7.3001929570657067003 -0.77746909872522051987 0.00022970956653064859843 0.62892109819987651598 -0.1618189496640938807 0.96625948713280851443 -0.20039269212095378592 -0.60774700991201613398 -0.25757047726664983323 -0.7511997212350269848
-2.020875484832574287 -3.1795983966149328204 0.85942610752692960574 -0.99967655487696327476 -0.001883744981149400137 0.025362120064573341616 -0.013184517484361524611 0.89116259271595688052 -0.45349244959797602172 -0.021747508547643398108 -0.45368015699225539006 -0.89089918679021962156
-1.9729702962846800141 0.9820034643570556554 -1.2057196471435269736 0.93117584300142342002 -0.0060213235150502354004 -0.36452063463360490081 0.35959515870122321646 -0.14945082116709171305 0.92106230727954385706 -0.06002392230800716183 -0.98875082589887119955 -0.13699975560261570817
-5.4523859097721203426 -6.2305392839051307874 4.407548927305843911 -0.98584575963087850425 -0.004031914921261880308 -0.16760633007153288854 0.16233928844310585582 -0.27269488291057708551 -0.94830557114372127092 -0.041881901171698876496 -0.96209211850854914339 0.26948963218975247047
2.0746595947423807083 4.6372111652764678169 2.739906024910710336 0.8662405662895952263 0.0059884712086157943292 0.49959125245240099122 0.17708354783614113637 -0.93869478828680952276 -0.2957930214339690167 0.46719235695812044717 0.34469730584361285564 -0.81419596470629251872
2.2623529087315286112 -7.3465513953520540369 -1.6850502583019226766 -0.9903865748093084731 -0.0017440533408313229832 0.13831627060992746081 0.13216885651139856361 0.2831032461685222823 0.94993891665592378182 -0.040814529348831174449 0.95908785326834633533 -0.28015114475449259812
1.6762984977733532688 7.3726416610635032711 5.2720094130792771736 -0.95207567995998709787 -0.0060885730470654660096 -0.30580194392282744609 0.2281770067309606409 -0.67993960415702259237 -0.69686253185129753973 -0.20368395427239335826 -0.73324284106776493886 0.64874323333260641711
3.3787406511920505814 -0.53773107055730462456 0.95892974234179717552 -0.024350870629761597191 -0.0045351461506134933474 -0.99969318670727458365 -0.58551116017239279721 -0.81046584201676430403 0.017938791416926339745 -0.81029853536398366298 0.58576834275446809652 0.017080170184633734071
-6.435669859879604715 -7.0984170900959000505 -2.4607289994096133157 -0.79409866795330452671 0.0028094765069214258299 -0.60778237256157729984 -0.56099992957688582518 0.38136507970104538412 0.73473788183236499183 0.23385120177058443813 0.92442024146297452347 -0.30126538567192490126
1.7170880451433669922 -4.7049154850081977841 6.0811661704727502098 0.78070241206335888595 0.0063281788480515910322 0.62487094503666928968 0.43370213227501258624 -0.72539501189549382421 -0.53451336482575717568 0.44989577043866446626 0.68830373445870451921 -0.56906218014533405114
2.1813227201716713921 -3.8704643380435452826 -6.1070178108668482508 0.73215523689892192394 -0.0090096156970041422346 -0.68107821570398652256 0.19088932991739196443 0.96255694246703726868 0.19247180633066854338 0.65384246788130317984 -0.27092980517746434455 0.70646094574388873522
4.9062619953244324122 6.2280794619870860629 5.2736715142785532962 0.84438532899429952217 0.0010612835687078658441 0.53573527964511846733 -0.52236095347719413429 -0.22042574452206337154 0.82374239021323725218 0.11896407214604755309 -0.97540318065346420795 -0.18556989171024049212
-2.7858441578150134887 -1.8879489435398872921 5.3212616069874254521 -0.77191928617655114486 -0.0076346152387959474034 0.63567470319247687538 0.16649851438219961941 -0.96745194233547993079 0.19056490752464833038 0.61352983655012482966 0.25293962109860640419 0.74806596483289689026
3.0587459862544785771 -2.7012225826132789663 3.9873861219369413078 -0.84835781109307717429 0.0077804557203259060508 0.52936611987001314095 0.16210184737811689226 0.95568637981344783938 0.24573671788281442607 -0.50399604704213174511 0.29428389005849486804 -0.81202523151568406501
6.366150146926091935 -3.9829531330235616871 3.4856111172173318558 -0.99996483952598858025 -0.0083359277428553587436 0.00091215146532139593227 0.0021519014984240289468 -0.36021678068348572666 -0.93286614272039991569 0.0081048770238092357476 -0.9328313798445749816 0.36022205338615032044
-4.8078687793345578072 2.1684501418257275951 7.3728693934967388657 0.61635015207702525952 -0.0016133016101639975973 -0.78747056281005090028 0.45239083042133776402 -0.81778810663091661137 0.35575996009039317913 -0.64455800870472912401 -0.5755171673467298632 -0.50331398103372582131
5.6000542697001307602 -7.1859346906153858114 4.8297966264476928089 0.85310535527391018196 0.00012535818613141919836 0.52173866742683328024 -0.023270448992078394262 0.99901396101250672377 0.037809944534089978685 -0.52121947297342485772 -0.044396959212216237367 0.85226707727446537888
5.7592815333095890296 -5.4351760015222367883 2.2407054593299475798 -0.99449190464860504068 -0.011404370562376392462 0.10419113167717070079 0.10286041690593816789 0.084811455113665987215 0.99107353496877359511 -0.020139171334809479602 0.99633175068020507492 -0.083171247221367872182
4.478546523622246589 -1.0069457985350389606 5.6451295798833509565 -0.29640387507936327705 -0.0066631487162366479296 -0.95503944697963516486 0.26398653644037906041 -0.96158870962730869092 -0.075221420456239293517 -0.91785393795320024957 -0.27441347628427481542 0.28677760131751817152
4.9139989561036987453 4.1933287796133331682 2.8021336093434205949 -0.91947641434659865833 0.0052903933718540319467 -0.39310957149175190795 0.26012647312957404289 -0.74155384155710046823 -0.61841096210294588253 -0.29478355014754664687 -0.6708725004126445679 0.68046509591054349375
4.150244202786108616 -3.5786811036225940619 -2.6335124662236397697 0.98855446911859490289 -0.0001274581915351505855 -0.15086432759273527004 -0.14366895581918237568 -0.30594199581922371101 -0.94114755821174667094 -0.04603577651586893138 0.95205014518600261653 -0.30245863904339770345
-0.74305227017198660633 6.3552152071698895242 2.955050088634224803 -0.95146091778565877739 0.0107488196966575595 -0.30758183431647095896 0.006148351618021812362 0.99985433221479469434 0.015922064049736464608 0.30770817294757463189 0.013258100405111154785 -0.95138840810407776516
-3.7304599224936230151 6.1063420953462195229 4.6207071201782126124 0.60487687800615097533 -0.010539566483244338854 0.79624925745146790668 -0.099681288793923295 0.99104530804451063108 0.088841646018945091834 -0.79005544306583552761 -0.13310940966483222891 0.59840979432219043588
5.1437451899209003514 -1.5006596058165226903 -1.8763800687179676974 -0.99823166297768517463 0.011486209248066075322 -0.058323357463567489234 0.050182212870160274043 -0.36309443055156193081 -0.93040001075550815557 -0.031863655474025719128 -0.93168154511058764999 0.36187595382990722648
-5.0858899983199492567 4.7113471219699452064 -0.73477391201689423728 0.95404162448084739445 0.0052797701290623723705 -0.29962760684807304701 0.16715991426033807721 -0.83921874891039627276 0.51746444761134580137 -0.24872101202470195402 -0.54376834728090783777 -0.80153218442732998561
2.7786927055867693959 -6.0176710578441454658 -2.9799483926529108935 0.99984772833385737734 -0.0014142810449591764442 -0.017393100776589179995 -0.0023957353408398502324 -0.99839762384998820277 -0.056537112967906859307 -0.017285271119487896629 0.056570173233722827189 -0.99824898442357112849
-4.857462714715625296 5.3642596338370935882 6.4061840034871773142 -0.99833508191646880281 0.0037544018070147212006 -0.057558393669633597933 0.05638940601052730428 0.27349158344659968423 -0.96022007304244150205 0.012136684247921247781 -0.96186706890860274033 -0.27324795085141173612
-0.02883380383096573879 -5.8775733897547732809 -2.6926314278477914144 0.86986312702790824503 -0.0045608178136209050202 -0.49327207419263147115 0.088218864047888825852 -0.98239845335734254927 0.16465330506020856016 -0.48534067649791723387 -0.18674174086692477137 -0.85414984045810782298
-6.4694374176042774849 -6.7793403912158556324 5.7086201601415247353 -0.93724431863929857922 -0.0039995739164965533191 -0.34865038446400303807 -0.18442399613746332521 -0.84292271672897189916 0.50543949516328656735 -0.29590687188217201786 0.53801979241544739541 0.78928690990176075815
6.2098538439654582533 2.2282185890275334472 -3.663640193952708124 0.92494118353838505886 0.0031551812381291196793 0.38009716103395874143 -0.36132300632620500958 0.31778494834833037608 0.8766175971897228747 -0.11802326929081577434 -0.94815756677603002522 0.29507242580645082208
-0.19624508552191730071 -4.4797018622913356012 6.8617373849956138088 0.81515569018006683866 -0.0085381209292124827376 -0.57917898896464903302 0.16261546420987485484 0.96305326531569035442 0.21467328423585038677 0.55594731006358821812 -0.26917560932561429565 0.78642677966694252145
-5.5169946065735295804 5.4342254556435287682 -4.6279002837130818193 -0.9327937283314602368 -0.012353273837314042438 0.36019891311719426374 -0.10146453930855614534 0.96799105815551389487 -0.22956101279129850767 -0.34583349700139215388 -0.25068048978002760441 -0.90418940736729480623
-6.6755090110321235741 7.2273110721565210213 5.3607199479223446303 0.97521025330159227806 0.0031205136609306202353 0.22125827498628192203 -0.061970682103008704888 -0.95603699383594220595 0.28662327361307005091 0.21242550792007328098 -0.29322948148413707781 -0.93214369856443402007
1.9168326674393081355 -6.9858963453738871507 -7.3350684762554454466 0.88560651855880412331 0.0015746189587197189155 0.46443364957895028056 0.033093774626451515075 0.99723839408269587814 -0.066485994377464066596 -0.46325575697132098663 0.074250292541597540108 0.88310871227184628562
-0.62190240883758907131 4.9044647169614181692 -4.5056425017253358689 -0.99778708396947191073 -0.0037326127453227529035 0.066385259401203960961 0.047207624822452602664 0.66332716356342813491 0.74683901494073057226 -0.046822806646896530935 0.74832021333174869593 -0.66168306846756697048
0.66772543848458909554 5.494399900192807884 0.76307667315992644408 -0.98732556813114968897 0.0031160248214691273205 -0.15867738624005886527 0.097920323359247135597 0.79878395028390314359 -0.5935956629238087201 0.12489929058189085109 -0.60160991610686787023 -0.78896493968624958892
5.494842396304203902 -1.8005756256109464175 4.0073449804196989987 -0.88020188339769833696 0.014648001365872484122 0.47437335561685795016 -0.24319554756503161674 0.84440351229704158076 -0.47732445366314441015 -0.40755437687223533549 -0.53550737107557511152 -0.73968323315853057309
6.7687989499648164582 7.2825336642166211831 -3.2914865572864688836 0.31655834244183045367 0.0051331656438521377009 0.9485591528422868679 -0.90035412272225823216 0.31639463465230371897 0.29875891427748729745 -0.29858544761512023635 -0.94861377060100549041 0.10477902795304992745
1.6247468541798810726 -5.711334247837714706 -5.5767801195490784849 0.88063977876814614199 0.009952706952241919397 0.47368188024830976124 0.36294282411799966281 0.62847094875533882075 -0.68796567719014167785 -0.30454242146620869036 0.77776938111172233548 0.54984425370527889587
-2.5987896628951467903 2.085580688369487401 -3.7057198676749401045 -0.53471827464579202438 0.0012671069961144034669 0.84502944398391310887 0.83584604304320742063 0.14782760653922083494 0.52868553136427820505 -0.12424877902374532879 0.98901233217018247323 -0.080105229082470252866
6.8867653571924751787 -3.5338486068040877441 -0.200187413746359677 0.908733233500403359 0.003515513009658049158 0.41736261392253737323 0.20370119000989284075 -0.87652012629542186417 -0.43614022216205888816 0.36429347444129805966 0.4813523754666434451 -0.79723908278014876672
2.5182307973691191449 0.19503520749536695789 1.5644768676337530433 0.42353584701053381689 -0.012232716701688226002 -0.90579674703507495614 0.89642861721807998165 0.14971755481342235994 0.41713353738733288667 0.1305109977344421357 -0.98865313149902611656 0.074376508707905866769
4.0720943078884728195 -4.5631036084486824578 1.4223166053332478853 -0.82499972056907167062 0.0038186048494334877065 -0.56512023439084502208 0.55951336231765569362 -0.13515260926741740066 -0.81772768670026485527 -0.079500053137655332658 -0.99081743548705392133 0.10936430444113885707
-4.4569602180631378019 -0.096265350737852431462 -2.1037415943256103645 -0.95191861770333785486 -0.0061730395827136021539 -0.30628881607418334543 0.19223129941229313844 0.76643283873295775521 -0.61288484337432036497 0.23853316917375341766 -0.64229479002558775846 -0.72839503698877683391
-3.860442927508779043 2.4701788162498199419 1.0836647335097902012 0.99752574497342438864 0.0048661959919542446817 0.070133503061501636933 -0.067503025967173002631 0.34499358709016803015 0.93617453840186659608 -0.019640000009869075515 -0.93859242752278237987 0.34446846792762458866
5.143872944784093626 0.96797574070080727449 3.7675629969370758587 -0.92319740587838361456 -0.0051369807711928623661 -0.38429176573018997143 -0.25409826303449073448 0.75834267294675239413 0.60029198154806340249 0.28834115644891439301 0.65183587030514533733 -0.70140528632249832253
-2.1887167077331768361 0.44915672304439990814 -4.7728611289119466932 -0.99393230450222602723 0.012680600458748332929 0.10926013197257790355 -0.055513081778854722614 0.79971155044059472061 -0.5978124570827652029 -0.094957210458637530959 -0.60025047976984591269 -0.79415520505630765591
-4.8405775122735157368 6.3534719015188283464 6.6944322026178815221 -0.53400639526836324311 0.0049948995259369369237 -0.84546568279935896406 -0.42747866007436707836 -0.86434542737956499003 0.26489427579545171687 -0.7294512766413104865 0.50287377456658211017 0.46370119889814265246
0.034941298661012899773 -0.1949604963762379406 -5.1118954324007486179 -0.77134636835070102823 -0.0031726748618459157079 0.63640766350385535866 -0.05959829605002057995 -0.9952330052909383884 -0.077196556190299220335 0.6336188311123472916 -0.097474095604595314968 0.76748027827818376956
-4.2901626661599188139 -2.5634321437253584364 0.41850817826570063662 -0.73971583033779009231 -0.003832238128535545886 0.67290846650820712593 -0.50031301552251128406 -0.66559720874804051416 -0.55377544384506105501 0.45000819642122252828 -0.74630132631394974219 0.49043547332531750582
-7.2501612837966353808 -2.8504680553529126996 -3.5065176296479920737 -0.82836200726614983569 0.011873606417713166231 0.56006731951490029697 -0.38387721723869849821 0.71610467612654604697 -0.582951434439335614 -0.40798856234337993465 -0.69789190445257187623 -0.58863589993859877225
-1.0496505434259890688 -4.0589664106907576979 6.3737113768112783063 -0.64671902383698232075 -0.0036806096041980223936 0.76271944863113538826 0.72627830836349660526 -0.30840909902414470611 0.61433186995282240694 0.23296850217984424458 0.95124669815567330922 0.20212717838046617702
-4.8827874282006993312 3.6488498519418697263 5.0611036888918254917 0.98944605691504539102 -0.0070291431084158612075 0.1447311010196212222 -0.12455773744620736443 -0.55162214395303632575 0.82474140210295587838 0.074039654898349308021 -0.8340645067665910517 -0.54667588940319244983
7.2728019842793409921 -5.8584178181295207821 -7.1555271429485065582 -0.9922495641222135454 -0.017169600792265173744 0.1230691159797026174 -0.0271865242040872368 -0.93641724613113608289 -0.34983372343153690265 0.12125054804447622792 -0.35046818109049004963 0.92869282254248475272
-1.7085303106435485443 3.3546156395268402761 3.6184104307598436989 0.92927009800225901515 0.0056957234261131705483 0.36935706801617551598 -0.27932781859452060491 0.66513856922013359085 0.69250751150804823464 -0.24172930049555907406 -0.74669822717793588041 0.61968435740427096903
7.1574888859673020391 -0.080317076294872308262 -0.87318668312648628493 0.93858027182713965608 -0.0082611949827789497164 -0.34496206457270517376 -0.34466301727980031 -0.070444005207539295288 -0.93607961555083019078 -0.016567373249664976015 0.99748152603829332019 -0.068964681945424141651
-0.37947605418409818823 2.6421501524974444486 -5.4529762420811360712 0.99997695972494882177 0.00033858150726879393533 -0.0067797774129981537572 0.0016683265032309303744 -0.98038033031649929328 0.19710815461333613952 -0.0065800232435718093715 -0.19711492406961234058 -0.98035830694860259804
-4.1739617238301356394 1.0073310677865707774 -7.2138531172978712647 -0.87536267613307472413 -0.0099397667126044572661 0.48336465144934520621 0.47234144850571430085 -0.23083054783978471103 0.85065316916322830654 0.10312003324566337836 0.97294319424191988421 0.20675540989718055318
-1.9745662596222164353 -0.9031179144023859795 -0.49152877100200176308 0.87827726418818874432 0.0049170000289289828369 0.47812641667335964435 0.2849678461892948822 0.79757572416217392686 -0.53166370091025894062 -0.38395621345204783426 0.60319879586914626479 0.69909143809204998821
-6.2804419215684932354 -0.76155624363441498659 -6.1886637339487684528 -0.62446825315898124575 0.0037371915446128079266 0.78104124999647661642 -0.61207647456947589237 -0.62352655898963726955 -0.48639183742443414804 0.48518222357703283398 -0.78179323585834370469 0.39165998811581193007
-2.4689050794274676193 5.5379129151416055521 2.6432732962190108594 -0.99407618966240773872 -0.011790065836628636775 -0.1080440812531147099 0.091436349024108312666 -0.62811069787822160215 -0.77273303623439948407 -0.058753069906088105367 -0.77803466860957681828 0.62546792980787846439
-7.3391956363861234891 1.1516260057001501682 -2.8944179898879029977 0.95278343199598203306 -0.0054738746460804565963 0.30360133137124584168 0.30364965143728989139 0.019770221336280948549 -0.95257862013094418696 -0.00078796956208194209731 0.99978956538104513108 0.020498879464459659333
-4.5505973052322588046 -5.6462492628683627061 1.7473180479508920726 0.98946097751970407685 0.0013837449354509563995 -0.14479316011396844988 0.098252196297543198389 0.72811549602981284757 0.67837624543013763656 0.10636484329204581867 -0.68545306891948032391 0.72030591446986103055
3.6637431373702296078 4.8766319776870812319 -2.8095441570370760509 -0.98081503958909976859 0.0087189719019536583017 -0.19474557156695387894 -0.18727676210474147878 -0.31950282708855531899 0.92889469686182979391 -0.05412275391681399539 0.94754520895381111334 0.31500603882631789121
-5.0256748582192720676 4.9710048718034727244 -3.4892782949270082504 0.97765227426517442577 0.0054932878219522522645 0.21015673772934884145 -0.11597362660676989454 -0.81969491103668656873 0.56093704704913482928 0.17534579708626121808 -0.57277401879751654867 -0.80073951746775473559
5.3692602448216693034 -3.0774487166970372343 5.5948707802127417565 0.77467362147762941493 0.010354777277786979955 -0.63227648918344503404 0.18011835245803711758 -0.96206132425401358343 0.20492776161960327141 -0.60616677514890060507 -0.27263673076483863067 -0.74714861556678413557
-6.1428080343526643148 0.20454515353203614469 -5.921052336702703478 -0.7741321451518565766 0.0019895766447570466424 0.63302090283600831455 0.091707223969524173657 -0.98909308811778828829 0.11525904784215501575 0.62634591633880698502 0.14727832366797133368 0.76550629550848281468
3.5411102675654309024 -6.2982648122925679601 -1.8335240316422904971 0.97623520843329969487 -0.0091061305830949634127 0.21652227645436084025 -0.13613423744896019363 -0.80315257524136152156 0.58001156046877133665 0.16861876292216027018 -0.59570380162379987787 -0.78530547783754878211
2.8655423632038821147 -5.7313314015720200345 -6.2264446244507452022 -0.87419977166154749781 -0.0029028487212897930575 -0.48555775423333663587 -0.48385462043790034015 -0.07868560078635175592 0.87160385641058513162 -0.040736537748382387059 0.99689525512874732627 0.067382377474286506147
-3.3983522477641305848 -7.2664661813863888895 0.28480570810064176346 0.8774271916759122103 0.0066034546925739989395 0.47966438026375818326 0.078361346215129662474 -0.98844744748418411628 -0.12973489500263596375 0.47326633381956867419 0.15142007115338915191 -0.86780812356461656254
-0.27383486254654310077 -3.929915392556121656 3.9418024678030616492 0.66378889181421996124 0.0039991797964978731406 -0.74790929507868020298 -0.64294298338770339285 0.51394174546820159399 -0.56788044725783137778 0.38211075255308585286 0.85781576624950839349 0.34372006627077922314
-5.3931170053177464041 0.40699234135082595909 6.2806192158796037006 -0.90386123957101272008 0.0003187739533513347847 0.42782561632556831421 0.30129064284031842336 -0.70949064436713271675 0.63706120121383458255 0.30374135072130742374 0.7047147819780974487 0.64118504967242484494
0.035455681345758861822 -0.7105129338194533517 5.2801146696714633677 0.26309850417468988448 -0.010603218293535821709 -0.9647107073433354163 -0.42247051649875072554 -0.90023651733217191495 -0.1053227209630805683 -0.86735104761006054375 0.43527208114418464158 -0.24133042822258451987
-4.6578848996862722842 -4.6058869287905013223 -6.1705124309247025849 0.76955577302463329392 -0.0077028208691859480217 -0.63853314616798895198 -0.55910992589016983434 -0.49121546240556723806 -0.66790976955321690323 -0.30851256534460674841 0.87100403905165457719 -0.38232441849860315797
5.6883729889552325787 -4.9939400747285711546 6.034998435077565837 0.98230674643400162083 -0.0032103981557329124008 -0.18725156675987700283 -0.18060773212467715054 -0.28073022433133160147 -0.94264064639907185761 -0.049540922550123461798 0.95978134722992680672 -0.27634301601870114862
-4.7449931161726253137 -0.89683229650420748236 1.3985411968731249477 -0.99649026199973045337 0.010539890022027410821 0.083042570155232642293 -0.0025726527895888889885 -0.99542896677055070498 0.095470171109746856941 0.083669224911520581611 0.094921456122558395263 0.99196238737679931496
6.060896188282288044 -7.4706715243113581693 -0.30242989726237262671 -0.82267292202816366675 0.013269953097779597917 -0.56836007223091178364 0.41326336228831911379 -0.67257938179745424545 -0.61388139617608816767 -0.39041344335434685631 -0.73990599641145460286 0.54782885988465901406
-4.4863813715647262725 -1.4723366302401024175 -1.2266886101325749081 0.96721314450488127257 0.00074148429642837939205 0.25396492533025039062 0.25384429860407503599 0.028132752406523048316 -0.96683588075133242157 -0.0078616259870280900263 0.99960392078210902334 0.02702214635759638689
-5.7508513392298867828 -7.1591459598127613617 3.7818404363274025215 0.9610029638806957264 0.0042935625330950358963 0.27650473546311560291 -0.1505907481558810268 0.84674786410987412655 0.51023571140722778772 -0.23193906523609847392 -0.53197708592210579681 0.81437377786325870765
2.5859317064255202823 2.5078076402010931467 5.2681698929183440328 -0.99997445594987310891 0.0023294792695630638958 0.0067572904364165235769 0.0026736279760648448689 -0.75485847991611398911 0.65588225087442231231 0.0066286620939044818557 0.65588356346611231817 0.75483296961236601152
0.88219074352007220696 4.2739722104275985615 0.94127533102231797368 -0.62165011793538593743 -0.0012334184290524420266 -0.78329407603387379844 -0.53093161466154903394 -0.73456515957398671457 0.42252295427916763959 -0.57590168555374021686 0.67853703290167655116 0.45598765724237128039
5.9799149786132534956 3.8600049605656088225 0.61786241264014962749 0.97422658241021820036 0.010172462652937353661 -0.22534215568512841465 -0.18042081251199551528 -0.56446490609335842059 -0.80549841725578330554 -0.13539164131427472437 0.82539438500193318404 -0.54808139237677444555
0.1920900625594358091 -2.5203363656821529126 5.915336313629267373 -0.48449109649360777574 0.012579809015048622894 0.87470573670447315795 0.67686455944455847789 0.63882885703059311133 0.36572128676493587118 -0.55418656207669381164 0.76924602035377087628 -0.31802172030134173708
-2.5298754887442860273 4.6219964298421460924 6.1994700784414042971 -0.99969636964212871266 -0.0048279590721805425158 -0.024163181401546655891 -0.021367932852874190613 -0.31848934744493356819 0.94768557391665952938 -0.012271103040971058362 0.94791414504448390232 0.31828948090512426683
6.9592941520290123592 -5.1193727487864064685 3.2267801954496522221 0.99423731539539117463 -0.00026881813665202746247 -0.10720115863267937195 0.044912416047354845883 -0.90696043416933758152 0.41881457201976646232 -0.097339794329745821244 -0.42121573877072571168 -0.90172183396638982966
-1.4433713156116432241 6.1118561313512138611 -5.4347165664825078935 0.96917609916226554745 -0.0055653156288864545631 0.24630614299005368362 0.24620936311577221178 0.057863764309561083188 -0.96748784710395296926 -0.0088678253697881334605 0.998308976240301571 0.057450410192940774834
4.0640979180056913123 -1.6990300338909194444 -7.4616670182481197315 0.76641987061301020123 0.00050391963157250634076 -0.64233972942254313754 0.066344572308943611239 -0.99471351872827828977 0.078379929730257202891 -0.63890451528745673127 -0.10268769022804712099 -0.7624016386531188294
-3.1975348872764457475 5.3482370651283837049 -5.5134216830955828925 0.83015354961610954287 0.011797987419773114937 0.55740998515679363035 0.55694786411899188661 0.028315735308047911695 -0.83006463349994497047 -0.025576565701382166645 0.99952940258247335858 0.016935544281637224251
1.0288757848156449004 -2.6477652560385984692 2.5516092462797286267 0.54255373616272883908 -0.012351405437460272196 -0.8399302864877407071 0.83729935405510658164 -0.072473930608419626087 0.54192003199848681749 -0.067566523328723634978 -0.99729382438973646074 -0.028979178031544833988
1.3634336902811672321 5.4129570831521913732 -2.2384985969061674815 -0.88598884673998923311 -0.0011259061269733808969 -0.46370518197182875042 -0.45234768447437495587 0.22207870932440029743 0.86374916452374905784 0.10200654784287077614 0.97502809149274771716 -0.19726856058928424198
0.8810050472532652277 2.6394313117670664681 3.6625143210978325925 -0.95985215733915019154 -0.004216095550397945535 -0.28047470579319216943 -0.26672211365323966747 0.32330622997934133078 0.90792752780434382576 0.08685131052446341815 0.94628500262602011084 -0.31145070824346093863
-1.0359957380927908854 5.9663486141844090938 -3.7598787654664764801 -0.81465071817033374302 0.00017329086153917115654 0.57995187503352307878 -0.53662451186277826398 -0.37948213176315481743 -0.75367595486435345897 0.21995076870222582399 -0.92519904974158617694 0.30923838329759878452
-6.2516711764591326173 6.4007402201921612672 -2.8714283615192317534 -0.99888082067987005175 -0.0090370818027034234554 0.04642668661869212704 0.034069079615738975808 -0.81834958458081030752 0.57371007942200646923 0.032808594789115241852 0.57464970944812376885 0.81774158970861432483
5.9794808986893572822 6.9833047243966746009 3.2066989022415670618 -0.98307596407152053608 0.0089526659447280460685 -0.18297950332582649247 0.17661496896444031646 -0.21903747851973465188 -0.95959873683813656786 -0.048670335961258436031 -0.97567537264000381292 0.21374930554567478369
-4.1768245605767040374 -2.4033030587351325025 -5.2500862086544479723 0.95446284252542268334 -0.0035392583335863308548 -0.29830882636741162806 -0.1173457213749396072 -0.92378137150011940815 -0.36449685779740226277 -0.2742820882107668834 0.38290397140749915517 -0.88213031053637414036
-4.1729641239274579689 -4.5788762711992161414 3.4226585548918144752 0.97459971094611752562 -0.0022176341926044124651 0.22394304079875854141 -0.053560927773935125551 0.96862441726278025733 0.24268903003270669849 -0.21745489288490860158 -0.24851925555343173935 0.94390229853492213508
-2.1055659267368644905 3.1666994884380943454 -4.7387985337283682341 0.68109775154244889261 -0.007066650539806595098 0.73215839494867041015 -0.43173377608995078258 -0.81150083180849630349 0.39379226320132276751 0.59136435420721411571 -0.58430853358843493073 -0.55576230364147516383
7.011800168560654356 -4.5905757255068895262 0.59032072030705451393 -0.81907861091327227587 -0.010383078412342604951 -0.57358732624332586791 -0.56683333671915003826 -0.13937670082304004504 0.81195695923587807297 -0.088375321940898421413 0.99018499632658751874 0.10827499952190838828
-5.7121032911330544835 -1.8832810905985752914 -7.0414512405954772234 -0.81686760199010310934 0.006191750301161251524 0.57679197553982020086 -0.57470432234508661562 0.076933467997377463776 -0.81473687984512821458 -0.049419254312469504398 -0.99701700272873539088 -0.059286031854853232792
-6.0509718735059223604 2.5898781393308309973 5.2333753157963887048 0.9779859918069775393 0.0049632652163389360395 0.20861151892379470318 -0.17977462646991010375 0.5276141160372408434 0.83024359572103534344 -0.10594566299244516372 -0.84946966429451953307 0.51689148371438342622
2.7405673891331465697 -7.0855646253761950248 6.8836228451475616197 0.76082673821267632341 -0.0075981362984646159953 0.64891058147131253087 -0.43986486064067964463 0.72915364187760112191 0.52426507695072310788 -0.47713895124404204218 -0.68430785094245472067 0.55141743384159158659
5.1047224688933265924 -2.9391790174829575122 -6.6545463924928442978 0.9082072978816527753 0.00311378423469496797 -0.41850903027558045144 0.41728627376936389126 -0.083480593288820598152 0.90493268051713382505 -0.032119617030121318246 -0.99650453831983887287 -0.077117023477103849305
-2.8956267379540259199 6.2327089479612718392 6.399371215603913754 -0.80632127249898133403 0.00070099357526429823505 0.59147739950369304651 -0.58118553296268793407 0.18480028786002153374 -0.79251008188024107959 -0.10986073816672431436 -0.98277584535589734838 -0.14860099594089304365
-0.83124696733454994657 -0.36576709916319477545 1.9585775245910452824 -0.86025789356704007727 0.0088549031051267362152 0.50978225473867122552 0.17138970205757164678 -0.93664379885061410658 0.30548971194339230584 0.4801894694639243788 0.35017136485680488978 0.804237582216923097
2.4826239666937257589 -4.2635508296282464968 1.8597170402124196809 0.95989700108990949623 0.010847109247421500566 0.28014297692330025757 0.2256600140319188208 0.56305302591756190012 -0.795014998646034865 -0.16635896538984087933 0.82634958112535583652 0.53802515220785462891
5.5465373053833593175 1.7619542595461432644 -5.2040304829377870277 -0.99854134949971884438 -0.00096909358657269913107 0.053983647495981751385 -0.051313879470996914822 -0.29397195039778384329 -0.95443563332105219033 0.016794615595062047098 -0.95581355568796011468 0.29349342011382811846
5.1173170597679096261 -5.270292341226681998 -5.4414101694791821018 -0.8304242746939461961 -0.008941229388389817026 -0.55705976197886986068 -0.55703269539414201894 -0.0055064535988238183517 0.83047230852727638162 -0.010492867142340666503 0.99994486517301683914 -0.00040786437039416496148
-7.2962051401879435275 -7.124642701438505199 4.1491049174487679707 -0.83185410314362784323 0.0097008460541909355412 -0.55490958242673771306 0.34137822078208168719 -0.77938332430548440399 -0.52537847707162821376 -0.43758389076697673525 -0.62647228779917230046 0.64502155867920074606
0.1242457222628627761 -4.9103542113842157946 3.7851850703796605657 0.97104327316746763543 0.0023772492033050686422 -0.23889183812423503417 0.069071392294095368403 0.95445240840776002234 0.29025806250843377843 0.22870090599451517455 -0.29835373094831252327 0.92665039083056788272
-7.1542564861704507351 3.1529246951674472221 -5.3200781334774003284 0.99761771927973807994 -0.00077030736170485944632 0.068980379860445001361 -0.068179552801891293856 -0.16333543046771792362 0.9842119109896454443 0.010508794357850455986 -0.98657029338044199829 -0.16299883883215107727
6.1409738806922682386 -5.4256055596508128147 -6.3259504396851005126 0.99228135635096081923 -0.0041573605058000109511 0.12393718647832843716 -0.12393875173780187493 -0.066376361718853596483 0.99006735347784435852 0.0041104326066877649309 -0.99778599657373368004 -0.066379284307627489659
-3.8492175386488725053 -6.5975991088169543275 7.38361190563869485 0.94003498826732490024 -0.007319374816312762197 -0.34099948326270762555 -0.24872614276588106419 0.6693947749723264673 -0.70003281433405728507 0.23338707491616550449 0.74287082456643982464 0.62743398957194851384
1.7859396704993508731 4.4496633590137237846 -6.0068490017156852545 0.98946234833951995924 -0.0040124458508140128932 -0.14473479711782083479 0.13782996259923546711 -0.28010395577326352434 0.95002351306163657085 -0.044352707113855922849 -0.95996128788527490538 -0.27659928259712251997
-0.60753381092830172072 -1.7367833391285367739 -5.8062213875042196776 0.99355221760844314449 -0.0042825936031555232597 -0.11329452889351400435 -0.098106693866774841162 -0.53332779228371507418 -0.84020029909323312722 -0.056824884546345655334 0.84589782206238284257 -0.53030916183530119046
-4.7328257255555445937 0.92988996018436209656 1.7102274019061818322 -0.98932776273097011721 -0.01810514803113061344 -0.14457794266250523219 0.14053922842630076073 -0.38049096913636226702 -0.91404340579591381033 -0.038461710350528498237 -0.92460739020420434908 0.37897476276984604082
4.8835449974013886987 0.80081222970174026354 -3.4702372559196663637 0.9744857404517313082 0.0046176771875521809702 -0.22440191334672654477 -0.16984660353199931837 -0.63842320166375043922 -0.75071162695541471255 -0.14672993193259931122 0.76967167846743722581 -0.62135000960836306305
-0.20592507586791689023 3.5661397276407864609 0.82797439288308227745 -0.59277000270831226025 0.0094344549542166866729 -0.80531653090512356208 -0.79681755317064839605 0.13848193391697991017 0.58813649855934690969 0.11707053791771016016 0.99032002152750442381 -0.074570397030892479617
0.87926301015559182872 5.6079633933112811306 -5.0353581649371159656 -0.87714030760517891494 0.00016978128389881930876 -0.48023416366225002427 -0.38516211630773827812 -0.59753274420701074643 0.70328142571930851723 -0.28683623365167559838 0.80184449288799641842 0.52418544837662139901
-4.9493899555289351255 -0.024015498440676224384 4.3014827667218513696 -0.96332845090848207015 0.0049029258672897988239 -0.26828018374109285915 -0.2634773128337120629 -0.20647851222357474499 0.94230904145711780195 -0.05077402182359486843 0.97843885108264005979 0.20019843505867582212
5.143630412313214606 2.1002847577098169296 -0.61888944378920318634 0.98708132610195697954 0.015887033849339430441 0.15943041684790146273 0.095554662321661140711 -0.85710739025995852369 -0.50619781515780648551 0.12860700668865243657 0.51489273030160187528 -0.84755277954430319198
-3.6038109348603968307 4.1864739453740815733 1.532458531256690959 0.87702526548687598229 -0.0069266385893328608764 -0.48039432279686794525 -0.43600061727172395587 0.40854531692549855837 -0.80186918244613081264 0.20181710887896969764 0.91271175389387593224 0.35528454633940664831
3.0313854748778057413 3.6119134658163933871 -4.0368909631587248654 -0.78350522349267270883 -0.0013100924994118214734 -0.62138381731218039761 0.62034159968992319545 -0.059581042248797594363 -0.78206546982888291986 -0.035998117365973962556 -0.9982226119770302164 0.047494762699954853891
-3.3024043915427410134 6.6615024945581229332 -4.907410330515341812 0.99700004468046143913 0.0001428901647392814161 0.077400842951143286608 0.053456004085535559212 -0.724471183125966256 -0.68722919062514731259 0.055976481975535154201 0.68930507353605041665 -0.7223054402835987764
-1.0129419405986190839 4.7915861587018993006 -5.6750877220982749449 0.99962905248455458107 -0.009542153500528959692 0.025508914823026994367 -0.024611004476995428092 0.084648642020314426859 0.99610687471908443413 -0.011664299700679768915 -0.99636517136582614107 0.084382399834394217208
-3.5136666080465706052 -6.9313787701569395949 6.0544259829064186462 0.99967660792676926729 -0.0035574384260533787813 -0.025179837091363656276 0.020205516182387969065 -0.49010187903598412262 0.87143094120028452565 -0.015440747388176617044 -0.87165789894730760778 -0.48987150409345747715
6.2611251886245717913 5.5207020537062163612 -2.5315331966823277909 0.99992054041065414616 -0.0018692358142440466603 0.012466708561602951599 0.0094794348590885348094 -0.54041103875505736021 -0.84134775777112202899 0.0083098242846637651593 0.84139908197544865942 -0.54035037861657841951
4.3190662026338539903 0.32450928390120792333 0.71700332984365133804 0.62756408380520678492 -0.0027083531889260346881 -0.77856020033171979833 0.36716906410186161969 -0.88077919592056275189 0.29902322050311030965 -0.68654948771681723052 -0.4735194535142718264 -0.55175096561694858543
-6.5105063223768144809 -2.5193640386498148409 -0.92587806829921348584 0.94097436002215473216 -0.0093968568586939634629 -0.33834738489026278119 -0.26496324086184985802 0.60157356445413645574 -0.75359387440577785267 0.210622256119602419 0.7987621333232338694 0.56357547817133746282
2.1300762612395307549 -3.8416718944631367272 0.60807095938807920188 0.95511561715383752613 0.004893738637161566471 0.29619285810258588754 0.27512499997798078866 -0.38532423223615142049 -0.88081295996306241403 0.10981981722790948308 0.92276827393107951902 -0.36937558171893586367
1.2024513930998272926 3.5117872734137574042 2.5572352398500806103 0.99562539974531882869 0.00577632138680519297 -0.093256085556326986929 0.092944622889181816028 0.040874517675138749562 0.99483193097168365338 0.0095582664765455297579 -0.99914759065717539954 0.040158829986728414307
-5.3894245339074613454 6.2177034697598543289 -1.906025297073479674 0.98915063214263343472 -0.00045160252259033445421 0.14690412855708687156 -0.096705879334719885287 0.7507597368811014249 0.65345833102063444198 -0.11058480833295439294 -0.66057521413788411468 0.74257079570414008529
4.8246659217788732121 -2.9962521995058746249 3.8809084035418526248 0.89416555695476196419 0.003332599608486164558 -0.44772407857476920201 -0.36051985244112078055 -0.58762050069463256374 -0.72438082743776321948 -0.26550591848706517339 0.80912980475524787227 -0.52422854396245976982
1.5916532119556352498 -2.2819386177416163264 5.6438147767549295963 0.75660515438937503419 0.010489708527499710944 -0.65378789096049816365 -0.0032496358612018397261 0.99991928638123617201 0.012282531894092323793 0.65386396155341330871 -0.0071684543639525186154 0.75657817378231762007
2.3933651063165077844 -0.087640997822483440727 -6.0267835442445214511 0.93293196892414920196 -0.004604301610328508966 -0.36002325170178745006 0.24620171023828080203 0.73777365638864089714 0.6285497194453188996 0.26272163830750666635 -0.67503246762330693098 0.68942621680585491895
-7.0946665366967192057 2.0663884761893229758 -6.5445241505157669692 -0.78289493353071537562 0.0087160472998271485562 0.6220928817880709838 0.58696132342045448382 0.3418747162379223159 0.73389241936793425669 -0.20628118639474260498 0.93970511806452183823 -0.27276796590305718571
-3.4207707080316454018 4.3088540975531719468 -4.934479012454786151 0.99047576840937601172 0.0069868325404680419605 -0.13750976825284133565 0.078425841574560714586 0.79223860251814803846 0.60515071185070634652 0.1131686333187025828 -0.61017143562378850508 0.78414519037077623498
-0.62846954546731481628 -3.5422762122161439713 7.1525703422031838841 0.75590547918498018909 -0.008507440997619391404 -0.65462548834110168006 -0.6389443823133170719 -0.22750339508711373004 -0.73484167106545761339 -0.14267789894894541969 0.97374012378648022725 -0.1774068445128219873
