1125 14.717824617146108679 14.977075390850430381 15.033177056927090831
-6.2571112804634765325 7.0061583338337403148 1.3990587230556015275 0.96987038311674711455 -0.011701407585823747626 0.24334033166212518107 0.10587792246795228734 -0.87933871160875309858 -0.46427717561841558291 0.21941127019092557249 0.47605305095838112983 -0.85160565239223418033
-1.4072664731110970937 4.994839294587468892 -2.7142080996695532313 -0.82253105301444517927 -0.0077358175887296612427 0.56866758651532678392 -0.51288603858388437384 0.44215147862240611332 -0.73583284880313271081 -0.24574494552828402005 -0.89690703368760604786 -0.367650914141528673
-0.20444303665150870275 -6.2906127060284298125 7.2660399433283142656 0.90108117003392118605 -0.0081476214438335626405 0.43357391673736911386 -0.095707190055235466519 0.97143284186271783298 0.21715977418062309967 -0.42295727772658076038 -0.23717472465519939817 0.87456005580110751652
0.92231218064492126452 1.7901339339133339745 5.0190151553473629775 -0.99811789708536280408 -0.0032900809811065813079 0.061235928057476476938 0.058505601333281954946 0.2481689921161308876 0.96694841949539767079 -0.018378197152007030857 0.9687111678509994217 -0.24750942436642239808
-5.7976664352307061279 0.15123648463614650095 0.23271119921339786241 0.97255103170622891895 0.0011760250706462395398 0.23268671576230268161 -0.1070064063377976632 -0.88571585074581837826 0.45172675451022387128 0.20662555439699920035 -0.46422629040450524851 -0.86127802222477656269
1.5763699141277955906 -7.3018182252244061559 -2.82345690418850781 0.98097855764257058109 -0.008933131870660349777 0.19391046542294232413 -0.033831339934421847393 0.97578427137811107883 0.21610297584561802275 -0.1911452585961546935 -0.2185526364198804028 0.9569212272858027557
-5.0571936498867522403 -4.0169799595282489335 -2.6532294845670461036 0.94478901748967414331 0.0011121662258198074507 -0.32767739549319435666 -0.12216435748033151187 -0.92670410201707642539 -0.35538060873691346142 -0.30405522885215990891 0.37579019464473062406 -0.87540399097598720068
-2.2423106605961775628 -2.7505979890559641987 -6.2475370466045365703 -0.95550325440733041571 0.004033304012297341673 -0.29495298485667409416 0.23973421875664227554 0.59322908415389397074 -0.76850943915550917751 0.17187505687054033254 -0.80502359355026020804 -0.56779924150446070552
-5.527368746063998195 4.8719043961401284903 0.7695643640227513016 0.88788490732316471821 -0.0082145052273322402558 0.45999229694815518821 -0.33514659534366580962 -0.69651123487451838123 0.63446738239503219781 0.31517796715086238146 -0.71749886522382144705 -0.62117487668541748747
-4.2768467793338862393 5.0982965411715710502 -1.0625946551995648637 -0.87960666828332245704 0.009965993061657185681 -0.47559729613795642678 0.39965465677867634264 0.55773693394958734348 -0.72746523478695290787 0.25800826426019790594 -0.82995794561584057547 -0.49457208178652711794
-5.5860244698040562028 6.434258527636798064 -3.0956604621995418292 -0.86821474225943584546 0.003286826488563461459 0.49617774848841200708 0.49197745643759277501 -0.12430274696071938467 0.86168846426959921914 0.064508477587158302713 0.9922388945559855733 0.10630443287905404215
6.6686240386000781299 6.4151914720743219434 0.60001778465161992315 0.98096614217343602871 0.0076997814930246837387 -0.19402613554436812238 0.044184285049798863176 -0.98185296053199744293 0.1844248162506595401 -0.18908510481782622725 -0.18948740659844559575 -0.96350472021492195029
2.0381551408476270559 3.9721462120474515523 -0.071180638439113777527 -0.67654473411642057634 0.0033127593837605495697 -0.73639408496037472851 -0.099396655252298904415 -0.99124961804126965337 0.086859079305919045799 -0.72966261221473582843 0.13195916170725854877 0.67095398648312232215
6.9863055190973764041 4.6449070638858627191 6.5713141336384524038 0.99942110575835907404 0.001962636120655495385 -0.033964708512128946594 0.030994450157236948934 0.35913033992313814213 0.93277261055750093632 0.014028450531168832477 -0.93328535132953804876 0.35886161060985877214
-1.6092473353404477265 -2.065895331246997646 -4.989352407403181644 0.97720760139155082857 -0.006503017378045814964 -0.21218627323068625645 -0.087289004690436725054 -0.92343252785069973587 -0.37370174761078311931 -0.19350951770578272981 0.38370571701786482244 -0.90295292750234923407
0.27600397127683939935 6.6276027726331214751 6.4435474099368432732 0.99921408614794005043 0.0095361612460373099132 -0.038474298853112251506 -0.027773612156539756457 -0.52409339937154586497 -0.85120780964632603016 -0.028281381001058140956 0.85160740389205624723 -0.52341665346524457458
-4.3194337333023193892 -0.43678656672964744079 -6.9643443683771328878 -0.94880764716408039217 -0.0024481977972402096597 -0.31584498572961300367 0.17746356348446298834 -0.83134471086394945427 -0.52666180358357927993 -0.26128668607179161842 -0.55575172338564171604 0.78922068500236031152
-6.6488351802701419757 -3.5711501204738689275 5.6717769404911377862 -0.87445052103457010517 -0.016110422282632014257 0.48484713112097393983 -0.19992282640542291539 0.92259731452445081779 -0.32991674512599283853 -0.44200356304499427429 -0.38542787850176890574 -0.80998654354829446866
6.9867937831884452393 -5.8891853037738508547 -5.1885264897461258471 -0.9543392845564315774 -0.0017321617002977593089 0.29871981783608841932 -0.27964800081022794798 0.35680436816253263688 -0.89134036063840904607 -0.10504059022600489848 -0.93417752192824787816 -0.34099682099543648928
-3.4448909418470829991 4.4130561659220424175 -3.6176214690503747384 0.99923608719616774376 -0.0085783995236727098033 -0.03812680299176329779 0.037730699984482557463 0.46591171835428518699 0.88402639382468861662 0.010180192701486061313 -0.88478962570884911454 0.46587947144602825933
-5.9980218654046302262 -4.0621829599232563979 7.2756387188719040537 0.94694513085209897074 0.0039476078806366440149 0.32137102474796025442 0.31500236962234839933 0.18704566897936186765 -0.93047698781235732568 -0.063784216604405613582 0.98234328730240183525 0.17587847965021860541
-7.1213348774248244055 6.9045379286545234265 -5.6546255251479653481 -0.97729976058954037832 0.0015536784390299191502 -0.21185552632542217766 0.00045820983124068479474 0.99998627164165809766 0.0052198248989990623375 0.21186072782627479727 0.0050042593391836382583 -0.97728705577907437618
3.7623007728082402679 -2.4376648595090144589 -3.4369650413358492358 0.88499885258362420704 -0.01189564636882383189 -0.465441214895323363 -0.23454163698838997876 -0.87495902813993420288 -0.42359995230792046872 -0.40220299780656887378 0.48405081621035167538 -0.77712776033383867968
-6.9005923755089497718 6.3210481025087084106 -4.0116013556597058809 -0.99436051083785670368 -0.014874764663647746521 0.10500436115974623452 0.016311690284514124283 -0.99978452240175930132 0.012838906727327559915 0.1047907593560946371 0.014479300469718165909 0.9943888809774193982
4.6934027700974105812 -2.4349637440711724423 -1.3288223808353565314 -0.91080959349536583236 0.0021673994410702801007 0.41282101058014974981 0.0083062646775107166347 -0.99968757000317864936 0.023574739621859481381 0.41274312879060692794 0.024901099590145074625 0.91050702626363377856
-0.059096504691154794209 6.7506077488424844901 5.0924747538585446449 -0.98002265481930073143 -0.0083088130876322902757 0.19871225343660312013 -0.18957527672966784094 -0.26309454551803423961 -0.94596113798165104569 0.060139924290422690223 -0.9647342762355354262 0.25626346942666744511
-3.8270596338400397762 -6.3675270857345145359 4.8912955709962835371 0.94506016391262470666 -0.00090625666808143569113 -0.32689519006015793634 -0.26367633944715407335 0.58897513002357704259 -0.76392609867026251003 0.19322545019058487425 0.80815065112426387461 0.55637797447965142705
-4.7097363373551912602 -7.368881139961605875 -5.3805664945109006325 -0.95239841749809972526 -0.0018123865219918993893 -0.30485073331400863728 -0.031270242641892383173 -0.99412704202153601152 0.10360307064273693856 -0.30324812657646565972 0.10820415692840176791 0.94674834784719685832
2.8897177479608857631 3.8364921103300120286 7.0379944102233595871 0.593480317306323224 -0.0011682889051182255603 0.80484765519393086652 0.53585395228997678707 -0.74557163832552952876 -0.39621140056758430426 0.60053447426872652581 0.6664244647562294066 -0.44185606026077423047
-2.3264645193600381745 6.1363839950566747561 -4.3720774872643612952 -0.68368782401919392377 -0.014273403266111534329 0.72963499727400094041 0.20990673514563507052 0.95371149270690525057 0.21534519084285683177 -0.69893499113181067894 0.30038418506619635195 -0.64904485171191517168
3.251333691602143805 5.6369206222400984885 0.064084056056616420238 0.70501628763077894835 0.01591872878879891165 -0.70901243166036942434 -0.70889914895264349859 -0.012865752288698184547 -0.70519250494617979896 -0.020347746545442305793 0.99979051130308582707 0.002214208374613227219
-0.66689977195997030002 -7.2268074251937157726 -1.2847613138508733321 0.9847649725247749064 0.0015216900334144287978 -0.17388396518348009367 0.080676091919712797362 0.88183078351187982324 0.46461364319555609192 0.15404323120816412751 -0.47156352033458226458 0.868273303291469567
6.4080798827420046848 -5.8725038076495144068 7.0848323374981303502 0.89167000600023182955 0.0052959645559443220553 -0.45265500456644308658 0.074131320160944633169 0.98472462285803830095 0.15754987942964226999 0.446574907233683982 -0.17403841500231029271 0.87765681352840385632
-5.4371989747110474056 -1.8888756825206922674 -0.18575588799643474869 0.98508345288599796774 0.00067556504937307934253 -0.17207595550275744944 0.11733273832738656817 -0.73411340942853864355 0.66881277695169205622 -0.12587143983807774772 -0.67902654271326445823 -0.72324223806691456673
5.8687831298482091569 1.1767940314644080857 -3.662783885831163655 0.97947311180009555276 -0.013504810395111021062 -0.20112196139876586942 -0.16237291987228638646 -0.64409427664506946343 -0.74751427925170166322 -0.11944646563561465979 0.76482689733644804164 -0.6330658409343790094
-1.2646080665371639551 6.7850091205022753371 -5.6292339518826679523 -0.90561960585231848775 -0.0032009501776666428319 -0.42407886461563304437 0.42054612639493060833 0.12224279374140062382 -0.89899813957119845131 0.054718233431902685293 -0.99249506462055958611 -0.10935932348836664707
-0.75639830380248762598 -3.9294021920686663663 -0.90131590224533775224 0.60521613141767327537 0.011123945500390898522 -0.79598347477090702906 -0.21306857750111846128 -0.96115757394818757131 -0.17543631130279174757 -0.76701708947937319305 0.27577595232073620624 -0.57933790534376361503
5.5395813374362612436 6.3259116784896489705 7.1873546922557469685 -0.74113854474784435222 -0.0011831547710009862086 0.67135106884086281909 -0.4166934862738795875 0.78487504727208901034 -0.45862588093847073134 -0.52638407649349083783 -0.61965293537146115543 -0.58219416323044492767
-3.3820821831464153995 6.9908939950477781977 -4.5788535832984074148 -0.8122213888188389852 0.0077994300155100095007 0.58329716649115914695 -0.58334782724308920088 -0.0086062203066752072933 -0.8121768560005253601 -0.0013145326294714395829 -0.99993254865680669674 0.011539936763327568459
-6.9836749077961366439 0.009934629481418252861 -0.89444449362847777696 -0.98996809145376973849 0.003297441426209965238 0.14125262752816794554 -0.0085167762659129116892 -0.99930239976348744779 -0.036361770431625799194 0.14103418885358609547 -0.037200009501690570191 0.9893055730499049627
0.96077415610858130091 -2.3334738550980644867 7.4756292156138632876 0.99990037191343594802 -0.0022372209183703440152 0.013937040216116308375 -0.0072254513049170663447 0.76707484262025560362 0.64151693560839972985 -0.012125968038179515962 -0.64155372390904175095 0.76698225549062959416
-5.7536405086350530524 -4.7758065716693334224 -1.8709555362016863089 0.96388234056396859817 -0.010918102917499184976 0.26610454445119269273 -0.26616228103258876558 -0.0042018129166414217024 0.9639190759206447412 -0.0094060461630180759729 -0.99993156755698386906 -0.0069560404458036554157
1.0150125057942984697 -1.5882253171199334218 0.90629370814274423651 -0.80064723475151022836 -0.012377742454019702648 -0.59900817772093695179 0.4145210475626853186 -0.73331714151039240068 -0.53890469574358046412 -0.43259254109649653008 -0.67977405176923366703 0.59225917631475155645
0.42433735229855973348 2.9502738504770253947 3.5916533011878399861 -0.91927420583038854662 0.0028054330865660524752 -0.39360775403964709529 0.073762563197718691854 0.98348722809623811969 -0.16526329429756761447 0.38664456386381035324 -0.18095580045076586906 -0.90430137648779718162
2.8662835618082209699 -5.8266653196543760629 2.0762035846953299512 0.99989076716646740906 -0.0040021025296125608411 -0.01422803256162268222 -0.010586111690449168804 0.47786923768665701129 -0.87836719309864352834 0.010314454639405862268 0.87842186610310268868 0.47777467197146405997
-2.8332797302586119059 -1.3783015501731123997 -1.8674539301581061235 0.99564072910433121244 0.0050679132681466336485 -0.093133532112825351268 0.02636039446026062355 -0.97310405246187881012 0.22885286252566705567 -0.089468811060558914305 -0.23031026754665945289 -0.96899562048033105466
5.282369811381351532 -2.500367006184732066 -0.071963520215458515183 -0.99927283839579850167 -0.0088371259109778377977 0.037090425314296154857 -0.032180591382543068113 0.71721121999919823509 -0.69611240144499975102 -0.020450036250176467645 -0.69679980705571997746 -0.71697407547587588272
-0.81019675224751364073 3.9058600702186088149 0.58815158419346968977 -0.95701802702859573024 -0.0041748929831029370913 0.28999839001426808149 -0.007647028917979350679 -0.99918554380180235608 -0.039620348384441103629 0.2899276097425534382 -0.040135013715668320378 0.9562066522373564581
-4.1314753538902255769 -2.7638089955935249975 1.1124216636943138337 0.98306342481566300062 0.010634190742406958788 -0.18295687135752630725 -0.11691633252987321256 -0.73237979788181950536 -0.67078342469264928827 -0.14112715535095066155 0.68081329719816874313 -0.71873248179049187279
4.8161395649588749635 0.23974657470489912914 2.0452824653706125346 0.79787742648240744803 0.014569189032361916716 0.60264363519476660258 -0.60281698247046522354 0.016271659984329504139 0.79771355681509026336 0.0018160272793502876994 -0.99976145745483946392 0.021765344762394268213
5.39916078355833573 -3.4066784996646082284 -6.9280907175358299455 -0.89356998848796298507 0.0099249832556966791769 0.44881418246396537208 -0.40375146407387441094 0.41930122401181713077 -0.813124368593424518 -0.19625858180406760556 -0.90779291595033639872 -0.37066776339285989472
-3.7909964591629092823 -4.7228624827121610252 -7.4621450886214795162 -0.99668043756018054324 -0.0043229339486010529003 -0.081298324872839694555 -0.049084209143323183355 0.82859643208860889185 0.55769049941965220807 0.064952642731639864682 0.55982967496574498334 -0.82605804228881474227
-2.0327743233445221271 -3.6630443961149175003 -5.5455639865155195167 -0.97635495803855598673 -0.0022160760747913735985 -0.21616217273241702945 0.19492140641875496665 0.42333640331804772705 -0.88475529664735319546 0.0934700017828942048 -0.90596985525600859379 -0.41289463563257750023
-3.0068573188305776078 -1.8324274456026286018 5.2618936595781322652 -0.6477471048945823151 0.0032177764137284728049 -0.76184862933228159054 -0.20521255551341041623 0.96229435026691512167 0.17854240533900206378 0.73369714130571817012 0.27199123029902222415 -0.62266305132093935359
-2.6755888008336703443 -0.6348662908042848052 0.30983996877588826369 -0.96730394774895822607 0.00076514588653488365116 0.25361878325770487175 0.053981696710221654945 0.97770269993913461182 0.20293695314581650102 -0.2478084927713658514 0.20999248815988311168 -0.94577698524904407762
-1.9033074656206190323 -2.4563839104020952497 1.0953429617693462017 -0.58002130839968946141 -0.0064789992504322106021 0.81457553631994050747 0.24347417129984175177 0.95287931784295243354 0.18094566459829855565 -0.77736452820547397025 0.30328044479623023078 -0.55111283970896518536
-2.8621815962068324346 -6.3772694186915908077 0.14737284171647957454 0.99779936291052373498 -0.0076524402905823194279 0.065862519940313349331 0.029219555888207463662 -0.84091807210709679232 -0.54037303185600948918 0.059520155653241868521 0.54110834050235212533 -0.8388439157017276715
-4.6455675299686198798 -3.4551338856138449351 -5.4480295469975867917 -0.99932716404542731858 -0.0060649176296796308838 0.036172309507814311147 -0.0086421923642713994324 0.99740137499383241249 -0.071524888476919540325 -0.035644518682707786172 -0.071789372017336872123 -0.99678270167231486365
-4.4315208469275777503 2.0737105567927649474 -6.0080219047027858537 0.73413511829279765042 0.0032519802169051694081 0.67899562054103068665 0.010816344225349909178 -0.99991765555472877924 -0.006905708330199917741 0.67891725179652617772 0.012413973361198048923 -0.73410984088122865909
2.8815844443137983433 1.4543004604504310429 -1.473958027216913047 0.97954431310397094279 0.0069943427485828716522 -0.2011069810699865068 -0.20048377519535756641 0.11982741437892048542 -0.97234132209144197301 0.017297241079863946711 0.99277009923379921918 0.11877851454805687936
2.7499649092799711703 -2.2942006356038850967 -7.127007111266163264 0.82063229404048998461 -0.0032227045491993412327 -0.57144750603456173632 0.32759338093343243203 0.82201328427360886852 0.46580761827842759315 0.46823628089499441662 -0.56945919489721730233 0.67562638388431250913
6.1674919581068152752 2.5816530317516050985 4.3244440382035103099 -0.94922816590009517768 -0.011649300176173972565 0.3143726814900646982 0.024347113649278405434 -0.99903722039229803098 0.0364945246272160434 0.31364487421096537423 0.042295698081760209341 0.94859789521429593862
-0.97435258879915853658 -1.5475498961165286005 4.4930790457676952343 0.6030221021732499187 5.4005257185437425052e-05 0.7977244771060116868 -0.017147893860322747928 -0.99976805422254166889 0.013030252966652302454 0.79754015198409056175 -0.021536825198988061164 -0.60288130766647129999
-1.7041896764264354847 3.2553728109282555891 -4.3804590146150248486 -0.99977349461521203278 0.0056522960694165560666 -0.020518552923759578177 0.0082034737668768027002 0.99193705591566849744 -0.12646572705483327681 0.019638291246908107235 -0.12660540529723646186 -0.99175874529360297238
2.3685277456109257166 3.6621382139014584389 -5.5086558872734228132 -0.99205649684049357351 0.0010117332829093529656 -0.1257890435306698862 -0.12137652558807740522 0.25494673129608202977 0.95930699113351736163 0.033040068292530380689 0.96695457007925222914 -0.25279876045985233413
-3.5074360682411032109 -1.4855270659132735478 -6.4953205724242586427 0.99965794857853562672 -0.0061306542873119035733 -0.025424415861208502637 -0.010162216301554668346 0.80469310506393709748 -0.59360402291649139173 0.024098033191852177848 0.59365934822990795716 0.8043555576084998604
3.3649279723286986687 -3.5481752069871403954 5.5691320601260274614 0.99441307102377518579 -0.010617765156239494795 -0.1050233652110718896 -0.063253136115913460857 0.73658560707931952649 -0.6733800444139866892 0.084508490393981977595 0.67626097514686667189 0.73179874866296235059
-5.5358069404354068865 4.7590536967532459656 -0.44501154687699656654 0.79302760590023979592 -0.0040199687733732209979 0.60917243546576049784 0.23836870224458966971 -0.91819941510702074439 -0.31637034609366671001 0.56061357285606272516 0.39609806102561273544 -0.72719924916167055784
1.3468524258162795082 -7.4334916919726410356 -4.2847384411344338062 0.98144052019321403879 -0.0082168576656992328711 -0.19159067976536728328 -0.18488271191857702513 -0.30583242586619785452 -0.93396194254499820264 -0.050920410018900567894 0.95204989918523164061 -0.30167549006278504553
6.9300213762585842758 -6.6502159589906595372 -5.9059236159677075406 0.99983535167793247123 -0.010022678253070120558 -0.015126647203748452147 0.016996451474712199331 0.22530823594711826829 0.97413927107563313967 -0.0063553262904116770288 -0.97423598000432432009 0.22544148928870549886
5.4625279140025702063 -3.2166764516592438738 -3.4768302582343735274 0.98185562138830173584 -0.0067721423996884161367 -0.18950904156647213616 0.044179566892173990911 0.98003096289541768993 0.19387490202598767208 0.18441178003951380626 -0.19872958977889457199 0.96254810037157179092
4.6913344066899203 -5.1622768735667632356 -7.1052167037349791556 0.99899952310637218922 0.0066779023482272277523 0.044219435245614759078 0.0015009217667596129464 0.98322463500355838928 -0.18239261047537691507 -0.044695638121186077873 0.18227650079587137677 0.98223091846602383903
-0.019020113434103494421 -1.4970593002629246637 -3.2829485603158850004 0.82186346698005152689 -0.0012867807344520976187 -0.56968305735622015717 -0.015905070400970118538 0.99955580757353290622 -0.025203497406307236173 0.56946243983160627078 0.029774682891857938427 0.82147793511432520841
-1.2962101468360729406 -3.6055158127471993446 1.9633523104163472794 0.9992837480919471993 -0.0028631312584711252414 -0.037733185377075997846 0.012812039184256497973 0.96384231782880824824 0.26616505783875193947 0.035606775355867183175 -0.26645785565778912218 0.96318864647945301449
-2.776012116798425744 7.2747218389522343429 -7.3080864414202650892 0.98114581842136205925 -0.00098279776353369448401 0.19326644070526449726 -0.026503704020924123003 -0.99122392140182058462 0.12950942558009420624 0.19144303765746287227 -0.13218990789575640887 -0.97256125338363430544
3.673399378976294205 1.6987530545790994196 -2.8156595661663117447 -0.99649632629852047394 0.0017071802440357429845 -0.083619119877473530034 -0.011579531526132292793 -0.99297913795332537479 0.11772147654005327144 -0.082831069793268277679 0.11827728913342701322 0.98951983140917354476
5.0480351370571057146 -1.4483623673360546125 -3.7740887479108908842 -0.9889539028610048188 0.0080306497783345295871 -0.14800569813399711006 0.093347752189999230743 0.80937877737847163662 -0.5798208274032198295 0.11513633300164284601 -0.58723206945258921152 -0.80118794388665126593
-7.1602050571881328267 6.4263774056440059468 -7.3195807778048020964 0.99799580709165147674 0.00052392370623627077669 -0.063277915037544069099 -0.045125757361092519448 -0.69513424349276675684 -0.7174622286547249761 -0.044362541069290536977 0.71887975978435192381 -0.69371741791766228236
7.2147390270445335148 0.21010570096069119961 -5.0135685081109278016 0.83728590751458831232 0.0012279218210488433705 -0.54676393561165959056 0.531460066663993147 0.23312088935232616604 0.81437389968559004139 0.12846208241750253776 -0.972446987324000367 0.19453624398904698078
0.95172041203407420351 3.1955970888350386794 1.7284439386783021497 0.79834233963540757184 0.0047233537432433700745 0.60218535242467674529 0.079825465375448767524 0.99031505875976977293 -0.11359568421038110375 -0.59688977527097242248 0.13875797030458672521 0.79023339707577167079
6.0216977094580750318 -0.83290832993169883203 1.2278655957734041504 -0.92915634289037896121 -0.00051230270634018324448 -0.36968666193466670489 -0.36957430791282924742 -0.023404074672754116709 0.92890638937380609619 -0.0091280554986444776416 0.99972595586721957339 0.021556710513491988274
1.5800887568082861989 0.0010239978084342401393 -2.9774122418955073499 0.99859398022029344233 0.0033992406109887695481 -0.052900924671223779894 -0.04635577075323545071 -0.42808182986696652339 -0.90255032516510158569 -0.025713910353622668886 0.90373358469240083757 -0.42732236392828815141
3.3037451613681811935 -5.9892007256635402257 -7.3533046801819619276 -0.49149614240951400301 0.009424527827434211677 0.87082875484908017771 -0.4320285444541698272 -0.87086293618132382122 -0.23441220779335156243 0.75616326198345640286 -0.49143557529035880593 0.43209743873995998253
1.8779098842808832348 0.33858240766186020743 4.9667376247005901035 0.98661002832888999858 -0.0018103812287678065773 -0.16308701518098658867 -0.13492488210466713205 -0.57083350529451715172 -0.80990393592216503027 -0.091629297661096398286 0.82106384145997790558 -0.56343432630357870305
6.8731329764503996671 3.7936580989281170062 -3.3809073624754266696 -0.83891324551747870064 0.00039603787899611907208 0.54426501784448810817 0.54387135293605692876 0.038644161238674014369 0.83827834294914849167 -0.020700675129232671418 0.99925295694141291758 -0.032634492382126872867
0.58423126160817773211 -0.55697713395829639982 -1.4919976407753672287 0.76214606360094183657 0.0022160358709347907462 -0.64740131828913805023 -0.58225711491507192719 0.43953079073122641729 -0.68395126736485190033 0.28303715280562785628 0.89822478989636700408 0.33627696464004197541
-5.3472399962915400096 -5.2304766236872497487 -4.880855581752100214 -0.98473305094764118639 -0.015988432332598636471 -0.17333547935442583654 -0.10790803656665570731 -0.72528914941122402116 0.67993492732078320007 -0.13658943595978526031 0.68825868667088008213 0.71249091657805618816
7.2048983136421371753 -6.8644230800931458347 -7.0167583729907141432 0.99982968720334930435 0.0075689024321925922265 0.016831764696300637735 -0.018434856158848520608 0.36672490393361728556 0.93014676310425981054 0.00086756280628026097995 -0.93029863836885906547 0.36680197761725452654
1.0665305741668891226 -4.2878414039969454663 -6.9646771599576826617 -0.99269483104543676522 0.010191129965286069986 -0.12022110166557301025 0.11750965437974023042 0.3076053202725471114 -0.94423008216611326038 0.027357878996834675972 -0.95145946198983544217 -0.30655576759667979569
0.7208277785162450213 -2.4646810619352392813 -2.3098791795299371543 0.90471149570371756088 0.0071783225548117338827 -0.42596429571849997453 0.37271021273441357069 0.4709785502666296586 0.79954130757080010827 0.20635941186446196682 -0.88211545552388370695 0.42342427452966141521
0.099324752691598267029 -4.0390018247060108791 -4.468222002682420424 0.97703018807783847954 -0.0052320269599363733101 0.21303670453365244897 -0.21309051403121415103 -0.014096866807192834706 0.97693076068689310709 -0.0021081780290002380233 -0.99988694572942071748 -0.014887959742297217705
-2.7972912127554248052 3.9538498896212326272 -2.5496621603849596305 0.97505190425572974 -0.0050234992041504463942 0.22192013983177893977 -0.18156674947284345834 -0.59318674112201597026 0.78432327878431906676 0.12770003716940619976 -0.8050492249625974539 -0.57929996193176402919
-0.4708345106331456309 -1.4310196749230890134 -1.5697262489881560477 0.55580688629582397642 -0.0058885524870970163899 -0.83129058102182662449 -0.69556901244354774061 -0.55092219101051409513 -0.46115993796141224736 -0.45526086376331709182 0.83453583769770012246 -0.31030224221498925452
4.7139225960847443986 5.2597634788689848762 -3.293929369228053794 -0.98868667007209709574 -0.00072590227087492215953 -0.14999380483027519029 -0.068499796964300821434 0.89180630873791066904 0.44720161617667664178 0.1334407967505712167 0.45241682192539484086 -0.88176673389356952093
4.8006068774932968424 1.3906930307406220049 0.069378174529124342351 -0.9807744749201472434 -0.0060388359173074619701 0.19505117740206026622 -0.14107899918201283196 0.71251560028884786124 -0.68732687662768143788 -0.13482635252419281069 -0.70163028142020567035 -0.69966906667315575952
-4.7316745498410348603 -5.0305669045249130633 -5.9063920768458277877 -0.8823198634728444123 -0.013069873654168709734 -0.47046874170768471224 -0.25970911754641673452 0.84716914460207148885 0.46352520395082319471 0.39250838562332068804 0.53116251640810074885 -0.75086852935676817733
0.58249345887935688459 6.8209125932724852248 -0.16788353252851498376 0.84970206810029325073 -0.0023161166936400577263 -0.52725803082512856523 -0.35385172021151972688 -0.74385526231954424148 -0.56698175351834445568 -0.39089046492522633303 0.66833672974251634447 -0.63287491663646944229
0.98901609048533800639 -4.9155063198906949751 2.5946645618719959003 -0.98299385959010043834 0.0012805491812656567482 0.1836339625506230866 0.10506504727025241241 -0.81622129729683390309 0.56810573811685893819 0.15061343847857561196 0.57773796312257552632 0.80220598234912698921
-3.2215289341390116462 -0.9539071843014834684 -0.75231660424951474209 0.99539158651785419885 -0.0039114968986424464639 -0.095813828237241285835 0.086516342290526279668 0.46756648310247406197 0.87971387757370012039 0.041358336597656947253 -0.88394925423980930113 0.46575015182251011669
3.5769654071560212927 -4.5992654605059133388 5.7889836706126356347 -0.98547899039052277992 -0.016921240275716880469 0.16895215632365737091 -0.0035326115309685188898 -0.99276342486288426947 -0.12003459047392230075 0.16976065549662130993 -0.11888840936776008672 0.97828772146200804194
0.85179890578029548998 1.6085111813261923075 7.4800827439653589934 0.85416238584167158976 0.0048686291889962545962 -0.51998357191649624554 0.086657413988353942935 0.98464072219683052012 0.151568930828749171 0.51273493270320535942 -0.17452491123489255465 0.84062116565337474672
-6.1826759532404578223 -3.3795992936170220489 -1.212403732752676655 -0.6235865454786733153 0.0078749856445331518212 -0.78171465695548281172 0.68591621132787350401 0.4852351894013182676 -0.54227830678009425469 0.37504502574432757589 -0.87434821185138400512 -0.30798771582102402178
6.8153738024087013869 -6.2517012727916618786 -2.854254889649815663 0.63184112112268475681 0.011422144669340765499 -0.77501376263238908049 -0.50531370530496855231 -0.75212204638740576268 -0.42304903565550577849 -0.58773706441696238478 0.65892485303653680617 -0.46944987076509658852
4.7986124082910182054 4.3516792536413335668 1.5782008998744270212 0.19956154543762905096 0.0054664514382657559272 0.97987004622613393945 -0.492673165988313011 -0.86383739153253880083 0.10515756038111542803 0.84702322347001879344 -0.50374108319541033296 -0.16969555092424917775
-3.9768380299314922688 -2.7300385256199324324 4.7403214018415269493 0.77133109565216417813 0.0022375791051474566706 0.63643014865714309103 0.54262954434565757733 0.52023373574068987324 -0.65947709421967337651 -0.3325680659403412176 0.85402099121572216944 0.40005828085383682291
-0.10051336757098836006 -2.4992287765603204974 -3.1567584155705827875 0.69908704534728305369 -0.017106031548927855268 -0.71483192899603975601 -0.66652422985911186082 -0.37754809868346983492 -0.64280859063278117382 -0.25888753163936167878 0.92583195930218098457 -0.27534056928916872398
6.4570980568393210319 6.0364701104668574416 3.3634193148376518856 -0.78477037842862318318 0.0089766066154559169543 0.61972160981733881435 0.37638673039859238401 -0.78749873514763424343 0.48803562505287867435 0.49241088769532925795 0.61625089263587795596 0.61462700477984144598
-0.84949076164723980042 -2.3724385115204542629 1.3393218729337676987 0.71033916927792295493 0.0045891598308575040979 -0.70384458810267391815 -0.61490989022734932057 -0.48254182469057399496 -0.62373008130509066671 -0.34249684887601167249 0.87586090621529744116 -0.33994643912469979519
-3.3248520885609047504 -2.8757933975957170603 6.9025789577902960659 0.75611677989724856985 -0.0067183185825990575715 0.65440223055335033919 -0.65370686090630669707 -0.05496582284018888126 0.75474903002484894365 0.030899112637141637472 -0.99846563411810018707 -0.045952391921445102929
3.9300489729452312559 3.0887821124262586636 -3.2559386091451942846 -0.93301706248836602242 0.0012330120696364610042 0.35983001651732809956 -0.31329776732813791051 -0.4946349581315157562 -0.81066686572322910198 0.17698494312464801981 -0.86909995850617627333 0.46188915556843551657
2.681989818266024006 -3.4934355065873838875 4.4844366830942101743 -0.99635805945552813334 -0.0070563084463765492899 -0.084975442740905904326 0.048006750135235067012 -0.87003685587774493015 -0.49064368064382296586 -0.070469633881229093442 -0.49293618037776448793 0.86720698381376815078
3.1793063399880296949 -3.3004260777651803771 -7.2310390417116030548 0.99982830966267699502 0.0072436524007692916147 0.017055224920553075513 -0.017626679538586736973 0.65564214545631904763 0.75486599954549293834 -0.0057141373483131693151 -0.7550370233315311097 0.65565725957473519614
-4.0182761167050840001 -4.3560178256280712716 -6.5159720772691231971 -0.92528799028854424868 -0.0069808528985982019888 -0.37920100569552828151 -0.3730004569780903112 -0.16422690786162014165 0.91318135210278561509 -0.068649793312208953755 0.98639788646716142217 0.14935332420531713393
1.0090689306791038593 5.416087882153910904 -0.55762140492370360079 0.78121224743508366206 0.0088198652152330046794 -0.62420319963529558027 -0.61844622926472736513 -0.12527502081493585573 -0.77577730739446393304 -0.085039320115313399295 0.99208284892828590973 -0.092411768173384742364
5.8635103172587745846 -5.1926981579121376242 5.3473218671424502801 0.92415505389571594996 0.00027192694351685364751 -0.3820174896715322066 -0.29360066494580638885 -0.63928069172216861471 -0.71071713552902360256 -0.24440966818553830353 0.76897342167789073386 -0.59071464418151686804
0.58632735739798036434 0.068850510710098761225 3.6195404251128699968 -0.89154548293469293441 0.0025512484388491869086 -0.45292399250870779559 -0.053467093880667976302 -0.99358508883862772798 0.099649089857558756367 -0.44976429574902648811 0.11305822556936043211 0.88596270570527513311
-6.2740909069017272159 -6.5332565704563858588 3.0268197468821465002 -0.91439845969276201121 -0.0043807049224751874045 0.4047916332335723677 0.28715127732552980788 -0.71184530967381764999 0.64095272760604882212 0.28534120074354402119 0.70232262139258194722 0.65216817971930307607
1.850968899654594324 -3.4944761728126745304 -6.3187287707669810288 0.99930521063136790172 -0.0005830968827878636046 -0.037266016730085588238 0.0027037506976374950721 -0.99610900026927839956 0.088088304074418699585 -0.037172378684566000084 -0.088127859276015352297 -0.99541533777737523092
-1.2488951698259631584 0.24888345869288081014 -3.3195709445050392006 -0.9949619207108537644 0.0097309080961161947831 0.0997801872267091855 -0.036613838795811939897 -0.96179864134687986787 -0.27129836031929149831 0.093328469097154517775 -0.27358487335908854288 0.95730930943187630966
-6.4121078831314965996 0.96554448690087379958 -4.6201516685760699588 0.89689670253637920894 0.003053338507487092339 -0.44222955815199066487 -0.40665519366022462311 0.39869317980264262768 -0.82199470913625194424 0.17380408064393484957 0.91707929073931004904 0.35882825425086845028
4.9612681883682565598 6.0052674626431157279 -1.8674556612652248866 -0.99492120929862337686 -0.0004195983048760724976 0.10065590506833124729 -0.079820058125723139519 -0.60593739147308134374 -0.79149771694902826269 0.061323287653837030287 -0.79551222589721626299 0.60282646992258059893
-7.3039384982402024704 4.9259575245445645919 -6.437644665744263861 0.87320458067829931359 0.002635908174357109654 -0.48734670643224026199 0.34092980998129490677 -0.71787418552853143883 0.60697900986588859684 -0.34825367901637399592 -0.69616787180951666958 -0.62774968682730880598
2.1386284973245834884 -4.3243277374949826708 -4.826748378223553182 -0.96671057479858724104 0.012744034528174984222 -0.25555479677858200516 0.14461506654057110222 0.85115334759878524817 -0.50460327129421900239 0.2110856392605802434 -0.52476239237905997204 -0.82466192130021187534
4.8387991395758316315 0.20422850647419515946 4.076150999197836633 0.96075257536417602022 0.0057382112375031187404 0.27734736678557564415 -0.17939498092054334544 0.77544513141993975935 0.60539432519456848336 -0.2115937847660846749 -0.63138888261441883376 0.74604031336072473835
-7.1841923251507457948 3.9661415662234720259 -1.4133184804712246585 -0.77681857115446062423 0.0096442597232885909908 -0.62965061404231759123 0.51828547795498736139 -0.55813192390381438646 -0.64797293065400662915 -0.35767732783953520848 -0.8296961755810134953 0.42856876388239217857
5.9340615170918642463 -7.3490940252341188099 5.1167546282501428223 -0.9145163600491867939 -0.00074777098254850786485 0.40454822708922788532 -0.26869938958860245526 -0.74643528642759160441 -0.60879799704873671651 0.30242431323752916317 -0.66545758994420756149 0.68242635554947927989
-2.0157945720573913206 6.1921066550405434725 -6.9923221202025178656 0.86116722360886632792 0.0043163793032363270696 -0.50830343482170203817 0.42688323873953443188 0.53675169307363868043 0.72778315483787814344 0.27597411738253940783 -0.84372921536020206723 0.46039037531505583312
1.7089305486348176366 5.6328486171778537894 6.7310336684045193323 0.96889220021416577744 -0.001521288812662819831 0.24747846379939583694 -0.037946847607408448755 0.9872429972760321526 0.1546327943417437345 -0.24455662150271659239 -0.15921353588693173964 0.95647431166218621623
1.3203180202849464919 -5.5813202052385282315 -3.7798374857406429328 -0.99462617732360580902 -0.010147909626698183028 0.10303294285306158207 0.052368859490352498431 -0.90779535028861990664 0.41613111461414681314 0.089309965504586211194 0.41929061750115753648 0.90344845350299873843
6.7562481508732519231 -7.3417172167776705294 -1.2432059761291238686 0.93601149521630222505 0.0076509062953988883626 -0.35188626636434783279 0.19157032682578059579 0.82763045114220912257 0.52756861754852291124 0.29526816743906125762 -0.56122125759371777054 0.77320592944051802498
-4.0822587046867004901 0.64688634568432379357 -2.3296988599104619944 0.93153729170861054865 -8.504577410830849735e-05 -0.36364579871506097497 0.20952248312373553119 -0.81720301928148908477 0.53691671080607727973 -0.29721810715635504918 -0.57634990938174346375 -0.76123726835592286921
5.5889526895645849081 -1.382300937741828939 -2.1452712110206912932 -0.71483693012216942275 0.0087620217472765011407 0.69923629075469662109 -0.025272779357541345913 0.99894456173475787431 -0.038354259268899071333 -0.69883435087087619753 -0.045088685447956841634 -0.71386102323036981776
-6.4384668541531056007 -5.8986298887126427104 -6.6606001677336292843 0.57024904201096426881 0.0083249971980863014809 0.82142968323965226407 -0.13397214687723371651 0.9875033650192828194 0.082997397168741632312 -0.81047362322695137848 -0.15737788439718583544 0.56423816563221007581
-4.7073591739922608923 4.9093049322060116069 -2.9542543854142127024 -0.94656214135996774584 0.0048559833420221453285 -0.32248493293474722599 -0.1164803008104250831 0.92725294888923237568 0.35585714591583655908 0.30075314140878040003 0.37440404405141097799 -0.87713691048248687565
-4.2843583203933546244 -6.0435189480527897743 -3.1270502280323682065 -0.99961454655723946949 0.020246721979456868551 -0.018995487893834733795 0.0057088439004991699266 -0.51968571065577551238 -0.85433844069049991177 -0.027169236510389865175 -0.8541175752724776693 0.51936981063412090975
-3.5300299788611564367 -6.3207440856939607343 6.0777899836729813998 0.98248076502090397888 -0.00072996188063558994918 0.18636258615831027829 -0.057136910157818021627 -0.95301494438388711927 0.29748594803574779366 0.1773891762807625061 -0.3029224041511888732 -0.93636055940092111083
0.22124452113213197157 0.17080655784495191174 0.88001429320970581127 0.89752302370044034774 0.0015178991391679519732 -0.44096498490233193568 0.025151117611111037387 -0.99854240675529282179 0.047754404973411310187 -0.44024975094895707484 -0.053951440144396678456 -0.89625297706383344476
3.7688904363363100458 0.098211520980759220434 -7.4860525362215266654 -0.92901487087103906681 -0.0016760338797802973917 0.37003859340728828542 0.34812436971048560386 -0.34300357889773447351 0.87244367616313389657 0.12546231670953431059 0.93933260125135931151 0.31923889379597020222
-6.5308754179690486907 5.5267941814399712541 3.4073090585885807968 -0.9238903384224960158 -0.0084649047843582628931 0.38256370444215020976 0.36005254700626987407 -0.35775759499947124009 0.86160992717959627996 0.12957162484048964646 0.93377612338673077197 0.33357659604507194917
-3.6398679066606747234 5.3434473769810688637 1.0005728687329200621 0.57294782850292003129 -0.020575018415628785334 0.81933354284507331489 0.44781912037050930486 0.84512398331659766004 -0.29193062232946637158 -0.68643194946359920028 0.53417424258407208981 0.49342583770547682187
-4.581081322777714071 -3.8587080069409522842 -1.8151132841384858274 0.98418633573470137854 0.0015583193709319343237 -0.17712941086665512369 -0.035915086074872322464 -0.97743633292326992379 -0.20815456198194984272 -0.17345709309642445839 0.21122449366116613501 -0.96192351573934453679
