1125 14.717824617146108679 14.977075390850430381 15.033177056927090831
-6.2371102161419305077 3.9338220189376671421 2.1918348799687801254 0.99838329567456118863 0.0092071135447631333171 0.056089428399072750742 -0.040956169035807288292 0.80077287242987971183 0.59756622980079532326 -0.03941303256376708225 -0.59889735000289301414 0.79985534756202703033
3.7847848375404189447 7.3401382053712218578 5.8204532369866512909 -0.97352282074964546776 0.0034319861759392290487 -0.22856408062188565689 0.15185439184459556539 -0.73766373826924580559 -0.65786963216135474486 -0.17086123362876545762 -0.67515955944770533748 0.71761132107109404377
1.0542856344899209642 5.0633138859170028212 -6.8506876023325595781 0.94241481700878038108 0.012928065885116413192 -0.33419631624944290404 0.043728390881050571704 0.98591151500501961191 0.16145065008079084734 0.33157524110405267592 -0.16676735199981548852 0.9285722964819970171
1.1406800821660529888 2.8222377580734581137 -5.7214510219092646892 -0.93331391879472591633 -0.00090789172436012274478 -0.35906030791031023908 -0.3460547163247658653 0.26898753233110556105 0.89882803736851990539 0.095766707646063140014 0.96314323087642128574 -0.25136398811988858171
-2.2937966332401478198 -0.46960316573480542779 -6.1997293336442389489 -0.80353533720014480579 0.0024797775368244701424 0.59525189002141942751 0.50971033822026667881 0.51936370367048545482 0.685898472385755964 -0.30745135059395861665 0.85454970248257933196 -0.41859105700534088301
-1.2479149843289976118 -3.4457369907955497368 -0.47154067042299629975 -0.82398306637189577817 0.0035867662535284073819 0.56660307221214056828 0.48601105825405715999 0.5185379748350698037 0.70349955217373094651 -0.29128192114712081473 0.85504707692723969092 -0.4290097185974259264
-0.71335053325575781269 3.5884276439562357019 -2.4923510888773150462 0.82627644864331895036 0.0088132628851074860943 0.56319584232722363915 -0.14338305114645097382 -0.96364830940927836966 0.22544009496223810229 0.54470958414676939885 -0.26702857931302953487 -0.79497623031686914796
-5.5339373141119949651 -3.102600235964743991 3.8005277310687297643 -0.95656466299662146202 0.0061723542254785539185 -0.29145488081283382753 0.19678600508855112472 -0.72394974439664239174 -0.66118986364686171964 -0.21507978451627818295 -0.68982510075473935096 0.69129011034511078648
-0.63331476729302882411 3.8631548055499065342 2.6792886523030317036 0.99684776934867147524 0.00090048299328248596757 -0.079332930583927235846 -0.050159354900494099172 -0.76758326994890757611 -0.63898353876337521395 -0.061470024081875733468 0.64094860388718388755 -0.76511850279180904089
-2.3579884565733850721 -6.9149013975865853965 -3.0253321374533070909 -0.9185683385107226151 0.0035302089506227688279 -0.39524643592373387424 -0.20432380683318876469 0.85175120592073771952 0.4824641594708013459 0.33835482772798480822 0.52393455778124697897 -0.78167038431543423016
3.9971156451113603048 6.4613374783864854223 4.7426779387347437478 -0.85330033546381789389 0.0013984932898677658597 0.52141785711064037034 0.31266007221181485454 -0.79890048997125484576 0.51381094418891726239 0.41727954268314221276 0.60146159589806491574 0.68126480308166992295
6.2924330191708026661 -0.48804128308618088816 1.9495891340677256043 0.96591067687570775213 -0.0013801138231655969701 -0.25887189801773963227 0.2208501654379264878 0.52611154419789940562 0.82123799686059018033 0.13506209210394232167 -0.85041445092812673057 0.50848155613450940482
-5.8679887189020840665 6.4665264635370309776 -1.0189588190078469054 -0.94583432535966427412 0.0047608580404126634236 0.32461479202611170924 0.32455546078503066942 -0.010224453004091107328 0.94581140479248015929 0.0078218825167548061 0.99993639537299205955 0.0081254761342686807751
1.7345214902634300547 -6.1345508121383112154 7.3389583761925338834 0.55871077428114290786 -0.00058525400315790569034 0.8293623624086403634 0.12849542218083750966 -0.98786368879739283599 -0.087259720572002735794 0.8193480317794394896 0.15532221294298043102 -0.55185488399200510745
2.2370223015296697433 -4.2249069248093693574 -6.190056965648541798 0.73603788446627071984 0.0067973271466155111079 0.67690621874386891488 -0.60801003684421073281 0.446256708165452598 0.65664202234857238505 -0.29761053026927630771 -0.89487917997962018735 0.33259468653577306529
4.811454561782110062 6.2476138116539470246 5.6539269494533668237 0.73604105458984880883 0.0010035426905600384681 -0.67693615567523668375 -0.40551036813694801841 -0.80006668686198789686 -0.44210251967956232244 -0.54203773604027127853 0.59991023451482927697 -0.58847498097413608598
-4.2617837110427876368 -2.3601510619378625044 -6.8451181464126849008 -0.50789042714360144171 0.010337473532356356715 0.86135965232698086247 0.6709890697697509232 -0.62231547668646858273 0.40310930989752802311 0.54020457445808134356 0.78269827144149961562 0.30913174152315242571
4.483561479721439369 -0.60571861416781902498 4.4789972887855906691 -0.98511512707205606265 -0.0078950966131155174421 0.1717144544391330796 0.16800453501880174834 -0.25557079535554089178 0.95208090243140852671 0.036368428986816039861 0.9667581062556405147 0.25309306857792429613
6.4708123631228913197 -4.6719603691554674185 4.3250341320489100738 -0.98661433932802811153 -0.0068381315154963130676 -0.16292754644185084012 0.15518679249438796508 -0.3462805898476502553 -0.92520636213234241918 -0.050091964101076510985 -0.93810606705863441857 0.34270658307122126018
-5.2530228958498836889 2.4221128539521683543 -7.0971446615546733838 0.78896018002652845702 0.0063838931208639081508 -0.61441116545924068237 -0.48690513599041351789 -0.60343218335664872143 -0.63150058482587323461 -0.37478690329118935498 0.79738876716331519301 -0.47297561366673623873
5.836249812891745492 -7.0817655488637907268 6.9175855817051772334 -0.59701700088363229835 0.0035122552203940803073 -0.80222089521478889829 -0.78047853817255974374 -0.23381761799375730404 0.57981253260658194293 -0.1855369292294404282 0.97227413088025560484 0.14233433286849592192
-5.0838739086516797627 -6.7211763262360992854 -0.13370488255928339449 -0.8145211160183530863 0.0043942686993970045059 -0.58011726569936006292 0.14487553598747049399 -0.96674757817487200207 -0.21073727521586746447 -0.56175299788458088468 -0.25569476039935246092 0.78679969424999995908
6.8558602764235248017 -1.4737762222177921423 6.5105291496406909602 -0.99149748847266372387 0.0079473442699427854219 0.12988290908169053406 0.085111020827369265884 0.794631481633507053 0.6010964336365766103 -0.098431928184885456035 0.6070400712605077409 -0.78855152488464752558
2.8437521371806888659 5.3437387851642714764 1.645675981074133043 -0.99926156242485408843 -0.0030720632436902219585 0.038300029866939526435 -0.021880401166349847802 -0.77389025704239111647 -0.63294163877855114109 0.031584456702340085732 -0.63331227090774588895 0.77325156942131745286
-6.6776570629304359272 -2.5144711758832878346 -5.3821817252675243637 0.9026279505573933104 0.013844290455995869951 -0.43019892897851780278 0.17703765533457754833 -0.92296437173045919877 0.34175201112761965927 -0.39232697009782863118 -0.38463632711676287723 -0.83554440001478369471
2.3167838976263372963 7.3885042544197343517 1.954031694217660986 -0.77566381653374649741 0.00082534289321395740147 0.63114575379171355962 -0.034923014926082240894 0.99841099465849825201 -0.044225205182280229177 -0.63017936077649616688 -0.056345404018876700525 -0.77440245912390792693
-7.0463517937372266431 7.2263010336052762028 3.4571340888084307608 0.81717556818459480272 0.0052623481149659022751 0.5763648136854488957 0.197843651138167681 0.93664522320828924595 -0.28905642277151016861 -0.54137046508523833932 0.3502399656427668817 0.76436247029792103724
4.1695798111101805006 -4.3412070967883078509 -2.4900937293522393823 -0.84286485995298721097 -0.018489930271433880488 0.53780754023618326798 -0.2115733077035074905 0.93031041867690933422 -0.2995984986086682178 -0.49478840257608686093 -0.36630676676762735644 -0.78803793645776376575
-5.2460960034654071649 3.8013699139282572936 0.087916408322518499463 0.92769760568407999557 -0.0014833414968663182713 0.37332954893259895357 0.21889268655927951457 0.81223357307669419303 -0.54070566349713955479 -0.30242874231637517646 0.58333045734388633274 0.75383183360480776614
0.78405689924017041292 -6.5122590740352892524 -4.0881921179282576517 0.90281914224467596508 0.0010730387775692335102 -0.43001912164951616724 -0.30580535740366615594 -0.70144473253520378542 -0.64378441312420531251 -0.30232545341017125207 0.71272304283384180223 -0.6329495907527522558
-1.3689701834979060013 -7.0725753159185940078 6.996206999575749208 -0.89290305768601940795 -0.0034482356107930498337 0.45023575962603823442 -0.29471062221536392656 -0.75152021476179675652 -0.59022285279189246054 0.34039650222685063907 -0.65970105083701058302 0.6700184660112949997
0.82556716740140945188 -5.4995895943732779898 -3.1519236966321342308 0.77026035039760509804 -0.0033613602669277961414 0.63772070208103670552 0.62124412414308471941 -0.22194490772647498811 -0.75152923838797480727 0.14406502290000627875 0.97505341350692797953 -0.16886713707934100648
-2.6944280369940258879 -6.7693260987145906782 5.6192694826116396101 -0.88270707702958528529 0.0046067677678977483197 -0.46990104687333023037 0.46689676824389725329 0.12190970794693506418 -0.87586838675205047622 0.053250577135345672497 -0.99253050371217244052 -0.10976144694621572939
2.3219443719055927744 -1.0646217405991484917 -3.0472235634553701544 0.98927141118516503937 -0.0065068870443234332057 0.14594428879824666856 -0.00046412038633034634338 0.99886255317572736345 0.047680021555952294132 -0.14608853344492900295 -0.047236217929708210206 0.98814314758117027804
-1.4792095843043058245 -6.3915295238092078023 -5.0995870724563827636 0.91824588384906902228 0.003315834757358652931 0.39599684599012768826 -0.24518259478232176662 -0.78049981384993871725 0.57507002686285324522 0.31098230176348135023 -0.62514721931725070192 -0.71587775644300077893
-5.1990842396068206455 5.9914271218573453837 -3.1601458093290699658 -0.98995014447882190289 -0.0074377963965529866192 0.14122107006718226385 0.039092940389715835625 0.94530861028633572651 0.3238261467672546301 -0.13590604643587989031 0.32609248765218468158 -0.93551762999891596717
-4.9364325520704781525 6.6507732694560610653 5.9096139503175706409 0.91470404970929475308 0.0076223374186760277371 -0.4040524735942985779 -0.26219768628452161385 0.77201335366663770277 -0.5790058333620710096 0.30752052736758994644 0.63556060429555016889 0.70816230026384419105
4.1227255026976079577 -7.4267781471026461659 7.3017711402760632211 0.89114442339989585751 -0.0064418469169765357057 0.45367402311735743892 -0.26398816209899139684 0.80586630336137976549 0.52999033140076823312 -0.36901472452301664617 -0.59206249983853664887 0.71644269091824386297
-0.56276793163551919186 4.2027276111446365547 -5.1165585502394836936 -0.90564240715727195585 0.0044132427426656073433 0.42401928452235682077 -0.040265654288351250545 0.9945324714887174844 -0.09635268672652225197 -0.4221261747902682604 -0.10433449306529754552 -0.9005130793684046342
1.2743562581941618728 3.4809203030694684244 1.3756018411623112119 -0.99963640399741837683 -0.0031386008273910624179 -0.026780757795475770844 -0.022419184704872061747 -0.45508199446426517154 0.89016726432254589252 -0.014981320383231114604 0.89044400581918614623 0.45484616359858476287
4.8132020734926603822 -2.3987632507591274411 3.6126363203617701814 -0.99714016695956342318 -0.0025923198361020270697 -0.075529910060870231181 -0.063781009568117233433 -0.5072399742795836719 0.85944144146717160737 -0.040539736733323519791 0.86180095635278342048 0.50562401186540217868
4.2152114326155425417 7.2894325842692273554 -1.1507499159703229452 0.89825129010271143049 -0.0010854433741734007685 0.43948087744681513245 -0.20306710655709858671 0.88582092688632552147 0.41723498861525926129 -0.38975424316269857705 -0.46402597697000519394 0.79546937253038119131
3.9266816074423664951 -5.9474088911483278252 -5.7191325153767236245 0.19671024610863910298 -0.0075815799032097012239 0.98043235295562536358 0.92279447038441209106 0.33931703443064381576 -0.1825220961226778349 -0.33129359260895846484 0.94064152034206793829 0.073743377363123363555
-5.7757289612104720788 2.3333215283497379389 -4.8615989199972844403 -0.85868218434224075075 -0.0046133262073711541612 0.5124876813296459499 -0.32959368008755257629 -0.7607812364819167561 -0.55908846908463549763 0.39247026937035189853 -0.64899200876309559582 0.651748770786671483
6.138122685420843716 -3.3853291012521902204 0.33843361007775868421 0.95260042588673454755 -0.0034771732286032279967 -0.30420443433129329414 -0.16934706094975046642 -0.8367522901247047562 -0.52073714858715303144 -0.25273306382059163022 0.54757055640111340633 -0.79767943700113619343
3.9775793558756009638 -0.22082782265927058951 1.2793213099101916619 -0.8824297977445212382 -0.0039992142962453980717 -0.47042710204420812303 -0.47044365016327749363 0.0088856643290931569545 0.88238529962288159147 0.00065120941494753589122 0.99995252450026816948 -0.0097223799480714127863
1.6345279187914918406 -3.7642456567882924823 1.6172046917937972221 -0.68583702784692157639 -0.00809016879946720599 0.7277101898440796468 0.44985325075844068143 -0.79073368027998314211 0.41517743153127878442 0.57206610108984468077 0.61210685018191324236 0.5459538258352834017
-5.7245146949843501716 2.1058031401578927166 -3.533564764764574484 -0.72435129952712173917 -0.0031841904696364052227 0.68942371282430348067 -0.35669500315411367675 0.85748000014335257202 -0.37080550707751519512 -0.58998633000964084694 -0.51450744434380313308 -0.6222525372520004705
-6.2740662839539611539 1.6345437567227032449 -0.3797898574298927965 0.9873702731284496048 0.011818922255962930473 -0.15798815404602831181 0.15624923121638592538 0.092229488076353144388 0.98340220625820706779 0.026193920791894538536 -0.99566763259926072127 0.089217957316201246254
7.1115133441927262936 1.8815916713689722073 3.4480967450316346579 -0.91584647122053275403 -0.0034376650420380708457 0.40151391459324797806 0.34239385895333185328 0.51565330566289657721 0.78540951974753703269 -0.20974195217940092006 0.85679043576471902721 -0.47108222496502311083
-3.6659474311451778483 -0.12569831511124088252 -1.9976138840717014844 -0.90675863893363495283 0.0029443422701656046976 0.42163977702250310386 -0.28713924802974943873 -0.73658725118465750992 -0.61236449409902826702 0.30877147368247659376 -0.67633612371427287435 0.6687522895655331201
7.132060829714281347 -7.2872353135096963328 -6.4907902017235619141 -0.97997594907282947752 0.0060742672067894184357 -0.19902322104938860448 -0.07778154292863062591 0.9084392613895845292 0.41071661756702021462 0.1832953104108096809 0.41797274031207365397 -0.88977616147965388205
-1.5440411978928061387 -0.17980839634671672012 -3.3048037469391289278 -0.96902077992509572102 -0.00016697034856168435331 0.24697914931081316192 -0.075680208522561465134 -0.95169436154153774776 -0.29757410547312296289 0.23509834986954017411 -0.30704692529165522608 0.92219897612046941582
-3.5863574323855460513 -2.0821221134334644276 2.3158610811578554944 -0.98804903099920693421 -0.0062510204170333361767 -0.15401310686139879635 -0.0051766881248046618669 0.9999594001071772098 -0.007375638112182464172 0.15405295921009667937 -0.0064902142683071579674 -0.98804127589763335315
-4.6648877773921260115 -1.0620275706774493507 -3.8491209015001928151 -0.99732608889692719867 0.0078744952928651145568 0.072654419888968299612 0.058959612178253732739 -0.50070816395557316003 0.8636058699893789381 0.043179121544023119084 0.8655803410846192314 0.49890503764794585928
0.58343157814984480947 -4.3746881649426088146 5.4222997158599888223 -0.55088641102733737487 -0.0079148203745557817179 0.83454269978458650581 -0.78470453235746262521 -0.33558890816730579942 -0.52117068376174124911 0.28418824578615631271 -0.94197528647707939875 0.17866057378016228507
-5.3487123995041923052 4.6720541552839032207 4.6503310603182947958 0.92832599875092536301 -0.000402409956717190119 -0.37176696747996212933 0.055337971470965488519 0.98900860683382552097 0.13711194157313671971 0.36762555536378921373 -0.14785740994181451047 0.9181446712630818574
6.0695476393639564705 -6.3172444849825613034 -4.857802452928568826 -0.99822894611499779494 0.001109203169729626199 -0.059478910603572958393 -0.053339643376868750568 -0.4593989677680664907 0.88662701902105944818 -0.026341100635379869482 0.88822933867437481315 0.45864451194285599245
-4.0955373603171647545 1.9819460622024014373 2.2243959102732890898 0.19900371183952259013 -0.0046931880816768918596 -0.97998749821602237908 0.30416890264726303972 0.95089849865672559925 0.057212969812601016661 0.93160012952804893693 -0.30946731529855597831 0.19065985268403232156
6.436560877103524092 -1.5480932456852096735 -0.19886166740165059363 0.96156247118882032243 -0.0039789487705913020865 0.27455742927091025818 -0.24488488446389183872 -0.46474528956302885163 0.85090728589543418448 0.12421355546912594969 -0.885435476923959075 -0.44785601351557163818
-1.6394060280914601879 3.0558533502348823596 -5.3868607327435888976 0.98867069744731483905 -0.0069172825981424091585 0.14994133256185504521 0.14937336273169751766 0.14356917774258332043 -0.97830235086522199239 -0.014759759998190789473 0.98961610860159709979 0.14297589685333614296
-6.2021579163723030703 1.0151374034504154764 -6.3130677995507493705 -0.94083157333869182892 0.003172650475861883701 0.33885968319925091619 -0.30159936020202382512 -0.46377411293083570243 -0.83303745300009857111 0.15451141231209908344 -0.88594780120739546891 0.43729019769613480806
0.53370837334356890924 -1.7577351677618155978 0.88564384684565422567 0.55337511548218742963 -0.0057604912720465133169 -0.83291223925779311887 0.83176157081630652801 -0.049175030290463384031 0.55295072629420249921 -0.044143752427514761083 -0.9987735644961094339 -0.022420882796727350378
-5.0139107697318365808 -0.47887743730723569824 -7.3510116803441212241 -0.98936990537139135604 -0.005709264619928978296 -0.14530861861229685261 -0.14069454423087426886 -0.21509593686818501146 0.96640508233683763972 -0.036772755800504007551 0.97657623473038335238 0.21200618432148782277
0.36551423305747204884 5.502591444403781118 4.1560353439653185958 -0.99813590834995968848 0.0081065099152207512057 -0.060489610342675664834 0.05944570900404576308 -0.095255933968814154866 -0.99367626253459118146 -0.01381724080327905238 -0.99541980668494023377 0.094596470948281247138
-7.0655597427076726191 0.25361686948971007283 -1.9021987153846615648 0.9976837000404378264 0.00034115781650180922527 0.068022924702289960797 0.068023123383918082663 -0.0093980365007064955996 -0.99763947976977029874 0.0002989294226594658814 0.99995577928298051695 -0.0093994744493179367001
-6.7057484419493249561 -5.001413746436824681 5.429937333756732265 0.27275726590020699103 0.010403618531376779277 -0.9620266309308554975 -0.85796819988382022615 0.45506916883498327309 -0.2383330014158048793 0.43530913370463042433 0.8903953146199822255 0.13304939615055791369
2.4544278578144727021 3.5181878242931028389 -3.0106919374779028686 -0.98602631183245237345 0.0025707173619135730361 -0.16656981655287073085 0.065349911544990937906 -0.91376715061146962515 -0.40094760695695935704 -0.15323674962380551268 -0.40623021290355348922 0.90083045723874854982
-5.9858818769850028474 5.6672184578962774282 -4.3120759752275832355 0.93139984328063030183 0.0039002677107134891589 -0.36397681224031958047 0.35725155186524842899 0.18182779613793217943 0.91613862555918745834 0.069754287514835547346 -0.98332265328485513045 0.16796100413464684631
6.5015347358849933102 -5.964391540679226722 5.3374352394446971104 0.99634042599202621293 0.014216231923461464595 0.084283179127236623751 -0.012533201790408928303 -0.95111393907907815226 0.30858579640412847622 0.084549833747772099035 -0.30851284193593331295 -0.9474550923256177537
-4.0804639396468953549 -0.27971020088975373508 -6.3107996375442194648 -0.82167084483041374909 0.0039884784309888246523 0.56994834397109717106 0.55939756646741178869 0.19728441193141463272 0.80507963794849157768 -0.10923088110044426591 0.98033818289840757298 -0.16433399455174729775
-7.3453272516674283921 -6.1983207592592348689 -2.0331278677994024662 0.99802251048983969817 0.0062152156367499041684 0.062549497600856041046 0.038681508712839089703 0.723637406906551095 -0.68909552618582392558 -0.049546033536703310007 0.69015235594775625749 0.72196600760746454384
0.30113763207956312229 -7.1397024009536220746 -5.0032771489842371437 -0.99428147896662510963 0.016398949018346237194 0.10552447609414883356 0.083346005705644821138 0.73695496082602629517 0.67078374238408944308 -0.066766637752445581744 0.67574289503112072719 -0.73410745528037701924
-5.0377947381843490859 -6.6226666921865895432 -2.9411867361183374747 0.94878398461076984827 0.008167114736128612551 -0.31581996260999117832 0.31481532386781074795 0.059292549159026444738 0.94729916366069855105 0.026462471617504240012 -0.99820723892936102928 0.053684688178160203109
0.41515994935161643076 -5.3670048528929434895 4.7306872288914378899 0.98812494957113372607 0.0065001439966039286159 0.15351492488731433017 -0.025051625300247837985 -0.97892067656646331031 0.2026986064594992476 0.15159650426365145481 -0.20413734866226612708 -0.96713310499450333424
-6.7651432748241173698 0.14748755293202076011 -6.904166293503132934 -0.99936279554274121129 -0.0048813093336575966857 -0.03535782380478693504 -0.033751432335256077721 0.45151318617573643621 0.89162586521723541377 0.011612222024379037152 0.89225109443947192567 -0.45139023114271797921
1.0819505775029278904 -1.6992354917821477223 6.3728810889421589891 0.99664537449686674275 -0.0092582687431005637746 -0.081315939113571100716 0.015826913617208331064 0.99662811673328510764 0.080510283455960007792 0.080296365418393231272 -0.081527181949875848765 0.99343133245528725261
-1.4789512275768086358 -4.9990389004118380711 6.8584388388030932404 0.93341398100208117228 -0.0040387815039131264722 -0.35877852264855003561 0.35715199286858112515 -0.085306224760165458298 0.93014262455123397633 -0.03436268412015795054 -0.99634659444454753974 -0.078183563994681987142
5.8702067105326101171 -2.7182024841031346973 4.6520099380648289866 0.96973882556575663472 -0.0014603430204652993914 0.24414028260147196958 0.20269640636091862396 0.56222554693743254095 -0.8017584431855230287 -0.13609106156840966584 0.826982649013333182 0.54550794787242984363
-6.1385737790950258841 0.91250606180313587057 0.48184047199067570055 -0.96617313284580785826 -0.010134183159525347526 0.25769512160406055079 0.25720019032201446585 -0.11112742554449203669 0.95994726802578334013 0.018908714001597177329 0.99375449363690360194 0.10997484672078651491
-7.1385222529105458733 7.4859781915415029019 1.1812819138286791976 -0.90588839997335146581 -0.0019423005846047987008 -0.42351202375147106727 0.24208356374781789255 0.8181465033492768546 -0.52156672365146294901 0.34750792071087138746 -0.57500654476784718305 -0.74067922781546036148
-1.5341099913627218587 -0.68404537032266310437 -2.2773073560508922952 0.98949506272159504228 -0.0064921662343053708477 -0.14442081784548038703 0.029199562150603063093 -0.96942641312390964714 0.24363869788660633131 -0.14158709835210658845 -0.24529631329317733157 -0.95905308104656261659
4.5910969312197158487 -7.3840181262091695302 4.3823457056559602663 -0.81485839721618957832 0.01301575451772904457 0.57951391926408291067 -0.43051171032888985168 -0.68304802793138796879 -0.59000428711051033925 0.38815648874664787638 -0.73025747628725312666 0.56219085600043006146
4.4873927223676401965 2.5771761985475878376 3.8318029586342134962 -0.99507812917480664705 -0.0031288614222098744093 -0.099044066274236647329 0.086661463873450292339 -0.51218456723475913606 -0.85449210632151850753 -0.048055254834761473859 -0.85886971032441039586 0.50993481266730966706
1.3054826690304637271 4.7864832203477165606 0.61189663320611731301 -0.96343350336610611429 -0.0049392163235488194262 -0.26790201330652485545 -0.076137815696275007449 0.96366274081740577184 0.25604131498872834127 0.25690254497102177345 0.2670762552198509554 -0.92880103159135762869
6.7892504219642804131 4.0109730974831201422 0.79587947927317226338 0.91921954927250859591 -0.0026452177564281250527 -0.39373648936592553493 -0.38391344118002096453 0.21604821779040173091 -0.89773806718382176406 0.08744077948245750076 0.97637911203218064049 0.19758021072692991127
-3.1957646674688473531 -2.9178378007868683852 4.6705348598718261499 0.9877177091045546975 0.0088752718942356582932 0.15599665595836914589 0.016001309908685097672 0.98739070488558389194 -0.15749144099550163589 -0.15542742744637044749 0.15805323614031155377 0.97512126904447371523
-0.12734519757793519301 4.0459278322118255034 5.8582538382300075597 -0.98949589345095434467 -0.00090869746124687834216 -0.14455812364762765654 0.12607191252533936354 0.48389017363437730745 -0.86600009972999270058 0.070737187644143315057 -0.87512826153034950494 -0.47869277846567198642
6.8554041494788329203 -3.1950159396983757176 3.9136540349249564485 0.98438057208624674121 -0.0046917598751165549495 0.17599112673217348624 0.17160744793624366222 0.24881162467054140919 -0.95322802059189881696 -0.039316321190919448214 0.96854053235687198598 0.24573047037337031329
-0.17285000949338941156 -6.1142684823885371515 -2.2976141268860597044 0.99923744311662032747 0.0069235056148740500501 0.038426518757838097617 0.024178133032450803419 -0.88248266916312800845 -0.46972306363384308536 0.030658606571518882272 0.47029395456096256822 -0.88197712336918343556
3.2991242387507844214 -2.6261928256220343769 6.965380970774571523 0.47702743081032228378 0.0063314984100421448435 -0.87886559972641109528 0.51513339933560475803 -0.81221798361222297125 0.27375085020141420866 -0.71209719220306710863 -0.58331968869982864234 -0.39071182427933642822
-1.4918336685650381845 5.4362831323859515109 -5.9158138876059025435 0.89425918797855497022 0.011027654475888638841 0.44741356210176214114 -0.32156610522610257208 0.71114352889645415789 0.62519606626927026749 -0.31128081323066136843 -0.702960363139738309 0.639492754586744927
0.48105966297715863078 -3.3201271159311822601 5.2910511273170337532 0.65057563156889897105 0.0029858230082779823288 -0.75943560126549769507 -0.03145300341197107552 0.99924020256406920204 -0.023015780591062545701 0.75878986299570250207 0.038860036551859933329 0.65017523897346041206
3.2071355308198477019 6.3266551009368372505 -1.3986263177263831281 -0.97037890212395028211 0.0050920453659349220257 0.24153438137561164534 0.11313628131417800826 -0.87379371476315681466 0.47295319630041599002 0.21345952347678229244 0.48627010510037266267 0.847334890537683183
1.4514124396915113469 1.3546165375698759892 2.4419619640357916879 -0.83828454302189958636 0.01064641408559371602 -0.54512904783890336891 0.37204897202520165189 0.74203987358080025771 -0.55763463704398397169 0.398570680489121143 -0.67027119875716800745 -0.62600154374503047539
1.284783068271060813 6.7764516806687122852 -2.9251058578312085778 -0.99992917059838581917 0.0010029867255427560649 -0.011859502693427798753 -0.0050825360572302521328 -0.93700183172814399679 0.34928746780479807965 -0.010762045053488641932 0.34932300433249302563 0.93694056216514842728
-5.7474064749895195092 6.6653425891644664247 -2.2557231577722420823 -0.96015297441368452347 -0.015991290644723574893 0.27901710404212376471 0.013181489022962466356 -0.99984178489770969556 -0.011943764880956511676 0.27916395553810763319 -0.0077899804819995810412 0.96021185273481624023
4.4981705887412353206 -6.1169040194673414135 -0.78466197376263602248 -0.80400816614842673946 -0.0053424909791825042626 -0.59459425371998153587 -0.48641031476809037937 0.58107413525301732093 0.652501229904699942 0.34201735987207132483 0.8138330953764706388 -0.46978699259998163429
-2.4106530807424206841 -3.3556760113189696426 -5.5449093248223526587 0.96948264795165828289 -0.00081976722662041937029 -0.24515856767062813026 0.21751873956741671345 0.46415798458331436471 0.85862853626257773509 0.11308843113946548398 -0.88575204957659592342 0.45017142669563492419
-5.4770368253842711681 -3.9540695965702443715 5.1148575683197483599 0.990728457366951476 0.0055682100446099204449 -0.13574284069550335285 0.12741027129357970771 0.30873194257617836422 0.94257689893287222027 0.047156617055221880519 -0.95113278918876387191 0.3051600740559765601
-6.4320996295891923467 4.1158362700022737002 -5.6212633680701680206 0.98657117825258766608 0.00079003199956090481605 0.16332999139967832591 0.08974394086613028676 -0.83813390476187943356 -0.53803120984421259898 0.13646734158407361481 0.5454639617225639503 -0.82694965453947499867
7.2259971013908002035 -4.9066869154325907232 3.4445363908034822842 0.93935070697763256575 0.012321409252914160282 0.34273668052095546122 0.33735340622118914489 0.14673534729807535815 -0.92987172081116009625 -0.061748915872849238773 0.98909904495315570383 0.13367928284214738999
7.1359744703365333152 -1.4290212550635306155 -2.7763960405042666935 -0.45239112550953225478 -0.00058633546634426561561 0.89181944684500313869 -0.83176534910745303364 0.36103147550959374668 -0.42169026277060212005 -0.32172763882572613658 -0.93255344613708024415 -0.1638151290740259558
5.9927268105956468247 0.44469154736885563306 6.9533357332727305788 -0.079051568043924616558 -0.01554152610511232678 -0.99674937198682078687 0.9723724111082081567 -0.2215072041950962578 -0.073664459580176172571 -0.21964230855046271151 -0.97503488114834979683 0.032622643035785631183
3.1773549124485391815 -6.6488647211197493547 5.2810299026770746167 -0.015791195607698940706 0.0093315590210947783889 0.99983176592239042524 -0.99892908865837504173 -0.043640004191219883278 -0.015369641059759615517 0.043489239742686501555 -0.99900373975307610319 0.010010693591128558624
4.192586311765068352 -2.5013257422012915576 5.0542529011191437149 0.7215231696722028687 -0.00077783258830757887048 0.692389854491384793 0.65993491964025741137 -0.30180214188162035605 -0.68804169132048642599 0.2094999223521739895 0.9533702649717565869 -0.21724391913757504224
-2.9923812907520175308 7.2649807570209024021 6.2337358467835501941 -0.86828443867572546733 0.0038382952374371877811 -0.49605181286157756793 0.28667081892380841257 -0.81220943818531998737 -0.50807053654024103562 -0.40484808895577845123 -0.58335332004926521154 0.70412848888289070182
1.3390866480836685071 -2.17041205741821841 -0.67568693890110476108 -0.98485997922474821653 -0.01461746623135065995 0.17273433648888930625 -0.15777642031762156849 0.48838347654743091697 -0.85824715614277591325 -0.071815196950485132854 -0.87250668164567368734 -0.48329563206223258298
-0.1505297696525346729 -3.6185125994005185035 1.6927069166266621725 0.75066662189882638057 -0.011764024474421031635 -0.66057643804110210972 -0.2489911948435450384 0.92108178100462778648 -0.29935219657067446697 0.61196650860754064905 0.38919141875114454665 0.68849621052923948294
2.6225073482249570134 -0.23859860240777619467 -4.8287140504643737415 -0.74419937576932337908 0.00023260701138982063652 0.66795750987514390662 0.65778272741341869967 -0.17362244232200110816 0.73292368704983823502 0.1161428974202362574 0.9848122630309377179 0.1290567083211253685
-7.1493605720806145953 -3.7045734701644996711 -5.2303100447084212021 -0.85665671151182176679 -0.0015507094427589622476 0.51588455483943684854 -0.097646199749893664022 0.98240644146112443558 -0.15919423183647637976 -0.50656144572607897381 -0.18674897342644630749 -0.84173649239424630508
-6.3039674261540703526 6.9474197709961575953 5.5933820103525242473 -0.6034848761302261666 -0.013599573936765332188 0.7972584624015572885 0.67630992864553884925 0.52091540575700301385 0.52081860610044083959 -0.42238712657641763748 0.85349996580771114729 -0.30516704223883139857
2.3954784455617414984 -5.8337960405667343977 4.3368348438637465136 -0.54108166225240916791 -0.0034235048663276189743 0.84096308741141445608 0.7011423670669575392 0.55033058751657704111 0.45336037050822491912 -0.46435979140948407951 0.83493983259759141369 -0.29537342477613159897
-6.0185365031772768418 3.8151381570209239591 -6.5804452154427952593 0.99824816874335164929 0.0018568907505692442729 0.059136668466530824262 -0.035471328881013661216 0.81874528430373305632 0.57306015762574735728 -0.047353758330170039881 -0.57415390914573405379 0.81737684710599645133
5.0604462211495242485 -3.9612991433701294497 -4.0054502098012916278 0.96318801245123175647 0.0051896128304740182444 -0.26877857167035246189 -0.096198957803333984273 -0.92695331157771165831 -0.36263386310800399537 -0.25102711643967873245 0.37514080832903384799 -0.892331082467861747
-4.8123521175062666799 -7.1411855333646263588 -7.1547123367737333055 0.85495387524329025108 -0.0010989488910251772342 -0.51870286630951034645 0.23989471362381009634 0.88746095051693041356 0.39352711175073723515 0.45989607258788212096 -0.46088160477387291047 0.75900181080115947108
0.43844391741897958958 3.4481925833676418947 -7.3677652022623671968 0.98354238076547584324 0.002455985106131136804 -0.18066087948237627425 -0.16212690827517434178 0.45332187533895001996 -0.87647826154000219034 0.079744911131206991373 0.89134350588098731905 0.4462594577960230513
-0.26402753820880536795 -4.2689522634404024615 7.5005359566865381638 0.80706150751521543718 -0.00304825261149697848 -0.59045950855510498378 -0.32416599596480477619 -0.8380992256576298427 -0.43875516522577029388 -0.49352622032404924735 0.54550929974491091379 -0.67738576435038044821
-3.8325776716667738775 -0.20498349905283189121 2.3629239907741586002 -0.93559902984666243331 -0.0041242599961254164387 0.35304028924395219891 0.28322900657675031955 0.58824447401374435618 0.75746271764742134636 -0.21079797243685444164 0.80867263417999024622 -0.54919284913833121831
2.3772377644875581915 2.1670178039238146006 -1.036614206061665211 0.82546710183848259756 -0.00084387251241633057242 -0.56444960063906612913 0.55372412735675469175 -0.19281074665108319244 0.81007012459345040245 -0.10951554485746736733 -0.98123560058487235835 -0.15869165567080678603
-0.89846589068820947865 2.509454539158791242 -1.710496671861472251 -0.98237631060741636979 -0.0014069565220228025942 0.18690854670375836588 -0.16685755723571607523 -0.44404203481835996525 -0.88033245249032665569 0.084233840888905509026 -0.89600485031477195008 0.43598161459107181992
1.2986571802926281105 5.0111507989443948574 -5.7257417283519362883 -0.9128461814138785213 -0.0086620075208908246106 0.4082117326872984342 0.38465297714110457949 -0.35356840514048321067 0.85266140411238688923 0.13694501179074919373 0.9353685650652328043 0.3260854354820476031
1.3195483146412778641 -0.73598558480219078426 5.262457497949359464 -0.81327738582779074417 0.0098401561560164732545 0.58179297437139365634 0.57028576034417144403 -0.1850905968157883219 0.8003221991916890099 0.11555970426473161083 0.98267219473089395532 0.14491829578424939018
5.3425710645231951901 0.96081868597533326426 -4.7847439033555128063 0.8582642236108953826 0.0014457688132555393534 -0.51320603291673883017 -0.28378908795072305127 0.83453430329062083803 -0.4722459636582411191 0.42760528063824937428 0.55095408736471651601 0.71666122930330455887
-2.9195965347101697773 5.5178351992436249773 0.33282592141811079278 0.96692413182483416545 0.014890642722821425051 0.25462912648404117943 0.19706701890573732894 -0.67740253278662876379 -0.70872448711313584813 0.16193305207503366772 0.73546181228763929383 -0.65793131048167230457
4.5130184678764369011 4.4891848532499798452 -1.7771510647360306834 -0.97892428094856787091 -0.0087267118428400337199 0.20403699828671917338 0.18879316488533035012 -0.4196402340657047203 0.88783963351825345711 0.07787421307470748788 0.90764856549976125066 0.4124435579376302119
0.49199685078985500031 6.2309843602027150666 -6.6880316618464066281 0.63833882752508808167 0.00079186644319136903145 -0.76975510015939618835 0.70506132209507710318 -0.40188251683804748771 0.5842764540399315587 -0.30888844808346377357 -0.91569089523027502597 -0.25709552900261350983
-3.3267352554593014879 5.4958281258528218771 7.4971753075886535811 0.99492063666534580335 -0.0014048553651527361658 0.10065263592598880371 -0.055441239575647935367 0.82693230921052240934 0.55956163640648592938 -0.084019019821454071772 -0.56229972644938563953 0.8226541326361532791
-2.2608912518565640326 -5.6987315853098898799 5.8274357511117997888 0.89294658482069866334 0.0048171149878319923648 -0.45013685925542396005 0.08659629401551649508 0.97942881385712410314 0.18226431479917989953 0.44175499829643277705 -0.2017324812458487493 0.87416047010284547714
3.1303321494812035297 6.9877969197255263012 -2.3768884711706785851 0.88288135909522735822 0.0035860930498873193686 -0.46958241630070562955 -0.46943761839010583747 -0.019238095132474181126 -0.88275603545711289755 -0.012199516480824788497 0.99980849947986305537 -0.015301508596223332981
6.2593034017649600287 -0.52770012415726275101 0.74198646253372768644 0.99852230060626767649 0.010130443194779709115 -0.053390910391967139059 -0.049671818870898921949 -0.22838847943401008322 -0.97230212016216477355 -0.022043720236530235657 0.97351737353908174288 -0.22754779237694480742
-1.5412686654987712842 -1.0309380623689816669 -4.5244504525810551598 0.87642596479411671861 0.01268375751701522787 -0.48136955712835038934 -0.098656369900455870292 0.98317752534171931611 -0.15371686420487704061 0.47132202252048577273 0.18221162410271268817 0.86293364468486655205
2.9258965635524609716 -4.6845870040050607841 -0.11085321205721816729 0.84570274986418936258 0.010231890802362373152 -0.53355615194911609755 0.36801358552458252049 -0.73522928204690352061 0.5692134078623540816 -0.38646197709672491793 -0.67774125684617159138 -0.62555090042855676646
2.7861946134576682788 1.6285812964261572322 0.97826334926345270837 0.86962528221661516969 -0.00088127949046661090485 -0.49371154723807753051 -0.29427811479370685754 0.80201947651610339118 -0.51977413406434791465 0.39642434294983691645 0.59729723139767876283 0.69719707234143013519
-6.9374076788117875481 6.9559429307211519955 -2.7703229307728558517 0.89296947872955090286 -0.0071620253502326838152 -0.45006023535796219059 0.39320344642686055892 -0.47424674081926848634 0.7877062133437162661 -0.21908117165933627124 -0.88036284236400486058 -0.42067173188741702194
2.5462981581074730641 -2.8875368461373689399 4.0355205339698114742 0.6865981575335544651 -0.0051401838416816822419 -0.72701894650802423303 0.24338765462118594485 0.94390262139633451799 0.22318219216440826624 0.68508789191567054377 -0.33018391819008297006 0.64933285803129581204
-0.73793913833713342676 -1.2163530814646277278 5.6214588982400632844 0.94134745304661748833 -0.0039250697915508489522 -0.33741601394999315433 -0.29033060619327849539 -0.51901477270291174193 -0.80394763811067082582 -0.17196834519821296849 0.85475625738767146977 -0.48971280226933561197
0.62071493342035088947 -0.27692687821623745981 -4.7865001648555089986 0.9485364780823409836 -0.004443043494389533471 -0.31663671472467136425 0.28026848345373567284 0.47721950901534576639 0.83289322088598050087 0.14740463673054049476 -0.87877289419940030069 0.45390535741562987315
-4.7750361655821658147 3.2932287652257548061 6.2506853018176453674 -0.89826022189064447243 -0.001424628275370483409 0.43946165271071402358 0.42712508629804729621 -0.23812849659300860949 0.87227230826459478674 0.10340567887609780628 0.97123261350956702209 0.21450985066314670613
-4.0581381896947492649 4.9001428379050997464 -5.3988499338461757304 0.98022390145900351044 0.00023835856359818692954 -0.19789150106498243353 0.17205756895528837025 0.49298801768761701947 0.85285345012004398768 0.097761423750609866001 -0.87003606683960232893 0.48319762667526816591
0.867823823655433646 -5.2230991111361069201 -6.1520130372136589969 0.83036438049923133597 -0.0065120152159335777803 0.55718272519522449304 0.51020221698019452283 0.41090374343079189012 -0.7555473588222034742 -0.22402833166067798176 0.9116554762039043025 0.34452227695893583581
3.0978466888366633647 1.931047217498778501 -4.7579476146815578019 -0.61903832021233384797 0.0097511707896566959114 0.78530024371383377879 0.59638787303610907298 -0.64475966886456570482 0.47812809403059319813 0.51099223380033387265 0.76432315421818475265 0.39331546234772002402
