1125 14.717824617146108679 14.977075390850430381 15.033177056927090831
-2.7545528242096550819 7.3019328489045243202 1.1820289800446452944 0.97707717330881216355 0.016553660278994561383 0.21224083897815979038 0.03969513124799192022 -0.99365410163767231566 -0.10524173532353130189 0.20915184425193827922 0.11125422522340247533 -0.97153384059224823233
-0.223079609664312839 5.3232503794131824648 -2.2556616143985230849 -0.73335371569943264003 -0.0038504404241691530392 -0.67983637868118440561 -0.63470426831480675212 0.36219331866980181145 0.68261738308799246866 0.2436038165809148448 0.93209504559330713658 -0.26805970702011422402
0.96975383005981841134 7.3259269769521582205 6.6320897099164168864 0.88536360932911883914 0.0046300248444998319888 0.46487615785877550723 0.31020559087026983169 -0.75067734521918316748 -0.58331467902622746724 0.34627123858113567634 0.66065277282748235965 -0.66605866339750785521
2.018115427638595083 1.1327141960996747194 -5.7150069765699367252 0.65040349467368663294 -0.0029141886357659744361 0.75958330788718908533 0.3761505955878589047 0.87000665795583365103 -0.3187462071168477018 -0.65991364855946688106 0.49303136068323388796 0.56695154451483598113
-2.5933652460901033265 0.061592185838558646815 -1.304639679040314304 0.82768907037680028438 0.0034024205009158311336 -0.5611766444833320433 -0.2482975192997979863 -0.89455608049854129504 -0.37164197926596442834 -0.50326846184561413455 0.44694277304578261534 -0.73956947809773210256
0.51326013759400557213 5.5709002037220827219 -3.4751465199190088029 0.99791845881170038179 0.0061413763082514526148 0.064195272878941930794 0.0025933641367863607963 -0.99847156683542337419 0.05520692604848545515 0.064436201202568765822 -0.05492552883959626181 -0.99640913396874264407
-1.0797714924290586769 -1.7274885015239300756 1.5596796294675168149 0.88212399112730532913 0.0016606898099571923769 0.471014337772218461 0.014514548264294442614 -0.9996147229662907252 -0.02365868799813183182 0.47079357702325413948 0.027706456620552752379 -0.88180823317504053449
-4.508011683420281912 -5.8306857474183706458 -7.0482569436204514091 -0.95874378523224224047 0.0074979036214037246902 0.28417272163240514526 0.2051511524717897772 -0.67374386293049592922 0.70991704571946723235 0.19678251680006780822 0.73892691695777545924 0.64440953785384502694
-5.2624257560497920139 -7.1318366865655891118 0.15807102076928880585 0.9923883823632232426 0.0043676802762917191908 0.12306998789116198323 -0.083298218267880683174 0.75986929732841723695 0.64471703701009108745 -0.090701187334707777943 -0.65006120815401713386 0.75444928276818012947
4.7404107948473814815 3.8553530237792661417 -1.2003214849148571286 -0.98164372179469361335 -0.0020118229785587664858 -0.19071328225716854821 -0.16881822224268400179 0.47445562157229620448 0.86393996955650553815 0.08874689459252824153 0.88027712439139538247 -0.46608601456538789609
-5.8135602594382307373 6.5309817938057284081 -2.386979442685072339 -0.8124625895762457306 0.0040979131490043677749 -0.58299892593976843091 0.46164284201238914296 0.61525854444388861086 -0.63901706542750225104 0.35607643415120610042 -0.7883147408216292229 -0.50176632255020392481
-5.8905797565473347888 6.9650274821809423642 1.0722042545456396123 0.44698115477869848622 -0.00066347173720558184906 -0.89454312756729981171 0.51617023877781653685 0.81692043721770402076 0.25731164733845446335 0.73059984387665488637 -0.576749997018823235 0.36549050475494154755
2.6882909634347744721 4.953071872991351654 1.229157297869302834 0.99007830401466434544 -0.00090058676311216686802 0.14051384580507778055 -0.10228922358882536203 -0.6902348413002773464 0.71631890844299139776 0.096342444732636145499 -0.72358486219571360731 -0.68347866136716561858
-0.72778040638700747245 4.3604647541292962387 -5.7445405267386480119 0.99955636857079144253 -0.0006887568557652835096 0.029775689139167466762 -0.029227654778371772032 0.16958603151645498808 0.9850818859926068205 -0.0057280228592584813557 -0.98551514627052883011 0.16949066707525012321
-3.3625595517337636409 -1.8832267423549595708 6.7279941675721444128 0.97635653716627868182 -0.0045639950156673384646 -0.21611821367508385339 0.2030930841723620206 -0.3230448161355482517 0.924335029050209811 -0.074034529065671705883 -0.946372662706073009 -0.31448000220775557123
3.7352171212419018609 3.681872563521697117 -5.6153321662092956501 0.97751594193843815983 -0.0045778797960908633458 0.21081182669088091575 -0.0055202069595768274435 0.99886606359860474758 0.047287570312504322023 -0.21078925629950318044 -0.047388078748890782865 0.97638223018497471983
-0.081406863267498574821 -0.29753518156956954011 7.4568938818555272618 0.27192807571417038082 0.00040415868342075743358 -0.96231749349897777179 -0.52978704527811992797 -0.83475082306893733097 -0.15005582308330150942 -0.80335596611583748317 0.55062773272101706024 -0.22677806698324926016
-2.419713663870798559 -4.562502907225733928 -6.5724880186075127497 -0.99338262113116171381 0.0030511936686485798681 0.1148114029692046123 -0.11472999115711496332 -0.072416291688591427622 -0.99075370795538497681 0.0052912346056938853664 -0.99736982655152606192 0.072287149072885178991
0.81507911337064653523 -4.1071369197928344619 -5.114897358993191645 -0.89191828752136392833 0.0020862707574031309765 -0.45219179101261453013 -0.45206712822852279654 -0.028041971879222048203 0.89154302161388865322 -0.010820349352602429832 0.99960456946112974386 0.025954281967240519502
-4.1414534254906358868 -7.0982599909548831363 -0.84620183749876243251 0.99993065914929957216 0.0015643412069888435086 0.011671749213794085226 -0.011428384005917025315 0.36798680319749377254 0.92976077821735858553 -0.0028405865829539806398 -0.92982969704636420083 0.36797916457155693815
3.8498637955250036846 -5.6747276589579804806 4.6869594755641452721 -0.97274847323533697452 -0.0014007912788203957799 -0.23185867592593992215 0.088015650402749723291 -0.92736381472994200426 -0.3636613815264580496 -0.21450793249321126188 -0.37415824581764506318 0.90221502646771167822
5.7856864046515417144 7.3619592414605303787 -4.1801530146693108847 -0.94634828890307021165 0.012306663464106262773 0.32291401661168683823 0.05106772498017745493 -0.98102217314270589998 0.18704968128219126577 0.31908776779329139917 0.19350463001382300909 0.9277601816244693822
-0.13626919851030583342 -2.5453795527960734191 -4.8097034652526664544 0.98955193383219941516 0.003665285089962094095 -0.14413027417676466113 0.1441647050274195152 -0.038141094689484893177 0.98881838308170721952 -0.0018729851588297555254 -0.99926564164946107827 -0.038270998752283368061
-5.4027892143597417984 6.4390957440214791063 -5.4894780041264237269 -0.80711160430515538344 0.014399300938249042989 -0.59022327836889998398 0.087100922726234722426 0.99166760331877179535 -0.094914665822681085205 0.58393859904639755509 -0.12801572036466232762 -0.80164062265039104371
4.2033748419462719781 -4.9875687364421184 0.48367376878788537198 -0.96279552251528743856 0.0059390497257484249627 -0.27016570750715290794 -0.1958955324427043565 0.67332859747743356582 0.71291902779211424601 0.18614435847878194052 0.73931950299407123151 -0.64711432552463732382
2.8473946949091843983 2.1105064943742419814 5.0688250172354578638 -0.81052559513321331686 0.0036402647652493819175 -0.58569190544709026636 -0.58019225047014932883 0.1318638937198489125 0.8037343255251905294 0.080157420918282540345 0.99126114722883629238 -0.10476700752739295797
-6.1278960116186480533 -5.5312214648201480927 1.0994590727730888524 0.94963861165725171887 0.0045013801943891186552 0.31331492914672098848 0.3131739221849443866 0.019619828299398726912 -0.94949310518871188336 -0.010421214571901135648 0.99979737942938862183 0.017222031616499620943
3.1270273383826792113 -2.9592353492390710556 -7.2693507839004665172 -0.9976617758164330052 -0.0092581059039412109263 0.067714611050819356608 0.022118358061666697212 -0.98119939541231959712 0.19172512792837945184 0.064666523884849225201 0.19277456761093011983 0.97910990535853004157
-4.4895315305325755872 3.5648557498137716237 6.0126300891559729678 0.91631264229413600386 0.0013118570089599606351 0.40046150951529640993 -0.19717811519597647218 0.8718567101654297602 0.44831536648569891845 -0.34855692857811748642 -0.48975928370036286852 0.79915199528595526335
-6.8324356339314737951 6.0350197393547908575 -1.3313120511741665108 -0.98212714518973198707 -0.00325504854769377832 0.18819052935885915989 0.047550073572788245646 0.96312679518104415965 0.2648127015597137035 -0.18211331962451168809 0.26902821610960203635 -0.94575819200906563466
0.73537956150831962354 -5.6883567456713457489 -3.5859603659975989309 0.99802922455837761451 0.0055742875646929805622 -0.062502753902978963607 0.061502578160527114626 -0.28457483407233391537 0.95667894128192365599 -0.012453907295183168011 -0.95863762242608296926 -0.28435683403470485286
-5.2125818488719772859 -5.9651496551095020138 0.14516395211280688771 0.54793607810406697034 -0.0087083597377050868393 0.83647487636079276285 -0.81522613307855140707 -0.22974110462413804834 0.53162522211793128424 0.18754307840564854448 -0.97321281810137627577 -0.13298272228142776763
7.0162541275272554131 6.9382576316789954518 6.6769004134334970502 0.83976159388225624092 0.00083679912420238583906 -0.54295466220268018276 0.44895948321339468334 0.56130593244110016382 0.69524889977558923526 0.30534545661131068384 -0.82760796877127007498 0.47098747558000153557
4.4299328898377883235 -1.1332457389269199322 -2.3128430965624842131 0.99767715074809670828 -0.003472700162170036086 -0.068031193057524627643 0.0073669292016304323278 0.9983427200680502489 0.057074877497334822185 0.067720242390236592978 -0.057443482143572775767 0.99604930356378540424
6.1362684892900585254 -0.78608612798696908541 -3.3008327289922236858 0.9700818832786547441 0.0041246690221158821207 -0.24274292335736022408 0.16400019712264299332 0.72610638304525154663 0.6677375650992649625 0.17901138253856332949 -0.68757000196813378157 0.70370620099248382129
-3.592490676266845373 7.1763462335755896504 -3.7567282903862824206 -0.66672135013214650634 0.0085718409794862636397 -0.74525778413913978948 0.6583695236486638569 0.47545017046839693764 -0.58352095569236372974 0.34933109167150749874 -0.87970089174884258387 -0.32263621843771295161
-1.3279038166307175484 -6.193365743913767929 -3.2721664445562086421 0.99597125868431179985 -0.0052073035539585421638 0.089521706108020654424 0.077887193315638730828 -0.44449785193788393656 -0.8923873849062674557 0.044439138067776315366 0.89576478140872983769 -0.44230150281847896432
2.2470270154085087988 -5.7359227733485891321 -5.559423141864740181 0.1210638886613102233 -0.0045501119943863006442 0.9926342888208975479 0.77735564675323465256 -0.6214349408316637291 -0.097656606404314172387 0.61730197903701122808 0.78345255810063463286 -0.071696275234892400952
-5.0932174316890233001 -6.9216945995260754643 -4.3327261195958088891 -0.85431643830544323759 -0.010442315287573356378 0.51964832463170251842 -0.42992879183078636096 -0.54762788298527198538 -0.71781957045771327408 0.29206961018920507556 -0.8366568351650389701 0.46335805051324591153
4.5680180742649927339 -2.8460494846488728626 -2.6090286783898846146 -0.99894151564008359934 -0.0061348338214870954885 -0.045587412131316576436 -0.030130870844045885837 0.83611283230746313855 0.54772936955484541333 0.034755991613263613471 0.54852319501072754893 -0.83541266783687340158
-2.3389293704717735167 -0.04016689038580344151 -7.2642169402561922453 -0.9969221448752580983 0.00023271887830847090561 -0.078397594984375360005 -0.045408793769466715418 -0.81688952964087968578 0.57500394590938075368 -0.063908360218471821357 0.57679410729038582684 0.81438582949926774379
4.1412525605201748746 -6.209283963046421384 -2.9075758132341471551 0.98207775040379374776 -0.003769525597942427475 -0.18843853862346510164 -0.094080055745805621359 0.85653142298691231638 -0.50744740076863203981 0.16331636559951173693 0.51608111001347167779 0.84082581585882587571
4.6058882850565607825 -3.2426550925212684895 0.36259442580770012698 -0.94110775831651394263 -0.0053243328211402297934 0.33806484395237468288 0.33572526150613751783 0.10375039977968576743 0.93622881996448803488 -0.04005915654573086182 0.99458911417010464895 -0.09585279313242478505
1.5352476907783310089 5.6138072272995795942 0.68035745233766975471 -0.8547337088166628849 -0.0037745596476925873108 0.51905302206228931539 0.21227079976620508162 0.90999220052440354944 0.35616752034872378729 -0.47367857728540985196 0.41460818574192975783 -0.77699977975326128821
-7.0649257161069414224 -6.3763608269175078291 2.7252130467457980068 0.83325123419530711111 -0.0082942060599245359676 -0.55283233159592948258 0.4169986755789545918 0.66598682897420224958 0.61852538201614093438 0.36304887450221684508 -0.74591738803887819298 0.55839302014254921236
6.3407808178991613701 -0.32022144279666830968 -5.2289165536751145424 0.93449690865319068322 -0.0062780039532553000986 -0.35591588105068827641 -0.29871014621002950351 0.5299990911590208853 -0.79364552031861923531 0.1936176032000349323 0.84797497017129697117 0.49340720879826416301
-1.6800689057764826018 -4.3762165773222880816 0.0028766857345727050999 -0.46286207010096863668 -0.0062628963629063703206 0.88640819050307084748 0.52255961398396322259 0.80581300131181743396 0.27856212368116917144 -0.71602385008793512089 0.59213696308033669791 -0.36970753719568161255
0.13626497367386514181 6.4792474344325565738 -1.4560836757996618029 -0.96127866875327661056 -0.014192702848331979065 -0.27521244191679850033 -0.084006578640322196461 -0.93604873134248545163 0.34169528427705619933 -0.26246183674025641563 0.35158404363382878 0.89861139794516831092
-2.8813961432976582522 -2.6510687623070596786 0.10357060232592010807 0.63190401854100630707 0.022399164700526785071 -0.77472291096392698062 -0.5536737915674314614 0.71251710576535820518 -0.43100429988941640902 0.54234918999022663222 0.70129712063615690099 0.46264425285999632997
-5.842209962682444413 0.76454141159295141428 2.0643740473564347049 0.99247880133210975018 0.011857550399112562131 -0.12184099230122505397 0.06992597847677436973 -0.87185506664727019377 0.48474642886315061352 -0.10047978125209526545 -0.48962040527328687389 -0.86612682229537996115
2.1015201472599320809 -4.612752738889645876 5.3277766906162700167 -0.92655175332432115898 0.00068168699036536949815 -0.37616669671070462888 0.37443027715621385321 -0.094318750033380374664 -0.92244563034407311974 -0.036108391823456126302 -0.99554181664808927277 0.087135958966084905986
-1.0108040039593702009 -4.4332495647274932082 -7.4910943884464691322 -0.98762620200436468387 -0.0012204006977066875206 -0.15682154104835893671 -0.11806934910461497346 -0.65236646027661226999 0.74865053950981241826 -0.10321876726959838821 0.75790270624163591506 0.64415011756192075421
-2.6935065131742970124 -6.3359620754142786936 -4.2598077245298382465 -0.9999407782435640879 -0.0077963737090090481918 -0.007593191866496490014 0.010765421915662893443 -0.60630833161453578928 -0.79515678498384334549 0.0015955239607820309242 -0.79519143831652050469 0.60635635622252448407
-6.1354322405874901492 -2.5260353287750527684 3.589061173375712066 -0.85719558881424129382 -0.013270571660534555974 0.51481998256192218477 0.42270241161753985271 -0.58916242978738486702 0.68862929253692417575 0.29417408745509393553 0.80790564006868437197 0.51063693855337999317
-2.0628679615706864148 -1.4528447944159461613 -2.6805198504421792194 -0.87624921114632348118 -0.0063872376067963653606 0.48181586022184547113 0.24413865256064562481 0.85618484907785386007 0.45535021965024530255 -0.41543186961451189498 0.51663014566066056688 -0.74867192701691187562
-2.2209851829490947495 -1.6881084899418929979 -0.887084548704454523 -0.82901456843457466128 0.01331953591130530766 0.5590683636964650649 0.55532859141112689283 0.13744514186228526387 0.82019448214414514275 -0.065916620699803363248 0.99041982156133612225 -0.12134074408025821712
-4.9980883411717194065 -7.1151811265837787701 3.0322860149028389998 0.97149613559397807183 0.011426411558856307618 -0.23677984636545279518 -0.076047572154260903443 -0.93102343174040091967 -0.3569483664616593388 -0.2245262240705925838 0.36478049107527493744 -0.9036167152258254287
-5.561018419446449812 -6.5063917748416608688 -5.5836882998020858082 -0.99925921713883725239 -0.0036999147017438911884 -0.038305712293847639371 -0.033964846093773592983 0.55279018303406279866 0.83262800984055218567 0.018094369095478540777 0.83331226090364352022 -0.55250635257400959599
-2.4505660802584832147 2.0385732873933051224 -7.3863925439608850709 0.97982352612460021923 -0.0087958858129507239143 0.19967095443630988871 0.17911405707278202359 0.48191112254320955799 -0.85771780005320141793 -0.088679265962684758473 0.87617595399670500367 0.47376332216253563834
4.1102177106966513165 -0.061218645929626953894 -1.9530870382746108316 0.91541520840456569452 -0.001189166340408061729 -0.40250910810185486222 0.035780699789976166958 0.99627717842449337038 0.07843165988881348194 0.40091737021996076695 -0.086199591842339245984 0.91204983012006113352
0.70872694231972932499 -3.3115039881382259956 -7.2172143895903140276 0.98602062815584545774 -0.0038363820133556782686 -0.1665791194121605534 -0.048342529055629190893 0.95014667582648881794 -0.30803294353094073932 0.15945632861563779903 0.31177969239334329954 0.93667876172970776505
-1.1872011621416154181 -1.6935233499143320657 4.5671223224611416924 -0.95994043779471982525 0.0011074667835308756904 0.28020194396851139107 0.24245702541528540985 -0.49798974089027264744 0.83259882824490627495 0.14045976902012960452 0.86718221354300639714 0.4777719767854313182
-0.37017093446978260873 -5.0869837099487416054 5.1866252546805631241 0.98515675311815242843 -0.0036353003197125543372 -0.1716186364511230189 0.14780461782181092412 0.52637801196313660501 0.83730519135642522688 0.087292420841127010833 -0.85024289065737412852 0.51910216735274372635
-5.2514852370417548499 3.6645692889962382388 -7.2530106553686204407 -0.62079516010577173724 -0.010510593483462067621 0.78390235145328013289 0.39472826240897462835 -0.86810965319605015722 0.30095718779163621592 0.67734995980284629091 0.49626117866744701157 0.54306709944777598054
3.1217723399609917934 1.6618527559844926689 -6.1504842067635658864 0.89309873293259389726 0.0095190883570729807606 0.44975998064643346597 0.32804718827435452866 -0.69790748745068265091 -0.6366397578109441735 0.30783062794250626304 0.71612465808486314156 -0.62642300291680708124
-5.3333625272119835614 -2.0975817586446550145 -6.5786404321873428458 0.85579458183814327565 -0.001098477142914169695 -0.51731463061133664549 0.34574656252874763629 -0.74263326058236445171 0.57354612262365001207 -0.3848050781839376655 -0.66969741945520944171 -0.63516172600294007466
6.7746020232330463884 -2.4991849650351203316 5.5488878739801243967 -0.96466806609719946142 -0.0082202445979618794791 -0.26333998904668382002 -0.029852363738135278409 -0.9896662669640815535 0.14024805315060184796 -0.26177157720347110637 0.14315413934650331185 0.9544540501021113732
-2.2821125352316600221 4.8628904610940457687 -2.6721124228027788305 0.72664045543318966924 0.011967299040697813861 -0.68691370075253466165 -0.26276657010211107446 -0.91898485965805376541 -0.29397373582708502537 -0.63478136248996330782 0.39411116638964638348 -0.66462697083579758139
3.6578991782044170122 5.4315173010416408772 -4.6194626885407297223 0.43306091640250538033 0.00082470548847682410669 0.90136427849425337921 0.5150941441626345485 0.82040291828714273503 -0.2482278677250148724 -0.73968659940124670271 0.571785249483376945 0.35485963864490460695
6.9298088697479345299 7.0205471518618702831 -5.3871375999028794368 0.99987567961349210766 -0.01158680716511300765 0.010694447959241751289 0.014754912074220478957 0.9267210708073002623 -0.37546018363004146634 -0.0055603855185930271821 0.37557130191420406984 0.9267768228064983127
5.1467872856098066947 -6.3196332409554338838 -5.965529627707764071 0.98937232835577892942 0.0046482215122590087725 0.14532993470242558387 -0.13619906448687968403 -0.32034864408482865983 0.93745749827177504709 0.050913757637152376456 -0.94728830894809512575 -0.31631100046233817658
-1.4441386997248402135 -2.2358841774455684437 -6.7167220348662297624 0.99955190104701419074 -0.0024683764873332410261 -0.029831262641372729982 0.020123510754166261394 -0.68236198363464328764 0.73073741357971466748 -0.022159454600346632086 -0.73101028064435802367 -0.68200654554347983627
-2.1247654107332119011 -0.56581043280716480925 -4.2112080039706656365 -0.99125261280440579714 0.0033522051311944940991 -0.13193566738779188841 -0.10767261987113040111 0.55755589930592663883 0.82312698053165322953 0.076320800168734215241 0.83013262908396789896 -0.55231780126273888332
-2.0008379143808685541 -3.6027164415494703498 -1.2412179845637603126 0.79491524904585286748 -0.0019725127114777834224 -0.60671727849792111975 0.12092332819122371401 -0.97941694699655512668 0.16161680802157549208 -0.59454797580472162899 -0.20183793778555542131 -0.77831494353950536613
1.7635366463724324593 6.9459961810878514399 -5.0825317141810666399 0.78651137699346851395 -0.0023180729942076441774 0.6175714374851504207 0.089629349811186850849 0.98983394007226788158 -0.11043256192604988808 -0.61103717850251271226 0.14220899274919221456 0.77872342257640791985
-6.6756715787212401736 1.3607198679363143867 -3.2459770829806626757 0.97577881385400988545 0.0029101253225177949741 -0.21874011430052658911 -0.21363261867660152116 -0.20253186559081395868 -0.95568925266394089135 -0.047083018923515691789 0.9792713488052318116 -0.19700460588055329625
3.4266092087703139413 -4.5730811490332730074 -5.1478247038850435402 -0.98577384593358430287 0.014436061878898462721 0.16745603838246586603 0.07260488602125396429 0.93512766307891759254 0.34679213409555825764 -0.15158646113414511736 0.35401674234717267487 -0.92287252149941900736
-2.7852278300042541126 -6.7006502453523513196 -6.3416371678552474478 0.9466384372666060143 -0.011187738593354040403 0.32210324989770522386 0.30591484660029893972 0.34576645219120077934 -0.88705223474635663816 -0.10144838943532857867 0.93825390755615079019 0.33073830929706343751
2.1957794694867587282 -0.010920085855491238128 -5.6516095247062700935 -0.40499983463091648872 -0.00062748245532991543498 -0.91431654267806150571 -0.77641575396807116505 0.52834601606652398242 0.34355358286138393265 0.48285992890190632121 0.84902891209450059851 -0.21446723639851736354
-3.4995336479771586013 3.5525282128350261779 0.90440955810848777663 0.99896444633074166219 0.0045392345852689431826 -0.045270634151168838433 -0.0411374652696984075 0.51516171665229693044 -0.85610520068916429182 0.019435635267643140006 0.85708097694748641704 0.51481497165147294126
-7.1192916847931897451 -2.0898114367803857228 1.7079818456827122741 -0.65150594271860051698 -0.0050075206472553861203 0.75862700409305960925 0.3953434486305101303 -0.85570651575150658008 0.33387110765291666548 0.64749020396238121666 0.51743722676033854224 0.55947757071690829012
5.5602704121980242036 -0.66620978125696106442 -7.4010939763634810973 0.91608963626082540177 -0.0081951560270559133808 0.40088978255029389386 -0.37999371804972298383 0.30141822619272490291 0.8745009017500303683 -0.12800215849066587381 -0.95345681199331866473 0.27301200538652292682
3.7844895911490374907 -6.9469879701190819787 -3.4731081508777474909 -0.99996280166787032684 0.0037134557278410613469 0.007784955188618804256 0.0078975653014650946948 0.031341052246038433871 0.99947754697467405816 0.0034675269343457347515 0.99950185026876159355 -0.031369213670264510518
3.6103057917926775211 0.82498011659364944848 5.473523956767616383 -0.80927858125713425519 0.00064815772732017273849 -0.58742468267002445614 0.459435089655279294 0.62382966050864752106 -0.63226256655214330138 0.36604313449624975574 -0.78156006458956350791 -0.5051497690061481638
6.7963165070507232102 2.9660859021876406771 -4.3311246622146457597 -0.98032553009491607554 -0.004062737126716582832 0.1973457605602194076 0.19483545418825368167 0.14033601383398203177 0.97074453334146904027 -0.031638597240230902086 0.99009560012567709997 -0.13678341191992543502
4.0431815214202471154 0.53929434620075589191 4.3077945564919177812 0.98720836295450831166 0.012015623246064418422 0.15898198926492640437 -0.11111894852112756682 -0.66322464606394715414 0.74012542729793229235 0.11433384184999638433 -0.74832392294478344841 -0.65340575369102871228
4.9503561112636624841 -5.7174874245278841656 -7.5129846111685498755 -0.52239243563654458313 0.0016811283279576476335 -0.85270353405938437152 -0.72470240752361558823 0.52608987582154564944 0.44501220554901183002 0.44934681897091088842 0.8504273139813753879 -0.27360705384751432545
-2.3730370002909002558 5.1199092268784793802 -5.086947018088870287 0.99299052258196474074 0.003312951818353224772 -0.11814756202563560239 0.11806777297912948721 0.018382370877836909373 0.99283537881397354585 0.005461048077044295887 -0.99982554117769317781 0.017862367221080824309
1.9381685685399425711 7.172578711504514537 -6.4365823729699291889 -0.98973202308023355833 0.0032993740111469504334 -0.1428972939585082258 0.014062571405084923343 -0.9926356795234207997 -0.12031895869910422259 -0.14224192973599961154 -0.12109302980810465744 0.98239692159374603087
4.3364997723738412105 -2.7385940415011216231 6.9738964577145488022 0.95158766173829667512 0.0079343084381451704779 0.30727507021746108817 0.26869785099519133409 -0.50694412704655100743 -0.81902937488431803992 0.14927286055430749601 0.86194239877306511044 -0.48453370811470658497
-2.4007331190552485545 -4.3354517304107513809 5.4939017943646364373 -0.16569760736559527303 0.0028687384334569994773 0.98617243586160474589 -0.78898005040580110325 -0.60033067241836457484 -0.13081882057067073521 0.59165427656281266433 -0.79974674372174336945 0.10173673344175702959
-4.1693830535394313941 4.2162537387379988019 -4.2385316953903817705 0.87044907693881201638 -0.0061509688456629863992 -0.49222004229670346387 -0.33562982009577102538 0.7240505290742539346 -0.60258066282435507333 0.36009863692993093753 0.68971950598025022483 0.62818466612266932181
-1.8093254145390280652 -1.9480452572815432077 0.034446484331230216303 0.79207356786988136754 0.0035743796535714668361 -0.6104151758367964975 0.49875480719817949504 -0.58033130977807645401 0.64378506754046238569 -0.35194190625510762827 -0.81437263872341969506 -0.46144783011747264601
6.2507956790184939777 4.0169373679906232866 -4.333565548639308318 -0.97425476530197874236 0.0031366022487338170166 -0.22542806837776940831 -0.20202068634800685043 0.43170781147515091547 0.87909954373707943631 0.10007644365022688726 0.90200805275646755987 -0.41995973400864644587
1.8508032779341838658 1.6576800080098275103 2.4254327833139850412 -0.90860576618799193671 -0.0064924726982060311856 -0.41760436952724677706 -0.11216621682711896968 0.96693926888672165898 0.22901351507596051649 0.40231119976040136121 0.2549241025933418614 -0.87929483136453356895
-0.79921731205467971826 -7.4428853062067288349 -3.578428556202368771 -0.93972001120225878701 -0.00050036040814648713448 -0.34194451331406233718 -0.19255199560881949838 0.82715654648031100571 0.52795433192842788905 0.28257747527571885904 0.56197134914008539663 -0.77739190451951034611
2.0782478386995046904 -6.8911784639485551551 -1.4226394783246889553 0.99000503115353699624 -0.0013241208790965653189 0.14102583094824661103 -0.10280949720238653777 0.67772932704732613551 0.72808870788169355315 -0.096541418964802325209 -0.73531027870132148472 0.67081931133534622447
-0.37977138360492757041 -6.6769213576003449973 -2.3034777858499468906 -0.99999473758054790995 0.0032329238554362491401 0.0002702122920353166452 0.00079658141882228347685 0.32542708905748390924 -0.94556680100654311172 -0.0031448798675513213105 -0.94556160979124936894 -0.32542795181066341836
-6.5208131340869872616 0.84328138837624422308 -0.53835028671421492064 0.99405377848281062381 0.0018529761935574657304 0.10887447801594007935 -0.10863267410551312453 -0.051854726449203032701 0.9927285779413675959 0.0074851586964229093607 -0.99865291959922264375 -0.051345093000041037989
5.495916911240589009 -6.7810211637560584563 -6.9108971546764497162 -0.95971547236425425176 0.00052919905283020066307 -0.28097318742716825835 0.054667288304214592398 -0.98053645116199150689 -0.18857294485704648168 -0.27560424469534849923 -0.19633641509140981052 0.94100707352013701623
-2.2548032065104477439 2.6515683768558839795 -5.7387621228777172533 0.93323807734888675203 -0.0035351760633807157233 -0.35924113561270559769 -0.32186162435263965254 0.43599623056194986015 -0.84042392975502144825 0.15959882754954329842 0.89994154780523905046 0.40575044643089142049
5.1054138920248970379 -0.36882363508293874999 2.7496171319792255261 0.69227099225817545491 0.0021412539159400886118 0.72163445615458887694 -0.24215561684198144698 -0.94132397296181746782 0.23509537460199056436 0.67979521218505922775 -0.3374975451155525219 -0.6511327641358274354
4.5281213090775089825 6.0805458167133021874 -5.1214335128687951126 0.94549808581577987621 0.0069617978454636015098 0.32555322620037657755 0.30961981796629550745 0.29039095417712912361 -0.90543285894355485244 -0.10084115251838650373 0.95688276560032892171 0.27240858073103596526
-6.7131592106436785983 6.9044775961145585796 3.1759895464842329282 0.95444226508629170791 0.002098029335180729045 -0.29838827203805057264 -0.22249844491920631184 0.6713261896341461421 -0.70697637097701582221 0.19883260453321038863 0.74115905538835680222 0.64120889731062113981
-4.5799359321258066302 -4.4837909264690347655 5.5720417273785702861 0.92334683539801032381 0.0074667063741344127242 -0.38389434725765403389 0.10569272670106016898 0.95624399843343588223 0.27281213862734660092 0.36913367373207661704 -0.29247506518656146701 0.88215569326580201004
0.20191232949474580138 -1.721024257944524738 -1.8667716068886650582 0.72962085606955251471 -0.018305265083264545684 -0.68360684875046240361 -0.59169971313512725875 0.48427031247297380734 -0.64449492933088792235 0.34284815277932562116 0.87472691837374261237 0.34250249985702307942
-6.8908895676917838458 5.0326407009180771368 2.1495108414115531303 -0.98710932589503219692 -0.0025883903592881694032 0.16002649457617662554 -0.14547553051671346935 -0.40233419213288668104 -0.90386064626226825247 0.066723674598124602109 -0.91548921243028735795 0.39677128572007958063
1.8997939830888117552 -1.8511518365705856848 1.4915591868157380695 0.90039195310714414955 -0.0031126818818417445467 0.435068548611820205 -0.3989720271634577542 -0.40476313940678193548 0.82279287947732426822 0.17353861910488108111 -0.91441626854995650131 -0.36568734663664970164
-2.4463795534161927314 -3.2578799516792944502 5.6092791611974766042 0.96773785331447814695 -0.0079655954458812752716 0.25183327133530147846 -0.0082961799543623711284 -0.99996555460914426927 0.00025098475506356038994 0.25182259759681585587 -0.0023321415856631740222 -0.96777060321916907881
-2.1333168910492754655 5.1160546796588439733 -0.12720709378244232646 -0.99654803684992798729 0.0096615242419686164776 -0.082454018700878206616 -0.0043363502469675359319 -0.99790700184218461555 -0.064519855400984371663 -0.082904802738654734262 -0.063939585733283371694 0.99450415939758740613
-5.2811875238159311508 -2.6935849191081966403 6.4795587088512194285 -0.84358974441818190826 0.0047682282377575387067 -0.5369670447167298466 0.52911881330882803987 0.17794573645289613051 -0.82967981551967762144 0.091594893498425436484 -0.98402874900982195694 -0.15263615760136858834
-0.59130366308081194759 -4.9188210396073319686 6.5794884862845970375 0.92551220070278350516 0.00074499994810555032754 0.37871705972331565215 -0.22882431130965161237 0.79792515631933591536 0.55763328403744349959 -0.30177243231286698943 -0.60275607826702681802 0.73865994152124014871
-5.8691482781856141315 -6.335087542902257951 6.3359109608389641011 -0.95501369348700460016 0.0020129112636438316331 -0.29655487424839277466 0.099050229540876860712 0.94471801898745455528 -0.31256505983276355876 0.27953156759142971932 -0.32787774061160629424 -0.90241802393967462947
2.8630399705839275626 5.4709865597953166727 2.3179221580978057737 0.99671666158375693545 -0.0038887017282738280122 0.080875054992891520778 0.0068624170410901972131 0.99930921852130072391 -0.036523869055867547173 -0.080677157570062441039 0.036958947189110219478 0.99605483406753392295
-4.2615569708007949856 -3.4631397028865511523 5.6424292535591193953 -0.0016506124994654335081 -0.0015153996241014874597 0.99999748951811817665 0.5652375749397683391 0.82492528026206268787 0.0021830851465667946987 -0.82492651754846080259 0.56523975934867110027 -0.00050507117014384947905
-1.7530427632036886809 -0.92069560607692024767 0.60364075730074517878 -0.97690279310760663734 -0.0061778324728268708271 0.21359486698970081564 0.10816352365788660383 0.84776869291191747635 0.51921950605525024613 -0.18428669232561048497 0.53033015915025205622 -0.82751938788614376463
-2.0334148347251264077 -6.9588289130709934938 -1.4632570384559338006 0.98491476615859097077 0.0072725803628951139757 0.17288728402550224139 -0.063593860283939540601 -0.91398535869221197991 0.40073256048191063794 0.16093080605356210877 -0.40568198588427967222 -0.8997351843691863138
-2.5905127690037428323 -3.5026040811027634447 -6.0523056720093313388 0.99998308608984509682 -0.0011568541853780381357 0.00569993180318727026 0.0026034228055026378823 0.96538824630710728947 -0.26080405687367946843 -0.0052009349028218423983 0.26081448498981107953 0.96537492959767634559
-2.5272947121868076792 -0.34389403260062745282 -2.9083196082145605921 -0.92178032899217199336 -0.0090300894297861769577 -0.38760738198339711458 -0.36196875370336495381 -0.33817428109580560669 0.86868681177269224669 -0.13892316734636719899 0.94104017612965829009 0.30845378986843791091
4.3500217637396341175 3.4221476484293917864 -2.9545272232149817349 -0.72527531644797382793 -0.0044128883863850942859 -0.68844479936112412677 -0.18457671349045787212 0.9646173148238863515 0.18826808752146811932 0.66325496770733549656 0.26361707523987232271 -0.70042764469543150607
3.1222501350947338139 -7.1498433274778712132 -0.0012217615742656940531 -0.98181870744179922106 0.010371293571443545439 -0.18953749493712201968 0.12416184447948803993 -0.7201902375010930113 -0.68257589921087313822 -0.14358224852961598561 -0.69369911206350476363 0.70580852915604974651
6.5902518914636880609 6.0249731708092264526 -5.9730717433444775466 0.96367958784533147565 -0.0036863443620920449684 0.26703569580733016453 0.0018228922775982807358 -0.99979063913572752131 -0.02038025908161333194 0.26705491763642452696 0.02012681697969493505 -0.96347111124541717775
3.5196262768075627925 -3.6686983500932286439 -4.4025809156078050677 -0.99999877632304201569 0.0015237512540794608679 -0.00035430855360703370632 -0.0015581594504666968631 -0.94991578906140716754 0.31250210532236244454 0.00013961218559765779801 0.3125022749900666641 0.94991700091875386214
5.1936847958164111816 1.5574327619551013857 2.7909033090096255769 0.98891800731532442104 0.0023366985698479452067 0.14844431497117566154 -0.14785019063058696398 0.10623303416533930177 0.98328778268758987302 -0.013472042828471617743 -0.99433851493940594857 0.10540124178681686828
-5.4748541697990580346 3.1952345482970341273 -3.4103060699421234858 -0.50346799328454705513 0.0062254219210462081319 0.86399144895065793648 0.69666729190363685387 -0.58854611063242356916 0.41020502197194552707 0.51105250623550380062 0.80843968221580131406 0.2919770814448870988
7.2088993134156442721 6.38533385473531645 -6.9314441613063504377 -0.99231764610323536235 0.001791994112728196014 -0.12370318504128639814 -0.060986605161915626028 0.86287758345424969697 0.50171995172912475791 0.10763978457373774011 0.5054097988061863056 -0.85613936485114106034
-5.292387264231122046 -7.4585614204953714079 5.5113835833237940776 0.83803652363795289038 -0.0015367669693886103557 -0.54561197145603668179 -0.047997369005387757745 -0.99632686582176133161 -0.070915647146924887245 -0.54349888465152096373 0.085617841534237126844 -0.83503206381174954753
-1.8500443841452578475 2.5876855886149878749 2.7847075934288971766 0.86629021271363082501 0.0081092599396613146423 -0.49947523187824560686 0.23535942117345329261 -0.88856190907022614134 0.39378125477757808248 -0.44062139101671499164 -0.45868504842934604282 -0.77166107594329680364
4.4077014868683450644 -4.8264166476977603537 -1.9674672463434972336 -0.98489081415092838423 0.0040187890811603631941 0.1731298170032732342 0.070470012276487956071 -0.90391452344667999608 0.42186788414368769917 0.15818995407740046866 0.42769426420798173361 0.88997390680429244725
3.4547568979223335361 -6.0832082111292713478 7.2094977965842614864 0.73319789553412584304 0.0041559690568816016684 0.68000262786664289472 -0.61296520033415380357 -0.42894197550024842913 0.66353782471935307541 0.2944393132100772692 -0.90332248370944023819 -0.31195188933752326932
-3.7828292286663578459 1.6284717862310094105 0.25261838878714393264 0.85362792119215646913 0.0094532232436827200173 0.5207974738141404325 0.32581440757388102636 -0.7897830176013886927 -0.51969967955123186343 0.40640416333765938539 0.61331347749638276401 -0.67726083183886010008
6.6116492031435658561 -2.1401668245562226467 -4.5863201709467080747 -0.97671359298816740058 -0.00031796020615627526313 -0.21454709546731437486 -0.16022705101271508821 -0.66395070255429566863 0.73040862310177745442 -0.14268093564292125275 0.74777627902939947102 0.64843873043262811873
-3.4034380355629938464 7.3863349677868228582 -7.1468106874209738066 -0.99996502529620656663 0.0016322891127319612281 0.008202671307446403326 -0.0069448449291894705226 0.38443253490830969765 -0.92312696593315968219 -0.0046601838199085351966 -0.92315164612115763187 -0.38440775349946804118
-5.857807897698166677 3.1197513795250859658 -5.7071600548723191437 -0.7818958631135335402 -0.0010570914351631524944 0.62340816629535267257 -0.54153806398474046979 0.49653849572514491273 -0.67837014049758570522 -0.30882905384967490603 -0.86801405796261688064 -0.3888138509333545767
6.6962599238530966517 -6.7797858178805014973 -3.9188198938712419661 -0.9540297524407976848 -0.0027006074485410752097 0.29969974670867011168 -0.29937695174017980859 -0.038676230111436268877 -0.95335071720283381946 0.014165882415976428083 -0.99924814532917527465 0.036089774612705197154
7.1586677787775672144 -7.0228720465753236013 7.1403833780761756245 0.96529760710570111648 -0.0071661926232890835881 -0.26105397028069382559 -0.13956603230367106705 -0.85905436458053696658 -0.49249052917012137165 -0.22073027056354149744 0.51183419617928527234 -0.83024327957438437409
-0.70711047450994235497 -0.063561051438590712714 4.5405531404217986946 0.99338898348549065087 -0.0078375382775296847937 0.1145290377305947932 -0.019844864336290544277 0.9709222661583726266 0.23857102598067037036 -0.11306860240234928305 -0.23926664220435220343 0.96434794813856283824
1.3687540445247941001 0.89455165884495935202 6.5693338086132300191 -0.2369056692277089482 0.006487563883446168661 -0.97151099602760471186 0.86252997434838929447 -0.45880820508874720076 -0.21339417586662828841 -0.44712162465968025016 -0.88851164452581088415 0.10309854656375229409
-5.4869272720949737732 4.3840228887504011368 4.9860012023491799837 -0.99967474003139422667 0.01504531577552555531 0.020592537879463284484 -0.024716054190690193992 -0.37248164935076166771 -0.92771037374932330266 -0.0062873530476254251703 -0.92791759298446863102 0.37273235682123012635
-6.378505594507523746 4.0838925665872976012 -1.1094297865543891746 0.98694197584556009328 -0.00037758985577582369203 0.16107573914162778839 -0.16068415547160755374 0.067417517758400463679 0.98470070604202941666 -0.011231139501596662869 -0.99772477954856064741 0.066476505475970421033
5.8466480683295989351 -2.7799062145221995479 -3.7094638424985344471 0.98943990781627078057 0.0027434120548748110527 -0.14491770944568099777 -0.14140631373400328052 0.2378092677976083591 -0.96096358234112411179 0.03182645529811072016 0.97130799741382289891 0.23568591579325715024
