1125 14.717824617146108679 14.977075390850430381 15.033177056927090831
-4.7091728830558947649 -6.8870109850707663668 1.8557392328956787697 0.9487525607858030563 0.010215318117904909068 0.31585475408493779437 0.27074968437225827023 -0.54173942880493963781 -0.79574681883780751246 0.16298216716756402933 0.84048440708545979483 -0.51674246451353733622
0.35573406391157841311 5.9772868795264706421 -2.9802645841008876815 -0.9953383174125862709 0.0054762574458252439094 -0.096289378929580907163 0.033991934439676442514 0.95424037429451402659 -0.29710243428705829238 0.090256203572421922487 -0.29899049929826604366 -0.94997815714160716016
0.91310490292142054702 -6.8736851929824434038 -7.4694749175241579309 0.9784372987627030227 0.0031303547894415422077 -0.20652034589532239361 0.1644556506390922046 -0.61673777883679237188 0.76979792876332076013 -0.12495915877884741785 -0.78716244386678080325 -0.60395405090369502776
-0.38100756841477428916 1.5198074736341657953 6.5421815327881631674 0.89823520531786782417 -0.0067194802344402336167 0.43946372377360143346 -0.027312653353235228498 -0.99880400563223259436 0.040553388264957780651 0.43866562994425517541 -0.048429401383356440736 -0.89734444790573419937
-2.3144765162194875785 0.032976003081365584668 -0.78875051392427275587 0.94632575083801406812 -0.0036188665269894461016 0.32319417863877308861 0.27783046785665177492 0.52006755513978375483 -0.80767565843075550536 -0.16515993591512831418 0.85411746375782171548 0.49315875098438366475
1.9077074995653104938 6.0060007235160757233 -4.5211308798629952221 0.97184924324147092811 -0.0014173714233882274242 0.23559931975559728068 0.21887916376906496607 0.37546796715985203408 -0.90061962964652608754 -0.087183485126450091518 0.92683428761303066068 0.36520849281761980087
-0.67848825472414175941 -1.972305091139087585 1.2319978308304828651 0.64175746995803362172 0.017137401328696993258 0.76671615297239359421 -0.76676913189779416502 -0.0046627410653638234894 0.64190603456777917124 0.01457560022167508039 -0.99984227172168083086 0.010148081430590573382
-3.7705145877804415733 -5.0209365660154121613 -5.7498551048098187621 -0.99504862110556679955 -0.0056599835756512648782 0.099228051588039115072 0.091753674347646141385 -0.43607037134007264889 0.89522281834361294717 0.038203466854979946377 0.89989476930647305242 0.43443054599670827276
-6.1093683572494654754 7.4290253841335580631 0.6918073831767859172 0.99287717378367468246 0.0054782322144475235209 -0.11901641378890892575 -0.11764825438303225247 0.20278952384383369667 -0.97212925954312556787 0.018809732055641792403 0.97920702509274770708 0.20198959376412656264
5.1105426883648714664 3.9021500752875444284 -0.80821148964126621195 -0.97583633959722337892 0.0070918785404195895314 0.21838759941946500609 0.043559329142707131632 0.98572533209441359769 0.16262888584753787402 -0.21411684465751593121 0.16821199400203412644 -0.96221551739089383748
-5.6522217918920549806 -6.5345584705596992947 -2.2204748392825646164 -0.99251097159601853193 0.0012653151819462028251 -0.12214896740883418591 0.086925633649101066713 0.70986478020855803273 -0.69895345197961111783 0.085824853488126282008 -0.70433684611626456995 -0.70465857103053908261
6.1913531603448834773 7.0529176320365083441 1.776709716465863842 0.78320453818150626013 0.0042896936429928367307 -0.62174934652178792671 0.25857377702596734403 -0.91164905989867528469 0.31943010725399229033 -0.56544694994877275906 -0.41094718652666717418 -0.71511688322905919701
0.73702813651732734801 5.0885112762717970014 1.5073154370220771536 0.8447471787276585875 0.0016605326306058133812 -0.53516300943083561226 0.066252849155202103715 -0.99262705594931999187 0.10149920086580130341 -0.53104873976927413626 -0.12119723771175086591 -0.83862892005976963361
-0.63453825579378231314 4.4970436735297178998 -6.1352856695675521692 0.99126999683189209733 -0.0069258169313923248142 0.13166558563603339427 0.033596216827454054854 -0.95238775939258835113 -0.30303275396259371499 0.12749544147115110526 0.30481074262423629717 -0.94384072998840118363
-3.1357930614134872371 -0.61472225363732668768 -6.9521289895965532324 0.9917298966078792466 -0.0059778867605439524324 -0.128203264560413005 0.12318781687002453018 0.32459404104926653511 0.93779713706646006255 0.036007970629553950892 -0.94583453805893114019 0.32264601758884703386
2.3707439210517962103 4.7938760215722506786 6.8394912429731791192 0.62159563770468917454 -0.0093004124961739501054 0.78328306857347951286 -0.038953458108823210693 0.99832543270297258164 0.042766324599030854092 -0.78236915282221641821 -0.057094945010469147495 0.62019245074919648886
-0.99285447411502514292 -0.27748678920143599047 -6.5884750015818500657 0.15374109712867572997 0.0036511250042986016957 -0.98810441975525920011 -0.13431683815948999849 0.99078850061345558053 -0.017237576365856058236 0.97893955995278680859 0.13536918533529410102 0.15281531867309916528
-2.5611198144397402388 -4.1476172431192734891 -6.6293898360530167935 -0.83732451197077117921 0.0045335460449410277389 -0.54668739569624558161 -0.2730308487863400968 0.86286800607581504163 0.42533864120480252557 0.4736473553858060459 0.50540899383681081591 -0.72126273415798514144
0.7223689701958240228 -5.1057843908794691146 -3.7663019870606020412 -0.95694489835924234633 -0.010528904336483220147 -0.29007861637419868339 -0.27330227208995427901 -0.30398008307924256899 0.91263463508770814592 -0.097787164671923484938 0.95262020305299011103 0.28801461622774093829
-4.4395821112004858477 -7.4581817058180917002 -1.4276065457958764249 0.76657349785289485844 -0.013162272693015779346 -0.64202167172690427499 0.54894020253322461933 -0.50535344390316272456 0.66579467614111187412 -0.33321123395276169843 -0.86281206025000367621 -0.38016525650707766459
3.0233792066615796656 -4.9628300995541421159 5.7933671037141536431 -0.92728433943972932152 -0.002503949974048264894 -0.37434941440366154009 0.31381810465752935091 0.5400225267761468162 -0.78095702043292514194 0.20411259397449144082 -0.84164683853075417108 -0.49996864718916750325
7.2925444480508847533 6.6712670719226245808 -4.0250746758853122031 -0.9816939343902895132 0.0059689093176410676356 -0.19037171875712807778 0.11332657976917671905 -0.78502686029883828045 -0.6090073192722881279 -0.1530820221281199156 -0.61943296710052364595 0.76997967101098263587
-1.6128249896371704697 -3.4255595635289517453 -4.4907161726560014259 0.94833669516185825632 -0.010247395250099728542 -0.31710014743005593418 0.29372249191698401871 -0.34947504842797622038 0.88971584692440430775 -0.11993585932336417454 -0.93688963139575265338 -0.32841012199915897707
-4.2266327701179058351 5.2679140361940861581 -5.0776026869065642444 -0.84215447983527425002 -0.010120866013558072263 -0.53914135453013745103 -0.2744002193687939406 0.86873613657045145597 0.41231304202873825249 0.46419861234585091392 0.49517178139288114957 -0.7343871970619103573
3.6710227344717671905 -3.5448187938602173652 0.60073645323898461346 -0.99548880408962459043 0.0065450717368296957438 0.09465306634300106603 0.0033251956921968610012 -0.99459822755098348246 0.1037463677727401834 0.094820799436503927504 0.10359308755126715729 0.99008963645009795407
1.2120344235052122883 1.594839757851877593 5.5293550582219994638 -0.95846559839021727711 -0.0035199259255526914834 0.28518644221600625288 0.28123762594437923257 -0.17793237933387040517 0.94299812626419121653 0.047424618664883406993 0.98403642133104662904 0.1715320000420596791
-1.5896144129748710494 -4.5558350993118397199 0.43457476821869417405 0.88031867904061766872 -0.0090615748653850233807 -0.47429622726025255641 0.29748895270717545802 -0.76824543650758814195 0.56683266693315881302 -0.36951230879297541909 -0.64009127251217923238 -0.67360508942869223858
3.8401499322837464589 -5.5472433347443317331 -6.4982053808272111084 -0.96402064446395918651 -0.0057417064214283514839 -0.26576536616823376313 0.21660284560417583655 -0.59653800205373264109 -0.77280373923905587574 -0.15410192835700703418 -0.80256429332056056225 0.57631861913667981057
6.9489438691423695005 3.9814349109889137779 7.0285042595484155115 0.99982046198701757245 0.0088134961345075844147 -0.016773970254606623137 0.00014428021696345468342 0.88167560623696306088 0.47185602099563672684 0.01894790161032629261 -0.47177372505531633973 0.88151604033734476396
-6.4502914632783063809 7.3385401726584751358 -0.97610747876660364231 -0.80080114559876136582 0.0018716271580282101486 0.59892739311157972004 0.38854756864914519188 0.76263338594139995497 0.51712774586580034786 -0.45579415540848888799 0.64682827370121753763 -0.61144490531543727041
-1.8503726524156707267 -7.3478015343146552141 -2.5692998744681005974 0.74911723816066266846 -0.0034746020593921919314 -0.66242832867486312054 0.034126293152263120767 0.99886083899193756075 0.033352967544244584153 0.6615578278625077191 -0.0475915062679475101 0.7483824483009182682
-2.4081589435362720231 -7.0777747911717421303 -0.2937822405630076128 0.89242676309546087321 -0.0087291580826480783678 -0.45110783002550497445 0.13824534208793015644 -0.94643446587088986277 0.29180477583949854248 -0.42949120817785590987 -0.32277794783861069039 -0.84341668141381520574
-5.2518316300716643141 -7.1384299663769361644 6.6413968660363087437 0.95595716271092046057 -0.0049680547685390895329 0.29346417412282022052 -0.21320671330290652534 0.67540590978566306113 0.70595308231437492452 -0.20171465108994870996 -0.73742943761315893347 0.64459989456817512465
5.2593309108748114156 -0.90585621719201026014 -1.0662303658407172868 0.98410365975170099873 0.0017880680247656273452 0.17758600641991151292 0.170003601610111299 -0.29871733853313986451 -0.9390775937585408295 0.051368884580364232439 0.95433995749548727883 -0.2942728040858817451
5.4652739725323531417 -1.4591999526955030664 -1.9395829920492193565 0.98963784448830316443 0.0013558058271740725843 -0.1435795895912787834 -0.045157382373154503208 -0.94627724734506568627 -0.32018772926872435258 -0.13630021120245164323 0.32335357265324748965 -0.93641055070873835398
-3.6401933781031967641 6.2906557721221227908 -4.4924619384429718139 -0.95052112435661995082 -0.0043659879289612377878 -0.31062924894640742135 0.24948428117643048352 -0.6065424793665823433 -0.75489324686981207346 -0.18511398001623677323 -0.79503909266974814862 0.57762068481772765871
-1.665992420793132256 -5.9708769165291002423 -4.7362469923112531234 0.99163083872385082707 -0.0040680893224892700905 -0.12904158376706773015 -0.095667591228296516848 -0.69432263864550614052 -0.71327679441625557732 -0.086694819224783670197 0.71965236337658200494 -0.68890092481140041691
3.3977442080819262316 -6.9444479237903529167 -5.2157918359198163216 -0.9995007869825194291 -0.004551133547308934893 -0.031264420747802612599 0.010402904329739223049 0.88698023734939324125 -0.46169019713780945491 0.029832137080133450113 -0.4617849561593627139 -0.88649010026177255117
-6.1138003961014293353 -7.4351935495388312702 -3.5370502147218747524 -0.99284516711616355167 -0.0076490486305018975249 0.11916361101087136198 -0.11856540950415858648 -0.055253150671154258045 -0.99140775315212115171 0.014167491070213051457 -0.99844307869594683957 0.053950911028687834059
7.0949131014553943331 -0.98382515617681232101 -2.8754621667543611707 -0.97184821855166025895 0.0034901525311641329145 0.23558195799641068469 -0.041941708516031579734 0.98135704428146142142 -0.18756130924551039918 -0.23184463156365647807 -0.19216183407340273193 -0.95358371228790184126
-2.4553495015240658361 0.29697705915329786208 -6.4036903418702415536 -0.93720100140448825421 -0.0044791159266671497913 -0.34876097902004299378 0.34731438243954221301 -0.10385717152894526072 -0.9319798322241241717 -0.032046883110863857991 -0.99458213609659218424 0.098890706541908610094
5.4608674886356327605 -6.2021120371147997474 -2.9831474034524512184 0.77891018569490710899 -0.0043408032653301995007 -0.62712046693416001464 -0.58940091221390322751 -0.34670049141798359171 -0.72966110896217428738 -0.21425565874000707112 0.93796584515513525826 -0.27260701755519556322
5.0985161409815669131 -1.987070748266671627 -0.8109383685065586489 -0.97132464971867504833 0.0089956862060139516912 -0.23758683145038916873 -0.18274052501793033865 0.61102274415272295194 0.77023185252504888787 0.15209972177860534015 0.79156192667268243657 -0.59185757651416137648
-0.043259469913374620775 6.0919915138924309872 2.7699827258044069644 -0.53128390402317138275 0.0016301302094906093554 0.84719227805819119492 -0.50623719270099365453 -0.8024440913706466505 -0.31592306808866643664 0.67930944204544729814 -0.59672508150724035136 0.42715086216468667324
5.0374052607162376205 -5.6403725988304200811 3.3899909209678971145 0.79260484058152891329 -0.0060612814343380828214 -0.60970552527762866823 0.60795668751821718701 -0.068472823861353823705 0.79101209756504975434 -0.04654280598100085653 -0.99763456899797697819 -0.050586895057890296501
6.567720702130282362 -1.6232383512925390168 -5.6968628183596905501 0.89284487169914650284 0.0046649961720138860208 0.45034017463617959098 0.42000622619800331847 -0.36953762281268720535 -0.82887677931094183581 0.16255093058961217478 0.92920405893252999707 -0.33189909886559126884
0.10205704831798576016 -3.5979166356975023078 -0.39884373368946635097 -0.83749039139353198546 0.013215463201702972243 0.54629222569592805758 0.30948389961065198017 0.83539366950320204097 0.45424347307996720824 -0.4503660291420971129 0.54949319239309524221 -0.70372414432678143115
-2.1851850474893246279 6.2360477080207115108 -1.5838352829236943542 -0.77226835906186608316 0.006699952113350430942 0.63526112129862388755 0.6350597295722849589 0.035436355936058323846 0.77164979398264410548 -0.017341322538692499622 0.99934947606911428419 -0.031621246227168012255
-2.8367163512344180099 -2.1154627100137219919 1.3276443821564789527 0.89122593932684890383 -0.0077784460584507395323 -0.45349291157399840291 -0.0045942132774487755287 0.99964681869378446688 -0.026175008687910620436 0.45353634724827790459 0.025411289860399664808 0.89087543914530686884
-3.6320951936469429988 0.83627214229125712563 1.8368271443060222303 0.69727993227862206105 0.017269246746779366025 -0.71659086594678844673 0.71113434554384369335 -0.14209995427906232934 0.68854596475605567285 -0.089936859125971199691 -0.98970166015350780064 -0.11136420097985191835
3.3587224553815624439 -4.4678644873532959991 -7.223819622488183434 -0.52506614432035980666 -0.0030872337174897863249 -0.85105582253827471995 0.43143917707045104093 -0.86293978556742056973 -0.26304973479104720724 -0.73359783299653746891 -0.50529733372819940485 0.45443241956309715635
-3.9098373302786830763 -5.5806712186784883656 -6.7286350108692385419 -0.78819370344430372821 -0.0078641148850220714273 0.6153769914028514032 0.35381646271658556691 -0.823938876693946054 0.44264956589067572246 0.50355197999972300948 0.5666241110026225547 0.65220588794408307365
-4.8018638749678119737 -6.0227346237364587367 -4.7047018894098604491 -0.99971494877332323092 0.0013244216936132116764 -0.023838353685209194566 0.0034761938449652234756 -0.97974578861024452792 -0.20021514871985393591 -0.023620695916841009943 -0.20024094388450044968 0.97946190692476531314
-2.8550981657059359975 -2.0888338792056337923 3.382527830138866598 -0.99241927847157751508 0.0042768303989721310684 -0.12282379427265964489 -0.031192359091208599065 0.95790372646010979452 0.28539006214012269114 0.11887393512499509762 0.28705776344804767586 -0.95050872062917790561
-1.0238141134874345628 -1.2573345910241027212 -2.9019380030757377931 -0.94330296854098882875 0.0031862543132655752817 0.33191769661366193889 0.034767911157887555762 0.99540186275964515072 0.0892542658279172757 -0.33010710670260329236 0.095733898897979688436 -0.93907631143917913441
-0.63717248549300886662 -2.0296094681752752109 -2.0045978141747995416 -0.97638967283195998714 0.015220414571344820232 0.21547980361806270966 -0.21385760293345867922 0.072573235268709193613 -0.97416530999112072031 -0.030465266362727227989 -0.99724694258890322907 -0.067604756064513632507
-4.9238543483623047337 -6.5410643341936927087 3.1664627401001674833 0.96015535878175495288 0.00015569695584976943337 -0.27946674714735014744 -0.02277688545869924891 0.99671668381149958194 -0.077698556617821115666 0.2785370720235771369 0.080968067595497503208 0.95700641144059495069
-4.9666963779360546738 -7.0521689532604865391 -6.9950837340304659051 -0.98870015782175191266 -0.0025371449765540267374 0.14988515876718869202 0.046512101559285125296 -0.95570306096636647997 0.29063427820565174153 0.1425083237282547266 0.29432163045712850247 0.94502177515291729826
-3.1236585066980429026 2.7157699657906357871 7.1912666644529448234 0.67471532870107331359 -0.0042743080780423131637 -0.738065685089241863 -0.62575201228335231018 -0.53359948774300747232 -0.5689516726434411531 -0.3913995967539181664 0.84572650246462222068 -0.36270241064821312493
1.6872264836894690365 0.85706644982622082196 -1.423293705993014191 0.95804360748522532365 -0.0028487815923702625338 -0.28660832262869312403 0.0023286929540941416275 -0.99984023852115699871 0.017722150629380595266 -0.2866130201957165502 -0.017646015902888077809 -0.95788391508415704489
1.8156330130215703189 -2.5730821951555533644 -5.2838612395457493776 0.97429622422217232458 0.014821818399592149793 0.22478251970666357495 -0.0533638795371835159 0.9846173558740084486 0.16637595641302665994 -0.21885877598828382129 -0.174094733438241972 0.96009992186330905817
0.49947835817410840553 -0.23313987374229788729 4.8273677962848378087 -0.65928739992344198573 0.0012580944506352890327 0.75188997965159121151 -0.74826906596752940093 -0.09913381136386345549 -0.65594656212264712547 0.073712476679439406513 -0.99507331621486172502 0.066299065898053510804
-0.3809559910778851366 -4.0848140623397721782 6.0355401981958696211 0.96377265455851879317 0.00091680701038159007066 0.26672350813193146379 0.24903911019773650182 -0.36116780342415316651 -0.898630813717083754 0.095508072523818862698 0.93250038993812611743 -0.34831197344919223591
-1.7797017986136747236 5.0778407449071787383 -7.2034101233416443222 -0.99902193447124221226 0.001840189756812410371 -0.044179046471246055661 -0.04329861599627832236 0.16190212384310115334 0.98585644601428801259 0.0089668443867141033043 0.98680510537628884915 -0.16166409528702280207
1.13319659892595892 2.7403504934095024304 -7.3292283421374584407 0.98809594499236874654 0.00027775336248291211672 0.15383863735337721668 0.032055087915707256019 0.97767719639922023855 -0.20765300618989829262 -0.15046220398627921377 0.21011240442684245289 0.96602996986507327914
-4.8837496041583987605 -1.4941665983808074536 -6.2134942391829603991 0.99868945843303258414 0.0034812558453902507985 -0.051061203203402585893 -0.044274691427855304704 0.55923392253831483156 -0.82782677631352430403 0.025673280152954461308 0.82900259392858999252 0.55865515476545379858
5.2791191676578526071 -3.183581729157127338 5.3451154249193439938 -0.9342008148709862736 -0.00073420547176446249171 0.35674682680689190351 0.10589883872487491911 0.95435283874000453874 0.27927780997695711429 -0.34066739417086439046 0.29868063233348524088 -0.89147944811848989222
-2.4101626263962647734 5.6270935403597173163 -2.8234051996921420979 0.98531467244377368697 0.0014490365091450723573 0.17074219326298489818 0.15096694716306313655 -0.47458157075255030799 -0.8671685612188575476 0.079774539367715516236 0.88021033451967367611 -0.46783094155198767794
3.7672573052094389112 5.2881971868758679278 -2.8393524790038471295 0.79883180982533685821 -2.9409264295401342396e-05 -0.60155443539736952463 0.46449026594741293916 0.63547044043315847883 0.61678692607397633818 0.3822519227567577893 -0.77212519611171892553 0.50764766233868130474
6.2022252960047206116 -7.3763296147122767721 -5.5337029627485101457 0.98975461035257061848 -0.0074916112464072735083 -0.14258221153682079652 -0.13527509337566032133 0.27027596003302606364 -0.95323216193144777453 0.045677788891494416901 0.96275374898731003181 0.26649344909924621572
-6.9046262720936946167 -3.941228119225142823 -5.0012725458351168228 0.74163383547339434276 -0.0063237154873056426047 0.67077512230510760727 -0.071861488589977096098 0.99345216583289086554 0.088818470261781232167 -0.66694466077675262916 -0.11407368155911272456 0.7363233084976231746
0.2351726199124148653 -4.0062814235302743882 -6.2031186724653490927 0.65465158458527827889 0.0047424691234415920424 -0.75591587613077637631 0.15511687453935993353 -0.97954360464669776309 0.12819158251981896401 -0.73984461749284502474 -0.20117613074715348653 -0.64199540994043380326
-2.4035358553347578869 -1.4658755752268457506 -3.7666428791336028503 -0.99986617359241358738 0.00038220865418144857849 0.016355085511244316088 0.014739887798298299121 -0.41266207387710401866 0.91076492493455896149 0.0070972257417778990621 0.91088411266195501437 0.41260121508156183401
-2.3760694571726674873 -3.591684181066796544 -0.071495666124992668378 0.99010065416775860925 0.0099395607954861023986 -0.1400067846489523038 0.12698442446818283824 -0.48839011837109147507 0.86333657875704838958 -0.059796743715958874943 -0.87256879236458118054 -0.48481754509536151287
-1.2339452017596848066 -6.9120242687639503743 -5.0132796573436255727 0.98626989484546145892 0.0012924230884596710212 0.16513638049844653333 0.10735582783407222884 -0.76485677769139137627 -0.63519196771506158949 0.12548474310302801249 0.64419906803889892544 -0.75449396285614245272
-6.6696005501251880432 1.3348223479951906167 -2.0015867380213707705 0.99731153672272743194 -0.0019085315773662966856 0.073253370071900913985 -0.067294139193815188937 -0.41951793584206714671 0.9052492476310864955 0.029003405831510745139 -0.90774504075423623206 -0.41851851026708125625
2.9679703640542252074 -4.8969209030769684787 -3.9711968665739778572 -0.98606129562856270621 -0.0077512990101693997336 -0.16620180091381087095 0.053840683571195604995 0.9303027080190333642 -0.36281958635827987747 0.15743030856832201936 -0.36671076997581009138 -0.91691815835864343143
-2.3154262100537765789 -6.4719630707924977742 -6.8729916658990797274 0.99616760168231111017 0.00018839155302882070126 -0.087464700692384336755 0.014149655768171880837 -0.98717245503944295315 0.15902934085547770771 -0.086312783527244141268 -0.15965747248385980805 -0.98339188265915955522
1.4953234654916709445 -0.05434117418784810416 -6.6414866625453345961 0.89372407256253727503 -0.010640287286732576927 -0.44849087661709385877 0.3454349477831902826 0.65418686862420072359 0.67284042518992204229 0.28623762675851482928 -0.75625810753084121707 0.58833807952696481891
-3.450325440028988222 2.7236261107695942663 1.0938121634478401578 0.92026036333134286771 -0.0022032728117364324544 0.39130040796060849839 -0.067581799905619008295 0.98406254786392688416 0.16447979271954771274 -0.38542647029331483788 -0.17780901968253517986 0.90544485669575136555
6.6008707053218147465 -2.5708380399278842887 3.3587253235824401365 -0.96937233579368831116 -0.020613768854890270749 -0.24472913012423544443 -0.24020116776287728233 -0.12813078477428263557 0.96222965086225786813 -0.051192515108133662682 0.99154302706776309417 0.11925498677274999626
6.5648258454936216921 0.088102440010113011737 -6.7965862966443859605 0.51247211907517509211 -0.0034176166593824905057 0.85869706361847975007 0.52685132229846953766 0.79090683633013458831 -0.31127810786921611408 -0.67808554870524739844 0.6119270349825791655 0.40711827826127372498
2.6113971053111471043 -7.4841993817840002379 -3.4110148373560198465 -0.99086576569157025496 0.0071293550573514729435 0.1346633085777336758 -0.10701250961857364241 -0.64921699423223044878 -0.75303759347411625136 0.082057036052763557277 -0.76056983025661972775 0.64404982426646717464
3.6593556285971229336 0.79280925388272527332 5.4349973529347135326 -0.99600871583073935511 -0.0093446858781743510902 -0.088765504758397451024 0.089038282148492048362 -0.034599014762169554016 -0.99542709049409705546 0.006230754465782222494 -0.99935758616391956455 0.035292955040085699503
-7.0851727886005884116 2.7850179690517546938 -5.5942904042822343413 -0.99839685948231571277 -0.011241871814497463034 -0.055473699118387315155 0.0084708278212584676992 0.93936321328640748352 -0.34281919228680723943 0.055963881671972651177 -0.34273951310331024489 -0.93776205409790180934
3.4458178455892518599 0.22347251395055220402 4.1495955873568970418 0.78681852448671096845 0.0016456833109842802093 0.6171822269402628125 -0.27427325648392564261 0.8967604346096553769 0.34726776944666037927 -0.55289310929176838094 -0.44251329318477539143 0.70603908889852240449
-6.9067063195801692288 -4.9073371080231051877 -6.1981355166962561754 -0.40335467357164972446 0.0003200400404645362953 0.91504366282838078828 0.80721300497702497267 -0.4708293587517967671 0.3559871901254214599 0.43094335115404514003 0.88222424162553825244 0.18965288182447861964
-4.6456703893157316188 4.8657067139321235061 -6.9295903034514729768 0.9946496917815607075 0.0024465619828978098921 -0.10327635243969020273 0.10055248292338242466 0.20632192516693770301 0.97330388952956647941 0.02368942415352137329 -0.97848110739552862647 0.20497203139306235942
1.4654078526582883235 -6.6495890881904138325 -6.4248076233811168834 -0.99980891781279579433 -0.0029011766647440654504 0.01933160717528834005 0.0013966361641399270554 0.97579687326168873529 0.21867444189935453247 -0.019498135024834606366 0.21865965633046105521 -0.97560636397268485354
5.5617907047994599168 -4.0017460591372202572 -7.4931690570542892615 0.99670060360849999093 0.0042212948248292296582 0.081056075876896713228 0.080652120119211245797 0.060680217420585512433 -0.9948935353764633005 -0.0091182392396492780579 0.99814833160402494094 0.060139552952929331564
-0.31467422164947062013 -4.5626977359683609237 7.2373941805313046771 0.99395709089996819863 -0.0046560488932531904696 0.10967051863869285711 -0.10976721076295163637 -0.048338674215685280278 0.99278121054767609621 0.0006788896149710374299 -0.99882015086990205699 -0.048557649501594427055
-6.8572183090104177339 4.5630249372249895856 -2.3763445705928170071 0.99430509897886765192 0.0012739659078810335394 0.10656334808656516 0.038150128517443974985 0.92940809446511263303 -0.36707650651723644497 -0.099508481239838589283 0.36905144757022051438 0.92406660539582829994
-1.5015915036603524335 -1.9487539231923078908 -0.61333746312149162172 0.86021291266655774965 -0.0042087478962566648999 -0.50991767112226282777 0.19121449447712363101 -0.92433981967991452056 0.33020132473397650896 -0.47272694230757639211 -0.38154709302434536289 -0.79432427497914925851
-6.5117870379191344909 3.9056914758820084899 -5.3442192632030209865 -0.91442157786191136104 -0.0068923582972459894458 0.40470442712856069534 0.40322892809285337812 0.071459948162489392298 0.91230472286271757643 -0.03520808840992657035 0.99741965651652475522 -0.062565320304434068888
1.0191253914925069157 1.6695438735341929792 0.8952021401517230581 -0.99231115440544037654 -0.0096405333244993715591 0.12339219164847609056 -0.044059568257642386935 -0.90413761761282218643 -0.42496343708877409862 0.11566039636599012574 -0.42713256552806450062 0.89676108533875276141
-2.500633184692802935 -6.8398003994968989971 -4.2277473778014060812 -0.92095469850981070969 0.0047005639838783880996 -0.38964130683365177932 -0.34104966049057644506 -0.49339931755533394941 0.80015138724828538397 -0.18848759209050619523 0.86979021501406705852 0.45600154549486637823
2.0350138517861173781 -6.7553414602741055361 -0.69415774466194546388 0.95893869745388182757 -0.011565070315681214019 0.28337752852707032147 -0.21241974475019861912 0.63275825098188986928 0.74464410818488080412 -0.18792133078969339155 -0.77426303344720592836 0.60431972371529640853
-0.26972804000727684803 -6.3971289235805235407 -0.63347735907955204926 -0.98308876769829378617 0.0024927941447606921481 -0.18311269973143257106 0.14550951108595105987 -0.59648214160992385491 -0.78932631840328992823 -0.11119108331663844769 -0.80262247708238187993 0.58603216829206083993
-6.3532441903223446644 0.33070895657444204785 -1.1053380361014319977 0.89820081790701644664 -0.0051623194142849755314 0.43955504907737275033 -0.26142019050490611365 0.7976213866470940328 0.54356196294392755686 -0.3534045482269959626 -0.60313636436658224493 0.71507464734184744692
6.9335430626245324603 -7.1528388436665029104 6.4562860947337474826 -0.97894781233972782974 0.0016235011896466604222 -0.20410425022305359044 0.17076602750263966679 -0.541229943682718595 -0.82335236193996730325 -0.11180404539276642129 -0.84087306551287854806 0.52955863049218165894
-2.0734817083184688968 2.9405159275250474238 -7.2023277743719216204 0.88403035875010871347 -0.0028349941483819490577 -0.46742088915269114358 -0.13794182678055019742 0.95386428339201323467 -0.26667392315992677343 0.44661211048584409378 0.30022473528549759036 0.84285392037427298018
6.4727947561955296862 -0.53747390664779071123 2.6882016022457775328 0.99872733562468618551 -0.009425669191223180754 -0.049546602671628997561 -0.023875283797724512064 -0.95369290912201476473 -0.29983296335453368808 -0.044426117313802922226 0.30063431582351862748 -0.95270421865848142762
6.2839281987646691263 5.3562525632184740942 -3.1671219746175220955 0.98894540327461299967 -0.0035473662766054340177 0.148237665707859817 0.091757281191165981915 0.79995590406671379657 -0.59300181525633088864 -0.11648000124667497179 0.60004830450673352082 0.79143821083407306372
-6.5773664305719226064 6.2152415612874394313 1.2178409589239085342 0.93359840881005895508 0.019846069959199089117 0.35777107844889721733 0.35033717766755578804 0.15904157181574479774 -0.92302201511031289893 -0.075218834152504007728 0.98707239447847749947 0.14152814224452645031
-2.7598193711278145024 -3.4732386209786798581 4.8157707413890511461 0.98785029103004973194 0.014690190270093645905 0.15471263950192432057 -0.15485458885793237926 0.17702235843405295102 0.97194811637453115694 -0.01310949356203580142 -0.98409719180799037908 0.17714643167242535848
1.6794085066533279704 -1.6543963381123036882 -1.9986343040480532007 0.93671613293224109675 -0.011869262297464039727 -0.34988856356979425311 -0.30659477798542111859 -0.51028098083651940442 -0.80350044350246185854 -0.16900452188180006829 0.85992583471436589981 -0.48162748091697121788
7.1664819220081614759 4.1358723321038892706 0.64219259581742327292 -0.9783167758009706505 -0.0042045210369830209388 -0.20707150501497395556 0.095283367096887158776 0.87857203612198653264 -0.4680088218176378656 0.18389498672073273378 -0.47759135183466294716 -0.85912114076640677673
2.3359672168785268198 -2.6225262106143762963 0.44654295993912107576 0.97749384180530285438 -0.0072509868944635024607 0.2108393047360171968 -0.096620572168795854084 0.87304183219718167752 0.47797743070933973453 -0.1875373409918144052 -0.48759140929966982014 0.85269242010862311698
-2.8784012142331807382 -2.9051368436853031163 7.293658614818303576 0.39185485658425428523 0.0063628123071230941257 0.92000504672030991582 -0.59016484377399169858 -0.76539584728640297495 0.2566605815662032497 0.70580112534935934843 -0.6435283300495101555 -0.29616897183739571142
-0.99905614641568907253 4.2445440710306394649 -0.16505039803905000029 -0.99227300007224517042 0.013404073285503938923 0.12334757454862156634 0.12401354480249020262 0.076182170034665597225 0.98935176639778799057 0.0038644576843244581726 0.99700381533280080237 -0.077255797055282335317
-5.2233364688673455944 -2.0072541519746351923 -7.1696700333161791363 -0.99984331175293772453 0.002189941266294282568 0.017565765000286316655 0.0009986695432533995026 -0.98375919985655113642 0.1794904993491786005 0.017673556573006135584 0.1794799176920245376 0.9836028693245277843
1.9770726778456837458 -4.305943273068479904 -7.193323979816490521 0.40329895559267148197 -0.00048204671840386880896 0.91506815049422451924 0.86961013131441200485 0.31146832893505188578 -0.38310011692205192535 -0.28483007554196204669 0.95025641155499340762 0.12603404446978103137
-4.1723470723417888095 -5.7681588735370992183 5.1225510139271523968 -0.99156867561871619987 0.0011015354831322308939 -0.12957757580400219855 0.085256205403913640217 0.75859656272142128586 -0.64595869408755501873 0.097585557188489907565 -0.65155969921926004673 -0.75229450176203782608
1.5026230602002932368 6.6791410188276962856 1.8084150887603449576 0.9913276897470568727 0.00014808868453626382322 0.13141304961993677258 -0.12794547021145336041 0.22929504004210521373 0.96491126082379596873 -0.029989468035311273031 -0.97335695542901357058 0.22732546959184488089
-5.43083509075961679 -4.2671459441540227076 5.5834107147025093809 0.56082776348360630081 -0.0057987070542353420788 0.82791219021261852617 0.77078752952914530994 -0.36140767939423895649 -0.52466281895825639392 0.30225618939630227722 0.93238986710036741989 -0.19821788945566923279
-1.529498307233856158 -1.1397334872004249995 1.4307361168370507087 -0.93852692245057034448 0.0027668413500972067857 -0.34519496002151478509 0.32933542521871123077 0.30689183945702869227 -0.89294768971683136094 0.10346687166094645227 -0.95174037608148998046 -0.28893747248339030076
-1.7916779526747559359 -6.4621208469750133219 0.3544823574403241917 -0.96800364667938509911 -0.00062962541942420432832 0.25093533746226870385 -0.2499024325221889109 0.093092342866706076498 -0.96378555183141734197 -0.022753334590145238292 -0.99565728002729281254 -0.090271072296708401717
-1.626817381599522383 -3.2505652154187414382 -5.9445194282470126268 0.96531372705075702001 -0.010913652080171200656 0.26086452531073622829 0.25289301127860946972 0.28751064606447873651 -0.92378717962852563428 -0.064919436332821989222 0.9577152607105924309 0.28029795965784043421
-1.8470106211912926675 0.62870927502764983874 -1.9990977180557703008 -0.93205302967895853339 0.00054821693865654596081 0.36232147234811223901 0.35774648254389745938 -0.15702628927618431098 0.92052169920303905659 0.057398641915859652252 0.98759427090999341026 0.1461607059775837103
3.2029111099982512378 2.8110378185977595855 -3.8797953919166512371 -0.76779221915706219459 0.0013043722087396304385 -0.64069759388886804441 -0.46902460867802231448 0.6801035978275546956 0.56344921037873163527 0.43647568621441601433 0.73311485787370489486 -0.52156646796793426635
4.0687083496356182266 6.6196182893458219709 0.22743811712657702184 -0.94981994840560002302 0.0013737466408405459017 0.31279414705365626848 0.16816044345159819606 0.8454330360714231718 0.50691719913330979264 -0.26375012960942928464 0.53407967040426729266 -0.80324017254605373228
-5.3647965785481810386 6.4935862805616046955 -5.7097005067244319676 0.99812607488579407899 -7.8507960523620072546e-05 0.061190950878278090042 0.059703173564537845297 -0.21792557916283214481 -0.97413755343523433794 0.013411550962221572766 0.97596538657016818075 -0.21751251577264105186
4.5262609991622690941 -3.5720265053470776628 -6.5566197935010546161 -0.98161948315588287706 -0.011259542101438247547 -0.19051617516753488468 -0.18708903760413603257 -0.14039439905410111553 0.97225876428168322985 -0.037694592412647123791 0.99003163354811019037 0.13570734054174540817
5.9368724794415221879 2.0661749255239212353 4.5040242970775894449 0.93607631671087732084 0.00082163516575734299452 0.35179604063808689318 0.3388748381495606532 -0.27064665621102551585 -0.90106283440781897998 0.094472077155615466482 0.96267840549040928355 -0.25362435655993098571
5.4459520748302452375 4.0579115218503609697 -2.6021364919955694006 -0.88130505669930891965 -0.0066244301791737267987 0.47250133752293144163 -0.45586615933298102465 -0.25141219571776440844 -0.8538020570479253335 0.1244485508599270096 -0.9678574403129054371 0.2185509858583798426
7.0227826617245110441 5.7363672587473573117 6.6068194801757078594 -0.88958605710310878489 0.01635503924545383958 0.45647470871795409186 0.29598072631850497194 -0.74052052834380521773 0.6033446417674256379 0.34789661777000563392 0.67183469677654439334 0.65391596061839318832
-3.5786260500247322192 7.0431359897043108731 6.7542937107369436234 0.81221925436607878002 0.0031902827780603952058 0.58334355651952618516 0.33909968487933017656 -0.81626289075406444073 -0.46768183297247883923 0.47466966045010738906 0.57767180584964084034 -0.66406626037974669785
-1.0459768807488973863 3.3572983657049690898 3.2431277511443932227 0.75836101135620304081 0.00226697734697284747 -0.65183083485558412917 -0.25957563581497206107 -0.91623276838787015564 -0.30518519528870735602 -0.59792061826473585917 0.40063995675153235565 -0.69424675678618485986
3.5645093489674835041 -5.9084788598262978354 -2.3432667301002925164 -0.75702207960375167417 0.0054648720669311688994 0.65336644095472673488 -0.24978192505494872799 -0.92643201716280110247 -0.28166062467350594378 0.60376035055996224443 -0.37642243922078488794 0.70269451850906439194
7.0531383257984661128 -6.7014309351943595061 -6.2980981860941094297 0.91110479936166155479 -0.0065192621249173139664 0.41212321434432369616 -0.30795664430645136589 -0.6753385716361361979 0.67013470204727410007 0.27395391913171829312 -0.73747902538422649421 -0.61731186389907666268
-5.0115238832396551416 1.4461268036357279865 -0.43526462230565743372 0.94985625488499136893 -0.0018350728140705161676 0.31268151138714850301 0.28994552858063576961 -0.36921506262229569773 -0.88295630015807191615 0.11706701291003983323 0.92934217059194179633 -0.35016916547253090775
-7.3468527189966312818 -2.4248290848541258491 -3.1643014651738212706 -0.97433090119866982981 -0.0016046449644350349942 0.22511490417990995261 0.22484400937029358492 -0.056492836747003088993 0.97275574058782732223 0.011156451930344143259 0.99840171499796226406 0.055403511346358062795
-3.5055594549360158396 -7.0448158492226777838 -6.0677386327516389386 -0.98958290737532372816 0.0070015355872775023732 -0.14379376874540605868 -0.032558895816548458213 0.96205309666609328811 0.2709128226911357018 0.14023404627191360383 0.27277246505956709299 -0.95180333818047790917
-7.0648648862214216138 3.5478598161990384519 -3.7052083358672076585 -0.77921214373073310888 -0.00077768553638737740463 0.62675978673480614578 0.18804131277487340368 -0.95422190234684922672 0.23259627204987218252 0.59788702925598069537 0.29909857285983876274 0.74368753113166896629
3.4505128885193832033 -6.6318101206704556105 -3.9586783135300840364 -0.91929536119047861042 0.014249540928240652521 -0.39331029668327244231 0.3752708332983409889 0.33290453269459513441 -0.86507015541340503972 0.11860792793597663142 -0.94285286375696419903 -0.3113850297237209519
-5.1742620157143202064 -6.1091545785191216922 6.0781367333732996272 0.87121541905809884998 -0.0068231629586604381627 0.49085347919992977639 0.14525077836216043758 -0.9515479768294812235 -0.27103257954909537597 0.46891993450971103385 0.30742461228579542887 -0.82801219965669603518
-2.1042280107651643029 -0.054174670234641023048 5.6927803148470124128 0.99878740480276195779 -2.3911993456742701263e-05 0.049231285131160415491 -0.0066227214207942829149 0.99084514907190923694 0.13484075838465087172 -0.048783804366107193229 -0.13500329621526396817 0.98964349664039064081
2.6732307172901266235 0.78683086419551839796 7.3898214622389524209 -0.41203372703661816923 0.010500705143410931502 -0.91110808523235065071 -0.75462130045315700677 -0.56434189685742863762 0.33476098391797998177 -0.51066123867648705037 0.82547438400155070948 0.24045195085608236929
-5.4494857531679734564 4.156947182567831689 3.8030598029567608265 -0.88451299678002714977 -0.0048689043582317908729 0.46649014169380143002 -0.35620736502426819658 0.65276367148038227928 -0.66859247849332925639 -0.30125250476903459029 -0.75754596095930171185 -0.57911229084227522357
-4.498795653764894098 3.4089790614707919936 -0.8962998714432608427 -0.02842394340698739183 -0.0024109663858489149488 0.99959305053723757073 -0.14161221474286653232 -0.98990142742530062847 -0.0064144069839183514084 0.98951405249083213 -0.1417369084692322867 0.027795479862065611276
4.6771094623201401319 -2.2820239509957822577 -5.5597027880659011245 0.99169785389148445987 -0.012782857405635193737 0.12795298020650974768 -0.12808412003292463099 -0.01002597400433462814 0.99171262875936994075 -0.011394067867454411164 -0.99986803049303552005 -0.011580017945593408871
