1125 14.717824617146108679 14.977075390850430381 15.033177056927090831
-0.45840150191368644883 3.2443886781567767841 -7.1142852912916136887 0.99884103767157106368 0.0071078294543136608802 0.047603153504547322805 -0.036988178701340516941 -0.51948703621221703486 0.85367739447865365054 0.030797014457396375275 -0.85444876848641004852 -0.51862206464102000858
6.1087418906877486435 -5.6505200202958398847 -6.1711224890280362843 -0.97379274709005458899 -0.0096326700050636121508 0.22723313443097958864 0.057727260932334170662 -0.97685272200288153499 0.20597651045873419107 0.21998920214416128882 0.21369597839940659978 0.95180816331659323648
0.9344537526755899437 6.8838982006135900349 -4.3950482859194757168 0.99803535183202396475 -0.001562465581677567085 -0.062633818299533280949 -0.062641418890798161723 -0.044355535559115179256 -0.99704996820852898054 -0.0012203002962314435723 0.99901458706399615117 -0.04436626759845519602
0.65330556238585779649 3.9376219994563887994 -5.8001324506818310311 -0.99999895672620653375 -0.0013774402086643789192 -0.00043497695356441845723 0.0013902086698414611431 -0.83597665017665023779 -0.54876325285060245651 0.00039225799297795118856 -0.54876328504912652573 0.83597769295342527762
-6.3667783361714089807 -0.85720163078919520139 -6.4889173131707060804 -0.074617716434572795015 0.0045209273899243576644 0.99720196430294838486 0.099968074909973489439 0.99498621419543098465 0.0029694376302872096951 -0.99218878263808107931 0.099909933322915381315 -0.07469554759515090181
-2.3721101170141953851 -3.542979275508045589 -0.30999347664946180769 -0.96501690065583312084 0.0068514478078118608989 -0.26209814785974694384 -0.039017449202897055982 0.98477460146142459241 0.16940077619099389028 0.25926823967900725076 0.17370101317885197623 -0.95005680773014000717
-2.8996639622277151638 1.3494837303278135465 -2.0328872482576807457 0.87034231631250535965 0.0060695231088973271988 0.49240980222266828026 0.041621484883146223077 -0.99725277937775103076 -0.061274350420098905312 0.49068513777361694173 0.073824487214772194221 -0.86820391651712569558
-6.4712363189146158149 -6.7683776381034714831 4.9844608789419284633 -0.99348289962840619083 0.0065136474462750412404 0.11379499348833568839 -0.046143347663464971686 -0.93588051291781859664 -0.34928277513662814302 0.10422341201703382019 -0.35225734617982401575 0.93008184717780229001
3.5890758915565736942 4.2941572363668258916 4.6532431391160038459 0.96812239388202192547 -0.0042820594329591350757 0.25044099990070833872 -0.1890028394922652899 -0.6686124697001898376 0.71919072020248275834 0.16436835805023508605 -0.74359870180656739702 -0.64810802613715534637
2.7934036088237443884 -6.0456158554820635942 -2.2995512921592116129 -0.98511482803145233866 -0.0046709086482151808417 -0.17183410082099706551 -0.01978794298881988642 0.9960668226378240897 0.086367367405762063282 0.17075483274220101815 0.088482017680024893647 -0.98133262436472945556
1.2813529176048668035 -6.5608392599625453556 -5.9291462612580705382 -0.91541750074123140468 -0.00376417445389319507 -0.40248804991868603054 -0.38040085522185212996 0.33490965927893717735 0.86205029404798616532 0.13155222796727189527 0.94224272409626974589 -0.30801405845266527361
1.7044038325169101888 -0.89907206699699704355 2.8817687509991003481 0.80859607993387172531 0.0074819746835216201231 -0.5883165810772350568 -0.58823233938508756591 -0.010884660221163454732 -0.8086187229301911028 -0.012453690901117021178 0.99991276830861131053 -0.0044001541149194280111
-6.7390032268734536558 -7.1298736222495282533 1.7526184072408750314 -0.9996963118902616463 -0.0010145918681937484643 0.024622237843785480665 0.024140088450570355849 -0.24116972243664358544 0.97018267409265923629 0.0049537988147990890189 0.97048242414956287227 0.24112097439693261358
6.9833507262263960769 -5.3951392599736580635 6.064459443116811066 0.96769804914206891677 -0.0017292633190749862482 -0.25210611919409914305 0.24373941738869464579 0.26198306377130980982 0.93378582700109846737 0.064432771923406129133 -0.96507092171796926561 0.25394198935360812186
-2.4705080153413159216 -1.7674800625593276582 -3.6973016719708620137 0.69458503894968304238 -0.011021792560263140442 -0.7193261734123572726 -0.54575118109218112572 -0.65954267013109801887 -0.51687437024177385059 -0.46872942301907144502 0.75158631331676239995 -0.46412362752941516142
4.0549981899666338592 4.1458528551348488023 6.2603378605265902479 0.9127606264173333539 -0.0063168178022368791022 -0.40844600215347204308 -0.23219868791015471632 0.81461360836617724424 -0.53149641428458382908 0.33608303764847929918 0.57996962582307653999 0.74208047065492754868
-4.7127763814207366266 -0.19932268754337909011 5.294547228735681621 -0.89973645303854388189 -0.0012677364933105948405 0.43643179068188547864 0.4271287967351514725 -0.20794868750751097086 0.87995359784679150206 0.089639868770438418943 0.97813891457615065317 0.18764050127501197274
6.4454934914441803784 -0.65235884716688830043 1.6346055200833615739 0.82134636660540139008 -0.0048383118713684874351 0.57040927131529783889 -0.20775887194936210056 0.92874422014925339663 0.30703489160975322436 -0.53124984441458877882 -0.37068957940272651008 0.76181548850879687862
4.6717601117710447767 -5.0764614318439660323 3.2605618133960097005 -0.91176709096335561977 -0.0020750685634879518365 0.41070240555246695369 -0.40788307100497545044 -0.11250209501673627543 -0.9060765304346376503 0.048085051977489468022 -0.99364932079047507685 0.10172932256247055327
-3.8866091265155198187 4.2829978488192432806 -7.3554516801389855374 0.99418317310717219115 0.0037778635175898045775 -0.10763617448428955403 -0.060933596010819435218 -0.80433385002331403424 -0.59104496832617559043 -0.088808305847911703235 0.59416562123197158574 -0.79942498044450649441
7.0818252562345636036 6.4562802142911799308 5.775170419215061024 0.80873404576397833754 -0.017030600837268719538 -0.58792788831400766281 -0.17150299160592447079 -0.9629718140113686653 -0.20801925220938646821 -0.5626152922667876366 0.26906364313053654502 -0.78170889009453692342
4.0805620559534832026 -1.9431296896623555526 3.8559313859873363128 -0.70222581482816792686 0.0087875099105527501586 0.71190005243583820427 0.1088099921503170725 -0.98685210633490860754 0.11951278521844030389 0.70359028603085571607 0.16138680209971498214 0.69203685560158723078
-5.913411670759558092 -1.4103969851841648975 5.1991953168352456061 -0.69594289331858161241 0.016765360394958555429 0.71790139429466504062 0.6932931748509615355 0.27617173781294440671 0.66563784818655358233 -0.18710441722331755399 0.96096206684979179613 -0.20382306820212686693
-5.4902043072164250503 2.5065986390808907558 1.4384148796074964771 -0.9881688084294006913 0.0046015505955771572946 0.15330111473656082843 0.10058751047898201181 0.77399768175219385569 0.62514777563216183953 -0.1157780582968269828 0.63317171002371852584 -0.7653032254229125142
6.9658200185070500154 -2.8200531794214702686 -0.073245418392662242635 0.99977594756579635238 -0.0050239946115946268815 -0.020562445064140413842 0.011576391218394196936 0.94305104400833572598 0.33244656045910131459 0.017721225556729659073 -0.33261011390656541886 0.94289791085350560529
-0.12547462280686610958 -7.2575976448284178488 4.6363574396583455695 0.82471455358783496425 -0.0091853896881033680888 0.56547460925898718198 -0.56551429827227017721 -0.024502946338985451963 0.82437441983013182156 0.0062835937116921536383 -0.99965755848537118933 -0.025402405655360931619
-6.7253940206181486161 5.6466665955482273631 4.9495790266524926082 0.98344934937891892446 0.0011794272690429249105 0.18117943083492069056 0.071604523499476227522 0.91604347222796633776 -0.39463546369149771209 -0.16643367874549117036 0.40107725682204348194 0.90079790443772178588
5.9821838407523513226 -2.2526191578012295658 -3.3673425922474296001 -0.69583792233810370931 0.0015493773478178493944 0.71819717714979369738 0.26147872089361445802 0.93191373545085731678 0.25132781023556188815 -0.66890841253194210925 0.36267670053068296054 -0.64886604668164571397
-5.3690422239395640958 5.4118003642962042576 1.051209657528689112 0.42110726431074640974 -8.2836183577123315147e-05 0.9070108406645600585 0.26976949333437655332 -0.95473312698332335469 -0.12533585563079077674 0.86596367845936006447 0.29746369421963109181 -0.40202270857549488037
5.1148347381560359537 -5.806606398895710619 -0.034722153069430480854 0.79419964832177158964 -0.0085449539725841669457 -0.60759682550775995225 0.20307743893703561477 0.94614222993934815609 0.25213971230267678836 0.57271849315378253742 -0.32363847806915302385 0.75316111364885951485
5.8715439547374259632 3.6810556594972716482 3.1148865074762221994 -0.98260383946618923279 -0.010787878107765380697 -0.1854004216612162026 0.022967062506709729625 0.98358912272930643095 -0.17895516669931008091 0.18428838462043709012 -0.18010013696415791418 -0.9662306825801724175
0.74308662748943565823 -4.9795135829077228351 -0.99162203709439766808 0.99990090289952848757 -0.011004110953641161805 0.0087803145185189786226 -0.01000014548771110609 -0.11620838157607420171 0.99317451092027275728 -0.0099086563745331267955 -0.99316389462850107606 -0.11630690837293267137
-6.2556203446911000654 6.64925428999355983 4.185885862679691094 0.28745163931762479637 0.014210664890135456251 0.9576897264025964196 0.59880278785432961008 0.77772130152587903851 -0.19127153058078769088 -0.74753379609995729282 0.62844859308959499788 0.21504787730233385079
0.91035423254995473386 3.8050374918032097149 -4.0982182425962383476 -0.89070709714695750492 0.0037526885580627740609 0.45456218982745888457 -0.43868455134834333231 0.25500656956167161438 -0.86170036201034494461 -0.11915003776935409463 -0.96693203836103236437 -0.22548991483120706114
0.75379399422241055717 -4.3211381846685146257 -4.0093656573833200696 0.99948757897733653266 -0.0072984470081605724856 -0.031165881045709453029 0.026454044064930914287 -0.3598271685579238488 0.93264387218282329695 -0.018021182610885273095 -0.932990429446546643 -0.35944971211350512652
4.6048800412512047586 3.1478820424456332994 -2.0840919900860908065 -0.74822931881846566071 0.002163632125367684518 0.66343666250538579909 0.60942797349407273888 -0.39297369870811693637 0.68859946067830923866 0.26220303503797237621 0.91954716617445175775 0.29271586495640411485
6.2188519563640953791 -6.4120687710220503064 5.8895636124824255475 0.99952157389863216519 -0.0067015834956376868145 -0.030194570535455978605 0.024758283347240079425 -0.4117620202862398715 0.91095502965588714961 -0.018537818557361189498 -0.91126677072541772962 -0.41139910288518322101
2.8477211110176705589 -6.9595242136536299427 -6.6915144324518536223 0.98399515396548209445 0.0083474974985042974668 0.17799959622961489258 -0.16465972581914367634 -0.33927960074102481158 0.92616225749821678992 0.0681227690685424353 -0.94064853787509805638 -0.33247498631919142342
3.8553409554124988823 4.0730839811650438875 -5.2781299896192184207 -0.79813268644957635622 0.0052820093230432352271 -0.60245855890532118426 -0.26697664036752705163 0.89332309716723545812 0.36152083973918691662 0.54009970220215364201 0.44938396104562411404 -0.71158019030602615018
-5.0265315328207185175 6.3255890329920063664 2.1639835489932521817 -0.94278887034188185723 -0.0099678875867125569382 0.33324133473611633471 -0.23330535805525548509 -0.69429721780083697436 -0.68082301904141417914 0.23815489888370161564 -0.71961935394423215406 0.65225012806952009647
-6.9025086984741905738 -4.362574269102838187 5.9737563697367939142 -0.98410030150075245015 -0.0073091972646716647094 0.17746315736390413931 -0.15727195052828174537 -0.42843857638969695678 -0.88977857910720847823 0.082535629659156214966 -0.90354134487379200724 0.42047700048905101156
-4.8497580970949396573 -5.7925500581530862121 -1.34182665461882622 0.74086461153422189518 -0.018533018434883558045 0.67139865549751542861 0.57102102286419098576 -0.50892652910364688523 -0.6441496560751021061 0.35363062483807899961 0.8606104317298962636 -0.36646291214044990348
2.5531704009165459013 6.9936097223869806427 -6.1333810964254622533 0.71929375564861086634 0.00090916351330414717571 0.69470545305669439973 0.073412256862705194127 -0.9944994679466206966 -0.074709094467029252273 0.69081628066173095259 0.10473768030403469986 -0.71540400103533152709
-4.9966006173965853421 -0.86755480202436152659 -5.8795908124062155053 -0.7465275147264270883 0.0040843003223890728126 0.66534200847932345457 -0.021735741035240799257 0.99929772713819431385 -0.030522288546503423962 -0.66499941903586767822 -0.037247429808525966966 -0.74591447341808636562
-4.7294189559794412858 -3.7368292278938581852 -1.9223296980303417048 0.98034177127390231821 -0.0049318097055903531781 -0.19724525025618855345 0.13441342616658624731 -0.71513777734295613797 0.68593803676649067746 -0.14444044572685243999 -0.6989661198297675293 -0.70041653390560765224
2.8968952724486101147 3.1654451142900139615 -2.02312652974666074 -0.84897537636744468958 -2.7065461573176977095e-05 0.52843240777735989155 -0.39323560157829617889 -0.6679746654531779626 -0.6318034567523254097 0.3529965608517832143 -0.74418401325229699417 0.56708339990393996644
4.6779517074030172452 -5.49098888272197172 -2.046749311685431838 -0.29011006128788618952 0.0052278945884129176397 0.95697900784590039791 -0.80770779164207640033 -0.53766379716425416468 -0.24192098821633190031 0.5132682297397801463 -0.84314311379329009988 0.16020428834050554068
5.2632901063009418507 0.74471885587523889427 0.19229340347345452722 -0.89573568473475584373 0.0020472469223600329308 0.44458226670982881057 0.43986150251324696026 -0.14133030911188287915 0.88687518982834112613 0.064648601682712913963 0.98996037926087188108 0.12569409609878445799
-4.3909939042063177439 2.405103431464879371 2.3629776481796240795 -0.98712310448189510836 0.018523415693374976898 0.15888631051479396028 -0.15814094358114494376 -0.26247329815420694654 -0.95189243600278905522 0.024071114664928706939 -0.96476144762686477652 0.26202276735362911575
5.9797516648874280421 1.7502819087837420131 4.7465416318681663554 -0.94868862029275247139 -0.0080416978553192516171 0.31610952662433067228 0.066413171578832613795 -0.98244648182708982365 0.17432211846610570771 0.30915884649785840832 0.18637124628355650202 0.93256987201536822862
-3.4771481739117549026 -1.1907141911671332846 -4.2526210509249677827 -0.12718652591997406387 0.0044754546315247459298 0.99186872010866777849 0.63177971175344105337 0.7712607195009415495 0.077532563298467416235 -0.76464238925207728137 0.63650363145920407781 -0.10092147292899003586
-3.8825472280857860063 4.9419290940409217328 4.6097349000901255422 -0.93778124073235114011 -0.0051149078715855139654 -0.34718897195639947251 -0.019178613120319119856 -0.99760210580558972282 0.066499769105998751684 -0.34669658972861283619 0.069020838953373964131 0.93543444370022810208
0.16638871089341669696 -0.29845064324687425872 6.2064432226175565432 -0.99712531269110205034 0.0093179604904621710082 0.075194989214649801679 -0.074627971217577346308 0.050887573902450453089 -0.99591220533458901798 -0.013106361152035766321 -0.99866091864788686383 -0.050045907552303037225
2.1398217108645334328 -2.6788700794574236141 0.43585296651898169928 -0.99495277229678591446 -0.0031736198790851318646 -0.1002941126665902738 0.015397602141890062016 -0.99249107117942358958 -0.12134408711412515702 -0.099155911306488681012 -0.1222759247201074817 0.98753060888604937695
-5.5411257689076878208 -2.4344615504206550405 -2.8805351947455495321 -0.27171680873925974087 0.0036549439574897193625 0.96237031190343791387 0.61206553421732878828 -0.77103266751131160905 0.17573960126787641078 0.74266126711428470664 0.63678510269572297098 0.20726547062396444288
2.3191206225856086931 -2.7083735060266844741 -4.4594389925464641422 -0.72976909667010092519 -0.01020952546832288102 0.68361745964750442184 0.5856147815715102567 0.50667964739248927408 0.63271720580615287144 -0.35283479583250193512 0.86207395303880551829 -0.36378029955168000864
-3.5346200957103408591 4.4197690553413515602 6.5185775063742603663 0.95236125414740535611 -0.00022404558740886913216 0.30497211577822991302 -0.14264251061585558888 -0.88420210462454462697 0.44479180786355043686 0.26955733298111483887 -0.46710447223394652161 -0.84211178370521999614
-4.4221162100796274075 -7.0500064670427482483 5.8783766953078364637 -0.74581276983193522945 -0.0052564027604320336107 -0.66613488317739100175 0.62994834107732711193 0.31961852821122610502 -0.70781995168129585583 0.2166296376991832251 -0.94753172329691248699 -0.2350643176158160319
-2.4676243014713383772 5.0566498634089578346 5.9816404567154206617 0.9642483733084418196 0.0064136670390249886017 0.26492251593080551331 0.017918540504443965927 0.9958410964877776328 -0.089327691407997567019 -0.26439364681888322117 0.090881105963764974298 0.96012323380954511798
2.4399556830267874474 0.46602886990594155625 0.9187890899342816553 0.89141764581512672461 -0.00096167325700339135325 -0.45318170297779070133 0.24195367169099660232 0.84655647462805294623 0.47413137000248650743 0.38318794538003214667 -0.53229804663339586046 0.75486806003803197385
-1.3574274720561461116 4.2541882618746633682 -7.0047938536283584909 0.99958160344694169108 0.012501009950512540631 -0.026083381694711398752 -0.018881514385422668023 -0.40111779930310736964 -0.91583186202308208834 -0.021911331883938942044 0.91594117487555193335 -0.40071393499932583815
-3.2495930845808875809 0.13091520098574271902 5.7137399706537168598 -0.14573938397059565952 -0.0063509192162588823383 0.98930263205193702536 -0.97335830038803039521 0.17984028530107065702 -0.14223603920427896341 -0.17701313800274010024 -0.98367532123559742185 -0.03239153232714787195
1.538451854838075894 -2.8189471094167450893 -0.65446412698861511359 0.9897519240551498898 0.0044511011672135249867 0.14272812101200091361 -0.052479160070180969067 -0.91823054806196868771 0.39255394325406889333 0.13280461809569638065 -0.39602127254017677194 -0.90858686161983204244
-5.4411811091189612455 0.95966480689202249277 -6.5428741668579704083 0.96308538927252596018 -0.00043960068475489932731 -0.26919572753135501131 0.066581108683481271537 -0.96854022611770973494 0.2397848751659053812 -0.26083230040847632525 -0.24885665983272944879 -0.9327576715955663289
-5.3374445671840922145 4.8118421088012812703 5.5601231711435232796 -0.99821079965315073768 -0.0020124236339262684126 0.059759096436628050819 0.045081535702919936504 0.63121735549545021637 0.77429471473075361931 -0.039279187802986351152 0.77560337819812863458 -0.62999725803619421871
-6.5604014728535045009 1.4368953550173613198 6.7606317564176521273 0.8136140407195620039 -0.018236539919180224517 -0.58111928324212636099 -0.0095521179763454113626 0.99895377325631340426 -0.044722655773031562421 0.5813268872039913937 0.041937900626978261154 0.812588618370269411
4.2035254595187900861 -1.1528150749105388062 2.4514097067556197551 0.91891393305626334342 -0.0031327417702285251418 0.39444564842852641862 0.38879357569973738151 0.1760494562996912371 -0.90434846405084323706 -0.06660885173744417187 0.98437633802603408117 0.16299228817534078262
2.0185630498834896684 5.1066591052831560305 -1.0285666648123132916 -0.35242347891994713072 -0.0082544454558534183924 -0.93580422933234708172 0.47199185231288914855 0.86189756454160715293 -0.18535447010407254953 0.80809738451264423453 -0.50701523879220877777 -0.29985690716783103271
-4.295241893951639689 4.0011117133691804781 -2.1344944524378042239 0.62804257037238786499 0.0033504597455080876306 0.77817177038206875039 -0.13292436334199589365 -0.98483215793407508087 0.11152010728561409514 0.76674222749895681872 -0.17347736197669735847 -0.61807116212562307478
0.28508810352809466071 -1.9008998585549188309 6.0503136370373971076 0.72097860631047405722 -0.0042640331525411138275 -0.69294420212867735565 0.66801732151670512039 0.27014017297807629836 0.69338095236097818663 0.18423546725900052934 -0.96281156254202115985 0.19761373342762264538
0.70186194782324395902 1.3962322217735165797 -3.2526933087648495224 -0.92992594010512463765 -0.0068720935186894083896 0.36768263523076005761 0.1689249959607022622 0.88011717699266789339 0.44368693974719197737 -0.32665286109145941218 0.47470678222790013701 -0.81728292484759545999
-6.218108394397949823 7.0542844844074643618 0.28026869266327192332 0.35714383623299589265 -0.0084419966577085510384 0.93401124882584574127 -0.46312621601495457258 0.8667858017505011281 0.18492290805495301131 -0.81114880772921449381 -0.49860917217423073033 0.30565749646181300525
2.1604917351549031146 6.2168329564241133767 6.6281416715665155692 -0.93958867826160119563 -0.00059431605991075290608 -0.342305072225036644 -0.041047722827575613969 -0.99258699219497903421 0.11439469994704189182 -0.33983554866029830333 0.12153480865050741988 0.93259910473529639141
-4.282496632994561736 7.3275841553602036882 2.3235734301122836776 0.94402146555784915982 -0.000733965745147235199 0.32988321245594098841 -0.27551470807464040202 0.54821116769387534529 0.78965572324286259498 -0.18142524135440607491 -0.83633963012033185613 0.51732089160358163404
1.7476888950572346815 -4.6107861780900742943 -6.8730019199690408627 0.69915917629068202732 0.0028194761634571267536 -0.71496048615484042443 0.052257161412381292198 -0.99751908476269135484 0.047168470564978172421 -0.71305373941217975453 -0.070340074555638315568 -0.69757195945787475733
-1.80926774434930282 1.416515141812167311 6.1079025995256071013 -0.99568881774011808172 -0.0035202404576100245273 0.09268973046919858072 -0.032772772623612257681 -0.92147727885674335369 -0.38704724508124815907 0.086773979981924292959 -0.38841631332576365132 0.91738925431924078779
-3.2183268326090250788 -3.2024750064326714671 4.4406211732865035202 0.88287940232382533523 -0.017553428652601697768 -0.46927160375938137271 0.13071682442449694683 -0.95061990883201186175 0.28148694595792872475 -0.45103999020560636701 -0.3098607204452598074 -0.8369882084954587409
-4.0686191732200258642 -6.6710949094533056325 7.3607324401180145301 0.99987758722695596614 -0.011863492269804321033 -0.010201377969020103062 -0.015641696356036696725 -0.77392740722711272916 -0.63308112092976842611 -0.00038457301736712079521 0.63316319057075309829 -0.77401823377099077117
-2.2305709604353718412 -4.5287494212228196488 2.0677857753362363091 0.79634188251042858919 0.015338368538914320949 -0.60465224766837544212 -0.40541770647464359101 0.755404128944774933 -0.51478256113625275869 0.44886087982431682741 0.65507964128318874053 0.60777839229408303634
-4.8398163148531772038 -1.2439854223123207877 2.2234083406378255532 -0.78158531567185673961 0.00081831907860649595599 0.62379782356139112931 0.62255454432789070207 -0.062094844240506680277 0.7801090113922729552 0.03937300677904367191 0.99806991772750475178 0.048022970176154013144
-5.9351378612355105702 -4.7572090210254547316 -1.3695205649164003958 -0.94681950051983165828 -0.00067771989623307627229 0.32176446996369367781 -0.080479875100707393143 -0.96771392310043302665 -0.23885718063593081029 0.31153783580657878893 -0.25205020081974455204 0.91619587050349449164
-3.5725627040374128285 -2.6575614998098662234 0.091614458211989630021 0.63077309990290131303 0.00059014349755117691265 -0.77596710508211819146 0.76961643993840977984 0.12720335952110045641 0.62570747214897570743 0.099074879840326549041 -0.99187648276241180412 0.079782273265483344415
-1.1389983282437707857 3.6705487844945263731 6.9818845927002701757 0.99334505748567125671 0.0015362032521221810795 0.11516612717536711674 0.063844609323505510656 -0.8395735810383765374 -0.53948129521115961715 0.095861684886765691216 0.54324381460074877559 -0.83408434541640019688
0.82058454596828234173 2.3146468999101257324 4.138737866233922702 -0.92400925166898240093 -0.0013385223783705898267 0.38236776954643414417 0.20347789281749814605 0.8449242207043508035 0.49467141457901669943 -0.32373391846483912104 0.5348843516358559036 -0.78044543717704872865
-2.8799574027559411427 4.9824488173255012669 0.86924026703938395144 -0.74573323880303887812 -0.0092155763120786785003 -0.66618091363943499061 0.66622154308556635893 -0.0019866478700818444858 -0.74575123785267594112 0.0055490605490631055019 -0.99995556220441383921 0.0076211248216362555141
4.9423778191319600595 4.3360479112700813786 -0.15339552467367473243 0.99606330541769461107 0.0016018014004528079858 -0.088630276049521145021 0.019165234459068512113 0.97229770592567688059 0.23295893380565238506 0.086548168024886767968 -0.23374046565370953932 0.96843936791503448802
1.6910683701174311633 -5.7678338193772535902 5.7762429209582100142 -0.21042587451161726131 0.0019801730486969024159 -0.9776078100398197801 0.68707708428769254105 -0.71107343257258737168 -0.14933068584940001333 -0.69544664179414639182 -0.703114963860174913 0.14826771736635846466
-0.870043373130196529 4.9907390055776961191 7.2852505722307263625 -0.99038373109069721689 0.012937816325552440461 -0.13774134491680656289 0.082085536078536441851 0.85638566721588571529 -0.5097700989210213196 0.11136440166166207411 -0.51617458470560251271 -0.84921243993869066635
3.9830592386881726874 -6.0731296672246575241 5.1999917382830531665 0.95699859411792076447 0.0014963994462290630683 -0.29008869616902649424 0.13573179025172776857 -0.88608401187314689285 0.44320650380809900604 -0.2563797417335870743 -0.46352225911111610834 -0.84818426260877144429
0.46075983282399823882 7.0676932037950281895 -3.0667344987774995957 0.85609083041847522377 0.0025191628585365007098 0.51681925650263393912 -0.31574605383779841272 0.79422168656230041073 0.51914963361229304883 -0.40916123907246471081 -0.60762288173877532227 0.68072131891708953511
3.046145758252350344 0.8922048073631191345 -6.0220367784149946289 0.86379699927158770656 -0.0011852834229788438737 -0.50383860426995030757 0.021412619456316745598 0.99918011234103920604 0.03435990148931802185 0.50338478699451005838 -0.04046848410241847549 0.86311416279479624691
-6.0727395560011308007 5.8748702302958424326 -6.3354726942491055297 0.99064061759627841663 0.006480897119018963308 0.13634208719581356051 0.11468945663837226689 0.50208117215965464286 -0.85718190898953894319 -0.074010102718392770105 0.86479621561118269479 0.49663871190260588939
0.39384838141180805726 1.1828753694121840745 -0.3238718105576456896 0.69619966603698912877 0.0018635475422671941587 0.71784577187606124493 0.65751331826967240879 -0.40294564553112194316 -0.63664043466126873927 0.28806641822306894296 0.91522201346891840501 -0.2817559311780954423
0.54023888103881290146 6.0059590796527659862 -1.8898745295549592704 0.57148610744919414728 -0.0071229004586068830895 0.82058082678151444966 -0.52948677531253962592 0.76075535823503204202 0.37535988022936034314 -0.6269349119019943517 -0.64899965270070614221 0.43098963680410029564
-3.8449206591546536416 2.5058102105678661253 3.4406698481463022787 -0.89434353625233109497 0.0080907018115025097771 0.44730770137342018566 -0.36205094851702668279 0.57425479428996584197 -0.7342687123341836708 -0.2628093412375519522 -0.81863665430961807257 -0.51065181717007934736
-2.97950800030871088 -6.549015757260964854 -6.1077813490930905616 -0.97118344535148193319 -0.0045571176053202967771 0.2382896308159739851 -0.20098836947428408428 0.55299189332184617296 -0.80858125210553366546 -0.12808743424453414295 -0.83317417062669152372 -0.53797249984466111172
-2.5304007343205330294 -7.3402019295474483229 -0.92367877607552062447 -0.60115392515214738367 0.0036149928018922180238 -0.79912507788277198362 0.73324367440633952953 -0.39512417607088895499 -0.55338106168103329274 -0.3177541065307189494 -0.91862060575153048347 0.23487977876254476084
5.4038400806592790104 7.1396016249426441647 3.5766653791413283159 -0.9931883541795935022 -0.00090572853099199490678 0.11651640561687556796 0.06787358276354397979 -0.8172987544702944307 0.5722026937232250754 0.094710452880751375138 0.57621343753614306937 0.81179307986578042033
-5.2815750761441879746 -2.7417951403308564728 -5.5869456077736856514 0.49646846859975363175 -0.012080193928457877775 -0.86797069570395490867 0.45258843343947546822 0.85684279795596507423 0.24694964974177865957 0.74073123979136434869 -0.51543621186859378547 0.43086278777768982629
-3.8655856727430317754 -5.6969682967195307555 2.2553733037821297458 0.9735775501769058371 0.0040491218513674749266 -0.22832073581616701974 0.19238734880008723227 0.5240891106551510692 0.82964915001115457915 0.1230197618803335613 -0.85165380801406498357 0.5094623926080779075
3.3381380238503637337 4.9516292798339005543 -4.6000598388504743141 0.90551129660189189075 -0.0067403587332866138349 0.42426861690483641532 -0.082586557295525775402 0.97795303335645378251 0.19180022185328940432 -0.41620758316043610092 -0.20871615201765608694 0.88499085622778650428
-6.9910686748105455024 -6.0886053917889029208 2.4571450201119349188 -0.74690216383677265899 0.011662653274190803998 -0.66483166303543772546 -0.52877242934954216125 0.59580279644150779816 0.60449875575747347156 0.40315862339244057377 0.80304608228360763178 -0.43883950837770641096
-3.9321038352603761012 -4.5237111897960549101 6.6690598831034400007 0.88689499017108974765 -0.0062362147490378520495 0.46192898375725893745 0.23857101620486328986 -0.8500747803242681977 -0.46952820797435357303 0.39560225812852423122 0.52662508246596162476 -0.75243928385047886831
-5.2546431310178371987 3.0226825027367643095 3.1259509290004530158 0.99401976900959954087 0.010690027427646410854 -0.10867576607374122843 -0.075311258278993001292 -0.65354362616022587673 -0.75313275262847523273 -0.079075364017847371567 0.75681335348880018898 -0.64883020489687670551
0.37748507794195534926 6.9531133434297442975 -5.4473519136193093715 0.95648760995981563227 0.0056456475739525818075 -0.29171832074254600009 0.2711808330232891584 -0.3861453630759740796 0.88167608245644080167 -0.10766804444321416423 -0.92242066609470529936 -0.37087424683766145872
6.9122761954120406358 -0.20173637183284326424 -7.3604079228972176807 0.99988643103773300336 0.0053713424661400964444 -0.014080969663561563807 -0.014744911961144569618 0.5418794163353780613 -0.84032689218147116339 0.0031165041013099035842 0.8404390797863717788 0.54189707562426481235
-0.83169330987679535028 -7.3097485253936307359 -6.0174763982060586187 -0.99987132907979681118 -0.008907322860096579531 -0.013341097544185057805 -0.0087695198807104975114 0.99990795810195753912 -0.010352335270600891357 0.013432081196879015056 -0.010234008205887660387 -0.99985741196979416312
6.8600970198393182997 3.2284975478944901717 1.7637976632834075907 -0.98048876095387160756 -0.0020368526791045859538 -0.19656459720441726846 -0.16170829704546316186 0.57690640863533626526 0.80064313045331747531 0.11176858373277241687 0.81680771721772771343 -0.565979625767387029
7.1307205166405989161 -5.1583118035628530151 2.3652010022337148776 0.96762241132458481907 0.014957898740492402492 0.25195858859651582007 0.048291385346027476677 0.96882990462493201456 -0.24297439784005131491 -0.24773940179881717705 0.24727490202140076092 0.9367391908245336074
6.2287791528649583128 1.3408125501615497654 -3.1574878008259870121 0.63875148613452126245 -0.014770980937345842832 -0.76927131565080930642 -0.61710289963531417268 0.587320232631900363 -0.52367829399629994835 0.45954385016302135014 0.8092198480408334671 0.36603645626367276034
-6.6067209971655316281 -3.6725040040044047984 -6.2376811902141362509 0.89668761032772359432 0.013700539863474112817 0.44245183318878616996 0.29374150374483048997 0.72933372501966264867 -0.61789015733107011119 -0.33116047237318746443 0.68402091543784027117 0.64996009783775110513
-4.9781667824018613899 7.2660038373533266665 6.4565770658678918181 -0.58317552092720648105 -0.010675199989492964794 -0.81227603183678920296 -0.37012469645324697076 0.89358701663095974066 0.25398809575237490943 0.72312794225278087534 0.44876305976953900778 -0.52506922907322595151
4.5344635805732433909 -3.0877722611580535883 7.1700793195814540582 0.98479289505833489393 -0.0021770720113904488621 -0.17371877906560220794 -0.085627407249231027309 0.86395262508617209907 -0.4962396686425105119 0.15116514469404540577 0.50356838856721486408 0.85062798982009601989
6.243772667082966521 4.060622131281300895 -5.8878753629237250422 0.97579368068713523421 -0.0033856848084119614203 -0.21866693821762275829 0.18290732080339983101 -0.53547236288171096152 0.82450849637019418825 -0.11988162798201697223 -0.84454596424858463521 -0.52189128134514606305
5.7395412242458929697 -3.950983876714861065 -6.0205076873525635861 0.97988813192102841576 0.011253787706159149723 0.19923002078706447682 0.081825698461979443077 -0.93326937481967331411 -0.34973251077774319961 0.18199946151500950853 0.35900087226353472047 -0.91542043331045419574
-1.0016527551924212514 6.5440131529741227823 -5.8629818663586350524 0.89565299005179332958 -0.0051637762196609857113 -0.44472357349965518925 -0.29252864126723598925 0.74636156339418691097 -0.59780549573085306481 0.3350115153983286298 0.66552066241616658626 0.66697041347255936472
-2.1635558449493124122 4.6815838498067865459 -5.9339382325352252323 0.95097769496217787744 -0.006277927397247342646 -0.3091957491817263759 -0.070853094968874513748 -0.9776237997508613331 -0.19806954610420704488 -0.30103365695175449135 0.21026719617719491495 -0.93014323821331257314
0.59416972595628014808 -2.8339697116855742109 -5.679638201164116218 0.6435561593899972177 -0.0089963135244241765331 -0.7653460237396000343 -0.071141412187373742615 -0.99630536231145083725 -0.048109505313115585867 -0.76208553928227518171 0.085408965410332229884 -0.64181846299746581064
-4.6267764845437033827 2.0178322727977482387 0.38753481133793304947 -0.99969001331333939842 0.0025807763606988378888 -0.024763216168090108893 0.011003943130178906254 -0.84639706320166485654 -0.53243865809984580739 -0.022333618542385781647 -0.53254610222672316144 0.84610629266407144655
3.2880828711465381886 -1.0287732003145728665 -2.4250666562025817719 0.72109487753495093987 0.0047124767376179902897 -0.6928203014894455114 -0.30089690230442039942 -0.89861869438946329058 -0.31928904816385944576 -0.62408591698308257811 0.43870517965577704445 -0.64657136772881940168
-2.46374276939974024 5.8625305582597535548 1.9827674692827776948 -0.50356987876819692129 0.00034831612088432272432 -0.86395442928051291442 -0.20598403769261247609 0.97111365569226559824 0.12045266266786167075 0.83903989977430248892 0.2386171544625127483 -0.48895183830605093434
7.0183442591869713567 5.6824985006998032233 -5.1101859577724848549 -0.99932985108757821369 0.0043963908389413391617 0.036338966312536566394 -0.029802295211415030796 0.47868229133870782155 -0.87748224321568824013 -0.02125257455474034371 -0.87797718404659574887 -0.47823048038422544259
4.9006338632216808193 0.72914788925610884984 5.618455424780028018 -0.94072637659869362547 -0.015684060823237148258 0.33880362248291673311 0.25148965024171709981 0.63798608545371693346 0.72782326878761216538 -0.22756722126172715392 0.76988815096961138451 -0.5962259595185436245
-6.2317449877515329604 -0.89223393001493300769 1.9992952451413710246 0.53117948550882754244 0.0014549560602055283676 -0.847258070057440138 -0.094011446012827348806 0.99392468045324144921 -0.057232662044204705987 0.84202743553475656313 0.11005277229102748693 0.52808918292079576329
-5.5192452668194551535 4.9130784505682552066 -0.99203663536263786416 0.69129726095580212863 -0.0056207568452769467171 0.72254861710987483558 -0.34981921020193162963 -0.87757212850999788412 0.32786228730369987305 0.63224569367340199832 -0.47941168775368808719 -0.60862945745047136725
-5.0674225916588921947 5.8869550038250419988 -0.79419056842098478821 0.47232331962719331653 0.0076310148770610958247 0.88139233565331520648 -0.4859012027120725441 0.83655148944744295303 0.2531434903493270383 -0.73539832943740379712 -0.54783516965902523399 0.39883069584154934306
-1.8214726378839241061 -6.2508838471472083498 -4.8098841710001751792 0.96325109604895786664 0.013773729818962993088 0.2682491571791849605 -0.24004814436788129983 -0.40394542823047518976 0.8827258800994063348 0.12051644844592998562 -0.91467938392572722961 -0.38579451820290927566
0.054051317366538856324 5.0612775628342854262 -3.1887567721311054214 0.86413619598933544275 -0.00076212065735889455986 0.50325744301817343374 -0.11676449540731834165 0.97240695459422632485 0.20196724305916693987 -0.48952496095030978429 -0.23328980652557645969 0.84020305806276029958
-2.3922480947228805803 7.0530351176349110887 7.2730939956101874344 0.99075848314063907907 -0.0092059593811658242679 -0.13532508413752714072 0.13526003509579176409 0.14147240534538285672 0.98065808589523040251 0.010116866650943861713 -0.9898993932908581872 0.14141018411526837251
-2.2183472487308089072 6.057891184572379295 -3.3515722802898868515 0.90324623007655469031 -0.0076647819965238762896 0.4290541911804217623 -0.3247760570449362838 -0.66570929234050435497 0.67182709893387049238 0.28047595373372807837 -0.74617182284534122605 -0.6037887463084138373
5.9448488509469816776 0.649906995757572159 1.2166736227699954664 0.78301288875475660856 0.014154881060661496026 -0.62184439804980728983 -0.57437202476034809884 0.40014695750742090841 -0.71412827249046839651 0.23872074316348582124 0.91634166757799062619 0.32145039281945342324
6.9847295916400558013 -2.0890455788568522699 -0.92284606515041300856 0.9819689016715539287 0.0043126219567992509288 -0.1889933264477790531 0.1051221974234378409 0.81845745480953291384 0.564868761993004731 0.15711906236615891252 -0.57455095157748270474 0.80324641566747845278
-1.1393610696489449019 -3.056554445674238174 -0.85847505318079497805 0.98491211884750329286 0.0036772242280349396598 0.1730161731436431205 0.031626233635898386154 -0.98676170390317630154 -0.15906326117687408228 0.17014082253623161178 0.16213518351114075688 -0.9719898573413392473
2.807367459785104824 0.16760952309601617749 4.61152990346769176 0.90276948394409972654 -0.004332876790704430145 -0.43010287727251583778 0.090391374123681603181 0.97953035056125015156 0.17986020074892103415 0.42051951006273186051 -0.20124989070336271602 0.8846817637707263815
-2.1251730222121407721 3.9239048000547938067 3.4889662788704680629 0.90064607833346799204 -0.0090541794103117159004 0.43445904688230368995 -0.26066434513891173497 0.7886867228278481301 0.55680099892899448388 -0.34769345802864942696 -0.61472861904275577505 0.70796750220183646274
7.1273866029919874521 -3.5425955662457124795 1.8828359950769073539 0.81200934020407411484 0.016754034511097706805 -0.58340391989510598236 -0.44065462178822267791 -0.63784975246293729167 -0.63164166865389848038 -0.3827065922062362624 0.76997856828008681696 -0.51055721390571662255
3.3110632830737181109 -4.3598628689554237425 5.9949366113265707412 0.78631790685314140177 -0.00090320991720002890418 -0.61782144149754858464 -0.61353876531805928707 0.1164076809664654627 -0.78103740964442758266 0.072624601990212617197 0.9932011055289469148 0.090979289741754523768
3.5463346200874208414 0.8999349708912321999 -4.7739408964024843129 0.86882023580841005739 0.0012364812724842853472 -0.49512611420104002402 0.25843005880851876999 -0.85410814347800134705 0.45134596923964814819 -0.42233316534931303332 -0.5200939822364956111 -0.74238598255033805273
4.4779544886333653153 1.5637844168394328115 -3.8432877287781939124 -0.91217447619682023863 -0.013736028152456341775 -0.40957178431334673174 0.38351038269471776632 -0.38083248578381551086 -0.84135985412724756394 -0.14442129808432113691 -0.92454201597454654937 0.3526535826520800776
-5.057927657368542107 4.1607446971558585957 -4.9760450122598172129 0.99297407273999627186 -0.015016757768087436037 0.11737541417310613789 0.0082681710466007765636 0.99829552949895561387 0.057772598435090471991 -0.11804290835839488516 -0.056396212359847021356 0.99140573884650040615
-0.89767126277508457743 -5.3390758577922019512 -7.1125573013191871752 0.23091171467009585783 -0.01931055193062505837 0.97278306040571127511 0.89277097899480950538 -0.39329421514545059857 -0.21972628290201018375 0.38683298604553734146 0.91920985793095955074 -0.073576341237003295426
5.9686744350453890817 -0.37944867133084181354 3.721563753995055901 -0.69886542261320094838 0.0019845347918162406509 0.71525043355279049884 0.55258592653449900567 0.63642051003163335743 0.53816143322173737307 -0.45413204563416675885 0.77133974099153879145 -0.44586891469954004208
