1125 14.717824617146108679 14.977075390850430381 15.033177056927090831
-4.506898936335582917 -7.4417891773092277319 -0.3771726881628417738 0.92573048193617191171 -0.0052857452941450482758 -0.37814697633439103841 0.25998508385241952956 -0.71725965350739961934 0.64648769951543905155 -0.27464673853589499641 -0.69678594298909268812 -0.6626149097812081834
-1.4692881988705548402 5.254274044828076029 -4.400487681186610267 -0.99645052762537744684 -0.0060494243504226261066 -0.083962792117217202592 0.078214543025022259526 -0.43533069710122929141 -0.89686658395813156908 -0.03112605427087120763 -0.90025029221127572665 0.43425865577916900051
-2.1251272499221038892 -5.3711222543480845459 5.1745112138898914367 0.98539570824060529475 0.0058483310374226066958 0.17017959691145756462 -0.13163157825499133269 0.66015756242730605496 0.73950329301233908019 -0.10802048781108408715 -0.75110438009249191893 0.65128625382310967318
-1.0619750051493430654 2.2300233709110144353 4.8129307824527911563 -0.95524692108220154996 0.0050099582887760093011 0.29576717208122355052 -0.17546294911622378754 -0.81456426614557131405 -0.55289945723079891859 0.23815136625766999967 -0.58005168445296950708 0.7789890693154076784
-7.2449866847567356842 0.76731070189802608184 0.59082681604134457132 0.92760110018037889024 0.00051991411408922288788 0.37357185203592091494 -0.36645466368874785035 -0.19300732737948822493 0.9101973143438012448 0.072575329175941713511 -0.98119717756789603946 -0.17884328426822343472
3.7338746898801726815 5.6923310187099565027 -4.9395849083991381079 0.72278851294813317718 -0.0045929579999330373552 -0.69105402848626873435 0.2498597516783273853 0.93406691001399144714 0.25512567904503352656 0.64431891951233388749 -0.35706849812572577507 0.67628042822836875736
-2.021020185663937152 -4.0267034393694167704 -2.4401100428588291535 0.97042356880502411709 0.016431485282470948556 -0.24084871475502508953 -0.18581025059542460864 -0.58609517161779312033 -0.78864884491137754452 -0.15411894069645495908 0.81007558665710821533 -0.56570742970272025474
-1.0433287708489498158 -4.0979729722262625558 -5.5451092976577305294 -0.97832931957001767476 -0.0080879888986118055744 -0.20689689921638163006 -0.17946666994274146356 -0.46522334989760338875 0.86680963832307489358 -0.10326401526881816284 0.88515638118104844612 0.45369011891920368873
-4.7532579288027729802 6.6084743903078324578 -0.85791127717060433611 0.84886407203016123191 0.00014251779943674856149 -0.52861116797234086739 -0.48146154818461900371 -0.41262905744536998442 -0.77326065370706964508 -0.21823053140224968338 0.91089913856606974374 -0.35019736510067306368
-4.0602760758226370541 3.3573868779204310009 -0.74341994573498082488 -0.97524487978674867517 0.011506511534099419722 -0.22082804315118140237 -0.1749817338444988879 -0.6507368547134346759 0.73886598158154193072 -0.13519917629355140964 0.75921613925814190882 0.6366412149865730008
-4.4626659839338742586 6.9659831053197880379 -4.3429148637062651162 -0.97289019707203383547 -0.014648168789231834006 0.23080315334129203331 0.21622004195910607405 -0.41171932093375979145 0.88528870670822767952 0.082058259160001478794 0.91119297183472736101 0.40372491895184142718
7.146294382165531367 6.9638031645243785306 0.67558094729063400408 0.98522443386343616645 -0.0082328205253036114419 0.17107026505096681324 -0.14886690889708903418 -0.53504852315322748435 0.83160190073549311585 0.084684463473659252197 -0.84478121341420187029 -0.52836847285622268178
0.81107461865706187432 4.4017993953625733639 0.43114877414278762746 0.37789594123413788873 -0.0016347099052989319881 -0.92584663164171221439 -0.70326334522560218776 0.64989638723408127419 -0.28819325655256977647 0.60217549340789333634 0.76002106127643087596 0.24444357540202335533
-4.705925294575089346 4.4731858408409337358 7.1460226488319928961 0.64043308191633707693 -0.0039663283970060329506 0.76800373425284829132 -0.58975920027326211859 0.63801942067862871255 0.49509120829404823505 -0.49196499192552900492 -0.77001005647726794567 0.40626956524418439409
-3.3328890838092544158 -2.7863701148312127742 -6.4993368138566554038 0.92424394930673547943 -0.0021632004390942198568 0.38179633672116736198 -0.27345687646077831978 0.694106594691171086 0.66591093392621736324 -0.26644785397182874087 -0.71986898514247477099 0.64093227828196852602
2.1104252595803916215 5.8415028475773871364 6.6708026287830852752 0.91412775572899307441 0.00013269566066131249782 0.40542623077167477819 0.057036692863548947574 -0.99009669159528457261 -0.12827843528511187476 0.4013941477812212888 0.1403870495589846501 -0.90508243516429143227
-2.2743372157105721243 0.072027660494240114408 -5.9812024298011268186 -0.82316739040885988921 -0.0016132256566666405839 -0.56779648191096443455 -0.29757165440287874913 -0.85044025177379345415 0.43382310756671765839 -0.4835768376002317348 0.52606917384114149083 0.69957463252373786045
-4.3538189813166585651 -3.4281951161949359985 6.1890945731553603792 -0.8926516480057712366 0.012502635377965965607 -0.45057376690303774236 0.29349182056079287095 0.77480209027425561708 -0.55995024079890431956 0.34210464272867502356 -0.63208022039571321038 -0.69529778398047858978
6.3435111466961418003 -5.5406169354538308269 -5.0332850217316700281 -0.82347146462446063619 0.0013500143764146122285 0.5673560825533472407 0.52223973612536522815 0.39259910915443746449 0.75705455384859177137 -0.22172145805238374638 0.91970871310017510147 -0.32399919457740561368
-4.4656165766531703554 6.8119789948758304732 -2.2273712228921467293 0.99979987578968432249 0.00057534516687499526882 -0.01999693348373249302 0.018529969333553390071 -0.40336963557405003389 0.91484948343058014597 -0.0075398015432857979148 -0.91503694246459177375 -0.40329957267274385568
6.4232338914578885891 -3.55458298961921626 5.6017027264389032126 0.27354248760867716506 0.00057099160281273968892 0.96185975144065805065 -0.14022914910968850566 0.98933912148592817459 0.03929234578679553086 -0.95158304588345199448 -0.14562890051786850365 0.27070635404644211031
3.4267063015092138478 7.16299865248336598 -4.5147946025428566941 -0.95545598538440590364 -0.00081086297764747759798 0.29513251683611407827 -0.22993260789452701909 -0.62487744767577824145 -0.74609595308716558648 0.18502663543284153524 -0.78072243331894619622 0.59685645367449513543
1.6508410072800241419 -2.321442699586166114 -4.0561072621780089875 0.99814378329880049101 -0.010754247910632865753 0.059944424377266727899 -0.032059428706344324234 0.74408290384606046164 0.66731763444037872635 -0.051780120635947030072 -0.66800073230193324214 0.74235694968863108478
-6.3072948295418527209 5.7970212982544673253 -5.4228513009817147505 -0.9317860820349428419 -0.0064332556194812984263 -0.36295083764636287826 0.33613137360174039081 -0.39284864998568236327 -0.8559705823712765449 -0.13707806902138092164 -0.91958063889287100512 0.36821332345095647565
5.4863026603427780259 -2.8521960444466536444 -2.4393265265285655197 -0.98886809514083373607 0.019067243490669343042 -0.14756805426027888584 0.13134714612651074428 0.57784675527287254759 -0.80550670675359359318 0.069912928825155221113 -0.81592252551722732612 -0.57391864818698012929
0.63890161074086382342 4.6859651796291839077 4.2586814945102560159 -0.98896453252081906182 0.0068218827930785833069 -0.14799532198992690346 0.14489792750628263662 -0.16369349382199707699 -0.97581198531518098527 -0.030882746317735985941 -0.98648765932243920318 0.16089858291595202089
-4.9712030054288032233 -6.2972547708909756281 3.7782056582423391156 0.97645152083979902535 -0.0025740774183448272318 0.21572158347108499887 0.034612365593386054674 0.98884488162310080206 -0.14487161294032663283 -0.2129422729235547207 0.14892674109554610018 0.96564818344407121753
4.1950866069637315903 -7.1398796842788065931 -6.4365587361274867462 -0.73822159504257078844 0.0041883406363646819015 -0.6745452797369357878 -0.37870858480594382645 -0.83009032907686386427 0.40930410866162608707 -0.55821920820321868639 0.55761322023047144025 0.6143767673157035647
4.4357733275913595605 4.6859783668956644931 -6.4406306679805691573 -0.79544622844554979668 0.0059444429634489233741 -0.60599501751231266145 0.60268589086405288668 0.11257165945460603784 -0.7899983154671810226 0.063521764815033493479 -0.99362582750527250752 -0.093127333846098156456
-6.974317287846905522 6.242042688828954411 -1.6211445819953742564 -0.86730776079988958216 -0.0062751472889037551023 0.49773273006978574484 0.15174251971401508943 0.94899379675779993448 0.27637833023939356591 -0.47407958800936800259 0.31523228933853708611 -0.82211747821785097212
3.7486098794034634629 5.5199812846149569623 -1.6779087778151264843 0.99842349831372090296 -0.0069941292755588014424 0.05569201173033655472 -0.029053691488912833374 0.78454532343151250906 0.61939044107299889852 -0.048025004172400437286 -0.62003202952540115156 0.78310528113195032596
-0.6428435023683877203 -5.8333308638220575659 -0.078601661024970126412 0.75672642123598554686 -0.00015922289368123197784 0.65373167129307274692 0.62075684009471587821 -0.31341327522123374472 -0.71863277436447514646 0.20500260700565359206 0.94961681406936582217 -0.2370692674256018595
6.8258356456389872591 7.1454075346190659701 6.4396872835004090874 0.94116157596059368817 0.0082932239351127777505 -0.33785516182560132448 0.22243319454680976488 0.73744169198701203793 0.63773287894152885791 0.2544373437590030651 -0.67535988432549165505 0.69220709671661329043
5.6883857690843537824 -2.6890434598842549718 0.051857874496064181036 0.73291230935996953821 0.0034000254889126734631 0.6803146232556267492 -0.059937882188498090019 0.99642171604850493516 0.059592063781674559086 -0.6776776498214043265 -0.084452374825538537029 0.73049353133271532901
2.8800464575226580877 -0.62849792348919752971 -4.3708415475409188033 0.85262741269697550628 -0.0042758210567025653481 -0.52250187796028513265 -0.50596044759407687863 -0.25650114198028162171 -0.82353578527785475938 -0.13050103673198662491 0.96653446990636349145 -0.22086330137617501967
-3.9291818705118677357 6.033345538622669757 -6.1125548241425091689 -0.92074629248961503691 -0.015560635217912226202 -0.38985142233680436519 0.37155140007392672974 0.2699483384746501069 -0.88830031614191529155 0.1190622608952736361 -0.96274906449515851303 -0.24277235601301425105
0.2025998088041645051 -4.3972852179359591673 -3.5269677047962328942 0.66052030899733027436 -0.0068108225864833872587 -0.75077728661553666534 -0.074312745938338836682 0.99445572776555701822 -0.074400411996160417671 0.74712150095760954116 0.1049353048777388886 0.65635207365937597856
1.6693125555830798934 -7.0950087762636693256 -6.6505173616558890259 -0.91493035252764776111 0.0003877943661042609555 0.40361157024930105486 -0.36947080270149768033 0.40171462758293374762 -0.83792403231859158286 -0.16246161384980137288 -0.91576482112027868254 -0.36739762713421009188
-0.6277689945063541499 6.9619033926891944475 -5.6485779380911704806 -0.99307893952980519359 0.00086939643785269933758 0.11744557893841145457 0.10928336591112955412 -0.35950106337081927377 0.92672333054179767409 0.043027500478979671672 0.93314427050966075594 0.35691792420296813981
-5.7061072590146508787 -0.58130547701850487918 -0.1819884512650689623 -0.55974180441495391403 -0.010991934062249127807 0.82859416470069402472 0.80711512991161182828 -0.23379393882722365738 0.54213057581672208229 0.18776122991207974677 0.97222403362256881731 0.13973599746909906583
-1.7584382042571815585 -0.74050161955587034956 -7.2788866944366219514 0.60699482348245414887 -0.0080259970736037897221 -0.79466525508324303839 -0.79470571814004675737 -0.0057209267185528989152 -0.60696795018586413573 0.00032530130187504238681 0.99995142600447817216 -0.0098508786718616830197
-5.9251320709405410625 -5.5038104996604264585 -3.0523983876333504739 0.99671343720760319229 -0.0081782769180889537675 -0.080594291835432707582 -0.017995809185484015064 0.94767795973301294232 -0.31872030918664284727 0.078984017000644279882 0.31912317437458426195 0.94441618190054632542
4.5888336408722141257 -2.0411399170278068382 0.57281457979478922482 -0.98854050297098583489 0.0033827799805217499858 -0.15091796044716226932 0.14938644825745925337 -0.12186473350578881647 -0.98124037615891734898 -0.02171089733165203553 -0.99254095307310707952 0.11996288346774927613
3.2063010338802317989 3.5111241857120321086 3.7548450266155719568 -0.72340457515567135882 -0.0038366123618881111529 -0.69041371730974676613 -0.64318416777075593238 -0.35979103901228265405 0.67591755013130794261 -0.25099790232763230513 0.93302502037833379145 0.25780683539245247138
3.6998219975914081736 -5.6673431997199159582 2.4163216438304537803 0.93453788240506052709 -0.0053198495632384226739 -0.35582389682319753854 0.32210678971714323815 0.43770927771692752506 0.83943898183165366333 0.15128173177199871757 -0.89910082159965720727 0.41076946117119800261
-3.1690598050772975647 -1.8100039985967890654 -4.3131519524092460927 -0.13080185637562902201 -0.0046313737527082544931 0.99139771269957999156 -0.63757030121212510121 0.766170643142261798 -0.080539782711785259939 -0.75920681331309880502 -0.64262049139764021444 -0.10316936878198303129
2.5844029817458040732 -3.1975498634315226987 -0.6140082179547581287 -0.89030120911569032849 -0.0078842985172490522711 0.45530384896677578155 0.0005097754126557572929 -0.99986673172843454349 -0.016317441947759397242 0.4553718229931756345 -0.014295335588280493055 0.89018657943394985388
-1.0596376579124884287 4.4903752875058300376 -1.6365184581238554351 -0.9274993334971065595 0.002830305016173902035 0.37381409247906111082 -0.32049416627023247228 0.50871885385287174408 -0.79905482735621446988 -0.19242784556602710033 -0.86092805570971053797 -0.47092930163951757239
-4.5255331313323869935 -2.4206134638763474598 1.4045394211675004126 0.96006007964970063728 0.0022473420578703632786 -0.27978490473337036537 -0.19129154860508962299 -0.72447943373387391208 -0.6622213327347233891 -0.20418664720120580092 0.68929275315377513955 -0.69511388531263562651
4.8730607263921630334 1.1097155214356957398 2.8635817952086366489 0.99069398773292138838 0.0050209625663539276391 0.13601548663588897137 0.026981359203243723832 0.97224270185318628634 -0.23241371506173322259 -0.13340700478395484119 0.2339207528803894931 0.96305952694856034046
3.8804168557679656892 -4.0984722286767043542 7.4961577847294398325 -0.99109268663099037155 -0.01004562260399560758 -0.13279447267440047664 0.11890473916868091186 0.38231461945420386339 -0.91634993029675060328 0.059974573859126967257 -0.92397760644840487565 -0.37771475119766417805
-2.8001612597883838163 -4.7605636495637453365 -5.7726061261809418212 -0.49571389561717854599 -0.008071022457464601535 -0.86844838205199315073 -0.13310577683839450169 -0.98743689320567462619 0.085154178457182233553 -0.8582252535694943063 0.15780760606812557767 0.48841188929295709098
-4.5281495484887743785 -5.7371864976593878183 -4.914808303225147057 -0.99386738446742628472 0.001517443933899005051 -0.11056816655727283449 0.030820878541630458702 -0.95647947846258285498 -0.29016733228594099314 -0.10619649494146012059 -0.29179565562897585851 0.95056698860113963967
-2.7974538382789804203 -0.92734629924249134536 3.3744004053910505725 -0.85240956691895441999 0.010978831941749818413 -0.52275940495994299706 0.36149035462653272832 -0.7099851196832003275 -0.60435573410087650714 -0.37778651873377083747 -0.70413109225331971253 0.60122936653594216683
-3.7796151059967493246 -1.366941534632458044 0.02550328008003243524 -0.49631346504494333605 0.00039869423374813001137 0.86814329776718346388 -0.18138296370914561151 0.97788243851130396411 -0.10414488430731597135 -0.84898360696255414926 -0.20915491267051633528 -0.48526390512237116415
-0.57451917974634603148 -1.6290247689895172023 -0.81440831317275574897 -0.91430556594309531082 -0.0092884982727843602712 -0.4049185793282552015 0.36998004024180208837 -0.42594294230465595819 -0.82564361544399322845 -0.16480322177692557917 -0.90470234536045135432 0.39287856188809572311
-0.93565834409404313732 -6.6623175975684540973 2.8173758815689553536 0.96267780961476256962 0.0028866674477891901551 -0.27063462828383444414 -0.23057005288697252077 0.53240198302244656769 -0.81448485509882562194 0.14173526585493123608 0.84648673682745734226 0.51319715391675269078
-6.804310480240150838 -6.417261704944677625 -5.2177129533402952788 -0.98941740596201466218 0.0015977486295486202292 0.14508840056586633227 0.0078985973727384757581 -0.9978636008574787164 0.064852496045745333664 0.14488205181797145227 0.065312183267270049192 0.98729099549109700096
-2.8993931171591724727 2.0650254477096297023 -5.9269464942841789679 0.56627840999403999955 -0.0068316208983037092495 0.82418571410241814323 -0.77229429076964539735 -0.35369666718956110918 0.52769327839534097002 0.28790673979476377742 -0.93533523218953362743 -0.20556680813279698539
1.6620896108164431304 1.0337949292085968356 -1.1455340493781063227 0.87023139818083505848 -0.0039129236271664867217 -0.49262765112083506391 0.42029194665049063317 -0.51577422295775721128 0.74654646909145438993 -0.25700582328203425142 -0.85671561206792545828 -0.44719835290182441412
0.20999951070582553725 -2.2654112185552501835 -7.254562365404882307 0.99791663190601820332 0.017330823817488884286 0.06214529999184675163 -0.04343600331317762353 0.8927112169600263103 0.44853093174254993203 -0.047704395829359563797 -0.45029582016653613152 0.89160415261429826206
4.4330057635317237086 0.99855903037236537489 6.6239694376808753162 -0.95319546015772171899 0.0069171572459211126335 0.30227564849034432859 0.097997984107308797053 -0.93870184789049671004 0.33050754284559191731 0.28603288245503721843 0.34466069358510792453 0.89408847238509414623
1.1772708074154103475 -3.301749751524258425 5.2392390115892837343 0.91354848877775884919 -0.0059716238678906167006 0.40668599479245726158 -0.36617777530324790991 -0.4473040477024918804 0.81598586126419336839 0.17703953096958963132 -0.89436202324194358226 -0.41082061274566061826
-5.0946194261976218698 3.7110393316291228061 -6.7723949631426298978 -0.96360612110185706047 -0.0042956047691583140388 0.26729158451917978123 0.20266383699447049205 0.64029844378202116495 0.7409084100379815796 -0.17432903530328855424 0.76811421720341988006 -0.61612493601552753564
0.85695424280350573909 4.0610806942994583935 6.76331614551835969 -0.89614297402519427216 0.0017132058375676842421 0.44376213789717139369 -0.028967349526086632466 0.9976339605060479121 -0.062348805172771956662 -0.44281899548989245297 -0.068728056649409480228 -0.89397303732410404731
-6.2791634454928413334 -2.9379873407018846088 7.150796419296086448 0.90733396374197350376 0.01115591590408277628 0.42026256528598071593 -0.083142934095571080499 0.98466564618244623031 0.15336498211237836742 -0.41210718357048914395 -0.17409511988764608814 0.89434811929196300628
5.4239695492009714073 -2.4443967966618043164 -7.338380930369742039 0.75586555963316282014 -0.00394801777285276774 -0.65471495241533506082 -0.21315314270668705987 0.9440201850162160957 -0.25177694103334835596 0.61905815034997613289 0.32986406812127505583 0.71271081305652628224
-5.9855130200601616153 4.9707101394671795447 -2.3114446155140928596 0.90078964708237541092 -0.0021323045168971958493 0.43425046342718803816 -0.047021739395303019382 -0.9945872572162278713 0.092656051110559550787 0.43170240644861662682 -0.10388282370347454164 -0.8960141690876632925
-0.33959724664398260874 5.4806306633100128067 -2.6005360375831960695 0.98179690338106606617 -0.0029912942028165550278 0.1899102226588373632 -0.021554586149391097294 0.9916617615982502576 0.12705254975707250265 -0.1887067575028839872 -0.12883323617302466779 0.97354597062987568989
4.3516677562342103158 6.881371734790193706 -5.8077742616021659217 0.91287729841733034064 0.0035813418893429508835 -0.40821833866755169451 -0.10623250494400930666 0.96759497854734477507 -0.22907337772718455726 0.39416962456224968747 0.2524819428796712395 0.88367594489841916339
6.1514612073438366124 -3.589963093945205852 -4.5262773907568787379 0.98639917255210751712 0.00031360621707243675933 -0.16436719271068125914 0.15570709354570355654 0.31853254789880153242 0.93503599767534728571 0.052649533787150495923 -0.94791187226461715021 0.31415141096568321988
1.3699129912548730914 -5.4701997662984531701 -5.9919788875086252844 0.99997773061393890881 -0.0056245058414960448501 -0.0035921038675297417564 0.002103552464872211758 -0.24516989506010414268 0.96947784792809077459 -0.0063335095470841082377 -0.9694638144305944838 -0.24515260383398368438
0.35713111771790106985 -1.1557423790150274101 -2.5391565112201073262 0.99888824960432565092 0.0087760423160762567052 -0.046316799150465673418 -0.016078213648585665263 -0.86018084808401340524 -0.50973561738932904319 -0.044314284922023459978 0.50991361000731827424 -0.85908343860252545099
-3.0559173625041342603 -3.1994632318227123058 1.3598058985380359065 0.95446540338721186369 0.0073566754775713800313 -0.29823090561308068791 0.18246391760122279702 0.77650332100371044497 0.60311649889867102736 0.23601422099203878124 -0.63007021179870037475 0.73980322768515549559
-4.4243064328777101935 7.0002627239725345731 -7.097711805952068076 0.56754879404282521094 0.0013328186381732082255 0.82333868485275041316 -0.49980283389868429555 -0.79411004610946334115 0.34581261095424037366 0.65428242648530887671 -0.60777253825975041668 -0.45003005247423522039
-5.5529987042558808241 2.6997435141499281919 -3.0217305864470431764 -0.96756390641924905349 0.0086475263903204035998 -0.25247833032153055299 -0.0058522180344598960511 0.9983785196912928761 0.056622283270628612217 0.25255858436948563917 0.056263235829744254191 -0.96594441338782111028
5.3320233108338621619 -2.1423316517104211698 -3.361631462405684001 -0.9127697968956995922 0.007658895461746167109 -0.4084025455299241103 0.073696247946857862399 0.98650481991134031379 -0.1462091082334484593 0.40177127935374440382 -0.16355299328404843129 -0.90101623596595259436
6.6205578196471330799 7.1957248487218121724 -7.2995286484528936199 0.91087585021856398715 0.0036473609035272986506 -0.41266436997530375752 -0.26030836747677599252 0.78101387162510815809 -0.56767674441587290257 0.32022607531277463844 0.62450302568331284014 0.71235611291139766532
1.1310625559791822603 0.56544808691780445997 -5.5995838711088543604 0.97298002527276583606 0.0026610633224701685934 -0.23087396813473540225 -0.22829938954352810287 0.16043820317451998325 -0.96028067339514100453 0.034485636928096620457 0.98704229985551672488 0.15671068611151142691
-1.8317082566990146031 3.6156157918168148058 2.2255976330493827398 0.90230503623133229141 0.0021372905209441168603 0.43109285957988191518 -0.096434183975874165906 0.97564806728962827354 0.19700582974863814489 -0.42017385657899908313 -0.21933144048054692421 0.88053827257210148804
-7.2734902242307519771 -1.5776545347756683046 2.6993991124331579989 -0.92360890571049525377 0.0076550314048461640462 0.38325968974879848217 0.33508558584191922014 -0.46947283578552778671 0.81689222460523691627 0.18618334902236507999 0.88291373132017147984 0.43104420143772470553
4.1089089604325037541 0.090252602959442970731 -5.6579918753317359759 0.85799681219753987094 0.0024968004804175950029 -0.5136489426118259205 -0.49490694708912802424 -0.26368438593498522149 -0.82797201543109166799 -0.13750848694458156496 0.96460577989217954897 -0.22500467865520742961
2.2068500061661908695 -6.9479984904576479465 -4.7303649007013897076 -0.99914075559929638182 -0.0069571144803183705002 -0.040857668298426859377 0.0055406676196881688226 -0.99938313272377288232 0.034679317029412112805 -0.041073732518560668314 0.034423140260679510605 0.99856296542162747976
1.8899281384845709741 1.9742888025641640581 5.6783746828935433015 0.27085170099240274411 -0.007084555576967691698 -0.96259501616295928272 0.91250047838010883705 0.32035021338274910496 0.25439854115483923058 0.30656521822547483369 -0.94727269033681826826 0.093232060561095009277
6.7147910739868210683 3.5046020117523255522 -2.9775315998896765279 0.88504089490300263954 0.0056434476243739546686 0.46547907133204191599 0.07931854070307986504 0.98347621267924134614 -0.1627363149230523498 -0.45870598802497852819 0.18094941445857740114 0.86996903735543706926
3.2760712530663878006 -0.23534454383190792082 0.29370856314928545094 0.99995948657880517896 -0.00817864471850636085 -0.0037596504563120972803 -0.00059562281877585665502 -0.47687802507028143051 0.87896927957612835947 -0.0089816721407319083381 -0.87893143018997998972 -0.47686357649747151966
-4.733596642896829465 -6.3565592938086279418 -5.6970921850429636635 -0.97554380232885073987 0.0017265351831625514942 -0.21979833669557116704 0.21808618292960565976 -0.11721070467728517128 -0.96886535056441258629 -0.027435498046484738804 -0.99310556829838469994 0.11396764304674847357
6.0686682620087930573 6.1119914489542628289 -5.5081606132989051616 0.95539592070163759097 0.0013671274895836623385 0.29532484770006445229 0.14851794435591850196 0.86211615118714812755 -0.48445656365312339542 -0.25526663493479939682 0.50670886396898351389 0.82345921105082742208
2.718543600439066843 -6.39175014116820428 -5.7083101959059634467 -0.94915007816428242915 -0.0073873546777322336709 -0.31473728109581794454 0.31219192032412751425 -0.15108826074423814534 -0.93792779165000828012 -0.040624303133150560519 -0.98849267294004561357 0.14571170693800286622
2.5850841779046684898 -2.5038771445589804721 -5.1585599740165735128 0.9863028075699579178 -0.0018386657516836313157 -0.1649345054498596308 0.078381558301321166415 -0.87459919666615748568 0.47846899221263816671 -0.14513133051825061193 -0.48484313390935773747 -0.86247552568352436886
0.27510009480942743121 -3.2256267497646886611 -5.6099845444216080992 0.74446384529710540878 -0.0046074203041391930888 -0.66764687876427530888 -0.25265925724799409569 0.92366642992328940043 -0.28810349869409873635 0.61801042286717999819 0.38316980297380676124 0.68647215480057899306
-3.0170513234243747647 3.8349044231125333226 -2.2816366353947414858 0.51042215347457986496 -0.009059797148679328907 0.85987623837265614313 0.62473318308681713429 -0.68322345393777350608 -0.3780398946402430127 0.59091257829959287218 0.73015315658088308925 -0.34307243075245641428
-1.7477382436162207657 -0.8697993475965875021 -0.096901167579205749192 0.72110286865829809066 0.0002272735235183203327 -0.69282797371309390311 -0.22685846312599039498 -0.94479503819263899178 -0.23642667682558238251 -0.65463416540908625496 0.32766184421352562151 -0.68124285341256762827
7.1629527913211186174 4.5659982426876757344 -3.8150035069931194087 -0.98240188307195908113 -0.0055353413937639407705 0.18669734902283038891 0.1236950763320960045 0.72967088724379214337 0.67251760155402762198 -0.13995023482542537363 0.68377610100413688254 -0.71614535917488020278
4.4127937163354449268 0.71626888280653455698 -0.91312157574702412788 -0.70488348905717868043 0.0003116887769196519456 0.70932303621462700072 -0.35939645793020608133 0.86197997397584813495 -0.35752581793734233839 -0.61153368908169769558 -0.5069422327195555189 -0.60748343171110463778
-2.0524975449581361886 -6.2873370287909517984 -4.7946245000321452423 -0.97243641511203515737 -0.010693515523973394846 -0.2329228784166352817 0.23104752030654729378 0.090230720509341666435 -0.96874943119299272709 0.031376136223946644865 -0.99586347749182702049 -0.085272928139872666842
0.76553987532415657125 -6.9808842689239831714 -0.12061740161388720405 0.99531964082060264687 0.0092837187268618847485 -0.096190566914931274756 -0.081781433740506934149 -0.4493718787794593883 -0.88959356543167433795 -0.051484072218130269571 0.89329655049640932507 -0.44650942115372005414
0.75878213347969203362 -5.7371822299464101391 1.8518735333970837154 -0.55858808025782047402 0.00012483219997819444518 0.82944520072812266687 0.81870853111898567178 -0.16029551623095086854 0.55138161789216033615 0.13302517681632150537 0.98706906135956340442 0.089436963498312024856
-3.7641262242602322452 -0.30077982328423835678 -0.59609245919883568909 0.76113889411721236122 0.011477991351470887005 -0.64848734727559398383 -0.55473956996388185114 0.52956894980432700493 -0.64173260546687904693 0.33605296216263441655 0.84818923779873012236 0.40944282079923549622
5.0325332870588894707 -5.4109396876175877011 5.2578466192446180472 -0.91672894143149730173 0.0098919429716926125795 0.39938727747150531977 0.36602255974850478326 0.42144162448896438367 0.82970744416523156683 -0.16011100429697974756 0.9068015806185426575 -0.38996840858035514144
-2.0526748764290827509 2.4688872140499440455 6.6631307137131328133 0.55179039808615781837 -0.0055714820018963814863 -0.83396421695908307115 -0.19314888033188501448 -0.97364356822819220216 -0.12129184669391132601 -0.81130812063389212696 0.2280069311143656241 -0.53832329761720254524
-6.978770503868233277 -2.3702148976876729058 0.36032623807115232717 0.98960367317426456424 -0.0015151849626293591861 0.14381333128222240081 -0.10670593608861159152 0.66270044941461825339 0.74124352108405744399 -0.096428280309319616692 -0.7488830473178984537 0.65564911972514883232
-6.8863939572448114035 -4.7116488001929814899 -2.948916858548077613 0.9309559890488077194 0.0013835739116096479329 -0.36512878848075691618 -0.12868600991314330106 0.93707189301000337611 -0.32455535457513723374 0.3417028786926216144 0.34913371801359494029 0.87255073757304146831
5.4159873923314405531 5.5297194765314650056 0.25718107400340861624 0.99287343372589043078 -0.0019676240125076766008 0.11915734579580641861 0.092832263660006089645 0.63974929097647481591 -0.76295675861666489848 -0.074729615448763303531 0.76858114285400680465 0.63537273424662099597
-5.066158298383438563 -2.9880832290448022803 4.1542083624310661705 0.9999996030303696104 0.00056414348461678303238 -0.00068969646886898189342 0.00088600439312166989758 -0.5474458293720816382 0.83684065323049572349 9.4526746717596768499e-05 -0.8368409321043523974 -0.54744611188638048205
-0.94504562273355507962 -2.0410836566588588248 -2.0838752459451685972 0.96367754733102883868 0.0004840214754754127921 -0.26706806340930522303 -0.048737415026003191865 -0.98288731318160482697 -0.17764344615909441472 -0.26258379452391716891 0.18420720754068531377 -0.94716284531414329795
-6.912848131493285031 5.5247327503813048466 2.440201282958049056 -0.92000811046703712126 0.0053322455464840396583 0.39186304218723927439 -0.019741319251247745059 -0.99926856517959916637 -0.032750800877854036042 0.39140178460128566273 -0.037866895850564401271 0.91944045006167718359
-0.94838357145785234792 -2.9928434213927457286 1.663817611255175466 0.99999067119793816349 0.00039225180124900956014 -0.0043015875478206837268 0.0036983589905107390819 0.43673449572890049586 0.89958284909237140603 0.0022315146614852172761 -0.89959036587708174348 0.4367289708312002694
-2.3361610360260876007 -3.9024004545570036839 5.2138967724437446094 0.89647107268738468466 -0.0044936593710084588721 0.44307947691148868996 -0.32243620030731673376 -0.69249823351856698572 0.64535346385138891989 0.30393175642906217204 -0.72140557497094581763 -0.62225355268952398102
1.271112354090864649 2.5417813504668300695 -1.5524658289010364598 -0.93182094897358558327 0.0060433268545579997902 -0.36286801630145099073 -0.27225328443590518512 0.64950417593894793633 0.70994540251474480552 0.23997472401877992243 0.76033400794544159229 -0.60357628200063750956
4.2676242088563141053 -2.6559804345754596255 6.8701855853495938931 -0.97375332238340206459 -0.0016660333893367502631 0.22759984947255229581 -0.22729577239639109365 -0.04506954719719714203 -0.97278228179077685933 0.01187850991991239169 -0.99898246243281707546 0.043507938975536425419
2.5389895814890963699 -3.2520836448063947799 -7.2505744556369027265 0.994575872058437227 -0.0083068600411017878837 -0.10368139078716455403 0.10303279441105951675 0.21524987248632365677 0.97110850870044762573 0.01425054367961296059 -0.97652367532534267713 0.21493820864134607906
-4.0743512044864855781 -4.577007189761432393 6.9666662618372203752 -0.33494972608513240431 -0.0017210593000658749689 -0.94223442887123298739 0.73912164377764710821 -0.62069160863676953177 -0.26161254302356190538 -0.58438675266885242721 -0.78405290951741501981 0.20917255647508956051
-0.47182779991566514699 7.1098827293383441983 -0.15799875846628830267 0.76064896426036010535 0.004626398079506355808 -0.64914693992222072261 0.5220258978769595215 -0.59876822324798517627 0.60742536724634221823 -0.38587836829160720997 -0.80090899062847431544 -0.45786752845703604375
-5.041429238991486983 -5.4424839526315151872 5.9887610664281654138 0.9686021557181871966 -0.0026894809707239085428 -0.24860134881045162225 0.23804326687105081817 -0.27846998179337517643 0.93047830299117695319 -0.071730516766624161096 -0.96044116734559681348 -0.26908641183140147302
-3.264027067485093081 -0.15624096540331131044 2.400596299218861418 -0.99087040468571718765 -0.0035243263427161474963 -0.13477173383789034511 -0.014623297942900409171 -0.99095071428814429648 0.13342728734795369916 -0.13402238721615553074 0.13417995742881314025 0.98185219801629031178
-5.3047252939716953435 -6.3133030180908029649 2.52590813121786395 -0.90634655420697196604 0.010760797906806635754 0.42239806924937289834 -0.39311208785189888371 0.34503968189590450422 -0.85229719247561019912 -0.1549154932920492056 -0.93852641046777374179 -0.30849532701883941588
-0.85973920266784065181 -3.3936230124612611903 -6.3645749757788445677 0.95278410599844232109 0.001511340773967924378 -0.30364479775840974574 0.041893844449779477079 0.98977010968429735005 0.1363819481191158034 0.30074466438143609981 -0.14266340043825145867 0.94297391322432522198
-1.5009767940538478737 0.22522225343246518592 -3.1185490469930634561 -0.98858511132987736403 0.006277184576001159852 -0.15053263636405089798 -0.0049657282013149967731 -0.99994638780119238231 -0.0090864221117718090709 -0.1505816031270823252 -0.0082351974573339342678 0.98856328190075604123
2.5054019702040868367 2.3464163694348658673 -3.3522389092644870878 -0.94303207138582822999 0.0034617259486835129552 -0.33268382706583898845 -0.11733991326727155613 -0.93915098368508009852 0.32284171756102536532 -0.31132275389396213416 0.34348718505469805207 0.88605569611124690432
6.1669511842778783617 5.350516692373344263 -2.7548440100316970991 -0.99862902850924473164 0.0049845497902136154736 0.052107750691836242363 0.037844133345263132606 0.75649275980609287373 0.65290621526543612951 -0.036164692589796751387 0.65398307212361039831 -0.7556442657663632323
7.1443117607427515381 6.39881656608163496 -6.3964935862606431272 0.99850111177961753395 -0.0085197268408171537846 0.054064258334453371702 -0.043075280381381975126 0.48706574363704130404 0.87230240260776137351 -0.033764626382709238273 -0.87332375189837141427 0.48596869690896871141
3.2130217499476838583 -3.1772068339486643218 -6.1138712366241341201 -0.99892261015331051954 -0.0045034809261463339125 0.046188067550496703095 0.043083530145207132867 -0.45986843673546390354 0.88694127783337017856 0.017246111292918944041 0.88797564130673634075 0.45956700500706620938
3.3996612036544249236 1.2002379035775680993 4.4534549605623743318 0.99666297910153434092 -0.013394398337788958331 -0.080520160094356446612 -0.034352494729103635884 -0.9636624545924419305 -0.26490485030459587357 -0.074046014034153076477 0.26678692565828865391 -0.96090682384065806421
-6.3911565629340048034 4.1040195089457833788 -1.9056591680758858676 -0.966106327005461063 0.0058132027282833962159 -0.25807900262125926805 0.24727029649443299508 0.30794994210360893128 -0.91870791529728235147 0.074134778555666178135 -0.95138480113584256159 -0.29894981982951740473
5.8651671874765822778 6.2800870873841265762 6.3275104020988361953 -0.99539912901992377847 0.0015311910168745359456 0.095803076154040711643 0.049674130584057556159 0.86325391641446802549 0.50231977518895720713 -0.081933233167179111978 0.50476760122774100292 -0.85935825710449464943
-1.696150316511162659 5.7450905364269591047 6.9756708805429337161 0.84090162921398692308 0.014261530620099396871 0.54100005427880892839 0.30488262997802600962 -0.83840975007537621444 -0.451791625548954634 0.44713648019705026782 0.5448538333561415703 -0.70936821775031755344
2.8821314751436961643 5.0450737168570238822 3.1255733179314315606 0.99993009936965748796 -0.0057601230715666603896 -0.010325568110145951634 0.0021531739563095250375 0.94741448180383824873 -0.32000181797939070139 0.011625842615087022061 0.31995721690634298939 0.94736065948145276039
1.9386025140450484638 -6.2584507164036207172 -3.8298125192934189265 -0.99743991740337223373 0.0037415731615474739566 -0.071411566295387099434 -0.068812120977447252534 0.22147105509195413875 0.97273607096838266006 0.019455158109606296435 0.97515976762100653463 -0.2206466053130634597
5.2388839282962393895 6.4661259855167427801 -4.4591920229369330642 0.99797331218401319486 -0.0015673274474834442659 -0.063614555356168195344 0.063633606149716012701 0.021755315371151877357 0.997736172753864059 -0.00017982457495370127165 -0.99976209656980752349 0.021810958835979651904
-4.1697299711595201543 0.66094316182114942748 -2.9317205819987748328 0.78958533932480434725 0.005367693254897934127 -0.61361729098207717925 0.55109799806211745565 0.43361419635832082475 0.71293037896304300993 0.26989996008712724418 -0.90108263582515335521 0.33941728736070908568
-7.0146443609517019624 -1.4705161057039561889 -2.6349656133788919021 -0.9984685371782531238 0.0013224470434272052235 0.055306703019740145744 -0.013963441202174138589 0.96132207418790915909 -0.2750725213263064961 -0.053531323306032128906 -0.27542352988237006617 -0.95983137926007544571
-2.7910423402081248057 -5.8237351689458405346 -5.8865392477404068217 -0.99499648933023088215 -0.0043180961478053656033 -0.09981653303016715939 0.085216027720009898672 0.48486033572716308315 -0.87043017150043200392 0.052155678886602725719 -0.87458093329560704365 -0.48206636086292536936
-4.786888038032668824 4.7087240516976196503 -2.9769077591340802336 -0.93934494932637557785 -0.0091590791460758914921 -0.34285153848908717089 -0.2258255882833652417 0.76888708382749848536 0.59817677654665679654 0.25813537117490353845 0.63931898422657740255 -0.72431855323189875406
-6.8775100909759459 -5.7747973417662521456 -4.4329535491575526862 -0.99987921121148215509 -0.0040753982434052100914 0.014998470466779594001 -0.0057487028793197910911 -0.79959859783532116762 -0.60050731448915972699 0.014440062409533268445 -0.60052100168854205542 0.79947858703571661465
-5.2862320079088114255 -6.3183313226437078924 6.6678120776063796171 0.98151569655145542992 0.0064602989807842070569 -0.19127258549046100011 0.077209374818282619501 -0.92785496441255943534 0.36486144966995376349 -0.17511610395192298006 -0.37288527666313653341 -0.9112030073394699059
0.10057580843223701272 0.19431687586008017377 2.4706816134038112054 0.75889643157239705662 -0.0063189892095865344418 -0.6511806788611981256 -0.65087814084354922439 -0.039343811944226161903 -0.75816206066634717065 -0.020829112290346528391 0.999205752003623493 -0.03397077043766675436
3.2492137816511799109 0.3039137657967624917 6.2031346610666719954 -0.99535954631310652463 -0.010398366946744024356 0.09566215306044136002 0.047038568966391636206 -0.91984674337411675982 0.3894474826387145372 0.083944902125847639662 0.39214008041624531797 0.91606736146314604596
-6.3547510688143891144 6.6247401013698974381 2.9257087590476547057 -0.94241060113471741833 0.0018199739717821338328 -0.33445320534207628738 -0.33258795375384836435 -0.11070198946347806213 0.93655235974642414565 -0.035320134295846697392 0.99385197953393733528 0.10493202985625503521
-4.4566270039312820828 4.1531272905601550605 0.060165915059340706328 0.9871446763060980345 0.00062885800053623971528 0.15982800936696764382 -0.043277106031585271806 0.96368804058444756944 0.26350038430338612594 -0.15385863685254058675 -0.26702989527790471636 0.95132673403713452487
-4.8398703796289721524 -3.1719428457332625726 -1.2523469531411408617 0.92224801760009822438 0.00016017203122827648591 -0.38659871750657270884 -0.3754685095223851965 0.23859671106231977733 -0.89559757024426567273 0.092097732816007846224 0.97111872797066678409 0.22010548333697316226
