1125 14.717824617146108679 14.977075390850430381 15.033177056927090831
-1.0512172667464001474 -7.367734935302599375 2.4875109585221903963 0.99248172167320769521 0.014966394932124536463 0.1214744383284885737 0.12232056944976199553 -0.087164303280106034122 -0.98865568451469243438 -0.00420837664308901932 0.99608151837907232817 -0.088339675738657710835
2.1015200034942616014 5.7193381654907220479 -2.5082968934614022771 -0.8795730357065069116 0.017032330437062415812 0.47545890945264807081 0.42332750435338112327 -0.42806950425462986232 0.79846748436306802521 0.21712922169980053422 0.90358530269538706037 0.36930813941341655848
1.3501126110710894856 7.3066032554214999095 -5.6370289785188054665 0.77076359719646780899 -0.0058819186572467317339 0.637094090593817719 -0.60014548105325848937 -0.34240142362110259633 0.72290156084596712827 0.21388987542190657232 -0.93953534693227847008 -0.26744055985746145732
2.3373563994248631737 -0.51967620949366288841 -6.8792005442325843134 0.74474218157218341485 -0.0089487603124812908906 -0.66729229178519644528 -0.66170077865463694522 -0.13975714538361089234 -0.73662746340468843176 -0.086666963226850163293 0.99014537316653206123 -0.11000444301013150017
-3.2082778649768939339 -3.1407805502146852739 0.18266583007506870251 0.95462486120766987252 0.0082650329161904154823 -0.29769626063352971901 -0.27454355259941820577 0.411769083265417557 -0.86894882461103750693 0.11540022569467023317 0.91125074008076600851 0.3953541154609612196
3.3497343121091414098 4.8363025226750906427 -2.177820064598655847 0.95879017797465870832 0.0035242746931462192242 0.28409324896459392518 0.18862551938229629722 0.73986317955022951054 -0.64577309403815885691 -0.21246601624051639212 0.67274813640303510187 0.70870878145341109633
1.7956668365893473371 -0.83664055718558361097 -0.94618594731370153639 0.99942513020625289855 -0.0067899925158322865099 0.03321603699759775874 -0.033413227484709526194 -0.36319228192402680522 0.93111488151568189142 0.0057415451967655385668 -0.93168946669611629741 -0.36321036921640342809
-5.056596237229680213 -5.4598368698721317926 -6.3506974023133553331 -0.91789310179665517531 0.0075685606430127248812 0.39675555517729421684 -0.26110491329134721816 0.7413789475616990865 -0.61820828235106950466 -0.29882516281155152571 -0.671043942675927374 -0.67853043341364627228
-4.3698250498502755335 3.5766016851919553154 0.85632943561834784507 0.93316287683377563411 0.0088828587952955485874 -0.35934404144072390475 -0.31953619277414307964 0.47836541411404309709 -0.81796280605351756599 0.16463191308725547146 0.87811595213794424453 0.44923124089282845395
1.3385093414689794855 5.2125428743420902933 1.1034681875320198063 -0.99991341340571116003 0.0020674607711823624577 0.012995818449825396676 0.013066718815047183994 0.27289864206562725046 0.96195404880803281333 -0.0015577389479466681281 0.96204056918860236802 -0.27290202763019832943
-3.3372616757363964268 -7.4765781777008264442 0.25069285221376808037 -0.99353938293364785217 -0.010198039810591693483 -0.11302873326661232178 0.03999558846265952039 0.9005911613169724772 -0.4328231891446706614 0.10620662626862584221 -0.43454753496235082322 -0.89436491008697005523
-4.1986985458431398399 -6.9071609200902290837 3.3120025895946256789 -0.99546669568796664063 0.0050728291730568406126 -0.094975387233740923842 -0.060224212134154922471 0.73926658708466719272 0.67071451266014459058 0.073614550523996236109 0.67339377753601226129 -0.73560975953745100231
3.8410872091675831719 4.6220569933001343088 0.26695873778258571996 0.86845100495078964009 0.003162441618964569913 -0.49576491501815045382 0.49577052327477999505 -0.0097898208021104174414 0.86839838073356467874 -0.0021071904969350817305 -0.99994707778549141164 -0.010069825050145662926
1.3381630965652084875 4.2999706990381456606 -4.085946330044062158 0.9472553232761848907 0.00013099443571782179441 -0.32047985173101212197 -0.18663357446307660137 0.81315885529795517428 -0.55130806717634606162 0.26052881109046721608 0.58204180166977526056 0.77029350230992854609
-4.7115199632841422428 -0.1508062073897558919 3.482759977834216425 0.95291557157360662345 0.0068528450650544451075 -0.30315829523038945181 0.27609883001090801402 0.39377612475622653099 0.87676097064052416208 0.1253848057743539024 -0.91918083209260070809 0.37334333848942113931
2.9226335774726819317 4.7003695644484393412 -7.4601525549894471823 0.95380125901723389337 0.0075171073488613914665 -0.30034422150959144693 -0.24382116243804896616 0.6034651679490401488 -0.75919762369199894625 0.17554030603948719835 0.79735392654025705195 0.57741866681478670742
-3.0637785967859412217 -1.0592071522000485739 6.0635523515712401732 -0.35485162071361775471 0.0027541290355186922797 0.93491857509100007029 -0.91723022904798312549 -0.19464735754501136245 -0.34756454525939750599 0.18102219255537738141 -0.98086942095984430701 0.071597100698539473118
6.7733150481154824618 -3.2604457916629718817 -1.5987571114319441001 -0.030068488660069961349 -0.0022685654727339771286 0.9995452664088623207 0.99863963635731445301 -0.042687373654633681275 0.029944362186664484626 0.042600031525700063351 0.99908590308408062874 0.0035490242094003525419
1.4020617461744455667 -3.353684211334050147 -4.2166269481090941085 -0.59203108586673480751 0.011259444205442848894 0.80583647117984202879 -0.78448830546693804067 0.22098310407497218089 -0.57943469545674430865 -0.18460035740231744983 -0.97521263969949223416 -0.12199596475849641686
2.6048865884044114516 6.6815582320235922253 -1.5056120933981738119 0.53438676874832247155 0.0095467325954906416541 -0.84518615776842886955 -0.22838825336816279132 -0.96111045857550814198 -0.1552594349470940438 -0.81379947598304602785 0.27599917810288415732 -0.51142435078558901029
4.3098111083148129552 -6.9208127838061352932 4.7149865259238907811 -0.88999497955764006463 0.0020808341893097741758 0.45596557599370240998 -0.2025666623182250381 -0.89769587136162820595 -0.39129128517961853095 0.40850420276841475919 -0.44061070421556913779 0.79936632631802739812
6.7973395694536078437 7.4418779542962578688 -4.135770666595181666 -0.99506545641258714596 -0.00031807201246615351628 -0.099220140517485594378 0.074923252135564541443 0.65317733801727717591 -0.75348913156737362673 0.065048011065370156536 -0.75720490220999148168 -0.64993037498302919097
3.7769335026163375346 -1.1698504584129147954 -6.0857885686176373952 0.94541756585340730457 0.014752533539932782478 -0.32552724760009998928 0.092972898277527360467 0.94523947835947885743 0.31285518812483703588 0.31231661236921309799 -0.3260440020992517729 0.89227442097894282824
-3.5553279059609259605 -7.3750352934685174944 -6.1367112539612485023 -0.84353558344451662343 -0.0003248496176835894908 0.53707319234508377193 -0.46382397426520494133 0.50459426492745151904 -0.7281840074453105327 -0.27076750240718716611 -0.86335654412015072623 -0.42579389070902856629
3.5883669100453978729 -4.6770000059555707494 -0.57791554360533969881 -0.95236661568286651303 0.0020778404132598231324 0.30494837581463357656 0.30144751923738333232 0.15765205551976727016 0.94035909233442593891 -0.046121822149605848362 0.9874925376779783992 -0.15076891440881434736
3.5780042246461474242 2.8518460088810595465 7.0562752413074649738 -0.96229799678120775397 0.0057772668749548582168 0.27193600088655045521 0.21018596056827221208 -0.61877281631958203079 0.75692936510875419298 0.17263958807497442605 0.78554874130846519265 0.59422954121945237294
6.8774447915251695207 -6.3436318252608971946 1.89446579464353837 0.99813821454643891773 0.013648535756321867815 0.059445959777934931356 0.03939321185529301439 -0.88834790793220697047 -0.45747805338869851344 0.046564788434346839063 0.45896809469100680046 -0.88723165437993811722
1.3724613667761820235 -0.95193763570304024135 6.6826847420596635629 0.23274202708029079201 -0.0020904095316029124019 0.97253626103010970549 0.94877508304448854304 0.2201960208076871317 -0.22658233429457116936 -0.21367496489874709953 0.97545340360702292859 0.053232196714757935851
-1.1829450123331162192 5.1246373723977454162 4.201352080889910745 0.99737660217716350708 0.0030368572906455610153 0.072323515729384724171 0.062400120280987222965 -0.54247756742557962095 -0.83774955316539700956 0.036689759042288404289 0.84006479889222285262 -0.54124393321643982091
-3.9133387786014259824 5.0958385852601537636 -1.2665812162814711339 -0.97012596835227105085 0.010430431340183440869 0.24237741567770143547 -0.056324874677028222147 0.96209205816918652587 -0.26684523623303957329 -0.23597269761814224087 -0.27252537076334326649 -0.93276299683742425195
-1.9343885317483613395 -5.8081026348409849902 0.055192284077092201855 0.98519524093828525491 -0.0056965831559627260958 -0.17134143157105127808 -0.090731136683660201792 -0.86532816529201495026 -0.49292497115528360885 -0.14545857853201799026 0.50117333856928969471 -0.85303404776050184566
-4.4196902826929003183 -3.8674530070643915458 1.2593110159953717631 0.8678981847310889286 0.0041077931671726014909 -0.49672514228288683347 -0.13371596686942940901 0.96498727364545766605 -0.22565372123360749601 0.47840650198847955998 0.26226453770515351094 0.83805998062047071251
-4.0296281896981902548 -6.3751384409884206406 -6.6458393808761346833 0.98065481509147134354 0.0068698910647611768215 -0.19562448270787721749 -0.18030366386172080873 -0.35734930755270716274 -0.91640169204864230235 -0.07620185323201537908 0.93394554283879338552 -0.34919765259186491546
5.0255371457020858728 -1.1322402312847628103 -1.6335588836632415344 0.52691375913328153402 0.00088014053037469702767 -0.84991829947868857698 -0.5795140009229937661 0.73186708111072040772 -0.35851652447378479227 0.62171168009805777288 0.68144684381044418053 0.38614088865403689566
3.241518449495451204 -1.5762439120332190079 -4.9472995897064313553 0.94818952538488077142 0.0083040947493140514907 -0.31759670332175859997 -0.31414586671053407185 -0.12471233068909948205 -0.94114781464060470739 -0.047423605716263805832 0.99215819131053928359 -0.11564222860348830069
7.2602754058140686055 5.6320997564610602026 -5.527301621394547837 -0.63757866357842163385 -0.00030308515021278299717 0.77038519968177898711 0.77035467653773703756 0.0086595292470003706886 0.63755680914689671912 -0.0068644071693594582023 0.99996245964161745157 -0.0052876480216904244575
1.7800672175410012787 -5.5119980689413203834 -5.4210944744571909482 0.59781215734427906039 -0.0039757397179770205542 0.801626358115237303 0.43509034719953815218 -0.8382729350479497521 -0.32862573870547995281 0.67328821043077657915 0.54523635229107181299 -0.49939994577004731546
-1.4645925648378319561 -4.3679759332635388347 -1.7538816703434287891 -0.83064226675884123008 0.003405800383240521409 0.55679603554393097831 0.44205054897807555259 -0.60399886346396880477 0.66315660675470877727 0.33856275167519689351 0.79697790023189007957 0.50020144913833586298
-6.2274663545043447144 -6.8397654021089584475 -3.1685634277124350433 -0.99792262721404956238 0.0024585273842932979863 -0.064376903756655501354 0.011137957239100625129 -0.97764052541621149217 -0.20998797339980326826 -0.063453731196300280915 -0.2102687772996195692 0.97558221862131977442
3.7212727465643715696 -0.45507665345562864356 0.87580764313618086891 -0.97109835491435547716 0.0011356878853574945906 -0.23867696850724556823 0.21838893579890539254 0.40770529447237957577 -0.88661303034626415265 0.096302948051408224228 -0.91311286436688521295 -0.3961699624206990733
1.9301745170087605263 -0.86770405607705602957 -3.9351066885934748996 -0.11664871220417315223 0.014136729008923792916 0.99307262112803051934 0.45472457514836389647 0.88969948393883591109 0.040747871539194235879 -0.88296015691376306123 0.45632771247402781345 -0.11021061714272857579
3.6219570432013781236 -7.2199160608218502233 -5.3972151020410770172 0.98374222012615630817 -0.0045787732135120079446 -0.17952793425279617301 0.085663513718760977977 0.89057913066530147717 0.44668845344460889057 0.15783854649154485661 -0.45480528455512470032 0.87649252500074115169
6.3168485830818656979 -3.0766334317559249634 2.4037550849411259968 -0.80464229021473454573 -0.0095908354073043298321 0.59368240724671395014 -0.38787117893041223038 -0.74855673306617520613 -0.53779063392397896681 0.44956282470108221982 -0.6630013825456538834 0.598600395413689923
-6.2946210851617561133 5.8945373323881344874 -1.9213900447703924357 0.98216294472903864499 0.0005049009700126535008 -0.18803110135357989363 -0.18618734602199649153 0.14233240791155157834 -0.97215006960828509452 0.0262720799047767746 0.98981878681559509747 0.13988762305638385852
3.6008454471703146282 -5.4102466124861745556 3.6566894056310066397 0.96491154952121849231 0.017185383672724655751 -0.26201214511648895922 -0.25242212164456501178 0.33550931904371950054 -0.90758832591610094642 0.072310262791453971953 0.94188011945406580061 0.32807478792531347134
4.3489675556118676525 0.055773174245239462432 -6.0235733206074231205 -0.90785722562359538745 0.0046083486856928045777 0.41925412461358696481 0.34743994936657218719 0.56798769201161602993 0.74610687123728003378 -0.23469286198622693607 0.823024145967635401 -0.51725285469199522304
-4.3467117715348235762 -6.5734739424650348028 1.725120479809116425 -0.80660786889589464188 -0.0013566250575659309467 -0.59108536219703244896 0.48979501277161918704 0.5582545163650596276 -0.66966614101508692425 0.33088455887092138585 -0.82966864140239848791 -0.44962801755936809833
2.7528254441767230354 -6.6095401140039680143 -0.93900136096850927991 -0.98938125099714591126 0.0095142977562476319098 0.14503178380459100238 0.1255587253103613854 -0.44667537096370274474 0.88584203979761066972 0.073210290764124025253 0.89464551142484805002 0.4407376342151695936
0.39942995539247744263 -3.6540291093743415551 3.3456428366364194815 -0.85629339445311614121 -0.0013741284349553834106 -0.51648788406601486844 -0.31665265122159352851 0.79141004044616147794 0.52287785032014777453 0.4080351958964913428 0.61128410714835024198 -0.67811431134992150582
-3.1798780521855327663 -0.71760482998570751523 2.62321874852607273 0.90444887034423204764 0.0037893199827642954844 0.42656521422539100952 0.41671174052076309646 0.20601437877948333699 -0.88538658282601911953 -0.091233580688348581145 0.97854162752031736972 0.18475041803640399052
5.8109020580341850248 -5.4691081766736582281 1.9106618664153225406 -0.75630689076849577646 0.0029340797849289404486 0.65421042345081215075 -0.49750338274440464303 -0.65196210562331069482 -0.57222005993247859745 0.42484146588340249151 -0.75824587305636015344 0.49454314762113804615
-0.2598064445741287698 -3.4893668125832508764 -7.0097572029569947816 -0.97531802390647892587 0.0017625328705096659013 0.22079774845149255369 -0.02250335864581633899 0.99396795949884420018 -0.10733729239890874019 -0.21965507299634304261 -0.10965668683553543572 -0.96939520317532124061
-6.2549637041838170859 -4.2565128449753899531 -2.2622370396877093945 -0.99738459489728115148 0.010481174117210204436 -0.071513039725513080636 0.01963580623139216455 -0.91292296301657982482 -0.4076592924375944671 -0.069558644145073816878 -0.40799731443508086004 0.91032949333664092695
-6.9532079213457782529 -5.0310840497637618896 3.3839664165296041709 -0.99940396153406541035 0.014253024509584655277 -0.031441580147925626831 0.03444620413239896789 0.35168057947474062885 -0.93548609238263991106 -0.0022761130771508583659 -0.93601154977521328071 -0.35196192691349337256
-3.2281639124700429733 -1.3352677470027884965 -2.3605685981759134684 -0.99553970895850874001 -0.0027001952619159965557 -0.094304808108911175601 -0.09349336433045112027 0.16212207824673841028 0.98233162555790720649 0.012636404278323038614 0.98676701439118275072 -0.16165141693288706537
1.3200261752923441172 -2.0820073696155052545 1.271939151647457189 0.016308134378403220388 -0.001750529356008426532 -0.99986548115231710376 -0.77554873444668281923 -0.63118213477252571586 -0.011544403062231738816 -0.63107702006269950079 0.77563267620113529599 -0.011651023897784560171
5.0113203394919896283 -7.2697527245870228185 3.2781525970396687697 0.83924337480387378729 -0.012670935579555937453 -0.54360831969289580279 -0.51687217406988650303 0.2918697953936638112 -0.80477026424254605175 0.16886004121764985886 0.95637412654692433023 0.23840053806901445599
2.5114034770504525262 -7.4632840792216965653 -3.9606196271882487814 -0.95936885914158409605 0.0014104469999302897062 0.28215138268082184947 0.18608487949041765952 -0.74852076359474950529 0.63646609029280010184 0.2120938701011609584 0.66310985297067293054 0.71784504815362415453
-2.9552062297012873238 1.4048016500259863371 5.766506528360539896 0.85309269189329117733 0.0051534913384021011074 -0.52173393656658495487 0.046672634043890479094 0.99518877655143600514 0.08614501876194471941 0.51966770562514386089 -0.097840383038525963189 0.84874774531502694686
4.8434796329201823539 -0.1998626264868209601 -2.3868661986668615604 0.63438800132278783117 -0.010102469395129751173 -0.77294877184048915719 0.58044825434951696774 0.6665975418411901332 0.46768316329941761467 0.51052099643423054509 -0.74534935253427780921 0.42874544298037020607
1.0593536660683937622 -4.7982731234418674049 -6.8483789808898816176 0.98007344640707272365 -0.002703318156340737792 -0.19861704790534101539 0.19843100505429656089 -0.032029570489291531166 0.97959136523723444601 -0.0090097658597126668162 -0.99948326583548630087 -0.030854909397601465448
-2.9965589083213788335 -1.5674879493574118694 1.365356046913352106 -0.99940586490663707586 -0.0037759221665328063407 -0.034258715707485315471 -0.031113608893655428367 -0.32878134727302837925 0.94389340978042135522 -0.01482769475497723935 0.94439852186305262016 0.32846852417110777855
-4.8029351932094730415 -6.3914031336205061606 4.2926516632686970709 0.99233594880542119743 -0.0029175285491320470874 -0.12353482397958995276 -0.046517994219072350548 0.91735744559068332915 -0.3953370628125997821 0.11447899773468969697 0.39805377155174775927 0.91019105358769425429
-3.2057632591964062563 4.80500612903178137 3.9025731150149733928 -0.90997550548324934727 0.0060859187403633748306 0.41461734287617102446 -0.10235396982645401931 -0.97224925297564501747 -0.21036885451296816196 0.40183111412801264528 -0.23386823572568363194 0.88534592337524553596
5.2643102544527078379 1.642449811715174901 -4.4890045429980469649 0.81463291603904186555 0.0074287910484237672931 -0.57992932773685368364 -0.52077583170040664395 0.44948149571539325331 -0.72578159120097529566 0.25527582185252856162 0.89325875202705617983 0.370031156397036598
-6.2126565204751633686 -1.0699634136554498909 -6.2656463326048621454 0.93126921979115606653 0.0019247637539689284314 -0.36432668795209161017 0.27665707172234427214 -0.65440368249983305038 0.70371633844673631142 -0.23706223852748431469 -0.75614292009864014776 -0.60995850633396764273
6.5125388910211698956 -1.6091471855614143394 3.9865698495977324178 -0.86831282672826792801 -0.00025056413423722462969 0.49601690712802432026 -0.47110106265206452836 -0.31253812376438327991 -0.82485375065029631347 0.15523087227511889186 -0.94990518390597444842 0.27126282067629087225
7.1171037882325247637 5.8824214371887721953 -4.0718043434470878594 0.74937382454941359189 -0.0025242938638982198238 -0.66214235555558809132 0.035500031143387213162 -0.99840134088781118393 0.043983068359377125445 -0.66119484183483934192 -0.056465834395464951923 -0.74808621874554137587
4.3452441830317418692 5.8075068981040978144 -4.830922036338697545 0.92237900649755677485 0.0059337545656108466388 -0.38624054542386887512 0.2913400746298623889 -0.66724428191187368231 0.68549692134290074463 -0.25364922488981095361 -0.74481531859422600572 -0.6171808583389343239
5.7322399716287080196 -4.8526256153043121344 -2.2124346142843882568 0.56549330672469111381 0.0047622407341199306935 -0.82473913518925190402 0.53639804883790342949 -0.76172489161877354746 0.36339004209158848324 -0.62649377750496249018 -0.64788309944894950654 -0.43330478441386416355
3.2400546606531217542 -4.2261140434832222823 -4.2372047275153867929 0.49857986796343339853 0.0046195292307547423938 0.86683145721136634076 0.7811822900306796269 -0.43583326731976901325 -0.44699395168149153035 0.37572908458619258543 0.90001556822482076115 -0.22090638729769176973
-1.8246486706829290192 -0.60912477185232216659 5.9487480251968483103 -0.26803114904818581277 0.0076512452180739418117 -0.96337986359819283155 0.41432452851183632081 -0.90185622762167405586 -0.12243581899694259973 -0.86976691602603450892 -0.43196852101349925146 0.23855546239817407295
-5.6346868586309826199 -0.55698721741505852201 -0.075710021613486416792 -0.99720555951217149104 0.011609417559956931865 -0.073799007458399165649 0.00060102069721776839838 0.98906633983425362722 0.14747004502909835666 0.074704155520640677657 0.14701359403362651568 -0.98630943030939244309
-3.6772905244017581872 -4.9596411728828027066 -0.63741492596241211555 -0.99639989993106792276 0.0018239831545819938478 -0.084757964243641070734 0.074061497312075133537 0.50526405725294387672 -0.85978085990801800254 0.041256927093156398056 -0.86296286451600956457 -0.50358014300909514915
6.3917181006555958689 -5.5858156739810951308 -5.2010597619028500205 0.22671778007981141512 0.0059075103622409259885 0.97394258019506252388 0.12652674542400851876 0.99132896839650908039 -0.035466309512378738078 -0.96570701089315469368 0.13127062786226817437 0.22400444498399982307
-6.4000323741671865108 1.5928155346787755686 -2.8128736748213070129 0.94371057124758372936 -0.0060376838103377086786 -0.33071725701830706479 -0.084414482589884015651 -0.97112220318525044327 -0.22314986356576962945 -0.3198195629485450775 0.2385062113542424922 -0.91696795707415823529
4.1918022091730176015 -3.0701219198009570555 -3.6457212907167177995 -0.76218856703581749912 0.00020003826290442179581 0.64735504034850122057 -0.64456885897730598067 -0.092913862887178788608 -0.75887943714415995178 0.05999645253388184718 -0.99567413046040076363 0.0709468224466298647
-1.4371219203463723169 6.9560217548615925764 -6.1403794504808297816 0.99824694909021871592 -0.0014675856606546494598 0.059168190985093266354 0.0048807940180288864745 0.99832876927560798563 -0.057583385505472414745 -0.058984798735500547362 0.057771226651816269537 0.99658581110175581408
-1.9134088192455562805 -1.189921434592631666 -4.4977313633572961749 0.98922576236920056747 0.0062466963161790008824 -0.14626472524239006456 -0.13059630780197650779 0.48915280238774039301 -0.86236543315741254201 0.066158865268311786711 0.87217573613424637102 0.48469834933186639603
-2.1623715623269545993 2.7073577323695401375 0.69887938424141304861 0.84887346527691809328 0.0039900847271085032597 -0.52858104314531484391 0.11803348598818973192 0.97329206288800396152 0.19690265743428089773 0.51524939217255982804 -0.22953570428819108917 0.82573084254056938747
2.9873402280313157142 -1.3966040027684216707 4.1802430717140586225 -0.72538621165663341728 0.0074777091181223945965 0.68830148031565674405 -0.53508072920459515132 -0.63516041050655891453 -0.55700975409688080475 0.43301669387250041332 -0.77234405338001976826 0.4647377820193377973
-6.8698107299065727105 -2.1395378610645030548 -7.3641414943001866078 0.94252810504016226734 -0.0012718118645084052626 -0.33412445840433430133 0.018654473792510041508 -0.99823272941552110282 0.056421879897817800442 -0.33360572809362798452 -0.059412123495595103861 -0.94083867786392172405
-7.3183968178445777397 -7.3508428200022590815 -1.9279640599835583537 -0.82547995121486528181 0.0036807119034322722737 0.56441943845192943385 -0.21602023624124422341 0.92178377621630247507 -0.32194708794892640258 -0.52145767582492019709 -0.38768688688733937697 -0.76011891836665790301
3.2924740752034780122 -0.64681323617235242374 2.7238757951292122961 -0.95304082238504173041 0.0034591586547554351375 -0.30282210138797877041 -0.26022303312756345228 0.50213435497723468703 0.82470907754279321189 0.15491018009653592657 0.86478270321107053586 -0.47765438585808189798
-3.13129482826710559 3.9363787593413799293 -5.2141060244862851292 -0.98607896740228329069 -0.01033142741914602758 0.16595641492352031232 -0.0085045875863381699411 -0.99362781338377914597 -0.11238968128819323833 0.16606005551237124074 -0.11223649173754168817 0.97970762367436081686
2.5526033562674332877 -0.29862228311773431066 4.0756407046380003223 0.99971544421815916603 0.010986300836977359874 0.021173846734529440383 -0.0017213992118958257316 0.91854147590817170066 -0.39532087450732561473 -0.023792170484701835598 0.3951719350237546946 0.918299011430050105
5.7749401042277170859 -3.4088328042742830348 5.8996343128014929746 -0.17145304031246458298 -0.0011973586849794888576 -0.9851915657880422339 0.27924675137919002799 -0.95904717241290315943 -0.047431771325408260409 -0.944788392610635408 -0.28324386563358638913 0.16476591203624921245
-2.1215321929213586394 6.460575386558181421 -5.2250439534006769549 0.99485279626399203412 -0.013082379380808358688 0.10048266077012105169 -0.02881556064232947828 0.91416552505754267166 0.40431554046458195728 -0.097147193632003359109 -0.4051299102091360238 0.90908315275528994714
0.36823894594084677356 -5.6808132049137585184 -3.9376921024328876975 -0.91688640733792980964 -0.0091832137391169126051 0.39904258497605610279 0.34776075320118932099 -0.50907594612685669322 0.78733991363825317489 0.19591267077928858908 0.86067261468014943926 0.46995837663320683131
4.621804831264841873 -2.8701613945231208014 5.7723618807874155223 0.58387041652372462242 0.012371485513668067924 -0.81175259965994595035 -0.40710792509360649305 -0.86061925112334025645 -0.30593731698127424323 -0.70239481350199783893 0.5090986652329738682 -0.49745359082395590455
-1.5275516662476862351 -4.810062442730616894 -7.3723224449614521703 0.67842441656821073082 0.00426065063650240064 -0.7346578508804950669 0.24611979107431836145 0.94088165932042544526 0.23273751652043955795 0.69221771101705609208 -0.33870865062870819662 0.63726846033957873505
5.3320437356993748423 3.8573529909780588376 0.13995734061566922346 -0.63764559950752974782 0.0093628344491957019025 0.77027295600954825971 0.7687171652709129388 -0.056934591858807288844 0.63704974065437969255 0.049819767627916261565 0.99833400702422625539 0.029106720401861949088
-0.67540175530391033387 -0.15134967126513496072 -0.84163705129549448714 0.9162936070616974904 -0.0027089619304454404941 -0.40049804891287876796 -0.39858600509744440687 -0.10399641200294876264 -0.91121564013741862542 -0.039181911621568747683 0.99457398307805866544 -0.096371001789448795805
4.0152904134464151298 3.560893340913682259 -4.4744410806578525097 -0.98471265659092754863 0.0086352255744101217433 -0.17397245997201540857 0.053804032447086320989 -0.93485035815755868072 -0.35094149647058492381 -0.16566867549979946705 -0.35493695317882312246 0.92009436973936797877
2.9692757058148804283 1.631154615182708767 3.5409290157137656152 -0.98951575396908819648 -0.008904388291182407239 -0.14415021510982009567 0.074205222409336843437 0.82493364023811988073 -0.56033746454311750274 0.12390382405001335031 -0.56515944747711444052 -0.8156240808811466847
0.83648759380017134735 -7.4604744351505001276 -1.0262594655940222577 -0.99983916669666805799 0.017929062917604050853 -0.00043524968612264781226 -0.017204244380236398404 -0.95199945699045007697 0.30561585015398551324 0.0050650483411957269997 0.30557418508920358713 0.95215479975283490166
-3.2154553894801662928 -5.8800164250690940548 -3.9289818132956537688 0.95058390248876989403 0.0059405836390410363818 -0.31041094342066544165 0.3096370190362155439 -0.091233010963136629279 0.94646788331819808882 -0.022697153381684643386 -0.99581185330193189298 -0.088564056206483887657
1.808269147647036057 -5.5776463274662653191 -2.8325289975726892777 -0.95829238528562210586 0.0028717058678477099323 -0.28577518718239053319 -0.09331511755133761743 0.94199956586036637241 0.32238037588440443537 0.27012588387652342048 0.33560180456068289256 -0.90244303733567499126
-5.7858790424310440059 1.7043515515157063867 2.0310709094059173907 0.98399646081520319996 0.0016420510690864915763 0.17818043880130807199 0.16530159545990796843 -0.38177035730877817432 -0.90935514339485568058 0.06653080220124774069 0.92425575353824940272 -0.37593211409756965846
5.3002787121828651706 7.3657615410636880782 -5.9702125139167518952 -0.9121461410837096162 0.0078257375162777143007 -0.40979040391200349802 -0.086254483760783179358 0.97376213422313828705 0.21058838995602097155 0.40068638776128523427 0.22743364699496435022 -0.8875383681156190363
-1.5817486048108051477 3.1874726679637390703 6.883825335813787305 0.93212267079367971956 -0.0020656614663847969876 -0.36213679685319910551 -0.29994517639300072309 -0.56475129091667342074 -0.76882304242689603058 -0.20292909537804365572 0.82525857308528050016 -0.52703706681637929599
6.5494968424532293838 -0.57369744486904805658 5.2016355368043729612 0.89865151830608291927 -0.0010715295673552451342 0.43866194326670771009 0.42457057529988073696 -0.24931192856207878839 -0.87039266361002620709 0.11029630653688635156 0.9684226422905223286 -0.22358960320923876308
-6.6283013454597021763 6.4688062328402242684 -5.9408842705695432684 -0.58466015469885301847 -0.0099202817221312623169 0.81121765976712556512 0.27663804821918358545 0.93755871624042330659 0.2108436479460290558 -0.76265581606975030304 0.34768554990433381269 -0.54540889670299730341
3.4581925715397825449 6.0408948922311092034 6.4175036426321963035 0.99841047177928254897 -0.0028229599463733216075 -0.056289970142226669614 -0.046768074124317174367 0.51586521450490097074 -0.85539220694748574481 0.031452775460522684747 0.85666511039081694179 0.51491320778832561089
-1.9347455934133623856 -5.0522576638307032937 4.8264145938138209857 0.84434697490440557832 0.0099084425911389537034 -0.535705150932079599 0.40784902730155653261 -0.66029088074654163076 0.63061487750609024339 -0.34747281461859180762 -0.7509445888801321578 -0.56155575638823496121
0.97060508793530142491 -0.50895029319259643685 -3.7854470812198517393 0.1891856444558209227 0.003408863777042003048 -0.98193542128775601618 0.91903972633317565499 -0.35276788345641196809 0.1758431170766550089 -0.34579585502638360284 -0.93570465428442928246 -0.069871500607779274405
-1.4547029636336119562 6.8223085804484737693 -0.15503647352409935523 0.99101352454152713545 0.0048210361401594811412 -0.13367479862058329054 0.13375788937579077831 -0.028167143158435919287 0.99061366792308624962 0.0010105471045459618259 -0.9995916014337378197 -0.02855887143635228026
-1.6322767231376960062 -3.8098491268334728765 3.0253678820607472488 -0.74931293033271950677 0.0039350184363196325302 0.66220438541729509385 0.66143580754099717822 0.052976366064547086854 0.74812844962689006856 -0.032137282689473842257 0.99858801328091695293 -0.042298638191366727535
-3.370837843407141321 -2.785557224404674681 -7.0890965530974847653 0.81427689184659468591 -0.0041556281234168910427 -0.58046177665677900492 0.47475933586505136841 0.58014405139067548589 0.66184322361488923114 0.3340010724737806358 -0.81450329059544412935 0.47437081823774757128
-0.92877515766623408577 4.5852534586642486047 -0.14886205125572102292 -0.96265029127114110086 0.012650459308283191692 0.27045218171594165302 0.26982532723685354048 -0.037566099152844915909 0.96217622137322456055 0.022331804610314372195 0.99921406819247271525 0.032749601968805795715
-3.1649290432278016638 0.14648937903927897186 0.85336002667309795999 -0.99849962250864165991 -0.0089875752492002240757 0.054015991531449571161 0.054472605170284432718 -0.062343094324062577061 0.99656714469019436198 -0.0055891981487149119956 0.99801430955741421425 0.062739132786586354618
3.3985148686297956822 -3.3663041164671878569 5.904618817104879902 0.43117378063467043381 0.0066236855531292253979 -0.90224458861386191977 -0.13985197501135995801 0.98837842162075706387 -0.059577854609478689274 0.89136445743516756757 0.15186909647500212994 0.42708919625441876811
-6.0857834015065739308 3.9854955636140068087 -6.8062682010987165526 -0.96342468688049420766 -0.00426506508977116984 0.26794529652324744484 0.26462096984623661999 0.14265690613255471719 0.9537424964057245047 -0.042292020840862087905 0.98976301019604839837 -0.13631055946153139424
0.15447579572414668614 5.7081977438874043074 3.4374227112053126199 0.98732558128667891051 -3.3747731909231776237e-06 0.15870789685907499278 -0.056351736493283302587 -0.93484878937710569335 0.35054560729590916734 0.14836670223142633951 -0.35504611107420530614 -0.92300031456129782992
-1.3549489121228133204 -6.8513241624658602902 -7.5127573143111794352 0.78596680634654880748 0.0011279415143563963769 -0.61826766620092243887 0.46881278083281352487 -0.65303025642541412399 0.59478236416418583943 -0.40307661287816642925 -0.75733097912397528972 -0.5137888984882770238
-0.26075306921161284235 -1.6013799694358785697 0.50916531167801859503 -0.90567902534067823428 0.0095919240162147083317 0.42385551553736533492 -0.3739072749426391451 0.45318561007988372724 -0.80920711351384266852 -0.19984707354074671137 -0.89136457065010588074 -0.40685421146527900316
1.7831665491999202366 -6.0509695253401032389 -1.6466864431072238961 0.94614072104754920467 -0.0016811667765712842715 -0.32375130834324694629 0.00057793744894449501637 0.99999369481651745328 -0.0035037573366522994922 0.32375515743232019528 0.0031279394875862245873 0.94613572706589377237
-6.6550586358620709149 -2.2097175965769473294 -4.2130105799359638397 0.48696709351154138234 0.010614284807140399527 -0.87335581912234583335 -0.11330772916614878509 0.992244019777410724 -0.051119113129859367062 0.86603949583615957852 0.12385129056258084579 0.48439286687350119331
-5.5048718256260524839 2.4942206764955954235 -1.7776988359958787456 -0.81231499613901636536 -0.017292778489507054651 -0.58296252611967513957 -0.32005477502955681501 -0.82238636636621775811 0.47036752162088946161 -0.48755439494318114635 0.56866653165722935714 0.66250214169043752932
1.5040237234231930152 4.1874340854074700857 1.1947965118005254848 -0.87853233285833987054 0.0043482618541050201827 0.47766309543583079789 0.47735645637221263415 -0.028969717317556098468 0.87823207014905824153 0.017656547857546528446 0.99957083195610763049 0.023375162467155537888
3.6122197268113929169 -7.2661618739165936276 -1.8987224783428082731 -0.97662307565560668721 -0.0098018559960813423509 0.21473539930827895139 0.027856700164476558973 -0.99630720747223966427 0.081215470169063719297 0.21314636368701878055 0.085298721900571847221 0.97328965662287436622
6.2506122186842398847 7.2963670145158285862 -7.0399153685906750155 0.98129390262572280257 -0.0066158758299139242692 0.19240194088523554505 0.18890124414768527661 -0.15966127754826112128 -0.96892961375482011821 0.037129457696984419224 0.98714968806087088904 -0.15542489096816711203
7.0087482337646278552 -3.1036989527772842479 -4.6858873694485483341 -0.98447517390211847221 -0.0052876714671258075173 0.17544421478314814467 0.15151232244927992365 -0.53023218977819486231 0.83420491551475950409 0.088615168658856352524 0.84783598971355189633 0.52280157462466103624
5.0832068223136879226 2.2933234242418971682 4.996137192021564033 0.50840555987560376305 0.0038740460476177247806 -0.86110903981711928168 -0.77547130525428864534 -0.43270823679527559147 -0.45979107922717110668 -0.37439022612093919573 0.90152569213353872524 -0.21698706184547594811
-6.1201960855781676329 1.7582236191308540096 -4.1502162339952697323 -0.85601901416994929939 -0.0031739159955911631396 0.51693459319017465159 0.4731207090197610543 0.39812393274727142511 0.78590974600803509276 -0.20829844472794079024 0.91732614725135241951 -0.33930001104151558122
-6.0885620192850584687 -4.6151855255416087687 -6.3818837943718955685 -0.96953089229350741807 -0.006130165657721160441 0.24489236402483124944 0.22383173503996636744 0.38406175023158595216 0.89576555325494289228 -0.099544981177677405171 0.92328705887069539848 -0.37098760578260925325
-6.5014525013717712199 4.9389072221204175506 -7.2521924625283258337 0.84684003739056745719 0.0012935761367754202572 -0.53184610342951710305 -0.53065711459734588029 -0.064818223069730243613 -0.84510450518572521883 -0.035566526391869648926 0.9978962494262484384 -0.054204221067749962237
1.4207051041164520111 0.76275490665205569751 3.9234199212930649381 0.96954018155591081829 0.00039681876853115468501 -0.24493198828129764122 0.2377432141521825526 0.23897701912198188179 0.94147126799281755094 0.05890670991628189912 -0.97102514224219782513 0.23160348153781490366
2.1120827410738121088 -3.3097094254947450054 -3.1754563628880863035 -0.78262048917804694081 0.0039481879712463842369 0.6224866116878481348 0.55060514804710880554 -0.46212612058769131362 0.69517869617426719664 0.29041201914317377186 0.88680542425169528453 0.35949547793384961647
4.9757684601457592422 -3.8000502756238097035 -6.7185196206526676121 0.8209247918357003293 0.0062316281160181190638 0.57100232307804110743 0.37943713194134021105 -0.75322221245429432646 -0.53729299415645537241 0.42674342297639783483 0.65773662318324599418 -0.62070329906466736869
4.6197344182619080044 1.780336159929593487 0.96664819370635801654 0.8983800819658446235 -0.0080851872810006625986 -0.43914446150830938054 0.33414868366966743451 0.6614819460180720867 0.67140620513509630118 0.28505768807143178067 -0.74991750535557955004 0.59696385956989639343
5.1235092459428548395 -0.46124488464891350015 -4.390026883365945487 -0.8270537888900086898 -0.0032256774477403228271 0.5621135341616516623 -0.18933580152381215833 0.94315107876026826883 -0.27316294934475410239 -0.5292768505650744526 -0.33234866877786295447 -0.78064740940939025826
-6.9876166654121414368 -5.6913088739957684581 -5.6868187817689230812 -0.45371904766347359583 0.0055586107444289302448 0.89112744746972738508 -0.24664742121527549745 0.96013248327271227822 -0.1315699972354560654 -0.85633175545180539867 -0.27949010073930757869 -0.43425937893558697045
2.3992043849253561483 5.5895847566857241873 -6.7308155144449965945 -0.99719080735227394463 -0.0049142211600887450787 0.074741850141729945789 0.034184525350355147999 -0.91772468406459850598 0.39574337958472755039 0.06664767031780287343 0.39718667486328751437 0.91531460894727112443
-1.5506268121504622748 -5.3480983833162136776 -2.5823544663602597815 -0.95952218263819821775 0.0013250385010849608045 0.28162994389494211411 0.20568979533115314129 0.68636608652534869535 0.69756240105422873121 -0.19237694540119959496 0.727255003104767761 -0.65885603232966793996
-7.3548316009113179348 -4.7091833862155692003 6.9854260041165288087 0.23148258018939071867 0.0064634767073729736814 0.97281757721462869259 0.72624308508533408357 0.66420101010240351069 -0.17722302205075179948 -0.64729189430631084434 0.74752608091481742569 0.14905690831851928224
-6.9984125365588862877 1.571363666069506726 4.2988086933984712701 0.88929651122023467558 0.007601897199831892174 -0.45726789335199446995 0.099019939020653355288 0.97294338363830468186 0.20874918900658365195 0.44648266126238461693 -0.23091856441943128808 0.86448241728711883169
2.6241694003031499349 0.43275140672211587223 -6.1109021988588585472 -0.87783804582475288836 0.0084445031776615511743 0.47888313362302470377 -0.088706042875652688084 -0.98541335264286156193 -0.14523003267409995143 0.47067143875515665696 -0.16996827586125978771 0.86578241027453017864
4.2070941024130652508 1.1855277593122783841 4.8432858829000329237 -0.90700889105682902525 -0.0047612596037107908845 0.42108455439590036784 -0.38870400962385820431 -0.3752063024106866429 -0.84150426233835506906 0.16200019890777608844 -0.9269291024874876106 0.33846473156823164707
-1.6571316940468030499 2.7090388378159291349 -3.8153849988364010315 0.95194596310221202273 0.0059056982359921485898 -0.30620908879686120629 0.28744480974525143946 0.32786134909876940569 0.89993467380563474389 0.10570886757484337926 -0.94470739305645756723 0.31040872542594016847
6.1525606610384073747 -0.61629027766290167545 -6.32924986286501845 0.90744704265295395018 0.0041636432332769774539 0.42014584236380059235 0.10783461281229629602 0.96414979489475316488 -0.24246003646825695088 -0.40609304483107261374 0.26532590729060712142 0.87446589519569850601
