1125 14.717824617146108679 14.977075390850430381 15.033177056927090831
5.8251079181737077661 6.3372113047855975765 0.67306161553085097626 0.92801590625959506919 -0.0031877649997749642544 -0.37252693309804801869 -0.075841374956085380599 -0.98063930694064305182 -0.18053984470985265376 -0.36473903489195635963 0.19579680241865268786 -0.91029063962489853434
0.0043678234279488706293 3.9091816884266292753 -2.7556344732671962383 -0.99835538606459184319 0.0096079196432691787305 -0.056517351281960684362 0.049785361890688203945 0.63410880838943095572 -0.77163944745218626675 0.028424300470039732397 -0.77318413525049944912 -0.6335442779631235144
-0.08303590746941427736 -6.2465121387438884426 6.619031917774070628 0.98398885264680047147 0.0043526294276596960708 -0.17817685731815682826 -0.0418289920580205421 0.97741981284460255353 -0.20712519132683149259 0.17325205133022919535 0.21126183771762022112 0.96195226629705032906
0.36871053268422526727 1.4083095547183435148 5.1832096602528539009 -0.95104614276692567287 0.0025359183574689544635 -0.30903851450306674131 0.12509927271917195557 -0.91122089758897073519 -0.39246228833130158975 -0.28259760489663854344 -0.41191023890560785059 0.86629587831838517076
6.9866167169518558211 0.17339684006592381849 0.15646178295317911267 0.99996991561413295369 0.0055567132026872658596 -0.0054120980309026629762 0.0067026903171698362649 -0.26782676978813990676 0.96344376863801794997 0.0039040759758175386587 -0.96345105964095179019 -0.2678559573119756454
1.2437118616529447834 7.1436069231499441656 -5.1182161999623918547 0.5798452441089028131 -0.011644562151620390517 0.81464341711980603478 -0.51556421249799977424 0.76898659992047369016 0.37795919347735751348 -0.63085104079775167207 -0.63915883261914030466 0.43988970323178766542
-7.2684005398201234627 -3.9512272077241101798 -2.7042444196956632041 0.94136676304242161706 0.0037214302503216366465 0.33736444447500640864 0.33224947686410988279 -0.18402863647757744525 -0.92506418484330521501 0.058642156871783750194 0.98291383748183047686 -0.17447488508183217615
-3.9564717429541156335 -2.1040880745587706713 -5.4616214174108330681 -0.88877249687419457302 0.003828351950161306208 -0.4583326221440923165 -0.19171774533182908695 -0.91139184841149389893 0.36415546786228858434 -0.41632650038757895716 0.41152186135175272685 0.81075397174759378238
-4.2708846277138068359 5.5230638060963475056 0.0015099842088902794453 0.98254430698041639314 0.0026302292105390601314 0.18601012530158503311 0.058164589988844779544 -0.95411220316891243165 -0.29374612207768058258 0.17670191083245953556 0.2994377826169077883 -0.9376104996476911646
-4.280295539087951795 5.4388960587738246488 -1.8983793012087755159 -0.95921805337058085872 -0.0037646197617305170689 0.2826420947522619298 -0.22659535368891670082 0.6080042397096460105 -0.76091089503416919904 -0.16898305173748565111 -0.79392485295095138742 -0.58406168860179197289
-4.6281728407620548182 5.5929130014802268533 -3.1292141559069821533 -0.79489787852895277265 0.0034138884245209157216 0.60673363849059425146 0.59955931281589702753 -0.14900582975756593296 0.78633700988449095615 0.093091316060946116551 0.98883042432164669489 0.11639758936491122199
6.9232455602672864359 5.0732824973452386175 0.43934881809832060373 0.92376001685785114059 -0.013454122424303336172 0.38273544106148660315 0.36852814061971267412 -0.2406461264180703441 -0.89792897904636537199 0.10418464774674740525 0.97051966926466148866 -0.21734104707603488227
2.6726872430155741434 4.7123198868979789822 -1.0974374338678143381 -0.96199461557204468676 0.00051513430447804042789 -0.27306792973005711289 0.10243893319869715186 -0.92628565236856696963 -0.36263088007147581404 -0.25312570903710379655 -0.37682174148121233559 0.89102904025156604018
6.7277112661771010238 4.8877402967550818147 5.8190183340126093725 0.99783079846795186274 0.0056576426729287726536 0.065587260259142826646 -0.0040604525025973014357 0.9996925654047568166 -0.024459914146549920771 -0.065705481920397781903 0.024140541708178867714 0.99754700334958978925
-1.0731183371185422093 -2.3261242227234153468 -5.0047847988701361643 0.97186235279471921977 0.0066962921970987717216 0.23545429894374245161 -0.13116771739588070633 -0.81488658816992476375 0.56458380984037215278 0.19564916849659819142 -0.57958175272478640316 -0.79107925947722201876
-0.51946658729641181917 6.082196127200979241 6.8128841570836780051 0.92612110545458647959 0.0010157135752974716728 0.37722495457953197917 0.30369070490942889906 0.59118051393863080278 -0.74717973452898978071 -0.2237669631183682728 0.80653863408087800302 0.54719628832036160127
-1.5974725201162640609 -0.76830073178992908112 -6.0772179101548617908 -0.99205374838718884956 -0.0010694063987036700816 -0.12581024076328481409 -0.05753789638145599683 -0.88541266391448258943 0.46123075034070126765 -0.11188722353763908002 0.46480455134368903192 0.8783154207113331724
-5.553177904015715427 -2.9278635022953394262 6.4724281654204842695 -0.91979857624204153232 0.010475801863854841689 0.39225098689283527387 0.016607761326639377403 0.99978712624112908713 0.01224273116640420267 -0.39203923452487565715 0.017775257466567207648 -0.91977675487876719984
6.0933202723554096281 -6.2226472870933084991 -5.3043473753092333922 -0.99539295127393423446 -0.0029131398602147149171 -0.095835203188505940775 0.091614640199796301689 -0.32369197914299158159 -0.94171665608057908425 -0.028277734263795574476 -0.94615802921852476537 0.32246760068300384106
-1.5466138848069861389 4.3231382228324637396 -4.5271046347419181544 0.967687964931963851 0.007165086476012572439 -0.25204893187928112397 0.23833600362929474592 0.30033317358002298292 0.92357779002160855786 0.082316170341540942368 -0.9538074472258096792 0.28892109946689820132
-5.7650483263115726018 -3.3590833485324509411 -5.9631004964078906383 0.93049950519046120689 -0.0020269529244432600568 0.36628754046809852696 -0.093897620666486672492 -0.96789035238704768105 0.23317697697080277952 0.35405353786326071441 -0.25136459022288720755 -0.9008118200315804458
-6.2723565784384982535 6.4829157195696538452 -6.4862836669016052937 -0.93297720905709213834 -0.012657579278896749844 -0.35971282026989842562 0.24130319973790789745 -0.76353032484696525817 -0.59899433122138279195 -0.26706982827726399865 -0.64564791390192233234 0.71541070588716892953
3.9396722169798974456 -3.2100441626837663556 -3.4699400730110521174 0.67012043171151880472 -0.002290972541245688953 -0.74224885210262647739 -0.48648475836759658142 0.75390807578878005213 -0.44153730661918522138 0.56059895369046597313 0.65697592399212323411 0.50409468199519669174
-7.0955984347909986099 4.3461232019729187925 -5.0214722108031617509 -0.99278913990916906052 0.0022840643449539435941 -0.11985202012720778952 -0.11692889819091743797 -0.23870607979944197252 0.96402647278725051017 -0.026407507386525551352 0.97108917742752876023 0.23725187678245629463
6.8561995230396250989 -2.3000925236647540295 -1.2066145957414595724 -0.99936053533830160323 0.0053959346961617964122 0.035346913543358164655 0.0009635197047697673144 0.99225269742478261481 -0.12423226667412079482 -0.035743419507208655517 -0.12411876708213326337 -0.99162338597879162716
-1.0021014826314209589 6.5275832023259017234 5.5041027547709910905 -0.89911306451731565215 0.0034012359218824356893 0.4377032428579345491 0.17595901023403312524 0.91842355402521058672 0.3543114479228161029 -0.40079187108974878573 0.39558388112500025846 -0.82636509429090176937
-1.8567309236308582321 -6.7878657736390648481 4.0903332433586339079 0.55981174993507087922 -0.0037639569685049326618 -0.82861127029673042887 0.61002446085779837848 -0.67489213307725448576 0.41519966987666362401 -0.56078602139311417574 -0.73790679718944862664 -0.37551644021495278469
-3.3898605455910058026 -6.8180507132731618114 -4.7938460639186706302 -0.049739797877216621047 0.0019020658883604378217 0.99876039902089008837 0.22578837932570841596 -0.974088294748373551 0.013099686853033844225 0.97290573041210426375 0.22616006760599310921 0.048021490521062137891
4.5327951055453832296 4.2587447822952082532 5.1165471068908496832 0.74252092233447619662 0.013504321835744808114 -0.66968672764768422123 0.37102953006151695448 -0.84069164207377722331 0.39442952573247769266 -0.55767353148413056907 -0.54134572709033002003 -0.62924163565601265447
-0.75441196983103520068 6.778804182288235225 -3.0331595081551534498 -0.73154094398902669294 0.00011727917203335769258 0.68179750183846954403 0.6664235522700564518 -0.21104008959306788662 0.71508162440673894711 0.143970470053171401 0.97747739965186952737 0.15430630875808240554
-0.10744550031596684925 5.1828284942575786332 0.77779249063279387588 0.9957487619724049166 0.0072207974389984844188 -0.091827354936595814716 -0.061388532074622678691 0.79526666173590032649 -0.60314375140687692678 0.068672055160997849677 0.60621679027862784839 0.79232906801664160223
0.76486917915259755585 -6.8215068314979214747 -1.9019315017971931692 0.86280974011856237382 0.017641983215223380754 0.505220855453303197 -0.4571527125363342714 0.45385382535634760659 0.76487129808233611516 -0.21580257129464872068 -0.89090149042289368264 0.39965458158885047713
5.1267907573352413664 -6.8831686525392239417 -7.1427779694474882177 0.91184764409050711453 -0.0082745193088670874332 -0.41044537553356591486 -0.3732685360858116197 0.39948028860824341679 -0.83730884324831622578 0.17089316526692491238 0.91670444056075417461 0.36117654231880808036
-6.7893381112686412848 -2.5394068816249792953 2.1347826618357030881 0.99220597917373598573 -0.0042711843402220726548 0.1245353438841117627 -0.12155043885570354645 0.18688064415601091106 0.97483389131372388814 -0.027436940536113122585 -0.9823733413648062518 0.18490492819245213374
6.776256019825671828 1.5182980472110736425 -3.7609060142911094893 0.76976642050254195926 0.0023407377859495396774 -0.63832137580797321252 -0.10201832958095073678 -0.98668811816544854665 -0.12664445467765481079 -0.63012055854118886877 0.16260712904946297841 -0.7592805827137354413
-1.8264051367991753771 -7.4882413841909585273 -4.7354029926174847631 -0.49878189624983576556 -0.0015079909927124095226 -0.86672622317338654518 0.86405973921734346987 -0.079264931254539566785 -0.49710948264626231285 -0.067951357874120391078 -0.99685244476616541309 0.040838907021178469381
-0.43956765375407047536 -4.1234793804673621764 -1.3061454585872920298 0.94295437032567996916 -0.0055603519592491738519 -0.3328755592857933765 -0.14712548141230838428 -0.90388825044212106619 -0.40167166122560110653 -0.29864887108928778181 0.42773252529900740448 -0.85314344549926179884
6.0233188546284006648 6.8680406010188042032 6.8412477583245374646 -0.97486763536194853685 -0.0052119068272173671788 0.22272388635026840742 0.21507199487121292369 0.23876022337675575913 0.94696229743070792217 -0.058113084119435443053 0.97106456621599701595 -0.23163867918340702579
-3.420768798838153657 6.2626237385919720779 -4.5481063557135916753 -0.95914866046181490589 -0.0084546147531224247196 0.28277617760991824447 -0.28136868558727379241 -0.0754363805416222305 -0.95663003050383954573 0.029419549711469046571 -0.99711477372466750246 0.06997583950642588535
5.27377049708239376 -0.60222705101613416279 -0.084950958669787010602 -0.99997710688515195621 -0.0049539096727812875418 -0.0046091739770168288146 0.003043598135596643512 -0.93767843271415340922 0.34749085359627368552 -0.0060433613317698595471 0.3474688699749383658 0.93767204404431814257
-1.8784494386249979136 -2.4622079769309097586 7.1414494057595101495 0.99086995243541775569 -0.0053424724356926842073 -0.13471523799839410507 0.13127369558391668858 0.26593837955931448613 0.95500994503981184724 0.030723837788073273675 -0.9639752259604766893 0.26421167560486330528
6.5253841457093084699 -6.0927033748417782633 -1.1366739168628066103 0.67039597693863506311 -0.01447336486548817143 0.74186235638016662097 -0.63188340449658164655 0.51297141578544236395 0.58101952609945939354 -0.38896349086551307295 -0.85828366423729707257 0.33474849436133757852
1.2380778543551582693 -1.4720502669347839131 -0.14396236394327038832 -0.94159164554423924187 0.0027332702600397175072 -0.33674575316554766768 -0.28571387060807207359 -0.53577769579575229564 0.79455008956633044193 -0.17824914357009469246 0.8443546588499100114 0.50526473545567585077
1.7994376958026934155 2.9835137727531266805 1.9276504812904022845 -0.99058951317862287134 -0.0038312117312600557119 0.13681278521119205616 -0.051186449391597214909 0.93744025900302652143 -0.344362756695664185 -0.12693448617003130763 -0.34812509621831683182 -0.92881459592518700319
2.0774465378920758951 -5.4640906825477193465 2.1396453345011652303 0.95055419527617524 0.0038700973451884484317 -0.31053461029229356694 -0.3089611556409086468 0.11307775568178768388 -0.94432855801089843339 0.031459913348018495038 0.99357860459880364967 0.10868224480402056964
-2.9031174053621660036 -1.7196044279231639251 -1.8032267030245754391 0.99835030163516946811 0.0088814026425389075436 -0.056725619539813455783 -0.03978802501619808224 -0.60527511287365598491 -0.79502135241835891755 -0.041395510509958932666 0.79596680736254066257 -0.60392321803916459988
3.1228918503519671468 -2.8300237284309601726 2.443023016195371433 -0.99997559882567743639 0.0064353286891166636141 0.0027181423518882127932 -0.0063193710315626993451 -0.99915111850603044452 0.040707590666811621638 0.0029778016972494547598 0.040689420403753701061 0.9991674052751363666
-0.60149740837704868124 4.1099747398858594849 1.0424680914714252733 -0.92893122441607778317 -0.0078630573875429470715 -0.37016881639782867053 0.15246504808234642714 -0.91919827921711627639 -0.36308254240246740085 -0.33740360018537862707 -0.39371651706871335641 0.85507082441701198761
-5.6408891192641981149 -3.7604892103660945146 1.3977958501062801577 0.93111707401669907558 -0.013692177902829814201 0.3644633297587549503 -0.32944595672140553066 0.39716688785394049788 0.8565768061256314736 -0.15648116843409212717 -0.91764425975248797851 0.36529803786610909322
4.1726582074608007389 0.79922769401460191929 1.9729843210213031668 0.82498295586453840311 0.0024003579282347912126 0.56515251111079356505 -0.46628086011255354126 0.56795177281844666517 0.67824254013229534621 -0.31935134573964080174 -0.82305833452691323782 0.469669773287570258
6.9311835753068526955 -3.3242328383860324514 -7.0708806112046218573 -0.99805345449298121796 0.00058772835342018291127 0.062361498938012432935 -0.028665159987015829263 -0.89238876961820567946 -0.45035607297146540429 0.055386014275670150675 -0.45126703672516982335 0.89066854159556108073
-4.3589549355643146811 -5.0065205012573938959 -6.2269883174789697478 -0.87325624306549554099 -0.0033996122846787846586 -0.48724939875146294765 0.14244585005940557654 -0.95807237517155607875 -0.24860913847668475452 -0.46597501408143010559 -0.28650613705397004471 0.83712694358879724543
-3.9402073481490798024 -3.3654213724353789772 -4.3105738908853608038 -0.95629041064463637944 -0.0010848190302633524754 -0.29241660978270656024 0.12615814241948167251 0.90060967932371605027 -0.41591625191832209962 0.26380442303038859064 -0.4346274596434875348 -0.86110754131727385019
-2.446612428766996139 -2.3074054111197788153 6.2062942941654783979 -0.97366260449968677904 0.0074267362890321026933 0.22787271926851307424 0.096149997865902184224 0.91961942888658754214 0.3808612397250421 -0.206727623962477014 0.39274030809512050499 -0.89611312895651362709
-2.8165930135137182688 -1.0919976983521291203 -0.0082869618478392734207 -0.96988381483074936895 -8.1719433899148444245e-05 -0.24356801729977317628 0.21963809924659671857 0.43195912032275307624 -0.87474020356299697632 0.10528290976582051208 -0.90189318197441425973 -0.41893221076836523187
-4.3864962261230697749 -2.891663658159149719 1.6659971351027629272 -0.99331738046059303571 -0.00041957365371235303721 0.11541406167682095874 -0.065377247674029040359 0.82613306531856300907 -0.55966952201619923901 -0.095112549967735868228 -0.56347491722811360315 -0.82063976292488138853
-4.6182727618313803575 -6.6911012960339606437 0.041507070452217069423 0.9918362586328919317 0.0074287627274515089654 0.12730141218929408309 0.10709028142125188998 -0.5904904359324824048 -0.79990794263918463258 0.06922794006879602613 0.80701044513474529118 -0.58646537302491497101
-4.7371781461356148313 -4.3448901732027422895 -4.4960166085302288863 -0.90898160088440871363 0.0094415658176189090622 0.41672929593271862414 0.40228416934475869082 -0.24198392577449034935 0.88295595969529183655 0.10917827782254362068 0.97023432041008095261 0.21616074377650310034
-4.9697821191628230864 2.7132206924373751811 -5.5336834087883239874 0.93479115610217655696 -0.0027636431744687238454 -0.35518707289195838861 -0.35322848564384606851 -0.11238647953311725614 -0.92876203418740088669 -0.037351457841480403821 0.99366072755985701548 -0.10603408462637273213
5.4057019976533773331 -0.18016654647433091863 -1.0596846263826165124 0.99566104877785410743 0.0056559381005180627347 0.092882109744904323145 0.091858890777062787714 0.099728980027502342476 -0.99076539843079547421 -0.014866745833304741836 0.9949985632687023962 0.098776712647500694575
1.9607324748319983065 -2.8433411816338347577 7.3517938274679028865 0.99865496135530884558 0.0030722318011725188724 -0.051757410600576314597 0.010094944817447302349 -0.9906605333480129616 0.13597720307341931711 -0.050856270502780728804 -0.13631679668444668385 -0.98935907065746164779
-7.2114532848422552291 3.5097929655564046314 4.0744269843192935099 -0.87897175151269602011 -0.0025019539077940902358 -0.47686727741505813283 -0.45845763559480301463 -0.27078230777001549567 0.84645941318148565369 -0.13124502431505299938 0.96263735748484147159 0.23686295946634042253
-2.0965474540961115402 -2.2339366805845726205 2.8755266794278169229 0.59916861068834892379 0.00057819103637928546957 0.80062265872319227089 0.20233976018675028929 -0.9676464904521431265 -0.15072787055940101153 0.77463255638622485755 0.25230920556121561038 -0.5799003943572611508
-3.4099991677058234529 2.6194222686051817917 -4.7846603914763790044 -0.98846029654317846269 0.0051970758400607507815 0.1513909923361846932 0.022354957420077609803 0.99347306173384508643 0.11185495736855324833 -0.14982155397859617252 0.11394852351786137479 -0.98212485761813861362
1.1112175239596480125 4.1036656088303100631 -5.0460757062605310352 -0.95558763845410621407 -0.0063103223638535802312 0.2946395171483287001 -0.23271995817322363442 0.6295547151062970137 -0.74128421118713128113 -0.18081395494146035308 -0.77693052489855440879 -0.60306324144259459974
-4.2348401048167225724 -1.1560271775344992395 -6.1032881369440872277 0.94829422636756866005 -0.012824415339670089398 -0.31713340191352124009 -0.29670285639782939535 0.31903060569997848672 -0.90010382047423687091 0.11271856654275103082 0.94765764229391036277 0.29872984075691200179
5.8381314152654457672 -3.2724034737224316771 6.0337608505492346112 0.71490978647806635582 -0.010389230212829605668 0.69913951475621993747 0.35457409141561613275 0.86717762627265759789 -0.34968582783520923973 -0.6026451782721703454 0.49789057872949904482 0.62363752350034329375
-6.0446588504400819986 4.0367132791136750569 -1.4991362348901500212 0.99757430984362527315 -0.00080655291890245367926 0.069604926639505168562 -0.045656295865184264027 -0.76238635887444605732 0.64550952157974395007 0.052545208991613710781 -0.64712161861166994647 -0.76057387000701071056
0.069445034513934356113 7.1530600155388253114 -4.8194171259197906565 0.76512477334656037176 0.0038254345656347759491 0.64387067588276825081 0.6355730857820399704 -0.16461674330162515134 -0.75428653736778183969 0.10310641997884864574 0.98635018825713183244 -0.12838369165906229896
6.6305843101188264299 -6.816213851969648907 -6.3131971209481667628 0.95951786777089542735 0.0085040601427330414497 -0.28151934638566683544 -0.011881939623747487036 -0.99743195355223535081 -0.070628022369602985742 -0.28139701657819471414 0.07111384530560604933 -0.95695273658979074227
1.0220023856886111258 -3.3526341364610923179 -4.1638003788998148025 0.99172152372765121076 0.0063475124324038033341 -0.12825025715824026062 -0.073512943867658511743 0.84696928819639150099 -0.52653477751815580543 0.10528184296991961733 0.53160392581135718082 0.84042429736577684007
4.8060082396448748909 -5.9873984595424722954 7.3165868132910159005 0.99894470215683894843 -0.021752170345936173296 -0.040451515645052366077 0.0083717517497914357288 -0.7797485261447677507 0.62603685973571454593 -0.045159670120319961306 -0.62571485443477004029 -0.7787435554368050683
-0.26580530112981476387 -1.9292797191989556893 -1.4238128260498239541 0.99936259502059698878 0.0069639710039492664848 0.035012951623799873357 -0.020628370563240350233 0.91311855561560184569 0.40717192157409398678 -0.029135442359106325516 -0.40763464830446144438 0.91268018467599842936
-2.4969871017125351287 -5.1894485074322469487 2.9188566793371260033 0.60470405476871624817 -0.011151969521106776945 -0.79637217412593552801 -0.75697093285563099574 -0.31895277763223417455 -0.57031932498586512814 -0.24764493323697772675 0.94770499588024881277 -0.20131375468551446217
-0.9999506930917039238 -6.63136705883286659 -5.4071668740050409241 0.94517060395261065509 0.0016304485697596860991 0.32657291844452812635 -0.067167572473816647416 -0.97763837306856293807 0.19927801863716509967 0.31959512923685384767 -0.21028683539743914244 -0.92392553824794576567
4.2790465161555433227 0.92652551051986831165 -2.9025899747078147684 -0.94824183592856048364 -0.0066783142360195661691 -0.31747885081326904233 -0.065294760266891682665 -0.97431469983122265255 0.21551672782902539516 -0.3107635996644614873 0.22509168312360550157 0.92344990081326883136
5.1778646314055052358 -1.3337022670567897364 -4.2757925158386811404 -0.97352920022354016982 -0.00090888416085196932492 0.2285608676954430929 -0.20223318773116730207 -0.46253424480065707947 -0.86322871254780420003 0.10650180323449277842 -0.88660095100120850375 0.45010678687563521194
-6.2983034418135401822 6.4751966934849010116 7.1984006581659034651 0.99337866130881435911 0.00031237867401271834228 -0.11488575923900067044 -0.11204252775256555441 0.22374695399271224416 -0.9681858150962956433 0.025402898085798611416 0.97464721976654788982 0.22230044932539883007
-6.0453490070069353379 -0.2444220340747758069 -6.2075832625989946223 0.79679483013202578867 -0.013137713874782706858 -0.60410710900393438383 0.041918480822295413335 0.99855680662484158638 0.033572978848886138314 0.60279419343628282135 -0.052074028242331919791 0.79619561411882389113
-0.43336070525661102293 3.0175241781437409649 1.2163330133247944875 0.99845524572390798035 -0.006754114731216504311 0.055149834275047576737 0.0033176463532847500285 0.99806025601448222773 0.062166860842220748873 -0.055462739826331736159 -0.061887860671537300861 0.99654090593033350931
1.4431223544080529209 -1.1112982804997248998 3.0123055899166666372 -0.97532507966352144368 0.011211262003113758867 -0.22048876747702714218 -0.075632578472816291981 -0.95524411073588078036 0.28598671643626044636 -0.20741432460847528119 0.29560615099953480023 0.93252147505482996248
1.0760460052615063997 0.36119582875554639978 -3.2717320186570177931 0.99212568581914806209 0.0099484130377655351912 -0.12485052108787102199 -0.024332928985679819212 -0.96253620105307924337 -0.27005919763873031947 -0.12285980671011778598 0.27097064553257027564 -0.9547148145675335984
-1.1560274845195590565 -6.0538522879191827286 -7.2763529189181612722 -0.99596769627600723052 -0.0021150321095710854745 -0.089687650287171169494 0.053901553297483702221 -0.81326620965132068175 -0.579389933284653047 -0.071714507088734877338 -0.58188796076103910249 0.81010087680142617295
1.5883216755553180022 0.42340981620887052639 4.9088710685436893755 0.90380666024437017469 -0.0018705605332997028538 -0.42793693682735950423 0.39406391477920704736 0.39358193180015371704 0.83054614202302623482 0.16687465945080065532 -0.91928763940553426259 0.35645909171942991023
4.4924536587078156558 3.5302153401055886839 -2.2797989739155100075 -0.9948018078766274197 -0.0077121300148228254592 -0.10153760926840331436 0.04155917065774607233 0.87955646101931983516 -0.47397601966062619105 0.092963424956010398681 -0.47573202008039600086 -0.87466384782421724431
-0.71521709139702149827 -0.56085409185412027355 -0.8040678018412444894 0.9689686534151995545 -0.0031196246596312377473 -0.24716394688670614843 -0.011259820521541875904 0.99832532431690756969 -0.056742957883599745572 0.24692704416579544513 0.05776516917261211026 0.96731081876003477404
-5.3864033353634033219 -5.3338859445651891633 -1.9134097735294641751 -0.80508458909904867529 0.0057246279554380458815 0.5931323908118063537 0.52534515336569465038 0.47117162244565413687 0.70852647941848123647 -0.2754111004126095219 0.88202297636550419657 -0.3823404176029703283
-6.642494252646805819 -7.4744487953832887683 -7.1413370396128037498 0.97622078458398831025 -0.0018013852438312702442 0.2167711575772599264 -0.21403689422151889188 -0.16654561482312116305 0.96252312496648051443 0.034368410760477030585 -0.98603210555969733608 -0.16297085367455230176
-3.0695388621370867099 -3.4391936173311754565 6.2591162744523547445 -0.97678645318208034976 0.011956577674652330012 -0.21388142773570720245 0.21421004610368524212 0.047479225783153847229 -0.97563301464595142409 -0.0015103073233116797412 -0.99880066247941590163 -0.048938283607566496203
0.63473877092223052188 -2.6511972217866848212 -2.4984218066673942182 0.94519952546577534758 0.00052585100187910009673 -0.32649284914082166154 0.32145064710920090434 0.17357541811023069478 0.93088186989583376896 0.057160637963492744174 -0.98482043932317808732 0.16389436768549514589
-0.992875801701061933 -3.6588488225442783452 -3.512304843599968418 0.96409089964937022543 -0.002337162995652785312 0.2655621864695213441 0.25130235935131778335 -0.31534648825844341369 -0.91509765409362209265 0.085882835291973755321 0.94897372461635354224 -0.30343534499127056137
-4.0851381534420756481 3.7009761046579643384 -2.4634084648192073885 0.99175558230493943146 -0.00079305917551916130931 -0.12814146879163901271 -0.096763189942227517681 -0.66021640286195193426 -0.74481620985602503549 -0.08401041625375339772 0.75107501120011499474 -0.65485004200329288704
-0.46834826969629222981 -1.6816075173923923369 0.79559653862005264013 0.97959164916040442073 0.0071888187700757805176 -0.20086941474436842414 0.13234247133489959736 -0.77523170554848896963 0.61765789316858854541 -0.15128010832891389259 -0.63163606894882162734 -0.76036189096170103685
6.9630140777648303896 5.426834115913219847 -2.4760995603933984022 -0.99613099806834348726 0.0088286332203793057433 -0.087436204873370199087 0.071058604262214275504 -0.50449359562054607586 -0.86048642449377776842 -0.051707924416908496168 -0.86337029553558219952 0.5019143585704020083
1.8297526993764026138 2.3941510063701345601 0.87641290978229180464 -0.862449849054740314 -0.0088774459591834387062 0.50606466861336707463 0.45092236779694361282 0.44065314619442447208 0.77620475582754289157 -0.22988970417547754943 0.89763355312857606716 -0.37603820046898733809
-3.2516526674890462445 -5.7935795419315594401 -4.7522767482821022256 -0.25787775136992047154 -0.010546554913257878694 -0.96611999023306949219 -0.78433053732874591368 0.58620375424163673195 0.20295508549132382226 0.56420268836839237991 0.81009501213901968786 -0.159440891070490115
0.6680360250091845753 6.7768364023790148565 -0.76189845175566572877 0.50277892257798328934 -0.0014047743666906185346 -0.8644138948561325142 -0.11724155564812122066 -0.99086892145266691756 -0.066582265869400303337 -0.85642733062446840808 0.1348213896534191103 -0.49835270667606651473
0.28796368437315228439 -3.8392163108372199254 3.4870567314070015641 -0.99982529677659126577 -0.0084316064575175927315 0.016681844568899373282 0.016675209292632799801 -0.80557287898895879596 0.59226199779540544821 0.0084447214709997917709 0.59243670096486333865 0.80557274161259173617
-1.6018468075953455898 -1.7355001801139779971 -0.61976398923520414908 0.9771066046501131197 0.010875364159090281091 0.21247213841708637028 0.11097504239738005538 -0.87811559592225518767 -0.46540040842581931191 0.18151369952157792031 0.47832491744882649209 -0.8592194424205562564
2.33984806041057114 -4.7758195858869170181 6.7683170994966648237 -0.98903402083926617028 -0.0047844856119031789476 0.14761034624963570439 -0.1072622979998969911 -0.66377095287811682667 -0.7402046484202885468 0.10152095867499501269 -0.747920604618319107 0.65597885951991041775
0.23129339633112555585 2.1136546164239278234 -6.7464861218317251357 0.98316173896332481608 -0.0083351909616727129504 -0.18254730792366469228 0.16583275412429684947 0.46032930437623398312 0.87212179722334215448 0.076762573550611848394 -0.88770910557696203202 0.45396040705966544948
6.629398455375764776 -3.2641927896857856339 -0.76996416299009073914 -0.72487355872651870747 -0.0031991767498923857904 -0.68887450898348467909 0.68795044348214240415 -0.055347135419205072127 -0.72364416802295106201 -0.035812165138026291755 -0.99846204728518928029 0.042320550080496718848
6.6288632671543119557 -6.6138051308186209809 -4.4201334834815613206 0.98139022746720916412 0.0066381309564241108151 -0.19190924065630962647 -0.15306302087627696173 0.63052422588343293164 -0.76092766555987068067 0.11595228791232753407 0.77614118289881506296 0.61980636584047443804
4.8536399104432863538 4.7739922360849629257 2.9738866802115802024 0.99251752258054670719 0.013708495052257591712 -0.12133031168657033849 -0.054007430985981479121 -0.84190331402683338258 -0.53691899503456075315 -0.10950874288773999876 0.53945424921306450727 -0.83486343088976222582
-4.2038911201923614414 -2.8963448607731492324 4.7997043651004194231 0.8354421000206986303 0.0026672285045600866403 -0.54957200020113072814 0.51065645598033904129 0.36585973816463007724 0.77805953239813285816 0.20314153065922757602 -0.93066617961667430503 0.30429259050991414037
-1.9599746050017403665 -2.6956410172957778748 -2.4968894791732845206 0.99154058219262386498 -0.0047109505786123986523 -0.1297115292088149574 0.067831994357783642613 -0.83320879632201272358 0.54878221752635780728 -0.11066207302635623633 -0.55293843118043473073 -0.82584078182016351644
-4.6888796211184882168 5.6218770277507497113 2.4703407067449476564 -0.99951071487286968775 -0.0036453779398768529872 -0.03106512633048656713 0.0080515589415870725265 -0.9897017033912830497 -0.14291854569306236544 -0.030224216331630464338 -0.14309874047001527875 0.98924680804291209579
-1.2435332288520690724 -3.275999019364993714 -0.37279383371838747951 0.99068107476816991142 0.0032434529117077517957 -0.13616346099165022032 -0.0088370856540277483576 0.99914062293611805021 -0.040495944438377541597 0.13591509854746322561 0.041321853927611285062 0.98985836884610212127
-4.117128733934916518 -3.9637325977246042896 5.1511499913942806472 0.99896080761449601582 0.001606860560451766045 -0.045549125669783648018 0.013742399779474433544 0.94224878571810621875 0.33463169643803342135 0.043456314828162562192 -0.33490990402161913142 0.94124752583457382826
4.2617705422896179357 2.5631903573020733411 -4.4827581297694214513 -0.98693381797920942677 -0.0023575226171758997123 0.16110891041821032155 0.10003869467619197486 0.7748625603055134814 0.62416365818938868149 -0.12630874275565931453 0.63212534731956604439 -0.76450222156615565972
3.6076144401133358741 -3.3489251074602339742 4.0948579704247949351 -0.77121809688203557531 0.004797550101537914613 -0.63655292832142151838 -0.54009298082548473641 0.52434342210991180533 0.65830353770355909404 0.33693058499436490116 0.85149337002888891845 -0.40179201297729177922
2.9361579290070083381 -3.9952413704572475872 7.4386503453646026784 0.99440364681723847351 -0.0010346730729760104939 0.1056423998607670528 -0.027260975046417258716 0.96357567067846516817 0.26604279000944114353 -0.10206971360902593327 -0.26743383542127979746 0.95815495471017786411
-5.4430184308023887851 -4.3960309578392093854 -5.7877384238023106278 -0.9408190848052938593 0.0028452435023025171926 -0.338897262094976226 -0.10159489245864150586 0.95161008613596731465 0.29002882924038170254 0.32332325541529038926 0.30729488859018572189 -0.89500386812230636746
1.0303631184608403881 5.5930172156223099122 -1.5678283727397757108 0.99810758965653467722 -0.005264908797839150216 0.061265979183538328556 -0.02887394321587606269 0.83953233502357749174 0.54254193741422640507 -0.054291204380916127659 -0.54328421584413655321 0.83779157667153392186
7.0708390577414803602 -5.3826073322561596157 5.6362037812222025579 0.99707280207530046834 -0.0065186041392365614081 -0.076179624322983391371 -0.057373667770977285207 0.59479425160215648738 -0.80182794944271507109 0.050538001626712937553 0.80385154478991016624 0.59267917487500920704
2.345833658765365648 0.052959051351357262771 3.4551814168412207096 -0.9950843380069190891 -0.0027101367261298239461 -0.098994017052261240597 0.010361575372894267152 0.99128952301924155854 -0.13129249524639477475 0.098487552558765123489 -0.13167283968672555128 -0.98638859750097007684
-3.9704723745617633845 7.1599503082230704365 3.578041348128075505 -0.98996721675864374212 -0.0041883109233793866175 0.14123515070530801019 0.035823336271390927854 0.95946225541397733849 0.2795511921173236547 -0.13668064355109851848 0.28180602989894493193 -0.94968613930653511535
0.98548433939804325199 -3.1087948123200246364 -6.6804345847728336949 0.99943187337488048616 -0.0016770179288106068158 -0.033661819516225655047 -0.015273084431612880124 0.8677899271774852652 -0.4966964618167072909 0.030044356778268888064 0.49692839514380388044 0.86727129937849645192
-2.0607556968599154423 -0.10019489608038345541 -2.1055073571392819431 -0.90865306294421843702 -0.011867873172261216713 0.41738323491541884369 -0.066249960769494284363 -0.98283628734552819228 -0.1721736767769407872 0.41226272436416733225 -0.1840977617006988587 0.89227095673707812473
-7.2177245438415953416 1.0741876204294744657 -5.2234174752011153231 0.90026921766867151753 0.0083230309965510243519 0.43525402108797422995 -0.30871136774646795731 -0.69273567128487234523 0.65177801524258716093 0.30694075510150847785 -0.72114354804337255089 -0.6210791865561617886
6.0218932010087726781 6.8335453397314340762 -2.8900744289921078689 -0.98947091586497937232 0.0048515135090629237652 0.14465050803259946188 0.0054707874751607288646 -0.99747004542927852899 0.070877210410838428767 0.1446284105624593419 0.070922290486833614032 0.9869410577994058853
5.2759047601117625703 4.5632248472724139532 7.3246730890883551268 0.94376890943780245014 -0.0027087738261359888686 -0.33059477933380965187 -0.21976914761255386677 0.74190354658196722148 -0.63346716515276157988 0.24698535854592310046 0.67050114848030739623 0.69959019615097084444
1.6317798915918497737 -3.7705123816908963086 -5.7741321492640649282 -0.97752484461136257554 0.0037638374332342422295 -0.21078664970847552085 -0.10086241359492048586 0.86963700477442595904 0.4832786499016106796 0.18512685297209174884 0.49367733739216451694 -0.84971214823257490423
5.4436936350149087716 0.46972905726757518963 4.3422430624326331383 0.96916862990147301105 -0.0028640034444725112617 -0.24638174506068571956 -0.23392867160634953083 0.3033773171486996989 -0.92370968385110241439 0.077392140527145394935 0.95286620305475322468 0.29335380628300111727
6.8928705057065942086 3.6284715066922275106 -0.56541909159623060521 -0.9670336838536022217 0.00010273815875192719022 0.25464847091108078203 -0.17401085659885351387 0.72983599935695253613 -0.66110485993396950199 -0.18591954194819612645 -0.68362226667025161042 -0.7057581175121478978
4.2601284836976791581 -6.9892278785929580209 5.0439692586834121713 -0.9913105993105025826 0.012613231019610541411 -0.13093587017312055543 0.13067806883839469534 -0.01946387478369889304 -0.9912337766153607177 -0.015051180000667869346 -0.99973099580924473795 0.017646472705324600661
-3.0741474266782722324 6.2539062972943462171 -5.9818088970732601339 0.9195849099894798373 -0.0059539471193875868546 -0.39284620888251309268 0.38339186494498345148 0.2321417903133832783 0.89393560566969043624 0.085873576923555405838 -0.97266373413626960875 0.21575678224007358019
2.1739998638344157911 4.2400383299551140937 6.6692169177887805631 0.88730964538015877352 0.0035442230655904809547 -0.46116052703824872427 0.31267118539596705507 0.73042664324808881382 0.6072179581140805249 0.33899605165611479407 -0.68298195972961173172 0.64700642936956442863
1.1046224167257330251 -5.8369758612229416528 -3.4716368189848147985 -0.71961871404877830738 0.0059592233858729130869 0.69434385865186065701 -0.34431288871669385454 0.86530572442178643744 -0.36427275213281923305 -0.60299049831186812831 -0.50120902918786003344 -0.62063835524889343631
6.2957889260132473552 -7.0252468247880477392 -3.2043466816474408532 0.7482638606371405654 -0.013490296838647749048 -0.66326405507584973442 0.65165229049098738479 0.20227549997192140196 0.73104987135558896494 0.12429998858535158679 -0.97923573974923605601 0.16014642935554654346
-6.3004908985269958421 -0.32608930945162628579 -1.3107854240963254799 0.82490099115041093381 0.005970858089693172055 -0.56524570202035084865 -0.50479171089079422075 -0.44225371736897955977 -0.74134808159810605677 -0.25440849713567620372 0.89687011229438950988 -0.361801490127059866
6.0690003393034990253 -2.2060408679117360364 0.16529771696323303232 0.72117969316363661481 0.0076951995704264974929 0.69270530102775851322 -0.68773421714358196066 0.12804057249347436387 0.71458187660017602472 -0.083195533162955359607 -0.99173907642040448618 0.097632512835683096797
-7.251652533967019032 -6.3398729277685701433 -7.3718281618559942103 0.93487076559920390117 -0.0090887393392183133539 0.35487187327985358909 -0.32106091102208506038 0.40484094604711884369 0.8561680324664310282 -0.15144815298175959284 -0.91434195092475134548 0.37555592624466321849
-3.5976958000525529613 4.6218043748768939949 -3.1101714470764889597 -0.92261522305695720103 0.0062009629360177927551 0.38567174934436304623 0.20741629034087544214 0.85098028865815344979 0.48250495418859673524 -0.32520706124698306461 0.52516101947307847198 -0.78641354956610221016
-3.9639829607426939617 -5.1513787184270167785 -3.930251140569539281 -0.23304470967711216067 0.00042463124288510695897 -0.97246592895581207561 -0.81506259129313651801 0.5453699536151056515 0.19556223042380108113 0.53043674039981192347 0.83819534321195698912 -0.12674948146567974194
-2.8812619362730069739 -5.9876284584810690603 6.9492706705432407688 0.94749155176322241712 -0.00064259281340569652033 -0.31978015324879144332 0.22445919116557686013 -0.71092208321160976769 0.66648920704201775056 -0.2277670538920105181 -0.70327048756260956974 -0.67344843194167969269
2.0344698411318415943 0.5118339645064904353 1.4894655833545387136 0.69266557902287828608 -0.0061290064747338574708 -0.7212328548510881232 0.62879949534016399415 0.49496100540270376866 0.59968724998186828667 0.35330665192856336443 -0.86889357139437506383 0.34669636757922001058
3.5518652110414974388 0.36551865196249350154 6.7031213269310843117 -0.92738529472986697133 -0.0030615861354056895204 0.37409509728019618713 0.0051625650469322896877 0.99976656409116437807 0.020980115526500725531 -0.37407200248196070813 0.021387940894451187845 -0.92715300406312728398
5.9033301442062802167 6.0477077818840507817 5.7558179325451623853 -0.99874026073659871727 0.0021697360571445063748 -0.050131664935201804278 -0.0086426043374470823411 0.9766960557036602486 0.21445307216990874832 0.049428705971329270352 0.21461618535956578091 -0.97544692116366382706
-3.8062345553333747361 6.5934677955606524336 -0.24391610731803731182 0.99086451373034722945 -0.0075855028859288450849 0.13464759773555495803 0.093764551091099906932 -0.67886380967582293788 -0.72825279736580272871 0.096931544858563867262 0.73422502549180213016 -0.67195080739062940101
-5.718158363971364011 -4.2961225079047409281 -3.2175341569475013337 0.88224372845022014378 -0.0088668374308059350053 0.47070944626632266194 0.42450883259382377055 -0.41732596641275887528 -0.80351184733494751544 0.20356388348675100164 0.90871360557210201225 -0.3644191657804974338
