1125 14.717824617146108679 14.977075390850430381 15.033177056927090831
5.8378482269560434403 6.7318042789147307658 1.9384334950543766762 0.99458971318789679561 0.00071928934730566091924 -0.10387870351336633834 0.038299473328049109255 0.92699295261967351589 0.37311823345470573887 0.096563206054766675956 -0.37507805643137265283 0.92195010647000918969
0.044233389649755476547 2.231048351437025179 -3.2890239320388880984 -0.95806448107380171031 0.0032422395002901782668 0.28653435742991339996 -0.26198342573591365534 -0.41501465770512879772 -0.87127924256781263956 0.11609106229349720751 -0.90980894795172584377 0.39846021568362921528
-0.5132509873963871927 7.3812615406892554404 7.3551369719460639729 0.66206548025574063487 -0.007236974607162691836 -0.74941105279555875196 0.74940151070774785325 -0.0045020797289547186126 0.66210052637571814582 -0.0081655130062041163252 -0.99996367807869435129 0.0024427281256215477995
3.2660253409279138559 1.1883371761065517624 3.7017446764669634796 -0.95478326843114735833 -0.0065227165129310288316 -0.29723116339517557938 -0.2641523093057865923 -0.4401618628883316453 0.85818476562279910613 -0.13642751853039147836 0.89789475364760895637 0.41853619145751724817
-3.3008472207391932329 -0.92401084422524548678 -0.39456095855833622776 -0.82962197120539304951 0.012532821580448185589 0.5581848379135406768 -0.43681024028373405255 -0.63724208167552431892 -0.63491680031731589917 0.34774156909492448531 -0.77056178060241020678 0.53414449674059294448
0.73598964550510004301 -7.0193456675345382578 -2.9431096294128678004 0.98466172244563521243 -0.002880856749894606262 -0.17445054604333481985 -0.12886674136207382224 0.66204358998624857069 -0.73830322221213884326 0.11762081159879061998 0.74945979586799327254 0.65151773502825727213
-4.8335688420768869733 -0.5409926522236773172 -0.91781988356433241716 0.99535501979919249749 -0.0086978223799754981332 -0.095878738239439681434 -0.086320586534930021649 0.36034316362512419651 -0.92881729138135138424 0.042627935685485104922 0.93277926237378405716 0.35791857563521961572
-3.576370540292913347 -4.176287844620101275 -5.6256541972502365212 -0.96155453514209410226 -0.0029032007665039018945 -0.27459870242433975784 -0.25666685804727346065 -0.34605921901747394021 0.90242181983438196635 -0.097647324223216203087 0.93820817964787583954 0.33200965605494259236
-6.044293636521905988 4.7670223087297438624 0.865819487786370523 0.89629987980975300843 -0.011606258819737185622 0.44329653755615855415 -0.0014912907011220060891 -0.99973067246522695495 -0.023159416753234327718 0.44344593977745505597 0.020096698448075413224 -0.89607578987847824603
-4.9004367278490850168 5.848439209102933134 -4.0676623428593812193 -0.75194627249833667637 0.0055580653396693612683 -0.65920096418732210264 -0.53219129173025281343 -0.59523958880653438097 0.60204838752710654326 -0.38903628658826916453 0.80352905350534298279 0.45054614401914694355
-2.389498325020374736 3.1468570986488559882 -4.3233197243441647828 -0.96671150374571002128 0.0043361293475567014993 0.25583210609312528883 -0.13037070168153577776 -0.86868157606903551038 -0.47790773120067259194 0.2201643673913364907 -0.49535191266472394789 0.84032977690345933564
6.7426784768058993791 4.1764712085209971804 -1.3119810948698971131 0.99862845292712865142 0.0068938213782085673922 -0.051900753666500834549 0.032805896655209824953 -0.85495680340530899599 0.51766073586425476183 -0.040804241801505464204 -0.51865339055832226922 -0.8540103478958436245
3.9778439274134655967 4.4505496326558482423 0.53599185663216986075 -0.9935381040339148484 -0.0022337060467083379514 0.11347707429262340884 -0.054240476023141588613 -0.86890322404502162712 -0.49200117683306882066 0.099699581711751666946 -0.4949769669404994743 0.86316730452734324874
-4.4875808268659165279 4.7544657866081809772 7.2268892962609276864 0.99885663715799810625 -0.0079555653416273769407 0.047139446174531071665 0.0068287964599195718693 0.99968825328349419923 0.024015906938304232981 -0.047315810723872968324 -0.02366654235960144459 0.99859957381745823035
-1.1282144034617138662 -1.5331685331396369687 -5.1198213172074202859 0.93795981787132454155 -0.0085161939320086404298 0.34663937240260339623 -0.22390845586451357807 -0.77819801961502277354 0.58674768483527317553 0.26475721605104396428 -0.62796123822103611101 -0.73182532057913285417
-4.8273438888602537844 5.6692462726222698777 5.1050835282694340123 0.82229959782562389581 0.0090217580261483173998 0.56898328560509003893 -0.41233027100751684646 -0.67964947123812069485 0.6066797704362162369 0.39218250729302733815 -0.73348156359087346434 -0.55515554292960667127
-1.542252574479579641 -2.8233116063727079492 6.5343513617911659352 -0.92704082330133141809 -0.0024709139206071659492 0.37495227231903316412 -0.10409713435437348283 0.96236562161790661918 -0.25103027097780516996 -0.36022090243631366135 -0.27174676614887649517 -0.89240943323997867775
-5.6619931222851889174 -4.8214248019037198034 6.0145254362281281857 -0.917808795562842894 -0.0032339414783660765107 -0.39700951677507195781 0.04976559753509733619 -0.99301714400827456597 -0.10695951106755044457 -0.39389135569275252058 -0.11792579585626773719 0.9115608079455498336
4.3389985668331538804 -5.6040927214934175282 6.0160732166425114897 -0.99774747905150362737 0.003187900249263637964 -0.067006009717253206537 -0.059547639068893931658 0.41783710733454831887 0.90656838154419316922 0.030887646843787745776 0.90851636695567250523 -0.41670608856380764173
-2.6868559927809991805 3.1288589946185889623 -5.3797365906760479248 0.85210353968191565599 0.0052926129970170049041 -0.52334648743359257761 -0.077145873695090752542 0.99029634417561962501 -0.11559266795123285254 0.5176563259859765509 0.13887094354080828373 0.84424332346017672002
-2.0675967579952074793 -3.0753300532105214415 -3.6888731047210514546 0.98585113674317803589 -0.01388149692366249903 -0.16704741909220582885 0.078502590783945835895 -0.84228465923802742221 0.53328594211032565031 -0.14810428563151592507 -0.53885420742112488668 -0.82927755529866364892
-4.9121481539665943217 6.68658623585536116 6.3488432636879235105 -0.88047469412553902579 -0.0047156697602207045539 0.47406969473162524631 -0.33105385268805309629 0.72189639689354057062 -0.60767502727407662899 -0.3393636097530617346 -0.69198508265047276033 -0.63717264988739297227
5.9821384144608575895 -2.4710829824023754497 -1.7540027179518065115 0.85517422233087969641 0.00096396252517414902569 -0.51833977296468436435 -0.049504054637697386676 0.99557913054485280835 -0.07982194809716283701 0.51597131512830085587 0.093921592830652225747 0.85144132878603406844
3.1706778454051085525 6.8879548448469263278 -4.355214023216542607 -0.97383415987273436176 0.0052467400790367872687 -0.22719925348383634978 -0.17579720889912248127 0.61617270811999269586 0.76774119018803466119 0.14402211777485046662 0.78759359157288444386 -0.59912766928679372924
-7.3313048388626596008 -2.4119516117453305704 -1.0054718408890117587 -0.9971390644437788664 -0.0069220587975787747567 0.075271317658988146082 0.033147251816764922161 -0.9349877874993399729 0.35312759298027657229 0.067933392798452396644 0.35461235501476690013 0.93254229491957274512
-2.1125738550783967895 6.2324677530302672324 2.932236004204475055 -0.98574220130240908233 0.020225828556217205489 -0.16704259465947177143 -0.14256377314914250864 0.42691907964629577377 0.89298133800178336461 0.089374958220059710912 0.90406361241516242089 -0.41794868291448150632
-4.2981975293436001095 -6.83382977182268192 6.8186894219873801504 0.97465991239130056467 0.0021299554072191024048 -0.2236817347650915111 -0.2226192432553291134 0.10704404310847490112 -0.96901096245993656453 0.021879847119632967606 0.99425199830072008567 0.10480570673904972268
-4.4151349495209597507 -6.1529812565605830343 -4.0911235014439046864 -0.80446035522950343211 0.007858911802457206261 0.59395435377577932012 0.21941307869616041848 -0.92526636044179311202 0.30941891204620464162 0.55199767912652286661 0.37923660126640990065 0.74261575696922976775
-7.1293438350248816704 3.0194984114344700643 5.4482800514194460462 0.48731968022034771737 -0.0040286026291275860156 0.87321434918979212725 0.75267993002163724459 0.50891641170184409582 -0.41770445154806878918 -0.44271034798453601233 0.86080651499702043328 0.25103723135441025072
-0.86920592152647913053 6.2198642962835561931 -4.0407552896334344439 -0.53545514197102050957 0.0034869708830239489264 -0.8445564705635717484 -0.6723679248681130316 -0.60690313521469763103 0.42378055414920901001 -0.51108625939788576709 0.79476815833336023065 0.32731393180575008017
-5.541923257463431618 4.97905009070914506 3.8140741406517806311 0.95984917024436977595 0.0063871972448779467529 -0.28044388760042582298 0.16404821645609915515 0.79818073011601198274 0.57965136482981127752 0.22754725456194008215 -0.60238420113977619863 0.76508530319067147296
3.4966654000667638513 6.7915854369764829812 -1.5157355793128641785 0.99272621256035609161 0.0012448716247048844351 0.12038736308432887445 -0.097453445894987014708 -0.57884068416506118115 0.80959637365701364597 0.070692947165626351946 -0.81543970509781193989 -0.57450900303746366138
2.8179412299025230482 -6.6174296514039614436 -6.5105524610575962186 0.99986809040945179294 0.0063069906209540530992 -0.014967419628447829402 0.0019467057635738482108 -0.9614197757911273623 -0.27507857978113303687 -0.016124891246148596868 0.27501315711623325333 -0.96130523315718285904
-7.260201982911356211 -1.6523759483863966757 -1.8411794070312217375 0.88002953574144016091 0.0033990202610859258751 -0.47490679389125672882 0.41312451687225487662 -0.49872218632223264123 0.76197395915415366829 -0.23425658962311168843 -0.86675522930715331871 -0.44029447269631516448
6.3374935108885877 2.0574633963279960192 -4.9686092278686890822 0.56457104186554174508 -0.00631609764848652111 -0.82536031258922426534 -0.16043811205844601964 -0.981737387444140297 -0.10223166971862571173 -0.8096413717727086734 0.19013629060448838937 -0.55527384245004018926
1.1354341732997703662 7.1831340862613837217 -3.9164080453164222817 -0.76929265454622119957 0.0035412590366526216362 -0.63888674359816577386 -0.57512067296928504057 0.43167696282042705702 0.69490374246613439979 0.27825352322033491959 0.90202131862526457873 -0.33004926535427964174
0.59116114782370565717 -4.4604725214184011151 0.74775236847920756311 0.99550916337532280309 -0.00066094774413226822785 0.094662921906446761966 0.08934288068774078051 -0.32401447073654449094 -0.941824013509725666 0.031294652997010383166 0.94605189387334054363 -0.32250032370896691836
3.6319039140533306842 7.3532416685451380545 -6.7287731365770167002 -0.97805499797580752741 -0.011425146991178802836 -0.20803337941478369788 0.1111724978510714168 0.81585002518099281055 -0.56747635381026750867 0.17620753859032997624 -0.57815067450317358944 -0.79667603259760444434
-3.5188738644535990652 7.0844421192819728716 -3.8569135187799252762 -0.97184334874785882619 -0.016462807999522512808 -0.23505208241426517324 -0.23267594622261372761 -0.090358897446862582181 0.96834765126050137418 -0.03718076846902795829 0.99577318984034879357 0.083984194055055527706
2.8467598014733246359 0.40311838576609815288 -0.55110707698512650943 -0.93810342399487778309 0.0064823882694609452626 0.34629459212004642943 -0.0614443435832737056 -0.98708072753002595867 -0.14797374760531670224 0.34086149464385018248 -0.16009252318912628454 0.92638211634735312394
4.7407079585267588584 -1.5430710586979388133 -6.104537840421708772 0.99592018253107283954 0.00091353633311055948418 0.090233893181698401897 -0.055986714104894211297 -0.77796602203042497514 0.62580696417484771299 0.070770600330190405747 -0.62830568517034557363 -0.77474091676600032041
3.8411848479018426694 7.2544349201326738807 0.85788169872389907766 0.92240068103425676416 -0.0063301740635513204999 -0.38618248603974580924 -0.33183389810180902169 0.49866393844596074159 -0.80076247449795245892 0.19764424529455776325 0.86677229154485269103 0.4578673900946714781
-0.48590374744715530975 -2.3639068401975285028 -2.3538371584553972049 -0.91242608514660161756 0.0097906623593943947759 0.40912440904287555865 0.37664066929397821415 0.41110118696464137411 0.83014313242352077982 -0.16006387905418648088 0.91153713967500582527 -0.37878700824519084822
-0.90254815244455011136 2.95853883940198914 -2.101253595386050943 -0.39135564943435935392 0.0051382071604714439628 -0.92022516509985119448 0.90652855906456053514 0.17412859987866385891 -0.38455845108990122094 0.15826157858493333785 -0.9847095153045961613 -0.072804142823960429909
-0.33114937110900705131 -4.899434023279081174 1.6756525178282797306 0.90792465256015586483 0.0062096389002480991207 0.41908742006682153658 -0.38556455833183589377 0.4044630987884183515 0.82930668216094594047 -0.1643557015497036089 -0.91453323728732882625 0.36961623512079921916
-4.1673344170889485838 -0.75052886498956783434 -2.0509874578054496652 0.92718361996934561819 -0.0069314208993419782617 -0.37454304193907261844 -0.020596781899914280017 0.99737311901926239965 -0.06944518725701011308 0.3740405157681047088 0.072102821457373705849 0.92460525398781390205
6.6744302343189669813 -2.7362102292801750991 1.3448800725950826873 -0.92638876557485139163 -0.0028202530276689747463 0.3765579652450927739 -0.18840610506216803888 0.86928550287254779949 -0.45699655805149652643 -0.32604753425225063701 -0.49430229684723903105 -0.80582767682647282736
-0.56637234927242985361 4.6714511679054124826 0.48439596192673856079 -0.99746158348245028691 -0.0086403275306068949568 0.070680508040345119136 -0.030210153691482766886 0.95019883879186739506 -0.31017658417815152649 -0.064480509385507145392 -0.31152449582442465204 -0.94804786398719986806
-3.2745037083485142304 -2.5860136012748031753 1.2993018989223479309 0.74687824720702788994 -0.0080530531222310561268 0.66491204845779705579 0.05723014642697478449 -0.9954379501431799282 -0.076341324030606269591 0.66249346728015667818 0.095070688175707324108 -0.74301007399692564626
6.0132050098394600468 1.3899067531269382325 2.4185234103897608193 0.99661981040805824872 0.0092314117237266412469 0.081631700581429086916 -0.073180971776168557419 0.5512793497441381696 0.83110506189986799175 -0.037329597802946166973 -0.83426965639609262926 0.55009148470462199132
7.1935038678280269764 -2.5047306578189547643 -5.2603039597551655149 -0.89946425408921693023 -0.0028754550166015472451 0.43698488231741711152 0.1841550865905213219 0.90435506300926904455 0.3850049663217119944 -0.39629655524409285183 0.42677119369513771829 -0.8129055225139665275
-3.3449600298522281783 -5.0890872516959602123 7.1536617161278277521 -0.70229401399258217786 -0.0012901042871480365021 0.71188584305443891598 0.54297159483311296935 -0.64769663872929472692 0.53448190931336514442 0.46039653030267835288 0.76189723704037637386 0.45557396224496682358
-2.5721631767941661728 -2.1413468625442755311 -3.9150156281312105122 -0.88749877159488910205 0.0060309169102260584694 0.46077061371015642921 0.19936341982364597092 0.90651625311975714272 0.37213238191006459132 -0.41545175081329571709 0.42212783711936169295 -0.8057344052944206414
-3.4540629538289824296 -2.0246378727053269131 4.5789617806523219556 -0.94954300524810841821 0.013157303181431522984 0.31336076103628984768 0.021200422484537212453 0.99952710548134193758 0.022273470649330721211 -0.31291951564389219875 0.027792998781809012676 -0.94937291195187145654
-4.850195403003172423 -1.5924115710935928814 -0.55532129510069372369 -0.97237131025971423881 -0.0047017754230807094068 0.2333922198611391996 0.083441660965500569214 0.92674449523763324787 0.36630879017866996294 -0.21801725665447779789 0.37566279274726643855 -0.90074743515934208027
-1.8605771955182628385 -3.4644996190298642524 2.6008021432632268954 -0.43650306008076494857 0.0011029691894569467435 -0.89970209625129859976 -0.74421868606017149705 0.56148981777314965758 0.36175645378604909252 0.50557257229690255596 0.82748291099939219606 -0.24427117338126480561
6.6392329622216479379 -7.1666792485799408752 3.5153951280505522092 0.97758465353628398731 0.00024427802618586826056 0.21054259782413506374 0.18330789474116965243 0.49092477555757463303 -0.85169893769404914075 -0.10356862891755083678 0.87120193128341905098 0.47987574853517445117
-4.3361359621259607522 -2.7449923152046382668 -3.1304686768239076144 -0.99993557525417819942 -0.0074046773208292079524 -0.0086032607131867264161 0.0059772488947273157839 0.30084626187231550132 -0.95365392004289128991 0.0096497583791392577829 -0.95364390496199513692 -0.30078262032899216738
-0.93900117684998085643 2.0299232720786100082 -7.3896277955726947795 0.8320214658829071519 0.00062431936294419371203 -0.55474308516231107813 -0.18385369290782641039 -0.94317199839271004258 -0.27681112884433661803 -0.52339096277471908181 0.33230436601601437419 -0.78462456526206381113
4.748435767188709633 -0.85142499333570986764 -3.6403912727501790414 0.91121503616094112754 6.5117460795878186544e-05 -0.4119310059145901981 -0.3680771001941307019 -0.44885360220912906559 -0.81427863296074998178 -0.1849497396233575619 0.89360530411557803632 -0.40897818312188261025
0.66205301626713441987 -2.1246276346642556376 -6.8441261286537402597 0.98902741970662377824 -0.0054328773835264788233 0.14763213373679881513 0.053832450203524964683 -0.91736197864643953537 -0.39439709359840235958 0.13757481736652010795 0.39801693930925274856 -0.90700368557653865409
6.7722822479469000356 3.445251810142607507 2.5778836835499228108 -0.9176616220221545106 -0.0048560940287962189171 0.39733306660576495073 0.074588489562871174154 0.98004629730311387803 0.18424389370383803533 -0.3902995063951417154 0.19871002363546030889 -0.89898866612125094555
-0.55131924559801614993 -1.7765727921850127391 4.1131481391982420703 0.99563951611649958995 -0.00093140751462904552288 0.093279614211540906599 0.07118615707975456397 -0.63865023982766533361 -0.76619736504926450049 0.060286689970740194033 0.76949659105693457573 -0.63579911242799536097
-5.1185650266744531223 3.9841095677964935007 -2.249861997958293891 -0.7056654890261001567 0.0032911696474795318346 0.70853749780795471924 -0.53815960152177511056 0.647978466519212426 -0.53898807984714780517 -0.46089094250969053768 -0.76165154442803217893 -0.45548486690864309345
-0.95777808979591638749 5.6658812698238829597 -6.2368828452931763806 -0.94380282278110316785 -0.0010212007563537624927 -0.33050747171502714572 0.3249741055257774347 0.17937614993990197432 -0.92855588284737822224 0.06023339977254927452 -0.98378003333150276788 -0.16896385285045076308
-5.2215960232315428158 -1.8293286191723423517 -5.1965704089102979779 0.99318627029607020607 0.010015420557895554979 0.11610651939718709402 -0.017424544775165123206 -0.97233841109518193146 0.23292573826976573081 0.11522767781597686998 -0.23336174849397858799 -0.9655386458372005043
-6.1904141748268708412 -2.1943920621510852875 4.7171178506074538106 0.9506820689121971979 0.004574461587864064871 0.31013332318551833922 0.20508947914926983769 0.74083711886571868011 -0.63960821512307475256 -0.23268414082438704238 0.67166914296537194584 0.70336239094575303543
-4.7158560513992533458 4.9223243298586494276 -1.8903558457919906743 0.98175357588410472331 0.0013421433510959614004 0.19015287242137360324 -0.12381585692911054042 0.76346573782293181143 0.63386883559887829964 -0.14432446019913733326 -0.64584693683701321909 0.74970139680171987706
-0.003722850597180058646 -5.726303823441194929 -2.7319814186950255319 0.97503736208659652629 0.004766914289206268876 0.2219896823353813553 -0.11628617570965736616 0.86265984723895128283 0.492235221515611443 -0.18915514234092645207 -0.50576206311834059903 0.84167990806244885604
-5.3972146511236571698 -6.9809112868346234748 -5.8754476916365465655 0.93622833723592335797 -0.0013802934987989443072 -0.35138952082585794834 0.33780928855857322857 -0.27180790704968238458 0.90111339254773059615 -0.096754251172278718518 -0.96235053720308472158 -0.25400798889983655648
-4.4367100493453861532 -1.2075500959837366377 -6.005377698473428616 0.99631859828746960339 -0.0012858990433224086643 -0.085718126263110441809 -0.013292480911866758064 0.98547754276851429189 -0.16928473838546498342 0.084690971523627409101 0.16980093981679408865 0.98183251126638959594
2.1871468116056660413 -7.1474596715202114439 6.6172814508288109181 0.99778281465614004908 0.007527630790675381503 0.066127071245574334246 0.052579305302115506016 -0.69830086186713735685 -0.71387066263405951627 0.040802836062972400177 0.71576479453125818608 -0.69714839702815889488
1.9189634902718575304 -2.536868443646568938 -4.383606518461515833 0.97514635680907690851 -0.0020137340645708140703 0.22155253931504803599 -0.11676047063499046808 -0.85450795171979576637 0.50614538716131318719 0.18829916436067942187 -0.51943440906692850412 -0.83350544052112551796
0.28266610891424798213 -4.9734261155601853233 5.3924550895900926761 0.99674672233832661838 -0.014955131057328315686 -0.079197951759205173494 -0.077929446039347941011 0.071914687096890556051 -0.9943617446481689548 0.020566306129048788492 0.99729866230469688126 0.070515283573035478226
-0.60259850648119439587 -7.1150825572518137108 -3.8037788842648518894 -0.99990078043055030665 -0.013398030845723642168 -0.0043499498710414556332 -0.011649736844481749232 0.96012007774577023955 -0.27934516273066434255 0.0079191493152191549248 -0.27926677045255160481 -0.96018089857863442305
5.0968013685110804545 0.17258475059146868857 -5.4804613017302985511 -0.948447966648342633 0.0077885486046567389135 -0.31683717122712662384 -0.048852165438017361443 0.98415787148406275175 0.17043107089858666736 0.31314520672144408042 0.17712318455318185051 -0.93304204460516704245
3.542486327390444778 -2.3850067907435272829 -5.9370149165307681827 -0.48345883501934561188 -0.0084262817007568439204 0.87532654056555503352 -0.81883941303928808875 0.3578646566372842841 -0.44881499883975584098 -0.30946659027319967095 -0.93373544717258905035 -0.17991260155435609414
-0.64809008381373989227 -5.898723632921069715 -5.3773435673477516517 0.6862075039683424027 -0.0063402052111854612787 0.72737821200219421325 0.70072007601117669573 0.27412912509459386179 -0.65866880740601596589 -0.19521945746379434916 0.96167199427501426356 0.19255217177369540749
7.3382316017800750529 -0.5926099685171486442 -7.1121465412607669521 0.98696026986450680063 0.0014129089492051858518 -0.16095784975382965154 -0.15460030440730895829 0.28671156426981092569 -0.94546032428187110064 0.044812627531185311724 0.95801590936799341236 0.28319135899862996064
-0.94635192463131223573 1.8227627414026563724 -0.66400824488750120889 0.87832667145380760587 -0.0021678542117124248098 -0.4780560203793540186 0.064486652399374594369 0.9913873694173147566 0.11398489120106439221 0.4736915978515417458 -0.13094420249830174274 0.87090176596269541776
-0.52355271248163448572 -0.61607766674552266739 3.7878796071553746394 -0.8572139183144046326 -0.0099826605007914126499 -0.51486371472198055876 -0.22149762597500421979 -0.8954519270398273445 0.38614071016679502035 -0.46489041712581835597 0.44504628169442411734 0.76538271943815261444
0.42381098715410636668 -1.3719815974725058094 -2.7643252459360385664 0.99319914144866372485 -0.001046036878497627479 -0.11642324180543756063 0.077083960717558658304 0.7553157525804778949 0.65081193666360626082 0.087255535215463253529 -0.65536022133677795942 0.75025958965118044741
0.9894896445183779532 -6.9955694285225638041 -7.1902374808438800358 -0.99737416946071799639 0.0037876628429740102737 -0.07232164062661518289 0.0048388297247621342087 0.99988511049931438901 -0.014364940958262729237 0.072258922076294820891 -0.014677173161998872605 -0.99727790949583960955
3.2994825138312839918 2.2911067543580898587 2.4640915709851922699 -0.021995701566131713872 0.0061052882309732998956 0.99973942333399812288 -0.93543434370537448252 -0.35301997996861422813 -0.018425047067126450184 0.35281550097620856254 -0.93559586317950682588 0.01347601841572311672
3.7684832913119263864 2.1852585291820165736 -2.5212940936685996896 -0.45903650900048009742 -0.0036951772147496633747 0.88840971914421973388 -0.55870023640792032538 -0.77630198208545830862 -0.29190628367309662261 0.69075287132398466294 -0.63035036152559298372 0.35428645540326086927
-0.1925403364118725702 -0.35368736273672574111 -1.5812749752677661697 0.6128046540525878827 0.00058584106876715617146 -0.79023421386424042012 0.67212221374781566663 0.52553155041295129823 0.52160168644983495589 0.41559858729093207552 -0.85077391021995318887 0.32165442314855569039
-6.0464396259961699087 -3.3537047818911953634 -3.9578203588990255035 -0.98540732805833519681 -0.009697373705284759865 -0.16993633735112312344 0.12389985981475579169 0.64369193135090874147 -0.75518840182544677564 0.11670999334662524038 -0.76522327359860942142 -0.63309724292246716271
-2.9869301779931447527 -6.3930598581580895257 -5.8924126538112018281 0.92608754705909268612 0.018602663095578769042 -0.37684983230426799539 -0.13505803037401920008 -0.91626095603134172229 -0.3771275498873528087 -0.35230836438198875893 0.40014972370141288494 -0.84602542219974785631
-4.3381470018320538173 -3.8842167383280199466 6.0823282952645891797 -0.99998694960768186313 0.0016978204328049490562 0.0048185080777093554361 0.0017001487130924889876 -0.77881517444336056943 0.6272511726182573577 0.0048176870664226661631 0.62725117892468029712 0.77880212405266890929
0.73273055949209242588 -3.4238540699329602646 -2.835515364655401882 0.92268533328495927481 0.011212078716073287793 0.38539079520893876341 0.25753224474306496417 -0.76181042002989296513 -0.59440897272106918425 0.28693016338206772664 0.64770299769625705455 -0.70579877310529559598
-1.4874132448480934521 -2.9365607285750590094 -5.8692304123291458851 0.95478431078895242834 0.0028677607750444934417 0.29728554593095501968 -0.24945231514623586455 -0.53628437293471042935 0.80633281826694491734 0.16174196221003200868 -0.84403249184740247735 -0.51132053583470471469
-5.1315128301548789125 2.4147008288180460411 -4.0472494234659173173 0.83871004162723028497 0.012497162116657313177 -0.54443483265917591574 -0.33093439935437052313 -0.78226948864471945733 -0.52776592392799681619 -0.43249033445564033507 0.62281479436076936373 -0.65196153454623873014
-1.017669502122255043 -2.8679354408276407362 1.5580438415554773712 0.93547825848712351515 0.0024559285964286170154 0.35337571551039165252 -0.068098491067609595584 -0.97998044210213142158 0.18708535114146984668 0.34676075817787971323 -0.19907863148046642254 -0.91658315229758535736
7.312717523779866724 5.1483187024988614766 -0.58670782762177964287 -0.95994269062782533464 0.0037915482783299472511 -0.28017076020118708568 -0.28014704647781729641 0.0057818693739480168936 0.95993968682217056809 0.0052595684047980657827 0.99997609678834009639 -0.0044880721919111389584
0.21015256974498980336 3.0765377519055068234 0.86628042224262336024 -0.99635592678764961505 0.0021687028549678896705 -0.085265256013816403957 0.039898462769649457871 0.89540879967904618564 -0.44345371136782307797 0.075385541211739376388 -0.44523968621994630679 -0.89223239236816509479
-1.8929006752289145865 -6.2029057616849003765 -4.4473355483023642165 -0.92933402364472084134 0.010258793073138990082 -0.36909758826236821472 0.32067166790361201212 0.51798517825742762533 -0.79300758918796865338 0.18305177928754426397 -0.85532807288802736867 -0.48467095418366440418
2.2485426118442126686 5.8555790636077187372 -1.5810895304551115803 -0.10886497228202021703 0.0087526557189213042426 -0.99401801232569164668 -0.13859328683304508734 0.99006103596966221758 0.023896566685498853155 0.98434766147679941817 0.14036572256932264291 -0.10656990791373983918
0.82127247860196750384 -2.5715764176226398874 4.6382632674073152046 -0.99984197829846077621 0.0020469448230783786509 -0.017658664988247807504 -0.0017527615405514918381 -0.99985969541988350962 -0.01665885055916360713 -0.017690287144638924821 -0.016625266670359833271 0.99970528369563027571
1.6978190914629329722 -1.6299756314615865271 -1.8732517779240331901 0.66472378257240383181 0.0023523814116516495766 -0.74708550995474265477 -0.066466131347834300769 0.99621586566051112399 -0.056001807022875459141 0.74412670041214423744 0.086881616627860619451 0.66236473217239022482
1.6695672128879466278 -4.0255710849316983513 4.7614041667124444857 -0.66213037676588215596 0.00056862272866271129645 0.74938844455466313565 -0.50324671648252672362 -0.74130275516901389388 -0.44408666668604684924 0.55527120086802650434 -0.6711705460216116359 0.49112523009881398073
4.3671328543373002518 0.71270596990039059015 6.8870876064392803073 0.99367217799373253051 0.0043386739917694386315 0.11223537138141284619 0.11229055955518081611 -0.015809353252907540344 -0.99354964374436816055 -0.0025363193651607553528 0.99986561109873650643 -0.016196506609727143178
5.108376360920017234 -3.932335491303827979 -0.75528498146260725221 -0.99285822454485850308 0.0049826371264776883954 0.11919613786047361659 0.094707846120278632585 -0.57464894785230025143 0.81290159958971697218 0.072546328899857057126 0.81838484838093161766 0.57007303927094277185
3.1333786832014443036 5.9377012994042708272 -2.5179715407137681638 -0.74064122150999656125 0.0068654438419792646747 -0.67186564630216250027 0.34945893343479761395 -0.85012166742778194628 -0.39391827123464545624 -0.57387196729130973694 -0.52654156175057487133 0.62723595951324528919
3.2762038811459968102 6.7836119341710441333 6.44671071536364515 0.99084205685768245164 0.0041147926751336693849 -0.13496327961066689749 -0.016168070375050632576 0.99595969340417300764 -0.088333926747373572863 0.1340545107870938224 0.089707065471434768722 0.9869052794174657528
-5.0839969890064748981 -5.1129320044855326444 4.982086729725547336 0.87312187238398186739 -0.006176381129459340702 0.48746286861748699959 0.44087757569895758003 0.43673900045449709495 -0.78414667551914873922 -0.2080508572693668401 0.89956706131240349311 0.38404940175890955878
-6.4469841322333545364 -3.4255957614571026504 -0.17823445914081004204 0.89672985653577130805 -0.00047648986454466510376 0.44257805792276005974 0.38216532215731913169 0.50518627118782999386 -0.77378065234523718541 -0.2232156601533587803 0.8630101994535025467 0.4531977103887703251
-5.0258869664287466605 6.4169830133662877358 4.1098131330173170994 -0.92180042366595260628 0.0050825619758308061141 -0.38763145704777879352 0.37460181478462961646 -0.24570521506695425229 -0.89403715115704252003 -0.09978706975002879509 -0.96933127198743163078 0.22458723440572386787
-1.4428747417503944295 -2.6072348149879145396 0.4234437898542862122 0.99867940644580777132 -0.0020488254257234202703 0.051334641863705440801 0.026017578353777628258 0.88177014900484729232 -0.47096124038028036596 -0.044300437441417116202 0.47167489506885168504 0.88065899450588791542
-4.5382654994618167876 -5.5618212818998511437 6.6435523661334041634 0.95199071561834858191 -0.0008957449593834480861 -0.30612558700205505513 0.039792976687001269109 0.99187335011795318973 0.12084608529918372533 0.30352956426479765772 -0.12722599957041083596 0.94428986473988663075
1.477174500085328912 1.3347462884215026691 -4.2271467755136189481 -0.78108507529466264518 -0.0092156125221226885963 0.62435661095072247928 0.51210172732906178439 0.5626783691611196847 0.6489567579930490826 -0.35729249364997556215 0.82662453711704875214 -0.43478034525193082205
4.4858195803342164609 -3.4580308994850712523 2.1833740018805167793 -0.94014474685584636937 0.0035470501185934089072 -0.34075691246799155731 -0.33128313085308447317 0.22485370585775907304 0.9163472585074465826 0.079870784217066906341 0.97438607820391942571 -0.21021995250470842942
6.4714639530196960138 -2.9871921575589555076 6.4041835869650576285 0.90974704554916552279 0.010119051909792713823 -0.41503965822934191232 -0.19115410382602401884 0.89764109513027789955 -0.39711531439083658235 0.36853822285495846378 0.4406110179304528196 0.81856063255767386178
-4.8453715874344664982 -4.1697352355160779425 -5.0815927738621855525 -0.9065767890106569693 0.008334420217728698288 -0.42195860349882846618 -0.38193831829937519018 0.40917062082904465115 0.82867516196935420147 0.17955959078159269837 0.91241982688340217411 -0.36776135314673369381
-1.8497555720625320497 5.5452796396968242476 -1.7850702416447152832 0.94408082400244675014 -0.0081531520403948735259 -0.32961329442640235898 0.26356715924375845317 0.61930257530947530054 0.73959223412863039915 0.19810035416182508738 -0.78511008548295579956 0.58682058872723630305
-6.3232214515572868763 -4.0611303175791944042 -7.4105170100471910999 0.71084453578707962329 -0.0030958128770906551824 -0.70334235041300707802 0.21114551737988102031 0.95480626463004636406 0.2091950465799069514 0.6709080536348922541 -0.29721274024817834203 0.6793724829591444303
-2.5919756142206389349 -1.6243591982172367327 2.3307472391357033636 -0.80492959450958689871 0.0089316206606260481471 -0.59330310469010660857 -0.36253216122188924864 0.78416058287594447851 0.50364929498947164088 0.46974331284482606641 0.62049367959394507999 -0.62795606026350547779
-3.6992730761161167763 5.5371410584537308353 3.86161202720772323 -0.97186631367635822887 0.00049523456283966267588 0.23553263698234985779 -0.173673715827350722 0.67398714761015476871 -0.71803813637366398215 -0.15910156747144776901 -0.73874290493989913653 -0.65493939538633139108
-2.0451246971666003915 -3.4893651837196153487 -7.4942780292616717475 0.98656653806984562216 -0.0029867384999560514514 -0.16333262183018962266 -0.050963238799779556065 -0.95556062463321889133 -0.29035605890290555609 -0.15520700451924746011 0.29477953124958056197 -0.94287635122773416629
-4.2835939280479466973 0.31351540270188049675 -2.7998716435067496633 -0.90625090774365790747 -0.0063418687839282960467 0.42269264591914840201 0.41949038654294662498 -0.13723470679988183929 0.89732627892399474678 0.052317375811930022511 0.99051825624253397873 0.1270294305988517447
7.2622286277977785574 2.3944947910972529392 -3.503950249786915272 0.87685192375545362165 -0.0040363559244667706477 -0.48074360280423256153 -0.27813442730123272284 -0.81989136714068233669 -0.50041921070035322305 -0.39213765970158648289 0.57250489423151984525 -0.72004597209126008917
-4.8295829529093445842 6.0557284380237899057 -2.368264778304327578 -0.48522686615440474567 0.0035013704112656046478 -0.8743812834040559645 -0.57670281149201085835 0.75037313159702745402 0.32303874472635690784 0.65724330014022136481 0.66100522220506052751 -0.36208195293100359224
7.0989291283798685583 5.4281921541308362222 6.3712581588604777494 -0.99705393777036144254 -0.010626263343922418697 0.075963989519730781841 -0.034247933577521483262 -0.82448303732730976456 -0.5648493606308490067 0.068633258862486570817 -0.56578688893149520212 0.82169013143103242225
4.1202911034531206624 -4.3094342506731164733 -6.4391989477640274586 -0.98444658358139836007 -0.0028147056505904515487 0.17566161079483527674 -0.051505181840428460038 0.96056179297910682102 -0.27325493245744653104 -0.16796469962025714628 -0.27805236791095172544 -0.94576674734343524342
1.8879792825164121162 -0.50179183024055473705 6.7979262867289200756 0.88851649596680681853 0.012295717638087325443 -0.45867990115397039297 0.4164909538710311887 0.39786821530855165374 0.81745713562910593541 0.19254537579090150179 -0.91736017930532798292 0.34839141735487128004
-7.3060705651918942394 3.2572022850420125906 -1.6870590657854869221 -0.98613548636306092021 -0.00027639034376651075604 0.16594193606140444919 0.084470313527053628166 0.85990874640992132072 0.5034100852985287089 -0.14283405990195124913 0.51044771667237787138 -0.84796318308977758349
2.2888204663695135288 5.6118837660158016334 6.9268593764593120454 -0.9013480891815822682 0.009982753744633933099 0.43298033068085262087 -0.042127863230290156504 -0.99701435845755026488 -0.064711762216797252822 0.4310416050318721104 -0.076568359373942795898 0.89907753896671160909
-3.1176246026174889714 5.449197513985272856 -5.2701239953691496609 0.93820508200852315017 -0.00037856962824297602042 -0.34607958734725752237 0.083524114130233376163 -0.97019148218264483763 0.22749112127495960123 -0.33584958903081224557 -0.24233931704378450234 -0.91020695941237195203
1.7044345969298204668 4.3765180590676138195 -6.4133209624059110965 0.9923134085287602657 0.0032924087369628463572 0.123706343001229499 0.10671711409086556688 -0.52888422499435594482 -0.84195779829636263614 0.062654264133845657958 0.84868759658475823038 -0.52517026438016090051
4.3700304868946382442 -5.480930030808818465 -4.8828787424087085611 -0.93339734590115186474 -0.0022490910773368217798 0.35883747888721528874 0.29906042644766295258 0.54778644957290523188 0.78134042964461147829 -0.19832361432197423423 0.83661517273690078067 -0.51062980401516622209
5.8905229007723551859 6.6645573647432714282 -1.5576857685363985073 0.82443153231024857153 -0.0058932957812547533821 -0.56593101840898929478 -0.30995492830299398168 0.83195370929726719655 -0.4601966623164772674 0.4735404850202676319 0.5548137477129136963 0.68406221529578636886
-3.4034240379508546859 0.24205521816361752485 -1.3831534296738026146 0.99106021357731000077 -0.010610859740300626619 0.13299271679091359544 0.074384610810688450711 -0.7835729862914448951 -0.61683085593116904199 0.11075460594661862279 0.621209131299468309 -0.77577872647535028872
-6.7233677178929536211 -2.3852313384575078992 0.11511511044716857266 0.99883166533448364266 -0.0017192430633083612308 0.048294394378529045819 -0.039408131109592244024 0.54943854638888556252 0.83460426726954095589 -0.027969689443133671086 -0.83553236199769742587 0.54872886613251703469
-4.7462473071102921907 -5.9477906748881945731 -6.0867281590009874037 0.91298745953824211874 0.00062611766727194671789 -0.40798714036415567596 -0.13414904234750099632 0.94485684542553716181 -0.29874667544570920885 0.38530239184712627987 0.32748305243059605552 0.86272644401778086909
-2.8663313276913222616 5.6961173327645013842 -2.6503497186525328821 -0.98090437098805538518 0.0038750560856331542001 0.19445204786008241093 -0.021150351506069264146 0.99174676646948534131 -0.12645558045624313848 -0.19333721216521349007 -0.12815356076865636048 -0.97272677934483509077
-2.7197885333338929215 -4.0848751586599911789 -2.7909508314218491876 0.96109290307660877328 0.011306134765317698773 0.27599384589611625218 -0.15962568291020851063 -0.79270338547272212182 0.58833747459727536722 0.22543307878676691058 -0.60950267757967224735 -0.76005684853959643021
-2.6021994991344272741 -6.1019494617294132155 6.9068170257531331657 0.99256139335963577963 0.00050458867069294295691 -0.12174409966115476434 -0.086169361334616570436 -0.70351037523847048671 -0.70544170070894829383 -0.086004195125711779824 0.71068480870364636459 -0.69823375820606292663
6.3625773726679746289 -0.92242727721881012659 2.64883990727039631 0.99996056965469759525 0.0063590979293493658797 0.0061984683196750940681 -0.0088601671188733854834 0.66750799233739566141 0.74454991612681686863 0.00059713868630599520326 -0.7445754777316647699 0.66753801493708375681
2.9938458385786210769 -0.73428697346948246238 -7.1695525734694598441 -0.97943533045866160158 0.017683664414754354105 -0.20098189336890626144 0.15350195219137349745 -0.58115162927793861947 -0.79918704597926149003 -0.13093351031240990645 -0.81360314146417578307 0.56648596105882731422
4.6615231870979974005 6.9390564589972738574 3.2336768052961941677 -0.85773491995123296583 0.0011982064869508722571 0.51409082018397789238 -0.12831858265975337741 -0.96884480396647665312 -0.21183504707976105741 0.49782039777456044138 -0.2476657225542345242 0.83116577253352341703
-0.78512164527390448931 6.6121538268410855466 0.34438850561221140412 0.98749543705068010269 0.011539347383167296648 -0.15722469674355973868 -0.018634993364886321549 -0.98178112704381048648 -0.18909932734646636709 -0.15654232279616728252 0.1896646040846242387 -0.96928934747629669211
-4.5250843875751272094 -6.4814253621041242326 -2.5000087202662339969 0.88033497020420925505 0.0060558824057868575197 0.47431389029201642682 0.4537868105659555451 -0.3019856650534479825 -0.83838069434996920215 0.13815886070765184823 0.95329323106309948876 -0.26859662100897141457
