1125 14.717824617146108679 14.977075390850430381 15.033177056927090831
5.0853557131237643318 5.9751033673906652766 1.9970266953210755734 0.4836561993140744975 -0.00031388545994482015301 0.87525800901274142252 -0.20069384986677196725 -0.97339626717835348035 0.1105517329985332281 0.85193817820936224017 -0.229127930465199664 -0.47085213389133168116
-0.32131536095476570525 1.416982513712977676 -2.9649712517481692231 -0.96717731177809507237 0.00079260249509629978476 0.25410119905845923727 0.15800840243356711889 -0.781272839729889923 0.60385933350471721059 0.19900098578162075946 0.62418917139090790425 0.75550412704125857744
-0.62823967275941994259 6.6701757592593553525 -7.1717793380161838357 0.88574539637698779249 -0.0023178926966776814723 -0.46416561717808285659 0.37912544128330449844 0.58055618204216163925 0.72056812257019575707 0.26780401895543082258 -0.8142168917838107367 0.51510373767353212493
3.1575566977381597233 2.5909595582855118323 3.8252597318487664424 -0.94884465234745274387 -0.0081117953550424032327 -0.31563907313220446182 -0.31120382173167943085 -0.14487781015986755939 0.93923511511381163608 -0.053347980760382260335 0.98941630211926945293 0.13494211369849445914
-3.3298436163915883235 -1.3335375611609339153 -0.67710950327817953642 -0.9934394701489344115 -0.00016847094581234033084 0.1143590432269686874 -0.11202127511721285402 -0.19973503046936258443 -0.9734254730201891137 0.023005500893529495093 -0.97984993199008896259 0.19840579050944168182
-6.1374277291047842908 -6.9683101006672556466 -1.5099931443646001927 0.99174021340034534955 0.0006186530526863876292 0.12826132072092927272 0.053181160260187723687 0.90799774285646983607 -0.41558616815397653177 -0.11671809336194892415 0.41897460094370020389 0.90046497458037066952
7.2460969051160679655 0.04663862319601330686 -1.1298812385088357058 0.99987693018462098227 -0.011220061385839436713 0.010965158779194855362 -0.015660123398412977708 -0.67189737528624826624 0.7404786814072722434 -0.00094075485695079333857 -0.74055926657223436482 -0.67199039254622372486
-2.8539364594588443325 -4.5705699193135176372 6.3295060255602741961 -0.83228045567024200313 -0.0028796795522637932963 0.55434731942632475832 0.51677159775613401571 0.35789886420171956871 0.77772457769812686212 -0.20063987355958728953 0.93375591588417417022 -0.29638409317836267309
-0.75220933246021570717 2.9740502670396198326 0.56842716277246019274 0.75624961567383908179 0.0020718719034246158017 0.65427992949504854003 -0.65221578576684002826 -0.077045881397668089519 0.75410775155562614902 0.051971988511345865169 -0.99702539561759595532 -0.056914610634717831272
-3.3407246544331239413 6.2464602875947967675 -1.2755284904665953327 -0.90937272658852486007 0.00068970597412673032706 -0.41598169243681293317 -0.20970599637631129331 -0.86439109674095870872 0.45700265530833766858 -0.35925567388811335823 0.50281960600271846662 0.78619832396068278779
-2.2682935584099865878 3.3725962775267093186 -5.5762202276128451928 -0.82719416792143118933 -0.00057186819308109679977 0.56191590253664358556 -0.50169481033040586038 -0.44964487131096292361 -0.73900054600208342492 0.25308521459057192748 -0.8932072338884051721 0.37165671187951232479
5.6997478551177831463 3.9452723727961869216 0.43673407843300299236 0.96047928144011807117 -0.0078185487835314912419 0.27824165795073763086 0.061460056464873714932 0.98089113462129851051 -0.18459480892100740834 -0.27148151204749376708 0.19440023743853446225 0.94260614060172409623
3.0074381965977052822 5.5494081886923991576 1.3478043955555754074 -0.99781686440361461177 0.0039882949100696870118 -0.065921154536994472362 0.06513160310932049335 -0.10571198477104538915 -0.99226148295314775538 -0.010926087506404101937 -0.99438879206253771859 0.10522143713296709666
-5.3335421359320394075 6.0817920932639033538 -6.850238902209360603 0.93347560173504318115 -0.014054219565320429097 -0.35836542784978597798 -0.30336297672173789808 -0.56392439219296575104 -0.76808865650034030548 -0.19129611945906097037 0.82570682375915116502 -0.53067319121812095428
-0.47086143161451365913 -2.3817787159358214666 -2.2750220600257811121 0.99618549497778674517 -0.00013004516057194340228 -0.087260774028773593902 0.035269703300890527242 -0.91407532689429615846 0.40400785238915898345 -0.079815459811491115683 -0.4055444240170076875 -0.91058399531496470036
-4.4282610682820360282 5.3664829690195592349 6.0712815393265540109 0.98714488113898402055 -0.0034274358286939914098 0.15979122730860606527 0.15978575506351766489 -0.001816827732582427038 -0.98715004513785487017 0.0036737065661791926119 0.99999247588191242375 -0.0012458167742885632376
-0.060036621963524647305 -1.9235934361127564607 -7.0461700588570161941 -0.52520715579995402855 -0.0080099193408833813113 0.8509367101545759482 -0.31460499163278443646 -0.92728248827678483313 -0.20290610186724147845 0.79068397146793811814 -0.37427667323439023361 0.48449543768374209174
-4.8727317857483267716 -4.4881979022120725986 5.256010750309854096 -0.95081827684751241136 -7.7307433619283258408e-05 0.30974925090511451486 0.24524739841377840577 -0.6110188182080328323 0.75266839801278040412 0.18920443436662051639 0.7916160671812250138 0.5809868192968892231
1.6400119567193185421 -6.0827331409592293454 5.5658514202835585039 -0.9111487357549613586 0.0098637150975955222715 -0.41195957138587729895 -0.29286045184260467433 0.68780128160128928272 0.66420038600878172907 0.28989780454243657681 0.72583200821686977289 -0.62380057612136907697
-3.9222559516590993489 4.1799208400453151668 -4.8995530462419596418 0.93381690797967475959 0.0044406026697090348471 0.35772372498770171889 0.20795067086257798539 -0.82038444751688643919 -0.53265925014035908625 0.29110565239950336736 0.57179510256771837184 -0.76701229443923157891
-5.1869932893145440644 -5.1625948707075739463 -3.3517363401845008397 0.98882844772575650971 -0.0056732816154233256523 -0.1489500414367142811 -0.1116140185764900733 0.6341392211796845757 -0.76512074799916540702 0.098795808744548338498 0.77319807425866238226 0.62642168396151043375
-5.0890899915154017563 -7.0434466763210332729 5.212760894124439659 -0.97920390088677367046 -0.011529877040619359446 0.20255069099669187338 -0.097985312266302249107 -0.84734151190863993275 -0.52193030260415995691 0.1776474009600952364 -0.53092318100817048609 0.82859035524208002332
4.4903187370833883563 -2.4229315655982937017 -0.5664374621821834932 0.92265165305847107735 -0.0047991505454892269961 0.38560458407880210396 -0.29942537643678907022 -0.63904699154606769973 0.70849374488533845007 0.24301928123964880446 -0.7691527226435506126 -0.59105475059066114873
0.67941292054121493749 5.8789502916483264983 -5.1179846502906167771 -0.90303965768598670749 0.00095821383807095927843 -0.42955611795518217066 0.054912732947241124637 -0.99153538074072045116 -0.11765279639516765253 -0.42603282550378385185 -0.129833241373646463 0.89534315266703445868
-2.3987488117579500724 -2.3704307171972769375 -2.887789277158347101 -0.95535540498370852269 0.0048880978712214986914 0.29541861259498503056 0.061628842190681674962 -0.97457320465981367441 0.21542737655485447168 0.28896009409359235676 0.22401601562904530085 0.93076253081182025451
-0.51694097120949900059 5.6999605020629058316 3.3247941365204956021 -0.99067134664441036662 -0.00143014357784093161 -0.13626532070553731835 -0.030031443690717404826 -0.9730697561100790649 0.22854619256012451145 -0.13292251625474035825 0.2305064086597280737 0.96394937638821509562
-2.3654776361439413535 7.1798614090001358079 -6.0595581266919253949 0.67895961753191447219 0.0052796814935627493087 0.73415663364462147022 0.23149997238999381333 -0.95050057547175648143 -0.20725930331684450092 0.69672203965744428089 0.31067793772858398604 -0.64657375330607058661
-4.5683455532621488615 -5.8729102732461280212 -2.8725183749827967183 -0.91208360980503844218 -0.011351228207918298563 0.40984709141710468083 0.32386451288933332249 0.59304746502885830051 0.73716109603923851701 -0.25142646244154825963 0.80508748210432612424 -0.53723261269508459925
-6.3629174277852786901 3.4351269318276735909 7.0327327441440674605 0.99083078058570195346 0.005307232294785004835 -0.13500443522142388519 0.045188674826966118703 -0.9546996141808418157 0.29412009511469699996 -0.12732771855125585292 -0.29752391495179369985 -0.94618559073803787385
2.6912268604669802308 7.0764742304631154113 -3.1365550967582374042 -0.89113217406753819638 0.0078286359446048704724 0.45367627312969383002 -0.45133541438665936152 -0.11817376261484766053 -0.88449494376719595135 0.046688243295172390801 -0.99296207092152721785 0.10884178264486268906
6.933134404415927321 5.6131060972518715957 2.0721401881459984295 0.98062691358354714399 0.0028345882347719959793 0.1958642934918692069 -0.019891252817902750627 -0.99328574597399754698 0.11396387544400415903 0.19487225153129575372 -0.11565202961648132773 -0.97398635186975268674
1.8164224516167413181 6.6948524447865391807 -1.0600304307560519668 0.99282897510285383902 -0.0029325258325770759207 0.11950743277578994295 0.11599659626983856164 0.26534275286133651717 -0.95715098764921413554 -0.028903561203116760747 0.96414968951728363677 0.263780136389342168
3.4434675059928463448 -6.8437897588220764078 -6.0245890079058561639 0.99433957270394979222 -0.0016465833790928377078 0.10623607164309273321 0.10581587555729232708 -0.074826736841323210347 -0.99156641730834649273 0.0095819953578151449702 0.9971951906306835145 -0.074228950875733779036
6.0926809997965190036 -1.8257873369522352736 -1.5642750308497352929 0.93355191905519108175 -0.0042707790361319773395 0.35841676143130907217 0.35526633551986780413 0.14383793636033440078 -0.92363222058883864829 -0.047609298196421234728 0.98959204145448798062 0.13579744554012185276
3.5068380600187989415 2.374212114489631098 -4.0978974824984861769 0.98488946316730374697 -0.0016986979080172411385 0.17317580595295006818 -0.077952499896721483275 0.88858016917396531742 0.45204943392357482823 -0.15464848237819761589 -0.45871821129775280923 0.87502082805038006175
3.7877507254360915923 -7.4473097475410039436 -4.3767039142734480706 -0.99836395664896460111 0.00833284395750951562 -0.056568310701360827175 0.031992499236221563774 -0.73856334027810643938 -0.67342458552520489956 -0.047390822493814141469 -0.67413259534658609429 0.73708843013203828587
1.2998225040306208289 -4.3802892793224277312 3.8722078190669662057 0.70313740382696121589 0.0032123913281323747751 0.71104674380904375752 -0.67453053953532338127 0.31938357776890768935 0.66558446607892329805 -0.22495853523165337817 -0.94762007724268537689 0.22673739575314499906
-6.590223761736325514 -6.7758116267689558754 -5.9632094255426251195 -0.94315799033830427511 -0.0050123205603230282235 -0.33230690920224942309 -0.25929056881763046238 -0.61437922066979089308 0.74518895196551115934 -0.20789758580411982214 0.78899496186721640445 0.57815702362331533593
-4.1912710564642621236 6.5833731304235154624 -2.7137294931735751469 -0.97274452389150323217 0.0035226150641642934441 -0.23185271709035809584 -0.22727197138369842344 -0.21281846279309596381 0.95029245651952765073 -0.04599502432286890069 0.97708540725844672536 0.20781858593493529597
1.3725980505971493439 0.82672429784588741253 -2.2437449551531041259 -0.98782419186019476687 -0.0029398176134543072685 -0.15554653145702659889 0.13324671007319438543 0.50009600433617740212 -0.85565723318487574289 0.080303675075142674777 -0.86596497846011666333 -0.49361521031067145948
6.8615091661997302808 -2.0210359697238677867 -5.4372000219639131657 0.57221322757409076587 -0.0034671651568468197374 -0.82009755575486475987 0.19852328257235338227 -0.9696643612774177301 0.1426167337481388242 -0.79571384835621672416 -0.24441564032210180701 -0.55416646082196752143
3.8147352758897321579 7.1209162172852318307 -1.5919889374196976028 0.99944540935024739348 0.012346001581537027411 0.030926525405125998569 0.024475338716702349506 0.35738868072587232083 -0.93363498685714030323 -0.022579449138330914132 0.9338741388078340977 0.3568883037347380105
1.8794501653796864549 -4.0023584223341970301 -4.4312848681153083064 -0.8986756826285986488 0.015414277596226530487 -0.43834280819723170364 0.27478721674938394459 0.79873383702096867331 -0.53527212061602424953 0.34186840006529350955 -0.60148703863336483444 -0.72203832266229106551
-0.453141991359362728 4.9561180247369449603 -2.2127039474970402466 -0.99751136075899438094 -0.0015996678945265725355 0.07048777354589134958 0.068495547902623327152 -0.25902073278887560726 0.96343999289167092659 0.016716610731584664179 0.96587043698836427819 0.25848569375790003688
-0.48218944104195171629 -4.6685813851141215736 -0.23828481233790047011 0.97974426149626547833 -0.0078419499204242706231 -0.20009919011976248782 -0.16225689854164937476 -0.61670784880859952359 -0.77028834087855302393 -0.11736217849366843702 0.78715305566284010652 -0.60548838636251012257
-5.8368453012649190725 -0.24009860955857509346 -0.82102587790125236555 0.31988805473979120553 -0.0046094130500558983671 -0.94744413331142895984 -0.93007179451008503701 -0.19220478792657461065 -0.31308749025616444683 -0.18066014915198858048 0.98134401348837374535 -0.065771100788681702287
5.7452551269420100155 -2.0909022871233466923 2.0248685183625112494 -0.95000219909039806954 -0.0011447298367100915487 -0.31224111086943184823 0.2832176897554338213 -0.42419651834055727146 -0.86014246147793971264 -0.13146696137409946692 -0.9055694360021829814 0.4033118330097650861
-5.1964052156706985741 2.4755435733530628539 2.150530527114016266 -0.9845779448924699695 0.0046715925251703208781 0.17488409491597881051 0.17455298511183489629 -0.040776796646903312737 0.98380308407916139402 0.011727140309026603399 0.99915735951773787527 0.03933249422140648599
-1.5906770243628971517 -1.6560715959229184158 0.88515469984032968398 0.99289755092438847228 0.00021901091254842870032 -0.11897228838068077406 0.068403865240263178604 -0.81923431753359410301 0.56936459689334018019 -0.09734148441702833443 -0.57345887822018970503 -0.81343072870522892259
3.7499196489152257783 1.5805073650144483288 3.5351506470281761629 0.88778334382098411659 0.0014553442758723765006 0.4602592925809337876 -0.40374909431822947337 0.48255497525976487339 0.77725630566066838956 -0.22096923602909529505 -0.87586447457644778236 0.42899186344681328187
-5.097970576360690842 -2.0248444276795964925 -4.2228652967344899594 -0.73194700327459105704 -0.0024231228795762345396 0.68135725788505407952 -0.67244227004408352322 0.16384236379137370743 -0.72178741557696102227 -0.1098862041173858245 -0.98648355703620893564 -0.12155333743629588572
-1.1544571042105558067 -4.8030872653601157651 7.1227972615329946393 -0.89725135871774619467 -0.0017947998294302533462 -0.44151645266391320588 -0.20610745758510243264 0.88605122209621223206 0.41525046387657199576 0.39046090099663988138 0.46358387646195958753 -0.79538058454895654847
-1.6446810165195400177 -2.483770277967207285 -4.0671111403858022371 -0.98534320457361990186 -0.0019787945027398244624 0.17057213598054121739 0.12914079629151256623 0.64465657442245061226 0.75348560423356492066 -0.11145144204468865334 0.76446974134124212608 -0.63495243179302218728
-1.84026679670303972 -2.4876995112535031929 5.9636620953699779335 -0.58733967734859893195 0.0048912316139661949493 0.80932575596308342636 0.15857029269805852922 0.98129636548497101156 0.10914625673771512215 -0.7936545631984860405 0.19244094922737481346 -0.57712989471587761159
-3.9598609702940206212 -0.86846394071747856636 -1.6271550504347407351 -0.98152941545193150841 -0.0031543478887225162056 0.19128527568009559556 0.11033618166180418629 -0.82615285998276988266 0.55253721952342771395 0.15628798296387183542 0.5634372210209107612 0.81124137243442429046
-1.6551889201936718088 -4.1461101335673893331 3.364289425773294262 -0.93110975036556287154 0.012097237284447618505 0.36453846110411380899 0.35940254889177863928 0.20077219481221175723 0.9113288833567833036 -0.062164625183222493865 0.97956326117326020242 -0.19128872610650399233
-4.2179779000679884504 6.4744882678959907452 4.1301722713776092277 0.94211347993869898332 0.005449118994141790781 0.33524990383285102613 -0.229074675198143618 0.74059070750162891983 0.63170420067067345471 -0.24484073211090040534 -0.67193430561653000321 0.69896874381836737733
-3.2629804408594180742 -4.1550950975727278802 -1.6925335490673163452 -0.66113256396927566616 -0.0080368146666747533602 -0.75022606091062271627 0.24123760714903000335 0.94456633729802441657 -0.22270799568153215597 0.71042814538587328865 -0.32822224795629273419 -0.62254478247754985176
-2.2101078242185958622 2.2169980764457761779 5.2910644279851641869 0.92862139795772347117 0.011628666995873216533 -0.37084642826773961399 -0.36032778863474762554 -0.21005134394262389708 -0.90886870209371073415 -0.08846572213354628178 0.977621198119196122 -0.19086804079149397029
6.9082818944015951246 -0.80513522867729758747 -1.7704255393577934541 0.90304070439710082407 -0.0044266366558733489731 -0.42953217701328633149 0.38647326651810876008 0.44484555659370250691 0.80792997533544652633 0.18749906791422948915 -0.89559635755547717384 0.40342442150241758503
1.5472186867168582491 -1.2135423620857870297 7.3215686403782607172 0.95356737688277248832 0.012096330796374394137 -0.30093676499568761118 0.30089224056997410095 0.0053892548620187909897 0.95364291823339020215 0.013157405124474276861 -0.99991231351217291223 0.0014993255461712168969
4.4366276269003650512 1.73703324007690596 2.0552237028446049827 -0.96050706309260802662 0.0032735452788760534271 -0.27823634854280532291 0.11494592467839524763 0.91529296949480742907 -0.38603913583103283136 0.25340405708860269662 -0.40277545095826489119 -0.87952164268787980106
1.2302474929270337256 -0.90354930976710001733 3.5836287672551518924 0.9358707873671252564 -0.0039411904757077316844 -0.35232135383847862364 -0.30603457133769967902 0.48644468906964799526 -0.81836080406031108669 0.17461016722720570926 0.87370248454130017279 0.45404323363234017075
-1.4867342929803073481 4.9528734182998626068 -3.6908017591532793489 0.52359031590097804276 -0.0021091995691118353186 -0.851967565328595966 -0.6117323897132732613 -0.69695013907184277802 -0.37422451419357438684 -0.592989598956368269 0.71711648630105540025 -0.36620660917662833933
2.1050716641833329135 5.9882522271519507129 -5.7176149366346100678 -0.96832354323321889744 0.0073744850724296456823 -0.24958992886374387066 0.15754265730345912155 -0.75745745114984608382 -0.6335917619629715114 -0.19372616434033812505 -0.65284288053668360075 0.73230208697128473805
-4.5317468605460016207 0.219357347107391909 -2.8346402898522828906 0.46031427645790196079 0.004330088190377470031 -0.88774546871578652318 -0.71981691303716532904 0.58709885608385981026 -0.37037622074168419228 0.51959058747722131066 0.80950366492155478859 0.27336685586186931785
-5.848578354941710522 -2.1171978027833828762 5.3774652273442784534 0.75081320418315355969 -0.00053857446488919007502 0.66051437710459226516 0.59991793980205654346 0.41896557155181946008 -0.68159101766220941965 -0.27636569600422894455 0.90800196023562240732 0.31488798370265530524
-4.9990998392532297601 4.4270431299775507838 -1.9482315499459805785 0.80362590214929019439 0.0077357948348908290442 -0.59508450397664303111 0.58204323881520825257 0.19836000839724995948 0.78859303523315105178 0.12414136113465928934 -0.98009870143109123486 0.15490467361803672564
-1.941113396946014813 -6.5438045063765235554 -3.9610539295385880365 0.99669446239123915543 -0.0051461920655078577727 0.081078143453535672647 -0.054362983087348305811 -0.78387805161338430793 0.61853040852385887671 0.06037230083818445614 -0.6208934827376251242 -0.78156667558514036909
-1.0217730000468212559 -6.9531941845207887454 -4.7137259470838257513 0.96481977462442392035 0.0084262420352227106191 0.26277709363405798992 -0.13254936317583038141 -0.8475779141635017 0.51385050914051466631 0.22705388967221934449 -0.53060406883798916233 -0.81664303910410040999
-3.297309911787032366 -3.3501242826738653058 -5.9213370898541128895 0.93579339129756022864 -0.0017787751782743737965 0.3525444153047585516 0.30959623698537325209 0.48249735905180674012 -0.81935735094803752165 -0.16864429681500422986 0.87589561847677899209 0.4520685420208517824
5.9155033073992697723 7.1244617842733450885 7.365084221977824086 0.99717434689796424774 -0.010463435486942935723 0.074389773533699118935 0.012812210166713458234 0.99943206795380379326 -0.031167111131336092122 -0.074021410140714907766 0.032032141099835799436 0.99674207936528746998
-0.22147730907377649601 -2.9773747742785392489 7.2150369039691470974 0.65536009339554390785 -0.0033690339847623693159 -0.75530907421693027626 0.41076416153225353556 -0.8375970486195650766 0.36014439846321522065 -0.63385799007759324741 -0.54627816518121719014 -0.54754380159128679395
-2.0174972826526982317 -5.1766867912516199013 3.3554154819407839838 0.88224344454569314511 -0.007014109282565999387 -0.47074123128010636474 0.39706453647761308368 0.5483211596260064713 0.73599161664941559202 0.25295505218902847311 -0.83623842782861856904 0.48653780263685103558
1.9147875485749166202 -7.0246121749024199588 -3.6478677706854787388 -0.99802892275782595366 0.0052353290391224816674 0.062536874472325282293 -0.0092553563393399287257 -0.99789626010535681377 -0.064166910841212093652 0.062069378262908751764 -0.064619233961199645799 0.99597778433280581556
4.8065794326449617913 0.76497210986196584326 -5.8040067568508586504 -0.94439027280863696578 0.0069407231212932473524 0.32875346231936231067 -0.28477111552781331216 -0.51715787894518827628 -0.80712647088646582993 0.16441540191074546784 -0.85586187822994330698 0.4903753878480369699
5.5274852082364347439 -2.8974054759109968415 -6.7356419768858835084 0.96114772544940629828 -0.0056554750918254761277 0.27597656687651517249 -0.2367584062282240831 0.49713042734346551965 0.83474954045494964561 -0.14191725386200423897 -0.86765739425813481756 0.47647679822359823021
2.8518134562998933568 -5.2323355293739801652 -5.2407514143922364624 0.92043438618634321191 -0.0031866229143338586915 0.39088410834959025353 -0.034287202857076475027 0.99545442750196189152 0.088853083721847650467 -0.38939045756933382547 -0.095185756292795853373 0.91614122456802860039
4.9826325364395538386 -0.91031731976032204123 -7.2524105227635171644 0.97176882525877461561 -0.0084464005438411350613 -0.23578381745392720803 0.1226904468512701879 0.871698761141253331 0.47443474164134691318 0.20152519571195554038 -0.48996931347044547778 0.84812597375064524563
-1.8492800398907889292 3.1002482007175444778 -2.7585852685645737559 0.97601825466167191347 0.0056994000470738416519 0.21761406987195414109 -0.20817427210845149133 -0.26787172677528908737 0.94069559923841616911 0.0636540572097737678 -0.96343772753278489329 -0.26026122678419133516
-2.8718446511471213967 -1.5622943857958893066 3.2522547866976463382 -0.33928706777821926455 -0.011995110069452695131 -0.94060640172858900332 -0.93962943731740689035 0.05163042622219123079 0.33827624748819523637 0.044506248606111416255 0.99859422010270315617 -0.028788494446217151312
2.8796910145894432098 -0.80247775397797260766 -3.0256201174443901891 0.79655328568856331728 -0.019314723575465330557 -0.6042597161088526514 0.41815304593593422 -0.7042574190114120336 0.57373296745249957596 -0.43663588175182782569 -0.70968192115939532361 -0.55290205058963437512
6.7837389769836349274 6.1059289883651679531 -6.995483745049267732 -0.9743868395986662323 0.0057124907510849153719 -0.22480581457459250516 0.20428633670844423276 -0.39541603603532909927 -0.89549609216366654607 -0.094007337220905790032 -0.91848436344640638218 0.38412119787002857452
1.1688601884305944711 1.9754060493674112653 2.7006035163240094121 -0.95850971223762226892 -0.0022032480931989126618 -0.28505135895825295389 0.21625896517687423493 -0.65710625666259425692 -0.7221103983709648011 -0.18571804308334224909 -0.75379474205696894717 0.6303192011359129987
5.7443756287121887638 2.2168243217233021269 -1.2537158452124310681 -0.99774804839755115715 -0.011481335184139858374 0.066083362967982284264 -0.066453805923814834866 0.035612673839054351244 -0.9971537640405091496 0.0090952513435162331973 -0.99929971300126174683 -0.03629545424118496566
1.4928040601955796518 0.028494360886306729225 -1.5571389196007940914 0.99970960541279141331 -0.0041275092726779597646 -0.023741704078014309182 0.010694914153281680561 0.95887169820381112917 0.28363829994379585742 0.021594528394391687698 -0.28380984840376816125 0.95863739041028550592
6.0225411785018785338 -0.71816136647595707476 -6.1368708585814255585 0.68358375119241665541 -0.002103969771064339786 -0.72986904881427661085 0.033623117757630327507 0.99902497237782461603 0.028611020915371092321 0.7290972096079071374 -0.044098501978716647676 0.68298798017622597278
-2.9823463629490922777 -6.6043044118859084435 -7.2111860494338948513 0.88776522133339141885 0.0025089805231935922471 -0.4602897096477115424 0.017179402549832821501 -0.99946903298395595172 0.027686101823808782763 -0.45997584710382760642 -0.032486260525051158243 -0.88733695006931578853
-4.8441891168588737671 -5.9636067999895345793 5.8732238326483416913 -0.0069568190700406047633 -0.012877687601983678692 -0.99989287817769179068 -0.95207416950915813025 0.30585546686814907291 0.002684984205276347638 0.30578812668533800201 0.95199086053854764522 -0.014388294873491015019
0.25078773088534250801 -4.4496621747288038762 -1.9555199838279437863 0.87421324215002549352 -0.0016190060847446072559 -0.48553947941329389515 -0.28424548438538455031 0.80902009416042175438 -0.51448128425727435165 0.39364414368324540661 0.58777875605014962002 0.70679588431181050723
1.7551339917498678389 -3.7383491263365393742 7.4971127942686228707 0.76226151123384389141 0.0042569596591162999974 0.64725517903375184847 0.1818737723068444001 0.95828237066265831157 -0.22049224254869406736 -0.62119185396972897983 0.28579149107643886385 0.72968753873827330025
-3.7758672470399399224 2.2411907821383367789 -4.933532573485247319 0.95125720869225682819 -0.0020784686209408048327 -0.30839163879576664273 -0.096402450664306943429 0.9478624155160683129 -0.3037489238796565183 0.29294417628087365824 0.31867306321733868124 0.90146058613944424209
-0.20054966327427073414 -3.7623698966254175424 2.4192198720373614407 0.73459949358957676857 -0.0016312827148951755674 0.67849902205860157522 -0.65408145502477621491 0.26416410392010875041 0.70879812104212858159 -0.18039133629598394504 -0.96447636835581918024 0.19298782519254598089
-7.2306862980211956682 6.2400269030304196249 0.11846511854438590561 -0.98498687298237908028 -0.010376937840903743479 -0.1723170891504115787 -0.16639904685271544871 0.32281910677892111661 0.9317184024719689095 0.045958864854645613274 0.94640379514209005407 -0.319699295091100677
2.0572174930945723581 4.6014775820349447244 0.83805673490348753241 -0.99194933923442774049 -0.0011073447562690475095 0.12663049466866374559 -0.12022459457454494347 -0.30589407212741137609 -0.94444420877924928348 0.03978134301185701216 -0.95206490872468563236 0.30329829264815499901
-0.73039825919948553334 -4.5189857755730322708 -4.2211088002479435488 -0.65778031760029420649 -0.0056964602713819529126 -0.75318829260558772809 0.0018461909214318482971 0.99995620334555979092 -0.0091751277920439945623 0.75320757122905745984 -0.0074257478610184413439 -0.65774099226967963627
6.0701851846463457107 5.8095164439071540485 0.79540101603278001718 -0.97817000226915773453 0.0096563648611838505398 -0.20758179418828606733 0.078989644232296721271 0.94121884707954683869 -0.32843221219329415961 0.19220843572751492023 -0.33765934981843503948 -0.92143479460859833985
3.4955963801740521646 -1.9718514928008570308 3.3367296592995869808 -0.96646185795599626189 -0.0017965784868948014505 -0.25680391239628086453 -0.24691863393045326847 0.28135843999392934345 0.92729100958770382945 0.070587997097188576179 0.95960106322884453078 -0.27236580937391446922
1.5392608471795332648 -1.8412077417912742217 -3.4491507028121413114 0.96023774763327029991 0.0044843101004734351595 -0.27914755772371641074 -0.27917575772394775946 0.022905033588090668167 -0.95996679928812722604 0.0020890953715243035238 0.99972758809547723757 0.023246188532246379876
-0.60942800454098955409 -3.3887205946948983915 5.5981038617568668059 -0.91630474318889310048 0.0058904866922213777736 -0.40043840946647579759 0.23224066730948580983 -0.80678157518669790793 -0.54329344040473803723 -0.32626659353534681607 -0.59082043981712217828 0.73788977350082873841
4.1262551716116275813 1.535863422223376018 7.4885156921371809347 0.99969452267838077031 0.0045720891543446183503 0.024289037188466599398 0.0041159506325588943176 0.93822069948263597805 -0.34601297376360778957 -0.024370479625275533186 0.34600724712512048731 0.93791527584310552257
4.8512631633581237978 -3.8743050535401044598 -2.0146286657964758149 -0.97704830246301765939 0.0043063305019561508302 -0.21297434158055836284 -0.15564631163670947234 0.66815644034513821392 0.72755838040616405138 0.14543328480080366938 0.74400835125883235666 -0.65215085135961980978
5.7897526550725046945 3.726045208211148374 -2.9300420156223845325 -0.89488445655828352532 0.0036417816001467636332 0.44628303444916139764 -0.40294148073574742597 0.42334178671191002863 -0.81143077013761366612 -0.19188531083140114575 -0.9059627304974441353 -0.37737455986962920029
6.0095095408951113569 4.5298546758633371212 -7.0423416748658516084 0.99995969684703467362 -0.0059202119439621600505 -0.0067495016194068710447 0.0077466698764492806367 0.94894702611443437767 0.31534034111472769579 0.0045380378355958372882 -0.31537991806564474873 0.94895464248478988978
-5.4403882943803445471 -4.1646316388697615096 4.2290588305190643936 0.88088448301960753373 0.00070765515891207128683 -0.47333077947605406433 -0.39044216198559494879 -0.56421894431294694616 -0.72746951896442191288 -0.26757699026493958483 0.82562490399855603673 -0.49673541466082049567
-6.2832532051235281401 -3.3945894278592319004 1.1368698535227554913 0.95180738484843019354 0.0086019672733343814641 -0.30657577906114091837 0.19863840347642716666 -0.77891024147457565974 0.59484587952715017867 -0.23367816931041443529 -0.62707642427781307148 -0.74308120101559582693
-4.6641642512802485854 6.428786567340169178 6.0214068600725250135 -0.97827418540041699568 0.0043887018378764913393 -0.20726880487729995584 -0.023346450313488843753 -0.99574836792759224835 0.089107412864108892503 -0.2059965083122379248 0.09201047258731905043 0.97421738410763047966
-4.8418620176232538554 -2.5134331649260168717 1.024579487670023159 0.93139545502258236365 -0.0014508730130910578449 0.36400604573360134664 0.10194134277441393999 0.96101693313356228998 -0.25701053842954751927 -0.34944308405869201062 0.27648571246621023167 0.89523470766354207306
-3.3779491171035340713 -5.7802664660294889032 6.5314732264172450371 0.66348191745364359928 -0.0062433301616913912391 0.74816626898067561946 -0.079722648065701368081 -0.99486226279082379254 0.062396934701049198979 0.74393282263747950722 -0.10104503403535392003 -0.66057085653196945252
3.6419294292076944686 -0.15055904205763642745 -5.2928324978273773027 0.098654197540764140828 0.0042488389863481355532 0.9951127055137823918 -0.24805125118229268133 0.96853090973171485079 0.020456140427940222581 -0.9637104991097953377 -0.24885703578883860976 0.096603569519613310956
3.4018286759527964769 -2.8799993694499348429 4.0438003941694038446 -0.96947053084805789869 -0.00013957231039347147566 -0.24520781051322604327 0.17699983835359850426 0.6916657791134971367 -0.70019247869855660849 0.16969957878535094076 -0.72221771684370028588 -0.67052488577030744388
-4.1673038085184774815 -2.4495550295712029687 4.4734621786233939034 0.97476021588579442323 0.0026126546230657958503 -0.22323909953726245314 0.080420585116592474551 -0.93691279477394284747 0.34018663183367048308 -0.20826677847394248211 -0.3495534136933015068 -0.91347542931348590933
-5.6944920223311781271 -2.980535378042188821 -6.125810109471970577 -0.75110187382716797622 -0.011603564000759663405 0.66008433736586269447 -0.076427542966829339899 -0.99159471162398404864 -0.10439711947807298054 0.65574751681517906565 -0.12886149611794234238 0.74390181409169342519
-2.4368352738516363409 5.0580447340215988206 0.42711503701263686672 0.72277555731831810704 -0.00029987790075006529045 -0.69108277638528547993 0.67482988596255388813 -0.21529312091409638641 0.70587073682012135833 -0.14899704277268371877 -0.97654942637871200439 -0.15540623888593033119
-2.4751399051512765759 -3.9197454376250693286 7.307819474642833768 0.97375179818768353712 -0.0042021140389638875212 0.22757367546373838407 -0.22276490645868152196 0.18765419142248945805 0.9566408421617836888 -0.046725067971277817191 -0.98222616880187885169 0.18179252279426327821
-4.7290807159531462744 -1.5157138564372969469 5.1907461930305753839 -0.3831502641548442667 -0.015475311002856290132 -0.92355638150973351497 -0.25107701480858501952 -0.96046794795081325002 0.12025661559322423089 -0.88890731109208842575 0.27796013330784175022 0.36411805307983929891
-4.2542121657598839235 4.8347451064323720971 4.0457554005125171415 0.99603725033700796221 -0.0037574053868761544961 -0.088857626830039074251 0.021556483629581259936 0.97951482217327257018 0.20021496236881319852 0.086285073765087927367 -0.20133701857233640697 0.97571424658948224806
-1.4657429822803118569 -3.7772537283283345033 6.4763611340587230458 0.99388138977575735122 -0.013409710874747743023 0.1096355905332791203 0.046885656992714359881 -0.8475163073127368607 -0.52869447132289104641 0.10000759084032220803 0.53059993261711557722 -0.84170196226520233029
0.36804462208238358789 -0.30675434746288604559 -2.6797601019073926665 -0.9997848403857679811 -0.017360302359235777608 -0.011353098115221576039 0.0075450644041316992233 0.20547350619956575302 -0.9786335934624244004 0.01932213595744457571 -0.97850869089238323717 -0.20529831199983880619
5.2574984423729205218 1.2772476723146213295 -0.82300613458165661207 0.98422282241176894946 0.0094549986051749024263 -0.1766806125334127453 -0.17543375313355658029 0.18188649019102892668 -0.96754343724064573173 0.022987694648864805125 0.9832740755697092494 0.18067556062558096097
-6.2586993247041196042 6.2416912501660108958 -1.9565444761015287067 -0.98808310121266285098 -0.017537868478070612471 0.15291895980339326178 -0.12039187783707369639 -0.53095566195918131314 -0.83880383927606649852 0.095904018940679000571 -0.84721809954851390323 0.52251690015570695369
5.2078070479544180671 6.2231113327387657108 5.1659803123126213364 -0.86832053539831088873 -0.0068298332975454088822 0.49595645089313739051 -0.16299705147979282049 0.94830157766370903882 -0.27231613798913878455 -0.46845641100780377464 -0.3172971338943592623 -0.82454297632576334376
7.0601402396222168178 -3.0603256597914092474 -5.6296058491414262548 -0.72600615531632284316 -0.0065920746307618688017 0.68765660543247020264 0.39323592451307559648 0.81635979839710171024 0.42299194700770065269 -0.56416360226022288504 0.57750603816152012993 -0.59008999802722406081
-0.57539405279670607918 1.1549276012930327351 5.7461657844046936106 0.99429410705676413151 -0.0031600203075682286279 0.10662665212715558005 -0.08584939460679621992 0.56959913195280453824 0.81742688377885808215 -0.06331753404738729718 -0.8219165670251877831 0.5660777744548975976
-5.7060217987941932449 3.1312605672345292795 -3.2758429943435922738 -0.924663028164006362 -0.010323004553769561664 0.38064645003399388834 -0.21832443992056624338 0.83338079659717068104 -0.50775081171411584613 -0.31198192780973826865 -0.55260282612369060473 -0.7728501751827947519
6.0233720516909832199 6.1284240225965405102 -5.0849226497952306758 -0.99990233086479252123 -0.0026829992080681886943 -0.013716057979918932705 0.010679141840073073239 -0.77976534085786153305 -0.62598080571725633892 -0.0090158006199708741468 -0.62606614244188030227 0.77971783398046545788
-2.5853628094692107098 6.0821370392747775568 -5.6134135429614220314 0.98892191597407275161 0.014065604650907614914 -0.1477687479543479121 0.14568712073940962015 -0.28269255706837898012 0.94808237038179632439 -0.028437773415700345198 -0.95910743764403083578 -0.28161004261069805255
-1.1762801449512436669 3.4391388912078793005 -7.3172832543493431245 0.94088513120348893359 -0.0021913829223101071592 0.33871871474879872155 0.30259059709091795654 -0.4439737057404152254 -0.8434016120230680702 0.15223041887992525001 0.89603713452737732137 -0.41706516650963987303
5.7220629080736200578 -4.6522541420633256593 -4.8722109926064547381 -0.99992204884467539294 -0.0016001859716703384362 -0.012382876856379294861 -0.012204317253547560668 -0.084153380972051272657 0.99637807237581299535 -0.0026364511675373552418 0.99645152811148274274 0.084127291941553383747
5.8940043371712631526 7.2663386010877601962 -1.9409965477000223899 0.94366118291672607121 -0.0067272675530905936062 0.33084485144478836816 -0.0063631486265056918378 0.99923958781420363362 0.03846760305105295652 -0.33085205484598123604 -0.038405598761249187811 0.9429008048505564954
-7.1932736058529869183 0.66059884473597163534 0.87357827214652050696 0.86238132333597938839 -0.0095451907597517947346 -0.50616928244849368479 -0.4337022337530589966 0.50182707849124330579 -0.74837955325523275452 0.26115287782966206676 0.86491529794901311767 0.42862652948108947992
-6.4341555398024521395 -2.5019570009357190443 0.19110890722697776445 0.51679559717764167459 0.0032451780468033394542 -0.856102668817939505 0.60936030910028904373 0.70100404744791566802 0.37050416887648146558 0.60133378786744828837 -0.71314991010387451809 0.36029832262707361945
7.308868555741198314 -6.044761586981230117 -5.4397515489445558146 0.96028152506480013439 -0.0061820890270985855153 0.27896446797831131459 -0.11582061375284527505 0.90073125666682340995 0.41865115393776292096 -0.25386015451241433771 -0.43433280446996075375 0.86423957148011776308
-3.5486105008694548424 4.6245381581707096785 -0.89623514543013960143 -0.29090598962943337025 0.0077173341510875263435 -0.95672051715818873241 -0.65353575821407494661 -0.73192474685552200153 0.19281384202410528639 -0.69875941348460879343 0.68134177010816920905 0.21796484664408460885
-5.1019914578449565568 -6.0583441285474899374 -1.3436963853312140493 0.99659243867993252408 -0.0046717404640289226722 0.082350992751241483547 0.080104658118460667082 -0.18322431699541188999 -0.97980206848590278845 0.019666085370834942431 0.98306003097603444907 -0.18222574072728661698
2.6332812864928278884 -5.6010183906120927233 -7.4462973691737852633 0.99886601113588224798 0.00073518282004182873568 0.047604110156343110161 0.043319880870601616685 -0.42882488256457967912 -0.90234838505700287747 0.01975043591696243328 0.90338733641758905968 -0.42837044795520812235
3.0765266154815598121 -2.3403210389488702248 2.1432756682881271004 0.9984556326118170233 -0.0046177805605514925247 -0.05536267522924352702 -0.044034746254633737317 0.54180450020813941681 -0.83935023957620280566 0.03387168180257581207 0.84049185579457597051 0.5407644122119733554
4.7624867950158371599 -1.9247706039261018862 -6.7195935433300464368 0.97284105949963206594 0.0014998515690871994186 -0.23146927095590436041 0.021092664972806460938 -0.99639312400877144693 0.082193928683521322309 -0.23051111130685569828 -0.084843932448685571712 -0.96936377830542685974
3.6642572973907912015 7.2353375753686837157 2.9286780016564351037 -0.99584843670308265118 0.0098916382358432142219 0.090487825750173403461 0.01415981187962113419 0.99881098715657168352 0.046648812018845096927 -0.089918801390555080921 0.047736437113041207958 -0.99480442385839307207
0.023957153082305920888 6.679567929313060759 1.266201157971673652 0.99488742687982623103 0.0060052700537211629872 0.10081143074105589075 -0.079577808146311032611 0.66123298245704353882 0.74594793073084098012 -0.062180224244595370953 -0.75015657008560765462 0.65833026671292504961
-7.2231213600876822412 -4.7657486055895050825 -3.9018819405941949086 0.99994391177030672591 0.010590520539762187172 0.00011911456097211817542 -0.00060447071946695169094 0.045837924327868803664 0.99894870704585947419 0.010573926835922916809 -0.99889274978257824866 0.045841755019378586933
