1125 14.717824617146108679 14.977075390850430381 15.033177056927090831
-7.1347938483035111545 4.411540662718299366 6.7681878453919157579 0.94850549516481463819 -0.0027432116523222532453 0.3167487970489262783 -0.31533996248957174569 -0.10277907063130058141 0.94339661367703042671 0.029967210400847765772 -0.99470042597254593186 -0.098351557541180356647
4.5827245070258131321 -4.5463333140804875754 -4.7097366052751130638 -0.52524583962069282261 0.0048445375688469863307 0.85093674172459254912 -0.8279421634614252401 0.22805390950732518096 -0.51235064977141275833 -0.19654155266500045185 -0.97363645413182375865 -0.11577337026229730932
1.5844153253679764681 3.721528559793429114 -3.5033500470564704621 0.85147971225282448327 0.0084280790939090036162 -0.52431981376308700593 -0.10195883851597242753 -0.97812800830940338503 -0.18130084006750296632 -0.51437991297314034078 0.20783302635407185921 -0.83199683790646339343
2.0161716540311727108 5.4210567109362770566 6.457739527592224249 -0.67137881502671536982 -0.0015421143951253914184 0.74111275027251788394 -0.53137969784047167643 0.69807233493273768143 -0.4799277361482856552 -0.51661020456071016227 -0.71602558409919192517 -0.46949042531147394675
3.3541469147649398685 -1.3561666391246209873 6.4235594916856522119 0.99842974806648399078 0.004182043415665049127 -0.055861871511931414369 -0.039216795861108919019 0.7642610337214874594 -0.64371353508942075194 0.040001013716305079682 0.64489346627784338573 0.7632249576984256878
-4.8631766937364186987 -2.7719224594025160258 1.4316439846312887241 -0.99997747944023307465 0.0060782540053488359061 -0.0028452487666855647355 0.0035476089192611089118 0.83862055980729255378 0.54470448055751863325 0.0056969363041473033635 0.5446821196778456331 -0.83862323687098072611
2.1361795311913747142 1.6326573323501494261 -3.675522710178050545 0.99233528989300445744 0.0012805052270105964432 0.12356792763208521158 0.11707955897408531265 0.31017218441957938868 -0.9434434762521352047 -0.039535418340567021755 0.95067953397494520118 0.30764488355559549415
-3.4171533911616718271 -7.1220348990457802429 4.6455811002183446945 -0.96493340647620395867 -0.00071803635360484334427 -0.26249381990847292512 0.20643231822363036776 -0.61975999887636756824 -0.75715470135613127667 -0.16213950493059134383 -0.78479107297196903925 0.59817535282238509797
-5.7744948723865947571 1.520988883366095612 1.6975584815499777935 0.96015587300673443938 -0.008157389877247541235 -0.27934594416456792754 0.27051327404700808987 -0.22383704346654034745 0.93633303185172145344 -0.07016600384191434836 -0.9745924455701818756 -0.21271176963746107891
3.4110496988437013499 -7.1010557306255011056 -3.3659904315294912891 -0.34552142345891273534 0.0065670195595054752652 0.93838788365205227926 -0.044767704868953372976 0.99872161713609464151 -0.023473049779590006436 -0.93734241263895312635 -0.050119913400730096986 -0.34478572439848470532
0.71280808075448698347 -3.6979019495708769227 -1.6960378702193312783 -0.94263836426400438029 -0.0076388895764888933501 -0.33372827507376651157 -0.06893925882295282026 -0.97373158484703559168 0.2170119334606515904 -0.32661949239232646036 0.22757075391493808425 0.91735012898673151671
3.9759132872778151224 -5.4464984378457170777 2.0098238081675687816 0.30374895087108855218 -0.0034994244075433008669 0.95274567901065887465 0.77573595810086826141 0.58148131328554109043 -0.24517994536427784036 -0.55314581997323797324 0.8135522333128620831 0.17933896820720840459
-2.7603633316513889184 7.2365210250399414349 1.7050219723742388034 -0.87675544974555108535 0.00077732393357276153428 0.48093583471089096371 -0.34714971266812405526 0.69105672529440187457 -0.63397766476428696336 -0.33284674902413630138 -0.7228001094306376606 -0.6056179022049487104
7.139659219352145314 -5.396954956740517062 7.4180134677249300879 0.95442742540431202425 -0.001418705975107043861 -0.29843973748399871271 0.052370919896662850024 -0.98367563534460855657 0.17216135216322961399 -0.29381214472069239196 -0.17994507968494916073 -0.93877270513794475182
5.5637294786285709236 -2.9256328185502811223 -7.0358359544577231404 0.69623204180164155463 0.0088688324491033899977 -0.71776199939796114791 -0.11436149724188698906 0.9885223619675667095 -0.098716704962327372908 0.7086482850591051541 0.15081406997030691319 0.68925519539693225202
2.3478248115077078317 1.791620226148350481 -5.5881225671160175139 0.98433196507159559374 0.0054356245802798033862 0.17624141546119195811 0.17626880530694105653 -0.0050529074751129972667 -0.98432909964179549078 -0.0044599118835702339023 0.99997246067644718348 -0.0059318693951365842471
6.0984981387439223255 -4.2138471587569910071 5.8344374866353501119 -0.79137772957360941195 -0.006266755137996486355 0.6112953598016049872 0.2501952959098849294 -0.91568751271296255911 0.31451342255321790287 0.55778454894295970146 0.40184214169450677145 0.72622261746589078513
5.1740339055238759869 -3.2447364942613443617 1.7937732810048818699 0.92343197999424098121 -0.0031972150762552271723 0.38374881907283953097 0.063817984332040875173 0.98732108034894860982 -0.14534217961244752515 -0.37841860842174374069 0.15870369281915547299 0.91192789993832956696
5.6781475683099618124 -5.9093911127417948492 1.4691864127382370242 -0.64941855020441918711 0.0038410309559756775771 0.76042145756907175702 0.72375054456195453412 -0.30370692719185893305 0.61963477276697453977 0.23332530059267325706 0.95275775979884869127 0.19445296409791817949
3.3472965533999077259 3.395584747090762523 6.0872330248747248405 0.35204638390146480997 0.01266784539342810309 -0.93589682619121838947 -0.396488256459870958 -0.90374500328190887632 -0.16137543658244343781 -0.84785635933890857174 0.42788373974247445597 -0.3131375084413035581
5.1001247544722794203 3.3701022068502242135 3.9120123158087740656 0.82469085110122075655 -0.0056448665321922122939 0.56555559902789287463 -0.54351236343506292847 -0.28452808142468871688 0.7897075925137720942 0.15645865557121726996 -0.95865108687288613787 -0.23771576038256864161
1.8146761915266664822 -3.9421104596235689854 4.6628349100427550766 -0.94971549880016115086 -0.00058363613130654778179 -0.31311360671046362114 0.18331760230170207615 0.80965933666973299854 -0.55753602146406311402 0.25384075327812255507 -0.58689983635399789463 -0.76883903000737807698
-6.8824662615827989498 -2.0767488242123661735 7.0034493278846738917 -0.94303503967405566399 0.0055721518133716703772 0.33264675719320907499 -0.26139714675643810349 0.60611148403503145587 -0.75119930816554147945 -0.20580681624898367055 -0.79536018258710960982 -0.57012782280857210448
6.6355043560960789151 3.6096104150225514218 -2.1825979128656167738 -0.71969989053201288698 -0.0020250707121164564228 0.69428233929499272303 -0.013423040869046953122 -0.9997682502124395354 -0.016830562704950098596 0.69415552258993606927 -0.021432334351363054037 0.71950591762832105669
6.3582994145531124275 -1.2381297543938396544 0.44190496881635232818 0.84468185490791258818 0.013991942078556430726 -0.5350857777460926723 0.25705770946303529989 0.86623340302049467443 0.42844022394847530721 0.46950388496252154491 -0.49944360747573324222 0.72809490106493957029
-4.4967603819665313836 7.1725417179249015831 5.0083764472874721108 0.98855235760438331383 -0.011185339117253816771 0.15046303354502665872 0.078319181912371541032 -0.81432631035812985676 -0.57509891845058613846 0.12895868338085211824 0.58029953338537521024 -0.80412816735479064612
-1.1597979516056593496 2.761394580025871015 0.25630323610002198054 0.37959719082062259865 0.010020790776173937528 -0.92509759294548965514 0.26057292771405665688 -0.96061773643636561015 0.096515873235755722526 -0.88769799034563989792 -0.27769254256489367405 -0.36725894099425487882
-4.3059322633039514017 0.33980346761643465126 -5.0206196376902019196 -0.95497103951203610173 0.005112647922043208823 0.29665497555984893241 0.19020840536268535104 0.77790798171572017594 0.59889893514037106925 -0.22770831390745080447 0.62835740849791421603 -0.7438520625523025176
-6.042433873001763267 4.0376538900056413439 3.1140868531329397584 0.65116362053373544327 -0.0034841958896262119338 -0.75892937726281906041 -0.75596209842432793291 -0.091437318797077504762 -0.64819790378941644082 -0.067136018941169731122 0.99580473844536998573 -0.062174575595831074737
3.8306211470897868487 -4.2270823225686928737 3.5407604004176760348 -0.99996063285727643244 0.008846188804570444611 -0.00069114339604309932286 -0.0055554635445814841421 -0.56343620127291937916 0.8261408983459321842 0.0069187831563307699081 0.82611221516132449239 0.56346316507905658266
6.6239307946877188371 4.6869425269463995676 3.4072520277440769831 -0.71080691550293451098 0.0067892919637649665199 0.70335441591545533324 -0.48532146191995423345 0.71906304305542489974 -0.49740468304158180768 -0.50913319227196207617 -0.69491168188946772499 -0.50781999458505422407
-2.2726511068115353709 -2.8563943396401940689 -3.5398206547443367143 -0.80455931436431571413 0.0058836073683715683913 0.59384315507898144393 -0.48782910636990767239 0.56372263009587897375 -0.6665129850919235821 -0.33868432595574349264 -0.82594320596648618249 -0.45067809783675188973
-3.0047033240205700544 -6.9412291968306716328 0.97462885167024060351 0.80509892945835548339 0.0043872045567893511869 -0.59312432610821197443 -0.58518146046869734533 0.16914049086151280998 -0.79306629778022408317 0.096841995584356466154 0.98558218672389352744 0.13874213889060535432
1.7843329704209838216 4.4623873314224180575 -7.0981812631344771702 -0.97265075984743465387 0.0070514839851338884102 0.23216540642808819461 -0.050442670600419375893 0.9692711242165580332 -0.24076757410982829732 -0.22672899318573597194 -0.24589380702579746729 -0.94240659978344964998
-3.1073377170954326054 -5.3602365410944159407 -4.2614388183822971001 -0.98396791801820460144 0.0030732434506234636989 -0.17831907213114206456 -0.17355550188270368883 0.21367228613272382098 0.96136498891162225355 0.041056352459143803657 0.97690056265391256307 -0.20971329621474632532
-0.42870951521354722091 2.777501917054642 -2.8386200574766582427 -0.99412056090272038489 -0.0079083995968180047231 0.10798966434844931017 -0.059145045590795329582 -0.79573821560650914719 -0.60274584677566156454 0.090698257824209746469 -0.60558909289967155498 0.79059197857579233126
6.3995364422466440857 -4.0489748654012327478 2.0347243273077486592 0.92127383879184410187 0.0013306931201969547998 0.38891225644553240048 -0.096027708170079856265 0.96981052008158441513 0.22415671839707829172 -0.376872913886526828 -0.24385607311441553913 0.89358884414690065157
-0.041123184824878131205 6.1501677787852750967 6.8314422173427944429 0.89863946688509277472 -0.0024412422714345008955 -0.43868114718166589805 -0.43677253184368547423 0.088365040544886336304 -0.89522141118069364918 0.04094952970827123867 0.99608516701420335426 0.078342045358833489743
3.186097269179086755 5.6064772664461326457 -3.441444058496954117 -0.91163631399463862515 0.0067584905682847437255 -0.41094227552239126489 0.28039048987900516696 -0.7208219730808141934 -0.6338744799322868495 -0.30050025655844675443 -0.69308730036630539217 0.65523247010440999194
-7.3584282349066443274 -6.1084153848277642496 -6.5535916648483043545 -0.72013144952174834579 -0.0016704796105367198094 0.69383564689896426447 -0.36655154401133771547 0.84997386027922361418 -0.37839714907077426354 -0.58911005847189712448 -0.5268222151161473521 -0.61270522493890744453
6.0368543363821487446 -5.0330996714319757857 -4.8248217238384745187 -0.77975226395858154849 -0.016652194241068028757 0.62586668810423695675 -0.43034201469542093799 0.74032406402492867414 -0.51645525518996693304 -0.45474405684891305857 -0.67204388595717701183 -0.58443550380518882736
-5.4384280315289235119 -3.9822902217682747406 3.4926999018255324714 0.79109441671650804206 0.0020323202087681032854 -0.61169068450853270047 -0.11443420359498451822 -0.9818480248245432529 -0.15125894749001092543 -0.60089469700407904806 0.18965844516596294667 -0.77650192355829683599
3.5617746797177698426 7.1191803255124312955 -4.9949284055031100138 0.98061580510403756339 -0.0023672948592627237295 -0.19592610519092845678 -0.076108076042234892866 -0.92601511575969885914 -0.36973445355489992226 -0.18055526450758338508 0.37747900776000836709 -0.90824522853644518161
-2.8484245907677170351 -3.8036601079061456154 5.5661000997154435055 -0.98469875416787389089 0.0040005233559122074447 0.17421928525041391334 0.15748061475625110828 0.448515961485546788 0.87979161638919389787 -0.074620503323717668476 0.89376586872936958361 -0.44228311337657161273
3.5237014716723318308 -3.8090416336948442755 -5.4102452202044037932 -0.97947901013477678411 -3.113917729308246507e-06 0.20154619494225869958 -0.18776394499666521076 0.36345459341598357339 -0.91249408736935710973 -0.073250048905746253936 -0.93161191411186650146 -0.35599673006945359299
4.3922767828971283066 4.8320403107548219879 1.0687216875438814156 -0.98718543359671784287 0.00096219031325265333768 0.15957441488032556021 0.061761614046087383312 0.92435304826159914171 0.37650623527375792765 -0.14714082616679116655 0.38153704454405129587 -0.91256729117124368855
1.9345193764664649905 6.6968310280211129637 0.60382537598341123886 -0.97504719812086404485 0.0034677393273265123136 0.22197057512348572494 0.077215432944612610866 0.94274419667325559669 0.32445516878928981619 -0.20813634558108098926 0.33349865730293137833 -0.91948785050439885147
4.6238633714194765645 -0.43752992317426131486 -0.42159409713581519341 -0.80912681198275160366 0.008355792347183607291 0.58757466152387749503 -0.58046970533019381921 0.1442955987364635817 -0.80139484736246258123 -0.091480726519554564358 -0.98949934862004584879 -0.11190315346723866963
-3.8506700978801924329 6.3200078847512841662 4.5989396839971261599 -0.98590873951182467216 -0.017700685585944401362 -0.16634495208423472068 -0.15816838479508774085 0.42240801752593787333 0.89249886766375252645 0.054467599593040517958 0.90623294602413639875 -0.41925544496750949408
6.231946567896916811 3.2787288316645937236 2.0934309008890243931 -0.92523246070336839786 0.0077184387401726351971 0.37932218411823903637 -0.29815589401063863351 0.60348425384649861947 -0.73953351393035715589 -0.23462300937355842767 -0.79733755779017057019 -0.55606192317907421341
2.7040656964418148256 -0.71864279025640886989 -7.3952913835246505414 -0.81702933382310094501 0.006008029132805818226 0.57656480230607243254 -0.10880255013052156365 0.98037540296222691616 -0.16439608983103762285 -0.56623764689173172737 -0.19704814856420752034 -0.80034177348802304497
-6.7096955324480376248 2.8748879635008131039 3.2671047902119871864 -0.9718119871583299485 -0.0031576239504906150612 -0.23573606221058729382 -0.16885037351257109473 -0.68850575683844750241 0.70530091036746178634 -0.16453271097329005834 0.72522400140327225593 0.66856498173961276255
-6.493529894653632617 -3.5620883425909557474 5.2865690182785725071 -0.64254122590986373353 0.00097863299330716579938 0.7662504912127497958 0.64561151802065031013 0.53929557452901744075 0.54069034677217897578 -0.41270636147918143832 0.84211598106849383516 -0.34715145631799626535
4.8448928511928706087 0.11023331182442978882 -4.0441943571476013375 -0.94186316541642134403 -0.014612852072939384526 0.33567877827745667974 -0.31919179474954872955 -0.27308637866809604144 -0.90749128257556976873 0.10493033782517241503 -0.96187852369219384308 0.25254569856484992973
-1.0036245987745688879 -2.331343785565074711 3.4665470358644028259 -0.91580119799983861206 -0.0099222660455277889024 0.4015092955068948477 -0.14228490213542555054 -0.9268437133923529414 -0.34744170384326822365 0.37558377543004112242 -0.37531623943237202301 0.84739279443008741488
3.5681211800486849484 -2.0803580916024655423 -2.9692243530110462579 -0.82630851383518588715 0.004069107240939336817 0.56320305603719489351 0.4356956524418536536 -0.62906032300011960334 0.64377978258889967389 0.35690830532034295564 0.77734583834559611848 0.51802500827675246331
-5.3225849741323347786 3.4094385781024492132 -5.8687619743003116568 -0.92268683185011368675 -0.00065758902432943786009 0.38554970873670540987 -0.3853449591394683682 0.034203215591928820549 -0.92213849421267779505 -0.012580651656682038594 -0.99941468251166176717 -0.031812255249307294647
-4.634056664989664398 4.3487516427706349731 5.123728210283627682 -0.96618876626960947807 0.00077881224324656810748 -0.25783456204716109772 -0.13594607024262156392 0.84816231664994923278 0.51199545955079706072 0.2190843077906983738 0.52973585688198221444 -0.81937902585633604069
0.92651042572155906107 6.0278813949560330343 4.5223030344637624722 -0.42233104839160651167 0.0080221051384597348577 -0.90640616248654160003 0.90643962967458691082 0.0016204616339844319164 -0.42233230027966078834 -0.0019191977051610381588 -0.99996650940596565338 -0.0079559252717015180312
-2.4292931302449396469 0.011512544901612428369 -1.9559863085037676456 0.70872432485527259161 -0.010032356350319047295 -0.70541419264456217686 -0.29743407166307367362 -0.91093839793355757539 -0.28587446228024498973 -0.63972088005021154888 0.41242040080014324976 -0.64858816565793331321
-5.6151840816185023542 4.5173187234023277625 6.118357895399007873 0.82045891540113313756 0.0048957769603086807864 0.57168452795813240463 0.5694874959213936938 -0.094996449679348074491 -0.81649229423029001662 0.050310636330246592818 0.99546557244147260146 -0.080728767832609543698
-1.5140131020051150745 0.43317445393497977513 1.558455318874973905 -0.89450114992868101638 -0.00026224654661076082784 0.44706557013810627188 0.25090561486545476244 -0.82795580027547188706 0.50153321447250343024 0.37001900654584074513 0.56079329883379303023 0.74067321456762180709
-1.8238432079657176388 -1.8986493511270621237 -0.67547091509449308511 0.93004436700315373798 -0.0041748791947851041084 -0.36742352372900716206 0.31593636675587777329 -0.50148834968584243832 0.80541520180005410356 -0.18762112771979078119 -0.86515432468034347835 -0.46508741857856994439
1.0531014182243325639 1.1628544182714983801 -5.2756240091667194747 0.81312284324087302778 0.0053035726097553862607 0.58206796331489984997 -0.45345406173350810697 -0.62121741489509840761 0.63911527702634862713 0.36498034974131682295 -0.78362031338435089722 -0.502721144128579156
-6.5703468453412510186 2.4855038030695530971 5.6649669402734801338 -0.97462590903621837413 0.012629017208490909627 -0.22348343419518867936 0.20006427908874296895 -0.39863854071752186092 -0.89502044562528604299 -0.1003923386917774524 -0.9170211675740478352 0.38599683490033320776
-4.9105903381830717791 -0.72840559219671952018 5.6614761840075296107 0.81377636768321159888 -0.008080048720033787199 -0.58112196328576615212 0.52341296152115046603 0.44478215154608474746 0.7267789962415979188 0.25260026744253133435 -0.89560233947828327139 0.36618240592517864451
1.3725022865656717475 -1.5562049498955625726 5.9581826681909904053 0.65044232051301875686 0.0032897065385551057734 -0.75954852742707390512 -0.53675958928181033425 0.7095216697897793745 -0.4565831177482052583 0.53741411499854574441 0.70467593823653040808 0.46326870288281551957
-1.4893803201125035418 2.6771361934555915063 3.1285323622512248853 -0.99956921489121108859 0.0019822611553265943873 0.029282337382363091138 -0.028421255396193778608 -0.31429600536563923052 -0.94889949586506816548 0.007322355056070695839 -0.94932296488176381999 0.31421694967731556014
-2.5419674084410663895 4.5726707798071588584 3.0109175740764997364 0.99750197962271658358 0.0040478943483649278481 0.070522444654857074919 0.051948942317911729616 0.63446121351902207142 -0.77120702533883633834 -0.0478655203752940267 0.77294410088392895286 0.63266603264888721103
-0.31052812217736791567 -3.2441915265745047137 5.0868126551064927199 0.99756043047421849579 0.0028736484336111165448 -0.069749047997568314194 0.0032940982976610469306 0.99610160098661271189 0.088151854366138190922 0.069730455815888589544 -0.08816656200887357242 0.99366207579595067223
-1.2999964476597247742 2.2448874408198369323 -4.4075798715928602434 -0.92234262812602096915 0.0064279309724514562679 -0.38631950254283037305 0.11851287445325454917 -0.94695757553867820899 -0.29870729605887996749 -0.36774824939128780699 -0.32129430719103341252 0.87265754636976755609
6.7289659965406913855 4.4373489963567802619 -1.3177633570265943064 0.83899057227628304201 0.001923152426721859258 -0.54414255587689408511 0.21031705537320222188 0.92113399136324125571 0.3275345877528519356 0.50185810330279001512 -0.38924089127434241542 0.77241826280155900797
4.0408144288192318072 6.7986982474975397039 -6.361385798126228508 -0.85887339528836026403 -0.011729214617179128943 0.51205362647897922912 0.1380721861760830782 0.9574252701131394927 0.25352105149934739403 -0.49322668446706380285 0.28844284992572694071 -0.82068761417267799274
0.91379344332018086483 -7.368526700131420526 -0.1107757562170945953 0.99362465176517389409 -0.013026224002919086289 0.11198378852602777767 0.11262852910793291761 0.15862921803714391533 -0.98089325903271773477 -0.0049865654915869535302 0.9872522923108213444 0.15908502598116158744
1.0737387958935296073 -4.8420424160941406555 6.7439558775582293393 0.86291115691265773968 0.0072138020826381793471 -0.50530416219864471294 -0.021660336514967393901 -0.99845126524199823148 -0.051243543582094042144 -0.50489124086063219554 0.055163683672276787873 -0.86141848303015866595
0.29551040370375925015 -3.2800904012994354098 3.2226742934151313413 0.69773620922945334133 0.009201313529692811341 0.71629569184763930423 -0.61087210329407570786 0.52991741963243799152 0.58823702857508330943 -0.37416501138811980587 -0.84799933030590535221 0.37536339732795070967
-5.5608635567166375679 -4.2545813273400368004 -0.78359140612569544437 -0.96049461957872650508 4.8095933982608002344e-06 -0.27829855503975026165 -0.27672417377547792183 0.10620180635245524137 0.95506277698165897849 0.029560402714069341362 0.99434459635696825774 -0.10200493266034763029
-0.34803272837319454425 -6.5037213793789883098 2.8225976823505325441 0.99500535931348066399 -0.00062268884983630954505 0.09981957321180072451 -0.062548736334711738105 0.77543197862921775521 0.62832547465624655203 -0.077794540428672426247 -0.63143080284199692986 0.77152002611855530212
-5.3804971024124554901 -5.7324611109006404774 -0.38994551526240589512 -0.75797285392998792197 0.0030442153273350100809 0.65227899357436258665 0.25164189473393888674 0.92394355176997955414 0.28810531053310500793 -0.60179191546581822791 0.38251672629534616554 -0.70109018291818359092
-6.7686283600030225927 -1.1323570821484563176 2.8220746951315449635 -0.91005048820297629319 0.0031231062557245115041 0.4144856512941453297 0.23825403906512993002 0.82221052415717477135 0.51691862689819423338 -0.3391800728087862038 0.56917492932529234473 -0.74899718159479544699
5.8902781998526547724 -3.5134141805923770896 -1.3045754300042715634 0.56388059386306399468 0.010285693223331612151 -0.82579227435200686092 -0.57429658890149626327 0.72345540049663348281 -0.38313928468422897566 0.59348302742438907575 0.69029449368155415545 0.41384949939818366227
-4.4793086779948989573 -2.8624024366262181829 -1.8050868057761626506 0.86418803585364567521 0.0054143036218991073827 -0.50313986524986886728 -0.023500127988629233161 -0.99841662616134263519 -0.051107578587922315727 -0.5026199186978586031 0.055990409186746685488 -0.86269246629788831626
2.8001265912632749 2.4843334579858527 7.0716681426065362004 0.99953799872741477817 -0.0042948498308553566261 0.030088924293452539577 -0.030230535103870106312 -0.24298469143390691305 0.96955894842764001051 0.0031470378993585343581 -0.97002061524161375949 -0.24300226780580524988
6.8070577675555119512 0.48984854179656139861 1.1693547604005185558 -0.99065480563326901997 -0.0017262055643724547732 -0.13638209666230349804 -0.079320905942821609558 -0.80614588784747898131 0.58637616031598838173 -0.1109560721910662906 0.59171431258750206705 0.79847537364842591234
-3.2264807144274025852 6.1780527348645719599 0.68053965534024929429 -0.18754817927035419278 -0.003390984908115688215 -0.98224955162809146625 0.97634857256350426891 -0.11014596463177868391 -0.18604120868345661033 -0.10755996144237212064 -0.99390963759123440724 0.023968458395350278334
-6.2452909483534311263 3.8760911394063741753 -4.7040323136753867672 0.98973131377314949031 -0.011916702341175738206 0.14244268581467661727 -0.14200900658308968083 0.031593172853336105865 0.98936106325165551478 -0.016290137693399674157 -0.99942976923570925329 0.029576473413185092737
-0.91836355408433667513 -1.8527180712865389811 -6.5367556287624841715 0.87508741814967327954 -0.017987439646176224539 0.48363050215141256682 0.46721218132553915536 0.29204921883751250311 -0.83451784366633696699 -0.12623307101270647701 0.95623412707938659771 0.26397254779868145613
-1.3227135845989375085 3.427678449666819116 5.9467271379736370562 -0.98483522058446881786 0.0021888711300021568285 -0.17347852068609811993 -0.15738893327238501207 -0.4319791389623697242 0.88804433852413344752 -0.072995287379746781609 0.90188094133572760391 0.42577277470011481997
-1.7453493484743005659 6.9099998931955450843 4.9899824146101980915 0.98169264465077377135 -0.0064007525899349246995 -0.19036433963552409909 -0.1845679239003482075 0.21494117283705624355 -0.95902814019531579248 0.04705563627983432029 0.97660602219408165769 0.20982479478982327126
3.6438386000780629281 5.3644985208320887793 -6.2377863990184021503 0.95706424047151572587 0.0010962027090952778351 -0.28987383108923264752 0.27497359413181349241 -0.31993627973886501481 0.90665886607748558124 -0.091747273207185259247 -0.94743842820863455323 -0.30650099936640162746
-1.3397834711343543646 1.5613059644375564261 -6.7695380013516084361 0.87873239080185239214 0.0056912296372126957092 0.47728083479331845362 -0.087355795453259429961 -0.9811226804629100684 0.17253188366853977609 0.4692529705356648928 -0.1933026016035107042 -0.86164711678089600522
6.2488543347862304245 -7.0858461356869373304 -7.4038906245406188589 0.8546978645702802968 0.015170785979978441277 -0.51890404464762951431 0.34881214146539579746 0.72352248334273350228 0.59568893397817179736 0.38447581232808070162 -0.69013409084787813441 0.61310136713621654625
-2.5427426553521499386 -0.87730076621474539778 0.44588239558025249965 0.98226671297382373016 0.0016218724088853339084 -0.18748193009805896869 0.052717300340493655764 0.95723127922838824322 0.28448051657682493776 0.17992495888067766563 -0.28931928314040417094 0.940170921468498344
0.83094650074740705747 5.5480721309677223374 -2.9205033770908208623 0.99994326066300376343 -0.0011646193974971072622 0.010588631455168757978 -0.0043554668956369904653 -0.95182131409768155894 0.30662226914798051958 0.00972138686376334063 -0.30665099003747242623 -0.95177238084857351819
-1.3872406888503723277 1.7922228566356184221 -0.95519401668961190222 -0.9969573026763032253 0.0053867073863650329762 0.077763230539984046219 0.030632556956027335443 -0.89027491102430944547 0.45439215360187279469 0.071678330720008232024 0.45539166240083206461 0.88740106531436580006
-0.78591965351243198157 -6.3485504245911474897 -2.6304999810945313143 -0.99405893947062107241 0.0016483301984282321129 0.10883063845328233565 -0.072680005995720720069 -0.75435253427213699862 -0.6524338056583542933 0.081021241579367270225 -0.65646746838271652358 0.74999068085411757512
-0.6846730093044394172 -4.6276639687107543608 -2.8867427261548219697 -0.99998041925534109087 -0.0062208083577907262798 0.00068018326462528089227 0.0028206410880213545617 -0.5450798802463751036 -0.83837937005526264045 0.0055861516046872526642 -0.838361035410118971 0.54508675384411542364
6.1177061673381993856 -5.0252447058841509531 6.7689232732051483055 -0.88118086628415837058 -0.0011555402624888859182 0.47277790305958150574 0.37862049159345362304 -0.60060163843381020321 0.7042188546581884534 0.28313742995264096214 0.79954758247238921776 0.52967618326901277914
-4.1448235329051543729 -2.0042947686420937714 -6.2794769152557394776 0.68557366110390471903 -0.0072011448648735846764 -0.72796764949628478547 0.052970522219136124964 0.99779401153532687463 0.040015426023673902889 0.72607360437924373109 -0.065994348672118716137 0.68444274191994514123
-1.8258012880846159476 -2.9562105942750105392 -1.2764799590434787735 0.85561872342220646193 0.0053836779301726211261 0.51757860865881466506 0.28608192671739901547 0.82841554648661619442 -0.48154419687582344922 -0.43136264480699937351 0.56008811659510437941 0.70726767939297552346
2.9934771492868064158 4.3666543934346426781 -5.2448068871767521415 0.58581351422045557786 -0.0017642133941713918598 -0.81044396111492200685 0.69541353540335604233 -0.51244918032850073075 0.50378155222127440904 -0.41620012173770543074 -0.85871574175150067187 -0.29897279731405501657
-3.7238259902736019491 6.6953344319430687648 3.5736468092309272571 -0.97822556848125075124 -0.0012660675423428347647 -0.2075406809337179137 0.068758670904109253641 0.94153235444335758864 -0.32983188249759437527 0.19582385540314384276 -0.33692020213898654646 -0.92094396954735080474
-6.1167769572039061288 -5.5907505235671459687 4.5467702732584642789 0.77262753872195077953 0.0015985008217756589005 -0.63485756765088696696 0.14196116997770527601 0.97424052296797203354 0.17522108784518009017 0.61878405977128947413 -0.2255057609069311686 0.75249813233712092853
-5.1148747209763367749 2.3043102841289577754 5.0305486544525077619 0.9984807661585279881 0.0075545222639785197458 0.054581029715803169866 -0.052997493586808303023 -0.13943720673381890252 0.98881167623149657242 0.015080626147158228065 -0.99020209784247026352 -0.13882499826535846243
-5.426397032274502763 -5.485762078025141264 -7.0136527148241967211 0.97250250525466819251 0.00040228058221769774985 -0.23289206822841795885 0.20747554547228003186 -0.45576528658601445088 0.86558182835255415011 -0.10579591345797419166 -0.89009990546772044251 -0.44331634639625733252
0.89241489723085398733 -2.2581530547749273374 -5.09766753906190484 0.95874701983393517679 0.011064170433278446015 0.28404530640740693892 0.006526115139130925398 -0.9998355832613026184 0.016917927349289443861 0.28418578743605582559 -0.014366300053456786123 -0.95866159182592702859
-6.7416975250876367554 6.7888206557150638787 -6.9407505654687930985 -0.99959206439805659006 0.0065158442852059012332 0.027807347333985790033 0.0094825335617439443503 -0.84268252115570385641 0.53832727043690664637 0.026940422226722545579 0.53837135168211425196 0.84227697424208358701
-0.0073820215775586162793 -1.258075695660602511 -2.0353008024929293285 -0.8632340802317943762 -0.0083068328709948111022 0.50473549434719033879 -0.43928795706784989905 -0.48024376263218576666 -0.75920485985535324236 0.24870266082499151161 -0.8770957330761040005 0.41091369108134367938
-2.2805519866752206326 -3.731753590732796777 1.4483389127565697851 0.6992067810716968701 0.00089699992798127244076 0.71491892735775786072 -0.27317058826068701949 -0.92378513049300781113 0.26832603747914302028 0.66067216303741538308 -0.38291020888865018312 -0.64567179349591152793
-4.9418973281868634473 1.8086079625495243839 -2.9734773926680118095 0.99580168348393227618 -0.0040405039729957377762 -0.091447698157373524808 -0.091484467077079884012 -0.077744741767694497403 -0.99276701567440239771 -0.0030982986074285594723 0.99696510944721161707 -0.077787988086896478479
-4.1943398820964983287 -5.7255074143313455792 -3.6106217834599023675 0.82372392184642995172 -0.0055479018351227834746 0.56696395067330718209 0.39304923753236459261 -0.71510476142692835921 -0.57804625858121772009 0.40864556458270440142 0.69899527964774799127 -0.58686830002754264424
2.6679721731370436011 6.7728370852822310511 4.0422103469325376679 -0.94170669975066378932 -0.0095856695589392870022 0.33629838920799681734 -0.27089920847249027158 -0.57115099477617414792 -0.77485492836731884037 0.19950466283723675143 -0.82078904482532155651 0.5352599680537687421
0.98537916634337663346 -4.3659500174350949209 -3.966048882519128238 0.91998674314359996096 -0.0023442312044929997962 -0.39194246646674751888 0.23393088746352383445 -0.79906233113172542293 0.55387338883247172472 -0.3144848682058519751 -0.60124362412119525256 -0.73457836350049610097
-6.8754969365317357699 5.4149249350021682048 6.0681810149126595988 0.84732661585973945151 -0.0046834442283078189795 -0.5310514771713432669 -0.50256335880365043955 -0.33029452860180230633 -0.79895906951731388013 -0.17166151707280505323 0.94386629864937199308 -0.28222107261937678935
3.5492352956108761397 -3.6090040642569944929 -6.4939487074621649043 0.93823127715929655057 0.0046947811916587455991 -0.34597692060292151162 0.34447925433760473446 -0.10658756846682827801 0.9327235032845245799 -0.032497905952476278946 -0.99429223535034805259 -0.10162104521613624097
3.0726679866109458672 6.4646264564269353414 -0.66350775726451383107 0.99911314903627623796 0.0099243974038352254091 -0.040919698909831811462 -0.037580021083617763666 -0.22814230141277408448 -0.97290227274959772963 -0.018990983072308547513 0.97357721657935092363 -0.22756701412919991268
-1.3029983475637672008 -5.641309156452548379 6.1544623955372195212 0.99802190930175516126 -0.0025184528551746481265 0.062816605677768005966 -0.017300260466283190475 0.94961650220200455319 0.3129364148406846291 -0.060439800971330871759 -0.31340414186923687412 0.94769450474172278742
1.6373368802932637411 -5.4180520014173270127 -6.055953222863602825 0.87136866385707179017 -0.0017281713660212325544 -0.49062578924418598358 0.36895956260459972231 0.66145161891201420534 0.65295527948041798272 0.32339680395824793591 -0.74998584604145157595 0.5770058387288041768
-5.3834661306739688413 4.1846452163325897899 -1.257439475400531137 -0.99997751206046203709 -0.0058893217434208850608 0.0032079998192318655119 0.0060475722307382507453 -0.99863998085550220729 0.0517843171918688297 0.0028986623729084851075 0.051802553279921531582 0.99865313959851698122
2.0030464237495495539 -0.44955353668311548443 -1.1378596905734783551 0.89503567317387400237 -0.011539618435726506709 -0.44584524327693192403 -0.17374368863046182887 0.91166924691000927883 -0.37238731839262723122 0.41076060474116515842 0.41076273132422624901 0.81397156224763156374
0.37682789782716136218 4.8440203444816924971 1.1972122978437722551 -0.87369917597574009438 0.004655006734425572168 0.48644432447284591259 0.47940495902330260147 -0.16152253613714259717 0.86260150451042794106 0.08258713679101707672 0.98685804512710351144 0.13889047341166610439
2.9894876718866574272 6.0817190282864679318 -5.2577578674889879906 -0.99982920142238695949 -0.005201667418113918584 0.017734447804510521107 -0.014078552998865409909 -0.40730459873928348546 -0.91318385782453215249 0.011973400866881216478 -0.91327756268398752049 0.40716179974278321474
-2.2210021549384992845 2.0408798634812383987 -5.6622363379191016364 -0.99628256650843205477 0.0097164927267083152362 0.085595779337843500012 -0.04573718017077548631 -0.90167019043762519637 -0.42999881165668452088 0.07300108233020820292 -0.43231522925425142079 0.89876269645189921231
-4.0129846609782742206 -3.4067722856740272341 -1.0583368809943765054 0.90231481651800171662 0.0064625726232964385287 -0.43102924152218818898 0.23792239202881501625 -0.84126628266875569384 0.48545234268274178868 -0.35947309671721150437 -0.54058234969325058561 -0.76062462222622739816
-6.1477545031664391217 0.95959547862010330377 -4.6280978991332739625 0.13821427112959860928 0.0074607847522755697811 0.99037424842677734826 -0.57182076075965249107 -0.81586392458045098319 0.085948089753780460009 0.80865186132240640671 -0.57819580875252507557 -0.10849780606390752036
5.3649704804794211555 6.1200316277288626665 -3.8709070683223809617 0.93019627192138898408 -0.0009724751923208957427 -0.3670612346676094262 0.26117482142579484528 0.70440998981941427282 0.65999566581592750136 0.25791977116324338315 -0.70979266024295806226 0.65549353246883146351
-2.6919237169354950368 -6.8950633227749911214 6.6425543017517467703 0.99826608359792556868 -0.0095387859004208135766 -0.058084747581527214344 -0.046886382382389291124 -0.72545444862958508025 -0.68667132611652204055 -0.035587827766746890634 0.68820407912706682563 -0.72464381042540371158
-7.0112195582284941864 6.22091746809882995 -5.9150448472318437609 0.98083456679734892791 0.019023458637816466343 -0.193911476186792886 -0.19200193052621969403 0.26368391852871059244 -0.94530738375590395162 0.033148321973700552168 0.96442153601576374733 0.26228284278526220463
0.97264088757896627335 -6.308637210784192817 6.7964794303135684927 0.99930082583035673149 0.0046401067164986518204 0.037098907053071991657 -0.025608785761292870986 -0.63801232903319682332 0.76960019366779852668 0.027240587121181089603 -0.7700121670540797103 -0.63744741979391061903
-2.5768584905706242161 7.3052115296369599662 2.8076515665799122168 0.97124391310911217801 -0.0042144004715032375857 -0.23804936479059651822 0.10963275915554829276 -0.87961750886455492005 0.46287546512950633604 -0.21134313182239525264 -0.4756629867116931587 -0.85386111499695116489
0.14056595563463408771 -0.011629608094434772114 3.1090165810895675769 0.72592638969520661973 0.0010348478287227447052 -0.68777162331248542504 0.5949531374807129902 0.50075121689234003419 0.62871216226714488062 0.34505309873372491669 -0.86559063527210000633 0.36289283705168384753
0.25304123997922378653 -1.3033047410309661629 3.0250566697171041852 0.83642278746465481554 0.011142215103952059219 -0.54797150624133861285 0.14360654952553486563 -0.96931959189693794876 0.19949107172518748543 -0.52893674436853743703 -0.24555117553630667615 -0.81236109006378764974
-0.07551278650277409854 -3.8689156880938608829 -0.64752301164006964562 -0.96534804530635764941 0.0042002256246540317641 -0.26093200173192004909 -0.04448959300896920821 -0.98788219805533172835 0.14869243047120336843 -0.25714553765725567391 0.15514870566730409873 0.95383701521418207125
-6.6032548807153306214 -0.14966934308628895844 6.8187817944223487743 0.45425657641983707702 0.00061312606599073227187 -0.89087069031137733344 0.87973450021360133366 0.15731385987045121144 0.44868648143963552055 0.14042140831557220482 -0.98754846644056093474 0.070921467254906583877
0.4143927094474211259 4.0018185679759321616 3.8895421500223035238 0.85732077391972272284 0.00059899066141021629212 -0.51478221785137623367 -0.45883629772101924837 -0.45248414087022204022 -0.7646746721021565607 -0.23338882256736398491 0.8917722486549591876 -0.38764921517986117294
4.2900036110943613465 -6.5767103567164433287 1.8494159164605774581 0.64065898245106489561 0.0059091448639723830744 -0.76780280685327095824 -0.76665439501971821556 -0.05028625174279732768 -0.64008775295489617196 -0.042392296492109050876 0.99871736486985007719 -0.027686066992001608089
-0.81087457969031739857 -5.4717679599361677134 2.5425789483447953643 0.92276212960170300725 -0.010432497503912518261 -0.38522878289262280083 -0.37867864928436806293 -0.21001979407161952551 -0.90138458311333991002 -0.071501977240132741365 0.97764147267494805327 -0.19774887649944539181
-6.6550922090042163859 -1.0990072461950819438 7.2025739079822281852 0.94820660098730480403 0.0053825138118007084809 -0.31760867492731625905 -0.26559356155026897506 -0.53505106389534640154 -0.80198529854829048169 -0.17425355636852699059 0.84480257313140938447 -0.50590938963739429113
-1.6395967400164497274 0.92213284659692007494 -3.6114304689077414423 -0.50273461447819900449 0.014047272050313476879 -0.86432666368298660675 -0.055908286873576143461 0.99724620375964390107 0.048726507630134863192 0.86263095867485284352 0.072819525093961334772 -0.50056482687136716336
-3.9964609952916920754 6.6798251909138990356 -5.734073633188325303 0.95953731715749712716 -0.012277872296292314039 0.28131368760526803685 0.014621896991177935413 -0.99552844858190325805 -0.093323674340892781576 0.28120159514234138731 0.093660887866745173858 -0.95506717092226922627
-3.1089191087508112332 -7.0544551120764156238 3.5938717762075436113 0.99204332046075138773 0.0024718273354282860668 -0.125872715069029667 -0.077503179078858175366 -0.7759101826397443169 -0.62606441019175462781 -0.099213444461396918528 0.63083855188606952069 -0.76954493948860802632
