1125 14.717824617146108679 14.977075390850430381 15.033177056927090831
-2.9460995236970339839 4.0563113742074090595 -7.002019587330282846 0.89846701015919627764 0.008501179001194297466 -0.4389587242681926571 -0.4032222754375648921 0.41151981353237443439 -0.81735135630968713816 0.17369176217235812731 0.91136116497572361439 0.37316484122638082788
-7.1199178859349601112 -5.0221003832684889545 -4.3541163177557757891 -0.99737584844401228068 -0.014586021187947720984 -0.070913080080177021136 -0.043197425779566180071 -0.66613594936014886017 0.74457832319777339514 -0.058098187119495041386 0.7456876993460669345 0.66375782910458758224
1.3214760745608464809 4.5789312129363519688 -3.3583034834364280385 0.99952349177980526207 -0.0025500682488305121375 0.030761770627621396607 0.030819229423075994445 0.026857058163527080391 -0.9991640873873580686 0.0017217659516868084532 0.99963603155289926239 0.026922851692940286128
-1.3308358712580894423 5.8861367949769221042 -6.5202779840300664205 -0.98068329753492411438 -0.013019555128334791075 -0.19516854541722339356 0.18508909530827463708 0.26094580980869647169 -0.9474435662038832584 0.063263707874286076449 -0.96526565023700738877 -0.25349541956119836517
5.632143820400457912 -1.6327650704497238543 6.496678422993453772 0.99607956779987205653 0.0054633979556408763731 0.088292954953648319916 0.069438965709427591388 -0.66665317766766640784 -0.74212651936634133065 0.054806246476767364606 0.7453480341345982696 -0.6644189817869303738
-1.7974857522946314781 -2.945573888800354645 0.34547366974383564298 -0.97311762360936115979 -0.0058830157370470034101 -0.23023353523473724658 -0.18360131871020438088 0.62333889640439843483 0.76009155764105218456 0.13904188717325949298 0.78192967097762988704 -0.6076621950196449129
0.25952348340943737215 0.22766666105111554863 -2.7241229335922314547 0.7713878383335490696 0.0023410156793993554605 -0.63636100015370911098 0.63635978949647720171 0.0013261537089330817808 0.77139124938533554232 0.0026497515103209787202 -0.99999638047447791944 -0.00046674940217220485354
-7.1236662859247177337 -6.5220600451554586741 6.6429948251399668635 -0.85467412273311249571 -0.010796833088550655128 0.5190525718323297788 -0.21015468216041979788 0.92140517164727930854 -0.32687538791985720765 -0.47472850503889807428 -0.38845326367135468715 -0.789770161785330993
5.0862941878622986991 2.821373221492313732 3.8845959323239291905 0.04870462066153300601 0.0018644827968208100601 -0.99881148553179677219 0.93061833773837454586 -0.36325102379590828994 0.044701265936790211819 -0.36273594995716318401 -0.93168944258001840097 -0.019427125200008811545
2.8343629931757776674 -6.9777495023473852243 -1.7048891788665132552 -0.9343109987779177894 -0.00045282382451034366468 -0.35645862664991562196 0.26311810347996217319 0.67376625853158833568 -0.69051277503431163218 0.24048247583483151057 -0.73894439832443936655 -0.62938807980559718924
5.2577036131045788991 -5.2360933660945967461 -4.8940987034261125288 -0.82346471035826018792 0.0047712954548941128793 0.56734742930083348345 -0.21763315469667746105 -0.9261295910636219153 -0.30809055573512411641 0.52396725162107371521 -0.37717531109032575998 0.76367342754123246351
4.5580503925378046404 -3.0319947380034917295 4.1503146508333994547 0.66862107286605809708 -0.0020774790698772221953 -0.74360039335664296356 0.1204147569828158959 0.98710020933224285056 0.10551522656385467491 0.73378889826714366329 -0.16009016464722211626 0.66024616012740644511
-5.5292143153672226319 -7.2663296628616427242 0.53587910782237013763 -0.82930088322919137678 0.0035677109921843754362 -0.55879094168896692452 0.092450132168899162854 -0.98532321618452367584 -0.14349610695035447394 -0.5511016404777522304 -0.17066174464779823583 0.8167995780952177487
5.2973291127481090257 -5.8117833782529828568 6.899180831739880837 0.90040907877878961774 0.0053245391800826411682 -0.43501165517183204567 -0.36219407570292888598 0.56309014049861572104 -0.74279535889709680241 0.24099573103800719931 0.82637832919061682269 0.50893999122272670643
-0.79764647188153403601 -2.5778288705226444222 7.4120392140448858598 0.75345205481856403207 -0.0059087207575031393259 -0.65747630231721521099 0.50391814847528582089 -0.6371338884516143386 0.58320400189278154279 -0.4223464226520345921 -0.77073049453453290614 -0.47707232582436692736
2.0050275604130325391 2.3929768993750886175 7.4149735986929279363 0.99629288971954543808 -0.0090107893897965612995 0.085552811578166257367 -0.085497372764143153567 0.0063684958053787897592 0.99631804234970322565 -0.0095224547666095636644 -0.99993912211473023888 0.0055744882697088844054
-6.6351945591895091781 -2.0056585849844545955 6.0666437869769023195 -0.96625790328305760646 -0.0080094845450308406465 -0.2574519615391541727 -0.25091363984240472318 0.25513776087670680948 0.93378106016123918476 0.058206612030589202633 0.9668715380712453733 -0.24853856679353436565
6.6660595078514148781 -1.8856825171552287213 3.1539945348332896202 0.40524364857308620147 -0.00036180742831390779249 -0.91420864926266720563 -0.27183264232047033016 -0.95481865318694225664 -0.12011808396516675257 -0.87286001160573056801 0.29718884336701539839 -0.38703254581236878895
3.6400794588981444377 -5.0936038670492918001 3.6933388825668878042 0.99791136476823594226 -0.010262320011194779601 -0.063777683042524277446 -0.033357541838544904622 -0.92734443359208729163 -0.37271916490612228001 -0.055318916012328224474 0.37406815725722164512 -0.92574987510529960222
4.6958819315000184247 5.2178373562887676584 4.6959155840249007241 0.95937641999042233554 0.0039307385824110425976 -0.28210181506035858501 -0.18762535928301446453 0.75563018753958000051 -0.62755059097462906337 0.21069791009898578005 0.65498669373736362331 0.72567129039750000175
2.0451201603925310835 4.8408653559076340045 5.0203201698155588417 0.99583542390797585853 0.014153271683482578081 -0.090063829536089393124 -0.035926400924429974237 -0.84702041306011488508 -0.5303449005844939057 -0.083792017559370352009 0.53137190813974488623 -0.84298445598554361258
3.0575836735025405666 -3.236477724563740388 3.2053509705814424713 -0.68955757622360835946 -0.0051863850678875306199 0.72421229655550234394 -0.25122083311354392876 -0.93617273883175511351 -0.24590383502107102109 0.67926316114013196579 -0.35150206895302971155 0.64424207673786637596
-7.0391574998641388561 -3.1492817062873608158 5.2109962205549349434 -0.89199109130220355368 0.0044710610991554409349 -0.45203086470965908594 0.37368324628869720172 -0.55541669512211611082 -0.74288163675159324395 -0.25438695815756895424 -0.83156016282182398935 0.49375598338358250849
-4.834735470747899555 3.1563300980983304278 -2.2283349038169815159 -0.7810519469926132663 0.00097419321607199638353 -0.62446529691148222607 0.50480035103574916189 -0.58768744554651630718 -0.63229745527020042584 -0.36760639506581155311 -0.80908745960781458528 0.45852265048976698081
3.1216135922459709029 -0.80793066782101230494 0.19992243701432699243 0.99621110275032220827 -0.003354990106347236975 -0.086903295670046745713 -0.086862289773826442674 -0.087645691615512361095 -0.99235738287997798945 -0.0042873502511292264569 0.99614606197219446315 -0.087605033218348130064
-1.6495603020809539441 6.6573886383634173214 4.4507414048579825305 0.97830350009415389945 0.0017523435093765912102 -0.20716947409225647259 0.069773073724079162639 -0.94433636003208265564 0.32149736749214885556 -0.1950742932488501169 -0.32897685087787825742 -0.92396983267847920818
6.0268387900988367178 3.2315868414526800478 4.3789899198451003315 0.062701622730046507881 0.015768592761020119863 -0.99790774021927630688 0.11433428285805249947 0.99317887411419558674 0.022877844667872179046 0.99146163731654823881 -0.11552954382170838032 0.06047103632311611604
-5.9291185263469889932 -1.5565075680429345528 -3.5888798562545534132 -0.13358093249615637932 0.0021588014987970120633 0.99103555640018459183 0.31107900840496360839 0.94954773300758676946 0.039861676706161475181 -0.94094951246243641041 0.31361511812437015134 -0.12751302945439374481
-5.6829961045870645009 6.6960366610822195099 0.7726933479700109908 0.98835098644022401082 -0.0023567505492230614653 0.15217349746132222132 -0.018268851243925354755 0.99081302322018394158 0.13399926153313190813 -0.15109128590683754134 -0.13521833730695273501 0.97922797375227565997
5.6617187400018433863 -4.8001347543988535094 2.0531095265018457496 -0.7097126335844009537 -0.005186903753310925444 -0.70447219516462689093 -0.69644985895486577476 -0.14549126468224551911 0.7027018470608834555 -0.10613939745599669517 0.98934593946234750117 0.099644570233755863642
5.3048301935165307341 3.7521536020914920684 2.8949613533721914038 -0.75852707220623072359 0.0040736328392361282821 0.65162879482545099652 0.050948889581619867528 -0.9965486112755179704 0.065536829456345452316 0.64964674353103013527 0.082911222885008573069 0.75570155335229516336
-0.50175213685864139546 -3.6057349831392824235 -3.2879279114542381279 0.79868810189657968301 0.0071457645062169110328 -0.60170279535555049044 -0.56464391270357472408 -0.33677937850248484963 -0.75349645126059661138 -0.20802540165995428434 0.94155647109729090349 -0.26494687014397705349
-3.4512991992945605269 -7.0787116371224243494 2.7603251330904958749 0.9538722110366727458 -0.00069072654540186962258 -0.30021213817724601292 -0.24417827821445098335 0.57998769733712884911 -0.77716873289253718404 0.17465615780809867763 0.81462494059200574181 0.55306548681449396732
-0.37452515210409559332 3.7853097922762199978 -6.8471714630043667427 -0.99928788269217316831 -0.0039763188743488133564 0.037522211993737911162 -0.0046745826695173738757 0.99981719161021587183 -0.018540001013964187843 -0.037441631662645323553 -0.018702199040253286028 -0.99912379211464119599
-4.1904593308804365392 -3.5183229689382677918 -2.3488503606289778958 0.62017890572132838845 0.0025677742008477079209 -0.78445620109350189253 -0.05456079277062117483 0.99771417562885711394 -0.039869081272023779161 0.78256069719263043893 0.067526515420855331984 0.61890138546018036436
3.9857510066332624277 2.4640964518162498109 -3.6933926139723602944 -0.83109659436615301864 -0.010631820880520706854 0.5560264519045350351 0.37628420486997649075 -0.74695348944684780701 0.54815206080833800417 0.40949804394906663685 0.66479128227419082009 0.62479108749557288327
6.7151084369319766765 -5.8904081952910338771 5.2350470770768087192 0.86947478681021794777 -0.0038613822509660847282 -0.49396223016382351245 -0.49291525130980951008 -0.072319744260031709748 -0.86706655431762424957 -0.032375146756300404727 0.9973740242843730508 -0.064783528425274114482
-0.56885952973486231254 -7.1607973074650361767 -6.1107738601501599973 0.95316186614728637405 0.009815473328503718925 -0.30230136189889122988 -0.29142313811729247952 -0.2377368948816735994 -0.92658174133851101129 -0.080963025465113913626 0.97127999325396896513 -0.22374128633795065113
2.2928263924309182364 4.7903473646170970923 -5.6794122960008293077 -0.98485148092411578524 -0.0021062159944348515621 0.17338720937752530316 -0.1703574129500169676 -0.17474203976746521816 -0.96976469898165962302 0.032340568556069600181 -0.98461199636807594793 0.17173614713682536226
-5.3148108592523577443 -6.0533264785657543428 -5.9005355604870359798 -0.87172693402300938104 0.0095232723788242004681 -0.48989943843831174064 -0.1278872749993413549 0.96073483704462858679 0.24623853837695036662 0.47300845382735984268 0.27730467030324867928 -0.83628052855246171049
-4.3051624355419697565 -4.0840397259938221453 -7.0755728348697779495 -0.84243288627609069774 0.015693225384444502157 0.53857270149692171302 -0.25974311933038590761 -0.88758637824086616952 -0.38042598901967805691 0.47205968275321052996 -0.46037391741723698857 0.75180816175448983429
-3.2640651566238370052 -5.4935987076047769762 0.057192318777541072128 0.84700933964965297029 -0.00074187051016978179663 0.53157749028187994966 0.53102473814343742475 0.046793634743523916664 -0.84606328559229737607 -0.024246773516842082263 0.99890430241128636002 0.040028597257299625145
1.33539800236848194 5.9399668349598009343 7.248650629831301373 0.98834141270796604939 -0.0058915330442832177307 -0.15213987565688408266 0.053942522611789063547 -0.92088432490812865971 0.38608582516406297902 -0.14237786408282845918 -0.38979141855198101707 -0.9098303104659412055
-1.8595438188684709768 -1.6482442713546823221 7.5041670500536330479 -0.92691348046519939086 -0.0018569506302257537522 0.37527050439156522943 -0.24173177510481491659 -0.76193916869259825653 -0.60084478205001901063 0.28704903524761254952 -0.64764593332037345697 0.70580280278342133471
-2.2596926408918749374 -4.2329982799450451836 -5.3194623236232478902 0.90674110831046772496 0.0045833444763929490073 -0.42166284571129081238 -0.32859295991591508379 0.6343771394700419286 -0.69970873341086170516 0.26428626372479041562 0.77301011498628657836 0.57672188525777734469
1.7873462551059997594 4.1244835240460027137 -1.0135333542367648274 -0.98055859647048904115 0.0048857474986419187346 -0.1961656655975462793 0.14490290494549604161 -0.65607349583687435413 -0.74065559891142962456 -0.13231775023153877213 -0.75468118933220773581 0.64261054725382804609
4.1320663486886362037 -7.2117514031468958891 0.30078761829152222962 -0.97625815121825731957 0.0026456140978737673758 -0.21659414328644926995 0.21537915377015801055 -0.094602443694652149642 -0.97193734251145114111 -0.023061706380406898215 -0.99551161639277563342 0.09178659665646581034
4.0492208895277652658 0.23153528005631740516 -0.1502634959094595879 -0.98936744697008316418 0.0048516070797935632181 0.14535651614106226415 -0.14516651245887379762 -0.093920884383165245679 -0.98493936419312333452 0.0088734737544075310139 -0.99556784268345144273 0.093626556478943717687
-3.0675532215715288764 3.2111072721665530061 3.5239807647016574421 -0.99668463275579899374 -0.00083496679417445485161 -0.081357517531158302093 -0.023363017427858082109 0.96077234838379788062 0.27635242716088681547 0.077935308076947817923 0.27733697447604316322 -0.95760654255459110029
-5.8789540589266309212 2.1919672916603407664 3.5533242477022599637 -0.99405425663933288938 0.0077797654160819398536 -0.10860759691339361144 0.009771979071502344058 -0.98704528686155434958 -0.16014402926591400633 -0.10844649963119945557 -0.16025316513113521677 0.98110054519559930508
-2.5570210658693874883 0.83584498106834459463 5.7080980125647036161 -0.99993184873195006812 0.011660368607344109848 -0.0005776635464629447346 -0.0094063294480002355991 -0.77535449094789965496 0.63145620143699787707 0.0069151180431774959129 0.63141860058987431259 0.77541133082487379014
7.227949466040792359 6.1759161457479443413 4.5470237900546024434 -0.93997718040336020184 -0.0080638409322477764413 -0.34114201557498707862 -0.20613567258659401538 0.8101171860939845315 0.54883351690891257757 0.27193930353731216032 0.58621252056294270716 -0.7631539136549704283
-5.6950534297412058748 -1.8993044175144295771 5.0262305498641808299 -0.99561568465622107826 0.0027055181524488648021 0.093499137098237872223 0.016676393758373514453 -0.97843323682358340765 0.20588904528967322261 0.092039699900649016295 0.20654559121559354362 0.97409835868440441953
3.2698466420950338396 -0.24867467829131173485 -1.6369382598451522881 -0.69133556002913221228 -0.0064935172213929272939 0.72250465581412615101 0.62684269882303289556 -0.50269971864758589142 0.59528247396009092984 0.35933741020306991798 0.86443671087345186343 0.35160460537776550005
-4.5490800162935078887 -2.6228861274459678299 -0.48694527552049959862 -0.90810067331263810697 0.0069121875768349055544 0.41869486358433638529 -0.11110751363962505234 -0.96800347109603124274 -0.2249986674604341208 0.40374284828571621597 -0.25084158668173212048 0.87981259984673843011
2.6971193949249721022 -2.7511700345779850352 -2.3072032608980266311 -0.83359311679824199537 0.00077996234086220601195 0.55237840950313121802 -0.34715652955836057147 0.77708903221369851622 -0.52499045705434632669 -0.42965667644237315326 -0.62939020303139536772 -0.64750529937336509523
-5.3582129191485190489 3.8915954462724005047 -7.36684952351241229 0.91229592333773346091 0.0055631005089987542456 0.40949383410983603016 -0.095685113140980881941 0.9751276897108221986 0.19992585596229109357 -0.39819656877531323103 -0.22157400721156234047 0.89013732195869732511
7.190469918375224978 -6.631633014500351031 5.8006212777993066965 -0.84732461125207281238 0.0036640662224625497947 0.53106268724639216217 -0.49703893319642039605 -0.35770103225263166768 -0.79057085097570656274 0.18706496746733472514 -0.93382897049943713874 0.3049100716642510478
-3.8556246676414374086 6.6060371268441615555 5.0463834498266644246 0.95653122230554277206 -0.00062787654026024548003 0.29162926212177364693 -0.20958566612210016711 0.69386973400707685489 0.68892571499773846977 -0.20278527883151850619 -0.72010026940713001142 0.66357647086775173317
-3.6299174860978244972 0.9920759653834906322 0.39049222027859181727 0.98902947709460198311 0.0057246787799606797809 0.14760732194147169194 -0.10157456319467483841 -0.69916619744029329109 0.70770702728500178846 0.10725344539772656283 -0.71493626038245061682 -0.69091449691011941336
-4.3861251358050203919 5.6781037343269611384 5.4133501319727130863 0.97618510823705961776 0.0028327403790274034712 0.21692074598368549232 0.21421570290417754623 0.14535911691997452366 -0.96591011991668951353 -0.034267580677035662517 0.98937490503355463023 0.1412905878123248693
-1.4289074310164107118 1.7980316299084917464 5.1594343026008839814 -0.79886591665323714029 -0.0010865372096842918978 0.60150816008312013583 -0.22670217607763396006 -0.9257130588000824778 -0.3027564303670574053 0.55715291489086693488 -0.37822500208719522785 0.73927429092641205877
0.93535579150328240772 -3.9989969439541361851 -0.71749106281106456162 0.92823610269926692951 -0.0014637404089743819707 -0.37198870293298336165 0.23961256413994194703 -0.76255373788148228531 0.60091398381918270655 -0.28454095795166228777 -0.64692322133858137789 -0.70747917915718827597
5.6971518412940067577 2.5085121328462998136 -5.3087632728596956255 0.91380302069795882325 -0.0021157252482467427644 -0.4061521427618844382 -0.20060604608014984129 -0.87185130361482510164 -0.44680254997172186293 -0.3531589636969652557 0.48976609528605469235 -0.79712478211920823057
-7.2821623761020717325 5.1908583848386857795 4.548988476349118848 -0.9769784748233971694 0.0089333018832153943123 0.21315078195778272563 0.050502707801691200384 0.98040865668928345311 0.19038997450867303773 -0.20727406069358628171 0.1967715985760071784 -0.95828931005066186888
-5.5585523382196369013 0.65367021903217870094 -7.0169085050175219465 0.93535076509285430824 0.0006097735282990757958 -0.35372104039275553689 0.048773220299503317055 -0.99066897861011171678 0.12726408684877002497 -0.35034285952749893989 -0.13628867523039689402 -0.92665272771530138307
3.1255394252652566323 -0.97624452668978412007 2.067348745935682075 0.99353606124347615403 0.0037158840710140917697 -0.1134561025878974283 -0.10966941055088279267 0.28942707699999253856 -0.9508967280880633588 0.029303846134730929252 0.95719285376810381294 0.28796375691552167364
0.56004764078980717734 4.0969370148456727421 0.66508040013246161326 -0.91345006757482383186 0.006711743392981223133 -0.40689547373781509432 -0.36720776252284753616 -0.44456163139264748274 0.81702106156240750234 -0.17540647989928592754 0.89572312038606105578 0.40854945651068169665
-4.3614304517165587427 5.2697546116118330062 -1.0240898068891592931 0.99627558047468167679 0.01110904382641763298 0.085507642319868723546 -0.07017301741108612767 0.68072743437819061008 0.72916795576345616592 -0.050107039198709166228 -0.73245255766491790261 0.67897167495603583109
-2.4403948728217157438 -3.4168733028481206304 5.6407498285722832421 0.99931784557624647736 -0.012200803133447749027 -0.034856619394019607017 0.034864797238212223707 0.62291007097736406095 0.78151614787440415455 0.01217741459494188494 -0.7821983021445462203 0.62291052864427920444
-2.1696878222616455822 5.0468581743214269153 -3.7341957458895489452 -0.99959792407815539761 -0.00056156419974777958826 -0.028349159144973649915 -0.006590410150923035025 -0.96782165208497594744 0.25155082239904857921 -0.027578191975193972613 0.25163651245642698617 0.96742881336355157629
7.2661606965024452265 5.4597717312903615294 0.13368204109887382725 0.99978383916384794272 0.0071690770365900003888 -0.019516128746364380664 -0.010730475526360010868 0.98191677386986953024 -0.189008746062344829 0.017808195915991330283 0.18917730711561983603 0.98178144952469503792
7.3170323874161677935 5.9387219495616543341 6.5055252982540574536 -0.83141338163394407079 -0.007306780177998547024 0.55560633528009639726 -0.55543622855555474516 -0.017087596549868588197 -0.8313835517089145366 0.015568713753742901076 -0.99982729759077726417 0.0101484060065317825
1.6631480403607559193 7.4067149626547656993 2.8763135591743003161 0.21645460158988499844 -0.0070164233656685014856 0.97626747116435030893 0.22916303445225702506 -0.97167088954097358133 -0.057792612497175571695 0.94901617957286954486 0.23623389304188849303 -0.20871473040259400089
1.7123732325774825291 -4.4758317467716359772 6.5098923573160272227 0.95833408665265373827 0.005691611749177926359 -0.28559303898277016431 -0.10807873192381631244 -0.91824955944728869905 -0.38096815389310512145 -0.26441400504786005676 0.39596130130432982686 -0.87937471069163319903
-1.3796112187049869302 -1.7168591241590767105 3.5456825102129232441 -0.88646682529897435909 0.0074826522005746048949 0.46273164745934675102 0.4367969023856961841 -0.31686175696841134553 0.84190681968778435795 0.15292165873593513425 0.94844221589235899739 0.27761903645561869514
-1.7637091283624763971 -1.254273743227665161 1.7924006889481802762 0.88918570981698552558 -0.0035789466828012473504 -0.45753247381792727655 0.45585677802247093204 -0.078929617236727270257 0.88654650947029889352 -0.039285765720995971528 -0.99687376666429228234 -0.068551600624727440647
-2.5566308906916423993 -5.0193243670348532959 2.9543108190187958861 0.97258825191778131014 0.0077594015435687255927 -0.23240456948888491007 -0.21453484794954794102 -0.35561222635540523651 -0.90967837364735870676 -0.089704466147748768146 0.93460137821119315671 -0.34419961156138012548
1.9657901704350595473 -5.8093797391544503839 2.9051398553261185143 -0.61781733013690876 0.0069415407764440544003 0.78629101584226390731 0.075149133016277805397 0.99590512038823897356 0.05025533793905409552 -0.78272239931501197407 0.090137706849658619235 -0.61580909331900524073
-5.1521305942002877387 -0.61891421941822666319 -0.62920598788942738722 -0.97769955157605759055 -0.00083348463100422348626 0.21000688596151881327 0.13566989528804818121 -0.7658205115972596122 0.6285798465822778347 0.16030366920457464475 0.64305384636147011612 0.74885544954899863068
5.2796108550791149838 -4.0838131650034412701 -2.1542956481462294249 -0.9868875833510403206 1.3327494209843014986e-06 0.16140910081413345489 0.10278186180364043412 -0.77104150886009448218 0.62843526357047663211 0.1244539541822057005 0.63678488645150421732 0.76093115435983260664
-1.2474006562384645225 -0.51960744056885843634 -2.4467140262536282158 0.82473439942913662204 -0.010467943566524612331 -0.56542337461034253288 0.48382642930290581385 -0.50458367619483535105 0.71505755014943117587 -0.29278858704914956235 -0.86329933156182137033 -0.41108284739039968603
2.4479373104953667806 4.0067063992994729205 4.0540222873743827492 0.78392425939813181746 0.0043582394941021843776 -0.62084117234267677254 0.33150424767669989246 0.84255904999219721763 0.42449874092694978023 0.52494541554293483454 -0.53858634686072692777 0.65905770435956234632
2.6306399676129488263 1.4121408430234743125 4.5285716011968961681 -0.84771776443008473034 -0.0068165381788757601483 -0.53040373931269257923 -0.11858672898611427593 0.97704511876170097029 0.17697464115590058609 0.51702203007032709881 0.21292339164858051226 -0.82906685478966046787
-3.6321025349894431322 6.0044118440925737801 1.1678298843633996285 0.75707390324321732766 -0.00089321474737332449967 0.65332863644216010446 0.64487902995678192397 -0.15929313419248924966 -0.74750032382668796238 0.10473844446943525455 0.98723092514701982214 -0.12002065940310994996
2.6433978709020924391 4.4631955600741664014 -2.1698016440171374875 0.9942035689163063461 -0.0083141230990593714689 0.10719206552310046876 -0.043603312631902688135 0.88015118995518049072 0.47268661282937574075 -0.098275198710295080806 -0.47462064659861435967 0.87468693093068117239
-0.3693738815155430677 -3.2558731007921042355 4.9004827611827410649 0.98820072351490839679 -0.0021733322526237951883 -0.15314896888861079249 -0.036032803908290438055 0.96853686682804096542 -0.24624779113227751592 0.14886560075189420038 0.24886063212552209101 0.95703052129530263858
-2.1584703561125877513 4.9965378683787706748 5.7399806113544045161 -0.99197410383047490701 0.0011928237487747427037 -0.12643557450779074891 -0.02809363266468982781 0.97288135549542920089 0.22959228195460573696 0.12328067623640168171 0.23130163272430240284 -0.96503959999881705478
6.4524973967025784916 -5.6425096956333353759 3.9646171397321539054 0.99810826226381044179 0.0041521037169588541349 0.061340499145749363685 -0.020504053066257969112 -0.91811617771710296587 0.39578058065285398603 0.057961026635039929189 -0.39628959644281536168 -0.91629420774260261773
2.7398897802056825235 6.6726143569082676521 -5.5710259801254595757 0.964022755004913523 0.0060545988015782556055 0.26575076606878433871 -0.078154142098741816169 0.96200962107783838384 0.26159017379537186088 -0.25407097021428143302 -0.27294840315866636393 0.9278723572278411158
2.6397318246401009212 -0.29878663463029048186 -5.8378054912885382066 0.85590174804841279155 -0.009226851521159790126 0.51705615062467591425 0.31371061304641256751 -0.78559549332658085152 -0.53331545273620228897 0.41111780422382804279 0.61867163024996574272 -0.66949799474984217351
-6.9649772065327892889 6.8780851818252601859 7.2793118842565425197 0.97547169402802669236 0.0020137237801931104526 -0.22011569473017886245 -0.10927257505267277959 -0.86362107281337807674 -0.49215662845703650463 -0.19108761993221615172 0.50413746886077259735 -0.84221786611266036271
-3.2769519546631986628 0.0060985424881776061773 0.044662452653941933645 0.97852537499723346581 -0.00081042779234961719037 -0.2061248012566943566 -0.0090848512612832429958 -0.99919010496151683398 -0.039199485006093104378 -0.20592609345074774918 0.040230303925961267975 -0.97774023476695826051
1.3208297014242205147 6.0492362502315044637 -0.032786382663630569967 0.99493971841832784531 0.0065981534109556530185 0.10025677575614369563 0.0871720918179834936 0.439481397847838684 -0.89401181611529367821 -0.049959815066994817112 0.8982274574499630182 0.4366823233898390888
-3.2078530125548074814 2.2819692164008151813 1.8389465016372632533 -0.922156159492970251 0.0079133760807981838592 0.38673685625793957632 -0.042574389837542601922 0.99164023166034853674 -0.12180752145295307975 -0.38446773445800186408 -0.12879064186329394759 -0.91411024046842426216
-6.3011489209476776452 -6.8580601628619293209 -4.9328115852832148391 -0.984615187645828005 0.0056551520072211560602 0.17464521611825642444 -0.11926131739760005568 -0.75223323919744322641 -0.64801380542338926638 0.12770932005854662705 -0.65887265317536880538 0.74133471284418062108
-0.63771068168245659269 -5.825712378898050936 -1.1064666552819888423 -0.9802836928521081461 -0.0030183406030327140403 0.19757219224418601233 0.089066575540450859672 0.8857951000502227723 0.45544943281149979919 -0.17638318131177280201 0.4640667304891223921 -0.86806165852630401414
4.4961820442981013102 -5.4836687688559546672 5.5809822767694186041 -0.78008143451795231016 0.01181706737612283134 0.62556639331011365535 0.34520809807222851973 0.84199992933104361725 0.41456903892092322739 -0.52182786869412001174 0.53934819544059697805 -0.6609078600903190992
-3.5205817571080793016 -2.5565608993422368478 -5.8437639480420582316 0.77246958852500369197 -0.002252738486844817721 -0.63504776196222123552 0.57708214297085258515 -0.41492069999937108982 0.70343230873766626754 -0.26507911096119896044 -0.90985478944785180833 -0.31921360724548059062
-4.0145149161526614279 -4.4788887518622377826 -1.3357225625759552301 0.90700201378744516045 -0.014863012827691594181 0.42086391842861869961 -0.13467243815900448167 -0.95713469676562745736 0.25643031538317845319 0.39901213187787887282 -0.28926158247661243328 -0.87012473560821868013
4.0005063078223184192 4.8545369804044424811 -3.6947057248283901032 0.99396349545914730594 -0.0019981744030843065149 0.10969310367350627866 0.047767442580970077837 0.90797350051505820723 -0.41629604104736106507 -0.0987665992314182839 0.41902282713653654644 0.90258796203740143671
-3.6612578909416431117 -6.2014881856056289777 5.3337836700524121625 -0.95582892229162341735 -0.0032011018016349056248 0.29390614872437437199 0.28310559043743999119 0.2587625807404634326 0.92352214454859449244 -0.079008201940189995427 0.96593564990412783544 -0.24642650886296280088
5.406420909565661681 -3.7989547161283789833 4.4364620688641434043 0.93169754395604975628 -0.0031694220817765745256 -0.36322120168007665519 0.060999443194187256967 0.98712597405602375833 0.14785594094903067863 0.35807646462207903815 -0.15991330810033885235 0.91989617858553152097
-5.0977589725334020443 3.6246457973633825489 3.3508753298341669158 0.57164295232695427895 -0.0091698295564239164918 0.82045124735162033858 0.4716694804270873953 -0.81453208408320776357 -0.33773567361570061562 0.67138084295617783681 0.58004603112593666747 -0.46129639656791043834
-5.2444628662120278406 6.8507751966196002158 -5.8757960882644999501 0.973093257303168091 -0.0008563671873589250548 0.23041002414467046111 0.16445773868097174342 -0.69780788471311627763 -0.69714977459665972148 0.16137894775664965441 0.71628445653074712673 -0.67889131129628776939
4.646140111176809917 -1.6480288149220221339 -7.4799672573153470623 0.99954165132898598056 -0.00037075158069956081278 -0.030271270235994580944 0.02957192767586365803 0.22598444129936010039 0.97368194672810848278 0.0064798419708403214023 -0.9741308407159712246 0.22589182546986938394
-3.3458978274487582993 6.9674938495339500122 -4.3467241315347182606 -0.72572362330893380733 0.0060351163383787834182 0.68795988250927198049 -0.5686095807731265106 0.5576773097081040298 -0.60471411666163243925 -0.38730913651040110857 -0.83003590019204320782 -0.40128797286750983453
-0.9563485019882119742 0.51890194334542516508 3.0609092646404785221 -0.67654245225860043522 0.0061955929430067002706 0.7363775695387945186 0.72348567815673248127 0.19206923164219530387 0.66308210936385947321 -0.13732728714255520996 0.98136182159500084943 -0.13442541174064187581
-2.9362737831672069966 -3.6007141446742183533 -1.9997630063149873791 0.77843138102405506906 -0.001615120761308005623 -0.62772762916873603434 0.28464547702750336855 0.89218580348854015227 0.35068710335742714346 0.55948327718057178082 -0.45166567662185796994 0.69496516395926299925
-5.8412272462888754632 1.0434625916736937068 -2.3976926351711824736 0.99838503309910808792 0.0017681056980805905793 -0.05678203488766244561 0.035923273055102310225 -0.79396006901025251157 0.60690767606796380829 -0.044009591417724758244 -0.60796733680300674152 -0.79274136592197741447
-5.5757175529347327014 -4.2098597251017890741 -5.2148599352918143524 0.88294869884441418151 0.0038201901030850918956 -0.46945393954726755137 0.46800383475970980252 0.071791367691151922181 0.88080554617645112625 0.03706758501832259356 -0.99741235488273849441 0.061600231073435804396
-6.99363764654215192 6.6967948554773704117 2.9568258949027450555 -0.95140006588449543834 0.0087033693091792888041 0.30783464067204047154 0.30639341445746637316 0.12737396314552856813 0.94334455480998369303 -0.030999842129546883313 0.99181657824179347838 -0.12385025196854934637
2.2404049486912249733 -3.9022946404820757493 -5.4326481121503551464 0.76506329183613963618 -0.0015921627979769538766 -0.64395312290757877882 0.55424434343829953598 -0.50750332592114000274 0.65973750988218549107 -0.32785876113251788411 -0.86164832686926751126 -0.38738971792236442937
6.4572359600614896991 4.6116193537217498033 -6.2968025329689707448 0.95792662218716617684 0.0095111467828826092713 0.28685558142033135143 -0.24321888885921466583 0.557542190704139351 0.79371989875972082107 -0.152384902819174467 -0.83009411735770533003 0.53639779802040998824
2.0719365024593456859 -4.1897026907258645423 -6.7128348385968861223 0.84920844755740554355 -0.013964167592152448155 -0.52787310465760461931 -0.52765483230552312488 -0.061484229641772275565 -0.8472308230051519562 -0.020624997986798225547 0.99801036644359797378 -0.059581187712447268578
0.028249818796711529539 -7.4618749072935264266 -2.0187357928209634927 0.98691664806442502833 0.0016865507483822548065 -0.16122247150977778163 0.093574512678697610579 0.80831368513040824375 0.58126826595620528781 0.13129866850084453977 -0.58874964286824704729 0.79758041454923045421
-3.3453062019829746809 5.7941050661069724015 -6.4189728559191783219 0.80974526777482158657 0.008679028278615063402 0.58671737300375814694 -0.58480749391901942769 0.093885771656547045705 0.80572058242082345014 -0.048091541589184702565 -0.99554514530909921088 0.0810991200875076923
-1.2624163664568304188 -4.6084952384622317467 -3.9731902543208343914 0.21142299429002536781 0.008612906060621374274 -0.97735670833861942874 0.97394563341658479949 0.082075541728912015937 0.21140839292405311234 0.082037921927915452569 -0.99658889382692561476 0.0089641545415488823462
7.180366111664558737 2.9486478069762109833 -1.5019656472142510761 -0.96915637987718261659 0.012345232119739455584 -0.24613717026753154093 -0.075924614500623946456 0.93521041822965267354 0.34585680063810309015 0.23445972843186485557 0.35387719462910810497 -0.90542783636516843693
1.1799592346916083496 0.027458973934531737821 0.36125233399540446211 0.68871474651411590528 0.0044347220537106959298 -0.72501884884077605342 -0.0870650062219840426 0.99325099281130591056 -0.076629954788862142401 0.71978585886748491784 0.1158999504731736685 0.68445271484218228597
-1.2521350062925808988 5.5408339871256702125 0.71981378757837577442 -0.9881435891834564611 -0.0077619803021343938138 0.15333622800122154173 0.035283834421486234834 0.96050950277770774655 0.27600098931378708178 -0.1494232183576178763 0.27813889827823218281 -0.94884743509172841947
-6.0130587823129229008 5.0579781538464558821 -6.0537371790256928605 -0.90435835799935759827 -0.0021600288626223724392 -0.42676843204695219525 0.21546258577197466288 -0.86549898078967479886 -0.45220281775380899436 -0.36839087183176622009 -0.50090602764130498503 0.78318664252127456749
2.0158244856161910974 1.1659488814905587528 7.4660711295912998153 -0.93536508775594240372 0.0094503205403282299762 -0.35355741266302587178 -0.3486838369521423342 -0.19213006815224784041 0.91733615363186704617 -0.059259889095640359835 0.98132396707385116663 0.18300693208411378254
-1.7892062781753337308 -1.9683187347940178658 -0.16594717220717059014 0.95923471046145336594 -0.00039484744531842821957 -0.28261035780989574029 -0.21599458108457475491 0.6438557531007980117 -0.73402732247598445614 0.18225013357482819365 0.76514679199128776688 0.61752350199609107317
-2.6531273406827433625 2.969905971956523949 -2.3722093434556135172 0.97561723364776398171 0.0019148674715238744176 0.21947060553058439503 0.16704008382552879008 0.64216029958789511145 -0.74814955726020104798 -0.14236791704928472568 0.76656798975411200026 0.62618279541937649224
5.1278247285511007192 5.7157622558486744779 -4.1030495553819728016 0.67076176913209051289 -0.0033760284013610157051 -0.74166518827781080514 0.73089412555344601685 0.17287421192258578539 0.66023350724092000341 0.12598581786190096721 -0.98493812459692764438 0.11842493155270274185
-3.7539051088302990422 -5.2229435154116732321 -6.4460151443921853698 0.79630246386334901931 -0.006716649049405276628 -0.60486136648879185174 0.33894585320834830222 -0.82326059800419515433 0.45536545363768987649 -0.50101706022651670835 -0.56762388462732060734 -0.65328786224965007534
-4.7870401818396803861 5.3413733083944654467 -3.2743631407990285709 0.69890752051732873973 0.0096753064358319519622 0.71514660469703295043 -0.28865016320484437884 -0.91104181751632873354 0.29442127983251187295 0.65437707863749705606 -0.41220043083658813865 -0.63394119898625622689
0.45790752117687411049 -6.8190848973983362313 -7.454498393806525236 0.99734729899358331995 0.006013867998452622661 -0.072541013102997667361 0.061566137003366452896 -0.60136085201021927116 0.79660199374846674125 -0.038832666207590196827 -0.79895491678895935728 -0.60013587209389407384
-2.8791413856668439664 7.0750959038872078821 -1.6080207570914111237 -0.84019352585168982639 0.0069118083358771977703 -0.54224262652661947559 -0.008133996199550411893 -0.99996690830516909987 -0.00014283028022329946616 -0.54222567001453181312 0.0042905943867193631347 0.84022194304658048836
0.68500282782966426254 1.8797082948003829284 1.5691411908434484968 0.99843723198261724594 -0.0060122544986045385954 0.055560296854431936997 -0.029083945879800354034 0.79304755316908792651 0.60846503802974494235 -0.047720204135967524139 -0.60913006099546596062 0.79163334373232541186
3.9736745047279389276 -2.1539719225010993675 -0.57021780346253836402 0.31976776656979988278 -0.0018530563044600878442 -0.94749413805325977123 -0.43178604401784959066 0.88984016599862503227 -0.14746284673406706567 0.84339159804593311076 0.45626861075228375419 0.28374207863442491018
1.1958589625190974015 -3.0405258752643544717 -0.17258535524462015331 0.65355744562997808433 -0.012902563913232360099 -0.75676693182644538815 -0.40076996957740046446 -0.85408301739849956657 -0.33155034440722835898 -0.64206393509251180607 0.51997665643378043754 -0.56336327535385422038
6.1630084287978439406 0.91410781756400061315 5.1602933272462188086 0.84677928649395117766 -0.0068930786889716318816 -0.53189973249764632701 -0.52359248013435388813 0.1656923082543366732 -0.83570148601769267405 0.093892250541005667364 0.98615340817317298505 0.13669565039459821709
0.12020502783423653304 4.3415014984299196144 4.3856412884178590517 0.3643707157389168283 -0.00568077592027124538 0.9312366564396850066 -0.60333877207018227207 -0.76317016641376111963 0.23141655777575664832 0.70937740845668806333 -0.64617259759369138905 -0.28150429213488309399
-6.7669571872444196359 -5.8063275841436006175 1.9455572145152357777 0.99979520917959885384 0.010202808500532040137 0.017476910489063281207 -0.012346705222375698938 -0.37672695073408496436 0.92624206526209973411 0.016034293613763586639 -0.92626816165150738236 -0.37652382944375550888
2.5971080662198180455 -6.2127823315805121851 5.2634150329786200118 0.91672556296952811827 -0.0027676448126530590887 0.39950792525374395625 0.25253685516299828606 -0.77085024652558231661 -0.58482051453068240043 0.30957935813414000359 0.63701039047550767069 -0.70595919389407191247
4.5333212301169005798 -0.75041456061079025996 -6.6038984793409918339 0.597073277074369968 -0.0022728624351628424517 -0.802183480196354326 -0.26939234761467883983 0.94135339184733313189 -0.20317862757742599644 0.75559993703692007738 0.33741461994687121928 0.56144466280811478054
3.8837611963087224076 1.6743057239904644007 -4.4615165279438020463 -0.9990185090927760081 -0.0052532726008788785746 0.043982060172171148771 0.0030310177075535491703 0.98250735038973135982 0.18619913899315204686 -0.044190852239607045226 0.18614969663447347714 -0.98152710559678224556
-5.530616239140850432 6.0629554936479612692 -5.1030735510289346735 0.80070489595399962912 0.0086455114578836787104 0.59899659825991935502 -0.54205892190451476775 0.43614089228287822309 0.71829885650916824869 -0.25503684984530738955 -0.89983686144232521986 0.35390652439682696029
-5.9730022466535386272 -4.904864089399974425 6.2383596198962099066 0.99126150600652385148 -0.0051421957597782641872 0.13181116998371686377 0.075098794571722526925 0.8434955969583669555 -0.53186027203193819712 -0.10844721187553180153 0.5371114742162667044 0.8365108884538204892
