1125 14.717824617146108679 14.977075390850430381 15.033177056927090831
-6.1828372874901456058 4.3276513020378049035 3.1074187901362138042 0.95655009862895823414 0.0074970439513072362203 0.29147161636236618154 -0.2915176885944217311 0.0060179849283524830886 0.95654650754369008325 0.0054171994142105783093 -0.99995378802690559894 0.0079420250008127510344
-1.406377070306258803 2.3520448658055292945 -4.3692146739908723774 -0.99347343833987655781 -0.0037796882892628200917 -0.1140010581949288393 0.020276743137336631501 0.97768006107866944898 -0.20911851151190086195 0.11224696432809903868 -0.21006525682662025023 -0.97122253210766396059
-2.4877455614186478883 6.2847079918897374995 -5.1765132500697657036 0.9992340067046134866 0.0022919363704247894264 0.039065929818682967878 0.0043829706559731715365 -0.99855691741874474943 -0.053524501336935453866 0.038886879704552582138 0.05365472675182536566 -0.99780207500488404815
-0.17054213355140507291 3.4142881970029801408 6.4616615464007836067 -0.96170229061503864632 0.011459713272833880332 0.27385649380195148384 0.26073797856950914342 -0.26985778170990282199 0.92692636394811989131 0.084524616280149525438 0.96283199605239955243 0.25653486433704741909
-0.84263045955520277097 -2.5314328744031411311 -3.0018156260593462648 -0.70428152870428983867 0.0049020353545230696546 0.70990386558700668829 0.40888506274403085827 -0.81465835376200834705 0.4112721387483813662 0.58034518503287757518 0.57992045721389318125 0.57174446172569182156
-4.1478889304309669583 -5.2061035344554058568 -0.88878591261964923209 -0.40379433440375628317 -0.00090906649098709130241 -0.91484933683180746922 -0.90431113887503744575 0.15174508999114291741 0.39899222018738655926 0.13846118448832187009 0.98841924367231071002 -0.062095886565822336345
-6.2622091407821844911 1.4801548866050837638 -2.8891416453730642822 0.91393437913214681245 0.0082763806545006774612 -0.40577758952850190299 -0.16506110169197366067 0.92095460965532849329 -0.35298362520500620176 0.3707813147241414975 0.38958196631501262885 0.84305818789316078199
-4.8977168853606656285 -5.063205916128982409 6.2567525154497678486 -0.29609672248406393447 -0.000873108376881907562 0.95515756219385561376 0.025223801091115785611 -0.99965797822504787185 0.0069055361522868206198 0.95482484822745283815 0.026137410981113010089 0.29601747406946038454
-0.9714384509338902518 3.6091536878270771282 2.4063313101814491901 0.89421831502192239416 -0.00086084414924879858189 0.44763027603903121632 0.006732469477704179639 -0.99985917617718433892 -0.015372106853668269719 0.447580472020559339 0.016759676659744416477 -0.89408659217330410662
-3.070027791959212049 5.4433390607515850235 -1.3972524151907055323 -0.97334578396178383919 0.00038870120318832595066 -0.22934217613687610249 0.1130809676871943753 -0.86917731928667707475 -0.481397426649355753 -0.19952613761302864792 -0.49450039084825958557 0.84596612453471975446
-4.6215285049378893589 4.7558383694152963628 -5.3725948905075879836 -0.97568241013605161438 0.010263443906447214729 0.21894861559343839486 -0.20121517411864206504 -0.43808885040087869323 -0.87612248736058861986 0.086926913297987976059 -0.89887308385202979721 0.42950074606552651746
-5.8950480230614239474 1.3070023499712593029 1.7931091046505682751 0.99972792071090355037 -0.0097877961163605458478 0.021172708806615037069 0.017473437378126073505 0.91555637807627776592 -0.40180990225468615762 -0.015451975188276487888 0.40207053810357373802 0.9154783005903046611
-1.8953898363561243468 6.3843103305800870118 1.1933484009129708969 -0.97201390186993297249 0.0065183407319365626459 -0.23483288910567090557 -0.19844577392323731191 -0.55777585410412355849 0.80591896080845115691 -0.12573086090375368284 0.82996602810754771529 0.54345942148779902148
-3.1627819851112528582 6.9427981222049686139 7.4318350250507938526 0.62603892554618678634 -0.0031256096822721698633 -0.77978554376523157021 0.737446383466819122 -0.32267529134225053644 0.59334095414784038258 -0.25347207975014685033 -0.94650456254654957711 -0.19970232313588370809
4.5506967306981778165 -1.6839284963202223455 -4.934540058269135443 0.81122215771225747449 -0.011700574097081809649 -0.58462099466446582063 0.00087254653354858734138 0.99982289014215186551 -0.018799654526129343929 0.58473741927395017637 0.014740587286577476467 0.81108869156663776501
-5.0366501661845610727 7.1253983877258839641 -7.4543446080505022522 0.92044935863926957698 0.0053172002999168251069 -0.39082567157439318528 -0.38620447102171662213 0.16627143323156448607 -0.90730365206687046964 0.06015882930546353341 0.98606568638802827298 0.15509796060719679978
-1.899887719675992237 -1.4421526319688096063 -6.809807661079354979 -0.91759097497927699649 0.0043576376660982608924 0.39750196682598748499 0.39426475367946983708 -0.11784303588435779409 0.91141007395114170819 0.050814433408287298932 0.99302267340055394573 0.10641364325062355189
-6.0853056411855481755 -2.6484809175384271818 7.3471110346505703603 -0.90270534559331694346 -0.0074962573042532901907 0.43019398550385318236 -0.23193075296223925053 -0.83366879211252653548 -0.50120302362235169547 0.36239644709581125825 -0.55221386362909974377 0.75081866249336293162
0.97994654826471994102 -5.7175688290385879853 4.5619495506259646334 0.96322921761619550995 -0.0023130978384316028609 -0.26867103287979515747 -0.20336685360163131442 0.64722027612637877958 -0.73467532762921206047 0.17558871599992709189 0.76229952364493591688 0.62295107276912153882
6.076830435285147658 3.8673743656935002377 -6.9562267354599764957 0.79495613162113898387 -0.0033447758252509590671 0.6066576969531549679 0.52073183343655049526 -0.50929672587289853691 -0.68516801053524634124 0.31126051218170341928 0.86058448596872560987 -0.40312682379941616739
7.3384905864204670323 -5.6414324355327121197 -3.306689176109945727 -0.70397310262279932935 -0.0037857940890927113849 0.71021654341952866751 -0.70499184219753330272 -0.1174628304121850958 -0.69942046431772686432 0.086071907255223373268 -0.9930700636081191135 0.080021719219057582673
-6.4277367444391968476 -5.2519785495437334433 4.9276803254105878693 -0.90877659654934683786 -0.00010616920398794419105 -0.41728298107155048502 -0.40959548095980408133 -0.19083889932319861304 0.89208298744142666692 -0.079728536554687062798 0.98162136449503012425 0.17338643899006228599
2.6708886257730584113 -1.6886978410901387626 -2.8888144701118987356 -0.77639705950738602258 -0.0083748103285693955428 0.63018843891357756437 -0.54793038170187124969 0.50304545606148987069 -0.66836933348557514556 -0.31141596426054901636 -0.86421937706109319688 -0.39515182590470920854
0.54494804413257835751 5.9466206770831524508 -1.8596022926790234386 -0.85148015472387839075 1.5672432419412771903e-05 -0.52438682846339068622 -0.51078495851243022052 -0.22630873838559079081 0.82938717200580058808 -0.11866032306118004525 0.97405562196660200325 0.19270540481868264626
-4.7224159932908200688 -4.0859689438278357088 -5.1330524923558753514 -0.97458170580864778021 0.00042475499162099653039 -0.22403195818062396349 0.037580927924512848304 -0.98551821863692723458 -0.16535269756194817536 -0.22085781072762647459 -0.16956904292308946913 0.96045206393804305467
1.4946394227342061356 5.9446021809536082614 3.247809047293828133 -0.97974013923804326165 -0.0088936350965046553907 0.20007539284102338062 -0.049345406372069307299 0.97893442037504418973 -0.1981222639557165266 -0.19409866160203070873 -0.2039811360389013617 -0.9595402053611460369
-6.1934259672988298817 -6.2626517365588378894 5.7966354720697266245 0.97684152135442381404 0.0083068156322043586876 -0.21380280393899744884 -0.21390985737367609887 0.015412933439810264785 -0.97673180269776294082 -0.0048182026207555629996 0.99984670739909398129 0.016832903096999890513
-5.7047330162855764968 -5.0051390076921249417 -3.264245378746202686 -0.66715007184143426677 0.0032676500122094387368 0.74491617253571773549 0.12116822245606720387 0.98714892962197753334 0.1041885435784466879 -0.73500275068114517829 0.15976956283834692352 -0.65897241465917510972
-4.7877185668229937932 2.058983699790662758 6.0047445033826090111 0.94635136440586375972 -0.017992752883627942395 0.32263811915368317829 0.29630502674177328082 0.4466846558286793889 -0.84420148624290280992 -0.12892798848541173196 0.89451052486309767797 0.42805197662699340233
4.792168531493140371 6.7482413895042725471 -4.0228618601251682207 -0.532322837444689001 -0.013249432681908921913 0.84643774092862922309 0.59111537887689569182 -0.72156343112112886207 0.36045641029642822017 0.60598267763196389524 0.69222154502893562533 0.39193663647049115095
-0.31376251842559821359 6.3586398959820291665 4.8476346292387431092 0.95513741130104778954 0.0011398538489980460445 -0.29616081149649975401 0.29596039452972977557 -0.040656635251953295029 0.95433457596370363518 -0.010953100149264266214 -0.99917252701574710283 -0.039170024941667241913
1.3455990709294918251 -7.4025614067589602385 -1.5952064153441978256 0.982777717575845422 -0.00052982961876665737692 -0.18479090106721121622 0.16395847881475880681 -0.45876524344583730075 0.87329952973245439374 -0.085238342671528063987 -0.88855735362818988321 -0.45077738879847062403
1.2487430668586287918 6.3371228825787779826 5.5127589560131005086 -0.9992058975797942777 -0.0090186367474076132439 0.038810287721613906387 -0.032200098976988181243 0.75647131853424676162 -0.65323372376271715556 -0.023467591859604834681 -0.65396468438770527509 -0.75616100382534057189
5.0828097446752957822 -0.89687759183093385129 -3.1139115599994675598 0.81067844910467912189 -0.0048856439118451413378 -0.58547124834697650275 0.58532789463058154666 -0.016884617797153375629 0.81062085184701782037 -0.013845863089180072969 -0.99984550814886918868 -0.010828292104703001256
2.1882144239564444987 3.5829494649542215079 -5.516382608566973822 0.9846955404611014151 -0.011662385669144043066 0.17389272945276137983 -0.12483709480030233396 -0.74343838940876783017 0.65705027274565286355 0.1216157570295221535 -0.66870273658317769261 -0.7335163650037956895
5.8986684515927212402 6.8067737674617969645 -3.7632441843983808205 -0.64547934805770945665 0.0031084409179359135528 0.76377139827689466411 0.072281769963721681505 0.9957521963179455371 0.057034281435317517317 -0.76034975962495021662 0.092021199312953827487 -0.64296216211776635596
-1.8784709063964453168 -7.1032815999892360281 2.6238087745297016262 0.98530578457678041904 -0.016585712894930756955 0.16999242632329700231 0.085759002110804352648 -0.81267986919628709686 -0.57636518264025571323 0.1477088502307000728 0.58247432933203535654 -0.79931580194103668546
6.2251460649083600885 7.0433827061330287478 -6.5797611986509494386 0.56104692037599857013 0.005810837286609861832 0.82776360593260511767 -0.52487276967197105115 -0.77075960394360276684 0.36116230227644463557 0.64010540444017138828 -0.63709957392758354011 -0.42938235188206547166
-4.1309595619925651988 4.8955227325661621052 -3.5384326202266396244 -0.9996418285222671285 -0.00055879182477219443981 -0.026756352896707372158 -0.02115804173232181673 -0.59570475276416223753 0.80292476908138288305 -0.016387554384094549925 0.80320329636145271213 0.5954795653716796755
1.0079302006744801368 3.0357846302609727829 1.0693465610267305355 -0.80369442282705461089 0.0044474980474020538862 -0.59502562505992140363 0.22372805235609904972 -0.92434056124759089723 -0.30909591621587700905 -0.55138102370846708844 -0.38154258817795322356 0.74189232379148539742
2.6981656072584208061 -0.60499630977174401192 4.9621572954970796232 0.99742083141999282603 0.0029662522346390173683 0.071713920526122645893 -0.059728758350270992616 -0.51975401033968593456 0.85222546556740830237 0.039801513482315004078 -0.85431081585296164693 -0.51823630656395225369
3.914184866954420805 6.5231405537010855866 -2.2925571097557813083 0.99430297722248539571 0.00091301126462060757522 -0.10658684673491289341 0.067894314556019547124 -0.77629137944463932897 0.62670731306640448111 -0.082170259446092644429 -0.63037358812883148573 -0.77193081804800400825
4.1886097493060781005 -4.5676980733874827934 -2.7253644815117810118 -0.97824291206771729623 0.0051793702168141317332 -0.20739811742985472809 0.15091302645899362656 0.70374151528211426054 -0.69424285240344985048 0.14235892467382527116 -0.71043722720067148391 -0.68921178368714397511
-1.6970024960854486196 6.298285783978998964 -2.7188343108953154648 -0.96379199320082786784 -0.0015240810660838580506 -0.26665084102430203217 0.11696876562166050317 -0.90105881712471991296 -0.41762580853055686347 -0.23963159581113996355 -0.43369423014232050262 0.8686115432287321303
-0.23831629284773542254 -4.1267779524685099801 0.083789111338932700801 0.99664481250432257475 -0.0030806473196252448336 -0.081790141950741149235 0.0098481460331250290918 0.99654502233145569878 0.082468372640939605067 0.08125350286564650415 -0.082997157050330477857 0.99323176559835180122
2.9027877369403083385 -2.224390216387993835 5.3072547856869451977 -0.29200873769754848164 0.006811712910154674866 0.95639139355999647218 0.88431104223128287334 0.382829514099633339 0.2672742855609052115 -0.36431425678412682201 0.92379389676568379741 -0.11781323610847238559
4.2654192427805392995 -2.467193191478290526 0.16278556194281013081 -0.87034432890698987251 0.0028403041516117640344 -0.49243545953938011595 -0.27584524258711740075 -0.83118534860789328178 0.48274249699152460558 -0.40793400358574305464 0.55598817337409911499 0.72420093881918234935
-7.2707254455938352677 2.751149771409006739 2.0640669430744948976 -0.99883322828856124787 0.003655034702924992232 0.048154156497428851624 0.043570495667733737111 -0.36183945454395094465 0.9312216820083991653 0.020827721284950286018 0.93223325935981482537 0.36125801883060409958
1.1597638933045339993 -2.4940681334511056733 4.1515269365402245327 0.87853603454618545143 -0.0015742481337439086231 -0.47767348444999663259 0.12160000209986573938 -0.96631314442579252511 0.22683109663206441065 -0.46193925519825734805 -0.25736438885910473129 -0.84874948945730122052
5.2236996410341758335 3.0204894905391634907 5.8869659081516312327 0.97927793258269002497 0.0010032001679972299413 0.20251845433447007716 0.15799195524158340942 0.62182977912584580515 -0.76705036853603802971 -0.12670151078627128749 0.78315178565947074496 0.60878568296466994969
-1.9544599138620870615 -2.3587754648340837349 -6.0681508242060697711 -0.79729522645595785058 0.001797700912859803539 -0.60358685385099963838 0.26635231485141530605 -0.89631734602592771921 -0.35450198812753946909 -0.54164265548755652357 -0.44340949864036316441 0.714150719576705173
-5.3143343146246717623 -5.8138727238681306986 -4.7340337755304746636 -0.74393059097512725941 -0.0044627997302425512563 0.66824199151964047694 0.47192337908350306952 -0.71150459753496519966 0.52062417535214944309 0.47313380780278335713 0.70266726912898935797 0.53141613525453956779
-2.951276169549854167 -2.3784647815456994024 -4.607605148944716511 -0.84682539250241506412 0.0023135157036937034972 0.53186596268069341598 -0.21821265172157000567 0.91044259597090193559 -0.35139367961092854431 -0.48504638256752324876 -0.41362897273634047224 -0.77048107028744627911
-3.7794533811426656023 -1.1844638977235182331 3.1167228538191618092 -0.99630583539846795382 0.00051181708140600121193 -0.085874445524153020237 0.074506632670212763481 -0.49208910266884819951 -0.86735060772615202307 -0.042701803696866325044 -0.87054468758245129312 0.49023311075759584687
-5.5083561615772005382 -1.02850207666841853 -0.60279683006752848851 -0.98277034695137766018 -0.0011638928780249736122 0.18482719092833985175 0.17108489137558544058 -0.38415184599352641959 0.9072801767716937027 0.069945729648826032721 0.92326919399119466991 0.37773216745561571939
-0.042004590526717587584 -4.7054825980252301676 4.9474151231507494941 -0.98024426151546750763 -0.004529421992362296992 0.19773889880929279572 -0.19770352290262793726 -0.0072528995188832299373 -0.98023502920493565949 0.0058740784629737153796 -0.99996343922415409367 0.0062141304481071989174
-3.3577952633220973233 5.6525397593300406029 4.6115533304720868202 0.57218594354737739582 -0.0019698218288276836407 0.82012155550790266645 0.58958618965653475374 0.69610062497859614972 -0.40967309512658656168 -0.5700801443420430159 0.71794152944813915962 0.39946037265369505054
-2.1070225304140040024 -6.0152269020330697558 -2.6443427295862522719 -0.022205828538058101917 -0.0014227766913627484628 -0.99975240779178808914 0.76424594570882442568 -0.64472497600119160754 -0.016057390447836224212 -0.64454250103977495101 -0.76441329202646746133 0.015404003589317642742
4.2964975926224608926 4.5477128393677750395 5.6645411012080728597 0.41291087501446521735 0.0091761794706900975949 0.91072520939363643677 -0.15081280941158711761 0.98683383587082118549 0.058433525461850648053 -0.89819825529350949544 -0.16147686555929746666 0.40885830806900952394
-5.4115943300768218904 -2.2867695204547091592 0.82626763824530247149 0.92463889593660464339 -0.0091208839046161716696 -0.38073576348671422931 -0.13629982167681695127 -0.94142188766253021015 -0.30845937826662606085 -0.3556195589838472837 0.33710775563098066554 -0.87171846966867461148
1.8663030016175954362 -1.3697094593815566377 5.7325487900857288182 0.82629849894659690435 0.00075823390376223440482 -0.56323193776620339435 -0.5045513686630247463 -0.44343278660467200236 -0.74080718148798463396 -0.25031721278962221211 0.89630730714709416773 -0.36602527800128636937
5.84216575831464624 0.22495067355937106712 -2.9221926615756270706 -0.99940531142885757898 0.011620347019619135798 0.032465227903923678243 0.028564521991998877842 0.8063902267646090305 0.59069355021182534671 -0.019315578455687931747 0.59126962522496517849 -0.80624260537088965339
-1.3297975206030987483 0.63975250200823585711 1.4726713379396048076 0.78464815909716312259 0.0047292088339400293814 -0.61992330252162164417 -0.17465796647325915192 -0.95777854802231210396 -0.22837435866546235141 -0.59482927060875345759 0.28746806349966325111 -0.75069318053043021521
-2.9336513382725515342 3.1477322814489379077 -3.3976513833612296267 -0.50819155898296397567 -0.0081097700895180271918 0.86120588189329982942 0.51533047825141731213 -0.80405822411006699912 0.29652128157377755091 0.69005495256802507065 0.59449525134348824018 0.41279481412225638159
3.2989821042050393451 -7.1775950940391988198 -7.0698233218671431288 -0.98267920980335110581 -0.0031718691159798896584 -0.18528764089005805848 0.12064325908021106271 0.7480012180722404036 -0.6526403157949778322 0.14066547074107760285 -0.66368977467547773941 -0.73466258127956884927
-6.5100466686910438696 0.1551472657483268236 -0.93713876390270733907 0.90384656434817323145 0.001774916005261801058 -0.42785305630471109906 0.27728933976495029334 0.7591278496985762736 0.58892744023776189 0.32584046735912930437 -0.65093913500839850617 0.68564293356374683697
-6.4544778983032244923 -2.6831552266957769959 5.3766748076985511062 0.9887232574356267234 0.0072300530429169644273 -0.14957956591378968048 0.14467143355426131945 0.21190437692515182166 0.96652300094370202643 0.038684577279710544162 -0.97726366011068255268 0.208468803679895065
-4.9497777419816202382 3.5945359966804382168 -2.2353798362278625156 0.98941442719284855567 -0.00046164753128553285416 -0.14511677416588353307 0.055227283203779425902 0.92594553394589285134 0.37359712974765807436 0.13419775874688946726 -0.37765679531461721075 0.91616936561968287389
-1.5976025750551043902 -7.0912524600719804013 -3.9290097745171821408 0.99998038958890878014 -0.0061075096500319992626 -0.0013851944062373729161 -0.0015358900644614256054 -0.024738578274717676342 -0.99969277469965467375 0.0060713655283433807727 0.99967529781954311829 -0.024747473604516588563
-0.65643843899777731821 -7.1220044082772622218 -5.1097117706690937666 0.99957138254488264728 0.0023743805646274686316 0.029178990972627570633 0.023912110468164445021 0.50880561927825329605 -0.86054927387329438471 -0.016889706042543896347 0.86087815868900174898 0.50853075985818041449
-3.8486552218793801394 -2.022557195925050344 5.800729416209564171 0.90818466912291240245 -0.0033062054435105160677 -0.41855665778428963186 0.36904692105920144929 0.47814736074361208207 0.79698147498588256532 0.19749677675025656409 -0.87827340300126666151 0.4354662475482288797
5.5441104921377979409 -5.7755734498502251384 -6.019915170984703856 0.99255200177119984328 -0.00069908344112835896743 -0.12181968257352331075 -0.057081620540759853144 -0.88608231005825521809 -0.45999981347642709961 -0.10762068749273293045 0.46352740057548547092 -0.87952267539810624619
-1.541270373217819456 -6.2749918072144525993 -7.195550871132754267 0.97882596366655583164 -0.013459991122081706866 0.20425122151680472071 0.075363883799511338646 0.95144059785140377983 -0.2984645268348424807 -0.19031557443039864852 0.30753799342372994952 0.93230915727033236706
3.1136424976918313234 -6.4108209701965401806 2.3996651888801516783 0.89482059517874745769 -0.0010489196400589890362 -0.44642468817430303041 0.087327931261242913719 -0.98026664221146220246 0.17734469991834769798 -0.43780125041572720557 -0.19767703441497422312 -0.87707118023524910377
1.0076781551777396206 7.0630181939437663985 -6.4925096857471764622 -0.84518926965834484388 -0.0047867316600786920244 -0.53444568073327791691 -0.51792843486394768426 -0.23949669155862512993 0.82121341385294199799 -0.13192890060124753959 0.97088538042994598776 0.19994084938725206757
6.3942074351568356505 1.6280570407937602351 -5.2548900935745557206 -0.97904897005357849338 0.0072759975239661545121 -0.2034948994374775888 0.20362194345231607318 0.040400511900263551268 -0.97821567293852629277 0.0011038032922197555438 -0.99915707398691555596 -0.041035632321961772184
4.9502848123864096053 -3.8674725586208644756 -6.4584210414113742971 0.92301098774711864969 -0.00099446878161514595806 -0.38477230608497642317 -0.13749166389604861038 0.93312212307765329822 -0.33223357112474038999 0.35936994707019098705 0.35955822123130642964 0.86114524134300185487
2.9502764331126840602 -4.5013495389188848961 -6.082571604407246646 0.88304696809397520418 -0.004943767663073631545 -0.46925857616183791476 -0.13271546507866358033 0.95649373971862361454 -0.25981980526504178108 0.45012737915961947843 0.2917109614676078877 0.84397278243474926906
6.5734118510894452569 -0.85203930787311032979 6.8749661686888563494 0.97100630064474680037 -0.0041495898447598779032 0.23901787592652920522 -0.19052999276050505695 0.59043220717349054194 0.78427554506751695484 -0.14437827387445748006 -0.80707656987198916898 0.57252277194590128762
-3.9509524512598841461 2.2076987213215573114 -0.34373096279029408118 -0.83934991999278818486 0.0094780506680738133007 -0.54350885766800838272 0.54224658407114711967 0.084888167665663968875 -0.83592023605933707397 0.038214576685668820433 -0.99634540473969313013 -0.076390317336920574021
-5.2649481969439211326 -1.4167771034548697351 1.8655880230751391569 -0.92804967951242556268 -0.00014946848705426826753 -0.37245640015440273363 0.26679941030367809729 -0.69803473389567438634 -0.66450401423678628898 -0.25988818175991090786 -0.71606388537216536516 0.64785078918468830267
2.2592495703282522435 0.26331921192180723912 -3.3916258865357788999 0.97013291247610844437 -0.0016114194386973208772 -0.2425686201016147292 -0.24230630032461092371 0.040526516610550095132 -0.96935301014357433402 0.011392495495311481812 0.99917716385972110693 0.038925650509468188998
3.0283035375881017792 6.5529656485013045852 -6.3202573900515233163 -0.99094046712118344367 0.005422782719911138638 -0.13419233975690347815 -0.030139250939235320836 -0.98267834616579219364 0.18285210835458279299 -0.13087633924694611065 0.18524001026902228717 0.97393917798847995382
-1.1366936590732974466 2.0920117359365084653 2.4517151760661506366 -0.86161564764545350847 -0.010939521108418103282 -0.50744339843018737568 0.42629595612258608384 0.52703250056560868586 -0.73519283262354939712 0.27548182068145748991 -0.84977471733719112112 -0.44943597569463134001
1.6522325141759979239 2.3825399784495262523 -0.27208644428838607565 -0.99821919670453762574 0.0061913007198166197798 -0.059330456983348170419 -0.052524670075468987696 -0.56269398631805389588 0.82499493137524015918 -0.028277099637547604971 0.82664209036127989094 0.56201713504057382309
1.5000760264385337717 2.5417540126508924025 -1.4605548284154949989 0.9571751501076657398 -0.0037579276167664680749 -0.28948507732921513469 0.26087602947395671649 -0.42238600972053508276 0.86806322122197765445 -0.12553656543891711372 -0.9064082616418158711 -0.40331703902195475964
-7.2831722709629795887 -2.348954608961907109 -6.2765401377902350077 -0.30990101402390329843 -0.016553285405737690889 -0.95062471577872731388 0.94259218737544181455 -0.13619598369914473479 -0.3049108432363330512 -0.12442399208280005563 -0.99054360972473065594 0.057810270953189732412
3.8950368049308372598 6.7759592351709727609 7.4105464895177153295 -0.78104406238547163799 -0.0050444461716291546377 -0.62445554379407641754 0.24581540130825391133 -0.92172046350854275332 -0.30001029253895589166 -0.57406006749476290452 -0.38782204773900808004 0.72114429776263100358
-4.3463578290631925682 -4.2905305662216433049 6.57505150068052302 0.41775411942599666171 0.0063088778262617405124 -0.90853821810818558014 0.89329396473285926916 -0.18539311530120031191 0.40945730591928608533 -0.1658535145071215744 -0.98264418324209668043 -0.083084420116768878395
1.8497891528412764295 -6.0491189716195972181 -2.7792100630850962162 0.96371823136783374419 -0.0057940661334264353249 -0.26685876288218096652 0.13045125841018404 -0.86200853936229315799 0.48982011723234919476 -0.23287258256088810837 -0.5068606385033330719 -0.8299775017598538529
2.4966505548244333212 -3.7223092889222577639 -4.9546533276028172921 0.94080845328431061958 0.00091943643424579430887 -0.33893747043587274526 -0.30189108639825457114 -0.45232616738378367272 -0.83920367626297198704 -0.15408188142064918602 0.89185211382637741284 -0.42527471225228868912
-2.5658455819338308324 3.1016768336889901647 -5.2503213434237876456 0.95037447332040658754 -0.0067549548405979311858 -0.31103493541077292805 0.12391355637953396784 -0.90882129578263370906 0.39835823435378370228 -0.285366064917112916 -0.41713094217186486024 -0.86288352984432703519
2.2134243532445689873 -3.5233169286867820347 0.20978669826758414296 0.98008977561984755855 0.0080714469906648135533 0.19839073433187587314 0.02379707215643039192 -0.99674628167402268275 -0.077010059900661287369 0.19712364414764904641 0.08019789094858184586 -0.97709291636230566347
-5.0206618464680028424 6.8250311613781331488 0.30335175443462636391 -0.86184434384734098789 0.0018049236782901982579 0.50716966513058925337 -0.20703924449983407419 -0.91412887008726140259 -0.3485730341117541653 0.46298928520552323773 -0.40541972216880839408 0.78821048626698886341
0.66353353085489052976 3.7883356317516203582 1.7430136636169437647 -0.99186601893430836885 0.00094063898057299361391 -0.12728281770051946831 0.12685404617894632806 0.089644669181386971157 -0.98786228000432307894 0.010481004317183410107 -0.99597336735765118476 -0.089034825000305267695
-0.43085074155485680869 6.9834902559550240397 -4.3374014107291420927 -0.9944907567141486604 -0.0043664518161133283186 -0.10473332281911369723 0.10178818492696826981 0.19849977012496389239 -0.97480100875500608204 0.025045962139066884483 -0.98009120767347568393 -0.1969617333941762749
6.6421359594778399682 5.2033100924599349213 0.19214720173685342908 -0.99998694805274701558 0.004730197101532262853 0.0019310514063350416036 -0.0021604916976376425941 -0.048990630368261664507 -0.99879690148279753892 -0.0046299027827428071782 -0.9987880372589191813 0.049000210496717364062
0.51494558911380106103 -5.2391136759736260942 1.7440576678065859983 -0.96537843808743628582 -0.007982471270454122303 0.2607311861444794876 -0.25777857298374962092 0.18220964105778481024 -0.94886766939131683696 -0.039933426929618903722 -0.98322730172532712967 -0.17795896874175004543
-2.2346776388236229138 -3.4304583687121801283 -4.3949575483967020517 0.97538447558806362636 0.0039027264742794338936 0.22047651464017381517 0.15464715439328641233 0.70063564571486325327 -0.69655864763254671246 -0.15719218307488577735 0.7135085568370720388 0.682785586330270311
1.5333198201403259731 -5.0286547719929739486 6.2856432809911373383 -0.78970754076307236868 0.0081021822901387631488 0.61342999168936118703 0.6128544821064590975 0.055687185551219986479 0.78823113433007874207 -0.027773797432820740427 0.99841539051011773953 -0.048942049085034362854
7.2854556652418809293 2.7165859445344735512 -6.7388007745707945162 0.99935564499391904558 0.0070899289022081654968 0.035185618182054095859 -0.024861719651806758746 -0.57031342726332368009 0.82105084469790601265 0.025888022609860488615 -0.82139657145094246982 -0.56976967512676024441
4.8256113022019233583 -3.6473398327932700091 0.56761008478267749311 0.99108156498444111016 0.01102596409210007504 0.1327996975288589232 0.094706227618827937276 -0.75935832793908353278 -0.64374347393956543595 0.093744663838152247903 0.65057924798241884012 -0.75363026750285155853
6.0666610550698703008 1.9004073412575133162 0.50537823269918780156 -0.86958555706727025392 -0.0045322160840032578444 0.49376149906343586027 -0.32959837132696129247 -0.73925314996342617047 -0.58725607181859285078 0.36767631492743940713 -0.67341238426878180512 0.64135005118488785936
5.0308661370665124224 5.0390837657397611338 7.4256221845782812707 0.99309033744846553216 0.0020789952022909809898 -0.11733396543810320489 0.11147088093111168217 0.29584884989611404116 0.94870843820404515689 0.036685479019996185268 -0.95523250352679345276 0.29357288675037895853
6.8275260676525997283 -3.6314807825965615962 2.1506848921225709681 0.9935223342201714436 -0.00027263969312952965936 0.11363668894006177801 -0.05370214257309827155 -0.88241377577301582935 0.46739919577275290674 0.10014714818058688406 -0.47047407366783727811 -0.87671243558982137056
-0.80041206236998396761 -3.4154852022017885282 2.1669924666448183714 0.81520531288809616743 -0.0041136925333354439072 0.57915747027270747527 0.36472507345938026679 -0.77314396516981276353 -0.51886802745169802176 0.44990656655468486136 0.63421722355625309575 -0.62877070122238110095
-3.7183266054096129061 -7.4096871115310865008 5.4096165077728901593 -0.91360249562390849487 0.0013383417087455672795 -0.40660630692500265848 0.095094025427904030345 0.9729655917308198676 -0.21046397229895402736 0.39533227330651832254 -0.23094624082107076402 -0.88903106106199347725
5.5861766032168862495 -2.4073448953734555289 1.5569391897447868445 0.97273866131464670204 0.0033819573612047307276 0.23187940647677343642 -0.22525996092133451776 0.25140862887559944916 0.9413031665369612222 -0.055113036473589678554 -0.96787512814987819443 0.24531671267836677175
-4.4648738797677616219 -7.4120833501537877197 4.198659158549184589 0.99994099771256106379 0.00058612578801439663145 0.010847006503818212159 0.010416701664542579384 0.23148939552103389716 -0.97278165694451046441 -0.0030811393940182387093 0.97283725063232406871 0.23146963161963157729
5.2860460695394300146 0.29169611239339460207 -6.1540972171393510948 -0.79935145417875497209 -0.0051269886029498227403 0.60084188160469753637 -0.57198916479220462961 -0.29976544875297983506 -0.76352411297501099341 0.18402621569416668934 -0.95399915603827167843 0.23668536544435811453
5.3938217793657274868 -2.5511949853498521179 6.2115047966959489045 -0.97295612236159467745 -0.0042111471240579333511 0.2309516187406584764 -0.19501968525238214114 0.55079270487746212481 -0.81153848868537459271 -0.12378895880930090856 -0.83463145309395403437 -0.53671839094937112691
-6.395401256764417397 -3.9566720546784979184 3.4998562314443248944 0.86163346481227054419 0.0099410821760546677628 0.50743368749111517069 -0.32100405003100146439 0.78510114230120742196 0.5296910384563741081 -0.39312106555019121767 -0.61928779355200147538 0.67966054510923668008
-3.46478784579271748 -4.0836255294186498688 -6.0503866913503401292 -0.99253612645415567606 -0.0060516351489664230515 0.1218007200117222355 -0.10834020393366698698 -0.41476491887293565064 -0.90345584412514323702 0.055986050896149344713 -0.90990847879571346013 0.41101353058101885996
-3.8566999783367497123 5.7898376802103994621 2.0012221239661975858 0.94605672714013355762 -0.0042183154177440358029 -0.32397357121819958525 -0.13791068402467393517 0.89956892530646170858 -0.41443502730220477259 0.29318477495381795039 0.43675846235445087151 0.8504614825477337936
-3.7630725559293765059 -5.0192247274660397593 -5.5484198192753604317 0.33810595385968900128 -0.0076298612089557970445 -0.94107712180393676693 0.076187026546354494339 0.99690694014830794067 0.01928962597224237463 0.93801913677212145348 -0.078219805049994581281 0.3376414683466388289
-6.6522513438882038272 -4.3623683260759644753 6.4283937631562171333 0.97564908896229818325 -0.010855419471928527339 0.21906851685036582422 0.17562505953657164826 0.63698473875300343217 -0.75060394420661391557 -0.13139518130332367152 0.77079997565122115866 0.62338006373839149887
-3.9047688690903044062 3.4678366989252493724 5.9002974369597520621 0.95466431977800048081 0.0099634866070389023485 0.29751767254645056227 -0.29766221220737826281 0.019731924406735025512 0.9544673166656691965 0.0036392261021654477224 -0.99975566019592121414 0.021803117656364716381
6.975759529879305143e-05 -4.3188111689597539211 7.0342097423529841294 0.79838214502605497902 -0.0032591529781684069195 0.60214228254234614113 0.43523447151238864317 0.6941711565899073566 -0.57332134110462940058 -0.41612126274786265245 0.71980260021795727798 0.55563235273754607579
-1.9088499955460114244 -0.19705922889186289204 -0.17517554275430505251 -0.94092382567391985582 0.0031382927243571341613 0.33860375868844017067 -0.27801101827496765839 0.56372116598099419882 -0.77777138076861795923 -0.19331897991878899123 -0.82595919883714696841 -0.52954619615221976137
6.839454848979968915 0.71179691245474052685 -1.8413320937600465843 0.66034592520514123759 -0.0057641510882463428689 -0.75093943406058016876 -0.74765781265530451005 0.088649101275008482248 -0.65814066279072169774 0.070363728159011748597 0.99604623959205840222 0.054229460205654118898
-6.4502303265068849925 6.2850258911290861619 -0.70922723360307926566 -0.99445829586420997348 -0.0073467350960380170197 -0.10487479807116038832 0.017926401743944150868 -0.99479610671637330732 -0.10029631190819873754 -0.10359219037911431005 -0.10162052718468492229 0.98941494154227005442
5.7547017031535991904 4.8658668375356226576 -6.7591988452945708232 -0.96426386188903978613 -0.0061336638072078796674 0.264872767235398765 -0.22590515996952609257 -0.50330305498791183538 -0.83405808762873367979 0.1384271048379375757 -0.86408819747068521533 0.48393132119970627691
-3.1363822588654861612 -3.5231578771683036422 -7.4707317283160747934 -0.76778657841815256546 -0.0038417216947824596278 -0.64069416352529562353 -0.0014464703639302401578 0.9999898684034300711 -0.0042627237705494787703 0.64070404846890283146 -0.0023461169787348337169 -0.76778435645088372041
-1.7947303800142608843 1.7258326978039304489 6.865872421936657588 0.95805558975941618183 -0.0063732709355297702952 -0.28651155011328571787 0.28561537978426093654 -0.060827372518238699561 0.95641198527799420326 -0.023523217497741149423 -0.99812795380664520728 -0.056455700052812474166
-2.3076615890100202755 4.5581089000921348742 -1.8504902876834989911 0.97689678262158763378 -0.0059253384846287360591 0.21362950748285031155 0.096900255993049869141 0.9032373472896141342 -0.41805817160966501911 -0.19048101346853615889 0.42910043675694448106 0.88294382532687043508
-6.4195008043028956024 6.3762630560661657242 -2.0873322965636260662 -0.86645821014204960075 0.0022476864779170727116 0.49924454727419859124 -0.38018811326365498093 -0.65110651144313269612 -0.65689977111381148145 0.32358487079982140022 -0.75898304240727287873 0.56501112619814786164
-0.95591939775502410281 5.8160160031681877868 -3.976063599552967176 0.97800020947223131884 0.00031253208632610416512 0.20860367349587910502 0.20852804496887428209 -0.028431414594598976298 -0.97760304271497633355 0.0056253652086079705338 0.99959569676343629219 -0.02787110113410556228
-3.1596058293859599075 5.3720609443902072044 7.3821608347028497832 0.88243195799779372557 0.0099211442083346392667 -0.47033542329040850527 -0.018447351363912473793 -0.99827890708599476 -0.055667934169483124229 -0.47007822192891435265 0.05779960695918913427 -0.88073019177477451791
6.8933497376518797495 -6.9276259394284220861 -5.2776910641190495355 -0.94576456519684137803 -0.0010255945377931293717 0.32485125115035301535 -0.32353247791791445165 -0.0870960583110135661 -0.94220009146622218932 0.029259578779893203465 -0.99619939007330993164 0.082040552576680914054
4.2896989574667472311 -6.3109898097228782632 0.53850597873876393518 0.99795798246329081582 0.0037481980759245915949 0.063763753410478143935 0.0064897359139955710164 0.98716078216564673298 -0.1595978492395918602 -0.063543281041971350076 0.15968575755304670327 0.98512065772114409956
-6.2838697421828335621 -0.44926367834052799433 0.48011406981143417427 0.98251429670037515596 -0.0038659687073390579942 0.18614701465542807246 0.13709671708023016268 0.69148968001036426045 -0.70925771945389082251 -0.12597677145017960321 0.72237599401213437034 0.67992850824912753893
-2.8380896434716258447 -2.2225804667218240773 -1.0780826748173863994 0.94017199196811684914 0.010545192924841698123 -0.34053696484352646845 -0.31570873833828067001 -0.34878787800513716411 -0.88242563918638949882 -0.128080513957089831 0.93714236648597437629 -0.32459138448456587023
5.483389404259036759 -5.7845419195060570061 -4.6073254957400973097 0.85241957205505691775 0.0066571615861306656856 -0.52281598615289848198 0.45861726244115841311 -0.4897250857290167958 0.74151166342734431414 -0.25109974067778412232 -0.87185149114244342439 -0.42050433722400143433
-1.6019907032661147017 2.8625603090655635796 0.18519383314591023049 0.99398703924604636661 -0.00045797722668595042955 0.10949683131408134706 0.10127473066840124438 0.38404728343801369794 -0.91774240013850971742 -0.04163165549200664034 0.92331331320458520651 0.38178440371530475428
-5.5649753222243170114 -6.729921501794549954 -3.9457526394506072798 0.99103542581505854603 -0.001346393961190433218 0.13359255968410468918 -0.029765271522879055421 -0.97704096843501875291 0.21096202172593420121 0.13024136589737847491 -0.21304725584445050046 -0.96832228797355968108
3.5443516615565449079 -4.2409059405343789706 5.7142843397873326339 0.97384438598681610788 -0.0048853628303236230901 0.22716347662432245791 0.20304426359188756934 -0.43001388084229186237 -0.87969374745166484253 0.10198107130467821968 0.90280905816952516929 -0.41777465885633219278
0.61586933279144662201 -2.9982801613582048539 0.67742090816318789592 0.74683018910862342121 -0.0010552056396109120093 0.66501395111467354049 0.56287598431077534578 -0.53152615153290427852 -0.63296964897453011911 0.35414021929493549878 0.84704122495766887013 -0.39636582635241601746
0.29691705674761526002 -0.72863155454323669247 -6.0715041618760574593 0.87521440833676289461 -0.012094620375416871572 -0.48358397367743538586 0.39318131020352492522 0.60014309777749141883 0.6965893478203309952 0.28179460027885661066 -0.79980121427010930635 0.53000926492429734083
5.7428190654594732933 5.7637355505317282578 4.2846303364472673181 -0.99965643463945830227 -0.0042250462908155457867 -0.025868159341256951461 0.024950614672994135546 -0.4557417559034448451 -0.88976228215937169796 -0.0080299135302205771475 -0.89010201713614534036 0.45569059632476260902
-4.7208747460255304773 5.7706897887476094056 -2.3758194598927260266 0.830286028062988124 0.0018399425647349573754 -0.55733448324573653387 -0.4214696433662962205 0.65638697716971716734 -0.62571517156188782849 0.36467581675259258533 0.75442213038416106041 0.54576441608309778086
5.4677711775958250939 -3.8394245939557269942 -3.7002824561053837549 0.62393545656651172582 -0.0048004481178872317887 -0.78146113258247373867 0.78127253391850226549 0.026642235936447149214 0.62362121436734119229 0.017826210584629891692 -0.99963350632238812121 0.020373493907932412744
