1125 14.717824617146108679 14.977075390850430381 15.033177056927090831
-4.520069040001600591 -6.81764727094486922 0.97510088732081123819 0.80545890468499015125 0.0018631087079196116413 -0.59264870006567949012 -0.49016139776278938589 -0.56000935243503513483 -0.66793063212326719835 -0.33313324212226586019 0.8284841905620033975 -0.45015129565723666083
-1.1682199319931310111 5.8067946737863245232 -2.3396618554469470475 -0.99087369393398772033 0.005271765271119981805 -0.13469050137452012739 -0.11393807978514941537 0.50116105852677350629 0.85782032348923886733 0.072023861632595706506 0.8653379697594170139 -0.49598665450622075879
1.6172153781068159262 -7.0186437757370612189 -7.0568256682224586029 0.84466737658991064563 -0.015202350506833595817 0.53507561284706539606 0.52327868165072022322 0.23403038608261611531 -0.81939563076688781695 -0.11276721267528296011 0.97211041910324824666 0.20563289818599533865
-0.82490010683937597946 2.0960126504869966979 5.4662093376881921714 -0.073288663911475496193 -0.00010944605080013050918 0.99731076388638695285 -0.50613369534403118699 -0.86164856780458742858 -0.037288443754866812396 0.85933547243167029972 -0.50750540255441156656 0.063093677961505154062
-5.5751197551205988745 0.4930174446173010705 -0.35953934521223751553 0.79142725625643128851 0.0083845741659046568728 -0.61120585482351375006 -0.33811126983215122888 -0.82700838832896805819 -0.44915241827922752771 -0.50923832069769670028 0.56212705374283289395 -0.65168206065798517379
1.4980216303632276631 6.1380538260444712506 -5.0409807978302367815 0.97765323211110211066 0.0016965299481670630989 -0.21021721986772801127 -0.088804920234317213934 0.90969897714283520784 -0.4056617521131372639 0.19054617258021822046 0.41526484653947581815 0.88952080545855471971
-2.9642397443692831693 -2.6327717758596707043 0.37837623277874549155 0.92725697964800579687 -0.012410976850015405931 -0.37421980352153716431 -0.25875377064469740063 0.70115156847054616041 -0.66440421748249156586 0.27063070755411705592 0.71290423317931339575 0.64693629859816359495
-0.59514478081343180627 -4.4690517294351046473 -5.9225273421099569049 -0.83116437295012346453 0.013167697195123683612 -0.55587084551101462182 -0.43488442885974248897 0.60754735844320539861 0.66465159353159120048 0.34646979474963124357 0.79417430013772294384 -0.49924529274375034626
-5.0236731899494673215 7.1600113729913346106 0.89414757914907538883 0.39951995814067242652 0.0050832541861065005939 -0.91671040333039688353 -0.51909832981499748339 0.82547301000840900276 -0.2216556647843088701 0.75559296385725649436 0.56441870120909265474 0.33243165116281214733
5.0888100312768909106 3.8091784831482544682 -0.74051935570215299265 -0.9996662354261296457 0.0089710277535799305693 0.024226811798658768465 0.012728621319155199523 0.98708212628895553031 0.15970866651564835648 -0.022481102023668313172 0.15996373533377744591 -0.98686686205887086398
-5.3663776118422426009 -7.0683514140851011476 -3.3756617501009102966 -0.99990086481299422783 -0.0055139584776362198654 0.012955956474122690136 0.00030728521571708831278 0.91137012535287764692 0.4115876579662510748 -0.014077148931806783907 0.41155083632070144084 -0.91127808214713712509
-6.8468149468366004129 -7.3557195419832499539 1.3724391840329912551 0.9466427352948499907 -0.0006919205200917940158 -0.32228411837912435134 0.23684236063925159788 -0.67669645045591886312 0.69712811602106783404 -0.21857087619412449153 -0.73626179799454860575 -0.64042590273454613747
1.3588839064289683911 4.3614831753719887075 0.6298112331816106968 0.9660791515444279165 -0.012541133902728839045 -0.2579414524880643822 0.25585505618730741695 -0.089124015249851210041 0.96259809896412118491 -0.03506084959875035989 -0.99594157954485174056 -0.082892140515474305174
-2.3926181420419849744 4.3936902826069976769 -5.8127200236529574795 0.73291938400761402761 -0.0035299273912709635236 0.68030633993712852359 0.34022649449496145113 0.86785721784188873951 -0.36203560858498518016 -0.58913080804666284607 0.49680115645234207422 0.63727035232936246612
-3.3812103899134111629 -1.782057406426233559 -7.4671747907670154021 0.78924760885399825039 -0.0060354835091004244846 -0.61404542572761544594 0.61251343032258998011 0.079006295850288482674 0.7865019408052484895 0.043766535076878179678 -0.99685584622591161263 0.066052344792097816839
1.1090642286910108449 4.9938606516578101235 7.2449204861263911681 0.9950371185763242643 0.011233377379901939019 0.09886831589512243279 0.085033678344130753102 0.42001676028196704982 -0.90352376539271461731 -0.051675973165189403868 0.90744682065379600466 0.41697705150589381429
-1.4808847471956643194 -0.31201294658482642275 -5.1196618681029022468 -0.72751131321725726053 0.0040633859244405615141 -0.68608365236006940702 -0.68575642393834623789 -0.035749860851052903121 0.7269525943804076018 -0.021573506164326267109 0.99935250854942347942 0.028794921215732901393
-2.5058495609589961362 -3.9098563268089510103 -7.2874736111364777358 -0.98834569895029245057 0.0050419250546181060973 -0.15214255932569817342 -0.028856503315307483609 0.97512434225592359294 0.21977219877990553099 0.14946598804693503326 0.22160120968048807599 -0.96361445728333350313
1.3271749061311455264 -5.7671450508385921907 -3.1042059268270074668 -0.9999350846191933373 -0.007071609671192538582 -0.0089341414879298142182 -0.00066019292714115072884 -0.74682385310313070814 0.6650215760270727916 -0.011375002978749427368 0.66498430415531051274 0.7467707041216929964
-3.6036879773157437512 -7.4155923837423562972 -2.1413348637778399919 0.90236642448046022746 -0.0022479159309570597748 -0.4309637836804966482 0.20792203127312208766 0.8781814230056095294 0.43077351032642752227 0.37749604617996279643 -0.47832241758235471973 0.79290882196943024418
3.4909953078313020747 -4.2415008553594368834 7.1641664739425836572 -0.99996193311208181331 0.0041008408595867391552 0.0077016511875288452132 -0.0079899443623602517395 -0.075671770066427543333 -0.99710076923253443404 -0.003506153997795084104 -0.99712434847376762992 0.075701654967933545981
5.4152709594337578025 6.5013069768791806879 -4.8395506429663628367 -0.99891839225419731818 0.0027315687147521994574 -0.046417498298920126243 0.031213824047270213174 -0.70051513829392242361 -0.71295458355314478283 -0.03446364467558699074 -0.71363231397789972377 0.69967219298911664804
-0.25729809384997170962 -2.4521734729622015614 -4.5781807125646230006 0.98303855880072910089 0.0025005629038645921236 0.18338194866517470993 0.10426068078553864249 0.81499335215336565774 -0.57001363701935259254 -0.15088042402248796892 0.57946491104384212356 0.80090917994224375409
-5.0033383604377466014 5.6544087263286790801 -4.9187092712811475437 -0.89443673623489927671 0.0078036600032761411008 -0.44712641139178005423 0.3947591108751277722 -0.4560011386300319991 -0.79763914519610956688 -0.21011465740061968654 -0.88994497833221419825 0.40478360427116633069
2.5550906522084231298 -3.5450438380812361316 1.3758183516659725498 -0.86933167645286291147 -0.001927037245857811474 0.49422537656728499078 0.22402541533503986249 -0.89289658229778445797 0.39057432916782230947 0.44053949834216649117 0.45025768160961227027 0.77665498810736066648
0.57560723322110463052 2.5358358420448334769 4.5055629172535844873 -0.49802180547530539023 -0.00081060278967783408466 -0.8671641275987413966 0.45185503322991377173 0.85326985068349459063 -0.26030288292559161656 0.74013600791736933182 -0.52146898741695635326 -0.4245807166445957348
-3.4630367103784340799 -5.3347841329272567279 1.9054607506394245497 0.074876625294470366967 -0.0042102684140913415947 -0.99718391715097454142 -0.19193699121613011505 -0.98135352660246244483 -0.010268750066266598212 -0.97854671957318162256 0.19216537009802645009 -0.07428854654442079708
2.3711905143579019573 -5.3153676905004338948 -6.4546410589003100355 -0.99655602564266476673 0.0091688543357166391035 -0.082413711634280545359 0.079246140138390291918 -0.18733217130348259194 -0.97909484058891904645 -0.024415917519840544397 -0.98225383160615475919 0.18596040779366393436
6.3084388219699167877 4.767070407416271749 -7.0664335289513999783 0.96352486439616169545 -0.0027599071207754424101 0.26760459376322953684 -0.12820877407060932152 0.87296836758813700641 0.47062590179648033928 -0.23490922915414605421 -0.48776901511185438709 0.84077288369394842515
-5.409700827304935622 6.9316391894229436588 -1.2447483366555986972 -0.99697334533770254339 0.01604472042208032051 0.076070464916828728352 -0.031627155295051986861 0.81014357221253030517 -0.58537775448894036057 -0.071020220599727360011 -0.5860119105864549649 -0.80718409852822414763
-0.93850683579800009415 -7.0743887775544234131 -1.9649526767076725964 0.92202912242030576895 0.0087749881034066678359 -0.38702105497315281157 0.37346182710530201332 -0.28338314777311846004 0.88330077281374597131 -0.10192429103956844594 -0.95896662670912258264 -0.26456463813990704903
-2.8721863596163723642 -6.1244141112331318411 -0.015678448555194776648 0.9973953142260597593 0.0021433770499146697491 0.072097108783289884371 -0.018535409358404288105 -0.95837462893013813936 0.2849114059194441384 0.069706712445868138084 -0.28550565065843203083 -0.95583863579694616774
-7.0364276800390967992 6.9375819261642623914 6.3916855999121011678 0.98490322497751003894 -0.007012419543319378841 -0.17296376326023379932 0.17277372935557103184 -0.022043823953114369263 0.98471483601604126168 -0.010718016308320657548 -0.9997324120972477246 -0.020499471425926493739
4.5853165468828445128 -2.6210132412207385322 -0.63001085076614482539 0.82867859665901144606 -0.00062658468054575724299 0.55972438827606807443 0.32292538667673115205 -0.8162535967013669902 -0.47900862258610427125 0.45717718455660538712 0.57769340766861376757 -0.67620954493205753799
3.3744055720155339273 -0.86981624207776420121 -2.6055007838135657572 0.91231432772062537317 0.0081292284158781327741 -0.40940992059440572959 0.40936687471805049965 -0.04268335417851187169 0.91137088671937394047 -0.010066246535154636799 -0.99905557749382445376 -0.04226847240271758982
-3.0979360815478420577 6.2572465112550759159 -5.5985080195513470258 -0.99112114917022287042 0.0033446308500777177652 -0.13291982964083290386 -0.063799630947839497397 0.86511875468196175465 0.49749286164564904267 0.11665536746420754333 0.50155593281498900282 -0.85722410809529092646
1.2006231023045459416 -4.759749029334112258 -4.5962751391061171802 0.99764287303203569302 0.020283827920517038396 0.065553521745852119662 0.0593508314115836072 0.22441425834404388207 -0.97268479964604570576 -0.03444091606133972 0.97428271409107602974 0.22268142339245441952
2.1358369225940374569 -7.0808313382276928394 -5.4202818317769860812 -0.84006427081628975984 -0.0012158263165964102587 -0.5424855229996494721 0.41791019400119167049 0.63615718615341287911 -0.64857929681365200647 0.34589462361787559619 -0.77155852420396031643 -0.53390481649864995894
-3.8751631945228934839 6.6546145503103826258 -4.5734215529728841076 -0.97924301151829939993 -0.0014100377157710564102 -0.20268481982188216173 0.15019699262438379606 -0.67651550322884257405 -0.72094912254452581113 -0.13610285742471775472 -0.7364270402996871967 0.66268486214499733311
7.1172217311693817265 0.082724702343152545225 -3.0003720373130278176 -0.91411250327872006771 0.0080395881901227372879 -0.40538092748846932256 0.027608106233982507294 0.99871715380499825887 -0.042448076114236912848 0.40451962105664041047 -0.049994116827499171518 -0.91316179533692598547
-2.024060329804079128 -0.58605144680307619254 -7.3175983158776878312 -0.60217977004638911787 0.023099943935635681297 -0.79802626343818705568 0.0054535821039192883264 0.99967701624930727089 0.024821797376061854878 0.79834189605022831682 0.010595082487301300464 -0.60211125320654435011
6.2688095928283837921 -6.3013525390841298446 -2.8822515454208126329 0.87442781379165546163 -0.011666602082308000568 -0.48501534910081639529 -0.47713848071217646041 0.1603112449730628164 -0.8640828519064814861 0.087834325244719013703 0.98699756591953036189 0.13461402667543417855
4.2716365684717709783 -3.5719517486439991139 -1.371315211704235093 -0.93992046283552310726 0.0028445040107513324193 -0.34138165202607384519 -0.012016867159976633156 0.99906995348691718384 0.04141042070847441442 0.34118194331882079062 0.043024839761746438982 -0.93901211105970372461
0.7921656330639190724 4.4145238942706539476 2.9441197888305694619 -0.97561440502832830202 -0.00058082310698962837103 -0.21949076369128134312 0.053253892281090467464 0.96949064964535136557 -0.23927369936362180569 0.2129332187757002337 -0.24512760532986485607 -0.94581811224305434305
5.6044900336159404475 -5.7543806248493645228 1.9574979500863265436 0.99681696610814296555 0.0073121577589645410725 0.079388087442789578851 -0.078271879333486560348 -0.09943811926541872015 0.99196046964709749805 0.01514757355208064607 -0.99501688065370597069 -0.098549268031946302138
-6.4443688212135796789 -1.6434216607704643653 -5.690767105445813101 0.83807235158887960491 -0.0040970116087244781711 0.54554371776996302135 0.48550343763863368363 0.46170653071909573129 -0.74237018497002038586 -0.24883959802129124173 0.88702327702673655629 0.38893259116379363949
0.45001980714204659062 -2.7009423803675471909 0.48388615992278433131 -0.61203201755090497205 -0.0081719403494223512296 0.79079076175903117996 -0.78729741115633555815 0.10074419635652108462 -0.60828726214429007513 -0.074696692558018390473 -0.99487879979997206892 -0.068092421233868771768
0.16276252844077740423 5.5295022776400459819 -1.2925830529162727345 -0.91252367278692902985 -0.0044249811065110227978 0.40899995861327809177 0.28061180723874312726 -0.73428233134031761775 0.61813143547270499312 0.2975862232053861911 0.67882978530968252073 0.67129171180250102324
-5.1919429110144070805 -1.9732718637082311552 0.52900086342187657706 0.78846483523592281184 0.008939539411192951035 -0.61501486830113560877 -0.33568877363962656979 0.84410425836520197596 -0.41809215283488504467 0.51539911801310089867 0.53610454730856815786 0.66854742801569488897
-5.4946125085601318361 0.68498174764131092296 3.4093954439210119034 0.79240852122271565605 -0.0057846127237313402225 0.60996333803706681564 0.021911771446859674289 0.9995796106423101568 -0.018986212372680926624 -0.60959708805543988408 0.028410213723836223731 0.79220215222531775723
2.0538677654528214589 -4.1833577410538875796 -6.5700616856675777555 -0.99311252134098582101 0.0012305510763952962061 0.1171580372812391635 -0.070400814660320651384 0.79303415895519191459 -0.60509548670058621589 -0.093654926462633666939 -0.60917592571794665357 -0.78748552131133120469
-2.7711482809019587492 -5.0299573822834329206 -6.5944689790668995499 -0.96828755245028474974 0.014053575654797726899 -0.24944280462934276255 -0.24923511955225310932 0.015005215271314507886 0.96832675202981455254 0.017351396249536073929 0.99978864792818911145 -0.011026718560567290092
-4.4320284150187045924 -5.2506922254389305493 -4.9170449166770717753 -0.98409398040330664514 -0.0079915346273535196181 -0.17746879474534701937 0.010497107860255589298 -0.99985798692036054192 -0.0131839568493371459 -0.17733823180757055105 -0.014837161653645269607 0.98403811418738307282
-4.851331517518739922 -2.6304285612482658507 2.0905710496627962769 -0.91546360344212229787 0.0051798071660293740909 -0.40236744447125072366 -0.17952893248920459568 0.88962934191917986126 0.41991546339222912687 0.36013296596097554847 0.45665392103253776845 -0.81349335783015619405
-1.3103098511832260709 -0.62026896065000791669 -2.1113819614353372955 -0.98382247931121125095 0.0015174229656416352713 -0.17913968468652907706 0.15923771863160862683 0.46554902620566479543 -0.87057880353480487923 0.082077269490717738587 -0.88502079163517866078 -0.45825922817374570295
0.40462545041069558627 -1.5313779956100066482 -2.4827144789190480623 -0.91050974745596757742 0.00086028712763889202131 0.41348671041959883521 -0.23689668396507668202 -0.82069254302952798774 -0.51994587308870521269 0.33889815714151649839 -0.57136941615887415491 0.74745235926068076537
-3.2845026247464530478 -6.2635358755933578934 2.5152361230834539008 0.5141215974320304527 0.0016370641076272765893 -0.85771574724672972057 0.18923200956686478391 -0.97557391511848168264 0.11156515000472369548 -0.83658247029759502666 -0.21966532762682111635 -0.50187340458464801962
-5.9609171280004931148 -6.5834991776456215362 6.8600084045592693016 -0.99437398184532976853 -0.010392830160414180674 -0.10541524230569936094 -0.065879314913552117217 0.83996759918808128198 0.53862263987024427969 0.082947574380614466638 0.54253702306431439428 -0.83592659875662933544
-4.0327363554184252337 2.6694792371854432211 -6.5243476348456876934 0.91230406977967926085 -0.01273883512906075384 -0.40931528965210384197 0.10689549109144136363 -0.95745554224687634548 0.2680526787873744321 -0.39531587148479874205 -0.2882995086716479971 -0.87212886378797371822
0.78988038878847854907 1.1854906238415041653 -1.227114775091556087 0.97397032768041158501 0.0085999221489812191499 -0.22651234433700417892 -0.08958548722073131354 -0.90332357739505997341 -0.41950084028695039384 -0.20822161577854467196 0.4288735896054413077 -0.87903993246122114069
2.09173314731923643 -2.7923896618187966645 -5.8180385203945599315 0.98632212444552058717 0.0037134388630645749976 0.16478736966468315872 -0.13759793880836915236 0.56897698614542779882 0.81076013497980448097 -0.090749512752807348637 -0.8223450611565704671 0.56170555126906707155
2.8454411822355432093 -0.0078067001655690608161 5.3817671823463539837 -0.94827576505268473817 -0.0036279738345954175641 0.31742701715436549836 -0.2298677354365842862 -0.68178980304105651911 -0.69449513221797110063 0.21893811367354462649 -0.7315391324290759778 0.64569079295433151611
0.20486942073107999862 -3.5521740784278046377 5.2645794096086540037 0.99800015698627009275 -0.0056271369541539013187 0.062960479549728651238 0.049978385142734442492 0.68007625220620882001 -0.73143588386392566214 -0.038702037077601204873 0.73311979001722982208 0.67899744168235609543
-3.7712774008428673334 3.7435535837622695432 -6.2848145735750406971 -0.71460128491685892538 0.0017350672415896786771 -0.69952983720277928104 -0.56328577698776260974 0.59153037750955606011 0.57688902392636598471 0.41479408992713839854 0.80628084562705903959 -0.4217310291362968977
0.10152755096595558748 2.9745599763492669432 6.9665716586450088244 0.20546724213380160307 0.0011180988421572168878 -0.97866335492085088088 -0.57266058679237119566 0.81106533137720560056 -0.11930163692344901427 0.79362652724347682032 0.58495450942181048681 0.16728764796751977029
-5.87582702762839304 -2.5748626202560394027 -6.377479243307279333 0.96010173700058476509 -0.020801226324384476662 -0.27887625139471883262 0.16282351615610698992 0.85234646775580547029 0.49698491072770206722 0.22736129220939299556 -0.52256368787722418112 0.82172625302907198463
5.1554347879393480625 -2.0529332217095999091 -7.5091262991969802698 0.70862303481587984866 -0.0088543533241052640309 0.70553171080796939219 0.62098033232554339378 0.48259558325442997173 -0.61764466312603094611 -0.33501764340580258983 0.8757985518659331392 0.34747672606420726416
-3.614108797835123621 6.0431863046800389228 -3.5271172296932604695 0.90399291539063320045 -0.003467921813412957327 0.42753336997467744629 0.35830744015116683387 -0.53942577775203248702 -0.76199449383115880341 0.23326505794040108821 0.84202601136480303978 -0.48639449927926764472
1.2081639449056991165 5.933149867395540511 -2.9982540167117099905 0.99490108632991325344 0.0083781992567678389983 0.10050688631506093929 -0.10085312036878657516 0.075824908238620189471 0.99200767708847781279 0.00069031255071188408166 -0.99708594868623412477 0.076283251115639064133
4.890320408341748859 7.1229937908310869688 -5.8412108483220910315 0.88308190144431364388 0.0027614571434637540451 0.46921075189716127118 0.45417812171324861703 0.24612691174043332953 -0.85623815441395134673 -0.1178498582878673151 0.96923367547331862326 0.2160960277977272137
7.220682935232048294 -4.3121939964752078467 -5.4918609297035416716 0.54553534021931304743 0.00048091354773169368159 -0.8380876811491310141 0.74076061454127128947 -0.46800939975281752314 0.48191380317181303772 -0.39200115371805410724 -0.88372335629716125549 -0.25567190893515023831
-0.39153271858898680557 -4.5946280714006393353 -6.9940192603029345264 0.8706201883090521898 0.0073877740542698782517 0.49190030341847429396 -0.063226063739570445565 -0.98991481488824772939 0.12677193746564421883 0.48787596023245721755 -0.14147112800606642669 -0.86137272267470910148
-1.7138113171859983286 -0.90613162978286487803 -3.411230596629288403 -0.87629700159639878354 -0.014317795843877833412 0.48155847590423156435 0.30418017597756424886 0.75868919938003354098 0.57607735529724035661 -0.3736013725018831888 0.6512954010786442538 -0.66048188090097204039
-4.3199384886082743407 -3.5066101416735078189 0.075125253461047203363 0.99999034915455420336 0.0043158146208697725429 -0.00082179187153734673324 0.0019118449526682669733 -0.25906884234248866994 0.96585696652049146671 0.0039555589489465546593 -0.96584921632281439674 -0.25907459327752341283
-1.8781632837956991899 7.1726385195816551033 -5.4885093140303666814 0.98942450129946113435 -0.0061072179380155782596 -0.14492017843420626488 0.0019926036402626908645 -0.99844663616380935345 0.055680735124765193267 -0.14503511905421512251 -0.05538065205797188667 -0.98787539579581140625
6.7015878137729254505 2.035114123427808952 -4.1054040321412310632 0.6348862194560332961 -0.0065144238582268820109 0.77257818415131074286 -0.77215724114981287851 -0.039413973933099505365 0.63420795769084470361 0.026318876960728009029 -0.9992017318542342208 -0.030053548458204359245
4.4408179648734424916 -4.2586527171397960956 -2.3929562080794579693 -0.98764130764730984069 -0.0033161325725307114892 0.15669604555794669487 -0.014646498197949879561 0.99735389636728633 -0.071208745893243483027 -0.15604527394086886716 -0.07262374725883397053 -0.98507647612496362921
-2.450274833462683155 7.4725911859350802047 7.3689372747843702172 0.99471462151912226624 0.0072468368497242748733 0.10242219042675357321 0.073115995969441502367 0.65034665716031847538 -0.75611062461368017118 -0.07208933949994432433 0.75960299425170196841 0.64637946923954880951
1.4219047694470163812 0.54348539735958145691 -6.2875683522165584094 0.99617869231928768414 -0.00068120589327840485282 0.087335839880515034328 -0.002564177708538193344 0.9993104108744549352 0.037042242246657343385 -0.08730084742873779613 -0.037124637055640265226 0.99548999159291851058
-3.4565750224646647482 2.1530877752400838787 0.7150692125052600101 0.95673968187791780249 -0.00052284974441083238196 -0.29094485344862569542 0.19342939634202233057 -0.74584975892928595531 0.63741133166573482605 -0.21733441915823589752 -0.66611400205466075874 -0.71348292657630241198
6.7352443140983080383 -2.0685407520499827783 3.7048262694536195916 -0.99413639307713885795 -0.0013495253468773298847 -0.10812497741406902618 -0.060092935594904028918 -0.82440338238327226517 0.56280360891399960899 -0.089898114835816320123 0.56600109708055801327 0.81948830806335548615
4.8029413367202797858 -0.1080716507164352358 -6.9779646125443246518 0.99565182735991897278 0.0076241186689614565825 0.092840247142060489116 -0.0912260265537824383 0.28146044920403712197 0.95522658443590691135 -0.018848096829271514252 -0.95954254118736559409 0.28093212863163685711
3.2683723777055000426 -7.4671376645201190669 -3.2794489121892662631 -0.92908977851781049395 -0.00088364451067211489087 0.36985321767734763432 0.36898568969932710182 0.066278921296558421239 0.92706885687577789135 -0.025332671612121052812 0.99780074351754310946 -0.061253016128584587829
1.6653636622691647684 1.6650239494582277366 5.2328211406370179759 -0.74141538936123807524 0.009573385955711579548 -0.67097807020767818997 0.60154754919310748917 0.45261767978391254097 -0.65823839299055886265 0.29739496713633861713 -0.89165328812740429765 -0.34133656014792312927
5.5546670568085323438 3.7802992808532929203 -5.3976748926956483743 -0.98786462439500444255 0.00026937443039722975061 -0.15531713139981989658 -0.019939283822676456825 0.99150390881143313226 0.12853958056646935804 0.15403216816460710281 0.13007661684167193261 -0.97946626533104486079
3.4249558117476794905 0.75601205059943965558 1.927748172750972433 0.99799240519938536842 0.0023027871353008054316 0.063291834668342789039 -0.060929446615890878181 0.30764368524086582735 0.94954882205526980332 -0.017284724451294107561 -0.95149884923893990329 0.30716636892379123314
7.3210065260170589241 -5.5328537428576627377 -7.0948341037788376084 -0.97322861006518057714 0.0030919783643292564346 -0.22981843316082128936 -0.18699141207486402738 -0.59205946195321546011 0.78390037971797321692 -0.13364237487023422624 0.80588835031999572767 0.57678738063302981143
-6.170016797731164182 3.4829617729195483378 -6.574885167702951172 0.86008745624186877521 -0.00049236241030567429698 0.5101463762437103977 0.21572550559803349568 0.9065411372289789993 -0.36283008798346594315 -0.46229003217658665159 0.42211719236590516946 0.77981087582784858192
1.4623037810001098258 -6.1714023108650417626 -6.3502582981331769929 -0.95870487435140228083 -0.00046665628835966348458 -0.28440243692132199937 0.25454043316188373902 0.44465827932001100731 -0.85877132143415968457 0.12686264927323509522 -0.89570017129841628112 -0.42617727691111756405
4.4021338742761635388 -3.805435090148623356 -6.3206037293251844389 0.99703338348019410198 -0.0049031865791687757883 -0.076814002548469637044 -0.043323208948467452351 -0.86062508387722158609 -0.50739290945728976467 -0.063620215282250439093 0.50921549835268997697 -0.85828436106279615281
0.90970876742911577217 -4.807658030759538903 7.2519802480084258889 0.86527719007844516863 -0.0065017009184749757766 0.50125154584820730275 -0.50113095991410328001 -0.03669646862294554529 0.86459304311697759982 0.012772836241933540127 -0.99930530723886734634 -0.035010820878219051089
-5.2704649341415148456 4.5435834717401659688 -3.0255514288680402935 0.79410746683941657587 -0.0035102345922910422639 0.60776723288024525615 -0.32565493700808806343 0.84186523358699627551 0.43036239436063555841 -0.51316877643918368257 -0.5396763907478865363 0.6673883428389677519
-1.6603600971865286606 -0.93010799775352170915 0.12687393789382664377 0.62560795995095552779 0.00078530369813872326346 0.78013720828069388347 0.45906463588708645851 0.80816947343369494039 -0.36894682853749855012 -0.63077281213111058289 0.58894947619304638398 0.50523675041322579915
7.2785824563794481179 3.9793324434668169154 -4.3059861120434907988 -0.99990933404433646192 0.0069292493392869598107 -0.011545960091520781482 -0.01312525897155163157 -0.30996253041794757932 0.95065817059223145513 0.0030085324944331766524 0.95072352197698806187 0.31002537556100134841
3.8251131656749257637 1.8953538970846350864 0.20398777297547238119 -0.99108417477706822751 -0.0027551941320272353708 0.13320873624430201732 0.066801460503705806238 -0.87532198825790485941 0.4789039379110864858 0.11528106254311373813 0.4835326522350977263 0.86770182138883122924
-3.2026609356414978969 -6.6207990330452979322 -5.4005217521033168637 -0.98258426635369711111 0.0032006595873451046397 -0.18578997629709059769 -0.16285861893123199096 0.4665992815341984401 0.8693458349309317601 0.089471949537768866167 0.88446303837413065008 -0.45795185772732716067
1.6694368050497561118 -6.4091478335995608617 -0.34807012971886769348 0.95300705214395842191 0.0010003223584216019634 0.30294646048291917761 0.2928218606460815665 0.25334364470598930152 -0.92199368523581470836 -0.077671851347208123451 0.96737583029669660384 0.24114536376643788684
0.15177199662693888205 -5.5742851811253899541 -0.32651810868303210444 -0.97595146974289725961 -0.0090853038606312722797 0.21779849852687394041 0.017240877464206036396 0.99278413495703510261 0.11866934533402523355 -0.21730504101626929581 0.11957055921711792768 -0.96875249703807120305
7.1330291664699494447 0.63716857803361170998 -1.5526865072283082547 0.90488666942231688051 0.0015448687839192979873 -0.42564977256215547063 -0.16835411713832221237 0.9197502740436588331 -0.35456497943125858674 0.39094373859208553235 0.39250101500119544129 0.83252984719984490791
5.2346926178666670637 -6.8857330445230662264 6.5090805309529624623 -0.89967877892930192552 -0.0046770979606062662581 0.43652745560722899798 -0.32627098299173834528 0.67156167096919816561 -0.66524594530339387077 -0.29004368705746064183 -0.7409339018021179335 -0.60571578546243298735
-1.3462016475941631644 3.0138891394033637816 7.2477158984323244439 0.54684123934579453863 0.0012429695824334246416 -0.83723539938140090211 -0.74667268759926985755 0.45309371681799637255 -0.48701743436283434496 0.37874075110034621794 0.89146202319941170167 0.24869842108325598828
7.3388398828757148706 -1.1579564699738245093 0.85190401020616723926 0.99934340625305440042 -0.017666922414561997412 0.031632834696298454957 0.035230241639151102517 0.26993563561692285324 -0.96223364246846510017 0.0084608777660757968769 0.96271627828577965857 0.27038080751218718234
-6.4831316677168135953 5.1695821724357164939 -2.7094005393192719389 0.95694742214005779068 -0.0030636974124083659124 0.29024514641537230153 0.19407988905764725351 0.75029982112088722257 -0.63196770098592391918 -0.21583472362642830422 0.66109060815007292256 0.71859208170765864754
-6.7068928088903083662 6.7066702877764434731 1.0780175933425488743 0.99246891974799700264 -0.0044617967489873787065 -0.12241542265580636351 -0.10017147356592311092 0.54563287160196949355 -0.83201589246301044245 0.070506164396134371475 0.83801244728052182165 0.54107672190270261758
-4.8836775849324318699 -3.3902796386994005218 4.4273731587110827235 0.89721223036719821575 -0.0077314273296208678443 0.44153192264085200369 0.016815844743166098035 0.99971971360097855452 -0.016664981339930055176 -0.4412793231561125129 0.022376757337307848911 0.89709076446368674063
1.5707924517525102548 -1.7543933632602581874 -1.6723986847096952157 0.85899700485878038858 -0.0060271178013721823929 -0.51194513328539981156 -0.28837514087654125827 0.82053076688898674007 -0.49352714080692933196 0.42304127903561750124 0.57157058570188090663 0.70309540020714200725
-6.4347292666257489557 4.8708784177316131192 2.2939783951657664041 -0.96801732269506757245 -0.007006703807566111615 0.25078550409455230286 0.00031008034317197468235 0.99957575622740124643 0.029124069300127970045 -0.25088317363341738897 0.028270367245139947643 -0.96760447473309085797
2.1166910038071482525 -2.0801027914059018187 0.46962342146612406912 0.89862420596450509613 -0.0023359488522411014921 0.43871298111342416082 0.05681461144169125399 0.99218484873037071647 -0.11109152027299237786 -0.43502486869280304616 0.12475483675100444703 0.89173403788678118342
-3.6692518702548748699 -3.7594057888674319301 6.1393490317178311955 0.61911177036919462502 -0.0065269475618110932638 0.78527575713618724684 0.16354478213613996007 -0.97696874570529834703 -0.13705901703650791301 0.76808444849920987085 0.21328260330008305679 -0.60378540153199100615
1.0604176287849222948 3.1186976534160675278 -1.0975338117232820156 -0.99999550810258486244 0.00084187770344423991375 -0.0028766328631585806955 0.00063452311243795186252 0.99745201934006866296 0.071337693366980703402 0.0029293608717422233226 0.071335547635291693402 -0.9974480730787209648
-7.0145518977680456629 -2.3165108563571346068 -7.0903427736893354094 -0.91906055887925763859 0.0063546277056527765079 0.39406510606643785355 -0.36755415830732618421 0.347036544272610048 -0.86282650495345958319 -0.1422379338412688432 -0.93783007823707287276 -0.31661193049305774716
1.0904485172457354381 -3.2625267822866623746 -7.1381550583859949555 0.82523426193694626729 0.0052265279478600577129 0.56476640864262928066 0.47319779183244575771 -0.55230797534243591951 -0.68632335686467138558 0.30833790349287060195 0.83362376632313728297 -0.45825664587747133583
-5.6548240048586606576 -6.2999875273750092219 5.3060227002299651389 -0.72415292568313205379 0.0060485099835968659382 0.68961290283132614665 -0.20090501496097748491 0.95473896844375205628 -0.21934146233310347629 -0.65972700049946186862 -0.29738345223271667184 -0.69016184127349033961
0.77690352670846762884 7.1916687111953878642 2.0103829536384534293 0.95189162869239685172 0.010706313080567712512 0.30624777890700805028 -0.24538879739288210757 -0.5719525624100602057 0.78272255906339904818 0.1835392746508575923 -0.82021682573147836059 -0.54180964687596055995
-6.6129656867208250759 -4.2016398373209202788 5.5289169573057170837 0.9831696780268637248 -0.0045213685036712093421 0.18263882784227425393 -0.01078297670667813582 -0.99938704382645859869 0.033305615819976437664 0.18237629128284163493 -0.034714461808560866107 -0.98261579191428316538
-2.0523749037010428076 -0.89462668381873278189 2.1183130490432819926 -0.99934882861569729329 0.013708289638866673343 0.033376661598603779568 0.036080127057974129001 0.36995051647395543748 0.92835060176211170457 0.0003783857388045298864 0.9289503206070409691 -0.37020421211600473832
-3.9265025444375152297 -6.3221626711846532487 1.6627824403969548861 -0.61370710945677031667 -0.0014979699299578384201 0.7895323551877732049 -0.14073906630607518897 -0.98377483262525111662 -0.11126362347310449208 0.77688873013929249378 -0.17940132323686208693 0.60353878599751320522
-1.9834501077905455357 -3.4691548245292089803 -6.1651634427152144369 0.97222992061176150003 -0.0022025327834792997675 0.23401737182639373303 -0.094094098843738704918 0.91189216021143360003 0.39949842140829699977 -0.21427851509191483959 -0.41042397224608667683 0.88636159719148843728
-3.6064578042603128161 -0.34203614529041220793 -2.7137663795805755385 -0.73117356462275551188 0.015760206885910756774 0.68200940922820774137 0.45253397771452130716 -0.73690139063818516085 0.5021845671557449986 0.51048821476187455914 0.67581651086252425564 0.53167078745660323325
3.122534336544905198 2.5111358734304038975 -3.7131804491921389655 -0.83974417990440097803 -0.0040944427981676381062 -0.54296680179806144917 -0.50624232777763700231 0.36748451928118147647 0.78017551464713863485 0.19633751012721664675 0.93002062537715590729 -0.31066576652441940665
5.445225666851109203 6.4887800981548116042 -1.4534846615281615811 -0.93638705450790116203 0.0031508314369367959769 0.3509549207681255667 0.25007701424728312478 0.70760025957043970468 0.66088074537008845155 -0.24625346920445029264 0.70660593325910892037 -0.66337567334634794936
-7.2641435094985782328 6.493765454630362477 -7.0674978330667226345 0.89792683540159989874 0.0093994666570259011174 0.44004437082191172337 0.43406373788029428695 0.14670475804541652232 -0.88885678566580605953 -0.072911382670465582634 0.9891356651104094011 0.12765017149885687919
6.7561605429666977685 -3.3116994964028427795 -5.5115055483192332275 -0.96116614454809534696 0.0029369580271411646795 -0.27595473696262223795 -0.27128911668626520814 0.17334075405962348637 0.94676036997203238954 0.050614797659806025354 0.98485753145292809219 -0.16581249952372664747
2.5945401433725994167 2.1692246629954174963 4.7394113305684983928 0.89117716784513356654 0.0021658341875461601875 0.45365026691692128535 0.39438642727117717568 -0.49788589232225444192 -0.77237878285910477327 0.22419322357244941823 0.86723984421201516515 -0.44455871503705535197
7.1416498313068252912 4.3627362892269410111 -3.2380435381151424501 -0.98246313415367447774 0.0029156614760174328835 -0.18643414104455119373 0.13775147387011810185 -0.66250955294051494526 -0.73627822438878098854 -0.12566113749077906236 -0.74904778965073004482 0.65048957512303595685
6.998530143055758046 6.0926138746247300304 5.4823878103024856756 -0.96913906260802007431 0.0035420492517352682865 0.24648921115226490874 0.15504267740976418466 0.7861324425860073406 0.59829553808752544697 -0.1916539733712450122 0.6180479241943259705 -0.76242082729305860056
-2.7501803561573718859 6.6102560942599275506 6.6166743604987203753 0.99015607080753731406 -0.003159356553304821548 0.1399320331775144588 -0.1366758137295990827 -0.23737210430149649487 0.96175579334921035279 0.030177431706150288637 -0.97141366192050271344 -0.23546723774225247761
-1.1111909694843635776 3.1827339671348653383 3.5588753491694333775 0.90518878141240177726 0.0035876978482512690734 -0.42499458635294390385 0.32372538326368949235 -0.653739450252671217 0.68397851385403896085 -0.27538181900034708338 -0.75671121281999953467 -0.59291904519642579796
4.1558693834386888355 -6.4694290221804724439 -3.2427155834495700049 -0.94933643387266752889 -0.0026407252770438132544 0.31425047635936947943 0.28064423901580165532 -0.45711000677534652237 0.84397230571450121417 0.14141833837695649834 0.88940624479241414679 0.43469228805542264871
5.0819488923395512714 -6.8290574785262618818 -5.8989467328287821246 0.81268961145541196434 0.0011103800990180006172 0.58269577181277754097 -0.12821300092234960699 -0.97514972040087044558 0.18067774958916904549 0.56841623993943191095 -0.22154410364105656117 -0.79235168221874596739
-6.1432505624836508673 1.5550643244583237657 -2.4180532759666739651 0.9967350049021725944 -0.00095196611271203528809 0.08073675595979762365 -0.077297176361766931074 0.27772318717992339199 0.95754633194903648885 -0.023334020847136729276 -0.96066067113372288766 0.27674283804273985821
-7.0888844745100012545 -1.843456738630125713 -2.9213037121494527248 -0.99913870418143635455 0.00024945668634062485511 0.041494428276383651943 -0.010037328869278081683 0.96883285540201458108 -0.24751191955689000324 -0.040262908933610001838 -0.24771523179844362472 -0.96799589983599221288
-5.6140607956138852686 -6.5284554138355401776 -6.0852457478014816417 -0.95672161589585158481 -0.0076542989165385945036 0.2909040415424035686 0.088965680771039987174 0.94409904427127477877 0.31743046837239213831 -0.2770719352849671524 0.32957306673063402336 -0.90255899328695921024
-5.0378894259261306487 4.490678468239640786 -4.3982271031852571141 -0.73467609926048282887 0.005250424188545765869 -0.67839771684561267495 -0.35786482624633875194 -0.85252947953325097785 0.3809543970903703225 -0.57635388027769052233 0.52265277151530897815 0.62821197466799472142
5.3106608823089027638 -7.4270490781331082175 -3.983931566153792847 -0.52139809251850166572 0.0010140036531094531042 0.85331295602184664695 -0.041942600759107030728 0.99876011988022783683 -0.026814943192479217399 -0.8522821407020515494 -0.049771424868493160942 -0.52070909143869337221
-4.227223376579711811 -6.5265032765056405495 6.4994258006166711894 0.90034511237208414425 -0.00098752916489460232374 0.43517548576853160025 -0.34855573717903926001 -0.60036295843621445556 0.71977303104341372464 0.26055244521460374507 -0.79972704276140160751 -0.54087806423330242467
-1.9935694692629706282 -0.13724515220673572102 4.6798757397328385466 0.95976897394656723872 0.0007942005694783951103 -0.28078975389973370724 -0.27988325263343405425 0.083044357314239564127 -0.95643557002743362361 0.022558402978650957116 0.99654553531875678107 0.079925681050183133847
1.2413028296719541554 1.0677370422032346209 5.9940486578960525677 -0.7538566417834238198 0.0026256891558910141343 -0.65703368969592079729 -0.31355823662310289279 0.87733408845567339984 0.3632714267313870149 0.57739189107983412974 0.47987290295458417955 -0.66056082318362241423
-5.5059333853252825364 5.9318126240463815435 3.8199208692902026918 -0.97018500058268919428 0.0013747915920541663171 -0.24236166073119425057 -0.14175364519339353486 0.80789140264475001185 0.57202918247849587896 0.19658832294593547863 0.58932978160000504264 -0.78360923922612379933
-5.222945584332226332 4.2735165680351538953 -0.72225599299725351532 0.98185765643239608647 0.0018335807962516282362 0.18961060225266360146 -0.17778291158721801213 0.3566623414067604525 0.91716149644967404075 -0.065945271648021192012 -0.93423156241038374237 0.35051763000389213332
6.1124160833031480067 -3.0843594426658658136 -4.4254951700404765447 0.98146735070752877395 -0.0026102651117334263985 -0.19161165416366746084 -0.081885873943142672982 0.89830681742900486686 -0.43167066776571805242 0.17325283011790795773 0.43936095442901429431 0.88144506838462777232
