1125 14.717824617146108679 14.977075390850430381 15.033177056927090831
4.5835655562601980151 4.2968854013003321413 0.98467836190672075602 0.61057009607682133367 0.0056272775907575175308 -0.79194222739013053758 -0.11870108492276353063 -0.98802864502602638641 -0.098536536605744268202 -0.78301609831144858287 0.15416786420972622418 -0.60259278076500355503
-0.63151460768662837086 2.1043115238696326053 -3.5679442573777029324 -0.86238942453325462267 0.0031846545144767830944 -0.50623545749860154874 0.26903611275152805593 0.84996593346005511194 -0.45296521057685212863 0.42884035548066001819 -0.52682802690537100521 -0.73385841930058814953
-0.88061676758209850302 6.5731097019439381768 -4.7092946980531520396 0.98878050345563694989 0.0040191769516498450365 0.14932167358605677454 -0.10727678197323589626 -0.67651198654857991333 0.72857616218589704715 0.1039461785510776004 -0.73642065307318305134 -0.66849069828377294389
0.56340943023843503834 2.8393776341706411515 -7.4204358480117909025 -0.72250686440437217328 -0.0028737757192601048883 -0.69135777445667134788 0.010586319281982069923 -0.99992010906490125244 -0.0069069046386033543933 -0.69128269234272954336 -0.012309220151755411246 0.7224795653626705505
-2.6025917767734729757 -2.2835567502204812129 -2.2895570431654803656 -0.99261332877561470056 0.0016300966871041001113 0.12131002564434757718 0.11044684238139469701 -0.40161872906651358006 0.90912259430236208591 0.050202336051477843004 0.91580551387714459466 0.39847206452549893685
-4.8799205489682870862 -5.8253507687793639747 -1.2101436127250277952 -0.97108351062383557739 0.0024660029226852733623 0.2387273219054009965 0.16700794580740002671 -0.70753968474073813955 0.68665562005573155258 0.17060234884585617765 0.70666930975283004379 0.6866682788812769056
-6.9034939523283442853 1.8966794332893350816 -0.99724150678580503193 0.68350694864482952617 -0.0076064042341256023552 -0.72990437303034583216 -0.37590627972552215219 -0.86082382996827266908 -0.34304052620894459613 -0.62570977299155317031 0.50884622075191088264 -0.59123836446013344759
-4.7636681809780272445 -5.3349015967543147454 5.8683877557095058819 -0.94217498031415647386 -0.01312581567209463243 0.33486418057642597379 0.3195602305104905394 -0.33614271095392300737 0.88593980435957198072 0.10093347089172470532 0.94171959246652914288 0.32089974075753796567
-0.91959452445377798391 4.0544322507505858866 3.5434676367387489826 0.92413470118026030953 4.8601782025917226321e-05 0.38206681576972112424 -0.3639944281287109118 -0.3038055112290393156 0.88046025897720481268 0.11611679622615023177 -0.95273407044395264087 -0.28073952455867007272
-1.5317230902169847173 5.9085052341538961684 -1.5001261575659341485 -0.98555414223060278101 -0.0032206754505474059075 0.16933003272226418434 -0.084563302550025989945 -0.85690927497428603932 -0.50848357134221811027 0.14673813612659411532 -0.51545719678045243128 0.8442581345142446958
-4.8568293954512080646 5.4963020731650065187 -5.2935613081957040293 -0.93645708276147787696 -0.0013187309568101651149 0.35077969310454532037 -0.17396317860599103122 0.87010265857834079295 -0.46114875693670059897 -0.30460621240408303212 -0.49286877004288764947 -0.81504320798423934846
-6.312432268940081137 1.394041421512407064 2.3655382139770062544 0.97969799840828708515 0.012690372813987872008 -0.20007695107793069256 -0.022407030708884098646 0.99867275560485657682 -0.046375124660746565308 0.19922288244474478658 0.049916747193004637473 0.97868205330430402267
-3.333871374465801285 6.4455986116546029052 1.2056541553868664884 -0.99167465465326842811 -0.0035900252554165821423 -0.12871865069594776165 -0.12255886999185910957 -0.28036255606427690212 0.95203789869078525587 -0.039505730022656698752 0.95988746677714997801 0.27758845152419781011
-2.3123889344099226584 7.0709940252830740803 7.0547300767575320535 0.81953527422273519942 0.012292761363464846033 -0.5728968688366730122 -0.43041491468964082623 -0.64680525770931185381 -0.62959189941776427801 -0.3782921298646552688 0.76255612686403806411 -0.52478873641186063459
6.8306273979848430855 -3.0096442755338195241 -4.2019453944380424915 0.73864321385435505185 -0.015052223291434688873 -0.67392850748495403135 -0.063003832519914329535 0.99383285605487492465 -0.091251144176780568662 0.67114582596828342709 0.10986211721858273049 0.73313954707516182374
-4.8533165156384381334 7.3477912016207325152 7.2632016675010477869 0.99707332466523190817 -0.012286868856773464076 0.075457392578577225928 0.07635953389902247479 0.11173536390261297468 -0.99079989404329182889 0.0037425691424818885444 0.99366203575816069993 0.11234657034806179443
-1.0150078346407398477 -0.54748327129330898178 -6.9672616193467122869 -0.92585818734414671027 0.0030992949165859753555 0.3778584540523013402 -0.32470724909659570701 -0.51796880135143863466 -0.79137445195728051139 0.19326618770990541818 -0.85539389476288330005 0.4805720190465807562
-4.6046252594567498306 -0.55258061647538647687 5.6166092736892432313 -0.9724879254724537736 0.00070330304901598805767 -0.23295222723794958841 0.085280917035457787234 -0.92950198427729657791 -0.35882199823076971201 -0.21678191806492361215 -0.36881644023755999484 0.90386947808339002108
1.8501248766676510193 -5.1957685457116928873 4.4361644676868801085 0.9555925372772919868 0.0014085486105125280369 -0.29468783261374492666 -0.28040832875599980278 -0.30319778906150107733 -0.91073721230248272374 -0.090631516946747106567 0.95292660614500701577 -0.28933857578432514712
6.5241818942677358706 3.9153511326878955856 7.2962911516653274902 0.90752014237092781812 -0.02120003935240535875 0.41947318093338742395 -0.41938858766311654103 -0.099984495133872405837 0.90228394270906553398 0.022812359125313652619 -0.99476311706080933206 -0.099628997821295334214
6.4417472091265022272 -6.6979857054549007955 -3.5250934018395101432 -0.99933795362629207482 -0.0037339558473311910622 -0.036189943572649846404 -0.00080995706293093480688 0.99675621547871151584 -0.080476026703841310739 0.036373045124355248003 -0.080393435541784352694 -0.99609934098467745045
6.5824988939297277568 -7.2856299326899405244 2.1921601581047980289 -0.98609992323380935009 0.0080207590228804793303 -0.16595966022697444808 0.05438220154751673141 0.95939870064109489256 -0.27676110522078861687 0.15700164824874579539 -0.28193935630351640853 -0.94649917158665497485
2.8000287715330034466 -1.6989030586624471741 -2.3038875504879432476 -0.96480483088409385584 0.0046293066214356734522 0.26292624027092442729 -0.22656191720884383267 -0.52220981158282664403 -0.82217188613897096428 0.13349657663561981247 -0.85280448064423231003 0.50487937353365974769
-2.3660480815891600237 6.9226648997760547033 -1.5640437182905346791 -0.94274019356261340441 0.0021048482675114950358 -0.33352135921917930306 -0.28129117776012158014 0.53228761473870733756 0.79846425625077965815 0.17920993486961420138 0.84656096343359465983 -0.50121685370154400729
-4.1519998426411079961 -3.5699762536535017965 -5.1774601166367224536 -0.94465414995849994462 0.0061856978758066767307 0.32800956404943337752 0.14001915067266623716 -0.89658370503228923543 0.4201574672851186576 0.29668699737434667263 0.4428311156777711699 0.84609540158108254015
2.1089976588770515953 4.8783188047910792662 3.2887902857676762913 -0.87275819636755735953 0.0041366883099916785041 -0.48813524609779207486 -0.46168497890128584737 -0.33179206300988078882 0.82265485300976837202 -0.15855633361703269646 0.9433434765414870915 0.29148408933672453891
-6.1583934664076904753 -6.1292577314308971381 4.5146324603680962895 0.95628901824965750755 0.00024447644143108459257 -0.29242307331419525873 -0.2918770304758006584 0.061886585434908297776 -0.95445159627080744524 0.017863724580034146677 0.99808315824607074518 0.059252819086136818139
7.0964907032003230469 -3.8392797209643254597 -3.4786980626563779317 -0.97120837468797027725 0.016414539679244430359 0.23766542832935094731 -0.2183748119886511907 -0.46008286416740379332 -0.86060223075960906591 0.095219401514501728068 -0.88772423701661340445 0.45042085274621657121
6.5711507105652193772 2.2428244735872504556 4.2682087995459703222 0.99926779745363270013 0.0058238560234501659391 0.03781470181529447 0.0312026284370279898 -0.69601648999540444152 -0.71734750409619874034 0.022141927445075981762 0.71800217851726222396 -0.6956885845646236799
-7.2734549172054592248 -7.3811819978138979437 -4.4232047481331102645 -0.98103028188133423182 -0.016643117648172993384 -0.1931387912012629271 -0.16510416409146078109 -0.45037581712350710506 0.87744073210095474558 -0.10158839023922702771 0.89268394742220180671 0.43908446679810209101
-0.89402984685383668495 7.1525942350631135369 5.3380093116677365117 0.90479222052659757924 0.0025342665708036962724 -0.42584576452917022316 0.19158051652698307454 -0.89549832561056141866 0.40172086641841930899 -0.38032610134160821369 -0.44505766628785853323 -0.81072543460567292328
0.2715979275024202888 7.4260538203532453494 -1.4309946647577997947 0.95161267762915191515 0.012825693167530216252 -0.30703226763726232384 0.29255200888190663333 -0.34361835129114293164 0.89237870366520044563 -0.094056546156197184949 -0.93902179434281141113 -0.33074376165613772471
0.87167759365699237772 6.6014012139564668402 5.4379581794722531285 -0.88282420383249771145 0.0045921686650421296438 0.46968110150880165721 0.45112911427948981791 0.28671183999870653025 0.84515018964319221784 -0.13078206060800517951 0.95800586260818143547 -0.2551878128587350969
4.7123146664156836394 -0.55649225187060347153 -5.31176633947845378 0.87943370461211323175 -0.0025366660354678321511 -0.47601462636962260655 -0.15420733692071372789 0.94454245615151988247 -0.28993041538805469637 0.45035148099257227283 0.32837952715218565736 0.83027129886270312209
0.93276143259473998093 3.9818171155106019121 -5.5823291998260895497 0.93947256833428216538 0.0016155397430791217095 0.34262031956488597784 0.25194193761909039475 -0.68095861877216934399 -0.68761953112797835619 0.2321993828935598192 0.73232011412448871912 -0.64014896472040372366
6.144204970702201507 7.4706641647131633022 -2.7297517912025872633 -0.93260775677588658716 0.0037682882925714018471 0.36087196067937876709 -0.30813299662814758184 0.5122415334452635749 -0.80166244005973508191 -0.18787450170327479881 -0.8588331685588561637 -0.47655929347013220587
-0.5544689704143296316 -7.3473341979575712557 4.3297310310943792899 0.98454831922801089306 -0.0080203517729000931014 -0.17492936020782384743 0.078962359125062442367 -0.87129314776020905242 0.48436886409777485385 -0.15629956156906132936 -0.49069738599607026774 -0.85719689828526302033
6.5489176480830391114 7.060598817357636392 -5.9943599449658826472 0.84451507851993445897 0.0063792085873615404085 0.53549377946917231519 -0.38487979298460839317 -0.68805442256294524483 0.61518180771520902805 0.3723732362893168446 -0.72563104763326469193 -0.57861710621626671891
-3.28488332446427167 4.4868160018232172703 -3.7171339460369074992 -0.93747434822349684502 0.012875721557039927767 -0.34781613277318096378 0.09951559360530004561 -0.94768186845210167224 -0.30330796698515294363 -0.33352435151318049478 -0.31895656757870932685 0.88714610687639439135
0.47016871641895591205 3.1070951356835969648 2.0119933435356522899 -0.90966228916268077054 0.0051944970240482149851 -0.41531618903691197575 0.33674028177290549202 -0.57613550823851011895 -0.74476429746473382654 -0.24314707957732262233 -0.81733768623955227461 0.5223395489005728809
6.808677936073980419 0.14696681040582740274 4.3156270126141285104 0.80043316886606996619 -0.0032272499436599099386 -0.59941331903529204705 0.39764666484602484431 0.75112758080724151277 0.52695776613247624631 0.44853525180956521634 -0.66014918178266135396 0.60251073490493256557
-0.84854149847484006131 -7.3352795819815135303 -2.0444481070804250145 0.98646777239631422418 -0.01241614437939391781 -0.16348447443763963749 0.0098976325947611031725 0.99981960765059885166 -0.016210768840966012505 0.16365625833561245339 0.014373291764451626845 0.98641271159264209967
7.0428701038094976283 -4.5713545510824120655 -1.1670993438324452907 -0.93553354109710906705 -0.003240318001185018941 0.35322300862426747603 0.33151383324792216278 -0.35331805098375379526 0.8747942233543708479 0.1219654535005294943 0.93549765108651028456 0.3316150976118728555
-1.8619290067885385653 6.455752660824811251 -2.5970924800701253865 -0.96434570977161526706 0.0014827566086471673928 0.26464155659687016442 -0.24291341320114950841 0.3918888970273571859 -0.8873647311414328831 -0.10502583364170964275 -0.92001135526658206487 -0.37755619508668097906
0.82282480848020012054 -3.8520345113361784684 0.9823654908102644745 0.6755625017385018527 0.011277176659305936102 0.73721647535266698892 -0.62220754426479507604 -0.52772262893385635252 0.57824441092935752184 0.39556678084081614566 -0.84934189358447331752 -0.34949287503121390097
4.4165501169597565223 -2.0281821675954136985 4.4245959511390848817 -0.99103893656230890308 -0.029536814075346150971 0.1302666604770515435 0.05525000398758637965 0.7972607844146786249 0.60110122167060453524 -0.12161111494002926903 0.60291194900152667024 -0.78848457085365097896
3.8388896601585242863 -2.3867003732872924537 1.1990060584002064648 -0.96384677399824025823 2.5521263917607089899e-05 -0.26645711775418107203 0.044226105059301704103 -0.98611407465120159976 -0.16007211939020934977 -0.26276119935117658866 -0.16606935636490527397 0.95046174094070456917
-6.9880979618108041151 2.5146668841253059234 0.65912309053422546423 -0.99886594925464256001 0.00094417460091180413842 -0.047601722174279187394 -0.045931906076368475556 0.24407481886307266783 0.9686680250741671605 0.012532973463294468097 0.96975594421032051962 -0.24375465789373815251
0.95506608650846835928 -0.90747293370418991021 4.9682586231967045265 0.6485928008058111649 0.00044864735441933843024 -0.76113545276668514994 -0.091282875298676666165 -0.99273634583197190029 -0.078370813071367895208 -0.75564198892071843261 0.12030937777164846247 -0.64384069318435599438
5.8768879697128113548 2.8553221474131595947 5.1389497966651553895 0.97839211308551377044 -0.0065369221961178482216 -0.20665464354885154652 0.13104962397040506583 0.79269130852539015919 0.59537088058248488487 0.15992144668337818225 -0.60958818725149077622 0.77641958556829460125
-0.46821759569069598683 -1.0526731882295021769 -6.2578156257729684597 -0.87911355806112390088 -0.012659522046363117648 0.47644421345468490614 -0.44804246445761281015 -0.31894812760032986709 -0.83518263987168783746 0.16253400282964566848 -0.94768762174138387877 0.27471961983517279027
6.9575721471309837085 -5.3876110221669355482 -4.312574476743672669 -0.97151199660994935758 -0.0073729812623676733996 0.23687566272296245451 0.090761190178808875961 -0.93488714404734607477 0.34314491727608392724 0.21892201077200487691 0.3548685207824928689 0.90892325647285299173
-5.2895937527277636647 -2.2012136718040999916 -3.6991790254128100734 -0.96205137636545956514 -0.0079665460937747793052 0.2727520547616512081 0.13405849005612549552 -0.88442200578050256254 0.44701905656822843449 0.23766672143410355611 0.46662002725405793413 0.85192739108931325731
-2.9339669131401264757 -1.9776042260387007854 4.323125771510583526 -0.83765608144978387362 0.0072628073874441674909 -0.5461497421393624041 -0.5386477169675982779 0.15469864931587842816 0.82820707851699615354 0.090503735921223710248 0.98793500774534337427 -0.12567216977346712392
-7.0193348770027927941 -1.6533501075464667185 -1.1820332164027942401 -0.96936076323356579199 -0.0016632557891055632128 -0.24563579601401075436 -0.11794410968868491996 -0.87401617326586034107 0.47136494975712089905 -0.2154736589306927852 0.48589398272665274003 0.84704081357218263815
0.86245822070689071026 -3.2357530894169053148 6.7764451540924532935 -0.94358473001107578959 -0.0042276703922294236321 0.33110418918048845072 -0.31422434719129377356 0.32685628872357602726 -0.89130692028839586527 -0.10445533457911383712 -0.94506459743494619641 -0.30974503991684998461
-3.1103591715273082308 6.0356072927440695963 3.7012090134073232228 0.96066713136172554588 -0.0010869546405876677649 0.27770034434761159403 -0.26829024393771550017 -0.26177344944733571541 0.92708953514327496759 0.071686872780139312966 -0.96512873736826065851 -0.2517687680729164823
-1.8222432470627569767 -5.1989407190189291796 -3.3177376148758637164 0.28049958134266461673 0.001667453572787786116 0.95985269935819761411 0.88791007059607029994 -0.38030317952032866025 -0.2588149883235724702 0.36460347146007165975 0.92486037391883102465 -0.10815543145825801119
3.7396719382240077856 3.5715385421011003331 6.176579129295824977 0.99962294296055054232 0.0045393084521512805374 -0.027080741969719435147 -0.022818784500601485554 -0.41125006123266438784 -0.91123690125570411258 -0.01527334216102434368 0.91151126258270587233 -0.4109914150007518141
-4.9191440454549812955 -2.6464292822193500321 0.55713107235410241902 0.76618130804508011167 0.0023462388115510039721 0.64262018204041093661 0.58294688036947561738 0.41830025475045240491 -0.69656143414852322859 -0.27044248532669873386 0.90830578113268822804 0.31912610374453115325
3.1369445862386684531 -0.2672726036113821646 6.2578496940244683344 0.98802304745620628257 -0.0073910166640080016132 0.1541292657736856031 0.14796020917055324739 0.32888819224086673909 -0.93270592016274356251 -0.043797650593190788626 0.94433994402290155623 0.32604269034176747155
7.1672077836075311907 0.044688727700633826267 -2.5928277819818377203 -0.99919678574357884138 -0.01440377093648007728 0.037394046884702644706 -0.034789269395465623191 -0.15130230057116475506 -0.98787515434733041975 0.019886932758396286269 -0.98838259051072752115 0.15067967573886978383
-3.3798423540459849868 -0.41110518640711574134 2.0381882326189542098 0.98279929349920269743 -0.0047512965268121896967 0.18461574656251941717 0.14774526843768095996 0.62000278833351285535 -0.77056335113546192694 -0.11080110266509189676 0.78458522012594245076 0.61004028392246800738
-4.1283053417927657591 4.1898056278531825569 -5.0302761813139031943 -0.98265968609682430301 -0.0060338579832903190686 -0.1853200849287558738 -0.16727480754630308368 -0.40234887231011096098 0.90007473229235024359 -0.079994250296471253181 0.91546653543886624682 0.3943627041327712468
3.5746868926278292378 6.6106350885343783119 -5.3462456406343497051 0.99975450458924919328 -0.0054417193449134886388 0.021478320327594536965 0.022152205095776582311 0.26555200667278128224 -0.96384200549751264386 -0.00045865337628135573883 0.96408117886543776009 0.26560736095685771874
6.0428470464129251383 0.34813477339090109774 -1.0373094172092465204 0.70687410354844226745 0.012002577364347418939 -0.70723754133198268867 0.53674519663193753782 -0.66030528931925358549 0.52526328521022391804 -0.46068817612925194727 -0.75090136704749899099 -0.47319503520333872082
-3.3312405736262240552 -3.4422172513443363151 5.1776709837653980273 0.81106615902810919039 0.010399579180361457481 0.58486197895943481395 0.45778606113859965365 0.61114023251452687102 -0.64570855533220705702 -0.36414778305879941245 0.79145401948242255497 0.49091437862261988467
-6.7855904375883264734 2.9466173017883545704 -2.0199317453543708112 0.93737524133257832393 -0.0023322177933042149978 -0.34831339006269174119 0.1725157952337087186 0.87182362393875900697 0.45843414918314151496 0.30259867371104209877 -0.48981438270279736846 0.81762822429619463893
-1.6126878461481681803 -6.1648234697089385747 -4.0322648587377516449 0.9997940263729975241 0.0066055183193760476368 0.019190413144895751563 0.011497637503233754802 -0.96352943236750177025 -0.26735526419622829275 0.016724507789007914127 0.26752084047650065424 -0.96340691857061877545
-3.1042715928598103581 -6.7328726305288206788 -4.5554438367670799792 0.94024879093791069451 -0.0027684896623017245937 -0.34047693990155025734 -0.23544531573178120731 0.71707242480474830959 -0.65602792690908862117 0.24596283141910732506 0.69699316571228064898 0.67357465251491421832
-4.2473758902954568129 0.25042304424351718994 -5.9939297122237515936 0.76222955835151351422 0.0017739649037244223893 -0.6473043746365874096 0.63379032433372040067 -0.20533296924231655978 0.74575344217987804551 -0.1315899888144103913 -0.97869056641542440111 -0.15763518025228753783
5.8379641522603478165 -5.35692921605420036 -5.1230709000807825859 0.90902663175470610479 0.0019697754978667534644 -0.4167333712881318708 0.2897235190218130918 -0.72177862871483877694 0.62856653876595991459 -0.29955110630117937065 -0.69212118239156616983 -0.65668668602215718444
1.9788628023318006743 -6.0339687014186900171 -6.7944424224764814468 0.77542775454750079156 -0.0033166440000339113443 -0.63142758678242361103 0.28546795866902446859 -0.89011711975441820677 0.35524577083109604159 -0.56322272863467182091 -0.45571977463419538479 -0.68927472386318677788
2.3320221834828931406 7.0717738892765131808 1.6421097842106651132 0.99851980352384617223 -0.0022829593972335145147 -0.054341421283211406579 0.05326195999873965109 0.24341572799528690685 0.96845854169482858964 0.011016605093337059063 -0.96991936338070239287 0.24317701978458497458
0.93341513772478690303 -7.1281208923028458457 7.4101929689854335592 0.99995920613596245285 -0.0016661772611031204841 0.0088774949916530787597 -0.0034581163650434405821 -0.97857597966259657341 0.20585697330606123057 0.0083443091504648049528 -0.20587927501545930098 -0.97854182160195457563
6.678665792073028129 2.524899198615842888 -6.196820463498146303 -0.99481191392287415809 -0.00075660783464607649779 0.10172847910832251428 0.033018652017147188948 0.94343505548671391381 0.32990917643712669438 -0.096223825199706666811 0.33155651648407652443 -0.93851545103996170116
5.2422613468516203739 -3.1273796880385629215 -5.3393215109732379275 0.70249119343898258627 -0.007041297812077156569 -0.7116576025490211066 -0.70717396050067538038 -0.11940628612412843013 -0.69688387011320551689 -0.080069424442436545886 0.99282050691910783691 -0.08886128690431355226
4.5872530303819027964 -5.0259261528769654248 -5.5476057194622132585 0.75110423307773399593 0.0031669735197583682995 -0.66017603813796621459 0.46150467049174359602 -0.71757846184349660668 0.52162686876019059845 -0.47207612751236527338 -0.6964704741603480187 -0.54043779332676356031
6.4892373464554644613 -0.17514122631727727097 7.2802152544481470997 0.97902916530712036369 0.0021196194766970521614 -0.20370910802273162199 0.19708785653051899556 0.24321609143500175221 0.94973802160137787975 0.051558416251385200124 -0.96996981400468573753 0.23769789572750263384
-2.0126784293992274755 1.4436510047759296693 0.21065320971347872847 -0.98918421431144321065 -0.011967998086229669763 0.14618945645570002867 -0.14246613378561340246 0.31553309022866249389 -0.93815897890224186906 -0.034899726090223043284 -0.94883909910614405714 -0.31382538636360851614
-3.8244044266320766923 -2.5430621449552979207 3.0287212993535330696 -0.99704073377094237784 0.0011827476189855397424 -0.076865963270528803175 -0.026443410091603402473 -0.94414275579711437469 0.32847405184969524772 -0.072183940486530873137 0.3295346078698597192 0.94138006190479317503
0.57690340687937269326 -0.38704612116983794223 -2.0551552092921858694 0.99993330383438894238 -0.0082296969990032029646 -0.0081030839889924769631 0.010744125869261971634 0.40545467016097175295 0.9140520084787046029 -0.0042369378250139578396 -0.91407810526887856017 0.40551604878952629551
2.7128348446245067471 6.3465801719373819978 -7.1118938040397603473 -0.91684898484226651227 0.0038906053986209557932 -0.39921523290520244398 0.38863927407716386542 0.23753600681505429582 -0.89024500004839746126 0.091364400280739485605 -0.97137094287199043929 -0.2192966887696812528
-1.3629679630993880579 1.4815130858975282813 1.9654474926952678615 -0.9982001832467944924 0.0042386383209153909168 -0.059819964152517099421 -0.03505892238352619622 0.76804132753409748435 0.6394399042606689898 0.048654559162894281399 0.64038625308857644036 -0.76651039179380209276
-1.246436044088587769 1.720992214632223849 -1.2298227655992957086 -0.94179427236895041364 0.0083056994269978152989 0.33608713734679290797 0.048002815753557033507 -0.98612941516360752559 0.15888519826806785096 0.33274506489607624804 0.16577029862430980867 0.92833233805642800807
3.9170290276312056399 2.1278658558558243286 -1.6044771608449530653 0.9184011765389394899 -0.0025319989321782665828 -0.39564234848307927583 -0.38745143861603620339 -0.20827625073357258767 -0.89805477900556918147 -0.080129031232056363576 0.97806676273245352071 -0.19226218034768258192
6.6736056807352337472 -2.1756100298222316169 7.1106744851767036408 0.9671656016642522502 0.0016627312311402607688 -0.25414156346890598437 0.08852520230545074531 -0.93955861661269612917 0.33074596672627920579 -0.23823095414816203297 -0.34238405522710307904 -0.90885596835356530221
2.1021837365132576281 5.6930787102792557164 5.3143534517147363871 -0.69317151477998528719 -0.0040323678769355738791 0.72076139679290862627 0.26408862659402310147 -0.93186509943555784208 0.24876622310454335474 0.67064927376485028443 0.36278254707652979327 0.64700724504094087042
-4.7979837426581575244 -4.2762030184300190427 5.6380529909123993093 0.89990919924557721821 -0.0091256937352358763471 0.43598182855144934633 -0.014491007181147184252 0.99860305011391070629 0.05081298076263943142 -0.43583648748590742006 -0.052044884637753745238 0.89851983069882013222
1.98367666408858212 -5.3862974065191444595 -2.5044262399003596187 0.99598892659450655174 0.0024935073723519494623 -0.089441827587570091329 0.087777772797161424112 -0.2210907534658804463 0.97129498162735372624 -0.017352829855334109266 -0.97525005057827773847 -0.22042281674809380276
2.3218477448279561948 -4.5472079490492083309 -4.8661522952477085369 0.90730116293478701994 0.0089147474067320757463 -0.42038687778749134205 -0.27247874602254662513 -0.74899016337350154959 -0.60396114786949262054 -0.32024979735078334953 0.66252114113325921707 -0.67713056706091945269
-2.7842382063649684376 4.7248542542647404829 -5.6417379381156056439 0.95041756463942639321 -0.0058479425878357350205 0.31092162097908665475 -0.19000028158406945256 -0.80242640292533418123 0.56569582010689267726 0.24618356123581514039 -0.59672243920931078431 -0.76375125840904733998
2.3420268347040775758 -3.0426627372119474657 1.8009773842094534135 0.99910379487664657816 0.0070709723545656442273 -0.04173258214949417122 -0.024835351056580023954 -0.70046271286745120932 -0.71325675126168119888 -0.034275536477278059633 0.71365397023516219388 -0.69965934451476330391
6.0766922232199220844 6.875915891313889361 0.29504117884560304708 -0.98569380501703329767 0.0048464745940989921447 0.16847621326125389318 0.14959710075469950796 -0.4353163660728014972 0.887761436915853408 0.077642966176268618517 0.9002645017510154668 0.42836362671233640942
-0.014126158515454689119 3.8722456072926525472 1.1481953355149607798 -0.99033158855747216442 0.0036874868011409784457 -0.13867136382969824648 0.13442120333710444458 -0.2214315672990358197 -0.96586696863328747042 -0.034267839130840443973 -0.97516894097620065995 0.21879499938693736105
1.7411959913482848439 -7.463577077104710078 -3.7556656278828923767 -0.88276012114072122117 -0.0041884784492776617679 -0.46980530560219202485 0.46725828729285912022 0.09653421832132924596 -0.878834931969262656 0.049033269112554477009 -0.99532085346451881769 -0.083259456992944125275
5.8741203532793582198 5.0694377738004217093 -1.1869966356434622501 -0.72518334771355119628 0.01219730331036226155 0.68844777433798642896 0.28160178187777035186 -0.90714887387546094821 0.31270010724276303682 0.62833872126603484976 0.42063303058408485491 0.65441447488532000776
0.70958350837292405444 -5.8045893736212867964 2.7863765457487348343 -0.90546060353886781424 -0.00726154527770794464 0.42436819555575922003 0.23764762556121177273 0.81975044756836112914 0.5210881017415762706 -0.3516599230851343294 0.57267484113730626749 -0.74052604601333549272
-1.560241153326211494 -4.0659205919944003682 -3.9921327953229837071 0.55423591367441793487 0.0065855901313721177184 0.83233357615569014687 0.76991889381892464339 0.37593932583408196102 -0.51564960994065911493 -0.31630278047150717224 0.9266208789434799975 0.20328870547069585739
3.5322891545494679022 -4.9682420885282825296 7.2699173569515824767 -0.86398800487343152543 0.0025606834861934772013 0.50350587914623512464 -0.39014557891213236251 -0.63554402197658099727 -0.66623586167739268227 0.31829413235255893388 -0.77206038561099388229 0.55010145089797723994
6.422569856495353946 2.903034939030341377 6.9303347117863092208 0.86422922621053788195 0.0057221903522163813233 0.50306570256876992353 0.0047688938616642848056 -0.99998356661063481088 0.0031818485282282347321 0.50307564263724247056 -0.00035077955045867068029 -0.86424231251362515493
6.1986107592542829536 -4.2060418052838715042 2.1617542759159911192 0.96767158980221812392 -0.0068497437384251614462 0.25212055707594660525 0.16854388467935715878 0.76121688261773834405 -0.62621227755046759977 -0.18762903087411547665 0.64846120826802766679 0.73776243340571900919
-6.9473054319901557108 0.46973207491315138729 0.83711911714282638552 -0.99955048986128691713 0.00299914484345815361 -0.029829906943763639937 -0.025189674689134883279 -0.62355887913368246434 0.78137046561962975044 -0.01625726013571549694 0.78177063732516560712 0.62335413057839061945
5.248121086219485143 4.5882808311752176778 5.7178851037650346711 0.96283863973188699159 0.0102187494569749137 -0.26988392134170474668 0.21495022155993440127 -0.63400987260965535608 0.74285118542329431346 -0.16351806044161310005 -0.7732574335840192159 -0.612645725779938366
4.4656412027326171099 -3.5911528019254075339 0.89063660655093834784 0.98697708794249427999 0.0066609128243826313392 -0.16072292965492809835 0.15982747123928600641 -0.15367884049031199645 0.97510922127870591769 -0.018204595952446268187 -0.98809839906057184145 -0.15274209131837485076
1.6355402012377122656 -2.3403330983878727345 3.5227797922453341073 0.99737704350851763557 -0.00062038184574051292303 0.072378506536778464131 0.049200554566225081221 -0.7276130752569611726 -0.68422110325942187004 0.053088026074680355615 0.68598748373541507117 -0.72567405468707235627
-2.3711122698618041227 -7.0595308177163209606 6.314471854680401286 -0.9804346680905177136 0.0018775892109233268019 0.19683581042323566868 0.15287620661584924719 0.63718716931644370227 0.75539484821468716458 -0.12400293164665242285 0.77070680931038704209 -0.62500742957644028763
6.9702812127746369697 -3.551794516763245646 1.747888336037582091 0.9662563850454154446 0.0032052578744321451668 0.25756227340343196275 -0.25388529850328628301 0.18065388985975106007 0.95021388501870096555 -0.043483946034072067099 -0.98354150822441233082 0.17537174241244435358
-4.1457874741134821406 7.0773887136780508911 2.9089677205462818321 0.95642231862133775255 0.0047855525371820377759 -0.29194767841142221787 0.032891504575045457659 0.99173579579776549586 0.12400911361717403825 0.29012841530898286768 -0.12820768237598084704 0.94836084525355024422
4.0046792693285313547 -1.4021619188054119665 -5.6096756078425125125 -0.76031828014403224358 -0.016384772763655155309 0.6493440167587682943 -0.47200075986124462313 -0.67284506096891993909 -0.56964445632357085803 0.44624140951880547634 -0.73960196264690025725 0.50384277436467861389
5.9346723460829036156 -2.1633069907201520898 6.3086845469501131589 -0.81580011686342157606 -0.014382998331274076884 0.57815508186348596453 -0.54360880344130080299 -0.32211801461272671077 -0.77506738641422756597 0.19738196003358982056 -0.94659025666917873121 0.25496518945214557972
-4.6899581661049891679 -4.5014898716352931274 3.1795558923415270236 0.99590712900250377704 0.0019818265349107466733 -0.090360736858641668712 -0.0056618944435141860955 0.99916397134679513226 -0.040488286130279924069 0.090204951933664914709 0.040834185752165630401 0.9950857429993790193
-3.5317959033337169572 -5.0386909453018358107 -5.7597599601140521131 -0.53533672890745831463 0.0057931376108710354658 0.84461886448223177926 0.20232102100878007755 -0.96998524407514052914 0.13488821569867379124 0.82004926141091583069 0.24309476718557432307 0.5180966541354551369
-3.09526206974248419 5.6762919637496942471 2.6916675014413771194 0.98036192950313916228 0.0038834624011088868419 0.19716847085832039932 0.13693347387522858405 0.70607811843654277872 -0.69476824509883572389 -0.14191444927595958658 0.7081233009759955177 0.69168033057317979129
-6.4633324784554000431 -5.150756321782479219 -5.7432693110744512666 0.80871523728632799255 -0.0034120156854436003296 -0.58819046501121008408 0.1218261487259434811 0.97927139302170573831 0.16182066708525266741 0.57544596137924375334 -0.20252381824932244592 0.79236736970555121662
-7.2015145751766329596 -4.674192906651249757 -7.0770697597178715554 -0.019040229363301786752 -0.015507485571254104456 -0.99969844831176157829 -0.92508397604222691868 -0.37903488603782631294 0.023498775205683865297 -0.37928499434552853664 0.92525243747729790655 -0.0071288152438063953631
-2.5553240161430750277 3.8919613681652949211 6.7639885516596942594 0.55251696114310178132 -0.00088760248720453813719 0.83350118164945141697 -0.83249453286074426295 0.048556410276638622969 0.55190137504625191855 -0.040961694375326276885 -0.9988200474473956092 0.0260893160321112004
-0.40390884820691891344 -4.0650239360199593719 -6.2302789454045246487 0.86871720683043629485 -0.0048930677421452151502 -0.49528423399564003304 -0.44652825761894482381 -0.44046219147036058672 -0.77884887689009474343 -0.21434301879094891374 0.89775782690728622715 -0.38482197770185466723
-3.6828625701004695792 -1.2184564935973094535 0.80081201227769616136 -0.99552616907525337542 0.0081299293227499961484 0.094135811121763252052 0.027264705714562111061 -0.92919428323264707803 0.36858461691994520715 0.090467024426880149335 0.36950221684981437997 0.92481556498267913913
6.615168545709232184 0.59974953043802492481 -5.4687316693379273147 0.99374304182959916076 -0.0084457849655484272533 -0.11137071218049818255 0.08974271721720462891 0.65398580861817101617 0.75116496645710140179 0.066490687481306570694 -0.75645966901243211211 0.65065179446150633868
-3.9739505611016037179 5.3771476946826037846 -0.73377494795269848638 -0.99969543864519250231 -0.0039411525276892775405 -0.024361799377991703863 0.022226724339311977607 -0.57275748847312657475 -0.81942347545272420373 -0.010723930124859533744 -0.81971539372796675682 0.57267064758726105023
7.2979266709047250217 5.0734657571506263096 -6.0819873093299028355 -0.99981645595312595987 -0.0011664192276673345568 0.019123123994365848893 0.0062396319860607927371 -0.96355002824484126123 0.26745543565606344494 0.018114121502248291956 0.26752566705923502832 0.96338045240017067261
-1.4509774130209982523 -3.2594919287765744542 -5.0809669989160308745 -0.8934901374903005955 0.0078457099228540320979 -0.44901427487705786179 0.0015798639598088061453 0.99989610639715764684 0.01432761116307128442 0.44908003544738628321 0.012092197797594546674 -0.89340970473518288575
-1.3931534314073750203 1.9104006530906558758 5.8136448791542996162 0.92375913962055600237 -0.0078638185086529720225 -0.38289321269242243551 0.35976236292142171891 -0.32495645859147864742 0.87462811654156003005 -0.13130153918634923649 -0.94569628336915534383 -0.2973523926744033874
-2.2424046109156106077 3.7803826977138967891 -0.68055043645396140484 0.93258691674965743523 0.0061824659872315081838 -0.3608925322331165142 0.095921112297127880675 -0.96814570735388894018 0.23128560168724124346 -0.34796664053178971709 -0.25031113927766646121 -0.90347304919980375715
4.9619650383090396772 6.0874962175935038999 -0.59709026442989476813 -0.7748537592730025958 0.013917769174141839811 0.63198730006369385759 0.62839423181416831365 0.12564130169883419574 0.76768154382535613856 -0.068719292510992568968 0.99197810409739317627 -0.10609948081008765963
-3.1010326074639942284 5.5436910875118305952 -4.4908577461964629407 0.99912033208719874811 0.0062059611755925763593 0.041473462067448875479 0.01511999801308499744 -0.97577861191800574492 -0.21823722455947916488 0.039114545504947029197 0.21867232693968549628 -0.97501408490382868166
-3.5524971251830161911 6.2375344464284117052 6.8731096482418241322 0.90324162127220519736 -0.0016823309155917995361 -0.42912905210932117406 -0.42637127081133691098 0.10973637043833209259 -0.89786717749875910588 0.048601574338922079455 0.99395930438113533345 0.098401159576825492081
-7.3334640917878770594 -6.9067382366080432021 -6.0452044369478805663 -0.88194070175893879426 0.0044898740966743677649 -0.4713389858813156752 -0.46766381358667769019 -0.13332175837761595094 0.87379394951250222157 -0.058916517569888332551 0.99106263665500682336 0.11968163678588286669
2.7269239235072397776 -6.9953138292344183569 -0.30802587295807981604 0.99987847395901463532 0.013746240515153057213 -0.0073537871259935234242 0.012435528734632793346 -0.98775062899658372384 -0.15554437483232591566 -0.0094018582464637651119 0.15543402390919827671 -0.98780153334195208714
-6.2676499798610620928 -0.61949860592319561103 0.8490216768792427926 0.94478657739537530436 0.0040276710760858650678 0.32766156478757524351 -0.32330345481066646851 -0.15153796774066966013 0.93408303722980501327 0.053415346866324563135 -0.98844323165199310388 -0.14186887791347096988
-4.0586185855060028516 -2.0820642463114200638 -1.1891640771497227203 0.99812101580967438341 -0.0053224132382321820423 -0.061041868552359615507 -0.047303625976673001341 0.56627681904440552163 -0.82285656780655525022 0.038946177842049650719 0.82419793504366967163 0.56496102440903583908
5.9408948278285809153 -4.2361348749753577891 -5.4415236036286378507 0.9641497614925319537 0.0087368734361301103597 -0.26521482699198711819 -0.12252538069337674809 -0.8718795386352802268 -0.4741451267230266664 -0.23537792695952905464 0.48964245848555498775 -0.83955196048154767663
-2.9548211705065292598 2.4666111696920767216 -0.098956638851136285995 0.97953255896457125385 0.0056275781180627438768 0.20120709801828920438 0.19495947755966536175 0.22211662539343954292 -0.9553297895667033357 -0.050067634636314785335 0.97500386414025874693 0.21647331677036746322
6.5192997909928909195 -6.2815795140866343971 -2.2991898265368946319 0.99356148320709014587 -0.0049037838908190505699 -0.11318803819726133697 -0.0639613086889202348 -0.84889777702971880302 -0.52467276958573705326 -0.093512192136562768963 0.52853431019895413812 -0.8437457868720544818
3.1081942270707663134 -3.9792779835473495176 6.796072448980487124 0.98161867444301309504 0.010591175669861794054 0.19055866546218633295 -0.047925453973478242264 0.98014545182503287624 0.1924007383777670277 -0.18473745923943712954 -0.1979967683190744232 0.96263666608377052025
0.59798223493677782336 -3.3491594557400738985 2.4634473868191157919 0.81724534039600993385 -0.0051502496308972909797 0.57626689001699826775 0.55855872088026381483 -0.23905952702498475815 -0.7942686559768898924 0.14185277201988891194 0.97099125509318073846 -0.19249356769237305209
1.0552257932611905922 -0.60885501602495140094 -6.3845515505075614016 0.79698786733910775837 -6.7716224341046390989e-05 -0.60399531018767771418 0.10604940981623396656 -0.98444949724556130022 0.14004538568149177413 -0.59461236279763507451 -0.17566781944214579503 -0.78458712404710417854
-5.9585554023013340696 5.8626406370850050465 4.7386777328134002119 -0.9889518689716315647 0.0060379051127292370643 0.14811395801648910564 0.091802315026602340775 0.80945342137168629915 0.57996335538153820366 -0.11638958636069526853 0.58715304847329174986 -0.80106476757828981583
-6.5794004843848874486 5.6575459142373132337 -2.7799706314495322701 0.99979123669655711737 -0.0072964100527403838101 0.019085214831940262858 -0.012380388571070943121 -0.95940258939326428234 0.2817683400319468956 0.01625450718016208454 -0.28194579951801895801 -0.95929263373099027401
4.1183895972256250317 -3.4957209290740443031 -1.8907008123106723296 0.87385258153684330917 0.0050429222961128408742 0.48616482254087101111 -0.46453507310269487318 0.30377127806661546883 0.8318234046234748158 -0.1434880887006350636 -0.95273164089198825177 0.26779392981272387431
