1125 14.717824617146108679 14.977075390850430381 15.033177056927090831
-6.4044275399356722644 4.4046345289827115721 6.890413273108244141 0.97922639663263633114 0.0078221385496678921129 0.20261904719530979269 0.16889569296836443035 0.52148352268490894001 -0.836378610717013804 -0.11220476386745388553 0.85322549757769527989 0.50932930531110831573
4.0845761257188932802 -4.5716801587207100965 -3.9784719347313912685 -0.56017573301591538915 0.0029101659921409936405 0.82836868547401787399 -0.50153621314299656753 0.79468942111703710918 -0.34195050938812954211 -0.65929096387435337512 -0.60700927085061817667 -0.44370617536302348061
0.96012056747511465016 3.9826431319601165448 -3.6924357036916632957 0.99988946023155389486 0.0021192255787908188466 -0.014716528147824438008 -0.0091920936321648483852 -0.68986119380534394185 -0.72388330461211558564 -0.011686433691893307815 0.72393856242396281697 -0.6897654565888274858
0.82845611267290053537 5.2691181745278568016 7.340647364286353671 -0.88365596347503172492 0.0019734016728012076028 0.46813272039116382572 0.29875156514114775685 0.772264670752735638 0.56067350626971745875 -0.36041592714628412075 0.63529787028845063901 -0.68300583853012641899
3.5431699570365755569 -1.304683323817293239 6.4304002899469221433 0.9193223073771153997 0.0011606303641243872777 -0.39350368244278705054 -0.31629015781749514336 0.59710902192234860397 -0.73717118229531919393 0.23410901568847761189 0.80215925406124910513 0.54930273975032839484
-3.7365370387085303783 -3.6208167472286723054 1.1421135681764185144 -0.8647262348254890485 0.00071883381106789111942 -0.5022429910734688141 0.085956943682142766816 0.98545649360819831397 -0.14658411591379721939 0.49483324730385230827 -0.16992640313779086569 -0.85221187205960802213
2.0677778595233591297 0.94020845796547747319 -2.9490760913144358213 0.87107477366475449809 0.0058425143185058614828 -0.49111567243501230706 -0.4845172690986915276 0.17400383837789606956 -0.85730139401193494741 0.080447216421492828697 0.98472764217132535691 0.15440115321414843441
-5.8081016697961382889 -7.0130352327553611147 4.5883225170383186153 -0.93386757916559892667 1.9244820688939408282e-05 -0.35761899308222061533 0.11754768060408461727 -0.9444195038682726695 -0.30700870264196655768 -0.33774826034791727292 -0.32874275709574524162 0.88196049361003647782
-7.1922701694711816955 1.6445739019357192845 2.6587753254777495293 0.95474977178718811732 0.0015654881422883758224 -0.29740615750067156409 0.29286614331602300876 -0.17908586338870174925 0.9392324928544747431 -0.051790881162700329321 -0.9838322025534238513 -0.17144066567529120393
2.9477224723852355481 -6.8899402453125642154 -3.684975605967642398 -0.37203011170658289997 -0.012411909695585903596 0.9281376732366963811 -0.2137472759947413592 -0.9718927185497266974 -0.098674442663601355519 0.90327498470203193559 -0.23509676332915044328 0.35892034476161538414
1.1357624491865128125 -3.5471952103132866618 -1.6212594768771881881 -0.805783037521345058 0.0011418870635873309971 -0.59220975383457552521 -0.5802679457718169509 -0.20133841830898369096 0.78914634411032635875 -0.11833345914259965626 0.97952107552965195225 0.16289768273544846799
2.6508155136253988005 -4.9888360154308424299 1.6441533246488444497 0.97967232934164727443 0.0099609389259596760324 -0.20035694851436572361 -0.1650878321567607887 0.60744258823574148742 -0.77701963274490537525 0.11396549827052973591 0.79430112784320472397 0.59673912517179794612
-2.0555022832474030281 6.3859385729369622098 0.93345463291067387601 -0.81964135165520446424 -0.0066208157327576361989 0.57283873774034077542 0.13512739254112959841 0.96948411500962994314 0.204551065822672129 -0.55671235161607135478 0.2450647170507969097 -0.79373461686819901661
5.2566078926427044493 -5.572156036494209097 -6.688269932032430809 0.97425238352126386498 -0.0038263543493231837872 0.22542770951147902969 -0.038032050268175493501 -0.98831694128505376273 0.14759128267438978432 0.22222928779886874651 -0.1523646369123798916 -0.96301565982240433517
5.222865399605783665 -2.5946386186292249576 -7.2055043996408887352 0.55215193773323534288 -0.0085170627775075797433 -0.83370000437755209521 0.52253586771185522863 0.7827272487391796485 0.33807443120677932447 0.64968030954613131822 -0.6223066074876500986 0.4366348378967591648
0.72595685274104049256 1.4901119427682092411 -5.6396202173776108779 0.93378677985888280944 -0.0045219246851783741897 -0.35780134426518067636 -0.25117319196064102904 -0.72046761682139270899 -0.64640423942910896216 -0.25486129051139033708 0.69347383895051417646 -0.67389892216113755907
5.3504855893409670742 -4.305940952274828426 6.0011749363600497276 -0.83370356178243543166 -0.0026418709362995502002 0.55220593222931124711 0.093325136743338976686 -0.98627845577926642751 0.13618085958579742578 0.54426904185625801791 0.165069161819057314 0.82251041445890338277
5.3973042223383345117 -2.6268871825966617628 1.1715720988936966229 0.92442923908900154206 -0.021322874131304896117 -0.38075703139433747513 -0.29556087683105669583 0.59087466566453694661 -0.75067362919101066066 0.24098620293351369348 0.80648153389567323046 0.53991961020247214442
4.265204965907142487 -5.5465678063686576493 3.0407108376565963326 -0.98610401257011326415 -0.0073597281300236856716 0.16596599288670846328 0.14825359050957104268 -0.48978742649867940129 0.8591444289203382656 0.074964987121007894966 0.87181082308359658661 0.48407245269721754788
4.4864186648656998457 3.0680553095556550858 4.8904376890049388038 0.99981222330976504686 0.0055519981722256840639 -0.018565921374420802509 -0.014351199683516495387 -0.43165560820078180404 -0.90192431998269484428 -0.013021566258773655325 0.90202140286433873939 -0.43149487550500759125
5.1446339619466234794 3.7555364702424958168 2.7183189213562122255 0.99913156479369835683 0.0081332364679798999085 -0.040865226017688022209 0.041665448733887541777 -0.1873361777488410651 0.98141181309791225562 0.00032651910337849152652 -0.98226218850720625753 -0.18751236336381602032
3.275239696575554138 -4.5342072378576272484 4.5633209076220806466 -0.99873827814406179737 0.011173610526011934149 -0.048959189099257553746 -0.0090594183783444907909 0.91884749413602462287 0.3945088205080964916 0.049394116128221518536 0.39445460188449293915 -0.91758693775788913172
-7.2010088373461771383 -2.803258345464663126 6.3244746971193732676 -0.7071715635802096056 -0.0021682524228086000502 0.7070386682105737064 -0.70254076395219156037 -0.11050355887916792075 -0.70301169155316634019 0.079654595905957165103 -0.99387336323923114456 0.076621688800187132129
6.9510477836934434492 4.5884540101630539866 -2.3362197068067627193 -0.66440536101880620645 -0.00015170310743367241245 0.74737239261010146585 -0.67390006091149456946 -0.43225636692368291092 -0.59917705326339920635 0.32314737218957340081 -0.90175074729114335081 0.28709121478525656546
5.5087083653470561018 -1.3601434066436675074 1.1105607410149211933 0.89276139648279762007 -0.0069266262172282475063 -0.45047653745702120887 0.44591482015283395723 -0.12916330138659884441 0.88570695760101725291 -0.064319997808482756718 -0.99159914452574327015 -0.11222332403638787812
-3.2687505878867595399 7.2328147266186721964 5.6216014084140377705 0.99970073811743809244 -0.011596181375747513509 -0.021539795376782161496 -0.016169612530869278966 -0.97396625682648785283 -0.22611562129569529045 -0.018356956119503515384 0.22639624365442559406 -0.97386229161065795967
-0.65123122689894008541 2.4062223896523322608 1.2148585139367682473 0.57998547154591884034 0.0030606473020649577893 -0.81462106849379578577 0.73543461033259960313 0.4281173805970368007 0.52521561511033842962 0.35036093777809201866 -0.90371795426941259333 0.24605095490656628265
-3.9216163106209673828 0.62225095455362178232 -5.0880299266512984957 -0.9006825700594582873 0.013269753100394958423 -0.43427505298327306882 -0.2415270518503680186 0.81556800475654467331 0.52584552184248634088 0.36115867872097090485 0.57850906930667778116 -0.73136288223736534153
-5.6563303590761027095 5.0644537414698804767 2.4367716749891719097 0.77442788526427996931 0.014552182382391804297 -0.63249480987051864833 0.065931860161082045391 0.99243547989152669508 0.1035606492259139727 0.62921732361792415134 -0.12190181393364950269 0.76761025749975242416
5.012836985911594212 -3.9477617895149097471 3.1970538967595838464 -0.86856901706402667163 0.0096613905282733891777 0.49547403577723753143 0.41968373581822826512 0.54603319890858625918 0.72506089922102034961 -0.2635401762274841575 0.83770782688398959248 -0.47832224733051487142
6.1560356041753259149 4.3902459674381848487 3.423032794310866489 -0.9976495691601161564 -0.0079216049119059488148 -0.068063098153025400339 -0.047436354147945260229 0.79663926608267510154 0.60259079983048535745 0.0494482503200786086 0.60440311705908000839 -0.7951425926394596333
-0.73902187487604242833 -2.5141761779887557005 -3.2118000038568266241 -0.99525750028817039361 -0.0029635581353646559336 -0.097230270201835805599 0.066498059037664772331 0.70878477591002930769 -0.70228352506834990088 0.070996593330674720446 -0.70541856990118267934 -0.70522629345058229777
-1.8159636977649515899 -6.560311236643866728 0.72891740063202281608 0.79512615972383737795 -0.0043523007236447456073 -0.60642843568006721267 -0.59901676454212993139 -0.16165995502082630697 -0.78424803139066967539 -0.094621910360889932567 0.98683692493807295687 -0.13114716031460568746
0.74347086165904341382 4.1950263152681470658 -7.4911166021082991051 -0.70630666051307333664 -0.004697021822649216985 0.70789041475426794925 0.20021839365137522604 0.95782291503339545002 0.206125831182465441 -0.67900183811139014356 0.28732072919125678512 -0.67557627431579903021
-2.7291540261594882111 -5.3998845527021162027 -3.927952744068380575 -0.15999266403054823726 0.0016379034920504949822 -0.98711684451672299101 -0.77494689009954287329 0.61921062381568792166 0.12663143716637914604 0.61144064714530554916 0.78522322980533909575 -0.097799869082861312641
1.1257096542729843058 3.2433909061947363561 -2.7120397618235023707 -0.87036524701375128643 -0.0016237713587568813889 0.49240400095558917171 -0.49222331386725931557 0.030156817496309273885 -0.86994642113403497508 -0.013436743508991121077 -0.99954386083095403404 -0.027046704028512013468
6.6300069853109304674 -3.8343635410543512876 1.3300786845462195807 0.98307647881175463933 -0.012171489021974511366 -0.18279084129699527117 0.17429745936086094016 0.36933381206758325588 0.91280497967738627452 0.05640064243791564208 -0.92921708449561701837 0.36520484308667677809
-1.5076885540348721193 5.4538314881580509663 -7.4510771850842463238 0.92222887727069036146 -4.5094593977373226279e-05 -0.38664440496986285378 0.17772598727427121879 0.88814304630512086458 0.42381057413335848638 0.34337642810100454938 -0.45956710855583748909 0.81907917893098769468
3.1189205112344793314 5.3085826321808564643 -3.2401189946895767591 -0.93917742879172505521 0.015017635058671973194 -0.34310381502602649295 -0.3340585663355000734 -0.27176790474553885746 0.90252262033049168721 -0.079690849575468264421 0.96224564254009181674 0.26025505164437728878
6.5313303745575845838 -6.1105727417433488569 -5.8046529059284290852 -0.67871163045618720933 0.0025332224777879549377 0.73440050753489449775 -0.29080127019485962903 0.91733158009137183431 -0.27191431264292525993 -0.67437759744576797338 -0.3981160069011434044 -0.62186694807848541533
5.8748457516484622332 -5.0165872246629490405 -4.8823771891828107172 -0.31147004779649017925 -0.0030710329882485034453 0.95025100793536365629 -0.59153088914967677514 -0.78199199238555194835 -0.1964172370911157206 0.74369188277626918637 -0.62328090986416184727 0.24175047237068145178
-5.0952574908321590641 -4.0647939294952779576 4.9189742710307866602 0.9981961447366540785 0.0074743972761294203561 0.059570042959699517904 0.003375092869840569474 -0.99763712010117433504 0.068620589799330680703 0.059942183652066362287 -0.068295753760013594436 -0.99586275391617107289
2.0426749110945392474 6.5317452888111278142 -6.4330717478124714859 0.9774486418298327095 0.0078531819903835779761 0.21102720231696078801 -0.02391775676466392081 -0.98876095125419716236 0.14757954528352940082 0.20981442633058600133 -0.14929872339500588341 -0.96627521840120556007
-4.0266698450793496633 -4.1740640072097248137 6.3817258579560425247 -0.99797425448559851091 -0.006010742665465557133 0.063334495786729894107 0.059528094387283569944 -0.43945574198970582813 0.89628960543505042935 0.022445341667482979209 0.89824413263030744581 0.4389233245483443735
1.704563171867371052 -3.9184595005677143043 -4.5358153347738161543 -0.99542538687527681862 0.0041132219951836232474 0.095453551893198554379 -0.026978924826197007991 0.94631290761256081634 -0.32212422836696424921 -0.091653896695300024478 -0.32322586884508963667 -0.94187292185831217317
4.3270432997274914655 4.7826940793672276797 0.86185323518266720999 -0.91657444462861703549 -0.00084565070094911719972 0.39986319201543080171 -0.13077687416479266691 0.94563774025170832527 -0.29776949708697936225 -0.3778739163234131615 -0.32522076976512287461 -0.86685797814628007263
2.6084779809707345777 6.9419768702195430166 0.58331388355264723877 -0.99611663872618960713 -0.0099695751490256768329 -0.087477137723187103902 0.003593324456625170138 0.98813690217887417688 -0.15353354868461641103 0.087970052132800860556 -0.15325165618578021065 -0.98426378568144246017
3.3778469194199542969 -0.4888746013328264528 0.0037089274772059352414 -0.9728607506478433864 0.0052842008718351381191 0.23133101190735183561 -0.14376326741415049182 -0.79717238579784899244 -0.58638580325901390466 0.18131211429847585159 -0.60372863485380834359 0.77629739962601995718
-4.3807499941752094941 6.7123878410980744036 4.5717463974092327206 -0.73085119078431837192 0.0030590228874875298633 0.68252998418241117573 0.67711996404220331502 0.12898526481877523042 0.72448005890781908001 -0.085820109674720673754 0.9916417920996153379 -0.096340359853982246441
-6.9409789834341388826 3.5564337288390541758 3.1982362944859845655 -0.94549250164139120312 -0.011615593971486209632 -0.32543664101729391502 0.27597449717962457827 0.50191880834450774973 -0.81970457284109587981 0.17286412654568655833 -0.86483674055091319666 -0.47135486201668852502
3.3401780498389150864 -0.29397565600275116227 7.0445374879344351271 -0.99731321998720601218 0.0092854341104478144847 0.072664447647073041048 -0.072305317347454906018 0.03445630835981194906 -0.99678719087751554984 -0.011759350397914283132 -0.99936306892320836415 -0.033692345579135973832
-5.8462234521170115542 3.9972550918128937347 4.754395663458971022 -0.99977441015772139377 -0.0047724539583503004445 0.020696677926399439928 0.010742353581006487337 0.72699515968301153812 0.68655854785822900688 -0.018322953733383211261 0.68662599825587600222 -0.72677988957157657612
7.3550460301452096346 -3.5972045716139042781 5.1492425229800149467 -0.99665126916303836691 -0.01929690581044712569 -0.079459908771107493064 -0.012471129759691192834 0.99625847898250663448 -0.085519085461107188784 0.080812861589514450866 -0.084241750229489528734 -0.9931629317086055897
4.6422152899858835085 -0.089172207034484543553 -3.9866485298307101637 -0.87558342435973612883 -0.0016444172047212048463 0.48306413950771004417 -0.36663106099971626284 -0.64886509383638169002 -0.66675014444022873139 0.31453987361933188893 -0.76090169266001250747 0.5675326263842839225
-1.9532508024189438878 -2.5298964326244752776 2.5670305192926177185 -0.70091777685737954862 0.0041035214855805936945 0.71323027922024950787 -0.62092226085804957947 -0.49555924409447693613 -0.607352106741673059 0.35095557561641793631 -0.86856444591283987755 0.3498942515101445272
2.4640174000406247501 -1.8560932773843443755 -1.8514493481750216031 -0.94497207763442225836 -0.0040283309740805116686 0.32712619130961623215 0.28281468667999981603 -0.51269221310014656545 0.81065562825686754422 0.16444946180894159937 0.858563024580037637 0.48561909696255334268
-5.904380750280529 2.7784828926211715405 -5.9789727546959694493 -0.7727744334980879426 0.0043459196702856518063 0.63466588683638691659 0.38652732448484361516 0.79636605724154085895 0.46518569442749968523 -0.5034047103059616779 0.60479931866340341795 -0.6170911454445734412
-4.7170727867238309017 3.8270398131768175176 5.6107059715066922578 -0.84762512165953096677 0.00018538466668173458375 0.5305955321752432452 -0.1713315450531598394 0.94633596303729006216 -0.27403238263394003038 -0.50217243532617827917 -0.32318448399458499232 -0.8021063735587811161
0.4606907354023269674 6.0011178739611521493 5.0536254967697793461 0.61021035976893189812 -9.6173417158022605176e-05 -0.79223942566708571711 0.7901688117304029868 0.072326400908507143539 0.6086067208799231798 0.057241294528275546427 -0.99738101169142956426 0.044210312353865174884
-3.4418942860789356608 0.61628434701676071406 -0.31245182539771793051 0.98274925326890705257 -0.0090771673288673644653 -0.18472008616435575679 -0.1696074471821355234 -0.44245808071716385967 -0.88060442916686765269 -0.073737501040071526393 0.89674324744669231535 -0.43636490360592922189
-3.7783881291621081999 4.830303104584134033 6.6879681523385068331 0.98057280236471899837 -0.0075423174472672134885 -0.19601044030891318082 -0.098102498487395925486 0.84645555595474164523 -0.52334395151165169491 0.16986135244099531683 0.53240595905833143497 0.82927137639379122636
-2.6766950053850266933 0.30895736060792222677 2.392060313404501759 -0.84558799612470625373 -0.0060772451918396051818 0.53380146861972732619 0.11393527321722050905 -0.9789501150566968235 0.16933819931523783064 0.52153589936518685022 0.20400916479728167796 0.82848087868824982216
-2.0746250817486959761 -1.6221180729157751443 -0.94309724780766723828 0.95062970430657223186 -0.006715877283761371476 -0.31025483442219653485 -0.0032052214595058737406 0.99949998594276878716 -0.031456392926697468448 0.31031095991830431879 0.030897816959617491195 0.95013285021713267398
2.650831472578133674 1.3158497170126166598 -4.8088889939560237607 0.99231367489970379037 -0.0069569489639320098578 0.12355230256158555857 -0.078201192672546895879 -0.80904613951222670298 0.58251945684671169179 0.095906955283430073145 -0.58770396034184801959 -0.80337158956898557793
-3.9703415464353888353 2.9514781634082605244 4.9212143669244001742 -0.83253981037353275152 0.0073527285063576322544 0.55391642106613026009 -0.55312789819071728203 0.043922759410540718195 -0.83193768964320280457 -0.030446549662081268117 -0.99900787213575914514 -0.032500446526055375152
-6.4637053188675848148 -0.73813286855489590454 5.8385253201705920034 0.24838237579382818621 -0.0012243944792431227936 -0.9686612907788089144 0.16754891613756758839 0.98498071313744706146 0.041717567625916239515 0.95406161022035984587 -0.17266005793375210908 0.24485699560806747921
0.084840739722660873934 -1.4262929728556619224 5.8583581502780397443 0.99896263306451738018 -0.0080803086590301165248 -0.044814800600602340552 0.018281076145307606495 0.97250713441029235096 0.23215442226235022405 0.041706833922806926807 -0.23273285572298332835 0.97164600440236248424
-0.56858968581891766725 2.6824099865417467825 3.7091750215231367171 -0.86393092917804226172 0.0012757698473243742412 0.50360869931026175372 -0.41335448163714538783 0.56944282241329191585 -0.71054411862498423336 -0.28768284988883241482 -0.82202995347694363115 -0.49143192149728820439
-2.0819109681675582735 4.4019082656553019106 1.9017791746161418764 0.8447380737559558872 0.00052074822919775942687 -0.53517970399515213398 -0.52836684999768657178 0.15986779419385979684 -0.8338289753918770586 0.085123783812593972753 0.98713829689697563108 0.13532155862430705895
-2.9555585908214037083 -2.7382249755534271429 5.9748504612190700414 0.7502360300513145619 0.010093515312498208686 0.66109304954845615754 0.63918571196832307812 0.24462392873990534969 -0.72910956591123676773 -0.1690784576112296933 0.96956549775471645436 0.17707405438212137083
-0.35520545049407792337 3.0076110611933444261 -3.4005941104956916021 -0.99923233226770602489 -0.0036304445684541691852 0.03900725603039666145 0.0074808945714173284702 -0.99505692945706281094 0.099023953445503576365 0.038454939438192212164 0.099239745121595682176 0.99432021533349068676
5.9874930597650477537 4.4739894711974663721 -0.59427523899793444073 0.99120739002890012603 0.0015418632171481866724 -0.13230847520051358668 -0.086155179974523224407 0.76643983031845319687 -0.63651179994171924736 0.10042507115080601121 0.64231426043588935038 0.7598336633271416396
6.1069144674040263254 6.6987983464370453035 -7.3573573159867873272 -0.94146356799492636469 0.0096283577135228698429 0.33697721713189426884 0.24176203314980837522 0.71591755239023546764 0.65499097513389048508 -0.23494141709260876749 0.69811843759308100932 -0.67633806460023970786
2.4685231611819808961 6.8072258799285547681 -0.46668999705361502439 0.99782458247554117747 0.0017176827848352880113 0.065902596104043129066 -0.046091812272076225498 0.73290383349514443001 0.67876911810241291612 -0.047134355292883310662 -0.68033008195564936837 0.73138863276451615558
3.0434772950920128132 -5.2543464640168968671 5.9984149435434543918 0.75297721136171447132 0.00048634468906768365398 -0.65804641374214378757 0.43170043556303910881 0.75436670957645668434 0.49453574331651095619 0.49664882271557686533 -0.6564530683542139089 0.56781098610684788142
-0.76579011644760608402 -3.3886692984157518183 3.3154992672335397152 0.12459877238573241476 0.0035607724922236058673 0.99220081980377139441 -0.44662120679489397679 0.89315908204907101808 0.052880542678806922996 -0.88600487784262360602 -0.44972677822454892871 0.11287684167604188079
-4.1968245339952776618 -3.2193721604061806829 -0.45368211561715149349 -0.99195813020001366578 -0.015285067560291383873 -0.12564009964897540628 -0.12204248799607353426 0.37854633849889185448 0.91750111756496832704 0.033536533122067252455 0.925456123389289953 -0.37736754580565956552
0.82069451150728678357 -6.1738946767599660603 3.5129794134751528567 0.99803185672542937823 -0.010741096041515487552 0.06178221278932424787 -0.050669901690845349507 0.44232358889426387494 0.89542303062307637695 -0.036945554860489150661 -0.89679120845576820731 0.44090878241724307252
7.2722265694368397604 -5.7263685297449535838 0.9990103229979551136 -0.66779659401092428261 0.0028345923764738082187 0.744338413702782975 0.70711990833439297699 0.31469097929888267817 0.6332069351997474671 -0.23244170078666145929 0.94918994549771107394 -0.21215396084312584946
-7.0292638481085054636 -1.4010652519487987178 2.741328452870865906 -0.979271739196664881 0.0073335372911540195121 0.20241808229857199963 0.17822388931053276262 -0.4436560557223880874 0.87829695974644161893 0.096245031506540804078 0.89616712919613239485 0.43315282575394908893
-6.555121927093445322 -2.4895922113011503818 -1.8178674550390452325 -0.50626363277894170789 0.0049538058534156414678 -0.86236453656961953307 -0.52585349769567857336 0.79079131939455338252 0.31325259477203959424 0.68350218221064051871 0.61206580445054170614 -0.3977439099918827492
-4.5768122337901049335 -2.9790203916531572403 -1.5770342267458263841 0.98231758105533928394 0.0031464426989855080914 -0.18719580617065315065 -0.1872100348659647695 0.005087519899657578018 -0.98230673416542846343 -0.0021384094628124237711 0.99998210835969236765 0.0055866058888379577924
2.5825830320803588869 3.197016580231614391 5.782647070290646063 0.97737483114003353979 -0.0031193028784277962266 -0.2114916296304767962 0.046375055957837203746 -0.97240185059119443878 0.2286569376855537572 -0.20636810228110291643 -0.23329147201810948586 -0.95025643667619963395
-7.156045377332715951 0.71480880603881369328 2.043948883975279962 -0.96755827733422850034 0.007036515913392080851 0.25254993052024277134 0.23344518742870870587 -0.35735916947135454302 0.90432171734457134082 0.096614307575707339404 0.93394052885530265407 0.34412318162703425806
-3.8415527312820545447 6.6781407195450244174 0.49113532088961758815 0.80002315829179038165 -0.012272508251412461711 -0.59984358939469428762 0.20807333336022540426 0.94341574115327220262 0.25820965762040132274 0.56273300431114370301 -0.33138516093116987538 0.75730802252033180277
-5.5514786021105519964 4.5310099163217323337 -4.3825014680698268776 0.99760410129007481839 -0.016622896452006635098 -0.067154570973864263772 0.057329057930268330356 -0.34468973591117552102 0.93696444173427118063 -0.038722554228414182709 -0.93856947812679225596 -0.34291091922393196478
-0.15522006740211766185 -2.1767735794143452388 7.3595528287001341639 0.72816411162648175814 0.002279974602640222163 -0.68539902849007094954 -0.63124726104094208701 0.39182138718620335149 -0.66933018456655157813 0.26702794229743503918 0.9200384786840214435 0.28674950003983357139
-2.0331973619064571679 3.4299213679629159124 5.5387935875886631365 -0.93820948903443102118 -0.00033101692768445893124 -0.34606768862963577238 -0.058090872650337514738 -0.98565979231986089459 0.15843050311963086108 -0.34115744928176894302 0.16874437540794415269 0.92473614105205870217
-1.7973997032269750651 7.3166407409380100901 4.3148661528666547582 0.99315633074001008485 -0.0068002782139868125227 0.11659442065242150988 0.10167073746191111761 -0.44095131339160970052 -0.8917538900179248218 0.05747663747139659246 0.89750526206504721571 -0.43724219914205103565
2.2181312559481627389 4.9794370007071639961 -4.9087688410563954378 0.96701720805738078379 0.0049215642772562229884 -0.2546634986134053702 0.19704813414658581272 0.61908350478821450036 0.76020237235114507257 0.16139935610242009401 -0.7853097429066856483 0.59769461729679740358
-1.586111883494593755 1.1481887039734206546 -6.9159970158329144851 0.9950367755893754218 0.00058699813038796434805 -0.099506133770852600584 0.025533455441686291748 -0.96800772994737072086 0.24961786277336722728 -0.096176181448552638953 -0.25091968873627024106 -0.96321827844291074694
6.6991030917951857049 -7.4287477002332700238 6.799677075296175488 0.9353479663212898032 -0.0034492617257728327984 -0.35371214920059051989 -0.33437011349899536938 0.31764610602774501213 -0.88729790855396106775 0.11541580956362451627 0.94820306576125357179 0.29595630924817845075
-3.6138785714223469192 -0.71355151622240464704 0.95097725885947992364 0.67793225381841926147 0.001162653921990020392 -0.73512346409861240026 -0.5283789308685420405 0.69602675036813432818 -0.48617123340074464011 0.51110034694465533711 0.71801491001785566759 0.4724733054312442726
0.21239154004353028027 5.433934548151707844 -2.3557459221510383962 0.88171832147091733223 -0.010872580783859111045 -0.47165091812631987356 0.45908032761797457066 0.25014099604234019125 0.85245218921244603205 0.10871087515277373658 -0.9681483714213156011 0.2255452871098294898
-2.4806774558321551538 2.5146048444080961737 0.37127592576977663796 -0.99299869647310856635 -0.01626399300314866625 0.11700030484739766534 0.037893077050698865949 -0.98198891800197640745 0.18509964784644700186 0.11188254338549115385 0.1882372105957246522 0.97573000826704003874
0.46910162322801568502 -6.5882423418945377236 -3.3753084459430273689 -0.95883930756760948899 0.0081546156742176804239 0.28383214142609414221 -0.2835170833734483864 -0.082623665040642224611 -0.95540116883477077536 0.015660322434445823891 -0.99654745607941652707 0.081534790628240441657
-2.0133583562899812769 -4.5555194361626050181 -1.5913921277520977071 -0.99986023020758907354 -0.00082806402224840872789 0.016698334023953521899 0.0068880796788057148394 -0.93047065509646398329 0.36630167125266838157 0.015233988563049728759 0.36636549279939928381 0.93034630717722277549
3.7705666338874403998 -5.0002542299103414081 7.4640466914454117742 -0.87220411077591408766 0.0057912561321958018826 0.48910781071050429825 0.39946431523525866014 0.5855075327146104236 0.70541419746700351201 -0.28229107318384877301 0.81064627951208045875 -0.51299547708921733324
-2.9868273606930082487 -2.0738281167429608587 -5.7734179692257372452 0.32431158154906614133 0.00044842580795258798858 -0.9459502085138237204 0.1108714502048670919 0.99308944394175235892 0.038482175883336966482 0.93943042297044587752 -0.11735908676168500808 0.32202069056483417775
-2.3804749152481075036 -3.5061667052189222638 -2.0661394276147477811 0.97858098450068220497 0.00051855730409972478762 0.20586157453950904017 0.16699168763910843261 0.58279266934581908099 -0.7952776124197508123 -0.12038701355629290168 0.8126207206655157167 0.5702232293689295517
2.8213545456669595346 3.934904627552391343 -5.2286264111836739943 0.73435075804041705094 0.0048562220490356612645 -0.67875281308643231615 0.6244204025370008182 -0.39690805099929998834 0.67272814713485473703 -0.26613553889129082375 -0.91784552957425447062 -0.29450205225040981816
-3.1092413199177904026 6.0796077480184056441 3.4505590620694603921 -0.2472580716762003139 0.011029979565778636266 0.96888687964161357424 -0.036678959756535629844 0.99911197358900383225 -0.020734467495878428078 -0.9682551832559919136 -0.040664527317281921881 -0.2466339318015943749
-3.6840169745539803614 -6.0086310060743093331 4.6806491117366757493 0.99585505427953879831 0.0078530413540223824309 0.090614792431489843416 -0.049586542585600905386 0.88206442474482615879 0.46851203335023611229 -0.076248840386735489139 -0.47106335066642940346 0.87879772075188655744
-4.1642191835731479088 2.2109230087002633702 3.9005348424486361303 0.51549812105713421762 0.0013860820701774734937 -0.85688958796513170491 -0.58914199395904554013 0.72672399192156644787 -0.35324771835000517983 0.62223259167330491337 0.68692817553368834549 0.37544145151736418864
-5.3321101610644303648 -6.2053459081665085506 -6.5397209242930243178 0.98480737591101819017 -0.0063794191450864149925 0.17353309587113968648 -0.17352295111210580547 0.002114974032323465019 0.98482755461155957466 -0.006649645748115501874 -0.99997741469314471718 0.00097586639043866591978
0.39969009299112168154 -2.0016739685913500502 -5.0240562859036739241 0.99388493304424974095 0.0015891582829732388282 0.11040930415270028275 0.0044267564017100406726 0.99851915264152335538 -0.05422089667173669858 -0.11033197041337405864 0.054378087352058852855 0.99240610634997894479
-6.7231604259777926202 7.4070100839270560655 -7.2739036169220998573 -0.99103896710026595507 -0.0057482176723613158387 -0.13344933001887412938 0.067468661761049944503 -0.88379944043233316098 -0.46297573237891881393 -0.11528115790999218793 -0.46783063931861101903 0.87626750912369399948
0.22049114150733500894 -1.4270340948663220448 -1.1790488190050076867 -0.91992002812037387827 -0.011182215683364410755 0.39194655237072145715 -0.21262797835445507166 -0.82563522187064009028 -0.52260484424416442373 0.32944875881353230529 -0.56409346606643762101 0.75714072460620307492
-1.844323456666529637 -3.7717539167997795602 2.6440401298401479124 0.21765564728585634624 0.0042322484932344186723 0.97601644826158329149 0.97584303804142846772 0.01839804748956127764 -0.21769675457981293998 -0.018878143727157639664 0.99982178408014033 -0.00012557129225218175914
-4.9189621370648488607 1.421749439540991311 -2.5975915063568537633 0.98880871363391453777 -0.0051770793522574031637 -0.14909904658007441802 -0.12261929053290994418 -0.59748189305892851486 -0.79245182633135125005 -0.084981394616205255255 0.80186569032235266441 -0.59143011189226757374
-4.971542712478806969 -5.3208697765925849765 -4.3288575039110934739 0.92559592072128915596 0.0071058552206902519943 -0.37844642733896483033 -0.32339893684784104533 -0.50468977067027898098 -0.80043823186205087516 -0.19668583881346149433 0.86327153445626858552 -0.46484076693845266526
5.2903987124432587663 7.1920700487360207376 3.9014114503493328989 -0.92537629609202609604 0.0025311800503204609676 0.37904129558481886031 -0.23045785577811891964 -0.79768518714015124171 -0.55730379410809260943 0.30094499055682627509 -0.60306876502160289277 0.73874229425020077056
-0.021223076786210499922 -3.8875910924037895278 -4.9793103381351784265 0.79293145914405571695 -0.0042240063518443450932 -0.60929619961883851875 -0.25840610026184906989 -0.90792685334063039093 -0.32999260041757688677 -0.55180249043214490978 0.4191073690036515309 -0.72101527362437312085
6.8072529513654060906 4.9719381280528009981 6.0743672785970019845 0.99993919335127723347 0.0096673407344118750251 0.0053058574377992280546 -0.0072491922186994663113 0.2136641244610799073 0.97688028495344236823 0.0083101631874574373449 -0.97685934731751633553 0.21372121267300550618
2.6866905808680581202 -3.9667993109152850373 -5.6740947222697162289 0.99859836999265139124 0.0069576982399000182611 -0.052467951013105022795 0.028905689844138195144 -0.90211798750620730836 0.43052014785885900361 -0.044336853101516193743 -0.43143334021952234325 -0.90105466893202024181
2.1072039827082917895 6.3843922455532000626 -1.6884527512070499622 0.9888137322923019612 -0.0089950680220819232563 -0.1488841549034906897 0.14766292468622560508 -0.081829485273646737631 0.98564679069779592702 -0.02104907368928005465 -0.99660575158447095578 -0.07958588069317301672
-0.88765760239536162235 -6.6790461497248205802 7.4211869586046788072 0.7357951703832968926 -0.0024979964816923961972 -0.67719954758858003085 -0.59136849742008634756 0.48489910750290826646 -0.6443261253448558934 0.32998298062131692365 0.8745665300915194118 0.35530918499788699538
1.3788582574946328663 -4.6747530119302052043 -5.9820504444768349828 0.78016171154524627251 0.0028495889915574456469 -0.62557140574134129096 0.082685223893469994572 0.99074651457679929756 0.10763130401363951716 0.62008939483623248812 -0.13569533410026218823 0.7727068776160296304
-7.2973224317274949513 3.6933247733756227049 -1.4181740051122808666 -0.95105970172307707777 -0.0031077040755346846054 -0.30899156288459411757 -0.29832801951584492217 0.26984513112385727363 0.91552389263224409621 0.080534691470423289128 0.96289872124952646804 -0.25756594512015190679
1.088343625360151723 0.99242624403340196082 -1.123401608289432474 0.70859228269711260761 -0.0024435690741999886375 -0.70561392125749833326 0.69361295214445461976 -0.18126585465552880194 0.69716838895168586898 -0.12960728960838835411 -0.98343109514916826619 -0.1267486945660193931
0.10259580025350643895 5.3055098857817473146 0.89453158279737343683 -0.6381478922344578919 0.014443301876793030944 0.76977831787329986657 0.39708000088513334402 0.86276495671830355505 0.31299217618957309028 -0.65961711661676691865 0.50539887266362615303 -0.55630678494555718672
4.0583848418201018404 5.8987114261335307219 -4.9478553444258084326 -0.92724911600345583107 0.006996643153882372429 0.37437965203142509196 -0.25991265962938714384 0.70769976957987534849 -0.65696761373827428088 -0.26954496143505679573 -0.70647865015243382913 -0.65439546960830652367
-2.1632779380507067835 2.5787697560172477829 -6.398288786540592632 -0.90541418336040879744 -0.00084776869962102825717 0.42452848886503613546 -0.42430276236358543951 -0.030859672205707962267 -0.90499439030412731633 0.013868035925786597468 -0.99952336737046765247 0.027581074307921612382
-1.8855026027830343871 -3.400270755215249352 -3.4931054016862943534 0.90382649100186274183 0.002236328622581450036 -0.42789329627555294788 -0.41596936062631439945 -0.22988826952012622606 -0.8798413917049785482 -0.100335263907651559 0.97321445857091937182 -0.20684886377548306058
-5.586413886895545744 1.1512801574889965917 -4.1025294938484018203 0.79120035686601020153 -0.007412977401769614387 0.61151209559668773252 0.48052670008033032678 0.62604324162209001869 -0.61413675197720218879 -0.37828043275445105698 0.77975310668522801461 0.49888776975357540522
4.5726501198924447422 6.0554889861894771741 -3.7429983128552315463 0.99661635336814624608 -0.0011521963151727185153 -0.082185866442968324996 0.073259408417169408212 -0.44091879132826161669 0.89455222236155307325 -0.037267992670641091058 -0.89754626170315554567 -0.43934246872471399703
-5.2787141611617007797 -6.9476136121760712072 6.5584419199175609805 0.93085316155100850111 0.0025523394080163739825 -0.36538456069469332776 -0.36412185244688155539 -0.076874164374948927847 -0.92817328092457818123 -0.030457646021270240455 0.99703753611152046155 -0.070629196396719259865
6.9440677381603448381 6.6635400306132339665 -5.4372573025505541722 0.78744767452552011378 -0.0004686223650569500826 0.61638132700256420549 0.49928169054152576889 0.58688625437086139325 -0.63740279095750029814 -0.36144702706531400827 0.80966925643979126281 0.46237619078200381528
0.98195835633849748447 -7.1888028177645386663 6.5898955153668286044 0.69296350088572078452 0.004441872734522156127 -0.72095898372024647127 -0.10924314660952534617 -0.98778824748063431826 -0.11108696169230412865 -0.71264824518066305359 0.15573903783500403497 -0.68401595795353153928
-2.0229082425405242596 7.3661365415503397003 1.3362113334565466349 0.99690061989961675781 -0.0093846435677827719918 0.078109426504774148725 -0.018366263905553684849 -0.9931867156926262874 0.11507748746761892189 0.076497283572314223044 -0.11615539693358556406 -0.99028081339036244657
0.12425266489323373575 0.48404399089206739948 3.0014937661755545228 0.82181977038148412706 0.0061591355470017386531 -0.56971425298940980841 -0.0263522622336952346 0.9992823214365920137 -0.027210298406792416542 0.56913778936659786822 0.037375220581708008816 0.82139227510446877201
-0.080294675652769403884 -1.4344622741059740445 2.1512014897700684202 0.99161266892847599319 0.0039532632342987820279 -0.12918469928873996255 0.10608499069024382444 -0.59583790160476390874 0.79606731484305526259 -0.073826076495820125434 -0.80309499233965397913 -0.59125979375253023829
0.28522841095816625634 -3.4462361528981833025 -0.96460206999491515667 -0.82448099867021673592 0.0042859037518047484253 -0.56587340798160856714 0.37579038153766486374 -0.74350215874264191651 -0.55316012969932004673 -0.42309889148460649855 -0.66871980004642039841 0.61139280094743531091
-6.988807153506617631 -0.060136974479432836471 -6.9399263657414849149 0.3554511635027908234 -0.0087125066973931658554 -0.93465424761869542181 0.8900836523716708637 -0.30208269628110612226 0.3413167683960733334 -0.28531659984178192602 -0.95324190887445992004 -0.099620786084641074765
-0.96819861161171583142 4.1461906498375098451 3.9272795816001280222 0.78967651027331198232 -0.00655739272315373177 -0.61348839412278088901 -0.57470272555854617913 0.34214009598117500754 -0.74340899372923363586 0.21477380277430188626 0.93962607207481674276 0.26641144554838391834
5.2550958026606489071 -6.4394724264782476908 1.1605823344517813833 0.56279670460263242493 -0.0077373787268171113213 -0.82655913415730952742 0.10928108807423617121 -0.99048232678721170874 0.083680368735712343242 -0.81933968113214761253 -0.13742231730275514257 -0.55659464031676364471
0.5782312849225664797 -4.5940772918037495742 2.0563714570752087418 0.87274640868839170604 0.018699747429342244986 0.48781556511428053602 -0.30022339799675590299 -0.7673941845646368165 0.56654397604402406685 0.38494105706843645409 -0.64090286701069165698 -0.66412641691216101059
-7.2985513457553290451 -2.9092892724623835576 -7.3220397557288077195 0.82491880590843869037 0.0032807824425337746982 -0.56524171831623271078 -0.56222550544738458811 -0.098566255130693850028 -0.82108901732640315885 -0.058407573849849327152 0.99512508249762521295 -0.079464617918220972759
-0.62538490870248009124 1.8038660994851285491 -3.7265018979003494692 -0.8578928476243661283 0.0088574780776128018284 -0.51375228182171917002 0.35327794187164307527 -0.71587052362819048046 -0.60226579612926212093 -0.37311467108900220335 -0.69817686762192343597 0.61101105042032477499
-5.0918641717827286541 6.4647484451179852982 -5.2385810018082272776 0.99867147046399640242 0.0039293983096505375949 0.051379508660675504705 -0.0048820661712073495225 -0.98538813104681177713 0.17025391808105894142 0.051297753471198088981 -0.17027856888336789787 -0.98405983022776488678
-4.9949740341875283889 -7.4578741767826510767 3.6716366664524571206 0.99834306622221402616 2.1338577001616765381e-05 -0.057542346760552406937 0.033938214394558754994 -0.80777100349378150312 0.58851865180170359615 -0.046468481035561733095 -0.58949639986979762707 -0.80643330462657303315
