1125 14.717824617146108679 14.977075390850430381 15.033177056927090831
-3.9107617407353409966 3.4259477798605533216 7.2054019980022969705 0.9569365443129500548 0.0028120022419738308073 -0.29028355585830883934 0.07124844590286530388 0.96709308987930953094 0.2442429414827978762 0.28141803267520915099 -0.25440724862135172257 0.92524636866841569738
-6.0897996325690737507 -4.6685429566615139763 -5.1592046774881321625 -0.98190990736164607267 0.0049237147997341548095 0.18928468204688617127 -0.17314857122291393843 -0.42792671601442910934 -0.88707288201392719973 0.076632278502577977353 -0.90380002365229106243 0.42103801626202036479
0.54119193242459817661 3.6345986443566102864 -3.4105726585848361587 0.99769722522184633995 0.010821532792533627293 -0.066956263430379400758 -0.064682163659683100665 -0.14522244161595232459 -0.98728246219379056647 -0.020407461596940484894 0.98933984903026095381 -0.14418806688506785596
0.70198151555207477514 5.2393503761836841548 -6.7763604202135754306 -0.98644324652346870863 -0.0020262811114868995756 0.16409026653970046339 -0.16100479643309673072 -0.18142626645456838563 -0.97013502429599585142 0.03173605069514668503 -0.98340246289361987753 0.17864047430811780259
4.0767319751148249907 -1.5830689522501804056 5.5817551960760951602 0.99291367405324237883 -0.0085976252780460525604 -0.11852643889748561146 -0.03946115620926214651 -0.96464025721089030618 -0.26059929262895242807 -0.11209483943863567112 0.26342979142009287363 -0.95814377416102936014
-3.5177879055014038556 -3.4181080386405118254 0.9113489777596092134 -0.92351877935030923794 0.0037020388686386730866 0.38353534269411404534 0.0058572023938204750837 0.99997293841217593791 0.0044514742958158409758 -0.38350848408793297706 0.0063574642353542857101 -0.92351547105667786131
2.761904210117109848 0.84655059451530789705 -4.2581279079367044815 0.94832586061333212779 0.0077447925411506099089 -0.31720353131771367172 0.27865465006260775604 0.45780271033174746442 0.84425604197500980774 0.15175522426078402738 -0.88902007660205717432 0.43198802681111525548
7.2702548353831950578 -6.5972434071853047755 -7.2155664151915326343 -0.93941122177595159926 -0.0040800966480082244067 0.34276801077823215724 0.17621434372891769948 0.8519481750177420043 0.49308499485200374401 -0.29403241567157584191 0.52361021752376879501 -0.79961070442989190532
5.332062383231779279 2.1113854416400403835 4.5851931288236711382 0.86115749683282749594 0.0097217492638167774671 -0.5082452687827104798 0.50595531736497345587 -0.11308717778139336374 0.85511432396588871185 -0.049162816017880521524 -0.993537506998414921 -0.10230464167621931837
1.8117641438455038827 -6.9109511422729257291 -2.8505465173394379796 -0.93521454263187042688 -0.0021431369658178873842 0.35407508555919425808 -0.33116667238996883027 0.35918695587862015106 -0.87253273051785074088 -0.12530919498585832428 -0.93326316636344164301 -0.3366266001987660017
3.5912405744175748268 -4.662234962209711675 -4.0257405395270886572 -0.92574443115463700416 0.00028540199451693561497 0.37814966181640563558 0.35276116614187208453 0.36088824476693959209 0.86331873282777560341 -0.13622337482388241492 0.93260902490526853548 -0.33419096160253958239
3.9730556462178703292 -4.4960339733050052047 3.2746861100624551355 0.38541137588546009463 -0.005863163139216165734 -0.92272622952643090777 -0.91856662288283597029 0.092615997471499941773 -0.38426245762210559098 0.08771220361803262755 0.99568463899480175172 0.030309553050321239726
-3.6036366526532526144 6.7021561460081970907 1.0726549642917448946 -0.99778583033063850127 0.00027104194169725931082 0.066508370358479285134 -0.057933623240920661956 0.48762094918417381306 -0.87113116418541969299 -0.032666987765060911952 -0.87305540285426341818 -0.48652557122657419386
5.3230124973723800252 -6.6852773980698838585 -7.2355871336204380384 0.81666122277511810079 -0.001261447079999580053 -0.57711598138223030308 -0.12291248009570322763 -0.97743514184531909983 -0.17179367195173272931 -0.56387673249771952388 0.21123198677577703641 -0.79838842571185253405
4.134715438908205698 -2.171246668090531351 -6.7043720264436732492 0.99951934027644873115 -0.0076213367345667106661 -0.030050018964266463073 0.026192084931700793798 -0.31095745506917460421 0.95006285888030506115 -0.01658502638850986588 -0.95039327457803624011 -0.31060837164572768776
2.2737373509326941345 1.9139535245244887474 -7.1552535343582093219 0.92079564708633732106 -0.0018219905773085626113 -0.39004109611332404839 0.28112988660871857105 -0.69007482815291654177 0.66690532941717350912 -0.27037263759918106487 -0.72373573346899688907 -0.63490568192258556302
5.3797210200948821779 -2.3272418386462265794 6.5291617067064624536 -0.77998402931609900346 -0.00024348605103709252719 0.62579937258388040888 0.19799256044662830178 -0.948727342380368599 0.24640490219895183621 0.59365297945822970149 0.316095508564159966 0.74004038365893509699
7.2545550815670409861 -1.9963377887254036835 2.2990069268765549459 0.68353249778259539404 0.0033900320836252502421 -0.72991220852762650484 -0.38355195055461277498 -0.84913408184970173842 -0.36312423806066790322 -0.62102433583631189151 0.5281664687614658904 -0.57911048650092045165
3.2905639730430662482 -5.4217960026041769339 5.6872007019054215959 0.79565753621755330727 0.00058611209371117723409 -0.60574643336357336665 0.58862055062745888279 -0.23685449704307792729 0.77293324071974545131 -0.14302074128996056235 -0.97154495711888244625 -0.18880006318268177656
7.1406070778678829569 3.8751590097758601416 5.207491152072703855 0.95496905934457776421 -0.007202869474708812822 -0.29661796028841330708 -0.20086294381593616798 -0.75148097705780192435 -0.6284348963270823818 -0.21837622007894658127 0.65971543849727898312 -0.71908787134302143418
3.2407688703225780991 3.669803244211597093 3.6403720208007275261 0.26306735891477778244 0.0032235321690182701729 -0.96477208371406852905 0.44627705438421094719 -0.8869844290447204127 0.11872410607044213415 -0.85535510485630594779 -0.46178808069548915594 -0.23477523958843160568
3.7114456031494116317 -3.4463730735057485077 3.9709887912016053058 -0.94466954310002160256 -0.0042869689994945777561 0.32799554301182992644 -0.2267308906476261654 -0.71406528899412780031 -0.6623472399579886094 0.23704969429413841331 -0.70006598614028181515 0.67358374199824888606
5.4260699540350323389 -3.3630923109391646086 6.1067899227265858286 -0.54256799751459861003 -0.0049181211618353534026 0.8399974881850897912 0.74973647602047632788 -0.4538139714227970023 0.4816099000911677197 0.3788339802570788728 0.89108287573363031964 0.24991223254750077887
-6.6033977436558819463 3.4943118715217549308 -2.7708899602251042538 -0.99029712271339254137 -0.0085815460235868987193 -0.13870099427742263454 -0.0013094299117978221159 -0.99747093956766974543 0.07106342316040295537 -0.13896004511731252506 0.070555522716615623469 0.98778136451100695403
3.0278714652415592568 -1.2288937739184118136 0.53583535892279177126 0.96090796604220451993 -0.0056272825909692448382 -0.27681079185465273795 -0.14642526152732313061 -0.85886065562934288398 -0.49083400146941386089 -0.23497983654604087667 0.51217839460736014345 -0.82611002203960459678
-3.5780772508346747607 6.4770536615426674842 6.2972248149482146218 0.99989282538011170498 -0.002556532174800291244 0.014415335463642242261 0.012329287352651202916 0.6780033606440306615 -0.73495539431227452365 -0.0078947087765610726717 0.73505435656052497961 0.67796221611140461416
-5.588690156762726069 2.8358980604139478743 1.3960725164135545651 0.86996812693859393306 -0.0038421996739453042127 0.4930929888092356328 0.48786853447803346651 0.15209033976359692675 -0.85956548419355394142 -0.071692057979913681454 0.98835912807659254131 0.13418823633369753034
-6.2349438522238633809 -0.78566455781497246402 -3.583684102818923467 -0.96372757678153531113 0.0064557814653909417757 0.2668098211017236876 -0.056197371451607358583 0.97238508308347393339 -0.22651513335443451691 -0.26090422225905590681 -0.23329289119541843367 -0.93675152186968557722
6.8424377797975104443 6.3669697399335118959 2.7222577402563112869 0.96773546573726443309 0.0027829533193007571779 -0.2519530184880262591 -0.24524513055959665242 0.23985366972011143427 -0.93932158660307274456 0.057817767954105231398 0.97080506400237598363 0.23279740852555366737
6.0901075170003560189 -4.6097755750960036636 2.2114381225529866626 -0.99351083614431301427 0.00021040610239710273721 0.11373730343647245333 -0.11180236562556747359 0.18187365123341037165 -0.97694534444226732717 -0.020891373919636684053 -0.98332188560832423097 -0.18066991940956347862
5.1913250647617115163 4.0655125845749848779 4.0680630599073639431 -0.99877602611662275045 0.0067400604130240342193 -0.049000216736850593646 -0.049370284210348863718 -0.19602020853233972919 0.97935624411338195738 -0.0030041124517404906892 0.98057669227471133677 0.19611304361461373569
-0.029480658313707486934 -2.9351204482140103025 -2.5924529692586824048 -0.78336523636647625857 0.012077189073029199334 -0.62144432410056837934 -0.14388182021699169599 0.96913151314105205891 0.20020522482693275945 0.60467919450205720455 0.24624835378339932079 -0.75744624891496070695
-2.0222072262164210166 -6.7066268444400360949 3.4258665603360949348 0.96202595840392390869 0.0066535651798930251291 -0.27287686861941007344 0.19836284080367702631 -0.70377583319302228215 0.68216695903697421866 -0.18750530324625513945 -0.71039095340801294842 -0.67837044051959138891
2.4881539207884038056 3.4349266177861674798 -7.1026556631100659089 -0.50141734323312769916 -0.0082897890267615986781 0.86516583803512059347 -0.58270061074444878813 -0.73593387220244732561 -0.3447627212783160866 0.63956285550609770496 -0.67700266996745861459 0.36417954186617956802
-1.7935504396509356351 -3.7642996578058389723 -4.1421899621611393272 0.83611636877755435293 0.0024691670497504550341 -0.5485465532444819825 0.25176086803559588612 0.8867230794888110168 0.38773527777061117527 0.48736627210781008346 -0.46229436889929392818 0.7407820416936216068
3.2524784578960499459 2.58394974582690784 -1.3616405512271356759 -0.97484976168834458488 -0.018327880333661873691 -0.22210815144530357546 -0.20560516443240539619 -0.31057814429676594559 0.92804511347444285096 -0.0859910372930722533 0.95037114070632233709 0.29899872310363728722
5.2739385399398361898 -5.5830368243482517698 4.5754878593065200221 0.17762485535084757138 -0.00078147004010255781414 -0.98409796263694027108 0.57537185960245795791 0.81135407455173058633 0.10320750401874392854 0.79837123817123889502 -0.5845544927658851142 0.14456628600076254498
-0.94661094586100391624 6.9518444703852830813 -6.6547196339113501296 0.76816841403828761692 -0.006565896097133146897 -0.64021416469985437114 -0.29503596379511448644 0.88381923000006212821 -0.36306658996609619816 0.56821744758624026517 0.4677824897220226319 0.67698484072252018695
0.98802317820464213849 6.137708653506662948 -5.241001766071215151 -0.99715931026971682538 0.0030006250442498692138 0.075261585099891545325 0.031358526377033062171 0.92503042602749974144 0.37859655802311109607 -0.068483229814775808952 0.37988117507022850505 -0.92249679677560525448
-5.580004464542317244 -5.9630203121477842743 -5.712408489845617332 -0.99787030069752813422 0.0078835883062341668981 0.064751154594946111476 -0.047697068293513507353 -0.76532676323758774828 -0.64187221091775603643 0.044495535305886839417 -0.64359365636069942873 0.76407287141359869764
-6.2482301632128045554 -4.1372229400844080516 -6.1613678948480625763 -0.98336243929552291654 -0.01488823038569239178 0.18104323676639708096 -0.073362454698246287732 -0.87919514555875111217 -0.47078004021667024803 0.16618141660094690182 -0.47622918497476346422 0.86347524582620771572
6.5499917707929222743 -5.7258301485228644268 2.0529747452640396688 0.75310748031521168588 0.0076300367319019389914 -0.65785325539416839025 -0.18696072056504622894 -0.95622464139732266108 -0.22512246478396982785 -0.63077318590689646083 0.29253413087037227758 -0.71871341313274461626
2.7574694896404450262 6.7612300285833706326 -7.273990357844930088 0.84746447279547199027 0.0059579410693748995065 -0.53081867929432602349 -0.43924809079642906928 0.56938937745321926975 -0.69487901938032092808 0.29810246909613058452 0.82204637325497353917 0.48515428281860922821
-2.139065016464257063 -4.05482547914065794 4.9839181264653928949 -0.91949478714018118009 0.0016421282958697987903 -0.39309876600764653842 0.22751378317040049648 -0.81326420584311343021 -0.53557334694876712611 -0.32057263590262896624 -0.58189228806461978927 0.74741859101930430143
0.17815093044537227973 -3.8692806711947871356 -3.0680802793984272014 0.88536690871943690695 0.0025437601124233943234 0.46488597121132313461 -0.043603256345565111207 0.99603127957288994931 0.077591533999435149949 -0.46284359451187462309 -0.088967518774141052251 0.88196405120759646667
6.2438063286053946399 4.1138223723123683584 -1.0287630761315620376 -0.99987988689071771731 0.014506597916761261938 -0.0054562265722470975823 -0.014842101901252662682 -0.79483226663773387521 0.60664765714769119942 0.0044636087056089662067 0.60665577268207016015 0.79495210526729676026
3.0262391845798877199 6.0107863545186095422 2.1376132664688412 -0.98474017042148165313 0.003328828296895217434 0.17399918293049110307 -0.16842307751162077789 0.23353697150785673875 -0.95765032757288304222 -0.04382309573535208419 -0.97234222465190278673 -0.22941258561609656486
3.7495568177438594049 -0.69141170828435960516 -1.0574963694029313466 -0.71730485724264281266 0.012381106066165470034 0.6966494455525851226 0.46832414021114254776 -0.7317343531814693991 0.49521443443173746024 0.51589363387388287308 0.68147747181153728313 0.51907823489501947467
-4.0351616397395186908 3.3426015360995808834 3.0396902352760881705 -0.99709327661664393094 -0.0023612592604556441322 0.076153937393524426258 0.071275210195699365001 -0.38210080708408161732 0.9213679056908814502 0.026922892441133456504 0.9241176319496733349 0.38115844498352025038
-5.9967916208193638994 3.5365700950885785581 2.5739994429301891188 -0.97606400482089461512 0.0028715198986582939414 0.2174645094411833679 -0.18862934488798252519 -0.50887243677314342172 -0.83992131377874124087 0.10824984406517831892 -0.86083714921345289017 0.4972337214970652397
3.7952159584069726783 1.2726736517588592701 4.7294668781476723041 -0.83138489830466688613 0.01253728528751088013 0.55555554839123344468 -0.34588823844394517293 0.7707927854268126211 -0.53501383948464975582 -0.43492582974221583036 -0.63696255652244204715 -0.63648898200318748675
6.108076970063097022 3.1720544718844170262 4.8399270363150410645 -0.36964786477075606275 -0.010574590931684876849 0.92911174467727364323 -0.4284804669039927183 -0.88532878633229172838 -0.18054758257401043453 0.82447859011146007457 -0.46484526255328117994 0.32272888982803710212
6.3712085264583508959 -2.6942605329372275591 3.7946903980480741758 -0.99273187618661096199 0.0026214354033881641023 0.12031853589328689313 -0.11693798453000288362 0.21526302521291290626 -0.96952944140463903633 -0.028441690827907362832 -0.97655258847266479538 -0.21339192152055508345
2.4150612808805971277 -0.05768696648161610735 -1.4451908424804866815 -0.24025599538783593001 -0.00056082566222517924587 0.97070940149695716936 -0.33675328489985645319 0.93794473270591371961 -0.082806421843630337309 -0.91042533015588367196 -0.34678431894176575678 -0.22553570525896479704
-1.2408184059492153306 -2.8610242008886155318 0.1253673254260367631 -0.99839393691302602551 0.0012883275658400372872 0.056638211017449487106 -0.029254848958545864174 -0.86785755221974303364 -0.4959510286990811978 0.048514951794161542686 -0.49681144236747215581 0.86650140806874931254
2.0167743741985848516 -2.115931937194802881 -1.6984095283729134795 -0.82760171453166886391 -0.0057747414643731110467 0.56128607186100221149 -0.51929751325975626042 -0.37172114383279664107 -0.76951509663543182782 0.21308565138560323082 -0.92832647467830253785 0.3046382470815473531
-6.1754853265486495673 2.4654542254405722446 -7.0724086862239152751 0.91833184900301612075 -0.0067829315735087342826 0.39575321470059277029 -0.14966780711024582629 0.91966619540011274037 0.36306147764935181588 -0.3664234744409559652 -0.39264243387261815732 0.8435435711931209557
-6.3766836305588530109 4.8841487909784282451 4.4156477135603209305 -0.72543739719524125142 0.0022401692390079256181 0.688284508319437216 -0.20126754680829880839 0.95559524755817670805 -0.21524195094375953019 -0.6582035835153127179 -0.29467389515542341538 -0.69277365579345884239
-1.9779665888676598584 5.9838706195724791215 5.5560750360758994759 0.99990241322692896553 0.011795258947932079491 0.0074857123429726574876 0.013958024108613254974 -0.86579380285065477008 -0.50020622198091280186 0.00058102144088535007116 0.50026189422330691325 -0.86587395133615929765
-5.089426870627504762 -0.2950881204969182936 0.28322315943289066986 0.82799600655995264642 0.0055406218963458438165 -0.56070662081844402369 0.15243606979189786022 -0.96451652159971956735 0.21557162194372239683 -0.53961639870097610761 -0.26396435568093873369 -0.79946041877181772684
-2.0771683633306059491 4.1843502714627289762 7.0643012709319714659 0.93460411869898074588 0.0055637937655776716073 0.3556461521088054023 -0.35468909209942822702 0.089523786666746832386 0.93068852983502559084 -0.026660631210270482189 -0.99596914400986213955 0.085642716699593585128
-1.5999195409088735609 0.74655213170140632961 3.7987254523522309135 -0.74897277654831251326 0.0072127285502627206532 0.66256151151140718625 0.63429493182045482147 0.2969477631614896862 0.71378705887695537147 -0.19159780650183375061 0.95486648412238994688 -0.22698078782891589755
1.0991305042308261442 -3.1043062154033758127 -0.95507429103077368104 0.99448033065641083805 -0.0021845685969615865132 -0.10490042706116610438 -0.096156711651585957679 0.38108955400626098875 -0.91952413705776736563 0.041985220517751810354 0.92453554798470560794 0.37877600474519235174
4.2639127838096397838 1.0035600450499682079 -6.7965542528651212706 0.97258212991672776671 0.0044450971887569790814 0.23251718576855717746 0.21387273787435481798 -0.40977086871074758223 -0.88676168565752200301 0.091337027326480149658 0.91217765608835843505 -0.39948650937440088882
-4.9853280222274518607 4.6246485579847815828 4.9023193143368875013 -0.98773633543948735625 -0.0062165495932383118063 0.15600732727574778691 -0.13461628660626284715 -0.47225756049658423885 -0.87112068735287395693 0.079091004753559970841 -0.88143868253263124579 0.46562910336676155421
-6.4085663712537375147 -0.28215953656580738951 -7.4732845699293299901 0.97966556105384683395 -0.00045617901361744020786 -0.20063693674358490382 -0.1885569091303747058 0.33966055549527524038 -0.92145374222478815263 0.068568801246439520236 0.94054797801146694525 0.33266773296237633906
2.6109995954916067618 -1.9175061764200129755 3.6756476092740779649 0.85517950301510159417 -0.0025968985146021424104 -0.51832545156594389546 -0.25677771149382999649 0.86653587938471121621 -0.42799623435128603122 0.45025906376537727649 0.49910803024695665764 0.74037689701937969833
1.2396100390316024953 2.9423426556548863964 1.6227703587175570377 -0.9821381852079218433 0.0018986695026483452198 -0.18815148208489287929 -0.046719750358228541443 -0.97109546382243205898 0.23407448615785167445 -0.18226862067588353589 0.23868388131107179384 0.95383864186726841083
-1.6380492840513793951 4.0469648276722098856 0.48745056023670091383 0.98654649021677820464 0.0036453948963359496249 0.16344030634146208825 0.16056191603518940592 0.16647567256960760229 -0.97288525611273646287 -0.030755385870480766997 0.9860388235451688077 0.16365067889064074946
-2.3836090150719151382 -3.2534149050677512172 4.3644413097949055214 0.98388022408277664432 0.012986742312660920495 0.17835652268067231363 -0.16871892025486429079 0.39800335594262531425 0.90173568999254838374 -0.059275885541108241927 -0.91729203266048231491 0.39377874017117531213
-1.4443886345693284223 3.8663529593703045428 -4.0656348878009067604 -0.9999434680592481639 0.010299731054464664887 -0.0026412545863940162412 -0.0095235471227042810261 -0.97801215567255650463 -0.20833032762182546183 -0.00472892543672939758 -0.20829339619154035868 0.97805495672127829021
-7.1755311527662506421 5.4046861821690086458 -0.61223448488308784832 0.88469361205072161169 0.015603337640921331742 0.46591173912136102375 0.053634107121821976427 -0.99620976508020653295 -0.06847982558504712991 0.46307731033805493714 0.085572424374811273395 -0.88217728651149729391
6.3814982595609919258 6.4004848114561774253 -7.2540414720711394736 -0.99538817414211644419 0.013611684920213435596 -0.094958437284991967231 0.019592241231302345156 0.99786292608854831876 -0.062335582306748363313 0.093907011780336988038 -0.063908550066600150474 -0.99352763945798838741
1.2713672851834212363 6.5420881064292961682 -0.34831679322763653417 0.97218632797937265533 0.0057775362788613626036 -0.23413748901965500404 0.2078039705509835966 -0.48240849986645845116 0.85094039102617091697 -0.10803357586014429581 -0.87592731395422041007 -0.47019154304989613236
2.0229955675240436364 -5.1388050726829836989 -7.4857088188817781926 0.78141863602116512499 -0.00021326659527615881087 -0.62400710716808605039 -0.35674662610040519528 -0.8206134299630184481 -0.44645878122221133166 -0.51197339779025985429 0.57148364200710688454 -0.64131870928068024362
-1.0585337543915067648 -2.4994787305349763784 1.9453907207255007883 -0.75321004469087982081 0.00051778094638930526744 0.65777987235828727641 0.6536821623857442809 -0.11086037807350164475 0.74860510761799003987 0.073309338799924114727 0.99383585590185219427 0.083162686154494763757
-2.3286596533914658558 -1.8170300663718272904 -0.31956159444832310523 0.18778216133686495559 -0.0033204832009905327524 -0.98220508768537184707 -0.60539677262783275768 -0.78785018246516647089 -0.11307890024919590999 -0.77345498096234643892 0.61585799043369127137 -0.14995441988643723463
-2.1806812065543677015 -5.7249873005756128919 3.9457036485431888906 0.98178101189689059858 0.0036550677878902501292 -0.18998074944139073383 -0.1047440701523984774 0.84460360495888786581 -0.52504612202951783662 0.15853934668322622326 0.53537966992589247628 0.82959862860508559734
5.1921405902858390746 -5.2931883614868908694 1.5795170557660649369 -0.90494685391562956767 -0.00055156663690751638919 0.42552425002876981264 0.3881767195469773557 0.40860592751422597502 0.82605086429467344811 -0.17432735295996201752 0.91271073828154425378 -0.36955254326750969218
-6.1091706070063898082 -1.2734426584600120336 0.44470000761743438966 -0.67072907784129076614 0.005188196092274030384 0.74168429048981432405 0.4739863796029984977 0.77214303172917853058 0.42323994436120576657 -0.57049050481928242906 0.63542758924467546144 -0.52035791791583307919
-4.3331247606610920897 -3.6427894836647514154 -2.2697003665978838782 -0.9127750926670618048 -0.0059386977868394318775 0.40841934586294981191 -0.36776092365990536992 0.4470604947920658323 -0.81540714800954028352 -0.17774569821887131749 -0.89448401096104235286 -0.41024970554498396691
-1.4003980700101532619 -0.88862906185081902422 -2.3349767250770745441 0.9565361334948722094 -0.00030534285780519591219 -0.29161366923449894006 -0.038627883621914917145 -0.99132015056411826315 -0.12566720213494445013 -0.28904413490942676424 0.13146963851508317034 -0.94824533862449689181
4.3209660173626094348 3.8987971104891947505 5.3021600713570649077 0.99985158053479483709 -0.0062554446244895162837 0.016052610841748138348 -0.00094356551255512762302 0.91047295768497849 0.41356753137609369997 -0.01720251686266199842 -0.41352129659420094887 0.91033192335360568759
6.4280988983780567025 1.1215841166440199128 3.7655289628505119737 -0.99429811624458330765 0.0020905282270681311424 0.10661559794035241344 -0.011376257158388431573 -0.99618152137362159237 -0.086561869473405939068 0.10602752852688894503 -0.087281190215263967924 0.99052519252620363499
-5.2115017406337660333 6.1842715485726289515 0.57712632761936588643 0.98431998232430539808 -0.0025258296418249216037 -0.17637401333972946293 0.10887584769451094657 -0.77799619910431871972 0.61876325356947969869 -0.13878120256628881379 -0.62826390503014128974 -0.76552220310753293919
5.036920319718843686 4.5927784233442912054 -2.772353558472474333 0.96099174716353752412 -0.015037703189434745155 -0.27616793689036983617 0.065977166583370647213 0.98215813867740098253 0.17610339042587713765 0.26859239634272435993 -0.18745468282399510573 0.94483801072691586675
-0.44628502035547923388 -3.6663627962831535356 6.8164801257684475289 0.98971550511510197889 -0.0086931345012663616828 -0.14278532259103016155 0.10131198271646103815 0.74727423166601503191 0.65674736759740248715 0.10099059903249243964 -0.66445891678909330125 0.74046961234504915517
-1.0287856332860774167 3.5644504071967579861 6.5608026649610460268 -0.95726762883954685801 -0.0046906061531001869841 -0.28916549757833165391 -0.17860611631105594022 0.79599368864937758428 0.57835447853948218633 0.2274610779717774478 0.605286746793887942 -0.76281676185287683456
-6.5000950782904682868 6.5573114177958311544 5.8023554259572875935 0.97236100317596318998 0.0038052759931493035719 0.23345149255738403826 0.20012059240845386787 -0.52864516486341817103 -0.82491577640420310491 0.12027397057034870664 0.84883438286932788586 -0.51479545691676609209
2.4710645465663327869 7.0333941944909446065 -5.4390320300348919957 0.57471728583905778986 0.0016398076633349586463 -0.81835038485276312414 -0.81528732847265994454 -0.085315836598196984064 -0.57273709505955594512 -0.070757426391739527971 0.99635260779324386071 -0.047695571639699452238
0.37561877671021554059 0.52192389098927760571 -5.1970024070198439503 0.98119284403523654436 -0.0037259679810646337793 0.19299409311370122055 -0.14441711035194643165 -0.67756599237162729032 0.72114355312880573656 0.12807927643375810467 -0.73545254309447460894 -0.66536099660568581715
6.4444838058393028035 7.3086736876259355 7.1982915942826846134 0.97346707644917163105 0.0040970506591240657412 0.22879043958461042774 -0.20050289905695456438 0.49710614703704064654 0.84420617508278217311 -0.11027437843473854306 -0.86768006359139360217 0.48473793817580596022
-5.7313172160043546199 -0.74374194290271855579 -1.5178617933988673983 0.732031569749332367 0.00041185520090816600536 -0.68127058593881228976 -0.51665336720719357011 -0.65149183788529863026 -0.55554269261911193301 -0.44407102927775232715 0.75865553154525477986 -0.47669980638972486719
0.50381930896074256232 5.4035975794746429202 -1.5373629537800357348 0.9971173719303438876 0.0054026179371668850773 0.075681955008713414079 -0.047498849594550543451 -0.73338215043288634831 0.67815520400097606402 0.059167608382540065604 -0.67979514057229162294 -0.73101146432342678505
-3.2606087792694720129 3.4440697253098226938 1.6998195019042932064 -0.83862150525777434673 -0.001767281486672251864 0.54471171057306233543 0.36500339888636912367 0.74046004883910165884 0.56435045395086236297 -0.4043346259234802953 0.67209805295755020715 -0.62032065699126237579
-3.6518361543217858767 -6.6659098025843013247 -3.816329546537126749 -0.52551705654282743208 0.011406045029908547933 -0.85070660360630601105 -0.75468171699712693901 -0.46789361065667806061 0.45992507556896211618 -0.3927942582484134082 0.88371119221350236117 0.25449400669478799974
-1.9924962346742005614 -6.0544717302474611031 -0.010854290229329089518 -0.99414345228514655606 0.0014801024495395141874 0.10805834338571929099 0.040397141704929903638 -0.92232835633034304657 0.38428957057257023822 0.10023406217748936919 0.38640420857637519658 0.91686690439443674361
5.5287301514143161185 -4.3372178674367054541 5.4211369122189232428 -0.84079928051605345996 -0.00036650020936163357071 0.54134687175716056373 0.50404542856366629788 -0.3653069572561887246 0.78261678548587199078 0.19747094932594025374 0.93088704613284645184 0.30733455958358901761
-4.1282055825565651119 -2.2119414236964094478 -6.0296027666411609047 0.73460137779967515925 0.011910322432613624707 -0.67839439852808114395 -0.56567416837750061909 -0.54136032389598698344 -0.62204640899329011194 -0.3746645846155899906 0.84070633632118241252 -0.390946678082921939
-4.5312215913452336125 -4.4661281191488289011 -1.1829323075878039884 0.91502084216038470643 -0.0036350337275873664117 -0.40339018944664117861 0.35552637149414184625 -0.46525226759070564819 0.81064253939313202224 -0.19062491333560163675 -0.88517066943688482716 -0.42442317135651963511
0.42729175336721503253 3.6527977711961048257 -4.9501321234536046489 0.9956465454394517467 0.013612207576304288445 -0.092209892957521522039 0.011384040865383826882 0.96411387978763773976 0.2652448499300627538 0.092511405609944794004 -0.26513983971811722062 0.95976169189355953204
-3.6480497316354862924 -7.4210668035366218476 4.6691898926184318697 -0.97369327505566261038 0.0097288552737778959817 0.22765490437579324889 -0.19750620883339856104 -0.53427512548777300605 -0.82191324831598322476 0.11363407756280662075 -0.84525465965000090574 0.52214160603838100094
-7.2666732640740567817 -6.1909531768060448442 6.7624960381902043949 0.98446585883469817091 0.0017146898614550415592 -0.17556774369894581622 0.11101610137100090259 0.76861070812151788267 0.63001032102442122707 0.1360235201177947828 -0.63971449819402936843 0.75648064269697545825
-3.3741372532537208251 2.8643663265006296115 3.9064273303730168152 0.98522827470743556955 0.00012372605343764439285 -0.17124611355845606453 -0.083312966620136152951 0.87402109921888271327 -0.47869203848937846857 0.14961348973256224926 0.48588795293981346113 0.86112060762590447727
-5.7293378626354387606 -6.9027198272409737712 -6.3821473490576732246 0.99966747073072714791 0.001799311691010269023 -0.025723733015926220774 -0.015703920159392720929 -0.74876043480941834041 -0.66265465980075388686 -0.020453235794508313472 0.66283827118048022076 -0.74848319380209193952
1.8274160568173722918 -1.7833140836079786062 -6.794499588222090658 0.8562500829359777077 0.0023778503188407332583 -0.51655603887661327711 0.34513736303801229033 -0.74665779481799965378 0.56866715930566746895 -0.38433838750152649055 -0.66520409143763592485 -0.6401464837265274932
-4.57524620366867385 6.3214847880591467089 -5.0880149642049321557 -0.99748897527262248008 0.0031278304847700199795 -0.070752815393423915125 0.013523462245056502851 0.98905402297612676765 -0.14693282684198477606 0.069518775726759685085 -0.14752069790817662343 -0.9866127829651851755
-1.5905685850381310331 -0.23938465952284995741 3.2711234335331638157 -0.89774510609441138254 0.003548327523329601 0.44050100323969282323 0.37596109566744301267 0.52731708606633787007 0.76196453020268883893 -0.22958000572340275802 0.8496611678275447499 -0.4747303664795528011
-2.2485834459613229797 -3.9682598292423749697 0.0032458945973932208651 0.65337167186663669405 -0.0081277320327754129514 0.7569936580804907944 -0.75668780657145584545 -0.037391984146072025641 0.65270621485292079633 0.023000473651104462458 -0.99926762155767334672 -0.030581018920139476508
-2.7878408334398572244 1.1401011375043639262 -3.1148639186741795548 0.97517937747047278574 0.0058675627860050932547 0.22133854942894493067 -0.045964785836483362802 -0.97250671436907076828 0.22829351495400262984 0.21659275200095262637 -0.23280090681515108741 -0.94809879103743255335
-7.1076450431185955736 -5.0103197752864678804 -3.8413378207941559772 0.9565222385525800064 -0.0011780951646888793843 -0.29165702331002374414 0.19969726577433030701 -0.72617985616712965591 0.65786306974879582565 -0.21257048053896049344 -0.68750376623617215355 -0.69437191922963625856
5.840206889812619373 -7.3735373188862354255 3.9682129235593328609 -0.78312667324630080845 0.011111302920437464078 0.62176293922815351056 0.051988838092493633303 -0.99517033468289672893 0.083265633252044321533 0.61968522199904207959 0.097532271143867199648 0.77876676978508330151
0.28266504040980100498 -4.0861352450744723441 -4.9614568912774883458 0.69960767614387975311 0.010903178134509241767 -0.71444399373713418644 -0.64227724031440436292 0.44773117065573952988 -0.62210669936697704507 0.31309590552197574809 0.89410173891442112915 0.32023902700248435549
5.2958247564509406402 5.482058995619990327 -7.500644736965236703 0.99483838977783078938 0.0069590498381124892696 -0.1012331460028210034 -0.064148868128991856641 -0.72986327307891663008 -0.68057661238726774311 -0.078622521849913085124 0.68355773292095944882 -0.72564958817747715614
1.9530513113193255226 -2.8785663829084771059 -5.9595058648011898228 0.79022673815770505534 -0.0089096314918796805371 -0.6127498027479036935 0.59355846690564972867 0.25981326592293213507 0.76169903059876176155 0.15241406977517357735 -0.96561777392363157269 0.21059977686935443808
0.7252303729500761964 6.5358837275143200074 -1.4355695777736918739 0.9997958042882340024 -0.0037374496154522910199 0.019859033156072996434 0.020150759527996171816 0.2580940464074507612 -0.96590962832936355653 -0.0015154596560676095608 0.96611256832704872632 0.25811665715849130276
-2.2893813202777311133 7.2133511238397804988 -6.9911599686896828132 0.79223742927971962935 -0.012182406631984932927 -0.61009134120794616951 -0.61002601780585530289 -0.040557660487621105538 -0.79134274102669066586 -0.015103418426618593282 0.99910293020506124595 -0.039562881687277513809
1.4949519668042974274 -5.968349353507545807 -4.4783484054160576093 0.97219156969059827844 0.0057022030952176647883 -0.23411757025530477438 0.20506459968544152317 -0.50354083401204685622 0.83928251407875331669 -0.11310199723374142478 -0.8639526105998732719 -0.49070747381661250497
-5.8108550412937018947 2.3025887046204092101 -1.5949185321047250063 -0.83091064931820324269 0.00090345364560591413187 0.55640513712686279213 0.15015846974506250056 -0.96253077901367256608 0.22580286405433591668 0.53576107250662774462 0.27117094833855531766 0.79964141336198490961
0.36834665653401071905 0.1387840605473843747 0.99460750752481785764 0.59380107352406841237 -0.0055440541090476039288 -0.80459278429885860984 -0.29933833635003054274 -0.92972153169077853541 -0.21450975246307818489 -0.74685798213115472954 0.36822158678522459718 -0.55372919153000332848
-1.1199864626019884195 5.0936746039219071847 0.69377314787504995586 -0.95720973165902334401 -0.0061967890855657925889 0.28932875664633089796 0.24334414353189162683 -0.558345524107279223 0.79311657624719045234 0.15663064012575145245 0.82958536360907753071 0.5359617216362859704
7.135602676879535089 4.5432334070087856404 -6.6544229252202686808 -0.98826769452961904516 0.0021422997306964116498 -0.1527166477525151167 0.14197993636558692288 -0.35563810898095571389 -0.9237766142905221578 -0.056290866208620692068 -0.93462128479529960057 0.3511614904700869344
0.50368548716896899275 0.26246235343400214912 6.8058751389415785837 -0.9997593560552141545 0.00079502079259587436419 -0.021922543693058651332 -0.017050756734540907511 -0.65692609386351397127 0.75376215008182190225 -0.013802234413900478158 0.75395455774420538919 0.65678156428294087732
-0.93215608061542354346 -3.5858837727419157204 -2.1619988961509020164 0.36213345365385818386 0.0020366454710565510926 0.93212403349553218934 0.093980676963577605698 0.9948221285909895073 -0.038685460102356447609 -0.92737640367994034207 0.10161094695489981954 0.36006696787778202928
-0.76456473434343497075 1.6951043357887567442 -2.2233386349651835801 0.99957871000459952437 -0.011242750895974736383 -0.026758233457009065331 -0.012697085919839701251 -0.99841570236877053013 -0.054816687901682890904 -0.026099550084106772768 0.055133345768711872203 -0.99813782999624067749
4.5918876233180858648 5.7890645698503950811 -5.0221439346199643339 0.77459051090832564679 0.0069633745476449220718 -0.63242474004883642014 -0.63058136155639887832 0.085579758143255621472 -0.77139046627103347031 0.048751275558119575027 0.9963069890406057727 0.070680242786942348854
-3.1590636107823741874 -6.1851290310126580962 -7.1847421696787145962 0.99858985230488994667 0.011912375552763197414 0.051733955796856072318 0.045135646671519716322 -0.70353073930617959775 -0.70923005594154431286 0.027947813389338865137 0.71056498236265341895 -0.70307632982974122005
-6.0845107520809031953 5.5142101395680303 -3.504337985081429796 0.7943812358823184594 0.0043185767788376074397 0.60740415044080398044 0.50838583720835817115 -0.55197720863148524995 -0.66095763985086553038 0.33241885115631225611 0.83384801435635202971 -0.44067584044291752132
-0.24907243747485321994 -6.9654918084527288613 -7.4881528308103719738 0.99114251311495760177 0.0013201090546769546699 -0.13279599394698163306 -0.056177350977204096316 -0.90191065975482453965 -0.42825374144055083914 -0.12033546415528163787 0.43192061670251902239 -0.89384783768479936228
-4.2259664629071078679 6.1821359529954049705 -0.59365517719968174948 -0.78615141690844736466 0.002252234314972906791 -0.61802983514834042289 0.53221985785449554829 -0.50588065519730751607 -0.67884223911194729872 -0.31417824972167845976 -0.86260053914750811632 0.39650011004297452955
1.0970769105387991882 0.18656888489321668545 1.8819495397704963935 0.7893259218731093485 -0.0023775058336485454039 -0.61396981727525135053 0.58218258816551404777 0.32051130673678496219 0.74721880081453828648 0.19500775137382922453 -0.94724170607075319772 0.25437202516042456413
1.5354535381039551289 -1.9788502677277661768 1.4846791922889128745 0.99624374247664870818 0.0041863228876392573688 -0.086492082162342776019 0.071730139067379752871 0.51965032951118472759 0.85136262672743157065 0.048509717845755390142 -0.85436877853751136414 0.51739810352853721209
2.1746944065092916887 -3.4111127917737258386 -0.23214901587722708287 0.92710392464012481017 -0.000811555528032147349 -0.37480348756973541624 0.30463529973193581579 -0.58093103722461325589 0.75479564396366660706 -0.21834753736666118185 -0.81395237659630348404 -0.53833621609465598379
5.6375415057384934414 1.0608897486548793943 5.018585583762227742 0.9079011941922501272 -0.0011548829808980779106 -0.41918264256725895622 0.27070347288349028148 -0.76189990741040169997 0.58841155737878270138 -0.32005476305338481646 -0.64769375273611995425 -0.69141720495910596878
-0.82356493060007496254 3.4227717077944750379 4.8287441617012287765 0.99212461676980800984 -0.0019025423693889501053 0.12524026961003906222 0.12146937255157244651 -0.22934330577647668581 -0.96573642347557131504 0.030560371912059017957 0.97334373600906709534 -0.22730603872439755775
7.2551144656720731874 -5.8502858877623387102 0.51547084566485212864 0.99520522401453548333 -0.002643876092957732956 0.097773063843846610976 -0.084475878613161484165 0.48061550330387542429 0.87285311703443790865 -0.049298965777692743684 -0.87692744734282868091 0.47808771587438492201
3.1079634589691034208 -5.4043440321669908855 3.2051249908212393613 0.87248227272567158153 -0.016158388541740256045 -0.48837853173468942503 -0.47793094667493357663 -0.23636951558231894532 -0.84599731814815271047 -0.10176784359497725863 0.97152887686531697042 -0.21395080609079375478
7.014171712882729004 -0.29687968582302237674 6.733617993896830356 0.92013384232506001403 -0.0070961547875981788661 -0.39153972569240036439 -0.28672442625443989028 -0.69320792296297806256 -0.66125023926688664133 -0.26672610595351176066 0.72070272659992384856 -0.63987871059608336655
-1.875713404811821583 2.3231208286052513756 -4.9553049576920118469 -0.98080192549946176861 -0.00046478022091697560915 -0.19500606892059466069 0.15167422791775517221 -0.63034048297341260803 -0.76135786862051790802 -0.12256635558777193018 -0.77631865847997372221 0.61830965460176989801
-6.0801273724121855935 5.7757848962431213025 -5.9986092384089930718 0.99181876496424969947 0.0066486841826646526921 0.12748071408427899542 0.033271905302600407461 0.95066124529883566652 -0.30844152931206747503 -0.1232417047201279231 0.31015962291287763053 0.9426624478212003444
-6.4917953633955507442 -6.0797368849978772332 5.5382469446535180779 0.94655280459624913103 0.00071294101739888076068 -0.32254810466984368267 -0.15384918151640808448 0.87991025509877718314 -0.4495424032489999111 0.28349288784335480162 0.47513938448338660647 0.83299120514871982657
