1125 14.717824617146108679 14.977075390850430381 15.033177056927090831
1.6481206140999804521 4.6541857296501838448 -7.4223865272709890206 0.88549253102064962029 -0.0026195655257671163901 0.46464622605059346938 -0.35844915251927522704 -0.64015146836425218524 0.67950003871182051984 0.29566396900000230241 -0.76824425505669513559 -0.56778832500104714498
4.7299638241413637374 -5.8793827016147464093 -6.7524449780138651178 -0.99842534916887204499 0.0018700316613473677921 -0.056065364696530423094 -0.044453914695985946581 -0.6359686378435071008 0.77043347613380674943 -0.034215078622909060602 0.77171263736000139666 0.63505033952741940517
1.9380299008321484333 6.6252564579899733133 -5.4651088401777565551 0.9242924710889789397 -0.0095336347807868423304 0.38156590216636770974 0.33896191019141191925 0.48007284869928917859 -0.80909510156788255753 -0.1754658124182466028 0.87717681783645051752 0.44695925868339075882
1.7623440586387375539 3.7379764863546269815 -5.8379468651466464024 -0.98484622117924014439 -0.011144311068756547825 0.17307144466883739309 -0.1687999542235729955 0.29064135474230001766 -0.9418249191689446187 -0.039805729274242376836 -0.95676716459348998267 -0.28811819913474362442
-4.4543751064934236084 -1.2976970796550439946 -6.4176665817617664089 -0.91574346434947828666 0.0044819569724588717227 0.40173849649113257954 0.3166807859412015258 0.62339880137512015956 0.71490363984228144645 -0.2472391298255399994 0.78189119863686185052 -0.57229272769911432306
-2.0995371476978514913 -3.0280536660235557456 -0.15023852447047023051 -0.62087954142760515275 -0.010674665907115760827 -0.78383330277832685695 -0.29239204618774927713 0.9309013666656581476 0.21892815457604902774 0.72733450788665088282 0.36511463548827116643 -0.58109880105672584438
-2.2283357950726947472 1.6969781448414795744 -1.3148706825676832466 0.57100850379160050796 -0.0039754792402158546649 -0.82093451880307466428 0.15161672135199733003 0.98329677776754187413 0.1006966565402746816 0.80682194962966446994 -0.18196604737356816828 0.56207357098438925913
-7.2173552550460264854 7.4022670892195652215 3.9979766929136313358 -0.7231350165012275788 -0.0062029204678390303246 0.69067884844373295117 0.55309944799187993336 -0.60414380132973310999 0.57366476965731583171 0.41371094805538721761 0.79685117248605707996 0.44030836963030489661
3.1130813399793790808 4.4921587597923062773 5.0447305590051243485 0.98606077864535135458 -0.010167029500912671755 0.16607459868548682391 -0.16628389054895617583 -0.095097417614325996382 0.98148160905187842307 0.0058145129924890223694 -0.99541605003844835231 -0.09546244688069763229
2.0355716471249243327 -7.2275479356072001025 -2.358894879707290837 -0.86656639610836005971 -0.0013379414140614362232 -0.49906000746256623524 -0.41921081816333405357 -0.54063637036758549481 0.72936589238235249866 -0.27078583986364784808 0.8412553268471252288 0.46793643155965747304
0.25341025282880424996 -6.9625107002674653245 -6.8435956105923381187 -0.96596266768882421694 -0.00091842603933093257262 0.25867988156229826391 0.084532734247854457443 -0.94621414630039457627 0.31230274763706372676 0.24447973632196440263 0.32353971291739119787 0.91408517802953004328
2.0448432061637200619 -0.78978007589048682124 2.0323704536071076632 0.99985991397789697466 0.013128809036653518727 0.010382041869959175717 0.015829866074799983644 -0.54022210416230742602 -0.84137357547902102972 -0.0054376244964974987731 0.84142005713413248191 -0.54035425388547120296
-6.2606970372637906763 -6.1494943714262877421 0.87991025360686858647 -0.99924567831722710398 -0.00038385501278333754305 -0.038832035998142944155 -0.0379432055474021937 0.22258982119517572995 0.97417353929021965886 0.0082696745531349643427 0.97491211099036390042 -0.22243648155630485475
6.8519379322725715298 -4.3870170018822536306 6.1462735419617535726 0.99686650387528763506 -0.012415696513607363607 -0.078121853099193477865 0.0031922479673838254424 0.99311514578662662966 -0.11709874791061913868 0.079037858045867992463 0.11648243511099817815 0.99004285730785424047
-1.7141320423489734281 -1.4811462416031273559 -3.0870861712376012065 0.65008472543129680599 -0.0076254897771773980097 -0.75982346743609796569 -0.27300552620567269946 -0.93552550571406345448 -0.22418744572254059588 -0.70912469455105364702 0.35317683964849289069 -0.61025264236520593286
5.4137084066659157955 3.7229765344074783329 5.3687019969632894245 0.91926450269248771718 0.016242536985587561343 -0.39330516660967063114 0.38852162359339698083 -0.19804397108898935675 0.89990529141437458627 -0.063274972065934756427 -0.98005855208114156518 -0.18836536943525963861
-3.2354471098776138582 -0.26966566506086808719 2.7616922045017195941 -0.96453964414076254208 -0.013876045687409058541 0.26357300741329620086 0.13857731557040917081 -0.87652625451000065748 0.46097511078583541799 0.22463214927988969793 0.48115400913928701998 0.84736722676724840486
-7.0410571666563059878 0.0026025332452711338882 4.4644445707788129596 -0.961156874331696498 0.0023498052287469952532 0.27599264725787447938 -0.030772427224412708668 0.99281682721534258995 -0.11561922556782502913 -0.27428182704611925313 -0.11962117711169412138 -0.95418040921978564128
4.57558261478942363 -4.8542146353605470921 3.1672413347962939945 -0.96749244791018329526 -0.0027703817883600592373 0.25288473307296543968 -0.11885192275076671142 -0.87765591668159492755 -0.46432134602266900147 0.22323212962091457112 -0.4792832324404859845 0.84879620605087846563
-5.9914909552961681527 3.6055396033350963769 7.482725859758863507 0.98830533380357088458 -0.013958006141182192905 -0.15184775678224907147 -0.012243079384477412175 -0.99985034293453090015 0.012222877758797644557 -0.15199563869550203332 -0.010220851142727421443 -0.98832831590504965913
6.9515084220806491189 6.8247545225185985984 5.2242022491239481496 0.9908935569373500396 0.0058669354871752985719 0.13451965614016611616 0.12920387966753857367 -0.3226293339727555054 -0.93766554289844028514 0.037898763817997574432 0.94650720648510422439 -0.32044935913927807825
2.7272065266683123141 -3.0755559444884186249 2.8758167760411450509 -0.98965717942369935134 0.0050237750295908240039 0.14336467102902872295 -0.0074409619030370507953 -0.99983898113777691652 -0.016329234011474423605 0.14325955221476488477 -0.017227114729366339863 0.98953520766934943698
-6.6132832523270437264 -2.4038346764957161383 5.180967247783582863 -0.90250701093478857828 0.00042670705183088086104 0.4306749506700669472 0.26673471061407394433 0.78567567003521354696 0.55818127491729974121 -0.33813265054887398087 0.6186384723210947012 -0.70919161810968733839
-5.5618407439115644664 2.2601700883922353214 3.5606843050310690302 -0.99072476901027717311 0.0023661299958688273085 0.13586328973828953881 0.071219193431732483179 -0.84247477865352504711 0.53400755970268398709 0.11572492625444250058 0.53873059014830482205 0.83449211660861788431
5.1922567595703155163 -3.3994953172788964224 0.044496535925867927719 0.89532256247071273503 0.015199022804740594875 -0.44515895906588270892 -0.35376464749687985822 0.6315279154617418067 -0.68994424859832892416 0.2706438310996224228 0.77520415485101046293 0.57079806848789571561
1.1946521367577838113 6.8384345324010871181 4.0375538083502684472 0.75518778124022123421 -0.006626791587601698133 -0.65547501912630268261 0.52852756983281778957 0.59765077381687770064 0.60288652371953355136 0.38774994905484078123 -0.80172915513236753249 0.45484100388888137889
-6.2883293150293377849 5.7209900206562656066 4.433736290708312211 -0.50467600714220839375 0.0079009607318368466067 0.86327266992223372633 0.83318153871406985811 0.26631889861090990435 0.48464705486442671845 -0.22607664930530357861 0.96385259197773898165 -0.14098769299732635818
6.0694753485322330278 -1.5780598703860628795 -4.746966456413834301 -0.53867854550360416699 0.0035116153707919275928 0.84250406121959364736 -0.81794706617867507514 0.23753057435903107697 -0.52396738751025284664 -0.20196044549310396277 -0.97137371531365035437 -0.12508030881830237147
-3.4928612239869316625 6.0806213162997968524 1.306178362574881513 0.80281809773096513005 -0.0048220776668561390194 0.59620453665062089765 0.23104126679961123347 0.9243524792913792032 -0.30363205868859172165 -0.54963900424860745453 0.38150916318588268261 0.74320099799034167187
5.225613922175720738 -6.1139925455399621868 0.13209309544023598026 0.82901820205928422602 -0.0053495846607683758892 0.55919603235204906611 -0.32140002954146534853 0.81374955565834594662 0.48426612691419268497 -0.45763614549668807374 -0.58119105517009261863 0.67289383689052495452
-6.3695428396730395804 2.7762203719612368324 4.5050908982129582725 -0.99386259566193213555 0.0097123074498467864418 0.11019442829857356569 0.030931575964252888689 0.9808032141763591838 0.19253127712053327847 -0.10620912650253336307 0.19475812215483026546 -0.97508404525054892531
2.6624048427366324709 -5.9958379847297162968 -1.6717644531602038338 0.93201367450328298503 0.0038340527054162572111 -0.36240282915417132426 -0.057004241398375510297 0.98904856186261325135 -0.13613764630011523926 0.35791203807877336462 0.14754064632290875281 0.92202534166962646367
-5.638427965677911935 6.2892251953244899809 5.1320978188593899816 -0.78353063236055331409 -0.0048489620097816087466 0.62133423832925138708 0.38920452602494104433 0.77566233821790275815 0.49685790120716905038 -0.48435481320449724763 0.63112948325821982554 -0.60586796440147439036
-1.6741616020374439078 4.6896531386152986443 -4.4581089463369885095 0.9180891641361917932 0.0018872443862394385969 -0.39636942995699897541 -0.18090515577431612315 0.891759551557951613 -0.41477491102943697676 0.35268344348735347626 0.45250562484220097081 0.81905619353992364928
1.9775514565965401914 -4.2800478606187599695 -4.1878920220048581058 0.88847333051065757736 0.014425394974882725999 -0.45870148130473720194 -0.422356910136244601 -0.36529151016405159158 -0.82956419466019049036 -0.17952654798525541358 0.93078140322093538828 -0.31845909939362182506
3.7840542323428385529 2.9738051084206205132 -1.1751107512857577042 0.57492123950225826334 0.00062039023857323339489 0.8182085207848678321 -0.075343090027974637946 0.99579119280593841879 0.052185430103160533599 -0.81473246354494488486 -0.091648870402010737535 0.57254824897102352121
6.168953075507131345 -6.8541257020568977509 6.9717367077264729147 0.88038315308137615744 0.0038892990273344382399 0.4742471688092023685 -0.072216849974212793395 0.98940480490293469806 0.12594784084954457892 -0.4687325787165398383 -0.1451309938915601172 0.87133619473870882466
3.0888240589820870063 7.0719006312878169851 7.4752207515896751389 0.99078367017493262914 -0.0068971271083741909902 -0.13527804164860757208 0.10319910241026368503 -0.60844522670497003247 0.78685726238096664886 -0.08773633327387996006 -0.79356589879958050471 -0.60212581748844118401
3.3053763137793024107 4.6698453362193230731 -5.2545441407736221961 -0.99588203976154221486 -0.011916073660886851437 -0.089871964866044554143 -0.020664967216458156318 0.99506437015083049058 0.097055954925023030233 0.088271864205536357262 0.098513483569283813446 -0.99121297991127343963
-3.3443237278583795025 5.089529445873878899 1.3432630020209284094 -0.9525218309974203823 0.0022273466377026891055 -0.30446214937236265596 -0.21040720148803049305 -0.72759359870652129398 0.65294438100285412396 -0.22007037746020849389 0.68600480614079939468 0.69351743663471276946
6.5298517203769623762 -3.9464957837509948568 7.2222118372293815369 -0.95382352564499561787 0.0023063548736099192572 0.30035872328509272133 -0.30002502969555017165 -0.055058859060544779185 -0.95234106474255231234 0.014340972156928612907 -0.99848044686212056309 0.053208399256585277304
-5.4010996573889258343 -6.1344687285448484815 -2.7748409369704232219 0.98553293680922471331 0.0050933721423189219288 0.16940746153680186215 -0.12122989101152090163 -0.67732906996524133714 0.72562293548740919302 0.11844046601330236734 -0.73566255072575681417 -0.66691263855948212935
4.7062443626034582422 6.6148993589800415549 -4.6650413730364670428 0.90384849239189479775 -0.0073588246994532443765 0.42778937632909475042 -0.32538007938256624518 0.63742458018545400389 0.69843948092607044398 -0.27782315731774059886 -0.77047761309105389227 0.57374083084931437604
-3.8939097938954403411 1.0054483252821155848 -4.8122806556826605018 -0.80654625304152316456 0.0015647965258968076808 0.59116892096639783727 0.58807970050505042892 -0.10000747441213378441 0.80259626893951208082 0.060377210590143899627 0.9949854554080056479 0.079740428690969367143
-5.9373812711654343488 -4.5795625466513829593 -1.7572766487374646971 0.99793361095149335505 0.0045391709313381232993 -0.064092933000552715361 0.063962092850007840061 0.024709402230610588019 0.99764637829222191368 0.0061121855017310221941 -0.99968437087346406766 0.024368008119796256278
2.1763520999978984705 2.5326298849855022333 -1.6635355928932111791 -0.10619763565534898198 -0.001529423054343899413 0.99434386559504417402 -0.98179480989437739602 -0.15821753127916660109 -0.10510073292091701158 0.15748337514094859491 -0.98740309583326735243 0.01530074812425364153
5.5265969817013411713 -5.9761404865818121834 -2.8934352335414046387 -0.82104019209668754886 0.0029354902888080220032 0.5708628432983129386 -0.16861042789679200893 -0.95662136890809634782 -0.23758383815579858789 0.54540216956512477253 -0.29131930839741321249 0.78591954676572717275
6.18959298731238583 -0.13189414395710788441 -0.66684354092504305456 -0.75559579069323745681 -0.00051642958693187170083 0.65503796408085901426 0.016430168463281061286 -0.99970000929312419213 0.018164277676860893229 0.6548320782086112235 0.024487235853318654877 0.75537760400293774143
-5.008239010462341767 3.2736396006007906223 3.6718182371133272213 -0.9954664228651832758 0.0050419200576809148143 0.094979892556591907771 0.093797892030970206334 0.21756229169556751124 0.97152900352111271065 -0.015765671520112559123 0.97603341555208789071 -0.21704887773769590553
5.6241244387805719995 0.76821116231345343284 6.0635093237678230338 -0.85764523150392657502 -0.0070526438975301334808 0.5141934627089901344 -0.51424129085815062368 0.013206481429364492694 -0.85754386688080108669 -0.00074273489672846935983 -0.99988791824996026136 -0.014953236524612632807
-3.8613510874829444219 0.048425416778625551828 -4.2130303481427198165 -0.95152493208609600917 -0.0040065326248205140533 0.30754552722263084341 0.28583545440205782029 0.35770066351149198969 0.88901537013159115386 -0.11357110823189760229 0.93382770521108637851 -0.3392158904815899545
-3.0387889535382637263 6.4656239461898579179 3.0407807219594160664 -0.94614158143095605791 -0.0011100974280828965982 0.32375125570601842595 0.30702297520982124723 -0.32037750235500345175 0.8961557613931848687 0.10272779848148720638 0.94728930304764991099 0.30346330214821154447
-0.12035586301238293538 0.13657052524535795435 -6.7646607600455039844 -0.79431536772098754184 0.013499099643490650169 0.60735563791829050295 0.28012588016538819691 0.89526339612316807592 0.34645770712124784874 -0.53906640394654647963 0.44533271367704208021 -0.71490292086772544433
2.5394091703189380915 -2.8458254056043523761 -1.4848159800746538739 -0.82458980255921543456 0.00097836250014191918078 0.56573023635116947982 0.3942881052494682792 0.71810938561205306385 0.57345950193088601754 -0.4056951411763428661 0.69592956044622167333 -0.59253143319412182599
6.5774732269580340471 -3.3865954168293210813 -3.4472336231993789823 -0.65635079907518989462 -0.00050015066109369323011 0.75445568352460901096 -0.34174410781285524674 0.89172383981929814745 -0.29671460744839611712 -0.6726177170789144899 -0.4525796541465417766 -0.58545457836122649642
0.073446256611056345842 -3.2593151230538492946 -5.2609907788739018741 -0.99670817782507103999 0.0031852473217056560297 -0.081010261424176083223 0.035549453711157925906 0.91521416266066046852 -0.40139665270919694384 0.072863190963267168709 -0.40295519684550873407 -0.91231467418751710508
-2.7256729484530395347 4.3304670643144511644 -6.5430247919605877271 0.99971103468461330888 -0.0050199564701349811899 0.023508448837844427015 -0.024036041244462610922 -0.22259617373395948481 0.97461439152112039341 0.0003403689411520527397 -0.97489781181211965233 -0.22265251104119601622
-3.5750553591399665265 -6.4727569201555352763 5.0324204355682438106 -0.98924030017301467499 -0.0092024918932781495096 -0.14601007724358169848 0.028723175459370413332 0.96637930926878667925 -0.25551127139289525614 0.14345245799654007812 -0.25695591987776383869 -0.9557170331925716189
-3.3843571795859985762 5.2860491332222512284 4.297370955027720818 0.77868890378625665871 -0.0024556900772476396647 0.62740541972983665531 -0.29491804449291530998 0.88119710975143317189 0.36947936450937113317 -0.55377516931751624707 -0.47274266081252946936 0.68545418409659242265
2.6954671649988406479 0.91097856017495115744 -0.68520245989942762943 0.98443313128614251539 0.0013244198964171378582 0.17575453319332146052 -0.034800508985530068107 -0.97870525844938638382 0.20229913904346091824 0.17227981483744103652 -0.20526632211671869133 -0.96342379169509229087
-0.85078306437758222103 4.4897383098036520721 7.4743923539498871023 0.9993260585948712249 0.0031527718190941670176 -0.036571691826641626599 0.036483795860039844317 0.024477318663003164168 0.99903443059317054153 0.0040449045539377639219 -0.99969541406415363127 0.024345797301047297084
-3.7539618254285822552 0.13735894174520424382 7.1463563547553139443 -0.45248282003925816008 0.0068094213333082199632 0.89174712186266646974 -0.68619608266465581536 -0.64131830914989951253 -0.3432867059540362642 0.56955617256330837161 -0.76724471854179143726 0.29485811531106786987
-0.010340601145587966642 -2.702024473552856243 -0.37621506027209400402 0.76428558282793845891 0.0088454698293260226871 -0.6448172652348578282 0.63814929302451650628 0.13369261972242302283 0.75821617184299971992 0.092914087703600017898 -0.99098337074611975162 0.096534611466251002421
-5.4411008671415679316 0.71377940451832044833 -5.9536494287658294766 0.8211067004893638499 0.00065184040312920481577 -0.57077435253843067375 0.16721441240091244884 0.95584922421991169728 0.24164354086880532324 0.54573173510147277021 -0.29385682851049721442 0.784745205554491565
-2.8742166062560627893 4.0397369331998662645 5.8571476330546978772 -0.99472600379319153774 -0.0072490193995319845283 0.10231143188987834591 0.015189402688090596072 0.97608946953014519288 0.21683779541009559622 -0.10143697266565734894 0.21724824323813046734 -0.97083146909559825399
-4.698265542972961839 2.1544904591849571851 6.4898967695774318898 0.84119918390720394008 0.0084494996439407575595 -0.54065935574047330192 -0.3743066322738578533 -0.71248908618836948037 -0.59350977001100402308 -0.39022875090103259499 0.70163231682879123596 -0.59618253408823695949
5.8749756328427382712 -2.2195539460240270024 2.5697482593493061742 0.85616207016633327775 0.0029936216984746827352 -0.51669870121546523922 -0.50801202360822017567 -0.17780445490069313186 -0.84279852852675274377 -0.09439435087995633189 0.98406128571676820815 -0.1507086343756137703
2.4142137320428149749 5.3217320348157075571 -1.500123686621707364 -0.26653357027097290821 -0.0023645756622628424926 -0.96382273510262128635 0.27117726203136893748 -0.95978481139824911583 -0.072636136780959467685 -0.92489066839046618629 -0.28072677925557509848 0.25645609162773824741
-4.5062811716754271885 4.9273417662497012159 -2.1512807374993343501 0.65336704583169324945 0.0017645546990101386095 0.75703922604305862176 -0.64508295613129085222 0.5246578980973353179 0.55551963932245729261 -0.39620636432302963614 -0.85131132748867921478 0.34393246511366248885
-1.0165022347359302657 -1.3006389968279974401 5.9326671707058560301 0.97325711104321621647 -0.0026507737545841073695 -0.22970321983417124612 -0.2157811135350593823 -0.3535457234600932197 -0.91018895426424939465 -0.078797886045699858104 0.93541348868911688985 -0.34466287634895725889
-0.76695257863455812419 1.8992220125107353024 -2.898049216055671895 -0.95732673661579359425 -0.012305995337264410971 -0.2887457044516504312 0.28598525830921839308 0.10378018656602489012 -0.95259755663460210506 0.041688744168354475994 -0.99452412507436727118 -0.095832214075349170246
7.2798083662168497909 7.2441450055069696035 -2.3030088242937982734 0.46764808779008759654 0.010896809894451863626 0.88384756916586115771 -0.79585921239008583505 0.44026201232363831872 0.41566509903847803642 -0.38459508582431001233 -0.89780321899565396215 0.21456001472997063284
1.2376786269444199906 6.1926871218833348109 5.612186104040524981 -0.99997934981461600312 0.0054544756192974087894 0.0033983289989641795453 0.003230481403518817643 -0.030491731572352163276 0.99952979860312807237 0.0055555318528771550218 0.99952013636617886849 0.030473481330422116931
-4.0601970842509391701 7.0243261628485056391 2.5893615387645594339 0.93512238315258444654 -0.0056976819497902529699 -0.3542790777725901008 -0.06504221014654648636 0.98011986266822614944 -0.18744216628717688677 0.34830394690016708292 0.19832445946882115706 0.91616143192672150342
0.42048332644412261816 -3.8182978569695742443 6.8584721362820788571 0.84150273447073009603 -0.0025587974057849787769 -0.54024679585741641752 0.035159336530950255351 0.99812827659808134317 0.05003763094105521253 0.53910756712654661627 -0.061101522168580273131 0.84001763972887510956
-1.5307007532765799507 1.9042415495882660803 5.508575215270337111 -0.99468797841131206816 0.0036463916333209344528 0.10287142184349805374 -0.064110768603319087666 -0.80381849956253337286 -0.59140986558373598303 0.080533439968440784229 -0.59486344953175751549 0.79978237130979190628
-2.3235589149089239669 -3.2473273649361571458 4.215995917636825574 0.87148157022331085297 0.0070403261836493903625 -0.49037771826254078489 -0.31495152574204593465 0.77449491582490859187 -0.54860109532725165327 0.37593271897237939827 0.6325409545386281307 0.67717540684623456215
-5.2291688884586662311 -6.8526890108247728861 7.2419792679463039775 0.99530877785262406032 -0.0050814987863067144491 -0.096615811851361310669 -0.030669256926211724279 -0.96368877294507226949 -0.26526090096182680655 -0.091759650223817282311 0.26697963830511856065 -0.95932374062219305522
-4.6767255951393105207 -4.8006727620634723763 3.1898605077078863168 0.60934175455146077915 -0.0074948706586336743402 -0.79287228042987234478 0.76804665661886262207 0.25401413534510153269 0.58786150775623613463 0.1969948207866731027 -0.96717146667931808146 0.16053782926316656487
-6.4364713730936120584 -1.5080506925543768482 1.6511979074639007159 -0.82165847570484973339 -0.0081312604627155320863 0.56992212793117036362 -0.44902052448243073846 0.62512462216292830064 -0.63843541204977594106 -0.35108107026122581384 -0.78048260029864802156 -0.51729004700965242058
-5.9363915505038571396 -5.8327779969271995597 -1.0803183586536007077 -0.99986460909980834355 0.0077622722782997866098 0.014508983378015106666 -0.016218850065761215851 -0.61371355719864362221 -0.78936215934964526486 0.0027771157931829049126 -0.78949060592230579925 0.61375636109801268159
-1.7154229757430592418 -2.351585200574065837 -1.7124523741259560783 0.92482242838495587467 -0.011625806328635867465 -0.38022140468855442075 0.36714604524153982013 0.28881752241693747774 0.88418788739069031912 0.099535206935104897363 -0.95731357421281082498 0.27137329125798609342
-1.6842442397730179593 3.9191894954161252684 4.9359465543688996192 0.95819198177324804711 -0.0040953336803545023828 0.28609675689831143286 -0.18591213485805543892 -0.76897612659693592718 0.61164727975891597378 0.21749667624628765683 -0.63926437798927371325 -0.73758813090763730713
2.6562222052128543481 1.6191948883028952633 3.2578307981170153695 -0.98564456721252424742 0.0048128510628286033657 0.16876499515313700406 0.16832670505071839484 0.10541363486858175424 0.98007861212786007155 -0.013073159187610945003 0.99441681504710177641 -0.10471050787966224016
-3.248807138865757782 4.0512643386788820266 -1.9325066647487525451 0.5104782592836984989 -0.012936982776252697186 -0.85979333637520194422 -0.16555245586846883965 0.97970191762778480182 -0.11303334442639616231 0.8438034908404909995 0.20004196328003703842 0.49797478025750291364
5.131545253134361495 3.8146310476377065513 0.25499674710801206734 0.9891583707124699254 -0.0041071063852230107333 0.14679526329735115286 0.033875508642909751833 0.97903132992007513291 -0.2008733554984097891 -0.14289215361104162794 0.2036683252549317813 0.96855616549810064075
1.525185974918327636 -5.436362922792174146 -7.3751754172958081668 -0.9478011793996125034 0.0026830457480871037698 -0.31885063210592512473 0.2838943758312137966 -0.44818654362281801218 -0.84766314387669927655 -0.14517888172947748804 -0.89393602868485055879 0.42403003303871972252
-1.2993913557694332095 4.6509350673385574382 6.3957240588722052976 -0.98980650692616922726 -0.00062235839429556271893 0.14241731466552104424 0.062910803932315378928 0.89522811869182405964 0.44114492658549309123 -0.12777053492536449841 0.44560770659129383953 -0.88606346399759416954
4.5205224092222007215 -6.3998116879580448924 4.8194712604625431496 0.96094527064770796088 0.0039112948999041902837 -0.2767108393106860742 -0.11931797196269076922 -0.89633058930174902557 -0.42703008822404470157 -0.24969463027166283187 0.4433691198698059277 -0.86085795295125322468
0.96793948869513757316 -6.9791485665629195978 -3.8200818774280032031 0.99033582499259176224 -0.0063106994670575440251 0.13854648609223502165 -0.12698891461920694401 0.3603440267885563153 0.92413527035896791961 -0.055756338654070258798 -0.93279813326897864645 0.35606021017500089076
3.3011451947271166496 0.034222936789691613124 7.425711062787955008 0.73081581483918967024 0.0026429437923213630612 -0.68256960057501325778 -0.56975552883387980962 -0.54831564882563799124 -0.61215078748322437896 -0.37588147353159667707 0.83626728030047758899 -0.39921191584745197023
-5.6224638301777698501 5.2306452918732606605 -5.5768943609061656375 0.99552821445393446798 -0.0067458806694183654634 0.094223496645229581903 0.084678597508135819427 0.50583196679418218622 -0.85846581556480328068 -0.041870148675683546702 0.86260565408721034952 0.50414122643039627203
-1.7810076293344856424 0.2763832293681001695 -0.14337603814875893304 0.9097699297237590299 0.0024968450071831357374 -0.4151053369149057537 -0.29272927458772013409 0.71287434751826661561 -0.63727524387027956188 0.29432676869371104944 0.70128733798315401327 0.64928254467128476701
1.8278000496296455957 5.2918918367448215534 0.25111250758315284415 0.28043256015481088372 -0.0009426607170136399802 0.95987326798676919637 -0.92928623143636934767 -0.2506999053724617843 0.27125017513178273365 0.24038444056925228898 -0.96806439291854384788 -0.071180417919447874775
-1.3786062103596754547 1.5936102732948373983 2.0446076596261524294 -0.93315070283174061938 0.0071701739902805504412 0.35941390402943212967 -0.35241369277858819453 0.17908888197147110333 -0.91854872570613199656 -0.07095318841952921729 -0.98380677013285433574 -0.16459004858721876241
-1.1817772622970543761 -6.9253478637957224251 -5.1855609998052800691 -0.95575107815960735902 -0.012319939017595938832 -0.29391851880990521595 0.29415793722786970354 -0.028767272700571298871 -0.95532379431655822799 0.0033142967057091417271 -0.9995102116156125982 0.031118359747495050183
-3.3850903930073008574 -7.2314882753299647433 -1.5257142014347893078 -0.83982561585600401521 0.0014294660702084526632 -0.54285439261259016419 0.54028150191595836205 -0.095079341839444622697 -0.83609557913114496142 -0.052809408626065174053 -0.99546867122080462398 0.079077752740159518163
-7.3160748665446941885 7.0397543843990435519 2.6789777199268596242 -0.97413848123429436221 -0.017343331567540101745 0.22528521529092915276 -0.21897201128664844916 -0.1734418291522790978 -0.96019226729512030527 0.055726812681276341466 -0.98469139366121627432 0.16515865583725131138
-6.0308657077559706394 -2.7272700932697042653 -4.1058903066856196062 0.91666519742769114742 -0.00055052493089756317918 -0.39965561768489377137 0.22199721088813934022 0.83223669114615472786 0.5080347707271521962 0.33232838305301282134 -0.55442022585058736706 0.76300462579530281548
-0.2137816975285115606 -5.1881833117492144325 3.5709919990723451022 0.97052327275145078289 0.00666465580753290536 0.24091525358651713629 0.22030310825478233161 -0.42988295293876155334 -0.87559533305391246127 0.097729819098302639357 0.90286002743257098846 -0.41867965477601420954
2.6824765700422337211 3.9183905084080730141 -4.0955508951727059852 0.61651645881205341393 -0.0095715923313031830988 0.78728383740168750293 0.78167117174069389307 -0.11235493975148810875 -0.61348720180860893958 0.094327277514822033266 0.99362203685998318203 -0.061786831792536939245
-4.1675751826704532377 -5.887334303875239705 2.775209983919514567 -0.97847380054174992736 -0.003604522291229460447 -0.20633959647226596257 -0.18510918920504867979 0.4573483002116498497 0.86980866882632290604 0.091233818977053376953 0.88928034933450184063 -0.44817055967821362028
-4.9663229351793525268 -4.1124582327389518355 6.6892641094980742622 0.76328635296901292673 -0.0029694037039341837463 -0.64605350089051094553 0.60431855721014204885 -0.35033175533065258334 0.71558838910255084809 -0.22845792781761656287 -0.93662097128383003941 -0.26560898209344380172
-5.8924791534976703744 3.8656767177468966956 2.944785998894893897 0.99942524025738666005 0.0078117660712445878557 -0.032987352838869360427 -0.014728882480518885531 -0.77637552996211489642 -0.63009848158592640655 -0.030532755482334226343 0.63022219318816774525 -0.77581424197792347996
-0.25068613742293738289 7.3200624116703894018 -5.821094616015151324 0.99998945515238457649 0.0016249042410559806637 0.0042952613726919709053 0.0020274022952681850993 -0.99543410013899613631 -0.095429774810627990278 0.0041205853934819939091 0.095437476740960744404 -0.99542689777279025343
-7.2798454217256409748 -1.0530922896511336617 6.2782930195445487698 0.715555590172841538 0.010551581372562145178 -0.69847609944999500264 0.57250563883582417102 -0.58179168695047367432 0.57771595658818220009 -0.40027177126750501657 -0.81326938779588464623 -0.42234513374799104168
-0.84493751363509383978 6.3012968367483876975 7.4092068440820311181 -0.99984606145393706278 0.0023330837692697838429 0.017389942931748631622 0.0041653925499204012828 -0.93122249272137747056 0.36442738447431671789 0.01704414562100257588 0.36444372099128885534 0.93106942347508070412
-5.2088617844986346839 3.3377098814849812669 1.6605482294777067498 -0.98496614244402158622 -0.0029570151603774278218 0.17272218821019100221 0.16993594130192318792 -0.19624300137209388373 0.96571758825561893058 0.031039879068770322157 0.98055083523176989058 0.19379521519774786653
3.2464243024464067844 -5.9808413009732763754 -0.0065778827382958864056 0.9410332249466539789 0.0053386474442856050177 0.33827203311809622699 0.29714060330795649678 0.46501191175983558335 -0.83394926931270296766 -0.16175268595038233554 0.88528832634625120868 0.43600533003946839727
6.6882125359947295351 1.5912354245769697592 -3.9238820949161952178 -0.98737875762365856502 -0.015061937963980510935 0.15765889451086981254 -0.1571107798743230366 0.21876428631656388846 -0.96304641107252497711 -0.019984790239068711548 -0.97566148076941427991 -0.21836960205551736447
-6.2277079652490465733 -3.7531496102534531722 -5.3862397681208120659 -0.48979666221496676037 0.015472381823293896927 0.87169939490842252017 0.58178223309286347664 0.75046645327231253919 0.31357540683271251103 -0.64932939479170315167 0.66072740817497799259 -0.37657752076558131948
-5.2612180327137609837 7.2325151230799971103 6.030419503929358882 -0.88760193720085422964 0.0048767840099819201316 -0.46058551654937796016 0.093075540636708697928 -0.97741730300792906139 -0.18971652409800357497 -0.45110945990135187245 -0.21126200027067137954 0.86710358229519512996
3.9158971899487107216 -5.5389144654116515554 6.1456969149325564317 0.93714319001569879042 -0.01897323569598943771 -0.34842884170855503712 -0.27102390223856426266 -0.6685217891936193757 -0.6925493930317776492 -0.21979236980056579553 0.74345049176151578596 -0.63164284249640134661
6.3192594060991638116 3.3230473013353232226 -4.6675158032489409976 0.59872118595309753442 0.0019405214860057462371 0.80095516470481920024 -0.76917399838401190326 -0.27751325108336655223 0.57563682620497336195 0.22339270735860494721 -0.96071984982605818093 -0.1646604641359254162
-6.6887435736008225007 -3.7183592319429941142 -6.7687832119346715842 0.92727760373624057433 -0.0086786590949482021046 -0.37427386561946479615 0.098192102894466171126 -0.95909362392441721568 0.26551408903614198698 -0.36126798438078100428 -0.28295600616321342491 -0.88849386156441767515
-1.8116128414163268356 7.2417045982997150233 -6.599538856198797987 0.90983993852145128578 0.0038950363364363103924 -0.41494109818514018917 0.10531124175727500647 0.96505014672942912579 0.23997449167972387252 0.40137367705257248618 -0.26203633906270429321 0.87763097505728626668
0.70449661289421383614 3.6907659025160919342 -6.82184775321400938 0.72501130679412351121 -0.0033644503908547493398 -0.68872874594740618459 -0.099825708921047459632 -0.98994193124197593647 -0.10024869379312044415 -0.68146418310797540752 0.14143427180993242698 -0.71805495186545253983
-0.21515097202305122348 -1.9324160439306317105 -7.3506342625578824368 0.92412171209555671325 0.0067431699466847915686 -0.38203872957137213762 -0.30483133233738374246 -0.58984051315253693826 -0.74777404867339647421 -0.23038428778646571904 0.80749160906049999298 -0.54302889539881971093
-6.1834152153116797024 2.3269008758338940446 1.3054939097093964939 -0.4365587748949192326 -0.00033934547214628778961 0.89967567540027093553 -0.2435485242171238629 -0.96261714369215312104 -0.11854261268248039718 0.86608345580193202284 -0.27086550078322924051 0.42015631385405988185
4.6138998690175911932 -1.5025406898438413705 -2.976917332523715487 0.26142206892955160979 -0.0013061393439594004562 -0.96522370250458544572 0.96158756439038761687 0.087081328968251131561 0.26031941563180654997 0.083712949334978054017 -0.99620034940030122161 0.024020948534599365076
-0.37310059897158354136 5.2442742264061292801 2.9060969496205930618 -0.78024474569087387543 -0.0049208118256311109834 -0.62545497234646252327 0.026449291476638020493 0.99881501921990045734 -0.040853302939200315802 0.62491485164162541288 -0.048418415831581386455 -0.7791900186770972514
6.080737600479459104 5.243289497549035616 -5.4556996654996234852 -0.99635396218243243993 0.00062599198873143852354 0.085313481802043608648 0.0555818787343510326 -0.75387906856647601828 0.65465792955838242317 0.064725858816401235507 0.65701290558967251343 0.75109560316194245999
7.1735740913251513362 0.036565956408386356136 5.9317464506145274328 -0.803474207992970757 -0.005357685099524365363 0.59531545612422398506 0.34706202419277182303 0.80824920835332803026 0.47569020229492209317 -0.48371184444182102613 0.58881619577458865766 -0.64754794350706812445
-6.1357210001191804238 -0.87599519507934253681 -1.3178513716578121873 0.72643493827397709328 -0.0053177166642720177098 -0.68721466976802225712 -0.68547056154240948445 -0.077221535528303894558 -0.72399374562874863059 -0.049217778431089549696 0.99699977750262003262 -0.05974155962284659338
-4.664254029123444667 4.3253447267309521607 -0.63296619701363654453 0.59643701914512137208 0.002631897330547670194 0.8026555645540792705 -0.77049598624290238646 -0.27836664969651719881 0.57345265150682800392 0.2249418088678486749 -0.96047128091009370543 -0.16400030844499133287
-3.5862911070575549388 5.5547053024863686232 -0.38572770959415991765 0.57144091037716870929 -0.0051782395575385095632 0.82062687732154526721 0.57005613004607880168 -0.71683315370223299468 -0.40148005971679756598 0.59033151240995240805 0.69722551272062205374 -0.40667590273747833418
-2.4287221359698021317 -7.1992163210665456319 -4.3975634813355366504 0.83618959739746878679 -0.0011309931820706223098 0.54843931119009303732 0.33611128800505613023 0.79125502300024930236 -0.51082745683104902046 -0.4333776174190809849 0.61148524874391496642 0.66201935869651251654
-0.23104902073191663225 5.3193624423962670988 -3.360000890925401329 0.91131042776785853299 0.012099990011325513148 0.41154209320954848739 0.12705696495678370228 0.94251582807305589462 -0.30906381458785880945 -0.3916246058377489403 0.3339423663948881682 0.85738711445249504717
-2.5085658607925624963 6.7681341756593713654 6.5385110254949676545 0.99563120335802279826 -0.0034024844971589913827 0.093310931831105420331 0.036288955781723850058 0.93487577054507642327 -0.35311528618291326831 -0.086032660008928590889 0.35495875358559081381 0.93091496102742965491
-2.7687590257742260569 5.5682008652554060291 -4.1261548078657099836 0.91613700328138458762 -0.0008239587429365543593 -0.40086445628246730744 -0.26551976236600188797 0.74793106472988390987 -0.60835711404173109518 0.30032024076260965817 0.6637758985560745506 0.68498854697303435124
5.7188942033838818801 0.64266835827398993697 1.60759625561385322 0.1687402623775102195 0.0019367162020235556552 -0.98565864932183799851 -0.36343720044706800953 0.92965918203926711794 -0.060392106944825510451 0.91620965132653719998 0.36841560007735918436 0.15757480901356710201
7.3251573251502311024 -2.6326868345234903934 -1.2945569356707791187 0.86846250502384569891 -0.00016570737007466640467 -0.49575482842708556985 0.48318330441482226778 0.22405457814659798799 0.84636483879369761585 0.11093589005581867835 -0.97457658424195070523 0.19466306723383972055
-0.43698834768593197708 -4.7599599042489320055 -0.73824083694259989841 0.99488791626445149952 0.0052465462453352932487 0.10084893565843894292 -0.07394965305143950951 -0.64223251363721156615 0.76293436627335664557 0.068771235880367792559 -0.76649192571071500524 -0.63856138697520703484
2.0685900616509362848 1.5172219168313458848 5.0738067650905582795 0.49202212606477513379 0.0037300246781048112046 -0.87057470350262866621 0.86245489086693039038 0.13423693823677312897 0.48800820242346903965 0.11868356534275074921 -0.99094224419423571071 0.062830565720995254497
-1.9780347776001880877 3.9373710728818216431 1.5306056800748288893 0.96855841233586370542 0.015867033638035807352 0.24827975982164740554 -0.24466458974003593707 -0.12015439647814085689 0.96213416919589478393 0.045098119926037467942 -0.99262840894795578706 -0.11249445021253615118
6.4455263769825998921 -4.2364651724945323608 2.0574930498812973312 0.87169413589797617448 -6.6300015831776901165e-06 -0.49005033761557403871 -0.16773026672167168361 -0.93960513089008468324 -0.29834335191307098656 -0.46045183360108038473 0.34226042418205071538 -0.81904939470831605863
4.7806528684593390111 -3.6654709980130024682 4.4925431719950132958 0.085012696611037857908 -0.00046128110720385518545 -0.99637976125311855657 -0.65684266279508807251 0.75191606980251779468 -0.056390959426863951354 0.74921996619636499481 0.65925868306191703905 0.063619423608308314777
5.258318838778891724 1.5923342236319646403 -5.63697783218796733 0.96505058056239845232 0.010181007605764852073 -0.26186585122967670491 0.21551266505884653091 -0.5993590047962630285 0.77092352057059043702 -0.14910287775674035959 -0.80041559858216615453 -0.58060589162599707258
3.8032372609281344111 1.0462200939975170311 -4.2700514713590651539 -0.90565830165918970174 0.0042229010353107701917 0.42398727309037242961 -0.27860978886948156719 0.74785166521298174214 -0.60257320914909362486 -0.31962419523849777692 -0.66385243386239678465 -0.67612152744393949622
-3.3681190754928711506 3.1424865514564492841 -3.0842163187264794999 0.91983864203209109167 -0.0067470666530372695735 0.39223889368110786968 -0.11541092231527980139 0.95095054706890069784 0.28700762366130322389 -0.37493625009447512086 -0.30926935528916366103 0.87394237467017155119
-3.8275824536651379404 -4.7987353629681228639 5.6280753321835232938 0.89277161224133394501 -0.0081245003370995546449 -0.45043627836835914424 -0.4345085393056209444 -0.27963247075831271227 -0.85615886993492951174 -0.11900074641189446745 0.96007274401061126756 -0.25317809652797163
4.7769153575571126069 -0.67525514815051457251 4.3153982686133787183 -0.85788958586012953322 0.0078041897742399946036 0.51377480776582595823 0.013278610097144464067 -0.99921400835687079756 0.037350288050831396969 0.51366247379644114357 0.038864638497727761746 0.85711166302173336096
