1125 14.717824617146108679 14.977075390850430381 15.033177056927090831
-6.2231335455458935968 7.4513573591528121653 1.5624999789192484112 0.87859960776338474897 -0.00048851791180704257425 -0.47755888703720472677 0.011290937170197579142 -0.99969869239491426782 0.021795393132040534467 -0.47742564235259560279 -0.024541511245519509465 -0.87832936319466525799
-3.2679904026194632749 5.1026089513881212056 -3.4001153004564432791 -0.85111354299768726683 0.0004405405492594431649 -0.52498146905383702432 0.42224718673879968467 -0.59363733840804744357 -0.68505621940024963301 -0.31195039704583804596 -0.80473257444440271513 0.5050667613406365497
1.3503622822693626127 -6.7958670628167583416 7.4396159112656086165 0.50663426699360414318 0.0045888571403334358495 0.86214886295689940887 0.35853119564445423695 0.90829816298854415546 -0.21552222359037812027 -0.78407722914109256873 0.41829820642900639172 0.45852972558026772187
-1.3910712136082783452 2.0588251546789861912 5.4289962613834816807 -0.033927959986786923596 0.00066290747881883431425 0.99942406118966164996 -0.99937331000423768046 0.010076910352218564765 -0.033932921019116657479 -0.010093601055672368413 -0.99994900691556720673 0.00032060303011068221057
-6.212566070420024289 0.16777604468989693043 0.51497648184596622745 0.98687804097568265771 0.0087170911659880077893 -0.16123195887195596043 0.055802212881116836085 -0.9554282290636514352 0.28990172842868633385 -0.15151846513762712299 -0.29509474991940609634 -0.94337757196808158522
2.5358978453715392831 5.6489225317097782053 -4.1679412993456486092 0.99464146146928145154 -0.010551274832483437463 -0.10284470684350567604 -0.06050523783623764501 0.74721373234500731986 -0.66182380917391081532 0.083830062153761944477 0.66450004423964481592 0.7425713513763254614
-3.1755126318958573073 -3.9314010326729591505 -1.5029526097218264269 0.42109746877848863722 -0.0014385931869113775979 -0.90701425139741143067 -0.12637090793512709141 0.99015225524890160269 -0.060240393866964378478 0.89816886798424955263 0.1399872918347605244 0.41676881206343724395
-1.0837262374099263518 -3.9841719715531276336 -5.6904437909275991103 -0.84388450867668596267 0.00094405622282648510302 0.53652403932485848159 0.087367261317828556755 -0.98640930332095888566 0.13915332540669117511 0.52936367240809711898 0.16430397158849191497 0.83233305068028407003
-5.50085170453860961 7.1715250655253877099 -1.1691429624176947755 0.82208319028779108795 0.0042385606574244834993 -0.56935161618266982853 -0.44228318851427000924 0.63448685928107262377 -0.63388643033065217303 0.35855935269346672634 0.77292202711734647735 0.52347562559570504082
-6.6530682871355502073 2.9163617868349147599 -1.2181818411961957693 -0.79924670773146533342 -0.0048216561994912435218 -0.60098373672824800806 0.37528247985608914616 0.7770542386302392579 -0.50532145268123918047 0.4694334462875570102 -0.62941517447415584741 -0.61924855885848328896
-4.5055097080884882743 -7.1394871811308604492 -4.6380551149442403869 -0.81339407874013935906 -0.0043543494780309286232 0.58169675288000277646 0.4221443410988595657 -0.69241916132694647512 0.58510670847766976799 0.40023021868513369848 0.72148232457071792556 0.56504780982085656138
6.7560710119694018516 6.821417205932474026 0.075805502491743531612 0.90929153674912899241 0.0026556262107321161256 -0.41615123314218921413 0.21474038261729871957 0.85357420212624146583 0.47465529549119100938 0.35647646383691844463 -0.52096451809492250185 0.77557752779219779615
0.25102277249951987503 3.5795977917552574965 1.4601905332454347963 0.79212504508540149128 -0.0031681569868611458504 -0.61035061704709159258 0.2381613207748183858 0.9223225622837648574 0.30430293522953671959 0.56197606553593848489 -0.38640788537996884067 0.73134933368469290382
-4.5258869532466619034 4.2351318659498735641 -6.9719452769219429911 0.99525285499143523182 0.0046055160877986802553 0.097213907714375047409 -0.09715490923030717374 0.105687556989036327 0.9896418866995506658 -0.0057164887813412482501 -0.99438872153668467213 0.10563329132780416297
-4.2856851143098246837 -2.8386291540012771328 -6.939428337696377902 0.83875121260298468595 -0.0086161581928848457457 -0.54444665962329730213 0.10315171501105080409 -0.97925555859369162182 0.17440835603143953203 -0.53465514777968736748 -0.20244582678163089429 -0.82046301572425650583
0.63306378213749647799 5.4191403514093838822 6.0812264842261356534 0.98131872138993703203 0.0032324037403036192002 0.19236194690129754248 -0.047710763046321533198 -0.96453684106948900379 0.25960039543336371759 0.18637931789530881588 -0.2639284633866866292 -0.94636383916283572937
-2.1211543726441899338 -0.46951950125981467554 -5.861474984780210562 -0.96632266175992431734 0.0067675222224394078127 0.25724446352095331481 0.026840426355982053425 0.99685230376882261183 0.07459943688664501249 -0.25592988274573064134 0.078991677496735204778 -0.96346261474125938218
-3.1166521921144423324 -3.7621467277374742721 5.9994055221210382811 -0.26352978190738796105 0.002273524623139032419 -0.96464858115980545161 -0.86997671268744014572 0.43147501089840639699 0.23868354436777769467 0.41676440998436409258 0.90212202392810425522 -0.11172860204271614637
4.8440453112784913614 -4.8552273098425766662 -3.5497829135360956521 -0.9584835023062238113 -0.013780477148903460052 0.28481480694692179467 0.2497456076777531675 -0.52259767143284419078 0.81518022869710993206 0.13760998238628011081 0.85246804764905814711 0.50434286005170214651
-3.9194986921234442612 6.8177569925540266738 -2.5629073223825922234 0.99988879199547697763 -0.00013476543468737486875 0.014912594677025374501 -0.011579403009209853631 -0.63716508048966713496 0.77064036854449502467 0.0093979289033857618674 -0.77072734611073834277 -0.63709578313602288624
5.1038586237699670178 -3.9057710313100924004 6.5540568939029721918 -0.81123412436732567077 -0.0026430759188911922414 0.58471549458835003765 0.37633428581892852671 0.76298325022883761726 0.5255749853136116867 -0.44751726310741596349 0.64641285106341317412 -0.61796336881800173479
5.3219063276794367212 7.1691065848419608386 -4.7542617204024582023 -0.9175712814637498882 -0.010038930278836974072 0.39744454117714067554 -0.35974311670504727223 -0.4046261792517711342 -0.84075117903425677923 0.16925670862917463477 -0.91442707469922124286 0.36766192574293515838
0.94743129310348073169 -2.5103288937805672276 -4.4929724828337134213 0.99683535766096120767 -0.00401124593406425832 -0.079392566548081591749 0.06189096825540341823 0.66592867779073139367 0.74344367920130005611 0.049887651432349994218 -0.74600462867328509731 0.66406951159694593834
-5.6528426605911219482 5.253624257832343325 -4.4485258584251745617 -0.65388340540139666679 -0.0015282331737806759825 -0.75659378575568425607 0.68689984945332660526 -0.42042242168494975418 -0.59280147112296210921 -0.31718305276553415695 -0.90732720219774287695 0.27595698793544171101
5.328618281767940168 -3.7492594406729686796 -1.4031380786996405785 -0.98708257210078276245 0.0048384210748758094134 0.16013926918890242224 -0.016997278815829346132 0.99074014418094491496 -0.13470359765487818771 -0.1593081553710416487 -0.13568550545225485648 -0.97786008980964378434
0.53036494263321554143 4.608448933797385294 3.4291093684254776441 -0.99923488550963357469 0.00071314131311930916216 0.039104155915695576473 -0.02356138736357422242 0.78706367324191317536 -0.61642163758946200147 -0.031217056330091356997 -0.61687135262742853747 -0.78644467682198537783
-5.3421273200194727693 -6.3410970504493864297 3.2798733810462077365 0.99682941221322507452 0.0079700521432531368227 0.079168183101851072325 -0.077360625773167795982 -0.13567438088855307554 0.98772860440031917673 0.018613342708865991681 -0.99072142433650545179 -0.13462764513228453467
2.1280344698291022709 -7.1671068728850526597 -5.6669439839492090627 -0.97247958700239112151 0.013053507496657457132 0.232622137393593581 -0.13566835089423900929 -0.8434251872828459895 -0.51983463911370364485 0.18941370443866933915 -0.53708803691657214241 0.82198472563182689576
4.4328327730026497733 4.1139965459481793175 -6.1287412691422700206 -0.2803775216279005833 -0.01127128237886025966 -0.95982363148626259619 0.94520287919573142688 0.17100788708215536316 -0.27811475997462287157 0.16727212118533263396 -0.98520518713072102734 -0.037293119002178541643
-6.8559423253959002054 6.3438741972727754614 -1.2992684483169503196 -0.88021918411660171611 0.00080977990211859082054 0.4745666783177557857 0.23944843651530750561 0.86413231530826872806 0.4426508645537801101 -0.40972995272919160437 0.50326403199157976331 -0.76081974208096481149
1.3962481071348451511 6.124871891297107851 -1.1924838271738431583 0.72979537708694885989 0.0059675013655196033555 -0.68363959548132269273 0.53183123121692865709 -0.63330556796474268832 0.56220956865489357668 -0.42959777593081133196 -0.77387883193185424968 -0.46535717938264403726
-2.7467033557238935693 -6.8909975592294383517 0.54969503710597289459 0.98900381462764430651 -0.0011306864048407922873 -0.14788568625938397494 -0.14708912978517471593 -0.11144723150881542806 -0.98282465500623150678 -0.01537018383758387112 0.99376970981075574141 -0.11038804877124383519
5.1683494684713853218 7.2634091502066473467 7.1110473146801744804 0.95066153401207609264 0.0034369557529033869896 -0.31021095255493158493 0.25717159715474796622 -0.56798842078131861477 0.78182601867374434956 -0.17350912761816128516 -0.82302936836640083751 -0.54084863080135880953
5.7872910252554179422 -2.9234499385982837261 -0.39445399707492445618 0.80188356982741815226 -0.016096131353579970491 0.59726347200913787461 0.42808551204190192774 -0.68187156677312332764 -0.5931222140556152711 0.41680395250142482366 0.73129479758976456694 -0.53989108549542474957
2.662618715714562434 -1.1934984903774485954 -1.8519043156260777128 0.9769136671591461818 0.0057034080019300898573 -0.21355832471462224409 -0.0254495232517827491 -0.98941829287421478867 -0.14284174282100062237 -0.21211319780718856931 0.14497900835309529555 -0.96643110383153718601
-4.1643460278624644388 5.6915145427613129669 -6.0139192522550777298 -0.84255975152568385322 0.0099363098466463111585 -0.53851122073303903104 0.53795458118401495717 0.06456667334255107582 -0.84049747963723075994 0.026418434697384841903 -0.99786392581353733355 -0.059746563650387336797
1.3920893510569021245 -4.3760129369927636134 -5.0896996730734453962 0.66483245453838690775 0.00024270418729573084438 -0.74699246882893788335 -0.74638869740985813728 0.040415231004648104196 -0.66428195932259748169 0.03002864917342457779 0.99918294130625406879 0.027050508891776375853
0.33084234455459032853 7.2649819164174154196 -6.5213627173277464166 -0.96898937565392972981 0.0022511648454000780101 -0.24709213287067272047 0.20581649113471106594 0.56072342773974170882 -0.80201546715810034804 0.13674487868562965054 -0.82800010256079081827 -0.54379837100948791306
-2.3918887044470817926 7.0085598234790476013 -4.9577654264273673945 -0.99396714269659969254 0.0051527702391699018586 0.10955714581178131739 -0.014065893892138289778 -0.99663597545202275985 -0.080739600345198295206 0.1087725602740559766 -0.081793529045599208671 0.99069589114800515883
-6.183730155076835544 -0.018640270783898640894 -1.6639180483988835757 -0.836316650577472398 0.011408317434551340508 0.54812800536039207877 -0.39562720189276373572 0.67957862726785800422 -0.61777990132668714196 -0.37954390666893894624 -0.73351396691141312889 -0.56382948065571225627
-2.3729408577680501935 -0.81759707278512527839 6.5395819139482620486 0.9845054149894314488 -0.0089827449994000444639 -0.17512395081429985022 -0.026673699194490488318 0.97939395286357899817 -0.20018990700179739584 0.17331359331518061961 0.20175925105526304471 0.96397904696406200298
-5.9475968808990087311 -6.1204643630595123582 -2.4950799330629074291 0.986192961247785993 -0.00033678396776562176743 0.16559990870125082529 0.08780754500091379755 0.84891055986798824584 -0.52119161196771912614 -0.14040398223066527517 0.52853642061938632679 0.8372191910441784124
4.3847873399289500895 -1.9202693761829345842 -0.52314296989632347312 -0.99700327050733172918 0.0016344178943299147999 0.077342144241632410084 -0.024919663030788533065 0.93969927479552772809 -0.34109277820428279826 -0.073235844995289567372 -0.34199795558873147261 -0.93684252112138821644
4.3283686499714004725 3.8261571333935133765 3.4274503506166520417 -0.53230193630281097406 0.013072599676705397298 -0.84645363472904744384 -0.70134560176643578888 -0.5667756593160440115 0.43229584648679808545 -0.47409808636095995826 0.82376844995697262597 0.31086419119013480872
2.8809960780606926889 -5.2939816241739743319 1.1148633924104822679 0.99737071425115486623 0.0091714799324224306754 0.071885619632502645304 -0.067676443762270707682 -0.23684198340259093873 0.96918820352785095551 0.025914422891257296588 -0.9715048938907754339 -0.23559856500510997779
-3.7295163297362030619 -2.1224880442575217998 -4.236213141952389627 0.91020814071710642867 -0.011092374209796970058 0.41400253599079522848 0.089365368729525385127 0.98135217829344134621 -0.17018147087907495307 -0.40439457395492389713 0.19189804947712660321 0.89422601570449122832
1.7773592062073393372 -3.2134669613325899107 0.84322480474470007383 -0.28041947872260625241 -0.0046187749227210566499 0.95986644012127431136 -0.92964137193985096896 -0.24770399497769146624 -0.27278132349901029752 0.23902266739943078822 -0.96882475081427332775 0.065167220893300417672
-0.51653395844538341208 5.1800088447472507625 -2.0228916705263992881 -0.94468906667772156727 -0.0037259602269838565727 -0.32794616100812856718 -0.037525262133151666977 0.99459659588858206902 0.096796002751154588961 0.3258134773170796028 0.10374839115450035232 -0.93972434752504929723
-3.5943992351412967778 -2.4661205332786155786 0.43738563675602926129 0.94671972481536681432 -0.0056828697525474151236 -0.32200849000744186101 -0.31998984870077873399 -0.12974390270802774183 -0.9384950806682976765 -0.036445292891863725893 0.9915312525086928952 -0.12464957250055569427
6.5235195922696798121 0.13649280553073267486 4.0998820661083401617 0.94002016541334132427 -0.00076457682939401212102 0.34111802068873736671 0.33597819395835887279 0.17502857238648583671 -0.92546401984781234695 -0.058997811830427640545 0.98456305753899697741 0.16478726870913257274
2.9580263085519162836 -3.9499196303839148037 6.15794919644759986 -0.84196549947438570349 -0.0076130724155935858288 -0.53947765368275202302 0.2648820706042769868 0.86526915887897037916 -0.42561340599809227569 0.47003360131704902125 -0.50124976191646675172 -0.72651021315025199332
-3.0144191339001493724 -4.0781612965403208904 -6.4543174112113446128 -0.86630863565814431038 0.0023590947547125302661 -0.49950353597974050945 0.29697421193799128369 -0.80163040466841384291 -0.51884006375289759561 -0.40164121455363366309 -0.59781529671232713774 0.69375875186460556066
-4.8741739804255406199 -4.8313243262592902028 -4.3003194443626648891 -0.99998330215394104492 0.0022143651720857612623 -0.005337789828825871552 0.0056830264009019434632 0.20928820837754816275 -0.97783748600935993522 -0.0010481528030208300643 -0.97785149303000462595 -0.20929729801101959463
-5.3309280806073315873 -1.4777415174105843487 1.5750257258190014653 -0.9665933791553946719 -0.00053206834992015200614 -0.25631417494174962846 0.1832451062533105024 -0.70063692019617385132 -0.68958620715065677143 -0.17921626713850832835 -0.71351778041021240995 0.6773285071746711905
-4.0062547454632131405 -1.558242724341269092 0.045495956708135512625 -0.85856913398385481528 -0.0044596291242044259345 0.51267841175378159324 -0.26185012561785769858 0.86352287115622705649 -0.4310020448955350636 -0.44078742482536320546 -0.50428995895048633891 -0.7425618381101474208
-0.52018898391239754009 -1.2106514560175516415 -2.1285977631062014126 -0.58418507051237622552 -0.0025257765457567015258 0.81161654975930030975 -0.62642080273796685308 -0.63444100896864175088 -0.45285934244075110033 0.51606664423064307901 -0.77296715751167466291 0.36904876658899765651
-2.8270012747051773694 -6.1326417665598791373 3.2150554403229305578 0.93371274701196727008 -0.0018048433813826916892 -0.35801850316386590878 -0.02214092954365252594 -0.99836434726975376019 -0.052710618849231345717 -0.35733777481016348876 0.057143439176302594784 -0.93222547811826939057
-6.8767462681995086271 -6.830751409226389903 -7.3963449312871469843 -0.94534322714289753531 0.012339728399879946324 0.32584338875927137957 0.029138802560276427789 -0.99208891835327361886 0.12210859210582587775 0.32477240196859613608 0.12492921669382152372 0.93750497477920469169
-3.4154322753188295358 2.4485122413009312581 -6.2018445287129440047 0.99999946648547199946 0.0010323689234586451435 -3.5258536776938687041e-05 0.00084601263578520415065 -0.79894661068218164601 0.60140136144017664055 0.00059269838763068363741 -0.60140107041300394641 -0.79894705782981834119
-0.6525324760519446432 1.035940287838749807 -1.1889431957515490534 0.98479725476438539911 -0.0041553173146694540735 -0.17365799822194244451 0.0021270286065152637853 -0.99935043413295077119 0.03597479044342427601 -0.17369468258337641964 -0.035797250399404387244 -0.98414872560299893056
-0.19113227588138659296 -3.0876033595221281658 -6.259491972477787769 0.89203493585765170071 0.00052953844837458460999 -0.45196614120793748848 0.10000458717478495629 0.97498168235071380749 0.19851902081281844192 0.44076383217474929266 -0.22228458936575393179 0.86966476620424115751
4.6974713327458985646 0.5686756620361286263 7.1030706455827834489 -0.95556414000444378498 0.00047620660450809794428 -0.29478288207553010603 0.22588090450227746309 -0.64134581771967191788 -0.73324849749227660745 -0.18940694633175206296 -0.76725179395081610778 0.61273949877622790883
0.35306860825726088526 -3.897127924138132915 4.8106133940190920484 0.95103478919219686105 0.0086311030879005108674 0.30896332113326852031 0.24367732517687792915 -0.63587873923100390883 -0.73231112936290343463 0.19014255426087980916 0.77174071620823048168 -0.60684600683007727806
-5.0512992561378844414 3.6204588281325262855 -5.9081828051563656246 -0.93465704776279556754 -0.014590755134187819234 0.35525105620114888483 0.1914617919104767696 0.82126537930568743739 0.53746214656692359313 -0.29959737199418928766 0.57035978699287337434 -0.7648079027282382869
0.15857978307114742322 3.4485868345848516014 7.4544187923226026271 -0.22780548623807350683 0.0024123338104533615517 -0.97370367211254893469 -0.83173560707396521074 0.51946868417180591671 0.19587793671094821946 0.50628108829504614441 0.85448608345035903522 -0.11633139225684961671
-7.1216866596157926139 -3.0191262505980951403 7.1302377122581885871 0.98045629292374592012 0.0050746809324058025567 -0.19667156703444599319 0.17088560411209502421 0.47338364849659125833 0.86412153754177278842 0.097486245048140907077 -0.88084173887803529635 0.46326478721881403366
3.6021502862889804852 -3.1435798761866293738 7.3459911861140287925 0.81775875461282232504 -0.013107934805284552487 0.57541185363122959728 0.57311529702813146514 -0.073523312386485961678 -0.81616982230904555617 0.053004486286275874496 0.99720735285135042592 -0.052611974422836181586
-2.441188912424806734 5.2385887854521735463 -1.289598325717402405 0.91507426823948956329 0.0012783050613704924348 0.4032833365540841597 0.20495352130325783513 -0.86270313190876868337 -0.46231738048688975073 0.34732281484439120334 0.5057090785530955479 -0.78969943026290045918
1.3969045913129440883 4.8774922834871388133 -2.2014250610976486833 0.93538175582552429699 -0.010607578833752887362 0.35348048056437336717 -0.33556441911599715899 0.28884749563047845689 0.89664019812371720253 -0.11161313315237826604 -0.95731635499399680977 0.26662315159909832918
5.7010840607006540992 6.4829060030714025231 -5.9391012340538207326 0.95562524778233526312 0.0019482297412658066554 0.2945786655577363744 0.28796153500280219362 0.20468065780464517189 -0.93551268440333967824 -0.062117148676664797613 0.97882686554951880975 0.19503698910395861343
6.0231582351613024429 -3.6386485843325635514 -4.8291556080537958451 0.98569779962578796262 -0.00077506366757768571998 0.16852076159673762268 -0.096722287730451828036 -0.82148869145123681879 0.56196185713445578891 0.13800234370843164622 -0.5702242796427269278 -0.80981456151199637805
-1.73916345654126836 -4.790963079594068752 -6.559507247028875554 0.94431226182782568301 0.0067269914054986276047 0.32898191401382981258 0.013947984919349089988 -0.99971071448642578883 -0.01959441394269310216 0.32875493285773754737 0.023091880124858212703 -0.94413291394490239661
-1.4604066237077852897 -1.3678853221429321252 -2.4914935203451538115 -0.51120107521678015416 -0.0065841764448447796798 0.85943592507971500183 -0.30099668016286024175 -0.9352701183179972233 -0.18620097827966908266 0.80503071943132131771 -0.35387350056469696336 0.47612927485080847045
-1.6792024471184370249 -2.0938238864089808722 0.5203969790844579224 0.9555054741826394249 -0.010708575599494556119 -0.29477892600322963546 0.23489528998745706767 0.63209066774666955446 0.73843455396484403153 0.17841942592858572869 -0.77482043994471272441 0.60648148718249528244
-2.9557063232910776307 6.6376561230881439002 -5.9077613599005216471 0.99343581547625137151 -0.0046112354145493063273 -0.11429793102688680373 -0.030233954407976132428 -0.97424001591032194369 -0.22347773804120776853 -0.11032310968209566027 0.22546646736728157001 -0.96798434055678417298
-6.1001345147304997241 1.9719926389492832275 -4.0769333728727543686 -0.70464968657829074594 0.0091419961503675685466 0.709496471528510253 0.69972694417639447195 0.17480422225591343843 0.69269451237522505771 -0.1176903683333182099 0.98456076896644184604 -0.12957264145520219767
4.193842368367631579 -2.9693732099261631596 -2.3641464277977695119 -0.7570380671019908414 -0.0068382303190940504911 -0.65333498571913051212 -0.44600667110547997929 0.73613819369256838776 0.50909587418933355263 0.47746352142116776918 0.6767967186631403953 -0.56033453161381596708
-4.1001397894279696388 6.7560607390636260305 6.8815786685410893497 0.97083223398724005637 -0.0038677483707304097585 0.23972862568737710043 0.11133192981165254687 0.89280998500239538984 -0.43645793850531539038 -0.21234400122400309829 0.45041688600954959965 0.86719931615617018572
2.1517493128759430654 0.99862173992921576815 -5.7957905337904787046 0.57692457654486428709 -0.0015227027057222333826 -0.81679600534960794533 -0.49336783163990510781 0.79631269908418989001 -0.34996323804112816624 0.65095792159057253023 0.60488326696455907427 0.4586611141842249495
-1.7695326037676988307 2.6255425711681117384 1.8410067306679944732 0.97058775901536864517 0.0054046545463424973399 -0.24068691646766302017 -0.2404393782272843394 -0.028810712051084336888 -0.97023649089735153339 -0.01217815450638400597 0.99957027395794351143 -0.02666383266663805221
5.8294063987297048968 -1.8230584854285545315 2.8649182955806642426 -0.90087843874391793086 -0.0035479709877709159592 0.43405696689268752353 0.33930307258717190555 -0.62942027126452937402 0.69907334883702387796 0.27072396188584985088 0.77705696961238202025 0.56823498874814992732
3.1711321233444573764 -0.73672257276154207162 -5.1267940895641732624 0.99162456978531743346 0.003863521628879284988 -0.12909603324166174509 -0.12825319860418868401 0.14729400981589482744 -0.98074236765838163077 0.015225953037742217741 0.98908520758976381515 0.1465558681224415627
2.7057887135863833983 7.4718445993074835698 -4.3546231562510353541 -0.99730793179873100662 0.0054140998851837226699 0.073127126936359296283 -0.027159511305184656088 -0.95361577146652531933 -0.2997988014586479566 0.068112040911966625911 -0.30097781966916176133 0.95119561707886080004
0.8304945713139909591 1.9579024465752445927 5.3677548190755643986 -0.21551177960901587993 0.0075410488942614034916 -0.97647212219872692174 0.38195853302968929555 0.92095045416827259199 -0.077187693404230539596 0.89870036825161758731 -0.38960671650889222573 -0.20135603928270218166
5.8047978123511576598 4.1194249466134831295 -5.8228946398981813459 -0.56489759970794728439 -0.0013541789344818817853 0.8251599045297538515 0.82310536834151892815 0.069617406014006913417 0.56360533122671030437 -0.058208714567068622903 0.9975728459512652746 -0.038212073604553753459
3.4460250098872111657 0.45479659253440896105 0.50289084823860996654 0.94382367537854716666 0.0044031483821615497593 0.33042015991640794059 0.22952814655535289101 -0.72807369829234913627 -0.64592996508430788882 0.2377261023399316886 0.68548472057322806794 -0.68818384035599255988
-6.2327453964886823101 -5.8303243117162715237 -6.8249526654697492134 -0.97899908126941781461 -0.018403002094047049564 0.2030323333552317977 -0.18212865252749474432 -0.3685146654336842742 -0.91160632692455967341 0.09159668554195175838 -0.92943976183191434615 0.35742380492002140402
7.1246457907720532887 5.4138973822205818109 -5.2875460409748757939 0.70259546117403126608 -0.0059838173692641459522 0.71156434134046220308 0.21282399513247202139 0.9559605412654689216 -0.20210242610942447117 -0.67901808888534964659 0.29343421319463064423 0.67292703727331548702
2.2252797328901809948 -5.8086006052517733522 -6.2903220985672954058 -0.99102890923888375951 0.0033694964959007419475 -0.13360519281134033975 -0.042208561883022611971 0.94062669452858171937 0.33680834141075627342 0.12680748541211450675 0.33942608625960735136 -0.93204602547833459436
1.829746550661691451 -2.8269300662628640275 -5.7752537789770350685 0.99643041781326668893 -1.0695575725755065988e-05 0.084418139888222831768 -0.042602103946515854083 -0.86338434342452041736 0.50274500123674892293 0.072879923133253463052 -0.50454680200640478205 -0.86030287770605251563
0.30313012230035224492 -3.8788011897270129325 -7.2110686521808338156 0.9888337430472989853 -0.012517225819107705154 0.14849628840122972018 -0.14538615674159532931 -0.29982788243562741304 0.9428499914313915875 0.03272146144464619516 -0.95391119082016295749 -0.29829975861367363787
-2.9261088094790039804 3.6475252442379293427 -2.7956162828161708056 0.8089163744207221729 0.00035952763877777817875 0.58792360892706774234 0.25938038828837378658 0.89720006057748624695 -0.35742672741582959262 -0.52761360233165677247 0.44162418642972783855 0.72566656571388810093
-2.9021810085392134582 -0.46651407908682546166 0.26613833457136953919 0.6572729493691137348 0.0028281250962770682587 -0.75364731256466943599 0.0088486474027222594696 -0.99995299019725059075 0.0039646985797345945385 -0.75360067108960770987 -0.0092746484637458142392 -0.65726707617917534687
6.8052507657177558897 4.5316611285986425628 -4.3412900757799537388 -0.98365275116543737788 0.0025512549635747167401 -0.18005764694288647898 -0.18007559217273497176 -0.012742203522991702586 0.98357024017248217973 0.00021500727408850506261 0.99991556010861315507 0.012993322299676590692
4.2245428460357059564 0.91362364598926748549 -0.42991565916927371171 -0.96825076129631992838 -0.0010743936700966447151 -0.24997861694028711277 -0.11800087195032579745 0.88353362274138869115 0.45325945296747077728 0.22037753394593201373 0.46836650516840866443 -0.85560888224018294412
-1.8375804442362182467 -6.80292700856346233 -4.9982392999760891783 -0.99432516289019989841 0.0024600217663683738786 0.10635515378388117613 -0.10208233669619100337 0.25933722579439988376 -0.96037669684978677065 -0.029944398109397012825 -0.96578369814892095491 -0.25761440451121603301
1.6943253965391851246 -7.1601020305033138413 -0.16375076684866085586 0.98746483912877913713 -0.0006669257885347328052 0.15783772265979029159 0.15262898972034685818 -0.25077431838863678548 -0.95593756738268365059 0.040219186731925454792 0.96804534834204858385 -0.24752902975593904511
-0.20646130457785316636 -5.3901195188529937852 -0.035299128429837518806 -0.93570319875659691 0.013127435861897946909 -0.35254388984137052798 -0.35241709074250204825 0.011043550691777089673 0.93577787649679289306 0.016177700373204546846 0.99985284438055344047 -0.0057071529526138498403
-5.9052928758868654668 0.66354716538905544887 -0.55081813228437259689 0.99940829552545262793 -0.0094898291489423601541 0.033060580418437235384 0.03439431619684405611 0.26735208523134418312 -0.96298488749080934923 0.00029974694148675101388 0.96355218108055151749 0.26752028799063209963
5.7652667475015118015 -6.5127595015569799131 6.1474592749832561722 -0.97681055287305884605 0.01521002636370292864 -0.21356450757047779065 0.21342240193859401964 -0.010441419206494448671 -0.97690422003165533482 -0.017088655492691690735 -0.99982980144769639796 0.0069531281078128743395
-1.2458963642742011402 2.8512667445865420568 7.1647083727093408001 0.3818261418034489818 0.001145532338364167518 -0.92423345816472013414 -0.92379856580646624309 -0.030225499986575553313 -0.38168393857287447046 -0.028372649672004361665 0.99954244877662690172 -0.010482644912725238434
6.6327435864110180219 -1.3664861483687467114 1.5111523799980175475 0.99986411158143906341 -0.0050103952908410517159 0.015705231944992827098 0.015254796356316492958 0.64234861394270859059 -0.76626075806737081741 -0.0062489646777237626077 0.76639621221978515564 0.64233775876522658521
-6.2412734129612861267 7.4312792272108456615 -1.9147191810274619694 0.80725038623948863759 -0.0096246390927316460839 -0.59013064675422932659 -0.27105659938749604443 0.8821406456014916353 -0.38517035361820162187 0.52428535535977038862 0.47088772302984033269 0.70949955493653493743
6.3950861445679683115 5.8466297678523009296 1.9716835426156056332 0.98057889386311136715 -0.001839856686680662809 -0.1961164139932173589 -0.023380004974284763347 -0.99392200323547652552 -0.10757521485809842798 -0.19472649608512737629 0.11007118792735585966 -0.97466195437729929996
-6.8706411300365859418 -3.3097992323581180152 3.183221321050638597 0.99967241581538257567 -0.0052411378540611393978 0.02505177701893141623 -0.025511609587977317204 -0.1255000741300694167 0.99176554143077799708 -0.0020539800486239433684 -0.9920797658794558993 -0.12559267215336547552
-0.46116391359124764282 -2.2132676579242493986 -2.1942408140697180485 0.90711381980719474338 -0.002184497361851057886 -0.42087972852825700221 -0.41584052450899416931 -0.159016063981333583 -0.89542757918886395352 -0.064970578655598368312 0.98727357878518040568 -0.14515407173749650394
6.3211999158969671697 5.5319979128304348492 2.8918859336409394878 -0.99935390490403208652 0.0046473209236759628962 0.035639516849036059765 0.022348588062248361807 -0.6962442521037809362 0.71745695482313143199 0.028148061471922513482 0.71778990228383476868 0.6956905510460678066
-0.159567823952133786 -3.2891560672619326589 1.0684850791605577935 0.9999512809911842437 -0.0044949588331463005003 0.0087881163499987022258 0.00045119702515609289017 0.91018432023564221911 0.41420321053604441941 -0.0098606320860679975981 -0.41417906579432267611 0.91014200506977727123
-2.5514170597095313653 -4.7497675112132871078 4.5252871739208728741 0.99328136364403873948 -0.00077213904883345250117 -0.11572180623677046085 -0.048913085739711828492 -0.90906523913752557142 -0.41377276497517628817 -0.10487918135088375449 0.41665308686364549429 -0.9029953280754619005
-1.1215551254247839719 3.0535598831927424079 -1.6254948941108280369 -0.97915232756209102938 0.00075274284371465655444 0.20312595306361136416 0.20299499098174450529 0.039719750432380823701 0.97837384217997058755 -0.00733164825383380344 0.9992105758066186505 -0.039044489112872830805
6.0649772127993886173 -2.5537833138515684261 6.3780276339332155899 -0.99943432194992876116 -0.0057736509677036159868 0.033131571995283104481 -0.0068419672071205637695 -0.92964382244402332667 -0.36839591593324039209 0.032927550669823689444 -0.36841420757903031724 0.9290784402088666516
1.9374049940472235498 -3.0373407732326462849 -7.4584710151789028743 0.93510919100740264032 -0.0070335599614192454224 0.3542898953228155734 -0.17017415533714091991 -0.88588319333894360863 0.43156891062127017422 0.31082399802593468907 -0.46385503855602028267 -0.82959444637569546011
-4.4284327030973509309 -4.4693485685505081051 6.622151322724210587 -0.84726695277258179395 0.010190280556855314809 -0.53106955186825233195 0.36873962918740726957 0.73092774288333661747 -0.57426102127006528608 0.38232158794150589154 -0.68237877521617273935 -0.62304848168360527083
1.794869458483957958 6.7839946479604664731 1.585786627042971686 0.95539502345365834302 -0.0067879040961321517045 0.29525289756051725787 0.15918753808850077958 -0.83023807397876958625 -0.53419478491788718877 0.24875625997604614015 0.55736762094162750625 -0.79212477441931294919
-4.6578119541742859511 -5.7003859868256334664 5.1989276072893986225 0.99400125143257711535 -0.011633234303212607041 0.10874824141250732934 -0.057260565954679529255 0.79180324481233721468 0.60808621846838750713 -0.093181219874051673946 -0.61066544798631361424 0.78638729065170576149
-3.1535433798158778451 -0.69575202162183835686 2.0038976244900932322 -0.99977754558073839153 -0.011451250824569235431 0.017712374402543969859 0.01700061149489492246 0.059519994513074367393 0.99808233601337059682 -0.012483531600504931339 0.99816142938296748 -0.059312075760880489383
-4.9040010940908791426 -5.8328889730074910958 2.3439672887932694323 -0.8654910142421963215 0.0048488042578119540382 -0.50090098159549789614 0.50090139224575824795 -0.0012168834690874912735 -0.86550350342491366717 -0.0048061951967981204198 -0.99998750406783265543 -0.0013755710955666534609
-2.0786545812485761608 -3.6184276576703946482 -6.990609668640984431 0.94468944639468355184 0.0090684564916491423175 0.32784083480752890249 -0.27967171015667380285 0.54440176013405128241 0.79082896893133403093 -0.17130552941599275218 -0.83877558778248173521 0.51682678813288929209
-1.7994685685858899937 -0.79509342615189404491 -3.8884957508395938675 -0.9688887930574090479 -0.0070581453928011371468 0.24739581498359713985 0.059277265818514779383 0.96388180794541944429 0.25964989133247307063 -0.24029297210868907908 0.26623681731774195836 -0.93347589398953678685
3.2044832811803525274 2.0065676616663039589 -3.6541330272440135651 -0.98704783513500093939 -0.0037594085633781120642 -0.16038216235767446816 -0.14307751397950033145 -0.431560936468947276 0.89066491067486108779 -0.07256304947222280699 0.9020759529891954065 0.4254334012392668174
4.8939236843074711558 6.1434183734562379797 -2.1091730180051975196 -0.29085364348427228398 -0.00098554866708326855154 0.95676704937295942166 0.84352960893530504194 0.47164829397221619267 0.25691571700163107206 -0.45151074950804825914 0.88178620735800217201 -0.13634928526326126064
6.9392576735661162246 5.9365833074868481489 -6.779968713788441903 0.99716266925095364826 -0.0027577012320214224633 -0.075226365963349750565 0.071669512332935753074 -0.27086896483150263437 0.95994452177872247045 -0.023023728066953429161 -0.96261227863300813379 -0.26990277688621155949
4.9181510862419726138 -3.4921884027252811933 -6.2363402305884951815 -0.99647587739971710263 -0.0066638215578069216402 -0.083614707095837279005 -0.082110245249719548966 0.28117283639507267834 0.956137931314594125 0.017138651799539370013 0.95963400812796539885 -0.28072911687026425032
2.8101492297289567546 0.55266685818786198681 4.3904019424693121465 0.98713802633091063399 0.00055441815612920211306 0.15986935163446547303 0.12083431974463221259 -0.6573547207004252213 -0.74383051721804760437 0.10467847984834997843 0.75358109304409182094 -0.64896683433222823734
-6.6610212596750724146 4.0392379027687717041 -2.2063242019917428394 -0.92269150917432229964 -0.0035455167736408704088 0.38552277261964879029 -0.35061489503551229729 -0.40815628777199708388 -0.84289835693952863682 0.16034205398696835254 -0.91290518350095162248 0.37535923015187605545
6.5266126145886129706 5.2678938542587827598 5.7708366414175049641 -0.88579816686687951055 -8.7453554559202518678e-05 0.46407068419290459227 0.078226432128906259189 0.98566225315169075927 0.14950099674714101283 -0.45743003059680292788 0.16873030274337261214 -0.87309097581206340788
-3.1770036858647254796 5.7098975072723110458 6.7851539373318843218 0.93079270967362581768 0.0038553254387799920991 0.36552710991694803422 -0.35772143408087792027 -0.19619654894603830164 0.91298537216141051331 0.075235013242459430893 -0.98055701040152487558 -0.18123918487726464743
0.32185380264563401287 4.4535553514157735222 2.26120905866769073 0.90042618133234741951 -0.011115102696064509818 -0.43486681462641879614 -0.27605742523400683686 0.75798649332311951454 -0.5909727353378838588 0.33619189452515613192 0.65217553651740745035 0.67944247705300597762
2.7834614420105179278 -6.4217845120469023712 -3.8541485145499567722 -0.97450633343036696665 -0.0045467121428629086316 -0.22431391734112068881 0.039975541270133384264 0.9802778517351370402 -0.19353885784942786996 0.22076993048052426238 -0.1975719129992258849 -0.9551052177584075098
6.0075938903364107802 -7.4336810632890744088 -5.921609694804131685 0.98947585152779193862 0.0072251882265098755359 0.14451759719300105722 0.076888995732083825763 0.8198259371749981872 -0.56742710110681338076 -0.12257904216735554526 0.57256722696128892203 0.81064242982406431448
-5.0862919665687948978 0.93772947638750525634 -1.9716454154169158475 0.95043940267395132793 -0.012841371776736098045 -0.31064455735679968873 0.29674818846607486922 0.33558103093311308918 0.89405026945910692771 0.092765588914308222401 -0.94192381371781297439 0.32276008840098341368
7.0379650879506465699 -1.4112867187442386108 -1.975121003714572776 -0.90198675181874810036 0.0061325243517453484343 0.43172015436914440434 -0.04047625141429549156 0.99429467642233537727 -0.098690270592517809201 -0.42986227168121116105 -0.10649173011677036393 -0.89659240393941330716
-3.3155935254728206019 -6.3540766635693257669 -5.8196764533681193399 -0.99916613731300418788 0.016176552685769292339 -0.037487987278497204857 0.036620935470332918737 0.76105675375262227256 -0.64765077368354684317 0.018053729040413787899 -0.64848356703218834607 -0.76101453741496150052
-4.6302167109609237983 5.1271154211957599145 -2.7575271653266875127 -0.98171467516861543601 0.0013816981726927186295 -0.19035332271554653016 0.030012831989526936316 -0.98634318635414375276 -0.16194551135727716651 -0.18797746267744663839 -0.16469732737044995297 0.96826611212126800776
7.0671766573371481712 -6.4395284360346023433 -4.9956250341574568452 -0.90805356652605728751 0.0021872404461746128984 -0.41884834522607472529 0.35815663453250534687 0.52253223855497721306 -0.77374665415177645844 0.21716939346899430396 -0.85261672259575038701 -0.47527063752184206535
-4.2743987994373622286 -6.3567138428856981847 6.0487252207916917257 0.99887939744807896503 0.0092189026234770175827 -0.046421559519275845673 0.04372695179627419243 0.19551475455767250433 0.97972543829226932388 0.018108093228928364565 -0.9806574287612537244 0.19489254571413411332
-0.65463668036705902065 -0.18377020467807633763 2.2233908814305523016 0.99930716848104195194 0.0022992338985816707965 -0.03714695877147074915 -0.027086488562391430879 0.72943159055323325557 -0.68351728349797480355 0.025524599112408431767 0.68404990185404468406 0.72898849552902933446
1.7798429044752128725 0.24373100590430132883 6.7582927512907442491 -0.94283578064549877773 0.00091333841178640410435 0.33325644261962023007 0.15634768074352478617 0.88432771310798163888 0.4399089662138323531 -0.29430612202374811792 0.4668657854695500431 -0.83391860807699313973
-6.9144140967640668194 5.8795946644997707509 3.6351089646144085776 -0.99166817219780545312 0.0044547110619690879346 0.12874156981781920139 -0.12046129330853974637 0.32204217952510283407 -0.93903030378208907081 -0.045643324421388964396 -0.94671484099280134306 -0.3188223592844320331
-5.0961061268950738068 4.2219018432997499346 -0.3927494029281489718 0.92179392612422295095 -0.0065341316950238538877 -0.38762515770207256471 -0.31146750572596582085 0.58285489978337878814 -0.75051193106795066612 0.23083316624224961555 0.81254998056826377439 0.53523693673092742618
-7.1997510788506620116 -3.4795792164994026052 -3.2438389774243145958 0.52128526071463021641 0.0071424851517498805231 0.85335260113722810615 0.38848553965711807301 0.8883564071220265701 -0.2447486044959775453 -0.75982936402799905462 0.45909898587479519572 0.46031234909544638256
